0.125 0.125 0.125 0.125 0.125 0.125 0.125 0.125
0.06578947368421052 0.10964912280701754 0.05921052631578946 0.09868421052631579 0.13157894736842105 0.21929824561403508 0.11842105263157893 0.19736842105263158
0.08769198837691987 0.1551473640514736 0.07644942576449425 0.13525667635256675 0.10523038605230385 0.18617683686176836 0.0917393109173931 0.1623080116230801
0.09848805527924762 0.07755934353240751 0.19697611055849523 0.15511868706481502 0.08586138152549792 0.07904198308588142 0.17172276305099585 0.13523167590265928
0.09312225332508842 0.15520375554181404 0.09894859523582439 0.13968337998763264 0.11640281665636053 0.20806663626997599 0.10476253499072448 0.08381002799257958
0.07228837851850776 0.1278948235327445 0.09036047314813471 0.15986852941593063 0.09583920406851065 0.15347378823929342 0.10843256777776165 0.19184223529911676
0.13102584660942432 0.10318285420492164 0.17038480776648793 0.12381942504590597 0.11422766114667761 0.11234107206695894 0.1370731933760131 0.10794513978361032
0.07117354436848854 0.12592242465194126 0.08896693046061067 0.1574030308149266 0.09430418890413086 0.16658592726925733 0.10676031655273283 0.18888363697791188
0.09508968120504216 0.0748831239489707 0.21789947961190476 0.1497662478979414 0.08289869643516495 0.08309993114526115 0.1657973928703299 0.13056544688538482
0.07119610347963633 0.11866017246606057 0.1250123494742967 0.14239220695927265 0.08899512934954541 0.1689596243526429 0.10679415521945451 0.17799025869909083
0.06009404162557249 0.10015673604262083 0.06849933162926365 0.09014106243835875 0.12018808325114498 0.2724693452102912 0.1081692749260305 0.1802821248767175
0.05934244683576961 0.1049904828632847 0.05173444083118377 0.09153016454747898 0.1421520461033035 0.26372120806165406 0.10346888166236753 0.18306032909495795
0.0922395792283567 0.07445845552168553 0.1844791584567134 0.14891691104337107 0.10296344953915804 0.09688598366063926 0.16603124261104205 0.13402521993903396
0.09105796712512279 0.0717081491110342 0.25371631800540945 0.1434162982220684 0.07938386877574806 0.07692006788731787 0.15876773755149612 0.12502959332180322
0.06979241802470167 0.11632069670783612 0.13533831470795799 0.13958483604940333 0.08724052253087708 0.17255353988041713 0.1046886270370525 0.17448104506175416
0.08543403662195184 0.1423900610365864 0.10224995901078371 0.12815105493292775 0.11593937422089275 0.25283159001740496 0.09611329119969582 0.07689063295975665
0.05698153537584714 0.10081348566496033 0.054600569324034016 0.08788867981047824 0.13639851625979119 0.2881874332886093 0.09935242065532322 0.17577735962095647
0.09060009456569319 0.07313501609519812 0.19092692272382594 0.14627003219039625 0.10586025545169116 0.09848447978359103 0.16308017021824775 0.13164302897135663
0.08849858578175424 0.06969263630313147 0.2598816774254501 0.13938527260626293 0.09128751377981022 0.07543372175045703 0.1543052264912638 0.12151536586187026
0.06769154855789246 0.11976197052550205 0.12214509432826401 0.14970246315687757 0.09730172206307325 0.16221692274329896 0.1015373228368387 0.17964295578825307
0.08276166260162841 0.13793610433604736 0.13058379313877025 0.16552332520325683 0.0842837138627962 0.16802758313808627 0.0865814316447805 0.14430238607463416
0.1089858900581843 0.07927480717564919 0.16195161416067688 0.09512976861077903 0.1443820714338272 0.1403640050818875 0.15099963271552228 0.11891221076347379
0.07882882188244411 0.1394663771766319 0.08801569648018852 0.12158607241039705 0.12466025070500125 0.21907241925276533 0.08246707520009539 0.14590328689247647
0.08887962770020318 0.0717462054929351 0.205077307499169 0.1434924109858702 0.10210240173473022 0.09957554683944338 0.1599833298603657 0.12914316988728317
0.09408896565920812 0.06797760853647924 0.26629384951044616 0.1359552170729585 0.09255785320387834 0.07409343096260393 0.15050801401646194 0.11852506103796379
0.07965062512966922 0.1409203367678763 0.11047520099811015 0.1228536269258409 0.11521372691654294 0.2001353231229898 0.08332680782796165 0.14742435231100906
0.08766884716008112 0.07076882843042694 0.2185556894105348 0.14153765686085387 0.09918423219924218 0.09709692987594665 0.157803924888146 0.1273838911747685
0.10706619908617547 0.07741226906428925 0.18812578560739246 0.09289472287714709 0.1504461354036343 0.12048454329009078 0.14745194107483667 0.11611840359643387
0.0975136430060663 0.07871583230610171 0.1796508849075238 0.09839479038262712 0.15675059872827765 0.12463003770115144 0.14627046450909942 0.11807374845915254
0.08467354368454498 0.06835093285378932 0.24641018342696822 0.13670186570757864 0.1064640914907186 0.08195532506739843 0.15241237863218096 0.12303167913682078
0.11182508450377737 0.09026844170786848 0.23115924308720026 0.1128355521348356 0.1276508726067899 0.09890558897142697 0.12580322006674954 0.10155199692135204
0.12242645277102338 0.08855028919600179 0.22305331249416688 0.11068786149500223 0.13118944432436686 0.10106485909518054 0.12340870527875622 0.099619075345502
0.0999387557235434 0.0658386672662463 0.2630075081364928 0.1316773345324926 0.09852298866868196 0.07569474325632639 0.14681040133697307 0.11850960107924334
0.0959009050770868 0.06547416450567993 0.2811612996476991 0.13094832901135986 0.09159730480559221 0.07106688625805115 0.14599761458430718 0.11785349611022387
0.09463493823733629 0.06498876602078843 0.2890027118242402 0.12997753204157686 0.08966706385922991 0.06983396076887495 0.1449152484105342 0.11697977883741918
0.09411200670626849 0.06473831603978171 0.29240296876004684 0.12947663207956342 0.08899352038269319 0.06939080482655577 0.1443567823334834 0.11652896887160709
0.0938810651953906 0.06462292130933231 0.2938968117177983 0.12924584261866462 0.08872516106359002 0.06920747043075057 0.14409946930767534 0.11632125835679816
0.09377759259260511 0.06457071970464295 0.29456168361783236 0.1291414394092859 0.08861079570395569 0.06912740598281841 0.14398306752050236 0.11622729546835732
0.0863539176481704 0.13033572589481868 0.16978388862871965 0.16291965736852335 0.0815903191291183 0.1395122783419471 0.08287652135703144 0.14662769163167097
0.11385850628813966 0.07771090148670626 0.1731281753743184 0.09325308178404751 0.14611492957007036 0.13134728853007507 0.14802076473658335 0.11656635223005939
0.06925745654518736 0.09665701498292006 0.07144319646185487 0.08426508998510981 0.15115532370068144 0.2634355496752069 0.09525618867881978 0.16853017997021963
0.11007273616328218 0.0764151154784631 0.1427366109155569 0.09551889434807886 0.1586339633475779 0.1600047546327992 0.1419952518965471 0.11462267321769462
0.10400323436275045 0.06661140908059067 0.23348297414503807 0.13322281816118134 0.10699819276667039 0.08724733489034402 0.14853350024836187 0.11990053634506322
0.10083286250596644 0.06548619246686319 0.27097486024754613 0.13097238493372637 0.0944459118017895 0.07338820646122664 0.14602443514252775 0.11787514644035374
0.09904280598602301 0.06466757395417479 0.28526394130473054 0.12933514790834957 0.09084531206741535 0.07024454762069186 0.1441990380411002 0.11640163311751463
0.11519190896635281 0.07543537320088134 0.21300911587481614 0.09429421650110167 0.1402484753946436 0.10849316423834922 0.14017468602253325 0.11315305980132201
0.10267191553949123 0.06508341125988552 0.261450823224892 0.13016682251977105 0.10162667009461343 0.0767239239259873 0.14512629316756562 0.11715014026779394
0.09954838059738656 0.06475155929452442 0.2814393718973972 0.12950311858904884 0.09291416127101507 0.07090428880552953 0.14438631281495445 0.11655280673014395
0.07860294287727766 0.11269911069046896 0.14435204031397467 0.1408738883630862 0.09652160837688178 0.16235249732242696 0.09554924602018021 0.16904866603570343
0.09949761831369212 0.06801828256029994 0.23729818835689023 0.1360365651205999 0.09632314438657803 0.08872267452640276 0.15167061812699717 0.12243290860853989
0.11626093093295406 0.07617782119011891 0.1981685713420034 0.09522227648764864 0.1441866147875094 0.11416274394966444 0.14155430952492248 0.11426673178517838
0.12122273413253942 0.07476155394200182 0.18289335032218243 0.09345194242750227 0.15755640798991052 0.11904909123137988 0.13892258904148097 0.11214233091300273
0.09593333023438182 0.12828794811276026 0.1392844812436731 0.16035993514095032 0.0952906187513069 0.15494534310098043 0.08157440178909212 0.14432394162685525
0.143400626803843 0.09268850431676401 0.19511115924726966 0.11122620518011682 0.12486582098692466 0.11260926686527385 0.12313198131457784 0.09696643528523005
0.08791276247669391 0.11092142501108673 0.12324492428532585 0.1386517812638584 0.10267485917515658 0.17617003254445748 0.09404207772679093 0.16638213751663009
0.1044473739736958 0.06803145413921842 0.22772685653057848 0.13606290827843684 0.09792851227160536 0.09164628857379409 0.15169998878207805 0.12245661745059314
0.10431261847965365 0.06539624987196271 0.2683327302916586 0.13079249974392543 0.09338656042571768 0.07424221483738147 0.1458238765801676 0.11771324976953289
0.08187352045353559 0.11236082419305837 0.14117444614141073 0.14045103024132297 0.09675669363755943 0.16357981114071482 0.09526243790281037 0.16854123628958756
0.07799423081623263 0.11237460859101135 0.11127279211611876 0.14046826073876417 0.09709457799238258 0.19695949218398548 0.09527412467498789 0.168561912886517
0.10238277554773555 0.07575876374573529 0.2216762516931746 0.13544808471594555 0.09656512006418233 0.09525122159661989 0.15101450639225572 0.121903276244351
0.10416538248508299 0.07036187318905791 0.2652815969393592 0.13023302846488188 0.09288058796645303 0.07466769748114922 0.145200107855622 0.1172097256183937
0.12011775731136104 0.08030050169892838 0.20542307280787128 0.09334279472536129 0.14104573497877237 0.10899845115583938 0.13876033365143262 0.11201135367043354
0.08352028355255424 0.1190573269107804 0.1245984174423319 0.13687042998215204 0.10533391700910641 0.1735412522670329 0.09283385685745964 0.16424451597858242
0.10308293489920013 0.07577409791489804 0.22682760428149143 0.1345906438522289 0.09786726201346324 0.09066735375437646 0.1500585238173358 0.12113157946700602
0.10410816482011903 0.07020446071473146 0.2671870613193216 0.12992928652639538 0.09303444835982955 0.0737387621243287 0.14486145826151842 0.11693635787375584
0.12004160253337011 0.0802407293923549 0.2059849264539972 0.09328467478779341 0.1411334397244465 0.10869908290202578 0.13867393446066006 0.11194160974535208
0.10747005189138195 0.06990283322079653 0.2568379633248203 0.1285842401969782 0.10174214050920274 0.07637512269872995 0.14336183198081 0.11572581617728038
0.10380111138082575 0.06883543532019126 0.27816049093344763 0.12806529986170076 0.09268540881088348 0.07041023158355406 0.14278325223386634 0.11525876987553067
0.13669139960089974 0.09127200324365799 0.23907247657187478 0.1062365194863625 0.12052608787717022 0.09214285455348359 0.11844579112882504 0.09561286753772624
0.145918164155142 0.09221228489780316 0.22270630094039584 0.104793049517228 0.1271691017799438 0.0960509243091023 0.11683642983487957 0.09431374456550519
0.11299040501951245 0.06996971888489846 0.26254694789699334 0.12708725500269508 0.0978420198939751 0.07349231859500246 0.14169280520449737 0.1143785295024256
0.10518297423818242 0.068612554754256 0.2801232176019445 0.12762170118688193 0.09159767580398884 0.0697136725307305 0.14228867281582208 0.11485953106819374
0.0942748171042991 0.13695892660457878 0.1643087441536866 0.15943681126929682 0.08234256000653373 0.13808019803007385 0.08110481268916404 0.14349313014236714
0.08137419746282669 0.11166859292870195 0.11697661961378254 0.13400231151444233 0.09944377226438159 0.18852988318698016 0.10050173363583176 0.1675028893930529
0.06577200771237143 0.1053749624436031 0.062143532526818444 0.08216245733771975 0.13714967478450268 0.2901931509203835 0.09287929959916146 0.1643249146754395
0.08415530763522464 0.13889041265793076 0.10428550572106612 0.15581714118641002 0.08916407563098357 0.20818862784492062 0.07926350225569553 0.140235427067769
0.11757749828078858 0.08754881547911754 0.15390355407048845 0.09537426442591691 0.14275604856446647 0.14661045206481846 0.14178024980330337 0.1144491173111003
0.1093186170319743 0.07166699284517487 0.23611789187412383 0.1309125745759449 0.10382770779422557 0.08437714770314513 0.14595775105706096 0.11782131711835044
0.08293694274329061 0.1197091447540194 0.13283718969856317 0.13897152714471947 0.09831296210982785 0.1662074521299326 0.09425894884598365 0.16676583257366334
0.10318277129274007 0.07569715929571487 0.23037482596653658 0.1343919088223017 0.09618602546953788 0.08937764212315787 0.14983694908993933 0.12095271794007152
0.10446426483672651 0.07007149597583205 0.268465976914087 0.12968128908206975 0.09253937002841728 0.07347948337063727 0.14458495961836731 0.11671316017386278
0.13783706350289743 0.09158284101615273 0.2357364566182283 0.10647528572757128 0.12072663549738222 0.09310196281355719 0.11871199766939662 0.09582775715481413
0.11094191372939241 0.06975542923789257 0.2679292956946885 0.12679257463041893 0.09621743422544048 0.07288577673430816 0.14136425858048196 0.11411331716737703
0.12208337715826359 0.07987962145210532 0.2057455058476418 0.09287706416758151 0.1417039777394557 0.10818998273697189 0.13806799389688237 0.1114524770010978
0.08428465883820362 0.11887606051716071 0.12460920042594056 0.13669790840649035 0.10546192781082392 0.1733159116900598 0.09271684222353259 0.1640374900877884
0.10361808543833427 0.0757003137120215 0.22669290043070287 0.13446417470072095 0.09784954690008295 0.09073970143608799 0.14991752015140078 0.12101775723064884
0.10467796524600699 0.07014446442081718 0.26701402019809223 0.12981657341412794 0.09299045115823239 0.07378581793724151 0.14473579155276653 0.11683491607271515
0.10342334800167714 0.0686882479477511 0.28217815492391385 0.12776447181306946 0.09063710952157362 0.06987279175075563 0.14244785140949684 0.11498802463176251
0.10258001005523813 0.06819189121534483 0.2878318156139403 0.1270029015574483 0.0896577505382105 0.0688342622100341 0.1415987574080804 0.11430261140170347
0.11968208159199074 0.07966018934233653 0.21224309537477407 0.09276617051740937 0.13941885301787138 0.10700706249690625 0.1379031430378205 0.11131940462089125
0.12367480465500287 0.07998517317726878 0.1860196629264324 0.09199508537712608 0.1548393254094216 0.11633497281470827 0.13675687318748891 0.1103941024525513
0.08443373393096666 0.11865874759950641 0.11987733662421472 0.13642052854834263 0.10819620274430254 0.17618010997491046 0.09252870631974544 0.16370463425801116
0.10377778378364393 0.0757724009882702 0.2246808040404951 0.13461463911977664 0.09856407223961212 0.091351847870443 0.15008527674995992 0.12115317520779897
0.10478252768565491 0.07019574136477398 0.2662318917765219 0.1299039553006177 0.09320261626408943 0.07393649200261994 0.14483321583516628 0.11691355977055595
0.12074223900529242 0.08017642877087808 0.20557488053877174 0.09320416267062136 0.14112502083565723 0.10877802518308004 0.13855424779095354 0.11184499520474563
0.1426027644435495 0.09207117068813364 0.2113666244487766 0.10584718306362473 0.13406668533173657 0.10077139719448736 0.11801171007242936 0.09526246475726226
0.0879645241597477 0.12004842936357592 0.12582647938872832 0.13630673063345794 0.10366292689843547 0.17017131114886416 0.09245152164704103 0.16356807676014948
0.10444249089134681 0.07573618335138721 0.22714262348071154 0.13437732858018236 0.09740361835146445 0.09013746641468941 0.14982069320805408 0.12093959572216413
0.12148509370423043 0.08125769617032955 0.1934754637073772 0.09398591462987216 0.14348852746812332 0.1138078321801124 0.13971637458410846 0.11278309755584659
0.10878292509116823 0.07021449659868534 0.25177424424090905 0.12902661512189595 0.10260894966757743 0.07761376866101853 0.14385504700903917 0.11612395360970634
0.10474459608516981 0.06892482563102599 0.2761188133498768 0.1281878492596682 0.09297507513963844 0.07075989053379673 0.1429198856671226 0.11536906433370138
0.10307391300164576 0.06833803018347837 0.2855167931760481 0.1272494672607235 0.0903132282877155 0.069110387788931 0.14187365976680663 0.11452452053465115
0.09387054139751935 0.13681219064227293 0.16565727869870317 0.15930094602571826 0.08204980637022255 0.1379026868119432 0.08103569863047408 0.14337085142314643
0.10471977363593202 0.06791726653189457 0.25183018539203905 0.13583453306378915 0.0908987645784662 0.0800052156028677 0.15037441185734898 0.11841984933766235
0.07262564785286288 0.10554638898787544 0.08413858750507677 0.08579235976200168 0.14076244831624318 0.2425671804948913 0.09698266755704538 0.17158471952400337
0.1012155946914039 0.07495745481856986 0.2080892261304907 0.13459731891767038 0.10616170750861038 0.10377514489018767 0.15006596601716382 0.12113758702590333
0.10467392974758621 0.07046725311912863 0.2596861809403355 0.13050853639382567 0.09525438754605722 0.07644475086252249 0.14550727863610116 0.1174576827544431
0.08213686270010652 0.11961430819210406 0.13835379134839074 0.13901905945979878 0.09648220669316666 0.163279712099333 0.09429118815534179 0.16682287135175852
0.11700043360615535 0.08598195835801387 0.1654496424418984 0.0954140459544951 0.1451034360684954 0.13471424070811935 0.14183938771742854 0.11449685514539412
0.12375343987305917 0.08108978808408993 0.17118618278978404 0.09271793222762838 0.15768848039645653 0.12447122437565208 0.1378314335801759 0.11126151867315404
0.10990685169421308 0.07055345526688171 0.24250441742408957 0.1296515182867024 0.10622095983812159 0.07992466362872558 0.14455176740323386 0.11668636645803217
0.08304215557453618 0.11952135629082848 0.1343255451951713 0.13889006900518291 0.09883580872172557 0.1645132834289077 0.09420369897742842 0.16666808280621948
0.11725304511483689 0.08597720782960742 0.16408341825712816 0.09541544363113362 0.14588221254106817 0.13504867481124 0.14184146545762552 0.11449853235736035
0.14280915918030443 0.09352365707011867 0.1968993787154341 0.10693531107461646 0.13662145967179226 0.10774436271947706 0.11922489160110224 0.09624177996715481
0.11335500096431252 0.07067626729087426 0.2524122097315947 0.1282290968341874 0.1006960657672723 0.07625929862645583 0.1429658736345343 0.11540618715076865
0.10573156191879751 0.06889509601708936 0.2762526688077785 0.1280658657676364 0.0925040418638008 0.07050760325727203 0.1427838831767528 0.11525927919087275
0.08228250749853525 0.11929404507822182 0.14217445378183693 0.13883501363822065 0.09581058343406643 0.16083502312689585 0.09416635707635836 0.16660201636586477
0.07736653826627332 0.12452974271051605 0.11023176569383122 0.13822787174442175 0.0957721866802698 0.19424389232386102 0.09375455648752083 0.16587344609330607
0.11599372726552994 0.08660183488760316 0.15624194507524541 0.09566433908433435 0.14524064664839936 0.1432488348720193 0.14221146526566716 0.11479720690120121
0.10887377998014028 0.07154820148563275 0.23707099515577212 0.13081807427739828 0.1043050599618976 0.0837952320130578 0.14585239027644256 0.11773626684965847
0.12213452639502985 0.08048908337084501 0.19611944816019092 0.09344996443459008 0.14507476095085164 0.11167261074481766 0.13891964862216674 0.11213995732150811
0.08427980067726695 0.11894469472332793 0.12236165197567264 0.1367021903528057 0.10619950492862969 0.17474978241876646 0.09271974650016387 0.1640426284233668
0.11744728122113858 0.0858081082388449 0.1598260816533688 0.09525376404161726 0.1481294979597881 0.1376296321465691 0.1416011178887325 0.11430451684994071
0.10904922369384351 0.0713690892161134 0.23842380386564443 0.1305849307816013 0.1047662566821071 0.08268780537985175 0.14559245267739726 0.11752643770344118
0.10529252644313215 0.06934693744358636 0.2710608596921251 0.12884203407747954 0.09386231978678829 0.07198823896793725 0.14364925291921973 0.11595783066973159
0.12071494099431254 0.0799794648250601 0.20698717375834763 0.09304465790402812 0.14114479612990807 0.10815824366110381 0.138317133242406 0.11165358948483374
0.14253343395415657 0.09200730607864954 0.2118364443966631 0.10579147445949434 0.1340207499786394 0.10064866498266947 0.11794959913618251 0.09521232701354491
0.08794248001269592 0.12002366189265443 0.12592357543810392 0.13628505493671114 0.10364476199620726 0.170201579929457 0.09243681987011712 0.16354206592405335
0.10442302097195454 0.07572236720824954 0.22716227250809706 0.13435206073764405 0.09738825500694284 0.09024264745394853 0.14979252144928373 0.12091685466387965
0.08213070500141631 0.12040291630814096 0.1308136345292633 0.1392631537532402 0.09700793341249805 0.16880912472848578 0.09445674776306726 0.1671157845038882
0.10307741231509668 0.07580942832398635 0.2295842803143368 0.1345070046233317 0.09599160513898347 0.09000869280441746 0.14996527231884893 0.12105630416099854
0.10447123540962637 0.07009678445650047 0.26816242815344077 0.12971379958293536 0.09253144507008347 0.07366068130209606 0.14462120640067566 0.1167424196246418
0.08208969368246148 0.11953610209216858 0.14031687688149838 0.13896976765141061 0.09586739593859746 0.16219868712164892 0.09425775545052198 0.1667637211816927
0.1350457337675222 0.09924569413584292 0.19176483940131625 0.11013915476051503 0.12545233981819195 0.1164300606140814 0.12279693821806675 0.09912523928446351
0.08655535955053968 0.12103296531240783 0.12122342481241316 0.13653539220953304 0.10175080232418277 0.17645297129301812 0.09260661384646589 0.16384247065143961
0.07786765148411871 0.1242787009445551 0.1051483312160347 0.13769219379826061 0.0967290453958671 0.19966221750530036 0.09339122709795068 0.16523063255791273
0.10285486391833014 0.07667993436134057 0.21895027406675008 0.13554748938030714 0.09668880083009142 0.09616056182614398 0.15112533517476032 0.12199274044227641
0.10480649463190087 0.07043187694056416 0.26410434992161624 0.13023533039089707 0.09302347365184269 0.07498400278002813 0.14520267433134346 0.11721179735180737
0.1380837900206855 0.09171295479123044 0.2342487201740502 0.1065925157545882 0.1209924114990499 0.09359364318025538 0.11884270040101101 0.09593326417912937
0.08722364489197797 0.12014905251873095 0.131238703822139 0.13647724081993787 0.1008790274072277 0.16769246952166844 0.09256717203439264 0.16377268898392544
0.10410677970251445 0.07562900880255216 0.22940668626172622 0.1341740548372365 0.09665486168658222 0.08967790120152401 0.14959405815435173 0.12075664935351287
0.1046907736758398 0.07006548038721608 0.26804285789515925 0.12967500016150676 0.09265175903209276 0.07358868076156708 0.144577947941262 0.1167075001453561
0.10338536397514853 0.06865159088067674 0.2825566724394022 0.12770381450710433 0.090533391397938 0.06985551070332592 0.14238022304001036 0.11493343305639389
0.13702084516239718 0.09108772242736847 0.24046724844806788 0.10603063183836894 0.11974533280455983 0.09200440889864342 0.11821624176606209 0.09542756865453206
0.12782676893154146 0.08045640861513875 0.19489406380148755 0.09144079520344892 0.1477631980685734 0.11195692751979772 0.13593288361587333 0.1097289542441387
0.1447377515986116 0.09200263990259352 0.20713429263611116 0.10571735209495824 0.13587407845051555 0.10152131020050299 0.11786695823124449 0.09514561688546241
0.08834057280640353 0.12000772463358496 0.12482698394018794 0.13626598342276744 0.10404475931427477 0.17057091136697486 0.09242388440848574 0.16351918010732092
0.11852331771247175 0.08586652881204682 0.1606253466856189 0.09521990773515318 0.14738102214112245 0.13656919941616052 0.1415507882152426 0.1142638892821838
0.12416482408782083 0.08107289844713769 0.16954311893143154 0.09270624174281653 0.158431679447588 0.1250196923625042 0.13781405488932127 0.11124749009137981
0.11004990034768532 0.07057954575953998 0.24181808787223535 0.12970059559512728 0.1064250408824413 0.08008980856771426 0.1446064849396419 0.11673053603561455
0.08306548932266258 0.11952031112752456 0.13416246791733805 0.13888533103446762 0.09887758504291913 0.16462593291643576 0.0942004853972911 0.16666239724136114
0.07746154514871864 0.12448146590743726 0.10835781445978458 0.1381447625171982 0.09637938479202643 0.19570312540340185 0.0936981867507953 0.1657737150206378
0.08844328515389341 0.14468429547192074 0.11861773754201381 0.15982767805002995 0.08315386585782968 0.18012458275818335 0.08130364492110219 0.14384491024502694
0.09665736748055795 0.13412761454799693 0.12842576240124598 0.16095313745759632 0.0849600038697476 0.170367122507131 0.08419087190089654 0.14031811983482753
0.10242592273097186 0.13691811378895988 0.10051000141553554 0.1232263024100639 0.12496532365557864 0.24559882774530395 0.09241972680754791 0.07393578144603834
0.06621477523218564 0.10308799964798375 0.0574720608891092 0.07813979913128048 0.13927495324652292 0.31119886674630093 0.08833194684405621 0.15627959826256096
0.09995538243101114 0.07495600028195787 0.19555542806788737 0.13474645339602218 0.10633813758006135 0.11694455035555264 0.1502322398310874 0.12127180805641997
0.08096578544168916 0.11980524281969601 0.1230361978537164 0.13867900249347787 0.09855805960321214 0.17848036797437158 0.09406054082166325 0.1664148029921734
0.1030084067671523 0.07591801200493876 0.2263186821960287 0.13476303407939733 0.09652783205360609 0.09192657617173314 0.15025072605568623 0.12128673067145757
0.1388502290635914 0.0931923501884924 0.22150943774345183 0.10777321070647668 0.1231509215578693 0.09836887394348637 0.12015908716080309 0.096995889635829
0.11170454240249116 0.07021785940095797 0.2624169727752261 0.12744850549826084 0.09720017407277141 0.07421271835379681 0.14209557254806096 0.11470365494843474
0.08333668333240168 0.1193745568129421 0.1389157722500224 0.13874083052596958 0.09679396521987314 0.1622467188708831 0.09410247635674458 0.16648899663116348
0.11648517869968023 0.09251548205674964 0.1646402857707239 0.09449962248086054 0.14420649601730728 0.13377335219027692 0.14048003580736879 0.11339954697703265
0.10825173385956856 0.07629346769257933 0.23963343030499043 0.12960307335581653 0.10341838135160877 0.08165939249461204 0.14449775492058947 0.11664276602023488
0.10470958728718491 0.07330056863127558 0.27096048530484884 0.128117167738555 0.09321981806494721 0.07154584096266728 0.14284108104582174 0.11530545096469948
0.102900712440771 0.07223347095368676 0.28306289328348166 0.1268478989592014 0.09020781152816619 0.06915816269301864 0.14142594107839318 0.11416310906328125
0.10207402213868871 0.07180666155083498 0.28764210648206784 0.12629896253648001 0.08921954919003452 0.06847571388659834 0.14081391793246353 0.11366906628283202
0.08107773927638728 0.1251447306388703 0.14414293981777673 0.1376582436111535 0.09444736375736691 0.15897089055053953 0.09336820001452152 0.16518989233338421
0.10176382868176112 0.08197320109917769 0.23388714175756015 0.13278670772240586 0.09448369715558025 0.08755011697866727 0.14804726965468235 0.11950803695016528
0.08109793120767275 0.1274982598652513 0.13167163322267136 0.13806261811569606 0.09571477921543856 0.16663716521683228 0.09364247141760255 0.16567514173883524
0.10218351847196318 0.08260146748716982 0.2287978540622148 0.13334676813140717 0.09514262165681654 0.08924398365699629 0.1486716952151659 0.12001209131826647
0.09338219000345264 0.14683197934231 0.15011203064695758 0.1588505561118193 0.0827073141040898 0.14434384205124254 0.08080658723949069 0.14296550050063736
0.10706995700911291 0.06808456827448528 0.24555205863436572 0.13616913654897056 0.0912887486111743 0.08237914431175894 0.15074483167000402 0.11871155494012818
0.06106381720448708 0.09271505064652409 0.0999564230742126 0.10272577732734554 0.11781970242023797 0.20414288291115448 0.11612479176134714 0.2054515546546911
0.07257455433923131 0.12787527845809915 0.09943375355602842 0.1362913106882635 0.0992993170907245 0.20853515014013196 0.09244106290160481 0.16354957282591617
0.10108640104494201 0.08344508725858722 0.21529206649606042 0.1345844839190506 0.09685188009579675 0.09756238970687924 0.1500516559515385 0.12112603552714553
0.10412805564037746 0.07500154418945633 0.26205254137570144 0.12967284424121958 0.09281764999289402 0.07504626049222214 0.14457554425103136 0.11670555981709761
0.1372962195020502 0.09679901858619246 0.23281159390075382 0.10596781858077099 0.12041122150918587 0.09319688152695585 0.11814620967139691 0.0953710367226939
0.08644457457558374 0.12834848997824075 0.13010266895231956 0.13510708224025472 0.09999197370564747 0.16623886477495364 0.09163784708469452 0.16212849868830567
0.10333570388619133 0.08259443330771124 0.22778371054864519 0.13308645889863244 0.0959502129299023 0.08909019757346412 0.14838146984668424 0.1197778130087692
0.10418173176910511 0.07454424729813663 0.2667971332963461 0.12902983042837346 0.0922030460681045 0.07325853191858485 0.1438586318358134 0.11612684738553612
0.08154837098963273 0.12589141279373486 0.13937788304145954 0.13790707480453301 0.09521026015616083 0.1610395359729214 0.09353697247611804 0.16548848976543962
0.11549231470695719 0.09785779812977452 0.16421202389992795 0.09394420203152999 0.1430918828466288 0.13301436994226531 0.13965436600508038 0.11273304243783598
0.12240990546041544 0.09089499582498345 0.16966648203288287 0.09164717713654301 0.1559490028242005 0.12321613993623248 0.13623968422089078 0.10997661256385159
0.09605551639737073 0.15178068267161646 0.13258616033317544 0.15506759757943664 0.0928460416544483 0.15322095086074602 0.07888221268171343 0.13956083782149295
0.10492888746922645 0.09007233463476959 0.22756937779839162 0.13180917561396294 0.09373575829780763 0.08629881382934924 0.14695739430392582 0.11862825805256663
0.09339361857761129 0.15344068344357978 0.14904212509847112 0.1576502553042019 0.08193172556463216 0.14246036280036722 0.08019599943735489 0.1418852297737817
0.10714922127860112 0.06814805092412264 0.24536238639172098 0.13629610184824528 0.09120681012464393 0.08212979932026548 0.1508853874754689 0.1188222426369318
0.07238513125220469 0.11322254271842666 0.08265895671103858 0.08482726650113087 0.1395959188800347 0.241763958368407 0.09589169256649575 0.16965453300226174
0.08460498303892562 0.1569753209118822 0.10843650533698368 0.1536968050855946 0.08876912148530669 0.1910052430642088 0.07818489650006336 0.13832712457703514
0.10296998579728424 0.09163231565895812 0.21759498239613137 0.13284015532801122 0.09358941542474157 0.09371014585335824 0.14810685974630505 0.11955613979521011
0.0808770737678268 0.13388693793419149 0.12733026975428527 0.13716822613976382 0.09499145756611979 0.1681083231318216 0.09303584033827458 0.16460187136771656
0.07564539429667418 0.14277880240319926 0.1050173910305286 0.135070668055505 0.09382571135983132 0.19396408241957414 0.09161314876808163 0.16208480166660597
0.10121428700653519 0.08969941866152438 0.21678593411628405 0.13355784866335352 0.0950918919639485 0.09454152153532865 0.14890703425600754 0.12020206379701814
0.09266371919851243 0.15343046941909966 0.1462403733150389 0.1578097605346217 0.08223742365152399 0.14531233034547528 0.08027713905456843 0.14202878448115952
0.0824020649925517 0.11108677792804635 0.11279610030974614 0.1333041335136556 0.10078739203435082 0.19301526419433807 0.09997810013524172 0.16663016689206953
0.06486329772758362 0.11693244530625806 0.060624739262759776 0.08048859549641849 0.1353846336953407 0.2897419895663294 0.09098710795247307 0.16097719099283697
0.09884398430619014 0.08589583793823143 0.19557042878621148 0.13342116693548442 0.10481386292386506 0.11262102453851898 0.14875464432956248 0.12007905024193596
0.10388852942820297 0.07831442688350052 0.25369500042008786 0.1298459027919271 0.09477498453739357 0.0778513518059006 0.14476849162025304 0.11686131251273439
0.10310118429700277 0.07564960511799365 0.27621630335329533 0.12725863778307744 0.09087436728227252 0.07048324394672463 0.14188388421486398 0.1145327740047697
0.11927805362191059 0.08718022559993646 0.2078418262086288 0.09211416986645427 0.1391506201944712 0.10696420038976615 0.13693390027908725 0.11053700383974512
0.10708406077573314 0.07716182486680503 0.25628881319034996 0.12708995952118646 0.10062875711930899 0.0756698004167633 0.1416958205407855 0.11438096356906782
0.10359085531045346 0.07526583711998255 0.2769089823018841 0.1268467704620098 0.0918742403673183 0.0699265381343024 0.14142468288824073 0.11416209341580881
0.13615527499709368 0.09932301469943317 0.23727929394748828 0.10501871191076192 0.11927449020542215 0.09134434695692224 0.11708802656319277 0.09451684071968573
0.10975559378654258 0.0780451104389502 0.26728921266221833 0.12526736436992664 0.09519098829114439 0.07204733955658976 0.1396637629616943 0.11274062793293396
0.0941638600402809 0.14929512432111955 0.15934151572752034 0.15692375386304103 0.08197585079855542 0.13724208545980757 0.07982643131293826 0.14123137847673692
0.10784134589438366 0.06773889883441994 0.24923523040686982 0.13547779766883988 0.09072679784327332 0.08089158899165196 0.1499794911108036 0.11810884924975787
0.07252581215640089 0.11316054579740377 0.08325352155653098 0.0848414302267706 0.13949075940258468 0.2411373666721576 0.09590770373461024 0.1696828604535412
0.10026874956269077 0.08484197324616617 0.2058425239148639 0.1329282574007813 0.10514373382967122 0.10313424340246127 0.1482050869826621 0.11963543166070316
0.08028618587789346 0.1319359980561903 0.12449805741540854 0.13699232664583624 0.09741354053628733 0.17156656489881347 0.09291653459456718 0.16439079197500348
0.07549460376609754 0.1421915673772216 0.10432092487665273 0.13498308090487485 0.0942948921355793 0.19518149202259155 0.09155374183113252 0.1619796970858498
0.10119328588714607 0.08962005712719286 0.2164809500963358 0.1335755135300045 0.09521046384147352 0.0947750380767936 0.1489267292640498 0.12021796217700405
0.10382744866042332 0.07842946583237227 0.2620421065803299 0.1290894182787529 0.09217461941069506 0.07433139694441698 0.14392506784213194 0.11618047645087762
0.0811501396578825 0.1305430594195975 0.1378412912226879 0.13720033063277023 0.09480621553601493 0.16076095121210465 0.09305761555961807 0.16464039675932426
0.10133708904177657 0.0891093616509002 0.2301243720094188 0.1318857029158221 0.09417893905844367 0.08762468616489254 0.14704271653450612 0.1186971326242399
0.10321088049460539 0.0794358478458354 0.26703091852238053 0.12813230275914395 0.0913738643242995 0.07263915810620634 0.1428579554642993 0.11531907248322958
0.08082722793144781 0.13287745753090685 0.1387391264417291 0.13672411491455153 0.09437722321889812 0.15965129499252623 0.09273461707247843 0.16406893789746183
0.10121159965850926 0.08948449081795766 0.2304610714012277 0.13181316776999225 0.09404252495506445 0.08739344914427909 0.14696184525997644 0.11863185099299303
0.10316877419794827 0.07949066052732288 0.2671599975661827 0.1281146647554443 0.09133376048227004 0.07259065378448892 0.1428382904064431 0.11530319827989989
0.10232817396053213 0.07677066015542097 0.2811206482039523 0.12637311777101998 0.08961211252279234 0.06916288590736158 0.14089659548500283 0.11373580599391796
0.09238425878767284 0.15126063711849247 0.16268497974190763 0.15651272653232634 0.08072858758997237 0.1359500128536556 0.07961734349687906 0.1408614538790937
0.13497693441655279 0.12041017814051762 0.19644699094242196 0.1067849578005295 0.11816949655112506 0.10804772120748769 0.11905725892088884 0.09610646202047653
0.08508006075750277 0.1421938486750323 0.12046467953277501 0.1333239290588568 0.09839116148732918 0.17012920156056416 0.09042840405731158 0.15998871487062813
0.10261027023040574 0.09148956685086071 0.22245931605966798 0.13220068930843878 0.09526746552634237 0.08959816879086292 0.14739390285582651 0.11898062037759491
0.10374976667648805 0.08003221346585075 0.2640138547574003 0.12844149047584832 0.09181667885906543 0.07314597764236912 0.14320267669471445 0.1155973414282635
0.13639609124302676 0.10231997670694448 0.2326476307050456 0.10514930995775058 0.11942446027712507 0.09219451850866968 0.11723363363946221 0.09463437896197553
0.08559568545290985 0.1372388053214421 0.12920107321787275 0.13362341263154906 0.09895587219083953 0.16440552398178165 0.09063153204574632 0.16034809515785886
0.07608281011267178 0.14706153973744063 0.1049351125739883 0.13411558869733498 0.0941911691305037 0.19170971749915314 0.09096535581210546 0.16093870643680194
0.10102034653480649 0.09290275552605189 0.2161695860615661 0.13301772402558468 0.09490873794308755 0.09396006269317297 0.1483048355927041 0.11971595162302619
0.10362108515650813 0.08046996472943535 0.26162941508865617 0.1287758395712816 0.09195999194310482 0.07406999691216314 0.14357545098469754 0.11589825561415344
0.10262760541576173 0.0770871249163449 0.27902565760326087 0.12663558189770308 0.08991491183946644 0.06954787122015083 0.14118922339937942 0.11397202370793279
0.10178290115042654 0.07603861487111027 0.28558721968530754 0.1258034823305174 0.08894459913626919 0.06835855424995355 0.14026149447895003 0.11322313409746566
0.10135956679621934 0.0756858853609667 0.28805697561696536 0.12549400182694317 0.08854131814842015 0.06800120379321176 0.13991644681302468 0.11294460164424884
0.13492501092498702 0.1007649808089585 0.2408622864019209 0.1044998329467359 0.1178631007568789 0.09052542326784191 0.1165095152406145 0.09404984965206231
0.1091773379693072 0.07984770108574518 0.26842124163064096 0.12478817787044197 0.0946310035612802 0.07169567202423124 0.13912950577495542 0.11230936008339776
0.10348017102593995 0.07662799114029477 0.28124161382142654 0.12595453816541974 0.09007876167661262 0.0688279293593861 0.1404299104620426 0.11335908434887774
0.1190631437385536 0.08867943950637859 0.2091776520336076 0.09178044328411322 0.1385080783117615 0.10621691788468435 0.1364377932999653 0.11013653194093585
0.1068302226134779 0.0788336703550583 0.25654849388979667 0.12673083939891983 0.10031167830882477 0.07539191157042736 0.14129542840446732 0.11405775545902784
0.1033808733910374 0.07679834392642947 0.27678939470349967 0.12656873391013437 0.0916707741606831 0.06976532650719881 0.14111469288189607 0.11391186051912094
0.08083534699260003 0.13204389704840258 0.1410011081931047 0.13662545563611161 0.09441209633569697 0.158463848686257 0.0926677003444931 0.16395054676333393
0.11493342899874692 0.10144741394097838 0.16434253037425858 0.09354815623910298 0.14239909110847604 0.13200597451696633 0.13906561733454711 0.11225778748692358
0.1074130800824787 0.08226932734449421 0.2386376995869702 0.12870194022091802 0.10262816177931512 0.08102498606307851 0.14349305872391901 0.1158317461988262
0.13799944930478777 0.10318004732907674 0.22354841002838097 0.10551563282354322 0.12285927299993145 0.09429106167579727 0.11764205629729371 0.0949640695411889
0.08588386058268906 0.1374860149174698 0.12708401530233016 0.1336292445227347 0.09970868931564401 0.16521759434251745 0.09063548758933311 0.16035509342728163
0.10260013050083953 0.09046637109585726 0.2252294127105875 0.13194031898149697 0.09536449483461146 0.08854937542135226 0.14710360937190783 0.11874628708334728
0.1371873310051582 0.10559316069547797 0.21928588048007655 0.10614248549009092 0.1214378383899275 0.09648411675774228 0.11834095024044468 0.09552823694108183
0.14528069838988947 0.10685699998869601 0.21366637501525707 0.10334077040587895 0.12632366991398242 0.09630754591624148 0.11521724700476353 0.09300669336529105
0.11237510874136393 0.08143979133414093 0.25731231891037426 0.1255840391062115 0.09707569013931758 0.07317058491279246 0.14001683166020892 0.11302563519559035
0.12164241968713009 0.08975639743115782 0.20133365890349497 0.09189812853190231 0.14097697244926455 0.10750192843373052 0.13661274032503687 0.11027775423828277
0.10767707148289668 0.07919408059260673 0.253358130020854 0.12701265929433042 0.10105857250751549 0.07577845618038466 0.14160963655651465 0.11431139336489739
0.10368183371575335 0.07693817575686265 0.27555370297395143 0.12670462485284698 0.09191956343165933 0.06990173575945838 0.1412662011419055 0.1140341623675623
0.08089618948014562 0.13209539475113566 0.14072094453577835 0.1366396036282529 0.0944737074952941 0.15852933938154457 0.09267729637394545 0.16396752435390344
0.10116181408235343 0.08928776369517914 0.23127130998129197 0.13172362543722738 0.09400205015670872 0.08714016151252749 0.1468620122412072 0.11855126289350464
