Action: 0
[0.216806492639683, 0.0974518824542879, 0.1142611450470836, 0.09745107851469756, 0.18167495427786098, 0.09745229003699182, 0.09745107851469756, 0.09745107851469756]
[0.10638940557073061, 0.0938804936186176, 0.26154891865373975, 0.0938804936186176, 0.13637683929884434, 0.12016286200221489, 0.0938804936186176, 0.0938804936186176]
[0.13896973424468262, 0.1587194016903813, 0.12672026404634132, 0.09581233954707531, 0.09652890217109611, 0.19162467920627288, 0.09581233954707531, 0.09581233954707531]
[0.125, 0.125, 0.125, 0.125, 0.125, 0.125, 0.125, 0.125]
[0.22888160229094226, 0.09581611550283706, 0.1713717061570374, 0.09581395234216805, 0.11903435011624261, 0.09745436890643658, 0.09581395234216805, 0.09581395234216805]
[0.10199997977266194, 0.20233198263797506, 0.18631754172063084, 0.10116599125224722, 0.10457899743747728, 0.10127352467451323, 0.10116599125224722, 0.10116599125224722]
[0.125, 0.125, 0.125, 0.125, 0.125, 0.125, 0.125, 0.125]
[0.125, 0.125, 0.125, 0.125, 0.125, 0.125, 0.125, 0.125]

Action: 1
[0.09959002328583146, 0.09964669690652789, 0.09957609913027723, 0.09957609913027723, 0.2185789866493628, 0.1838798966371688, 0.09957609913027723, 0.09957609913027723]
[0.2066124264009813, 0.10330621320049065, 0.10330621320049065, 0.10330621320049065, 0.17355029439607486, 0.10330621320049065, 0.10330621320049065, 0.10330621320049065]
[0.09861512994744752, 0.09858833919281323, 0.09858833919281323, 0.09858833919281323, 0.2595271883471405, 0.14891598574134582, 0.09858833919281323, 0.09858833919281323]
[0.125, 0.125, 0.125, 0.125, 0.125, 0.125, 0.125, 0.125]
[0.1015596251864524, 0.1015596251864524, 0.1015596251864524, 0.1015596251864524, 0.20460604248849557, 0.18603620639279006, 0.1015596251864524, 0.1015596251864524]
[0.10307551789026613, 0.10144837994515411, 0.10144837994515411, 0.10144837994515411, 0.10209335597592321, 0.28758922640804, 0.10144837994515411, 0.10144837994515411]
[0.125, 0.125, 0.125, 0.125, 0.125, 0.125, 0.125, 0.125]
[0.125, 0.125, 0.125, 0.125, 0.125, 0.125, 0.125, 0.125]

