Action: 0
[0.11174271803753441, 0.10875847245379495, 0.2356207343753935, 0.10875847245379495, 0.10884379106364944, 0.10875886670824285, 0.10875847245379495, 0.10875847245379495]
[0.10959445122245476, 0.10919930069166049, 0.23519854300132237, 0.10919930069166049, 0.10921050231792048, 0.10919930069166049, 0.10919930069166049, 0.10919930069166049]
[0.1268526553624136, 0.10877766325046867, 0.11170347409639801, 0.10877766325046867, 0.10877789103837648, 0.21755532650093734, 0.10877766325046867, 0.10877766325046867]
[0.125, 0.125, 0.125, 0.125, 0.125, 0.125, 0.125, 0.125]
[0.10920146092611185, 0.1095930058580733, 0.23519804121376273, 0.10920146092566621, 0.10920164759574963, 0.10920146162930382, 0.10920146092566621, 0.10920146092566621]
[0.1270163558220089, 0.10877247072451919, 0.22034012596543653, 0.108772469827247, 0.10878116817904736, 0.108772469827247, 0.108772469827247, 0.108772469827247]
[0.125, 0.125, 0.125, 0.125, 0.125, 0.125, 0.125, 0.125]
[0.125, 0.125, 0.125, 0.125, 0.125, 0.125, 0.125, 0.125]

Action: 1
[0.12701634181662935, 0.10877249043312676, 0.10877249043312676, 0.10877249043312676, 0.21755357401180306, 0.11156763200593384, 0.10877249043312676, 0.10877249043312676]
[0.1092540022914563, 0.1092530884288663, 0.1092530884288663, 0.1092530884288663, 0.1092530884288663, 0.2352274671353458, 0.1092530884288663, 0.1092530884288663]
[0.21733017765982385, 0.10917141886484594, 0.1086650887398042, 0.1086650887398042, 0.12710554579700994, 0.1117325027191034, 0.1086650887398042, 0.1086650887398042]
[0.125, 0.125, 0.125, 0.125, 0.125, 0.125, 0.125, 0.125]
[0.10924559702810649, 0.10924559702777707, 0.10924559702777707, 0.10924559702777707, 0.10929753691892158, 0.23522888091408647, 0.10924559702777707, 0.10924559702777707]
[0.10925324081500429, 0.10925202222415445, 0.10925202222415445, 0.10925202222415445, 0.10925928187176463, 0.23522736619245885, 0.10925202222415445, 0.10925202222415445]
[0.125, 0.125, 0.125, 0.125, 0.125, 0.125, 0.125, 0.125]
[0.125, 0.125, 0.125, 0.125, 0.125, 0.125, 0.125, 0.125]

