Action: 0
[0.10916645495110262, 0.12712862538621678, 0.22041842693689426, 0.10864118393001661, 0.10872175700572007, 0.10864118393001661, 0.10864118393001661, 0.10864118393001661]
[0.21850519362446552, 0.10925204682040669, 0.12597531626910424, 0.10925204682040669, 0.10925204682040669, 0.10925925600439669, 0.10925204682040669, 0.10925204682040669]
[0.1271010671634508, 0.10866733045185112, 0.11175476414905978, 0.10866733045185112, 0.10914018597638261, 0.21733466090370224, 0.10866733045185112, 0.10866733045185112]
[0.125, 0.125, 0.125, 0.125, 0.125, 0.125, 0.125, 0.125]
[0.10959445588162386, 0.10919929168784856, 0.2351985326450879, 0.10919929168784856, 0.10921055300844171, 0.1091992917134524, 0.10919929168784856, 0.10919929168784856]
[0.1115685558284725, 0.10877676199152915, 0.23577086681115658, 0.10877676199152915, 0.10877676740272517, 0.10877676199152919, 0.10877676199152915, 0.10877676199152915]
[0.125, 0.125, 0.125, 0.125, 0.125, 0.125, 0.125, 0.125]
[0.125, 0.125, 0.125, 0.125, 0.125, 0.125, 0.125, 0.125]

Action: 1
[0.10925321940180749, 0.1092532194018074, 0.1092532194018074, 0.1092532194018074, 0.10925322154445766, 0.23522746204469774, 0.1092532194018074, 0.1092532194018074]
[0.1111111111111111, 0.1111111111111111, 0.1111111111111111, 0.1111111111111111, 0.1111111111111111, 0.2222222222222222, 0.1111111111111111, 0.1111111111111111]
[0.10925224593184223, 0.10925224593184223, 0.10925224593184223, 0.10925224593184223, 0.23522738403696672, 0.10925914037197988, 0.10925224593184223, 0.10925224593184223]
[0.125, 0.125, 0.125, 0.125, 0.125, 0.125, 0.125, 0.125]
[0.10877755000274687, 0.10877755000274687, 0.10877755000274687, 0.10877755000274687, 0.12685426988562365, 0.22048043009789509, 0.10877755000274687, 0.10877755000274687]
[0.1117294867757277, 0.1087731080641012, 0.10877310695251091, 0.10877310695251091, 0.10877334300022634, 0.23563163434990117, 0.10877310695251091, 0.10877310695251091]
[0.125, 0.125, 0.125, 0.125, 0.125, 0.125, 0.125, 0.125]
[0.125, 0.125, 0.125, 0.125, 0.125, 0.125, 0.125, 0.125]

