0.484452993024 0.14931596697600003 0.10749836697599996 0.033132673024 0.141131966976 0.043499073024 0.03131667302399999 0.009652286975999999 
0.4770387940499999 0.16156735595 0.08717030595000001 0.02952354405000001 0.15454970595 0.05234414405000001 0.02824119405000001 0.009564955950000006 
0.500968435968 0.17674860403200002 0.09098292403199996 0.03210003596799999 0.12461652403199999 0.043966435968000005 0.02263211596799999 0.007984924031999997 
0.3993004223999999 0.15528349759999996 0.06322757760000002 0.024588502400000004 0.2222755776 0.0864405024 0.03519642240000001 0.013687497600000004 
0.46643793195999983 0.16499286804 0.07310854804000001 0.02586065196000001 0.17216821804000002 0.06090098196000002 0.02698530196000001 0.009545498040000005 
0.374062293 0.195286707 0.045760707000000005 0.023890293000000003 0.21132470700000003 0.11032629300000002 0.025852293000000005 0.013496707000000004 
0.45612895679999993 0.16836304320000003 0.07735520320000001 0.028552796800000016 0.1683630432 0.062144956800000026 0.028552796800000012 0.010539203200000008 
0.5253400152000001 0.1379680848 0.1233079848 0.032383915199999995 0.11610078480000001 0.030491115199999995 0.027251215199999998 0.007156884799999998 
0.50109355296 0.15444484704000003 0.09758452703999998 0.03007707296 0.13870924703999998 0.042752352960000004 0.027012672959999994 0.00832572704 
0.49591479960000007 0.1372757004 0.10323320039999997 0.028576299599999994 0.15233984040000004 0.04216965960000001 0.0317121596 0.0087783404 
0.50109355296 0.15444484704000003 0.09758452703999998 0.03007707296 0.13870924703999998 0.042752352960000004 0.027012672959999994 0.00832572704 
0.46649552399999994 0.15799647600000002 0.07911327600000002 0.026794724000000013 0.17218947600000004 0.058318524000000024 0.029201724000000016 0.009890276000000009 
0.489958140672 0.15101273932800002 0.10871993932799996 0.033509180672 0.135626819328 0.041802300672000005 0.03009510067199999 0.009275779327999998 
0.4561865488399999 0.16136665115999999 0.08335993116 0.029486868840000006 0.16838430116 0.05956249884000001 0.030769218840000008 0.010883981160000005 
0.49552584681600004 0.15272879318400004 0.10315223318399996 0.031793126815999995 0.137168033184 0.042277326816000015 0.02855388681599999 0.008800753183999999 
0.45612895679999993 0.15448544320000002 0.08947984320000002 0.03030575680000001 0.16836304320000003 0.05702255680000003 0.033028156800000014 0.011186243200000008 
0.5067238176000001 0.15618018240000003 0.09868098239999999 0.0304150176 0.13307898240000002 0.04101701760000001 0.025916217599999996 0.0079877824 
0.49591479960000007 0.1372757004 0.10323320039999997 0.028576299599999994 0.15233984040000004 0.04216965960000001 0.0317121596 0.0087783404 
0.5429154931200001 0.10557410687999998 0.15028610688000002 0.02922429311999999 0.11277954687999998 0.02193085311999999 0.03121885312 0.0060707468799999975 
0.5191836559360001 0.114895064064 0.14371682406400002 0.031804455935999995 0.12210050406399998 0.02702077593599999 0.033799015935999994 0.007479704063999997 
0.5368830987520001 0.10440106124799998 0.140914021248 0.02740181875199999 0.12626302124799998 0.024552818751999987 0.03313985875199999 0.006444301247999996 
0.5614239758400001 0.10917322415999998 0.13947986416000002 0.027122935839999994 0.10917322415999997 0.021229575839999987 0.027122935839999997 0.0052742641599999975 
0.4828391568 0.18628384320000002 0.07567924320000002 0.029197756800000012 0.14098404320000002 0.05439295680000002 0.022097556800000008 0.008525443200000005 
0.378171847053 0.203899642947 0.041599322947 0.022429187053000003 0.20714288294700003 0.11168562705300002 0.022785947053000005 0.012285542947000004 
0.4129129368 0.15427516319999998 0.06006866320000002 0.022443236800000002 0.22263106320000003 0.08318083679999999 0.03238733680000001 0.012100763200000001 
0.46643793195999994 0.16499286804000002 0.09150217804 0.03236702196000001 0.15111526804 0.053453931960000006 0.029644621960000006 0.010486178040000006 
0.48820403632 0.16604956368 0.07652012368000002 0.026026276320000014 0.15688586368 0.053360536320000006 0.02458997632000001 0.008363623680000005 
0.50142496404 0.13880098596 0.09106583595999997 0.02520821403999999 0.16139719596000002 0.044676854040000005 0.029312004039999996 0.008113945959999999 
0.5368830987520001 0.10440106124799998 0.148616261248 0.028899578751999992 0.118811941248 0.02310389875199999 0.032888698752 0.006395461247999996 
0.5308507043840001 0.12484433561599997 0.14694641561600003 0.03455854438399999 0.10322801561599997 0.024276944383999983 0.028574864383999993 0.006720175615999996 
0.5371454088000001 0.11870979120000001 0.13361559120000002 0.0295292088 0.11870979120000003 0.0262350088 0.029529208799999998 0.006525991199999999 
0.5614239758400001 0.10917322415999998 0.13947986416000002 0.027122935839999994 0.10917322415999997 0.021229575839999987 0.027122935839999997 0.0052742641599999975 
0.5430510864000001 0.1128077136 0.13491531360000003 0.028025886400000005 0.1201769136 0.024964286399999997 0.0298566864 0.006202113599999999 
0.5369493888000001 0.12627861119999997 0.13339941120000004 0.0313725888 0.11154021120000002 0.026231788799999996 0.027710988800000006 0.006517011199999999 
0.49008050784000007 0.15817413216000006 0.10201869215999997 0.03292666784 0.13566069216 0.04378466784000001 0.02824010783999999 0.00911453216 
0.46643793195999994 0.15111526804 0.09150217804 0.029644621960000006 0.16499286804000002 0.05345393196000001 0.03236702196000001 0.010486178040000006 
0.501155424 0.16174857600000003 0.09759657599999999 0.031499424000000005 0.131616576 0.042479424000000016 0.025631423999999996 0.008272576 
0.4903427232000001 0.12877687680000002 0.10207327679999999 0.026807123199999998 0.16519567680000002 0.04338472320000001 0.034388323199999994 0.009031276799999998 
0.49008050784 0.16545789216000004 0.09543981215999998 0.032221787839999995 0.13566069215999998 0.04580090784 0.02641898783999999 0.00891941216 
0.5013616608 0.1460578392 0.09763673919999999 0.028443760799999995 0.14681113920000002 0.04276936080000001 0.0285904608 0.0083290392 
0.5067238176000001 0.16354578240000003 0.09868098239999998 0.0318494176 0.12604818240000001 0.04068221760000001 0.024547017599999995 0.007922582400000001 
0.51269294076 0.14192010924 0.09311225923999997 0.02577469075999999 0.15012921924000003 0.04155773076000001 0.027265580759999995 0.0075474692399999975 
0.49546328832 0.17480631168000002 0.08998311167999996 0.03174728831999999 0.13012167168000002 0.045908728320000015 0.023631928319999995 0.008337671679999999 
0.47167880759999986 0.1741026924 0.07392999240000002 0.027288507600000015 0.15975199240000001 0.05896650760000002 0.025039207600000012 0.009242292400000008 
0.47918982988799996 0.161781050112 0.10633049011199996 0.035898629887999994 0.13264601011199997 0.044783109888 0.02943366988799999 0.009937210111999998 
0.45612895679999993 0.16836304320000003 0.07735520320000001 0.028552796800000016 0.1683630432 0.062144956800000026 0.028552796800000012 0.010539203200000008 
0.47918982988799996 0.161781050112 0.10633049011199996 0.035898629887999994 0.13264601011199997 0.044783109888 0.02943366988799999 0.009937210111999998 
0.47173836300499983 0.166867786995 0.086201746995 0.030492103005000007 0.152832486995 0.05406136300500001 0.027927403005000004 0.009878746995000003 
0.42219187919999995 0.16418573079999998 0.056104120800000004 0.0218182692 0.2133521208 0.08297026919999999 0.028351879200000003 0.011025730800000001 
0.36981368424 0.18688311576 0.045240955760000014 0.022862244240000006 0.22207761576 0.11222558424000001 0.027167744240000007 0.013729055760000004 
0.4959147996 0.1372757004 0.09657600039999999 0.026733499599999995 0.15962360040000004 0.04418589960000001 0.031085599599999996 0.008604900399999999 
0.5490849873600001 0.10677381263999998 0.14411661264 0.028024587359999988 0.11406113264000001 0.022180067359999993 0.029937267359999995 0.005821532639999997 
0.5371454088000001 0.11870979120000001 0.1115025912 0.024642208799999996 0.14106849119999998 0.031176308799999993 0.029283508799999993 0.006471691199999997 
0.48995814067199994 0.165416579328 0.08898329932799996 0.03004198067199999 0.142735739328 0.048189540672 0.025922820671999986 0.008751899327999997 
0.5371454088000001 0.11870979120000001 0.13361559120000002 0.0295292088 0.11870979120000003 0.0262350088 0.029529208799999998 0.006525991199999999 
0.50109355296 0.15444484704000003 0.10431124703999997 0.032150352959999996 0.13160032704000002 0.04056127296000001 0.027394872959999993 0.008443527039999999 
0.35766717861599995 0.199099911384 0.048265381383999995 0.026867528616000003 0.20835146138400001 0.11598144861600002 0.028115978616000004 0.015651111384000004 
0.4823392250949999 0.170617624905 0.07560088490500001 0.02674226509500001 0.156266924905 0.05527622509500001 0.02449296509500001 0.008663884905000006 
0.49546328832 0.15991143168000002 0.08998311167999996 0.029042168319999995 0.14433951168 0.04658576832000001 0.02621408831999999 0.008460631679999999 
0.4770387940499999 0.16874270595 0.07477010595000001 0.02644839405000001 0.16156735595000002 0.05715114405000002 0.025323744050000013 0.008957755950000007 
0.501155424 0.16174857600000003 0.09759657599999999 0.031499424000000005 0.131616576 0.042479424000000016 0.025631423999999996 0.008272576 
0.45612895679999993 0.16836304320000003 0.0894798432 0.033028156800000014 0.15448544320000002 0.05702255680000002 0.030305756800000007 0.011186243200000006 
0.5490849873600001 0.11406113264000001 0.14411661264 0.029937267359999995 0.10677381263999998 0.022180067359999993 0.02802458735999999 0.005821532639999997 
0.5676620200160001 0.11038625998399997 0.133241819984 0.02590990001599999 0.110386259984 0.021465460015999988 0.025909900015999993 0.005038379983999996 
0.39486375104000004 0.15972016896 0.06772264896 0.02739343104 0.21289944896000004 0.08611663104 0.03651415104000001 0.014769768960000002 
0.5127562440000001 0.127548756 0.09985575599999999 0.024839243999999996 0.15751335600000005 0.03918164400000001 0.030674643999999997 0.007630356 
0.408375432 0.15881266799999996 0.05940856800000001 0.023103332 0.220184568 0.085627332 0.032031432000000006 0.012456668 
0.46649552399999994 0.15799647600000002 0.07911327600000002 0.026794724000000013 0.17218947600000004 0.058318524000000024 0.029201724000000016 0.009890276000000009 
0.46698033712 0.17289406288000003 0.08533230288000002 0.03159329712000001 0.15006556288 0.05556003712000001 0.027421797120000004 0.010152602880000004 
0.4613122403999999 0.1562409596 0.0842965596 0.02855024040000001 0.17027625960000004 0.05767054040000002 0.031114940400000013 0.010538259600000006 
0.5067238176000001 0.16354578240000003 0.09868098239999998 0.0318494176 0.12604818240000001 0.04068221760000001 0.024547017599999995 0.007922582400000001 
0.50142496404 0.13880098596 0.10438023595999996 0.02889381403999999 0.14682967596000004 0.040644374040000014 0.03056512404 0.00846082596 
0.5127562440000001 0.127548756 0.09985575599999999 0.024839243999999996 0.15751335600000005 0.03918164400000001 0.030674643999999997 0.007630356 
0.5368830987520001 0.12626302124799998 0.140914021248 0.03313985875199999 0.10440106124799998 0.024552818751999987 0.02740181875199999 0.006444301247999996 
0.5250834702080002 0.12348800979199999 0.137817009792 0.03241151020799999 0.116200689792 0.027327830207999993 0.030498830207999993 0.007172649791999996 
0.5491527840000001 0.114075216 0.13643121600000005 0.028340784000000004 0.11407521600000002 0.023696784 0.028340784000000004 0.005887216 
0.5614239758400001 0.10917322415999998 0.13947986416000002 0.027122935839999994 0.10917322415999997 0.021229575839999987 0.027122935839999997 0.0052742641599999975 
0.5614239758400001 0.10917322415999998 0.13947986416000002 0.027122935839999994 0.10917322415999997 0.021229575839999987 0.027122935839999997 0.0052742641599999975 
0.5490849873600001 0.12151221264 0.12888141264000003 0.028521387359999997 0.11406113264000002 0.025241667359999997 0.02677246736 0.005924732639999999 
0.5137940808000001 0.1349358192 0.1205979192 0.03167218079999999 0.1276467192 0.033523380799999995 0.029961280799999997 0.007868619199999998 
0.5313097881000001 0.11742011190000001 0.1247092119 0.027560888099999997 0.13199831190000003 0.029171788100000002 0.030982688099999996 0.006847211899999999 
0.484452993024 0.14931596697600003 0.10749836697599996 0.033132673024 0.141131966976 0.043499073024 0.03131667302399999 0.009652286975999999 
0.4958521920000001 0.13022380800000002 0.11002780799999998 0.028896191999999994 0.15232060800000005 0.04000339200000001 0.033799392 0.008876608000000001 
0.48457398528 0.17096441472000004 0.10087241471999997 0.03558918527999999 0.12726185472 0.044899745280000014 0.026491745279999993 0.00934665472 
0.4664379319599999 0.17216821804000002 0.07310854804 0.02698530196000001 0.16499286804 0.06090098196000002 0.025860651960000005 0.009545498040000005 
0.518046905376 0.159670134624 0.09408461462399996 0.028998345375999993 0.12886481462399998 0.039718145376000005 0.02340366537599999 0.007213374623999998 
0.5013616608 0.1460578392 0.09105433919999997 0.02652616079999999 0.15401305920000002 0.04486744080000001 0.027970940799999993 0.008148559199999997 
0.46173336703999995 0.17814103296 0.08437351296000002 0.03255208704000001 0.14837943296 0.057246167040000004 0.027113687040000008 0.010460712960000004 
0.5013616608 0.1689079392 0.09105433919999997 0.03067606079999999 0.13167073920000003 0.044359660800000006 0.023913260799999995 0.008056339199999998 
0.50484735574 0.17171034426 0.07912876426000001 0.026913535740000008 0.14024254426 0.04769975574000001 0.021981335740000007 0.007476364260000003 
0.4877587669499999 0.15802273305 0.07645033305000001 0.02476816695000001 0.16519808305000003 0.05352041695000002 0.025892816950000015 0.008388683050000005 
0.48445299302399997 0.170921726976 0.10749836697599997 0.037926913023999996 0.120508286976 0.042516993024000006 0.026740353023999987 0.009434366975999997 
0.47173836300499983 0.166867786995 0.086201746995 0.030492103005000007 0.152832486995 0.05406136300500001 0.027927403005000004 0.009878746995000003 
0.495525846816 0.167296313184 0.08999447318399996 0.03038336681599999 0.13716803318399998 0.046309806816000006 0.02491164681599999 0.008410513183999997 
0.45612895679999993 0.16836304320000003 0.07735520320000001 0.028552796800000016 0.1683630432 0.062144956800000026 0.028552796800000012 0.010539203200000008 
0.489958140672 0.17286401932800002 0.08898329932799996 0.031394540671999996 0.135626819328 0.047851020672000005 0.02463174067199999 0.008690419327999998 
0.47709769499999993 0.16158730500000001 0.08091130500000003 0.027403695000000016 0.16158730500000001 0.05472769500000002 0.027403695000000016 0.009281305000000009 
0.48489447071999997 0.15607640928000002 0.10759632927999996 0.034632790719999994 0.13422512928 0.04320399072 0.02978407071999999 0.009586809279999999 
0.49546328832 0.15991143168000002 0.10994151167999998 0.03548376832 0.12324711168 0.03977816832000001 0.02734808831999999 0.008826631679999999 
0.4769196832399999 0.15451111675999998 0.07475143676000001 0.02421776324000001 0.17603716676000003 0.057032033240000016 0.02759171324000001 0.008939086760000005 
0.4082734656000001 0.1525417344 0.07002253440000003 0.026162265600000005 0.21314733440000003 0.0796374656 0.03655666560000002 0.013658534400000002 
0.4770387940499999 0.16874270595 0.07477010595000001 0.02644839405000001 0.16156735595000002 0.05715114405000002 0.025323744050000013 0.008957755950000007 
0.48283915679999995 0.1642248432 0.09471964320000001 0.032216356800000005 0.14098404320000002 0.04795195680000001 0.02765715680000001 0.009406843200000004 
0.5254712190000002 0.130547781 0.116129781 0.028851218999999997 0.130547781 0.03243321899999999 0.028851218999999997 0.007167780999999998 
0.493812774 0.17531022600000004 0.07739922600000002 0.027477774000000014 0.144188226 0.05118877400000002 0.022599774000000006 0.008023226000000005 
0.48489447071999997 0.15607640928000002 0.10093912927999996 0.032489990719999993 0.14126057928000002 0.04546854072000001 0.02940582071999999 0.009465059279999999 
0.47918982988799996 0.161781050112 0.09975161011199996 0.033677509887999994 0.13959869011200002 0.04713042988800001 0.029059869887999988 0.009811010111999998 
0.45106085727999984 0.15955354272 0.08848562272 0.03129997728000001 0.16649234272000002 0.05889325728000002 0.03266117728000001 0.011553222720000008 
0.48457398528 0.17096441472000004 0.10087241471999997 0.03558918527999999 0.12726185472 0.044899745280000014 0.026491745279999993 0.00934665472 
0.4716788075999999 0.1528131924 0.0925302924 0.029977707600000007 0.15975199240000001 0.051756007600000015 0.03133890760000001 0.010153092400000004 
0.48457398527999995 0.16359881472 0.10752521471999996 0.03630198527999999 0.12726185472 0.04296534528000001 0.028238945279999993 0.009533854719999998 
0.5070589524000001 0.1261315476 0.10555304759999996 0.02625645239999999 0.15576320760000004 0.03874629240000001 0.0324247924 0.0080657076 
0.5313753900000001 0.12464361000000003 0.11743461000000001 0.02754639 0.13201461 0.030966389999999996 0.02917539 0.006843609999999999 
0.5430510864000001 0.1128077136 0.1425329136 0.029608286399999996 0.11280771360000001 0.0234334864 0.029608286399999996 0.006150513599999998 
0.49034272320000005 0.13573327680000002 0.10880527679999998 0.030118723199999992 0.15062815680000005 0.04169584320000001 0.0334238432 0.0092521568 
0.5370171854400001 0.11155429456 0.14094921456 0.029279305439999997 0.11884161456 0.024686905439999997 0.03119198543999999 0.0064794945599999975 
0.5551859316640002 0.10796018833599999 0.13031342833600001 0.025340451663999994 0.12286234833599999 0.023891531663999988 0.028838291663999992 0.0056078283359999965 
0.5430510864000001 0.12017691359999999 0.13491531360000003 0.029856686400000002 0.11280771360000001 0.024964286399999997 0.028025886400000005 0.006202113599999999 
0.4903427232 0.15062815680000002 0.10880527679999998 0.0334238432 0.1357332768 0.041695843200000006 0.030118723199999992 0.0092521568 
0.48820403632 0.18835366368 0.07652012368000001 0.02952217632000001 0.13561916368000002 0.05232313632000001 0.021256676320000008 0.008201023680000004 
0.36986037788699994 0.199418332113 0.04068505211299999 0.021936237887 0.21545435211300001 0.11616693788700003 0.023700217887 0.012778492113000002 
0.5127562440000001 0.134663256 0.09312375599999997 0.024456743999999996 0.15751335600000005 0.041367144000000015 0.028606643999999994 0.007512855999999999 
0.48445299302399997 0.170921726976 0.10749836697599997 0.037926913023999996 0.120508286976 0.042516993024000006 0.026740353023999987 0.009434366975999997 
0.48489447072 0.13422512928 0.10759632927999997 0.02978407071999999 0.15607640928000002 0.04320399072 0.034632790719999994 0.009586809279999997 
0.5070589524000001 0.13316699760000003 0.10555304759999996 0.027721002399999993 0.14847944760000006 0.038994602400000015 0.030908552399999997 0.0081173976 
0.49022029055999994 0.14281210943999997 0.10877810943999998 0.03168949055999999 0.14354866944 0.04181893056 0.03185293056 0.00927946944 
0.4770387940499999 0.15454970594999998 0.08090131595000001 0.02621018405000001 0.16874270595000002 0.05466879405000001 0.028617184050000015 0.009271315950000006 
0.48832596539999995 0.18079703460000002 0.08281551460000003 0.030661485400000014 0.1356530346 0.050223965400000015 0.023005485400000008 0.008517514600000005 
0.4129129368 0.1605772532 0.06538306320000002 0.025426746800000007 0.2086630632 0.08114674679999999 0.033040936800000004 0.012849253200000002 
0.40373709376000005 0.16975309623999996 0.053651706240000006 0.022558103759999996 0.21768370624000005 0.09152610375999999 0.028927493760000006 0.012162696239999998 
0.4769196832399999 0.15451111675999998 0.07475143676000001 0.02421776324000001 0.17603716676000003 0.057032033240000016 0.02759171324000001 0.008939086760000005 
0.5551859316640001 0.12286234833599999 0.13031342833600001 0.028838291663999996 0.10796018833599999 0.02389153166399999 0.025340451663999994 0.0056078283359999965 
0.5370171854400001 0.11884161455999999 0.13341625456000003 0.029524945440000002 0.11884161456000002 0.026299585439999995 0.02952494544 0.006533854559999998 
0.5370171854400001 0.11884161455999999 0.14094921456 0.031191985439999993 0.11155429456000002 0.024686905439999997 0.029279305439999997 0.0064794945599999975 
0.5614239758400001 0.10917322415999998 0.13177762416000002 0.025625175839999993 0.11662430416000001 0.022678495839999993 0.027374095839999998 0.005323104159999997 
0.5195670480000001 0.13645195200000002 0.11482495200000001 0.030156047999999994 0.129080952 0.03390004799999999 0.028527048 0.007491951999999998 
0.39042707968000007 0.16415684031999997 0.06696172032000001 0.028154359679999994 0.21050732032000002 0.08850875967999998 0.03610387968000001 0.01518004032 
0.46643793195999994 0.15111526804 0.09150217804 0.029644621960000006 0.16499286804000002 0.05345393196000001 0.03236702196000001 0.010486178040000006 
0.39920072192000006 0.16784575807999996 0.05304887808000001 0.022304641919999996 0.22222007808000005 0.09343344191999998 0.02953032192000001 0.01241615808 
0.45106085727999984 0.15955354272 0.08848562272 0.03129997728000001 0.16649234272000002 0.05889325728000002 0.03266117728000001 0.011553222720000008 
0.47918982988799996 0.161781050112 0.09975161011199996 0.033677509887999994 0.13959869011200002 0.04713042988800001 0.029059869887999988 0.009811010111999998 
0.49579097568 0.13724142432 0.09004262431999997 0.024924975679999992 0.16703118432 0.04623641568 0.03033521567999999 0.008397184319999997 
0.48445299302399997 0.170921726976 0.08798348697599996 0.03104179302399999 0.141131966976 0.04979331302400001 0.025631553023999987 0.009043166975999998 
0.49022029056000005 0.14281210944 0.08903090943999997 0.02593669055999999 0.16515442944 0.04811317056 0.02999437055999999 0.008738029439999996 
0.5429154931200002 0.12768170688 0.12743330688 0.029969493119999996 0.11277954688000001 0.026523253119999996 0.02647165312 0.0062255468799999976 
0.5191836559360001 0.122100504064 0.14371682406400002 0.033799015935999994 0.114895064064 0.027020775935999993 0.031804455935999995 0.0074797040639999965 
0.5372795610000001 0.133481439 0.11153043899999998 0.027708560999999993 0.12602853900000002 0.031310461 0.026161460999999997 0.006499538999999999 
0.4958521920000001 0.13022380800000002 0.09656380799999999 0.025360191999999997 0.16705180800000002 0.04387219200000001 0.032532191999999995 0.008543808 
0.484452993024 0.14931596697600003 0.10749836697599996 0.033132673024 0.141131966976 0.043499073024 0.03131667302399999 0.009652286975999999 
0.4613122403999999 0.1562409596 0.0842965596 0.02855024040000001 0.17027625960000004 0.05767054040000002 0.031114940400000013 0.010538259600000006 
0.41280983744000005 0.17356777255999994 0.05485736256000001 0.023065027439999997 0.20861096256 0.08771142743999998 0.027721837440000008 0.01165577256 
0.46649552399999994 0.15799647600000002 0.07911327600000002 0.026794724000000013 0.17218947600000004 0.058318524000000024 0.029201724000000016 0.009890276000000009 
0.5372795610000002 0.11873943900000002 0.12611043900000002 0.027870561000000002 0.12602853900000002 0.027852461000000002 0.029581461 0.006537538999999999 
0.4959147996 0.1372757004 0.09657600039999999 0.026733499599999995 0.15962360040000004 0.04418589960000001 0.031085599599999996 0.008604900399999999 
0.5430510864000001 0.12017691359999999 0.13491531360000003 0.029856686400000002 0.11280771360000001 0.024964286399999997 0.028025886400000005 0.006202113599999999 
0.5069323459199999 0.12610005407999997 0.11248645407999996 0.027981145919999992 0.14844237408000002 0.03692522592 0.03293882592 0.00819357408 
0.4877587669499999 0.15802273305 0.07645033305000001 0.02476816695000001 0.16519808305000003 0.05352041695000002 0.025892816950000015 0.008388683050000005 
0.500968435968 0.15440628403200002 0.09098292403199996 0.028042355967999994 0.145943284032 0.044981995968 0.026505355967999987 0.008169364031999998 
0.47709769499999993 0.16158730500000001 0.08091130500000003 0.027403695000000016 0.16158730500000001 0.05472769500000002 0.027403695000000016 0.009281305000000009 
0.40827346560000005 0.17166043439999995 0.05425453440000001 0.022811565599999997 0.21314733440000005 0.08961876559999998 0.02832466560000001 0.0119092344 
0.37401611247 0.19526259753 0.04114218753 0.02147910247 0.21787518753000004 0.11374610247000003 0.023966512470000003 0.012512197530000003 
0.49579097568 0.14443497432000002 0.10320742431999996 0.030066625679999986 0.14517990432000005 0.04229414568000001 0.030221695679999997 0.00880425432 
0.473805674496 0.16716520550400002 0.10513576550399996 0.03709335449599999 0.131155605504 0.04627351449600001 0.02910295449599999 0.010267925503999999 
0.46131224039999985 0.1702762596 0.0842965596 0.03111494040000001 0.1562409596 0.05767054040000002 0.02855024040000001 0.010538259600000007 
0.4613122403999999 0.1562409596 0.09049665960000002 0.03065014040000001 0.16317975960000003 0.055267040400000016 0.03201134040000001 0.010841859600000007 
0.48995814067199994 0.165416579328 0.08898329932799996 0.03004198067199999 0.142735739328 0.048189540672 0.025922820671999986 0.008751899327999997 
0.48239878049999996 0.15628621950000002 0.08181031950000002 0.026504680500000013 0.16338271950000002 0.05293228050000001 0.027708180500000016 0.008976819500000007 
0.5429154931200001 0.10557410687999998 0.13488162688000002 0.026228773119999993 0.12768170687999997 0.024828693119999985 0.03172117312 0.006168426879999997 
0.5370171854400001 0.11155429456 0.14094921456 0.029279305439999997 0.11884161456 0.024686905439999997 0.03119198543999999 0.0064794945599999975 
0.49591479960000007 0.1372757004 0.10323320039999997 0.028576299599999994 0.15233984040000004 0.04216965960000001 0.0317121596 0.0087783404 
0.5490849873600001 0.11406113264000001 0.14411661264 0.029937267359999995 0.10677381263999998 0.022180067359999993 0.02802458735999999 0.005821532639999997 
0.5369493888000001 0.11154021120000002 0.14863461120000002 0.0308757888 0.11154021119999999 0.023170188799999995 0.0308757888 0.006413811199999999 
0.5191836559360001 0.114895064064 0.14371682406400002 0.031804455935999995 0.12210050406399998 0.02702077593599999 0.033799015935999994 0.007479704063999997 
0.46643793195999994 0.15111526804 0.08523318804 0.027613611960000006 0.17216821804000002 0.05577858196000002 0.03146066196000001 0.010192538040000004 
0.468482015232 0.16528694476800004 0.10395446476799997 0.03667657523199999 0.13647926476799999 0.048151775232 0.03028425523199999 0.010684704767999998 
0.47944621824000005 0.13967338176000002 0.09980498175999998 0.029075418239999994 0.16152466176000002 0.047055738240000006 0.03362413823999999 0.009795461759999997 
0.46643793195999983 0.16499286804 0.07310854804000001 0.02586065196000001 0.17216821804000002 0.06090098196000002 0.02698530196000001 0.009545498040000005 
0.51235408224 0.15791551776 0.09977743775999996 0.030752962239999994 0.12744871776 0.039281682240000004 0.024819762239999994 0.00764983776 
0.5070589524000001 0.13316699760000003 0.10555304759999996 0.027721002399999993 0.14847944760000006 0.038994602400000015 0.030908552399999997 0.0081173976 
0.5066612591040001 0.15616090089600004 0.09201682089599997 0.028361019103999994 0.140250460896 0.043227379104000006 0.02547145910399999 0.007850700895999999 
0.49022029056000005 0.14281210944 0.08903090943999997 0.02593669055999999 0.16515442944 0.04811317056 0.02999437055999999 0.008738029439999996 
0.47747427727999997 0.16240012272 0.08724988272 0.029675717280000007 0.15343782271999998 0.05218777728 0.028038017280000004 0.009536382720000004 
0.41280983744000005 0.17356777255999994 0.05485736256000001 0.023065027439999997 0.20861096256 0.08771142743999998 0.027721837440000008 0.01165577256 
0.4770387940499999 0.16874270595 0.07477010595000001 0.02644839405000001 0.16156735595000002 0.05715114405000002 0.025323744050000013 0.008957755950000007 
0.489958140672 0.15101273932800002 0.10199321932799996 0.03143590067199999 0.14273573932800002 0.04399338067200001 0.02971290067199999 0.009157979327999999 
0.49022029056000005 0.14281210944 0.08903090943999997 0.02593669055999999 0.16515442944 0.04811317056 0.02999437055999999 0.008738029439999996 
0.5309832844800001 0.11030087552000001 0.13936551552 0.028950324479999998 0.12487551552 0.025940324479999995 0.03277568447999999 0.0068084755199999975 
0.5429154931200001 0.10557410687999998 0.15028610688000002 0.02922429311999999 0.11277954687999998 0.02193085311999999 0.03121885312 0.0060707468799999975 
0.5430510864000001 0.12017691359999999 0.13491531360000003 0.029856686400000002 0.11280771360000001 0.024964286399999997 0.028025886400000005 0.006202113599999999 
0.5309832844800001 0.12487551551999998 0.13191719552000006 0.03102400448 0.11750631552000002 0.027634884479999993 0.02919320448 0.006865595519999997 
0.5308507043840001 0.10322801561599998 0.146946415616 0.02857486438399999 0.12484433561599997 0.024276944383999986 0.034558544383999995 0.006720175615999996 
0.47405918208000003 0.15970977792000002 0.10519201791999996 0.035439022079999986 0.13810401792 0.04652702208 0.030644782079999995 0.010324177919999998 
0.50484735574 0.17171034426 0.07912876426000001 0.026913535740000008 0.14024254426 0.04769975574000001 0.021981335740000007 0.007476364260000003 
0.4903427232 0.1428477768 0.09549087679999997 0.027818623199999993 0.15783007680000002 0.04597942320000001 0.030736323199999995 0.0089541768 
0.5066612591040001 0.15616090089600004 0.10547026089599996 0.032507579104 0.12603262089599998 0.038845219104 0.026235859103999993 0.008086300896 
0.36981368424 0.18688311576 0.045240955760000014 0.022862244240000006 0.22207761576 0.11222558424000001 0.027167744240000007 0.013729055760000004 
0.49034272320000005 0.13573327680000002 0.10880527679999998 0.030118723199999992 0.15062815680000005 0.04169584320000001 0.0334238432 0.0092521568 
0.473805674496 0.15996328550400002 0.10513576550399996 0.03549527449599999 0.138030165504 0.046600874496 0.03062839449599999 0.010340565504 
0.47944621824 0.13967338176 0.10638738175999997 0.03099301823999999 0.15432274176000002 0.044957658240000004 0.034243658239999995 0.009975941759999997 
0.500968435968 0.17674860403200002 0.09098292403199996 0.03210003596799999 0.12461652403199999 0.043966435968000005 0.02263211596799999 0.007984924031999997 
0.365704643304 0.203574066696 0.040227916695999996 0.022393373304 0.21303351669600004 0.11858777330400004 0.023433923304 0.013044786696000003 
0.47167880759999997 0.17410269240000004 0.07999231240000002 0.029526187600000014 0.15281319240000002 0.056405307600000024 0.025915687600000008 0.009565812400000005 
0.5253400152000001 0.13051518480000002 0.10905198479999999 0.027092815199999995 0.1379680848 0.034276715199999995 0.02863991519999999 0.007115284799999997 
0.5551859316640001 0.12286234833599999 0.13031342833600001 0.028838291663999996 0.10796018833599999 0.02389153166399999 0.025340451663999994 0.0056078283359999965 
0.5368830987520001 0.12626302124799998 0.140914021248 0.03313985875199999 0.10440106124799998 0.024552818751999987 0.02740181875199999 0.006444301247999996 
0.4665544249499999 0.16503407504999998 0.07912326505000002 0.02798823495000001 0.16503407504999998 0.05837742495000001 0.02798823495000001 0.009900265050000006 
0.4082734656 0.1587730144 0.054254534400000005 0.021098985599999998 0.2272705344 0.08838298559999999 0.030201465600000005 0.011745014400000002 
0.5195670480000001 0.13645195200000002 0.12195295200000002 0.032028047999999996 0.12187375200000002 0.032007247999999995 0.028606248 0.007512751999999998 
0.49546328832 0.17480631168000002 0.09648807167999997 0.034042328319999995 0.12324711168 0.04348328832000001 0.024001528319999996 0.00846807168 
0.47691968323999995 0.15451111676 0.09355840676000002 0.03031079324000001 0.15451111676 0.05005808324000001 0.03031079324000001 0.009820006760000005 
0.5250834702080002 0.12348800979199999 0.137817009792 0.03241151020799999 0.116200689792 0.027327830207999993 0.030498830207999993 0.007172649791999996 
0.5490849873600002 0.11406113264000002 0.12888141264000003 0.026772467360000003 0.12151221263999999 0.025241667359999994 0.028521387359999994 0.005924732639999998 
0.5429154931200002 0.12768170688 0.12743330688 0.029969493119999996 0.11277954688000001 0.026523253119999996 0.02647165312 0.0062255468799999976 
0.518046905376 0.159670134624 0.09408461462399996 0.028998345375999993 0.12886481462399998 0.039718145376000005 0.02340366537599999 0.007213374623999998 
0.50142496404 0.12473008596 0.10438023595999996 0.02596471403999999 0.16139719596000004 0.04014775404000001 0.03359760403999999 0.008357445959999998 
0.5429840430560001 0.120162076944 0.14251531694400002 0.031538563055999995 0.10558743694399998 0.02336644305599999 0.02771320305599999 0.006132916943999997 
0.5429154931200001 0.11277954688 0.15028610688000002 0.031218853119999997 0.10557410687999996 0.02193085311999999 0.02922429311999999 0.0060707468799999975 
0.548947887488 0.10674715251199997 0.151955952512 0.02954900748799999 0.10674715251199995 0.020757807487999984 0.02954900748799999 0.005746032511999996 
0.51269294076 0.12753300924 0.10672585923999996 0.02654819075999999 0.15012921924000003 0.03734483076000001 0.03125198076 0.0077739692399999985 
0.473805674496 0.15996328550400002 0.10513576550399996 0.03549527449599999 0.138030165504 0.046600874496 0.03062839449599999 0.010340565504 
0.4848332544 0.14124274560000002 0.10758274559999997 0.03134125439999999 0.14893570560000002 0.04338829440000001 0.0330482944 0.0096277056 
0.50109355296 0.16172860704000006 0.10431124703999997 0.03366659296 0.12464764704 0.04023019296000001 0.02594755295999999 0.008374607039999999 
0.47709769499999993 0.16158730500000001 0.08091130500000003 0.027403695000000016 0.16158730500000001 0.05472769500000002 0.027403695000000016 0.009281305000000009 
0.50109355296 0.15444484704000003 0.10431124703999997 0.032150352959999996 0.13160032704000002 0.04056127296000001 0.027394872959999993 0.008443527039999999 
0.48489447072 0.14126057928000002 0.10093912927999997 0.02940582071999999 0.15607640928000005 0.04546854072000001 0.032489990719999993 0.009465059279999999 
0.49552584681600004 0.15272879318400004 0.10315223318399996 0.031793126815999995 0.137168033184 0.042277326816000015 0.02855388681599999 0.008800753183999999 
0.46649552399999994 0.15799647600000002 0.09151347600000001 0.030994524000000013 0.15799647600000002 0.05351152400000002 0.03099452400000001 0.010497476000000006 
0.477533232 0.16953076800000003 0.09367876800000001 0.03325723200000001 0.13943476800000001 0.04950123200000002 0.02735323200000001 0.009710768000000007 
0.4770387940499999 0.15454970594999998 0.08090131595000001 0.02621018405000001 0.16874270595000002 0.05466879405000001 0.028617184050000015 0.009271315950000006 
0.49008050784000007 0.15817413216000006 0.10201869215999997 0.03292666784 0.13566069216 0.04378466784000001 0.02824010783999999 0.00911453216 
0.46643793195999994 0.15111526804 0.08523318804 0.027613611960000006 0.17216821804000002 0.05577858196000002 0.03146066196000001 0.010192538040000004 
0.4848332544 0.14124274560000002 0.09441794559999998 0.027506054399999993 0.16333954560000002 0.047584454400000004 0.031809254399999994 0.0092667456 
0.5490849873600001 0.11406113264000001 0.14411661264 0.029937267359999995 0.10677381263999998 0.022180067359999993 0.02802458735999999 0.005821532639999997 
0.4848332544 0.12732994560000002 0.10758274559999999 0.0282540544 0.1633395456 0.0428972544 0.036244454399999994 0.009518745599999998 
0.47912933376000005 0.15463962624000005 0.10631706623999997 0.03431397376 0.13958106624 0.04504997376000001 0.030972533759999994 0.00999642624 
0.5127562440000001 0.127548756 0.09985575599999999 0.024839243999999996 0.15751335600000005 0.03918164400000001 0.030674643999999997 0.007630356 
0.5429840430560001 0.10558743694399998 0.142515316944 0.027713203055999988 0.120162076944 0.02336644305599999 0.03153856305599999 0.006132916943999996 
0.5250171801600002 0.12347241984 0.14533161984000004 0.03417878016 0.10906153984 0.02564886015999999 0.030189660160000003 0.007099939839999998 
0.5312427120000002 0.11740528800000001 0.11740528800000001 0.025946712 0.139518288 0.030833711999999996 0.030833711999999996 0.006814287999999999 
0.5250171801600001 0.10906153984000001 0.14533161984 0.03018966016 0.12347241983999999 0.02564886015999999 0.03417878016 0.007099939839999998 
0.5432493339000002 0.13496456610000002 0.1127696661 0.0280164339 0.1200587661 0.029827333899999996 0.024922233899999997 0.006191666099999998 
0.5066612591040001 0.15616090089600004 0.09201682089599997 0.028361019103999994 0.140250460896 0.043227379104000006 0.02547145910399999 0.007850700895999999 
0.4769196832399999 0.15451111675999998 0.07475143676000001 0.02421776324000001 0.17603716676000003 0.057032033240000016 0.02759171324000001 0.008939086760000005 
0.4955870304000001 0.15995136960000006 0.09651216959999999 0.031149430400000004 0.1371849696 0.04427663040000001 0.026715830399999994 0.0086225696 
0.5013616608 0.12471433920000001 0.11125033919999996 0.027673660799999993 0.15401305920000002 0.038310940800000005 0.0341749408 0.0085010592 
0.47918982988799996 0.161781050112 0.09975161011199996 0.033677509887999994 0.13959869011200002 0.04713042988800001 0.029059869887999988 0.009811010111999998 
0.5184535356000001 0.13615951440000001 0.09415846439999996 0.024728485599999992 0.15181606440000003 0.03987088560000002 0.027571935599999993 0.007241114399999999 
0.5676620200160001 0.11038625998399997 0.133241819984 0.02590990001599999 0.110386259984 0.021465460015999988 0.025909900015999993 0.005038379983999996 
0.4848332544 0.14124274560000002 0.09441794559999998 0.027506054399999993 0.16333954560000002 0.047584454400000004 0.031809254399999994 0.0092667456 
0.49008050784000007 0.15817413216000006 0.10201869215999997 0.03292666784 0.13566069216 0.04378466784000001 0.02824010783999999 0.00911453216 
0.47944621824000005 0.13967338176000002 0.09980498175999998 0.029075418239999994 0.16152466176000002 0.047055738240000006 0.03362413823999999 0.009795461759999997 
0.50484735574 0.17171034426 0.07912876426000001 0.026913535740000008 0.14024254426 0.04769975574000001 0.021981335740000007 0.007476364260000003 
0.48489447072 0.14126057928000002 0.10093912927999997 0.02940582071999999 0.15607640928000005 0.04546854072000001 0.032489990719999993 0.009465059279999999 
0.40373709376000005 0.15084682623999998 0.06924450624000002 0.02587157376 0.21768370624000005 0.08133237375999999 0.03733469376000001 0.013949226240000001 
0.45106085727999984 0.15955354272 0.08848562272 0.03129997728000001 0.16649234272000002 0.05889325728000002 0.03266117728000001 0.011553222720000008 
0.41750085832000006 0.16887675168 0.055480741680000015 0.02244164832 0.21098154168000002 0.08534084832 0.028036858320000007 0.011340751680000002 
0.47173836300499983 0.166867786995 0.073939326995 0.026154523005000006 0.166867786995 0.05902606300500001 0.026154523005000006 0.009251626995000005 
0.47747427727999997 0.17677932272000002 0.09366720272000002 0.03467919728000001 0.13263852272 0.04910787728000001 0.026019997280000005 0.009633602720000004 
0.3617315783729999 0.19503551162699997 0.04881385162699999 0.026319058373 0.210719091627 0.11361381837300001 0.028435478373000003 0.015331611627000002 
0.46643793195999994 0.15111526804 0.08523318804 0.027613611960000006 0.17216821804000002 0.05577858196000002 0.03146066196000001 0.010192538040000004 
0.4848332544 0.14124274560000002 0.09441794559999998 0.027506054399999993 0.16333954560000002 0.047584454400000004 0.031809254399999994 0.0092667456 
0.5309832844800001 0.11750631552 0.13191719552000003 0.02919320448 0.12487551551999998 0.02763488447999999 0.03102400448 0.006865595519999998 
0.495525846816 0.167296313184 0.08999447318399996 0.03038336681599999 0.13716803318399998 0.046309806816000006 0.02491164681599999 0.008410513183999997 
