Action: 0
[0.1709373030943042, 0.09224015747861071, 0.2751412721519131, 0.092238465591346, 0.0927267122672829, 0.09223915823385098, 0.092238465591346, 0.092238465591346]
[0.10604118183499758, 0.09304987410119726, 0.31868239570412127, 0.09304987410119726, 0.1033434362659616, 0.09973348979013051, 0.09304987410119726, 0.09304987410119726]
[0.14828621834323438, 0.09253528852795771, 0.20287225184022886, 0.0925316129765202, 0.18608026031683292, 0.09263114204218549, 0.0925316129765202, 0.0925316129765202]
[0.125, 0.125, 0.125, 0.125, 0.125, 0.125, 0.125, 0.125]
[0.10224258294989372, 0.18608319516935992, 0.22406994738155844, 0.0930415975026013, 0.09536583319445378, 0.1131136487969303, 0.0930415975026013, 0.0930415975026013]
[0.0945466045175051, 0.09152641894222563, 0.27312564950486495, 0.09112208464148044, 0.10968127582378114, 0.15775379728718192, 0.09112208464148044, 0.09112208464148044]
[0.125, 0.125, 0.125, 0.125, 0.125, 0.125, 0.125, 0.125]
[0.125, 0.125, 0.125, 0.125, 0.125, 0.125, 0.125, 0.125]

Action: 1
[0.0897309650429848, 0.1367342342495461, 0.0897309650429848, 0.0897309650429848, 0.12773285385273694, 0.286878086682793, 0.0897309650429848, 0.0897309650429848]
[0.1111111111111111, 0.1111111111111111, 0.1111111111111111, 0.1111111111111111, 0.2222222222222222, 0.1111111111111111, 0.1111111111111111, 0.1111111111111111]
[0.09224657511536233, 0.0977798387944737, 0.09201926675110786, 0.09201926675110786, 0.13864438379913088, 0.3032521352866017, 0.09201926675110786, 0.09201926675110786]
[0.125, 0.125, 0.125, 0.125, 0.125, 0.125, 0.125, 0.125]
[0.10024259162625124, 0.09235986317793113, 0.09235986317793113, 0.09235986317793113, 0.18276265596128383, 0.25519543652280924, 0.09235986317793113, 0.09235986317793113]
[0.09387898256860522, 0.09387898256860522, 0.09387898256860522, 0.09387898256860522, 0.12321159675678858, 0.31351450783157997, 0.09387898256860522, 0.09387898256860522]
[0.125, 0.125, 0.125, 0.125, 0.125, 0.125, 0.125, 0.125]
[0.125, 0.125, 0.125, 0.125, 0.125, 0.125, 0.125, 0.125]

