Action: 0
[0.09979896752466592, 0.09484212468168707, 0.29019071466249374, 0.09484212453572431, 0.09698494623660184, 0.13365687328737835, 0.09484212453572431, 0.09484212453572431]
[0.194374401420617, 0.0971872007103085, 0.20472001301547088, 0.0971872007103085, 0.11496958201236969, 0.0971872007103085, 0.0971872007103085, 0.0971872007103085]
[0.10444888091330579, 0.0979447179817941, 0.20732000905568052, 0.0979447179604147, 0.09794556215006275, 0.19850667601791278, 0.0979447179604147, 0.0979447179604147]
[0.125, 0.125, 0.125, 0.125, 0.125, 0.125, 0.125, 0.125]
[0.21494575957681092, 0.0968381442603377, 0.20402521700654483, 0.09683814426033764, 0.09683830211495592, 0.09683814426033764, 0.09683814426033764, 0.09683814426033764]
[0.20303549770143864, 0.09259342299066328, 0.19310654284933165, 0.09259342299066328, 0.0997708598597445, 0.13371340762683198, 0.09259342299066328, 0.09259342299066328]
[0.125, 0.125, 0.125, 0.125, 0.125, 0.125, 0.125, 0.125]
[0.125, 0.125, 0.125, 0.125, 0.125, 0.125, 0.125, 0.125]

Action: 1
[0.09918738909707339, 0.09918738909707339, 0.09918738909707339, 0.09918738909707339, 0.09918738909707339, 0.3056882763204863, 0.09918738909707339, 0.09918738909707339]
[0.1111111111111111, 0.1111111111111111, 0.1111111111111111, 0.1111111111111111, 0.1111111111111111, 0.2222222222222222, 0.1111111111111111, 0.1111111111111111]
[0.09597071664580538, 0.09486380735392987, 0.09486380735392987, 0.09486380735392987, 0.18045129360855272, 0.2492589529759926, 0.09486380735392987, 0.09486380735392987]
[0.125, 0.125, 0.125, 0.125, 0.125, 0.125, 0.125, 0.125]
[0.09717159328545452, 0.15180421039158853, 0.09717159328545452, 0.09717159328545452, 0.09717159328545452, 0.2651662298956844, 0.09717159328545452, 0.09717159328545452]
[0.10641093560237633, 0.0933626229600729, 0.0933626229600729, 0.0933626229600729, 0.15554158959971728, 0.27123435999754186, 0.0933626229600729, 0.0933626229600729]
[0.125, 0.125, 0.125, 0.125, 0.125, 0.125, 0.125, 0.125]
[0.125, 0.125, 0.125, 0.125, 0.125, 0.125, 0.125, 0.125]

