Action: 0
[0.1202830312825526, 0.0927602411092576, 0.28971211504086725, 0.09275531365396299, 0.1061217538790449, 0.11285691772638876, 0.09275531365396299, 0.09275531365396299]
[0.12056913839710245, 0.09287141921592212, 0.1503645205344374, 0.09287141921592212, 0.2647092449888495, 0.09287141921592212, 0.09287141921592212, 0.09287141921592212]
[0.11009155941596206, 0.09434316670757313, 0.189813802097299, 0.09434316221141799, 0.18890008800639058, 0.1338218971385212, 0.09434316221141799, 0.09434316221141799]
[0.125, 0.125, 0.125, 0.125, 0.125, 0.125, 0.125, 0.125]
[0.10124073134095979, 0.1898001945200625, 0.16045850815548787, 0.09490009051778939, 0.16889745374840423, 0.09490284068171759, 0.09490009051778939, 0.09490009051778939]
[0.19872329550124462, 0.10882234560634334, 0.20317094418193332, 0.09781430653076252, 0.09802523791555828, 0.09781525720263297, 0.09781430653076252, 0.09781430653076252]
[0.125, 0.125, 0.125, 0.125, 0.125, 0.125, 0.125, 0.125]
[0.125, 0.125, 0.125, 0.125, 0.125, 0.125, 0.125, 0.125]

Action: 1
[0.09832854167748321, 0.09832854167748321, 0.09832854167748321, 0.09832854167748321, 0.10890079599990811, 0.30112795393519276, 0.09832854167748321, 0.09832854167748321]
[0.1111111111111111, 0.1111111111111111, 0.1111111111111111, 0.1111111111111111, 0.1111111111111111, 0.2222222222222222, 0.1111111111111111, 0.1111111111111111]
[0.11984507287301045, 0.09503648300566976, 0.09503648300566976, 0.09503648300566976, 0.11137171497846364, 0.2936007971201771, 0.09503648300566976, 0.09503648300566976]
[0.125, 0.125, 0.125, 0.125, 0.125, 0.125, 0.125, 0.125]
[0.09639398503622733, 0.09637229080871229, 0.09637229080871229, 0.09637229080871229, 0.1341779026358303, 0.28756665828438094, 0.09637229080871229, 0.09637229080871229]
[0.13930166877052372, 0.09348945517609533, 0.09348945517609533, 0.09348945517609533, 0.25454391587481007, 0.13870713947418956, 0.09348945517609533, 0.09348945517609533]
[0.125, 0.125, 0.125, 0.125, 0.125, 0.125, 0.125, 0.125]
[0.125, 0.125, 0.125, 0.125, 0.125, 0.125, 0.125, 0.125]

