0.125 0.125 0.125 0.125 0.125 0.125 0.125 0.125
0.5335977819265301 0.1346228937140874 0.14851716926717595 0.036549178013189916 0.09130944095390277 0.024196605056399693 0.024789877261120117 0.006417053807594249
0.5503106057542324 0.11861937571843723 0.16919053275235563 0.03588728158370715 0.07906407293425637 0.01771003240180186 0.023945370275434773 0.005272728579774642
0.6301740954307452 0.060712768039445364 0.19505779008437693 0.01850862438790464 0.0665770148412802 0.006653437749047158 0.020318447085149093 0.0019978223820513825
0.6591804623014522 0.06012591712698793 0.1726523080489807 0.015544907116742342 0.06720823968881373 0.0063084490080401465 0.017371830614932464 0.0016078860940505156
0.5835621518294037 0.11704749430810309 0.17222552368456184 0.03416487401797964 0.05971882483010563 0.012305866377138278 0.017426836841627828 0.0035484281110800676
0.5740988024149487 0.05471708553824415 0.2535238471629145 0.023788522492928395 0.059550037641754386 0.005869082811014095 0.025938573574119123 0.002514048364076642
0.6319435309776509 0.0567085822650769 0.17770569372140552 0.015737602360213526 0.08450090509483309 0.007819127522668279 0.02344562609051787 0.0021389319676340815
0.5537597741981699 0.05078629551193667 0.27672307707798277 0.025098483102332373 0.057293793396377524 0.005410664131077002 0.028288351302530653 0.0026395612795932087
0.6600989178382217 0.05878045390815183 0.17518588144008962 0.015382642137612552 0.06575290894070226 0.006040505745052514 0.01720206555568574 0.0015566244344836367
0.5542590508189452 0.05062702123143588 0.27746967571765835 0.025081167324137194 0.05661145421065779 0.005311333526156682 0.02803916004192278 0.0026011371290860404
0.6342450980070597 0.05644966451496853 0.20112833835698912 0.017685756915845424 0.06312948709124236 0.005795906748951267 0.01977374866438439 0.0017919997005591615
0.5668796657907591 0.11271277784092483 0.16802777784056505 0.03302983309653948 0.07667425192451185 0.01567588398224348 0.022463296351072984 0.00453651317338311
0.6477464273412334 0.06202573807370024 0.17828136398921096 0.01679898156257143 0.06811934207657946 0.006757160939426831 0.018470156835254443 0.0018008291820232275
0.5540874530255264 0.05074973182070668 0.27728102968212326 0.025121620741468894 0.056728855606139675 0.005342624265745925 0.02807550015211998 0.0026131847061689677
0.5648526707408125 0.05028259741281914 0.27066857618887324 0.023790978374685808 0.056232449639818584 0.005163807309298644 0.02659936391481592 0.0024095564188762186
0.5649248503621733 0.050310202030399244 0.2705328367101881 0.02379482616188345 0.05625993021944814 0.005165259232466429 0.026602135852493377 0.002409959430947904
0.5543613691959514 0.04937214346103286 0.28108410984350596 0.02473808596974064 0.05521090585867959 0.005069218267747534 0.027656983643975824 0.002507183759366231
0.6429693132933151 0.05710223115808296 0.19271935238495363 0.016901711495071522 0.06385560168192699 0.0058484465221876145 0.01889589554867708 0.0017074479157851922
0.6594514825489758 0.05995030334475993 0.17283304439981173 0.015517880717391953 0.06703656080189903 0.006264055133588371 0.01734730527676752 0.0015993677768056489
0.5542004182838542 0.05070597161875073 0.2772834471423727 0.025104369099807754 0.056701844146805624 0.005329631174789221 0.02806608856841331 0.0026082299652067076
0.6408014634787711 0.057040673228606543 0.17009344681365954 0.014930340403625435 0.08505431929443348 0.0078099988728233555 0.022256616254973268 0.0020131416531073447
0.5643485007520957 0.051841679851021255 0.26589741034773706 0.02414773267325681 0.058480445711150096 0.00552921044690695 0.02721374489446832 0.0025412753233638526
0.5648207612888937 0.05044665032722466 0.27020106291321644 0.023831155424737994 0.05643025587747492 0.0051978020583117734 0.02665047485042222 0.0024218372597182287
0.5649150370888802 0.050323679974460446 0.27050094142284 0.02379847970652167 0.056275818336708104 0.005168369342520365 0.026606578857775058 0.0024110952702940305
0.6342756454908561 0.056490673722758435 0.20100102329077496 0.017690382020911694 0.06317134065904577 0.005800258860400516 0.01977772570117806 0.0017929502540745504
0.5648599028014349 0.05124641232642832 0.26787988175903116 0.024027323137572696 0.057304516956117484 0.005345799715075165 0.026860959030013475 0.002475204274326814
0.564870330482847 0.05038832264031696 0.2703492038439291 0.023816155213584173 0.05634961499118011 0.005182933152461538 0.026627018508235564 0.0024164211674456157
0.560970748516045 0.10951478001907007 0.1777647619957218 0.0342938168839097 0.07450212931280717 0.014994659995491105 0.02332423841079575 0.004634864866159356
0.6565901053873705 0.06260624008745311 0.17006751182584537 0.015942429551631117 0.06876724923504433 0.006793735421174965 0.017531998821113823 0.001700729670366738
0.554090617503931 0.05084889505919391 0.27698650984775175 0.025148226193680102 0.056839207081959914 0.005361187971823251 0.0281049897809881 0.0026203665606720455
0.5857519193630272 0.11430332104611418 0.17541632123231304 0.03379899495811086 0.058323323584151696 0.011740744328690706 0.017241567552779086 0.0034238079348132785
0.5529195859210876 0.05253992159409162 0.2751052532492188 0.02577620939992504 0.05720591278158832 0.005619594663692432 0.028113044734426947 0.0027204776559692587
0.5542284800330661 0.049439575705595075 0.28104244421786256 0.02476488758379859 0.05525307204143588 0.00508595730127238 0.027671745256726672 0.002513837860242725
0.5865389438893049 0.052094892144092395 0.24931883878769417 0.02183853292278734 0.058255300139434016 0.005336071236523955 0.024414270599089162 0.0022031502810741085
0.634093267687037 0.056786530081595496 0.20038454511118117 0.017738578123891242 0.06350083224503189 0.005858170453394231 0.019831194325451554 0.0018068819724175046
0.5820829305693025 0.11579367639615026 0.15272094580616094 0.02999913943327594 0.07877100656152432 0.016113504263454793 0.020401831630692983 0.00411696533943829
0.630438196084021 0.06063634959835097 0.19490836526744884 0.018480252307408965 0.06659667078685869 0.0066305383642839295 0.020317571564902083 0.0019920560267254256
0.5863021879105065 0.05347662317060692 0.24570061661634007 0.022121417297830518 0.05977818883705031 0.00561068484232628 0.024722174868291535 0.002288106457048016
0.5755645551728399 0.0516611241441472 0.2587579571621609 0.022928622697403218 0.057772336160212046 0.005343050047908533 0.025634117879717946 0.0023382367356102845
0.6406370127553113 0.05725729408045995 0.16960327421779597 0.01495325064233916 0.08537241328212529 0.007863899935404605 0.02228954499613988 0.0020233100904239014
0.5750715906888 0.05284499324504535 0.25512542427721174 0.023163777900647955 0.059614230917742275 0.0056385546524828165 0.02610440331682285 0.002437025001246907
0.554246750164174 0.04964637408715912 0.2803469747212437 0.02481535838176315 0.05553472591013241 0.005128314680028917 0.027751291508553943 0.002530210546944753
0.6602436818495709 0.058664101453241684 0.17537767815767702 0.015367540861345596 0.06560360500152736 0.0060117682105591 0.017180601788321752 0.0015510226777566633
0.5755852926247251 0.052566217967583914 0.25617654391884803 0.02312852251435448 0.05877912878930446 0.005513639347886265 0.02585529468485133 0.0023953601524464106
0.5757018748858845 0.11294488544956433 0.1620091305976163 0.031372940560020796 0.07683904887112189 0.015538873647696154 0.021338042478649927 0.004255203509445996
0.6361974259864891 0.060960067984181694 0.16430779233631237 0.015482923815334245 0.08927940060438051 0.008857629331062381 0.022702472886288846 0.0022122870559509135
0.5857765796698804 0.05409912384352224 0.24369364321940704 0.022215401281483294 0.06102776062362196 0.005805291722488941 0.025034245210946104 0.002347954428649929
0.6318600948294663 0.05678622131946151 0.177452812961372 0.015743080059974175 0.08469553536939443 0.007844460179552171 0.02347367089762423 0.0021441243831553
0.5652036116876026 0.11362880443334379 0.16659355293761866 0.03310434287038143 0.07798655878147565 0.016144646901570917 0.022698371909600588 0.004640110478406326
0.5628415592529102 0.05397498628520165 0.26315585188755547 0.02485037904975924 0.059289506534351694 0.0058910885242287984 0.027325888327143843 0.0026707401388492594
0.577412487147372 0.11331976770234037 0.18267970917745013 0.03541755151994188 0.05779794889282467 0.011702550271994945 0.018060706810591225 0.0036092784774846755
0.5850824709798211 0.055507637938228584 0.24321244896417196 0.022696058605730565 0.060428580363377934 0.00592921983727574 0.024756976485695883 0.002386606825697959
0.5647649331568801 0.05080885763715104 0.2692725725341462 0.023926311200870014 0.05678204448518677 0.005265241105101838 0.026733891493599473 0.0024461483870644642
0.5543336465990224 0.04940986120998871 0.2809955210521745 0.02474942235003268 0.05525341714899462 0.005077770800553609 0.027669826913622672 0.0025105339256106998
0.5649302712788606 0.05017469854165215 0.27091990565444135 0.02376138236264366 0.05610887503994717 0.005139304471706261 0.02656496885443406 0.0024005937963148365
0.5936771648601907 0.11585818440002368 0.1674792259552772 0.03226053607959501 0.059112487612995604 0.011892456001811862 0.016455447179277428 0.003264497910828537
0.6485523874984238 0.061763736681078936 0.1789502696433179 0.01678286737968237 0.06725141133681811 0.006618576817540476 0.01830826988702555 0.0017724807561127715
0.639321257503235 0.058521448651031954 0.16706391666974857 0.015101482317320006 0.08719986162508582 0.008206385022772048 0.022497048033922967 0.0020886001768835997
0.5536856023801449 0.05098007450137519 0.27620000729575944 0.025152112912460216 0.05752109499649006 0.005452569376355259 0.028352829070389076 0.0026557094670259605
0.5648229699505237 0.05031309534664046 0.2705842784570491 0.023798345375817286 0.056281962195600624 0.005172384111621426 0.026614282390203307 0.002412682172544163
0.5936520721125977 0.11588041405191855 0.16745817801330606 0.032263556713941446 0.05912474238924719 0.011898137031952258 0.016457222229025303 0.00326567745801121
0.5741992210289265 0.05468418309311493 0.25349327012091094 0.023774436053090008 0.05954265234432441 0.005860077342378879 0.02593522478907857 0.0025109352281758117
0.6152329403806248 0.05520757872791674 0.1944172519189353 0.017237774654355803 0.0822652888993261 0.0076119707211576 0.02568133002751106 0.002345864670172624
0.5750785579648625 0.05250382931012104 0.25608522150558 0.02308872433499661 0.05923392803476138 0.005572705263294582 0.02602186785147798 0.0024151657349056445
0.623707286802201 0.055836271267578855 0.18623835301157163 0.016466881134449392 0.0832771907641274 0.007685321815237099 0.02455282307924948 0.0022358721255850674
0.6387376147810033 0.058438351492919496 0.1668283492478998 0.015065569820008805 0.08790456056168586 0.00828425799654944 0.022637767200409522 0.00210352889952384
0.5749770323288996 0.05295153056173471 0.2548626932196887 0.023187691576576065 0.05976433719688538 0.005666796082148876 0.02614350640323122 0.002446412630835356
0.5648032439559687 0.05060130941647516 0.26976710656060093 0.023869587663009107 0.056604020619887466 0.005228171484979429 0.02669376858107307 0.0024327917180059873
0.5685302474716626 0.11103116449058496 0.17012931661710304 0.0328137805746612 0.07553505339783599 0.015208815568148785 0.02231773491661002 0.00443388696339349
0.5629849496513419 0.05380005282231009 0.2635364040626157 0.024803582373235423 0.05909582241903966 0.00584915081520285 0.027274189059949286 0.002655848796305263
0.5680101541011761 0.1114433630442934 0.16972398794538052 0.03287812781118315 0.07578730801207764 0.015339988069810741 0.022353971335554126 0.004463099680524335
0.6478446292402602 0.06193954186406107 0.17840520356563894 0.01678585270227948 0.06803276188634019 0.006737380236238017 0.018457867938867927 0.0017967625663141474
0.5863112326959329 0.05369504319161048 0.2450862700806791 0.02216408878577705 0.06002119539086696 0.005651951144120887 0.02476939520768593 0.0023008235033267154
0.5864461463129439 0.05265692451383038 0.2478281453563022 0.021952952097786013 0.05888646028317439 0.005448255197253205 0.024543182794582022 0.002237933444128045
0.5648815447807658 0.05063496024169625 0.26962865430819416 0.023876167378082888 0.056623389943161684 0.005229071119104323 0.026693182015541432 0.0024330302134535193
0.5778988559543825 0.11286724857715595 0.18310289170441418 0.03533794308240533 0.05758768383433546 0.011595792534971566 0.018025959931739315 0.0035836243805956788
0.563487071274272 0.05343262264790923 0.2648632786109767 0.024744382111944564 0.058174552918085376 0.005704911773573898 0.026988332138363214 0.0026048485248751693
0.6405343959769803 0.05729030170345458 0.1696516491976632 0.01496263048861957 0.08536834161390058 0.00787593752166826 0.02229099727713116 0.002025746220582377
0.6412265453185279 0.05892533367767492 0.1888002853066116 0.01715202471342442 0.0664724398837875 0.006287430777591018 0.019330146604869144 0.0018057937175137355
0.641970186174302 0.05852975330060172 0.18986834026191346 0.017114481746888992 0.06546902725002124 0.006137661533424934 0.019138276455196408 0.0017722732776513147
0.55420981583706 0.050487653992449054 0.2779178389664172 0.02504500075758565 0.05645918633367989 0.005287991350519944 0.02800042320671681 0.0025920895555716084
0.5648675674855121 0.050262482246470355 0.2707143777985237 0.023785422003472213 0.05620990015435264 0.005159241225981409 0.026593119398742388 0.002407889686945188
0.586539814034687 0.052233449795517174 0.2489316190471152 0.02186582973871328 0.05841056559050493 0.0053625087218106245 0.024444889105150965 0.0022113239665008462
0.554339191192046 0.04965556033780796 0.28026729462532524 0.02481550292781355 0.05552705906794331 0.005123865630377432 0.027743145059266148 0.0025283811594202076
0.5865258962102472 0.052115004579098456 0.24927179611311484 0.021842969441354002 0.05827929845975584 0.005340636158063739 0.024419810122434233 0.002204588915931532
0.554345583012542 0.04964630469681495 0.2802896151949497 0.024812754841625827 0.055516453291967666 0.005121774597372174 0.02773995178750822 0.002527562577219623
0.5756388356596529 0.05114685843608602 0.26015648793401025 0.022812124012947636 0.05719660474573792 0.005241326419101138 0.025503637234463986 0.0023041255580001753
0.5543568378766355 0.04950344506138218 0.28070129385030634 0.024773723135156748 0.0553570868791359 0.005094228328834544 0.027696508473626934 0.002516876394922075
0.5649249740266807 0.050182514609490296 0.27090140967475085 0.0237635217575204 0.05611783091896096 0.00514105595647157 0.026567457106651697 0.0024012359494736094
0.5865446703919301 0.05222702336874967 0.24894579161356825 0.021864394581674114 0.058403082757439134 0.005361011324233611 0.024443169703475796 0.0022108562589292753
0.5543395646233094 0.049655086571903685 0.28026841163395827 0.024815362561106 0.055526505452805186 0.005123754347871101 0.02774297700298552 0.0025283378060610303
0.5611865088369875 0.10928743673451341 0.17806011880740907 0.034261655193363 0.07434858768875778 0.014932714963413798 0.023302704804575552 0.004620272970980025
0.5524498453070098 0.052661781751008066 0.27444560020394293 0.02578076572096782 0.05784556114440367 0.005713021757493822 0.028347288967904633 0.0027561351472693116
0.5542058062710251 0.04945956594854679 0.2809830653368319 0.024769950555477958 0.05528942385692566 0.005092096517697539 0.02768386032048719 0.002516231193007708
0.5841428407328837 0.11371624934752435 0.1551852692853343 0.029793589574897316 0.07736013517576709 0.015531436016550925 0.020262694997906845 0.0040077848691354645
0.5608902960855796 0.11794891377000856 0.16371341990698043 0.03391818310011121 0.07882325598063707 0.017154732453770236 0.022691167907008623 0.004860030795904338
0.567917351787939 0.11986252774021737 0.15603690183978924 0.03239558249339974 0.0799900999888829 0.017499937658333922 0.021644848670648555 0.004652749820789501
0.5733914233210766 0.05535500097662456 0.2517141000613095 0.023907431840033383 0.06072044049848813 0.006074423028917552 0.0262560529640991 0.0025811273094510706
0.5647110576881273 0.050738220325622196 0.2695030201463709 0.023910009331229956 0.0567172857490079 0.005255783102803717 0.026721831715504504 0.002442791941333573
0.5543370753150126 0.04940425834371478 0.2810089236402063 0.02474772755587735 0.05524735880501389 0.005076570295787819 0.027668025166559623 0.00251006087782764
0.5865404590598416 0.052093543863460365 0.24932015427921767 0.021838156660423037 0.0582546529371566 0.005335791223673603 0.024414175704409832 0.002203066271817413
0.5756407600575594 0.05155170665416851 0.2590081321779617 0.02290163965191761 0.0576470753786023 0.005318131270783867 0.025602735331768146 0.0023298194772384036
0.5933734097058977 0.11621388809323727 0.16708784427588358 0.0323039687769208 0.05929464399086278 0.011968391708510233 0.01647776913716589 0.0032800843115218903
0.5634594205717964 0.05368079025815085 0.2641785178771788 0.02480346965066593 0.05844700482748814 0.005754521998832903 0.027053934773172094 0.002622340042714876
0.6512373995307732 0.058271874877991715 0.18341971344206945 0.01619460822366779 0.0651238652110659 0.006010990795798992 0.018095137437132633 0.0016464104815004023
0.5648326961836395 0.05149339995489856 0.267189173376554 0.024088945677227 0.05757974464106742 0.0053940131178765735 0.026929416406853483 0.002492610641883526
0.5836544814994888 0.11415805062795051 0.1546904766397052 0.029840303365503914 0.07766462955671244 0.0156638171625422 0.020295414649745564 0.004032826498351335
0.6391112634654601 0.061352461034907796 0.18651271910146813 0.01763945294399392 0.06739426518923954 0.006695990425038393 0.01939725818267805 0.0018965896572140273
0.5863032698272196 0.053590648263022574 0.24538251993133325 0.022143792583813892 0.05990542531433644 0.005632449130058881 0.024747079767805095 0.0022948151824102024
0.5648305997401835 0.050707262081963245 0.2694599698237288 0.02389582311127153 0.05670591260616482 0.00524551166287427 0.02671590590976779 0.002439015064046108
0.6601333762960074 0.05883170295913311 0.17505197284493573 0.015387368404190721 0.06579042650099015 0.0060451184486899736 0.017202615880149586 0.0015574186659033074
0.586484412929152 0.05357434340256785 0.245246445084468 0.02213326534111149 0.05990679971516782 0.005620912562540916 0.024742503675478495 0.002291317289513355
0.5648315337696789 0.050707724703553905 0.26945716558811844 0.02389590858204251 0.05670688244561771 0.005245551169503233 0.026716196215365043 0.002439037526120383
0.5543385316608621 0.049403225282845645 0.28100996750969764 0.024747367849035046 0.05524674413334968 0.005076323793077817 0.027667870908662386 0.0025099688624694166
0.5543701982417394 0.04923628046841798 0.2814770082676562 0.024701040977831754 0.05505947260230654 0.005043123035471087 0.02761581257988635 0.0024970638266907084
0.6241975812013083 0.05542208111607419 0.18710818977646085 0.016405932951258573 0.08263515124934731 0.007566456611345544 0.02445535399210974 0.0022092531020953396
0.5538019596619903 0.05063324856691063 0.27714446500742235 0.025056356612727128 0.05711831823364264 0.00537879339883521 0.028239574221340335 0.002627284297131282
0.5648438149854684 0.05028495307105652 0.27065006996216207 0.023790664926875316 0.056249167743867026 0.0051659036309959615 0.02660511125307286 0.0024103144265018674
0.6342788220265709 0.05648724013031129 0.20100682419934462 0.01768974019420861 0.06316790809565166 0.005799562427532376 0.019777124360936205 0.0017927785654441243
0.6508537576255692 0.05904784887520187 0.18173075367816224 0.01629084875022459 0.06602820354628751 0.0061595780549517955 0.018211861715829274 0.0016771477537735476
0.5738830044194093 0.11479996826448957 0.15974377101353887 0.03158241245390562 0.07809644458372329 0.01605508099991152 0.021479235182871825 0.004360083082150097
0.5682747820101243 0.11960771505648905 0.15616915715204574 0.032349116353465567 0.0799089410378263 0.017417687847317467 0.021636588098096526 0.004636012444634978
0.6356494775363156 0.06134939186468588 0.16376799612876178 0.015537088317230678 0.08973364066984317 0.008974201310251681 0.02275409471850977 0.0022341094544013895
0.5535463860965582 0.05115017142310604 0.2758299963577194 0.025202837179103186 0.057702002147163534 0.00549233612389636 0.028405328441197534 0.002670942231255938
0.5542530853974004 0.04938501543137394 0.2811106476266107 0.024744679335013984 0.055243974458013836 0.005078590680174198 0.02767303451509213 0.002510972556320689
0.575653084085398 0.05112487526120683 0.2602071514183748 0.022806628470221066 0.05717189161716866 0.0052364667611118285 0.025497431911160277 0.0023024704753586245
0.5543581074244248 0.04950180846737423 0.2807051414383238 0.024773234959144328 0.05535519693043443 0.005093848304502982 0.027695934514889418 0.002516727960905865
0.5756472476498572 0.05113483921617914 0.26018405778269044 0.02280913344727429 0.05718278510047054 0.005238601829830219 0.025500135141043854 0.002303199832654501
0.5756476817237735 0.05140369518155092 0.2594220847549603 0.02286860922005045 0.05748199379364942 0.005289654635381893 0.025566001032348757 0.0023202796582846587
0.5835945150613965 0.11427026100330949 0.15452694536317693 0.029848269739087604 0.07773678880697417 0.01568654701832356 0.0202998005687401 0.0040368724389918155
0.5683511824354001 0.1195959137033183 0.15611861417212805 0.032340269887963305 0.07991950926941331 0.017405680878651034 0.021635573854425993 0.00463325579869991
0.5734024734782085 0.055341312915099174 0.25173690634187024 0.023903796229351175 0.06070996155526392 0.006071468615119488 0.02625390908877353 0.002580171776313856
0.640245631307516 0.05752377229533833 0.16918429300831653 0.014989718264070808 0.08573674925991812 0.00794473778588679 0.02233620773418353 0.002038890344770108
0.5859578851961319 0.053866615717421705 0.2441835550668637 0.02216431286186242 0.06076864762610467 0.005750362219945066 0.024977454771713006 0.00233116653995755
0.6235147155754083 0.05601596330831061 0.18585648529437324 0.016493129878334817 0.08354588171663596 0.007734773404956441 0.024592140668293506 0.0022469101536870158
0.575290932667431 0.11539235405362712 0.1798767289942569 0.03567585697434213 0.05939876088509736 0.012272957608040999 0.01834732908298272 0.0037450797342216307
0.552808173996545 0.05258205318797329 0.2750948599828592 0.025793615083399876 0.05723826818075076 0.0056323460573784396 0.028125192740183408 0.0027254907709099493
0.5836541008106607 0.11411727268687506 0.15482551875328576 0.029845673399385715 0.07758571664868984 0.01565362256740965 0.020286991486741613 0.004031103646951615
0.552403555546631 0.05302495847980721 0.2734279072868878 0.025875414825469952 0.058245659112927714 0.005786610430804193 0.02845207105155017 0.0027838232659220365
0.5863524094794682 0.05236087820857479 0.24876091879128862 0.021900167198402064 0.058533572834054054 0.00539458556805868 0.024476012653951863 0.0022214552662017904
0.5648980450737756 0.050610322618085644 0.2696878909457828 0.0238695310028625 0.05659454517158559 0.005223480304905737 0.026685195685229226 0.0024309891977728703
0.5543443447263815 0.04939582113669421 0.28102742738742786 0.024745158410858527 0.05523811873204788 0.005074597343434824 0.02766523856744265 0.002509293695712451
0.5612374723406839 0.10924823412031609 0.1781030820477531 0.03425519833957237 0.07432107262969703 0.014919732799418708 0.023298062431479194 0.004617145291079713
0.5737264106050056 0.054687289331577155 0.2531868201777202 0.02374732650694903 0.06007067841396157 0.005932457813760111 0.026114228131680163 0.0025347890193461392
0.6424846587526196 0.057666934438914685 0.1917033518303653 0.016991233648073378 0.06446342590967447 0.005966695778453621 0.018989646494957352 0.001734053146941503
0.5755689467570623 0.05236628389763934 0.2567566688011418 0.023084696293644555 0.05855690692823999 0.005476647172661722 0.025806887276944277 0.0023829628726660516
0.5834039619818387 0.11441723067125513 0.15437929692530492 0.029865450916277073 0.07784007743162978 0.015735473554439137 0.020312292938001093 0.0040462155812541365
0.6390919831248844 0.061369324274273725 0.1864881872003544 0.01764227815045705 0.06741103232780742 0.0066998741866967325 0.019399872785340343 0.0018974479501860087
0.5863023932589427 0.053591772341535754 0.24538015492294865 0.022144042477943975 0.059906672766862415 0.0056327121145840296 0.024747356058379945 0.0022948960588025148
0.6339483241716912 0.05691235555310054 0.20017373940995192 0.01776137057212354 0.06364506930544574 0.00588742173815931 0.019857721917558736 0.0018139973319689718
0.5755736430478064 0.05225059359486658 0.25707992612613134 0.02305889029897394 0.05842851519140842 0.005454451467811766 0.025778445684004326 0.002375534588997315
0.6599732104580344 0.05904408976871527 0.17465416758765331 0.01541313992231254 0.06602908057858864 0.006088791572399221 0.017231699483752545 0.0015658206285441268
0.6592519335548728 0.0602396015176027 0.17227694371006708 0.015552247059551973 0.06736050264666141 0.00632240747268282 0.017385812508277268 0.0016105515302839723
0.554185631229928 0.050725403413757364 0.277237707099222 0.0251100690572309 0.056724248701176365 0.005334175078758208 0.028072775989689828 0.0026099894302374143
0.6514611695409174 0.05799141516193519 0.18389030236522907 0.016153074230152484 0.0648540722173703 0.0059553597402003 0.018059781520704754 0.0016348252234902488
0.5864920225460167 0.05344786723820475 0.24559204394520978 0.02210797865519288 0.05976561565869707 0.005596399658120132 0.024714341113863135 0.00228373118469552
0.5864598395985611 0.05263841882206999 0.24786814653340883 0.02194880824218536 0.05886567515076766 0.005443993622376033 0.024538508254268135 0.002236609776363195
0.5648826047624095 0.05063358643018348 0.2696318032541956 0.023875794358014717 0.056621803859862305 0.005228750468731881 0.026692742945393772 0.0024329139212090067
0.5756291459177939 0.051294420702377316 0.25974593378052924 0.02284512658643985 0.057361372943734903 0.005269888938290306 0.025540418380305546 0.0023136927505290118
0.5756386881683223 0.051416619381809595 0.2593924119150305 0.02287180235768021 0.0574968630542432 0.005292595317330924 0.02556974459552396 0.0023212752100593027
0.6238760758602598 0.05573675074712337 0.18642838019878574 0.01645153560245891 0.08310423259300231 0.007651499178799084 0.024523284843582727 0.0022282409759879665
0.5988457505296138 0.12006199222558363 0.1564194725990701 0.030954701276179303 0.06179888117777515 0.012762220682640959 0.01591611536504932 0.0032408661440878105
0.6311114416537199 0.060423651443903215 0.19560093486970273 0.018468668149063828 0.06578290887402995 0.00650833788505564 0.020140839421917498 0.0019632177026071554
0.5754282590186649 0.05245581998002125 0.256669283158629 0.02311208977369486 0.05862214120937952 0.0054985173678942035 0.02582362580957333 0.0023902636821430344
0.5833904937471452 0.11442753079135529 0.15437038263677608 0.029866764976651732 0.0778461386991421 0.01573886971356537 0.020312965231181937 0.00404685420418238
0.5629488621848986 0.05405825460979356 0.26283022749911633 0.02486471239186564 0.059380114610387315 0.005901772432818092 0.02734179719451908 0.0026742590766012163
0.5541727067610233 0.04962990842828207 0.2805076638861702 0.024817078233098713 0.055480346086476735 0.005126113293322895 0.027736761092516497 0.0025294222191096466
0.5764371645117238 0.11224899518098769 0.1628284598554689 0.031291144863755546 0.0763626060471606 0.015336193845833367 0.02128164464951902 0.004213791045550885
0.5845991657848784 0.05596932276083718 0.24164372301989484 0.022752438718562137 0.06148188941173017 0.006094205322639555 0.02502295768602208 0.002436297295435524
0.6005293556022911 0.11852998119552818 0.15845493135301306 0.030847636958854945 0.060454512012327995 0.01230056043585594 0.01572959610130708 0.0031534263408215806
0.585044136801882 0.055905095416447066 0.2421558993142268 0.022771674013857077 0.06086336919507322 0.006008752732027087 0.02484052773786835 0.0024105447886183596
0.5754705582567624 0.05180547865673724 0.25847746345704936 0.022967109585145043 0.05789664108247872 0.005372420679468523 0.025662219950721203 0.002348108331637547
0.6341273662092186 0.05668742040667138 0.20061255693125835 0.017723411962893378 0.06339134616694041 0.005840567060943522 0.019814651177997706 0.0018026800840767986
0.5542754424572259 0.050300606811150346 0.2784180931313405 0.02499234629271262 0.0562473752899436 0.0052488848080579536 0.0279403339236153 0.002576917285953817
0.6408553221703197 0.057005795767097876 0.17015310167659975 0.014925752880166962 0.08500064426812136 0.007799007908655739 0.02224936900250722 0.0020110063265314773
0.5985115838247714 0.12049484013594358 0.1559331385246546 0.030998387695166496 0.0620168126927701 0.012850571558146402 0.01593733774167958 0.003257327826867735
0.5849499914733951 0.05602998220800559 0.24189960275492345 0.02279928728769125 0.06099536476362438 0.006037689703723611 0.024868738832326542 0.002419342976310188
0.5541713166105118 0.04989755387990306 0.27974033946564847 0.02489030996738222 0.055764511204538916 0.005175698297945777 0.02781168487138632 0.0025485857026834226
0.6241143925929035 0.055476005052542354 0.18701279454301042 0.016414756299189894 0.08271674352357539 0.007583372944280716 0.02446884891031428 0.002213086134183555
0.6220381272421518 0.05687683255026381 0.18362986792399 0.01659421778959469 0.0855496118823215 0.008056945841130134 0.024935642514303292 0.002318754256244851
0.6301612007707486 0.0577683776724513 0.1750315553836071 0.01584648215581405 0.08693775034850151 0.008211733809792128 0.023822899132374096 0.0022200007267112933
0.6384129025055804 0.058670248693193386 0.16636554839658288 0.015091740333534229 0.0882966940356885 0.008358029326143218 0.022687331626946697 0.002117505082330751
0.6324677478161339 0.058268242945272365 0.19714004149535416 0.0179625060793533 0.06576881866153073 0.006238832022629037 0.020255294056513874 0.0018985169232126006
0.5541746609259566 0.05042095353300504 0.27812252179283914 0.025026889255915216 0.05640043808723899 0.005278644039752263 0.027987429192110894 0.0025884631731817793
0.5648708565028093 0.05025718925591695 0.2707265983709974 0.02378394527621617 0.05620424746961096 0.005158108163268827 0.026591581566475887 0.0024074733947047093
0.5685986845137551 0.110979086051148 0.1701849422040965 0.03280610495477812 0.07549787982102751 0.015191298718074992 0.022312033431603085 0.004429970305516654
0.5629875351490561 0.05379684916937623 0.2635429901140334 0.024802702315419783 0.059092580969943666 0.005848409011659658 0.027273347448036382 0.0026555858224748775
0.615328185837006 0.055082671498149605 0.19469293729789042 0.017217663767547218 0.08210035693206529 0.007581992319550789 0.02565747482778508 0.0023387175200057296
0.5643545171448346 0.05151458418795561 0.26683442210611485 0.024067781591549108 0.05811714909609901 0.005466446116209366 0.02712629890935618 0.002518800847881333
0.5542774414572363 0.049477405528304944 0.28082049941476694 0.02476860701456952 0.05534531023990611 0.005094733345950005 0.027698827269834466 0.0025171757294318786
0.5649257144826354 0.05018031608162331 0.27090660393066707 0.02376289417617724 0.05611579457714752 0.005140653384735459 0.026566937559706495 0.002401085807307528
0.6157116584228567 0.054823917795209794 0.19513409972181292 0.017170019326772246 0.0817427690157364 0.007503409058849631 0.02559446257237186 0.0023196640863904694
0.6414887535394844 0.05853203742281702 0.18959109682130124 0.017094231895788327 0.0660317823673385 0.006208014497276525 0.01926593025304963 0.0017881532029443772
0.6395794962474638 0.058278466291204624 0.1674701572421692 0.01506921074068793 0.08691583656541184 0.008143083284976498 0.022467195609514493 0.0020765540185713415
0.6299839072008832 0.057985142949201346 0.1745704624170882 0.015874395256156325 0.0872324611388552 0.008265772611949565 0.023856821038040217 0.002231037387825705
0.5642291894425675 0.05187022295330509 0.2658668583394629 0.024155789538035388 0.05854858367806896 0.005544175907215425 0.027238506694712374 0.002546673446632536
0.586430605003639 0.052379569830050675 0.2485913209823336 0.021897480743990273 0.05859355601512305 0.005397455451178166 0.024487751034155052 0.0022222609395303374
0.6599567251555726 0.059130532944847804 0.17445450660821557 0.01542194124355881 0.0661234339003743 0.006103345501006615 0.017240960268090147 0.0015685543783341195
0.5994276749248602 0.12006327103725375 0.1566355247327594 0.03099537431600515 0.06125572772911571 0.012602919485599221 0.015809275724419 0.0032102320499876854
0.5740904387305357 0.054949290294197775 0.25287584789572043 0.023836924385196634 0.05980908340142366 0.005915193723262071 0.025994166440448066 0.0025290551292157354
0.5541851939161606 0.0497501101731076 0.28016350182285443 0.024850159340596072 0.055599712881093936 0.005147009804571205 0.027766824978495214 0.0025374870831209296
0.5764140882993921 0.11226716535453414 0.16280995010732763 0.03129360804869959 0.07637482762967666 0.01534206186570176 0.02128328779457181 0.004215010900096352
0.6478139438766017 0.06202282867474049 0.17821411381610888 0.016794681965954857 0.06813148950261019 0.006753490572544855 0.018469508231065666 0.0017999433603733074
0.650383315999246 0.059570282714610255 0.18083068102418187 0.016365540712398215 0.06658902072042248 0.006271271253948593 0.018289571021494533 0.001700316553697966
0.5915526316019717 0.11842029312206623 0.16461943042984062 0.03256859352762709 0.06042019246277965 0.012431395526190131 0.01661264486057628 0.0033748184689482118
0.6120157135910912 0.05844644597004707 0.18993298210872614 0.017885550638130857 0.08481803991317409 0.008372745695273695 0.026000165560042515 0.0025283565235144022
0.5641936237966264 0.05172577729087723 0.26638640852566453 0.024126378395386457 0.058334166310148254 0.00551410879597974 0.02718362537888376 0.002535911506433281
0.5542655213751253 0.04949267029791629 0.2807853981732676 0.024773206085649452 0.05536242029659727 0.005098243433048311 0.02770399407274891 0.002518546265646734
0.5543643734849291 0.04924342640855716 0.2814598702545974 0.024703157340055765 0.05506812864023276 0.0050448253757388135 0.027618488135333172 0.0024977303605557004
0.5939023570465655 0.11557631023527308 0.16779952191449227 0.03222713713672971 0.058969114449751996 0.011834398588555157 0.01643853388742138 0.003252626741210984
0.6485709763816375 0.06174660739819326 0.17897378315396514 0.016780180762176352 0.06723578142529527 0.006614831059909326 0.018306130654460562 0.001771709164362707
0.564693832718993 0.05168915625768914 0.2667873257375524 0.024144346661059562 0.05776459717803032 0.0054360932864019095 0.026976902383482496 0.0025077457767910165
0.5755694121299395 0.05137951248490283 0.25955226811744975 0.022866295431230414 0.057458281860225384 0.00528917147869465 0.025564829951270154 0.0023202285462871728
0.6322588769933969 0.05648172363117272 0.1780578731331601 0.01570218499507894 0.08421498661063465 0.007753221191121423 0.023405976271204307 0.0021251571742310978
0.5859806060838118 0.05372359907225813 0.24456491090056665 0.022135838599605922 0.06060639849580462 0.005721321031974367 0.02494505530066671 0.0023222705153119515
0.5648075748892368 0.05072982481834025 0.2693939739226314 0.02390096820797608 0.056745933520958663 0.005252234154563358 0.026728037905355564 0.002441452580937952
0.5756229419042442 0.0513023207007475 0.2597277825549196 0.022847059031188062 0.057370926035596154 0.005271768548240568 0.025542873410958174 0.002314327814105702
0.5543481398794923 0.04951556727841674 0.28067224062211377 0.02477733170168926 0.0553710422464292 0.005096989273948936 0.027700731356930318 0.0025179576409795185
0.5756464007980925 0.05113593832757558 0.26018158260833407 0.022809406765009036 0.05718406528947115 0.005238857805480596 0.02550046191095374 0.002303286495083537
0.5543574771140308 0.04950262856342275 0.28070321777510876 0.02477348006969632 0.055356137181450896 0.00509403776547903 0.027696219545284683 0.0025168019855268038
0.5865348540319721 0.052102058033360626 0.24930085193593698 0.021840065687549794 0.05826440419184283 0.005337699001875976 0.024416400579165123 0.002203666538296669
0.5649122732752417 0.05059159896292401 0.26973025203450846 0.023864406242133245 0.056573474397406474 0.005219168941749698 0.02667940106838312 0.0024294250776534057
0.586521314914067 0.05226142011752505 0.2488683275135971 0.021872080348101227 0.05844259126566119 0.005368796811912918 0.024452171043140663 0.0022132979859951565
0.5865252360774585 0.05254099950477399 0.24808797570016794 0.021927206193664332 0.058753780465621845 0.005421893323369502 0.02451320524465086 0.002229703490292989
0.5756161474672343 0.051587699217746835 0.2589252410598547 0.022910502001330615 0.05768842252800414 0.005326304002131894 0.02561310086806921 0.002332582855628083
0.6322322785273506 0.05649943515141993 0.17802641939376732 0.01570476458701971 0.08424206398969102 0.007758727638422843 0.023409996867660092 0.0021263138446683417
0.5859794268714669 0.053724989132280125 0.2445617750287658 0.02213613095029489 0.060608166328125844 0.005721671719741411 0.024945461928858402 0.0023223780404669223
0.5648074893386004 0.05072993231278371 0.2693937226761558 0.023900997002624626 0.056746062853467755 0.005252259851377798 0.026728074072980175 0.002441461892009876
0.554336805416414 0.0494052053416783 0.2810049598318726 0.024747933940017734 0.055249399435021974 0.005076824211103684 0.027668707501737954 0.0025101643221536406
0.6602699155528738 0.0586419475595079 0.17541250024639476 0.015364556544351638 0.06557757183599433 0.00600654324528267 0.0171769609404962 0.0015500040750985465
0.5648452942846759 0.05158378478568347 0.2669170964742054 0.02411076026570257 0.05768049677809049 0.005410392273631249 0.026953641412649686 0.0024985337253614452
0.6600422454594093 0.05891182164808967 0.17492534772286658 0.01539817768201293 0.06588247910015206 0.006063602302003523 0.017215302775230312 0.0015610233102359213
0.5662172897101536 0.11337551991768251 0.1672063161455663 0.03311549299440881 0.07712432951529263 0.015862265993114247 0.022521315086816186 0.004577470636965898
0.5523208656731301 0.05293045159770311 0.2737919472762734 0.025856857677946207 0.058126552827991416 0.005770926404153087 0.028424251162856122 0.0027781473799464215
0.5754711439371605 0.05137988283986834 0.2596642405557324 0.022872184460034584 0.057436292403749034 0.005292441471836253 0.025562402262738388 0.0023214120688804674
0.554343933638493 0.04952011750079873 0.28066285941749985 0.024778735162356964 0.055375781778090404 0.005098058929504395 0.027702142496560417 0.002518371076696319
0.5649239649637061 0.05018380169872127 0.2708984681879927 0.02376387500446795 0.05611931700873897 0.005141355229433612 0.026567872846770306 0.0024013450601690555
0.5543684910399468 0.049362100721300255 0.2811082205702378 0.024735086736267457 0.05519937590170706 0.005066944853160972 0.027653488576954308 0.002506291600425323
0.586543054380703 0.05209013070778271 0.24932765271241544 0.021837390470000863 0.05825069281758662 0.005334997600896887 0.024413263320994107 0.002202817989620437
0.6340936936565051 0.056786171677228915 0.20038511274461987 0.017738512162624974 0.06350043880467353 0.0058580866761694505 0.019831122586137707 0.0018068616920403101
0.5864834602077539 0.053231383803377115 0.24620086366797012 0.022065399135940852 0.05952485413924141 0.005555637699714987 0.02466727536836158 0.0022711259776401036
0.5648502868071062 0.05068059946576461 0.26952102022866964 0.0238885496531277 0.05667574076365402 0.005239398169287016 0.026707609749066906 0.0024367951633239623
0.58651592453738 0.05226857939348241 0.24885253105622054 0.021873678768721858 0.058450920661672304 0.005370463549588379 0.02445408349564184 0.002213818537292638
0.6154045725441794 0.05512864110263155 0.19445972899639116 0.017218815889886146 0.0821965739854132 0.007585331236664649 0.025667021845815458 0.0023393143990184263
0.5643514931825419 0.05151947246442701 0.26682127322618693 0.024069029336099324 0.05812373569924626 0.005467599941404726 0.027128171741970266 0.0025192244081234994
0.575562653790911 0.05137786605816385 0.25954300983298706 0.02286488655205085 0.0574712049727677 0.005290481395182312 0.025569236451827914 0.002320660946109153
