0.125 0.125 0.125 0.125 0.125 0.125 0.125 0.125
0.07575757575757576 0.12626262626262627 0.09090909090909091 0.15151515151515152 0.0946969696969697 0.15782828282828282 0.11363636363636365 0.1893939393939394
0.07515215834697218 0.12525359724495364 0.09018259001636662 0.15030431669394437 0.10193170775368249 0.15656699655619205 0.11272823752045827 0.18788039586743044
0.07344775822701911 0.1224129303783652 0.08813730987242295 0.14689551645403823 0.1003741939424038 0.1749412582176742 0.11017163734052869 0.1836193955675478
0.07275712397397645 0.12126187328996077 0.08730854876877174 0.1455142479479529 0.10601644132050057 0.17611326880293182 0.10913568596096468 0.1818928099349411
0.09040888796529632 0.15068147994216055 0.08136799916876669 0.13561333194794448 0.13954186305267274 0.21930843979343417 0.10170999896095836 0.08136799916876669
0.07295173961840629 0.12906846240179573 0.09118967452300786 0.16133557800224466 0.08754208754208755 0.15488215488215487 0.10942760942760943 0.19360269360269358
0.09628496169806977 0.07582440733722996 0.19256992339613954 0.15164881467445993 0.10032061986608323 0.08326314240236683 0.16788147167868575 0.13220665894696504
0.07144776897946725 0.11907961496577876 0.10142263824746084 0.1428955379589345 0.10950675674373302 0.16985660718675646 0.10717165346920089 0.17861942244866813
0.05848470782832099 0.09747451304720167 0.05782195906960826 0.08772706174248152 0.14649284502906643 0.2712723157073802 0.10527247409097779 0.17545412348496303
0.07211605973798638 0.12758995184412975 0.09014507467248298 0.1594874398051622 0.09799451435410884 0.15310794221295568 0.10817408960697956 0.1913849277661946
0.06919506480355425 0.11532510800592376 0.09029312228957642 0.1383901296071085 0.10599820695621145 0.2040181091234086 0.10379259720533139 0.1729876620088856
0.06730053174281608 0.11216755290469349 0.08801405052416246 0.13460106348563217 0.10893136626065049 0.21978330811078095 0.10095079761422414 0.1682513293570402
0.0701322060573255 0.12408005687065281 0.08766525757165687 0.155100071088316 0.092616462769376 0.17908755125070547 0.10519830908598825 0.18612008530597918
0.12424063609226724 0.09783950092266044 0.16195760215732397 0.11740740110719253 0.13886617039421725 0.1273586998337988 0.1299748192965257 0.10235517019601399
0.07025302155095126 0.1242938073593753 0.08781627693868907 0.15536725919921915 0.10367722051125941 0.1667721710750159 0.1053795323264269 0.18644071103906296
0.09834814569540336 0.07239762625934591 0.19990361740717766 0.14479525251869182 0.10567640541145552 0.0923528974592974 0.1602942966425892 0.12623175860603902
0.07485076529192512 0.11352949831952404 0.11104203113284572 0.13623539798342885 0.11312193638350108 0.1787495749219176 0.10217654848757164 0.17029424747928604
0.08808204926050646 0.13640381649341835 0.08852194306009664 0.12276343484407651 0.1411749234148864 0.25732319588751223 0.0920725761330574 0.07365806090644592
0.0684462494461621 0.12109721055859447 0.08555781180770261 0.15137151319824307 0.10831525490747615 0.1808967700746868 0.10266937416924314 0.1816458158378917
0.07085351964779338 0.11040021367294861 0.091834609909611 0.1324802564075383 0.11289412565076466 0.21657676189626762 0.09936019230565374 0.16560032050942286
0.0689652913065098 0.12201551538844041 0.08620661413313724 0.1525193942355505 0.10744398245665414 0.17637799243728264 0.10344793695976469 0.18302327308266061
0.10481173317259289 0.08675613294636264 0.13605038092666386 0.09246873465430494 0.16701813518046715 0.15053319550917985 0.14677576929254751 0.11558591831788118
0.06755736200463704 0.11952456354666553 0.08444670250579629 0.1494057044333319 0.11772407328583488 0.1807187058967805 0.10133604300695555 0.17928684531999825
0.10885897667704451 0.08564632679695271 0.13428129369277708 0.09137258966678746 0.16985402897644913 0.15073519049255657 0.14503585661394836 0.11421573708348431
0.07952341046446347 0.14069526466789692 0.0693281014305579 0.12265741022329477 0.14431154036056132 0.21310165886860255 0.08319372171666947 0.14718889226795367
0.09036892736039903 0.07294841124273176 0.18073785472079806 0.1458968224854635 0.11742315920988085 0.09865361549509134 0.16266406924871826 0.13130714023691717
0.10579302185661782 0.07329455988069294 0.23101283482876953 0.13625897462253603 0.10577413695093725 0.07823231043807338 0.15084428611041836 0.1187898753119545
0.08281663323497328 0.1174664025453063 0.12412869276769298 0.1307846380599283 0.11200487993628797 0.17122947733595445 0.09808847854494622 0.16348079757491035
0.07684125182058713 0.11910011174784431 0.10021781195323856 0.12692593988253556 0.1107609129869525 0.21230209184377097 0.09519445491190166 0.15865742485316944
0.07690076035123901 0.11735260946355115 0.09414246899716264 0.12468771390791042 0.10885724239241784 0.22868377707189816 0.09351578543093282 0.15585964238488803
0.05489358608585219 0.09711942153650772 0.052346351147767776 0.08466821364721186 0.14663444090697716 0.29928966569310705 0.09571189368815253 0.16933642729442372
0.08716548262880862 0.07036249802566479 0.18386527543577325 0.14072499605132957 0.11562674321448094 0.11870463946589067 0.15689786873185552 0.1266524964461966
0.08284696608584192 0.11516811595703005 0.11321065384580876 0.12849435284145416 0.11318720602938565 0.19010399955757107 0.09637076463109062 0.1606179410518177
0.08115793055910672 0.11731587766588063 0.09701542222967165 0.12508409501069254 0.10996930581150506 0.21928917870175818 0.09381307125801941 0.15635511876336566
0.075218525005613 0.13307892885608455 0.07710792937284841 0.11601752772068911 0.12146076970057135 0.25920513684272534 0.0786901492366413 0.13922103326482693
0.08660963373173243 0.0699138007232057 0.19802651282638978 0.1398276014464114 0.10843672540099955 0.11544354385237238 0.1558973407171184 0.12584484130177026
0.14584077254878186 0.09443127698828792 0.2015891550442254 0.10537572461860036 0.1362695224282123 0.10797227320069357 0.11665525883703416 0.09186601633416441
0.05535337443001131 0.0979328932223277 0.07203475431305036 0.08537739409126005 0.1587785416737405 0.2632546781578395 0.0965135759292505 0.1707547881825201
0.08462948045740015 0.06831536374272061 0.2002431299410865 0.13663072748544122 0.11623202186355226 0.11864855694958193 0.15233306482332026 0.12296765473689708
0.08265202037302197 0.06671910078304183 0.2616176648647909 0.13343820156608366 0.1022136848652708 0.08449130946687596 0.1487736366714395 0.12009438140947529
0.07314837314855847 0.12941635249360345 0.16936901901483986 0.16177044061700432 0.08775648367160219 0.1506540147069595 0.08229191979212828 0.14559339655530387
0.14260908986866644 0.10068179072127731 0.19297570472282422 0.10602232147486194 0.12962138607704854 0.11828892284115046 0.11737106813659927 0.09242971615757194
0.07176829550651781 0.11015035707645374 0.12758024432288245 0.13768794634556716 0.10679524163832488 0.18740403327858005 0.09338834621699338 0.16522553561468056
0.06652968555752567 0.10939718809794374 0.10957396857876758 0.1367464851224297 0.10014201718443715 0.22076508340285425 0.09274978990912623 0.16409578214691564
0.06533623543638857 0.10794011913869783 0.10381583390847934 0.1349251489233723 0.09738628569713567 0.23717174935289678 0.09151444883498296 0.16191017870804675
0.09328155549151221 0.06689591899398814 0.22310255807150303 0.13379183798797628 0.098797543891829 0.11455001648294061 0.14916791489107206 0.12041265418917865
0.07280391167163994 0.1091378900482117 0.1385404303302171 0.13642236256026463 0.09852202409585033 0.18833659596323227 0.09252995025826645 0.16370683507231754
0.06948971428006409 0.10784643586212893 0.1137116021172186 0.13480804482766115 0.09875990970471754 0.2221796177058202 0.09143502170919626 0.16176965379319336
0.0923356105719396 0.07337337497482467 0.22948571705057638 0.13120362070003772 0.09930717951633844 0.10992899279068477 0.14628224576556442 0.11808325863003394
0.09143515897580558 0.06751785942606713 0.2893260372044709 0.12493119518412224 0.09478550172347215 0.08027721241357685 0.1392889594067751 0.11243807566571
0.1189245611141424 0.08731587242593432 0.2694035869615381 0.10148020070608446 0.1221632747842972 0.09623747273454965 0.11314285063797773 0.091332180635476
0.11366187852750688 0.07619332974954011 0.22481110594328416 0.08652788217536962 0.15071569480349406 0.11562714176249883 0.12862950842786292 0.10383345861044353
0.10178790757557378 0.06535469444334298 0.28562141181519013 0.12010916715575541 0.10550256458083104 0.0796132459811428 0.133912758007984 0.10809825044017989
0.0789327139984671 0.11322317605840199 0.16185923465581045 0.131684835124623 0.09988875772330354 0.16707280950966724 0.08931667078017909 0.15802180214954759
0.09762890520082644 0.07120903570436375 0.2585114506799876 0.12641263158687474 0.09642848032232852 0.0950974776365428 0.14094065044088872 0.11377136842818729
0.11425545970333488 0.07611322010674823 0.22536981534791212 0.08803333069460553 0.14244363771406413 0.11727708083588732 0.13086745876392106 0.10563999683352665
0.12009723853225415 0.07474175549319736 0.2079692505421808 0.0858095335420705 0.15795914708658568 0.12288999961605943 0.12756163493716752 0.10297144025048462
0.1395176734887565 0.08529551801785835 0.22932261955593689 0.09801625598565289 0.1431632052800317 0.10718928650664222 0.1092808107780339 0.0882146303870876
0.08914335408873926 0.112348279786358 0.14344056829436902 0.1275294749007224 0.10959668705291024 0.17840801345467486 0.08649825254135952 0.15303536988086683
0.07808455937108504 0.11678465969126645 0.11655064926829317 0.1294605069153667 0.10112777706246068 0.2148312433983174 0.08780799599477046 0.15535260829844003
0.13392478290763954 0.09386992659644078 0.19004990398786864 0.10362649859478786 0.1298265552887001 0.1399026712768561 0.11553581261239779 0.09326384873530906
0.11431949448211698 0.06644367939055708 0.26999489923848435 0.11964918823696923 0.10274465589112085 0.08576389750715688 0.1333999158403224 0.10768426941327229
0.10576229761387433 0.06311481547691852 0.3133188580788904 0.117169140596603 0.0928999243416605 0.07164788955561435 0.13063484779949616 0.1054522265369427
0.11999489585310609 0.07295551602679916 0.2480798863418632 0.08491535056911463 0.13980206780641913 0.10612149082895694 0.12623237189080325 0.10189842068293756
0.10714610772690407 0.06303032541456946 0.30085778666201557 0.11597655480975837 0.10338327890174771 0.07592184351011871 0.12930520364610373 0.10437889932878254
0.10202870789174594 0.06174244999198832 0.3291876981193053 0.11496965839992382 0.09208499967104147 0.06833120407540243 0.12818258929066131 0.10347269255993143
0.09940512635451534 0.06090852079374003 0.3434317644583313 0.11355391864328732 0.08800292277885687 0.06589507507807832 0.1266041451142323 0.10219852677895859
0.13224987475315267 0.08151695334607471 0.29555943897263925 0.0950516799443977 0.11649392231280638 0.08760608899191902 0.10597552972905236 0.08554651194995791
0.1091416124834543 0.06186061852157353 0.3248988310446022 0.11262395671775173 0.09456955552016999 0.06997655769906788 0.12556730696740379 0.10136156104597656
0.1211401042059796 0.07205073687822978 0.2528903598591852 0.08391293686031227 0.13999763534266052 0.10457048603488305 0.12474221658637467 0.10069552423237473
0.10792600736104106 0.0625617086065968 0.3036662827943713 0.1151755300458212 0.10341202608088884 0.07518834725776052 0.12841212081228126 0.1036579770412391
0.102743092355209 0.061429716699346826 0.3308701755369916 0.11441230004346405 0.09210173446925123 0.0679107345395039 0.12756117631711586 0.10297107003911765
0.10014404180815918 0.06067458271318962 0.3444322234916597 0.11312972851352146 0.08806159537702377 0.06560986765875378 0.12613120477552317 0.10181675566216931
0.08249186017311995 0.11022188136858471 0.18319988406669444 0.12852938033739786 0.09624056942964178 0.15790471894736174 0.08717644927232203 0.15423525640487742
0.101498463245093 0.06919851179690688 0.2711547119390991 0.12289651496155685 0.09596230702411279 0.09166218476740812 0.1370204428004223 0.11060686346540116
0.13724170265953464 0.08448434335521356 0.2633516655001664 0.09774011389599377 0.12257637502932903 0.09766676409768572 0.1089729329556826 0.08796610250639439
0.091043087793563 0.1112994401746089 0.1557598556968127 0.12627029052381128 0.10533496399504869 0.17312381613664907 0.08564419705093286 0.1515243486285735
0.10553074120133708 0.06982457939620783 0.2556494017923139 0.12381961308636441 0.09965443179336601 0.09603395263101988 0.138049628321663 0.11143765177772796
0.10518429967585212 0.06370506890243204 0.3076431471701597 0.11784637315585471 0.09360179960825989 0.07456766408385375 0.13138991156331858 0.10606173584026922
0.10247973759867222 0.061536475407864846 0.3332264792263487 0.11448851870048046 0.08961093891169666 0.06797202889277502 0.1276461544317297 0.1030396668304324
0.08351081839487122 0.11034905567049523 0.17959373538643775 0.12856284594878692 0.0969233024671822 0.15958567930667916 0.0871991476870033 0.1542754151385443
0.13461376071576053 0.0910666539506333 0.2212304456039947 0.10105153999796086 0.1268571576312166 0.12156913016424435 0.11266492593802503 0.09094638599816478
0.11462892235729057 0.0646913871738997 0.28716762988333583 0.1166656278080981 0.1012559319507323 0.08051796718346067 0.13007346861589444 0.10499906502728829
0.10636423752270745 0.061937423981655464 0.3226050643429064 0.11509129855425926 0.09226760078071898 0.06983399713379733 0.12831820898512186 0.10358216869883333
0.10235483306088337 0.06081014311827657 0.3402815009781969 0.11330772493289476 0.0884825435374619 0.06645664443287158 0.12632965749980954 0.10197695243960528
0.11947797736452738 0.07168408847006888 0.2595919186801971 0.08356476093691108 0.13771474402964565 0.1034641677030678 0.12422462969128872 0.10027771312429329
0.08708298343581622 0.10953477849027891 0.1543018915985924 0.12603041043792382 0.11001197328297427 0.17631997445361855 0.08548149577528745 0.15123649252550855
0.07918754283193631 0.11533651986899747 0.1203082307996563 0.12801264396857598 0.10175613753071376 0.2149577850243601 0.08682596721346893 0.15361517276229114
0.07687860047325994 0.11538043098540071 0.10901145542593273 0.127383016589576 0.09869009060871757 0.23339787040973525 0.08639891559988633 0.1528596199074912
0.07595756489351868 0.11482580147989979 0.10504859653371482 0.12674784566325598 0.09749705049022929 0.2418576221283963 0.08596810401507796 0.15209741479590716
0.10378928624897218 0.07168340216717775 0.2274996145302209 0.12665372945495623 0.09977317406360338 0.11540298045418755 0.14120945657142134 0.11398835650946061
0.12376954445965578 0.07488146930956072 0.2122727023265845 0.0864222121119183 0.14659674717159787 0.1238782473050812 0.12847242278129944 0.10370665453430196
0.14729447302308996 0.08365963857052051 0.23158402272974668 0.09596437446614468 0.1412279474515049 0.10690849073019425 0.1069931160092688 0.08636793701953022
0.09430007530985143 0.11049710345763272 0.14513519596603303 0.1253871804959657 0.11119815754913522 0.17797245255069843 0.08504521807552458 0.15046461659515883
0.1076802598246395 0.06981653060609277 0.24922556914676927 0.12383414646010975 0.10182946198249754 0.09809746821698337 0.13806583194880892 0.11145073181409877
0.10697035672270198 0.06371133317077934 0.3040584267183778 0.11783179412890266 0.09454225148963513 0.0754635660173365 0.13137365703625414 0.10604861471601239
0.12275244726960294 0.07255782592970442 0.244299041576628 0.0843532599774781 0.14174474849054644 0.10767197830908395 0.12539678647398236 0.10122391197297373
0.11035268774257237 0.06254593919601253 0.2989041708345853 0.11503189478089812 0.1047622492036171 0.0766223747285645 0.12825197821094164 0.10352870530280832
0.10499423237049339 0.0612806038949854 0.3281967123117891 0.11409345897482653 0.09292983030162398 0.0686153567492431 0.12720569231969464 0.10268411307734387
0.10216646288725635 0.06047489883749722 0.34281955228209443 0.11273447132181257 0.08860554663425539 0.06604752134387952 0.1256905225035731 0.10146102418963131
0.13562460006800492 0.08084571146286838 0.29467742606984765 0.09426052920851767 0.11701994124870904 0.0876438599547407 0.10509345569964583 0.08483447628766591
0.09149621019359817 0.11014536089639086 0.16573832297125693 0.12532307290363717 0.1040043189382528 0.16790329020829337 0.08500173640420608 0.1503876874843646
0.10593155452414249 0.06921177055639875 0.260695585146136 0.12279717895074116 0.09901355035448452 0.09492320885093215 0.13690969056149796 0.11051746105566704
0.10592319512494111 0.06330686074455688 0.3098832661412988 0.11714018405275133 0.09336975216076063 0.0743480127141773 0.13060256341403767 0.1054261656474762
0.08521419712513048 0.11059189519002616 0.17197304234358365 0.12861297792630386 0.09840880694773671 0.16363035670998768 0.08723315024566697 0.1543355735115646
0.10394086486746527 0.06931888279608049 0.264641357336197 0.12300285418003375 0.09738313243717335 0.09387133652775827 0.1371390030932615 0.11070256876203038
0.08483018006847604 0.11176668912904632 0.1572249055166771 0.1292430736088071 0.09976623210034512 0.17441671175488901 0.0876605194911909 0.1550916883305685
0.11864226129940893 0.07933067621569719 0.1821108005612239 0.08788906520982763 0.149034667342338 0.14687265268838523 0.13065299843132583 0.10546687825179316
0.11235083449428128 0.06501450347206972 0.26636721958688536 0.11878186899956858 0.11002403091463611 0.08812494081701042 0.13243291961593692 0.10690368209961172
0.12529716749255124 0.07294684897942275 0.227678950151604 0.08469466583043651 0.14929341350646488 0.1125510458383479 0.1259043092046489 0.10163359899652381
0.08890114432290495 0.10953708828110337 0.14387407669765023 0.12585999303544482 0.11397785800299848 0.18145193969767137 0.08536590831969301 0.15103199164253378
0.09179948259935551 0.14384810517822225 0.13460218765175663 0.1463644850368823 0.08908704100913795 0.18811568482051555 0.07445497717093578 0.13172803653319404
0.10717713078888931 0.08037175362721273 0.24287117766270275 0.12376678343565505 0.0956068464067835 0.10082547578303375 0.1379907272036333 0.11139010509208953
0.14185018689388207 0.09111076740158608 0.2489735492500673 0.09749717065385913 0.12321506733230274 0.1009037355090343 0.10870206937079517 0.0877474535884732
0.09264729746495473 0.11938892220937332 0.15015520332174653 0.12451266454430178 0.10538022083223172 0.17404842604852938 0.08445206812570036 0.14941519745316212
0.10654110969586425 0.07653463809312167 0.25113223439598703 0.12256238527132575 0.09961523290823834 0.09666033976040359 0.13664791313086616 0.11030614674419317
0.10631840756337987 0.06790194293812105 0.3045381452131113 0.11701243320252916 0.09365230734594499 0.07480544310495188 0.1304601307496855 0.10531118988227624
0.103601139910349 0.06502834049416444 0.3310347859861605 0.1136689584612293 0.0896316706608493 0.06800063594596455 0.12673240592617654 0.10230206261510638
0.12047226303628567 0.07574067978418748 0.2551658084823934 0.08312438317958681 0.1383276000841806 0.10385002704044641 0.12356997857741563 0.09974925981550417
0.1437921192373093 0.08738426905623335 0.2508243204745161 0.09378862989682729 0.13608932958929384 0.09914424165519788 0.1045673231834776 0.08440976690714456
0.09296587523974309 0.11812761375929505 0.15059536645657987 0.12388821668376902 0.10909687307453202 0.17263166518874115 0.08402852957681725 0.14866586002052282
0.10654546360478061 0.0762866588126632 0.25121585274532066 0.1223850168375571 0.1006239453118757 0.09634638697033701 0.13645016056366444 0.1101465151538014
0.0850241070394555 0.11894357169636031 0.15224639862406264 0.12815501989710062 0.10015945095730718 0.17476289267463765 0.08692253523455522 0.15378602387652074
0.07778295295813141 0.1335356273368212 0.1180821173576851 0.12536963122560274 0.09778363224550063 0.21196916631338758 0.08503331509214795 0.1504435574707233
0.13313846417062855 0.11001486109186133 0.18835265028321624 0.10018766926687717 0.12760599081066726 0.13882968749572833 0.11170177454083169 0.09016890234018943
0.11588589563774142 0.07681900771746988 0.26805641575636935 0.11649888089791488 0.10261101434335577 0.08539223458418604 0.1298875582548394 0.10484899280812339
0.1430925864270636 0.09276771064078507 0.25889088062617993 0.0952022876462651 0.12370562043562337 0.09451540926519057 0.10614344607725376 0.08568205888163857
0.11528512185335717 0.07134507380145716 0.3047295686514511 0.11216459409573078 0.09812088751806398 0.07235146746913905 0.12505515192464312 0.1009481346861577
0.14119367256922127 0.09039616880707868 0.27551641281556943 0.09383270264171976 0.1205639273234776 0.08943122246036349 0.10461646100502188 0.08444943237754779
0.15044296057802808 0.09303351535201858 0.25870558549110795 0.09186047849746058 0.12752182054902125 0.0933436306195698 0.10241757826507918 0.08267443064771451
0.0942317670728738 0.12518962816946486 0.15261663872523154 0.12278226244874542 0.10594328178333866 0.1686193027661803 0.0832784040956708 0.14733871493849449
0.13845044778631022 0.10670134194163391 0.20454027445031767 0.09869598293415402 0.1291115544173768 0.12363535822974783 0.11003865559972097 0.08882638464073861
0.09090398418541411 0.12909504075133885 0.13464357045893346 0.1231611346980755 0.10619608395184409 0.18467144599974783 0.08353537831695557 0.1477933616376906
0.10617869556057759 0.08335993500023482 0.24156643472919204 0.12242232694904742 0.10013520900443432 0.09966554594873177 0.13649175855363943 0.11018009425414267
0.12350569242331129 0.08379603538032171 0.21715312302320572 0.08488499122255 0.1454882706274418 0.11712265717303517 0.12618724068307433 0.10186198946706
0.10073758242962452 0.14180667215684198 0.16026973371337128 0.14264402391511136 0.09644355560613505 0.15715641588110668 0.07256239477420882 0.12837962152360022
0.08154439337706508 0.13965471560658377 0.12048515186098936 0.12479131952997499 0.09654943003733393 0.20258433725349118 0.08464106889859173 0.14974958343596997
0.10399273149471144 0.08594059292041686 0.2341381060228008 0.12368551134314175 0.0981088127302229 0.10491717039431625 0.1379001148855625 0.11131696020882757
0.1061090116646953 0.07291563672677559 0.29556549574950736 0.11754924872846624 0.09378377801896617 0.07722386525572451 0.1310586400002452 0.10579432385561963
0.12206919556485904 0.08074533703886617 0.24003553546790965 0.08363685197650193 0.1409941643643441 0.10782289535214082 0.12433179786357601 0.10036422237180231
0.10985865430031246 0.07031139462273212 0.29569498153276974 0.11389934205003907 0.10433962793807189 0.07639732527614519 0.1269892664348943 0.10250940784503518
0.1045500796990153 0.06788895487616432 0.3258521324695891 0.11307879438472769 0.09252180457559432 0.06826290202568179 0.1260744170229725 0.10177091494625491
0.10169922865974972 0.06670169273952704 0.3410103568053878 0.1117103696612798 0.08815217657987379 0.06563811728145395 0.12454872557757611 0.10053933269515182
0.08319596528526958 0.12025490620083695 0.18088407732030384 0.1261819737472309 0.09564477721365557 0.15683563649877394 0.08558429523725225 0.15141836849667706
0.11625595884791165 0.09184041032664285 0.19097540107821082 0.08592019985864688 0.1450798254112855 0.1390978167973553 0.12772614784957056 0.10310423983037624
0.12550515282522287 0.08393282180824638 0.19167575378356527 0.08293967880945267 0.16347208420628087 0.12965149087019487 0.12329540312569383 0.09952761457134321
0.12813823425738982 0.08179113781363535 0.19094627763521624 0.08218074126395201 0.1706944877104358 0.12546504031173852 0.12216719149088986 0.09861688951674241
0.08833193042781903 0.12197963479717219 0.13042379783934854 0.12312851031178441 0.11900262221915556 0.18586604155823835 0.08351325047234075 0.1477542123741413
0.11824152589638129 0.09221221992030129 0.1675478914428241 0.08586065754291242 0.15569509657968328 0.14977218536828238 0.12763763419812055 0.10303278905149492
0.08558164903437357 0.12481065278278404 0.12254235055769093 0.12322815516194456 0.11404424480696723 0.19833832578684812 0.08358083567505804 0.14787378619433345
0.10491103296848484 0.08302616098883993 0.23464210641932623 0.12298369718883785 0.10301777206541732 0.10361625842143533 0.13711764447770428 0.11068532746995408
0.10627859467983256 0.0723342474364527 0.29564616533664984 0.1173431780825849 0.09510249623389926 0.07685757134776054 0.1308288866084939 0.10560886027432642
0.10373901278381949 0.06848579201777039 0.3263121888324856 0.11364607410908104 0.09020679191725726 0.06862178206009455 0.1267068915813187 0.10228146669817294
0.13611059700410194 0.08963490289445421 0.2861149372710966 0.0937057080865287 0.1174197245771811 0.08820412133557229 0.10447487155318945 0.08433513727787581
0.11180299691601848 0.07000226831588695 0.3188038189271105 0.11077299603779492 0.09528191776183191 0.07013668166669595 0.12350362394064597 0.09969569643401545
0.10403126720737901 0.06704903097172389 0.33717952337817014 0.1116605134863868 0.0889885212000059 0.06610354195540563 0.12449313966318049 0.1004944621377481
0.08379377032134668 0.12035146622192869 0.1796529531897495 0.12617634238124975 0.09591019169280185 0.15712318963335878 0.08558047570206505 0.15141161085749968
0.0776191463902096 0.13416123579709596 0.12687982625746097 0.12548458904501428 0.09676405011002759 0.20339835906346912 0.08511128648270534 0.15058150685401714
0.13280769554939578 0.10993639046904198 0.19275752387917222 0.09998637873256455 0.1270093235701863 0.1360375963235764 0.11147735061675479 0.08998774085930808
0.11555243542209519 0.07664552089649572 0.27042705820344254 0.11623641969711379 0.10228346061519662 0.08464739383565072 0.12959493360260296 0.10461277772740239
0.12569017193910842 0.08151968198345826 0.22874690897736422 0.08368250379298302 0.1449336587015193 0.11060840769904533 0.1243996623549419 0.10041900455157961
0.11148510006263639 0.07073331935912465 0.28961249574629244 0.1143779305542353 0.10593375733129286 0.07739440254609353 0.12752285690151308 0.10294013749881177
0.10532334377074595 0.06813580775386839 0.32277200442874904 0.11339195552283483 0.0932167001327526 0.06868386009876991 0.12642356832172777 0.10205275997055134
0.12085258964613381 0.07912986527988344 0.251218564578605 0.08278603952487615 0.1396675400975388 0.10393514543299703 0.1230670080101144 0.09934324742985137
0.10890974345179384 0.06966105592096031 0.3014748173807993 0.11322922109983118 0.10345017618730848 0.07512655538502012 0.12624213158443864 0.10190629898984806
0.13876875304382447 0.09020659619383006 0.2741968328385813 0.09403205807686692 0.12283393924272663 0.09049424089705077 0.1048387274379397 0.08462885226918024
0.11315387655001773 0.07041991369068065 0.31260561692065225 0.11130175503997071 0.09726773271999263 0.07098637477426745 0.12409315076844495 0.10017157953597364
0.12361034709230923 0.07943893518225482 0.2464691945866806 0.08261499676157262 0.14129939074383396 0.10461639806494459 0.1228127414545169 0.09913799611388716
0.10996026129739762 0.06981362103854971 0.29889246628091826 0.11338793633368215 0.10407972591735253 0.07539775920602383 0.126419087225762 0.10204914270031393
0.10441134549173625 0.06768614399461696 0.32740715998383774 0.11285507339645307 0.09230847639867165 0.06793724986123435 0.12582498481664242 0.10156956605680775
0.10157816513022987 0.06661285007901212 0.34175957530791057 0.11160701971964249 0.08803449666770605 0.06552807724248791 0.12443349810533273 0.10044631774767823
0.10008907692609881 0.06601617444826688 0.34879926759127694 0.11085108484787415 0.0863082102874104 0.06457952239962483 0.12359068713636118 0.09976597636308673
0.0993219979173463 0.06570456408731253 0.352218277265199 0.11046183023019115 0.08555989187526092 0.06416109413102138 0.1231566972864967 0.09941564720717203
0.09893540889643349 0.06554871326492952 0.35387215847395553 0.11027006877906735 0.08522104474324879 0.06396664636215497 0.1229428975790497 0.09924306190116061
0.09874364806637201 0.06547239286024734 0.35467085446755736 0.11017693314737939 0.0850635664141072 0.06387430691155736 0.12283905830013792 0.09915923983264145
0.11769543043586596 0.07806873873055481 0.2647536011333497 0.08212168528524065 0.1351970998953637 0.10153802136524734 0.12207940081208908 0.09854602234228879
0.10730254695258042 0.06908487577406448 0.3085512649427055 0.11254145770403118 0.10160289709212192 0.07415431887712032 0.1254753267237482 0.10128731193362807
0.1031583085198297 0.0672782185937385 0.33225520874100845 0.1123406661732456 0.09123691666666982 0.06737262259822198 0.12525145915136485 0.10110659955592104
0.10097611822297332 0.06639799375540492 0.3441412578969645 0.11133873737721839 0.08754849022988279 0.06525815556345922 0.12413438331460021 0.10020486363949654
0.09979821599945157 0.06590789718423051 0.34995801703575313 0.11071769768731876 0.0860816063887142 0.0644486673793372 0.12344197040660762 0.09964592791858688
0.0991813405158994 0.0656512401532801 0.3527794856165053 0.11039665872638252 0.08545267572096628 0.06409757048992712 0.12308403592329513 0.09935699285374426
0.08246804368816207 0.11978773687846549 0.18462550507865383 0.12596022048697222 0.09472351237204366 0.1558488282332157 0.0854338886781203 0.15115226458436665
0.10145999178172417 0.08026045613276281 0.2697711340181277 0.1202395778474111 0.09492242698840644 0.09107263697185881 0.13405815619703892 0.10821562006266998
0.08324891239145926 0.12461843758847606 0.15757970406126567 0.12702993932217238 0.09790253697159054 0.17102510537295584 0.08615943710547344 0.15243592718660684
0.10294587107668011 0.08205534685609941 0.2550279662963485 0.1217787756389268 0.09700977856074214 0.0958071166270969 0.1357742468690721 0.10960089807503412
0.10474671057876236 0.07153765301510522 0.306214401749477 0.1162587985541013 0.09257267538370263 0.07441695766208023 0.12961988435808008 0.10463291869869117
0.13742849524064585 0.0909504092823175 0.27709551439301183 0.0944725322760451 0.11910326198063798 0.09059468448008666 0.10532982329881446 0.08502527904844058
0.1489488902653357 0.09322313770459367 0.259644286847706 0.091947689784311 0.12711366382674363 0.09385459842381778 0.1025148123416124 0.08275292080587988
0.0938169444834202 0.1251994335736034 0.15286869830669522 0.12273525353691422 0.10583868227701979 0.16901216378779532 0.08324651979025485 0.14728230424429703
0.0797524682625034 0.13488557359966127 0.11805838573122124 0.12474711067239605 0.09929210539037713 0.20895673977655793 0.08461108376040775 0.14969653280687523
0.11580138948610645 0.09533610005041217 0.1627775680565178 0.08655285040984977 0.1477878997486119 0.1592141463712936 0.1286666253853886 0.10386342049181972
0.11168830155849656 0.07540754963602428 0.2545276072733004 0.11832848460123391 0.11006386125794265 0.09156112968544142 0.13192742984645034 0.10649563614111052
0.10713592819260402 0.07011746314979726 0.30521710910614436 0.11556317602320139 0.095956513738539 0.07315863422057674 0.12884431714825587 0.10400685842088124
0.0847408156278275 0.12159097184075461 0.16937313168677465 0.1266936697725121 0.09825097879564172 0.16138666992116238 0.08593135862831254 0.1520324037270145
0.07781546275192879 0.13444262033967613 0.12359715749681593 0.12545218266182587 0.09741287812392746 0.20564777293057013 0.08508930650106451 0.15054261919419104
0.10262992365155424 0.08494984723548489 0.23598018213314798 0.12354178838140893 0.0982842776156526 0.10568649693065872 0.13773987450882458 0.11118760954326805
0.0835030369974124 0.1259917783668299 0.14657348694595754 0.1272159080960835 0.0988833455152314 0.1788877819154068 0.08628557244777837 0.15265908971530018
0.10315994017121938 0.0862355060319791 0.24829107394453526 0.12169099480153729 0.09744947208476895 0.0979747398583848 0.1356763777861916 0.10952189532138357
0.10488136965601713 0.07475269230114212 0.30242486871982893 0.11615866673744071 0.09275230929789634 0.07497904836895083 0.12950824485502718 0.10454280006369664
0.10278256010964595 0.0706191189391948 0.32944005811848415 0.11284775037365377 0.08908145079930803 0.06784926613070934 0.12581682019271548 0.1015629753362884
0.0832449328478034 0.12466673913033458 0.17677369560334935 0.1257585093083463 0.09567384891280376 0.1576749871486425 0.08529707587870446 0.15091021117001555
0.10169402432075804 0.0848224730938722 0.26490756322214076 0.11998072730400372 0.09520324257080014 0.09163975775647729 0.13376955715834443 0.10798265457360334
0.10362469764741493 0.07389634610900958 0.31088786044378425 0.11517140957699165 0.09140729454063803 0.07295059626583526 0.128407526797034 0.10365426861929249
0.10199618082432699 0.07017164423248755 0.3336225823353077 0.11235138567415143 0.0883577932242966 0.06712075600778124 0.1252634105949121 0.10111624710673628
0.08301967427152006 0.1244652256764156 0.17811150928642186 0.12568703660747446 0.09542143000506509 0.15722208148167277 0.08524859874246093 0.15082444392896932
0.11542994954474807 0.09931738709979275 0.1888756522173268 0.0850494947630932 0.14409810625731062 0.13873823015717965 0.12643178624483706 0.10205939371571184
0.10982715194830567 0.0798830324642196 0.2680188671891397 0.11595262469449323 0.10733926243088632 0.085343175694499 0.12927852335341258 0.10435736222504391
0.08474605617122406 0.13027846782067498 0.1563999589596119 0.12542921779886024 0.10093303206449569 0.16662447549336074 0.08507373033314 0.1505150613586323
0.11633029534710897 0.10099695046138163 0.17908083639290495 0.08523796965923551 0.1468974964760774 0.1424589212354946 0.1267119668367143 0.10228556359108261
0.09751341865374617 0.1557589158199666 0.14475212465300896 0.140675151896108 0.09577962475028944 0.1673522893819288 0.07156083813845493 0.12660763670649716
0.1207519921643348 0.10714558320793671 0.17322102339791584 0.08471539598095086 0.1441170755054675 0.14245532860054128 0.12593512596571202 0.10165847517714102
0.12686232445114898 0.09278804004289926 0.18312929371561132 0.08239826101668307 0.16273024246334833 0.13072337587742908 0.12249054921286022 0.09887791322001968
0.14722611081815412 0.10160200768753472 0.21416625229607428 0.09371273049565142 0.14633370753064714 0.10813503271055104 0.10448270101530091 0.08434145744608627
0.09253980848024493 0.1352360013191569 0.13709283589541196 0.12131349932815638 0.11077348514470334 0.17518597109422396 0.08228219954431476 0.14557619919378767
0.1058262966996914 0.09075134014941327 0.24150361053038133 0.12080173409773336 0.10074112339526262 0.09696941597536866 0.13468491846418928 0.10872156068796002
0.10576760117163342 0.07748708786023589 0.29847809996494384 0.1160157718649755 0.09372439017259916 0.07476392655110937 0.1293489277360249 0.10441419467847794
0.10306350746746447 0.07267813560071927 0.3272474415482411 0.1127303643404542 0.08935091385629768 0.0677863657545649 0.12568594352584966 0.10145732790640878
0.08311392791501167 0.12764144956929555 0.17579678628032108 0.1253252224617291 0.0955144140517912 0.1572147384024298 0.08500319436534672 0.15039026695407492
0.10142233038706498 0.08794067011020361 0.26393419248823907 0.11952012628621177 0.09495810603702393 0.09140043963694934 0.1332560213967167 0.10756811365759059
0.10339634532000451 0.07616419204077296 0.3101455148045412 0.1148614386118153 0.09120668688092293 0.07278859528828521 0.12806193230302393 0.10337529475063377
0.08323350077670578 0.1290570414616658 0.17020240924085467 0.12553514401425184 0.0961354438148984 0.16004871193442013 0.08514557594010126 0.15064217281710218
0.07658847575287704 0.14600545821577834 0.12277078675000111 0.12360128138717648 0.09575639610235134 0.20312215153416252 0.08383391259304145 0.14832153766461176
0.1137146368463936 0.1053896884072541 0.16395288618944057 0.08554560014495416 0.1451474789980077 0.15642570902452094 0.1271692802154841 0.10265472017394499
0.14309820443025667 0.10638472489056876 0.2059232265574196 0.09496549556765749 0.14097418588980043 0.11730577607274825 0.10587944058065693 0.08546894601089174
0.11730105998895814 0.080190897164952 0.275775200380523 0.1136748755575115 0.10494450537456891 0.07906707048476923 0.12673900304695684 0.10230738800176035
0.1255008644068883 0.08612652797334425 0.23028357610110223 0.08277369468742622 0.14510619835683278 0.10783204826938042 0.12304865658011421 0.09932843362491146
0.12729521307543074 0.08653849154246367 0.20782755624759083 0.08135219546656693 0.1615032555615468 0.11692515103204221 0.1209355025144786 0.09762263455988031
0.12787908920325758 0.08655335483990434 0.19733049089753446 0.08120941110442825 0.16873922112759823 0.12011389553179805 0.12072324397016498 0.09745129332531391
0.11293979143996422 0.07631259388894816 0.27148761445231795 0.11454794828803723 0.11372038117395458 0.08018610331073274 0.12771241398681166 0.10309315345923352
0.140795487976671 0.09680137184885941 0.25939954930523146 0.09410803416676003 0.1270115732649232 0.09226331757915782 0.10492343510831302 0.08469723075008401
0.09121216237240769 0.13390247694223428 0.15209191199623887 0.12174810681602354 0.10520638680906454 0.16716425008784772 0.0825769767969551 0.14609772817922823
0.10478257582235959 0.08993587649159264 0.25010760081516914 0.12013426298583606 0.09849801771288924 0.0944800914992 0.13394073798570078 0.10812083668725245
0.10504294983233975 0.07701947871862318 0.3029431057391077 0.11554173326979292 0.0927316268385432 0.07391313558036874 0.12882041007841089 0.10398755994281361
0.10263302182412183 0.07243051530300706 0.32947537064273386 0.1124770757041057 0.08889254525103321 0.06745855754284501 0.12540354559845812 0.10122936813369511
0.11933973257086476 0.0836670342012983 0.25381559746244237 0.08220069061203483 0.13712280650351227 0.10301646237870911 0.12219684753669657 0.0986408287344418
0.12467616368953253 0.08568632123566536 0.21825153285081228 0.08109673091001283 0.1575338764510329 0.11488356047783496 0.12055573729309373 0.09731607709201541
0.14503591559031123 0.09866980021373375 0.23108963795913465 0.09279122641099893 0.1431213180486059 0.10232470527744161 0.10345529272987491 0.08351210376989904
0.11654355853722832 0.07752525181633535 0.2889703566300271 0.11212480216492215 0.10432968530805635 0.07458323670366217 0.12501078689133857 0.10091232194842994
0.1064539225824121 0.07263128189705013 0.32175546538894834 0.11247730623519916 0.09233891419989573 0.06770973146139167 0.12540380262342354 0.10122957561167926
0.12080830305595316 0.08375742763122294 0.2503744197305527 0.08224106105182269 0.13871628595749103 0.10315636840388163 0.12225686090688866 0.09868927326218722
0.1252541609675797 0.08573217606159515 0.21670763787671188 0.08112071589148133 0.15828473086200004 0.11496432669187603 0.12059139257897822 0.09734485906977759
0.0871245704743566 0.12970639261199302 0.13808910588277826 0.12196423134610639 0.11466812947758674 0.1793669269831881 0.08272356560866347 0.14635707761532765
0.07703858366277884 0.145303307859384 0.1120997044983966 0.12258184753570936 0.10064453624386646 0.21209133265453253 0.08314247050248114 0.14709821704285123
0.10202429247793655 0.0942698574611567 0.22781181263622877 0.12256517443437599 0.09902154624788939 0.10734763691195337 0.13665102283952069 0.11030865699093839
0.08266341879682292 0.13561201184515737 0.14307184642503695 0.12578291928835347 0.0982853285776275 0.1783313397080075 0.08531363221297017 0.15093950314602414
0.11584796349025933 0.10259921528458062 0.17324594977081006 0.08548383930295096 0.14607708666275004 0.14708786974937776 0.1270774685757301 0.10258060716354114
0.08431577220812517 0.13547223526198263 0.12349337323596256 0.12183929229861516 0.1103294570912996 0.1957038948040073 0.08263882434166943 0.1462071507583382
0.11587624797665223 0.1043689623608037 0.16333371408870806 0.08480394515148901 0.15083663069021838 0.15294900529529257 0.12606676025504931 0.10176473418178679
0.11096647704272743 0.08324866213980697 0.25353456161877697 0.116863934617904 0.11034577206627566 0.08956848544858313 0.13029456590981234 0.10517754115611358
0.08485575963796525 0.13330769473386977 0.15147735746857877 0.12513254780980929 0.10163712227839186 0.16855795001122165 0.08487251068839238 0.15015905737177113
0.10280705082740774 0.0918847998215127 0.24999922284656392 0.12034240175464393 0.09755743258463724 0.09492813340587722 0.1341727971801776 0.10830816157917954
0.09474890548846052 0.15657954525678644 0.17186085976577936 0.14352244946341564 0.08390212678155189 0.14720666269554245 0.0730092460313897 0.12917020451707406
