0.125 0.125 0.125 0.125 0.125 0.125 0.125 0.125
0.07295173961840629 0.12906846240179573 0.09118967452300786 0.16133557800224466 0.08754208754208755 0.15488215488215487 0.10942760942760943 0.19360269360269358
0.09641410499022565 0.07782825342584482 0.1928282099804513 0.15565650685168964 0.09359125151960138 0.07004542808326032 0.17354538898240618 0.14009085616652064
0.09317395648661392 0.07521271186268835 0.2193383782208528 0.1504254237253767 0.09106208599930456 0.06769144067641951 0.16771312167590505 0.13538288135283902
0.099626400996264 0.07845579078455792 0.199252801992528 0.15691158156911583 0.08685378548392246 0.06839735606858895 0.17370757096784492 0.1367947121371779
0.11030863736668604 0.08686805192626526 0.1563457528399143 0.10424166231151831 0.13788579670835754 0.10858506490783158 0.16546295605002906 0.13030207788939788
0.08172296924614635 0.12370505538779725 0.10182366519439173 0.14844606646535669 0.09277879154084794 0.15463131923474654 0.11133454984901753 0.18555758308169587
0.08585631815659607 0.15189963981551613 0.08702252791687973 0.1324253270186551 0.11178730943521613 0.18227956777861934 0.08981891745613126 0.1589103924223861
0.09256824092265212 0.07472376074479148 0.2113980553353521 0.14944752148958296 0.09202114866281633 0.07871566984340667 0.16662283366077382 0.13450276934062463
0.08833780564705487 0.07130883106449008 0.2548636188327642 0.14261766212898017 0.08649964182192481 0.06900849442400496 0.15900805016469877 0.12835589591608215
0.07899291008370077 0.12164453443372973 0.10837823092280723 0.14597344132047568 0.09123340082529728 0.16183059977303793 0.10948008099035675 0.18246680165059456
0.08197178572734824 0.12109588103631097 0.09598724041382682 0.14531505724357313 0.09082191077723321 0.17417801031456145 0.10898629293267986 0.18164382155446643
0.0703209994162574 0.10330407473876163 0.060826087410346966 0.09297366726488547 0.1345661555760304 0.24049328034608453 0.11156840071786255 0.18594733452977094
0.06889295003670559 0.12188752698801761 0.0980624036669378 0.152359408735022 0.0931691874195339 0.17945780761669838 0.1033394250550584 0.1828312904820264
0.09047506582793013 0.07303408928278698 0.2220040596856648 0.14606817856557397 0.0886899802307739 0.08541214720797947 0.16285511849027426 0.13146136070901657
0.116383862057711 0.09394841876947754 0.2249712810862468 0.11743552346184694 0.11380631591296489 0.09683078278116579 0.13093184481492484 0.10569197111566223
0.1099549313259167 0.07241338441995042 0.22383541386670924 0.14482676883990084 0.08896911090716493 0.07341196976140073 0.16032918650571032 0.1262592343732469
0.08155593113039143 0.14429126276915408 0.11099061240894402 0.12579238292695485 0.10635415935969687 0.19474474086379562 0.08532005102871719 0.1509508595123458
0.08884302191754075 0.0717166562466895 0.2272731050916122 0.143433312493379 0.08827363521268018 0.09145284834248395 0.15991743945157333 0.1290899812440411
0.11837744269330286 0.0809889489029907 0.17109857546242532 0.09718673868358885 0.1396232093754916 0.11697699695058937 0.15426466457712515 0.12148342335448606
0.07159855131578335 0.09902223361187427 0.0693228726637339 0.08912001025068685 0.14757097905848596 0.2381813202972378 0.1069440123008242 0.1782400205013737
0.09320969244727206 0.13806707262584544 0.08359210016063127 0.12426036536326089 0.13026574937332863 0.2628535267892594 0.09319527402244568 0.07455621921795653
0.07704519103803184 0.11013089266965098 0.09109635130872508 0.13215707120358117 0.10666270094912254 0.21859365042372608 0.09911780340268589 0.16519633900447644
0.06615697399120324 0.11704695398443651 0.10180244624270465 0.14630869248054562 0.08767126889584953 0.20620777244180077 0.09923546098680487 0.17557043097665473
0.08887097161354243 0.07173921804948606 0.22379477577426438 0.14347843609897212 0.08686710890651991 0.09615114816376394 0.15996774890437634 0.1291305924890749
0.08550084880779289 0.06901875747135089 0.2693769276564412 0.13803751494270178 0.08355404720522522 0.07637661261402913 0.1539015278540272 0.12423376344843161
0.10064546879559512 0.06899247875228856 0.2573606361438932 0.13798495750457712 0.09177752328685805 0.07018933706857716 0.15275502011088712 0.12029457833732363
0.08029766872485665 0.11361064888849728 0.1285580817157362 0.13633277866619675 0.1043825298286614 0.16415273484365814 0.10224958399964756 0.1704159733327459
0.09582438363849849 0.14000399924392876 0.09699918282784331 0.12600359931953586 0.13281511945085384 0.23824885643796628 0.09450269948965191 0.07560215959172152
0.09404407480434653 0.13358810629677195 0.08803397404962812 0.12022929566709478 0.13503527461530337 0.26675972541627724 0.09017197175032109 0.07213757740025686
0.07571277170025834 0.10772548541228748 0.09319257122374476 0.12927058249474496 0.11012794558960502 0.22542947858986953 0.09695293687105874 0.1615882281184312
0.09210544165100829 0.1352333996702363 0.088284233666051 0.12171005970321264 0.13083978553611503 0.26751849917403975 0.09128254477740949 0.0730260358219276
0.07510767346136582 0.10712805769911336 0.09278043199767384 0.12855366923893602 0.10872057058298329 0.23060225854205585 0.09641525192920203 0.16069208654867
0.0745589981156885 0.1095404729112129 0.09531929083725657 0.1314485674934555 0.10593558376603589 0.22029995188943974 0.09858642562009161 0.16431070936681932
0.0655570490886617 0.11598554838763223 0.10202053159473165 0.1449819354845403 0.08688597907406251 0.21225506015593062 0.09833557363299254 0.17397832258144832
0.09893203612774272 0.07803247539788928 0.21773725427593785 0.13942617118705888 0.09506385408776556 0.0949066849873092 0.15435050290142455 0.12155102103487185
0.07850188502517264 0.11999273036966002 0.12346378417539515 0.13323527559754386 0.10450675338751816 0.17382902024962238 0.0999264566981579 0.1665440944969298
0.10118872626815861 0.08168246578273046 0.1665118465895054 0.10210308222841306 0.13390568836470174 0.14030140269015706 0.15178308940223792 0.12252369867409567
0.10116320503001909 0.07299018050088985 0.2428067068284849 0.13446232781738485 0.10152693518065611 0.08097175255948619 0.14885532424228196 0.11722356784079704
0.09776103194602156 0.14809336867074002 0.12183111474496845 0.1238489227749172 0.13156427954331332 0.20970523657390105 0.09288669208118792 0.07430935366495034
0.11174147752403066 0.08622257230474181 0.15070012389134077 0.08933166960133636 0.1612325645703121 0.1473107041520658 0.14179630095450213 0.11166458700167044
0.06521299448296404 0.11537683639293639 0.11371705520642622 0.14422104549117049 0.10037310643691055 0.1902142156757417 0.09781949172444608 0.17306525458940455
0.10894793491992387 0.08593260342025479 0.15172268995437366 0.0921166709859241 0.1547940207910642 0.1451233031231588 0.14621693807289537 0.11514583873240512
0.06490330919559194 0.11482893165373959 0.11361921699074783 0.1435361645671745 0.10461457558941735 0.1888994407293316 0.09735496379338791 0.17224339748060938
0.06499289246362497 0.11498742512795188 0.10533192883769829 0.14373428140993982 0.09587882953298445 0.20510416624043531 0.09748933869543747 0.1724811376919278
0.08669455592729183 0.07815910598565412 0.22175666139541733 0.13996470475008563 0.09466736402257518 0.09673917297477355 0.1560502006691253 0.12596823427507706
0.1009126990650675 0.0717476802010093 0.26677497922790305 0.13268479035305444 0.09230398135928922 0.07301443279874333 0.1468875171999626 0.11567391979497055
0.08132147673323911 0.11825121942514198 0.13638307726356777 0.13192621117604197 0.10332569804123869 0.16493989500868647 0.0989446583820315 0.16490776397005247
0.07621068326286705 0.15103029016477978 0.09044627168538225 0.11754783887882059 0.11246739834216968 0.231512011597935 0.07972809941346092 0.1410574066545847
0.13575666357985108 0.10538610936776266 0.1725458591375985 0.10902498325060146 0.13180271351947484 0.12974111169643132 0.12069513815288396 0.09504742129539613
0.12383182905104179 0.08231889396676224 0.16672777663244565 0.08876307183356263 0.16061306845227402 0.12589775545678175 0.1408937648151788 0.1109538397919533
0.06408458690718533 0.12298893859300654 0.11596661091005613 0.14172552873704447 0.10763344581583108 0.18140337419164515 0.096126880360778 0.17007063448445336
0.09963501340247417 0.07722836497079959 0.22830480846514378 0.13692253129437446 0.09794238256494865 0.08901966806365592 0.1515788706229949 0.1193683606156085
0.08109669216313717 0.11889809694846015 0.1285588069849483 0.13198153134433113 0.10460073050003817 0.17090107937042293 0.09898614850824836 0.1649769141804139
0.07729387478146557 0.1221598123700684 0.10559441958895162 0.1303819997056968 0.1047347089641368 0.19907118517828726 0.0977864997792726 0.162977499632121
0.07742152081468247 0.12171710383018881 0.10007602283768587 0.129465572581842 0.10410855627873714 0.20828007849317992 0.0970991794363815 0.16183196572730246
0.06528847776886315 0.10256684466618558 0.06254062446446033 0.08184618191975054 0.14026207167711874 0.2855880173604199 0.09821541830370063 0.1636923638395011
0.07241160442717716 0.14184546565812742 0.07388947888760251 0.11168811570424565 0.11767893011560575 0.27270698788448444 0.07575367847766226 0.13402573884509478
0.06192833335835284 0.12577262950235307 0.09296753240093028 0.13695689108097264 0.09635551074094091 0.22877833358175365 0.09289250003752927 0.16434826929716714
0.09144953450028838 0.07839811002711101 0.21497010015770193 0.1387613492199332 0.09596978030260132 0.1008573624387674 0.15470854905565687 0.12488521429793989
0.10328946348994346 0.07146285481727896 0.26609524883475233 0.13206665048325547 0.09229788280789362 0.07344965998625433 0.14620321095419408 0.11513502862642785
0.07122388327021877 0.12225593854821797 0.1382958606275275 0.14227913129015443 0.0950555410887874 0.1636523203170648 0.09650236730984388 0.1707349575481853
0.101680418933944 0.07654140680742981 0.23722138037429588 0.13577064997479027 0.09458998650737335 0.08552831036210541 0.15030369065178245 0.1183641563882787
0.08288029566129991 0.11856458612217294 0.13051218816239168 0.13165492053876623 0.10368961077031423 0.16938855766752245 0.0987411904040747 0.1645686506734578
0.09693181404781614 0.15010737788444728 0.09782976242938254 0.12015617925360102 0.12853713553053958 0.24422688886185212 0.09011713444020078 0.07209370755216062
0.06776026430821681 0.12601817731464535 0.0976030199658797 0.13587618014826647 0.09910808430382533 0.21842336168068346 0.09215949610056334 0.16305141617791974
0.09174228899202559 0.07822841834326114 0.2166373391240477 0.13841050023552323 0.09712412781784589 0.09897049665452588 0.15431737862079978 0.12456945021197093
0.140276055464054 0.09697211540404409 0.21752566948233795 0.10753838504123092 0.12559148191113112 0.09929546727169743 0.11904941282545708 0.09375141260004746
0.07281455804799461 0.1237203943572058 0.12661129319598705 0.14035970985872837 0.10150317619637973 0.17135871765252791 0.09520049886070273 0.16843165183047404
0.1372988799548208 0.10313636275897284 0.18719703494589354 0.10959860939062314 0.1290826881132206 0.11680875334391318 0.12133016586996133 0.09554750562259455
0.07188106793911236 0.13216144670493032 0.11898889927126102 0.13881136111130124 0.10126793074913962 0.17616534639781137 0.09415031449288257 0.16657363333356145
0.07747183311604118 0.12353375383367204 0.10350894375736991 0.13024475211978892 0.10389024871481578 0.20086096421873445 0.09768356408984169 0.16280594014973615
0.07715492136555556 0.1308348078207512 0.09866181419407143 0.12775420931563608 0.10286022905651342 0.20722559961620016 0.09581565698672707 0.1596927616445451
0.0672046077258853 0.13629721196591763 0.09869145645220774 0.13750587186134533 0.09529685983976077 0.20673209370226944 0.09326485221899945 0.1650070462336144
0.07539624323087905 0.13333464751841484 0.09762001014557473 0.12781626075268143 0.10094160803121843 0.20925870881586864 0.09586219556451107 0.15977032594085178
0.07658769143755435 0.13240851738400033 0.09714759566723154 0.12737181416384102 0.1019347830969767 0.20980596992271405 0.09552886062288077 0.15921476770480125
0.07890254705578836 0.16048876659476644 0.08059700572009196 0.11265331801546649 0.11173371677730966 0.24403232678144005 0.07640833743657725 0.13518398161855977
0.09152295367182627 0.08846864288386293 0.2066952408140996 0.13629635724710276 0.09944429966013851 0.10294551724000153 0.15196026696057577 0.12266672152239248
0.08114737566358057 0.12640608631512945 0.12293985529774133 0.1303780100978089 0.10389982900694754 0.17447282342317455 0.09778350757335669 0.16297251262226112
0.07837452762951974 0.13194833217977217 0.10322128295682469 0.12828558791249228 0.10329262885243475 0.19830646464397175 0.09621419093436921 0.1603569848906153
0.09479978801317036 0.16193924292388506 0.0903881383471537 0.11707267434848011 0.12556491415979892 0.2521871318370638 0.08780450576136008 0.07024360460908806
0.06641443480643822 0.1390912479993442 0.09449600096653753 0.13323072237982364 0.09772362292716213 0.21880191845076466 0.09036518561414125 0.15987686685578834
0.10241186796395346 0.09695168531599917 0.15065167725867137 0.09660126885496649 0.1455565381791685 0.14830116550345035 0.1436042742978308 0.11592152262595978
0.09202785274534638 0.07900388512329191 0.23508236814937863 0.13406415129992436 0.10470135443261085 0.08499112816751075 0.14947152391200522 0.12065773616993192
0.08970415222948938 0.07556214962019069 0.26851635051410455 0.13212814816588134 0.09464234422671135 0.07321849699893657 0.14731302489539305 0.1189153333492932
0.11857024432182989 0.09956098720288072 0.23489230886666862 0.10936887931366017 0.12274624624163545 0.09449120409296505 0.1219381385780659 0.09843199138229417
0.09782171245876956 0.07666290799484203 0.2655710211505381 0.12921648316909046 0.09681106493531531 0.07355523972685918 0.14406673571240383 0.11629483485218144
0.08585357044323605 0.14687231240507034 0.15759312131919642 0.160843544447689 0.08293666746468574 0.1393211821764214 0.08182041174078093 0.1447591900029201
0.10439685591433498 0.08470366080477786 0.24299251037871142 0.1331928365695492 0.09067210878425597 0.08047525042132635 0.14744994524589897 0.11611683188114547
0.0784288344017379 0.1291735489253379 0.13197315531659287 0.13960842821702607 0.09473814561808036 0.16385683973968013 0.09469093392111334 0.1675301138604313
0.10366054397957834 0.08330412598573309 0.23313308980987762 0.1345311020245646 0.09396212972380728 0.08519402351777666 0.1489314601167341 0.11728352484192812
0.10379572672634513 0.1555776519034879 0.11989848933177277 0.12126918947012072 0.12744502869458632 0.20830050808902414 0.09095189210259054 0.07276151368207243
0.11482796722034508 0.09625944051662028 0.1543040139255377 0.09279724341786258 0.15046007193112051 0.1420452358957486 0.13794933499133005 0.1113566921014351
0.07847520176629523 0.1289875617228529 0.11068687991797609 0.13652252845416335 0.1054409502789278 0.1834619548502257 0.09259788886456298 0.16382703414499603
0.0987795994460852 0.08768396832287513 0.21839394408616672 0.13478525697507318 0.09716880856847902 0.0916061883978149 0.1502755029259398 0.12130673127756585
0.10533624071835619 0.07593052637037978 0.2663421714677427 0.13064947866043472 0.09179712278013952 0.07141057101351542 0.14463434349059112 0.11389954549884052
0.0934285403614722 0.15616935625192838 0.11389430513531515 0.11560099808071195 0.11296071546954738 0.19081725352334009 0.0784076334808307 0.13872119769685431
0.1133835426107748 0.10270149089308828 0.15340323764919475 0.09360693065454341 0.14695333526716411 0.1384701566891478 0.1391529894506347 0.1123283167854521
0.10529100257726534 0.08149137883363536 0.232861243917779 0.13095970035572985 0.10343491359030033 0.08208773762046137 0.14601029278467192 0.11786373032015687
0.10215741127563056 0.07718854849260007 0.2650097631403456 0.12962728937316487 0.09312459383618449 0.0717030794734588 0.1445247539727674 0.11666456043584839
0.10057211829750684 0.0758231824023729 0.2769578196101914 0.12838742686137583 0.09020642037884165 0.06936194847529757 0.1431423997991757 0.11554868417523824
0.09986710863363146 0.07532607296230519 0.2813006929411665 0.12786509597358092 0.08928350915084256 0.06871889412304924 0.14256003983920137 0.11507858637622281
0.09958207300862178 0.07514311984976596 0.2828695356725482 0.127669662547145 0.08897377584975696 0.06851699062642223 0.14234214615330942 0.11490269629243051
0.09947273579286446 0.07507636869926065 0.28343532934793764 0.12759859377719762 0.08886649923289772 0.06844882897190636 0.14226290977845765 0.1148387343994779
0.09943196388347234 0.07505217532522303 0.28363929877438643 0.12757293292528918 0.08882869590725183 0.06842499370804829 0.1422342998435687 0.11481563963276029
0.11623050639471832 0.08773486803925504 0.2073091662046291 0.0932108745145093 0.13844770708085072 0.10664960295093771 0.13856422539768845 0.11185304941741116
0.10423615995363397 0.07790953499148055 0.2536818060859537 0.12886483786987155 0.10009297889086585 0.07556165067934884 0.14367467744596127 0.11597835408288439
0.13459896828668733 0.10118686551979568 0.22651620070078768 0.10691893539071179 0.12208119658985497 0.09326415772490752 0.1192066339356145 0.0962270418516406
0.1427866739226081 0.10437279788258035 0.2143755378521983 0.10493974946551048 0.12633377804421148 0.09574569898447467 0.1169999893294572 0.09444577451895941
0.11086257468461408 0.07976092118451325 0.2551469646767907 0.1274533637468016 0.09683597112232688 0.07313118808020395 0.14210098913262809 0.11470802737212145
0.08165292637581813 0.13131772866560892 0.13407679691487429 0.13817164267104193 0.09536450286586402 0.1598940127942271 0.0937164185073154 0.16580597120525029
0.10425864802787117 0.0834500792719589 0.23381507388395312 0.1343067804608648 0.0939571384435845 0.08444119053418321 0.14868312692452268 0.11708796245306162
0.09605206853193389 0.15757297778155127 0.10736753884611781 0.11489473501698076 0.11285066470810992 0.19545973021384702 0.07792860288108258 0.1378736820203769
0.11745483465038238 0.10262571202424382 0.15074469183950773 0.09316329669619856 0.14644348307604096 0.1392785279029438 0.13849349777524447 0.11179595603543828
0.10785021581958729 0.08136582787311679 0.23139335459179294 0.13069158761039562 0.10323337064664291 0.08213184752707021 0.1457113670820381 0.11762242884935606
0.12060377677360079 0.08919821642190025 0.1910968953937773 0.0936037511134473 0.14349905862479517 0.11052553748709837 0.13914826284924403 0.11232450133613675
0.10739602467342987 0.07833740603280696 0.24706973296572174 0.12914668459267836 0.10141949080436534 0.07640972928903376 0.14398891550855333 0.11623201613341053
0.13756504417548765 0.10113441680467937 0.22388738724361712 0.10673503143934766 0.12229138096678144 0.09332361632065479 0.11900159475401897 0.0960615282954129
0.10989749408698446 0.079116616880226 0.2589279997820332 0.12724374921607587 0.09583130816250401 0.07259617300396391 0.14186728457374428 0.11451937429446828
0.10379818408535747 0.07597854296785189 0.27412792971367783 0.12805850370069008 0.09062137875634763 0.06938713242393837 0.14277567502151564 0.11525265333062108
0.09257202492744272 0.14955285259810372 0.15863277826670125 0.15854583858343635 0.08094850550770669 0.13640516663385535 0.0806515787576611 0.1426912547250927
0.1421433544134643 0.11408664246107635 0.19604099180144474 0.10718250670139927 0.12109939653371263 0.10735050752634556 0.1186554408741579 0.09344115968839935
0.10157947988352849 0.16273102791491967 0.0983032360721734 0.11128770949092961 0.11668222847796147 0.20038896816013274 0.07548209861123921 0.13354525138911555
0.10589573279572176 0.09211703326786971 0.21027847008964157 0.13247480719328292 0.09850844093603464 0.09379866540262552 0.14769952384086915 0.11922732647395463
0.08397241554898363 0.12704786298820017 0.12375043481639017 0.13020726125637955 0.10364447516181328 0.1709630277154741 0.09765544594228466 0.16275907657047442
0.06537895589547835 0.12160891331729268 0.06213898602273801 0.08166842892389503 0.13659707365518378 0.276949951641045 0.092320832696577 0.16333685784779006
0.12766075369739208 0.112136960018182 0.15834682210141413 0.10858420743559483 0.13456984879984038 0.1399123332639155 0.12106328799162587 0.09772578669203533
0.10986085929164148 0.08244421053918509 0.23387282852273367 0.12990052050715173 0.10031283677403707 0.0818688896120348 0.14482938629677963 0.11691046845643656
0.09390803268702617 0.1516635301439983 0.14859235933359155 0.15879041112622863 0.08279195117433057 0.14056635377439838 0.08077599174682065 0.14291137001360574
0.10643197863704504 0.08543608530886512 0.23920678919878383 0.13338096693162227 0.09078985567446367 0.08081526799299386 0.14765821329019638 0.11628084296602968
0.08120080836387321 0.1329042017882763 0.13055334958632944 0.138384014484311 0.09415743772242847 0.16287890867555394 0.09386046199805444 0.1660608173811732
0.1167043524637272 0.0937260981729948 0.15607215935872976 0.09030108868634412 0.15055153162172963 0.1364333474316487 0.14333506140689542 0.11287636085793014
0.09613118150010226 0.15624736035411918 0.0908585056124567 0.11130288532844261 0.12370256095672574 0.21270165206603509 0.07549239178798715 0.1335634623941311
0.10486111682948702 0.09129182490139943 0.2072443242246959 0.1327606055298737 0.10021834012989257 0.0961210757498313 0.14801816765793382 0.11948454497688635
0.10450421810158204 0.07920819793338206 0.2552481068359852 0.13049626236093625 0.0931121172365812 0.07449086740128852 0.14549359400540204 0.11744663612484263
0.13681121059920037 0.10133257356246698 0.2268925182542293 0.10678236383703466 0.12009221867932174 0.0929306207692444 0.11905436684517147 0.09610412745333119
0.1445636465814172 0.10423994691458961 0.21425623804075414 0.10474090392505929 0.12562505811189217 0.0955291015026606 0.11677829139107357 0.09426681353255335
0.12830357280056726 0.09155493998003461 0.18308719776426932 0.09144255378425899 0.14804077107138428 0.11190440219401356 0.13593549786436113 0.1097310645411108
0.1092874291763235 0.07872498011462273 0.24360632287252915 0.12912021551621586 0.10241695709719166 0.07667649679492113 0.1439594044636018 0.11620819396459425
0.10420317598199298 0.0763052603677783 0.2685242308374617 0.12874792911656865 0.09239936179230929 0.07040257278841486 0.14354433291056234 0.1158731362049118
0.13630231308648802 0.10042351297423971 0.2311923387767136 0.1064040991234094 0.11952711118299277 0.0917543057268985 0.11863262991818929 0.09576368921106845
0.08521448893238612 0.1345690633786835 0.12737868441616765 0.1354418943985681 0.09871712387489269 0.16428353465068707 0.09186493707033315 0.1625302732782817
0.07933096088114583 0.13376641908401607 0.10433045128377982 0.12848491363545705 0.10229301320093702 0.1948244146437502 0.09636368522659279 0.1606061420443213
0.07473573268866436 0.14219383516730302 0.09877238322174674 0.13522963171290964 0.09440251856328494 0.20066937299401755 0.09172096759658219 0.16227555805549151
0.10393606740482239 0.08569524414452308 0.21945275735162248 0.13566788509232483 0.09474912791440074 0.092034425899029 0.15018992570253295 0.1182745664907447
0.09594948398062306 0.15799151717107912 0.1045504345719906 0.11471991763742637 0.1128512479413391 0.19846346643941934 0.07781003109321091 0.13766390116491162
0.13580867659722934 0.11861520657330125 0.17303099609124115 0.10758889270325106 0.12685444991150052 0.12131818834826937 0.11995358634228141 0.09683000343292596
0.11120258776091105 0.08304657480205664 0.23947941058100033 0.1292445440440856 0.09823396210234601 0.07837480957599495 0.14409802149392828 0.11632008963967705
0.10476910171283277 0.07706306580910985 0.267009668389635 0.12892786507358894 0.09167752564051194 0.07077274673350782 0.14374494807458352 0.11603507856623006
0.13651727530909735 0.10061171060493038 0.23070020797656263 0.10644624502508071 0.11937647993013006 0.0918668411782898 0.11867961945333627 0.09580162052257264
0.10948677784499176 0.07888105438359908 0.26151675726533574 0.12698331978485142 0.09505384504514325 0.07221633267675118 0.1415769251929612 0.11428498780636628
0.10365126559184727 0.0758783859782267 0.27507350015807114 0.1279427675067923 0.09039086431715285 0.06926808788944766 0.14264663780234899 0.11514849075611305
0.09255756857495386 0.14950390608572417 0.15885864558911042 0.1585214386860749 0.08089784218267687 0.13635213742803248 0.08063916663595985 0.14266929481746743
0.11958404433562744 0.09574600289000931 0.16461496032803644 0.08995027560845645 0.14571312816520046 0.12917552891058096 0.14277821525151818 0.11243784451057057
0.09688456312926587 0.15711779849712892 0.09254277045654719 0.11147586479326979 0.12271423468467406 0.20988401369697238 0.07560971699021776 0.13377103775192373
0.11759235300240196 0.10235454023678234 0.14556035200876874 0.09289478998765109 0.1492781508359529 0.1427517214243056 0.13809434451895594 0.11147374798518131
0.10817518408994431 0.08141093723086901 0.2292638820607578 0.13081558062266493 0.10394109866448684 0.08280968473337018 0.14584961003750851 0.11773402256039843
0.08146886533528871 0.1317834873323235 0.1283420408539583 0.13827751951412612 0.09687280326893095 0.1635340296514486 0.0937882306269725 0.16593302341695135
0.10460626494598287 0.08363946638296443 0.2314770068652929 0.1345138214600888 0.0944162037861453 0.08516644700358272 0.14891232982150654 0.11726845973443642
0.09623556842575375 0.15758584060129105 0.1069127459613899 0.11486113025592676 0.1129381407581686 0.19572740760372923 0.07790581008662857 0.1378333563071121
0.10459061575315426 0.09122584881703324 0.21417956200493332 0.13249071731347858 0.09765006932641235 0.09290427876529278 0.1477172624375649 0.11924164558213071
0.10423739023667485 0.07903908754254302 0.25787611189019977 0.13022752848995828 0.09240569941293067 0.07381543099270284 0.14519397579402812 0.11720477564096247
0.13666451240588837 0.10124408991508858 0.22776179515950679 0.10671990713359904 0.11984135623287136 0.09273569045101802 0.11898473228178878 0.09604791642023913
0.12631064257401217 0.09108851338527862 0.18754246073299558 0.09154058468930003 0.14631545908529742 0.11127241051708638 0.1360812273888699 0.10984870162716004
0.10871766686406961 0.07857034261014041 0.2453801394087711 0.12898714651250892 0.10195426339267118 0.07649096689558925 0.14381104245499127 0.11608843186125804
0.10402288638415805 0.07624188946277606 0.2691873538795347 0.12867750046162799 0.09225893515370445 0.07033587402656014 0.1434658102161733 0.11580975041546519
0.10233039704148661 0.07541322633822704 0.27811911108310267 0.1278616097941546 0.0897428919889006 0.06890116193008555 0.1425561530093037 0.11507544881473913
0.10167925194379517 0.07508057196095454 0.28138650741370336 0.12749109258684216 0.08899704643955189 0.06848049235330675 0.14214305397368818 0.11474198332815794
0.13523118911847914 0.0999281005778509 0.23546011918954654 0.10611636402029885 0.11833310007179766 0.09111457265276794 0.11831182675098992 0.09550472761826896
0.10904537158936606 0.0786649100128029 0.2633152588664497 0.12679369401546003 0.09470973710421052 0.07199119718653019 0.14136550661126662 0.11411432461391403
0.10349550820939098 0.07580245972454036 0.2757335567504543 0.12786545327029056 0.09027136789369014 0.06919230801000344 0.14256043819836872 0.11507890794326152
0.10199783631667977 0.07518344866107922 0.28049108232911374 0.12756688603427935 0.08915510665237816 0.06856788456426505 0.14222755801135323 0.1148101974308514
0.10152810413500415 0.07498714952593277 0.2822443852831282 0.127384816340497 0.0888113381119695 0.06837330800694459 0.1420245638900765 0.1146463347064473
0.09208450534096305 0.1491570066093792 0.16060768710673295 0.15842072801800286 0.08057066157561306 0.13599282057612222 0.08058793555698407 0.14257865521620255
0.10584847166661374 0.08479436959990232 0.24392121467046105 0.13283261172061217 0.08997959556070485 0.07976978554620891 0.147051161530348 0.11580278970514907
0.08108804812648787 0.1327118547565364 0.13157875373004432 0.13834321803451066 0.0939714943198092 0.16246197802866097 0.09383279136253768 0.1660118616414128
0.10443393821101525 0.08368850051279006 0.2328195494810604 0.13441176336660485 0.0937439055170725 0.08492350958283139 0.14879934731671351 0.11717948601191192
0.0959655547008662 0.15987697583125227 0.10694326535869894 0.11451275837459411 0.11249037143550092 0.19512624117811092 0.07766952307146381 0.1374153100495129
0.10427209131536916 0.09403313264763058 0.21369164685476816 0.13201890035028221 0.09733169442603823 0.09264430235683545 0.14719122173382213 0.11881701031525402
0.12006955052802208 0.09331131919713939 0.18571021908669716 0.09375116027531087 0.14191426436794963 0.11337469774553817 0.13936739646896962 0.11250139233037305
0.10739694074595474 0.08049070022452559 0.2447767021732433 0.12911583911098695 0.10114736191350886 0.07691367553352328 0.14395452509836903 0.11620425519988827
0.08116680965088603 0.13341251709123278 0.13156885017960185 0.13785790828726427 0.09608519808333403 0.1609756020116021 0.09350362475136186 0.1654294899447171
0.10442332516282919 0.08375263520295016 0.23275775160820245 0.1343643395811665 0.09415375110954233 0.08466320789956187 0.1487468472367818 0.11713814219896569
0.0959640813190484 0.1598996926403034 0.10693373900030201 0.11451239387544415 0.11259345081999846 0.19501249384841707 0.07766927584595343 0.13741487265053298
0.10427158083747291 0.09403696433265304 0.2136868410082434 0.13201869631403224 0.09735330411044062 0.09262479246589889 0.14719099424862997 0.11881682668262901
0.13750332706653656 0.10686084465066127 0.21267329298167773 0.10736369242367802 0.12189582710817312 0.09737318775141451 0.11970250483654847 0.0966273231813102
0.11015466989365992 0.08185646815688179 0.2544507004935256 0.12742662454943515 0.09594926119886905 0.07340713669010981 0.14207117692302695 0.11468396209449164
0.10390358039872583 0.0776802062638675 0.2722867189938601 0.1280134919847709 0.09065672201747077 0.06952164723766197 0.14272549031734907 0.11521214278629384
0.10207803090341974 0.0766627903140649 0.27905446515795373 0.12749274456134896 0.08921867832585488 0.06860492483016195 0.1421448958019816 0.11474347010521407
0.10147122891938314 0.07634004524329374 0.2815431321652302 0.12722449785305945 0.08875404861639817 0.0683191783942319 0.14184582074064983 0.11450204806775348
0.10125869567548676 0.07622664924316805 0.2824497005380297 0.12711855120002394 0.08859255466813382 0.06821945446615435 0.1417276981289819 0.11440669608002153
0.13485953663980735 0.10154265038990291 0.23556037907714214 0.10585941941107774 0.11800207388426584 0.09087711044115482 0.1180253526866792 0.09527347746996995
0.1255172975751202 0.09273820746534218 0.18968943816868364 0.09120085823763024 0.14535077116912723 0.11048619629792554 0.13557620120101452 0.10944102988515629
0.08313845046671159 0.13480767277561023 0.11797747943654849 0.13522827279638383 0.10393613874369537 0.17091801252871222 0.09172004589667773 0.16227392735566057
0.10516778455472599 0.08415277792588896 0.22697679372613552 0.13466138614678538 0.09603448808725423 0.08653397369202631 0.14907568999562726 0.1173971058715565
0.0960649318157403 0.15994863830809605 0.10582044033048299 0.1144563914591107 0.11299994977583791 0.19573068696144597 0.07763129159835333 0.13734766975093282
0.11727349325973437 0.10574885447618805 0.1498067510808346 0.09277812543882333 0.14608581524665903 0.1390522951397276 0.13792091483144484 0.11133375052658799
0.10782309496600598 0.08343576051153813 0.23066539729370614 0.13037235946280507 0.10302641968687992 0.08198639304206963 0.1453554515204707 0.11733512351652454
0.10420512444574408 0.0785775804612009 0.26360562551083144 0.12912699090528712 0.09281475476104013 0.07148867358434773 0.14396695851679023 0.1162142918147584
0.13622960564800635 0.10245018896010817 0.2293333740093623 0.10630118186567233 0.11956874210353875 0.0919279588780024 0.11851788485620483 0.09567106367910509
0.10931455951329185 0.08069406487364846 0.26074219026714746 0.12674236274139444 0.09499185395983523 0.07213856610605207 0.14130827607137558 0.11406812646725499
0.10350961711485934 0.07732833650846929 0.2745901220360252 0.12773612774947096 0.09028263377018576 0.06917439795265244 0.14241624989381313 0.11496251497452385
0.1357038023256959 0.1019243826523464 0.23292764556615944 0.10601526294892907 0.11860985855948529 0.0912062046920791 0.11819910660126867 0.09541373665403616
0.1090783487756051 0.08051681808255136 0.26209638725572304 0.12659467425970214 0.09469403926921531 0.071940911087654 0.14114361443581713 0.11393520683373193
0.1034132647229915 0.07726538892416229 0.2750867230347546 0.12767737973892104 0.09018440833258726 0.06911244323532438 0.14235075024622987 0.11490964176502894
0.11888534245790272 0.0892986104463717 0.20426639448363693 0.0928944355505513 0.1385449314502238 0.10654314532625037 0.13809381762440162 0.11147332266066154
0.14009165000782023 0.1043554089418574 0.2070193913662995 0.10549674114590771 0.13137182845469303 0.09909691956554832 0.11762099348655679 0.09494706703131693
0.1107861981963589 0.0814513565327263 0.25202762025374315 0.1274002607340435 0.097922012362128 0.07371053402404669 0.14204178323631417 0.11466023466063914
0.12094283575206546 0.09021756172858969 0.19703313109845919 0.09300194701536756 0.14112204962870856 0.10782649772059813 0.13825364063777026 0.11160233641844106
0.08246657722660822 0.13431496177825789 0.11974547697336627 0.13552158244660018 0.1032019834670532 0.1702045328171087 0.09191898635508534 0.16262589893592022
0.10497097308804078 0.08406070629500276 0.22773012538960954 0.1346187171512238 0.09584724309448034 0.08638387405805704 0.14902845366354445 0.11735990726004125
0.07118107902362465 0.11854386243283742 0.07854478930211765 0.08484379389805506 0.13955063598652967 0.24173787584988057 0.09591037571084483 0.16968758779611012
0.09971581385172049 0.0878549005714927 0.2029100522330443 0.13384464394604365 0.10427742946104208 0.10171019079164356 0.14922678959357405 0.12046017955143928
0.11904380904879314 0.09223831304124432 0.1824003312753974 0.0939143161878989 0.14427823218386746 0.11581788014605546 0.13960993869126462 0.11269717942547867
0.1406761021564777 0.10542350895933668 0.19958548222248063 0.10593923900134669 0.1334165262452357 0.10149948074076737 0.11811434557314325 0.09534531510121201
0.14584984996845898 0.1073446929451413 0.20433458553791467 0.10471610536213145 0.12931087883346282 0.09744874968292433 0.11675064284404806 0.09424449482591832
0.11211665828454784 0.08197009533914666 0.2508658215441221 0.12739436100385448 0.09751584467478108 0.07344708877264675 0.1420352054774318 0.11465492490346904
0.10442808391113811 0.07776317620041608 0.27090973613613584 0.1281182108098167 0.09104677364120439 0.06958538558001644 0.14284224399243742 0.11530638972883502
0.102234454229649 0.07670693592682847 0.27854384641770114 0.12754564436492288 0.08933174122964493 0.06864242276760299 0.14220387513521998 0.11479107992843059
0.09202947791564009 0.15171156458867613 0.15940612543086122 0.1580081526190706 0.08048865956085516 0.13577062228237985 0.08037806024535332 0.14220733735716354
0.10586907343296828 0.08513609906390873 0.24343651083062864 0.1328732364081699 0.08999119457573077 0.07975954485972848 0.1470961347294351 0.11583820609943016
0.1201533717101571 0.09132202110031815 0.1948902741870953 0.0934711523456721 0.13923135075165594 0.10981530121523597 0.13895114587505883 0.11216538281480654
0.12254622474812273 0.09143839334744697 0.17753179319234713 0.09205416358289946 0.15302238451927003 0.1160973474021241 0.13684469690831022 0.11046499629947934
0.14154271500662613 0.10509135482885917 0.1975431143054495 0.10573440158341672 0.13561506393512754 0.10142642177692013 0.1178859671385258 0.09516096142507503
0.11140307953326802 0.08178865376258765 0.24834965324559954 0.12773929354917832 0.09904606914395682 0.07428810704691606 0.14241977952423313 0.11496536419426048
0.12115747594067003 0.0903257274746549 0.19591458972515874 0.09305193699150921 0.14153703926682282 0.10802295211653276 0.13832795409484056 0.11166232438981104
0.10728536419987494 0.07970828334510294 0.24862874863665438 0.12865091612662446 0.10073488367581097 0.0757698088354202 0.14343617066654993 0.11578582451396201
0.10348941609955549 0.07749705579558484 0.270217357428289 0.12833182055693904 0.09182163496327991 0.07006367373565378 0.1430804029194529 0.11549863850124513
0.10205828347246917 0.07668818049765266 0.27831220773420834 0.12759279588868894 0.08951592810617393 0.06874264243553821 0.1422564455654487 0.11483351629982004
0.09199686379230025 0.15171050842765407 0.15935106663347068 0.15801480344133878 0.0805246178547943 0.13580737326351242 0.08038144348972452 0.1422133230972049
0.10586357248652632 0.08513766636495029 0.2434154451721093 0.1328760435798564 0.09000035291605968 0.07976702371930057 0.1470992423838866 0.11584065337731073
0.0809231588495705 0.134805257850121 0.1312552605797252 0.13797731811478478 0.09377520359361584 0.16210640350963032 0.09358461576481056 0.16557278173774173
0.11684563875663738 0.09396068621995401 0.1562508907281713 0.09026326477729837 0.15037827979816928 0.13619713529211752 0.14327502345602916 0.11282908097162295
0.09589797396511524 0.15883377332465948 0.09065598548017606 0.11091433367127712 0.12333854324473256 0.2120333375053799 0.07522885240312709 0.13309720040553252
0.10455867376255769 0.09415111104080133 0.20664499007960913 0.1322947704875121 0.09992679910902634 0.0958595657322226 0.14749879634950974 0.11906529343876088
0.08049496315410135 0.13705623671941805 0.12288118397983266 0.13767634469974604 0.0956242632279634 0.16767491730463288 0.09338047727461035 0.16521161363969522
0.1045858195363174 0.08443958853408709 0.2292889804158282 0.1347436140111823 0.09432054580493503 0.08598594037393475 0.14916671962165887 0.11746879170205637
0.09596957948960794 0.1600897319954649 0.10626612862378236 0.11448935428242982 0.1126026991856155 0.19554163229262267 0.07765364899156108 0.13738722513891577
0.10429241911243363 0.0940880567911098 0.21341387227210687 0.1320429123539039 0.09737356253301079 0.09273256249300184 0.1472179933259197 0.11883862111851351
0.10403946180548053 0.08085939956364802 0.2573289155273355 0.12997065936681726 0.09223030029692153 0.07369008411859831 0.14490758589106342 0.11697359343013553
0.10262249843275324 0.07758894612466474 0.27365870176060836 0.12819744732721416 0.08998853404392979 0.06963558292017433 0.14293058679616263 0.11537770259449273
0.10177254569189291 0.07663295558647036 0.2795968521866262 0.12747249647049233 0.08906731251099027 0.06861027003835657 0.142122320691728 0.11472524682344311
0.08019970051948565 0.13232190011137118 0.13928962115044913 0.13783409037725683 0.09356187528737082 0.15790443410634938 0.09348746999500898 0.1654009084527082
0.10398746854073387 0.08342647806928329 0.2358686580207001 0.13405279963834094 0.09342091726026436 0.0839751754826378 0.14840195971358863 0.11686654327445108
0.08060212115272004 0.13433430576511585 0.12958920934522247 0.13802691221431507 0.09450452736214895 0.16369237600141623 0.09361825350188326 0.16563229465717805
0.10440383781800744 0.08393389957392247 0.2320039318766594 0.13447746445893652 0.09390287409941721 0.0851691471590768 0.14887208112670217 0.117236763887278
0.08067856844338574 0.13448868643225811 0.1287400867953718 0.13804734896573798 0.09461071069329749 0.16414566496038885 0.09363211495067446 0.16565681875888555
0.10444978038700296 0.08397546489590522 0.23166384406855334 0.13451433227350706 0.0939497533886127 0.08526502461450533 0.14891289531295857 0.11726890505895488
0.07115608380192713 0.11861391361808335 0.07913616198661638 0.08490765834640185 0.13907373793675948 0.24131455731277993 0.09598257030462817 0.1698153166928037
0.07210120246997967 0.13925672781147827 0.091830005109707 0.1325805999657855 0.10043984622251971 0.21477066544131523 0.08992423302027192 0.1590967199589426
0.11253332498499607 0.10293405235013393 0.14716292917614673 0.0943854602433633 0.1439980471297784 0.14541330784982934 0.1403103259737162 0.11326255229203597
0.10694395548618245 0.08312207185186524 0.22988239673366404 0.1306998747706838 0.10278928012563947 0.08321192709103509 0.1457206066473146 0.1176298872936154
0.12039597013673779 0.09089960043869452 0.1904485904658938 0.09342816217324737 0.14317894972469292 0.11064769435648684 0.1388872380963498 0.11211379460789682
