0.125 0.125 0.125 0.125 0.125 0.125 0.125 0.125
0.13585418317672365 0.10698516925166987 0.16302501981206838 0.12838220310200385 0.11843698020534883 0.0932691219117122 0.14212437624641858 0.11192294629405464
0.08426352317527296 0.12510061158807748 0.09007244034341579 0.15012073390569297 0.0938254586910581 0.15637576448509685 0.11259055042926974 0.1876509173821162
0.11919230431647594 0.0872006791107374 0.13287722531159984 0.10464081493288489 0.15019057713427428 0.10900084888842175 0.1660965316394998 0.1308010186661061
0.11087300253570541 0.15438019240226916 0.08336530389722535 0.13894217316204224 0.13189215373116434 0.19297524050283646 0.10420662987153169 0.08336530389722535
0.07295173961840629 0.12906846240179573 0.09118967452300786 0.16133557800224466 0.08754208754208755 0.15488215488215487 0.10942760942760943 0.19360269360269358
0.10851461896971504 0.0762522850047998 0.1936565968375868 0.1525045700095996 0.09126681233206455 0.07602358677432806 0.16882882801225516 0.13295270205965096
0.07414081497308368 0.10441828404645294 0.0667294314726837 0.09397645564180765 0.13613467364429382 0.22387568216789389 0.11277174677016917 0.1879529112836153
0.07071653893329753 0.12511387657429562 0.0883956736666219 0.15639234571786953 0.08485984671995703 0.1807760951265687 0.10607480839994628 0.1876708148614434
0.10561686390356366 0.07423033656362611 0.20443401821884646 0.14846067312725222 0.0888348151363499 0.0846439716239474 0.1643520679308612 0.12942725349555323
0.07231891177074799 0.10182745562794503 0.07453695545280621 0.09164471006515053 0.1327741829866677 0.2336347118882009 0.10997365207818062 0.18328942013030106
0.06881107045942568 0.12174266312052237 0.08601383807428209 0.15217832890065294 0.08257328455131081 0.20285021452388424 0.10321660568913853 0.18261399468078351
0.10322770434754468 0.07255841250826785 0.21200042753027892 0.1451168250165357 0.0868279068264298 0.0931063292937774 0.16065029061659628 0.1265121038605696
0.070706872105874 0.0995262303316484 0.08076251265526009 0.08957360729848356 0.12979493713786608 0.24300029711572052 0.10748832875818026 0.1791472145969671
0.08048899157829491 0.1424036004846756 0.07016989009389812 0.12414672862766593 0.10847441483824856 0.24113643191133974 0.08420386811267776 0.1489760743531991
0.09263707533297874 0.0747793258711997 0.18527415066595748 0.1495586517423994 0.0920700797460923 0.10433119447385111 0.16674673559936173 0.13460278656815947
0.10255017143040049 0.06931765566104017 0.25332921757843346 0.13863531132208035 0.08379279689498172 0.0780383051318044 0.1534749885209843 0.12086155346027516
0.10030224723364894 0.14077518667126876 0.13121030479381493 0.12669766800414184 0.11464760855180527 0.2153251329397287 0.09502325100310641 0.07601860080248511
0.07873511221462114 0.1393005831489451 0.07738152362744323 0.12144153402728548 0.10499468402912807 0.25004768164915403 0.08236904047068057 0.14572984083274257
0.10176662545247757 0.08214896271465057 0.13688020566404546 0.10268620339331322 0.14459728905599697 0.15604733146882394 0.15264993817871636 0.12322344407197583
0.08978985584517936 0.07248096797140985 0.20370896394691707 0.1449619359428197 0.10802785121164717 0.08894294221216638 0.16162174052132283 0.13046574234853772
0.09936208238396559 0.06724008330589833 0.27018508743894487 0.13448016661179665 0.08909852084017199 0.07351986728794224 0.14887507252099588 0.11723911961028427
0.0785635683425585 0.11039858649624643 0.14921221572054855 0.13247830379549572 0.09661315412153464 0.16777756393262472 0.0993587278466218 0.16559787974436962
0.09302290605855015 0.13532960596942778 0.108123607098277 0.12179664537248498 0.12567210940047613 0.25162965484792943 0.09134748402936374 0.07307798722349099
0.0541722217887239 0.09584316162620383 0.05643910081966129 0.08355557680233154 0.14101247730973246 0.30741217775039603 0.09445413029828784 0.16711115360466308
0.06282415351452766 0.1111504254487797 0.08666614731324757 0.1389380318109746 0.10597782554647917 0.2334815479210305 0.09423623027179148 0.16672563817316952
0.06855552971388161 0.11406333346658229 0.09315576675133716 0.1425791668332279 0.10049028830516249 0.21335504505174585 0.09670586967818935 0.17109500019987345
0.09355597255023719 0.0787894288163518 0.20448750299386406 0.14119494039745759 0.1012143092041151 0.09626057807294769 0.15742182160731466 0.12707544635771184
0.13405466933765225 0.08990119279445752 0.227463328384432 0.10788143135334902 0.1244788467758074 0.102740873543971 0.11942917919459069 0.09405047861574017
0.0865065821221508 0.14684814346693792 0.10349432348656488 0.11701255513639028 0.12420236959380898 0.20215592263362275 0.07936503739685602 0.14041506616366836
0.10391808961963041 0.08876427782526289 0.14981212310751418 0.09611458043232293 0.1560519638839187 0.1471206893430206 0.14288077926954276 0.11533749651878752
0.06940924606954978 0.12102636468597873 0.10757507026163485 0.13828936883718043 0.1133794101457238 0.1905770298361848 0.09379626755913109 0.16594724260461652
0.09096595247235721 0.07714204663122341 0.21504249851181503 0.13687849202567376 0.10442310753996331 0.09974795620007235 0.15260930379578852 0.12319064282310639
0.06919329910028045 0.12079299374294067 0.1289077031579603 0.1396497658851261 0.10154397889163912 0.17761356851607754 0.09471897164382465 0.16757971906215127
0.08950048101746574 0.07592782960901821 0.23048237788223647 0.13462404637654038 0.10002754642219999 0.09818031181443528 0.15009576513921738 0.12116164173888633
0.08740833388051275 0.06962472890735129 0.2810936124798155 0.12880170730024643 0.09553716859570743 0.07800862069407902 0.1436042915720658 0.11592153657022178
0.08446532474237041 0.06697971442472542 0.30965699207476566 0.12453859852220736 0.09171747933990465 0.07170590879904162 0.13885124342699834 0.11208473866998662
0.08237773693073466 0.06532612278279923 0.32741182441717326 0.1216767142083009 0.0890244372178931 0.06901366566517933 0.1356604559904489 0.1095090427874708
0.0809628960892697 0.06422017994720296 0.33909036429345446 0.11974065681883263 0.0871953785828632 0.06752203664834107 0.13350189648308652 0.10776659113694936
0.10869331740752432 0.08623196136758045 0.2946595107108452 0.10055759189131849 0.11678518511523756 0.0904563901443896 0.11211421066091778 0.09050183270218663
0.1054398171426036 0.0765397959643099 0.23850530226172012 0.08709274834169262 0.146333119365602 0.11210869899116611 0.1294692199228744 0.10451129801003115
0.09603337014622056 0.06554838243662864 0.2958128600500823 0.12054245750661252 0.10199424073448889 0.07718463295592701 0.1343958444140889 0.10848821175595127
0.09258411289592229 0.06381136836809315 0.326654024034022 0.11879912325015961 0.08990208084171092 0.068877922867233 0.13245215681771524 0.10691921092514364
0.09050821736981653 0.06267332099211904 0.34254983370208625 0.1168417761833341 0.08579764524316276 0.06620174703559899 0.13026986090888143 0.10515759856500069
0.10680863481542152 0.07415289241499683 0.2622955131112375 0.08647568440041258 0.13414344242259682 0.10380109862527097 0.12855191292956858 0.1037708212804951
0.08753513049267031 0.13004610069085165 0.17923494552193112 0.14972359618033831 0.09208841699521972 0.15045683115190361 0.0761637424047808 0.13475123656230448
0.09889870966667279 0.07179995594541493 0.2699636196862033 0.1253914782073498 0.09360417272094437 0.08768759275860556 0.13980214062819452 0.11285233038661485
0.0973110101583139 0.06466608949548257 0.31598231088139056 0.11959483628942291 0.09000619617882043 0.07146488686116531 0.13333931747492372 0.10763535266048062
0.09463566036678966 0.06251341427439369 0.3384192381351674 0.11637515049551665 0.08701192258161011 0.06655737061078014 0.1297496080897775 0.104737635445965
0.09291089570584782 0.06156317824518568 0.3492971327953262 0.11481559014705106 0.08527070907395304 0.06479764821395104 0.12801081468633901 0.10333403113234595
0.09198044293812678 0.061109712212572706 0.35459579149908044 0.1140599225280324 0.08436041321053875 0.06407148565218075 0.1271683016842391 0.10265393027522915
0.07659931377024938 0.1117113222590855 0.18688645615722624 0.1303654465585706 0.09364492374820765 0.15593222049230196 0.08842178114407397 0.1564385358702847
0.11239057351225584 0.08065681249120915 0.19757959052808804 0.08959526242386809 0.1434565833099213 0.13561748764068352 0.13318937518533225 0.1075143149086417
0.08191810562223908 0.11294131302566487 0.13521601266744865 0.12909714688601379 0.1101171097139118 0.18823219271620895 0.0875615431052963 0.15491657626321653
0.07698134553466635 0.11773196727391311 0.11557377473892094 0.13058124580266375 0.10100900198877406 0.21285702037084117 0.08856814932702411 0.1566974949631965
0.10297983617341652 0.07257610283796431 0.23543481707536273 0.12823294234124102 0.09929785481357992 0.10309863756339765 0.14297016108792096 0.11540964810711692
0.1047239515164257 0.06521210811667699 0.2983978553422123 0.12045526522455845 0.09328253224887141 0.07521991732266727 0.1342986315264853 0.1084097387021026
0.10196490002238973 0.06245379046533123 0.32937587190561085 0.11612109681101121 0.08881472642392485 0.06729427005103775 0.12946635719078414 0.10450898712991008
0.09963718989986567 0.061199645881213204 0.34431266502258084 0.11405897662892858 0.08630872459017891 0.06466247193386933 0.12716724707732782 0.10265307896603572
0.08215110184640771 0.11107548236433827 0.18365555920640264 0.12952346028836456 0.094795529147766 0.15552001999640144 0.08785069480428205 0.15542815234603746
0.10191278989382588 0.06972705734594885 0.2722366949521587 0.12389492244199896 0.09450895027059933 0.08808056226457482 0.13813359263309438 0.11150543019779907
0.10327389829802373 0.06365774803170687 0.3167019501848819 0.11784426955731377 0.09029037906077543 0.07078434605778547 0.13138756620793043 0.1060598426015824
0.10135931128806437 0.06164056787242532 0.3381686812103594 0.11474723221554604 0.08715913556321082 0.06571796216235344 0.12793460069404908 0.10327250899399144
0.08322435510168419 0.11113829814173071 0.18171858130938112 0.12953442514791913 0.09504408567071881 0.156040812611605 0.0878581318394582 0.15544131017750296
0.10224829960789479 0.06972467056503014 0.27108564030240156 0.12386656383353302 0.09528607888852565 0.08820686445146624 0.1381019749009689 0.11147990745017972
0.13810232788508442 0.08501901357587235 0.26393934289537224 0.09835848627196789 0.12180252715373871 0.09459329256549169 0.1096623720077015 0.08852263764477108
0.1320298856927529 0.07367897699898358 0.22535433410412187 0.08360243171126322 0.15054612574933438 0.1101846978625383 0.12428062982748979 0.10032291805351584
0.14969004512197565 0.08358248544253914 0.23810721025765583 0.09604259672189687 0.13995599369994247 0.09910300371933219 0.10708032798695068 0.08643833704970717
0.15628344154819943 0.08365111729501758 0.24322156388685734 0.09502213389609883 0.1350810863001348 0.0952781484770751 0.10594258809012808 0.08551992050648893
0.12055176168595273 0.06323251708732862 0.2977214292712221 0.11488998848089761 0.10084468344005154 0.07126486712527617 0.12809376327646346 0.10340098963280787
0.12765708359883662 0.07267318384713102 0.24163736615615983 0.08454421521129063 0.14272384218496373 0.10363059649367327 0.12568065425439623 0.10145305825354875
0.1483392132142817 0.08323450975596737 0.24600071373120397 0.09574549693839374 0.13672950647492463 0.09703052874070395 0.10674908389997034 0.08617094724455436
0.1181695732361154 0.0631995586583406 0.2993702102280065 0.11489154759310302 0.10126281721473489 0.0716083986656862 0.12809550157022082 0.10340239283379273
0.12690468374342204 0.0726437279230843 0.24233627877536135 0.08451168945169617 0.14285324048074038 0.10370404975546721 0.1256323025281931 0.10141402734203539
0.11213083384801918 0.06299102331313503 0.29836462140480924 0.1159362281657398 0.10352152885282462 0.0734529166188322 0.12926024244747406 0.10434260534916581
0.105915148637599 0.06166470305714273 0.32831499257669855 0.11482176196257586 0.09153450486848948 0.06639160733111035 0.12801769580006592 0.10333958576631827
0.09763371320376901 0.12661120223525668 0.20380026473372764 0.14752894315363863 0.08293922306168554 0.1336632728215795 0.07504733195206834 0.13277604883827474
0.1068509360161772 0.06982798050992617 0.28211282712107005 0.12204052228425404 0.09075038682785856 0.08251480233960498 0.13606607484528022 0.10983647005582862
0.105605027090331 0.0630808640316918 0.3211008514423043 0.11669879968031296 0.0892666830685384 0.0691084021966388 0.13011045277790118 0.10502891971228166
0.10316141445498284 0.061214634981487076 0.3398753744781399 0.11397643620289404 0.08708650112243382 0.06503162551542503 0.1270752206620326 0.10257879258260463
0.1209776078778079 0.07206878477062836 0.2599352993628985 0.08400628363354815 0.13623037148403272 0.10109312967647734 0.12488098283434919 0.10080754036025777
0.10949324147510046 0.06243382974310943 0.30748988535013966 0.11495539679141518 0.10163786304431069 0.07236323782217755 0.12816668866147332 0.10345985711227366
0.10468028812267378 0.061303494578404165 0.33276430587753275 0.11419515583265566 0.09110615800883784 0.06585588060364927 0.12731907672685636 0.10277564024939008
0.102173939228595 0.06059048459010363 0.345289614497087 0.11298945851658006 0.0873873694975998 0.06390380680826865 0.12597481419684375 0.10169051266492206
0.12033303646335974 0.07180130380119021 0.2620160376677113 0.08373651906390735 0.13667844360243794 0.10047087684164231 0.12447995968306226 0.1004838228766888
0.10134598651947326 0.12683159844043165 0.1790030770345606 0.14598926145798616 0.09436669782366536 0.14680894084393734 0.07426410256775817 0.13139033531218752
0.10900340021646782 0.07042305174310433 0.2685300214095573 0.12302750376637682 0.09515544320005404 0.085969340732188 0.13716648554251265 0.11072475338973914
0.08674852636942892 0.11291990556904428 0.15937876643720267 0.13049159548417916 0.09890156982326785 0.16646237871181024 0.08850734302405196 0.15658991458101498
0.07981713665480869 0.12689408785430592 0.12243794969504365 0.12885310330262517 0.09842267879986832 0.2015553018379826 0.08739601789221535 0.1546237239631502
0.10439376954392575 0.07918891094453963 0.23728953666930774 0.12572521746804183 0.09853850986846932 0.10153712478652692 0.14017423499795112 0.11315269572123765
0.10666126848569563 0.06906944224419762 0.2981015307335704 0.11865361129950368 0.09338326252397645 0.07505271269166842 0.13228992185183466 0.10678825016955332
0.13945112287680778 0.08781557367462957 0.2744590846086598 0.09582612263603768 0.11935574724152323 0.09000986305390772 0.10683897553600022 0.08624351037243391
0.13290582479600738 0.07826122601175675 0.2286480272041344 0.08213903675526411 0.14878358399074676 0.10859026219809734 0.12210519493767621 0.09856684410631694
0.13112727539467345 0.07736989448562287 0.2083309321887944 0.08271125948013007 0.1629208495394956 0.11533043508406841 0.12295584245105902 0.09925351137615607
0.114401415892163 0.06774028203709201 0.2790583235828883 0.11606991389250279 0.1115436387232805 0.07731421131255284 0.12940929205626803 0.10446292250325251
0.08720838610124691 0.11719017337187425 0.16182555358285086 0.12810612516058553 0.10327244813939003 0.16178059160330055 0.0868893718480493 0.15372735019270262
0.13695596243655817 0.09981347957380807 0.21132013073813233 0.10045971969195526 0.12887848877543961 0.12015338059882359 0.11200509046252326 0.09041374772275973
0.15257143870716525 0.09261840119966475 0.23028494732316107 0.0952888653767948 0.13348638875968766 0.10375000600864144 0.1062399737857697 0.0857599788391153
0.11998957414227923 0.06871798015944061 0.29015249412028676 0.11436215509767109 0.10186112318651108 0.07448546526119039 0.12750526844471685 0.10292593958790397
0.10825370469860701 0.06534548749749045 0.32334283402506087 0.11402871170703385 0.09186990829883479 0.06740000928865099 0.12713350394799147 0.10262584053633046
0.10329778783559158 0.06412038473792459 0.34013713996378103 0.11257015973798513 0.08800046590813675 0.06505359070273026 0.12550732734966402 0.1013131437641866
0.10104414908171973 0.06348690513177223 0.34838295446744105 0.11167482414829775 0.08631558249138184 0.06407914796266802 0.12450909498325138 0.100507341733468
0.09998711631670139 0.06316179718914572 0.3523831442761503 0.11121227901267619 0.08554014676590982 0.06363107365268099 0.12399339167532702 0.10009105111140856
0.0994848433178785 0.06300035115207252 0.3543135277251657 0.11098417090645177 0.08517447161317365 0.06341781330957141 0.12373906815987978 0.09988575381580658
0.0992448160840666 0.0629216279807182 0.35524284553629104 0.1108734415180364 0.08500020683417023 0.06331535152530102 0.12361561315518385 0.09978609736623276
0.0991298116900683 0.06288356194904406 0.3556897334952736 0.11082001397259285 0.08491678171468373 0.06326603917385948 0.12355604542914457 0.09973801257533357
0.11834698120797459 0.07509398284707841 0.2657101831765376 0.0827164922470233 0.1351830482401585 0.10072590027429933 0.1229636213105003 0.09925979069642793
0.08688377450320538 0.11638354170979057 0.15582371571068332 0.12510984652873 0.1087865969641678 0.17202359545119947 0.08485711329774731 0.150131815834476
0.07905131242667586 0.12614379492711378 0.12026991365450876 0.1270174051098019 0.1008892916396295 0.20805646047081625 0.08615093563969171 0.15242088613176225
0.13504632379885537 0.10248121793658647 0.19116509763539802 0.10167508343342674 0.12944068330903608 0.13532388846113605 0.11336013033547726 0.09150757509008406
0.11693238148064718 0.0717224872306395 0.27053745439562044 0.11757748619254255 0.1029857287612799 0.08333460170056518 0.13109012266541684 0.1058197375732883
0.10841700031040666 0.06647447535421226 0.3138142688527495 0.11545422615009747 0.09314810548973808 0.0700602741373758 0.12872284617033253 0.1039088035350877
0.08564731060479397 0.11675517118252121 0.17295813610014632 0.1278840877349776 0.09761820672104433 0.15893740982386315 0.08673877255068045 0.1534609052819731
0.10372979504754648 0.07588223557872718 0.2645479296324692 0.12227034975737887 0.09641990889758209 0.09078415097814486 0.13632231532651046 0.11004331478164099
0.13976193926039743 0.08994087987733371 0.2592419103577594 0.09701412597315745 0.12243685992578053 0.0961280606298065 0.1081635105999233 0.08731271337584169
0.1147892144727271 0.06776183313681507 0.3058056500318936 0.11335395914220153 0.0977748086040167 0.07211476619149206 0.12638120519287246 0.10201856322798138
0.12504420115273984 0.07644914508370353 0.24427663501867433 0.0835038805396904 0.1418399523425115 0.1045474023232136 0.12413412689183827 0.10020465664762848
0.1109752887940086 0.06669658339133112 0.2983970201404369 0.11445549303508855 0.10428338572475934 0.07457295190337634 0.1276093332794196 0.10300994373157969
0.1404437156935437 0.08669192832322754 0.27351272438466995 0.09489615664814287 0.12345970295242055 0.0897870981547225 0.10580213285994437 0.08540654098332857
0.11415725559501105 0.06678379843976984 0.3128464446713596 0.11228998624756807 0.0975069758351525 0.07015959677200925 0.12519495481631843 0.10106098762281125
0.10539972645269957 0.06440804982679453 0.3346326937988517 0.11273398320137867 0.08989590417311967 0.0657790793801989 0.1256899782857162 0.10146058488124081
0.08472360777568592 0.11596899883026589 0.17959482340337982 0.12742759465971276 0.09658541934761943 0.15635729123118008 0.08642915116050083 0.15291311359165527
0.10310482870302255 0.07553767616869839 0.2681008927728079 0.12184424951261374 0.09597079286228546 0.08993449006709661 0.13584724535212306 0.10965982456135236
0.10462045039205993 0.06739677094754691 0.3133929742173005 0.11637013887071126 0.09183819481110343 0.0719043252755165 0.12974402050212136 0.10473312498364015
0.12159931915764056 0.07665394474669278 0.24808034190339853 0.0838329963221115 0.13983476077319495 0.10477566190322919 0.12462337960719858 0.1005995955865338
0.14479910058048773 0.08794036295123304 0.24777178191183052 0.09428975880287911 0.13686526043808792 0.09834690787684465 0.1051260445160458 0.08486078292259118
0.11660109157875999 0.06754105145587491 0.29923840976469945 0.11329214258572515 0.10236505659332427 0.07268703534888638 0.12631228434557712 0.10196292832715262
0.10675117010414968 0.0648824219031547 0.32782571648381253 0.11342952433210547 0.09185703233684953 0.06670210820061108 0.1264654547404221 0.10208657189889493
0.085108281962411 0.11614927260652784 0.1774267801308279 0.12753014263531162 0.09732982701789747 0.15692081904504734 0.08649870543960268 0.15303617116237395
0.11802127451206147 0.08638671874074554 0.1905589310242603 0.08706457997984558 0.14677819749091717 0.13728545651527138 0.1294273457610839 0.10447749597581471
0.11158562666344331 0.06985955888838577 0.2705582526212269 0.11791411460287679 0.10856726135335402 0.08392704450670779 0.13146543822141635 0.10612270314258909
0.10673054889320414 0.06623914154166569 0.3138468097697843 0.11543346630181403 0.09497574495588333 0.07018446837727685 0.1286997004887389 0.10389011967163261
0.10330815793916727 0.064543609754071 0.3355465105532692 0.11315512858236554 0.08949133050646713 0.06595612298377419 0.12615952395675678 0.10183961572412899
0.09601454685634601 0.13231059207495127 0.20512893217248354 0.14535692810653217 0.08259584522561503 0.13382948292704397 0.07394243734114898 0.13082123529587894
0.12153769135052037 0.08827817027938671 0.20274467329014725 0.08653622759727916 0.13957688605679594 0.12884096385109056 0.12864191445804485 0.10384347311673499
0.11214389382015529 0.06972011665286271 0.27708782348702776 0.1172628039092745 0.10591066892814018 0.08159889428086697 0.13073927540332544 0.10553652351834704
0.10659272511895795 0.06601135999380757 0.31711890413546007 0.11504827656319898 0.09394776939688546 0.0694672732091249 0.128270242675686 0.1035434489068791
0.10311115004965589 0.06441043410043508 0.3371444675866576 0.11295936046760557 0.08907033750150438 0.06569956875493625 0.12594125711836024 0.10166342442084501
0.120272366853952 0.07564077713150288 0.25787030010507744 0.08311622961610433 0.13784814968101908 0.1019548433153476 0.1235578577576715 0.09973947553932519
0.10885974287295297 0.06621847364444242 0.3055424775749552 0.11378299464794676 0.10273399848472826 0.07359806982761906 0.1268595477642033 0.10240469518315208
0.10415329334699706 0.06461965023897383 0.3311745870916916 0.11325584582837712 0.09180599984516001 0.0667885462334135 0.12627181616984734 0.10193026124553942
0.10168837009527114 0.06378257645499018 0.343976103728712 0.11210191613098325 0.08789243387510731 0.06468160452564156 0.12498527067140966 0.1008917245178849
0.10037504372084356 0.0633078028605378 0.35021892589016795 0.11141221778534675 0.08633033351479258 0.06386837173544847 0.12421630848605078 0.1002709960068121
0.13436428036819034 0.0849910405168874 0.2975482853267422 0.0935509238002729 0.11544836346732738 0.08559897647525382 0.10430229862508038 0.0841958314202456
0.11114200297909663 0.06588299645397197 0.3251448571161637 0.11106626643229324 0.09442422705589665 0.0685494116288527 0.12383059854466125 0.09995963978906391
0.13935750638255257 0.08573316467348671 0.2855941306983524 0.09391549393160402 0.11889885299713715 0.08726813966363532 0.10470876711478835 0.08452394453844361
0.1132189651372663 0.06628194934438139 0.31897602950929405 0.11160191636625572 0.09582514641012417 0.06922646025589449 0.12442780824715374 0.10044172472963013
0.10481366457471823 0.0641461197803312 0.3376328569017987 0.11235957095684307 0.08926780003523642 0.06538383731564236 0.12527253657427131 0.10112361386115877
0.13661035764833235 0.08541019654658885 0.2917271937685877 0.09388535207838229 0.11689106520438615 0.08630385668534042 0.10467516119783817 0.08449681687054404
0.09149002568678344 0.11822448506304596 0.16432619873236975 0.12448295625458924 0.10342765194527352 0.16423721665714436 0.08443191815528663 0.1493795475055071
0.10571983968169461 0.07608938959091947 0.25927139204200794 0.12218055713753127 0.09845337758066612 0.09210073928708018 0.13622220325632217 0.10996250142377814
0.10580391251874004 0.06769983276368244 0.30882265753200056 0.11678643206258534 0.09294936838575672 0.07262185153650322 0.13020815634440483 0.1051077888563268
0.08500102277902678 0.11709948075759835 0.17130104332140336 0.12800455195507882 0.09783933749550704 0.16032862262793332 0.08682047871735779 0.15360546234609457
0.10357945708174551 0.0759670171133957 0.26362411551303866 0.12233045067176061 0.09686057687104271 0.09115165378352912 0.13638932336090323 0.11009740560458456
0.12272347687207098 0.07901536654995173 0.22733078500848133 0.08521097528592099 0.1440786768792456 0.11271571117349691 0.12667183788772732 0.10225317034310519
0.11114784563741426 0.06762809512082414 0.28973974254262813 0.11557222620743009 0.10602436621652768 0.07701831326020457 0.128854407428284 0.10401500358668708
0.1056142110384694 0.06529594627587254 0.3233349321348285 0.11418917886517665 0.09345901724366663 0.06802404060916777 0.12731241285415962 0.10277026097865899
0.09682741112468314 0.1327345233607617 0.2008333891091269 0.1456510431122525 0.08381632492918051 0.13495931719717003 0.07409205236579801 0.13108593880102723
0.10586391683897885 0.0767580259021703 0.27905240045721785 0.12031753922834919 0.09136806641746419 0.08420918853153411 0.1341450773187714 0.10828578530551428
0.10492535385181648 0.06715076631549842 0.3187828694158528 0.11564717026047353 0.09020338167792387 0.07027004078942091 0.12893796445458763 0.10408245323442618
0.10260385591001263 0.06456948148277238 0.3381048877191251 0.11301537391834034 0.08810317384576677 0.06588568266165507 0.12600370793582125 0.1017138365265063
0.0957732630543057 0.13225962137188102 0.20601200819425108 0.14528767103271767 0.08225647856540176 0.13374484728317976 0.07390720656881725 0.1307589039294459
0.10529213882050216 0.07652715026589228 0.28182007631928085 0.12003173471176556 0.09071538831829253 0.08375852371220166 0.13382642661147592 0.108028561240589
0.1396081315597304 0.08945445065026744 0.26703753420661375 0.09631948604535218 0.11997872839441391 0.09352509278358437 0.10738903891922101 0.08668753744081695
0.15115364694092456 0.08914109504596059 0.25596298790128036 0.09324769225356513 0.12838273104344403 0.09422470570689563 0.10396421807972112 0.08392292302820861
0.11817157357303404 0.06739349507680298 0.30336058330778193 0.1127635438756724 0.09962158774498965 0.0714790907020806 0.12572293623153324 0.10148718948810517
0.12616615732951197 0.07629115866503873 0.24300273909738812 0.08337044407374115 0.1429818224679036 0.10420738085487329 0.12393576462305403 0.1000445328884894
0.11134357708741051 0.06666871902947547 0.2976353743784504 0.11442810454726918 0.10486139664333743 0.07449873706209681 0.12757879715941803 0.10298529409254227
0.10526494872923661 0.06489581384763082 0.32719236694957726 0.11365996664966856 0.0927671669251002 0.06720338618676786 0.12672238072731704 0.1022939699847017
0.10220128544424342 0.06392931082819596 0.34201304511341035 0.1123105417946203 0.08836724629866935 0.06488121018841678 0.12521787271728563 0.10107948761515828
0.10061347635146711 0.0633792541124338 0.3492572308387817 0.11151097275345184 0.08658929588802525 0.06396348167201953 0.12432641290571421 0.10035987547810665
0.08339480192671356 0.11554758670657334 0.18422732091314226 0.12716898865344717 0.0956120906847332 0.15519267590543762 0.08625374882581634 0.15260278638413657
0.10245469139177908 0.07531996427071641 0.27059043084546974 0.12155822232569016 0.09565329311397766 0.08949265157523001 0.13552834638401573 0.10940240009312115
0.08420506227671036 0.1190587681930291 0.1587811260837493 0.12851801904523905 0.09882449013770973 0.16922216805685264 0.087168743352423 0.15422162285428684
0.09102194699774013 0.14717618807857274 0.1406142836534477 0.14768743649876465 0.08562334456033766 0.17983015053461654 0.07512795682763246 0.1329186928488882
0.08003795397281213 0.13258844087569185 0.11540296275705739 0.12714376972023078 0.09435704210863866 0.21166066309104864 0.0862366438102435 0.15257252366427693
0.1046111363097349 0.07996873790286323 0.23288766293553728 0.1256555590222741 0.09839899991395001 0.10529132976628243 0.14009657102931156 0.11309000312004668
0.10685341036454137 0.0691611223917354 0.29560818883287715 0.11859421301749737 0.0943206385694026 0.07650393790809343 0.13222369720010527 0.10673479171574762
0.10432259493088135 0.06558427638265715 0.32676955855321516 0.11444520835295342 0.09030211964030103 0.06797768799598142 0.12759786662635256 0.10300068751765808
0.10199839119759709 0.0640852969383425 0.34191841650934607 0.112458820712969 0.08783092464366232 0.06511201871075747 0.1253831926456535 0.1012129386416721
0.10056414441304908 0.06340829741966729 0.34922776771891056 0.11153161076203305 0.08651828319527015 0.06402202406010778 0.12434942274513235 0.10037844968582973
0.11899725946951918 0.07524089580458497 0.26290982459743334 0.08280300554316976 0.13652166599195173 0.10107151280572088 0.12309222913581654 0.0993636066518037
0.08703174315722871 0.11635120244136929 0.15489464286492838 0.1250258421332303 0.1097348089432935 0.17213061349666497 0.0848001364034084 0.1500310105598764
0.11861490280404116 0.08630043521008202 0.17995227928588767 0.08688647204331033 0.1524045457785694 0.14241502207518608 0.12916257635095088 0.10426376645197238
0.11220213374458989 0.07010302080186251 0.26464393881281784 0.11833035134413568 0.11089018902215163 0.08540353893924374 0.13192951112547666 0.10649731620972211
0.12509204064616242 0.0775350726213039 0.2267282727432785 0.08441631016142515 0.14945592165374338 0.10998229517324314 0.1254905148071335 0.10129957219371018
0.12836769031977632 0.07732015415983078 0.2075105853437307 0.08278142722792523 0.16477003166619336 0.11685224708811776 0.12306015152091569 0.09933771267351026
0.11350330728455174 0.0676505628569139 0.2784599609954103 0.11587823066087341 0.11273102496439495 0.07829092608534968 0.12919557955772004 0.10429040759478606
0.08687132938032821 0.11690942518369783 0.1614384679752113 0.12778204294086512 0.10395642102319821 0.16303430240776987 0.08666955955989114 0.15333845152903816
0.13664488751012993 0.09958211031513282 0.21085521541672805 0.10021631745032832 0.12952738045498263 0.12124568801994738 0.1117337151274556 0.09019468570529547
0.11627523063525563 0.07055034542804155 0.2807183549579141 0.11612634112441675 0.10251245454829232 0.07983136208524014 0.12947220420886463 0.10451370701197507
0.08753504901823751 0.1174891933194123 0.1620570405587693 0.12773690612362265 0.1007658917623291 0.16449268684630328 0.08663894502297884 0.15328428734834718
0.10469092070122489 0.07621040056084491 0.25834066801831346 0.12259692885912837 0.09810350852563927 0.09303391070824713 0.1366864266533864 0.11033723597321554
0.14024487604569336 0.09002669327357754 0.2561694743197083 0.09703614502253247 0.12368701000755097 0.09731521061389445 0.10818806019676382 0.08733253052027921
0.11500031344752656 0.06777533397637188 0.30407501894609074 0.11332353964948429 0.09870352336540206 0.07278379520198454 0.12634728972860412 0.10199118568453587
0.14173328984525083 0.08657052006286527 0.2758992571397538 0.09453842614561264 0.12139557926665429 0.08937505396288244 0.10540329004592931 0.08508458353105136
0.11437537125677129 0.0666213608973643 0.3139474652823648 0.11200195884238119 0.09709148419762811 0.07028677081122975 0.12487382575411751 0.10080176295814308
0.10535438563799393 0.06429455300610892 0.33509687034181235 0.11254512719817762 0.08994399255097964 0.0659950388506891 0.12547941793587863 0.10129061447835985
0.10181458339828937 0.06356145842556833 0.3457900269337163 0.11175084260202728 0.08731696653525177 0.06459651387718157 0.12459384988614085 0.10057575834182454
0.11947128125671873 0.07526834379827026 0.2613827631435709 0.082806845344769 0.13693537374604256 0.10166924103811487 0.12309793725879094 0.09936821441372282
0.10837558812383524 0.06600167712686805 0.30726954239201093 0.11345304756771292 0.10252430632988932 0.07377641425608289 0.126491681392659 0.10210774281094162
0.13891883486783366 0.0862499206779715 0.2774942201727604 0.09449739465901091 0.1228013403653955 0.08963309106349861 0.10535754300041963 0.08504765519310982
0.15014840504585308 0.08809136934307578 0.2604618041773297 0.09261243524507927 0.12900782585253617 0.09307101469305581 0.10325595392249884 0.08335119172057136
0.1362793849756738 0.07773141140367101 0.2214094495444213 0.08140966630248024 0.1541027981193692 0.11035475331936292 0.12102093677204526 0.09769159956297631
0.09123489315911305 0.11651715011352122 0.14130105619014513 0.1245695738917043 0.1149284770427529 0.17747469342356234 0.08449066750915596 0.14948348867004516
0.07989724650077769 0.12575250262535864 0.11543589662219435 0.12651570051398003 0.10292469974660197 0.21184446433004664 0.08581064904426473 0.15181884061677603
0.10431734595398762 0.07887892980841091 0.23244714753977766 0.1252012286760147 0.1008079260275761 0.10607628958733767 0.13959002659848205 0.11268110580841324
0.10668742129979912 0.0689552165733305 0.2952454684814371 0.11843628226946816 0.09499006174400842 0.07704527938750566 0.13204761620192942 0.10659265404252136
0.10424081227730864 0.06552650594345087 0.32653857152760735 0.11437158612972852 0.09050299860823328 0.06836931465526293 0.12751578334165253 0.10293442751675566
0.10194883724095401 0.06405247681864118 0.3417748930848614 0.11240154242087122 0.08790261482788819 0.06543891580353602 0.12531933162446388 0.10116138817878409
0.13528673907793107 0.08529638623813246 0.29366876526632046 0.09376646441333514 0.1164832955879858 0.08656592112076904 0.10454261032352441 0.08438981797200162
0.11155903399318351 0.06598306548170062 0.3231139652890788 0.11115831572800741 0.09503855010183948 0.06917135861095129 0.12393322664003215 0.10004248415520668
0.10407404099328572 0.0639481286699434 0.33964115952833024 0.11204981447105347 0.08902794292463155 0.06548689918003585 0.12492718120877155 0.10084483302394813
0.10121708804888259 0.06338189324531275 0.34800539784791656 0.1114948685397754 0.08689463873173021 0.06435227399131271 0.12430845790927197 0.10034538168579787
0.09999869547246099 0.06308884394218053 0.3521103794732123 0.11108291834213116 0.08601001129386633 0.06388536078678007 0.12384916418145067 0.09997462650791802
0.09944813658226663 0.06293367403796148 0.3541020943209309 0.11086058016789743 0.08561197101840926 0.06366774801184549 0.12360127370958116 0.09977452215110769
0.09455626408132671 0.1313236217556739 0.21154389536742033 0.14461798764364542 0.08143362061231663 0.1328018801198731 0.0735665415404631 0.13015618887928088
0.08062993034822878 0.13779057515681156 0.13746463359010241 0.12586791111964543 0.09278983381100646 0.18904434378426266 0.0853712788463682 0.1510414933435745
0.07645704026798587 0.1383662754918482 0.11311783253137764 0.12504655365406472 0.09533386464038315 0.21680838481192324 0.08481418421753956 0.15005586438487767
0.07493431537068028 0.13762578014651025 0.10491927244145088 0.12420504395967588 0.09547009847806337 0.22955601573153264 0.08424342112047581 0.14904605275161104
0.10258194231382366 0.08626703865146242 0.22544148782518794 0.12470787834736909 0.09855995610438288 0.11116462844591087 0.13903997779923088 0.11223709051263218
0.14021008631673013 0.09686583426069789 0.24038418938095318 0.09758521755661954 0.12463709185234993 0.10369064973498328 0.10880023509670865 0.08782669580095757
0.11545538211721855 0.07278037097180683 0.2954294174113842 0.11350149349100949 0.09937995505895555 0.07475634182594959 0.1265456949817673 0.10215134414190856
0.08682938980630651 0.12225814543231779 0.1662295929539934 0.12654620679189363 0.09923435571050411 0.16121552089586266 0.0858313402588496 0.15185544815027235
0.10374504940145428 0.08135444307741402 0.25975502740080364 0.12135470412319921 0.09703170527328378 0.09223839823680187 0.13530143877616388 0.1092192337108793
0.10480618288443655 0.07129355376756777 0.3086261799115178 0.11605464406724544 0.0923956790428055 0.07298231332526083 0.1293922673406453 0.1044491796605209
0.1212892684596085 0.08021511852095842 0.2455877864826927 0.08337716389079211 0.14003529953416433 0.10549701236040229 0.12394575408243126 0.10005259666895053
0.14404272006617555 0.0922941818212669 0.24578227557154514 0.09357059474565486 0.1367515439875092 0.09902091827555859 0.10432423026120027 0.08421353527108937
0.15246937314047623 0.09396874292626421 0.2443558710011997 0.09239576295649081 0.134424414796383 0.09621526802804788 0.10301438049029646 0.08315618666084171
0.11870530588037485 0.071741343179906 0.29658214659187854 0.11238719412698445 0.10158798265000643 0.07254421850901539 0.12530333434754834 0.10114847471428601
0.10717133009532302 0.06800205615530487 0.32603331391534657 0.11285577443232374 0.09160451997827411 0.06693704201501442 0.1258257664193221 0.10157019698909138
0.08474549542200205 0.12089331744818217 0.17622735522198804 0.12651751340956477 0.0968819349433467 0.15710148880303798 0.08581187866040045 0.15182101609147772
0.1170592305171266 0.09214317391739944 0.18908453086699648 0.0861412218865158 0.14590372527099654 0.1382439393383855 0.12805471193876078 0.10336946626381895
0.11088935394558234 0.0740542865440716 0.2690137578641946 0.1170561601721095 0.10830403846797716 0.08482297579360525 0.1305088830575609 0.10535054415489856
0.1062284607208559 0.06945455161795785 0.31260748449774156 0.11480685362510101 0.09486242946210142 0.07071297769730735 0.12800107411634395 0.1033261682625909
0.10288156113097288 0.06742702725944398 0.33456994131511425 0.11257858344446521 0.08939570559690173 0.06630973699932873 0.12551671915375448 0.10132072510001869
0.10085735107563949 0.0664128639691085 0.3453425509018954 0.11134636981780369 0.08700444243332578 0.06468179604993604 0.12414289291626768 0.10021173283602332
0.13419007915420136 0.08866744284365444 0.2947606944482176 0.09310322266335093 0.11558232054556362 0.08610019468005112 0.10380314526794499 0.08379290039701583
0.1108321140196568 0.06961525142793691 0.3232467587925011 0.11040545585360911 0.0944447915844615 0.0689968739899357 0.12309384406365076 0.09936491026824822
0.08551049880255111 0.12103459003477149 0.17514629777358634 0.12609818517389282 0.09755129215104148 0.1578138491288451 0.08552746472664034 0.15131782220867138
0.10290972119816227 0.08083069567661745 0.26463586206648343 0.12085018076840202 0.09616820893376032 0.09110123577845092 0.13473893288656164 0.1087651626915618
0.10431144990894922 0.0710429144600689 0.3111076184801681 0.11576448316357044 0.09195225689151451 0.07256448266166897 0.12906875958684644 0.10418803484721338
0.09598629948037954 0.13924872914867004 0.19558248513831028 0.14481006093098628 0.08312958719292526 0.13724953488420857 0.07366424838663216 0.13032905483788765
0.10522989710591574 0.0830144316987631 0.2753261201243919 0.11942512908332507 0.09093383848688247 0.0854378607208876 0.13315010660484153 0.10748261617499258
0.10452455877024115 0.0710253334458327 0.3164495947378805 0.1151156021560711 0.09000479800800744 0.07093076525406286 0.12834530568744043 0.10360404194046398
0.1022646476947268 0.06763115065010572 0.33661163750718887 0.1125150638626825 0.08796075389943313 0.06630728934911455 0.12544589956033406 0.10126355747641425
0.11955503286366646 0.07891232820633348 0.2572833111854854 0.08264784147322037 0.13713912989160884 0.10242337928745172 0.12286156732436937 0.09917740976786443
0.1252964490898986 0.08042096614136846 0.22037411525996692 0.08175557023864462 0.15816131424811788 0.11434975453012254 0.12153514620550752 0.09810668428637354
0.11156446968394489 0.07064634420686682 0.2848378260025535 0.11447067545293194 0.1100024600918741 0.07782835611189147 0.12762626054229873 0.10302360790763875
0.14050117040759744 0.0908690146042153 0.2664759809527623 0.09455212138122533 0.12585753131139713 0.09122871288809475 0.10541855921160495 0.08509690924310279
0.11409947340073621 0.0708007884557394 0.3086439643955986 0.11178319043279522 0.09847815685640328 0.0709596397657817 0.12462991530342987 0.10060487138951568
0.10523231613647822 0.06751945907476845 0.3321525332178213 0.11228168596621144 0.09030948973612679 0.06626529787697377 0.12518570062202974 0.10105351736959028
0.10163914105149487 0.06645715492769172 0.3440707166990305 0.11138708899295956 0.08730640225559078 0.06470282422174699 0.12418829175782206 0.1002483800936636
