Action: 0
[0.14727142089752743, 0.15742302343623865, 0.2398747778669995, 0.0897742865008121, 0.09551909301063753, 0.09058882528616047, 0.0897742865008121, 0.0897742865008121]
[0.11752026782322735, 0.09549797371275226, 0.30949188990025917, 0.09549797371275226, 0.09549797371275226, 0.09549797371275226, 0.09549797371275226, 0.09549797371275226]
[0.19701413615387117, 0.09165401919705406, 0.1710704823209755, 0.09165371889321793, 0.09275464683312772, 0.1725455588153177, 0.09165371889321793, 0.09165371889321793]
[0.125, 0.125, 0.125, 0.125, 0.125, 0.125, 0.125, 0.125]
[0.10266098443972674, 0.09232003551748472, 0.2921537828013478, 0.09232003551748472, 0.1435850540806385, 0.09232003660834812, 0.09232003551748472, 0.09232003551748472]
[0.09836683906073218, 0.09742302270131875, 0.31541843769433814, 0.09722209839274373, 0.09990216827807044, 0.09722323708730927, 0.09722209839274373, 0.09722209839274373]
[0.125, 0.125, 0.125, 0.125, 0.125, 0.125, 0.125, 0.125]
[0.125, 0.125, 0.125, 0.125, 0.125, 0.125, 0.125, 0.125]

Action: 1
[0.16032136603490926, 0.09399820199203802, 0.09399820199203802, 0.09399820199203802, 0.09875184185218683, 0.2709357821527138, 0.09399820199203802, 0.09399820199203802]
[0.1111111111111111, 0.1111111111111111, 0.1111111111111111, 0.1111111111111111, 0.1111111111111111, 0.2222222222222222, 0.1111111111111111, 0.1111111111111111]
[0.0933292283926555, 0.0933292283926555, 0.0933292283926555, 0.0933292283926555, 0.15722549503558048, 0.2827991346084864, 0.0933292283926555, 0.0933292283926555]
[0.125, 0.125, 0.125, 0.125, 0.125, 0.125, 0.125, 0.125]
[0.09335994215664431, 0.09335994215664431, 0.09335994215664431, 0.09335994215664431, 0.18476151365849935, 0.25507883340163473, 0.09335994215664431, 0.09335994215664431]
[0.09269946148123813, 0.11109721663205994, 0.09269946148123813, 0.09269946148123813, 0.1224786687241116, 0.3029268072376379, 0.09269946148123813, 0.09269946148123813]
[0.125, 0.125, 0.125, 0.125, 0.125, 0.125, 0.125, 0.125]
[0.125, 0.125, 0.125, 0.125, 0.125, 0.125, 0.125, 0.125]

