0.125 0.125 0.125 0.125 0.125 0.125 0.125 0.125
0.125 0.125 0.125 0.125 0.125 0.125 0.125 0.125
0.1232638888888889 0.1232638888888889 0.1371527777777778 0.1232638888888889 0.1232638888888889 0.1232638888888889 0.1232638888888889 0.1232638888888889
0.12138310185185186 0.12138310185185186 0.13662229938271606 0.12138310185185186 0.12138310185185186 0.13507908950617284 0.12138310185185186 0.12138310185185186
0.11954049318415638 0.11954049318415638 0.13472074867112482 0.11954049318415638 0.1330275045010288 0.13454928090706447 0.11954049318415638 0.11954049318415638
0.11794716648091193 0.11794716648091193 0.13291613855548134 0.11794716648091193 0.13272800031435955 0.14462002872559948 0.11794716648091193 0.11794716648091193
0.125 0.125 0.125 0.125 0.125 0.125 0.125 0.125
0.11706893236792303 0.11706893236792303 0.13095782125681193 0.11706893236792303 0.14184875845178646 0.14184875845178646 0.11706893236792303 0.11706893236792303
0.12753286800013122 0.11452520884813977 0.12907607787667444 0.11452520884813977 0.14264510936531755 0.14264510936531755 0.11452520884813977 0.11452520884813977
0.12301881792548171 0.12301881792548171 0.12301881792548171 0.12301881792548171 0.12301881792548171 0.13886827452162812 0.12301881792548171 0.12301881792548171
0.12762667116783344 0.11395791362055771 0.12762667116783344 0.11395791362055771 0.1383449929264449 0.15057001025565753 0.11395791362055771 0.11395791362055771
0.12098729162247081 0.12098729162247081 0.12098729162247081 0.12098729162247081 0.13635895750318688 0.1377172927619883 0.12098729162247081 0.12098729162247081
0.13638839743152412 0.11240404507342415 0.12584707747592092 0.11240404507342415 0.1394356550886713 0.1487126897101872 0.11240404507342415 0.11240404507342415
0.1371831629568281 0.110145716811148 0.13509346635527444 0.110145716811148 0.13778724707504272 0.1493532563682626 0.110145716811148 0.110145716811148
0.1195113051980136 0.1195113051980136 0.1195113051980136 0.1195113051980136 0.14682605735076462 0.1361061114611539 0.1195113051980136 0.1195113051980136
0.13384382861128588 0.11015207374838747 0.13384382861128588 0.11015207374838747 0.13925866707423792 0.15244538070964037 0.11015207374838747 0.11015207374838747
0.11777162442795647 0.11777162442795647 0.11777162442795647 0.11777162442795647 0.14537806883411852 0.14799218459814237 0.11777162442795647 0.11777162442795647
0.13989964042268732 0.10884959598825837 0.13219647895576914 0.10884959598825837 0.13766914208519745 0.15483635458331269 0.10884959598825837 0.10884959598825837
0.14349126798398512 0.10660725562035911 0.14146035852684585 0.10660725562035911 0.13389859480424612 0.15472075620348655 0.10660725562035911 0.10660725562035911
0.1167533141537205 0.1167533141537205 0.1167533141537205 0.1167533141537205 0.15205517348166675 0.14742494159601033 0.1167533141537205 0.1167533141537205
0.13798438182043501 0.10720281104777854 0.13798438182043501 0.10720281104777854 0.13734601707999763 0.15787397508801826 0.10720281104777854 0.10720281104777854
0.11527079536425595 0.11527079536425595 0.11527079536425595 0.11527079536425595 0.15148155456826534 0.156893673246199 0.11527079536425595 0.11527079536425595
0.13662010584612916 0.10622939555885137 0.14204838325654687 0.10622939555885137 0.13625888817577042 0.16015504048614815 0.10622939555885137 0.10622939555885137
0.11428870514393903 0.11428870514393903 0.11428870514393903 0.11428870514393903 0.15021284691402775 0.16405492222233797 0.11428870514393903 0.11428870514393903
0.13568444040867692 0.10555265450261214 0.14483462174370917 0.10555265450261214 0.13533064027934502 0.16193967955782043 0.10555265450261214 0.10555265450261214
0.11358257356478857 0.11358257356478857 0.11358257356478857 0.11358257356478857 0.1492619862792141 0.16924257233205445 0.11358257356478857 0.11358257356478857
0.1123294461749813 0.1123294461749813 0.1123294461749813 0.1123294461749813 0.1516818057000535 0.17434151725005845 0.1123294461749813 0.1123294461749813
0.12293707984566897 0.11045603027067105 0.11045603027067105 0.11045603027067105 0.15044636605619907 0.17433640274477671 0.11045603027067105 0.11045603027067105
0.1224752151575801 0.10881553961917244 0.12108843187146923 0.10881553961917244 0.14848015640384554 0.17269403809041534 0.10881553961917244 0.10881553961917244
0.12110389309778866 0.10749553585805753 0.13149993811839955 0.10749553585805753 0.14664176888629082 0.17077225646529096 0.10749553585805753 0.10749553585805753
0.11999798211139472 0.1065419939894182 0.13261035876232016 0.1065419939894182 0.15210912744337124 0.16911455572524095 0.1065419939894182 0.1065419939894182
0.11864229129591862 0.10530918217243032 0.14027140292836804 0.10530918217243032 0.15257523032785744 0.16727434675813466 0.10530918217243032 0.10530918217243032
0.11749849234871056 0.10431601553805293 0.14790363580173424 0.10431601553805293 0.15172689945550044 0.1656069102418431 0.10431601553805293 0.10431601553805293
0.12615783932549612 0.10286510168135846 0.14882434482257065 0.10286510168135846 0.1500123771714978 0.1635450319550017 0.10286510168135846 0.10286510168135846
0.13500537236370191 0.10174433401227423 0.14798967620386844 0.10174433401227423 0.14835884270398858 0.161668772679344 0.10174433401227423 0.10174433401227423
0.13661908483755802 0.10102542778187347 0.15189069574811231 0.10102542778187347 0.14712612089209326 0.16026238739474247 0.10102542778187347 0.10102542778187347
0.13650503461197638 0.10048592835100997 0.1561401085645713 0.10048592835100997 0.14620356825789727 0.15920757516151532 0.10048592835100997 0.10048592835100997
0.14199294317403768 0.09957567573011021 0.15678688078659694 0.09957567573011021 0.14500664370634656 0.15791082941257803 0.09957567573011021 0.09957567573011021
0.14325576253192865 0.09913319472419793 0.1565813832089615 0.09913319472419793 0.14419223305727025 0.15943784230504796 0.09913319472419793 0.09913319472419793
0.1477000773456247 0.09846189441415912 0.15583478665274486 0.09846189441415912 0.14326786461381608 0.15934969373117802 0.09846189441415912 0.09846189441415912
0.14880942705267572 0.09804369659408697 0.15755552314131796 0.09804369659408697 0.14256243062260798 0.15889783280705053 0.09804369659408697 0.09804369659408697
0.14890310361032896 0.09775608054022264 0.159579309278612 0.09775608054022264 0.1420556095968965 0.15843765535327187 0.09775608054022264 0.09775608054022264
0.14866572394841557 0.0974865034755619 0.16010384587489407 0.0974865034755619 0.14162854410658962 0.15965587216785315 0.0974865034755619 0.0974865034755619
0.14838338044579633 0.09728574931364994 0.16124540349151886 0.09728574931364994 0.14129508457472623 0.15993313423335875 0.09728574931364994 0.09728574931364994
0.1511882347739321 0.09681916789097647 0.16123486127255374 0.09681916789097647 0.14072488468710026 0.15957534770250797 0.09681916789097647 0.09681916789097647
0.15417570791416996 0.09643835544550788 0.16084983733125513 0.09643835544550788 0.1401668896109787 0.15905414336156481 0.09643835544550788 0.09643835544550788
0.15665688412359802 0.09615986144714433 0.16041753067460665 0.09615986144714433 0.13971500547763938 0.15857113393557853 0.09615986144714433 0.09615986144714433
0.15854462352944668 0.09596199112374373 0.16004695878924835 0.09596199112374373 0.13937671769497065 0.15818373549135945 0.09596199112374373 0.09596199112374373
0.1591593053460313 0.0958225426512261 0.1605260979098768 0.0958225426512261 0.13913215043770444 0.1578922757014831 0.0958225426512261 0.0958225426512261
0.16004082905217573 0.09569613305613282 0.16059339399218403 0.09569613305613282 0.13892974456314075 0.15765150016796817 0.09569613305613282 0.09569613305613282
0.16030412213809556 0.09560304500076876 0.16104600232227745 0.09560304500076876 0.13877376136154276 0.15746393417500906 0.09560304500076876 0.09560304500076876
0.1603456875628516 0.09553816667387272 0.1615157757683738 0.09553816667387272 0.1386604131654016 0.15732545680788226 0.09553816667387272 0.09553816667387272
0.16080050770426532 0.09545849252539453 0.16162855923040806 0.09545849252539453 0.1385455174533842 0.15719144551036432 0.09545849252539453 0.09545849252539453
0.1609383639933985 0.09541100635202925 0.16186390712411222 0.09541100635202925 0.13846232884487686 0.15709137462949535 0.09541100635202925 0.09541100635202925
0.16096362687453272 0.0953800918087877 0.16208924816728656 0.0953800918087877 0.13840556446052596 0.15702119326250388 0.0953800918087877 0.0953800918087877
0.1612729508026638 0.09532908942627993 0.1621311158454995 0.09532908942627993 0.13833692324089292 0.15694265240582408 0.09532908942627993 0.09532908942627993
0.1613747584446207 0.0953041726980599 0.162230956646305 0.0953041726980599 0.13829067709446402 0.15688691702237056 0.0953041726980599 0.0953041726980599
0.160840693392152 0.09472839891201816 0.16169639656356677 0.09472839891201816 0.14226004117301155 0.15628927322319716 0.09472839891201816 0.09472839891201816
0.16052658786771434 0.09463309009631406 0.16145256144105635 0.09463309009631406 0.14352903541337164 0.15595945489260138 0.09463309009631406 0.09463309009631406
0.16059388049873688 0.09459405060699483 0.16131275944664927 0.09459405060699483 0.1439261596737089 0.15579099795292561 0.09459405060699483 0.09459405060699483
0.16061045932803314 0.09458296235472258 0.16129231609568764 0.09458296235472258 0.14405156629348514 0.15571380886390387 0.09458296235472258 0.09458296235472258
0.16075435441875313 0.09456178292776116 0.16126268251583942 0.09456178292776116 0.14407349015239668 0.1556623412019663 0.09456178292776116 0.09456178292776116
0.1608052892487068 0.09455341411012215 0.16127462058265546 0.09455341411012215 0.14407265674524705 0.15563377698290204 0.09455341411012215 0.09455341411012215
0.1609177720564131 0.09453828163497593 0.16126442739171615 0.09453828163497593 0.14405723782121413 0.1556074361907528 0.09453828163497593 0.09453828163497593
0.1605520980119308 0.09412617534008938 0.16084810374172512 0.09412617534008938 0.14691010285639589 0.15518499402959057 0.09412617534008938 0.09412617534008938
0.16032887441015953 0.09405389986226662 0.16062542574131639 0.09405389986226662 0.1478831439729238 0.15494695642653367 0.09405389986226662 0.09405389986226662
0.16028946244063413 0.0940351063939744 0.1605144706999496 0.0940351063939744 0.14822088192604432 0.1548347593574745 0.0940351063939744 0.0940351063939744
0.16026915288297125 0.09403108345137723 0.160479192569101 0.09403108345137723 0.14834060934758467 0.15478671139483408 0.09403108345137723 0.09403108345137723
0.16030259834750993 0.09402481815138787 0.16045832319585973 0.09402481815138787 0.14837821330148276 0.15476159254959598 0.09402481815138787 0.09402481815138787
0.160028157880635 0.09373654663151629 0.16016141239016984 0.09373654663151629 0.1504007785598009 0.15446346464332908 0.09373654663151629 0.09373654663151629
0.15986105863073016 0.09368293962021919 0.1599947376660338 0.09368293962021919 0.15111957003165957 0.1542928751906998 0.09368293962021919 0.09368293962021919
0.1598115186652912 0.09367022339835267 0.15991301293280796 0.09367022339835267 0.15138135345339446 0.15421322135509571 0.09367022339835267 0.09367022339835267
0.15978839742730053 0.09366759894369169 0.15988316367081604 0.09366759894369169 0.15147870160383575 0.15417934152328097 0.09366759894369169 0.09366759894369169
0.1597780308231263 0.0936667985756101 0.1598744502592765 0.0936667985756101 0.15151507757082153 0.1541652470443352 0.0936667985756101 0.0936667985756101
0.15847275598993454 0.1027732349098845 0.15856985630404413 0.09236581284592782 0.1502279834778158 0.1528587307805375 0.09236581284592782 0.09236581284592782
0.1580664185187584 0.10391877121737494 0.1581663003077992 0.09249952289405444 0.14987016450307022 0.1524797767708339 0.09249952289405444 0.09249952289405444
0.15776326533228258 0.10391101887626619 0.15786414598199122 0.09236448874100231 0.15117205877345863 0.1521960448129944 0.09236448874100231 0.09236448874100231
0.15761907714295645 0.1038913966373409 0.1577222439289345 0.09234572787331133 0.1516641483391049 0.15206595033172915 0.09234572787331133 0.09234572787331133
0.15755657346515758 0.10388636947575276 0.15766196604216612 0.09234288096049266 0.15185439250408642 0.15201205563135914 0.09234288096049266 0.09234288096049266
0.15753033586239323 0.10388543372004619 0.157637523130479 0.09234250377829588 0.15192866525032947 0.15199053070186458 0.09234250377829588 0.09234250377829588
0.15753825121671994 0.10388270315045707 0.157624773607896 0.09233987718156304 0.15195518254451496 0.1519794579357231 0.09233987718156304 0.09233987718156304
0.15754098265220884 0.10388185519661415 0.15761955263233252 0.09233933262434114 0.15196504311122186 0.1519745685345993 0.09233933262434114 0.09233933262434114
0.15754195929184697 0.1038816071375172 0.1576176426256078 0.09233917878233786 0.15196875845805344 0.15197249613996108 0.09233917878233786 0.09233917878233786
0.1575549304091242 0.10387975140395146 0.157615023420927 0.092337350610894 0.151968388151954 0.15196985478136132 0.092337350610894 0.092337350610894
0.157568411545071 0.10387797257606816 0.15761236603662435 0.09233577797562913 0.15196667021223878 0.1519672457031103 0.09233577797562913 0.09233577797562913
0.15757937044003537 0.1038766373846445 0.15761012793153611 0.09233464043174804 0.15196485856580735 0.15196508438273257 0.09233464043174804 0.09233464043174804
0.15758750508042352 0.10387570325617657 0.1576084152418178 0.09233385465788271 0.1519633619198032 0.15196345052813084 0.09233385465788271 0.09233385465788271
0.15745586975190426 0.10374059557931066 0.15747270204301342 0.09219885077306882 0.1529064747716318 0.15182780553493336 0.09219885077306882 0.09219885077306882
0.15737659930131281 0.10370082338183267 0.1573920088203196 0.09217409053968705 0.15325847732944994 0.1517498195480238 0.09217409053968705 0.09217409053968705
0.1573388310036937 0.1036914618614131 0.15735383051152935 0.0921691481523206 0.15339415593556893 0.1517142762308329 0.0921691481523206 0.0921691481523206
0.15732479632550175 0.10368908331805314 0.15733668040085377 0.0921678097778961 0.15344701961156548 0.1516989910103379 0.0921678097778961 0.0921678097778961
0.15731872618335882 0.10368856091907032 0.15732944285965417 0.09216755166150886 0.15346787992876007 0.15169273512463008 0.09216755166150886 0.09216755166150886
0.15722428462377142 0.10359657507585143 0.1572345175914481 0.09207562386262137 0.1541193985429908 0.1515983525780742 0.09207562386262137 0.09207562386262137
0.1571679497571213 0.10356912959648111 0.15717806185355254 0.09205839903249763 0.15436556872503615 0.15154409297031587 0.09205839903249763 0.09205839903249763
0.15714105469378672 0.10356251436949482 0.15715117039501394 0.09205483330321913 0.15446152432435709 0.15151923630769012 0.09205483330321913 0.09205483330321913
0.15713089363111016 0.10356077849857942 0.157139032273358 0.09205383245752445 0.1544993162709154 0.15150848195346364 0.09205383245752445 0.09205383245752445
0.1571264771022227 0.10356037711130477 0.157133834181355 0.09205362394479594 0.15451438623221084 0.15150405353851895 0.09205362394479594 0.09205362394479594
0.15712460388158575 0.10356028831582825 0.15713166238577173 0.09205357974790548 0.15452043449768768 0.1515022716754102 0.09205357974790548 0.09205357974790548
0.15712381838725287 0.1035602687150093 0.15713077015555182 0.0920535700132506 0.1545228699471366 0.15150156275529758 0.0920535700132506 0.0920535700132506
0.15712349048409865 0.10356026393193501 0.15713040944103254 0.09205356740804509 0.15452385194194593 0.1515012819768526 0.09205356740804509 0.09205356740804509
0.1571233535911185 0.10356026230252825 0.15713026662841925 0.09205356631009101 0.1545242478434469 0.15150117070421418 0.09205356631009101 0.09205356631009101
0.1571232962072762 0.10356026142933643 0.15713021195397728 0.09205356561794441 0.15452440720579197 0.15150112634978494 0.09205356561794441 0.09205356561794441
0.15712327194391265 0.10356026083340843 0.1571301922852608 0.09205356511903773 0.15452447113366588 0.15150110844663897 0.09205356511903773 0.09205356511903773
0.15712442563371018 0.10356009443900958 0.1571300178111333 0.0920533987908531 0.1545243306501506 0.15150093509343698 0.0920533987908531 0.0920533987908531
0.1571248703526011 0.10356004288057792 0.15712991481805574 0.09205336572068797 0.1545242407855111 0.15150083400119022 0.09205336572068797 0.09205336572068797
0.15712504685774883 0.10356002948114375 0.15712986606388515 0.09205335804996843 0.1545241967844438 0.151500786662873 0.09205335804996843 0.09205335804996843
0.15712590093231732 0.10355991427373645 0.15712973215340614 0.09205324433138715 0.1545240652771741 0.15150065436920437 0.09205324433138715 0.09205324433138715
0.15712623196465844 0.10355987879397677 0.1571296550718058 0.09205322165245047 0.15452398943266676 0.15150057977954076 0.09205322165245047 0.09205322165245047
0.15712689050054623 0.1035597944604632 0.1571295427565765 0.09205314126113245 0.15452387837904 0.1515004701199766 0.09205314126113245 0.09205314126113245
0.15712714702897015 0.10355976888619298 0.1571294807477515 0.0920531250572526 0.15452381727855896 0.15150041088676852 0.0920531250572526 0.0920531250572526
0.15712724948853704 0.10355976226305769 0.1571294517632084 0.0920531212757029 0.15452378879539427 0.1515003838626939 0.0920531212757029 0.0920531212757029
0.1559994281085813 0.11145480064748803 0.15600157594551325 0.09092525746216952 0.15339591346672793 0.150372509445181 0.09092525746216952 0.09092525746216952
0.15556579715169733 0.11305335776756825 0.1555679138924363 0.09095871315751686 0.15297339333969592 0.14996339837605166 0.09095871315751686 0.09095871315751686
0.15543291453420507 0.11341695893020279 0.15543501519930797 0.09100541858078574 0.15284928293119818 0.14984957266272872 0.09100541858078574 0.09100541858078574
0.15539448546185722 0.11350564291505405 0.15539657856762915 0.09102202277704519 0.15281571194927773 0.14982151277504643 0.09102202277704519 0.09102202277704519
0.15538342457591714 0.11352807799969555 0.15538551434540498 0.0910268772719184 0.15280699441566492 0.14981535684756203 0.0910268772719184 0.0910268772719184
0.15531850678895429 0.11347218857299698 0.15532059508965063 0.09096654034525507 0.15323648411678456 0.14975260439584842 0.09096654034525507 0.09096654034525507
0.15528092801390045 0.11345041602428521 0.15528301526053445 0.09095584723873144 0.1534008111370649 0.1497172878480208 0.09095584723873144 0.09095584723873144
0.15526315687537545 0.11344389195661675 0.15526524343351294 0.09095363933082684 0.15346556766591357 0.14970122207610062 0.09095363933082684 0.09095363933082684
0.15525528807171093 0.11344208973885753 0.15525737423429542 0.09095313043516505 0.15349144751918087 0.14969440913046028 0.09095313043516505 0.09095313043516505
0.15525225450838012 0.11344155775919239 0.15525394043697385 0.09095295572464106 0.15350181903406968 0.14969156108746073 0.09095295572464106 0.09095295572464106
0.15525095752752888 0.11344141167596242 0.15525247770002185 0.09095291510031973 0.1535060048762883 0.14969040291923935 0.09095291510031973 0.09095291510031973
0.15525064588512152 0.11344133915921427 0.1552518283393308 0.09095287154290783 0.15350766707953595 0.14968990490807396 0.09095287154290783 0.09095287154290783
0.15525050812006205 0.11344131608642345 0.15525155071797508 0.09095286284573627 0.15350833574208317 0.14968970079624744 0.09095286284573627 0.09095286284573627
0.15525044908995056 0.11344130953831714 0.15525143377382292 0.09095286087154793 0.1535086062526681 0.1496896187305975 0.09095286087154793 0.09095286087154793
0.155250582524225 0.11344128513506466 0.15525136223537617 0.09095283776638291 0.1535086933825023 0.14968956342368323 0.09095283776638291 0.09095283776638291
0.15525063346084245 0.11344127597154763 0.15525132828738175 0.09095283344053273 0.15350872456268308 0.14968953739594695 0.09095283344053273 0.09095283344053273
0.1552506535919387 0.11344127319042785 0.1552513132670693 0.0909528324759758 0.15350873630427297 0.1496895262183638 0.0909528324759758 0.0909528324759758
0.15525066168347815 0.11344127239324847 0.15525130680317076 0.09095283223012174 0.15350874084320082 0.14968952158653667 0.09095283223012174 0.09095283223012174
0.1552506649658736 0.11344127216646095 0.15525130405917917 0.09095283216136596 0.15350874262409062 0.14968951970029773 0.09095283216136596 0.09095283216136596
0.15525077282991007 0.11344125688318607 0.15525128768441798 0.09095281692304912 0.1535087281114991 0.1496895037218394 0.09095281692304912 0.09095281692304912
0.15520908715741114 0.11339952350844086 0.15520955055768001 0.09091108657803905 0.15380081193531056 0.14964776710704034 0.09091108657803905 0.09091108657803905
0.15518433679315066 0.11338368246938223 0.15518469694639825 0.09090351870512504 0.1539129054763552 0.14962382219933862 0.09090351870512504 0.09090351870512504
0.15517252910293372 0.11337892993069959 0.1551727914071378 0.09090190647198529 0.153957215921993 0.14961281422128014 0.09090190647198529 0.09090190647198529
0.15516725504168333 0.11337760396603284 0.15516747681361054 0.09090152264397466 0.15397498527517864 0.1496081109715705 0.09090152264397466 0.09090152264397466
0.15516500490271012 0.11337723822339149 0.15516517285031678 0.09090141975872397 0.15398216216975136 0.1496061625776584 0.09090141975872397 0.09090141975872397
0.1551640676523387 0.11337713546847494 0.15516418839634927 0.09090138950811977 0.15398507216192125 0.1496053677965566 0.09090138950811977 0.09090138950811977
0.15516368613923032 0.11337710499784018 0.1551637705768466 0.09090137940747672 0.15398625423198153 0.14960504583167122 0.09090137940747672 0.09090137940747672
0.1551635255268926 0.11337709635142468 0.15516359492869367 0.09090137680151746 0.15398673589856074 0.1496049168898758 0.09090137680151746 0.09090137680151746
0.1551634582886075 0.11337709391783288 0.15516352146373769 0.09090137608197901 0.1539869325090325 0.14960486557485236 0.09090137608197901 0.09090137608197901
0.1551634302342802 0.11337709322828964 0.15516349083094935 0.09090137587486763 0.15398701284964453 0.14960484523223339 0.09090137587486763 0.09090137587486763
0.15516341855416713 0.11337709303038254 0.15516347808319408 0.09090137581365461 0.15398704570251454 0.1496048371887779 0.09090137581365461 0.09090137581365461
0.15516341369838899 0.11337709297277379 0.15516347278541137 0.09090137579527871 0.1539870591433601 0.1496048340142296 0.09090137579527871 0.09090137579527871
0.1551634116817924 0.1133770929558121 0.1551634705858686 0.0909013757897373 0.153987064644288 0.1496048327630269 0.0909013757897373 0.0909013757897373
0.15516341084494953 0.11337709295079468 0.15516346967333364 0.09090137578808233 0.15398706689626274 0.14960483227041232 0.09090137578808233 0.09090137578808233
0.15516341049788568 0.11337709294932058 0.15516346929497285 0.09090137578760289 0.15398706781837632 0.14960483207663583 0.09090137578760289 0.09090137578760289
0.1551634103540167 0.11337709294889839 0.15516346913817677 0.09090137578747293 0.15398706819601946 0.14960483200046987 0.09090137578747293 0.09090137578747293
0.15516341029440187 0.11337709294878424 0.15516346907323145 0.09090137578744246 0.1539870683507025 0.14960483197055266 0.09090137578744246 0.09090137578744246
0.15516341026970734 0.11337709294875699 0.15516346904634498 0.09090137578743783 0.15398706841406867 0.14960483195880878 0.09090137578743783 0.09090137578743783
0.15516341025948063 0.11337709294875228 0.15516346903522102 0.09090137578743854 0.15398706844002932 0.1496048319542013 0.09090137578743854 0.09090137578743854
0.15516341025524624 0.1133770929487524 0.15516346903062217 0.09090137578743958 0.15398706845066604 0.14960483195239446 0.09090137578743958 0.09090137578743958
0.15516342011587406 0.11337709153984214 0.1551634676198072 0.09090137437852931 0.15398706704611334 0.14960483054277515 0.09090137437852931 0.09090137437852931
0.1551634239382599 0.11337709099907739 0.15516346677404827 0.09090137411706495 0.15398706620922945 0.1496048297281902 0.09090137411706495 0.09090137411706495
0.1542364597757622 0.11986585064774172 0.1542365006782046 0.0899744083714986 0.15306010012080698 0.1486778636629887 0.0899744083714986 0.0899744083714986
0.15382762936739458 0.12155165859775409 0.15382766179430277 0.08994947932188165 0.1526554099759509 0.14828920229895284 0.08994947932188165 0.08994947932188165
0.15368487026635963 0.12202267648526442 0.1536848991420155 0.08997604030383387 0.1525161767885559 0.14816325640630304 0.08997604030383387 0.08997604030383387
0.15363831622428384 0.12215942419932592 0.15363833856348616 0.08998860592897845 0.15247170111693767 0.14812640210903102 0.08998860592897845 0.08998860592897845
0.15362343468019124 0.12219987637028473 0.15362345430913102 0.08999300508106668 0.15245787939775976 0.14811633999943316 0.08999300508106668 0.08999300508106668
0.15361868056010702 0.12221195061251064 0.15361869906556794 0.08999441426104315 0.1524536260715468 0.14811380090713805 0.08999441426104315 0.08999441426104315
0.15361714834022594 0.12221557067455557 0.15361716638006967 0.08999485099468071 0.15245232029503084 0.14811324132607573 0.08999485099468071 0.08999485099468071
0.1536166504150067 0.12221665834874039 0.1536166648655696 0.08999498425316566 0.15245191860069923 0.1481131550104872 0.08999498425316566 0.08999498425316566
0.1536164848956737 0.12221698580997585 0.15361649785968756 0.08999502495320605 0.1524517947339003 0.14811316184114448 0.08999502495320605 0.08999502495320605
0.15361642877582118 0.1222170845750856 0.15361644112416276 0.08999503738439661 0.15245175641912312 0.1481131769526174 0.08999503738439661 0.08999503738439661
0.15361640934188697 0.12221711442264757 0.15361642143524107 0.08999504119290996 0.15245174453077126 0.14811318669072324 0.08999504119290996 0.08999504119290996
0.15361640446507047 0.12221712317916404 0.15361641416824856 0.08999504208022935 0.15245174054764976 0.148113191399179 0.08999504208022935 0.08999504208022935
0.1536164027584369 0.12221712580092232 0.15361641147170607 0.08999504239336507 0.15245173922897332 0.14811319355986624 0.08999504239336507 0.08999504239336507
0.15361640349936828 0.12221712640314616 0.15361641026592027 0.08999504230437226 0.1524517385997428 0.1481131943187057 0.08999504230437226 0.08999504230437226
0.15358850460324303 0.12218922735893278 0.1535885105635478 0.08996714310138484 0.15264703275664243 0.1480852954134794 0.08996714310138484 0.08996714310138484
0.1535720906952181 0.122177011472337 0.15357209528752097 0.08996228269253434 0.1527224667171262 0.14806948775019457 0.08996228269253434 0.08996228269253434
0.15356429344661604 0.12217279149196877 0.15356429747212402 0.08996128338457719 0.1527524817640253 0.14806228567153418 0.08996128338457719 0.08996128338457719
0.153560821265901 0.12217143601716703 0.15356082505655896 0.08996104049167776 0.1527645794311281 0.1480592167542115 0.08996104049167776 0.08996104049167776
0.15355931682361076 0.12217101154314279 0.1535593198218768 0.08996097338347087 0.15276948622775205 0.14805794543320502 0.08996097338347087 0.08996097338347087
0.15355867372725743 0.12217087961165293 0.1535586763973346 0.08996095336295598 0.15277148361598417 0.1480574265589031 0.08996095336295598 0.08996095336295598
0.15355840154186637 0.12217083851856113 0.15355840360847034 0.08996094705310374 0.15277229852388344 0.1480572166479075 0.08996094705310374 0.08996094705310374
0.15355828679680766 0.12217082566704604 0.15355828861347712 0.08996094503562728 0.15277263155235446 0.14805713226343278 0.08996094503562728 0.08996094503562728
0.15355823861494344 0.12217082161943862 0.1535582403281 0.08996094437627329 0.15277276781625246 0.14805709849244572 0.08996094437627329 0.08996094437627329
0.1535582187161093 0.12217082029384349 0.15355822007189676 0.08996094411781459 0.15277282358212094 0.14805708498258566 0.08996094411781459 0.08996094411781459
0.15353939347475695 0.12215200294425155 0.15353939468253724 0.0899421271177108 0.15290456486397536 0.14803826268134648 0.0899421271177108 0.0899421271177108
0.15352830253868632 0.12214374749720387 0.15352830368508916 0.08993883279388618 0.15295556522465603 0.1480275826727062 0.08993883279388618 0.08993883279388618
0.15352302623365505 0.12214088785599153 0.15352302714308216 0.08993814967014062 0.15297590093763222 0.148022708819217 0.08993814967014062 0.08993814967014062
0.15352067300612182 0.12213996591540766 0.1535206738173888 0.08993798166317309 0.15298411391120997 0.1480206283603526 0.08993798166317309 0.08993798166317309
0.15351965138076154 0.122139675830395 0.1535196521513681 0.08993793464431696 0.1529874517145066 0.14801976499001798 0.08993793464431696 0.08993793464431696
0.15351921400326032 0.12213958508673747 0.1535192147570242 0.08993792038047854 0.15298881306334158 0.14801941194820073 0.08993792038047854 0.08993792038047854
0.15351902832181058 0.12213955662417628 0.15351902906859766 0.08993791584214028 0.15298936957924886 0.14801926887974565 0.08993791584214028 0.08993791584214028
0.1535189499318123 0.1221395476314703 0.1535189506757094 0.08993791435348117 0.15298959744812435 0.14801921125244005 0.08993791435348117 0.08993791435348117
0.15338757863432467 0.12200820642888448 0.1533875793770246 0.08980657552178832 0.1528583525282906 0.14893855646611087 0.08980657552178832 0.08980657552178832
0.15331195357193714 0.12195236214381025 0.15331195431376937 0.08978535884923261 0.15278304573747442 0.14928460768531093 0.08978535884923261 0.08978535884923261
0.15326423952445903 0.12192124563750673 0.1532642402657178 0.08976896547799139 0.15283692032245708 0.14940645781588516 0.08976896547799139 0.08976896547799139
0.15324157954411446 0.1219101430316453 0.15324158028500065 0.08976606662161597 0.15285626058218613 0.14945223669220548 0.08976606662161597 0.08976606662161597
0.1532316228803967 0.12190664400543344 0.15323162362106443 0.08976549475554996 0.1528636722631255 0.14946995296333004 0.08976549475554996 0.08976549475554996
0.1532273783560622 0.12190560060160599 0.15322737909661127 0.08976537385678164 0.15286661086324693 0.1494769095121287 0.08976537385678164 0.08976537385678164
0.15322559530416924 0.12190530036122621 0.15322559604465716 0.08976534870588423 0.15286779874943013 0.1494796634228647 0.08976534870588423 0.08976534870588423
0.1532248525372356 0.12190521690111511 0.15322485327769317 0.0897653444030165 0.15286828479908676 0.14948075927581986 0.0897653444030165 0.0897653444030165
0.15322454476853667 0.12190519475086559 0.15322454550897951 0.08976534425671037 0.15286848529125885 0.1494811969102282 0.08976534425671037 0.08976534425671037
0.15322441770101936 0.12190518930819058 0.15322441844145523 0.08976534465386506 0.152868568450419 0.14948137213732074 0.08976534465386506 0.08976534465386506
0.1532243654940651 0.12190518815025107 0.15322436609250562 0.08976534493086631 0.15286860305503902 0.1494814424155401 0.08976534493086631 0.08976534493086631
0.15322434402816484 0.12190518800095884 0.15322434456779685 0.08976534508686043 0.15286861749561959 0.14948147064687864 0.08976534508686043 0.08976534508686043
0.15322433529712168 0.12190518802530359 0.1532243357168853 0.08976534515056553 0.15286862352031252 0.1494814819886804 0.08976534515056553 0.08976534515056553
0.15321580687660766 0.12189666322723379 0.15321580724672687 0.08975682034607732 0.15292829989608764 0.14947296171511215 0.08975682034607732 0.08975682034607732
0.15321078167900407 0.12189292254268269 0.15321078196430798 0.08975532719237372 0.15295146742725893 0.14946806480962516 0.08975532719237372 0.08975532719237372
0.15320839189388918 0.1218916277195726 0.15320839210084908 0.08975501858663214 0.1529607325796105 0.14946579994618234 0.08975501858663214 0.08975501858663214
0.1532073267915145 0.12189121096000427 0.15320732693695918 0.08975494320229149 0.15296448592983172 0.14946481977481565 0.08975494320229149 0.08975494320229149
0.15320686477289777 0.12189108016473853 0.15320686487331295 0.08975492228411351 0.15296601604731622 0.14946440728939395 0.08975492228411351 0.08975492228411351
0.15320092819460676 0.12188530045118127 0.15320092827637252 0.08974917705423457 0.1530068146388262 0.14945849727630953 0.08974917705423457 0.08974917705423457
0.15319359897978488 0.12187890611429802 0.15319359905382526 0.08974430651702417 0.1530497105445123 0.14945126575650688 0.08974430651702417 0.08974430651702417
0.1531870771374786 0.12187373387748301 0.15318707720831756 0.08974082012300294 0.153084760954629 0.14944489045308296 0.08974082012300294 0.08974082012300294
0.1531837268234281 0.12187172099172369 0.15318372689293946 0.08974017087796533 0.1530986183107254 0.14944169434728724 0.08974017087796533 0.08974017087796533
0.15318219518552648 0.12187104622131927 0.15318219525448712 0.0897400267972968 0.15310420948784687 0.14944027345893 0.0897400267972968 0.0897400267972968
0.15318152336408258 0.12187083083831879 0.15318152343281474 0.08973998931496763 0.1531064860719181 0.14943966834796293 0.08973998931496763 0.08973998931496763
0.15318123422065522 0.12187076314977374 0.15318123428929253 0.089739978411338 0.1531074173968376 0.14943941570942693 0.089739978411338 0.089739978411338
0.15318111107211793 0.12187074190628641 0.15318111114071595 0.0897399750136802 0.15310779945427397 0.14943931138556524 0.0897399750136802 0.0897399750136802
0.15318105896392792 0.12187073520020462 0.15318105903250961 0.08973997390836369 0.1531079564742068 0.14943926860405984 0.08973997390836369 0.08973997390836369
0.15318103701213906 0.12187073306137317 0.15318103708071398 0.08973997353756538 0.15310802109053787 0.14943925114253975 0.08973997353756538 0.08973997353756538
0.15318102780455925 0.12187073236824378 0.15318102785998167 0.08973997340833084 0.15310804770459502 0.14943924403762782 0.08973997340833084 0.08973997340833084
0.1531810239459616 0.12187073214029218 0.1531810239959368 0.08973997336312019 0.1531080586743628 0.14943924115408613 0.08973997336312019 0.08973997336312019
0.1531810223316802 0.12187073206397887 0.15318102237939943 0.08973997334690545 0.15310806319829592 0.14943923998592945 0.08973997334690545 0.08973997334690545
0.15309154469189049 0.12178125507263593 0.15309154473867537 0.08965049637568226 0.15301858809943011 0.15006557827032124 0.08965049637568226 0.08965049637568226
0.1530396771895126 0.12174285512245181 0.15303967723589476 0.08963568669667381 0.15296674662631835 0.15030398373580126 0.08963568669667381 0.08963568669667381
0.15301546593828685 0.12173000117726664 0.15301546598449303 0.08963295675347376 0.15294256062682302 0.15039763601270922 0.08963295675347376 0.08963295675347376
0.1522883312484402 0.12674195611632577 0.15228833129456926 0.08891584933159692 0.1522154431466747 0.14971839019919944 0.08891584933159692 0.08891584933159692
0.15193973748441258 0.12825191414365925 0.1519397375303814 0.08886840375347882 0.15186705948460796 0.1493963400965023 0.08886840375347882 0.08886840375347882
0.1518071061615564 0.12873285644759128 0.1518071061986238 0.08888014509602091 0.15173461241935662 0.14927788348480925 0.08888014509602091 0.08888014509602091
0.1517583328640419 0.12888846031889317 0.15175833289740695 0.08888630203747896 0.15169981685025963 0.1492361509569614 0.08888630203747896 0.08888630203747896
0.15174104848362677 0.12893972775578083 0.15174104851545273 0.08888921747736458 0.15168832798278234 0.1492221948302637 0.08888921747736458 0.08888921747736458
0.15173498807821684 0.12895675653182453 0.15173498810940328 0.08889031552537462 0.1516846699890695 0.14921765071536217 0.08889031552537462 0.08889031552537462
0.15173286309496106 0.1289624329936629 0.15173286312588194 0.08889070050364431 0.1516835406691932 0.14921619860536817 0.08889070050364431 0.08889070050364431
0.15173211437063383 0.12896432823778284 0.15173211440144446 0.08889083185677948 0.15168320451824577 0.14921574290155484 0.08889083185677948 0.08889083185677948
0.15173184861648378 0.12896496149132772 0.1517318486413551 0.0888908761864291 0.15168310969162654 0.14921560299991957 0.0888908761864291 0.0888908761864291
0.15173175344861103 0.12896517316327538 0.15173175347102252 0.08889089108259444 0.15168308533245553 0.14921556133685218 0.08889089108259444 0.08889089108259444
0.151731719032004 0.12896524393560851 0.1517317190533967 0.08889089608046262 0.15168308024636776 0.14921554949123517 0.08889089608046262 0.08889089608046262
0.15173170645448567 0.12896526760361707 0.15173170647545645 0.08889089775683558 0.151683079817255 0.14921554637867898 0.08889089775683558 0.08889089775683558
0.15173170180788312 0.12896527552063008 0.15173170182867915 0.08889089831930481 0.15168308020208468 0.1492155456828085 0.08889089831930481 0.08889089831930481
0.15173170007231154 0.128965278169598 0.1517317000930352 0.08889089850815791 0.1516830805502455 0.14921554559033606 0.08889089850815791 0.08889089850815791
0.15173169942044956 0.1289652790557057 0.15173169943717887 0.08889089857113132 0.15168308075734693 0.14921554561592484 0.08889089857113132 0.08889089857113132
0.15173169917174806 0.12896527935232474 0.1517316991868231 0.08889089859240323 0.15168308086435256 0.14921554564754178 0.08889089859240323 0.08889089859240323
0.1517316990759263 0.12896527945167532 0.1517316990903162 0.08889089859958305 0.15168308091582944 0.1492155456675036 0.08889089859958305 0.08889089859958305
0.15173169904099962 0.12896527948463923 0.1517316990524391 0.08889089860167501 0.15168308093923127 0.14921554567766573 0.08889089860167501 0.08889089860167501
0.1517316990272986 0.1289652794956465 0.15173169903751615 0.08889089860243915 0.15168308094968302 0.1492155456825382 0.08889089860243915 0.08889089860243915
0.15173169902189151 0.12896527949933415 0.15173169903160297 0.0888908986027064 0.151683080954277 0.14921554568477532 0.0888908986027064 0.0888908986027064
0.15173169901974415 0.12896527950057207 0.15173169902924602 0.08889089860279843 0.15168308095627078 0.14921554568577172 0.08889089860279843 0.08889089860279843
0.1517316990188864 0.12896527950098832 0.15173169902830147 0.08889089860283002 0.15168308095712776 0.14921554568620615 0.08889089860283002 0.08889089860283002
0.15173169901854197 0.1289652795011285 0.15173169902792108 0.08889089860284086 0.15168308095749333 0.1492155456863926 0.08889089860284086 0.08889089860284086
0.15173169901840308 0.12896527950117578 0.1517316990277673 0.08889089860284458 0.15168308095764843 0.14921554568647172 0.08889089860284458 0.08889089860284458
0.15173169901834682 0.1289652795011918 0.1517316990277049 0.0888908986028459 0.1516830809577139 0.149215545686505 0.0888908986028459 0.0888908986028459
0.1517316990198935 0.12896527950097297 0.15173169902745526 0.08889089860262213 0.15168308095751726 0.14921554568629466 0.08889089860262213 0.08889089860262213
0.1517305336192992 0.1289641140996701 0.15173053362611702 0.08888973320138721 0.15169123876577736 0.14921438028497477 0.08888973320138721 0.08888973320138721
0.15172985358678717 0.12896355459221578 0.15172985359329683 0.08888953582811272 0.15169441897843797 0.14921371176492387 0.08888953582811272 0.08888953582811272
0.15172953328520766 0.12896334206981397 0.1517295332903831 0.08888949716579883 0.15169569702291724 0.14921340283428136 0.08888949716579883 0.08888949716579883
0.15172939151666728 0.12896326691779816 0.15172939152129017 0.08888948805251619 0.1516962170597347 0.14921326882696104 0.08888948805251619 0.08888948805251619
0.15172933025801538 0.12896324102106277 0.1517293302624094 0.08888948550834917 0.15169642982695827 0.14921321210650654 0.08888948550834917 0.08888948550834917
0.1517285200848567 0.12896244817153257 0.15172852008915594 0.08888870070591226 0.15170200516351248 0.14921240437320551 0.08888870070591226 0.08888870070591226
0.15172805147104784 0.12896206872862317 0.1517280514753078 0.0888885676312827 0.15170418068185929 0.14921194474931396 0.0888885676312827 0.0888885676312827
0.1517278312745186 0.12896192470390563 0.15172783127795067 0.08888854151380143 0.1517050553864766 0.14921173281574415 0.08888854151380143 0.08888854151380143
0.15172773390793579 0.12896187377942 0.15172773391102498 0.08888853534323261 0.1517054114069462 0.1492116409649753 0.08888853534323261 0.08888853534323261
