0.125 0.125 0.125 0.125 0.125 0.125 0.125 0.125
0.099626400996264 0.07845579078455792 0.199252801992528 0.15691158156911583 0.08685378548392246 0.06839735606858895 0.17370757096784492 0.1367947121371779
0.0745303753200788 0.12421729220013136 0.1056354961590544 0.1490607506401576 0.0931629691500985 0.15527161525016417 0.11179556298011822 0.186325938300197
0.06344843213867375 0.10574738689778962 0.0626255954080283 0.09517264820801065 0.1268968642773475 0.2415565988045162 0.11420717784961276 0.1903452964160213
0.08769198837691987 0.1551473640514736 0.07644942576449425 0.13525667635256675 0.10523038605230385 0.18617683686176836 0.0917393109173931 0.1623080116230801
0.07186028907212245 0.11976714845353742 0.09236606543181747 0.1437205781442449 0.08982536134015306 0.19501940126963488 0.10779043360818369 0.17965072268030613
0.0886576727992657 0.14776278799877618 0.08674720107350299 0.13298650919889857 0.12021650341215477 0.24409753809888862 0.09973988189917393 0.07979190551933914
0.07051594219525248 0.124758974653139 0.0881449277440656 0.15594871831642376 0.08461913063430299 0.1830999311842289 0.10577391329287873 0.18713846197970851
0.09489071874472411 0.07472644101147026 0.2056692222682418 0.14945288202294052 0.08937366884385979 0.09014432702104014 0.16545048396516 0.1302922561225635
0.053136952717806454 0.08856158786301074 0.08571124997478369 0.10627390543561291 0.11537129101655416 0.2108685155982708 0.1275286865227355 0.21254781087122582
0.06866955297322104 0.11444925495536838 0.0944157781918562 0.13733910594644208 0.09547677717635822 0.2149713188638698 0.10300432945983155 0.17167388243305257
0.06833810662955585 0.11389684438259307 0.0952234457387539 0.1366762132591117 0.09339142856983262 0.21912153490192954 0.10250715994433376 0.1708452665738896
0.08432694391716378 0.1405449065286063 0.08826489099394469 0.12649041587574567 0.11505312185871218 0.27455765939357074 0.09486781190680925 0.07589424952544739
0.06819439089775678 0.12065161466526197 0.08524298862219597 0.15081451833157747 0.08183326907730813 0.20999421006137142 0.10229158634663517 0.180977421997893
0.09286045993816366 0.0731276122013039 0.21266323706214468 0.1462552244026078 0.08740802138283228 0.09827034487233771 0.16191054553320847 0.12750455460740168
0.06012694265748122 0.10021157109580205 0.07893931983724824 0.09019041398622184 0.13052972267962704 0.2513927049877098 0.1082284967834662 0.18038082797244367
0.06783673485271616 0.12001883858557473 0.08479591856589519 0.1500235482319684 0.09148745791837937 0.20405414168802968 0.10175510227907424 0.1800282578783621
0.09220105377601504 0.07260832984861185 0.2181507664251851 0.1452166596972237 0.08757336849425144 0.09688987082346594 0.1607608117120262 0.12659913922322064
0.05990852708937984 0.0998475451489664 0.08229323255609465 0.08986279063406977 0.13015398984052373 0.2503729847019424 0.1078353487608837 0.17972558126813953
0.06672853692790576 0.11805818071860247 0.0834106711598822 0.1475727258982531 0.09009854027286893 0.216951268552725 0.10009280539185864 0.1770872710779037
0.09168032903836759 0.07219825911771449 0.22022496980514356 0.14439651823542898 0.08701456271706243 0.09874833558337073 0.15985288140023066 0.12588414410268167
0.06886527352835257 0.11477545588058762 0.12885848819846996 0.13773054705670515 0.09349347715467085 0.18081566406780375 0.10329791029252886 0.17216318382088142
0.0680244371930158 0.1133740619883597 0.10831397264756035 0.1360488743860316 0.0928883582103901 0.2092525468025793 0.10203665578952373 0.17006109298253952
0.0675748606653827 0.11262476777563783 0.10343449637301805 0.1351497213307654 0.09224576176181483 0.2186709494318503 0.10136229099807405 0.16893715166345674
0.056977418439917084 0.09496236406652847 0.0647936583032345 0.08546612765987563 0.12438989621666549 0.2999189268021768 0.10255935319185075 0.17093225531975126
0.1021287207536256 0.08244125651196284 0.12766090094203197 0.10305157063995353 0.1375346668329184 0.17032791842112502 0.1531930811304384 0.12366188476794424
0.09259964221435961 0.07474910877544691 0.18519928442871922 0.14949821755089382 0.10254397798429436 0.09418201726463434 0.1666793559858473 0.13454839579580447
0.0694610369262618 0.11576839487710301 0.12214528263814074 0.1389220738525236 0.0955436628827512 0.1803154011181725 0.1041915553893927 0.1736525923156545
0.06766082681171688 0.1127680446861948 0.10652501026797682 0.13532165362343376 0.0986272065811458 0.20845395078266446 0.10149124021757533 0.16915206702929217
0.05638093321305856 0.09975088183848822 0.054254234262745185 0.08696230724381025 0.1316946809992834 0.2987271310706867 0.09830521688430724 0.1739246144876205
0.11677912316391865 0.09426748496364519 0.1539444821652671 0.11783435620455648 0.12944020722816968 0.15030691213093358 0.1313765135594085 0.10605092058410082
0.09959234996743847 0.07209619940646464 0.20572744841257715 0.14419239881292928 0.09829822435032086 0.08955645606899415 0.16076376404963905 0.12977315893163635
0.06879511370160808 0.11465852283601348 0.12581293929791906 0.13759022740321616 0.10065090721927238 0.1773118347355384 0.10319267055241213 0.1719877842540202
0.06109445615366571 0.09523864863383409 0.06812068312972225 0.08571478377045069 0.13448734804120313 0.28105677220568204 0.10285774052454082 0.17142956754090138
0.06736932429049632 0.11221707455761323 0.08888401091812466 0.14027134319701653 0.09430754533694205 0.23348452665149796 0.09514056321188948 0.16832561183641984
0.09469061258543977 0.07161275159585528 0.20498169092035037 0.14322550319171057 0.09299831758116209 0.10390242366457256 0.15968574758836981 0.1289029528725395
0.12998977978360257 0.09345059370097199 0.217889827415736 0.11214071244116638 0.12039176656717894 0.10422924362046454 0.12414437844524728 0.09776369802563224
0.06462191246076202 0.10104007664986325 0.07401124969382915 0.08808622066911155 0.13853210063481955 0.25796027084048256 0.09957572771290872 0.1761724413382231
0.0932699304063502 0.07063661081625273 0.20414795868637473 0.14127322163250547 0.09818794920143721 0.10782933044531484 0.15750909934250984 0.12714589946925495
0.10030513233204338 0.06774489964957903 0.26387715591122396 0.13548979929915805 0.08810192765334998 0.07636899553620582 0.1499927774089173 0.11811931220952242
0.06382786032075535 0.10251034173019571 0.0835766570677987 0.08936799022632448 0.1339508823779768 0.24700560322062878 0.10102468460367114 0.17873598045264896
0.09273494300602989 0.07028131091837847 0.21049165735395242 0.14056262183675694 0.09706994774588355 0.10563632588583176 0.1567168336000857 0.12650635965308124
0.13629269358793988 0.09209381341032677 0.21941151541914528 0.11051257609239212 0.11960776886988427 0.10339537093483733 0.12234196457928635 0.09634429710618801
0.06468660046002925 0.10043583601730247 0.07801357091388669 0.08755944678431497 0.13781939684406067 0.25738601122081123 0.09898024419096475 0.17511889356862995
0.12142967790380468 0.09192920802292916 0.17155489779505703 0.11491151002866147 0.12777971188030957 0.1408568771473085 0.1281177581961345 0.10342035902579531
0.10228288715518116 0.06773038067917392 0.2440911911174909 0.13546076135834784 0.09291955445532035 0.08457190010945657 0.15102863990251617 0.12191468522251306
0.09767255590490014 0.06662279483041025 0.27349406068280757 0.1332455896608205 0.08665794187615299 0.07382713757907625 0.14855888877109388 0.11992103069473846
0.12890339911522708 0.08848219843645187 0.23931422486136644 0.11060274804556484 0.11405513100969217 0.09578601515630572 0.12331381013438347 0.09954247324100834
0.08293045250412964 0.11300981571114606 0.13289383781501082 0.14126226963893257 0.09267057791670541 0.17190565300529775 0.0958126698420586 0.16951472356671907
0.104088890786359 0.06908336692663025 0.23776292951066202 0.1381667338532605 0.0891009706344324 0.08838780426156893 0.15295625400116752 0.12045305002591943
0.07194846695086363 0.10070823213380685 0.08197090036798999 0.08779692032178033 0.1321990720341993 0.25053387501013463 0.09924869253766473 0.17559384064356065
0.10149900206919847 0.06926639711701202 0.21026507716377368 0.13853279423402404 0.09574088423677694 0.10556260306588272 0.15445372730271034 0.12467951481062163
0.09354013587231426 0.13168105967408983 0.14676731190205497 0.16460132459261229 0.07856183752564448 0.15297516013760418 0.08373197816232886 0.14814119213335103
0.10572594189672153 0.06880411843442577 0.24384169350095314 0.13760823686885154 0.08681099130569853 0.08490488789308234 0.15233797488126827 0.11996615521899878
0.06114802474597466 0.08439788593990895 0.09978100307704915 0.10549735742488617 0.11043664058377262 0.20848649107224293 0.11925788230639306 0.21099471484977234
0.10008329794837637 0.06962406560415649 0.21926563653589237 0.13924813120831298 0.09293177448882273 0.09827250148127122 0.15525127464568622 0.12532331808748168
0.12134087236328908 0.07738845589466961 0.19223866843548262 0.09673556986833702 0.13436410100979834 0.11804572681199543 0.1438039217744234 0.11608268384200443
0.14442019529287425 0.08787283731229689 0.20923723470241662 0.10984104664037113 0.12209866184408541 0.10520851232064084 0.12246456991098092 0.098856941976334
0.08892669629623032 0.11236652129522938 0.12620046516229075 0.14045815161903674 0.0933974054319379 0.1748337101977798 0.09526726805465101 0.16854978194284406
0.14214247275766895 0.09326035366378527 0.19077582163277854 0.11191242439654231 0.12043780004738919 0.12001479562719655 0.1238916541956024 0.0975646776790369
0.07737369175679364 0.09799817765831864 0.07419844547968142 0.08543430872776497 0.13536928157454253 0.2621795631333736 0.09657791421399518 0.17086861745552995
0.10391689786158215 0.0691051176977613 0.20658667919037355 0.1382102353955226 0.0960756778572654 0.10762208187218829 0.15409409826933637 0.12438921185597034
0.08265744571944393 0.1137966825401932 0.12631914693801843 0.1422458531752415 0.09061218494971168 0.17719386680041593 0.09647979606668554 0.17069502381028975
0.11716363883150886 0.0778043772590367 0.15921827363419136 0.09336525271084406 0.14342492244610333 0.14411815540302403 0.14819881382673658 0.11670656588855505
0.08416599544960753 0.11224302256673273 0.11462199302388798 0.14030377820841594 0.0961363458696734 0.18900176842065783 0.0951625626109256 0.1683645338500991
0.09124988517372741 0.13116097431767634 0.1219000556675424 0.1639512178970954 0.08132357791743851 0.17945692120626366 0.08340127171287028 0.14755609610738588
0.09869724582972762 0.13392336724473186 0.12841421354979204 0.16070804069367822 0.08022090128406144 0.17386911822528836 0.08406266743977014 0.14010444573295025
0.07138018727376613 0.09443362019199292 0.06888515998582541 0.08499025817279364 0.12960991326115698 0.2787320349615253 0.10198830980735235 0.16998051634558728
0.07420927203102785 0.10938759067298175 0.09224016180899224 0.13673448834122717 0.09653943518738657 0.23406601298703583 0.09274165296187584 0.1640813860094726
0.10311397702669027 0.06908187858550328 0.2148060656239223 0.13816375717100657 0.09402627236763633 0.10241838925381011 0.15404227851752522 0.1243473814539059
0.1055797996586143 0.06624935011982838 0.26223698925125527 0.13249870023965676 0.08984424036774134 0.0766159273427 0.14772616280451284 0.11924883021569109
0.10438662489410186 0.06504700022261681 0.27960573135384725 0.13009400044523362 0.08762423576517366 0.07111270492937685 0.14504510198893958 0.11708460040071025
0.10348165689515954 0.06460428930908022 0.28588911903900277 0.12920857861816043 0.08670273759692187 0.06976797505732198 0.1440579227280087 0.11628772075634439
0.10305192750747565 0.06444591497317266 0.2881591604827637 0.12889182994634532 0.08635295677171516 0.06939079176992122 0.14370477159689546 0.11600264695171078
0.10287470348824977 0.0643893386105445 0.28898013598012207 0.128778677221089 0.0862246780469375 0.06927304240160931 0.1435786147524679 0.11590080949898009
0.10280596284466191 0.06436903958730038 0.2892774290197771 0.12873807917460076 0.08617819499418108 0.06923367216199977 0.14353335096033845 0.11586427125714069
0.1206657791011533 0.07556188255183295 0.2123398139717712 0.0944523531897912 0.13487348626724707 0.10835409425906366 0.1404097668313911 0.11334282382774943
0.0979054425343357 0.12906879681993946 0.14612036324107092 0.16133599602492432 0.08643038157195566 0.15186570366831526 0.08207091971702672 0.14520239642243188
0.12345190844215613 0.07730342431222516 0.1648056453880341 0.09276410917467019 0.14170094260869046 0.13677421586831456 0.14724461773757175 0.11595513646833774
0.10083277273931876 0.13226507814416194 0.09553028272407128 0.11530801684362837 0.11941913557585813 0.22006617798840747 0.0782089157722001 0.13836962021235402
0.08015881247578907 0.11051532773830057 0.09904253144985009 0.13814415967287572 0.09804295135214522 0.2146254478385078 0.09369777786508092 0.16577299160745082
0.10419258989751991 0.06883141627014046 0.21730842251992397 0.13766283254028092 0.09586200263811968 0.09876240191106105 0.15348378493670123 0.12389654928625281
0.10557734415696847 0.06601817928247825 0.2628326331382819 0.1320363585649565 0.09168902379942395 0.07580305200909809 0.14721068634033205 0.11883272270846083
0.08278790406830874 0.11294050278227044 0.13877965658402977 0.14117562847783807 0.09473138396887656 0.16442026541247617 0.09575390453279452 0.16941075417340565
0.10299579447568831 0.07549748978858684 0.23221225061949516 0.13499869558121153 0.09357289739495893 0.08871057507343905 0.15051347104352983 0.12149882602309037
0.10436075069691998 0.07048514887594685 0.2677025866055762 0.13054658055563986 0.09041130627204672 0.07345200945638697 0.14554969503740742 0.11749192250007588
0.1033556974504093 0.06919171057066059 0.28066851154595474 0.12872989771291957 0.08866583030158917 0.07000721523571816 0.14352422924112077 0.11585690794162762
0.13721378689092978 0.09190959241311153 0.23839565717837433 0.10699276751480871 0.11752660803756529 0.09237914595775998 0.11928895124412253 0.09629349076332783
0.11058976180501173 0.07025966962035006 0.26756373156702873 0.12777446575698367 0.09347704187424141 0.07287931628395473 0.14245899391114447 0.1149970191812853
0.10459611791965037 0.06902868816740007 0.2803048575757906 0.1284290198985374 0.08908166462608828 0.0697847609721967 0.14318877293165286 0.11558611790868363
0.09410834335429037 0.13775047730160733 0.16297471824559523 0.16037866344016494 0.08045481359877608 0.13840825816994234 0.08158392879347522 0.14434079709614844
0.10763300144260568 0.06789300714053022 0.24943020325695248 0.13578601428106044 0.08888538606401361 0.08167413733273922 0.1503206995704047 0.11837755091169372
0.07297464429246774 0.10609247079319643 0.08318704360025272 0.086278860401191 0.1376996971852789 0.24367693812388497 0.09753262480134635 0.172557720802382
0.10148074063798075 0.07549872331421334 0.20785303527884905 0.1356281641750137 0.10283924428519817 0.10341946300088174 0.15121528155035108 0.12206534775751232
0.10477411549084278 0.07100750695917579 0.25841508139591174 0.1315229562046909 0.09282886522277232 0.07644253312013968 0.1466382810222449 0.11837066058422181
0.08207149936703234 0.12039367795137386 0.13704650041527658 0.13993357729757216 0.09427021664900442 0.1634527657434313 0.09491146981922285 0.16792029275708656
0.14274820929859952 0.09239977560483685 0.19370705381409883 0.11087973072580423 0.12417058800350522 0.11668184206928892 0.12274841985111414 0.0966643806327524
0.0876774935999993 0.12083361618248055 0.12101528433896355 0.13731501180964 0.09901959255216275 0.17622558803082136 0.09313539931436454 0.164778014171568
0.1045506833896289 0.07634088514163927 0.2247971993864907 0.13547230979295535 0.09477257897053395 0.09109974895981186 0.15104151554528006 0.12192507881365981
0.1394443441793056 0.09394635976281841 0.2199548318161185 0.10866571313089521 0.12069607830860114 0.09833937022508424 0.12115416075937122 0.09779914181780568
0.08728564154843094 0.12127855347675566 0.12719737505037024 0.13760215535134063 0.0985565612041416 0.16962696940470368 0.09333015754264844 0.16512258642160876
0.10428610091527621 0.07624882582992068 0.22732602871690916 0.13525851556359178 0.09452599373368434 0.08981872029905233 0.1508031509343329 0.12173266400723261
0.0820258935215952 0.12117452362749212 0.1300297204059812 0.14016988992338267 0.0946684984974738 0.16865585468972152 0.09507175142629433 0.1682038679080592
0.14341429083285004 0.09248548483209303 0.19117833117419816 0.11098258179851164 0.12437959393266651 0.11794339154267888 0.12286228021650454 0.09675404567049732
0.10401581458056512 0.14317097147104266 0.09952255644436116 0.1134640327901184 0.1173609130775009 0.20935065874366776 0.07695821354460203 0.13615683934814204
0.1080825837868579 0.07756582894522167 0.21402515553660015 0.13450219030022553 0.09806483809612845 0.0967475273569 0.14995990470786338 0.12105197127020298
0.10603509460953646 0.07096984929675311 0.26065387766652043 0.1311790740035885 0.091699134734154 0.07514692505535114 0.14625487803086656 0.11806116660322966
0.10396812137050908 0.06938737991241765 0.27804824001794937 0.1290394120112928 0.08910638639727211 0.07044567489467035 0.14386931458572494 0.11613547081016354
0.1028899536915513 0.0688410502310166 0.28441656617570266 0.12820001245195164 0.0880894983710905 0.06924946115311302 0.1429334467188177 0.11538001120675648
0.11996810310115971 0.08040103609522035 0.20990766268396077 0.09362386542530354 0.13697159438261478 0.10760093567659704 0.13917816412477962 0.11234863851036427
0.10783534457716028 0.07031700535864484 0.2571705433305908 0.12941111147582995 0.09824214376707441 0.07627011941253489 0.14428373174991788 0.11647000032824696
0.10436712553033539 0.06931540873213825 0.27654010615179897 0.1289722361203567 0.09031858271038393 0.07061710976620847 0.14379441848045735 0.11607501250832102
0.10301557374796153 0.06885925685967911 0.2838361648284217 0.12824261469626283 0.08834586817610642 0.06930122342297904 0.14298094504195275 0.11541835322663656
0.1370056039186402 0.09179640932612637 0.23942987009260866 0.10689181640961716 0.11734955260248507 0.09214771458636851 0.11917639829549852 0.09620263476865543
0.12788161680755872 0.08126759489965771 0.19380107873853755 0.09238003691079455 0.14413091434742076 0.1123535845058364 0.13732912949724088 0.11085604429295347
0.12585274228714813 0.08071497025916052 0.17918964809092425 0.09273590150205314 0.1544481190844249 0.11791739086032536 0.1378581461134999 0.11128308180246377
0.10991990137190116 0.07076704128106194 0.24466976354281098 0.13016697249042403 0.10368407005570306 0.07851551564306529 0.14512646037365187 0.11715027524138164
0.12215023252331599 0.08078828824894961 0.19725990682397 0.09390404177832071 0.14334416393958446 0.11027385146052016 0.13959466509135435 0.11268485013398485
0.1431137444017987 0.09289600758583993 0.2075400387672778 0.10679835770408652 0.1331209471002977 0.10134018369365935 0.11907219881336215 0.09611852193367786
0.1295266108001555 0.08134690624087802 0.18328967532315157 0.0923571392945152 0.15063034304030237 0.11472566749483708 0.13729509065274198 0.11082856715341823
0.1105544134112243 0.07064969107063837 0.24611528514758485 0.12985328820627637 0.10336496931018134 0.077817667662344 0.14477672580610215 0.11686795938564874
0.10518447833672522 0.06945058022952619 0.27211683839913015 0.12916592939663624 0.09282201066861377 0.07100045448360894 0.14401037202878694 0.1162493364569726
0.10321478233455264 0.06885782907838615 0.28198319984137277 0.12820656683838466 0.09004496643203375 0.06936599095016667 0.14294075437055723 0.1153859101545462
0.1368890230684192 0.09164783485504356 0.23853116440759012 0.10670384093340565 0.11919661168304828 0.09203124854488483 0.11896681966754333 0.09603345684006508
0.12755419193873643 0.08102036362142846 0.19312624778169707 0.09208760175451043 0.14677352540813154 0.11203854239382628 0.1368944049962573 0.11050512210541251
0.10976132091967612 0.07039941446020302 0.2499504747231968 0.1294253143548006 0.10255427711110095 0.07712684861164813 0.14429956690005377 0.11648278291932054
0.08278021122555299 0.119953717049562 0.1349592968126811 0.1394592545088913 0.097606232983732 0.1633004267767936 0.09458975523211759 0.16735110541066955
0.10293970046268487 0.07593557158271122 0.2303512456795568 0.13485221314659027 0.09570009638686654 0.08850402684920686 0.15035015406045213 0.12136699183193127
0.10425430962581991 0.07042134988994082 0.2667245618405699 0.13034662884241818 0.0922690364967035 0.07334538354743626 0.14532676379893492 0.11731196595817638
0.09407032860811418 0.13798383045355558 0.15952737210791523 0.160426946112375 0.08237359418691652 0.1396251870510822 0.0816084899789038 0.14438425150113748
0.10814801089175809 0.06792600046411976 0.2480588214245712 0.1358520009282395 0.08926320337903278 0.08192313567861964 0.15039374950134776 0.11843507773231138
0.08261355568593877 0.11992658996722692 0.13462923450308392 0.1398127179013467 0.09500278526855864 0.1654103595721852 0.09482949562004385 0.167775261481616
0.10293462625283395 0.07596037196430858 0.23026693762616104 0.13490393269772374 0.09522315192096995 0.08888962260975357 0.15040781750029797 0.12141353942795138
0.09405190458905742 0.13924533609533152 0.15036930206246932 0.16108138293854635 0.08318721848240956 0.14515021204049464 0.08194139914699966 0.1449732446446917
0.08348967892146684 0.11100807156906849 0.11289147465796781 0.13320968588288218 0.09896786315498209 0.19401385404786833 0.09990726441216165 0.16651210735360272
0.06583854781782818 0.10536246184571818 0.06124414117976935 0.08222559152852597 0.13627356724124884 0.2916538386454368 0.09295066868442067 0.16445118305705195
0.0999815637958615 0.0755600964017578 0.19773949598767734 0.13569367650665337 0.10527488100758066 0.11233765453333207 0.15128832291114935 0.12212430885598802
0.08086659380438262 0.12047012961069864 0.12286584907335497 0.13942451883197254 0.09813513097167297 0.17636215972786554 0.09456619538168573 0.16730942259836704
0.07606018261168465 0.13395096789664993 0.10430030949423272 0.13678451819906753 0.09487944629618687 0.19710756740653854 0.09277558625675886 0.16414142183888103
0.1327264176079676 0.11005879663113556 0.17686318829787548 0.11010769266939392 0.12466653995073848 0.12371858110605045 0.12276186033438398 0.09909692340245453
0.12687917901016554 0.08935703474933293 0.1733173023742209 0.09229740635085429 0.14960909214651943 0.12057680412780585 0.13720629362007591 0.11075688762102516
0.12512220759785758 0.08630613089042778 0.17185983523336434 0.09216183118458225 0.15737401208487428 0.11957703355777717 0.1370047520296178 0.1105941974214987
0.10947772537412966 0.07541590770916054 0.2408248613211607 0.12948632264732243 0.10529623542812902 0.07859367054414942 0.14436758659335797 0.11653769038259017
0.10473139413656428 0.07345246289359257 0.26951446452063044 0.12868017418255867 0.0933817664725268 0.0709587898143451 0.14346879121547956 0.11581215676430279
0.10282115582171045 0.07262336663140502 0.2804452787681974 0.1276226423266111 0.09020631857710593 0.0691311376646342 0.1422897221163858 0.11486037809395
0.1020375914217353 0.07226626070195856 0.28450919435961336 0.1271501794699948 0.08924950844634393 0.068589142787678 0.14176296128968077 0.11443516152299532
0.08088621111641348 0.12569286319827508 0.1421347893617145 0.13829293219886418 0.09428878571188644 0.158954215326284 0.09379868444792527 0.16595151863863702
0.13341036154466443 0.10804498185199986 0.19036967814560443 0.10945006480619907 0.12377974148313978 0.11441145949918533 0.12202865434362792 0.09850505832557915
0.12685042426876061 0.0889149519695214 0.177539880117933 0.09211722620640296 0.14912683496404816 0.11797156729195278 0.13693844373369754 0.11054067144768355
0.0971924656885601 0.1468329850218898 0.13460039622964587 0.15690114633900087 0.09161196792260277 0.15183507612944733 0.07981493096375261 0.14121103170510077
0.10969174526830962 0.06844543861580174 0.23802902089589417 0.13689087723160348 0.09152475635859346 0.0845335685894818 0.15154382827430257 0.1193407647660133
0.09827395085027245 0.14936008860237512 0.10956580101679887 0.11545058011458183 0.11326564375072319 0.19723762866742525 0.07830561086032505 0.13854069613749817
0.10566411472592886 0.08520354838334394 0.216716528387698 0.1327353927167402 0.09830866447493877 0.09391984061344084 0.14799005725284314 0.11946185344506617
0.08150352143051368 0.1284260799053703 0.1266922319258425 0.13847857373177627 0.09621935530442553 0.16858135138847452 0.09392459783546565 0.1661742884781315
0.10229395817340549 0.08306758307023263 0.22591570006826786 0.13409733296882534 0.0951830831341364 0.08924622391660356 0.14950851899658585 0.12068759967194279
0.10387013219279184 0.07498097809757949 0.2644288420624145 0.12982812578567926 0.09200909624038174 0.07328884082911279 0.14474867158492896 0.11684531320711133
0.13697163885524527 0.09718775038569098 0.23194699272670974 0.10649363562869579 0.1200356792930892 0.09278757460498781 0.11873245643975484 0.09584427206582621
0.11012475310713875 0.07525485156056701 0.2640200229188942 0.1268354431440963 0.09559151964126973 0.07260945702425788 0.14141205377408947 0.11415189882968667
0.1385267890606441 0.09695907438218615 0.2313704950500544 0.10615302000374036 0.1207072199676898 0.09239298809531266 0.11835269543700604 0.09553771800336631
0.11047225944752702 0.0752155888471661 0.2637407751210791 0.12680813134233113 0.09572027403294524 0.07253404984753806 0.14138160315331547 0.11412731820809803
0.10417234343427552 0.07285304227540715 0.2780491714110993 0.12762561278224013 0.0907294094271678 0.06941433521305768 0.1422930339527364 0.11486305150401613
0.10240395981184137 0.07233658615796787 0.28359040695411075 0.12722580912504447 0.08941637866525765 0.06867634836218069 0.141847282711057 0.11450322821254
0.08095553187957287 0.1257138799353046 0.14193176406409772 0.1383012189239708 0.09433680944171144 0.15899502803727578 0.09380430500930192 0.1659614627087649
0.10169057634634258 0.08234551095055506 0.23203863273863543 0.13346225947737836 0.09434475641913571 0.0872017710911457 0.1488004594471666 0.12011603352964052
0.1035217793768236 0.07473656700359008 0.2667312664838232 0.12954280816198588 0.0916493287050314 0.07279915919608781 0.14443056372687083 0.1165885273457873
0.10268815333086607 0.07288619733543653 0.27950557787233676 0.1278303635694924 0.0899863878413862 0.06953467703732572 0.14252131580061314 0.11504732721254315
0.10204681056375647 0.07232748786504972 0.28417809611197314 0.12720629104001996 0.08924709853849427 0.06868303244186019 0.14182552150282823 0.11448566193601799
0.10174024286436653 0.07214045385566775 0.28588861997569853 0.12698341964557217 0.08895391015858863 0.06843123928887894 0.14157703653021253 0.11428507768101494
0.09271071025095144 0.14412953772891493 0.16338424446479283 0.15860689358719457 0.08105956644715863 0.13668020611989606 0.08068263717261637 0.1427462042284751
0.1002035219537658 0.13360261516969543 0.1393289237100014 0.1603231382036345 0.08274201940456041 0.16016955801275987 0.08386133382959345 0.13976888971598905
0.07209999411542219 0.09434451210022696 0.07048891764933875 0.08491006089020427 0.13454202592542056 0.27190229447073366 0.1018920730682451 0.16982012178040853
0.07269954813262365 0.1254403573443007 0.0905236437391844 0.13300294512048816 0.10028203647512234 0.2282372418315378 0.09021069321215719 0.15960353414458578
0.11349012829095369 0.09365835652203723 0.14784642373742815 0.0948143212841929 0.14506657066409956 0.15039915724524788 0.14094785671500915 0.11377718554103149
0.14095990889476875 0.10082227438170999 0.1894221960576271 0.10697579498563643 0.13560749870370065 0.11066408334878218 0.11927002814070212 0.09627821548707279
0.14746751027548838 0.10054015296266736 0.20285921015067856 0.10530473458164089 0.1312419122309918 0.10040529817880885 0.11740692049624736 0.09477426112347678
0.08782840022203056 0.12939957471596875 0.12224449028324029 0.1355519840643743 0.1018861517350695 0.16848741151927443 0.09193960658279302 0.16266238087724916
0.10372970657738034 0.0831420932479312 0.2237314138127023 0.1339466894162933 0.09634433822989384 0.08921317556356616 0.1493405626775688 0.12055202047466398
0.10424464300314928 0.07502150343819473 0.2635485300542613 0.12987987902307452 0.09229226396629793 0.07331491681181233 0.14480637258244278 0.11689189112076705
0.13710185672407849 0.09720677497057226 0.2316399993659523 0.10650809942543571 0.12013236571371935 0.0928050318236177 0.11874858249373203 0.09585728948289213
0.11016363690904687 0.0752633335505471 0.2638994897705955 0.12684603741202427 0.09562391227982193 0.07261829081493022 0.14142386559221212 0.11416143367082184
0.13854084816701587 0.09696210519857337 0.23132845853296166 0.10615493410062157 0.12072288067008652 0.09239650312799595 0.11835482951218557 0.09553944069055942
0.11047636663251716 0.0752164915684394 0.26372364159888 0.12680891701808159 0.09572889737055491 0.07253518137210878 0.1413824791231447 0.11412802531627343
0.12135789890149819 0.08487109090854418 0.20244246681177908 0.0929242385393442 0.14093676608284755 0.10782033073983832 0.13813812176893558 0.11150908624721305
0.08332811724002148 0.12654466129305883 0.12234476394894403 0.1361308745828425 0.10420688351948733 0.1717554045470027 0.09233224536923232 0.163357049499411
0.11630000723433155 0.0937794024194397 0.158433098995516 0.09483870801209297 0.1462671430989711 0.13559108140118975 0.14098410922394716 0.11380644961451156
0.10813114517359061 0.07688489384292983 0.23604241798044298 0.1304991999984694 0.10364845741955733 0.0818477363343626 0.14549686925202485 0.11744927999862247
0.1046355020224986 0.07378957130155962 0.26781469299060445 0.128979422315112 0.09324838817795383 0.0716485125573444 0.14380243055132635 0.11608148008360081
0.11996444220036794 0.08480009242944019 0.2039686600950894 0.0930901969278873 0.140338481437298 0.10774506053648863 0.1383848300599638 0.11170823631346474
0.12309424580878313 0.08553966050544638 0.18177719169078196 0.09203303535174687 0.1542107172564284 0.11609221859107534 0.13681328837364162 0.11043964242209622
0.1426048097580014 0.09853594907207097 0.20071326502547024 0.10586753532879072 0.13691740271757669 0.1020458549729148 0.11803440132926367 0.09528078179591164
0.12865425197600094 0.08707621360592799 0.180151035099354 0.09151705713727729 0.1525679099333556 0.1141668115807721 0.13604625210257937 0.10982046856473275
0.08450998345204179 0.12678539565502006 0.11718273544793327 0.13586631137403055 0.10655860615571439 0.17390459176925463 0.09215280249716855 0.16303957364883664
0.1031078169931585 0.08294624052214834 0.221687834825532 0.134158121483451 0.0974953990902998 0.09028598409636727 0.14957629365393718 0.12074230933510592
0.08114822606692387 0.12813391770113336 0.12793784962095003 0.13869131577442328 0.0961735372369354 0.1674166822320216 0.0940688924383045 0.16642957892930793
0.10218228333139023 0.08300846041198336 0.2264388708709541 0.13406509301727773 0.0951538679427894 0.08902026685347844 0.14947257385657678 0.12065858371554995
0.08098933546088657 0.12815615726984714 0.12901219596501573 0.13869971686075774 0.09567889824335599 0.16694944540080053 0.094074590566427 0.16643966023290926
0.10211544068491837 0.08298736608891702 0.22688027843841208 0.13402683877613436 0.09502150538089571 0.0889144924997054 0.14942992323249607 0.12062415489852094
0.1376687068666789 0.09940464078556062 0.21950148746359077 0.10758581668746334 0.12196065508596608 0.09710130127779179 0.11995015681423149 0.09682723501871698
0.14594394128583993 0.09996303567157537 0.2135894441408004 0.10494761300245184 0.12704300961362763 0.09705134799718243 0.1170087565863157 0.09445285170220664
0.11264654176911179 0.07588450351455885 0.25662466269195006 0.12729658682424044 0.09744232741670636 0.07361225507787336 0.1419261945637427 0.11456692814181639
0.10488575392322055 0.07309129164831862 0.2753580769152796 0.12791144357952636 0.09128041994669144 0.06974100080433575 0.142611713961054 0.11512029922157373
0.09344207253385924 0.14450192414352767 0.1607722576212687 0.15878769671016957 0.08157118877410353 0.1372413222427454 0.08077461093517323 0.14290892703915262
0.14646378487620212 0.09194634682413484 0.20193112201266258 0.1103356161889618 0.12063382632009899 0.11035321671618453 0.12214606269189096 0.09619002436986414
0.10376340799568123 0.15113947335495825 0.10073986392347162 0.11202252284591335 0.11792693774169029 0.20400027296683054 0.07598049375635861 0.13442702741509602
0.10705545277168656 0.08549070563631522 0.21266326613364525 0.13273275973236096 0.09940143565517612 0.09520977463993921 0.14798712167175168 0.11945948375912487
0.10526684679978704 0.07548478466738624 0.2591463669696546 0.13016941841325827 0.09315464065798222 0.07449627852491877 0.14512918739508046 0.11715247657193244
0.1033249456984082 0.0731522357723579 0.2766637627636837 0.12815111994413775 0.090512466763973 0.06998052588641568 0.14287893522129982 0.11533600794972397
0.10228399996032275 0.07242805871446481 0.2831259872121636 0.12733280300695324 0.08944254047469326 0.06882051502037725 0.14196657290476727 0.11459952270625794
0.09284857664776046 0.14424440862606663 0.16270213622880653 0.15866531433740777 0.0811790488931825 0.1368493768088626 0.08071235555424656 0.142798782903667
0.14622161778661352 0.09190871005199015 0.20260619432155424 0.11029045206238818 0.12049794682503887 0.11022836428927639 0.12209606414721036 0.09615065051592817
0.08762415958327428 0.12768589079186315 0.12218923022919229 0.13570291624186454 0.09960464525413475 0.17230768043669073 0.0920419779727429 0.16284349949023744
0.1174604571169991 0.09394886628827624 0.1583975864133797 0.09484127876130315 0.14480295420610906 0.1357513918850587 0.14098793081531033 0.11380953451356378
0.10840384383589645 0.07690632361253631 0.23602605826044337 0.13050036175401833 0.1033396704059834 0.08187525202974182 0.1454981645227637 0.1174503255786165
0.10469801847840433 0.0737922698772001 0.26780733385968664 0.12897966486193257 0.09318513585598727 0.07165317771811909 0.14380270097293077 0.1160816983757393
0.10287916941325945 0.07271319929453525 0.2798293116682244 0.12771412616241087 0.09023849966586986 0.06929126048337969 0.14239171976615062 0.11494271354616978
0.10207165446805455 0.07229250461206169 0.28428322698471054 0.12717875343548557 0.08928822853913483 0.06862993473979832 0.1417948191288175 0.11446087809193702
0.0927939080291719 0.14419230027540472 0.16298821389264684 0.15864013756051654 0.08114056426206001 0.13676920393842895 0.08069954823730624 0.14277612380446486
0.12236431816072103 0.07692151088424339 0.1696631534655461 0.09230581306109208 0.14458967744646134 0.13225609706653596 0.14651716358903502 0.11538226632636507
0.09845655756132456 0.14731196026357213 0.0945355247641266 0.11203205361102711 0.12377589584291951 0.21346258552240524 0.07598695810139229 0.13443846433323253
0.10598139921189342 0.08516405631405262 0.21008127762332085 0.13296520316931984 0.10085048642652925 0.09704261564506042 0.1482462787574357 0.11966868285238788
0.1051095689623334 0.07551115079273496 0.25817099452866304 0.13028722360568584 0.09353498919337273 0.0748670402788879 0.14526053139320497 0.11725850124511727
0.10332334394388941 0.07318063866801758 0.2763043916571087 0.12819739754554116 0.09062055542301246 0.07006548367813134 0.14293053129331232 0.11537765779098706
0.1022960736549635 0.0724406866713169 0.28299428189611897 0.12734984859616041 0.08947556937142921 0.06884309860879217 0.14198557746467436 0.11461486373654438
0.08093914009255945 0.12574209514911722 0.14179872697176205 0.1383106614342562 0.0943598815812221 0.15906599155543663 0.09381070949453899 0.1659727937211074
0.11573385798060545 0.09372481280040526 0.16501346034530515 0.09493684735256304 0.14318784523266323 0.13234895952037803 0.14112999994500416 0.11392421682307564
0.10780884581091804 0.07674424601744122 0.23871016272819134 0.13027438804336713 0.10281717746896749 0.08115200999298686 0.14524622069909737 0.11724694923903044
0.1044751919860342 0.0737093760833738 0.26882491342958353 0.12886473084945285 0.09300022017991996 0.07147275158094721 0.14367455812618102 0.11597825776450757
0.1199040457085773 0.08477493678043321 0.2042781021397331 0.09307337885803224 0.14023866455992562 0.10768298845410752 0.13835982886955242 0.11168805462963867
0.10737295255238043 0.07462115843189736 0.2538750523357489 0.1284619572704718 0.10087930354529955 0.07594831867743039 0.1432254956433469 0.11561576154342461
0.1038357815565773 0.07305464000050403 0.27444876196290063 0.1281313177253063 0.09212025456341363 0.070234201013442 0.14285685722508032 0.11531818595277568
0.13658564616878402 0.09659203000999035 0.23519409003921338 0.10615075753159851 0.1197400438853277 0.09185157763723838 0.11835017294940908 0.09553568177843866
0.10991698490204554 0.07509654033842104 0.265244982214353 0.1266814634691404 0.09543430937763742 0.07237202464864208 0.14124037792753413 0.11401331712222636
0.10399865442474238 0.07280414747349859 0.2786150078659497 0.12756242266419973 0.09063582803263877 0.069355177454389 0.1422225816868018 0.11480618039777978
0.10234567136890829 0.0723166698235351 0.28379947857491106 0.1271997633514719 0.08938684837796636 0.06865353786964443 0.14181824361723808 0.11447978701632472
0.10181558762246125 0.07214448962119122 0.28574023477126276 0.12699250670990825 0.08899524453861764 0.06843151276883344 0.14158716792880816 0.11429325603891743
0.1016334034585973 0.072077853550558 0.2864588240933861 0.12690769617509337 0.08886057861917085 0.06835210703397654 0.14149261051163392 0.11421692655758403
0.1015686559919388 0.07205241441340128 0.28672387055407944 0.12687540650144616 0.0888123788111213 0.06832279794151686 0.14145660993519443 0.11418786585130154
0.10154526182900765 0.07204287051572106 0.2868214861607591 0.1268633754435482 0.08879483877196274 0.06831193317632955 0.14144319620347834 0.11417703789919338
0.10153673789546096 0.07203932590802632 0.286857415384211 0.12685892630932669 0.08878841261268987 0.06830791246104469 0.14143823575084633 0.11417303367839403
0.1015336184399587 0.07203801603248947 0.2868706361675903 0.12685728580632172 0.08878605187898811 0.06830642773654073 0.14143640671242136 0.11417155722568954
0.10153247415294994 0.0720375331323669 0.28687550036349474 0.1268566816595771 0.08878518373281678 0.06830588033128851 0.14143573313388666 0.11417101349361936
0.11880481107188488 0.08429243830867109 0.20980075335548856 0.0927733970791098 0.13851873879053903 0.1065678990922207 0.13791388580715425 0.11132807649493175
0.12270753344315148 0.08540873835281945 0.18360839140495638 0.09196260698216124 0.15353502828118915 0.11571398128513985 0.13670859187198894 0.1103551283785935
0.10854976849766251 0.07505000950519554 0.24551006904228853 0.12904030872386277 0.10416631363752792 0.07767693838866453 0.1438703143533216 0.11613627785147648
0.12113902833711922 0.0850756218818503 0.19680237964603722 0.09320132425444017 0.14397256873983982 0.10941745974072463 0.13855002829466032 0.1118415891053282
0.10788102214108415 0.07481365549975857 0.25091834504191807 0.12873353857095107 0.10186714646236221 0.0763978190439499 0.14352828852612007 0.11586018471385597
0.1382696978661624 0.0972069234568731 0.22702527409366555 0.10652802801539148 0.12280235424475586 0.09352169572497489 0.11877080138432451 0.09587522521385232
0.1274030828660148 0.08682932435306895 0.18874933771617775 0.09146202907051701 0.1479491525290353 0.11188818939514068 0.1359644491854253 0.10975443488462042
0.10944782191810473 0.07508508006329409 0.2474727831161537 0.1287909700454168 0.10281000914870023 0.07688914233323677 0.14359232033421845 0.11591187304087515
0.10449817859726192 0.07324685757979456 0.27200407179034436 0.1283768158074424 0.09268480156321733 0.07051957116933145 0.14313056926590967 0.11553913422669816
0.10268246352133244 0.07253510097372966 0.2813626056621349 0.12750499126923648 0.09000232987735059 0.06899946658656039 0.14215854996734273 0.1147544921423128
0.10197380064810897 0.07223148849224056 0.28484428226086134 0.12710509368131953 0.0891930248668037 0.0685450317375594 0.14171269399991893 0.11439458431318757
0.10169921323950253 0.07211057060178735 0.28612955953233865 0.12694900483959665 0.08892736396511786 0.06839151687620118 0.14153866658981892 0.11425410435563697
