Action: 0
[0.10624822831272797, 0.10492855979275863, 0.1195818946530572, 0.10492855979275863, 0.24952707807040453, 0.10492855979277578, 0.10492855979275863, 0.10492855979275863]
[0.10683505336792405, 0.10683505336792405, 0.2521546264245316, 0.10683505336792405, 0.10683505336792405, 0.10683505336792405, 0.10683505336792405, 0.10683505336792405]
[0.10948246453916034, 0.20878126364184654, 0.11947360979892294, 0.10439063182092327, 0.14470013473637716, 0.10439063182092327, 0.10439063182092327, 0.10439063182092327]
[0.125, 0.125, 0.125, 0.125, 0.125, 0.125, 0.125, 0.125]
[0.10989353338168895, 0.10634721611666519, 0.2519906541649839, 0.10634721611666519, 0.10637973187000126, 0.10634721611666519, 0.10634721611666519, 0.10634721611666519]
[0.11832661753465153, 0.1052625087328477, 0.2500389928250121, 0.1052625087328477, 0.10532184597609787, 0.1052625087328477, 0.1052625087328477, 0.1052625087328477]
[0.125, 0.125, 0.125, 0.125, 0.125, 0.125, 0.125, 0.125]
[0.125, 0.125, 0.125, 0.125, 0.125, 0.125, 0.125, 0.125]

Action: 1
[0.10526419949081303, 0.1052597744748582, 0.10525977427315754, 0.10525977427315754, 0.22368795460981095, 0.14474897433188766, 0.10525977427315754, 0.10525977427315754]
[0.1111111111111111, 0.1111111111111111, 0.1111111111111111, 0.1111111111111111, 0.1111111111111111, 0.2222222222222222, 0.1111111111111111, 0.1111111111111111]
[0.1067022182992176, 0.10670221783917903, 0.10670221783917903, 0.10670221783917903, 0.21434558694682043, 0.14544110555806694, 0.10670221783917903, 0.10670221783917903]
[0.125, 0.125, 0.125, 0.125, 0.125, 0.125, 0.125, 0.125]
[0.14468052176630863, 0.10435120568673657, 0.10435120536776499, 0.10435120536776499, 0.2238110681079516, 0.10975238296794326, 0.10435120536776499, 0.10435120536776499]
[0.1051700186613187, 0.1051700186613187, 0.1051700186613187, 0.1051700186613187, 0.11923898237592905, 0.2497409056561588, 0.1051700186613187, 0.1051700186613187]
[0.125, 0.125, 0.125, 0.125, 0.125, 0.125, 0.125, 0.125]
[0.125, 0.125, 0.125, 0.125, 0.125, 0.125, 0.125, 0.125]

