0.125 0.125 0.125 0.125 0.125 0.125 0.125 0.125
0.5596907880793645 0.14120597204194618 0.0616864314942234 0.01470360860100361 0.15962414230828698 0.04229970404539067 0.01662147059243886 0.0041678828373458736
0.6880610995048886 0.07040243482446124 0.12628115359039285 0.012474998387916061 0.0789797214964176 0.008387782824226028 0.013984017931282065 0.0014287914404154615
0.4276577858750898 0.2591859331405196 0.026901242121593262 0.015983499498788554 0.15813453888173232 0.09679637581150694 0.009598375016759425 0.005742249654010233
0.6223209402630028 0.1543777059708468 0.06667333275378552 0.01583548545180327 0.1015650583714122 0.026213995384155895 0.010439442956875154 0.0025740388481184056
0.5430088418961107 0.16220976137767143 0.05234638476424328 0.015154213365242156 0.15988207968745574 0.04836050238737709 0.01473728450789064 0.004300932014008994
0.6335710815307865 0.14448695842086254 0.07188324623946583 0.015805533569432106 0.0979192083151324 0.023184476039708055 0.010712332430014558 0.002437163454598048
0.5102073979711308 0.1642080195259606 0.029824284796937106 0.009331643707923248 0.20470878880878468 0.06666503211758613 0.011446045205694338 0.0036087878659830383
0.5935204934618407 0.1387035846533961 0.04569229162259545 0.010283582165742199 0.15876432053817727 0.03854020543748219 0.011756091884052333 0.0027394302367136224
0.6885439307337416 0.07025170245652926 0.1261749759289264 0.012461579501967484 0.07884057621867661 0.008330526058917716 0.01397291541874865 0.0014237936824922544
0.5542202749113887 0.15869604556552158 0.05810983562393752 0.016313149904627674 0.14986297550001418 0.04332426985568365 0.015182908372963455 0.004290540265863157
0.6348791603401809 0.14363700662580606 0.07257211098382653 0.015841867606919118 0.09713019299730488 0.02280404406155042 0.010716372236747186 0.002419245147664964
0.5697145198139786 0.17616602576677867 0.03334609637561446 0.010017514717314043 0.15206628790571905 0.047612021042743126 0.008502472591243575 0.00257506178660846
0.6332687689188662 0.14532584461859108 0.07140312643528225 0.015823829651529613 0.09781496384860508 0.02326361640881211 0.010660465342301183 0.0024393847760124515
0.538293181831382 0.16003140851491585 0.052411312306501784 0.015121311131354448 0.1647335792979663 0.04954880559733605 0.015387302019376123 0.004473099301167556
0.5993756290152473 0.13678991481323674 0.04736754487886382 0.01042086686389608 0.15486279994562263 0.036701998481166946 0.011795499439140381 0.0026857465628261417
0.6887290128906682 0.07003667449113646 0.1265643678453025 0.012463475815145108 0.07855076797198055 0.008269697377922408 0.013967383599240208 0.0014186200086043494
0.5291788706061993 0.1578869311653644 0.03330396698704055 0.009748049654459676 0.1955844056956507 0.05891802707888828 0.01187946855117544 0.0035002802612219687
0.5957722947116283 0.13774978762673534 0.04627760703581025 0.010316931683325703 0.15756079968156195 0.03781864935202468 0.011785587991329755 0.0027183419175839506
0.6364748575474497 0.14213917042821497 0.07297267661063002 0.015777644410610515 0.09703476373035316 0.022438953008158295 0.0107616348000515 0.0024002994645317965
0.5086143493922521 0.1571687519804517 0.029803851570305323 0.008949380096646127 0.2132125164092697 0.06665359016302819 0.011974684971202137 0.0036228754168445587
0.6484472346157033 0.15125219928175998 0.04990108468752889 0.011212201427860865 0.10437760363576064 0.025288733915899326 0.007724049353123548 0.0017968930823636122
0.5257428617016408 0.1569175776414896 0.030190545136215313 0.008747024401584532 0.2027453947693661 0.06129865683214851 0.01111193101226587 0.0032460085052892335
0.5772374850452205 0.13382694977946552 0.06405600794826004 0.014318372198523324 0.15344558599325134 0.03693191514251073 0.016392560273216138 0.0037911236195522714
0.6885624362877809 0.06979154502311873 0.12721834690208292 0.012468330620803037 0.07833065195735228 0.00823146587685336 0.013981576585284735 0.00141564674672404
0.4156262068972219 0.2624048336763771 0.026170429817361958 0.016209401140720996 0.16105395701734287 0.10262618131550072 0.009800099495979648 0.006108890639494795
0.6213227787289121 0.1550793590736736 0.06623058208327459 0.01581894161910138 0.1020330856541338 0.02650137108989057 0.010427463112393745 0.002586418638620282
0.5274023822579471 0.17063417762938585 0.050794519896368115 0.015952699650123154 0.16236966942842085 0.053137864554841444 0.014971827560665757 0.004736859022247596
0.7040190573297663 0.07389063931616587 0.07942621172025584 0.008028024454129104 0.10954085908649948 0.011944401028631313 0.011904802952430668 0.001246004112121476
0.5459453537206906 0.15118629219131005 0.05518157614163241 0.014969738841345165 0.16578933018377465 0.04638166489110327 0.016138181769636953 0.0044078622605067735
0.6341637720004474 0.14372206673617652 0.0721687183818023 0.015778906826597223 0.09794541333315644 0.023043271056448343 0.010746900782937585 0.002430950882433938
0.5489040785892773 0.15653478540007668 0.05350718495395184 0.014797053028899809 0.16067585864307918 0.04639253824506458 0.015005325300896445 0.004183175838754175
0.6541208092435257 0.1485178360292592 0.05189191875755938 0.01136595097902158 0.10086599715068088 0.023770986131712524 0.007717879745827655 0.0017486219624131033
0.40704536513442374 0.2671382363644286 0.023486135793016404 0.014983349408095604 0.16374469629481514 0.10874529179344297 0.009043632546360363 0.0058132926654171245
0.6203040593497872 0.15585160570327194 0.06572500866656854 0.01579782560532112 0.10251220839411386 0.026801452716285354 0.01040933897324935 0.0025985005914028973
0.5323432189428848 0.16565888518908764 0.05121862561226247 0.015456803442630368 0.16398887559729444 0.051638106461768724 0.015102932304605552 0.0045925524494659815
0.5986991586766401 0.13724583140141225 0.04718997763016776 0.010422579605085067 0.15505377092906208 0.03692060998220311 0.011775567135473815 0.002692504639955964
0.7310267703191483 0.07437206728088423 0.08393418342833843 0.00826874244353141 0.08340572926415686 0.008785209177657434 0.009265790812063239 9.415072742202422E-4
0.564329180448699 0.1691706006283049 0.03470392137152885 0.010217715408180164 0.16061638835257513 0.04856311476955171 0.009566315650380608 0.0028327633707795254
0.5991332277346859 0.13732378025293 0.047089577401457465 0.010422126422390165 0.15480837311887227 0.03678330502288633 0.01175289115574262 0.0026867188910352263
0.7069158316484913 0.07191287018281137 0.08117227798663756 0.007996288279314796 0.1075191584516398 0.011323589877669809 0.011946223128167004 0.0012137604452686283
0.5517860944355298 0.15261094412853105 0.055929397092892325 0.015159372962214267 0.15995165245261717 0.044699792202670494 0.015603912236063012 0.004258834489482022
0.6010383671971599 0.1359758030913645 0.0478075949790011 0.010437024805369304 0.15407381204094558 0.03617536265392506 0.011822549459638478 0.0026694857725959443
0.6887804033720912 0.06997014744087256 0.12667218259647794 0.012462994868047448 0.0784774115197345 0.008252698410993251 0.013966982185799013 0.0014171796059841884
0.4101566405419098 0.25898392383920593 0.025816169045992213 0.01599181439423018 0.16650912960414685 0.10608201279442099 0.010140155236257088 0.0063201545438369595
0.6392083626973117 0.15982029036316264 0.047400895271197084 0.011338243266977258 0.10544013709532406 0.027437973017533136 0.007492518052126018 0.0018615802363680012
0.553813956500003 0.16594342207412927 0.05262973202253941 0.01529029663463382 0.14944357508911155 0.045373730090689485 0.01353879298200037 0.0039664946068932415
0.6342386720687581 0.14429145359583612 0.07219671672973532 0.015844125491999515 0.0973302061409923 0.022977394561035366 0.01069442954038416 0.0024270018712593605
0.4139774429760519 0.2603283128154078 0.02421433130751584 0.01477928141426218 0.1660010238688029 0.10569437732968759 0.009289415537910023 0.005715814750361777
0.6392705158064874 0.1598295741587407 0.04738874047657955 0.011337275781768142 0.10540123861381862 0.027422874373931226 0.007489115962798105 0.0018606648258765487
0.5381104636612021 0.17453263297405794 0.05113830323609066 0.01610990319714144 0.15202652366646072 0.049906304814214486 0.01379637421871221 0.004379494232120522
0.6330266577405743 0.1452575693149375 0.07166006206428635 0.015843402075471795 0.09779263937149696 0.023301728347170397 0.010675317091473251 0.0024426239945895367
0.539055220502807 0.1735434255219891 0.052492705243241414 0.01642774384649918 0.15085611888779543 0.049142544042887155 0.014051143500414084 0.004431098454366642
0.6531393830322856 0.14966553388456522 0.051632962635002104 0.011400492275980766 0.10075197998102697 0.023973304003486635 0.007681161706786254 0.0017551824808663473
0.5079701444663057 0.15759048414135943 0.02928794477937419 0.008831326606536884 0.213814221865988 0.06709936903616798 0.011817107014737524 0.0035894020895303395
0.6290661467941304 0.1468300826866551 0.06936666609740945 0.015595917849003915 0.10132912758696218 0.024566574708662997 0.01074435214669513 0.002501132130480844
0.5484395825670786 0.1567399006756917 0.053184094513554936 0.014730602154629957 0.1611394941811663 0.046638469153845744 0.014952375407243942 0.004175481346788832
0.6340510703495457 0.1440188790552627 0.07209377700902145 0.015796635648647916 0.09781849696624066 0.023062510799465148 0.010727236481378286 0.002431393690438148
0.5745575683313979 0.1638678568344315 0.03360047318999636 0.009292713492768827 0.1607442416887724 0.04643696242522499 0.008992372574625977 0.002507811462781989
0.6337132311530825 0.1446318043623733 0.07156679158140067 0.015784254945060836 0.0979973506930174 0.02317516166366059 0.010696108090580306 0.002435297510824554
0.5444566652382417 0.1752432075517841 0.05303100873600969 0.016594014072058693 0.14547697493183914 0.047398466544102534 0.013531751510633013 0.004267911415331223
0.6000808812784649 0.13729698079363686 0.047531958845807 0.010481635652777193 0.15368103494133264 0.036501794825588185 0.011745913872196206 0.002679799790196967
0.7069889114042406 0.07188381321545495 0.08122519764263868 0.00799772425298098 0.10743775176304049 0.011308912359754548 0.011944699623293899 0.0012129897385956753
0.42558476388063055 0.24910776354909417 0.025884536149233223 0.014848104439975432 0.16900009843455804 0.09998721986769253 0.009879459626768611 0.005708054052047503
0.5852750954580732 0.14507534022998736 0.043637715174516006 0.010355322295370527 0.16009498870756828 0.04129617109417207 0.011445289845910558 0.0028200771944018304
0.6882934173090227 0.07063751332239489 0.12564451492621423 0.012472362873216947 0.07914114487088529 0.008415144762856921 0.013965007795103714 0.0014308941403051267
0.5650732091739246 0.17563362202346403 0.035529022560793704 0.01083839886215052 0.15285045141018996 0.04793976851495455 0.00928527405942504 0.0028502533950974856
0.6332047663744095 0.14531980164321598 0.07141973644420066 0.01582412206658347 0.09784857748288074 0.02327840169241271 0.010664179466610465 0.002440414829686351
0.5336577422187219 0.17181119374351247 0.05195926766716649 0.016261547622659085 0.1562574560161891 0.05088323613166946 0.014574461495499645 0.004595095104582057
0.6527088024865004 0.14979364820137855 0.05149745865132785 0.01138496934062535 0.10107632577550459 0.024093005907132297 0.007686637118567416 0.0017591525189636324
0.5336033730807711 0.17221926230772167 0.05125872644536684 0.016091904229631113 0.1566955691016719 0.05114239071122826 0.01442723569361865 0.004561538429990662
0.6526205056939876 0.14985345453044527 0.051463000253042054 0.011383472482607867 0.10111849830002852 0.02411547351597622 0.007685741178729217 0.0017598540451832054
0.5745643779945315 0.1712694384929911 0.0331135391489445 0.009585233027752793 0.15401521646966676 0.04649611722423919 0.008481111182271123 0.002474966459602899
0.633596922220568 0.14497586942664079 0.07152981212819455 0.015812573133430537 0.09779105702516665 0.023184864556345906 0.010673264637951194 0.002435636871702561
0.4094137098087976 0.2472309770961698 0.0239244156917177 0.014008118084247987 0.17962862827124482 0.10978135049654997 0.01007036075485762 0.005942439796414444
0.6205828333049606 0.15500288506910476 0.06580043169443658 0.01572279421733068 0.10304058136114808 0.0267890954134084 0.010464013934008575 0.002597365005602305
0.4006427153103346 0.2637977250542972 0.0231329750155822 0.014772093583645833 0.16938857586719103 0.11290250790409874 0.009347312740693135 0.0060160945241573074
0.6197634142187407 0.15606519492469287 0.06547104500365754 0.015767248908876146 0.10293539705441741 0.0269768430595235 0.01041522256963396 0.0026056342604577586
0.46339023292367004 0.2815617714179609 0.026736600247931286 0.01572389435041748 0.12478149656718682 0.07687889414262539 0.006857669647201354 0.004069440703006578
0.392847808840322 0.2550117514209785 0.019866983565298056 0.0122821932511439 0.1842654350949017 0.12152816057933807 0.00873980050099835 0.005457866747019525
0.5808305040731104 0.14682147160056425 0.04248869369223426 0.010268881804556661 0.16257625502452588 0.04277386556233012 0.011382201708997442 0.002858126533680899
0.7057861548876468 0.07262156768139136 0.08035388759894466 0.007994763450494767 0.10850910492327732 0.011570493150603932 0.01193776853584605 0.0012262597717948936
0.5472634919173566 0.1712906585483713 0.055403508973468275 0.017021691210080892 0.14481228858648254 0.045791686810732556 0.014065564750399514 0.00435110920310841
0.6540877254354924 0.14913315545368624 0.05194447205506166 0.011417952528569196 0.1002579389574013 0.02372757335768387 0.007683924210869999 0.0017472580012354506
0.5639903614729539 0.18194833043457811 0.032543030406022334 0.010213353760494497 0.1510322422781995 0.049308955929578985 0.008329591435949463 0.0026341342822232324
0.6525408195873303 0.1503552729678035 0.051197221858653365 0.011386508767188348 0.10098485929067562 0.024120034193960416 0.007656563077456521 0.0017587202569319036
0.5106058595355888 0.14613951226352537 0.029418619472622223 0.008168774443691327 0.2246927614016201 0.06507254828222801 0.012425639587603 0.003476285013121542
0.6487398891857014 0.15064719251516795 0.049952776862772996 0.011181680813766802 0.10468703816863857 0.025244055644325507 0.007751333654497668 0.0017960331551292728
0.5332361405734692 0.17228315179913117 0.051044745640969336 0.01603667636505962 0.1571043646434523 0.0513397933615054 0.01439872318952999 0.004556404426883011
0.6525674247150393 0.1498814805903552 0.051444603550056846 0.011382214093475907 0.10114879798616938 0.02412953944313158 0.007685644943221627 0.0017602946785503532
0.5443710138690074 0.17570321610175604 0.0522867191748322 0.016415205217496346 0.14592685617218965 0.04766822767185591 0.013392100174404072 0.004236661618458197
0.5816978268504055 0.13316789796214032 0.066027279329903 0.014568589437059222 0.14906121397122057 0.035424393550630595 0.016325989501301312 0.0037268093973395378
0.6375125394552923 0.14125441182188758 0.0738024888820581 0.01581619218409611 0.096327629128853 0.02212315298979643 0.010777956755798205 0.0023856287822183364
0.5447660091695276 0.1750397492592799 0.05327296621907209 0.016648785889140254 0.14520621507268255 0.04722093301955164 0.013570849175150784 0.004274492195595121
0.5818532706565532 0.13308627470019846 0.0661003345326464 0.014572201381848468 0.14896375094853484 0.03537021179781442 0.016329511946178522 0.0037244440362257138
0.6887264038085322 0.06961823036576158 0.127581687525379 0.012473480480430277 0.07804030696137548 0.00817662929869232 0.013972347854577807 0.001410913705251269
0.41449910441752774 0.2724827119658369 0.02610914077529764 0.016848075041375882 0.15311269423092205 0.10159329430804108 0.00930910676233571 0.006045872498662977
0.6212278302912209 0.15547530875371002 0.06621604713030606 0.015858812054228084 0.10174222591428297 0.02649232131800767 0.010400917217439113 0.002586537320805248
0.41350161390401385 0.251112712578666 0.023893508979287492 0.01404641213939419 0.17464406011857847 0.1074346445259958 0.009647878912451568 0.005719168841612513
0.5836959489222292 0.14568623898953065 0.04323253689183456 0.010324848241186707 0.16098347129353902 0.0418188246443609 0.011424360567591614 0.00283377044972732
0.7059682089555417 0.07251811570093929 0.08048426959191492 0.007995889620654579 0.10833985905186476 0.011531394248211488 0.011937975213036044 0.0012242876178372468
0.5619731140553614 0.16893354276254474 0.03414224092733599 0.010069081098868721 0.1630306775235293 0.04949163817585401 0.009530508743898037 0.002829196712607749
0.5988341377794613 0.13739922785117106 0.04701104238380385 0.010414382987916677 0.15502209941495323 0.03687695858230683 0.011752671504935457 0.0026894794954516526
0.68870885095441 0.07007194448833427 0.12651299766475713 0.012464546778783525 0.07857847961833672 0.008277114528336868 0.013966789437313745 0.0014192765297274396
0.5384893139531514 0.16731285073151353 0.05648028535053488 0.017225302982324085 0.15248101179356852 0.04779039322569914 0.01547342801406885 0.00474741394913961
0.6000397611027245 0.13693743325932012 0.0475720571888997 0.01046238218845427 0.15402906825642493 0.03650410219710948 0.01177488622458943 0.00268030958247767
0.6887508297438673 0.07002071018886573 0.12660939463378112 0.01246500855196802 0.07850799447419725 0.008262772360153305 0.013965264012438175 0.0014180260347291076
0.538496891862754 0.16730935254121485 0.05648661736616681 0.017226778668241766 0.15247253898518356 0.04778584302386741 0.015474402303738862 0.004747575248832816
0.6336603622692075 0.14460907768044176 0.07203228300819535 0.015841740980222715 0.09759477828709953 0.023129289489799643 0.010697435274979001 0.0024350330100545168
0.5267603336789887 0.15654730718742085 0.030797815308911607 0.008883006119573812 0.20173794278799298 0.06073252888175613 0.011264616510970049 0.003276449524385934
0.5951625269163879 0.13786912235945856 0.046099644429285214 0.010296599615772303 0.15805308393290654 0.03800907343291961 0.011786287605366952 0.0027236617079029724
0.6885943279546249 0.07018559704773975 0.12627991860165774 0.012460968676808116 0.07877018445351498 0.00831386165142555 0.013972751693038772 0.0014223899211902968
0.5380836640182901 0.1605609504901857 0.05642407616203513 0.016516618690225745 0.15945651023975277 0.04799460718007801 0.016194670235221188 0.004768902984211145
0.6336955725527489 0.14432404182829028 0.07202315168186865 0.015811107525461263 0.09784750347580301 0.02314297749410687 0.010719844011210306 0.0024358014305107378
0.5802706101862124 0.16552134690377363 0.033926560314420186 0.009383809829904546 0.15501726083674702 0.044810137251762784 0.008655425207934433 0.002414849469245184
0.6340888875787393 0.14450181771413323 0.07174847807592961 0.015804722469534505 0.09767922522247335 0.02305917393176116 0.010687989514212484 0.002429705493216389
0.5496761462734235 0.1700507698488734 0.053558600742066566 0.016095519649230724 0.14682237052901861 0.04599357966175271 0.013663324542566175 0.004139688753068174
0.6540449067134573 0.14910874873761978 0.05190148601307096 0.011409499090410773 0.10035583244573687 0.02374586762295732 0.007686021762093799 0.0017476376146532658
0.5438464584904538 0.16203509196741508 0.05229778753925818 0.015133394011734273 0.15957720088323812 0.04810865618162216 0.014712094029994821 0.0042893168962837265
0.6336241353141485 0.14445282177544058 0.0719059181721916 0.015806530124321337 0.09789208817981657 0.023169398257874774 0.010712631420340112 0.0024364767558665216
0.5496510153025094 0.17004815820512767 0.05355250838614496 0.01609356084942932 0.1468476668514185 0.04600421158010058 0.013663197881992079 0.004139680943277613
0.6340335152870494 0.14454822781932342 0.07213975961987021 0.015858633286326917 0.09728731158169411 0.023020107037660525 0.010683269523748753 0.002429175844326719
0.5199868647940277 0.15451972143522724 0.030410403248643556 0.008770736619156472 0.20851574720716928 0.06273780851544322 0.011666615350721745 0.0033921028296108194
0.6300113209076308 0.14620083399605377 0.06980234282423468 0.015614554306624449 0.10083498100613779 0.024296628061837595 0.010750580352795174 0.0024887585446856228
0.5279357239697262 0.17013519415710834 0.051241188444259414 0.016047829922010124 0.16201487649188165 0.052799076119072336 0.015071715808273692 0.004754395087668243
0.6324310859908925 0.14539421997200527 0.07138595129033803 0.015805363264565473 0.09834784413238032 0.023489568692769098 0.010694172820002927 0.002451793837046386
0.5332228856574873 0.16504781245186856 0.0518958944155939 0.015601185131143074 0.16326338631751566 0.0511128729540959 0.015240462137643105 0.004615500934652506
0.6328837786990984 0.14495464760827953 0.0715815618613148 0.01579690601913192 0.09825408036771538 0.02337446434755347 0.010708189951798914 0.002446371145107398
0.5629323871904311 0.16063585883677453 0.03288581654425359 0.009098408568719208 0.17232784542332755 0.04977058259117642 0.009656519831240528 0.0026925810140771833
0.6329424293296712 0.1449052366075076 0.07119357311825582 0.01574289206118549 0.09864420290023805 0.023412731088389593 0.010712195297414826 0.0024467395973375113
0.4137684247249777 0.260339395083262 0.02416323750561316 0.014754175867985964 0.1661377488405652 0.10584704749547005 0.009278367492020217 0.005711602990105736
0.6209096804640686 0.15525895393513792 0.06598659214992685 0.015788518266806842 0.10239147652644554 0.026643283375368164 0.010429877746348782 0.0025916175358973153
0.5462431744196795 0.176756327963139 0.03155115913684512 0.009910142994601735 0.1682290595964972 0.05506476485486193 0.009302005460322983 0.0029433655740522487
0.5970656017594486 0.13825255323661315 0.046551782428523945 0.010395955329740742 0.15586226042484957 0.037441771093586845 0.011723608494360159 0.0027064672328771934
0.6886542369408242 0.07014235946659259 0.1263987236406897 0.012465018503950811 0.07865646451419245 0.008295168860334816 0.013967225067037604 0.0014208030063776473
0.4176348792048875 0.24264063498806027 0.026279450259704802 0.014959710841625038 0.17743590229071715 0.10404021394218013 0.01081407766552642 0.0061951308072987045
0.5844872639730978 0.1450743958289959 0.043462976311413694 0.010323716465880015 0.16081769849348673 0.04154923519545327 0.011457819843463602 0.0028268938882089183
0.6882688207952781 0.07065937762911532 0.12559554494905925 0.012471252763745454 0.07918391889637019 0.008422948503741113 0.013966588516576926 0.0014315479461134335
0.5133304584814466 0.14702495677592617 0.03227404395700369 0.009061983301798896 0.2182089727148071 0.06306025353571766 0.013285830804740861 0.0037535004285588025
0.594234373832418 0.137667115369779 0.045904630708333706 0.010251442762090978 0.15910934933613297 0.03827911516987292 0.01182125321105389 0.0027327196103185043
0.6363468177660574 0.14220246790311467 0.07290733484831272 0.015772442959445444 0.09712874049259446 0.02247703719783567 0.010762995688528062 0.0024021631441116646
0.531886127620944 0.1515495050041376 0.031163646685634625 0.008612960526877812 0.20347684710811728 0.05874514273728243 0.011390496783148397 0.0031752735338580348
0.6503951467365784 0.15011304420208083 0.05047688353366179 0.011238720906279205 0.1034746045004742 0.024787284303023977 0.007733333133157321 0.0017809826847440566
0.532995112325822 0.16547616269361654 0.05109003253054436 0.01541348864725571 0.16391131926368468 0.05146469210740882 0.015070082134084459 0.004579110297583289
0.6526248676694757 0.14957530059985205 0.05144643870338181 0.011360865657401024 0.10139330518276471 0.024136965992922612 0.007701629535679264 0.0017606266585227497
0.5692021920571602 0.17660354366354214 0.03280397494216194 0.009892153292263195 0.15260539373497845 0.047935968171054055 0.00840284337596232 0.002553930762877475
0.3589472114090533 0.22273373947472194 0.014570422430873241 0.008706768752765102 0.23351404345463112 0.14726389811769516 0.008894095866416095 0.005369820493844026
0.6155236853974786 0.15722830183361958 0.06325377083341682 0.015434666251608846 0.10696206779329212 0.028435600524978105 0.010499020603021087 0.002662886762584939
0.537307399186294 0.16746375950246384 0.05144335013460148 0.01554190410008493 0.15907793367918222 0.05020136678346605 0.014537104491015423 0.0044271821228922086
0.6529458065119778 0.149510434862191 0.051547818463882955 0.01137451364320452 0.10112230647573905 0.024046000060922605 0.007695585443055346 0.0017575345390264995
0.5194923626180782 0.15483067840006046 0.029946850287142748 0.008667701334438562 0.20908004940718708 0.06308252945573659 0.011535010370499177 0.0033648181268572178
0.5943898692960455 0.13800921649731632 0.04590573773248712 0.010274337551939712 0.15865125776747838 0.038248243504799516 0.011790433152522818 0.002730904497410416
0.7066111189901528 0.07205010897487177 0.08096124175271444 0.007991766604393633 0.10783263895994556 0.01138620509764722 0.011949976200116848 0.0012169434201578144
0.5169145347849349 0.14909480784597454 0.03142692667865482 0.008888461468637308 0.21490729268544156 0.06261365865184729 0.012573971052843134 0.0035803468316665627
0.5944118097804203 0.13772240679780998 0.04593415297678058 0.01026016774529759 0.15889935926888077 0.03822848689962066 0.011812733754756383 0.0027308827764337983
0.6885710241694284 0.0702022797565827 0.12623423829208183 0.012459411530114452 0.07881406743801506 0.00832108411572131 0.013974891364646101 0.001423003333410197
0.5869851958206557 0.16114663722435843 0.03692941150730955 0.009933460702233542 0.1513497565999299 0.04197747573395475 0.009188844916672862 0.0024892174948855515
0.6348533076310328 0.14392201823424344 0.07214062777307662 0.015816264656624564 0.09730623008488302 0.02284413356489489 0.010697710244325502 0.002419707810919067
0.402238796507162 0.2632769065567271 0.02353330384906545 0.014964288677293018 0.16873251022677174 0.11173386219030204 0.009459578917575085 0.00606075307510344
0.5826442140180439 0.14655621282729853 0.04297253059431538 0.010338157530595955 0.16109206839521886 0.04217163488683774 0.011380980458915899 0.0028442012887739784
0.6352477979851884 0.14312742818936414 0.07238612557694532 0.015772038345625655 0.0975367170743546 0.022772114021370936 0.010741629701414018 0.0024161491057369832
0.4012040103004323 0.2731060577997477 0.023482642643916033 0.01554328435661671 0.16085882673668656 0.11078889795847457 0.00900819609046892 0.006008084113657283
0.6380660657170358 0.16091881105127875 0.0470572394006541 0.011351056917484276 0.10557190797451516 0.027705181289592016 0.007460551933097198 0.0018691857163426638
0.51133426519701 0.15329134345281525 0.02912895304216507 0.008465738125107612 0.216732901574963 0.06578167520955788 0.011806769086669118 0.0034583543117121026
0.6293343834414046 0.14651698252450193 0.06946617699446904 0.015584391133637056 0.10133967518055143 0.024502220797325766 0.010757809440525574 0.002498360487584553
0.5489085676253798 0.1633977161827304 0.053241680686028546 0.015374791556223844 0.1541569621783334 0.046474978527631085 0.014285852340982638 0.0041594509026903195
0.6340165999519385 0.14429982848418185 0.07210290073990552 0.01582667194558941 0.09756906119858715 0.023049228273859516 0.010705094716570706 0.002430614689367289
0.528317583052595 0.17001135538119094 0.05149360608426516 0.01611001456860118 0.1616113330576203 0.05258111931107886 0.015113046856395246 0.004761941688253567
0.6324829239312224 0.1453603333776332 0.07141401900324673 0.01580696355000886 0.09831601192293647 0.023474244234377932 0.010694407954347701 0.002451096026226722
0.5441320612280197 0.1684209596334027 0.05296040965793594 0.015920963312870892 0.15235397284333219 0.04773366640365778 0.014181085730964325 0.00429688118981647
0.6336430567287041 0.14468922979890217 0.07194976746884943 0.01583792471246956 0.09761325392223345 0.023140284227866115 0.01069148094076798 0.0024350022002071125
0.41390851863980654 0.26034644480544716 0.024197581069537993 0.014771490621559118 0.16603352704977128 0.10574299647785601 0.009285195107735475 0.0057142462282863595
0.5839145151663069 0.14599620449337428 0.04328331607750485 0.010355538741060228 0.16046546037936732 0.04175119170985693 0.011401063167640611 0.0028327102648890903
0.730267129834976 0.07501452335477073 0.08326276722409777 0.008271954444603496 0.0840296477884473 0.008943832362609724 0.009260455394760673 9.496895957342792E-4
0.5596543141236645 0.16107015897881372 0.05730884396707877 0.016188717218872856 0.1451593039540395 0.042177702123363005 0.014358839290750545 0.00408212034341697
0.6019543244621756 0.13611916230957036 0.04803542020023139 0.010483099200471397 0.15304899070769432 0.035903293884567075 0.01179461553117006 0.00266109370411997
0.731193601143071 0.07425227573791009 0.08408004151034124 0.00826987710696919 0.08324877269531589 0.008750881046184135 0.009264823896718725 9.397268634899359E-4
0.4202299941442051 0.26659039109359467 0.02584749104993092 0.01610526876614535 0.15615182942823821 0.0999764372899941 0.009280351017399064 0.005818237210492597
0.6400682340489621 0.15963646109251403 0.04765931989130724 0.011377638819490127 0.10474391691995176 0.02717906883949525 0.007481141903481694 0.001854218484797575
0.5479600363892831 0.15760535709158394 0.05210981010748086 0.014519559444046197 0.16181540994029575 0.047134269669519405 0.014720797266014168 0.004134760091776543
0.6001584223239067 0.13646135705104273 0.047549057525026216 0.010428955865139367 0.15446569436047966 0.036455764547724805 0.011802897045545475 0.002677851281135066
0.6368744517818549 0.14188020296314832 0.07317271573192113 0.015786830831592012 0.09680314965249812 0.022325367148523644 0.010762519313330948 0.0023947625771310876
0.5546568172961327 0.15800314114116207 0.05419060700143605 0.01497480575197061 0.1549459961021486 0.044702713909012995 0.014488864391652083 0.004037054406485119
0.7054826593345133 0.07295898242408057 0.08041623520004842 0.008024838400338232 0.10834259137004212 0.011626713868307227 0.011918102115090779 0.0012298772875794684
0.5309929240614961 0.1662166316134774 0.05375184844492616 0.01651524729696326 0.16107076608371734 0.05088821265873748 0.0157081890728482 0.004856180767833839
0.6527951100492463 0.14951806244238278 0.051537489066901664 0.011371636434869443 0.10123184837900231 0.024086021870461796 0.007700603682229371 0.001759228074906483
0.5626596849300277 0.1609889507316416 0.03243258675890308 0.009003482638354545 0.17269134392754482 0.04999784000121485 0.009553887256026286 0.002672223756286878
0.6328773950222008 0.14495582363279771 0.07115631789178598 0.015741579235225095 0.09867858639295202 0.02343139290123971 0.01071130508022205 0.002447599843576501
0.5492375221243564 0.16328916780666944 0.05345364557195244 0.01542226965248203 0.15381351293003223 0.04630424602899969 0.014315649305443066 0.004163986580064894
0.6004881305620167 0.1366328714859866 0.047640006973593156 0.010454507179343991 0.1539631748050405 0.036361363287576075 0.01178485677242523 0.0026750889340176782
0.7070105861402683 0.07185661704359195 0.08124337895568137 0.007996695569133211 0.10743045495704948 0.011303218050935671 0.011946350278354046 0.0012126990049857803
0.5257635587789629 0.15797952902017573 0.03197836008747369 0.009427991300534368 0.19926230478877294 0.06050293966894331 0.011631824297430893 0.0034534920577060967
0.6499612930804884 0.15057571141953963 0.05037876263682782 0.011251752658013155 0.10344786076178454 0.024881214723150177 0.007719473858646612 0.0017839308615495506
0.543875616765402 0.16888592587604812 0.05211679757843543 0.015725302761526064 0.15301892447938453 0.04809138546332704 0.014022487231930518 0.004263559843946253
0.6335401195076872 0.14476654325934873 0.07188832614683376 0.01583526659027797 0.09767268364549626 0.023170302652175685 0.010690367452685933 0.0024363907454946847
0.5282863467947525 0.1700377444668923 0.05146811004450894 0.016104490150967793 0.16163409931866243 0.05260066669741534 0.015107562087683766 0.004760980439117071
0.6324780390042827 0.14536409855903934 0.07141138740002018 0.015806875240055647 0.09831846080758747 0.023475641521801947 0.010694338224337649 0.002451159242874962
0.5281987004745989 0.17007419082747754 0.05140936122105788 0.016090387604244995 0.16171987415758118 0.05265110976273254 0.015097254027918509 0.00475912192438823
0.6324659687941956 0.1453722810239557 0.0714048754545213 0.015806536001187133 0.09832557493200283 0.02347918498065885 0.010694258544928304 0.002451320268550045
0.5441306078669628 0.16842170471838933 0.05295936115456147 0.015920729275111047 0.15235535163188726 0.047734474387365965 0.014180917120705962 0.00429685384501635
0.6535991766866273 0.14924630624292598 0.05176068058144443 0.011393820797856297 0.10068766530373979 0.023869139715033533 0.0076914648014052645 0.00175174587096749
0.5382980095280684 0.1604026935617079 0.05174570479773511 0.014974959113575123 0.16512802145460725 0.04977073681704609 0.015237925222726467 0.0044419495045336455
0.6531332359866475 0.1491309502709122 0.05159087738326581 0.011355585550361114 0.1013011622330708 0.024019218668094436 0.007712150072240927 0.0017568198354071174
0.4122809455508658 0.27066734660644215 0.02376966537525104 0.015167847863708731 0.15845435992359067 0.10531683602333808 0.00872894230725276 0.005614056349550885
0.6207398749064017 0.1557085831228713 0.06593132562269353 0.015825763554171878 0.1021422181429411 0.026657437162443225 0.010402181056262384 0.0025926164322148996
0.5273634102644726 0.1706698929846041 0.050761073523308595 0.015945505261963047 0.16239724038114656 0.053162850402662026 0.014964469198872263 0.0047355579829708545
0.5982168880956611 0.137616479275072 0.047068034462252044 0.010427408590746071 0.1551376119744574 0.03707768225840487 0.011758446512932716 0.0026974488304739854
0.6886937044001661 0.07008914649594519 0.1264895532177333 0.012464741977598238 0.07859506076029686 0.008281563297179296 0.013966607998446784 0.0014196218526342783
0.5481773900959744 0.15047814000025186 0.057494933914603856 0.015464149803052846 0.1624216386026418 0.04499737507933366 0.016500174153413788 0.004466198350727774
0.6009534807923468 0.13588951021835494 0.04780873102599876 0.010430638704794519 0.15421747776464736 0.036197995598420275 0.011831713733967443 0.0026704521614699483
0.6887780445340594 0.06996983082620219 0.12666859538714775 0.012462600698264024 0.07848293170495302 0.008253322101789735 0.013967444079956615 0.0014172306676269672
0.5870335444362907 0.16113167864342628 0.03694905029551859 0.009937434625129629 0.1513093956754333 0.04195785158445561 0.009191477147630687 0.002489567592115195
0.6348584455520776 0.14391867076463224 0.07214329926815978 0.01581640386598832 0.09730317090768477 0.02284264237016434 0.010697729311686489 0.0024196379596064955
0.41291164172760353 0.27026203364989526 0.024157849743259994 0.015361400484571923 0.15805846678797045 0.10475228324459991 0.008833505071715875 0.005662819290382904
0.5672455038321697 0.1422022939259473 0.060287180716807214 0.01446213036607092 0.15546438168756646 0.04054951398363864 0.015842742383529517 0.003946253104270255
0.7305137299706962 0.07463946963490378 0.08390241882506895 0.008281118571315235 0.08358901599379237 0.008859799144998348 0.009268804199638938 9.456436595861985E-4
0.5481035244163311 0.15123036362782324 0.05616341497164307 0.015201683141264268 0.16323211604765617 0.045437962148689275 0.016215824269289095 0.0044151113773036755
0.6343976469622947 0.1435954713405926 0.07229392382949387 0.015788424194795637 0.09777842449513106 0.02297287196396878 0.010745591956564327 0.0024276452571588294
0.5169806988839003 0.1663218226979538 0.030244273135856543 0.009460355400702848 0.19797292913514822 0.064470927900269 0.011061500467029368 0.0034874923791397144
0.7019141698250533 0.07470447908206422 0.07767098546078072 0.007963085413115013 0.11214283027205783 0.012395472156080138 0.011941695975256753 0.0012672818155919437
0.41824379818726937 0.25580235206914376 0.025302040559922717 0.01516602995554695 0.1668223935855373 0.10312885027764787 0.009686676338920116 0.005847859026011771
0.639812468054042 0.15938694210197757 0.04755582918983402 0.011337975208842985 0.10526150880324296 0.0272882465252432 0.007500126789276004 0.0018569033275413489
0.5381450144558956 0.17450755666617881 0.05116411534870802 0.016115652324631618 0.15199986681834673 0.04988632434850712 0.013801149556307403 0.00438032048142486
0.5992457512185413 0.13750133641092654 0.04731267208793014 0.010460080114547462 0.15428462148912203 0.036761162425629844 0.011746697687120968 0.002687678566181826
0.6887256074980848 0.07005799480228311 0.12655398935172854 0.012465785815184512 0.07854159153179242 0.008271369881582374 0.013964901831032285 0.0014187592883121265
0.5384927674361079 0.16731180465932977 0.05648295830541908 0.017225948307168188 0.15247686378958222 0.04778838996299903 0.015473793729910043 0.004747473809483693
0.6336597081186754 0.1446095393545947 0.07203192355489825 0.015841724257840757 0.09759515318105869 0.02312947983046167 0.010697429932909099 0.0024350417695614517
0.5548342789183313 0.16489061785590337 0.054065296824580784 0.015594043134887027 0.14819798926976263 0.04461452008498093 0.01379175484585507 0.004011499065699024
0.6545114340761198 0.14868648890247266 0.05203180036147902 0.011402953123181906 0.1002867710543843 0.023640196238926426 0.007696229431389868 0.0017441268120461332
0.5166585066310949 0.1666494797008807 0.02982059021093765 0.00935781338078135 0.19836114738667135 0.06474874222229267 0.010943430016265574 0.003460290451075812
0.6489015858097025 0.15143611631328013 0.050057015886974345 0.011253083401149043 0.10372195276736569 0.02513887752310671 0.00769968937409636 0.001791678924325525
0.5440594849924981 0.17580246432218719 0.05209046450030371 0.016366739301967914 0.14624687894654648 0.04783501458118192 0.013366572392260986 0.0042323809630535865
0.633489514282819 0.1450603930215982 0.07188867172195 0.015865481969978175 0.09743119580929428 0.02316057259581317 0.01066828368594237 0.002435886912604822
0.4193301488597179 0.26378904464385894 0.024511336870408244 0.01496435975127216 0.16058788809366623 0.10233271590817007 0.008965094310600425 0.005519411562306234
0.6213717513405428 0.15510024353396068 0.06620623763221437 0.015817268175158914 0.10200479017395873 0.026491660654936845 0.010422680111042078 0.0025853683781857425
0.5590385593066626 0.16039377298772234 0.0538413049785435 0.014954398452886408 0.1503647380486397 0.043740987092036464 0.013799100385442653 0.003867138748066426
0.6013725902634462 0.13625604422555126 0.04785423627266237 0.010464141331365225 0.15350883982338553 0.03608410262454387 0.011793840364273549 0.0026662050947720128
0.6369796977341162 0.14181737627341365 0.07322539137771593 0.015789847306767756 0.09673709253563545 0.022294988533612073 0.010762321788417744 0.0023932844503212775
0.5113819305901866 0.14566931121919943 0.02998059995487679 0.00828446152184664 0.22399889221589112 0.0645688551916413 0.012605681168569714 0.003510268137788374
0.593704264473202 0.13776173100820902 0.04574775314922402 0.01023297742811108 0.15954956921525348 0.0384440574659073 0.011822336636958631 0.0027373106231345064
0.6362989102420948 0.14223120552721785 0.07288304764138791 0.01577106145230561 0.09715898444392061 0.022490865076980546 0.010763086963217062 0.0024028386528756342
0.5532600133507912 0.17786996005440328 0.03241445383670384 0.01013441236766338 0.16177628649235012 0.052600013532680776 0.009083910366356597 0.002860949999050806
0.6517802617766728 0.1505433877813779 0.050963247704425396 0.011356408197540108 0.10158771564148776 0.024335396363042307 0.007667844026395274 0.001765738509058516
0.43419160550264513 0.2966981051795197 0.02500080900449256 0.016615794249973895 0.12757885109647632 0.08816305126134595 0.007039670676293493 0.004712113029253074
0.3264114221985985 0.23105652170855323 0.012122114112691802 0.00817658077116482 0.23755236258622334 0.17085402244180584 0.00822357511845966 0.005603401062502861
0.5563756414905872 0.1449469883610728 0.0561779244619671 0.013965945719840818 0.16414202462746405 0.04448909955870305 0.01581483294693111 0.004087542833433971
0.687853881305865 0.07074281077229161 0.12565633356429218 0.012474963662412207 0.0793764578210478 0.008472940088230404 0.013986499437374357 0.0014361133484863374
