Action: 0
[0.22673728213410357, 0.10204078220416375, 0.15599876674836086, 0.10204078220416375, 0.10702906576224161, 0.10207175653863891, 0.10204078220416375, 0.10204078220416375]
[0.15949840298530762, 0.1038850611773262, 0.2171912299507352, 0.1038850611773262, 0.1038850611773262, 0.1038850611773262, 0.1038850611773262, 0.1038850611773262]
[0.2588524882248615, 0.10284177658384284, 0.1240946745007815, 0.10284177658384284, 0.10284395435514293, 0.10284177658384284, 0.10284177658384284, 0.10284177658384284]
[0.125, 0.125, 0.125, 0.125, 0.125, 0.125, 0.125, 0.125]
[0.21691392921302258, 0.1039236296598361, 0.15954684854503526, 0.10392311743124323, 0.10392312285713302, 0.10392311743124323, 0.10392311743124323, 0.10392311743124323]
[0.10696362531687964, 0.10211271204689217, 0.2261592654240168, 0.10211271204689217, 0.15631354902281708, 0.10211271204871776, 0.10211271204689217, 0.10211271204689217]
[0.125, 0.125, 0.125, 0.125, 0.125, 0.125, 0.125, 0.125]
[0.125, 0.125, 0.125, 0.125, 0.125, 0.125, 0.125, 0.125]

Action: 1
[0.10278397304815298, 0.10278397304815298, 0.10278397304815298, 0.10278397304815298, 0.1555691374697858, 0.22772702424129632, 0.10278397304815298, 0.10278397304815298]
[0.1111111111111111, 0.1111111111111111, 0.1111111111111111, 0.1111111111111111, 0.2222222222222222, 0.1111111111111111, 0.1111111111111111, 0.1111111111111111]
[0.10506622604414101, 0.10506622604414101, 0.10506622604414101, 0.10506622604414101, 0.21016713553970842, 0.15943550819544547, 0.10506622604414101, 0.10506622604414101]
[0.125, 0.125, 0.125, 0.125, 0.125, 0.125, 0.125, 0.125]
[0.10502595138111373, 0.10502595138111373, 0.10502595138111373, 0.10502595138111373, 0.10534382205420104, 0.26450046965911655, 0.10502595138111373, 0.10502595138111373]
[0.10494843939738405, 0.10494843939738405, 0.10494843939738405, 0.10494843939738405, 0.10581716475456675, 0.26449219886112896, 0.10494843939738405, 0.10494843939738405]
[0.125, 0.125, 0.125, 0.125, 0.125, 0.125, 0.125, 0.125]
[0.125, 0.125, 0.125, 0.125, 0.125, 0.125, 0.125, 0.125]

