0.125 0.125 0.125 0.125 0.125 0.125 0.125 0.125
0.11301829483647666 0.08900190718372537 0.135621953803772 0.10680228862047045 0.14127286854559584 0.11125238397965673 0.169527442254715 0.13350286077558807
0.09447801420718421 0.1574633570119737 0.0850302127864658 0.14171702131077632 0.13316421964908487 0.19682919626496712 0.10628776598308225 0.0850302127864658
0.053497942386831275 0.09465020576131689 0.0668724279835391 0.1183127572016461 0.10699588477366255 0.18930041152263377 0.1337448559670782 0.2366255144032922
0.07455648456554535 0.12426080760924227 0.08946778147865443 0.1491129691310907 0.10905000944173299 0.15532600951155281 0.11183472684831805 0.1863912114138634
0.07920891161473759 0.12357616803818594 0.08897484098749388 0.1482914016458231 0.10889566437438084 0.15447021004773243 0.11121855123436736 0.18536425205727888
0.07917706330813039 0.12298216671808049 0.08854716003701796 0.1475786000616966 0.11283010135408074 0.1537277083976006 0.11068395004627246 0.18447325007712073
0.07746104578235356 0.12016413029324582 0.08651817381113698 0.14419695635189497 0.11136938183374513 0.17189639922383365 0.10814771726392124 0.1802461954398687
0.09613747435248451 0.14931057379646234 0.08062770985008967 0.1343795164168161 0.141207011161243 0.21692536726020253 0.10078463731261209 0.08062770985008967
0.07214635562998509 0.12764355226843513 0.09018294453748135 0.15955444033554395 0.09761558265880184 0.1531722627221222 0.10821953344497763 0.1914653284026527
0.1019444378699617 0.07512962409479314 0.19080539452645875 0.15025924818958628 0.10232492379844202 0.08219796505036005 0.16634316445896402 0.13099524201143417
0.0778110691205989 0.11809419559065036 0.10064769401774724 0.14171303470878044 0.11022918896501005 0.16807874817965218 0.10628477603158534 0.17714129338597556
0.11034244518021466 0.09009212867388038 0.13517306103374924 0.09686215288024062 0.1625967603513554 0.13010631176400414 0.15374944901625495 0.12107769110030075
0.07071762262450028 0.1251157938741159 0.08839702828062536 0.15639474234264486 0.09753846615709776 0.16808622197309153 0.10607643393675044 0.18767369081117383
0.09907951033823213 0.08191359780944953 0.20136856254536536 0.14594017189567718 0.10094544282953136 0.08196105167707111 0.1615617694571599 0.12722989344751343
0.0758630460367053 0.12447681185758408 0.11190183273001646 0.13813957128696375 0.10893909458560778 0.1644005009291952 0.10360467846522282 0.17267446410870468
0.06164081162914929 0.10740210532082115 0.061704887853868816 0.08590595118468915 0.14733083257449645 0.26111636764596985 0.10308714142162696 0.1718119023693783
0.06756116824117449 0.11953129765746255 0.08445146030146812 0.1494141220718282 0.09245554657977693 0.20594770630033407 0.10134175236176174 0.17929694648619382
0.09652375607336022 0.07975124472121609 0.2077285371865236 0.1423040701005856 0.09800475659018211 0.09409122147829632 0.15753645530060753 0.12405995854922845
0.06396418188061372 0.10495217577677565 0.07704086644141125 0.08737544891416525 0.1468134881735755 0.2402524022881298 0.10485053869699829 0.1747508978283305
0.0668085404519374 0.11819972541496618 0.08351067556492175 0.14774965676870772 0.09148923777109685 0.21472976522801493 0.10021281067790612 0.17729958812244925
0.09549240690897813 0.0788968352554809 0.2127119908051059 0.140789472363523 0.09696239737048495 0.09654762394215438 0.15585973334504782 0.12273954000922516
0.07345674293537685 0.12052817964643521 0.12379426139001504 0.1337960586451854 0.10537038389645302 0.1754622561961636 0.10034704398388906 0.16724507330648175
0.07064675136126068 0.12306002835672053 0.10378688785418569 0.13133956532110633 0.10540112703513049 0.20308650942938364 0.09850467399082974 0.1641744566513829
0.05900966998662472 0.10332492176747249 0.06269298129603701 0.08247880477710062 0.14210020301290574 0.2864612438731376 0.09897456573252074 0.16495760955420125
0.05475273162065394 0.09687021748269543 0.04773315064364703 0.08445095883106782 0.13637676251721656 0.3154479599552897 0.09546630128729405 0.16890191766213564
0.11748291625533921 0.09483560709768346 0.146853645319174 0.11854450887210433 0.13105949347222576 0.15236549021132267 0.13216828078725662 0.1066900579848939
0.13408803064522032 0.09719963036472372 0.15051435299015054 0.12149953795590464 0.1324202895190008 0.11946565667355037 0.13546291769113547 0.10934958416031418
0.1103652119044529 0.08399473760146371 0.16130770791786025 0.09156751419557939 0.16561081626115676 0.1273493587471089 0.14534526062790376 0.11445939274447421
0.07982079829924173 0.11881584733103558 0.08394597909257949 0.14851980916379448 0.10339204158526792 0.18654657862043222 0.10073517491109539 0.17822377099655337
0.08638004173659822 0.1492836962696007 0.11627579994008543 0.15969984103903867 0.0895687463070129 0.17603107079680003 0.08353530146657408 0.1392255024442901
0.07552698724792661 0.12565117645134533 0.10181692167930173 0.13051722365511742 0.102137858416663 0.203315385239411 0.09788791774133807 0.16314652956889678
0.06413997814864637 0.10286403261022546 0.06208825413197792 0.08179709065893857 0.14068310156877645 0.28667685277283184 0.09815650879072628 0.16359418131787715
0.07078907703426895 0.11239604571746585 0.07941024969168782 0.1404950571468323 0.10050310201503801 0.23252010018848282 0.0952922996300254 0.16859406857619874
0.10208704242670165 0.0771334434172346 0.21146268935867515 0.13800070205123546 0.0981740901371789 0.10006127828536544 0.15277244997124967 0.1203083043523591
0.07034676858673694 0.10231915428834 0.0808035710801007 0.08517645301557418 0.14530715739539488 0.24348224598401594 0.10221174361868901 0.17035290603114836
0.07213562902513392 0.11349514594949524 0.0801867878990999 0.14186893243686907 0.10211769819623524 0.22372894209000405 0.09622414547891989 0.17024271892424286
0.10220168860087911 0.07709245801048449 0.21340033195228417 0.1377882912965096 0.09836796203840938 0.09848883982156767 0.1525373025341905 0.12012312574567505
0.08134984468822368 0.11826386017560313 0.1261513510878816 0.13125117963009153 0.1050500027908491 0.1754314023671681 0.09843838472256865 0.1640639745376144
0.07705781950069375 0.12131225110149783 0.10527615213503211 0.1294584229572234 0.10512490374498785 0.20285360464611818 0.09709381721791756 0.16182302869652923
0.07596564630053623 0.12094689173057029 0.10013963808912395 0.1286762341534076 0.1045482693252102 0.21237085209433668 0.0965071756150557 0.16084529269175948
0.07562333869072234 0.12061674474426436 0.09879726497631816 0.12835080999815496 0.10430905072701545 0.2156011708672147 0.09626310749861623 0.16043851249769372
0.07550595418096291 0.12047194777306064 0.09842312596544861 0.12822832974099002 0.1042278617873936 0.21668612107016427 0.09617124730574252 0.1602854121762375
0.11265914796292195 0.08493998522707048 0.14676799872588792 0.09041871738589935 0.15556735792268347 0.1531016224147511 0.14352177362841168 0.11302339673237419
0.07866938546185559 0.1162862610040723 0.08215877136157282 0.14535782625509036 0.10926570893400721 0.19524212984340597 0.09859052563388739 0.17442939150610845
0.10348401163159854 0.07726882248101474 0.21517152137794207 0.13779590639688497 0.10006303579755194 0.09354120500053673 0.15254573276334027 0.12012976455113047
0.08156145223883525 0.11828919282792115 0.12713510559647165 0.13124574265205138 0.10569286539861311 0.17358415598200472 0.09843430698903856 0.16405717831506425
0.07706885107467755 0.12127662703377631 0.10578790435229572 0.12940449009010282 0.10548456462326362 0.20216858264567836 0.09705336756757711 0.1617556126126285
0.07718219463294723 0.12071042274824233 0.10036077268248676 0.12837804577745995 0.10470497298617755 0.2119074996177662 0.09628353433309497 0.16047255722182494
0.07702140607856561 0.1203567475494475 0.09893948547934926 0.12805149819219283 0.10428901460171336 0.21523885171434579 0.09603862364414463 0.16006437274024102
0.07693207512506725 0.12021647316434055 0.09854897434524257 0.12793823663712287 0.10411137829646193 0.21637638915751906 0.09595367747784216 0.1599227957964036
0.11468888412142277 0.08468439680964303 0.14681668723540503 0.09013409519287834 0.15517786882377807 0.1527604564561266 0.14306999236964815 0.11266761899109791
0.07880113318892432 0.1161091984469119 0.08203367281575297 0.14513649805863987 0.10906641078091743 0.19624888165958213 0.09844040737890357 0.17416379767036783
0.14012988822559727 0.10272180669545829 0.17201830314724048 0.10989118482131921 0.13305372373944202 0.12472846308960224 0.12165405889865209 0.09580257138268854
0.09749465951168573 0.1387919414250641 0.06839023200655332 0.12099810278082512 0.12489355581139633 0.22216550671962113 0.08206827840786399 0.14519772333699013
0.10469928503910331 0.07207618498489297 0.1785768165297348 0.14415236996978595 0.10553979994295867 0.10449927568395558 0.16071913487676132 0.12973713297280734
0.10029964815814393 0.14123925679179244 0.14281944877486816 0.15754684919461107 0.0895020819179501 0.1488350588501511 0.08240912111718118 0.13734853519530194
0.08272679852066107 0.12407541927180135 0.10968206876865291 0.12952360705905944 0.10191455359376826 0.19303033866793817 0.0971427052942946 0.16190450882382432
0.07897650889889327 0.12118748972546203 0.10149130666880359 0.12853769190145492 0.10403151923387491 0.2087000997686014 0.0964032689260912 0.16067211487681865
0.06582354974870315 0.10157719593281202 0.06283977753298721 0.08100581250562305 0.1405857213199882 0.28894934294189273 0.09720697500674767 0.1620116250112461
0.06964105721032109 0.11001135926296281 0.08280868260429679 0.1375141990787035 0.10171537073209201 0.2400217919724936 0.09327050024468586 0.1650170388944442
0.09939290556787118 0.0714003055584899 0.19175910950520036 0.1428006111169798 0.09998968441534754 0.10692480919742063 0.1592120246334088 0.12852055000528181
0.1444777649977205 0.09603539918384664 0.21100201912090977 0.10716839165285248 0.1273787198739327 0.10186903597408797 0.11863981493518873 0.09342885426146114
0.081618101085265 0.11459592611895353 0.11171875698995495 0.1432449076486919 0.10298499527182856 0.17678600808428468 0.09715741562259105 0.1718938891784303
0.11794195906086985 0.08462597929121618 0.15189432483747226 0.09061777575589076 0.15539009964836972 0.1424199024162531 0.1438377392950647 0.11327221969486344
0.12194520161074553 0.07734942123437066 0.15289341572957388 0.09668677654296333 0.1610784413314557 0.1302912244802432 0.14373138721909176 0.11602413185155598
0.10863617653900144 0.06838529114850259 0.21666498166753453 0.13677058229700517 0.10964523990783982 0.08431521187152412 0.15248899250128786 0.12309352406730464
0.1022964961614775 0.13969990225599038 0.1525524285864801 0.15627289022494026 0.08983439036341621 0.14136324552983 0.08174274257919953 0.13623790429866586
0.08374501792970689 0.12387128528470569 0.1118882498889371 0.1294491895508616 0.10199478740494333 0.19015309083912216 0.09708689216314621 0.161811486938577
0.09771979232736673 0.1485608519248442 0.09379421542791806 0.11818525282627787 0.1275963173829557 0.25459347879516225 0.0886389396197084 0.07091115169576671
0.05465908005263635 0.07859497232575939 0.06780986057888178 0.09824371540719923 0.12024343277730867 0.2729033949748085 0.11105811306900781 0.19648743081439846
0.12638530068048487 0.0905296694207797 0.16226322181705116 0.11316208677597463 0.13484508426066133 0.14480147712330865 0.12616728182336273 0.10184587809837714
0.08168663553958751 0.11138937005683831 0.11223948647660206 0.1392367125710479 0.1043975952589962 0.18952733126782928 0.09443881374384118 0.16708405508525745
0.11774460241122132 0.08400152237010695 0.15150955844575945 0.09017134676183364 0.15529852636891342 0.14543113834569293 0.14312912184418036 0.11271418345229203
0.08032065841419082 0.11123557091635512 0.1099103450117563 0.13904446364544393 0.10867124318546345 0.18965594363186952 0.09430841882038805 0.1668533563745327
0.11743399630200141 0.0839478942186846 0.1506754113688185 0.09012313083680601 0.15670429015797668 0.14540877493985435 0.1430525886298508 0.1126539135460075
0.08026718726809293 0.1112215537419698 0.1097288658130714 0.13902694217746225 0.10896340880997028 0.18966317688219983 0.09429653469427876 0.1668323306129547
0.10577045042251013 0.07558254844084189 0.22601729096746023 0.13523783278991547 0.09846626150648116 0.09131212664830227 0.1497138401255881 0.11789964909890066
0.0644416415787213 0.08875288268674919 0.09801522346308078 0.09855832025694956 0.12685168722831702 0.20799361996394344 0.11826998430833947 0.19711664051389913
0.07248893562399832 0.11163704142263298 0.09879668812655179 0.13954630177829125 0.10240361135186545 0.2130230635739566 0.09464879598875406 0.1674555621339495
0.09997383159029496 0.06916680445524062 0.21483730862068393 0.13833360891048124 0.0992211933632029 0.09973535450912673 0.15423165053153653 0.12450024801943313
0.10676231549457943 0.06997825491471876 0.26863944078215823 0.13037401330224369 0.09296353084281564 0.0732936564357639 0.14432939201550787 0.11365939621221247
0.07988029111735455 0.11309130334228265 0.13886034366061095 0.14136412917785335 0.09699516955663547 0.16429005095033863 0.09588175718150052 0.169636955013424
0.10484644929490432 0.07513958026756572 0.23873225192817646 0.13424658216995028 0.09511372869649812 0.0862694408092469 0.14861648494190668 0.11703548189175152
0.08505999555781377 0.11731495815528213 0.13266013195272164 0.13032014689738666 0.10406603794241144 0.16993843569961103 0.09774011017304 0.1629001836217333
0.11852291442829517 0.08420251885187648 0.15798996286213016 0.08985683003462917 0.15473688106494032 0.1397399662709864 0.1426298889438558 0.11232103754328646
0.08034374063496583 0.111015827424588 0.11287178064401722 0.13876978428073503 0.10901670010306258 0.18733631122012048 0.09412211455562897 0.16652374113688198
0.1056640563657535 0.07545827547457226 0.22749521055457794 0.1350344545299365 0.09834210718541644 0.09079485888341386 0.14948869203151294 0.11772234497481644
0.07390986424748494 0.10176900565680867 0.08460101521916498 0.0847668491460365 0.14544234545986395 0.23825700300332425 0.10172021897524378 0.169533698292073
0.07273348692738899 0.10962859535075135 0.095554092476113 0.1370357441884392 0.1055418429718581 0.22211736204455498 0.09294598301476746 0.16444289302612702
0.09895305073449356 0.0761245426967878 0.21357387644802397 0.1364678475038393 0.09917582181934192 0.10073233224500139 0.15215146579905667 0.12282106275345539
0.10040635906793803 0.07106406268053386 0.26120955306010785 0.13156676752843047 0.09426409113601722 0.07639194837267246 0.14668712737871276 0.11841009077558742
0.09891384205996791 0.06940996403930526 0.27994764406572853 0.1290782438367196 0.09160356774521942 0.0709637096268334 0.14391260917317839 0.11617041945304762
0.09790693532772193 0.06875659114153118 0.2873900827265481 0.12803997842033338 0.09038650787349634 0.06952890321566743 0.14275502071640156 0.11523598057830005
0.07769780405717576 0.11972154060381701 0.14474736105987757 0.13941757353693265 0.09556015401461335 0.16099299382343193 0.09456148465983256 0.16730108824431916
0.1041225148920391 0.07545383789472555 0.24121199364895662 0.13396138343284064 0.09461643143160015 0.0855462333882911 0.14830075821625008 0.11678684709529696
0.07872698029284675 0.12076955610968257 0.13412803698799686 0.13977656255953647 0.09660165671007641 0.16746035940194903 0.09480497286646823 0.16773187507144377
0.14058689334676427 0.10173607572815138 0.19071871320235936 0.10827485428909188 0.1277404690339258 0.11668481712922928 0.1198647145569108 0.09439346271356727
0.0829680440241556 0.1217642388727404 0.1210996097120845 0.13711944276479104 0.10246798934632649 0.1770345914782075 0.09300275248394523 0.16454333131774923
0.07992218093550774 0.12128462402118564 0.10446053693678374 0.12892238620634808 0.1044699324520386 0.20309556703544016 0.09669178965476108 0.1611529827579351
0.08678180129889163 0.14582704527066456 0.08286335263030603 0.11269716757889663 0.11409240352984412 0.24606354971712147 0.07643807887959944 0.13523660109467597
0.10105949703571729 0.07815413068156563 0.2080482737810658 0.135147904429486 0.10054130119901092 0.10473595111224972 0.1506798277743672 0.1216331139865374
0.07816672026745938 0.12097576469836156 0.1263610877246029 0.13968017059999474 0.09778721557773486 0.17467324243968266 0.09473959397217034 0.16761620471999364
0.10486771824485866 0.07600222271709836 0.23358450074794476 0.13478483824187362 0.09566634405623939 0.08837728867737837 0.14921235653964027 0.11750473077496672
0.07834987942785492 0.1267542985924834 0.13180829599526997 0.13872670147959296 0.09626892074705509 0.16752696880476897 0.09409289317746306 0.16647204177551153
0.09553806848385754 0.1472736893473224 0.12909456850900705 0.1558706862837061 0.08681902881304653 0.16798433461860895 0.08153235897916934 0.13588726496528222
0.07015350575119904 0.10587411260324006 0.06795541464955826 0.08241293204346069 0.13754410870167785 0.27233854371178995 0.09889551845215283 0.16482586408692138
0.07005971709347793 0.12734115712094166 0.08997972574338203 0.13245355404299525 0.10123936697329616 0.2301441514321072 0.08983806274220547 0.15894426485159427
0.0977023361722811 0.08373298588137552 0.21152362040239325 0.13517678364496347 0.09767938552367184 0.10181375715038853 0.15071202594445923 0.1216591052804671
0.07718043547308732 0.12820716758407041 0.1265595240223625 0.13861275499759196 0.09658625444234967 0.17250294974593047 0.09401560773749716 0.16633530599711033
0.14031936110776855 0.1026154600393028 0.18801918442283885 0.10846140549856888 0.1279429232711998 0.1180143341446345 0.12007123441437009 0.09455609710131646
0.08451641705060291 0.12950934137177825 0.11952420351215759 0.13520564422749362 0.10152158311866 0.17577133982245002 0.09170469782386523 0.16224677307299232
0.13275191175985976 0.10875706732370706 0.18286881072335814 0.10940181552869398 0.1265315950913729 0.11925230559728148 0.12197485999990207 0.09846163397582455
0.12570885811755053 0.08886811650281165 0.17622076772430492 0.09188212621445296 0.15071803612036846 0.1197545920578021 0.1365889518053659 0.11025855145734356
0.10861649064873662 0.07546572222254949 0.24403921944837836 0.12892561470171773 0.10433450482019024 0.07884295584899634 0.14374243907788528 0.11603305323154595
0.08148805494082903 0.1261223273451952 0.13409441876358755 0.13798036717174378 0.09789675859711676 0.16325494875460028 0.0935866838208349 0.1655764406060925
0.1179773913007151 0.0852321093448673 0.15899250230479145 0.09025058373943359 0.15313633624318806 0.13834295256821486 0.14325489482449774 0.11281322967429197
0.0817572995005779 0.12583666383521444 0.11275763226190443 0.13521015967684655 0.10696668551607655 0.18351160712069448 0.09170776047646984 0.16225219161221585
0.11512083890803464 0.09348074873879206 0.15576938094970727 0.09452196879496358 0.14763818103719606 0.1395292639131953 0.14051325510415483 0.11342636255395631
0.10710620335816567 0.07671955262641972 0.2362263918672646 0.13016325858532615 0.10454245639558431 0.08297288479382124 0.1451223196466248 0.11714693272679354
0.10357326854577056 0.07354329462560161 0.2698744198565663 0.12849046773039907 0.0936743005541884 0.07194554505159528 0.14325728267851956 0.11564142095735917
0.10173033096171498 0.07239213262344804 0.2828665570323513 0.12710848178555822 0.09044533505821797 0.06934305744840567 0.1417164714833015 0.1143976336070024
0.118019269470888 0.08414667142120734 0.2104080091884856 0.0924997792386835 0.13941663811067426 0.10700276297359833 0.1375071345100429 0.11099973508642018
0.12148102997985133 0.08512932487458273 0.1850551820583706 0.09160700973280607 0.15447006865521157 0.1161490003423852 0.13617997267742513 0.10992841167936726
0.1073326129555491 0.07477341884277404 0.2476034019796001 0.1285132566215787 0.10484683531034265 0.07798585273921319 0.1432826905915213 0.11566193095942082
0.10318375366188035 0.07297945056485264 0.2741508874536116 0.12788248551319698 0.09334191430180677 0.07078784366462777 0.14257942787814645 0.11509423696187726
0.13534074570011043 0.09629367434380579 0.2370975062759182 0.10576148216979533 0.12033735820958164 0.09206773937657409 0.11791615997139868 0.0951853339528158
0.1254135154740662 0.0863761531056455 0.19342091500177008 0.09102755707215558 0.14755317372389865 0.11165703975697122 0.13531857737890593 0.1092330684865867
0.0837699387034658 0.12626894061052157 0.12095445122140405 0.13532582787240144 0.10599309296694093 0.17351054149101644 0.09178621368736795 0.1623909934468817
0.11607193429443484 0.09345322710217874 0.15844541482901922 0.09442288782082611 0.14718259044522475 0.13675051554191783 0.14036596458140718 0.11330746538499134
0.10809416491666202 0.07656923461769884 0.23713310307707514 0.12988208871707294 0.10427121558543731 0.08234747701433962 0.14480883622634846 0.11689387984536563
0.138693919148988 0.09741262936111363 0.22393542958142165 0.10637464328220013 0.12405646286330146 0.09518994795555696 0.11859978885343805 0.09573717895398011
0.12778347746758428 0.0865229358384546 0.18897402052208714 0.09099946302752403 0.14876928350073632 0.11247465031593709 0.13527681369464764 0.10919935563302882
0.09758279100279059 0.145698578563732 0.13837710193929792 0.1560937106609949 0.0919493478804384 0.1504099384129098 0.07940419194494089 0.1404843395948954
0.08295840385339148 0.12443651308941192 0.10872560271879117 0.12934660479653587 0.10238081467205763 0.19345885127674006 0.09700995359740192 0.16168325599566985
0.07558184919231516 0.139662186530108 0.10035338405803197 0.13433692097935965 0.09497094030417633 0.20277493692260287 0.09111547683817438 0.16120430517523157
0.11394631978044353 0.1005276182469564 0.151090111483215 0.09405460528813592 0.14326621042708843 0.14443112056722845 0.1398184878611692 0.11286552634576309
0.10769605173385824 0.08076951357934549 0.23360118625048176 0.1296306626977329 0.10341911711174659 0.08368735722095522 0.1445285149779201 0.11666759642795961
0.10443921132079181 0.0764420301409373 0.2682760477435367 0.12795674379209449 0.09319823884450888 0.0718644384277913 0.14266222031745457 0.11516106941288501
0.13655560128957606 0.09978617617238603 0.23436228976059195 0.10527969742352294 0.11990153438391732 0.09198396735544453 0.1173790059333905 0.09475172768117066
0.10988821461055401 0.07819839334989101 0.26616214144161415 0.12540905045123127 0.09542066805107884 0.07223165432076185 0.13982173236876083 0.11286814540610814
0.12097588042943229 0.08756423719343677 0.2043701370254503 0.0920136320524185 0.1405342697503052 0.10734104102007141 0.13678444406598333 0.11041635846290218
0.107519671739824 0.07729059317854609 0.25486510501057047 0.12720291419858082 0.1010149097224288 0.07580242679470059 0.14182175657662666 0.11448262277872275
0.12054618153082673 0.0875708487986552 0.20081368154863605 0.09221942835657712 0.14261218313290616 0.10848398851025111 0.13709037409425495 0.11066331402789253
0.1075695576582813 0.07737828466433283 0.25344415527224 0.12735078867019697 0.10157084246572792 0.07608403588897347 0.1419866255770703 0.11461570980317727
0.10377368642570609 0.07537079979846277 0.27581595439340106 0.1269746154107735 0.09215767808542233 0.07006289155109377 0.1415672204654445 0.11427715386969617
0.10224902316093241 0.07459358426260007 0.2845367937750541 0.1261704696202624 0.08961655236430335 0.06860949623870698 0.14067065791990446 0.11355342265823616
0.13551499346066326 0.09904016579750846 0.23993393155099396 0.10485171890766067 0.11847571978727837 0.09091508165210141 0.11690184182689928 0.09436654701689459
0.08566439719012496 0.13363393323129155 0.13120196893121364 0.13412735717565855 0.09903576896337596 0.16441040798709844 0.09097333791044668 0.16095282861079024
0.10266774610106548 0.08739884113289136 0.2274322422958049 0.13224555467785779 0.09532724154422258 0.08846345064351903 0.14744392439456683 0.11902099921007202
0.10374666085349797 0.07776561249789907 0.26621232544541173 0.1285248641276422 0.09182872384088794 0.07295380342523285 0.14329563209455032 0.11567237771487797
0.13657607799903426 0.10013219366475164 0.23370411067961783 0.10536964672679111 0.11960718966789656 0.09229880651389673 0.11747929269389992 0.094832682054112
0.08586667746929513 0.13394280195243888 0.1297627984397208 0.13416382477000283 0.09929572609444816 0.1649735090973933 0.09099807245269759 0.16099658972400338
0.11647933408511564 0.09916455731525403 0.1606953633316538 0.0937289999069488 0.1442185146018698 0.13390397727780318 0.1393344535930164 0.11247479988833856
0.12267888308982534 0.09113961094230642 0.1684867582695935 0.09165378801190265 0.15633881846396125 0.12346808387700067 0.13624951173112693 0.10998454561428317
0.14262401196323732 0.10282142084015539 0.19629645679556154 0.10499716733665541 0.1378955438891606 0.10380394260137185 0.11706400597086805 0.09449745060298986
0.08684207800715106 0.1344208177106954 0.1209227547660498 0.1339210362208136 0.10316805188074739 0.16918661946936248 0.09083339848020401 0.1607052434649763
0.07657938935592416 0.14267803608703863 0.10340783671621508 0.13473226179868336 0.09542985388424456 0.19411028695341054 0.09138362104606351 0.16167871415842003
0.10146193887594664 0.08970450247779484 0.21604868954573897 0.1335770959697606 0.09546614127098726 0.09459375192070173 0.14892849356628535 0.12021938637278456
0.08062537767226015 0.13342748640328073 0.1270041039619986 0.1372350901923236 0.09543581065318994 0.1685088312774522 0.09308119160870644 0.1646821082307883
0.10546229711253004 0.07686733671791977 0.23383024574882047 0.1347525978998219 0.09513136733135832 0.08730286622376424 0.149176665155684 0.11747662381010118
0.09694224298983671 0.15493611512926278 0.10895020143769335 0.11400846260777557 0.11362523529462254 0.1974001084253352 0.07732747898614342 0.13681015512933067
0.08931357608131597 0.16876827581238527 0.11477460763837374 0.15279698017815999 0.08351548012904293 0.17558663851844453 0.07772715948193357 0.13751728216034395
0.12043900040357781 0.08883927281547901 0.15298414248507852 0.09046233072339994 0.14854654014839314 0.14205979887156772 0.14359100114825388 0.11307791340424994
0.08270620670804599 0.13075452335341933 0.11081977393787043 0.13422079277647422 0.10541357876274164 0.18398346150737493 0.09103671162230427 0.16106495133176907
0.10259797380082132 0.08748443676440093 0.21891263488019275 0.13306945054707028 0.09732380642300632 0.09248668528817282 0.14836250680397237 0.11976250549236324
0.10403704377537297 0.07800450748672198 0.26291296125382646 0.12891803804346066 0.09251491740819875 0.07385230612395371 0.1437339916693509 0.11602623423911458
0.10281733277765542 0.07536278765596073 0.2797194379515215 0.12683466055627746 0.09011839304636059 0.0695850122645011 0.14141118124707353 0.1141511945006497
0.1191344920632657 0.08707752845302735 0.20893784840508678 0.09205264590819447 0.1388260801743549 0.10666578912330948 0.13684244078292787 0.11046317508983335
0.08280645667150302 0.13079031610729658 0.12415841335866203 0.13466277848665276 0.1037149531818331 0.17093525477564395 0.09133649323442534 0.16159533418398328
0.07586344068822573 0.14175142490250922 0.10414708304638105 0.13476455928742204 0.0955590629267524 0.19479143083494277 0.09140552716886018 0.16171747114490642
0.10126968453430689 0.08953906293509994 0.21636994612327004 0.13355121700773553 0.09547675691427335 0.09469759672345893 0.14889964045489323 0.120196095306962
0.1038457809856861 0.07841722572700519 0.26199256106847046 0.12908919178530137 0.09223164002140229 0.07431851248652732 0.143924815318836 0.11618027260677125
0.10281220583715174 0.07545598976356009 0.27938428390003667 0.1268895390796747 0.09009367037533698 0.06969135916728333 0.14147236670524924 0.11420058517170723
0.08092104158666863 0.1296602273007701 0.14184106023763404 0.13704355818853017 0.09429187059138043 0.15883868932351658 0.09295128294526395 0.1644522698262362
0.11526806403575864 0.09849610985792304 0.16499439635587063 0.09389011882361799 0.14272755904412668 0.13238164161029656 0.13957396768406496 0.1126681425883416
0.12234431499315748 0.09100656748346526 0.16992889301417718 0.0916435216261271 0.1558246821425105 0.12304554473007177 0.1362342500591382 0.10997222595135252
0.10894504118400748 0.0785733960893152 0.24076594547666258 0.1284111887486892 0.10529355203953973 0.07927191405771049 0.14316889253025494 0.11557006987382028
0.10453966833859478 0.07586579866513309 0.2709140687788441 0.12752305019239993 0.0933151918713293 0.07089279266154959 0.14217868431898917 0.11477074517315995
0.081262058210333 0.1298128843151823 0.1399064196283545 0.13710561806488383 0.09503232520208632 0.1593605771703349 0.09299337573096468 0.16452674167786058
0.08763655510496554 0.16404024876947765 0.1248355451485096 0.15632834619600544 0.08145798164611835 0.16548226153707224 0.07952355002144626 0.1406955115764049
0.10726540268579056 0.07909866654231901 0.23290908510137545 0.1348511239771529 0.09218387240665565 0.0868435933742451 0.1492857375734049 0.11756251833905638
0.08182944196119711 0.13084433804602716 0.13111034240927621 0.13743316463577704 0.09487405698730535 0.1657733206445229 0.09321553775296182 0.16491979756293243
0.07996211576257889 0.12270117479923795 0.10699855435892075 0.12936423586931142 0.10299850532681729 0.19924694214451072 0.09702317690198359 0.16170529483663929
0.07503618152378001 0.13907108622714182 0.09986366392279641 0.134192249249621 0.0950072171667958 0.20478155114535945 0.09101735166496032 0.16103069909954518
0.10117898218559404 0.08921178342903616 0.21451960206109857 0.13367921145108327 0.0954633289000946 0.09659345695971673 0.1490423447074018 0.12031129030597495
0.10388856533104018 0.07841535377816537 0.26127575172184303 0.12917235863551832 0.09228578399518528 0.07468952361593476 0.14401754015034654 0.1162551227719665
0.08116100203198061 0.13053978038291944 0.1376619328288677 0.1372028230533096 0.09483061846013868 0.16090114950787204 0.09305930607094044 0.16464338766397152
0.10520266536145473 0.07637253440528194 0.23821903629557067 0.13423257042061207 0.09464866712662941 0.08570028651050986 0.14860097335940772 0.11702326652053362
0.08143950794462329 0.13009666644328757 0.13233021239138104 0.1373856929602306 0.09540201579974897 0.165299733335426 0.09318333957302596 0.16486283155227668
0.10545229640267852 0.07647290421587952 0.23599811443485294 0.13446573663281253 0.09493408177268398 0.08659122897140016 0.1488590979410867 0.11722653962860577
0.08148564420623826 0.13012649639018103 0.13181491840651227 0.1373947989294677 0.095465721354352 0.1656491462022484 0.09318951579563899 0.16487375871536125
0.1054812742806818 0.0764878744442009 0.23578315048749168 0.1344885972088519 0.09496358301270362 0.08666464566601402 0.14888440553849291 0.1172464693615632
0.07182559889460143 0.11469637096917065 0.08099797016159298 0.08445922504504956 0.1402477116547259 0.24337902748166076 0.0954756457030995 0.16891845009009912
0.07244708247924472 0.13498591066679352 0.09261162186226005 0.13178135311977807 0.10163625803112343 0.2190180149375649 0.08938213515950165 0.15813762374373366
0.1006389842839829 0.08865488951818687 0.21118799575143546 0.13373695848742423 0.09703041330698509 0.09928076766986202 0.14910672834344163 0.12036326263868179
0.13732688437805543 0.10366788480344337 0.2148208626066325 0.10684964648624626 0.12257993549898126 0.09946072241107021 0.11912938197794919 0.09616468183762163
0.11084423161034386 0.07931742068651543 0.2585098063518407 0.1262812073956408 0.09660673482967624 0.07399339019446806 0.14079412227543833 0.11365308665607672
0.10435730351841095 0.07551058015107 0.27768793820708276 0.12668686278276037 0.09092904213684182 0.0695636989400632 0.14124639775928655 0.11401817650448433
0.10233861284440443 0.07456081456450245 0.28523017715458737 0.12607208232640263 0.0892965441678758 0.06847593141887866 0.1405609634295862 0.11346487409376237
0.08081050633073263 0.12937499203681063 0.14317839298314441 0.13697256808188157 0.0940861210599121 0.15830720467546294 0.09290313313379794 0.16436708169825787
0.11521879579137856 0.09842875477047307 0.16542759685599417 0.09387282182808417 0.1426364378679344 0.1322199521539692 0.1395482545384654 0.11264738619370099
0.08180792654636848 0.13337064139978805 0.11373777936835634 0.13432119583949448 0.10418656467794164 0.18028564606952227 0.09110481109113538 0.16118543500739338
0.13337053675227162 0.1145112759456489 0.17939340356869823 0.10835032810083536 0.12643225635773023 0.11962437399701299 0.1208025299870508 0.09751529529075183
0.11118558531813813 0.08196760460199415 0.2444547717038749 0.1278446789458321 0.0985688673638993 0.07838100463809228 0.14253727637692026 0.11506021105124888
0.13920161153531344 0.10120429595097771 0.2257828202212099 0.10558688031177771 0.12175192073188748 0.0937227870385354 0.11772149192969843 0.09502819228059994
0.11085293907032231 0.07861083819303508 0.2627301056121188 0.12572499868852666 0.09604701506300256 0.07270761347820204 0.14017399107511852 0.11315249881967399
0.10420393240142295 0.07528539425846408 0.27927844420077813 0.12647700504759574 0.09067453660181622 0.06923896090148396 0.141012422045603 0.11382930454283616
0.08116989212380245 0.12959720777573533 0.14181743715987086 0.13701476355127393 0.09441005950472578 0.15864117095350322 0.09293175266955969 0.16441771626152868
0.11533264989116059 0.09848148666900186 0.16498116673147764 0.09388622713824711 0.14276168099997738 0.1323251335718597 0.13956818243237928 0.11266347256589654
0.10766859725558195 0.08007580436990716 0.23923084699442085 0.1290215563271687 0.10284191399642334 0.08119247353160573 0.1438494068304403 0.11611940069445183
0.08178066227714632 0.13085727100307193 0.1324678271685795 0.13707332824882612 0.09707167609962469 0.16328976649191299 0.09297147481224728 0.16448799389859134
0.10186586810997977 0.08705587526828598 0.2282778031754508 0.13248899732490244 0.0950114955099953 0.08834451824031381 0.14771534477865986 0.11924009759241219
0.10356035695874677 0.07770645462540912 0.2665749498390329 0.12851974626782434 0.09175363301650893 0.07292716158865288 0.14328992606278326 0.1156677716410419
0.1196141738028039 0.08771254908007425 0.2048666426028652 0.09231107239972106 0.1396885852288768 0.10780708088640813 0.13722660911958534 0.11077328687966526
0.107267728979959 0.0773218674081964 0.2551112734274215 0.12722350391711496 0.10084043420738205 0.07588932595827658 0.1418447125762461 0.11450115352540348
0.10367448596593239 0.0753209993003801 0.27645884369863233 0.12690153719110592 0.0919550332756143 0.06999197339222604 0.1414857437041136 0.11421138347199533
0.1022273043666123 0.07456776108507582 0.2847767680369471 0.12613720131264086 0.08955296861725977 0.06858094916047126 0.14063356623961598 0.11352348118137678
0.10162245503762674 0.07425116367519055 0.2879420092298424 0.12577814934244613 0.08881399241289846 0.06815864580602206 0.14023325008777202 0.1132003344082015
0.1186437453608637 0.08674840714359139 0.21149104228644738 0.09189620323819915 0.1382025244760883 0.10613275536233485 0.13660987824663634 0.11027544388583897
0.08271309485742677 0.1306951065512569 0.12474427939273024 0.13464876716350693 0.10357389559846011 0.17071934593820623 0.0913269899022047 0.1615785205962083
0.1021862296843422 0.08712034396545487 0.22478800677595132 0.1325443614046907 0.09652727175126048 0.08976678955810263 0.14777707159597603 0.11928992526422164
0.10373826678792208 0.0777936328129949 0.26519290895327247 0.12864891739075734 0.09216562894461637 0.0732426772335376 0.14343394222521752 0.11578402565168162
0.11968403513322086 0.0877449108465715 0.20442786604936686 0.09233095768722105 0.1398484728694479 0.1079104382544735 0.1372561699350331 0.11079714922466527
0.10729859504005332 0.07733739419313672 0.2549353864541814 0.1272414031214865 0.100887973478759 0.07591731604968638 0.14186466885335883 0.11451726280933784
0.1036875872481892 0.07532779393648487 0.27639121183443366 0.12690939140062546 0.09197027674023969 0.07000078601787131 0.14149450056159288 0.11421845226056292
0.10223262974773625 0.07457051802345221 0.28475110992983155 0.12614029059105425 0.08955817229288185 0.06858400732859128 0.14063701055450376 0.11352626153194881
0.10162455585396264 0.07425223789657599 0.28793231918877527 0.1257793278256474 0.08881584262318167 0.06815975756017938 0.14023456400859496 0.11320139504308267
0.10137751266943032 0.07412372104172169 0.28913440305066135 0.12563550486059308 0.08856738937175143 0.06801530249569211 0.14007421213561644 0.11307195437453378
0.10127986718253841 0.07407361662566143 0.2895876811983029 0.12558047525233676 0.08847992964166124 0.06796314414329821 0.14001285822909784 0.1130224277271031
0.11851968536281873 0.08669239289604894 0.21200497360591464 0.0918670953609342 0.13805677183390563 0.10605195907518151 0.13656660743207533 0.11024051443312105
0.09524011566220117 0.15051293693715573 0.14381357575568826 0.15508249957075482 0.08944225094281816 0.14744457825779692 0.07888979325990571 0.1395742496136793
0.09914214858479291 0.15016373382514125 0.13209231844095945 0.15540669403086485 0.08529420681247453 0.16112848406784278 0.08128965533922163 0.1354827588987027
0.08308703244021669 0.12469467193447634 0.10710187674187198 0.1290793728618296 0.10062065642186653 0.19725764387607964 0.09680952964637221 0.16134921607728697
0.0886519965600038 0.16369202367064653 0.08169544372174625 0.10974840829239538 0.11081345562718158 0.23926253133535336 0.0744380508417986 0.13169808995087445
0.11580662527805026 0.10343153082767721 0.14235206731956948 0.09210019934559764 0.1463268011178674 0.1525494047350057 0.1369131321615153 0.11052023921471715
0.10841905909655725 0.08132580472525064 0.2297090400699294 0.1297117502217846 0.1042363098855196 0.08523853928542235 0.14461892151593 0.11674057519960614
0.12131507556066255 0.08864787984878385 0.1929062075976399 0.09263768562801142 0.1442120548909993 0.11140373210014098 0.13771214162014833 0.11116522275361371
0.10805155001733235 0.0777443929155494 0.25028375196906016 0.12768918375587296 0.10216579151338936 0.07678115360427552 0.14236391084423447 0.11492026538028566
0.08185354982735692 0.13022574832300735 0.13505352612264654 0.13702244649226064 0.0969237635231886 0.1615570662130331 0.09293696370779417 0.16442693579071274
0.13318712885200137 0.11367289408366223 0.18753466634807262 0.10824551723420564 0.12416188322950583 0.11509127104930222 0.12068567369246508 0.09742096551078507
0.0850177112045059 0.13720088772030375 0.11874149218167807 0.13395561220016464 0.1000333544790473 0.17344735756007798 0.09085685001402471 0.16074673464019756
0.10291313071689273 0.0883027976360488 0.22223715497551202 0.1327523227892489 0.09590997373177428 0.090398596619947 0.14800893302025211 0.11947709051032401
0.12028896245801442 0.09026978249389599 0.19099403276405322 0.09308697081800629 0.14205739402142348 0.11321845823205234 0.13838003423094666 0.11170436498160755
0.12330358118612036 0.08921645740718726 0.17824777546909693 0.09129561365301213 0.15509273726053946 0.11757203715027996 0.13571706149014937 0.10955473638361454
0.12394008955413126 0.08887326439699589 0.17367412856138653 0.09109522828995413 0.15914185193175912 0.11854198812858295 0.13541917518924523 0.10931427394794495
0.14280493214919324 0.10218355274661584 0.19803737877501526 0.10480515854527322 0.13847786058698383 0.10251654400868164 0.11684993049749119 0.09432464269074588
0.11251123777585688 0.07932392495362105 0.25139662122926043 0.12659886816116114 0.10033031150600814 0.07475176470608107 0.14114829032296625 0.11393898134504504
0.08265932263883623 0.13060708639608581 0.13531112922450125 0.13695873810683307 0.0964979897610053 0.16072149534164326 0.09289375280289547 0.16435048572819966
0.07577390106126777 0.14553306079510445 0.10659147650952033 0.13459590132763463 0.09392475797925173 0.19077468765966374 0.09129113307439567 0.16151508159316152
0.1313557777572865 0.12052864054628115 0.17646369659227717 0.10819120340746224 0.12342302742263882 0.12204045337842113 0.12062511782891686 0.09737208306671602
0.08428202251326611 0.14201317723087772 0.11568185409643339 0.13317563210334757 0.0993945566061636 0.17531417889058054 0.090327820035314 0.15981075852401708
0.13360392054265738 0.11930972211070275 0.17947897771274315 0.10778325636425748 0.12456618665842836 0.11808271856382645 0.12017028731955273 0.09700493072783173
