0.125 0.125 0.125 0.125 0.125 0.125 0.125 0.125
0.11301829483647666 0.08900190718372537 0.135621953803772 0.10680228862047045 0.14127286854559584 0.11125238397965673 0.169527442254715 0.13350286077558807
0.08282664038133492 0.12529690705173022 0.09021377307724578 0.15035628846207627 0.09397268028879767 0.15662113381466278 0.11276721634655722 0.18794536057759534
0.0803415530863135 0.12454908289676404 0.08967533968567011 0.14945889947611685 0.10137097228194694 0.15568635362095504 0.11209417460708763 0.18682362434514602
0.07963712909881512 0.12363526192022285 0.08901738858256043 0.14836231430426738 0.10807920008532099 0.15454407740027853 0.11127173572820055 0.18545289288033423
0.07911358678048024 0.12282415542416027 0.0884333919053954 0.14738898650899232 0.11393171208278687 0.15353019428020034 0.11054173988174425 0.18423623313624038
0.07868490535635368 0.1221540610730086 0.08795092397256618 0.1465848732876103 0.11876291339398005 0.15269257634126074 0.10993865496570773 0.18323109160951287
0.07834661371219681 0.12162721367920516 0.08757159384902771 0.14595265641504618 0.12256259241542546 0.15203401709900644 0.10946449231128465 0.18244082051880772
0.07808977363593586 0.12122880074469124 0.08728473653617769 0.14547456089362948 0.1254370054714428 0.15153600093086406 0.10910592067022212 0.18184320111703683
0.0951366687667071 0.14753214771762072 0.07966735976751517 0.13277893294585863 0.15446551538568623 0.211167815939703 0.09958419970939397 0.07966735976751517
0.07295173961840629 0.12906846240179573 0.09118967452300787 0.16133557800224468 0.08754208754208756 0.1548821548821549 0.10942760942760946 0.1936026936026936
0.07551946189243168 0.11765428497825095 0.08471108518434069 0.14118514197390114 0.1126117127961488 0.18594802922712445 0.10588885648042587 0.17648142746737644
0.07445838122763009 0.11558702469794337 0.08322265778251922 0.13870442963753205 0.11940256496164145 0.1912160824176696 0.10402832222814903 0.17338053704691503
0.07294951892099297 0.11321683052509861 0.08151611797807098 0.1358601966301183 0.11949422001607185 0.2052427226694106 0.10189514747258874 0.16982524578764788
0.07158876754100271 0.11114760222973127 0.08002627360540651 0.13337712267567753 0.11784570037132923 0.21926028822549765 0.10003284200675815 0.1667214033445969
0.08454753289241795 0.1495840966558164 0.0737081055985182 0.13040664836660917 0.10145703947090155 0.21535887225758393 0.08844972671822186 0.156487978039931
0.09965171204460684 0.07228710077906253 0.18358628769285718 0.14457420155812506 0.10828142182340568 0.10553064444724032 0.16004958414249087 0.1260390475122116
0.07498503975695689 0.11367300070009043 0.09683608484750784 0.1364076008401085 0.11691174275350207 0.18837132942161727 0.10230570063008139 0.17050950105013563
0.052204445330124284 0.08081776773967654 0.06394399466599013 0.09698132128761187 0.137878258520428 0.257833984335811 0.11637758554513422 0.19396264257522375
0.08117910033820261 0.14362456213681998 0.07077152337176638 0.1252111567346636 0.09741492040584314 0.24661952088498826 0.08492582804611964 0.15025338808159633
0.09357794202529068 0.07553882067101778 0.18715588405058137 0.15107764134203555 0.09197598540192334 0.09626355365579599 0.1684402956455232 0.13596987720783202
0.09935980075799317 0.07160873179307785 0.21557575720828293 0.1432174635861557 0.10477757881205518 0.08205679810051873 0.1585476194360372 0.12485625030587932
0.10837721987617366 0.07752256790253786 0.1642833604295677 0.09302708148304543 0.1693040499999734 0.12353983435482291 0.14766203410007211 0.11628385185380678
0.08213627349049313 0.145318022329334 0.08274846112674532 0.12668750664608608 0.11436954843622735 0.2107880015749872 0.08592717842082358 0.15202500797530327
0.09605061671910481 0.06966675678883277 0.20419830918704007 0.13933351357766555 0.1102283908140233 0.10480424318821767 0.15424792711894594 0.12147024260616994
0.07250563689293134 0.10984850442101789 0.11902219301838642 0.13181820530522143 0.11640886053257571 0.18676018921942436 0.0988636539789161 0.1647727566315268
0.0576138953560023 0.08920137204058448 0.06251742763637064 0.08028123483652604 0.154295857031656 0.29919026162197726 0.09633748180383123 0.16056246967305207
0.055540723941645075 0.09826435774291054 0.051399403345015665 0.0856663631604861 0.1411776473427271 0.29977854153004163 0.09684023661620168 0.1713327263209722
0.08969396362343862 0.0724035609972336 0.18862521828463347 0.1448071219944672 0.10109478887877904 0.11159980190423806 0.1614491345221895 0.13032640979502047
0.07211878282816271 0.10996550227145302 0.11593838204372484 0.13195860272574358 0.11394657196699995 0.19215495271242877 0.09896895204430771 0.16494825340717947
0.07239893839691484 0.10613857798033377 0.09878124103730754 0.12736629357640053 0.11470838598632822 0.2258739758699138 0.0955247201823004 0.15920786697050066
0.06538100307421482 0.11567408236207238 0.09598155526129269 0.1445926029525905 0.09434882942977858 0.21243929876562 0.09807150461132223 0.17351112354310858
0.09765105654609982 0.0684528234400667 0.21573466074644893 0.1369056468801334 0.10330103667642472 0.10704095595860483 0.15156017888236176 0.11935364086985992
0.07651193235472323 0.10746471700148147 0.12737892551394836 0.12895766040177775 0.11304802415475343 0.18872341976976015 0.09671824530133331 0.16119707550222218
0.06555900553642413 0.11598900979521193 0.10044161702866881 0.1449862622440149 0.09962514885362113 0.20107693354460499 0.09833850830463621 0.1739835146928179
0.09679340922914079 0.06779618357403806 0.22358791179948365 0.13559236714807613 0.10420085374435814 0.10371421993675259 0.15010632423393044 0.11820873033422022
0.0651813255928827 0.09151966779584833 0.08643726709097407 0.08236770101626349 0.1552755846205381 0.25564181063145014 0.0988412412195162 0.16473540203252698
0.06278901301918272 0.11108825380316943 0.09096065150572041 0.1388603172539618 0.10395734214999201 0.2315285220344453 0.0941835195287741 0.16663238070475414
0.09545742812055463 0.06704521016887996 0.22211877499919155 0.13409042033775992 0.10484425898156713 0.11110095921044787 0.14844360737432108 0.11689934080727787
0.0929080848219167 0.1305288395078027 0.12696300905963415 0.11747595555702245 0.1390751255775739 0.23445644547406982 0.08810696666776684 0.07048557333421347
0.052358535724709214 0.09263433243602401 0.05636313659472599 0.08075813596986708 0.14053528806428595 0.3245424933916734 0.09129180587898018 0.16151627193973417
0.05990181944421312 0.10598014209360783 0.08291349023353681 0.1324751776170098 0.09746488373961713 0.27244154456528374 0.08985272916631969 0.15897021314041174
0.08662009181748953 0.06992224279243131 0.19993167670534928 0.13984448558486262 0.1000897498305513 0.12181555097145844 0.15591616527148117 0.12586003702637635
0.0948323312328452 0.06395950735415963 0.2785961989037143 0.12791901470831926 0.09899710508582053 0.08256509403307018 0.14161160765430542 0.11151914102776551
0.06455293783768976 0.11420904386668189 0.13547197946960104 0.14276130483335236 0.09948870334611995 0.17537305808999762 0.09682940675653465 0.1713135658000228
0.09382737249058633 0.06572369398990492 0.25075494196772913 0.13144738797980984 0.10139691375093808 0.09673686916257207 0.14551766190683055 0.11459515875162908
0.06427663374905918 0.1137201981714124 0.1295514446602186 0.14215024771426552 0.10203370768154921 0.1812725201427878 0.09641495062358878 0.1705802972571186
0.07064831124983251 0.10475007331258605 0.11275351841327409 0.12570008797510326 0.11037123676432671 0.2243765963346708 0.09427506598132745 0.15712510996887907
0.06169823714879238 0.10915841957094034 0.09878588728962523 0.13644802446367546 0.10057696171052476 0.23704748473684292 0.09254735572318856 0.1637376293564105
0.061540603662111344 0.10887952955604314 0.09585842094105008 0.13609941194505393 0.09956639796768803 0.24242543610082173 0.092310905493167 0.1633192943340647
0.09024874253497266 0.06839136353533484 0.21028895369285425 0.13678272707066969 0.10278166983117727 0.11589955595379123 0.1525025330175974 0.12310445436360273
0.08930092279434224 0.06582052871196947 0.2642400420996036 0.13164105742393895 0.0996213071952231 0.08412923502519491 0.14676995506818266 0.11847695168154504
0.068577815338028 0.11074651218198171 0.14668776090804414 0.13843314022747716 0.10152270351703276 0.17401851748713124 0.09389378206733233 0.1661197682729726
0.08773096325392377 0.07381180697191797 0.2431936960944662 0.13190360153661115 0.10002310344710567 0.09756091515205725 0.14706267216096794 0.11871324138295004
0.06746085837161937 0.11770757793550915 0.14400971227145623 0.1362221218680394 0.1003752368538949 0.17836381162559845 0.09239413483223541 0.16346654624164725
0.09883664173426915 0.08383235020519748 0.17438128130397268 0.09293529538102673 0.15184597998876284 0.1484915384228187 0.13815455850672034 0.11152235445723206
0.12286810921966555 0.09059101683529029 0.21092813339833297 0.10350624000812937 0.14636378556344792 0.11718536570502248 0.115401733262795 0.09315561600731644
0.09515210719775002 0.06784151517007116 0.27767027078807965 0.12305050468266887 0.10770138727717031 0.0806466308221661 0.137192129847692 0.11074545421440199
0.08262757939142472 0.13215147693713786 0.18217339914895544 0.15351140896232016 0.08840358967514884 0.14488169152070113 0.07809058629822375 0.13816026806608814
0.07310531483171591 0.1218215042526807 0.12856032048484367 0.132842806100532 0.09632709023084636 0.1978295195975125 0.09010207718123041 0.1594113673206384
0.09536861003264074 0.07328964702034733 0.24046425443982097 0.12914886670887726 0.09840332086500801 0.10309997249004547 0.1439913484052706 0.11623398003798953
0.09499400924378146 0.06618755975232518 0.2984546840939262 0.12232133346677243 0.09405347519069479 0.07752057977467498 0.13637915835772985 0.1100892001200952
0.10877718953230132 0.07513989393585344 0.24199598760015725 0.08734199818914753 0.14210754665779993 0.10998723969598576 0.12983974656177755 0.10481039782697704
0.11503254242327766 0.0745540609750022 0.21509607296233182 0.08568765823919736 0.1599204518929044 0.11950356450645774 0.1273804591137919 0.10282518988703683
0.10170982820863574 0.06484808646144688 0.2831487361754362 0.1192860601143393 0.11045821778547894 0.08019656206905382 0.13299505508270365 0.10735745410290537
0.09674640307590728 0.0632070953804256 0.3201605019744926 0.11762039032201942 0.09505755711648245 0.07021174327287227 0.13113795756798285 0.10585835128981749
0.09403412898359421 0.062018835151020336 0.33906189783668084 0.1155708067203861 0.08949441561903644 0.06695336483477277 0.1288528248061618 0.10401372604834748
0.11027771749462947 0.07306752710677118 0.25973864951944087 0.08518075546454268 0.1385956583892939 0.10429587137431166 0.12662691409355897 0.10221690655745122
0.10107365254120877 0.06316394488741398 0.30773167275500835 0.11628311101786235 0.10233305423222888 0.07511277370939065 0.12964699094081067 0.10465479991607611
0.0688750200042611 0.09586354561936304 0.23535327447038065 0.17856629965069828 0.06457008943748073 0.10522620087509345 0.09083590025709436 0.16070966968562847
0.07262522104349517 0.10688689145435318 0.14589281790171227 0.12826426974522379 0.10062453557372106 0.18917772479104702 0.09619820230891785 0.16033033718152973
0.07364435846424636 0.11650126044313365 0.1183148077407487 0.129979045791462 0.09875526839411147 0.21867070359276916 0.08815970062377423 0.15597485494975438
0.099334652603696 0.07216630739765766 0.23646750454639523 0.12754533814659685 0.0991164852010411 0.10837537404803742 0.14220353372463856 0.11479080433193717
0.092159738988917 0.13063151625303782 0.17094399207153788 0.15085039650434526 0.08594260039139352 0.1569694581063866 0.07673694083047129 0.13576535685391072
0.11852593134766774 0.08170599266236776 0.18959099196491405 0.08896663740803816 0.14218239149679385 0.14001320835235462 0.13225488187821793 0.1067599648896458
0.08520971313532745 0.11170991282070712 0.1317333475290122 0.12739233993438662 0.10995611262748604 0.1947225267719718 0.08640523925984483 0.15287080792126392
0.10388969139489072 0.07086621180252618 0.24280841831610553 0.12570386648586135 0.10113500097623096 0.10231290094093336 0.14015043024617677 0.1131334798372752
0.1042207604314539 0.06446517904004798 0.30149673028373575 0.11919205028485311 0.09380550060438177 0.07665669296067432 0.1328902411384855 0.10727284525636781
0.10140355840168237 0.06204596131713657 0.3305417223494755 0.115396908146926 0.08923809722520423 0.06885759435308256 0.1286589408742593 0.10385721733223342
0.1179419003364688 0.072431518169448 0.25609212590772634 0.08437372382617857 0.13758543132141757 0.10489962448783313 0.1254272073595132 0.10124846859141429
0.0850808840795699 0.11017195731228317 0.15332821280381714 0.12674052334420233 0.10943919883856287 0.17718745803593222 0.0859631375725894 0.1520886280130428
0.10274134193764319 0.06996518818277633 0.2546266910663655 0.12424886414791354 0.10085986602072217 0.09720585968982812 0.13852821122162898 0.1118239777331222
0.08281688321059713 0.11241896608298002 0.15419761646938548 0.12999056415971402 0.10051212786683725 0.1759076521365885 0.08816751308224083 0.15598867699165683
0.10229731077658745 0.07033947872098426 0.25562478132266453 0.12470244368887495 0.09872177369988795 0.09704809391043209 0.13903391856058148 0.11223219931998747
0.10305207168300486 0.063936119657358 0.30800921224963645 0.11824356946490687 0.09354591779126463 0.07496114082901688 0.13183275580639617 0.10641921251841617
0.11897177439048898 0.0729324674500707 0.24654396018328176 0.08480375796366303 0.14145193425039992 0.10746511421792629 0.1260664819877737 0.10176450955639564
0.1421546859446993 0.08300194240890577 0.24829726340443917 0.09541628693535938 0.13799477993123482 0.1008783438190405 0.10638203931449768 0.08587465824182343
0.09206448918650244 0.1107301201636676 0.1507328164129518 0.12577304639548764 0.1100644252750235 0.17440051107571217 0.08530693581606988 0.15092765567458513
0.08008798559936861 0.11568755316664119 0.11935520055715713 0.12826811544483102 0.1019239823578301 0.21375618082127212 0.08699924351910278 0.15392173853379718
0.10390306335792883 0.07143597626443488 0.23586433842734802 0.1261661739828605 0.10042486280059688 0.10799015997748503 0.14066586860477134 0.11354955658457445
0.10568459564311398 0.06447861705696152 0.2977223491675267 0.11910587579655926 0.09471190973462845 0.07830720136933693 0.1327941630149698 0.10719528821690333
0.0844489433887326 0.11112307295442234 0.1681203025256749 0.1291230528248369 0.09865415267364949 0.16600369815299004 0.08757911408988939 0.15494766338980429
0.10311098865143883 0.06961441164477329 0.2628358032063284 0.12350482388371038 0.0973902332798942 0.09469073598608037 0.1376986618524353 0.11115434149533934
0.12170714594670234 0.07419022930199969 0.22746131541039527 0.08578603937711358 0.14444056950382703 0.11594474392443303 0.12752670928299273 0.1029432472525363
0.14462462088063924 0.08340398219159455 0.23906025381614637 0.09574636827055567 0.13987865072947026 0.10436433729778785 0.10675005537030612 0.0861717314435001
0.11581322110608717 0.06315208772473352 0.2955064156394554 0.11471352210052888 0.1039040940238789 0.07577147308335501 0.12789701643148516 0.10324216989047598
0.10579685163613387 0.0614755057970161 0.3265589790303454 0.11439583520957584 0.09270343606089058 0.06857032132137043 0.12754281925604946 0.10295625168861826
0.1365918175163718 0.08152262907401037 0.28751229770450254 0.0949784535149346 0.11905729608289299 0.08896301021898663 0.10589388772485993 0.08548060816344115
0.09111487665351617 0.11045317918525421 0.16348899772399228 0.1256188187487637 0.10453169351103532 0.16884752244062998 0.08520232923829192 0.15074258249851644
0.138033063853444 0.09087419263586567 0.21253782173956884 0.10075838209752931 0.12995880165520537 0.12481711737411136 0.11233807675649911 0.09068254388777638
0.11631358604115663 0.06478157006491472 0.28227971178972777 0.11682580940936164 0.10270091910998283 0.08170311596897854 0.13025205914745244 0.10514322846842547
0.12585091245949673 0.07272491716135492 0.23459874205114806 0.08444564862514427 0.14549877237109374 0.1100121005776433 0.12553412840394582 0.10133477835017311
0.08862182572575991 0.10960883135295359 0.14617353899461816 0.12598011031633177 0.11277527599821356 0.18021690606144777 0.08544737917107721 0.15117613237959812
0.10567273075558256 0.06978128913410336 0.24996467176878281 0.12389413269755115 0.10240040022893733 0.09864934386027566 0.13813271212697117 0.11150471942779602
0.10613733220635091 0.06371256290095968 0.30450604658546876 0.11784111498561825 0.09477264732010345 0.07558924341853678 0.13138404909590573 0.10605700348705643
0.08511194896357464 0.1107536407547649 0.1702637058774587 0.12876036509205074 0.0988515142106898 0.16441326979813112 0.0873331171928692 0.15451243811046086
0.11826732200835588 0.07910153867122349 0.18787610724118245 0.08771837805678877 0.1483225325437975 0.1430528072962344 0.13039926051427103 0.1052620536681465
0.11175257965367735 0.06485225729004197 0.26953309889359806 0.11851515448441607 0.10952073471979498 0.08702698308688699 0.13213555283561015 0.10666363903597446
0.10680672619759597 0.062397692069431986 0.3136709195640479 0.11593440126349251 0.09562077759195525 0.07197031658852876 0.12925820558780432 0.10434096113714325
0.10334282128256408 0.06101580554127692 0.335776935760828 0.1136303744670176 0.09000829830441519 0.0672690399715494 0.12668938765203305 0.10226733702031583
0.10127840250355316 0.06026417515664873 0.34655812826075466 0.11236822072246948 0.08757148494641709 0.0655460093424946 0.12528218041743983 0.10113139865022251
0.11936480993797748 0.07137110684646496 0.26200943434877605 0.0832296662142522 0.1374015548808684 0.10302133943486415 0.1237264888796943 0.09987559945710262
0.10843929387438998 0.06193704960515555 0.3080521220288375 0.11403509346699033 0.10279976928333406 0.07496446848690917 0.1271406191340922 0.1026315841202913
0.12263039878916392 0.07189669071408912 0.2452684346687694 0.08370641608251522 0.1447531587326036 0.10686199213445965 0.12443520957938084 0.10044769929901827
0.11024654393941283 0.062394705158238264 0.2992668810924662 0.1148209526841236 0.10557447141269563 0.07634079478236687 0.12801679351498554 0.10333885741571122
0.0861549972963623 0.11015238860607506 0.1684234387678633 0.12819353229640582 0.1019524594734269 0.16434228811618254 0.086948656687997 0.153832238755687
0.10430321720578982 0.06933463327060706 0.26257952826486064 0.1230725618383868 0.09850542454361474 0.09422260729193187 0.1372167219302611 0.11076530565454812
0.08488783778726233 0.11176270051195795 0.15655632054123422 0.1292368771838296 0.10010108795577695 0.17471460670074604 0.08765631669859747 0.1550842526205955
0.10451683731810497 0.0698908646528985 0.25628094416307656 0.1238873076683582 0.09857788159541596 0.09722248497187183 0.13812510272875161 0.11149857690152239
0.10575147107263552 0.06354608343869712 0.3077660857416792 0.11751323557819766 0.09352079348615656 0.0751219306370118 0.13101848802524424 0.1057619120203779
0.10350786079513252 0.06134730029009672 0.33303195911518857 0.1141247395151512 0.08976922952119282 0.06826607741181413 0.12724056778778797 0.10271226556363608
0.1015838735096612 0.060371004912906576 0.3452395416614068 0.11253056158712786 0.08764383085852384 0.06589050367541453 0.12546317836654403 0.10127750542841507
0.1004195519942155 0.05991945220124183 0.351106187737728 0.11178680637005341 0.08655308855217965 0.06497284060790684 0.12463394680362669 0.10060812573304806
0.09979356649697177 0.05970783948450905 0.35392040587660084 0.11143733354845559 0.08601613981532996 0.06458680389691629 0.12424431068760645 0.10029360019361003
0.11874204210383377 0.07115342079583363 0.2650517248573494 0.08301529002772093 0.1364891642644907 0.10252220563749151 0.123407804280015 0.09961834803326512
0.10025328237995104 0.12555092775782542 0.17930937448975062 0.14449766192438607 0.09492452179529337 0.1519110035506148 0.07350533237023117 0.13004789573194744
0.08305660843819225 0.1175521782863435 0.12858565851281256 0.12830742046610755 0.09805018282062172 0.20345314433958128 0.0870259025770121 0.15396890455932905
0.1052477257733329 0.07117540146431615 0.24082990940652244 0.1254351530198971 0.0991782160106854 0.10539112182246814 0.13985083478487034 0.11289163771790739
0.10680300052878337 0.06413436042928498 0.29995583064168113 0.1184630853148722 0.09436721987908175 0.07758222682558388 0.13207749959732765 0.10661677678338498
0.13957619345009098 0.08250395909244984 0.27543464004795537 0.09587575382055703 0.12092338435414669 0.09250358019337926 0.10689431060291957 0.08628817843850133
0.1328982134790534 0.07232560908389937 0.2288757269487198 0.08216251078959333 0.15115861090309232 0.11184422518180889 0.12214009066632082 0.09859501294751198
0.1141115892449462 0.06262903859869379 0.2901591511131985 0.11516433381683633 0.10796909641009687 0.07791925252857311 0.12839963785250258 0.1036479004351527
0.10660179751777177 0.06145336801659326 0.32366569770137105 0.11440190117718908 0.09419526209077157 0.069170680079579 0.12754958235725408 0.10296171105947016
0.12199450272502574 0.0717879705726555 0.2522111322900556 0.08362404002377402 0.14090981418549173 0.10481094013912699 0.12431275203534169 0.10034884802852881
0.10981807360917582 0.062194971245673414 0.3028865469792784 0.11445985939545474 0.10426755668607252 0.07574491718305584 0.12761420144538013 0.10301387345590926
0.10473229567393912 0.061095777210531096 0.3301057853804513 0.11377991004610676 0.09270077932378994 0.06832742466033974 0.1268561086633459 0.10240191904149608
0.10208859111632532 0.060371830975373623 0.34369941683330407 0.11255640482026075 0.08853288449243193 0.06595811578118195 0.1254919916428877 0.10130076433823466
0.11989881685848737 0.07137780798894802 0.260726934360654 0.08322611655346529 0.13791637570544305 0.10326139659831944 0.12372121207052453 0.09987133986415835
0.10878599850246286 0.061935269465820474 0.30732334030813674 0.11402466076182757 0.1030552463448822 0.07512430248482951 0.1271289874463958 0.10262219468564482
0.08578625527352625 0.10995290923722748 0.17095602698339632 0.12800900860357267 0.10116915058278568 0.1636923375075638 0.0868235014876406 0.15361081032428722
0.10411705646710435 0.06921863773435916 0.26391652004306937 0.12288000806564563 0.09821514943515675 0.09405858215224441 0.13700203884333922 0.11059200725908107
0.08487815501021374 0.11168640114237663 0.15694974274501702 0.1291573805198762 0.10004295180405348 0.1746941149324346 0.08760239722217691 0.15498885662385142
0.10454046250649042 0.06984762303772293 0.2564488648728999 0.12381106174336551 0.09855521489923195 0.097326723158881 0.13804009421237914 0.11142995556902895
0.10581462936601913 0.06351652040623025 0.3078180047600905 0.11745930336752564 0.09352045757547447 0.07519935385875016 0.13095835763513677 0.10571337303077308
0.08523800257204364 0.1105951274242825 0.17126767163028744 0.1285880486335447 0.0984986644617947 0.16429058523591086 0.0872162416818825 0.15430565836025362
0.07929844276259229 0.11583918556943615 0.12592188205783889 0.12845754632680925 0.09910871475444041 0.21009744586287624 0.08712772707383586 0.1541490555921711
0.11700888663801388 0.07991353238280317 0.16807882684004866 0.08816586519929674 0.1492794185139643 0.16068995198000136 0.13106448020671577 0.10579903823915608
0.1125215831056795 0.0654489643376761 0.25872757476263264 0.11950061330771324 0.11082637316873561 0.0921900734587377 0.13323426588188325 0.10755055197694191
0.12554788090114632 0.0730882731723443 0.2243927224111783 0.08482401357037148 0.1499074866526096 0.11435421370030724 0.126096593307597 0.10178881628444578
0.12873865177693636 0.07231816794597613 0.20665965908717207 0.08308004849742877 0.16530505790954755 0.12069828449133965 0.12350407209468516 0.09969605819691452
0.08949430226393904 0.10896842813092833 0.13677271172065128 0.12525156520549346 0.11861156049447685 0.18564631840723625 0.08495323553068254 0.15030187824659216
0.13867739721721548 0.09097070402632088 0.1988861546966359 0.10098175836853338 0.13613401656583482 0.13087926196498184 0.11258712462879765 0.09088358253168004
0.0920336874006793 0.11144344887863873 0.13421624095684268 0.12557462883818393 0.1096840685336198 0.19118601383509884 0.08517235695111607 0.1506895546058207
0.08038342238640042 0.11498608042356369 0.11357263303343892 0.1273376157374241 0.10172582458936606 0.22282116296647128 0.08636812197842679 0.1528051388849089
0.11738452124042072 0.07979619874352653 0.1622805710384688 0.08809088212706062 0.15046040000803843 0.16532535545635182 0.1309530128336603 0.10570905855247273
0.12723478037533703 0.07390578341862175 0.17994275116792827 0.08434734553574945 0.1674628217531854 0.14050170884716462 0.1253879942591141 0.10121681464289933
0.11473297488958678 0.06418040012715656 0.26409524683348723 0.1178566831761197 0.11515409864138375 0.08650817500724868 0.13140140646650958 0.10607101485850773
0.1260150362183655 0.07271717560420982 0.2263765539005744 0.08449098511741587 0.15142418893886478 0.11198535393497451 0.12560152414469586 0.10138918214089905
0.11226840076059247 0.06293140414969138 0.2892433075109687 0.11571341066830226 0.10841911053235212 0.07827047921061822 0.12901181756600266 0.10414206960147204
0.10612969643217049 0.06153349510879558 0.3232781638368145 0.114519139243161 0.0944380696097499 0.06935391639876018 0.12768029405170336 0.1030672253188449
0.08521776246392916 0.11004987415648593 0.17626516026695782 0.12818311606878355 0.09866514148829784 0.1608576145046131 0.08694159176839232 0.15381973928254025
0.10373508805352531 0.06908875782055339 0.26684993241871086 0.12263843636233424 0.09731285202210262 0.09326763617478663 0.13673270442188606 0.11037459272610081
0.12285131654156091 0.0738108303645472 0.22878425955887025 0.08536507285741418 0.14459030666719203 0.11525921230392953 0.12690091427758884 0.102438087428897
0.0882505688580235 0.10961470242642202 0.14412528872877822 0.12583986807157443 0.11256912771772805 0.18324034416738605 0.08535225834419832 0.15100784168588932
0.07882392286833208 0.12375107133226512 0.11587930046597347 0.12587931939962552 0.10184082752526788 0.21739135849271748 0.08537901663626775 0.15105518327955061
0.10371833101698465 0.07842280929194399 0.23232971592871207 0.12474497010503549 0.10030641127604704 0.1091259569457575 0.13908133234098732 0.11227047309453193
0.12326443112610849 0.07971525598607028 0.21366906880647257 0.0856082298578346 0.14641291070644163 0.12133784419751678 0.12726238349015412 0.10272987582940152
0.0877822593720588 0.11697367474126877 0.1385132175501195 0.12472846102606458 0.11241898981578324 0.18531080982835782 0.0845984344350699 0.1496741532312775
0.10541328092318537 0.0765659718907563 0.2445681779944465 0.12308181262121758 0.10224783492132745 0.1001222544272106 0.1372270358627605 0.1107736313590958
0.10625373880271992 0.06809638012714289 0.3011665972843427 0.11734703756585632 0.0947265944821557 0.07596412828419126 0.1308331896443204 0.1056123338092707
0.1037244112571746 0.06514251130772737 0.3293562536498272 0.11383052176435245 0.09011363887962962 0.06847265660117567 0.12691253695219593 0.10244746958791719
0.10158612378078583 0.06385378147361284 0.34308811899694774 0.1121009127353254 0.08763526863511203 0.06586082095629207 0.12498415196013143 0.10089082146179286
0.10028726880732891 0.06325792836372397 0.3497237860502488 0.11127992367943686 0.08638704541411651 0.06484330594299605 0.12406881043065571 0.10015193131149318
0.09475043354276093 0.13132893266052853 0.20986660079372932 0.14452718681368618 0.08161229357826663 0.1343197329256619 0.07352035155304905 0.13007446813231754
0.12060313792819974 0.08776562560928923 0.2043822876538494 0.08607022064948422 0.13885383570214277 0.13109146384648002 0.12794916383117355 0.10328426477938106
0.14606490926373558 0.09087907346050637 0.22720914689835212 0.09553718594806307 0.1384605307020608 0.10934885368267733 0.10651683269134793 0.08598346735325677
0.10744282509646932 0.1366521235124466 0.16418000491484153 0.1424820561749468 0.09468459432717427 0.15384454292767472 0.07248000248899468 0.1282338505574521
0.1105233971275477 0.07806009249390508 0.25836805951753866 0.12139136549125448 0.09569564267852791 0.0913669002834746 0.13534231346562253 0.10925222894212903
0.10718614833674314 0.0678068646866814 0.3080946194724291 0.11649441197042561 0.09223861855999967 0.07345179046614704 0.12988257573419093 0.10484497077338305
0.12243097748808361 0.0766073231356706 0.24556076604046845 0.08369406667698243 0.14031026863060078 0.10654686665719652 0.12441685135861867 0.1004328800123789
0.10998004521474723 0.06657014968022487 0.29896803706617686 0.11414792092518201 0.10414541543604865 0.07618888951494018 0.12726641333001634 0.10273312883266382
0.1046848550921608 0.0647510284368509 0.3277858648524465 0.11338576121205318 0.09257219799221982 0.06835644519595278 0.12641666212746824 0.10204718509084786
0.1018979998156572 0.06380148147216798 0.34222648919549126 0.11207952555104612 0.08832709714337644 0.06583552698060102 0.12496030684571857 0.1008715729959415
0.10041394633907694 0.0632668639411741 0.3492857983816724 0.11130580509189837 0.08660108092662229 0.06485361446274567 0.12409766627410163 0.10017522458270854
0.11876838208219019 0.07507761830839005 0.26274451067818566 0.08262171425810978 0.13643426905045242 0.10238472104864561 0.12282272746429454 0.09914605710973172
0.08670672343712518 0.11587393838495784 0.1544769655678585 0.12448829272074521 0.10947851024331798 0.17515408070963912 0.08443553767146197 0.14938595126489423
0.10435552050123653 0.07590755943372887 0.25349290764047305 0.12223191885316873 0.10069171879925032 0.0970321800679966 0.13627946773629407 0.11000872696785186
0.08441055683734297 0.11876280529991376 0.152885682676692 0.12803522197795023 0.10017654289105851 0.17524564294976225 0.08684128099374014 0.15364226637354023
0.11779291331751546 0.08676731780163106 0.17924681332389278 0.08701189633334132 0.14842668292031155 0.14699107272119694 0.1293490279821014 0.10441427560000958
0.1118530712442232 0.07006176653377864 0.2641006144380936 0.11808852266727031 0.10972943832797058 0.08822702619043238 0.13165989019768795 0.10627967040054329
0.08623066340783633 0.11718669560373618 0.1563792565682134 0.1275477327571859 0.102827398894323 0.1702603373291212 0.08651063613096087 0.1530572793086231
0.10436512586179562 0.07622707692078633 0.25498422135970844 0.12259994989925302 0.09885384996388803 0.09594002619756639 0.1366897948876746 0.11033995490932771
0.10547434405205479 0.06775395224477605 0.30655140934626407 0.1168137249210948 0.0933539158305882 0.07468171533137426 0.13023858584486242 0.10513235242898533
0.07293635791922815 0.100543375973996 0.23456268136451905 0.17577953717011813 0.06323787701382735 0.10532030080562321 0.08941828629958185 0.15820158345310634
0.09821620979222723 0.07292259029591558 0.29910398573129726 0.12116758238826815 0.08562305673456655 0.07882293890225954 0.13509281200602433 0.10905082414944134
0.10171158534884811 0.06613328862457717 0.3289916570138004 0.1146549339370717 0.08799935748536646 0.06948804204549032 0.12783169500148142 0.10318944054336451
0.10107212028822907 0.06405879528156581 0.3430572887944788 0.11227517604771989 0.08714038113177244 0.06617013746455956 0.12517844254872648 0.1010476584429479
0.10015421376626037 0.0632994061731158 0.3497419940933698 0.11131435143772604 0.08626846360943903 0.06493145981422317 0.12410719481191247 0.10018291629395344
0.09955211653487286 0.0629849935596222 0.3529364776894726 0.11089572931414077 0.08574675610008463 0.06443730803450838 0.12364046238457187 0.09980615638272669
0.09921989472821735 0.06284509827758634 0.3544677090609538 0.1107046703409609 0.08547358241057763 0.06422739598723054 0.12342744588760864 0.09963420330686482
0.09904865657480597 0.06278041781299204 0.355202916708264 0.11061522970850288 0.08533751645899326 0.06413382974169721 0.12332772625709201 0.09955370673765258
0.09896318097058941 0.06274992090394307 0.35555624949353387 0.1105728018617938 0.08527113788164907 0.06409076483860748 0.1232804223742686 0.09951552167561444
0.09892121029121519 0.06273539867900313 0.35572614596518665 0.11055253788628387 0.08523904008982681 0.06407055343701688 0.12325782955381201 0.09949728409765549
0.09890078280946298 0.06272844868157114 0.3558078629838456 0.11054282556108534 0.08522357522033357 0.06406096070270853 0.12324700103601603 0.0994885430049768
0.09889088904623093 0.06272511404528756 0.35584717390101706 0.11053816202709393 0.08521613435894232 0.06405637925340306 0.12324180154364055 0.09948434582438453
0.0988861103400002 0.0627235119478546 0.3558660866750493 0.11053592060011708 0.08521255569912192 0.0640541836779197 0.12323930251983202 0.09948232854010536
0.09888380585800531 0.06272274169668171 0.3558751862485732 0.1105348427549375 0.08521083462267709 0.06405312953678846 0.123238100802893 0.09948135847944375
0.08272064350429088 0.1150015911940777 0.18607013604902536 0.12666556331021428 0.09504361450899054 0.15658748034639003 0.08591229511475404 0.15199867597225714
0.0779494082079562 0.12570301417345672 0.12965106467560614 0.12677329525642023 0.09722758897345564 0.2045823089271331 0.08598536547826764 0.15212795430770426
0.10293777379836817 0.07830701772929814 0.2403726375026488 0.12420875700271068 0.09843291021194361 0.10546952770479272 0.1384834947477983 0.1117878813024396
0.10578243798172973 0.06853957822617385 0.2992351528102993 0.1177789458441748 0.09391224985049784 0.07743584888468287 0.1313147351426844 0.1060010512597573
0.10370140730967843 0.06528128508524013 0.32845708651645167 0.11399128052258897 0.0899899945058285 0.06889502261917478 0.1270917709707074 0.10259215247033007
0.10163176589904697 0.06390386492589295 0.3426633497276871 0.11216360134018791 0.08764292097670869 0.06599321084800815 0.12505404507629905 0.1009472412061691
0.0835249905406605 0.11546210129958091 0.18186713408130856 0.12693619504847195 0.09591550789004206 0.15787478304889313 0.08609585403287662 0.1523234340581663
0.11694124471628524 0.0858914346461855 0.19202730459760123 0.08656491807067616 0.14587659490091737 0.14013603660980145 0.1286845647737216 0.10387790168481138
0.08589374257614597 0.11800023601903704 0.13113264665345745 0.12447973686024652 0.11186531734401732 0.19482290174871966 0.08442973456608026 0.1493756842322958
0.10513285644855445 0.07694776087210514 0.24044772897871122 0.12347939016721554 0.10241734120893739 0.1027731660174001 0.1376703051565821 0.111131451150494
0.10637655917777376 0.06828486143146677 0.29907939733820244 0.11760271312381479 0.09496057873918265 0.07673519956694763 0.1311182488111786 0.1058424418114333
0.10386891810300077 0.0652342792042856 0.32833189464279655 0.113957621152282 0.0902684565304766 0.0687227280453962 0.12705424328470843 0.10256185903705381
0.10168310319784707 0.06389695531216862 0.34259051789764505 0.1121603697867564 0.08771996428806414 0.06595431457405437 0.12505044213538366 0.10094433280808077
0.10034387682001102 0.0632777572443284 0.34948239479144305 0.11130694326222051 0.0864298139100319 0.06488402978689412 0.12409893524907271 0.10017624893599847
0.08314494458712657 0.11522205952793926 0.1840403719756955 0.1267972863056432 0.09548024092938279 0.15715671543926577 0.08600163766817537 0.15215674356677178
0.10216377855428774 0.07509687122371546 0.2701760139208709 0.12113918376051049 0.09557099978920475 0.09176673771157613 0.13506114965537513 0.10902526538445945
0.08385641927850554 0.11855002411586545 0.15826579423503578 0.127957969279335 0.09861573217171564 0.17241561427313956 0.08678888351120113 0.153549563135202
0.13536001243058154 0.09984635260624383 0.20924218833141525 0.10015943292639182 0.127543660131214 0.12603457081202055 0.11167029312838012 0.09014348963375261
0.115871026693423 0.07055574420635452 0.27978108824765013 0.11602823386697396 0.10199810488622094 0.08197756968084803 0.12936282193825305 0.10442541048027656
0.10746290128863462 0.06586345496731616 0.31823377108123796 0.11454499853111559 0.09278292203627012 0.07031232818944641 0.12770912522797515 0.10309049867800403
0.10320707429329642 0.0642419343884869 0.33756168610796267 0.1126492588471354 0.08877682311084409 0.06658337333640463 0.12559551695344795 0.10138433296242187
0.10103039390086509 0.06346568416764742 0.3470251306485593 0.11157740649955954 0.08691145302560714 0.065169784333276 0.12440048157488204 0.10041966584960357
0.11905506739792075 0.07515077163182933 0.26179875525230906 0.08267611654404612 0.13664224566305747 0.10256210354175793 0.12290360011622377 0.09921133985285534
0.12527102724493935 0.07633010021317205 0.222551519538361 0.08199472624134627 0.15812856596495123 0.11543972164137434 0.12189066766624011 0.09839367148961552
0.11167456610746725 0.06695114006112583 0.28635697635945234 0.11480050936184845 0.1100842557721696 0.07881809317600302 0.12799400073626982 0.1033204584256636
0.08613164339028334 0.1162865710613423 0.16361903609099177 0.12719696367406844 0.10286957876487744 0.16498712742192553 0.08627272318762903 0.15263635640888212
0.10398583542105042 0.07585425000471482 0.25892330870306174 0.1221646523238786 0.0985403146909965 0.09437898118878131 0.13620447057602583 0.10994818709149073
0.10516115506341854 0.06757389442319403 0.3085400730643255 0.11656856734815214 0.09309220511143737 0.07418714092976295 0.1299652534463726 0.10491171061333694
0.10304952677341368 0.0648472076083033 0.33299912381604085 0.11340332400025999 0.08935642161159697 0.06784516126448811 0.126436243325663 0.102062991600234
0.10121590625219562 0.06370304824303144 0.34485919521853525 0.11188694452519087 0.08727829685145198 0.06561276546331463 0.12474559337360831 0.10069825007267179
0.10009777925675653 0.06318357382357032 0.3505783813528951 0.11117496655041313 0.0862173665781686 0.06473867147840863 0.12395179106441583 0.10005746989537183
0.09949314076718331 0.06294113223528307 0.35333120243451027 0.1108391175624986 0.08569550573365564 0.06436735095437195 0.12357734450624844 0.09975520580624873
0.0882244163664558 0.0558846181873057 0.3154685336131882 0.09845027108763749 0.10133600728430658 0.07614288785252778 0.14635294030341334 0.11814032530516501
0.08034627181529984 0.11432602257111779 0.17310555316367626 0.12777278183240723 0.1004413657930319 0.16401738851316283 0.08666327811241535 0.1533273381988887
0.10176331187575179 0.07536953984207588 0.26431300406460884 0.12179188931880237 0.09751318377996704 0.09384750308837135 0.13578886764350057 0.10961270038692214
0.08376103955383182 0.11864081689666323 0.15637054804504538 0.128012797246247 0.09921690422427201 0.1735564661627288 0.08682607117571536 0.1536153566954964
0.10364004300003785 0.0764834332388663 0.2551568334880154 0.1227412398526337 0.09786243061656943 0.09680158129483925 0.1368473226416677 0.11046711586737033
0.10526096992356813 0.0677991670618301 0.30668793003402284 0.11684225576234901 0.09308530354562931 0.07489594788279282 0.1302703956036936 0.10515803018611411
0.10317514824195712 0.06494035003044517 0.3321029133395296 0.11352613336947348 0.08943760109793816 0.06807116728067256 0.12657316660745774 0.10217352003252614
0.10129777244137243 0.06374409853056362 0.3444276063328821 0.11194263545932479 0.08733857553261742 0.06569325518071963 0.12480768460912778 0.1007483719133923
0.10014293777595122 0.06320229527847297 0.3503707848657161 0.11120069481862482 0.0862515229202476 0.06477066284077318 0.12398047616345184 0.10008062533676233
0.09951639049228697 0.06294983958151253 0.3532313452205532 0.11085115873770876 0.08571314547842569 0.06438130810756229 0.1235907695180126 0.09976604286393788
0.09919507069594247 0.06283059800328013 0.35460744021411805 0.11068525875051595 0.08545158907360495 0.06420750697418542 0.12340580341288866 0.09961673287546437
0.08281065379758279 0.11504411222166652 0.18566741754586696 0.12669070225823809 0.09512958448783594 0.15669934109942332 0.08592934587950063 0.1520288427098857
0.11659909542909257 0.08577169580276359 0.19368974505127345 0.08649639219371322 0.14543141947438207 0.13963328496118743 0.1285826964551319 0.10379567063245584
0.1107740251482179 0.0694856545719862 0.2719501009232559 0.11730402826934697 0.10817958087923944 0.08594774727717984 0.13078523748836146 0.10557362544241228
