0.125 0.125 0.125 0.125 0.125 0.125 0.125 0.125
0.548001571831345 0.13825686661111664 0.13411898794752766 0.03291254866090197 0.09377422257101824 0.02484976147392421 0.022323293874350905 0.005762747029815498
0.583362125733734 0.057622359327009987 0.23837127897301516 0.023117838252154164 0.06313785600071198 0.006475912120329855 0.025361792350291425 0.0025508372427530306
0.564634425065764 0.05097358404141711 0.2688865129818563 0.023970325098321716 0.05698067945451818 0.0053046661178755925 0.026789383519633662 0.002460423720613437
0.5864990221694361 0.05229120002229773 0.24880363932634447 0.021878785878453492 0.05847638634312958 0.005375659733293021 0.024459866761835904 0.0022154397652097866
0.6426674965786433 0.057572928177600784 0.1917641916380042 0.016971366256900416 0.06438081802348516 0.00594148556270556 0.01897342569203254 0.0017282880706281376
0.5864781959415488 0.05335289490241738 0.24586713985799513 0.022089604527484607 0.05966046999857936 0.005579092644148401 0.024694221547828677 0.002278380579997396
0.5648436175821642 0.05069017857544924 0.26949849906323725 0.023891148083738187 0.056686747414518214 0.0052415753323763765 0.02671064559340157 0.0024375883551152246
0.5857209416050339 0.11440532674364255 0.1752643075065519 0.033809008816253455 0.0583726473950586 0.011755075605152472 0.01724590462037588 0.003426787707931132
0.6314638352827826 0.060010125736700747 0.19635848110416013 0.01839997528671031 0.0653384230594588 0.006419233901851943 0.020067762888940893 0.0019421627393944021
0.6144727987632166 0.055982126046930626 0.1926900670063797 0.01736073129232992 0.08341640937235067 0.007818914474960265 0.025863577571558834 0.0023953754722733107
0.5654917452499253 0.11329995451115399 0.16701919432365453 0.033064014495140306 0.07777095632753658 0.016058960986483486 0.022673605183385383 0.0046215689227204135
0.5684235826572255 0.11942517898418038 0.15638464346650413 0.03232945345885801 0.07980832781913866 0.017372846864353256 0.021628655787759576 0.0046273109619804865
0.6301894439556748 0.06080996761616155 0.19476350681505336 0.018518151924758385 0.0667103188959837 0.006670201430648047 0.02033687033031266 0.0020015390314075945
0.5862942931987186 0.05348651717825159 0.24568196117573912 0.02212372912853403 0.059787652671537725 0.005612898798094286 0.024724164166086304 0.002288783683038201
0.6598470732371096 0.05922695463297962 0.17430348964115094 0.01543489830090558 0.06623314128872422 0.006125646347012027 0.01725591427645833 0.0015728822756597412
0.5755562263248696 0.052605469583185266 0.25608814072166763 0.023138052362070456 0.05882436936062412 0.00552281221179628 0.025866503561688015 0.0023984258740985752
0.5864566615314114 0.052498209476180675 0.248260307020583 0.021921252514845353 0.058709718647472736 0.005417404064712416 0.024508042430998044 0.0022284043137962227
0.5865118935524808 0.05256010327318841 0.2480451925957298 0.021931440265743837 0.05877582433210719 0.005426272888952028 0.024518203276617506 0.0022310698151802428
0.5543212740162361 0.04968072559601029 0.2802069354196684 0.02482297372402666 0.055555997128879035 0.0051295981391381714 0.027751873048928063 0.002530622927113261
0.6241399175245046 0.05545947970223963 0.18704095195222464 0.016412012018534754 0.08269262185027706 0.0075782066819728875 0.024464891913941394 0.0022119183563049202
0.5860026423713891 0.05358050350620389 0.24494792346326935 0.022107340376159128 0.06044349080867859 0.005692315554880419 0.024912413290764792 0.0023133706286548278
0.6598112557346826 0.05924886941160727 0.174258754870791 0.015437108422290995 0.06627476753111593 0.006132591601874769 0.01726242813449862 0.0015742242931388764
0.5661594032218735 0.11341900576341998 0.16716035483000335 0.033121733330144856 0.07715545163881157 0.015877289102384055 0.022525977947126356 0.004580784166236275
0.5844809477582612 0.05601544522356468 0.2416406295216868 0.022767956056647325 0.061514158694404325 0.006107621725389927 0.0250327011503086 0.0024405398697371597
0.5598584218282464 0.11050812700488251 0.176615229824464 0.034448950075489954 0.07515026779640492 0.015291692826553974 0.0234218961462282 0.004705414497729869
0.5845519167300228 0.05580456674828178 0.2421504181708483 0.022725394958864387 0.06128910696237693 0.006063012977841053 0.024988466117305805 0.0024271173344587076
0.5754599674881352 0.05180819975319005 0.2584600204629437 0.022966830591895457 0.057913771468865026 0.005374741836809717 0.025667595720762586 0.0023488726773983762
0.5865015652731504 0.05243052770763039 0.24841431814762707 0.021906233581154868 0.05863142598221772 0.005402085541782378 0.024490240092582116 0.0022236036738551325
0.5865158542643245 0.05255477889178256 0.24805698345006127 0.02193026186006551 0.0587696193569812 0.005425030114990256 0.024516788990792276 0.0022306830710023913
0.5756238374704824 0.11307048351127116 0.16182916874180758 0.03138439321732812 0.07692067276585896 0.015566071438948269 0.02134482440730114 0.00426054844700234
0.5629513996571404 0.05394962099950352 0.2631408066519131 0.024839805940454315 0.05925833118976376 0.005880074114678807 0.027313263976979366 0.0026666974695667813
0.5541788511202251 0.04962128348438469 0.280528384650643 0.024814510215476048 0.05547041164943025 0.005124152102413615 0.027733753055728002 0.0025286537216993765
0.6158047309229483 0.054711607943973395 0.19539750278405066 0.017152737419937537 0.08157654123544328 0.007474930458254944 0.025569079847564857 0.002312869387826949
0.6389098953743374 0.05828591182123107 0.16713884144960425 0.015048236305274312 0.08767051842528403 0.008240693362878481 0.022610618906675272 0.0020952843547152908
0.572383086812466 0.11550402696724711 0.15858529912732458 0.03161562849731762 0.07930484068107395 0.01647649500145293 0.02168441892755171 0.004446203985565976
0.5844235849529299 0.05619160760048234 0.24118437017761635 0.022800987416709526 0.06172466816907531 0.006147123582256455 0.025075327589638693 0.0024523305112915685
0.5647111978592735 0.05087227136093507 0.26911312036980034 0.023942547212308634 0.05686861400830567 0.005281422963484588 0.026758814199224077 0.0024520120266682713
0.5756155056457745 0.05131247649370289 0.25970607044754385 0.022849649808454317 0.057381655110070304 0.005274031102414969 0.025545519755759968 0.00231509163627919
0.6427686905382682 0.05741438982563396 0.19208624824144682 0.016947921485675848 0.06420395306535417 0.0059101799189243374 0.018947340418895436 0.0017212765058011706
0.5666340449232055 0.11295262468114739 0.16773408329809156 0.03306116809161842 0.07683749016226872 0.015744386605657124 0.0224846205726766 0.004551581665334753
0.5788424893517768 0.12151808240995662 0.16922050660496332 0.03498454390478688 0.060889301995986425 0.013242184516662864 0.017548574186160872 0.0037543170297061946
0.5848330638198667 0.055979625118142216 0.24225492043121866 0.02280298672489532 0.06084949244435916 0.0060260442824465466 0.024837845944682316 0.002416021234389155
0.5541760751327133 0.049890621654358015 0.279760219320912 0.024888423938554297 0.05575432926154344 0.00517396734375165 0.02780845897777261 0.0025479043703947385
0.5840563944834942 0.11378314902572706 0.1551185157055665 0.029801539216831527 0.07740655845048142 0.015553498959701678 0.020268329856804056 0.004012014301393458
0.562978041007491 0.05401995830685407 0.262909789708282 0.024854205261546768 0.05934182809110083 0.005893067466131136 0.027331940253160807 0.0026711699054334237
0.5863480422039151 0.052508323916339 0.2483545593351652 0.021929282302728798 0.05869809378161303 0.005423050304776928 0.024508421007525774 0.002230227147936176
0.5648899639066448 0.05062195497486708 0.26966053024807746 0.023872685675562475 0.05660790928371729 0.005226123211641893 0.026688880672162508 0.002431952027326524
0.6342456934441103 0.05651665019852958 0.20095738161477314 0.017695112383709164 0.06320121047289302 0.005806275455130708 0.01978325735132137 0.0017944190795328107
0.586497765725788 0.05321146706631285 0.24624494408289882 0.02206100867306182 0.05950195930101636 0.0055510328312836634 0.02466212538759453 0.002269696932043975
0.640415007918579 0.05745875287412811 0.16919637978619687 0.014976810877261526 0.08567416474175044 0.007919876395604647 0.022324987482703795 0.0020340199237755827
0.6300947799782044 0.057919644530299935 0.17468885160897465 0.015865428093560445 0.08712151574220585 0.008243247233086724 0.023840139371974652 0.002226393441693588
0.553662729322781 0.050893375990966744 0.2764458364099447 0.025127939717868437 0.057445023935690974 0.005439001518307824 0.028335592824467473 0.0026505002799728497
0.5755490177131345 0.051261302621158016 0.2598825103649188 0.022839614782449343 0.05734302533749129 0.005269089280492958 0.025541902889277237 0.002313537011078107
0.6155526730607374 0.05497872230404606 0.19479281469116733 0.01719485500973381 0.08197421875982218 0.007545337163963485 0.025631655724170678 0.0023297232863592698
0.5833264300944999 0.1166848369436002 0.17238555439183118 0.034074164911816335 0.06006171813597313 0.012379674018101021 0.017522212819099284 0.003565408685078851
0.5740952029273002 0.05471004275921786 0.2535236495303196 0.023785462027269274 0.05955971419407793 0.005869575937970932 0.025942177415923365 0.002514175207920957
0.5541979876543551 0.049731828612210864 0.2802069471635768 0.024844695401784418 0.055579125013611404 0.005142897329513499 0.027760641401699038 0.002535877423248758
0.5649121703384885 0.050199359072090395 0.2708638214574027 0.023768208442832443 0.05613636400309233 0.005144875361861937 0.026572572697475982 0.002402628626755691
0.564929859462932 0.050303762924061815 0.2705476759996046 0.02379306931161723 0.056252425650002415 0.005163756889813565 0.0266000375414871 0.0024094122204814886
0.6515054326608982 0.05802330626253302 0.18377785339700148 0.01615501233949741 0.06488512802358046 0.005957389264683065 0.018060735624647623 0.0016351424271588144
0.5864907216986027 0.05345048603450705 0.2455859016572867 0.022108558431551656 0.059768500053012104 0.0055969531221296285 0.024714973678660265 0.002283905324249806
0.5831102744848651 0.11471093702480942 0.15403253685633914 0.029894559920038765 0.07803961658117646 0.01581832195006053 0.02033201309596084 0.004061740086749703
0.5845492136687583 0.05615123546598863 0.2411927971607289 0.022788405835015627 0.0616774252687558 0.006132328859470198 0.025060867196565428 0.002447726544717181
0.6150034141560965 0.05539997894654355 0.19399479730424923 0.01726836044407783 0.08257310534072244 0.007668083697416934 0.02573294768566433 0.002359312425229024
0.6304215156833243 0.05757515980975292 0.17543462302958007 0.015822073022489832 0.08661072689735475 0.008151281863516633 0.023777040256986605 0.0022075794369949835
0.5749892392966588 0.05282456344286532 0.25521333957439546 0.023159598865155815 0.0596215022284954 0.005641618893018943 0.02611207417557019 0.0024380635238402523
0.5679810107341575 0.11150486554919845 0.16956585152580006 0.032877122881581615 0.07588007245730206 0.015357339351164298 0.022366978304950404 0.004466759195845473
0.5736819189506959 0.05485439588671369 0.2527607123956486 0.023784167844008212 0.06025158916871696 0.005967407651940938 0.02615365060516898 0.0025461574971066972
0.6007813065273252 0.11821870850324111 0.1587986057211373 0.03081548553945853 0.06029580565292785 0.012235640199044892 0.01571322306179347 0.0031412247950719694
0.587389228973466 0.12297918491890268 0.1618188766992941 0.03336817738010923 0.06108991788237193 0.01321380584168466 0.01660683424082593 0.003533974063345359
0.5690170749478685 0.11958124190825607 0.1566804404875736 0.03241386003624138 0.07906286080074258 0.017182309204403414 0.021473325529092605 0.0045888870858219735
0.5753331987457144 0.1216457075524973 0.14826271019989903 0.03081562933843601 0.08115286442183037 0.017778251798834594 0.020584313792500548 0.004427324150287781
0.6354939949079748 0.061497349195684524 0.1634774438855577 0.015553062438368976 0.08994406638409728 0.00901617375556366 0.02277612562788175 0.00224178380487146
0.6581116848872466 0.06082637206436211 0.17106650003708948 0.015605854076258398 0.06861901695026242 0.006533126825991585 0.0175866472607152 0.0016507978980741858
0.5647165957225655 0.051743571963361046 0.266538065073509 0.024152577190746177 0.05787845590119584 0.005449462161496071 0.027008680785945583 0.0025125912011806674
0.5777073874495906 0.11304276853943997 0.18292665633931404 0.035367574030045215 0.05768060190764241 0.011638914539853742 0.018042065626099387 0.0035940315680145865
0.580207940875548 0.12060887434734369 0.1704415407228042 0.03490587364376327 0.05991091772222736 0.012879687472455867 0.01736994608383552 0.0036752191320221727
0.5542580526994363 0.11613076203075011 0.17207568373037851 0.03553950961819269 0.07678726126042118 0.016642816856149847 0.0235413049598734 0.005024608844798074
0.5758087077155758 0.12117482818552466 0.148809002587326 0.03077413236478082 0.08083676645153172 0.017638297676603177 0.02055602127732355 0.00440224374133413
0.5733979227943898 0.05545760496267472 0.25141885627374844 0.02392787674412403 0.06083573829451206 0.00609465708433327 0.026279737886242372 0.0025876059599752904
0.586321101721838 0.052688960178440415 0.24787697319831387 0.02196590281075281 0.05889819858805099 0.005458912852654462 0.024548653736797283 0.0022412969131520998
0.5648800326311689 0.0506360218482629 0.26962762427665654 0.023876504336518403 0.05662404057005764 0.00522932898667203 0.02669332829774434 0.002433119052919269
0.5756290117833602 0.05129459183500119 0.2597455707690352 0.022845169963242738 0.0573615574824768 0.005269928078518576 0.025540464178289896 0.0023137059100754973
0.5756386783170189 0.05141663226950821 0.25939238330295 0.02287180556049287 0.05749687773662206 0.005292598305452989 0.025569748291046836 0.002321276216907955
0.583591987748793 0.11427215526201928 0.1545250691670569 0.029848490841514367 0.07773813935455315 0.01568719582416513 0.02029996592123605 0.004036995880662083
0.5523962626782275 0.053035115486419586 0.27340401555459287 0.02587837184247956 0.058257111928539065 0.005788959282149598 0.02845543494458897 0.002784728283002821
0.5647437683667305 0.05043208550118005 0.270357766965627 0.023833904801205664 0.056377430045358674 0.005195969994611716 0.02663781715734006 0.0024212571679463144
0.5838707346245847 0.11399076032106979 0.1548596687851072 0.029820715181073494 0.07754649281982098 0.015608381662848142 0.02028103794552886 0.004022208659966781
0.5736921952468313 0.055061451940276944 0.2521660998416189 0.023826020834623086 0.06048465352528427 0.0060081391422847595 0.026202156600292004 0.002559282868788783
0.554162847871286 0.04977040522514444 0.2801020668448839 0.02485520913219662 0.05563707700418363 0.005153262264841246 0.027779213164628117 0.002539918492836051
0.5649094039781409 0.05020269292872052 0.2708557932536207 0.023769095820274814 0.05614060772633786 0.005145690870958434 0.02657378944211522 0.0024029259798315633
0.6015729979256553 0.11740443664097061 0.15957572403389456 0.030718535716314135 0.05990149946460284 0.012051825856232344 0.01566870963161751 0.003106270730712594
0.657107323539889 0.06271641626548889 0.17005997540920964 0.0159739796012954 0.06829154069151028 0.006733240736671163 0.017428364995788447 0.0016891587601471738
0.5646786848383193 0.05181644174992312 0.2664319420139476 0.024175977278295773 0.05790685071879081 0.005461109263328228 0.027012238013643483 0.002516756123751569
0.5755621126211709 0.05138994512938097 0.25952834273928405 0.022868881587465816 0.05747028190570733 0.005291542822835524 0.02556786060916493 0.0023210325849905224
0.5865247333993646 0.05239702832673672 0.24848857855875084 0.021898731469991436 0.058593527058779425 0.0053944954466607535 0.024481674203959036 0.0022212315357569893
0.5833161672330356 0.11455163004273838 0.1541928885533698 0.029876036360045172 0.0779277531147125 0.015765323895918847 0.020318564398477935 0.004051636401701799
0.5523838271616897 0.05305137625713628 0.2733693925862887 0.02588325340925357 0.05827334436314869 0.005792644359845715 0.028460026431985894 0.002786135430651396
0.5758522480300743 0.11271076581488697 0.16238352709519838 0.03135586676500427 0.07665043767596508 0.015483761925297438 0.02131907757970864 0.004244315113865213
0.58457742480538 0.05599748011824877 0.24158962336145018 0.022758838939649955 0.06150920776949867 0.0061006074877194396 0.02502858498623172 0.0024382325318211763
0.5541573295373515 0.049906521430340085 0.2797062233160599 0.024892000673180942 0.05578857923364102 0.005179338831306889 0.027820013510508827 0.0025499934676108333
0.5865111540590637 0.05213469096796384 0.2492292348657 0.021847432071516806 0.05830147119115226 0.0053451492575806265 0.024424867405337454 0.00220600018168529
0.6513138486170441 0.05833242997305619 0.18315641717753622 0.016195778555917653 0.06522968382418176 0.006018100774171705 0.01810600046682404 0.0016477406112682877
0.5864746204446004 0.05347282532683444 0.24553650779680428 0.022113452205319774 0.059794212408976095 0.005602143813106277 0.024720727184959556 0.0022855108193992357
0.5864583847246353 0.05264036831257865 0.24786384343000767 0.021949239787780836 0.058867940053108865 0.005444448854929423 0.024539023519598392 0.0022367513173609252
0.5543166674491729 0.04968665622968698 0.2801929430947014 0.024824733031715035 0.055562891363823995 0.005130983252845891 0.02775396273576911 0.0025311628422847844
0.6157946510249641 0.054718482061364225 0.19538357396546271 0.01715392555716151 0.08158779444936891 0.007477042424380094 0.025571142200583142 0.0023133883167153857
0.5643776399319825 0.05148713969224394 0.2668985722143975 0.024060553724908406 0.05808322423676048 0.005459672852974001 0.027116832455625847 0.002516364891107292
0.6322342644902064 0.056433608684964574 0.17818995422769773 0.015697148069655994 0.08416843165040115 0.007747594085511705 0.023404898047019576 0.0021241007445429224
0.649931395937272 0.05958244017542796 0.1804503477419736 0.016342172310248586 0.06721601517068189 0.006344815403120215 0.018417163506354424 0.0017156497549213265
0.5754871362444549 0.05257770036047635 0.2562029998723419 0.02313275402873512 0.05881065721754617 0.0055227825376092735 0.025867571413694113 0.00239839832514209
0.5864574995935546 0.052495874833281254 0.24826558409936283 0.02192070383365412 0.0587075216011835 0.005416966955334715 0.02450758460296449 0.002228264480664368
0.5865120142105664 0.052559928091581054 0.24804557152575155 0.02193140055613851 0.05877563351157666 0.005426233770062108 0.02451816072753542 0.0022310576067882462
0.575615044067642 0.05158915344146776 0.25892195678586616 0.022910859444557122 0.05769011644060415 0.0053266440515848095 0.025613528427573983 0.002332697340704219
0.57562217433897 0.051440594271489004 0.25933726648850247 0.02287772624193713 0.057524410463177265 0.0052980354421899925 0.025576675127843854 0.002323117625890401
0.5756304984242419 0.051428509624749416 0.25936506273288207 0.022874740287332496 0.05751052496487437 0.005295293300136469 0.02557318172482656 0.002322188940956809
0.5682927262266636 0.11127856890873355 0.1698177044513728 0.03284528350259612 0.07570168891067441 0.015276585833391598 0.022338691776707043 0.004448750389860875
0.5524165479726985 0.052805850612857884 0.2740570417762724 0.02581926180009969 0.0580022475011513 0.005742771752595124 0.02838891025509625 0.0027673683292287698
0.6405979470198966 0.05718343039233961 0.16988400481567356 0.014950731627776883 0.08523202275262245 0.007851904528231257 0.022278730438474746 0.002021228424984871
0.5726577995042104 0.11531957808533029 0.15879402106532678 0.031594846761312766 0.07913889838846223 0.016403345597666267 0.021660186260300942 0.004431324337390551
0.5628256399783533 0.05410188909237589 0.26280732095215825 0.024880241071821404 0.059429289427219326 0.005916917066212589 0.027358945296528103 0.002679757115331064
0.5647310098811249 0.050578489822799645 0.26994532410654415 0.02387010035432957 0.05654087743754724 0.005224505909735436 0.026678165104724618 0.0024315273831944325
0.6156631197362853 0.05485502843998835 0.1950780726620176 0.017175595327092164 0.08178988382891862 0.007513251096149125 0.025602995806713238 0.0023220531028355406
0.5538000089574842 0.05053348180129225 0.2774374069202796 0.02502955057123223 0.057008697342617785 0.005360014393298602 0.028210778143179353 0.0026200618706160865
0.5864586489948267 0.052200202468131326 0.24906929306770378 0.021861150176332392 0.05839137406401279 0.005361622045545929 0.024446545063869635 0.002211164119577574
0.5865279208934082 0.05253597550993292 0.24809929610120215 0.021926065421942507 0.05874848219204736 0.005420839298485319 0.02451204884836903 0.0022293717346126064
0.5865101605379888 0.05256362827560008 0.2480368278125752 0.021932223292484673 0.05877975961831633 0.005427017777255282 0.02451907736490009 0.002231305320879582
0.5648869246865865 0.05062795079160491 0.2696448113371402 0.02387426711568528 0.056615250547297685 0.005227434395509126 0.02669092489794175 0.0024324362282346374
0.5685258816393296 0.11103537155617098 0.17012490936897584 0.032814447917810366 0.07553731663223576 0.015209909036506779 0.022318027627294283 0.004434136221676301
0.5737049595488984 0.05482474096411504 0.25282116806527455 0.023776781973749262 0.06022133308134172 0.005960582038004789 0.02614652355331267 0.0025439107753034806
0.5863551325766103 0.0526408740456253 0.2479808617756887 0.02195504685607371 0.05884529578069201 0.005448049456758406 0.024536825962322067 0.0022379135462294425
0.5648827530816782 0.05063246971450689 0.269635745284744 0.02387553773635415 0.056619967944868115 0.005228503698855897 0.026692202883510267 0.0024328196554824744
0.5865188488853067 0.05226468769287241 0.2488611394260861 0.0218728106860837 0.05844638061367802 0.0053695571656878615 0.024453040150645304 0.002213535379639762
0.5865250435638812 0.05254125470928345 0.24808741246065485 0.02192726265131022 0.05875407824660084 0.005421953136382686 0.024513273144767908 0.0022297220871187783
0.5604026244064857 0.11007819524991956 0.177052371536572 0.03437574683521303 0.07488498994447297 0.015153747228288947 0.023379817968062724 0.004672506830984993
0.5524133068533168 0.052709265829443804 0.2743446166006874 0.02579512841188079 0.05789291763050738 0.005723736154531372 0.02836078613444461 0.002760242385187871
0.6513080990660436 0.05812969746651444 0.18370091341955866 0.016175498378072996 0.06498148138085386 0.005985236706910633 0.018077983780485033 0.001641089801560505
0.5864851995144551 0.0534567478719958 0.2455736074865092 0.02210996803884216 0.0597752179221497 0.005598451139184575 0.024716446247318932 0.0022843617795447156
0.631972485223273 0.05672423676821751 0.1775715168551906 0.015734803808177242 0.0845798284462108 0.007822203179717007 0.023455435366525876 0.0021394903526880307
0.5750639116873173 0.05274311039551579 0.25541750155689813 0.023141524729247406 0.05950280223128249 0.005619592089202681 0.026080823145685675 0.0024307341648505455
0.575541504929885 0.05154502120144455 0.25908591947613263 0.022902588602123936 0.057658378591315514 0.005323424305604809 0.025611465983007297 0.0023316969104862596
0.5759010085196072 0.1127903602105715 0.1621690800792424 0.03135249090546897 0.0767311969964878 0.015487817545499296 0.021323416608493153 0.004244629134629618
0.5736857380274838 0.05495998767736674 0.25245945371674416 0.023805635444224208 0.060369852306130636 0.0059881927939498866 0.026178280540508497 0.0025528594935920476
0.5754566767327199 0.05167396978337053 0.25884234691381364 0.022937415825573133 0.05776471677983118 0.005349325374066108 0.02563514499662713 0.0023404035939981953
0.5865090521395577 0.05241934187065183 0.24843956853075463 0.02190374392885611 0.05861859498953746 0.005399556260198805 0.024487330552870303 0.0022228117275730776
0.6405157814239154 0.057392423658754986 0.16931072273950495 0.01496820025857798 0.08557239392218208 0.007899036539252153 0.02231145173739476 0.002029989720417574
0.6412136765045086 0.05893563369109986 0.18878158113140125 0.017153595670986187 0.06648649199047066 0.006290058687381241 0.019332577091241497 0.001806385232910789
0.5754855602501343 0.052469028246729124 0.25651199357110044 0.023108774591858595 0.05868983200657379 0.005502216902886676 0.02584107188763156 0.0023915225430856724
0.5833827340616163 0.11443280929205624 0.15436357129227204 0.029867225217004797 0.07785170599142055 0.01574095128395888 0.02031374601744344 0.00404725684422761
0.6563082679843717 0.06302372725334363 0.16927128616201612 0.01598813746587513 0.0692282289793466 0.006880629173098888 0.01758295542490849 0.0017167675570395904
0.6223587605776946 0.057147454871025356 0.18348179886521965 0.01665953508744259 0.08517430606169042 0.008039061242415713 0.024824438438635382 0.0023146448558762117
0.5642633585734113 0.051732900889176654 0.2662616805463417 0.02412300598531858 0.05837513539106498 0.005514273278944585 0.02719366676220614 0.002535978573536193
0.5606702789196446 0.1097325811549356 0.17751538111970178 0.034328055233860344 0.07467369964365121 0.01507221979691129 0.023354292187278504 0.004653491944016579
0.6393489800907846 0.06097939146193661 0.18726554938501155 0.01758814200759347 0.0669794384711375 0.006619201857025193 0.019339321924836877 0.0018799748016742285
0.5863229617906927 0.05356346377570931 0.2454425384254386 0.022137834721164634 0.059874141603512475 0.005626124202081738 0.024740076200043724 0.0022928592813568414
0.5864534365998906 0.05264617191130563 0.2478523588032063 0.021950568706143134 0.05887409866050423 0.005445809062533982 0.024540386740787946 0.0022371695156284113
0.6340393846439536 0.056833172131828605 0.20030615733937002 0.017747013980784015 0.06355460309174255 0.0058690417955246516 0.019841100278420582 0.0018095267383760247
0.5648416475309993 0.05127054551417333 0.2678243592227981 0.024033834179112975 0.05733234533205545 0.005351421111243933 0.026868608929491476 0.002477238180125368
0.5864822857328985 0.052318245990965975 0.24874062366480745 0.02188477725389553 0.05850795215923169 0.005381697416146817 0.024467075548915272 0.0022173422331387255
0.5543343186270505 0.04966182122590837 0.2802525275142532 0.024817360546767097 0.05553433963372462 0.00512532843772969 0.02774535261651479 0.0025289513980517476
0.5764277274540452 0.11225682684928905 0.16281916194117446 0.031292112314252093 0.07636870947345852 0.01533865033554246 0.02128250049938986 0.004214311132848451
0.5524295687155254 0.052889930365271676 0.2737957928945956 0.025839632072223156 0.0580991717924701 0.005758965486800586 0.0284135287168513 0.0027734099562620688
0.642659265320093 0.057375966486100785 0.19230251857527814 0.016948850314864452 0.06413960013268302 0.005909750659011401 0.018942690819037777 0.00172135769293165
0.5666433538731726 0.11294515829690023 0.16774303231597962 0.03306014382573977 0.07683161568574327 0.01574195343624191 0.022483710325475546 0.004551032240746842
0.5685378487451024 0.11935367583431458 0.15646541100911643 0.03232205799150205 0.07973973947019691 0.017341590860423518 0.02161859256284039 0.004621083526503825
0.5734134995116054 0.055326044856004536 0.25176897592867664 0.02390002350050608 0.06069421943447377 0.006068005166253552 0.026250203053775404 0.0025790285487048707
0.5863283679717022 0.052678262204991735 0.24790087542323433 0.021963520017462462 0.05888603600669669 0.005456488558985327 0.02454590993840281 0.0022405398785244612
0.5865021874633694 0.052573348138010435 0.24801682970184416 0.021934426941464316 0.05879043364279968 0.005429294027159148 0.024521471476573888 0.0022320086087790707
0.5543205271099673 0.0496816834535852 0.280204698212245 0.02482325883209974 0.05555709637981546 0.005129821130066108 0.027752205102939298 0.002530709779281929
0.5865242827244919 0.05211713326615245 0.24926710446789016 0.02184344658213743 0.05828177629741443 0.005341131392085738 0.02442038139692992 0.002204743872897829
0.5865331828873155 0.052529152430782156 0.24811471080133587 0.021924579217472893 0.05874017550889016 0.005419206235499565 0.02451012913277445 0.002228863785929473
0.6320890370434921 0.05664782818791901 0.17770621915731638 0.01572371444158537 0.08446255230301974 0.007798159804982105 0.023438032700889292 0.002134456360796131
0.5643344610827584 0.05175280740421547 0.2661611793525532 0.02412633235133357 0.05838473932879843 0.005513234059759093 0.027191681115686393 0.0025355653048956175
0.5606668802200604 0.1097358435352179 0.17751180673193953 0.03432862007917614 0.07467551594120887 0.015073071608558013 0.02335456087475369 0.004653701009085465
0.5737021799876654 0.05471838187894097 0.2531235389860101 0.023755097766632333 0.060102347586436 0.005939602101475265 0.026121707670814523 0.002537144022025409
0.5647449948490177 0.05069172853445976 0.26960783608399813 0.023897203648824885 0.05666613790429953 0.005245268772186029 0.026707858250604663 0.002438971956609371
0.5865155093044773 0.05226818811789991 0.2488547666038923 0.021873639450842773 0.05844990410489299 0.005370383052064043 0.024453820311349315 0.0022137890545815097
0.5756310777162387 0.0515656333535417 0.2589761752261092 0.022905069146672983 0.057663091758990585 0.005321306646048929 0.02560675374281563 0.002330892409581988
0.5865152320009359 0.05241206170982411 0.24845425623574743 0.021902077734292417 0.05861068839000137 0.005397847167213 0.0244855532338985 0.0022222835280873037
0.5756231715741623 0.051577246162612195 0.25894939156828606 0.022907927789300807 0.05767643834157116 0.0053239413483240385 0.025610099763698015 0.0023317834520453357
0.5648969223450107 0.05048115833671083 0.27006086060547907 0.023837874845657168 0.05645146245421603 0.005199101576738546 0.026650412936285072 0.002422206899902557
0.6156736816380907 0.05484857747466756 0.19508865033733672 0.017174408699496012 0.08178063831337529 0.007511162178688045 0.02560133141292033 0.0023215499454254823
0.6388907085499429 0.058297303778404544 0.16711879153860268 0.015049641828041516 0.08768971785867226 0.00824457744832375 0.02261323222909375 0.0020960267689184324
0.5749859617517217 0.05294046938845664 0.254888576114581 0.02318509990742028 0.05975037042832998 0.005664051451918287 0.026139971456482627 0.0024454995010896037
0.5648039328325615 0.050600441457016046 0.26976913481991355 0.023869354151218863 0.056602978752312336 0.005227964881479228 0.026693476408318408 0.0024327166971800027
0.5756302474810797 0.05129163309252267 0.2597523759100139 0.022844407658909067 0.057358683756785434 0.00526935591213915 0.02553978717777445 0.0023135090107756916
0.5934187096525694 0.11617178855213775 0.1671279965650741 0.03229820083761497 0.05927254387342898 0.011958143631631422 0.01647466475195584 0.0032779521355875275
0.6399317393245378 0.060963519381206026 0.18752304483826324 0.01760559933080491 0.06637678795433187 0.006534930678315074 0.019203109826856298 0.0018612686656846779
0.5754368996004016 0.05255529197895887 0.25638042203906025 0.02313374002599338 0.05873269615113953 0.005516971172261463 0.025847553053393948 0.0023964259787907613
0.5755685393200292 0.051517352410972835 0.2591625762443885 0.022896762058234058 0.05761172835574274 0.005315445982035032 0.025598587271214897 0.0023290083573827575
0.5865176394399417 0.052407668023620305 0.24846453910447808 0.021901099747622617 0.058605729523484716 0.0053968988194744395 0.02448444109689361 0.00222198424448453
0.5865171749564733 0.052553007051140785 0.24806087943135421 0.021929868465351995 0.05876757351391384 0.0054246176514342916 0.024516324138968353 0.002230554791363214
0.5543216856987283 0.04968020225072882 0.2802081694981996 0.024822818691653155 0.05555538593384902 0.005129475267118567 0.027751687596446563 0.0025305750632760122
0.5865243747856566 0.052117013044025384 0.24926736890985876 0.02184341965294846 0.05828163611972156 0.00534110332659726 0.024420349063751786 0.002204735097440361
0.62376391402274 0.055863477831082725 0.1861424377644625 0.016469336542571714 0.08329166602606676 0.00768425720038448 0.024549387095164646 0.002235523517527326
0.5859770027666232 0.05361334828971897 0.24487268617259145 0.02211431037507894 0.06048459838100294 0.005700359084233673 0.024921842680684467 0.002315852250066381
0.5648135622004453 0.050721107812443024 0.2694144836250433 0.02389860272072022 0.05673595735006744 0.005250260982285651 0.026725291687249193 0.0024407336217460254
0.5648994724716033 0.0503458727876885 0.27044882418670235 0.02380453813434446 0.05630130950386674 0.005173397428709876 0.026613652390007805 0.0024129330970768877
0.5865352249705674 0.05224065900039696 0.24891518332340126 0.021867440147112525 0.058418793675350536 0.005364114822822997 0.024446755208807992 0.0022118288515403208
0.5543387791870995 0.049656093328612184 0.2802660369350452 0.024815661170140745 0.055527677489737054 0.005123989825182513 0.027743332473837982 0.0025284295903448112
0.6602434729742762 0.058665137250356145 0.1753759123038238 0.015367698729195871 0.06560419972423012 0.006011886388498128 0.017180644728896168 0.001551047900723627
0.6419988958845005 0.05863161558278421 0.18960791524853246 0.017127896869783103 0.0655613960112552 0.006149842302226995 0.019147456312134124 0.0017749817887834662
0.6420220883872366 0.058495870342929086 0.18993206248616848 0.01710964342712258 0.06541426614179414 0.006127677985711194 0.019128349434706746 0.001770041794331166
0.5755249432215805 0.05242656952151583 0.25661947853003314 0.023099372428083742 0.058626929844110866 0.005490672202072711 0.025824364849819457 0.002387669402783703
0.5757295103880872 0.1129231118503441 0.16203189042002764 0.031370060345997645 0.07682390964497919 0.015531787894424056 0.021335997157462875 0.004253732298677367
0.5761165948318314 0.12098744599326415 0.148792370760674 0.03072929322677382 0.08084613658259172 0.017579259359002043 0.020558237435395484 0.004390661810467252
0.5842924008668317 0.056502530025548316 0.24054698028942192 0.022870203847815174 0.0619867515841703 0.006208797779024235 0.025121529715294324 0.0024708058918939996
0.5541312364694608 0.049941616009402216 0.27962597391986027 0.024902562021107907 0.05582685204844406 0.00518728285996019 0.027831390947629354 0.002553085724135183
0.6602144805505132 0.05868950207489073 0.17533907863549436 0.015371040942485726 0.06563170159612748 0.006017590769954985 0.017184448399296216 0.0015521570312374002
0.6592842608840765 0.06021223158004098 0.17231923478900774 0.015548642822332051 0.06732890336948426 0.006315882667015428 0.01738154428091717 0.001609299607125791
0.5647651269755131 0.051691812550632515 0.2666677810068601 0.024139698847089608 0.057804857703276105 0.005435556094959073 0.026987557888380347 0.002507608933289236
0.5759495916322589 0.11268851886355503 0.1623241671769659 0.03134424098230306 0.07666569289404071 0.01546812707412597 0.021318807483352725 0.00424085389339784
0.5535272837061807 0.11621113070631482 0.17143482173005473 0.03547812201545945 0.07765638639223195 0.016880570757417297 0.023731893219300807 0.005079791473040419
0.6303560580779379 0.060557135359749416 0.19527748566990044 0.01847957391419863 0.06642951313507868 0.006617505921284475 0.02029341492011609 0.001989313001734062
0.5540980308236528 0.05053060514692457 0.27791980743299605 0.02506239132784552 0.05648293598206348 0.00530046372442314 0.028008890939545266 0.0025968746225490855
0.5543052359718996 0.04932493572159168 0.28126641544170766 0.024727646061493972 0.05516088086934944 0.005063272661643805 0.02764663953688585 0.0025049737354278473
0.564935008384102 0.050167599040137574 0.2709367100282781 0.023759437193863586 0.056100784314934864 0.005137721939934834 0.02656272570142541 0.0024000133973234796
0.5756558638458382 0.05125620771418207 0.25983359550693647 0.02283565198515611 0.057317413447296364 0.005261206131528339 0.025529313236423497 0.0023107481326388162
0.5756409524445147 0.05141364662917398 0.2593991180234219 0.02287106836790102 0.05749340349730991 0.005291901764565797 0.025568868053924467 0.002321041219188334
0.586523786216482 0.052399465818013705 0.24848262013623382 0.021899274175582822 0.05859621064000136 0.0053949884817198175 0.024482265726120233 0.002221388805846356
0.6426568134275098 0.057582471023388565 0.19174830450981223 0.01697293860996254 0.0643917539112762 0.0059436760107054116 0.01897525723180855 0.001728785275536795
0.6146172985801833 0.05591351072623639 0.1927201076577052 0.01734444460165107 0.0833651249685109 0.0077959325100993284 0.025853741853245835 0.002389839102367984
0.5537326424057262 0.05061518587082702 0.27723786030963726 0.025053044943930753 0.0571112079352532 0.005380094924026722 0.028242122038061635 0.0026278415725373514
0.575566028731162 0.05123783125303873 0.2599366926039349 0.022833819466582344 0.057315398728338504 0.005263674538613587 0.025534854873736954 0.0023116998045927947
0.5759610780024605 0.11274407708866363 0.16221695455736915 0.03134637968470292 0.07669867290388067 0.015472408165247684 0.02131898950367135 0.004241440094004121
0.5535203926417629 0.1162170011104296 0.17142881144191377 0.03547911691705373 0.07765975059312814 0.016882322941636083 0.023732395158903175 0.00508020919517247
0.5627107191738489 0.0540589434800073 0.2631350868244747 0.02488310659567598 0.0593011230147214 0.0059074419022065216 0.027326890740092407 0.0026766882689730088
0.5647352446919522 0.05057216596273136 0.269963225730078 0.023868537709141102 0.056531520752585114 0.00522292984974994 0.02667542773084334 0.0024309475729189546
0.5543465400753688 0.049391203463792874 0.28104013361547653 0.024743829249749355 0.05523233562455137 0.005073596782704218 0.02766346620186881 0.002508894986488377
0.5865412664394519 0.05209248059871452 0.24932249711281643 0.021837918278057044 0.05825341483192611 0.005335543774003394 0.024413890126744046 0.0022029888382864033
0.5833756719727919 0.1145056359473866 0.15423916322175224 0.029870689336271856 0.07789543860019772 0.015750006228787094 0.020314677988374368 0.004048716704438357
0.575888947969786 0.12121556246378694 0.14852506960309703 0.03074945324829371 0.08099989739715084 0.017646253107958924 0.020572095844798813 0.004402720365127907
0.5599470500473216 0.11871038032178996 0.16302961486241221 0.03403706367572485 0.07922475522622839 0.017397338433384753 0.02274134682091592 0.00491245061222223
0.5842631755377283 0.05631122875737022 0.24111060823141717 0.022837875897315882 0.06176488683809281 0.006171241590528976 0.025081223327765075 0.002459759819781712
0.5647066132258463 0.05087825618311264 0.26910261874429525 0.023944343056098775 0.0568731686992161 0.005282646035066373 0.026759903575199702 0.0024524504811646564
0.6156254114602203 0.05487956987187036 0.19503287529377553 0.017179965227844044 0.08182748544612556 0.007520956276094068 0.02560980929133617 0.0023239271327340143
0.6304918151138214 0.05753378165154419 0.17550797534695317 0.015816307700975422 0.08654173836932197 0.008137113266366233 0.023766617351274874 0.0022046511997428453
0.5642581165408666 0.05183520387876238 0.2659505725842619 0.024146695168160533 0.05850425983301559 0.005535469873933487 0.027226136081654178 0.002543546039345487
0.57554359333422 0.051404108469019445 0.25948244169309315 0.02287134149299904 0.05750213567949175 0.0052965561239860185 0.025577105234782623 0.002322717972407895
0.5756317610750872 0.051425479105015 0.25937206771555715 0.0228739633436013 0.057507555948597036 0.005294704311437677 0.02557248197075038 0.002321986529954308
0.5649053910276473 0.05046907364180968 0.2700892257064477 0.02383458514098333 0.0564375864261587 0.0051963582924290826 0.026646573873378224 0.002421205891145869
0.5543523257821555 0.049384656420900515 0.28105417365953933 0.024741823146770096 0.05522530245675209 0.005072065381692881 0.02766135277423733 0.002508300377952198
0.5543713309982596 0.04923485519766781 0.2814803611711634 0.024700614294853783 0.055057810762645494 0.005042790412771557 0.02761530359104507 0.0024969335715933167
0.6158525784928333 0.05468100384956501 0.19545256598556782 0.017147233127413876 0.08153018557828026 0.007465260266216066 0.025560654423037215 0.0023105182770864837
0.6587782462864399 0.060095494775379885 0.17233962711489334 0.015515777769156395 0.06779390945991579 0.0063720051799313875 0.01748474614654159 0.0016201932677416709
0.5835298457355703 0.1170668111814001 0.17219696299602147 0.03416627237217116 0.05974374102636401 0.012314470659674382 0.017431566869358574 0.0035503291594398893
