Action: 0
[0.10574662475124273, 0.1056385335512077, 0.15301288568327656, 0.1056385335512077, 0.2130024878145766, 0.1056838675460733, 0.1056385335512077, 0.1056385335512077]
[0.21320444063531657, 0.10274691839060496, 0.12375182176949087, 0.10274691839060496, 0.14930914564216774, 0.10274691839060496, 0.10274691839060496, 0.10274691839060496]
[0.21183035160529493, 0.10640607959282454, 0.1529128037320508, 0.10577014630916139, 0.1057701463141433, 0.10577017982820222, 0.10577014630916139, 0.10577014630916139]
[0.125, 0.125, 0.125, 0.125, 0.125, 0.125, 0.125, 0.125]
[0.211802524153999, 0.10590084619099346, 0.15278755825158918, 0.10590084619099346, 0.10590084619103318, 0.10590568663940492, 0.10590084619099346, 0.10590084619099346]
[0.1049700731683037, 0.10596754521629884, 0.1533104793226702, 0.10496961052662403, 0.21010495076045602, 0.11073811995239925, 0.10496961052662403, 0.10496961052662403]
[0.125, 0.125, 0.125, 0.125, 0.125, 0.125, 0.125, 0.125]
[0.125, 0.125, 0.125, 0.125, 0.125, 0.125, 0.125, 0.125]

Action: 1
[0.10381491941497398, 0.10381491782945268, 0.10381491782945268, 0.10381491782945268, 0.14962796753147312, 0.2274825239062895, 0.10381491782945268, 0.10381491782945268]
[0.10381660202135315, 0.10381660202135315, 0.10381660202135315, 0.10381660202135315, 0.22777863558900804, 0.1493217522828731, 0.10381660202135315, 0.10381660202135315]
[0.10411557782756378, 0.10394820136604851, 0.10394490425333369, 0.10394490425333369, 0.25480588370354196, 0.12135072008951107, 0.10394490425333369, 0.10394490425333369]
[0.125, 0.125, 0.125, 0.125, 0.125, 0.125, 0.125, 0.125]
[0.10402011689017499, 0.10397761884582785, 0.10397761865827779, 0.10397761865827779, 0.1212179294285606, 0.2548738602023255, 0.10397761865827779, 0.10397761865827779]
[0.1046469079879317, 0.1072280575075775, 0.1046469079879317, 0.1046469079879317, 0.11145547098565517, 0.25808193156710885, 0.1046469079879317, 0.1046469079879317]
[0.125, 0.125, 0.125, 0.125, 0.125, 0.125, 0.125, 0.125]
[0.125, 0.125, 0.125, 0.125, 0.125, 0.125, 0.125, 0.125]

