Action: 0
[0.17062834728642762, 0.096775188447128, 0.24777660626354184, 0.09677518831524033, 0.09771910474194107, 0.09677518831524033, 0.09677518831524033, 0.09677518831524033]
[0.1223049371792364, 0.09692245097615727, 0.2882242753993998, 0.09692245097615727, 0.10485853254057727, 0.09692245097615727, 0.09692245097615727, 0.09692245097615727]
[0.16366688751970251, 0.09429847512484422, 0.22864339476736353, 0.09429847360295154, 0.13619734817628346, 0.09429847360295154, 0.09429847360295154, 0.09429847360295154]
[0.125, 0.125, 0.125, 0.125, 0.125, 0.125, 0.125, 0.125]
[0.0946436030723013, 0.12059979609930346, 0.27140256271094937, 0.09459445262306382, 0.1349762276251906, 0.09459445262306382, 0.09459445262306382, 0.09459445262306382]
[0.09962008594401767, 0.09714982129850042, 0.15691095272857164, 0.0971017643977595, 0.2579120824378723, 0.0971017643977595, 0.0971017643977595, 0.0971017643977595]
[0.125, 0.125, 0.125, 0.125, 0.125, 0.125, 0.125, 0.125]
[0.125, 0.125, 0.125, 0.125, 0.125, 0.125, 0.125, 0.125]

Action: 1
[0.10099893872696188, 0.11086509900642488, 0.09427803766898851, 0.09427803766898851, 0.1563156991564856, 0.25470811243417363, 0.09427803766898851, 0.09427803766898851]
[0.1111111111111111, 0.1111111111111111, 0.1111111111111111, 0.1111111111111111, 0.1111111111111111, 0.2222222222222222, 0.1111111111111111, 0.1111111111111111]
[0.10093109132516953, 0.09925231271424412, 0.09925231271424412, 0.09925231271424412, 0.1085210948563177, 0.29428625024729216, 0.09925231271424412, 0.09925231271424412]
[0.125, 0.125, 0.125, 0.125, 0.125, 0.125, 0.125, 0.125]
[0.09826919407000474, 0.09826919407000474, 0.09826919407000474, 0.09826919407000474, 0.1653561494307739, 0.24502868614919765, 0.09826919407000474, 0.09826919407000474]
[0.10067492615341705, 0.10067492615341705, 0.10067492615341705, 0.10067492615341705, 0.10067492615341705, 0.29527551692608067, 0.10067492615341705, 0.10067492615341705]
[0.125, 0.125, 0.125, 0.125, 0.125, 0.125, 0.125, 0.125]
[0.125, 0.125, 0.125, 0.125, 0.125, 0.125, 0.125, 0.125]

