Action: 0
[0.11403773647210115, 0.09009633398157277, 0.3450168881516705, 0.09009632968064384, 0.0904637224385637, 0.09009632991416032, 0.09009632968064384, 0.09009632968064384]
[0.1183563662837641, 0.08689001597274215, 0.32499744800693614, 0.08689001597274215, 0.12219610584558895, 0.08689001597274215, 0.08689001597274215, 0.08689001597274215]
[0.15482231278207836, 0.08516650435907601, 0.17458648483310113, 0.08516650405333608, 0.24470488607690044, 0.0852202997888359, 0.08516650405333608, 0.08516650405333608]
[0.125, 0.125, 0.125, 0.125, 0.125, 0.125, 0.125, 0.125]
[0.3281291451572828, 0.08335587696526442, 0.11211022148771844, 0.08335587696526442, 0.11285331778516404, 0.11348380770877702, 0.08335587696526442, 0.08335587696526442]
[0.13525480536708176, 0.17112713858353898, 0.24076504157301648, 0.08556356929176949, 0.10902653164101647, 0.08713577496003783, 0.08556356929176949, 0.08556356929176949]
[0.125, 0.125, 0.125, 0.125, 0.125, 0.125, 0.125, 0.125]
[0.125, 0.125, 0.125, 0.125, 0.125, 0.125, 0.125, 0.125]

Action: 1
[0.08668254254256297, 0.14068102461313145, 0.08668254254256297, 0.08668254254256297, 0.24423325529625545, 0.1816730073777982, 0.08668254254256297, 0.08668254254256297]
[0.1111111111111111, 0.1111111111111111, 0.1111111111111111, 0.1111111111111111, 0.1111111111111111, 0.2222222222222222, 0.1111111111111111, 0.1111111111111111]
[0.11159910801140355, 0.17162245304994178, 0.08581122652497089, 0.08581122652497089, 0.16928728414622873, 0.2042462486925424, 0.08581122652497089, 0.08581122652497089]
[0.125, 0.125, 0.125, 0.125, 0.125, 0.125, 0.125, 0.125]
[0.13595061611491743, 0.08718337091187273, 0.08718337091187273, 0.08718337091187273, 0.19367571261503505, 0.2344568167106839, 0.08718337091187273, 0.08718337091187273]
[0.09025572338219091, 0.09025572338219091, 0.09025572338219091, 0.09025572338219091, 0.2542602039298329, 0.2042054557770216, 0.09025572338219091, 0.09025572338219091]
[0.125, 0.125, 0.125, 0.125, 0.125, 0.125, 0.125, 0.125]
[0.125, 0.125, 0.125, 0.125, 0.125, 0.125, 0.125, 0.125]

