Action: 0
[0.7371000000000001, 0.08189999999999999, 0.07289999999999998, 0.008099999999999996, 0.08189999999999999, 0.009099999999999997, 0.008099999999999994, 8.999999999999992E-4]
[0.69564, 0.12276000000000002, 0.05235999999999996, 0.009239999999999995, 0.09486, 0.016740000000000005, 0.007139999999999995, 0.0012599999999999994]
[0.7532960000000001, 0.06550399999999998, 0.093104, 0.008095999999999996, 0.06550399999999998, 0.0056959999999999945, 0.008095999999999996, 7.039999999999992E-4]
[0.71253, 0.10647000000000001, 0.07046999999999998, 0.010529999999999998, 0.07916999999999999, 0.011829999999999999, 0.007829999999999995, 0.0011699999999999994]
[0.69564, 0.09486, 0.05235999999999996, 0.0071399999999999944, 0.12276000000000004, 0.016740000000000005, 0.009239999999999995, 0.0012599999999999992]
[0.6544549999999999, 0.13404500000000003, 0.03444500000000003, 0.007055000000000008, 0.13404500000000003, 0.02745500000000001, 0.0070550000000000074, 0.0014450000000000018]
[0.7125300000000001, 0.07916999999999999, 0.07046999999999998, 0.007829999999999995, 0.10647000000000001, 0.011829999999999997, 0.010529999999999998, 0.0011699999999999994]
[0.671925, 0.11857500000000001, 0.05057499999999996, 0.008924999999999995, 0.11857500000000003, 0.02092500000000001, 0.008924999999999994, 0.0015749999999999994]

Action: 1
[0.47759352659999993, 0.16955217340000003, 0.08727167340000001, 0.030982626600000014, 0.1463854734, 0.05196882660000002, 0.02674932660000001, 0.009496373400000006]
[0.435647079, 0.20975600099999997, 0.06898292100000002, 0.03321399900000001, 0.14708042100000002, 0.070816499, 0.023289579000000008, 0.011213501000000004]
[0.49008050784000007, 0.15817413216000006, 0.10201869215999997, 0.03292666784, 0.13566069216, 0.04378466784000001, 0.02824010783999999, 0.00911453216]
[0.4484719701, 0.19867372989999998, 0.08195022990000002, 0.03630407010000001, 0.13745952990000002, 0.0608947701, 0.02511827010000001, 0.011127429900000005]
[0.40383792719999995, 0.15704808279999996, 0.06394607280000002, 0.024867917200000002, 0.21773807279999996, 0.08467591719999998, 0.03447792720000001, 0.013408082800000002]
[0.36579597813, 0.19097111187, 0.04936232187, 0.02577058813, 0.21308672187000002, 0.11124618813000002, 0.028754978130000008, 0.015012111870000004]
[0.4165059824999999, 0.1478652675, 0.07610901750000001, 0.02701973250000001, 0.2074730175, 0.07365573250000002, 0.03791198250000001, 0.013459267500000007]
[0.37859805674999997, 0.18228795325, 0.05994944325000002, 0.028864546750000008, 0.20412944325, 0.09828454675, 0.03232305675000001, 0.015562953250000004]

