Action: 0
[0.12134632771805419, 0.10394852678638679, 0.2548085325342656, 0.10394852678638679, 0.10410250581574625, 0.10394852678638679, 0.10394852678638679, 0.10394852678638679]
[0.1046058407282547, 0.1046058407282547, 0.2580811639988151, 0.1046058407282547, 0.10757897577842729, 0.11131065658148406, 0.1046058407282547, 0.1046058407282547]
[0.1496354972322824, 0.10374550481856423, 0.227496515832729, 0.10374549455936488, 0.10413852922178866, 0.10374746921654092, 0.10374549455936488, 0.10374549455936488]
[0.125, 0.125, 0.125, 0.125, 0.125, 0.125, 0.125, 0.125]
[0.15310945402385573, 0.10505082454504172, 0.1115347736059197, 0.10505082454504172, 0.2101016496450158, 0.10505082454504172, 0.10505082454504172, 0.10505082454504172]
[0.1239758824518852, 0.10238434945376325, 0.251773915904763, 0.10238434945376325, 0.10403324634279223, 0.11067955748550652, 0.10238434945376325, 0.10238434945376325]
[0.125, 0.125, 0.125, 0.125, 0.125, 0.125, 0.125, 0.125]
[0.125, 0.125, 0.125, 0.125, 0.125, 0.125, 0.125, 0.125]

Action: 1
[0.10755279225611833, 0.11118506254184551, 0.10451672091654776, 0.10451672091654776, 0.10509671884653622, 0.258098542689309, 0.10451672091654776, 0.10451672091654776]
[0.10398613021585182, 0.10398613021585182, 0.10398613021585182, 0.10398613021585182, 0.1508976003338417, 0.22518561837104734, 0.10398613021585182, 0.10398613021585182]
[0.1229562618208474, 0.10259978010812856, 0.10259978010738219, 0.10259978010738219, 0.11188191975145113, 0.25216291789004425, 0.10259978010738219, 0.10259978010738219]
[0.125, 0.125, 0.125, 0.125, 0.125, 0.125, 0.125, 0.125]
[0.1493871364140172, 0.10262806912161287, 0.1026280691216039, 0.1026280691216039, 0.11167841865024312, 0.22579409932771108, 0.1026280691216039, 0.1026280691216039]
[0.1043449109176338, 0.10390594606043314, 0.10389704391906478, 0.10389704391906478, 0.15088854761838055, 0.22527241972729342, 0.10389704391906478, 0.10389704391906478]
[0.125, 0.125, 0.125, 0.125, 0.125, 0.125, 0.125, 0.125]
[0.125, 0.125, 0.125, 0.125, 0.125, 0.125, 0.125, 0.125]

