Action: 0
[0.11229660724683803, 0.13382757957754152, 0.20396854483587973, 0.08907835819898953, 0.19115649106608773, 0.09151570267668455, 0.08907835819898953, 0.08907835819898953]
[0.1055053094833685, 0.09298216374063377, 0.21668019324525956, 0.09298216374063377, 0.11992151482756927, 0.18596432748126754, 0.09298216374063377, 0.09298216374063377]
[0.18675621084732444, 0.08919292821082181, 0.2428341704251743, 0.0891929280522773, 0.1213860425043854, 0.09225186385546207, 0.0891929280522773, 0.0891929280522773]
[0.125, 0.125, 0.125, 0.125, 0.125, 0.125, 0.125, 0.125]
[0.11139789093279702, 0.09067052049558948, 0.2950840685696519, 0.09067052049558948, 0.1348121893512821, 0.09602376916391107, 0.09067052049558948, 0.09067052049558948]
[0.11939902609758335, 0.09461659782960778, 0.3126917733430801, 0.0946151940169908, 0.09483182666176568, 0.0946151940169908, 0.0946151940169908, 0.0946151940169908]
[0.125, 0.125, 0.125, 0.125, 0.125, 0.125, 0.125, 0.125]
[0.125, 0.125, 0.125, 0.125, 0.125, 0.125, 0.125, 0.125]

Action: 1
[0.09327528829264886, 0.09327528829264886, 0.09327528829264886, 0.09327528829264886, 0.1444387551581074, 0.2959095150859994, 0.09327528829264886, 0.09327528829264886]
[0.1111111111111111, 0.1111111111111111, 0.1111111111111111, 0.1111111111111111, 0.1111111111111111, 0.2222222222222222, 0.1111111111111111, 0.1111111111111111]
[0.08978694807588623, 0.13723752613095888, 0.08978694807588623, 0.08978694807588623, 0.14931471186436468, 0.2645130216252453, 0.08978694807588623, 0.08978694807588623]
[0.125, 0.125, 0.125, 0.125, 0.125, 0.125, 0.125, 0.125]
[0.09094815692640597, 0.11241781464484206, 0.09094815692640597, 0.09094815692640597, 0.20500394859293972, 0.22783745213018847, 0.09094815692640597, 0.09094815692640597]
[0.1597164773082198, 0.12684308724580123, 0.09118526003079272, 0.09118526003079272, 0.09118526003079272, 0.2575141352920154, 0.09118526003079272, 0.09118526003079272]
[0.125, 0.125, 0.125, 0.125, 0.125, 0.125, 0.125, 0.125]
[0.125, 0.125, 0.125, 0.125, 0.125, 0.125, 0.125, 0.125]

