0.125 0.125 0.125 0.125 0.125 0.125 0.125 0.125
0.125 0.125 0.125 0.125 0.125 0.125 0.125 0.125
0.12326388888888887 0.12326388888888887 0.12326388888888887 0.12326388888888887 0.12326388888888887 0.13715277777777776 0.12326388888888887 0.12326388888888887
0.1216013780197479 0.1216013780197479 0.1216013780197479 0.1216013780197479 0.1216013780197479 0.14879035386176473 0.1216013780197479 0.1216013780197479
0.1200964980727931 0.1200964980727931 0.1200964980727931 0.1200964980727931 0.1200964980727931 0.1593245134904485 0.1200964980727931 0.1200964980727931
0.11808132972495476 0.11808132972495476 0.11808132972495476 0.11808132972495476 0.13142538506637622 0.1600866365838952 0.11808132972495476 0.11808132972495476
0.125 0.125 0.125 0.125 0.125 0.125 0.125 0.125
0.1177830494418013 0.1177830494418013 0.1177830494418013 0.1177830494418013 0.14256287552566474 0.15073882782352743 0.1177830494418013 0.1177830494418013
0.12290640516911767 0.12290640516911767 0.12290640516911767 0.12290640516911767 0.12290640516911767 0.1396551638161763 0.12290640516911767 0.12290640516911767
0.11564492262160024 0.11564492262160024 0.12930118986261332 0.11564492262160024 0.14000971737906898 0.15246447965031676 0.11564492262160024 0.11564492262160024
0.12122195671029841 0.12122195671029841 0.12122195671029841 0.12122195671029841 0.12122195671029841 0.1514463030279111 0.12122195671029841 0.12122195671029841
0.11400125119102682 0.11400125119102682 0.13803212322964137 0.11400125119102682 0.13803212322964134 0.15392949758558339 0.11400125119102682 0.11400125119102682
0.11992713359115906 0.11992713359115906 0.11992713359115906 0.11992713359115906 0.11992713359115906 0.16051006486188654 0.11992713359115906 0.11992713359115906
0.11278620032466406 0.11278620032466406 0.14440453661735128 0.11278620032466406 0.1365603884296655 0.15510407332966264 0.11278620032466406 0.11278620032466406
0.11897541363696923 0.11897541363696923 0.11897541363696923 0.11897541363696923 0.11897541363696923 0.1671721045412153 0.11897541363696923 0.11897541363696923
0.12418864985185324 0.11096915944774555 0.14233657836529875 0.11096915944774555 0.13455467991318404 0.15504345407868186 0.11096915944774555 0.11096915944774555
0.1231014087049268 0.10930266983249867 0.15353201806669714 0.10930266983249867 0.1359766023686476 0.15017929152973364 0.10930266983249867 0.10930266983249867
0.11854776790636011 0.11854776790636011 0.11854776790636011 0.11854776790636011 0.11854776790636011 0.17016562465547924 0.11854776790636011 0.11854776790636011
0.12237361558102026 0.10920164136920249 0.1460389081444423 0.10920164136920249 0.13270238594000097 0.1620785248577267 0.10920164136920249 0.10920164136920249
0.11757661291665045 0.11757661291665045 0.11757661291665045 0.11757661291665045 0.11757661291665045 0.17696370958344684 0.11757661291665045 0.11757661291665045
0.12159236241028201 0.10852829430843197 0.14894034247272028 0.10852829430843197 0.1318365184652666 0.1635175994180034 0.10852829430843197 0.10852829430843197
0.11719427251850668 0.11719427251850668 0.11719427251850668 0.11719427251850668 0.11719427251850668 0.17964009237045314 0.11719427251850668 0.11719427251850668
0.13041162303312961 0.10717919350486166 0.14745982813203873 0.10717919350486166 0.1304116230331296 0.16300015178225558 0.10717919350486166 0.10717919350486166
0.1391864565673615 0.10480392419071327 0.1554870790201014 0.10480392419071327 0.13065654289531575 0.15545422475436807 0.10480392419071327 0.10480392419071327
0.14008463765505724 0.10338865352408352 0.15683084045575868 0.10338865352408352 0.13783575809832768 0.15169414969452233 0.10338865352408352 0.10338865352408352
0.1459157589299124 0.10238617368720879 0.15629022246803917 0.10238617368720879 0.13872605126293439 0.14952327259027876 0.10238617368720879 0.10238617368720879
0.14696319145971387 0.10162165670674798 0.15533989064212358 0.10162165670674798 0.1381962567162939 0.15301403435487673 0.10162165670674798 0.10162165670674798
0.1467220975335227 0.10105508595201085 0.15444668302850553 0.10105508595201085 0.13749000762822133 0.15712086800170705 0.10105508595201085 0.10105508595201085
0.11729341570484714 0.11729341570484714 0.11729341570484714 0.11729341570484714 0.11729341570484714 0.17894609006607018 0.11729341570484714 0.11729341570484714
0.13944449422946184 0.10299700203617568 0.14331171299130746 0.10299700203617568 0.13392096854501262 0.1713348160895154 0.10299700203617568 0.10299700203617568
0.1437581275729704 0.10042745905859943 0.15293821926183943 0.10042745905859943 0.13573521713888384 0.16585859979190865 0.10042745905859943 0.10042745905859943
0.1149796294156129 0.1149796294156129 0.1149796294156129 0.1149796294156129 0.13006132020882222 0.1800609032975002 0.1149796294156129 0.1149796294156129
0.137878208537098 0.10214969709142696 0.14427931526762489 0.10214969709142696 0.13643987345012024 0.17280381437944908 0.10214969709142696 0.10214969709142696
0.11447585847571795 0.11447585847571795 0.11447585847571795 0.11447585847571795 0.1296358444146202 0.18350900473107198 0.11447585847571795 0.11447585847571795
0.13684611186265294 0.10127414106582126 0.1432191728291571 0.10127414106582126 0.1415568917972135 0.17328125924769128 0.10127414106582126 0.10127414106582126
0.11427719464686525 0.11427719464686525 0.11427719464686525 0.11427719464686525 0.13000573817988897 0.18433109393891958 0.11427719464686525 0.11427719464686525
0.14004330611382013 0.10076529512516649 0.1426375345921841 0.10076529512516649 0.14116298581325593 0.17309499298007366 0.10076529512516649 0.10076529512516649
0.11422222192788478 0.11422222192788478 0.11422222192788478 0.11422222192788478 0.12990699812935766 0.18475967030333368 0.11422222192788478 0.11422222192788478
0.13979106957620255 0.10053195316285646 0.144152336038979 0.10053195316285646 0.14089896158971854 0.17302982014367407 0.10053195316285646 0.10053195316285646
0.11418217489940923 0.11418217489940923 0.11418217489940923 0.11418217489940923 0.12983761507604463 0.1850693355275 0.11418217489940923 0.11418217489940923
0.1396185853076219 0.10037323338708985 0.14517718932534884 0.10037323338708985 0.14071868188001382 0.17299260993865598 0.10037323338708985 0.10037323338708985
0.11415492607341526 0.11415492607341526 0.11415492607341526 0.11415492607341526 0.1297903351711946 0.1852801083883139 0.11415492607341526 0.11415492607341526
0.1418707464288519 0.10004330731769366 0.14483657108617853 0.10004330731769366 0.14037406415932102 0.17274538905487402 0.10004330731769366 0.10004330731769366
0.14887696203960063 0.09689418554433979 0.15372662331241066 0.09689418554433979 0.1451419050618667 0.16467776740876292 0.09689418554433979 0.09689418554433979
0.11450053573225256 0.11450053573225256 0.11450053573225256 0.11450053573225256 0.13062741407245998 0.18236937153402472 0.11450053573225256 0.11450053573225256
0.14137468074596568 0.09942060700362254 0.14434948458345778 0.09942060700362254 0.144318322783332 0.17227508387275434 0.09942060700362254 0.09942060700362254
0.11254882624981562 0.11254882624981562 0.11254882624981562 0.11254882624981562 0.14115828976410227 0.1835487527370041 0.11254882624981562 0.11254882624981562
0.14185792075618375 0.09887659181325044 0.1430396378985251 0.09887659181325044 0.14739385611630837 0.17220221797598123 0.09887659181325044 0.09887659181325044
0.11246209632011837 0.11246209632011837 0.11246209632011837 0.11246209632011837 0.14168124928325526 0.18354617279603444 0.11246209632011837 0.11246209632011837
0.14140881258210217 0.09846060497647394 0.14258961909526957 0.09846060497647394 0.15037394793442002 0.17178520048231255 0.09846060497647394 0.09846060497647394
0.11240018822922337 0.11240018822922337 0.11240018822922337 0.11240018822922337 0.1422101104480943 0.18338876017656533 0.11240018822922337 0.11240018822922337
0.1412750669931326 0.09835050150006697 0.14325309037532785 0.09835050150006697 0.15045762416539368 0.17161221246587807 0.09835050150006697 0.09835050150006697
0.11240061194720932 0.11240061194720932 0.11240061194720932 0.11240061194720932 0.14222712202568727 0.18336920629105685 0.11240061194720932 0.11240061194720932
0.14120808468325305 0.09828335737630857 0.14372451577913214 0.09828335737630857 0.1503967132437443 0.17153725678863627 0.09828335737630857 0.09828335737630857
0.11240166643831792 0.11240166643831792 0.11240166643831792 0.11240166643831792 0.14221610162043524 0.1833738997496571 0.11240166643831792 0.11240166643831792
0.1411632917878494 0.09823816178075498 0.14404264524504554 0.09823816178075498 0.15034747966800432 0.17149393617608089 0.09823816178075498 0.09823816178075498
0.11240221510267825 0.11240221510267825 0.11240221510267825 0.11240221510267825 0.142206890289241 0.18337981909468934 0.11240221510267825 0.11240221510267825
0.14113301974688267 0.09820768021007448 0.1442568171179248 0.09820768021007448 0.15031362297889564 0.17146581931599905 0.09820768021007448 0.09820768021007448
0.11240255026708931 0.11240255026708931 0.11240255026708931 0.11240255026708931 0.14220051375070894 0.1833841846467552 0.11240255026708931 0.11240255026708931
0.1411126185736386 0.0981871510407217 0.14440098574291635 0.0981871510407217 0.15029075738582148 0.17144703413473664 0.0981871510407217 0.0981871510407217
0.11240277168395826 0.11240277168395826 0.11240277168395826 0.11240277168395826 0.14219620232422042 0.18338716757203005 0.11240277168395826 0.11240277168395826
0.14109888512564936 0.09817333303573088 0.1444980153235763 0.09817333303573088 0.15027535963359473 0.1714344077742561 0.09817333303573088 0.09817333303573088
0.1124029206839954 0.1124029206839954 0.1124029206839954 0.1124029206839954 0.14219329889527949 0.18338917700074803 0.1124029206839954 0.1124029206839954
0.14082379624599764 0.0978981872543786 0.144222930949779 0.0978981872543786 0.15220045905002838 0.1711600647366805 0.0978981872543786 0.0978981872543786
0.11112503309728465 0.11112503309728465 0.11112503309728465 0.11112503309728465 0.1512521098816824 0.1819976915346098 0.11112503309728465 0.11112503309728465
0.1411205898745632 0.09751622613815239 0.14331431256730315 0.09751622613815239 0.1552779719044521 0.170222221101072 0.09751622613815239 0.09751622613815239
0.1110715613780012 0.1110715613780012 0.1110715613780012 0.1110715613780012 0.15201001281517737 0.18156061891681555 0.1110715613780012 0.1110715613780012
0.14108142580888267 0.09749804384617543 0.1433477399540066 0.09749804384617543 0.15554922555220724 0.17002943330020187 0.09749804384617543 0.09749804384617543
0.11107220356438947 0.11107220356438947 0.11107220356438947 0.11107220356438947 0.15208217000237084 0.1814846086112922 0.11107220356438947 0.11107220356438947
0.1408823641421732 0.0972987301918797 0.14314869139052608 0.0972987301918797 0.15697426930106065 0.16979975439872133 0.0972987301918797 0.0972987301918797
0.11011310974215407 0.11011310974215407 0.11011310974215407 0.11011310974215407 0.15889094113632304 0.1804304004107525 0.11011310974215407 0.11011310974215407
0.14031509679183907 0.09710780177001621 0.14261097894319358 0.09710780177001621 0.15945503531966512 0.1691876818652375 0.09710780177001621 0.09710780177001621
0.10939127175306679 0.10939127175306679 0.10939127175306679 0.10939127175306679 0.16419727787559948 0.1794550916059997 0.10939127175306679 0.10939127175306679
0.1086557549146652 0.1086557549146652 0.1086557549146652 0.1086557549146652 0.16509170877785115 0.18297376173415758 0.1086557549146652 0.1086557549146652
0.1069260702823971 0.1069260702823971 0.11899893193958212 0.1069260702823971 0.16366944739757833 0.1827012692508541 0.1069260702823971 0.1069260702823971
0.11725321654315368 0.10537254206733178 0.11859464561617424 0.10537254206733178 0.16162707625724063 0.18103489331410433 0.10537254206733178 0.10537254206733178
0.11714526271729048 0.10411712754582894 0.12762716508859867 0.10411712754582894 0.15966968198955142 0.17908938002124364 0.10411712754582894 0.10411712754582894
0.12602650369252635 0.10280378979906277 0.12810442143483877 0.10280378979906277 0.15768357174611172 0.17697034393027183 0.10280378979906277 0.10280378979906277
0.12670285622376734 0.10171953747610193 0.13549378485630828 0.10171953747610193 0.15591667700960923 0.17500853200590746 0.10171953747610193 0.10171953747610193
0.1340055368919492 0.10060080689161172 0.13632323205821792 0.10060080689161172 0.15419065018293707 0.17307735330044902 0.10060080689161172 0.10060080689161172
0.13503452834492888 0.09970447413904648 0.1420652486663084 0.09970447413904648 0.15270106782467194 0.1713812586079048 0.09970447413904648 0.09970447413904648
0.13461517796223577 0.09901383404210463 0.14784282757370373 0.09901383404210463 0.1514984460290435 0.1699882122665988 0.09901383404210463 0.09901383404210463
0.13994082421834017 0.09811080657930525 0.1489256014644792 0.09811080657930525 0.15018206757132463 0.16850828042863483 0.09811080657930525 0.09811080657930525
0.1410528923418773 0.0975679953630505 0.15213573712955136 0.0975679953630505 0.1491868062604794 0.16735258281589008 0.0975679953630505 0.0975679953630505
0.14101641337339973 0.09718595484700053 0.1552851494758881 0.09718595484700053 0.14846268625232464 0.16649193151038524 0.09718595484700053 0.09718595484700053
0.14072801326423048 0.0969088901304517 0.15784124670110633 0.0969088901304517 0.14793673553778383 0.16585844397507274 0.0969088901304517 0.0969088901304517
0.14043956176279537 0.09671005543030353 0.1597658271317223 0.09671005543030353 0.1475571272545156 0.16539726212975256 0.09671005543030353 0.09671005543030353
0.14435677342631717 0.09608654184418329 0.15991116140248537 0.09608654184418329 0.14680313918162075 0.16458275861284347 0.09608654184418329 0.09608654184418329
0.1455064075053822 0.09588979808084379 0.16053845336648112 0.09588979808084379 0.14634724352096704 0.16404870328379448 0.09588979808084379 0.09588979808084379
0.1458028977119527 0.09579114960615784 0.16121171822951577 0.09579114960615784 0.14609189996093033 0.16372888567296953 0.09579114960615784 0.09579114960615784
0.14584147543918616 0.0957278212126846 0.1617733210911285 0.0957278212126846 0.1459408078873283 0.16353311073161866 0.0957278212126846 0.0957278212126846
0.14873787205298153 0.09530018308377407 0.16157576140896937 0.09530018308377407 0.14546123817096868 0.163024396031984 0.09530018308377407 0.09530018308377407
0.1496939671544298 0.09519501121083546 0.16162620438120648 0.09519501121083546 0.14519123424516767 0.1627085493758543 0.09519501121083546 0.09519501121083546
0.15000594988279584 0.09515667169717587 0.16176786335356738 0.09515667169717587 0.14506009216317972 0.16253940781175366 0.09515667169717587 0.09515667169717587
0.15214504184378283 0.09485919275817153 0.1615287664881501 0.09485919275817153 0.14471753861280331 0.1621718820225775 0.09485919275817153 0.09485919275817153
0.15289250072593719 0.09478975271496272 0.1614678903432805 0.09478975271496272 0.14453036009904954 0.16195023797188193 0.09478975271496272 0.09478975271496272
0.1531559196052863 0.09476772413869917 0.16149276749887898 0.09476772413869917 0.14444399672927996 0.1618364196117584 0.09476772413869917 0.09476772413869917
0.15324620070151687 0.09475740806408102 0.16154120241887973 0.09475740806408102 0.14440399685469354 0.16177896776858586 0.09475740806408102 0.09475740806408102
0.1532744801710916 0.09475121003954308 0.1615876520003341 0.09475121003954308 0.1443840505445208 0.161748977125881 0.09475121003954308 0.09475121003954308
0.15328119349334116 0.0947471237006622 0.16162473249204676 0.0947471237006622 0.14437310849490456 0.16173247071705887 0.0947471237006622 0.0947471237006622
0.1528731628165277 0.09433652926977398 0.1612294848688376 0.09433652926977398 0.14723619477326372 0.161315040462275 0.09433652926977398 0.09433652926977398
0.15264590035602113 0.09426508985356999 0.1610091930913741 0.09426508985356999 0.14821381711109247 0.16107073002723243 0.09426508985356999 0.09426508985356999
0.1525490593054228 0.09425503818049688 0.16090794732219987 0.09425503818049688 0.14856197546202604 0.16096086518836356 0.09425503818049688 0.09425503818049688
0.15391317039195013 0.09405442853872949 0.16066542501119802 0.09405442853872949 0.14848893431621082 0.16071475612572314 0.09405442853872949 0.09405442853872949
0.1541228150019713 0.09372880945221049 0.16023940906379372 0.09372880945221049 0.15043532468555915 0.16028721343983393 0.09372880945221049 0.09372880945221049
0.1541448275416782 0.09366855952075355 0.16001265061139344 0.09366855952075355 0.15111838276986622 0.16004990099404814 0.09366855952075355 0.09366855952075355
0.15510121478013092 0.09352212023060404 0.15977232628066923 0.09352212023060404 0.15123279688163105 0.15980518113515269 0.09352212023060404 0.09352212023060404
0.1554543411164232 0.0934931808101539 0.1596504910778688 0.0934931808101539 0.15124755112496524 0.15967489344012709 0.0934931808101539 0.0934931808101539
0.15558956870403515 0.0934873384676406 0.15959864038165958 0.0934873384676406 0.15124734328800107 0.15961509375574193 0.0934873384676406 0.0934873384676406
0.15564225413863067 0.09348600202854718 0.15957881839197757 0.09348600202854718 0.15124592747794285 0.1595889918772602 0.09348600202854718 0.09348600202854718
0.15566286433340837 0.0934855649951429 0.1595721809131781 0.0934855649951429 0.15124494976010977 0.1595777450127321 0.0934855649951429 0.0934855649951429
0.1556708723219701 0.09348533944675669 0.1595705573722159 0.09348533944675669 0.15124435083055915 0.15957286168822812 0.09348533944675669 0.09348533944675669
0.15632649411944607 0.09339209682977014 0.1594766423820269 0.09339209682977014 0.15115087948805953 0.1594775966913869 0.09339209682977014 0.09339209682977014
0.15657255807138704 0.09337310694049672 0.15941966662738216 0.09337310694049672 0.15109619377989064 0.1594191537593532 0.09337310694049672 0.09337310694049672
0.1566681107997726 0.09336918128683735 0.15939275532808705 0.09336918128683735 0.15107138417310972 0.15939102455168114 0.09336918128683735 0.09336918128683735
0.15670583219059644 0.09336827275749286 0.1593807014977948 0.09336827275749286 0.15106100109031564 0.15937937419132175 0.09336827275749286 0.09336827275749286
0.1567208223683472 0.09336801298539096 0.15937544963799372 0.09336801298539096 0.15105677611740373 0.15937489993469142 0.09336801298539096 0.09336801298539096
0.15716956893841896 0.09330471226727438 0.15930997386480536 0.09330471226727438 0.15099186192221625 0.15930974620546165 0.09330471226727438 0.09330471226727438
0.15733938792259947 0.09329166381274308 0.1592702191069847 0.09329166381274308 0.15095402335241337 0.15926971436703005 0.09329166381274308 0.09329166381274308
0.15770525825771162 0.0932461814608121 0.1592082722398482 0.0932461814608121 0.15089409080966634 0.1592076528495255 0.0932461814608121 0.0932461814608121
0.15784565859878033 0.09323669140037312 0.1591734026768644 0.09323669140037312 0.15086171307975957 0.15917246004310318 0.09323669140037312 0.09323669140037312
0.15790113757889604 0.09323465092215893 0.15915710639682543 0.09323465092215893 0.15084730785367623 0.15915584448196668 0.09323465092215893 0.09323465092215893
0.15792340107972086 0.09323418569696604 0.15915001679254379 0.09323418569696604 0.15084134140931105 0.15914849793056016 0.09323418569696604 0.09323418569696604
0.15793240357994842 0.09323406724707178 0.15914704609071573 0.09323406724707178 0.1508389444309201 0.15914533691012867 0.09323406724707178 0.09323406724707178
0.15793605551821566 0.0932340310252337 0.15914583600179108 0.0932340310252337 0.1508379928257757 0.15914399155328282 0.0932340310252337 0.0932340310252337
0.15813986231332983 0.09320511887652988 0.15911642268673098 0.09320511887652988 0.15080871726809555 0.15911452222572395 0.09320511887652988 0.09320511887652988
0.15801969932551435 0.0930011615840637 0.1589002836746943 0.0930011615840637 0.15217701043733403 0.1588983602262026 0.0930011615840637 0.0930011615840637
0.15793173240274855 0.09296259916718351 0.1587722437767315 0.09296259916718351 0.15267535272488067 0.15877027442690522 0.09296259916718351 0.09296259916718351
0.1578888992267984 0.09295593322069838 0.15871257471635664 0.09295593322069838 0.15286423136241734 0.15871056181163415 0.09295593322069838 0.09295593322069838
0.15787040376476344 0.09295504843838934 0.158686994712583 0.09295504843838934 0.15293746068908656 0.15868494708000988 0.09295504843838934 0.09295504843838934
0.15786280703475988 0.09295505603963262 0.15867641969983234 0.09295505603963262 0.15296620275372896 0.1586743463531484 0.09295505603963262 0.09295505603963262
0.15785975961021034 0.09295513197859959 0.15867212367438221 0.09295513197859959 0.15297755679454453 0.15867003200646465 0.09295513197859959 0.09295513197859959
0.15785855148968136 0.09295517679382757 0.15867039447473144 0.09295517679382757 0.15298205682307411 0.1586682900372027 0.09295517679382757 0.09295517679382757
0.15799417911697916 0.0929357545370217 0.15865025605727412 0.0929357545370217 0.15296440033294892 0.15864814634471092 0.0929357545370217 0.0929357545370217
0.15813770442039204 0.09291862395147836 0.15862478499921226 0.09291862395147836 0.15294034151533878 0.1586226732591434 0.09291862395147836 0.09291862395147836
0.15819336198447453 0.09291503510303525 0.15861065063329063 0.09291503510303525 0.15292731222485575 0.158608534745238 0.09291503510303525 0.09291503510303525
0.15692508134967964 0.10194767213793429 0.15731354102788123 0.09162377934870816 0.15163094390582912 0.15731142353255118 0.09162377934870816 0.09162377934870816
0.15653941717478612 0.10308917318782439 0.15691421064473113 0.09176165406138723 0.1512601365138225 0.15691210029467417 0.09176165406138723 0.09176165406138723
0.1564437961396668 0.10327958553649381 0.15681240550670528 0.09182523296006888 0.15117821425991457 0.15681029967701302 0.09182523296006888 0.09182523296006888
0.15642117224707294 0.10331759038004099 0.15678709113237152 0.09184208087598611 0.15116291669377485 0.1567849869187814 0.09184208087598611 0.09184208087598611
0.15641584392988647 0.1033258238348492 0.15678061840228605 0.09184609157040022 0.15116092477455953 0.156778514347218 0.09184609157040022 0.09184609157040022
0.15641457282435936 0.1033276670560542 0.15677886654376788 0.0918470199632932 0.15116107155805653 0.1567767621278823 0.0918470199632932 0.0918470199632932
0.15641426227074604 0.10332808600978372 0.1567783554711414 0.09184723411466658 0.15116134330582215 0.15677625059850694 0.09184723411466658 0.09184723411466658
0.15641418386493056 0.1033281823491124 0.1567781938115529 0.09184728390358086 0.1511614997258715 0.15677608853779 0.09184728390358086 0.09184728390358086
0.15647522119661322 0.10331948229007362 0.15676941609563577 0.09183857314017224 0.15115285034014297 0.15676731065701766 0.09183857314017224 0.09183857314017224
0.15653983949005393 0.10331094604880572 0.1567582111719377 0.09183100357213086 0.1511418868387016 0.15675610573410848 0.09183100357213086 0.09183100357213086
0.15643092882782939 0.1031743646361365 0.15661793762889542 0.09169537063071365 0.15207482473544376 0.156615832279554 0.09169537063071365 0.09169537063071365
0.15636135311438998 0.10313465217620568 0.15653530570626578 0.09167083388330162 0.15242298600111814 0.15653320135211563 0.09167083388330162 0.09167083388330162
0.15623663507918542 0.10303429401842318 0.1564051374249734 0.09157488822106699 0.1531962346810062 0.1564030341332108 0.09157488822106699 0.09157488822106699
0.1561054753991626 0.10294355938639856 0.15627164354742884 0.09149530449546267 0.1539238664606756 0.1562695417199463 0.09149530449546267 0.09149530449546267
0.15603603300062802 0.10291827519730298 0.15620115360941605 0.09148010193214759 0.15420517905479594 0.15619905334141426 0.09148010193214759 0.09148010193214759
0.15603179324812605 0.10290843710932307 0.15616493094899153 0.09147307319851164 0.15431278721644795 0.15616283188157634 0.09147307319851164 0.09147307319851164
0.15598671790547267 0.10286402281108444 0.1561066078901465 0.09142975202115963 0.1546488857248056 0.15610450960501193 0.09142975202115963 0.09142975202115963
0.15593154205547022 0.10282256161871695 0.1560459266955992 0.09139322575081868 0.15497646318433195 0.15604382919342558 0.09139322575081868 0.09139322575081868
0.15592012326425914 0.10280818422298484 0.1560110245355506 0.09138345515423853 0.15510137467931245 0.15600892783517736 0.09138345515423853 0.09138345515423853
0.15591338176830705 0.10280457122752895 0.15599455410738458 0.09138143964719732 0.15515071600686006 0.1559924579483272 0.09138143964719732 0.09138143964719732
0.15589105024091426 0.10278462841450003 0.15596819138920484 0.09136189827810792 0.15530433953710113 0.15596609558395594 0.09136189827810792 0.09136189827810792
0.1558780554069947 0.10277866024513618 0.15595352081811323 0.0913581459768584 0.15536390027630195 0.15595142532287884 0.0913581459768584 0.0913581459768584
0.15587188289708534 0.10277720288394948 0.15594665069140828 0.09135735174560101 0.15538765288031356 0.1559445554104403 0.09135735174560101 0.09135735174560101
0.15586915546384245 0.10277686818906218 0.15594363263188324 0.09135717897973446 0.15539726930218553 0.15594153747382325 0.09135717897973446 0.09135717897973446
0.15585510976364572 0.10276391412574362 0.1559294658053106 0.09134426210473674 0.15549135326918284 0.15592737072190693 0.09134426210473674 0.09134426210473674
0.15583814416945435 0.10275132240049334 0.1559124461248906 0.09133310971985514 0.15558840696168857 0.15591035118390767 0.09133310971985514 0.09133310971985514
0.15582308662031147 0.10274188746058804 0.15589736143960323 0.09132507386053323 0.1556671762063381 0.1558952666915594 0.09132507386053323 0.09132507386053323
0.15581525471664223 0.10273923922180701 0.1558895141073777 0.09132347394840833 0.15569815056436556 0.1558874195445826 0.09132347394840833 0.09132347394840833
0.1558116665705852 0.10273859828129824 0.15588591739420057 0.09132312725665302 0.15571061302306827 0.15588382296088862 0.09132312725665302 0.09132312725665302
0.155810054020234 0.10273839957081612 0.15588430029408434 0.09132299976178299 0.15571563925917978 0.1558826075703366 0.09132299976178299 0.09132299976178299
0.15580935962211923 0.10273835049321797 0.15588360356756312 0.09132297276312729 0.15571769081254874 0.15588207721516908 0.09132297276312729 0.09132297276312729
0.15580906630674496 0.1027383391210287 0.15588330909809409 0.09132296684400447 0.1557185332937625 0.15588185164835633 0.09132296684400447 0.09132296684400447
0.15580894361406017 0.1027383365616105 0.15588318584829325 0.09132296554816287 0.15571888039799478 0.15588175693355252 0.09132296554816287 0.09132296554816287
0.15580889255821403 0.10273833600121383 0.1558831345293066 0.09132296527214599 0.15571902366362392 0.15588171743120366 0.09132296527214599 0.09132296527214599
0.15580887137230034 0.10273833588393627 0.15588311322139872 0.09132296521713473 0.1557190828547477 0.15588170101621288 0.09132296521713473 0.09132296521713473
0.15580886259463594 0.10273833586162909 0.1558831043881293 0.09132296520785842 0.1557191073233963 0.15588169420863415 0.09132296520785842 0.09132296520785842
0.15580885896097207 0.10273833585837072 0.15588310072954684 0.09132296520707862 0.15571911744139286 0.15588169138848157 0.09132296520707862 0.09132296520707862
0.15580885745743764 0.10273833585836856 0.1558830992150551 0.09132296520743848 0.15571912162595375 0.1558816902208694 0.09132296520743848 0.09132296520743848
0.15580882306605556 0.10273830208926636 0.1558830648187153 0.09132293143833652 0.1557190895873371 0.15588192612361626 0.09132293143833652 0.09132293143833652
0.15582125943219655 0.10273651222010442 0.1558812644561784 0.09132114532129706 0.15571729022103314 0.1558802377065963 0.09132114532129706 0.09132114532129706
0.15582606266020657 0.10273596829640995 0.1558801737736874 0.09132080027195388 0.1557162010609098 0.15587919339292472 0.09132080027195388 0.09132080027195388
0.1558279768852624 0.10273583369518487 0.15587964789441427 0.0913207261066949 0.15571567648386567 0.15587868672118804 0.0913207261066949 0.0913207261066949
0.15582875270312488 0.10273580212640024 0.15587941348466286 0.09132070949360192 0.15571544293693734 0.15587846026806892 0.09132070949360192 0.09132070949360192
0.15582907009220187 0.10273579484283452 0.15587931262629248 0.09132070571767893 0.1557153425799087 0.15587836270572564 0.09132070571767893 0.09132070571767893
0.1558375814066167 0.10273459591549441 0.15587807273700074 0.0913195075996239 0.15571410296016133 0.15587712418185523 0.0913195075996239 0.0913195075996239
0.1558408738984787 0.10273423124474737 0.15587732777117444 0.09131927614302579 0.15571335887063492 0.15587637978588711 0.09131927614302579 0.09131927614302579
0.15583825719158717 0.10273021082501492 0.15587303933733138 0.0913152962422652 0.15574051232856495 0.15587209159070606 0.0913152962422652 0.0913152962422652
0.15583640474787921 0.10272899506591013 0.15587049420511132 0.09131452719646403 0.1557509778191409 0.15586954657256646 0.09131452719646403 0.09131452719646403
0.15583547279750248 0.10272869500040546 0.15586927513872514 0.09131436221530434 0.15575514285498612 0.15586832756246777 0.09131436221530434 0.09131436221530434
0.15583505015212326 0.1027286248708094 0.15586873346443614 0.09131432542631988 0.15575682931785548 0.15586778591581615 0.09131432542631988 0.09131432542631988
0.15583222229146243 0.10272596420628216 0.15586585625369084 0.09131167255397002 0.15577603086820838 0.15586490871844608 0.09131167255397002 0.09131167255397002
0.155830539290387 0.10272515639793883 0.15586415245673366 0.09131116037501859 0.15578346579262037 0.15586320493726444 0.09131116037501859 0.09131116037501859
0.1558297325613633 0.10272495672713818 0.15586333690236703 0.09131105046070052 0.15578643303153805 0.155862389395492 0.09131105046070052 0.09131105046070052
0.15582935129401831 0.10272488728501497 0.15586295187804208 0.09131100320422185 0.1557876138506027 0.15586218607965632 0.09131100320422185 0.09131100320422185
0.15471041320696013 0.11055626170494065 0.1547440121868445 0.09019222297368348 0.15466932233534977 0.15474332164485466 0.09019222297368348 0.09019222297368348
0.15428469199571013 0.11214629637587421 0.15431814897640245 0.09022977687563005 0.15424403974239104 0.15431749228273203 0.09022977687563005 0.09022977687563005
0.15415714062717883 0.11251021306915761 0.15419048502434396 0.09027848730800905 0.15411673497481143 0.154189964380481 0.09027848730800905 0.09027848730800905
0.15412171114217132 0.11259973615038307 0.15415499280082878 0.09029586805028592 0.15408142704726688 0.15415452870849242 0.09029586805028592 0.09029586805028592
0.1541103961766338 0.1126208370228576 0.15414364737652234 0.09029922199169439 0.15408424668638443 0.15414320676251864 0.09029922199169439 0.09029922199169439
0.15410680172138855 0.11262611032229715 0.1541400388773447 0.09030031228353284 0.15408650422306344 0.15413960800530754 0.09030031228353284 0.09030031228353284
0.15411120040131954 0.11262667088377026 0.1541380595807683 0.09029982747346194 0.15408695396451882 0.1541376327492374 0.09029982747346194 0.09029982747346194
0.15411296166423577 0.11262672189966624 0.15413717973148758 0.09029976736443139 0.15408708003477276 0.1541367545765436 0.09029976736443139 0.09029976736443139
0.15411368301751982 0.11262672407591136 0.1541368073983551 0.09029975942735631 0.1540871242869486 0.1541363829391961 0.09029975942735631 0.09029975942735631
0.15411397038168284 0.11262671317900613 0.15413664186552556 0.09029974809903525 0.15408713127768248 0.15413629899899725 0.09029974809903525 0.09029974809903525
0.1541140873209594 0.11262670896852728 0.15413657125859445 0.09029974604874376 0.1540871321213422 0.1541362621843453 0.09029974604874376 0.09029974604874376
0.1541178857898346 0.11262617192041277 0.15413600580277897 0.0902992098353087 0.15408659625715662 0.15413571072389098 0.0902992098353087 0.0902992098353087
0.15412188386278172 0.11262560728541303 0.15413531344376055 0.09029875166397999 0.1540859162543524 0.15413502416175215 0.09029875166397999 0.09029875166397999
0.15412345314603926 0.11262540895856854 0.1541349403037876 0.09029866526959222 0.15408554835948474 0.15413465342334334 0.09029866526959222 0.09029866526959222
0.15412408424414303 0.11262535087074899 0.1541347669933387 0.09029864649781041 0.15408537729041658 0.15413448110792147 0.09029864649781041 0.09029864649781041
0.15320352161334402 0.11907107134503155 0.15321387123507685 0.08937782251734716 0.15316448249256184 0.15321358576194416 0.08937782251734716 0.08937782251734716
0.152799353092441 0.12074751510897828 0.15280952935605885 0.08935487639760581 0.15276972819783785 0.15280924505186647 0.08935487639760581 0.08935487639760581
0.15265994772465719 0.12121747164523178 0.15267003665252363 0.08938284486062685 0.15263425612497197 0.15266975327073487 0.08938284486062685 0.08938284486062685
0.1526153931914112 0.12135454977980065 0.15262544058910993 0.08939602072753323 0.15259134234704652 0.15262521191003203 0.08939602072753323 0.08939602072753323
0.15260156672463926 0.12139531432114554 0.15261159520941953 0.08940064513588747 0.15257819911878523 0.15261138921834796 0.08940064513588747 0.08940064513588747
0.1525973257999194 0.12140754661541636 0.15260734592021838 0.08940213001263511 0.15257424229091052 0.15260714933563002 0.08940213001263511 0.08940213001263511
0.15259603022132331 0.12141123228221179 0.15260604671436898 0.08940259068119784 0.1525730647098661 0.15260585402863622 0.08940259068119784 0.08940259068119784
0.15259731485871142 0.12141210481453371 0.15260540945887693 0.08940249150137496 0.1525724779749247 0.15260521838882835 0.08940249150137496 0.08940249150137496
0.1525978478745633 0.12141233586142787 0.152605146541862 0.08940249250841446 0.1525722360554792 0.15260495614142436 0.08940249250841446 0.08940249250841446
0.15259920340262523 0.12141223980749526 0.15260488068426975 0.08940233553983995 0.15257197892474217 0.1526046905613476 0.08940233553983995 0.08940233553983995
0.1525989500631494 0.12141139976541407 0.15260395585956604 0.08940152082201566 0.15257736599405072 0.15260376585177257 0.08940152082201566 0.08940152082201566
0.15259946317186132 0.12141092739521357 0.15260332194032983 0.08940126992574043 0.15257934573448195 0.15260313198089198 0.08940126992574043 0.08940126992574043
0.15259909739470912 0.12141022457769288 0.15260248111911076 0.0894006916468409 0.15258383078780244 0.15260229118016194 0.0894006916468409 0.0894006916468409
0.15259935433658828 0.1214098632178318 0.15260195682213804 0.08940051558216743 0.1525855119846517 0.15260176689228794 0.08940051558216743 0.08940051558216743
0.15259942661813708 0.12140973381586775 0.1526017055498861 0.08940048145136738 0.15258617403782032 0.15260151562418656 0.08940048145136738 0.08940048145136738
0.1525990919926996 0.12140933513872389 0.15260123692282848 0.08940011689056308 0.1525889382750277 0.15260104699903113 0.08940011689056308 0.08940011689056308
0.15259888930040955 0.12140916592166413 0.1526009787301469 0.08940005278322816 0.15259001889061583 0.15260078880747904 0.08940005278322816 0.08940005278322816
0.15259879222039222 0.12140910817311655 0.15260085866263845 0.08940003964811993 0.15259045325886633 0.15260066874062655 0.08940003964811993 0.08940003964811993
0.15259874889025762 0.12140908982343522 0.15260080581130106 0.08940003652362528 0.1525906300144819 0.15260061588964838 0.08940003652362528 0.08940003652362528
0.15259907413372703 0.1214090350104487 0.15260073394736826 0.08939998654846303 0.152590653237164 0.1526005440259029 0.08939998654846303 0.08939998654846303
0.15259920004146446 0.12140901176669332 0.15260069539187296 0.0893999777559447 0.15259065406159764 0.15260050547053758 0.0893999777559447 0.0893999777559447
0.15259925038363537 0.12140900383578582 0.15260067762105164 0.08939997595316562 0.15259065260023216 0.1526004876997982 0.08939997595316562 0.08939997595316562
0.15259927080377522 0.12140900131565757 0.15260066983196074 0.08939997552399122 0.15259065156587867 0.15260047991075418 0.08939997552399122 0.08939997552399122
0.15259927914675814 0.12140900053717503 0.1526006664919911 0.08939997540993098 0.15259065102347305 0.15260047657080966 0.08939997540993098 0.08939997540993098
0.15259928256966354 0.12140900029957276 0.15260066507635986 0.08939997537757272 0.15259065076649442 0.15260047515519126 0.08939997537757272 0.08939997537757272
0.15259928397777203 0.12140900022743499 0.15260066448057089 0.08939997536807787 0.1525906506505798 0.15260047455940862 0.08939997536807787 0.08939997536807787
0.15259928455811156 0.12140900020558461 0.152600664230989 0.08939997536524635 0.15259065059974586 0.1526004743098298 0.08939997536524635 0.08939997536524635
0.15259928479760962 0.12140900019897312 0.1526006641267721 0.08939997536439562 0.15259065057784382 0.15260047420561432 0.08939997536439562 0.08939997536439562
0.1525992803439017 0.12140899564433343 0.15260065953071333 0.08939997081149902 0.15259064601587724 0.15260050603067754 0.08939997081149902 0.08939997081149902
0.15259903767243738 0.12140875361656792 0.15260041680026976 0.08939972998454711 0.15259232357278932 0.15260027838429424 0.08939972998454711 0.08939972998454711
0.15259889521871653 0.12140864785602895 0.15260027432083745 0.08939968803371531 0.15259297635112298 0.15260014215214818 0.08939968803371531 0.08939968803371531
0.15259882771811126 0.1214086114695598 0.15260020680882935 0.08939967953061324 0.15259323818409343 0.15260007722756652 0.08939967953061324 0.08939967953061324
0.15259902916592474 0.12140856681377837 0.152600143785608 0.08939964446798714 0.15259331155474895 0.15260001527597872 0.08939964446798714 0.08939964446798714
0.15259894484598727 0.12140838729013476 0.15259994993376147 0.08939947671767182 0.15259446590911357 0.15259982186798748 0.08939947671767182 0.08939947671767182
0.15259888049635115 0.12140831053119003 0.15259984022037837 0.08939944728945841 0.15259491454517998 0.1525997123385252 0.08939944728945841 0.08939944728945841
0.15259884783204364 0.12140828428032283 0.15259978876811184 0.08939944127579734 0.15259509432964521 0.15259966096248453 0.08939944127579734 0.08939944127579734
0.15259898853535195 0.12140825369492027 0.1525997437943163 0.08939941761133686 0.1525951451211174 0.15259961602028368 0.08939941761133686 0.08939941761133686
0.152599147263363 0.1214082264226637 0.15259970595955716 0.08939939840280632 0.15259514694736556 0.1525995781986318 0.08939939840280632 0.08939939840280632
0.15259920950516023 0.1214082157361146 0.1525996867936915 0.08939939490648476 0.15259514420736633 0.15259955903821315 0.08939939490648476 0.08939939490648476
0.15259912592623337 0.12140810356192101 0.1525995694992819 0.08939928554975952 0.1525959026172164 0.15259944174606888 0.08939928554975952 0.08939928554975952
0.1525990722181072 0.12140805489418527 0.15259950182750567 0.08939926645632672 0.15259619761593324 0.15259937407528834 0.08939926645632672 0.08939926645632672
0.1525990460939827 0.12140803818252523 0.15259946992014609 0.08939926257573154 0.15259631590777709 0.15259934216837434 0.08939926257573154 0.08939926257573154
0.15259903435758926 0.1214080328596221 0.15259945578854117 0.08939926165879457 0.15259636398089407 0.1525993280369696 0.08939926165879457 0.08939926165879457
0.1525990292544084 0.12140803121377278 0.15259944969334693 0.08939926141630855 0.15259638364768097 0.1525993219418652 0.08939926141630855 0.08939926141630855
0.15259902707229897 0.12140803071125308 0.15259944710037965 0.08939926134771084 0.15259639172399772 0.15259931934893808 0.08939926134771084 0.08939926134771084
0.15259895308831753 0.12140795749851742 0.15259937294623485 0.08939918826746257 0.1525969064697312 0.15259924519481122 0.08939918826746257 0.08939918826746257
0.15188424900453737 0.12641055048087174 0.15188466879186108 0.08868451482457389 0.15188244620852687 0.15188454104048124 0.08868451482457389 0.08868451482457389
0.1510209479893766 0.13156555772366735 0.15102136659577936 0.08811721261673192 0.15101925064603744 0.15102123919494376 0.08811721261673192 0.08811721261673192
0.15062069441866155 0.13329466358998002 0.1506211111448419 0.08807450012720551 0.1506190461523074 0.15062098431259258 0.08807450012720551 0.08807450012720551
