Action: 0
[0.15867733068424705, 0.09743601243551668, 0.24796928031339416, 0.09743598417182413, 0.10078614642934297, 0.10282327762202671, 0.09743598417182413, 0.09743598417182413]
[0.10131993105862558, 0.10131993105862558, 0.28749216163176766, 0.10131993105862558, 0.10458825201647898, 0.10131993105862558, 0.10131993105862558, 0.10131993105862558]
[0.1096246438971863, 0.10062086274695042, 0.2866710918493623, 0.10061443126353202, 0.10062564832430454, 0.10061445939160034, 0.10061443126353202, 0.10061443126353202]
[0.125, 0.125, 0.125, 0.125, 0.125, 0.125, 0.125, 0.125]
[0.20532920654533482, 0.09963882536653669, 0.1867672069947056, 0.09963882536653669, 0.10862740631815314, 0.10072087867565975, 0.09963882536653669, 0.09963882536653669]
[0.11318661319989529, 0.0934229233124989, 0.2582773609233491, 0.0934229233124989, 0.12000753380285403, 0.13483679882390584, 0.0934229233124989, 0.0934229233124989]
[0.125, 0.125, 0.125, 0.125, 0.125, 0.125, 0.125, 0.125]
[0.125, 0.125, 0.125, 0.125, 0.125, 0.125, 0.125, 0.125]

Action: 1
[0.10191524905886498, 0.10191524905886498, 0.10191524905886498, 0.10191524905886498, 0.10191524905886498, 0.286593256587945, 0.10191524905886498, 0.10191524905886498]
[0.1111111111111111, 0.1111111111111111, 0.1111111111111111, 0.1111111111111111, 0.1111111111111111, 0.2222222222222222, 0.1111111111111111, 0.1111111111111111]
[0.09871266797841725, 0.09870861941070816, 0.09870861941070816, 0.09870861941070816, 0.1598372274263566, 0.24790700754168546, 0.09870861941070816, 0.09870861941070816]
[0.125, 0.125, 0.125, 0.125, 0.125, 0.125, 0.125, 0.125]
[0.09831206980429937, 0.09831206980429937, 0.09831206980429937, 0.09831206980429937, 0.14383272496289368, 0.2662948562113101, 0.09831206980429937, 0.09831206980429937]
[0.10128930448557148, 0.10128930448557148, 0.10128930448557148, 0.10128930448557148, 0.10479150628536378, 0.28747266680120737, 0.10128930448557148, 0.10128930448557148]
[0.125, 0.125, 0.125, 0.125, 0.125, 0.125, 0.125, 0.125]
[0.125, 0.125, 0.125, 0.125, 0.125, 0.125, 0.125, 0.125]

