0.125 0.125 0.125 0.125 0.125 0.125 0.125 0.125
0.6197319164548326 0.13302456461837367 0.05402475676288196 0.010653435718901894 0.1388762437648289 0.031010903617071407 0.010531169280696086 0.002147009782413387
0.5410516236809848 0.21707863714006112 0.030802456727023097 0.01183415823760285 0.13406076741681677 0.05539010170422962 0.0070281887534294546 0.0027540663398525713
0.6299891971840208 0.12599366260181216 0.03347949179726412 0.006324525869225897 0.16152995875542248 0.0333559054068968 0.007818655888440653 0.001508602496917094
0.5464210437391327 0.21963817627065804 0.02290080479057921 0.008829650475471039 0.13853217845580257 0.057345322080657006 0.005327340009417855 0.0010054841782814958
0.4777740236670546 0.20263731621538975 0.01888044892856542 0.00756603184821159 0.19693743283969006 0.08622099730292242 0.007085124833626511 0.0028986243645395065
0.5197820388873106 0.22397885056797828 0.026091681929146092 0.010555368727549586 0.1454744716883205 0.06492536588072866 0.006499860582781251 0.002692361736185107
0.6268142398336634 0.12656776179886514 0.032668991077089024 0.006214341961673004 0.1642111130160803 0.0342740395794703 0.007743894622402777 0.0015056181107561445
0.5383044357822078 0.21662463464445544 0.030004113870989578 0.011577592170264179 0.13696386530707705 0.05677356174057534 0.0069976500954097255 0.002754146389021126
0.5374762749973798 0.2277013177638676 0.021363952738169614 0.008546717352592836 0.1383819973533661 0.060544283145062175 0.005003901095742547 9.815555538194797E-4
0.5291853733292424 0.22563263245611692 0.027675080470202673 0.011134662418952043 0.13691245861069407 0.06027708774057495 0.00650876592767727 0.0026739390465396265
0.5361766672189547 0.22849614968880488 0.021129501128536732 0.008491255902296095 0.1387024599460012 0.06106095809730469 0.0049645954198505905 9.784125982509662E-4
0.6284048963340993 0.12668521242775885 0.03282725677209498 0.006243685045620821 0.16273593999115213 0.033877214348859 0.007725398142135412 0.0015003969382794177
0.5461324614698808 0.2196971369633379 0.02285266006053733 0.008816185316514168 0.13870484348676468 0.05746840787581708 0.005322993899253313 0.00100531092789468
0.47772011169116235 0.20263743493633055 0.01887377391082024 0.007563955680433852 0.1969739842546713 0.08624821772694807 0.007084069025514443 0.0028984527741190104
0.6183270087795377 0.1258966139120375 0.031036910211828528 0.005932766139064734 0.17306501262255117 0.03649621108282158 0.0077321356986324325 0.0015133415535263282
0.5369843484241604 0.21654758043032682 0.029747195772737812 0.01149463974102141 0.13808678109612013 0.05739131987180519 0.0069913447637350405 0.0027567899000933696
0.5301541748179196 0.22469718715041814 0.02806498250637179 0.01123072987693342 0.13672887011141002 0.05985247147642254 0.006581170603302719 0.0026904134572215297
0.5363417838216458 0.22841399486257088 0.021159676732039365 0.008498875534255934 0.13864454160269998 0.06099327363480979 0.0049690868976457105 9.7876691433232E-4
0.6284263030912125 0.12667941809180278 0.03283307286200693 0.006244422841036585 0.16271946147942473 0.03387084157353858 0.007726051526262317 0.0015004285347156494
0.5385329388867347 0.2166381586164874 0.03004674815590494 0.011591478736685226 0.13677159180604442 0.05666685368159862 0.006998573805313922 0.002753656311230593
0.5304166262257106 0.22469368225702316 0.028116637271530426 0.011247596554936097 0.13652451792323209 0.059726183292973405 0.00658420012036828 0.002690556354226099
0.6286617591456994 0.12649085707399638 0.033076890289595456 0.006276987015168285 0.16245662172112516 0.033765270872634846 0.007765957529906312 0.0015056563518739644
0.5385929038935516 0.2166203330437688 0.030062315726616943 0.011595676396555085 0.13673486992944195 0.05663994628530785 0.007000133371291722 0.00275382135346599
0.5375271342706367 0.22769965699479272 0.02137138247076923 0.008549100897611643 0.13834568155462518 0.06052106317199357 0.005004405816266105 9.815748233049626E-4
0.5291934242675082 0.22563211111869838 0.02767666508669632 0.011135168652122659 0.13690655991434328 0.06027324437782354 0.006508878350680185 0.002673948232127609
0.536178073373192 0.2284960628078957 0.021129708323931688 0.008491321644189748 0.13870149147529479 0.06106031780440127 0.004964611196389459 9.784133747054165E-4
0.47634324615655177 0.20323773528156464 0.018662800524687752 0.007512444040798754 0.19737094686093326 0.08695716535233092 0.007027204697993991 0.0028884570851388184
0.4642942217848736 0.2002109414338421 0.01745648529774489 0.007065646169830714 0.20815391307138056 0.09296898396033847 0.006963733376796919 0.0028860749051927903
0.524083158666401 0.22671688676531526 0.01950487274552429 0.007910611468117402 0.1490663975299967 0.06681807070175759 0.004919066698180614 9.809354247070675E-4
0.5270184698626332 0.22565541070830936 0.027258150138483636 0.010997294245119162 0.13859156798376004 0.06132281796939868 0.006483778224923705 0.0026725108673721298
0.5287924367231137 0.2255235188774375 0.027731210236502178 0.011150116983976697 0.13715740691879394 0.06043573554969954 0.006527765715478155 0.0026818089949982287
0.4764894547746282 0.20307336026500827 0.018774207828891776 0.007544892987448805 0.1972957335738675 0.08686408835870793 0.007059609503689462 0.002898652707757871
0.6181707995831942 0.12593550398436645 0.030997636125264887 0.005927558574982863 0.1731845004924495 0.03654355812770837 0.007727393913610358 0.0015130491984233086
0.633228111734276 0.12066469184443539 0.03507430222188508 0.006404106003502877 0.16286312324009072 0.03198522091129216 0.008244336048710952 0.0015361079958068431
0.6354160681508911 0.12030034173942675 0.03563964683438737 0.006478229957313934 0.16096442112105294 0.03137819671974165 0.008286946415230386 0.0015361490619558856
0.5396170025849321 0.2160510472418487 0.03031904251333192 0.011657505876528671 0.1363553519375801 0.05620377822979414 0.007037221772496895 0.0027590498434874487
0.5305824458985166 0.2246372806429057 0.028154015774394102 0.011257875428284225 0.13643732647281748 0.059651221235784826 0.006588659370451379 0.002691175176845628
0.5364158938484197 0.228406752761193 0.02117078409343767 0.008502326532239892 0.13859559549265069 0.06095982014116483 0.004970010549409757 9.788165814844183E-4
0.4763851387849847 0.20323400474215397 0.018668242453542833 0.007514054844775118 0.19734583754296867 0.0869358736310578 0.007028218264666251 0.0028886297358505938
0.5195771968556012 0.22404622321474854 0.026047650713472523 0.010542868991645011 0.14558029752853355 0.06502023640011181 0.006494114834046473 0.0026914114618408957
0.5344473560891502 0.2284167611958797 0.020887210418911117 0.008409450120507509 0.14004170142650293 0.06186756394370565 0.004951834498319131 9.78122307023644E-4
0.5356956293354185 0.22868856572019425 0.02095828508861813 0.008439556001792898 0.1390156988310435 0.061288056979477465 0.004939268028320855 9.749400151344337E-4
0.5289206446084608 0.2257261300505027 0.027615543284406106 0.011118374276012333 0.1370484447124088 0.06039643785320574 0.006501506564865259 0.002672918650138413
0.5361326435497908 0.22850530196674676 0.021122600990616743 0.008489238278376133 0.13872764601445783 0.06108032583287963 0.004963877063702487 9.78366303429477E-4
0.47633481321436233 0.2032377863802891 0.018661758831365918 0.007512119385551008 0.19737661621747185 0.08696144137805037 0.0070270358568921 0.002888428736017445
0.6181418176432045 0.1259464029636414 0.030987544737744937 0.005926317859305963 0.17320619654760486 0.03655275932318418 0.007726013806066518 0.0015129471192476434
0.5444804252978155 0.21958683992751984 0.022618336171424842 0.008740424452986815 0.14004204120299746 0.05820894611203418 0.005316640483382844 0.0010063463518387864
0.5370249629771375 0.22790941547928256 0.021188557269177517 0.00849445687638994 0.1386704542483193 0.0607567721186558 0.004977452361363253 9.779286696742708E-4
0.6284860084689957 0.126647542498808 0.03285119874620458 0.006246319316058703 0.1626877698597386 0.033851520652241784 0.007729032722624446 0.0015006077353280293
0.5461456640626634 0.21969389331082012 0.022854819320322104 0.008816779271685737 0.13869749585908045 0.057462820420612216 0.005323207152462917 0.0010053206023530976
0.5373058465518483 0.22791106041380776 0.021228120819971774 0.008507464673659924 0.1384621958860604 0.06062752359888234 0.00497979774069128 9.779903150780999E-4
0.5361388147919388 0.2286314804789239 0.021022981013667886 0.008459379062935214 0.1387374821525863 0.061089558097603226 0.004945045784108824 9.752586182357484E-4
0.528988964723257 0.22571807091377935 0.02762924252432224 0.01112262804132922 0.1370012880869142 0.06036414800206743 0.006502626431783677 0.0026730312765470385
0.4765143428376015 0.20308996492947806 0.018774903968524912 0.007545552102957156 0.1972661040149791 0.08685152898159831 0.007059073416202235 0.0028985297486585674
0.6181755116176496 0.12593609268387737 0.030998437927231302 0.005927707667344708 0.1731794832023638 0.03654234174214124 0.007727381442991239 0.0015130437164008349
0.5444862206525072 0.21958599678487806 0.02261926275498625 0.00874069167845003 0.14003832060658994 0.05820644624897754 0.005316713026298681 0.0010063482473122792
0.5299813429058484 0.2249196670405446 0.027880997963127825 0.011177428319511486 0.1368508030626066 0.05995936364995604 0.006549560922280014 0.0026808361361251184
0.4766752527491182 0.20303836428802807 0.01879901568825598 0.007551831377567623 0.19720203828282007 0.08676896669177148 0.007064954552917246 0.002899576369521492
0.5196313091161646 0.22402654293250399 0.026060815057189747 0.010546536049830333 0.14555196863484482 0.06499527834242133 0.006495841950788926 0.0026917079162562113
0.5275166459755343 0.22544888580102315 0.027489893859111082 0.011067562300030347 0.13821810620500022 0.06106023809758641 0.00651691396393427 0.002681753797780234
0.47621777975395296 0.2030447002367084 0.018742318922601614 0.007534232246580405 0.1975060482641344 0.08700131710499699 0.007055607440489452 0.002897996030535874
0.4642773490162334 0.2001948329727071 0.017456470897058755 0.007065235305561751 0.20817819907876858 0.09297728128028311 0.006964403399452639 0.002886228049934608
0.5175987785868335 0.22391182548289162 0.025684422551495723 0.010416848016249222 0.1472260860184463 0.06599323850977136 0.006477667895699026 0.0026911329386132355
0.6264418331723592 0.1265879182798596 0.0325858434407484 0.0062016974916999324 0.16456093259693758 0.03437718547491486 0.007739021303431962 0.0015055682400483533
0.48584992025413054 0.1955381753280734 0.020304520161901273 0.00783544910473503 0.1978756220843831 0.08203382333682316 0.0075791767369103626 0.0029833129930430646
0.5275222757655634 0.22612080295860693 0.020016355956224075 0.008065920661767662 0.1470464737684293 0.06526984842648487 0.0049734313991839415 9.848910637398945E-4
0.5275443886112848 0.22557926882289184 0.027364710251882876 0.011029953658279775 0.13823980854570286 0.06107521181867304 0.006493113801615072 0.002673544489669454
0.6282080134491851 0.12656718134442607 0.03296043372199016 0.006260970571612307 0.16284649374408358 0.033896186344829674 0.007755492585402397 0.001505228238470871
0.5461245670964532 0.21968522119389716 0.022853676655895546 0.008816139953356132 0.13871867349409953 0.0574728007857117 0.0053235421041788345 0.001005378716408112
0.5373022671047908 0.22791044970330007 0.021227666062123726 0.008507297939363835 0.13846530278921712 0.06062923617630523 0.004979788735933149 9.779914889661168E-4
0.4765082791309613 0.20320279185227574 0.018684704931876572 0.0075184913832215886 0.19729177940346682 0.08687257922858815 0.007032076958694109 0.0028892971109158792
0.5261703258356274 0.2268769584468599 0.019785834468950315 0.008008073301438474 0.14741101382332572 0.06583406755572296 0.004932535301327192 9.811912667482326E-4
0.5273553461291806 0.22565199360631216 0.02732283309450467 0.01101863619596946 0.13833065507524034 0.061160117028322095 0.006487675449897474 0.002672743420573267
0.4761692030250223 0.20305595625805786 0.01873425037342014 0.007532019815132364 0.1975310924184761 0.08702593671107023 0.0070538690380435465 0.0028976723607773576
0.526124273447043 0.2268678323913087 0.019780961560058347 0.008006159786852868 0.14745062685070648 0.06585639286799387 0.0049325355506732995 9.812175453634347E-4
0.5273478594439754 0.22565163196391144 0.027321445270458232 0.01101816100580169 0.138336774113276 0.061163777518768205 0.006487608738415638 0.0026727419453933476
0.5288476629889144 0.22552054927333165 0.027742236773095372 0.011153658472553186 0.13711623905749096 0.060409250418087465 0.00652853021194514 0.0026818728045816076
0.6284463072417517 0.1265495945230379 0.03301693428953166 0.006269370133168639 0.16262364003029636 0.03382966325846971 0.007759180059790437 0.001505310463953475
0.5461640555215804 0.21968450310051044 0.02285956767301819 0.008817955783485706 0.1386893488371444 0.05745536920855284 0.0053238309077897885 0.0010053689679181193
0.5302508368218258 0.22491642915405452 0.027933003037205684 0.011194461141684061 0.13664185472687848 0.05982986638126324 0.006552584586059127 0.0026809641510290687
0.5293116688567212 0.22543702708836966 0.027839818998160636 0.01118292249670358 0.13681579550980758 0.06019216829315405 0.0065376440738621755 0.0026829546832210036
0.5291922853749549 0.22548715677870396 0.027814100143223455 0.011176147908431477 0.13686859361596254 0.060245123874740146 0.006534143259988086 0.0026824490439953026
0.4765716829134698 0.20307727749942941 0.01878424708825158 0.007548123445154737 0.19723622683753395 0.08682247824327784 0.007061066689656624 0.002898897283226066
0.5261919498909096 0.2268663217487977 0.01979050290355244 0.008009293562909414 0.14740239069102337 0.06582505879289845 0.004933228377850691 9.812540320582718E-4
0.5342601890780302 0.22860410255884242 0.020760849295647817 0.008372279586922781 0.14013924685085774 0.061959050499598586 0.0049294981429289075 9.747839871714173E-4
0.5356550095257094 0.22870440576935935 0.02095065355279326 0.0084375258066981 0.1390341569639724 0.061305097627611334 0.004938284470732362 9.748662831235275E-4
0.5358914046135537 0.22870523809371618 0.020983875460108325 0.008448493680462929 0.13885978447426517 0.06119592158954505 0.004940344899254299 9.749371890943378E-4
0.528952223856706 0.22572595281638858 0.027621585858490075 0.011120373352449423 0.13702388536786206 0.06038117578039056 0.006501864197545246 0.002672938770167848
0.5291194786187747 0.22551368964223373 0.02779583928516583 0.011171148511266393 0.13690761208257649 0.06027818549843968 0.006531933169755756 0.0026821131917872374
0.5361838580593291 0.22848713339624216 0.021132411238763103 0.008491907539627912 0.13870257873384595 0.061058547815596206 0.0049651014860212965 9.784617305744732E-4
0.5290069140407682 0.2257062452586851 0.027635027802610748 0.011124040420776787 0.1369946726791609 0.06035646383228535 0.006503466576462101 0.0026731693892509643
0.4765176887372482 0.20308930750196102 0.018775386410235493 0.007545685758893946 0.19726437872612523 0.0868498305776553 0.007059174978782009 0.00289854730909873
0.5196075420069473 0.22403271347989834 0.026055822329604975 0.010545070938358766 0.14556557425064326 0.06500640470257496 0.006495256139594272 0.0026916161523782445
0.5344525121190785 0.22841548277653692 0.02088804312854038 0.008409688373096514 0.14003890154468795 0.06186531640430399 0.004951927056819203 9.78128596936689E-4
0.4759968470149428 0.20320271581206595 0.01862274136668217 0.007499059796019035 0.19763669487785834 0.08713217555592401 0.00702213084720007 0.002887634729307514
0.4642256696360127 0.20020348678776564 0.017448672120824515 0.007062997898339569 0.20820664131274869 0.09300392887102446 0.006962710126730679 0.0028858932465538637
0.6160633844751889 0.1259274339455391 0.030568973606469017 0.005858088473571029 0.1752424188748361 0.03711637175920254 0.007709864450683972 0.0015134644145093751
0.5441424016332426 0.2195771440698589 0.02256932820334078 0.008724903368039237 0.14030539113107357 0.05835953722701773 0.0053147981204480724 0.0010064962469792426
0.5299264930708331 0.22492126801130202 0.02787033829683337 0.011173970003369824 0.1368925913915775 0.05998563625590195 0.006548901943250007 0.002680801026932184
0.5362844573972401 0.22843325429537187 0.021148840832591647 0.008495904225057388 0.13867336237090372 0.06101775252014446 0.004967763171358711 9.786651873319627E-4
0.5290208900840733 0.22570108935890093 0.0276380989462925 0.011124874298147654 0.13698778253524518 0.060350186407901955 0.006503853922309301 0.0026732244471293983
0.47652031003237666 0.20308910544737926 0.01877573038977264 0.007545788344517132 0.19726277208971457 0.08684849735056308 0.007059238101308988 0.0028985582443676657
0.5196079529649211 0.2240326672419314 0.026055903890134378 0.010545096688253097 0.14556529097553622 0.06500620790898634 0.006495263271779843 0.002691617058457279
0.47448021100621285 0.20278435717940468 0.01854414861400626 0.00746601740124965 0.19891954378601293 0.08787714086738838 0.007034013882099389 0.002894567263625841
0.5258368809760895 0.22685827595007077 0.019741437183590498 0.007992774897216977 0.14766845526366765 0.06599085433539603 0.004930193624926394 9.811277690421503E-4
0.5273018704089516 0.22565312588119105 0.027312532085926124 0.011015256521735885 0.13837158916881678 0.06118589609495634 0.0064870293909223735 0.002672700447499687
0.5358445227206265 0.2285080924998797 0.02108109365312443 0.008475668594727178 0.13893809508245172 0.06121310163581668 0.0049611673144557 9.782584989180428E-4
0.5359326358728123 0.2286886875129998 0.02099166848923599 0.008450554716504936 0.13884139696124187 0.06117868404635296 0.004941359071930468 9.750133289216748E-4
0.5359373771482209 0.22870249934399456 0.02099051753041684 0.00845060645893588 0.13882819237643224 0.0611750019282051 0.004940844718794122 9.74960495000491E-4
0.5359385052053119 0.22870358643754865 0.02099060199734177 0.008450664988776377 0.13882650542706354 0.06117436102225491 0.004940817563655408 9.749573580472855E-4
0.5359387309928766 0.22870366907507345 0.020990628852516513 0.008450676098469551 0.13882627312257942 0.06117424794533363 0.004940816754096954 9.749571590540258E-4
0.5289596949355447 0.22572546038878244 0.02762305466375471 0.011120842673537853 0.13701842224218858 0.060377608429283074 0.0065019691331677934 0.0026729475337408156
0.4765086508766308 0.20309009329873898 0.018774180573085168 0.007545329177664656 0.1972698669166269 0.08685441788696109 0.0070589522704617045 0.002898508999830595
0.5261815916363143 0.22686795133950582 0.019788949416117706 0.008008819460910425 0.14740864755514274 0.06582972786616521 0.004933069886539138 9.812428393047167E-4
0.5273569716819199 0.2256511875488277 0.0273232230821822 0.01101873513179559 0.1383299922568271 0.06115940838140411 0.006487730345126314 0.0026727515719169427
0.5288491800402374 0.2255204392648107 0.027742542077493333 0.01115375552594422 0.1371151302505089 0.0604085254884483 0.006528552526527346 0.0026818748260300485
0.5361361365175632 0.22848915880733645 0.02112542731229531 0.008489667542957538 0.1387361996061231 0.061080374240680614 0.004964597498623468 9.7843847442033E-4
0.4763347709629664 0.20323650885128802 0.018661859734610126 0.007512118794504281 0.19737775020878603 0.08696145179868589 0.00702709953552313 0.0028884401136363073
0.519569286057635 0.2240469922481911 0.026046092197790895 0.010542372972429897 0.14558584390950527 0.06502403357989547 0.0064939836468124144 0.0026913953877400667
0.5344459840502223 0.22841687013919432 0.0208870069499063 0.008409386097058097 0.14004262624988467 0.061868186937563636 0.004951818140726622 9.781214354440445E-4
0.6281224897794723 0.12669886313272782 0.03276575837158592 0.006234276200031577 0.16300118028615432 0.03395508457401102 0.007721959676654274 0.0015003879793628046
0.5460862806623675 0.2196973230250334 0.022845849959573717 0.008814067783216913 0.1387396184968506 0.05748885114662943 0.00532268374125833 0.0010053251850701806
0.5302386930031334 0.22491799482467761 0.027930524677383696 0.011193701507607106 0.13665018834403023 0.05983556975961314 0.006552382644651203 0.002680945238903576
0.529309674876878 0.22543725169209416 0.027839410494675792 0.011182795564796495 0.1368171917075314 0.06019311316821675 0.00653761115920347 0.0026829513366038896
0.5362152178780991 0.22847978316154088 0.021137378658485872 0.008493339584056516 0.13868530453052078 0.061044835870303224 0.0049656426465622 9.784976704314361E-4
0.5290116616201931 0.2257054087860775 0.027636004551886955 0.011124333995630882 0.13699160794497348 0.06035424647304062 0.006503556938042288 0.0026731796901552033
0.5291290253988666 0.22551154424109895 0.027797903271496543 0.011171751830594148 0.13690173362054311 0.06027376164988927 0.006532140776534625 0.002682139210976744
0.5291637948005047 0.22549472227699832 0.027807885576124788 0.011174366716250462 0.1368851724260682 0.060258228219190316 0.006533470354517164 0.002682359630345923
0.5291694125003295 0.2254930797003668 0.027809148397940544 0.011174722733453428 0.13688198663645823 0.06025566065336326 0.006533610834820102 0.0026823785432680087
0.5361923745566141 0.22848517927317097 0.02113377637268289 0.008492301230430582 0.13869782468746733 0.061054824899120494 0.004965247677139415 9.784713033741993E-4
0.5359903152421491 0.22868500009280918 0.02100002836556321 0.00845320652877816 0.13880194528831455 0.061152465647429176 0.0049419954064451955 9.750434285114471E-4
0.4762977742624232 0.20324813052435275 0.018655563611725583 0.00751046961771263 0.19739408098159233 0.08698013648080337 0.007025661045275369 0.002888183476114648
0.5195636055571127 0.22404838402008154 0.026044892615769474 0.010542019770558658 0.1455891822356647 0.06502669271910741 0.006493848170893858 0.0026913749108115666
0.5275057462349868 0.22545123343662848 0.027487550869954063 0.011066872148706157 0.13822488494373342 0.061065309152640856 0.006516679384009657 0.0026817238293405194
0.5288883622583503 0.22550285995853342 0.027753395959841946 0.011156635176455975 0.1370957526154946 0.060390924431688 0.006529964540115711 0.0026821050595200674
0.5361428248407588 0.22848751168995213 0.02112650946072033 0.008489976733585635 0.13873255164562837 0.06107746285066408 0.004964716394741534 9.784463839491134E-4
0.5290003849468641 0.22570659225875656 0.027633749339643892 0.011123629086789584 0.13699951409715289 0.06035958922216675 0.006503378563548658 0.0026731624850778223
0.5361463333108405 0.22850327034826995 0.021124705811739995 0.0084898734928346 0.1387191457028141 0.06107422114272532 0.0049640723310590915 9.783778597161963E-4
0.5359830228147983 0.22868670236114388 0.02099888600479704 0.008452877974649864 0.13880595827091644 0.06115564445049601 0.004941872510570257 9.750356126282613E-4
0.5289662877364674 0.22572376148304346 0.027624466392462372 0.011121247833535998 0.13701456770403964 0.060374583724896416 0.006502118758451905 0.0026729663671030556
0.5291217742634545 0.22551339741371576 0.02779631217654405 0.011171294369179312 0.1369060313085479 0.060277100371411124 0.006531972692107543 0.00268211740504001
0.5291626266479681 0.22549493184165673 0.027807639122126283 0.011174292832263493 0.13688593051221412 0.06025877470783 0.0065334474165567495 0.0026823569193847444
0.4765658961840688 0.2030774274413837 0.018783508670204237 0.007547896440607807 0.19724003802150183 0.08682541488033242 0.007060942378320325 0.0028988759835809536
0.5261909897086751 0.2268663841339481 0.019790365357388314 0.008009249379975712 0.14740304109648894 0.06582549996558187 0.0049332170139607225 9.812533439815293E-4
0.5342600309529507 0.22860411301351732 0.020760826445199332 0.008372272332142097 0.14013935453942913 0.06195912243949956 0.004929496376995142 9.747839002667261E-4
0.5356549834857967 0.2287044074674442 0.020950649788605637 0.008437524612430048 0.139034174728228 0.061305109465714165 0.004938284182457182 9.748662693239421E-4
0.5358914003240802 0.22870523837084497 0.020983874840159813 0.008448493483726137 0.13885978740277893 0.06119592353968874 0.004940344851884188 9.749371868367947E-4
0.5289522231843222 0.225725952871944 0.027621585725407734 0.011120373310320954 0.1370238858507483 0.060381176100385035 0.006501864187594494 0.002672938769277435
0.4765071169412365 0.20309000604183833 0.018773994959538097 0.0075452690500886046 0.19727098837587176 0.08685519419567068 0.007058925860899806 0.0028985045748562656
0.5196058806872458 0.224032889016863 0.026055493296584874 0.01054496673617955 0.1455667288398384 0.06500720088938383 0.00649522789792872 0.002691612635975696
0.5275125707257008 0.22544962057502163 0.027489037114011815 0.011067304803226067 0.13822074159210074 0.06106214826511184 0.006516833051698374 0.0026817438731285485
0.5288894659734759 0.22550267318945338 0.027753627854795904 0.011156705090938534 0.13709502770055287 0.06039040694528644 0.006529985718152358 0.0026821075273445196
0.5291233777279019 0.22549593907707818 0.027799908853865303 0.01117177000798988 0.13691602630462132 0.06027770072267164 0.0065329554334734655 0.0026823218723983754
0.5291626342774144 0.225493505097295 0.027807787864767584 0.011174288060046783 0.13688699485904732 0.060258905575007 0.006533514120167103 0.002682370146255105
0.5361911853833295 0.22848525120341795 0.021133600968969216 0.008492245549048138 0.1386986453428553 0.061055366532626394 0.004965234369366602 9.784706503869148E-4
0.5290080199564087 0.22570603700325095 0.02763525668356454 0.011124108729600787 0.136993968793077 0.060355948721861355 0.006503488215793504 0.0026731718964434254
0.5291284332377414 0.2255116249680069 0.027797780874528 0.011171714256241805 0.136902137170929 0.06027404108929344 0.0065321303318570155 0.002682138071402281
0.47655930907613686 0.2030782062194062 0.01878260536882991 0.007547634434134355 0.1972438725147595 0.08682875784870125 0.007060768579907695 0.002898845958124064
0.5196140283234848 0.22403132016536784 0.02605718114210694 0.010545476895127434 0.14556160097127446 0.0650033534349642 0.0064954016077035425 0.002691637459970707
0.5344536166929628 0.22841533034876357 0.02088821115612878 0.008409739537424214 0.14003820864874045 0.061864821583214644 0.00495194250795222 9.781295248133739E-4
0.6281236165864698 0.12669870820831897 0.03276602788311735 0.006234314238195624 0.1630001988279037 0.033954763895586014 0.007721981689278193 0.0015003886711305603
0.48615505714520285 0.19558616887184072 0.02033860895163737 0.00784675689156201 0.19762116789040013 0.08188727043067413 0.007581657677692227 0.0029833121409905735
0.5275736506007456 0.22612277915276288 0.02002340759571878 0.008068304051159379 0.14700724832779571 0.06524588452777894 0.0049738236441304266 9.84902099908145E-4
0.5275526133816605 0.2255790283055541 0.027366302295176826 0.011030473151045682 0.1382335603235897 0.06107125515736522 0.006493215880511864 0.0026735515050962232
0.535886463150668 0.22850058482838326 0.02108757683947217 0.00847759619002064 0.13891315746354235 0.061194512657746836 0.004961810102238289 9.782987679283928E-4
0.6283586525088443 0.12668839112890923 0.032816959868187216 0.006242139659777358 0.1627786509689645 0.03389005945602575 0.007724757121173527 0.0015003892881181985
0.5461248933975803 0.21969725631158538 0.0228515376627355 0.008815838514201502 0.1387104708034358 0.057471750846370816 0.005322939581654886 0.0010053128824360077
0.5373024909603031 0.2279114304449645 0.021227624942270876 0.008507312073622613 0.13846436950063784 0.06062902767108109 0.004979756173609874 9.77988233510157E-4
0.5291484505929193 0.22565078136231878 0.027665091257680637 0.011132088781021302 0.13692907346165545 0.06029335698968446 0.006507425558950608 0.0026737319957696993
0.5361704847763364 0.22849783166780507 0.02112849438495976 0.008490972254645532 0.13870569994500853 0.061063631729000534 0.004964480428914561 9.784048133295654E-4
0.5359868770115757 0.22868612903227126 0.020999462673473756 0.008453052374100264 0.13880358740279847 0.06115392660096689 0.004941926185540515 9.750387192732378E-4
0.4762971629575649 0.2032481708845239 0.018655485400715682 0.007510446143770451 0.19739445961914964 0.08698044689862562 0.007025646997640609 0.0028881810980091807
0.5195635098028956 0.22404839421435938 0.026044873681413852 0.010542013773198503 0.1455892486681589 0.06502673861368202 0.006493846539703781 0.0026913747065877734
0.5344450059691092 0.2284170194020465 0.02088685732336866 0.008409340893619385 0.1400432282322837 0.06186862366393695 0.004951803953228154 9.781205624074417E-4
0.5356952446830981 0.22868859932321164 0.020958228909903707 0.008439538408004469 0.13901595448623022 0.06128823093123012 0.004939263475342285 9.749397829791084E-4
0.5289205846126915 0.22572613573985517 0.02761553135041267 0.011118370523843596 0.13704848722871674 0.060396466336454485 0.0065015056439451414 0.002672918564080657
0.4765005136512623 0.2030894734075298 0.018773208090158474 0.007545010168338663 0.19727595407258197 0.08685853339385868 0.0070588201982106575 0.002898487018059553
0.519604820375797 0.2240329144625702 0.026055290271753722 0.010544899653417887 0.1455675342527364 0.06500771548050761 0.006495214148671858 0.0026916113545453987
0.5344520380410585 0.2284155149172865 0.020887973155650243 0.008409666214520899 0.1400392255414282 0.061865532213481844 0.0049519216007864785 9.781283157873568E-4
0.5287282711120398 0.2257137613547792 0.027581039726918086 0.011106414778064686 0.1372070057473911 0.06049052413166812 0.006500041291116436 0.002672941858022473
0.47645984391766405 0.20308511635256188 0.018768455304430384 0.007543417860215523 0.19730746434905036 0.08687908787309254 0.007058225229861292 0.0028983891131241254
0.5261733493678629 0.22686792887824295 0.019787801219498205 0.008008436989183082 0.14741468820457818 0.06583356288881437 0.00493299323342929 9.812392183909569E-4
0.5273556611768336 0.22565125102714517 0.027322967437268506 0.01101865255810039 0.13833096794876323 0.061160036785259 0.006487712875371203 0.002672750191258868
0.47616922846465637 0.20305589843525926 0.01873425812768338 0.007532020812385906 0.19753112572813608 0.08702592293519507 0.007053872503600672 0.0028976729930832424
0.5261242763321143 0.22686782709257053 0.019780962269980353 0.00800615988994338 0.14745062908909967 0.06585639198184687 0.004932535776094693 9.812175683502086E-4
0.5273478597232774 0.225651631506927 0.02732144536002394 0.011018161019294913 0.1383367742531123 0.061163777424998074 0.006487608762488849 0.002672741949877725
0.5288476630213635 0.22552054923363782 0.027742236782789628 0.011153658474326126 0.13711623906274464 0.06040925040601408 0.006528530214147105 0.0026818728049770725
0.5291166142447795 0.22549772516258626 0.027798410593363628 0.01117134123276553 0.1369200022601271 0.06028081035306717 0.006532795300636159 0.0026823008526743906
0.6284908245092637 0.12654555691191974 0.03302733338626917 0.006270896953072101 0.16258298273554625 0.0338171798772758 0.007759898910322127 0.0015053267163308895
0.5385659724491701 0.21662520208580252 0.030056439690849625 0.011593996873207377 0.13675279965636933 0.05665212013950873 0.006999669747291136 0.002753799357800927
0.629492988571575 0.12599677904384574 0.03336962777468172 0.006307312208005263 0.1620202423890237 0.03349018098007567 0.007814124901944698 0.0015087441308480666
0.5387243052153884 0.21657522951164881 0.030093041082969868 0.01160381443669938 0.13666394358567482 0.056581988925580196 0.007003498958285917 0.0027541782837527443
0.5375491376377598 0.22769528783601942 0.021374831377510135 0.008550110680894365 0.1383328934269084 0.060511388827997926 0.005004753998956757 9.815962139533938E-4
0.5361896327836466 0.22861310392872683 0.021032311078966536 0.008461890578279759 0.13871340175087762 0.061068104446531664 0.0049462115036395665 9.753439293313141E-4
0.5359776322121643 0.22869494713559135 0.020996624194392025 0.008452413546001241 0.13880470119688754 0.061157225644828596 0.00494145801514539 9.749980549894112E-4
0.47629569200174643 0.20324873735950544 0.018655253714892395 0.0075103883535628906 0.1973949749013624 0.08698119282747335 0.007025589512552238 0.0028881713289046636
0.5261361227075739 0.2268828260186005 0.019780733858115452 0.008006522882429831 0.1474311737166407 0.06584947483879021 0.004931994233147299 9.811517447021532E-4
0.5342512831691646 0.22860575279167755 0.020759489347170305 0.008371876636497405 0.1401444732349436 0.061962987310474414 0.004929361934297841 9.747755757742122E-4
0.5356535791010073 0.22870458803376353 0.02095044148041773 0.008437460886968291 0.13903506125363793 0.061305738405018566 0.004938265606250207 9.748652329366215E-4
0.5289143805246673 0.22572773638212873 0.027614202447044923 0.011117989187584597 0.13705211330191516 0.06039931262756964 0.0065013647174226264 0.0026729008116669456
0.53613158611205 0.2285054684832443 0.021122438768987038 0.008489189508503331 0.13872829343567308 0.06108079663221701 0.004963861683324558 9.783653760007194E-4
0.5289990171632104 0.22570811467261076 0.02763334550779863 0.011123552211116673 0.13699942452904754 0.060360103318591825 0.006503294381239504 0.0026731482163845368
0.4765161418554955 0.2030893304562108 0.01877519052747756 0.007545625134381594 0.19726541237185255 0.0868506151758991 0.007059142679742146 0.002898541798940574
0.6181757632593794 0.12593603643034462 0.030998502767385916 0.005927716385254403 0.17317928186261225 0.03654226643795146 0.007727388710691084 0.0015130441463808838
0.6332289124988547 0.12066470484040448 0.0350744697885812 0.006404131691388963 0.16286232008109455 0.03198501601339408 0.00824433826065281 0.0015361068256293014
0.487030105576512 0.19514730995608212 0.02048766780569828 0.007881585948067439 0.197399961331245 0.08144102314702079 0.007622077131741832 0.0029902691036328083
0.46594253650824624 0.1996151493419181 0.017698869810962862 0.007129271161021225 0.20759315056482094 0.09209069777877221 0.007030860561339484 0.0028994642729189366
0.6163030037100836 0.12587308996165922 0.03063046235868952 0.0058663971591631486 0.1750520047091762 0.03704414307125678 0.0077169832217919175 0.0015139158081796148
0.4838416544633585 0.1952261046718131 0.020072209659048046 0.007759064822550901 0.19955937209581817 0.08299721026721617 0.007561384666603907 0.0029829993535911608
0.46533120384495974 0.19957972657743325 0.017626757898836606 0.007105682048458102 0.20803631654202942 0.09240252588191304 0.007020206882932299 0.0028975803234375
0.5242416362722582 0.22665087518481433 0.0195306686178447 0.007917596307747677 0.14900525151273952 0.06674958424718794 0.0049230934802462194 9.812943771614305E-4
0.5270414294161608 0.22564872211395604 0.027263067700824657 0.010998689799277907 0.13857885476479656 0.06131230602433274 0.006484341657787213 0.002672588522863784
0.5357983816794204 0.22850914982837198 0.021074407252382247 0.008473499198857079 0.1389713093940479 0.061234301677553345 0.004960711867876657 9.782391014905452E-4
0.5359249440671531 0.22868901730619903 0.02099056514123787 0.008450200268452312 0.13884678526075311 0.061182198342309556 0.0049412797763289775 9.750098375661029E-4
0.5289571316426099 0.22572439704381073 0.02762266361391244 0.011120672946971439 0.13702123814472647 0.060378952546399293 0.00650198871745609 0.002672955344113551
0.5361390350274267 0.22850495977108293 0.02112353938170439 0.008489537449420307 0.1387232019787651 0.061077409773518866 0.00496394695961296 9.783696584688497E-4
0.5290001873816826 0.22570801611627636 0.0276335775935654 0.01112362559271179 0.13699858513900673 0.060359546599707 0.006503311795519734 0.0026731497815304555
0.6284620307633066 0.12655816104723974 0.03301603919916337 0.0062695666588181865 0.16260421172706158 0.03382636523115071 0.007758400279329272 0.0015052250939305944
0.5385611200133199 0.21662633750628224 0.030055330463385686 0.011593688925831378 0.1367558632384044 0.056654295851484564 0.006999571596911004 0.002753792404381051
0.5304213165318878 0.224692510007406 0.028117682127058296 0.011247896332070153 0.13652169123922564 0.05972402664684522 0.00658430743051608 0.0026905696849909
0.5293560746876087 0.22541733009564194 0.02785206523155767 0.011186172656188683 0.13679369508400138 0.06017222872194691 0.006539224159754022 0.0026832093633009885
0.5291994599686234 0.22548520311701648 0.027815695723507124 0.011176602503062303 0.1368644198577623 0.06024183118771941 0.006534315798908069 0.0026824718434007963
0.5361974619019247 0.22848436542906644 0.021134558637837118 0.008492536099548552 0.1386947189598407 0.06105256087544266 0.004965322263574303 9.784758327653267E-4
0.5290089904152938 0.22570591698256728 0.027635452250700025 0.011124169225069392 0.1369933025410778 0.06035549065940708 0.006503504385528901 0.002673173540355449
0.628463392042714 0.12655796071113795 0.03301637519446597 0.006269613676650092 0.16260302786416392 0.033825975751849445 0.007758428652747975 0.0015052261062708332
0.538561333270707 0.21662632083657224 0.030055374823412563 0.011593702267828411 0.13675570436681672 0.05665419797991785 0.0069995741325672035 0.002753792322177885
0.6294922637200248 0.12599688317001542 0.03336944832575987 0.0063072871583077185 0.1620208763929827 0.03349038731267581 0.00781411024185918 0.001508743678374465
0.5387241915596612 0.21657523810677648 0.03009301745618046 0.01160380732468811 0.1366640285045388 0.05658204109065387 0.007003497624819407 0.0027541783326816395
0.5304473347294594 0.22468711271335837 0.028123249022544754 0.011249534304244814 0.13650533406042453 0.05971195680470906 0.006584845220421241 0.0026906331448380057
0.62866657516691 0.12649019664183672 0.03307806907057825 0.00627715327994537 0.16245239426398264 0.033763898128398084 0.007766053861595826 0.0015056595867530124
0.6349198734306158 0.12065869070802361 0.035439075036463 0.006458882049578008 0.16118891451302494 0.03154856962801421 0.00825210113447071 0.0015338934998096086
0.5395368181978125 0.21608394329376351 0.030299645415908995 0.011652526586940224 0.13639464111744676 0.05623876751235144 0.007034886851069617 0.002758771024707039
0.530569849078407 0.22464057748986946 0.028151259105981822 0.011257086853545957 0.1364447193118365 0.059657003386382856 0.006588366929927982 0.002691137844048441
0.5364137598810118 0.22840709273583273 0.021170455923913954 0.008502228008166458 0.13859689973044975 0.06096076966638006 0.004969979355968046 9.788146982772272E-4
0.5290408131872477 0.22569799537546897 0.02764218484378683 0.01112611491084166 0.13697456732836205 0.0603408462091313 0.0065042145846539905 0.0026732635605075574
0.4765243017388123 0.20308918596323206 0.01877622487996479 0.007545944794700706 0.1972599823003723 0.08684647486613564 0.007059314312033475 0.0028985711447487273
0.46433858751488966 0.20020260964761574 0.01746336445055358 0.007067599542908834 0.20813009463432275 0.09294611070145001 0.00696525597299422 0.002886377535265375
0.4618487575852819 0.19979070133419727 0.01718940847376394 0.006971431260210409 0.2101746550388651 0.09420761094945292 0.006935951309252712 0.0028814840489757372
0.5236676312828428 0.2267011718310754 0.019447910878136413 0.007891254709351798 0.149382721155465 0.06701276277584947 0.004915738032009765 9.80809335269469E-4
0.6262855413571167 0.12672223340875693 0.03238116439844551 0.006173379925247739 0.164776914618011 0.03445497886099008 0.0077050209666601295 0.0015007664647719036
0.545786313039058 0.21969236319546362 0.0228020541784402 0.008800297919392934 0.13897047394140866 0.05762214175989139 0.005320911573663047 0.0010054443926822644
0.5301909150459305 0.22491961588969225 0.02792122040019054 0.011190691060037991 0.13668641311988683 0.05985843347135058 0.006551798393653307 0.002680912619258103
0.5293016976070964 0.22543776520919406 0.027837810048233255 0.011182284850996352 0.13682307429203613 0.06019692926626706 0.006537497203372698 0.002682941522803869
0.5362138191309653 0.2284798688423613 0.021137172293863336 0.008493274103998997 0.13868626893856523 0.061045472830201127 0.004965626960506256 9.784968995384196E-4
0.47634959046661135 0.2032369794697403 0.01866364928770207 0.0075126901062675545 0.19736729076379647 0.08695394694798987 0.007027368178442674 0.0028884847794498104
0.5195716433452047 0.22404687147111302 0.02604654812618673 0.010542521544275577 0.14558410501165528 0.06502289416733255 0.006494017374229475 0.002691398960002603
