0.125 0.125 0.125 0.125 0.125 0.125 0.125 0.125
0.5381599920505363 0.17543929747684428 0.028148264013603076 0.008630427909275817 0.17892481744886865 0.059602946637535695 0.008456661012767019 0.002637593450569177
0.3546975490229263 0.2215812405007685 0.014058713359606095 0.008437271777179765 0.2367222880019054 0.1504660222121243 0.008735765189806514 0.005301149935683161
0.581984454682542 0.14896876298575262 0.09590194281903479 0.024022751067716182 0.10146614958110721 0.027029356481177692 0.016361397350919953 0.004265185031749441
0.5533065948794308 0.16500047786480906 0.054177729627545336 0.015630824496386826 0.14894142374337063 0.045047231305033866 0.013859524535541156 0.0040361935478825765
0.4009272028391762 0.2474294040985434 0.022141544691688213 0.013156214985853707 0.18501821474259186 0.11590077134579159 0.009641952416414887 0.005784694879940012
0.5354063246800173 0.13440041636841332 0.08944207429945795 0.021977890837525913 0.14915619205631547 0.03897584033462886 0.024401970788499334 0.006239290635141735
0.40802591747514033 0.2484154574981613 0.0233556607395165 0.013709098790785 0.1798327496490483 0.11122400123357475 0.009689626816350211 0.0057474877974235585
0.5204924787398046 0.13019053005378248 0.10555997262664685 0.025929239957358494 0.1442038026489586 0.037546139963924266 0.02873337230106049 0.007344463708464064
0.5711375693948504 0.057521354268523096 0.24576744605117018 0.024313330373046275 0.0644646335379334 0.006755050564455426 0.02723995855317729 0.002800657256843806
0.6398850699915243 0.05772822145268586 0.1688120937644468 0.015014492495346686 0.08610310970432307 0.008016570894298823 0.02238774426702294 0.002052697430351547
0.5267191872432316 0.14980011391983147 0.03384816023175722 0.009434395423394441 0.20503427988074707 0.058919082541520416 0.012683527775552827 0.003561252983964902
0.5405601418739439 0.1246958702516145 0.16054046126754104 0.036471945551849856 0.08605015545583075 0.020607179461231456 0.025148982074605634 0.005925264063382913
0.5436585153574657 0.15985199126876512 0.05600134388025172 0.015943549548928144 0.15761765422244747 0.046953898645087935 0.015516019029068599 0.004457028047985391
0.39274182130304963 0.2729239394746344 0.016231751274737118 0.010891108696714212 0.17489922820859866 0.12331008015282675 0.00679347727917661 0.0022085936102627553
0.5440826912309275 0.1384203425576738 0.1387458408159673 0.034597110802981224 0.0912599976000959 0.024152172338157668 0.022823454339473113 0.005918390314723552
0.5630775234311409 0.1668509832417224 0.03410650584864908 0.009771698855609188 0.16452690847051346 0.04941084184437541 0.009506933470033068 0.002748604837956521
0.3415736411913356 0.23822937155910262 0.013846391223179908 0.009330083545488537 0.2240691777393144 0.1586647551702121 0.008501948157145174 0.005784631414221698
0.5693079093324179 0.14732154241009718 0.10680467844334805 0.02710406754033764 0.09951725053933168 0.026799004999900136 0.018309587756907855 0.004835958977659567
0.5317986102806612 0.16492897869621986 0.0524252772677805 0.015738240070193806 0.1636485680527188 0.051394099965035904 0.015403430066601833 0.00466279560078801
0.344943872687837 0.2137700020916252 0.014105486974791193 0.008402985473839894 0.24762205976304766 0.15594441172986623 0.009495160805597473 0.0057160204733952774
0.5479107555823847 0.1405355779531897 0.1292069554531438 0.03242948546773105 0.09622906514112071 0.02568553319538391 0.022202977314825907 0.0057996498922202565
0.542723649344842 0.1677585936925438 0.05433298023422528 0.016251101594918382 0.15231989890446587 0.04772900261215306 0.01450600010073381 0.00437877351611778
0.399154815841552 0.25708649255993454 0.021934205742629338 0.013604615925924471 0.1773406577536001 0.1159750666301774 0.009163881155499288 0.005740264390682808
0.5195370138403037 0.13083890050987945 0.10516212861570327 0.026006033427968474 0.14446609950279546 0.037868309936934005 0.028728745975513992 0.007392768190901704
0.5819783558781852 0.05865630703757512 0.23483068574040725 0.023224664561576857 0.06572694900922335 0.006892765211240561 0.026016266515332166 0.002674006046459223
0.6397284942991914 0.05788727863831082 0.16847821087999354 0.01503226372635663 0.08633943682668714 0.008059488802703414 0.022414009657141274 0.0020608171696159514
0.5286390492251417 0.15673205231043208 0.03396071693985205 0.009873519415169226 0.19630995044110544 0.058812754280751924 0.012121644431669694 0.0035503129558779253
0.5405897148341262 0.12492020060054784 0.16058759011218982 0.036542462714673714 0.08578250165780812 0.020579373238883862 0.02507953896280856 0.005918617878961902
0.5701339953905655 0.16764474208216854 0.035238977673895285 0.010032887193242527 0.15789999100732519 0.047061211017377674 0.00931226254680958 0.0026759330886156757
0.4223795829515987 0.2613215127540146 0.01721093332285917 0.010260460881504828 0.172117894962531 0.10823162445375913 0.006576437167735787 0.001901553505996648
0.5314908162017028 0.1330820580216563 0.09506724928946897 0.02334048191632224 0.14656351163287867 0.03816795469967384 0.0257232106868369 0.006564717551460402
0.5820106562682609 0.05881188032877975 0.23439033906676016 0.023250207860285768 0.06589081933717164 0.006922772260408383 0.02604091604575111 0.0026824088325821454
0.5547280193950489 0.16352863558034825 0.061549245472458686 0.01776812305586751 0.14097690699560275 0.04199193372229537 0.015073241073849874 0.004383894704528496
0.4049641687768562 0.28081211553174923 0.016946731867037223 0.01135400890928887 0.16283441585664515 0.11460630076593531 0.00640303193871009 0.002079226353778003
0.5523017793278407 0.13992847694346258 0.13209436610160005 0.03277012443323167 0.09170446518893234 0.02416228218357724 0.021495330088629982 0.005543175732725436
0.5373576602450312 0.15932612138289437 0.05404015238671046 0.015495861109311905 0.1641412584890932 0.049297771499291834 0.015777638384987316 0.004563536502679444
0.4022090354684449 0.2798745085912718 0.01652982781593293 0.011101147270847446 0.1651502831874017 0.11672992129663319 0.0063404018220323734 0.0020648745474356168
0.3733378192175435 0.26625714030578407 0.017730214872217615 0.012013884974841476 0.18380900971560854 0.13326987809935795 0.00806246507439881 0.005519587740248174
0.5723755536900916 0.14655116742881094 0.10824654516974262 0.027184854775499926 0.09705991578707758 0.025863543126074674 0.01801133448826211 0.004707085534440546
0.4194147287784953 0.2536256933019938 0.02487520724009481 0.014535983086145432 0.16883956035488804 0.10354430995879975 0.009538265959980119 0.005626251319602606
0.4996572309183816 0.12440100355987621 0.12854935266645334 0.031372803334478866 0.1371080734384038 0.03552542380576639 0.034601946879420545 0.008784165397219108
0.552874484619392 0.17825618114535907 0.0326244100092447 0.010166498783208423 0.16145413174560466 0.05285490578884829 0.008951028761806845 0.0028183591465359334
0.4035287812931926 0.2615202253146012 0.016232122869863128 0.0101286515059808 0.18075406888836842 0.11894110950456631 0.0068296093668337166 0.0020654312565939366
0.5688712005059043 0.14368873059599546 0.11493288856508559 0.028513552962315877 0.09520098259209599 0.025015324045369793 0.018900894457486026 0.004876426275746745
0.4015521339747944 0.26289755299692463 0.0239521594874375 0.015185842667892212 0.16875579871539012 0.11190605948201957 0.009607221715922199 0.006143230959619253
0.5528768795776179 0.13906311904014576 0.13260724954780312 0.03264879391197989 0.09172196313564554 0.024012142330894878 0.0215497318120879 0.0055201206438249655
0.4648322476187981 0.2798493447547145 0.028067738107305916 0.016327040337415152 0.1239196099241694 0.07570621963558016 0.007116704191327119 0.004181095430689542
0.3925011438124422 0.2646206065857127 0.014933167335412053 0.009602823441676563 0.18385414135657707 0.12587968780865424 0.006562794599057802 0.0020456350604674354
0.5511801364720917 0.14012352990119484 0.1313187910406182 0.032683732769001966 0.09285708245219745 0.024558049493550105 0.02166994904059989 0.005608728830745872
0.5572341096529436 0.16528246764175233 0.03358335524296696 0.00963248079240333 0.17041155688735418 0.05120408062581162 0.009812814276726686 0.002839134880041442
0.5198838424089681 0.15229577392816215 0.027994793882056102 0.00789595315570818 0.2142519589838343 0.06382059080031424 0.010782928511930337 0.0030741583290266584
0.5303997260627148 0.12318495025405697 0.10953160189929069 0.025051265492436633 0.14192873894247784 0.03422326476914601 0.028839257294214327 0.006841195285662559
0.5823283254342755 0.05819919909742959 0.2356309900140359 0.02311997530351177 0.06534163041224594 0.006790252842918397 0.02594579619410048 0.0026438307014825376
0.6313731799551537 0.05709466669106057 0.1769327756363236 0.015788219002678995 0.0851604373654483 0.007943648929395478 0.0235423320341398 0.0021647403857994888
0.523797656416366 0.1615986614094288 0.033800681401334305 0.010230180823094117 0.19429357417044377 0.06055614333175444 0.012049644292996094 0.003673458154582356
0.5549615992566865 0.12867432598956838 0.14566246675668748 0.03319682974360998 0.08816801566858398 0.02122765284044129 0.022735068867835176 0.005374040876587148
0.5159524457791932 0.15830507015767212 0.03158481976783468 0.009393717276784895 0.20534091753379416 0.06382810813013544 0.011995587151241669 0.0035993342033437286
0.5795603140650901 0.13476592645776733 0.11976916081936326 0.027418495191848018 0.09274918884491165 0.022399307417951427 0.018858256014720742 0.004479351188347621
0.5697880654797225 0.1754313689594443 0.03429283514967376 0.010238803396804651 0.15162639046740636 0.04730788463701494 0.008695241347149267 0.0026194105627841196
0.4109597980427626 0.2548159989369881 0.02229316614817717 0.01331304570866734 0.17446546874509028 0.1098820273583196 0.00890155457703763 0.005368940482957497
0.40142401132347266 0.26295665374143196 0.019399886468447553 0.012051429064888607 0.1748120111103092 0.11674213942566261 0.007743551779821061 0.0048703170859663684
0.5298666673914944 0.1337558102458251 0.09452245539920162 0.023386159514767555 0.14734962970789256 0.03870629956334314 0.025778425464306726 0.0066345527131687464
0.5382610657161029 0.16776597311463284 0.05153916639900538 0.015516827296498299 0.15826025811775798 0.05009265168388586 0.014234246811929384 0.004329810860187484
0.3809945775342687 0.2657731228272729 0.020810640865903222 0.01400382156711681 0.17750831257115923 0.1255931162191897 0.009121837384765942 0.00619457103032368
0.5437800103966078 0.13840843287385585 0.13869269240176071 0.03458848855712027 0.0914835247164089 0.024237091579361915 0.022873337878436668 0.005936421596447944
0.40930188150300584 0.2463831518059422 0.024787838434675247 0.014411646332093927 0.17928159098758556 0.10937507740351961 0.010373083723181563 0.0060857298099961385
0.5462455951211609 0.1363402697220066 0.14027121686159247 0.03431327957714395 0.0906435736736724 0.023551811068019023 0.022824368573765345 0.005809885402639353
0.5435804158915507 0.17426840545061012 0.05500016847791365 0.01708648114106914 0.14473797632529284 0.04703207783108656 0.013927876820609367 0.004366598061867657
0.40578596380559573 0.2513811742870154 0.022326398218231448 0.013300304879434835 0.17942480783879985 0.11289322225315614 0.009294950542490046 0.005593178175276516
0.587148166730712 0.1472113627239496 0.09818842549152991 0.024099781197448277 0.09774502171612108 0.025508189944127988 0.01601056097592165 0.004088491220189548
0.5373274209189329 0.15996330955345484 0.05285081305566782 0.015229965575197494 0.164900231314386 0.04970995517378892 0.01551130487640727 0.004506999532164905
0.4045015706537029 0.2500829138952079 0.022130368802166362 0.01316189404459524 0.18131903112729109 0.11390489805688797 0.00930644797305873 0.0055928754470896775
0.5046393587399162 0.12657410916655645 0.12095653015765923 0.02969918520887946 0.14020387958521874 0.036604028956861115 0.03291434273419598 0.008408565450712807
0.5820157244372461 0.05833868065462785 0.23565718082179046 0.023168381944930316 0.06538242697775602 0.006825357459972154 0.02595750976653929 0.0026547379371377636
0.6313638887806329 0.057101150953374404 0.17692577709783933 0.015789333150745734 0.08516620039570091 0.007945518274062395 0.023543010755658685 0.0021651205919857057
0.5530116290326058 0.15063064851942748 0.0594759127417025 0.01586361479002479 0.15711501318208523 0.043242394369320175 0.016285041991113858 0.004375745373720237
0.41164375230904915 0.2632020408098501 0.01717155291482303 0.010593659895786683 0.17490618841169817 0.11358128036027393 0.006851803419326917 0.002049721879191907
0.5310440540318104 0.13363118391720116 0.1541096907441116 0.03809254610827774 0.08833168375524858 0.023121272586979418 0.025194230457158028 0.006475338399213033
0.5064160463041375 0.14966857938229158 0.031008571972750882 0.00886063005047546 0.22115598642606146 0.06621944249494599 0.012940191628770673 0.003730551740566507
0.546491533595843 0.12713599004919138 0.15221080848210272 0.03483423265150386 0.0881602138720035 0.021304192794118368 0.024131986077669004 0.005731042477568382
0.5384498260501587 0.16511363610961874 0.05513030155821203 0.01638337359812519 0.15644546928062195 0.04858708979116782 0.015303102756609016 0.0045872008554866004
0.32947720659528024 0.22073464817678276 0.013566020287689773 0.008760676591513465 0.24513807582516509 0.16662943905096864 0.009500688483501152 0.006193244989098822
0.5164280827716521 0.13376815867090755 0.09664945819836515 0.0245494896603717 0.15224562402128375 0.041034001492295774 0.02793910642444606 0.007386078760677927
0.5708266136628974 0.05790885575507533 0.2448117024115016 0.02439226260629362 0.0649969331330161 0.006861560390131953 0.027367613133041303 0.0028344589080427866
0.5861354475099434 0.05291429908747208 0.24734734752918297 0.022013335034102785 0.0591960141028339 0.005515572142167744 0.024619092385040592 0.002258892209256476
0.6599028337941616 0.05917612048606175 0.1743838885935471 0.015428047070279493 0.06617613674532881 0.006114127638965525 0.01724820488478386 0.0015706407868718933
0.5492272598820719 0.14935305026828374 0.05941892310118291 0.015841373926122875 0.1606822665553386 0.04407982927811086 0.016871166784313826 0.004526130204575114
0.3945699223057487 0.25235324452185204 0.021907848514715073 0.01351717887762027 0.1831998100082395 0.11889985245444404 0.009582637603948776 0.005969505713431613
0.5521615560386235 0.13917215545874698 0.13209161798907187 0.03258717360151671 0.09249050980240518 0.024267560229079325 0.021666985342604285 0.005562441537952273
0.4439241809890111 0.27851978391940324 0.026784396716214777 0.01625239172097196 0.13567829817969476 0.08622974885977211 0.00782296821671429 0.004788231398217994
0.3729854365505849 0.2725652416585682 0.018624051859895376 0.012993865171041922 0.17724309020560877 0.13150386622174745 0.008263478911121194 0.00582096942143237
0.5357105977848211 0.13727442856428435 0.14534039374750232 0.03652965397644867 0.09057220072582578 0.02415330468354182 0.024112932503760086 0.006306488013815841
0.4009638885323041 0.2722385012009888 0.02437763241571057 0.016029826400277884 0.16050720459106577 0.11042841419085406 0.00929046577977016 0.006164066889028766
0.3264712953233195 0.22340412862386186 0.011811002168874476 0.007670099065453821 0.24584355762530205 0.1712089681464216 0.008203510473726954 0.005387438573039851
0.5157696902356028 0.13411267228110005 0.09636684148248262 0.024573124606058948 0.15254571231056666 0.04126611118168314 0.027949414828060376 0.007416433074445318
0.5376748708548834 0.17460925999646523 0.05129594874668347 0.016092012754921933 0.15221747798514174 0.05022347879595176 0.01358085740073438 0.004306093465218203
0.35276126836646177 0.22796366625553469 0.014440768465568053 0.008979237233893314 0.2302437789779723 0.15125094933534902 0.008818419504878008 0.005541911860342727
0.524075521411114 0.13446926868504455 0.09238086483021096 0.02322280588827003 0.1520967856247268 0.040615894555962526 0.026266666405735425 0.006872192598935792
0.5601939467079873 0.056843846752545654 0.25542221710462576 0.025484012697946302 0.0637782747211043 0.006731489410294507 0.028583066697073816 0.0029631459084224704
0.564531173578152 0.05081771728330126 0.26936416535983715 0.023932939522166317 0.056850405542940796 0.005283849990033337 0.026766671642442074 0.0024530770811274443
0.6156307435623238 0.05487455881878304 0.19504188802791478 0.01717902191246272 0.08182159336594723 0.007519718230866085 0.025608855637160463 0.0023236204445417317
0.5480876417147797 0.15535619429521447 0.05954566248612058 0.016536403378574434 0.15522599299858134 0.04444585756787202 0.016255324365221806 0.004546923193635487
0.40619166725967965 0.24993669791911133 0.02253959266790214 0.01335828914024632 0.1802682114859968 0.11266024194851333 0.009410872558954765 0.0056344270195955864
0.5530463770698024 0.13856902671537846 0.1326303426623629 0.032531666336329874 0.09206669790830861 0.024011000231596476 0.021625979905733908 0.005518909170487242
0.4093839732280235 0.24642680878097706 0.02472167917622944 0.01437890529155683 0.17929938137988854 0.10936708975015005 0.010348938651507647 0.006073223741666679
0.5313875709852869 0.13263388535282608 0.09516786208939264 0.02328053601285332 0.14696505704375917 0.038186014802600685 0.025809308587027752 0.006569765126253271
0.5189660770742903 0.1553060468772631 0.029856681340976996 0.008623556049863292 0.2090782344429578 0.06359968976135469 0.011276754460439496 0.003292959992854119
0.5466759782709706 0.12700037971709013 0.09351367608468987 0.02133494037042643 0.145965436388775 0.03521215399129059 0.024500220268926065 0.00579721490783143
0.5547054606333093 0.15879497891729125 0.053431779816196304 0.014769125568533204 0.15517932284788072 0.045157544041309894 0.014038465640033002 0.003923322535446504
0.34860784978149345 0.2326802461326511 0.014434722042013579 0.00930016483233182 0.22673625492991792 0.1537172645005268 0.008797521704599584 0.005725976076465664
0.5480413159300649 0.1410729454886848 0.1293557359284606 0.03258134687565229 0.09551670309588003 0.02558880133965835 0.022060198927518284 0.00578295241408089
0.41853410204149005 0.2630319693744834 0.02514508883931308 0.01527592997193347 0.16072880818211174 0.10248720683681192 0.009170735256353075 0.005626159497503159
0.3866016085810333 0.262900892684193 0.0188987021777571 0.012213561867758602 0.18078421764582633 0.12509261532828186 0.0081698033912691 0.00533859832388062
0.5283840630342451 0.13427938621100335 0.0939821443005762 0.023404491854573585 0.14820876789003729 0.039199533509145845 0.025844777063128047 0.006696836137290505
0.5627614338449914 0.1754879731938714 0.032290370802007765 0.00972487054244066 0.15842671642950834 0.05019871508309335 0.008517209032263228 0.0025927110718239987
0.4043454719826609 0.26144951043590925 0.016343575804659737 0.010183465123005215 0.18036470489763368 0.11838488058025794 0.006857784765906298 0.002070606409967294
0.5689521771394592 0.1436431207324317 0.11497101073198039 0.028510130457153046 0.09516066611175115 0.02499306039913157 0.018896741844743405 0.004873092583349425
0.5143560195784649 0.1591097770494194 0.030682943680715488 0.009191442267798354 0.20660581771007663 0.06476121110837345 0.011743621741075148 0.0035491668640765073
0.5464210758684138 0.12723280281554164 0.09343527464766561 0.021361741294934188 0.14595631252728458 0.035297784851701375 0.024487377040110645 0.005807630954347922
0.44842149340189874 0.28303830911434774 0.025911104599841434 0.015807481440850545 0.13119474531530537 0.08409432777312578 0.007134776410513699 0.004397761944116649
0.3843913030469031 0.27056153338189903 0.01922298557880267 0.012905410381821466 0.17447974405607075 0.12477845452113691 0.008140252222664766 0.005520316810701199
0.579227214799699 0.14754918903811087 0.10301718728324033 0.025714991648224696 0.0973164983906752 0.02579775392386916 0.01696990793035317 0.004407256985827736
0.5587823102879077 0.15972010736837 0.05507442268252516 0.015216314839555996 0.14980328413656094 0.04344143224337207 0.01404437255055626 0.003917755891151813
0.41186383877066673 0.2639883639431348 0.017125008400392563 0.010587492488363975 0.1742006782306845 0.11338154833536446 0.006811476941688516 0.0020415928897046676
0.37782401346922523 0.2782000776251792 0.018081862134004336 0.012676844595267378 0.17170439367112414 0.12860976278444028 0.007551672250767802 0.005351373469991675
0.5359738426592174 0.13727817106450707 0.14550533579574873 0.03655763226678986 0.09028121504101543 0.024060759775866226 0.024055205807831426 0.00628783758902388
0.39054525426643016 0.2651464259994041 0.02375031581658388 0.015616620313773465 0.1709350752661255 0.11749247442486434 0.009929882070715665 0.0065839518421030516
0.5448078177198175 0.13776740706435248 0.13941011109048865 0.034542420070235565 0.09087403638478173 0.023920499074006833 0.02279889544196969 0.005878813154347586
0.5273197406684226 0.16917799608598771 0.053282502202264034 0.016561502543097663 0.1609665857575923 0.05227773512037758 0.015542855528921554 0.00487108209333661
0.4951627422077384 0.15118251174227318 0.026966759587739135 0.007919352250233137 0.23160623056916277 0.07179693005647665 0.011850764379690923 0.0035147092066860255
0.583648325641085 0.13672228904033754 0.11301727480762017 0.026040113772235557 0.09503638860242185 0.02312883382425594 0.018082372040936035 0.0043244022711076404
0.5539233339681439 0.15743114956291113 0.0552648823467239 0.015201702911931313 0.154766791759384 0.04459005527000189 0.014732465140566293 0.00408961904033768
0.34874423333378185 0.23261254502475517 0.014471504056461224 0.009318394404876704 0.2267104235350066 0.15359098168108426 0.008816747139995012 0.005735170824039171
0.5700468289001633 0.14672098659869795 0.10712117591301831 0.027039863523748122 0.0993419840259736 0.026610703071982 0.018308355994568083 0.004810101971848724
0.4136035749515228 0.2502746961610061 0.02447929392102868 0.014310970601635727 0.17457373802731194 0.1070952179752958 0.009850772363341333 0.005811735998857521
0.582313131212025 0.14525222438834198 0.10435690608440767 0.02551414310286061 0.09632057634296907 0.02500754392099148 0.016929279074630422 0.0043061958737737336
0.5571278104593904 0.16567321465222976 0.03303303535279396 0.009508128145635649 0.17074826035096402 0.05141647796335263 0.009682745812159943 0.002810327263473644
0.3915704563528684 0.26295138638453697 0.021068428906914773 0.013651004400243425 0.17605884631846638 0.1199921977691725 0.008891727364676224 0.005815952503121494
0.5445536300521457 0.1378565369318719 0.13916872530185107 0.034524371134383405 0.09114650955433116 0.024015790088819558 0.02283903249343598 0.005895404443161092
0.5533780245330774 0.1573366943320769 0.05589726171493319 0.015351557331301757 0.15449383086783836 0.04455730851571599 0.014863510177523302 0.0041218125275330215
0.4105649591292047 0.26317995461002297 0.02272735732317203 0.014049381941940338 0.16678163574953622 0.1086392132332025 0.008652489703648888 0.0054050083092723996
0.32821050093817683 0.21534703857951962 0.015876343464435255 0.00987771851006082 0.24741164271202415 0.16528852744603892 0.011040022439141728 0.006948205910602767
0.5686671863774393 0.1469113313048225 0.10652551893067458 0.026982764834964652 0.10054270176625726 0.027035798001536705 0.01846512396940303 0.004869574814901897
0.5531572229320013 0.1648156610991193 0.05450078198969732 0.015703015947688623 0.1488521695184987 0.044991695698827654 0.013927919116238582 0.0040515336979284385
0.3989996995537084 0.26669219411255213 0.02204244539134587 0.014215920148465119 0.16893713724626613 0.11462728558275448 0.00877238572818372 0.005712932236724271
0.5043413771293913 0.1272865800437039 0.12078874595020365 0.02984088578690969 0.1397974902505579 0.036718246144624496 0.03279742687049194 0.008429247824117112
0.5097026445114129 0.16462715745132586 0.029870387001275246 0.00932339831130105 0.20457323718909518 0.06712431262499584 0.011234545821461312 0.0035443170891325806
0.5847363965131628 0.13671113034752558 0.11357144793838293 0.026114977373955166 0.09386916365487682 0.022798878295491747 0.017921445674156322 0.004276560202448774
0.5640106857883088 0.1738348183083714 0.03379563047833258 0.010101302334851986 0.15740360525949795 0.049137972053781794 0.009002183355267037 0.0027138024215885314
0.40462984763015214 0.26136421933334253 0.016402212247915524 0.010211909202230952 0.1802571346845208 0.1181838594070194 0.0068763133139821886 0.002074504180836526
0.49067274408364225 0.12385669906601483 0.13368896060151655 0.03311463525780787 0.1367525331572912 0.03591003815368158 0.0365816284483388 0.00942276123170708
0.5711378228077401 0.05704159039592441 0.24711874036438727 0.024222568888873416 0.06392013283130438 0.006653962319938898 0.027135700182559078 0.0027694822092724863
0.567232709152792 0.1120689724198303 0.16899067634991527 0.03296158820974573 0.07626368744344415 0.015548681275898462 0.022424494754628523 0.004509190393745435
0.535008461015382 0.16241565997412233 0.056012329544492485 0.016526965590037718 0.16001400127484375 0.0491227116923032 0.016109804266935007 0.004790066641883374
0.5158078415081122 0.15690186529074793 0.028306671476265147 0.008290519006022378 0.2113020867000968 0.06534507064348127 0.010837378366652283 0.0032085670086221094
0.5614251978929774 0.13075994096580118 0.13754211540128075 0.0314580102006212 0.09018245025859921 0.02181198259211861 0.021677820223969788 0.005142482464631863
0.5441548396522176 0.1739450004762627 0.05520057775326985 0.017119827556155293 0.1444656113001961 0.04678873487635986 0.01395792568655216 0.0043674826989865455
0.41121615629373154 0.25468509260322797 0.022638075140446648 0.013483751530967772 0.17402937606736615 0.10952556531661525 0.00900334527051771 0.005418637777126799
0.5388363040496247 0.1348685577845222 0.14740043452950022 0.036199509086330815 0.08931450021159605 0.02326574654230167 0.023986553109588412 0.006128394686535958
0.5525025301429272 0.17011412232832565 0.03369511163776821 0.010042543888436863 0.16838038163580513 0.052500599499735706 0.009814534585058737 0.002950176281942441
0.33323950631240606 0.2154932850918315 0.013425413899793584 0.008362960724234612 0.24998263550892935 0.16407022646194594 0.009470561667870206 0.005955410332988881
0.53253722660809 0.1374885419107109 0.1429963123882079 0.036205269165843636 0.09415448518192225 0.025293335441697044 0.024792077918380978 0.0065327513851471605
0.44292912600624373 0.3010193368932977 0.026836732923920317 0.0176584976879515 0.1185301700960477 0.08168208327397415 0.006816394168869179 0.004527658949695673
0.39684278912778764 0.2596964668334836 0.019837399506253683 0.012345049701555482 0.1787518268176829 0.11891695921189462 0.008355020406376343 0.005254488394965981
0.5745702407397517 0.14515396895041344 0.10921444202094045 0.027068580695874846 0.09614871934237658 0.025279105717562235 0.0179390614315871 0.004625881101493925
0.40142438392646995 0.2630101410751315 0.02385255150417308 0.015135789222012322 0.1688361987557823 0.11203710256685738 0.009575790185298909 0.006128042764274647
0.54557069325628 0.13724568134179826 0.13987656153224773 0.03448401862577605 0.0905231903409374 0.02370164102113348 0.022760121944816417 0.005838091937010671
0.5033973294177662 0.16145000177791824 0.030541570321190693 0.00949085531778928 0.21067504873637607 0.06842481571405698 0.01219756500793035 0.003822813706972099
0.5903017082217581 0.13808909431890184 0.1075947733723823 0.024730567287906235 0.09509280381908863 0.023112446165608518 0.0170186331240913 0.004059973690263112
0.5440621235997928 0.1745977087728078 0.054113249088706926 0.016857169313821547 0.14512169035383574 0.04717331789058948 0.013753478368502181 0.004321262611943448
0.3303130619450278 0.2216405620208087 0.013618292324561751 0.008806920836741637 0.2439244811725792 0.16601856161595369 0.00948665503576011 0.006191465048567153
0.5251340247560985 0.13599733641724804 0.150002249224518 0.03813169427015975 0.09281524654025182 0.025011521876486423 0.026022886882129642 0.006885040033107727
0.5267646266851929 0.16902545091436025 0.053434539352200834 0.01659813011865792 0.16127440856418113 0.05240635749255885 0.015606975289566618 0.004889511583281628
0.40255435277528334 0.2705898655549394 0.01644086407811796 0.010641028531744279 0.1729744730295749 0.11811599262935311 0.006609037426431541 0.0020743859745555185
0.34194430718502417 0.22557719445684007 0.01217390641041446 0.007608223231288892 0.23915238507134853 0.16082069144174105 0.00779337981296329 0.004929912390379654
0.5173746270870575 0.13358944838960835 0.09697099239930192 0.02455710778433548 0.15157824654870686 0.040724041814135546 0.027862750872053862 0.007342785104800522
0.6218951717462455 0.06305663683519896 0.16673235270762252 0.016604450532237316 0.09435020666450428 0.009954618313348063 0.024835740644647962 0.0025708225561953454
0.5688213342881121 0.16925900132409666 0.036292041095953846 0.010573694740153069 0.15583653862312882 0.04687631906825501 0.009540259250090475 0.002800811610210043
0.3480618259685556 0.23329180928945964 0.014194363780893391 0.00918558543213061 0.22666261809496555 0.15426798981108664 0.008670010108419108 0.005665797514489574
0.5924690090515475 0.0696252344216413 0.1698207981009968 0.019591378228033467 0.10330178960820417 0.012633838266873356 0.029067727543830003 0.003490224778873291
0.5615242766998806 0.15442405835654968 0.05933731048004919 0.015919470832759835 0.14842605953540738 0.04135465563515158 0.01496285185749958 0.004051316602702084
0.3894560810426534 0.2693403189558871 0.016304479505673136 0.010904557714499954 0.17908331088713753 0.12553472711964075 0.007082772426740144 0.0022937523477680375
0.529435309808386 0.13476931531825265 0.15303418296658106 0.03825544331352932 0.08905480872229403 0.02358393865802575 0.025291111891414128 0.00657588932151702
0.5485679392626822 0.16892774795334542 0.05589381664586908 0.016654390653929884 0.14597613102142065 0.0455910242109311 0.014136146304207986 0.00425280394761356
0.3882991043765725 0.27020982401197674 0.01608103142933499 0.010802801068536897 0.17902639389826555 0.126308144557596 0.006996548085944907 0.0022761525717724107
0.5177004117754748 0.1318981353680448 0.10433530647555744 0.026104536058856046 0.1452282456313699 0.03849343839299697 0.028756499403182634 0.007483426894517413
0.5819167997641286 0.058730523849290305 0.23468812078729656 0.02324071166373871 0.06580231794534612 0.006910801075505221 0.02603140574765379 0.002679319167040871
0.6420312798472392 0.05810206517917094 0.19091189479128726 0.01705844057494093 0.06499483005657679 0.006067806300717042 0.019076918990294102 0.001756764259773758
0.5607856663076997 0.15884657674077915 0.061153141854380935 0.016986104193223266 0.1423235679645918 0.04070496732507661 0.015003573491655304 0.004196402122593228
0.40764694858355127 0.25042338378776385 0.022800574560567666 0.01350071074326582 0.17894000949759595 0.11159240552924425 0.009447055634213096 0.005648911663798374
0.5314044761155452 0.1330529163504997 0.15448575841657036 0.03798573534902167 0.08835264174455039 0.02302567487637078 0.025236129414620057 0.006456667732821801
0.5487421592692112 0.1688088372262368 0.05602697289861823 0.01668173239301345 0.14583192533578962 0.04549542844818604 0.014157189129078733 0.004255755299866115
0.38246002254738676 0.26612345988609387 0.021124511421817264 0.01418995570824959 0.17630654016994068 0.12437755734010408 0.009189856189135195 0.006228096737272448
0.5439229161916551 0.13833166120237136 0.13879118428075907 0.03458518906304017 0.0913883679324472 0.024191949423578385 0.022860513788977264 0.005928218117171333
0.5433900476184119 0.17440103297133033 0.05485547081381012 0.017055128883329253 0.14489178927619095 0.04713902350175108 0.013904501163890038 0.00436300577128639
0.3362878157210708 0.22562635108729606 0.013872922880923644 0.008970354168236268 0.23795411420721413 0.16201339618684982 0.009242088397619199 0.006032957350789881
0.5171663501170667 0.1336848628765158 0.09692762141618733 0.024570485519508876 0.1516383414068127 0.040790070494397555 0.02786928555258231 0.007352982616928867
0.553113765196059 0.15926475591389427 0.05283441343525161 0.014651641711029126 0.15641516114387222 0.0458218608115957 0.013977096240957077 0.00392130554734096
0.4003643454029082 0.25697993136469616 0.016551201195908572 0.010242613270505727 0.18558433512918068 0.12087827970330768 0.007230938404782712 0.0021683555287101064
0.5302292884300429 0.13393488451243682 0.1535336749698585 0.03808964587380782 0.08897996734223011 0.02338469344617145 0.02531554521847482 0.006532300206977517
0.5150138014996137 0.15852629228716067 0.03150865587123392 0.009385533999284294 0.20576921320476801 0.0642045656788284 0.011987881387781988 0.0036040560713292134
0.5465889364690686 0.12715741568637393 0.09350474132153844 0.021358435527691216 0.14586275146883043 0.035244031349391275 0.02448236718392859 0.005801320993177404
0.5247315478838069 0.1502238078770081 0.030325040590852895 0.008382519993412703 0.21046963109777156 0.06125117422018413 0.011423597364770305 0.003192680972193295
0.562225685957909 0.1300889798383345 0.1380530859657632 0.031377872911333156 0.08989428904958986 0.021593435861303297 0.021661774499690145 0.005104875916076864
0.5479258805176939 0.17508453655891829 0.033376076150405144 0.010348446840877955 0.16663442026349715 0.05387793092835593 0.009716115214365228 0.0030365935258865055
0.3981509236806827 0.2478764758743261 0.021324552089919853 0.012766240826014713 0.18673977862311822 0.11805492052199142 0.009402766870760557 0.005684341513186347
0.5297652547756652 0.13323624376107535 0.09452904933840298 0.023298742647740164 0.1479277121313077 0.038727362248591114 0.025878349291560788 0.006637285805656516
0.5819565311450247 0.05885772965604096 0.2342732960000532 0.02325764086492874 0.06597034764693789 0.00693789049274408 0.026059725177981122 0.0026868390162894475
0.5820803627194227 0.1154795636363927 0.153275187059158 0.029983390572593915 0.07858699544552669 0.016084130309485183 0.02039834091660376 0.004112029340816969
0.5454934019332137 0.1593269855209165 0.056564910345822346 0.01604688384721458 0.15633935301659935 0.04620597210405174 0.015569640331684394 0.0044528529004973965
0.4096984456410812 0.27367881491872526 0.01696140006224853 0.010930941674876047 0.166945212315485 0.11329232654873726 0.006470531953517029 0.002022326885329718
0.32741682272841155 0.24163693854248955 0.011734448827498373 0.008243860405747299 0.22739456356476825 0.1707901823331345 0.007474169729883198 0.005309013868067268
0.5790737834083928 0.15128882134138624 0.09473488993953504 0.02421514594534447 0.10219973819928709 0.027778329745341564 0.016358238347993968 0.004351053072719016
0.5112408580192583 0.15264885167333106 0.029962358363816433 0.008652230766769181 0.2164048306602356 0.06547968067054921 0.01208940189507289 0.0035217879509674035
0.5460774837500132 0.1270499822132878 0.09330952201810772 0.021317898634991627 0.14647760859373282 0.035394299186975856 0.024553907662758 0.005819297940132877
0.39138053510402077 0.25714670308559767 0.022608886072997613 0.014371510724323565 0.17910409525835008 0.11934249143280026 0.009774269473638422 0.006271508848271594
0.5242070961872491 0.1323881618408216 0.09968336774465125 0.024694229663401165 0.1462485076369661 0.03844946278790934 0.027292495202752357 0.007036678936249098
0.5538124003027659 0.1591219254053643 0.05322492183156606 0.014738111379126768 0.15566551222379832 0.045491154301889256 0.014019391512208247 0.003926583043281064
0.39871659576882124 0.2661995390062461 0.021996449303916924 0.01417473426823307 0.16951578507597218 0.1149018035301999 0.00878082524785269 0.0057142677987578674
0.5301375779829363 0.13380395244070792 0.09466244431308983 0.023414847379574038 0.14700223922852515 0.03861304273258103 0.02574162089204934 0.006624275030536422
0.5436762558035803 0.16944395268569865 0.05207167804587441 0.015676509543887097 0.15283736728137012 0.048398019153639435 0.013721139364893288 0.0041750781210566105
0.38738041132571294 0.27006294019099303 0.01592290965831528 0.010711268713672175 0.1796732714139118 0.12702507962948845 0.006957321291236867 0.0022667977766695183
0.584766109767776 0.14905980083595533 0.09713291646580677 0.024237545627891127 0.09849900351369449 0.02612086672941811 0.016025035139762802 0.004158721919695397
0.5321544986054411 0.16507803493215806 0.052234054718610985 0.015694822262719642 0.1635036776920821 0.051345355360204466 0.015342266559151222 0.004647289869632401
0.3233215679277556 0.2255755956088978 0.0132204841819047 0.008895739961991002 0.24205595600551588 0.1713139779922193 0.009300389170693871 0.006316289151021756
0.5388318116732765 0.14022947605779518 0.135300043519053 0.034489251111934335 0.09554529503100027 0.025871539726399186 0.023498479030399304 0.0062341038501420466
0.548001633574048 0.1693827371422904 0.0550276644028602 0.016451949567611493 0.14686652820471063 0.04604728781092618 0.013996892831032991 0.004225306466520046
0.4164904528250642 0.2680740215209544 0.01722420862615634 0.010679277867040721 0.16868893743507943 0.1103342611608775 0.006541596066578284 0.001967244498249446
0.5362742285198976 0.13481421671451113 0.08964157588548517 0.02206882951201123 0.14803684307638956 0.03870497592768504 0.024252896436170197 0.006206433927850046
0.6519382308676342 0.0660152600154589 0.16389009616744682 0.016293259287828085 0.07395030478755193 0.007783359290070822 0.018246392207750754 0.0018830973762583331
0.5598421508774476 0.1595887143194518 0.05990838753586988 0.01673027987743052 0.14359103992725017 0.04135141524928411 0.014819589576047943 0.004168422637217838
0.34469164691298854 0.23869657033255032 0.0144302292966333 0.009660175366584516 0.2219189164890039 0.15597094594419034 0.008730377723880422 0.0059011379341686555
0.5261360673804046 0.13590130906396106 0.15073858771767665 0.038220870561120335 0.09173429622915989 0.024659582621564778 0.02580029190067897 0.006808994525433697
0.5319021770132923 0.1639978732532725 0.05401325287291631 0.01610792756143519 0.16266616835857062 0.050806170343817035 0.015763936188672133 0.004742494408023821
0.3864205645685974 0.2694298677033516 0.015835925010154232 0.010649617796297547 0.1806591651405833 0.1277800251407047 0.006957896240378296 0.002266938399932795
0.5508527415788632 0.14046645850674594 0.1311607868735087 0.03273999632929114 0.09286492189589028 0.024636244985981295 0.021656547949175962 0.005622301880543664
0.5261589214305649 0.15609193115140144 0.031701669049398966 0.009093884465971936 0.20144874188085177 0.06062471374300975 0.011538116398814744 0.003342021879986742
0.5623644159707696 0.13021461507813983 0.13819036578951166 0.031427414370874575 0.08957322680783592 0.021533139418166 0.021602647012545353 0.005094175552157092
0.5486490667687501 0.15528992997604918 0.055710261014934336 0.015257370026366995 0.15956078476702518 0.045765930026805755 0.015486910226463408 0.004279747193605016
0.4036726214683526 0.2693057253804498 0.022292012271032693 0.014354015120581305 0.16470041147532055 0.11162333018139389 0.008513325868739097 0.00553855823413003
0.3848847954625328 0.26325430706988256 0.018515422282247576 0.012019619360321147 0.1815825573772809 0.126403624746819 0.008053009712479655 0.005286663988436202
0.5791597460285903 0.14734936400607165 0.10296015531427423 0.025669007459616693 0.09759714920432055 0.02584221258263713 0.017009866828044496 0.004412498576445084
0.5430512840119726 0.16831758273416758 0.05351922227810221 0.016065685936018134 0.15249770910440386 0.04789214949647355 0.014320016117873858 0.004336350320988336
0.3998132227504191 0.2575813409610929 0.016463198514011953 0.01021388874399764 0.1853712774214286 0.1212032443957545 0.0071916483888375396 0.0021621788244576942
0.5743871348689683 0.14515421989310187 0.109053244218371 0.027041274279574153 0.09641195583457272 0.02534914454176195 0.017968876936194127 0.004634149427455841
0.5326172313247188 0.17153653438035182 0.05273429179253784 0.016463493338659305 0.15627458321497062 0.05095766233129054 0.014767671574815316 0.0046485320426558705
0.40412579267077614 0.2610836057881213 0.016537572822406595 0.010278896786565189 0.18051007130709767 0.11843979809024291 0.006934506672001602 0.00208975586278852
