0.125 0.125 0.125 0.125 0.125 0.125 0.125 0.125
0.13585418317672365 0.10698516925166987 0.16302501981206838 0.12838220310200385 0.11843698020534883 0.0932691219117122 0.14212437624641858 0.11192294629405464
0.08426352317527296 0.12510061158807748 0.09007244034341579 0.15012073390569297 0.0938254586910581 0.15637576448509685 0.11259055042926974 0.1876509173821162
0.08043275842190156 0.12453826221497945 0.08966754879478521 0.14944591465797533 0.10135085882568345 0.1556728277687243 0.11208443599348152 0.18680739332246918
0.0796667719227508 0.12367524158068799 0.08904617393809534 0.14841028989682556 0.10778689089212928 0.15459405197585996 0.11130771742261919 0.18551286237103196
0.07923362607149367 0.12302542203403914 0.0885783038645082 0.14763050644084696 0.11248935116486918 0.15378177754254893 0.11072287983063525 0.1845381330510587
0.07295173961840629 0.12906846240179573 0.09118967452300786 0.16133557800224466 0.08754208754208755 0.15488215488215487 0.10942760942760943 0.19360269360269358
0.0724533320194837 0.12818666434216347 0.09056666502435463 0.16023333042770432 0.09377601643322674 0.15382399721059617 0.10867999802922557 0.1922799965132452
0.1036752800730532 0.07654344427213243 0.1943960489450982 0.15308688854426486 0.10263431304004515 0.0667301821859616 0.1694734785675215 0.1334603643719232
0.07192764710028501 0.12725660640819655 0.08990955887535626 0.1590707580102457 0.10035112165335835 0.15270792768983585 0.10789147065042752 0.19088490961229482
0.13807029089869066 0.10190587546424833 0.16828415045689382 0.122287050557098 0.13862559759945087 0.08884101963549854 0.13537679182552156 0.10660922356259825
0.0759835621475657 0.10263339389716492 0.06446494989099116 0.09237005450744842 0.16369707733866523 0.20526678779432983 0.11084406540893808 0.18474010901489685
0.06961810575778381 0.10298236020267429 0.0590317641278227 0.09268412418240685 0.173129727940262 0.20596472040534858 0.11122094901888821 0.1853682483648137
0.061502291544602884 0.10881174657891281 0.0536173823722179 0.09486152265853937 0.16662575362638668 0.21762349315782561 0.1072347647444358 0.18972304531707873
0.09288401343943672 0.07497866145111157 0.18576802687887345 0.14995732290222313 0.11281670258869057 0.08144245793667755 0.1671912241909861 0.1349615906120008
0.0821244645467935 0.11832314645943312 0.10048180911610463 0.14198777575131974 0.11356633166814521 0.15954092095556444 0.1064908318134898 0.17748471968914964
0.08296879626553987 0.11765064438314606 0.0929449383188627 0.14118077325977524 0.113125936257885 0.16976736499524056 0.10588557994483146 0.17647596657471903
0.08298767233281691 0.11747650064381505 0.0921993820433461 0.14097180077257807 0.11342358295698081 0.17099745970530691 0.10572885057943356 0.17621475096572256
0.08157734226341154 0.11520045838836199 0.09047080880578617 0.1382405500660344 0.111686642473096 0.18634309787124112 0.10368041254952579 0.17280068758254297
0.06912334065188161 0.12229514115332901 0.09378159224073498 0.15286892644166125 0.10224048325258615 0.1725627935519912 0.10368501097782243 0.1834427117299935
0.09251718792893662 0.07468254929203318 0.20139861439694942 0.14936509858406635 0.1029248123718849 0.07815221042838377 0.16653093827208593 0.13442858872565971
0.08888212990644544 0.07174822534616682 0.23792622575244762 0.14349645069233363 0.0993852555887042 0.06942707325920033 0.15998783383160178 0.12914680562310027
0.0862480229080454 0.06962189801010893 0.26125745266529404 0.13924379602021786 0.09613943038972242 0.06692354235393351 0.15524644123448167 0.12531941641819608
0.08452950703648199 0.06823466230655775 0.2764410603803645 0.1364693246131155 0.0938584105817383 0.06549153026427026 0.15215311266566758 0.12282239215180395
0.10701763310900211 0.07126682940143418 0.22996358881604825 0.14253365880286836 0.09807957669207877 0.06908798094432081 0.1577906194317468 0.12426011280250063
0.07395165934758026 0.09966393519997944 0.07549207284944372 0.08969754167998151 0.15071854322546424 0.22344411432161015 0.10763705001597779 0.17939508335996301
0.067399040566417 0.11924445638673777 0.10014788925107243 0.14905557048342222 0.10995301626044089 0.17423478162217754 0.1010985608496255 0.17886668458010663
0.10391988248384482 0.07124263488654287 0.21259031221529714 0.14248526977308573 0.10182168245885337 0.08598523990124356 0.15773705078664757 0.12421792749448499
0.08088944264115845 0.14311209082666496 0.10848840782804389 0.12476438687452843 0.12209944611914575 0.18630615992873545 0.08462280153228884 0.1497172642494341
0.08798457064825317 0.07102368955943328 0.2244658778536316 0.14204737911886656 0.10374764191480966 0.08451597253117007 0.15837222716685567 0.1278426412069799
0.11352312258880437 0.09163914714999871 0.22543847307039105 0.11454893393749839 0.12938492708715557 0.09465784270999833 0.1277135129124049 0.10309404054374853
0.09257383605103857 0.06693297669026388 0.26638789847203903 0.13386595338052776 0.10004875012742875 0.07046067921345951 0.14925054802276752 0.12047935804247499
0.10251293573117307 0.06672679989083383 0.27179418480691525 0.13345359978166765 0.09396651173006519 0.06746318330620381 0.14773862084091818 0.11634416391222309
0.08282234973647079 0.11179890104203875 0.13608131335960488 0.1341586812504465 0.1054886298261967 0.16133276228434948 0.10061901093783489 0.1676983515630581
0.06739552704669644 0.0946135205164099 0.06853171713504347 0.0851521684647689 0.14601277062274032 0.2658073571270805 0.10218260215772268 0.1703043369295378
0.06177745459794533 0.08904952466583495 0.05656502244714329 0.08014457219925146 0.15025173980788373 0.30574905524433654 0.09617348663910175 0.16028914439850292
0.057599194690976456 0.09588391950456818 0.05443977302832702 0.08359110931167484 0.15088746830124777 0.2959220190570934 0.09449429748276283 0.16718221862334967
0.10832824099390323 0.07521741201302441 0.13074587683578948 0.0902608944156293 0.16995024200838477 0.16939995473654287 0.14327126097718937 0.1128261180195366
0.07115095173759685 0.11320047982168042 0.10860537449283633 0.14150059977710053 0.11141488707243376 0.1883526675170155 0.095974319848816 0.16980071973252062
0.10370418366328384 0.06925875476008779 0.2239971209968341 0.13851750952017558 0.10002592246799993 0.09039307705434015 0.15334457708379223 0.1207588544534864
0.07283417285625685 0.09597831046396842 0.08289389813623559 0.08638047941757157 0.14710789585593523 0.2383877091338035 0.10365657530108588 0.17276095883514314
0.05738726609256427 0.09442853711848631 0.05707434120767912 0.08232231441098807 0.14836812871463298 0.3027147760386433 0.09306000759502998 0.16464462882197614
0.10044381224713024 0.06881785418904864 0.20199430702681112 0.13763570837809727 0.10813397112913721 0.11061585531862002 0.15236838697127575 0.11999010473987967
0.0713656412462512 0.11447437435139204 0.1252141917823534 0.14309296793924006 0.09973521191693918 0.17735169037359932 0.09705436086313673 0.17171156152708805
0.09439338822223706 0.13332312165879284 0.128451069813412 0.15998774599055138 0.08878574039700231 0.17189653951067121 0.08368589790274997 0.13947649650458327
0.07077346457671815 0.11427344027691319 0.10858238857614587 0.1428418003461415 0.0954222652775188 0.19981247681815767 0.0968840037130351 0.17141016041536977
0.13969532351817002 0.09265112018773404 0.18263751373301002 0.11118134422528085 0.1294085153321214 0.12441653887535004 0.1230823183934733 0.09692732573486022
0.08723508093820989 0.13481164212666596 0.09972974601314764 0.11752809826427289 0.12292784190812638 0.21701916270537772 0.07971471012707204 0.1410337179171275
0.10750609084427579 0.06825845888123933 0.22097875871246017 0.13651691776247865 0.10151373774475805 0.0950814474666028 0.1511298397696141 0.11901474881857112
0.06295528074020244 0.10031336719342267 0.07910755998213925 0.08745267909170182 0.14372298538650974 0.25268321914504444 0.09885955027757597 0.17490535818340364
0.1022343907205519 0.06856689347161013 0.2126196277986709 0.13713378694322026 0.10651488868266056 0.10156514086601451 0.15181273931036185 0.11955253220690998
0.0624153228134273 0.09993610779818976 0.07770335352996913 0.08712378628560134 0.14468391331953123 0.25540218527226843 0.09848775840981021 0.17424757257120269
0.10211072445131986 0.07739455211744345 0.1455258346541226 0.09674319014680431 0.1595590029014796 0.15875961772249014 0.14381524983017477 0.11609182817616517
0.09279090577809673 0.06769470995653709 0.23510235096323032 0.13538941991307418 0.1084012016308351 0.0878218343214353 0.15094909951502453 0.12185047792176677
0.09036843895038427 0.06658184408237965 0.2712154426956837 0.1331636881647593 0.09597292012666944 0.07438277191680251 0.1484675747150376 0.11984731934828337
0.0891010161935163 0.06577867107417441 0.28472533225823876 0.13155734214834883 0.09241824668942497 0.07134116491947447 0.14667661878330832 0.11840160793351395
0.10389472893280721 0.07677705624099491 0.2124331458435003 0.09597132030124364 0.14279458470001197 0.11029576615720516 0.14266781346274426 0.11516558436149235
0.09107388348150681 0.06631916385134008 0.2615466924377123 0.13263832770268016 0.10313993443840559 0.07802566615011901 0.14788183700582397 0.11937449493241213
0.08932513419141887 0.06589504341913413 0.28114130818184635 0.13179008683826826 0.0942267118294008 0.0720745256419284 0.14693611174356178 0.11861107815444144
0.0886406720311933 0.0654904064187418 0.288398011718956 0.1309808128374836 0.09189251822534324 0.0706810155882777 0.14603383162626904 0.11788273155373527
0.08108508195561741 0.13137523990755026 0.16692946908299364 0.1642190498844378 0.08369760247537068 0.14135889511769176 0.08353751668034447 0.14779714489599402
0.1047977614460376 0.0676778134019084 0.25061967048940936 0.1353556268038168 0.0921311765621552 0.08157136703938436 0.14984424294114027 0.11800234131614798
0.06743038761930818 0.10020451152858278 0.08373937353091186 0.08735777928132858 0.14202593288943885 0.24577418435670556 0.09875227223106708 0.17471555856265716
0.09563986425766474 0.06871222930851884 0.21013923336099743 0.13742445861703767 0.10681870736398998 0.10436547853507354 0.15321801580138378 0.12368201275533391
0.1119824798689871 0.07703951050307219 0.18869414113287541 0.09629938812884023 0.1481211232013293 0.11914858308741437 0.14315550832287294 0.11555926575460829
0.1179429443198265 0.07542990952979167 0.17920569872432845 0.09428738691223959 0.15878327257663843 0.12104139026250177 0.14016453337998602 0.11314486429468751
0.10650460448931773 0.06570424392499329 0.2459338579389042 0.13140848784998657 0.10614327877980843 0.07952723060283763 0.14651065734916413 0.11826763906498793
0.10291029301360166 0.06515954647508827 0.2731081267742995 0.13031909295017655 0.09416332741814949 0.07175636637952287 0.1452960633340028 0.11728718365515889
0.10136782403823516 0.06463320657283098 0.28332498611027185 0.12926641314566195 0.09102213961103724 0.06992325478070359 0.1441224039101634 0.11633977183109576
0.09253068106992168 0.12968106127269166 0.16484193426157379 0.16210132659086457 0.08276968222601104 0.13972388059876276 0.08246024004839633 0.1458911939317781
0.10732746855681286 0.06756208031285861 0.24954900077625186 0.13512416062571722 0.0918239745517292 0.08122476452044923 0.14958800036709433 0.11780055028908681
0.08234770243399546 0.11293910488180002 0.1357325185928571 0.14117388110225002 0.09620459481482556 0.16644082149526315 0.09575271935630873 0.16940865732270002
0.08078332961019426 0.11005000055821137 0.1089142305910803 0.13206000066985363 0.10438625822094734 0.19968617901000588 0.09904500050239023 0.16507500083731702
0.06548062684339949 0.09530197743806615 0.06115293220409628 0.08308377520241664 0.13868983266787502 0.2962025158800596 0.0939207893592536 0.16616755040483328
0.09998918381357097 0.06846005377033469 0.19909622825136236 0.13692010754066938 0.10617316067225066 0.11347746717583632 0.15265570198937317 0.12322809678660243
0.10419321115195126 0.06627161256952852 0.2556773058827329 0.13254322513905703 0.09566629017149006 0.07858364771549828 0.14777580474459046 0.11928890262515134
0.10319455382639908 0.06497973581145815 0.2768049570379979 0.1299594716229163 0.09179183156540145 0.07141081328368246 0.14489511239152011 0.11696352446062466
0.10223537794469498 0.06446632034565826 0.28451380918007935 0.12893264069131652 0.09034877643329407 0.0697134262508116 0.14375027253196035 0.11603937662218486
0.10175773596113166 0.06427787929321221 0.28731262127258284 0.12855575858642443 0.08981853017483343 0.06924721487349762 0.14333007711053586 0.11570018272778197
0.10155722094542509 0.06420984087300234 0.2883284048506922 0.12841968174600468 0.08962561317401739 0.06910316325099804 0.14317836158845595 0.11557771357140421
0.1014788170420269 0.06418529236435422 0.28869727267460027 0.12837058472870844 0.08955572345589018 0.06905516140045533 0.14312362207812718 0.1155335262558376
0.10144919170429673 0.06417641443462055 0.28883129540491903 0.1283528288692411 0.08953042609541127 0.06903847188930913 0.14310382561988524 0.115517545982317
0.10143819292460414 0.06417319679939967 0.2888800089737854 0.12834639359879935 0.0895212640630684 0.0690325386278369 0.14309665077358674 0.11551175423891942
0.11887513021231108 0.07520601771509483 0.21160744935381479 0.09400752214386852 0.13988000864921749 0.10786634974813614 0.139748495604915 0.11280902657264222
0.10682517885264331 0.06499628026569743 0.2584087211079673 0.12999256053139485 0.1013262350464959 0.07652571566239356 0.1449320040551522 0.1169933044782554
0.10350514873789132 0.06476774443740116 0.2775163400477332 0.12953548887480232 0.09278956840207561 0.07088136624489767 0.14442240326787661 0.11658193998732208
0.13677231351078545 0.08617491781909145 0.2380383133234404 0.10771864727386432 0.12116745101727162 0.09308332150373068 0.12009825300533827 0.09694678254647787
0.11033536207719798 0.06427071802224527 0.26805776407746834 0.12854143604449053 0.0964931404753077 0.0733001783181226 0.143314108545126 0.11568729244004146
0.1393681823153693 0.08609082005660476 0.23444093297706747 0.10761352507075596 0.12210032689112929 0.09355299053157987 0.11998104959381299 0.09685217256368035
0.11100774717138975 0.06432022741897227 0.2666319965431828 0.12864045483794453 0.09676199995925332 0.07343665760474231 0.143424507110365 0.11577640935415007
0.10456190548829118 0.06449987791653573 0.28037162976269964 0.12899975583307147 0.0915304792007105 0.07011147064250269 0.14382510090642442 0.11609978024976432
0.12028586886118303 0.0752363024413783 0.20889321322669085 0.09404537805172286 0.14069393763448382 0.10818607516797235 0.13980477095450144 0.11285445366206744
0.12402732585358943 0.07463765693922349 0.18465030583924336 0.09329707117402936 0.15545348691258198 0.11728530535110414 0.13869236252139291 0.11195648540883522
0.1442819458767011 0.08601581909093567 0.2036571652325158 0.1075197738636696 0.1384566759638249 0.10342429950077993 0.11987652399427041 0.09676779647730263
0.11349393697756813 0.06479374330231233 0.2544898855343037 0.12958748660462466 0.10088033314082101 0.07564549964000705 0.1444803768562009 0.11662873794416219
0.14111405871805302 0.0862683703923375 0.2297288513240973 0.10783546299042189 0.12352309892639267 0.09424974714560866 0.12022849381170916 0.09705191669137969
0.1120383279112843 0.06436663413421205 0.26472260651579727 0.1287332682684241 0.09713738373215046 0.07361385083757578 0.14352798715897433 0.11585994144158168
0.1052294289758579 0.06450050351502375 0.27957572901891464 0.1290010070300475 0.09161813222646539 0.0701477970089685 0.14382649589767982 0.11610090632704273
0.1381993244302321 0.08597321212123873 0.2384694617035749 0.10746651515154844 0.1206181405938736 0.09273633785835254 0.11981714450478609 0.09671986363639358
0.10103610778658771 0.1279489173409884 0.15236072276699872 0.15993614667623549 0.08757042505981401 0.14584632592111355 0.08135882243965024 0.14394253200861196
0.1478058863365636 0.09131051529890781 0.19776762656571342 0.10957261835868938 0.12554301910398732 0.1111740948327001 0.12130139272919621 0.09552484677424203
0.08926792859283507 0.11094775448721979 0.12282163320937459 0.13868469310902476 0.10223224116344672 0.17555971716375693 0.09406440054351245 0.1664216317308297
0.12040738136724463 0.07628537902601183 0.1557832790488958 0.0915424548312142 0.15532509556526478 0.14092285776328076 0.14530548385907016 0.11442806853901774
0.0993846330114012 0.13084675721881375 0.09316568581485488 0.11407153193435045 0.12805885686337512 0.2202164403935551 0.077370256442429 0.13688583832122053
0.10775115642510591 0.06791972936660247 0.2125623442460367 0.13583945873320494 0.10307142115023137 0.09914951800445046 0.1514508592144837 0.12225551285988442
0.10623502074669454 0.06584946243446008 0.26047798781483195 0.13169892486892015 0.09461984504786543 0.07575525375432916 0.14683447295087065 0.11852903238202814
0.08277993444047411 0.11269540916515386 0.13812725010234622 0.14086926145644232 0.09680559862354621 0.16413332469384995 0.09554610777045655 0.1690431137477308
0.10590667929459742 0.06809833995714229 0.23893036146891622 0.13619667991428458 0.09553672410784907 0.08582032484481666 0.15077532330763288 0.11873556710476091
0.07279995358822472 0.09926615599270266 0.08175684431952673 0.08653972573722797 0.14231858932163588 0.24641176351544666 0.09782751605077945 0.17307945147445594
0.0873461564439698 0.12816560182444553 0.11148203799852127 0.16020700228055687 0.09141046874528631 0.19570582514678345 0.08149660550793546 0.1441863020525012
0.09834886894437773 0.13246661166271667 0.12478501804418048 0.15895993399525996 0.08679866435455269 0.1769121745542422 0.08314827316675137 0.13858045527791896
0.10318750325283085 0.13540794318435398 0.09837451651380644 0.1218671488659186 0.12593936195888647 0.25070287525521356 0.09140036164943895 0.07312028931955115
0.0794150937940579 0.10846927489089826 0.09821651861513969 0.13558659361362282 0.10007311217805553 0.22357241368611674 0.09196308088576158 0.16270391233634737
0.10372974177048311 0.06856620637559113 0.2163634311651973 0.13713241275118226 0.097751714749678 0.10014491525638167 0.1528924064554226 0.12341917147606403
0.12181817212764331 0.0761917168260027 0.1895163251081837 0.09523964603250337 0.14427898473763642 0.11708744940906626 0.14158013051996024 0.11428757523900406
0.10918319132825063 0.06538376670855091 0.24970688970916002 0.13076753341710182 0.10294200773776395 0.0785297900348631 0.14579604098891796 0.11769078007539162
0.1051470067989373 0.06487508282577323 0.2740958000061273 0.12975016565154646 0.09335750073491882 0.07133754304301376 0.14466175185329133 0.11677514908639179
0.13836059902956968 0.08609298524360483 0.23665183720317043 0.10761623155450603 0.12132482370088793 0.09311484774798784 0.11998406712121792 0.09685460839905544
0.08766987583623588 0.1109782785809545 0.13174044715677505 0.13872284822619316 0.10151628443088152 0.16881456823106666 0.09409027966646144 0.16646741787143174
0.08166313750782249 0.1096606496233532 0.10779237025910228 0.13159277954802384 0.10537854840974051 0.20072695555591005 0.09869458466101788 0.1644909744350298
0.091377209739474 0.13175397288699095 0.08437978589842143 0.1148624379014793 0.11554250884861397 0.24634246223180709 0.07790669701143813 0.13783492548177514
0.1062923220905511 0.0682151785783664 0.2092506831790827 0.1364303571567328 0.10084653577727178 0.10406793491711562 0.15210966685982 0.12278732144105954
0.10605666966098062 0.06595212969631645 0.25930177559755224 0.1319042593926329 0.0943262389706406 0.07668168760716917 0.14706340562133846 0.1187138334533696
0.13915421830160513 0.08646698070546971 0.2318164280814397 0.10808372588183714 0.12204738338882216 0.09465062193861684 0.12050528840855575 0.09727535329365343
0.11156810446528215 0.06434371912071707 0.2655687536986362 0.12868743824143414 0.09688334050764597 0.07365305944996202 0.14347689009903178 0.11581869441729073
0.14028622649702185 0.0860565013829303 0.2334709322687194 0.10757062672866288 0.12226480164506424 0.09360412627805662 0.119933221143748 0.0968135640557966
0.11173707101131221 0.06427849886390037 0.26613160799551366 0.12855699772780074 0.09684760496714666 0.07341546281860849 0.14333145866069724 0.11570129795502067
0.10512283347851381 0.06445980904817361 0.28008087439062845 0.12891961809634722 0.09157723492208025 0.0700762204671392 0.14373575331040503 0.1160276562867125
0.10329494313182033 0.06425989807587486 0.28544518379606487 0.12851979615174972 0.09021560911666225 0.06930677151161575 0.14328998167963738 0.11566781653657475
0.1027205959749999 0.06415122127998114 0.2874399858269018 0.1283024425599623 0.08979647201704957 0.06906943539192772 0.14304764864521166 0.11547219830396606
0.10252639733190339 0.06410671447864415 0.2881729250728135 0.1282134289572883 0.08965425592220604 0.06898578705454894 0.14294840512103635 0.11539208606155947
0.10245822962234015 0.06408980528454922 0.28844099990292954 0.12817961056909843 0.08960383388735861 0.06895517107957061 0.14291070014196497 0.11536164951218861
0.10243385410316337 0.0640835419557252 0.28853887205218537 0.1281670839114504 0.08958563496521776 0.06894390363843986 0.14289673385351262 0.11535037552030537
0.10242505696073086 0.06408124365867886 0.28857457776962564 0.12816248731735772 0.08957902123976876 0.06893976547408757 0.14289160899412867 0.11534623858562196
0.10242186703944743 0.06408040340977904 0.28858759973154546 0.12816080681955808 0.08957661174434896 0.0689382497532264 0.14288973536449234 0.11534472613760224
0.1024207074763356 0.06408009668211635 0.28859234818311197 0.1281601933642327 0.08957573320722373 0.06893769565158522 0.14288905140758484 0.11534417402780944
0.10242028540391286 0.06407998478586084 0.288594079585407 0.12815996957172168 0.0895754128143675 0.06893749332854462 0.14288880189563596 0.11534397261454951
0.10242013166061253 0.0640799439773093 0.28859471087630256 0.1281598879546186 0.08957529597061596 0.06893741950272744 0.14288871089865685 0.11534389915915676
0.10242007563566831 0.06407992909647646 0.28859494104899186 0.12815985819295292 0.08957525336128286 0.06893739257434932 0.14288867771662062 0.11534387237365763
0.10242005521520317 0.06407992367054535 0.2885950249706965 0.1281598473410907 0.0895752378238431 0.06893738275403538 0.14288866561760413 0.11534386260698165
0.13713057849952032 0.0857968427380734 0.24150061306014414 0.10724605342259177 0.11993260765263566 0.0923005104173349 0.11957134612936723 0.09652144808033258
0.11077010133015093 0.0641285877096676 0.2692272018607469 0.1282571754193352 0.09615349501080159 0.07303480163033878 0.1429971791615573 0.11543145787740171
0.12232640490012907 0.0751583085760763 0.2051574741312119 0.09394788572009538 0.14216037179329288 0.10885224995953521 0.13965984205554477 0.11273746286411446
0.08469495096172114 0.11097903847151827 0.12446257718132145 0.13872379808939786 0.1059035115288149 0.17467664213844442 0.09409092392150463 0.1664685577072774
0.11835750915755991 0.077361003059477 0.16116579227219538 0.09670125382434624 0.14879163523736547 0.13782839318961826 0.1437529086702222 0.1160415045892155
0.10940095470359502 0.06603450220952553 0.23876493504931762 0.13206900441905106 0.10484269249422715 0.08277872311574802 0.14724708403138975 0.11886210397714597
0.10559277790234706 0.06514186703782357 0.27006032999997254 0.13028373407564714 0.09409669588358252 0.07231259360492043 0.1452566408276245 0.11725536066808243
0.10375844429031492 0.06450707868956178 0.28180256402319576 0.12901415737912356 0.09104307011157262 0.06992078630948977 0.1438411575555303 0.11611274164121123
0.10295272545512653 0.06423973056448283 0.28611646811559804 0.12847946112896566 0.09007684775086945 0.06925824082957893 0.14324501113930946 0.1156315150160691
0.10262466241647895 0.06413848172011079 0.2876915609605619 0.12827696344022158 0.08975146439643701 0.06904835864186269 0.14301924132812763 0.11544926709619939
0.08201645005989311 0.1124199981399725 0.14416582505174358 0.1405249976749656 0.09563582737753754 0.16129429736725662 0.09531260711867234 0.16862999720995872
0.10565021311030451 0.06790998804892369 0.24126266362151558 0.13581997609784738 0.09505968451075017 0.08553201926359563 0.15035829669765763 0.1184071586494054
0.07276926712090838 0.09926051806666077 0.0820891600665266 0.08653481062221709 0.14219278769399163 0.24626187535145067 0.09782195983381062 0.17306962124443417
0.10184718605433284 0.06818541097754811 0.2081459332039128 0.13637082195509623 0.10657947668734913 0.10409414180925357 0.15204328955292074 0.1227337397595866
0.10507565779240344 0.06597355200149865 0.25888676168051467 0.1319471040029973 0.0955410571333938 0.07671229962195876 0.1471111741645358 0.11875239360269758
0.12129333766456354 0.07552920074595888 0.2023512222360426 0.0944115009324486 0.14252818167745027 0.11024371841755481 0.140349037207043 0.11329380111893832
0.10861099718200176 0.06508857490203414 0.2546174622684109 0.13017714980406828 0.10215378943382165 0.07705478426713767 0.14513780731886416 0.11715943482366145
0.10484754027677151 0.06475672886685757 0.27590628687846597 0.12951345773371514 0.09304188187822388 0.07097415221594305 0.1443978401896794 0.11656211196034362
0.10338441260834887 0.06436486497403562 0.2839349968706583 0.12872972994807125 0.09064653053003936 0.0695586659197478 0.14352404219583464 0.11585675695326411
0.10279441351948347 0.06418832283095517 0.2868926609235061 0.12837664566191034 0.0899309483407288 0.069147648061358 0.1431303795663388 0.11553898109571929
0.13729491299763386 0.08583403609112268 0.24093506254476785 0.10729254511390335 0.12007447467856432 0.0923824970758446 0.11962318089565042 0.096563290602513
0.11082683831231156 0.06414073399833484 0.26901276624683307 0.12828146799666967 0.09619931137894229 0.0730612972974996 0.1430242635724063 0.1154533211970027
0.1048243886642086 0.06439741739512622 0.2811534695087968 0.12879483479025244 0.09136351048838744 0.0699543986057049 0.1435966292362964 0.1159153513112272
0.10319235218453192 0.06423540303654462 0.28583935216897066 0.12847080607308925 0.09014078175624282 0.06926221791693347 0.14323536139790694 0.11562372546578033
0.10268453462914229 0.06414202191066853 0.2875840988790385 0.12828404382133707 0.08976956458972815 0.06905296130619748 0.14302713542468473 0.11545563943920335
0.12008751679979027 0.07509246794303101 0.2110222951941247 0.09386558492878876 0.14001616587209237 0.10773977094602417 0.13953749640160237 0.1126387019145465
0.10804035513844307 0.06489828646651619 0.25794682799501456 0.12979657293303237 0.10136064715184909 0.07642690216649743 0.14471349250891818 0.11681691563972914
0.10460444596973414 0.0646792563194624 0.2771394511515087 0.1293585126389248 0.09277870294391669 0.070791881629366 0.14422508797205497 0.11642266137503232
0.0948052231416933 0.12942706789897518 0.1631451731337971 0.16178383487371897 0.08311914223182114 0.13981537394136417 0.08229873339228312 0.14560545138634706
0.12214877454848502 0.0763399347652312 0.16879933187833052 0.09160792171827745 0.14900283866454087 0.1321818967244669 0.1454093995528213 0.11450990214784679
0.10002974130546875 0.1311993327015836 0.09582009107773314 0.11437890543214982 0.12685574387119497 0.21688276323496217 0.0775787358583277 0.13725468651857975
0.07986202873137514 0.11017582602521006 0.09890228198132654 0.13771978253151257 0.10149065603922805 0.21317574619737623 0.09340993945615636 0.16526373903781508
0.10393097882906142 0.06866124630792375 0.21686115482550078 0.1373224926158475 0.09813471216376456 0.09839484058417944 0.1531043313194598 0.12359024335426275
0.105357409507841 0.06586848926045352 0.2623476063865973 0.13173697852090704 0.09362601016641417 0.07562332555595927 0.14687689993301126 0.11856328066881631
0.08262592233992218 0.11269118069873163 0.1385429387659792 0.14086397587341457 0.09661848253799327 0.1640782059695457 0.09554252276631596 0.16903677104809745
0.10606818476030046 0.06803447654172248 0.23900205545261222 0.13606895308344497 0.09543238898871051 0.08613580120914381 0.15063392445542131 0.11862421550864431
0.0728175120929202 0.099243272855276 0.08175417042918803 0.08651977633536882 0.142279086311345 0.2465416647521388 0.09780496455302562 0.17303955267073765
0.10186687643402083 0.068190495387654 0.2080027025105424 0.136380990775308 0.10660953361752938 0.10415188254857842 0.15205462702858966 0.1227428916977772
0.10508468883077535 0.06597651633032284 0.25883183346784555 0.13195303266064567 0.09555319525074474 0.07672521988970794 0.14711778417537658 0.11875772939458112
0.095080715408185 0.12976274042191008 0.15860375782790273 0.1622034255273876 0.08379698759965036 0.14205711290681822 0.08251217733349717 0.14598308297464882
0.10834680453228908 0.06761675562054606 0.247007319765202 0.13523351124109212 0.0921798275709254 0.08201084368175258 0.1497090559933946 0.11789588159479826
0.07332171638122849 0.09941611734620699 0.08303359288481876 0.08667046127618046 0.1415292877664509 0.2447125977414188 0.09797530405133444 0.17334092255236092
0.10196030768233681 0.06817573462320894 0.20855757083639 0.1363514692464179 0.1064167808887913 0.10380010167410261 0.15202171272697634 0.1227163223217761
0.13942894344607626 0.08752071308865146 0.21480859766408697 0.10940089136081432 0.12670376989585164 0.10170245269810234 0.12197382962168403 0.09846080222473289
0.08785712372287274 0.11104658833673334 0.12677807741958846 0.13880823542091666 0.10267860649091862 0.1721132916444658 0.09414819445940435 0.1665698825051
0.10752506337258858 0.06813376088409269 0.23388117226997027 0.13626752176818538 0.09689097088512788 0.08765043599833505 0.15085374815200006 0.11879732666970004
0.12244321898159474 0.07590473051533231 0.19478880486196024 0.09488091314416539 0.14355782425867128 0.11352056247783152 0.14104684998744588 0.11385709577299846
0.12501782726317273 0.07475283091331289 0.1802117379925617 0.0934410386416411 0.1567273800161101 0.11881355897177755 0.13890637983145457 0.11212924636996933
0.11003352144935825 0.0653965795716212 0.24569089129469204 0.1307931591432424 0.10565367201930598 0.07889372153166478 0.14582461176119713 0.11771384322891816
0.10545015543394545 0.06494088200140084 0.27254644006154344 0.1298817640028017 0.09400881323083127 0.07146988347278728 0.14480847419416842 0.1168935876025215
0.10363188235718122 0.06444093100350184 0.2826972782728761 0.1288818620070037 0.09094381588073529 0.0697168965839929 0.1436936580884056 0.11599367580630332
0.12043012778253209 0.07516307630705886 0.20954034707776006 0.09395384538382356 0.14050170810951498 0.10799757938276944 0.13966870149595267 0.11274461446058827
0.14295245019569375 0.08580982062768304 0.2125894180784301 0.1072622757846038 0.13415356469956602 0.10110698955549322 0.11958943285238664 0.09653604820614342
0.11294615274637043 0.06461277865163118 0.2579490763295042 0.12922555730326235 0.09982793526827483 0.07505864543318962 0.1440768526948313 0.11630300157293612
0.0838934306453516 0.1124773245131265 0.137474766622749 0.14059665564140816 0.09783943357962901 0.16364119231474303 0.09536120991330292 0.16871598676968977
0.10637432593787181 0.06803287064607264 0.23851251993182837 0.13606574129214527 0.09569128779928093 0.08607147003691554 0.15063036887042536 0.11862141548545997
0.08283835536582519 0.11282577934979383 0.13315463779032194 0.14103222418724232 0.09710784898567298 0.16814584628249732 0.09565663901395566 0.16923866902469076
0.14310397456295015 0.09174998281973876 0.19129663402020652 0.11009997938368651 0.12882978168381604 0.11704984705606358 0.12188520306211938 0.09598459741141901
0.08835736966029384 0.11087169071535456 0.1212614548522154 0.1385896133941932 0.10295335212923366 0.17765907148222487 0.09399991169345279 0.16630753607303184
0.0919210286093386 0.13060346368630887 0.12332756658648221 0.16325432960788608 0.08541988938433576 0.1754980578084522 0.08304676767009857 0.14692889664709746
0.08266347054943883 0.10992116236462324 0.10609190446033645 0.1319053948375479 0.10186947004186134 0.2037378080710963 0.09892904612816092 0.16488174354693483
0.07759650694826539 0.11163805821259498 0.1021314541688579 0.13954757276574375 0.09715729876159243 0.20982236377424424 0.09464965804980881 0.16745708731889247
0.07673626784284111 0.11173190099132162 0.10128896134116336 0.13966487623915202 0.09619222365824374 0.21205869803460983 0.09472922040568572 0.16759785148698242
0.08931296291307919 0.13030332349502036 0.11790576393189839 0.16287915436877543 0.08395559299488417 0.1861960457072849 0.08285591765715969 0.14659123893189788
0.10847634859538736 0.06854361694067791 0.2307715027078944 0.13708723388135582 0.0934711040080918 0.09037704322306324 0.1517612031572193 0.11951194748631021
0.08322029815383057 0.11286566355673255 0.13140215438638525 0.14108207944591572 0.09663938238188431 0.16980147285509695 0.09569045388505587 0.16929849533509886
0.10649054107377616 0.06819180373867978 0.23612493950877583 0.13638360747735956 0.09566140509581182 0.087266913705954 0.1509822598039959 0.1188985295956468
0.08286125826918898 0.11283869567818872 0.13261431303982796 0.1410483695977359 0.09710454561130015 0.16860718447235873 0.09566758981411652 0.16925804351728305
0.10636281129876629 0.06816439593425852 0.23661328095323927 0.13632879186851704 0.09572090756675239 0.08703749407780323 0.15092157667169975 0.11885074162896356
0.09896869584127851 0.13480862235061927 0.1105920749727635 0.11752546563900142 0.11602793417869872 0.20133372373047054 0.07971292452036617 0.1410305587668017
0.08005068641746035 0.1108022446065331 0.10262121201854606 0.1385028057581664 0.09966438309355896 0.20821426772517923 0.09394103347075633 0.16620336690979964
0.10391086791979139 0.06863093660775306 0.21847417350964507 0.13726187321550612 0.09768525942543689 0.09746445821599706 0.15303674521191502 0.1235356858939555
0.10530188316025732 0.06583546389109497 0.2629611465015931 0.13167092778218994 0.09349121950110725 0.07543226587128522 0.1468032582885013 0.11850383500397095
0.10398254269240327 0.06471278354458201 0.2792801770344426 0.12942556708916403 0.09118008488348926 0.07063598569566294 0.14429984868000825 0.11648301038024764
0.10309746903146265 0.06430590715825613 0.285209880677385 0.12861181431651225 0.09019079805064861 0.0694409228145539 0.14339257506632036 0.11575063288486102
0.10268937137773655 0.06416085739633721 0.2873631994571534 0.12832171479267443 0.0898056337253812 0.06910054419085083 0.14306913574645938 0.115489543313407
0.10252286023495563 0.06410895774697675 0.2881460372207778 0.1282179154939535 0.08966158972910777 0.06899310835506844 0.1429534072746019 0.11539612394455817
0.10245849921159375 0.06409026834975293 0.28843094695658633 0.12818053669950585 0.08960863725417327 0.06895689579057761 0.14291173270825505 0.11536248302955528
0.12001108019375964 0.07507965564651067 0.21127791836612111 0.09384956955813833 0.13994936163074612 0.10769924265748684 0.1395136884774713 0.112619483469766
0.10801401405821891 0.06489247981208768 0.2580446521534706 0.12978495962417536 0.1013429779583599 0.07641390819572236 0.14470054453620743 0.11680646366175783
0.12181559122937788 0.0753252377515632 0.20175622510595861 0.094156547189454 0.14406611329560837 0.10992239745637049 0.13997003134432268 0.1129878566273448
0.12469211853696496 0.07463485878628885 0.1823068289645745 0.09329357348286108 0.1566955807442169 0.1177375883371087 0.13868716296855169 0.1119522881794333
0.10988247200887206 0.06534760828897845 0.2464989950959595 0.1306952165779569 0.10557654023178015 0.07865805976624107 0.14571541311005046 0.11762569492016124
0.1403511631318084 0.08646010240312844 0.22710395262416633 0.10807512800391056 0.12514341299749102 0.09510292321967535 0.12049570241630028 0.0972676152035195
0.10156298094686181 0.12806116911934592 0.14949982363956235 0.1600764613991824 0.0885608541838613 0.14673969552277283 0.08143019992914931 0.14406881525926415
0.11005768026457476 0.06766088091102213 0.2430194097622597 0.13532176182204425 0.09327763820197107 0.08288305802519412 0.14980675301422883 0.11797281799870524
0.09982557420253114 0.13485828550576004 0.11188489871710007 0.11756876172297029 0.11547245562629803 0.1995652195978483 0.07974229055992767 0.14108251406756434
0.10751886051121719 0.0677748450254059 0.22072975658775362 0.1355496900508118 0.10009023187896013 0.09521410614197687 0.15112778875814387 0.12199472104573063
0.10593266786009836 0.06568320126640764 0.2635940102910813 0.13136640253281529 0.09381182614638785 0.07491839426246238 0.14646373536121343 0.11822976227953375
0.13897663816328493 0.0863650989531619 0.2332293450702024 0.10795637369145238 0.12178483952186249 0.09416366805755749 0.1203633002201715 0.09716073632230712
0.08779031136892353 0.11100235666700879 0.13097361719132428 0.138752945833761 0.1016297179037161 0.16923682233881085 0.09411069369594226 0.16650353500051318
0.10740597380900199 0.06804005271244032 0.23558053962433192 0.13608010542488064 0.09655059417990003 0.08706252563089824 0.1506462705558304 0.11863393806271647
0.061321562035201595 0.08333423088224952 0.09786343280356326 0.1041677886028119 0.11976864359872906 0.2074538734077727 0.11775489146404823 0.2083355772056238
0.099739707827475 0.06881676419823422 0.21674767883054513 0.13763352839646845 0.102194576727574 0.0975464554596549 0.15345111300322675 0.1238701755568216
0.10442957301325911 0.06589304427333424 0.26235607999550853 0.13178608854666848 0.09449162647777112 0.07550445405464877 0.14693165394680802 0.11860747969200167
0.1038109757706726 0.06473092272198085 0.279067760643426 0.1294618454439617 0.0914066580236967 0.07066588015842887 0.14434029633826775 0.11651566089956555
0.08227965765721255 0.11252537315656008 0.14226627703107067 0.14065671644570008 0.09605729003773208 0.1620246791302356 0.09540194680664875 0.1687880597348401
0.10258761725787313 0.07523312454722277 0.23325698927224278 0.1345306387874064 0.09523119348291893 0.08809123909562144 0.1499916226480486 0.12107757490866576
0.13831001988557678 0.09342409452843224 0.2224543146706041 0.10814686508214821 0.12246977288505759 0.09728707046922572 0.12057568390502195 0.09733217857393339
0.1281393877649971 0.08131443410640386 0.18808009431848832 0.09227005569844182 0.14872397613661228 0.11358235009864567 0.1371656350382807 0.11072406683813019
0.08499230878941083 0.1193625824079349 0.11968608103337465 0.13710936066281673 0.10642344169155693 0.17489907843083283 0.0929959141886931 0.1645312327953801
0.103761464622817 0.07609967986694736 0.22387655673254644 0.13517859110662842 0.09793115479903179 0.0907777797467329 0.1507140411293305 0.12166073199596558
0.08180032340609315 0.12090910247140903 0.12911018684718056 0.13985339592143226 0.09690871931717002 0.16873711100167713 0.09485708592931927 0.16782407510571867
0.10630734361546207 0.06831177465561288 0.2353444499047049 0.13662354931122575 0.09585453977628847 0.08720274780338087 0.1512478852773846 0.11910770965594039
0.08224721735997284 0.1199350362837062 0.1317036803634326 0.13977653677783597 0.09644957946574864 0.16735115023615088 0.09480495537974962 0.16773184413340317
0.08094708269858598 0.10996691692414633 0.10798372476591986 0.13196030030897557 0.1044431650055435 0.20077820967887763 0.0989702252317317 0.16495037538621948
0.08992737886035833 0.14458976361479384 0.08326387935440514 0.11293102434858242 0.11373314866093216 0.24344088116706913 0.07659669477556023 0.1355172292182989
0.1366047038570877 0.10128253281765026 0.16816082741292443 0.10956865407760218 0.12961930150328516 0.13399131913031156 0.12216087253129676 0.09861178866984197
0.11271816510767077 0.07238316994850214 0.24018270546647882 0.13044826694190853 0.09997736677708577 0.08144680281570256 0.14544008269493386 0.11740344024771769
0.10586651413689865 0.06969913686386575 0.26988022050907573 0.12940919703874262 0.09266437246293688 0.07173068435817812 0.1442815972954339 0.11646827733486835
0.10341418046762865 0.06890193222912101 0.28110826698251773 0.12825466451043058 0.09038214339519307 0.0695152346702116 0.1429943796855099 0.11542919805938752
0.10249151064123038 0.06858594508851751 0.28525910634821877 0.12775531463847553 0.089592992810251 0.06889770545548303 0.14243764184319582 0.11497978317462797
0.10214429652936187 0.06846473363953974 0.2867834535251824 0.12756439345672713 0.08930997072850484 0.06870041903623393 0.14222477897339575 0.11480795411105442
