0.125 0.125 0.125 0.125 0.125 0.125 0.125 0.125
0.07575757575757576 0.12626262626262627 0.09090909090909091 0.15151515151515152 0.0946969696969697 0.15782828282828282 0.11363636363636365 0.1893939393939394
0.07408784041121591 0.12347973401869318 0.08890540849345908 0.14817568082243182 0.09260980051401987 0.1763901740953166 0.11113176061682387 0.18521960102803975
0.07329883021604787 0.12216471702674646 0.08795859625925745 0.14659766043209574 0.09939835167966748 0.17738652352199352 0.10994824532407181 0.18324707554011965
0.06115109585634175 0.10191849309390293 0.055035986270707576 0.09172664378451263 0.133625307196984 0.26301721368711056 0.11007197254141515 0.18345328756902526
0.07295173961840629 0.12906846240179573 0.09118967452300787 0.16133557800224468 0.08754208754208756 0.1548821548821549 0.10942760942760946 0.1936026936026936
0.1306256163456124 0.10286767287216976 0.15675073961473487 0.12344120744660372 0.12319116768294092 0.11885369347164315 0.13665449094617912 0.10761541162011606
0.07224953345466516 0.12782609765056144 0.09031191681833145 0.1597826220632018 0.0963250661747266 0.15339131718067373 0.10837430018199774 0.19173914647584214
0.09513701986667598 0.07492040314500735 0.20650747131140235 0.1498408062900147 0.09048721897697128 0.08659670182545501 0.16587993207522994 0.13063044650924358
0.07085158851700075 0.11808598086166791 0.11457416351577043 0.1417031770340015 0.09624075833620967 0.1751379776673467 0.10627738277550114 0.17712897129250185
0.05144474125192862 0.08574123541988102 0.07380671669287187 0.10288948250385724 0.11979145028581427 0.23708002983330376 0.12346737900462866 0.20577896500771448
0.05078580833844131 0.08985181475262695 0.06348226042305165 0.11231476844078368 0.11283366026826153 0.21913763004916412 0.1269645208461033 0.22462953688156737
0.09258368988887802 0.07290965578749145 0.20547800485951667 0.1458193115749829 0.09644996979748198 0.09820686793797918 0.16142797211394116 0.12712452803972868
0.05966791925926988 0.09944653209878314 0.07814552501567792 0.08950187888890485 0.13926198034557774 0.24757015194729104 0.10740225466668579 0.1790037577778097
0.06782742175527635 0.12000236156702741 0.08478427719409545 0.15000295195878424 0.0921551463342272 0.20348316620713364 0.10174113263291455 0.18000354235054108
0.09155076034233278 0.07209622376958706 0.217567540509325 0.14419244753917412 0.09257491369269173 0.09668491107995202 0.15962696675073407 0.1257062363162031
0.10037186886467063 0.07904284673092812 0.18650117266622324 0.09485141607711375 0.1458034035872198 0.12430721868044636 0.15055780329700597 0.11856427009639217
0.08245911852676863 0.14588920970120603 0.0718874366643624 0.1271854648677181 0.1227404381460852 0.21095085025536325 0.08626492399723487 0.1526225578412617
0.09261833231352327 0.07476419596392843 0.18523666462704655 0.14952839192785686 0.1053887217145227 0.09117514255370911 0.16671299816434187 0.13457555273507119
0.10060159965560593 0.07922375972878967 0.17693395531914538 0.09506851167454762 0.1553657065192587 0.12306842802605925 0.15090239948340892 0.11883563959318451
0.04920088058714294 0.08704771180802212 0.07204344890615666 0.10880963976002765 0.13170620501276506 0.2105706329379729 0.12300220146785734 0.2176192795200553
0.0905701720967387 0.07311086181303003 0.19393705177788695 0.14622172362606006 0.10518452360227928 0.0963498060464213 0.16302630977412966 0.13159955126345405
0.09974418580884475 0.07854854632446526 0.1785184022190334 0.0942582555893583 0.15791438089354892 0.12357713096478454 0.14961627871326713 0.11782281948669786
0.057129411925447106 0.10107511340656027 0.06532507730336312 0.08811676553392433 0.15456067833261058 0.2579491657397227 0.09961025669052316 0.17623353106784867
0.09868756896146384 0.07966345928214552 0.1376732164101298 0.0995793241026819 0.1652262578503354 0.15164363102782963 0.14803135344219576 0.11949518892321827
0.09545694867850367 0.07005496514400193 0.21608760211047903 0.14010993028800386 0.11116080006039955 0.08481870015323097 0.15621211630617746 0.1260989372592035
0.10768256371491607 0.07930367790034795 0.18286949856020712 0.09912959737543493 0.15126073843195784 0.11343560270999749 0.1473628044566167 0.11895551685052191
0.09395945576736228 0.06832123287303526 0.24047164687917533 0.13664246574607053 0.1077487021585697 0.077532125296391 0.15234615210793237 0.12297821917146348
0.07157565328734546 0.11554804899104211 0.13234203256120322 0.14443506123880265 0.10147225482855748 0.16334022537495027 0.09796465023153571 0.17332207348656317
0.12040658948682424 0.09482018922087408 0.19312521624016338 0.11378422706504893 0.1336647964285545 0.11903865921817348 0.12596381669390844 0.0991965056464529
0.07222679627901145 0.11362966107602017 0.12086019516409544 0.14203707634502521 0.10562654338084027 0.1788370452286994 0.09633819091227798 0.17044449161403025
0.09246019199962319 0.06952546675091235 0.2258569964567971 0.1390509335018247 0.09984214154901998 0.09308701567098186 0.15503141391919859 0.12514584015164226
0.07085693318888082 0.11448539163012054 0.13117797996671762 0.14310673953765068 0.09899353040216068 0.1725876362298388 0.09706370159945002 0.1717280874451808
0.06889742078657311 0.11367875156506389 0.1091095462046933 0.14209843945632988 0.09856179029199513 0.2007561132382383 0.0963798111095107 0.17051812734759583
0.10332685388503478 0.08702301089790222 0.15708337193020583 0.09730909273014203 0.14831824761905127 0.1455120096328046 0.14465650202868877 0.11677091127617045
0.11154248025303923 0.08244355122700091 0.16920024753722795 0.09431376348640254 0.16098888699844166 0.12813081038516458 0.1402037439290402 0.11317651618368305
0.1123599009461948 0.08158840689254016 0.17241931444982625 0.09371658979236053 0.16511950678930795 0.12302036825477171 0.1393160051241658 0.11245990775083262
0.07553450225844847 0.11994361676355426 0.1165071266220922 0.13787407034735738 0.11206720699033469 0.17911000575708944 0.09351458684429458 0.16544888441682884
0.10869085070691409 0.08670696912198698 0.15827498124046185 0.09628854221867227 0.15246314549698955 0.13888987540361686 0.1431393851489516 0.11554625066240673
0.07506926763828964 0.12053445503216079 0.11322542095317789 0.13790492236129345 0.10927437327653637 0.18497014134689513 0.0935355125580947 0.16548590683355216
0.09608482730636557 0.07675051438848 0.22248135879017772 0.13629686573538768 0.10059581666224081 0.09316260406843266 0.15196083388706655 0.12266717916184891
0.0957848987353287 0.07096114533472761 0.2675862267342686 0.13132235070323878 0.09513375718048035 0.0746068848203556 0.1464146208586856 0.1181901156329149
0.12580613536471627 0.09265779785347023 0.23926666856869652 0.10771621494169972 0.12351797898656709 0.09399506970082833 0.12009554113649207 0.09694459344752974
0.0810182195833178 0.12065874849702492 0.13377417896666077 0.1370133703246804 0.10262475702972773 0.16756387351049304 0.09293080769847886 0.16441604438961643
0.130523133178914 0.09962713273086675 0.19082780075565794 0.11047274928115687 0.12874736335670559 0.11720747513018875 0.12316887121346894 0.09942547435304118
0.08397087055177346 0.1211637336221522 0.12202379842640972 0.13665294207057993 0.10354537191202799 0.17597340961492383 0.09268634331743682 0.1639835304846959
0.10212284005919439 0.07593835344097011 0.22694189851590574 0.13461801784314573 0.09833642910573497 0.09079720120184501 0.15008904377437293 0.12115621605883117
0.1023633923897135 0.07003518243513306 0.26980510254018564 0.12958150573503693 0.09368652916657266 0.07343122393888087 0.14447370863294418 0.11662335516153327
0.10074394617367835 0.06841259860319585 0.2866624250020589 0.1272513551882908 0.09116278056701241 0.06936491013114784 0.14187576466515409 0.11452621966946173
0.0997438828661751 0.06782355606647704 0.29328792131407816 0.1263311549363539 0.09002906164032957 0.06823657367796265 0.140849810055905 0.11369803944271852
0.09927506232773406 0.06759607225144815 0.29591080194531405 0.12597024646107396 0.08955503985964781 0.06787213130037904 0.1404474240394362 0.11337322181496658
0.07952360771682714 0.11875952717175055 0.14897533315777983 0.138349706816622 0.0956375276387258 0.15889745686881343 0.09383719244953494 0.1660196481799464
0.10021388641078617 0.07507333454698596 0.23908098089195612 0.13336301364282668 0.09568938682081145 0.08786287766004264 0.14868980774804705 0.120026712278544
0.10140514698206782 0.06956992804594929 0.27512094599633774 0.1287995363995976 0.0926147287342082 0.0729682599023517 0.14360187117984985 0.11591958275963783
0.11729300762501098 0.07975096991061978 0.21129885632458384 0.09274258272856949 0.14144742222257486 0.10830798370890209 0.13786807820545555 0.11129109927428339
0.10479915534909903 0.06945960964352463 0.2618038717831832 0.12778978369004082 0.10241051987293255 0.07625018207680914 0.14247607226337386 0.11501080532103675
0.10129819599820652 0.068362160612051 0.28354832215602094 0.12720261508680317 0.09308073789325251 0.07020419158622668 0.14182142308931633 0.11448235357812284
0.09989067678110321 0.06783009903238582 0.292179146024371 0.12634160188345117 0.09046777651194904 0.06872180044933814 0.14086145762229554 0.11370744169510606
0.0992962697337017 0.06758200449012637 0.29552659692015415 0.1259365328383604 0.08964032311785738 0.06826555747922308 0.14040983586605255 0.11334287955452436
0.09905154746927944 0.06747923553107325 0.296815158298596 0.12577165349432856 0.08935617486676302 0.0681057344931782 0.14022600770188573 0.1131944881448957
0.09895345912528786 0.06743869344953468 0.2973099122076273 0.12570715557159845 0.08925375022796322 0.0680464920722304 0.14015409733131948 0.11313644001443862
0.09891485113331146 0.06742298541047213 0.2974997204263788 0.12568224718870058 0.08921579724191732 0.06802404978616636 0.1401263263432229 0.11311402246983052
0.0988998212534229 0.06741693840290233 0.29757252438244597 0.12567266957043025 0.0892015157390519 0.06801548002476022 0.1401156480135991 0.11310540261338724
0.09889400732163887 0.06741461564703198 0.29760045095106835 0.12566899206093998 0.08919609536786076 0.06801219793165558 0.14011154786495847 0.113102092854846
0.09889176631184013 0.06741372400310464 0.29761116507025265 0.12566758049625984 0.08919402814309949 0.06801093945312879 0.14010997407568074 0.11310082244663386
0.0793796342235913 0.11860053085492255 0.14930968633081132 0.13817895933757823 0.09546043534638383 0.1595346215856963 0.09372138111592264 0.16581475120509387
0.10109982237761228 0.07496201309516223 0.2390445168368158 0.1331581059892744 0.09554165323371985 0.08789024207111631 0.14846135100595223 0.11984229539034699
0.11938452541329467 0.0806890493951352 0.19961587655680813 0.09336025989620271 0.1432376190852051 0.11289406097698865 0.13878629680092225 0.11203231187544324
0.10707330115980365 0.06968800010556449 0.25677900998430553 0.12807683640597012 0.1030771666284751 0.07724041833071765 0.14279611461979053 0.1152691527653731
0.12016545642958612 0.07963767626327838 0.20476952533296622 0.09258242460753854 0.1448134607075895 0.10930255472834063 0.13762999240165433 0.11109890952904625
0.10701277680084147 0.06943979457499777 0.25877337541510936 0.12774129478865384 0.10320110036013917 0.07644248199356789 0.1424220107569021 0.11496716530978845
0.10308293298063836 0.06830338646407486 0.2820803401928628 0.12707686521041897 0.09321087322223087 0.0701952018789299 0.14168122136146713 0.11436917868937709
0.08114297531808316 0.11871387912600632 0.14560496710985568 0.13818668039220422 0.09639260392004467 0.16040825965801375 0.09372661800514721 0.16582401647064504
0.10162003828500393 0.07504914627660657 0.23745316889320345 0.1332997500686879 0.09585388708523206 0.08813496074540238 0.1486192735840446 0.11996977506181912
0.08101344772942753 0.11988338866511307 0.13491739891374868 0.13869955680100063 0.09716288627398306 0.1678093714513694 0.09407448200415695 0.16643946816120075
0.1019717686514823 0.07541962602205307 0.23299645509019185 0.13382402524280798 0.09638412411282295 0.0897585768839392 0.14920380127817545 0.12044162271852718
0.10316849250829765 0.0696351374809096 0.2724908539304865 0.1288629643630269 0.092844197948243 0.07334909721666856 0.14367258862564344 0.11597666792672423
0.10189946212058819 0.06812430174838137 0.2877390982096531 0.12672968437555238 0.09069350016205213 0.06946309680616733 0.1412941406396084 0.11405671593799714
0.1184324218608747 0.07924465401550769 0.21508699553864546 0.09225686722159783 0.14021667719865824 0.10690811401713995 0.13714602948165885 0.11070824066591738
0.12294725281845063 0.07943377220931182 0.18881999022189874 0.09135134119119073 0.15598554203509965 0.11604058787607328 0.13579990421854624 0.10962160942942888
0.09768665886406047 0.13641035980588478 0.1407516232683734 0.15682413404153933 0.09481622323383482 0.15259352500605167 0.07977575514287001 0.1411417206373854
0.08039275321414047 0.12598675234478487 0.11075997552950256 0.1374811483702046 0.09597361201982232 0.19118029723490002 0.09324808324239962 0.16497737804424545
0.0768632555692828 0.12431788007068187 0.1032835153802162 0.13706378495789642 0.095843909326942 0.20518611077406237 0.0929650019714428 0.1644765419494757
0.07600080355951941 0.12377710404150485 0.10126649060736492 0.13666964151975636 0.0955548982383295 0.21002982230946082 0.0926976699003565 0.16400356982370765
0.10270034001635188 0.07643320220524001 0.21839641550171426 0.13509162928008317 0.09698281780513146 0.09819604365698341 0.15061708518242106 0.12158246635207483
0.12143532932872879 0.08098440621335778 0.19273351689096235 0.09357143867557922 0.144027466230119 0.11586188801044307 0.1391002282401148 0.11228572641069508
0.10916693039343144 0.06974143517974142 0.2536606781622234 0.12811657222488324 0.10334961116261257 0.07781944078219415 0.14284041709251905 0.1153049150023949
0.10496275022535696 0.06833459768469963 0.27982169108338834 0.12708243224882762 0.0932834527645509 0.0704534587753897 0.14168742819384214 0.11437418902394487
0.09465691520686745 0.13614769707781846 0.16649371669928148 0.1584533687847906 0.08294944325212522 0.13808628729967243 0.08060453977313263 0.14260803190631152
0.10510260606012466 0.07558609018829734 0.24575114847121704 0.13202179059235555 0.09202651297023984 0.0834977960466014 0.14719444413804417 0.11881961153312
0.1046031745198334 0.06918453502152448 0.2772236445273382 0.12796829946816538 0.09133913798310972 0.07183463492477013 0.14267510403390973 0.11517146952134884
0.12075835285834714 0.07936526104935628 0.21152726499419044 0.0922964884062938 0.14050494424063098 0.10758697332979508 0.1372049290338338 0.11075578608755256
0.10835849529783678 0.06913698961034492 0.26126776381581196 0.12718858629992463 0.10190134831125701 0.07587130695602122 0.1418057820388712 0.11446972766993216
0.09176224192541253 0.05976257374833474 0.2482068017614474 0.11119812553142541 0.10849966955659544 0.08182935470579067 0.16530348213328316 0.13343775063771052
0.10138380843869867 0.06808740413059258 0.27831552842917445 0.12795686835807013 0.09489739893813622 0.07153545098384347 0.14266235919922143 0.11516118152226311
0.061745035207581137 0.08948832488972479 0.17464442358636378 0.1666907202820139 0.07298400452764608 0.1213588342813224 0.11305979288693119 0.2000288643384167
0.0879890391031757 0.06929136829375086 0.2581983284193755 0.13858273658750173 0.0916857808389866 0.080020241552312 0.15341678612861404 0.12081571907628355
0.07956959214833892 0.119376055958265 0.14003368345523814 0.13891137592809027 0.09634581684686722 0.16485167392000466 0.09421815062948734 0.16669365111370835
0.07711453452682661 0.12405030890129251 0.11056358330089165 0.13761279164520654 0.09632262094914985 0.19586343897781006 0.09333737172457486 0.1651353499742478
0.1028082957576405 0.07624442000413093 0.22245169836108422 0.1347355054439481 0.09688404151090993 0.09539405034119677 0.1502200336815362 0.12126195489955331
0.10495769550228778 0.069857791644853 0.2680870525063739 0.1291619076159666 0.09318539732274524 0.07449855050993055 0.1440058880434732 0.11624571685436993
0.10367256626622018 0.06813037314627597 0.2857729438512367 0.1266975313465655 0.09077869186482919 0.06966182290119557 0.14125829241176782 0.11402777821190897
0.10268804406719893 0.06752857184700216 0.2925665725246655 0.12576797350631536 0.08966102633512094 0.06837473077413628 0.14022190478987695 0.1131911761556838
0.10220056189082331 0.06730716975990948 0.29517551050897556 0.12542121257737512 0.08919767720554064 0.0679834845059484 0.13983529223178987 0.11287909131963761
0.10198915752702849 0.06722415534867111 0.29617861765307296 0.12529063999846063 0.0890141266051765 0.06785201331845345 0.13968971355052248 0.11276157599861457
0.10190256710385209 0.06719267904989754 0.2965647200277444 0.1252410179024347 0.0889427599130555 0.06780495127422936 0.13963438861659508 0.11271691611219121
0.10186807816453049 0.06718065939448457 0.29671344259489146 0.1252220426818883 0.08891521214288747 0.067787493945871 0.1396132326617471 0.11269983841369949
0.08181917887188087 0.11827064377229561 0.14899642325373522 0.13778376250906382 0.095222090873145 0.15911405113763802 0.09345333457136502 0.16534051501087657
0.11695244247790709 0.0852663230857469 0.1699812270246304 0.09466212262684608 0.14491821384344192 0.13390352060064706 0.14072160318856522 0.11359454715221529
0.10902183832294547 0.07063865345866929 0.24439099518941962 0.1292300435764817 0.10438258340584532 0.0819469922731308 0.14408185455467437 0.11630703921883354
0.08323820981464153 0.11886501152009431 0.1364080840542062 0.1380442937204569 0.09884274511756913 0.1653184606111303 0.09363004269735338 0.1656531524645483
0.1033521189609734 0.07513835174372657 0.23323554213539316 0.1334008987837432 0.0965318386035562 0.08954839401431888 0.14873204685291966 0.1200608089053689
0.09165341163204181 0.06083605974206913 0.23847787815487886 0.11258523113788185 0.10826894752580765 0.08571068666077242 0.16736550778109005 0.13510227736545824
0.1017404270694104 0.06843799361752811 0.27455295539736696 0.12849066355590022 0.09520046237997175 0.0726783997701729 0.14325750100933946 0.1156415972003102
0.08188037622647243 0.11862061322958845 0.14371641349847827 0.1380517008835295 0.09677382556327319 0.16165996285220283 0.09363506668622 0.16566204106023538
0.11703907153269891 0.08534794360469582 0.1682060124302261 0.09472552276477927 0.1455298626590749 0.1346651079389688 0.14081585175182113 0.11367062731773511
0.10911663478583875 0.07068525755883984 0.24364535333686144 0.1293058078436243 0.10457724880625625 0.08212814455082904 0.1441663260584886 0.11637522705926187
0.10539052800965362 0.06864861121724368 0.2758830524809283 0.1275552624842952 0.09387311329202483 0.07163509765943882 0.14221459862055 0.11479973623586566
0.09481954142565995 0.1361943724710549 0.16540603977468352 0.1584590503051008 0.08306654515491937 0.1388338756561787 0.08060742993781216 0.1426131452745907
0.10517381371210278 0.07558512000366469 0.24523771979640746 0.13200200255268543 0.09205239549947163 0.08397476418771975 0.14717238195053134 0.11880180229741688
0.10464617355376025 0.06917443704468262 0.2769849822082608 0.1279448701247003 0.09133820885973544 0.07211196303222554 0.14264898206440466 0.11515038311223026
0.08243839193422325 0.11869025458589637 0.1443022024882414 0.13802584318687733 0.0958785769032623 0.16141619065484292 0.09361752842240374 0.16563101182425277
0.07759834860003927 0.12384833502889316 0.11149613453346166 0.13744659880792576 0.09614480667090351 0.19530520816302047 0.0932246496262453 0.1649359185695109
0.1161802901517188 0.08602204380132317 0.15725950024168403 0.09500729063922529 0.14573966312342393 0.14454774465366135 0.14123471862189313 0.11400874876707034
0.10930447091209079 0.07099022180117825 0.23906748548413953 0.12977872372670185 0.10499937811577215 0.08436527663019575 0.14469359197588993 0.11680085135403163
0.1056060259077016 0.06877993685911314 0.2740697006013305 0.1277637915826183 0.09410950400557587 0.07223653561599681 0.14244709300330724 0.11498741242435648
0.10354402824357371 0.06782841458118836 0.28795905927324955 0.12625083811497964 0.09070860397945088 0.06932303871021081 0.14076026279386536 0.1136257543034817
0.1371106144539553 0.09013046809181727 0.24511825376976257 0.10493772685918358 0.11970800898610828 0.0915532393915643 0.11699773427434348 0.09444395417326523
0.12831467052288098 0.07966543418969671 0.19838095525377084 0.09055122024353664 0.14810444451101948 0.11171134029645981 0.13461047069039178 0.10866146429224396
0.11046308960511173 0.06925458802298698 0.2554339920717138 0.1273322600963436 0.10380374390973661 0.07714732460744479 0.14196596759995322 0.11459903408670923
0.105218657250116 0.06818522752246477 0.2803855805503932 0.12685100391370413 0.09325215587827214 0.07051206849176542 0.14142940287095068 0.1141659035223337
0.10320903256884253 0.0676139464885478 0.290383162127339 0.12591664734070215 0.0903081294131722 0.06885643443460858 0.14038766502015596 0.11332498260663193
0.10238964250472705 0.06733846438097585 0.2942882003256272 0.12546546517223203 0.0893756659151918 0.06833901247361446 0.13988463057262288 0.11291891865500882
0.10205701962008536 0.06722279977754028 0.29580073089382025 0.12527980593006716 0.0890544478413479 0.0681557362273023 0.13967763437277636 0.11275182533706044
0.10192401703285298 0.06717682280050505 0.2963849075756265 0.1252066972143774 0.08893814110963154 0.06808726316341022 0.1395961236106566 0.11268602749293968
0.0817972318647379 0.11818905965371375 0.14885113645498912 0.13768377557600092 0.0951702319184454 0.1597025164937111 0.09338551734720063 0.1652205306912011
0.10257597104726497 0.07476654775829762 0.23846192642458294 0.1328073762321866 0.09530856818373531 0.08848265824430271 0.14807031350066177 0.11952663860896795
0.10426546536482799 0.06928034129610995 0.2743170895099201 0.12824887765658083 0.09225685334439745 0.07321945516191879 0.1429879277753222 0.11542398989092276
0.13783363618175673 0.09062564175620193 0.2403870550823871 0.1053786325026394 0.12058964189309326 0.09285531216815557 0.1174893111633905 0.09484076925237545
0.11124728989635786 0.06900110263603841 0.27242984447207547 0.1254309791176798 0.09634505088499037 0.07281167059156288 0.1398461811953833 0.11288788120591184
0.10479016343423107 0.06773813854524148 0.28702970144348305 0.126030615385375 0.09108952305140483 0.06937957340853876 0.14051473088488822 0.1134275538468375
0.1028622898357845 0.06740936503391151 0.2929474710947771 0.1255824122948808 0.0896258609208906 0.0685334118673838 0.14001501788697904 0.11302417106539271
0.10221059019577751 0.06725469752001897 0.29527150919583023 0.12533079209260595 0.08914329579337821 0.06825692217997419 0.13973448013906958 0.11279771288334534
0.11964748018962496 0.07883151815128178 0.21718814763828942 0.09182761089587292 0.13918355337940233 0.10662064554766104 0.13650791112282004 0.1101931330750475
0.1078585071932592 0.06891418708509228 0.2634920792243083 0.12682837086620669 0.10137883320753036 0.07597831993199268 0.14140416871202444 0.114145533779586
0.09158212293635502 0.059675496183078915 0.24895323706582725 0.11105174255089549 0.10825546103672219 0.08213397516501367 0.1650858740010327 0.13326209106107462
0.10129379481497977 0.06802717363078652 0.27855733838079466 0.12784719349709373 0.09478665613958377 0.0718852894754533 0.1425400799139239 0.11506247414738435
0.08176025294037234 0.11847486828580026 0.14462262968694184 0.13792814863881322 0.09661762154837454 0.16153143449983978 0.09355126603328201 0.16551377836657585
0.10211561831967023 0.08076136769519743 0.23561227141962174 0.13191534271619956 0.09524180498665114 0.08855402371807865 0.1470757627000016 0.11872380844457962
0.10387219614920046 0.07364970353264358 0.27258066332443676 0.12766346740668455 0.09198296495511658 0.07301864493188202 0.14233523903401993 0.11489712066601608
0.12016901666450057 0.08380041983240734 0.20948331843058973 0.09179708126678246 0.14019334610376533 0.10793779340313603 0.1364625267786796 0.11015649752013895
0.10788107562205086 0.07354215194974038 0.2597057041450597 0.12644392919870995 0.10152670455658501 0.0761253533065728 0.14097554494244227 0.11379953627883896
0.09470946723643972 0.14335889870284088 0.16008051224369843 0.15703949072383194 0.08398238308724305 0.13960840020367835 0.07988530615081886 0.1413355416514487
0.1046112328403154 0.08328104292827046 0.24171746401843328 0.13088771133249488 0.09175073722794537 0.0840228410572151 0.1459300303960801 0.1177989401992454
0.10424158229586507 0.07378190340171688 0.27496294916966124 0.12734846760523044 0.09101148201153991 0.07205595690843268 0.1419840377628465 0.1146136208447074
0.10288002900069255 0.07169474084660296 0.2878701806388909 0.1256246313171465 0.0897287604946719 0.0690774005704313 0.14006208894613198 0.11306216818543184
0.10206859456313933 0.07108640013701387 0.2928460891695183 0.12496168911997735 0.0890239715480139 0.0682247773847711 0.13932295786958668 0.11246552020797962
0.11921228963957296 0.0830907290407896 0.21596812997155942 0.0913743154699349 0.13866012404512468 0.10621117624214868 0.13583405702694798 0.10964917856392185
0.10741343545205878 0.07328902313590308 0.2623531850119645 0.12614597527688 0.1009708917201987 0.07565276309883394 0.14064334855496918 0.113531377749192
0.07147265159196423 0.10825188693663687 0.19439116340557192 0.1898033666275353 0.06336281199321846 0.10534294210889307 0.0965521473713984 0.1708230299647818
0.08734736958823808 0.0687860535507375 0.26814053276148814 0.137572107101475 0.08905578710977297 0.07686551467161308 0.1522979777435946 0.11993465747308077
0.09428318945144544 0.14879926453524278 0.11809761434206728 0.11473494793149461 0.11360687932497596 0.19497594134344487 0.07782022555353546 0.13768193751779353
0.10500537567104308 0.08435404645407654 0.22207051472551384 0.13098574629538348 0.09890838334987664 0.09474942977460245 0.14603933206365888 0.11788717166584511
0.10494736811426394 0.07434610219290447 0.2669792819995656 0.1281001248210681 0.09311481965387089 0.07440011141468231 0.1428220794646834 0.1152901123389613
0.10332595734152812 0.07196283687065318 0.28473764469554674 0.12598936902326385 0.09042740546302269 0.06969761021582686 0.14046874426922104 0.11339043212093747
0.08164081356659013 0.1245526829175349 0.14548054766549645 0.1367883346507031 0.09500468674356595 0.15960875806870187 0.09277817480656385 0.16414600158084372
0.07659617882758817 0.13405876387019008 0.110695464553266 0.13556964669638133 0.09491985694505574 0.1935249266169241 0.09195158645493691 0.16268357603565758
0.07517651292721299 0.13515947723863656 0.10190565627430867 0.13472073819453304 0.09430524181260788 0.20569168268296928 0.09137580503629197 0.16166488583343963
0.10183464085230466 0.08397105049109352 0.21720697108104045 0.13367245615266804 0.09601089552878901 0.09796396230290778 0.14903481305379554 0.12030521053740122
0.1044949977600435 0.07455062859970346 0.2652923704798087 0.12858685489647836 0.09276660570693056 0.07521562597457904 0.14336474717562586 0.11572816940683052
0.10329876189758656 0.07204942718241138 0.2841160254862207 0.12610674678202957 0.09042455067433595 0.06990880416287844 0.14059961171071056 0.11349607210382659
0.08163689542636261 0.12457468665582316 0.14532978807475166 0.13679462529407072 0.09500576317969195 0.1597222495126105 0.09278244150380448 0.16415355035288484
0.10162862946157947 0.08551650381671023 0.23513394163551965 0.13109407856813457 0.09447662846368025 0.0880054328797763 0.1461601144632784 0.11798467071132111
0.08097170633374577 0.13188419197649245 0.1329872192361069 0.13628088936647764 0.09553206303122737 0.16637286828934836 0.09243399452682832 0.16353706723977315
0.10185377528156037 0.08702275249853171 0.22984019156050722 0.13160040758824923 0.09496021903965668 0.08955765366711207 0.14672463353495846 0.11844036682942431
0.08101596899987296 0.13229507369020604 0.13171320181662038 0.13630639261548266 0.09564504779869475 0.16700535155786886 0.0924512923826752 0.16356767113857917
0.07581719811980046 0.14206674810878409 0.10661926846507981 0.13417559305591595 0.0942626628023846 0.19504176336040163 0.0910060544205343 0.16101071166709913
0.07436096326418924 0.14371139590956591 0.10011211404362164 0.13326754645511904 0.09334985764884092 0.2048869049890486 0.09039016194347205 0.15992105574614285
0.1011874151173789 0.08982422401444871 0.2154660408423486 0.1328470281581733 0.09541272983671802 0.0975857142495385 0.14811452243903803 0.11956232534235599
0.13768282900241083 0.10333259017527899 0.2183125651351166 0.10589875204326174 0.12223333916472061 0.09916184200398216 0.1180692056362933 0.09530887683893555
0.111309388544085 0.07879120814438516 0.26230291304712505 0.1250029605382577 0.09675670242840169 0.07396519039230084 0.1393689724210127 0.11250266448443194
0.08276541249949809 0.12991500440280265 0.13957500391552835 0.13593200150831106 0.09597668078930804 0.16052013752981112 0.0921973575447675 0.16311840180997325
0.1020538889041983 0.08649537412854234 0.2325914348503674 0.13126364623592773 0.09482928944520273 0.08827991506486219 0.14634916975856424 0.11813728161233497
0.10367525987061775 0.07712252636745381 0.27091668170815686 0.12726341642205216 0.09172460511559483 0.07287122369557156 0.14188921204070593 0.11453707477984695
0.1026378253694434 0.0745855280362421 0.2859246413904002 0.12534669865605574 0.08978070599655315 0.06916035699059613 0.13975221477025912 0.11281202879045014
0.08116166782815533 0.12887414666169564 0.14532297341275996 0.13602741190372342 0.09443966616512556 0.15867916906154647 0.09226207068252545 0.1632328942844681
0.08775403502460688 0.16333980012424618 0.12704941102003434 0.1552265686426459 0.08156483951028598 0.16639835332941022 0.07896308057038942 0.13970391177838126
0.13507784090694175 0.12015275247174804 0.1849997822551551 0.10718042872936039 0.11973831679704046 0.1168903134895504 0.1194981794937794 0.09646238585642435
0.11195145175030242 0.08240335089873391 0.24870755271518466 0.12656298207069164 0.09732653211551338 0.07803316657579253 0.14110828001015918 0.11390668386362246
0.10524419590496444 0.0758387155516379 0.276840869504675 0.12606562756662323 0.09152665001573393 0.0704711097922738 0.14055376685413065 0.11345906480996092
0.10275848374270923 0.0741912581913868 0.2881530090250962 0.12498679328840728 0.08950994795914559 0.06856144668974762 0.13935094714394064 0.11248811395956655
0.08117615160326172 0.12874935851296126 0.14585613139162576 0.1359979924457314 0.09436638177757413 0.15841427671860223 0.09224211661536567 0.1631975909348777
0.10147115945499526 0.08615176201639181 0.23531381987857444 0.13102512239954475 0.09429473837668238 0.08773755423293758 0.14608323348128346 0.11792261015959028
0.10344007834183987 0.07699797079747284 0.27201216906029074 0.1271394698016551 0.0915245510451244 0.0727092173234166 0.141751020808711 0.11442552282148961
0.11972433212095994 0.08702657396354349 0.20895979220509836 0.0914305909900409 0.13964494625165996 0.10757934091336345 0.13591771436728467 0.10971670918804907
0.10751243141096972 0.07670636354951339 0.259017604185153 0.12592870393102212 0.10118054325448558 0.07591741291231902 0.14040110721861718 0.1133358335379199
0.09414606944618406 0.1484574612234844 0.1592429617901678 0.15602872834431294 0.08348086552062428 0.13884692244236838 0.07937113572297658 0.14042585550988163
0.104004299493963 0.08871984936188917 0.24047920538301726 0.13000271727892027 0.09120993804337486 0.08363821681713045 0.14494332807067678 0.11700244555102825
0.1038405945742918 0.07723278581931939 0.2740059206518653 0.1268452728037302 0.09065849627385954 0.07183317124255202 0.14142301311102456 0.11416074552335718
0.08142865235296974 0.12966569941685388 0.1424737133546731 0.13615415290624705 0.0946885155206069 0.15985624881604632 0.0923480341451067 0.16338498348749644
0.0759825657196461 0.14154302644006683 0.10926513487464332 0.1343212812900296 0.09415827186077537 0.19243931321791363 0.09110486904888965 0.1611855375480355
0.13148731331040922 0.11956601963634554 0.17809421175586398 0.10736355612534368 0.12373913016370919 0.12342021562144179 0.11970235287407721 0.0966272005128093
0.11110701411910566 0.08470791751814236 0.24545566153191822 0.12644818737892505 0.09825759636231887 0.0792399619529497 0.14098029249560748 0.11380336864103255
0.08250032640282493 0.13397101917107707 0.13520031044585806 0.1355218406593864 0.09605538230913542 0.1622057507297401 0.09191916149071426 0.16262620879126366
0.10186545696706147 0.08975907763266386 0.2302334150644653 0.13096643637443423 0.09474645121677336 0.08854156706477183 0.14601780294283934 0.1178697927369908
0.08077259882180228 0.1355881560828281 0.1314990241884558 0.1357642067965127 0.09530154262542323 0.166073874371528 0.0920835489576347 0.1629170481558152
0.11511895788141127 0.10220216256136713 0.1619895245684459 0.09290587198392887 0.1431170206965858 0.13506859727681028 0.13811081865073607 0.11148704638071465
0.10791285182320619 0.08228791827956629 0.23927712424031541 0.12772508046150907 0.1034254686946594 0.08201505109322542 0.14240393299216011 0.11495257241535817
0.10447766924239714 0.07756764825035732 0.2729097146246524 0.12626531854978154 0.09304680039818504 0.07131765484178323 0.14077640739804004 0.1136387866948034
0.10256834757781069 0.07593515060979918 0.28640557510741504 0.12489927001121706 0.08982957292945536 0.06869937553274591 0.13925336522146142 0.11240934301009535
0.0809402071381989 0.13141976952199785 0.14517701078220954 0.13556792974911108 0.09420116344958562 0.15806198174317518 0.0919504219167884 0.1626815156989333
0.10117005984577186 0.08903052820007155 0.23455002437458927 0.13057308799345455 0.09404526957104588 0.08753600196855399 0.1455792488524038 0.11751577919410909
0.1367422938674726 0.10473068209214019 0.22474555076424735 0.10502581596037468 0.12099821430863945 0.09613826159443045 0.11709594704835802 0.0945232343643372
0.11064472883034676 0.0807279531221782 0.26458687253274105 0.12432337760621191 0.09609453223487784 0.07312020766112756 0.1386112881669258 0.11189103984559073
0.1041725933171629 0.07655812841550302 0.2828248086396975 0.12496996088350176 0.09058750835736677 0.0690818553229958 0.1393321802686206 0.11247296479515158
0.10213243077479488 0.07548360994984728 0.29026186256466235 0.12440994042614643 0.0889764623351318 0.06805894831464443 0.13870779925124085 0.1119689463835318
0.08084073786249375 0.1312519189676584 0.1460914297193135 0.13552158823521554 0.0939851725850401 0.1577642564667434 0.09191899028127665 0.16262590588225864
0.1011149539081512 0.08897400185328008 0.23493997777205103 0.13053260725713764 0.09396863675483272 0.0874563600707626 0.14553411585236092 0.11747934653142389
0.10318744558715236 0.07903127983896263 0.2715810528839244 0.126821064783551 0.09130178387940113 0.07254239174671918 0.14139602297509343 0.1141389583051959
0.10234232115057743 0.07625655840555945 0.2859587711060326 0.12502511866087435 0.08952664594315152 0.06897430086487877 0.13939367707413897 0.1125226067947869
0.10161377322580266 0.07537360424576976 0.29154274125464147 0.12431591474055514 0.08867857888243845 0.06798809675564418 0.13860296762864877 0.11188432326649962
0.10123879105695938 0.07506803861478904 0.2937094212691435 0.12404500781045127 0.08831888951566831 0.06767841808506429 0.13830092661851806 0.11164050702940614
0.10107235396503852 0.07495683629223032 0.29455092102366254 0.12394144803523534 0.08817380657922488 0.06757186567540273 0.13818546519749372 0.1115473032317118
0.11837694725426076 0.08780162366913494 0.21600077631541234 0.09075902690615087 0.1376984512319562 0.10553295308417197 0.13491938925153174 0.10891083228738103
0.12252545067379954 0.08977973411723882 0.18765329064839312 0.08986636502327994 0.15358491295751503 0.11515822114409618 0.13359238740774151 0.1078396380279359
0.12376149173871721 0.09022035531612566 0.17774753843814622 0.0898816159607702 0.1590646513168613 0.1178513491258178 0.1336150589506375 0.10785793915292421
0.10921178554210734 0.07946873131952469 0.2453184226095534 0.12654756874204143 0.1062049290741745 0.07826465554579887 0.1410910952989626 0.1138928118678373
0.10451973098055933 0.07686308769312968 0.27520335132710777 0.1258870634309611 0.09340999895497754 0.07046372935685052 0.14035468116854916 0.11329835708786498
0.0813450236575791 0.13176189845593705 0.1425133504596394 0.13565997083063688 0.09506259445245933 0.1588523473662043 0.09201284978077978 0.16279196499676424
0.10135510418682935 0.08916523397984415 0.23340425494189157 0.13068355562911751 0.09431713640769267 0.0877571027661044 0.14570241202231457 0.11761520006620577
0.1197145330441993 0.09167701905522149 0.1962642308299852 0.09191019160970437 0.141272018831792 0.112239103797056 0.13663067290039635 0.11029222993164524
0.08301487912432683 0.13409574984140402 0.12201490588984382 0.13310554189078244 0.10455073844058484 0.1732112539573276 0.09028028058679156 0.15972665026893892
0.1332391089551713 0.11730582632005301 0.18259678448635752 0.10686868813162892 0.12629559897426396 0.11836156182252651 0.11915061199153253 0.096181819318466
0.1113352704150229 0.08414129639383197 0.2472503509046394 0.12618465915732918 0.09864572275166802 0.07819002894109903 0.14068647819481328 0.11356619324159627
0.12190375587609496 0.09015508083561705 0.20031388625604452 0.09130909330533654 0.14198820200092782 0.10902196986089585 0.1357370998986794 0.10957091196640384
0.10815223823395986 0.0790333448966451 0.2550945089620671 0.12592597351386428 0.10180817579941039 0.07625431942432669 0.1403980630072487 0.11333337616247785
0.0913151009946214 0.06724792278520753 0.24522661690625477 0.11023363016548528 0.10795660462385459 0.08187007333372048 0.16386969499227363 0.13228035619858233
0.10069821504593772 0.07516042280317523 0.276077401000335 0.1268063811802158 0.09426205049118354 0.07149013456379238 0.141379651853166 0.11412574306219425
0.10160436498041375 0.07548051067125304 0.2877521187331667 0.12485094184493228 0.09004774905259469 0.06869898413456688 0.13919948292263346 0.11236584766043906
0.11866193656787945 0.08801457466860767 0.21380005918414732 0.0908864880140529 0.13849217401656086 0.10597211318263972 0.1351088687492488 0.10906378561686347
0.10691099670937779 0.07832577858340738 0.2607190020176329 0.12538626180212695 0.10061866444432549 0.07539533609556015 0.13979632472565495 0.11284763562191426
0.13740201199820976 0.10131321964538559 0.23358087601169228 0.10395171282408192 0.12184063061335103 0.09245660515726375 0.11589840220834208 0.09355654154167373
0.1273144663439744 0.09204749953457103 0.1931580889018808 0.08923829443271383 0.14749399866369278 0.11100298051289119 0.13265871829101938 0.10708595331925659
0.1250553917959886 0.09063207963576929 0.17962050857959952 0.08981566027628322 0.15692211301116546 0.11665844297386575 0.1335170113957882 0.10777879233153986
0.10946518078383974 0.07949203607023712 0.2460983228256427 0.126464765038501 0.10565855820518875 0.07800407319304396 0.14099877534889585 0.1138182885346509
0.12132118158267187 0.08917027989251344 0.19981226100716926 0.09127088918088354 0.14429732099569653 0.1089226934222737 0.13568030690173136 0.10952506701706025
0.10801672814453127 0.07886348672910337 0.2548693639206815 0.125932571100108 0.10233072778670829 0.07624238950521721 0.14040541882355323 0.11333931399009718
0.09399477329928749 0.1517038679756196 0.15775243672253803 0.15548208909221037 0.08347296669517809 0.13856692332005277 0.07909306271212439 0.13993388018298933
0.10371715352046418 0.09208511239210054 0.23931140395773726 0.1295113858016413 0.09097816051714537 0.08344100644939535 0.14439553014003886 0.11656024722147718
0.09305089496840487 0.15631220375672966 0.15335255605001114 0.15566087194438724 0.08124036067435088 0.1411043190844575 0.07918400877171002 0.14009478474994846
0.11819445695858191 0.10612327947377205 0.16925948928687196 0.09246104933479157 0.13778776198990128 0.12777114384768584 0.13744955990664537 0.11095325920174988
0.07309851775061517 0.12234319991325476 0.16338793369622556 0.18825890478010557 0.06875687971361082 0.11895506349943083 0.09576648634466241 0.16943301430209504
0.06832986067687104 0.1138831011281184 0.11924893676793412 0.13665972135374208 0.10106655419874039 0.1874923831671098 0.10249479101530656 0.1708246516921776
