Action: 0
[0.11258194719234037, 0.08961787343038043, 0.23657283607871132, 0.08961787343037993, 0.20275584957704765, 0.08961787343038033, 0.08961787343037993, 0.08961787343037993]
[0.1111111111111111, 0.1111111111111111, 0.2222222222222222, 0.1111111111111111, 0.1111111111111111, 0.1111111111111111, 0.1111111111111111, 0.1111111111111111]
[0.22919699575792696, 0.08950719652123067, 0.2269605606887187, 0.08950719652123067, 0.09550590049628657, 0.09030775697214512, 0.08950719652123067, 0.08950719652123067]
[0.125, 0.125, 0.125, 0.125, 0.125, 0.125, 0.125, 0.125]
[0.25125672535681587, 0.09062606407136135, 0.1979009247538994, 0.09062606407136135, 0.0977120295324779, 0.09062606407136135, 0.09062606407136135, 0.09062606407136135]
[0.19158178707341902, 0.09392308461963493, 0.2421404128440747, 0.09392308461963493, 0.0966623769843317, 0.09392308461963493, 0.09392308461963493, 0.09392308461963493]
[0.125, 0.125, 0.125, 0.125, 0.125, 0.125, 0.125, 0.125]
[0.125, 0.125, 0.125, 0.125, 0.125, 0.125, 0.125, 0.125]

Action: 1
[0.09053988076258138, 0.09053988076258138, 0.09053988076258138, 0.09053988076258138, 0.23869175614531038, 0.21806895927920128, 0.09053988076258138, 0.09053988076258138]
[0.1111111111111111, 0.1111111111111111, 0.1111111111111111, 0.1111111111111111, 0.1111111111111111, 0.2222222222222222, 0.1111111111111111, 0.1111111111111111]
[0.09314954645975557, 0.08908891363415959, 0.08908891363415959, 0.08908891363415959, 0.17296756916877298, 0.2884383162006736, 0.08908891363415959, 0.08908891363415959]
[0.125, 0.125, 0.125, 0.125, 0.125, 0.125, 0.125, 0.125]
[0.09073553950586748, 0.09073553950586748, 0.09073553950586748, 0.09073553950586748, 0.14389651539179502, 0.311690247573, 0.09073553950586748, 0.09073553950586748]
[0.09030682335755419, 0.09030682335755419, 0.09030682335755419, 0.09030682335755419, 0.2787411889508059, 0.17941787090386896, 0.09030682335755419, 0.09030682335755419]
[0.125, 0.125, 0.125, 0.125, 0.125, 0.125, 0.125, 0.125]
[0.125, 0.125, 0.125, 0.125, 0.125, 0.125, 0.125, 0.125]

