Action: 0
[0.11179843236207683, 0.09401407884322349, 0.21263530074166606, 0.09401407884322349, 0.20468450164734067, 0.09482544987602252, 0.09401407884322349, 0.09401407884322349]
[0.09536698479286917, 0.09536698479286917, 0.26479273431822653, 0.09536698479286917, 0.09536698479286917, 0.16300535692455845, 0.09536698479286917, 0.09536698479286917]
[0.12071560448244367, 0.09301039204504699, 0.30103482514776064, 0.09301039204504699, 0.09393856409232443, 0.11226943809728332, 0.09301039204504699, 0.09301039204504699]
[0.125, 0.125, 0.125, 0.125, 0.125, 0.125, 0.125, 0.125]
[0.10170259847865919, 0.19387980821739068, 0.21508941681917731, 0.09693990410869534, 0.09919450379373719, 0.09931396036494963, 0.09693990410869534, 0.09693990410869534]
[0.1512471202131864, 0.0927883614712101, 0.2840486645534698, 0.0927883614712101, 0.10076239755789518, 0.09278837179060825, 0.0927883614712101, 0.0927883614712101]
[0.125, 0.125, 0.125, 0.125, 0.125, 0.125, 0.125, 0.125]
[0.125, 0.125, 0.125, 0.125, 0.125, 0.125, 0.125, 0.125]

Action: 1
[0.09496219103603014, 0.09496219103603014, 0.09496219103603014, 0.09496219103603014, 0.17302847208138822, 0.2571983817024311, 0.09496219103603014, 0.09496219103603014]
[0.1111111111111111, 0.1111111111111111, 0.1111111111111111, 0.1111111111111111, 0.2222222222222222, 0.1111111111111111, 0.1111111111111111, 0.1111111111111111]
[0.13967847498263006, 0.1573427060904137, 0.08847442917021636, 0.08847442917021636, 0.13890010467879374, 0.21018099756729705, 0.08847442917021636, 0.08847442917021636]
[0.125, 0.125, 0.125, 0.125, 0.125, 0.125, 0.125, 0.125]
[0.15850344721086096, 0.09209679526410165, 0.09209679526410165, 0.09209679526410165, 0.16774903249789624, 0.21326354397073444, 0.09209679526410165, 0.09209679526410165]
[0.10019281079555535, 0.09339231960596318, 0.09339231960596318, 0.09339231960596318, 0.14220569501428548, 0.2906398961603433, 0.09339231960596318, 0.09339231960596318]
[0.125, 0.125, 0.125, 0.125, 0.125, 0.125, 0.125, 0.125]
[0.125, 0.125, 0.125, 0.125, 0.125, 0.125, 0.125, 0.125]

