0.125 0.125 0.125 0.125 0.125 0.125 0.125 0.125
0.125 0.125 0.125 0.125 0.125 0.125 0.125 0.125
0.1371527777777778 0.1232638888888889 0.1232638888888889 0.1232638888888889 0.1232638888888889 0.1232638888888889 0.1232638888888889 0.1232638888888889
0.13662229938271608 0.12138310185185186 0.12138310185185186 0.12138310185185186 0.13507908950617287 0.12138310185185186 0.12138310185185186 0.12138310185185186
0.13493548720556778 0.11975523171859934 0.11975523171859934 0.11975523171859934 0.146533122482836 0.11975523171859934 0.11975523171859934 0.11975523171859934
0.13282439552491063 0.11783156361318087 0.11783156361318087 0.11783156361318087 0.14688008593838192 0.131137700470803 0.11783156361318087 0.11783156361318087
0.13125157838639764 0.11649331221696313 0.11649331221696313 0.11649331221696313 0.15521769270395672 0.13106416782483013 0.11649331221696313 0.11649331221696313
0.1293975029546997 0.11481399424509997 0.11481399424509997 0.11481399424509997 0.1557365532984957 0.14079597252130463 0.11481399424509997 0.11481399424509997
0.12499999999999999 0.12499999999999999 0.12499999999999999 0.12499999999999999 0.12499999999999999 0.12499999999999999 0.12499999999999999 0.12499999999999999
0.12891383318234628 0.1150249442934574 0.1150249442934574 0.1150249442934574 0.1479807226751835 0.1479807226751835 0.1150249442934574 0.1150249442934574
0.1229447121850669 0.1229447121850669 0.1229447121850669 0.1229447121850669 0.13938701470453174 0.1229447121850669 0.1229447121850669 0.1229447121850669
0.1266000464282198 0.11293952285210125 0.1266000464282198 0.11293952285210125 0.14968838337924484 0.14535343235591058 0.11293952285210125 0.11293952285210125
0.12090219700367844 0.12090219700367844 0.12090219700367844 0.12090219700367844 0.1375342396013723 0.13705257837655738 0.12090219700367844 0.12090219700367844
0.12470922252951433 0.11127564508466117 0.13524312840392633 0.11127564508466117 0.1475360284462775 0.14740904028163693 0.11127564508466117 0.11127564508466117
0.11929673509230791 0.11929673509230791 0.11929673509230791 0.11929673509230791 0.1485440721003294 0.13567551734582312 0.11929673509230791 0.11929673509230791
0.1333702362862281 0.10972101750254717 0.1333702362862281 0.10972101750254717 0.14888410166300803 0.14549135575434707 0.10972101750254717 0.10972101750254717
0.11770542736184018 0.11770542736184018 0.11770542736184018 0.11770542736184018 0.14722000452873285 0.146547431300226 0.11770542736184018 0.11770542736184018
0.13195634287173466 0.10862258271850889 0.13195634287173463 0.10862258271850889 0.14743658145935395 0.1541604019231413 0.10862258271850889 0.10862258271850889
0.11632104474739227 0.11632104474739227 0.11632104474739227 0.11632104474739227 0.1551921431788625 0.1468815883367837 0.11632104474739227 0.11632104474739227
0.13052377156079403 0.10746444949092461 0.13813205406553186 0.10746444949092461 0.14838027250842623 0.1531061039015495 0.10746444949092461 0.10746444949092461
0.11506428179392315 0.11506428179392315 0.11506428179392315 0.11506428179392315 0.15418418080998578 0.15543012842647516 0.11506428179392315 0.11506428179392315
0.1366336870635132 0.10629742329988907 0.1366336870635132 0.10629742329988907 0.14694750084182412 0.15459543183159313 0.10629742329988907 0.10629742329988907
0.12834624862496954 0.11316472784013475 0.11316472784013475 0.11316472784013475 0.15190688201206806 0.15392323016228857 0.11316472784013475 0.11316472784013475
0.13899970183694463 0.10516169763046129 0.13499715116108396 0.10516169763046129 0.15236490049543241 0.15299145598469396 0.10516169763046129 0.10516169763046129
0.12699002435544726 0.12323024611028244 0.1115456130402312 0.1115456130402312 0.15171604419128096 0.15188123318206462 0.1115456130402312 0.1115456130402312
0.13817031468599295 0.10468987389120796 0.13935130681178695 0.10468987389120796 0.15183377624095815 0.1518851066964302 0.10468987389120796 0.10468987389120796
0.12607614632911712 0.1223560973519188 0.11072388914178458 0.11072388914178458 0.15790437528386206 0.15076782446796358 0.11072388914178458 0.11072388914178458
0.12380521292355717 0.12339187414831292 0.10979675222032194 0.10979675222032194 0.16406978374443063 0.1495461203024115 0.10979675222032194 0.10979675222032194
0.12200156330772184 0.132706461990895 0.10824542853843772 0.10824542853843772 0.1646375616209289 0.14767269892670354 0.10824542853843772 0.10824542853843772
0.13093372048225796 0.13305584470317325 0.10674830031645954 0.10674830031645954 0.1633355833213926 0.145681650227338 0.10674830031645954 0.10674830031645954
0.14008953305861244 0.1319461571888365 0.10556935165934711 0.10556935165934711 0.16170913402240492 0.14397776909275745 0.10556935165934711 0.10556935165934711
0.14088897916609516 0.13011172494605 0.11568483028761185 0.10395490232546217 0.15953566069746442 0.1419140979263922 0.10395490232546217 0.10395490232546217
0.13987984164963269 0.1285281611841058 0.12566819365957527 0.10273499385902904 0.15756871158653202 0.1401501103430671 0.10273499385902904 0.10273499385902904
0.1453452988836048 0.1273585953391905 0.1267916393562836 0.10187935149102323 0.15603701264370334 0.13882939930414787 0.10187935149102323 0.10187935149102323
0.15113489704388425 0.1264259140377897 0.12631352147256059 0.1011785232954674 0.1548097269332108 0.1377803706261527 0.1011785232954674 0.1011785232954674
0.15218731144160724 0.12530350252241806 0.12528122197666208 0.10024100522361888 0.15345038067620329 0.14305456771225267 0.10024100522361888 0.10024100522361888
0.1554337327779377 0.12451086178476181 0.12450644492037072 0.0996708697831261 0.15241302675537313 0.1441233244121781 0.0996708697831261 0.0996708697831261
0.15549849927633705 0.12322897695969592 0.13137177140220768 0.09854611695506905 0.15093172685922085 0.14333067463733146 0.09854611695506905 0.09854611695506905
0.15464589468508952 0.12209852224978471 0.13849195008862344 0.09766978130935526 0.1495462562651181 0.14220803278331834 0.09766978130935526 0.09766978130935526
0.1536563541254244 0.12119728426650361 0.14459346453818303 0.09699264309493247 0.14839292042099517 0.14118204736409626 0.09699264309493247 0.09699264309493247
0.1527783866475925 0.12050323359742274 0.14945765862103588 0.09647725258973859 0.14748111890747143 0.1403478444572615 0.09647725258973859 0.09647725258973859
0.15207367102330688 0.119982625879703 0.15317069436563813 0.09609423251100456 0.1467847051548874 0.13970560604345073 0.09609423251100456 0.09609423251100456
0.15153722488585133 0.11960118962873566 0.15591866611128447 0.09581600080966132 0.14626711032329603 0.13922780662184858 0.09581600080966132 0.09581600080966132
0.15114235206851967 0.11932726033243747 0.1579054096630978 0.09561768690505154 0.14589089482120882 0.13888102239958156 0.09561768690505154 0.09561768690505154
0.15053897661947332 0.11881426663684233 0.15824040064247388 0.09515899657202875 0.1486147932678457 0.13831457311727866 0.09515899657202875 0.09515899657202875
0.15227795330572425 0.11834212127478462 0.15800377549946845 0.09478854636644278 0.14924240508499198 0.13776810573570233 0.09478854636644278 0.09478854636644278
0.1542740359127116 0.11798165084066405 0.15764237346835075 0.09452167337198694 0.1492054949661658 0.13733142469614698 0.09452167337198694 0.09452167337198694
0.15596322310674374 0.1177210296030164 0.1573088354125303 0.09433251129166634 0.14900280867098306 0.1370065693317276 0.09433251129166634 0.09433251129166634
0.1565045088956068 0.11753583924759926 0.15779557678960834 0.09419898612779058 0.14879501734127432 0.13677209934253945 0.09419898612779058 0.09419898612779058
0.156628650579782 0.11740703157527121 0.15840971712303495 0.0941068903338597 0.1486267848488217 0.13660714487151113 0.0941068903338597 0.0941068903338597
0.15731453701531017 0.11726753709108725 0.1585460238735013 0.09399293050342417 0.14845118305008378 0.13644192745974484 0.09399293050342417 0.09399293050342417
0.15801255458304306 0.11715270833960595 0.1585143942907618 0.09390575494440476 0.14829966533959385 0.13630341261378112 0.09390575494440476 0.09390575494440476
0.15771647394677898 0.11654941705727252 0.15792097721903733 0.09332522715400042 0.14766362003428432 0.14017383028062558 0.09332522715400042 0.09332522715400042
0.15747599596489717 0.1163099984291051 0.15790274747164057 0.09320540415026606 0.1473107440454982 0.14138430163806076 0.09320540415026606 0.09320540415026606
0.15733237459018148 0.11621691153722376 0.15808082824798533 0.09315977927412253 0.14713582208650042 0.1417547257157414 0.09315977927412253 0.09315977927412253
0.1563162312079173 0.12284231287650152 0.15719642876421228 0.0922021626298662 0.14611411239045163 0.14092442687131873 0.0922021626298662 0.0922021626298662
0.155844119403365 0.12453104883796277 0.1569296797126562 0.09214413652550961 0.14568172223917444 0.1405810202303128 0.09214413652550961 0.09214413652550961
0.1552695057781217 0.1245940530164222 0.15643751943601972 0.09176191183923968 0.1451410657326853 0.14327212051903226 0.09176191183923968 0.09176191183923968
0.1549764357043689 0.12455175292105729 0.15627950131417365 0.09170300092993536 0.14488405319182554 0.14419925407876855 0.09170300092993536 0.09170300092993536
0.1551456766829899 0.1244922580317474 0.15616592972152216 0.09165465830117242 0.1447415387496036 0.14449062191061984 0.09165465830117242 0.09165465830117242
0.15519863929507716 0.12446020009936082 0.15617234540560576 0.09163828597188141 0.14467294778762155 0.14458100949669042 0.09163828597188141 0.09163828597188141
0.15521149243107266 0.12444290346649135 0.15621302581405058 0.09162944129193278 0.14463897073376172 0.14460528367882525 0.09162944129193278 0.09162944129193278
0.1549351151247906 0.12415670027288253 0.15594820580751084 0.0913477982903207 0.14658404895788651 0.14433253496596746 0.0913477982903207 0.0913477982903207
0.15477486828541365 0.12403422378160983 0.15582316040869953 0.09130077819121375 0.14727983577873158 0.14418557717190397 0.09130077819121375 0.09130077819121375
0.1545081469405727 0.12380086217855744 0.15557035268924907 0.09109970705298817 0.1488908577175956 0.14393065931506074 0.09109970705298817 0.09109970705298817
0.15436331568906836 0.12370377688989612 0.15545132637077538 0.09106414667051087 0.14948744640766853 0.14380169463105896 0.09106414667051087 0.09106414667051087
0.15449514311827037 0.12364335065043902 0.1553672339012843 0.09102931660111173 0.1496867118387872 0.14371961068788391 0.09102931660111173 0.09102931660111173
0.15454112154465752 0.12361919763498874 0.1553384043625149 0.09102109473570938 0.14975667975741838 0.14368131249329236 0.09102109473570938 0.09102109473570938
0.15455707897871104 0.1236098833814628 0.15533307129237764 0.09101814833357885 0.1497811880744347 0.14366433327227743 0.09101814833357885 0.09101814833357885
0.1544300764928887 0.12347386439609895 0.15519729991817496 0.09088458501601498 0.15072045553643337 0.14352454860835923 0.09088458501601498 0.09088458501601498
0.15435459320800857 0.12341473675557871 0.15512423639894532 0.0908613182677936 0.15107241539018199 0.1434500634439045 0.0908613182677936 0.0908613182677936
0.15445208642793026 0.12337558187302511 0.15507041670911997 0.09083775216457772 0.15118945322066452 0.14339920527552702 0.09083775216457772 0.09083775216457772
0.15448726580370503 0.12336025822000136 0.15504744370379445 0.09083275154861001 0.15123120787857852 0.14337556974809046 0.09083275154861001 0.09083275154861001
0.15441009371183834 0.12326454758863327 0.15494625996939648 0.09074108094054628 0.15188061704812927 0.14327523886036364 0.09074108094054628 0.09074108094054628
0.15445201873482142 0.12321066082778853 0.15487570674971773 0.09071242792655067 0.15211450624302894 0.14320982366499127 0.09071242792655067 0.09071242792655067
0.15446340409323187 0.12319053273877253 0.15484346707391364 0.09070650687871956 0.1522031415839045 0.14317993387401876 0.09070650687871956 0.09070650687871956
0.15452703485851363 0.12317524683278089 0.1548201368029691 0.09069652766745476 0.15222899574129345 0.14315900276207866 0.09069652766745476 0.09069652766745476
0.15459198892546352 0.12316349598787125 0.15480275452292727 0.09068880689398691 0.15223172724954306 0.1431436126322342 0.09068880689398691 0.09068880689398691
0.15461710280417498 0.12315865066553143 0.15479575704678233 0.09068705963757225 0.15223108428337104 0.14313622628742337 0.09068705963757225 0.09068705963757225
0.15462691912444917 0.12315680392974214 0.15479360025016267 0.09068649035273668 0.15223025506109242 0.14313295057634365 0.09068649035273668 0.09068649035273668
0.1546307254105392 0.12315606388524669 0.1547933352945881 0.09068623719316447 0.15222966666472512 0.14313149716540738 0.09068623719316447 0.09068623719316447
0.15463216300264626 0.1231557323140906 0.1547936819992064 0.09068610073194747 0.15222929232746754 0.1431308281607467 0.09068610073194747 0.09068610073194747
0.15435574785083098 0.12287863524228089 0.15451681593242272 0.09040909107762203 0.15195213133661178 0.14506939640498748 0.09040909107762203 0.09040909107762203
0.15413933485994682 0.12270347550462499 0.15430004785120563 0.09030698693747641 0.1522285678865542 0.14570761308523933 0.09030698693747641 0.09030698693747641
0.15406070609294945 0.12263703881412868 0.15419001697383009 0.09028673045094485 0.1523209612724132 0.1459310854938442 0.09028673045094485 0.09028673045094485
0.15402470239530802 0.12261605138709053 0.15414137336116107 0.09028325880669397 0.1523551405941034 0.14601295584225524 0.09028325880669397 0.09028325880669397
0.15400919543936842 0.12260990743083776 0.1541208839473399 0.09028264810639539 0.1523684582119943 0.1460436106512736 0.09028264810639539 0.09028264810639539
0.15328096709168149 0.12766036251858398 0.15339058571591155 0.08956083564360424 0.1516520727737998 0.14533350496921044 0.08956083564360424 0.08956083564360424
0.1529293336179324 0.12917939503147585 0.15303797420331772 0.08951050110143159 0.151309806038826 0.14501198780415323 0.08951050110143159 0.08951050110143159
0.152812244124963 0.1296590393573669 0.15289956197290955 0.08951812468069956 0.15117795347419638 0.14489682702846537 0.08951812468069956 0.08951812468069956
0.152770574719257 0.12981487434093925 0.15284914914384307 0.08952491606520528 0.15113101399502654 0.14485963960531853 0.08952491606520528 0.08952491606520528
0.15271512631031958 0.12982509580351712 0.15279006803097622 0.089486713715474 0.1514023329772637 0.1448072357315014 0.089486713715474 0.089486713715474
0.15265860771230497 0.1297947022882473 0.15273202953868195 0.08945314400591163 0.15170157496332326 0.14475365347970767 0.08945314400591163 0.08945314400591163
0.15262949378513455 0.12977953576489556 0.15270235101558197 0.08944742189513727 0.1518188849336436 0.14472746881533247 0.08944742189513727 0.08944742189513727
0.15261629016149805 0.12977366895007922 0.15268895964646867 0.08944626789167642 0.1518659624299523 0.14471631513697253 0.08944626789167642 0.08944626789167642
0.15261053811744665 0.12977155855735387 0.15268316261246315 0.08944598053979216 0.15188503079221718 0.14471176830114266 0.08944598053979216 0.08944598053979216
0.15260807113551342 0.12977081644244962 0.15268069990708122 0.0894458942035769 0.15189278433276326 0.14470994557146188 0.0894458942035769 0.0894458942035769
0.15260702052286523 0.12977055625676134 0.15267966686593978 0.08944586462100493 0.15189594258570122 0.14470921990571783 0.08944586462100493 0.08944586462100493
0.15260657457820145 0.12977046428826824 0.1526792389964652 0.08944585350202741 0.15189722996910532 0.1447089316618774 0.08944585350202741 0.08944585350202741
0.15260638546955277 0.12977043116831777 0.15267906470973153 0.08944584896015965 0.15189775472949715 0.14470881704242172 0.08944584896015965 0.08944584896015965
0.15260630516941082 0.12977041884450663 0.15267899551370553 0.08944584692796742 0.15189796845032788 0.1447087712381468 0.08944584692796742 0.08944584692796742
0.15258756218892827 0.1297517052690301 0.1526602571096633 0.08942713718196424 0.15202901988655992 0.14469004399992558 0.08942713718196424 0.08942713718196424
0.1525766137494144 0.12974269912644557 0.1526493087098682 0.08942394605373485 0.15207983913597395 0.1446797011170933 0.08942394605373485 0.08942394605373485
0.15257144088038474 0.12973925902951527 0.15264413507172064 0.0894233045052957 0.15210014178266404 0.14467510971982817 0.0894233045052957 0.0894233045052957
0.1525691420847274 0.12973803220366942 0.15264183604069384 0.08942314664743288 0.15210835127770037 0.14467319845091048 0.08942314664743288 0.08942314664743288
0.15256814444865047 0.12973760476792903 0.15264083869262116 0.08942310043279666 0.1521116884516016 0.14467242234080763 0.08942310043279666 0.08942310043279666
0.1525799145564316 0.12973571434857684 0.15263866803465514 0.08942134283386508 0.15211130620595004 0.14467036835279107 0.08942134283386508 0.08942134283386508
0.1525926875506334 0.12973364911795884 0.1526362912347447 0.08941986502790483 0.15210967086465416 0.14466810614829445 0.08941986502790483 0.08941986502790483
0.1525977103289405 0.12973274173492327 0.15263504191856922 0.08941959938998664 0.15210873125166552 0.14466697659594155 0.08941959938998664 0.08941959938998664
0.15259973215635453 0.12973240201798764 0.15263446721104865 0.0894195416312147 0.1521082862491226 0.1446664874718426 0.0894195416312147 0.0894195416312147
0.1526005538008786 0.1297322810003042 0.1526342140495001 0.08941952617640779 0.15210808739491097 0.14466628522518285 0.08941952617640779 0.08941952617640779
0.15258828208285072 0.12971963149116697 0.15262149729640717 0.08940691427203334 0.15219625022874733 0.14465359608472783 0.08940691427203334 0.08940691427203334
0.15257255524993907 0.12970505485055953 0.15260558459893986 0.08939626831144538 0.1522898961044374 0.14463810426178775 0.08939626831144538 0.08939626831144538
0.15255843642969347 0.12969291791496917 0.15259138681510587 0.08938866088837327 0.152366695516599 0.1446245806585128 0.08938866088837327 0.08938866088837327
0.152551203526144 0.12968775923734918 0.1525841196351125 0.08938727361482164 0.1523970679077544 0.14461802884917505 0.08938727361482164 0.08938727361482164
0.1525479025192618 0.1296858498812506 0.15258080366020862 0.08938696725460438 0.15240932176033425 0.14461522041513167 0.08938696725460438 0.08938696725460438
0.1525426063603377 0.12968132713265842 0.15257550088521904 0.08938303781503201 0.15244123371544574 0.14461021846124303 0.08938303781503201 0.08938303781503201
0.15253972622628267 0.12967923438412834 0.15257261743722364 0.08938235045522737 0.15245374968397918 0.14460762090270415 0.08938235045522737 0.08938235045522737
0.15254390863066125 0.12967765204374687 0.15257049119159785 0.08938141841081738 0.15245799602620952 0.14460569687533237 0.08938141841081738 0.08938141841081738
0.15254918000966813 0.1296764573208858 0.1525689075613484 0.08938071538084766 0.1524590498879911 0.1446042590775635 0.08938071538084766 0.08938071538084766
0.15255123254239006 0.12967595572895815 0.15256812140676124 0.08938058503441478 0.15245935556884258 0.14460357964980372 0.08938058503441478 0.08938058503441478
0.15255205305310743 0.12967577042189649 0.15256776641456815 0.08938055559090059 0.1524594525984521 0.14460329073927408 0.08938055559090059 0.08938055559090059
0.15255488195688605 0.1296753479668083 0.15256725451874903 0.089380190717712 0.15245912787052535 0.14460281553389526 0.089380190717712 0.089380190717712
0.15255598940655707 0.12967515264116172 0.15256697848936934 0.08938012666480939 0.1524589294639167 0.144602570004567 0.08938012666480939 0.08938012666480939
0.1525564345516504 0.12967507847534285 0.15256685071847292 0.08938011319404261 0.15245883390392692 0.14460246276847918 0.08938011319404261 0.08938011319404261
0.15255661540677232 0.12967505194134032 0.15256679432642953 0.08938010970615985 0.1524587908788263 0.14460241832815188 0.08938010970615985 0.08938010970615985
0.1525583691011798 0.12967480265030062 0.15256652992532616 0.0893798686602364 0.15245853203159526 0.1446021603108891 0.0893798686602364 0.0893798686602364
0.15255905365244377 0.12967468347732675 0.1525663787216352 0.08937982695139954 0.15245838322668825 0.14460202006770745 0.08937982695139954 0.08937982695139954
0.152559328556429 0.12967463785552627 0.15256630751518055 0.08937981836114094 0.1524583130695329 0.14460195791990832 0.08937981836114094 0.08937981836114094
0.15255944022499843 0.12967462150127934 0.152566275850658 0.08937981618330966 0.15245828186471308 0.14460193200842222 0.08937981618330966 0.08937981618330966
0.15255948581471224 0.12967461576363876 0.15256626208348548 0.08937981552755099 0.1524582682981979 0.14460192145731282 0.08937981552755099 0.08937981552755099
0.15256063447980409 0.12967445233245098 0.15256609473342334 0.08937965387926476 0.1524581010368693 0.14460175577965798 0.08937965387926476 0.08937965387926476
0.15256108229510332 0.1296743736553859 0.15256599753314112 0.08937962598643938 0.1524580039409434 0.14460166461610813 0.08937962598643938 0.08937962598643938
0.15256126203230638 0.12967434348644094 0.152565951557131 0.08937962026542867 0.15245795804723297 0.14460162408060265 0.08937962026542867 0.08937962026542867
0.1525613350245479 0.1296743326676928 0.15256593107252595 0.08937961882131064 0.15245793761494184 0.14460160715635964 0.08937961882131064 0.08937961882131064
0.15256136482017782 0.12967432887252464 0.1525659221558502 0.08937961838793596 0.15245792872786235 0.1446016002597771 0.08937961838793596 0.08937961838793596
0.1525613770151114 0.12967432754859504 0.15256591831868493 0.08937961824330838 0.1524579249062733 0.1446015974814101 0.08937961824330838 0.08937961824330838
0.15256138201453492 0.1296743270862142 0.15256591667875716 0.08937961819232246 0.15245792327413402 0.14460159636939215 0.08937961819232246 0.08937961819232246
0.15237160178389392 0.1294845446414329 0.1523761336984669 0.0891898358912203 0.15226814029774674 0.14593007190479867 0.0891898358912203 0.0891898358912203
0.15226544147628115 0.1293971397140122 0.1522691013223519 0.08916140353385414 0.15216118667957199 0.14642292020622047 0.08916140353385414 0.08916140353385414
0.15221726521219509 0.1293657692702709 0.15222056264264516 0.08915719310067848 0.15211272500159564 0.14661209857125782 0.08915719310067848 0.08915719310067848
0.15219676591570308 0.12935547398344444 0.15219991268545044 0.08915664579498536 0.15209212704579664 0.14668578298464935 0.08915664579498536 0.08915664579498536
0.15218876759935848 0.12935218327700312 0.15219126878145503 0.08915655422281757 0.1520835132263219 0.14671460444740875 0.08915655422281757 0.08915655422281757
0.15218289409034588 0.12934859971992763 0.1521851278346092 0.08915399321246054 0.15209804602379967 0.14672335269393608 0.08915399321246054 0.08915399321246054
0.15218004180980121 0.1293470664036943 0.15218216474656227 0.08915357344269315 0.1521036410622947 0.14672636564956817 0.08915357344269315 0.08915357344269315
0.15164570475605443 0.13307806742288833 0.1516477817786225 0.08862041765948667 0.15157280094362702 0.1461943921203475 0.08862041765948667 0.08862041765948667
0.15137299466861157 0.13430902846869683 0.15137504846981983 0.08856900299172052 0.1513016831157026 0.14593423630200753 0.08856900299172052 0.08856900299172052
0.15088106732209286 0.1374021102684319 0.15088310935953222 0.08819001838953815 0.15081048875115385 0.14545316913017492 0.08819001838953815 0.08819001838953815
0.15063595076140518 0.13849367070775884 0.15063759531662996 0.08814824455154231 0.15056542026690153 0.14522262929267768 0.08814824455154231 0.08814824455154231
0.15053210665683042 0.1388913001505011 0.15053358529411484 0.08814591597773143 0.15047542079822207 0.14512983916713737 0.08814591597773143 0.08814591597773143
0.15049085635208412 0.13903875226603551 0.15049226572346944 0.08814767292375199 0.15043992070137743 0.1450951861857776 0.08814767292375199 0.08814767292375199
0.1504748302415675 0.13909383789723417 0.15047621070759623 0.08814873071229444 0.1504262825294963 0.14508264648722247 0.08814873071229444 0.08814873071229444
0.15046865160702347 0.1391144804031462 0.15047002001685195 0.08814918932457949 0.15042109535340245 0.14507818464583738 0.08814918932457949 0.08814918932457949
0.15046650305535816 0.13912219357998365 0.15046760566512055 0.08814933889300477 0.1504190975886833 0.1450765834318398 0.08814933889300477 0.08814933889300477
0.15046567808528857 0.13912508462132955 0.15046667060435487 0.08814940375377642 0.15041833543561955 0.14507601999207806 0.08814940375377642 0.08814940375377642
0.15046551568099348 0.13912614777725776 0.15046628719322783 0.0881494076049508 0.15041802377860503 0.1450758027550635 0.0881494076049508 0.0881494076049508
0.15046545476556342 0.13912654367270977 0.15046613474580883 0.08814941395006644 0.1504179011071951 0.1450757238585235 0.08814941395006644 0.08814941395006644
0.1504654326679205 0.1391266918633138 0.1504660747393774 0.08814941708085146 0.15041785345574726 0.1450756960310867 0.08814941708085146 0.08814941708085146
0.15046542480994443 0.13912674745561812 0.15046605118114761 0.08814941837472398 0.1504178350233696 0.14507568640574828 0.08814941837472398 0.08814941837472398
0.1504655253033316 0.139126753582478 0.15046602718164973 0.08814940413204043 0.1504178131502423 0.14507566838617714 0.08814940413204043 0.08814940413204043
0.150465564698274 0.13912675360244514 0.1504660150171111 0.08814940190706845 0.15041780187046086 0.14507565909050374 0.08814940190706845 0.08814940190706845
0.15046558064292723 0.13912675323877255 0.15046600960809053 0.08814940153607974 0.15041779682998566 0.1450756550719847 0.08814940153607974 0.08814940153607974
0.1504656566223029 0.1391267431137329 0.15046599737611827 0.08814939154429313 0.15041778475159565 0.145075643503371 0.08814939154429313 0.08814939154429313
0.15019645702352288 0.1410113437146633 0.15019676124404133 0.08788016047817761 0.15014854868539398 0.14480640789784585 0.08788016047817761 0.08788016047817761
0.15005001465334783 0.14169610313820563 0.15005030345153875 0.08784520881228715 0.1500021414764152 0.14466581084363114 0.08784520881228715 0.08784520881228715
0.14998631218843295 0.14195455382771646 0.1499865944406201 0.08784215637457103 0.14993848090688755 0.14460758951262992 0.08784215637457103 0.08784215637457103
0.14996038441271115 0.14205365547678034 0.14996061066740732 0.08784255815734991 0.14991252915000097 0.14458514582105042 0.08784255815734991 0.08784255815734991
0.1499500466864343 0.14209190189038784 0.14995024973045323 0.08784295859140231 0.14990218634597724 0.1445767395725405 0.08784295859140231 0.08784295859140231
0.14994598989959226 0.14210669669541875 0.14994614753465652 0.08784314745393766 0.14989809360220405 0.14457362990631528 0.08784314745393766 0.08784314745393766
0.14994439020078765 0.1421124271384434 0.1499445290274096 0.08784322790128603 0.14989647977810364 0.1445724901513978 0.08784322790128603 0.08784322790128603
0.14994376014250493 0.14211464800823922 0.14994389117868764 0.08784326036925805 0.14989584417197954 0.14457207539081465 0.08784326036925805 0.08784326036925805
0.14994236038656197 0.14211435732436908 0.1499424881959679 0.08784212155628326 0.14990365559436147 0.1445707738298899 0.08784212155628326 0.08784212155628326
0.149941599209491 0.14211406485643027 0.14994172568181716 0.08784194009775662 0.14990670830726044 0.1445700816517314 0.08784194009775662 0.08784194009775662
0.14994047800969684 0.14211314721262064 0.14994060392788827 0.08784113414467803 0.14991336432096963 0.14456900409479048 0.08784113414467803 0.08784113414467803
0.14993990298581703 0.14211266202988745 0.1499400046019703 0.08784099940140966 0.14991598564925857 0.1445684465288377 0.08784099940140966 0.08784099940140966
0.14993964046260555 0.14211245237017767 0.14993973201370114 0.08784097502838253 0.14991704669592182 0.14456820337244614 0.08784097502838253 0.08784097502838253
0.14993952645544031 0.14211236702179286 0.1499396138379316 0.08784096974705174 0.14991748076472725 0.14456810267895265 0.08784096974705174 0.08784096974705174
0.14993947780472 0.14211233299420353 0.14993956346071557 0.08784096831320083 0.14991765906678745 0.14456806173397094 0.08784096831320083 0.08784096831320083
0.14993947135436905 0.14211231750591904 0.14993954010314967 0.08784096581972992 0.14991773040327813 0.1445680431740942 0.08784096581972992 0.08784096581972992
0.14993947771377997 0.1421123097301425 0.1499395285684941 0.08784096395878223 0.14991775808080224 0.1445680340304345 0.08784096395878223 0.08784096395878223
0.14993948000260646 0.14211230641567776 0.14993952344636216 0.08784096361381281 0.14991776919633157 0.14456803009758346 0.08784096361381281 0.08784096361381281
0.14981120479449206 0.14198402899386675 0.14981124516894512 0.08771268745776438 0.14978949764291707 0.14546596102648593 0.08771268745776438 0.08771268745776438
0.1497392839424013 0.1419162463142564 0.14973932302653206 0.08769389270851749 0.14971758918396008 0.14580587940729767 0.08769389270851749 0.08769389270851749
0.14970693392875759 0.1418877899613908 0.14970696515104734 0.08769132191790995 0.14968524308532002 0.14593910211975447 0.08769132191790995 0.08769132191790995
0.1496932701329555 0.14187665202692418 0.1496932931753633 0.08769105119462438 0.14967157873540646 0.14599205234547738 0.08769105119462438 0.08769105119462438
0.14968762114755327 0.14187240853074135 0.14968764080127991 0.08769106116994371 0.14966593068059078 0.1460132153300038 0.08769106116994371 0.08769106116994371
0.14968530475719355 0.14187081115796832 0.1496853230070914 0.08769108434810292 0.14966361515514875 0.14602169287828937 0.08769108434810292 0.08769108434810292
0.14968435808405772 0.14187021381329318 0.14968437575239307 0.08769109702493481 0.1496626690368084 0.14602509223864318 0.08769109702493481 0.08769109702493481
0.14968345148788498 0.14186947116844234 0.149683468915298 0.08769058250034815 0.14966592520771502 0.1460259357196151 0.08769058250034815 0.08769058250034815
0.14968299467867185 0.14186910622362592 0.1496830120062439 0.0876905011645544 0.1496671922529782 0.1460261913448168 0.0876905011645544 0.0876905011645544
0.1496827918614319 0.14186895322829143 0.14968280914762322 0.08769048753818294 0.14966770331031656 0.14602627983778801 0.08769048753818294 0.08769048753818294
0.14968270529571945 0.14186889223335192 0.1496827225647589 0.08769048497071012 0.14966791237179494 0.14602631262224444 0.08769048497071012 0.08769048497071012
0.14968267175642103 0.1418688679431347 0.1496826857089996 0.08769048397388163 0.14966799794736863 0.1460263247224311 0.08769048397388163 0.08769048397388163
0.1496826595836952 0.14186885815868325 0.14968266993666757 0.08769048346563368 0.1496680328759837 0.14602632904806925 0.08769048346563368 0.08769048346563368
0.14959522095222405 0.14178142083204665 0.14959522981439266 0.08760304987558624 0.14958061374988313 0.14663836502469474 0.08760304987558624 0.08760304987558624
0.14954583085893228 0.1417348526036737 0.1495458391010013 0.08758987313269816 0.14953123672850124 0.14687262130979703 0.08758987313269816 0.08758987313269816
0.14952308052866956 0.1417147735781194 0.14952308851241036 0.08758757807174554 0.14951129212131192 0.14696503104425235 0.08758757807174554 0.08758757807174554
0.1495133362080479 0.14170678198845146 0.1495133425883145 0.08758725447143798 0.14950270908184338 0.14700206671902877 0.08758725447143798 0.08758725447143798
0.14950926372734966 0.14170369327741608 0.14950926944332527 0.08758721767267691 0.1494991178840594 0.14701700264981887 0.08758721767267691 0.08758721767267691
0.14950757733287104 0.14170251398128214 0.1495075827736419 0.08758721792598333 0.1494976309544231 0.14702304117983192 0.08758721792598333 0.08758721792598333
0.14950688251285688 0.14170206622586515 0.1495068868335609 0.08758722053257144 0.14949701779531818 0.1470254850346845 0.08758722053257144 0.08758722053257144
0.14950659636175587 0.14170189684603401 0.14950660021856635 0.08758722214628596 0.14949676548824728 0.1470264746465384 0.08758722214628596 0.08758722214628596
0.14950647863843822 0.14170183294974742 0.1495064823031198 0.0875872229345499 0.14949666179137985 0.14702687551366517 0.0875872229345499 0.0875872229345499
0.14950643083381743 0.14170180882299083 0.1495064337421984 0.08758722320917896 0.1494966191231743 0.14702703785028204 0.08758722320917896 0.08758722320917896
0.14950641157908545 0.14170179969790725 0.14950641371903112 0.0875872232978748 0.14949660154215905 0.1470271035681929 0.0875872232978748 0.0875872232978748
0.14950616849561704 0.14170156110414497 0.14950617031730948 0.08758698818889539 0.14949824048868612 0.14702689502755628 0.08758698818889539 0.08758698818889539
0.14950587190178305 0.14170127406842364 0.149505873591667 0.08758679226986822 0.1494999888285024 0.14702661480001927 0.08758679226986822 0.08758679226986822
0.1495057171373194 0.1417011325242597 0.14950571877261204 0.08758676034192299 0.14950068095795307 0.1470264695820868 0.08758676034192299 0.08758676034192299
0.149505647333065 0.14170107276247326 0.1495056489457473 0.08758675463450992 0.14950096188900863 0.14702640516617593 0.08758675463450992 0.08758675463450992
0.14950561748465654 0.14170104869535285 0.14950561878177598 0.08758675338984874 0.1495010769891259 0.14702637787954262 0.08758675338984874 0.08758675338984874
0.1495056049791168 0.141701039154779 0.14950560593957618 0.08758675304027982 0.14950112430711585 0.14702636649857262 0.08758675304027982 0.08758675304027982
0.14950559969313285 0.14170103540460172 0.14950560051416195 0.08758675293355718 0.1495011437966641 0.14702636179076778 0.08758675293355718 0.08758675293355718
0.14950559746643188 0.1417010339349728 0.14950559822971493 0.08758675289608535 0.14950115183059318 0.14702635985003135 0.08758675289608535 0.08758675289608535
0.1495054901196475 0.14170092694915565 0.14950549085901457 0.08758664647150557 0.14950190001681227 0.14702625264085345 0.08758664647150557 0.08758664647150557
0.14950542856968552 0.141700869000786 0.14950542929914726 0.08758662938000449 0.1495021927833884 0.14702619220697943 0.08758662938000449 0.08758662938000449
0.1495053285372169 0.14170077232975462 0.14950532926257615 0.08758655483890569 0.14950281211997463 0.14702609323376062 0.08758655483890569 0.08758655483890569
0.14950522687120749 0.14170067517517868 0.14950522759486737 0.08758649460207944 0.14950339356832493 0.14702599298418326 0.08758649460207944 0.08758649460207944
0.149505142507227 0.14170059581451347 0.14950514323018277 0.08758645234382507 0.14950385121942814 0.1470259101971733 0.08758645234382507 0.08758645234382507
0.14950510058206015 0.14170055852222505 0.14950510130472408 0.08758644535862174 0.14950403377216925 0.14702586974295617 0.08758644535862174 0.08758644535862174
0.149505081933292 0.14170054299550222 0.14950508265583495 0.08758644407347004 0.14950410809192938 0.14702585210303154 0.08758644407347004 0.08758644407347004
0.14950507392579734 0.14170053678202402 0.14950507464829016 0.08758644378950001 0.14950413858777056 0.147025844687618 0.08758644378950001 0.08758644378950001
0.14950507053112688 0.141700534330848 0.14950507125359888 0.08758644371119235 0.1495041511394315 0.1470258416114176 0.08758644371119235 0.08758644371119235
0.14950506909935776 0.14170053336892577 0.1495050698218211 0.08758644368535096 0.1495041563119082 0.14702584034193433 0.08758644368535096 0.08758644368535096
0.1495050684969215 0.14170053299211824 0.1495050692193813 0.08758644367589244 0.14950415844465056 0.1470258398192509 0.08758644367589244 0.08758644367589244
0.14950506824378484 0.1417005328445858 0.14950506896624316 0.08758644367225919 0.1495041593243007 0.14702583960430798 0.08758644367225919 0.08758644367225919
0.14950506813752204 0.14170053278682015 0.14950506885997972 0.08758644367083483 0.14950415968718675 0.14702583951598677 0.08758644367083483 0.08758644367083483
0.1495050682141767 0.14170053274687874 0.1495050687980887 0.08758644365295354 0.14950415981959617 0.1470258394623992 0.08758644365295354 0.08758644365295354
0.14950504645690588 0.1417005109426076 0.1495050469834382 0.08758642186393568 0.1495043123735243 0.14702581765171696 0.08758642186393568 0.08758642186393568
0.1494456982099035 0.14164116337969485 0.14944569871267155 0.08752708262786715 0.14944503631842299 0.14744115549570574 0.08752708262786715 0.08752708262786715
0.14941199400233326 0.14160937441429783 0.14941199449514614 0.08751795793368924 0.1494114793418803 0.14760128394527477 0.08751795793368924 0.08751795793368924
0.14939662289734634 0.14159582225070325 0.149396623385972 0.0875165456743834 0.14939616926771754 0.1476651251751107 0.0875165456743834 0.0875165456743834
0.14934989683737604 0.14155028680431755 0.14934989732423828 0.08747618567069892 0.14934946850875405 0.1479718935132173 0.08747618567069892 0.08747618567069892
0.14932425472775265 0.1415266070814488 0.14932425521379555 0.08746989550278943 0.14932391573175974 0.14809128073687483 0.08746989550278943 0.08746989550278943
0.14931262921858543 0.14151655837924498 0.14931262970424017 0.08746888986208888 0.14931232724800733 0.1481391858636555 0.08746888986208888 0.08746888986208888
0.14930764459375412 0.14151255094750828 0.14930764498615198 0.08746871993438725 0.14930735787698923 0.1481586417924344 0.08746871993438725 0.08746871993438725
0.14930554850394134 0.1415109888766072 0.14930554885770977 0.08746868826364602 0.14930526811003558 0.14816658086076803 0.08746868826364602 0.08746868826364602
0.14930467361500865 0.1415103855586453 0.14930467395277577 0.08746868148574123 0.14930439584202407 0.14816982657432234 0.08746868148574123 0.08746868148574123
0.14930430960294908 0.14151015348687257 0.14930430993408803 0.08746867981537418 0.14930403291638264 0.1481711546135851 0.08746867981537418 0.08746867981537418
0.14930415839214695 0.14151006440833663 0.14930415872054031 0.08746867936284647 0.1493038821559215 0.14817169823451512 0.08746867936284647 0.08746867936284647
0.14930409564162167 0.14151003026463055 0.14930409596887773 0.08746867923738813 0.14930381959207148 0.1481719208206342 0.08746867923738813 0.08746867923738813
0.14930406962034865 0.1415100171927921 0.14930406994713358 0.08746867920470708 0.1493037936481791 0.1481720119774254 0.08746867920470708 0.08746867920470708
0.14930405221474216 0.1415100055720764 0.14930405254133197 0.08746867257600247 0.14930382924984692 0.1481720426939951 0.08746867257600247 0.08746867257600247
0.1493040394926128 0.141509995620766 0.14930403981912177 0.0874686670625331 0.1493038741153563 0.148172049764544 0.0874686670625331 0.0874686670625331
0.14930403333117895 0.14150999092798466 0.1493040336576544 0.08746866617006283 0.14930389180424505 0.1481720517687486 0.08746866617006283 0.08746866617006283
0.14930403062296174 0.14150998897944195 0.14930403094942332 0.0874686660136488 0.14930389897380592 0.14817205243342063 0.0874686660136488 0.0874686660136488
0.14930402952433236 0.14150998819570715 0.14930402978818463 0.08746866597404399 0.149303901903524 0.14817205266611982 0.08746866597404399 0.08746866597404399
0.14930402906014525 0.1415099878872246 0.1493040292980674 0.0874686659648623 0.1493039031077052 0.14817205275227074 0.0874686659648623 0.0874686659648623
0.1493040288652768 0.14150998776679607 0.1493040290924598 0.08746866596224034 0.14930390360380313 0.14817205278494322 0.08746866596224034 0.08746866596224034
0.14927691277898303 0.14148287171521803 0.14927691300171833 0.08744154995665282 0.14927678780367798 0.14836186483044403 0.08744154995665282 0.08744154995665282
0.1492614331760636 0.14146826707624707 0.1492614333969335 0.08743730068051718 0.14926130833255294 0.1484356559766513 0.08743730068051718 0.08743730068051718
0.14923604839205865 0.14144371591069935 0.14923604861214265 0.08741832688803164 0.14923592361071017 0.14859328281029427 0.08741832688803164 0.08741832688803164
0.14922252919417853 0.14143133415081863 0.14922252941391514 0.0874153209853455 0.14922240445100302 0.14865523983404808 0.0874153209853455 0.0874153209853455
0.14921642902654234 0.14142610458189403 0.14921642924612347 0.08741481989304799 0.14921630430579522 0.14868027316050103 0.08741481989304799 0.08741481989304799
0.14921381002035686 0.14142401488229123 0.1492138102398683 0.0874147273162022 0.1492136853118852 0.14869049759699193 0.0874147273162022 0.0874147273162022
