Action: 0
[0.10532612820010165, 0.10502532208065221, 0.2645006245092414, 0.10502531965578651, 0.1050466465734262, 0.10502531966921892, 0.10502531965578651, 0.10502531965578651]
[0.21005721270790692, 0.10502860635395346, 0.15947200965923666, 0.10502860635395346, 0.10532774586308903, 0.10502860635395346, 0.10502860635395346, 0.10502860635395346]
[0.2552601755327337, 0.10302875321581229, 0.12864094947401408, 0.10261402306103541, 0.10261402337649335, 0.10261402921784021, 0.10261402306103541, 0.10261402306103541]
[0.125, 0.125, 0.125, 0.125, 0.125, 0.125, 0.125, 0.125]
[0.12639317550493404, 0.10105379352304901, 0.21525713813504938, 0.10105379352135917, 0.15267724389180257, 0.10145726838108748, 0.10105379352135917, 0.10105379352135917]
[0.10413529145066108, 0.10409032229902129, 0.26379093490969246, 0.10408949584509039, 0.11162546786077417, 0.10408949594457982, 0.10408949584509039, 0.10408949584509039]
[0.125, 0.125, 0.125, 0.125, 0.125, 0.125, 0.125, 0.125]
[0.125, 0.125, 0.125, 0.125, 0.125, 0.125, 0.125, 0.125]

Action: 1
[0.10462284488170152, 0.10465106291853812, 0.10462284488170152, 0.10462284488170152, 0.10786516740583205, 0.2643695452671221, 0.10462284488170152, 0.10462284488170152]
[0.1050711786452293, 0.1050711786452293, 0.1050711786452293, 0.1050711786452293, 0.1050711786452293, 0.26450174948339483, 0.1050711786452293, 0.1050711786452293]
[0.20568681727649898, 0.10284340776448592, 0.10284340776448592, 0.10284340776448592, 0.12407728437218773, 0.15601885952888364, 0.10284340776448592, 0.10284340776448592]
[0.125, 0.125, 0.125, 0.125, 0.125, 0.125, 0.125, 0.125]
[0.12745484217881659, 0.11195854878752144, 0.10117772401744862, 0.10117772401744862, 0.20273323191589665, 0.15314248104797082, 0.10117772401744862, 0.10117772401744862]
[0.10294857527520665, 0.10274987311567464, 0.10254816506360169, 0.10254816506360169, 0.2561016220688694, 0.1280072692858425, 0.10254816506360169, 0.10254816506360169]
[0.125, 0.125, 0.125, 0.125, 0.125, 0.125, 0.125, 0.125]
[0.125, 0.125, 0.125, 0.125, 0.125, 0.125, 0.125, 0.125]

