Action: 0
[0.13253800140302419, 0.09724137470859591, 0.2821246652999225, 0.09724137339918301, 0.09877484160863496, 0.09759699678227345, 0.09724137339918301, 0.09724137339918301]
[0.10993290476390696, 0.09934462507869073, 0.2939993447639486, 0.09934462507869073, 0.09934462507869073, 0.09934462507869073, 0.09934462507869073, 0.09934462507869073]
[0.1385993938972971, 0.09689673009647311, 0.2785276412401848, 0.09689673009640484, 0.09838928841344936, 0.09689675606338106, 0.09689673009640484, 0.09689673009640484]
[0.125, 0.125, 0.125, 0.125, 0.125, 0.125, 0.125, 0.125]
[0.10939685811113935, 0.09940725870391479, 0.294133476639471, 0.09940151852017483, 0.09945633246477556, 0.09940151852017483, 0.09940151852017483, 0.09940151852017483]
[0.21424254390314654, 0.10447975512385124, 0.19339402493517838, 0.09745071461659245, 0.09808081757145401, 0.09745071461659245, 0.09745071461659245, 0.09745071461659245]
[0.125, 0.125, 0.125, 0.125, 0.125, 0.125, 0.125, 0.125]
[0.125, 0.125, 0.125, 0.125, 0.125, 0.125, 0.125, 0.125]

Action: 1
[0.09723567706421436, 0.09724684877731417, 0.09723567706421436, 0.09723567706421436, 0.136713444174643, 0.27986132172697104, 0.09723567706421436, 0.09723567706421436]
[0.1111111111111111, 0.1111111111111111, 0.1111111111111111, 0.1111111111111111, 0.1111111111111111, 0.2222222222222222, 0.1111111111111111, 0.1111111111111111]
[0.09417212643859697, 0.1344742559296406, 0.09417212504461261, 0.09417212504461261, 0.12810017040211594, 0.26656494705119604, 0.09417212504461261, 0.09417212504461261]
[0.125, 0.125, 0.125, 0.125, 0.125, 0.125, 0.125, 0.125]
[0.10063709565681825, 0.10063709565681825, 0.10063709565681825, 0.10063709565681825, 0.10089932925217786, 0.29527809680691275, 0.10063709565681825, 0.10063709565681825]
[0.09781816647654058, 0.09781816647654058, 0.09781816647654058, 0.09781816647654058, 0.2867795088784041, 0.1263114922623523, 0.09781816647654058, 0.09781816647654058]
[0.125, 0.125, 0.125, 0.125, 0.125, 0.125, 0.125, 0.125]
[0.125, 0.125, 0.125, 0.125, 0.125, 0.125, 0.125, 0.125]

