0.125 0.125 0.125 0.125 0.125 0.125 0.125 0.125
0.09592326139088728 0.15987210231814547 0.08633093525179857 0.14388489208633093 0.11990407673860912 0.19984012789768185 0.10791366906474821 0.08633093525179857
0.07295173961840629 0.12906846240179573 0.09118967452300786 0.16133557800224466 0.08754208754208755 0.15488215488215487 0.10942760942760943 0.19360269360269358
0.07411886857043971 0.12353144761739955 0.08894264228452767 0.14823773714087943 0.09264858571304965 0.176045244391945 0.1111783028556596 0.1852971714260993
0.10992734022178019 0.09640072105691837 0.13191280826613627 0.1038813365095823 0.13740917527722524 0.1257259376987096 0.16489101033267028 0.12985167063697786
0.07022213392668812 0.11305554369903222 0.05570852877923327 0.09856124322479733 0.12780191896412338 0.22611108739806443 0.11141705755846654 0.19712248644959465
0.1016110422178116 0.0771023905681058 0.19102980349709794 0.1542047811362116 0.09594870489949921 0.06939215151129523 0.17192682314738814 0.13878430302259046
0.08070016909176413 0.13174315025572136 0.08860998236047664 0.1476833039341277 0.09230206495882984 0.16359472153082483 0.11076247795059581 0.18460412991765968
0.07659046674053197 0.1333508250820479 0.08541998462105957 0.1423666410350993 0.08897915064693705 0.18855964980412576 0.10677498077632448 0.1779583012938741
0.09349329746002388 0.16370027248117663 0.07840352495887541 0.13067254159812566 0.11815624654746654 0.2391661857968622 0.09800440619859427 0.07840352495887541
0.07748589102356129 0.12624907748467024 0.09562110066124765 0.15781134685583784 0.09492281342037458 0.1514988929816043 0.1070372613456987 0.18937361622700535
0.10208666694091773 0.08388500014140186 0.19008196707316546 0.14968954907011783 0.096122515630136 0.08192323578857819 0.16571248411506734 0.13049858124061553
0.07763838146361575 0.1273328216914179 0.10035213118708587 0.1413820381742216 0.10277993450310516 0.16775061663211047 0.10603652863066622 0.17672754771777702
0.07425294594437439 0.12935447309362358 0.0909462904768713 0.1380079523841139 0.10600752954707458 0.1854149037857143 0.10350596428808544 0.17250994048014237
0.08972576350407895 0.15717548145128124 0.08200184284121588 0.12533182605991014 0.12948760892515623 0.24707951203747894 0.0939988695449326 0.07519909563594607
0.09175417635071648 0.14982870590806532 0.07946035726665077 0.1306198974583134 0.1232041737440044 0.1797944470896784 0.08859436523259515 0.15674387694997605
0.07298885579543185 0.12816770918532208 0.08659292614521713 0.13361700161769283 0.10710076181248425 0.20429874220846625 0.10021275121326961 0.167021252022116
0.08762838372571667 0.15363868324990868 0.07987621801705226 0.12240510378471967 0.130524672711932 0.26068004840129927 0.09180382783853976 0.0734430622708318
0.06366539375546615 0.10390657611554117 0.055122508715713114 0.0905852202032923 0.14338231859675443 0.25976685849857867 0.10240068370806957 0.1811704404065846
0.09640052067312675 0.07325101820785572 0.19128295678326454 0.14650203641571144 0.10188392137379351 0.09548887615638169 0.16333883761572604 0.1318518327741403
0.09981651666101099 0.07696697001515074 0.21668913642985252 0.14356443051631726 0.10006922768167247 0.07880325830920966 0.1589317260905099 0.12515873429627658
0.10993260598650151 0.08476633950781762 0.16590150747185123 0.09442122462618756 0.1572891000028774 0.11978773189792302 0.14987495972410722 0.11802653078273444
0.07415657003207253 0.11836314263162392 0.10775708722243335 0.1479539282895299 0.10224420716974615 0.17162899064991186 0.10035136005724637 0.17754471394743584
0.11198939772839037 0.08720710941985878 0.14156710656782318 0.09335130932651695 0.15679452997766344 0.14422472885093937 0.1481766814706618 0.11668913665814616
0.07364249100650415 0.11720944595895393 0.1034087480258345 0.1465118074486924 0.10774757263385076 0.17629254006601147 0.09937322592172183 0.1758141689384309
0.10075961490366125 0.07844026116859847 0.21110372846765402 0.14002295880862772 0.10112378687576792 0.09146718102210986 0.15501117133067455 0.12207129742290625
0.07882443786211482 0.11998515622134762 0.11958730173253679 0.13317593337587597 0.10720908887494411 0.17486621518142884 0.09988195003190697 0.16646991671984493
0.07464873751580542 0.12226573890894943 0.10041504409963695 0.13042300554830377 0.10742671508037818 0.2039747477503185 0.09781725416122784 0.16302875693537972
0.1133240096654878 0.0854627321539232 0.14309524906866894 0.09087783761511081 0.15885242024614138 0.15053991833477792 0.1442505358970013 0.11359729701888852
0.07278073995839845 0.11555636281037568 0.10241998314533149 0.1444454535129696 0.10693777338233378 0.18655344407057856 0.09797169890444897 0.17333454421556352
0.10250071805358173 0.0771297710104058 0.217302065469704 0.13765231123033142 0.10084310786452944 0.09218068033893996 0.15238676701119308 0.12000457902131455
0.10144049874594038 0.14673930943072372 0.11663120229510075 0.12212762557014031 0.13314738663005385 0.2150416828083516 0.09159571917760524 0.07327657534208419
0.07052608842577525 0.11306614614017912 0.09665543538761885 0.14133268267522392 0.10039723502307785 0.21256276488857417 0.09586042824928231 0.1695992192102687
0.07495964847965013 0.11959757482928983 0.09718225913085342 0.12821854202518984 0.1047381805525234 0.21886671093211352 0.09616390651889241 0.16027317753148732
0.09370479154775924 0.14598614985334363 0.08860654192190269 0.11653924536013803 0.12851545979843773 0.26931983028223216 0.08740443402010352 0.06992354721608282
0.06855835914280203 0.1105550926458649 0.09076032360886825 0.13819386580733112 0.09770585017773763 0.23466237805753926 0.09373149159105937 0.16583263896879735
0.1129866203840774 0.0836861535443605 0.14254314759726053 0.08984928872984041 0.15466673873977868 0.16133852147358752 0.14261791861879428 0.1123116109123005
0.05186000624434905 0.08225074648068605 0.07304345545584806 0.10281343310085755 0.12641541332885833 0.24176619829106444 0.11622388089662157 0.2056268662017151
0.09235419006177013 0.0708001940634543 0.19849175041370914 0.1416003881269086 0.10211846430619499 0.10932079814538596 0.15787386556835925 0.12744034931421774
0.10488726375388714 0.07090769918375513 0.25831650218658064 0.13193489312733522 0.0960963165577234 0.07677981180646774 0.14605735014503532 0.11502016323921532
0.08376700708599238 0.11639028926631063 0.13738968889203393 0.12977827623169486 0.10560844117257866 0.16750974488799966 0.09733370717377116 0.16222284528961856
0.06692303681269227 0.10188328964106924 0.0686998889068261 0.08156039390666608 0.14477443389423078 0.2751656963371841 0.09787247268799928 0.16312078781333217
0.06619047822733799 0.10944689140932722 0.08995955466587627 0.13680861426165902 0.09979065326747542 0.24084154138120784 0.09279192967312526 0.16417033711399082
0.0926734190951695 0.07005179681990541 0.20998733575773265 0.14010359363981081 0.09628565233368278 0.10859991666154258 0.15620505141632637 0.12609323427582975
0.08147893367119187 0.11630536716228145 0.12590864159605245 0.12987737609052305 0.10563070842142512 0.1810442208774801 0.09740803206789231 0.16234672011315382
0.11489081943690206 0.09005970282087776 0.15443669776276 0.08845773350871 0.1562788117484076 0.1448949670289788 0.14040910080747615 0.11057216688588749
0.10709684218087541 0.07724057616834965 0.16908921391492157 0.09655072021043706 0.15717958703474047 0.13345306589547182 0.14352913034267956 0.11586086425252447
0.09263937045958247 0.06725884622064582 0.24258283221875185 0.13451769244129164 0.1067552860701057 0.08520286095418432 0.14997718843827587 0.12106592319716246
0.10437962172436754 0.07687343221227748 0.2014891226192996 0.09609179026534684 0.14692669744960699 0.11608228725503532 0.1428469001556499 0.11531014831841621
0.09080796239025898 0.06604337737477885 0.2592271129260959 0.1320867547495577 0.10500289666445238 0.08068694229500126 0.1472668743252531 0.11887807927460192
0.06994555361308832 0.11301228177656897 0.14150962051590651 0.1412653522207112 0.09983922917334266 0.16909477939887246 0.09581476063665631 0.16951842266485342
0.07654919719384048 0.1283392234342624 0.10799964811288618 0.12680577635320278 0.10428510501848844 0.20240949718091417 0.09510433226490209 0.15850722044150348
0.0768918118382657 0.12990788662606564 0.0993313180683838 0.12513936590244143 0.1043051651856092 0.21414572057435138 0.09385452442683107 0.15642420737805174
0.07670210833113235 0.12979477976525283 0.09707207260886083 0.12468027474852456 0.10401372174429063 0.21837649330488965 0.09351020606139343 0.15585034343565568
0.07658063380942874 0.12962764797117204 0.09645973044472615 0.12452519960140095 0.10384652672675254 0.21990986224371745 0.09339389970105072 0.15565649950175117
0.07652690076466485 0.1295421758589436 0.09628436837276778 0.12446902850980344 0.10377367286077033 0.22046579661344295 0.09335177138235258 0.1555862856372543
0.07650545471800045 0.12950597686082407 0.09623107000805778 0.12444827999479058 0.10374555636570972 0.22066710206303627 0.09333620999609295 0.15556034999348822
0.06428314111285711 0.10881669278364388 0.06063976327759351 0.07842250041379184 0.13947617032994158 0.29740973075803806 0.0941070004965502 0.15684500082758368
0.06481966117091571 0.10731851859778692 0.08979462830206841 0.13414814824723365 0.103640644886347 0.2483131812182356 0.09098743968073239 0.16097777789668036
0.07775589305953241 0.12884009347618247 0.11535203256186108 0.1610501168452281 0.08575391708513898 0.2043773475900834 0.08192549422126821 0.14494510516070527
0.10406253545579289 0.08288998079797742 0.22706842743378838 0.13304548214415143 0.09384545707675807 0.0958129302031055 0.14728681783967923 0.1159883690487474
0.0838762346415239 0.12352988507224986 0.13068094776314254 0.12792002151494045 0.10403127881834792 0.17412158915991452 0.09594001613620534 0.15990002689367552
0.07863237017021958 0.12955551215704667 0.10593218339995007 0.12570474820112976 0.10480940959693555 0.20395628007245875 0.09427856115084733 0.1571309352514122
0.09392275190724558 0.158180712758356 0.09087385914472931 0.11399283840233357 0.12703579792029904 0.2621037080238864 0.08549462880175018 0.06839570304140015
0.07157809272168184 0.10750603058018618 0.09707750034584238 0.13438253822523274 0.10126344547124336 0.2357869295545067 0.09114641723102741 0.16125904587027926
0.12550384042266205 0.08945055285346201 0.17874107945156542 0.11181319106682752 0.12994244591130424 0.13925365456251132 0.12466336377152261 0.10063187196014477
0.13911489456619072 0.08588785456272684 0.2059238355643675 0.10735981820340854 0.13393017499201498 0.11146140035815473 0.11969818537006893 0.09662383638306768
0.08335924249726398 0.10980985283432221 0.12778403443034922 0.13726231604290276 0.10528010849231707 0.17869000861356654 0.09309965783779492 0.1647147792514833
0.10470892058540268 0.07988546581925772 0.23385014332058784 0.13204020769023742 0.09774151218938658 0.0904878367647108 0.1461739376953381 0.11511197593507877
0.07851896273872193 0.12013968761007521 0.13499941910220156 0.13832390819168944 0.09745775117185936 0.17075188710367062 0.09381969425175457 0.16598868983002732
0.11535811655297629 0.09049507566519976 0.15968132328494034 0.08833611891725529 0.15326345643036968 0.14222969872926847 0.1402160617734211 0.11042014864656911
0.0928305598889123 0.1402705419160624 0.09470003938659144 0.11128314039529673 0.12859250815782913 0.22330444220848983 0.07547899957246212 0.13353976847435606
0.10130321979056171 0.076642679537384 0.21396977949462834 0.13295914152549498 0.10449656057197355 0.10272587123007947 0.14823952047693245 0.1196632273729455
0.0778383398913182 0.11950664117952375 0.13037915430587252 0.13803661311515705 0.09944738836806345 0.17552309415855277 0.09362483324332392 0.16564393573818845
0.07810018959528957 0.12892216910653684 0.10651428963275655 0.12593573288603555 0.10377850595818237 0.20487764704912814 0.09445179966452667 0.15741966610754443
0.1135701341656639 0.08579919914063107 0.15573587345110687 0.09420858546686435 0.14854407201679362 0.1490444434599016 0.14004738973880135 0.11305030256023722
0.08173270900526351 0.11774846389815892 0.11409929886889587 0.13449217461275162 0.10784706504973561 0.1914688997273305 0.09122077930256198 0.1613906095353019
0.10255501502752552 0.07509731556201873 0.22439203825424006 0.13332069518598016 0.09963704478537415 0.09636663969072234 0.148642625826757 0.11998862566738215
0.10354373231796318 0.06924374209486613 0.27170055979647817 0.128096946548222 0.09399090673012517 0.07531832469130093 0.14281853592764454 0.11528725189339979
0.10188694274711753 0.06749472723965497 0.2910175485134943 0.12552538442285924 0.0910185538323359 0.07013256119847835 0.13995143606548635 0.11297284598057333
0.10073452176403512 0.06682471548408492 0.2988547319690445 0.12446751766309874 0.08966816045144836 0.06865759319786559 0.13877199357363396 0.11202076589678886
0.08065024478745517 0.11746191304695715 0.1520099976841813 0.13681870335443 0.09565165976171168 0.16042626462998738 0.09279877270996122 0.16418244402531598
0.13910071185972056 0.10739466673713273 0.1975094297652027 0.10521212575245237 0.12684281890003163 0.11574270713669177 0.11647414816714302 0.09172339168162513
0.08660654148251119 0.1203499195628631 0.12511327763383004 0.13442367690666324 0.1031710748323075 0.17785277730496182 0.09117431998886724 0.16130841228799586
0.11839428244112088 0.09014326766314008 0.15563335605416706 0.08786490924631034 0.15480290155427834 0.14386203656831695 0.13946810991477832 0.10983113655788793
0.06037190448219927 0.08635611473060234 0.08363924813512293 0.09817213277667029 0.1335513548007875 0.23058778594764978 0.11097719357362729 0.19634426555334059
0.09824351516285752 0.07351774161269613 0.21096504685229317 0.13452154486100087 0.10681355445211003 0.10488772308538384 0.14998148359875768 0.12106939037490076
0.08026156395724283 0.11862409711423261 0.12987642415568815 0.13737444666311407 0.0999004405020566 0.1759379799621646 0.09317571164976432 0.16484933599573684
0.10496669895429168 0.08083199913418208 0.2356669384437297 0.13173845364832368 0.0962916389416738 0.08981547900228039 0.14583988356672378 0.114848908308795
0.0946111605992582 0.13749185676730602 0.15672233804634325 0.15801093793146903 0.0841142137405932 0.14646017165504766 0.08037947712166034 0.14220984413832213
0.1075137143607279 0.08223804705171459 0.24772634662161255 0.13010967826245726 0.09151594526497889 0.08343055589798488 0.14403676226043294 0.11342895028009095
0.09906016897538497 0.1426245907709176 0.11581257205680502 0.1141351456937622 0.11485690382584456 0.1991350406785672 0.07741340316620392 0.13696217483251463
0.10692944135788883 0.07592678658434673 0.22365015691148848 0.13133179141917126 0.10040630046223699 0.09713176443519429 0.14642514655241928 0.11819861227725413
0.10560857113919271 0.06905353713598893 0.2713773910582087 0.1275924571068088 0.09400773723881199 0.07527102707592635 0.1422560678489346 0.11483321139612793
0.08262494434245744 0.11782425105429711 0.14518062401853976 0.13695035201328692 0.09683407799607319 0.1633572633156065 0.09288806484379461 0.1643404224159443
0.14047274828798656 0.10739348341277656 0.19542161432681043 0.10512278177401443 0.12714751171682948 0.1164211177118399 0.11637524071034565 0.0916455020593972
0.08836075957221565 0.12009811176938015 0.12449342948147193 0.1340907350299128 0.10315903672845074 0.17794054684064556 0.09094849854202783 0.16090888203589537
0.08042225727904756 0.12857902645730485 0.10521764572797258 0.1253408641114476 0.10438032899932409 0.20537814920200823 0.09400564808358569 0.15667608013930948
0.076459395502454 0.12273946944706521 0.10169594678229851 0.1347235472028121 0.09741695113405885 0.21391872301124687 0.09137771027668994 0.16166825664337447
0.10289619548786864 0.07572338674240442 0.21929581217657584 0.133775335907006 0.09765355427887762 0.10110839678867352 0.14914951630228876 0.12039780231630538
0.13955046990036643 0.09182256174382548 0.22359305711690508 0.10607948833055127 0.12415069018289582 0.1010614801191213 0.1182707131088385 0.09547153949749614
0.11284286804306115 0.06884910845068432 0.2687266965525403 0.12490482374446289 0.09809250237799197 0.0749101022416699 0.1392595572195728 0.1124143413700166
0.1406534087221227 0.08948822580629903 0.24101441943772728 0.10400672499564723 0.12222657688394194 0.09304485498392778 0.11595973667425147 0.0936060524960825
0.11240979444105761 0.0681739846904478 0.27586058677497166 0.12393570729556828 0.0969855151378392 0.0729132103929255 0.13817906470117836 0.11154213656601145
0.08419646940663553 0.11737303099663164 0.14619830571360165 0.1364959481546682 0.09735099283264356 0.16201025462270344 0.09257986048751408 0.1637951377856018
0.11796826658285323 0.0896764659929981 0.1636769497937525 0.08783021467759869 0.1525390905473039 0.13910820488770378 0.13941303917079156 0.10978776834699834
0.08395807766620046 0.11785256266429599 0.11632418535604072 0.1339971548480508 0.1090057889397272 0.1871806179415198 0.09088502676650403 0.16079658581766096
0.10422415929784497 0.07483670935559882 0.22547727017223884 0.132792131720372 0.0997334993053064 0.09536999459266567 0.1480533170076386 0.11951291854833479
0.08272324003085829 0.11866687277546789 0.1335682292611806 0.13719704968086505 0.09822805907829965 0.17192469933796453 0.09305539021832589 0.16463645961703807
0.11776046353319564 0.08998859559662332 0.15938651617771374 0.08797252515130391 0.15308094994048183 0.14220636434995837 0.13963892881159348 0.10996565643912988
0.0838813719595156 0.11784578855528602 0.1152097216717676 0.1339506448497044 0.109093806394296 0.1884244118952031 0.09085348085458213 0.16074077381964527
0.10423874912007194 0.07486040913389255 0.22496963838070702 0.13283359517437318 0.09978789701167527 0.09565992985778181 0.14809954566456232 0.11955023565693586
0.08272274485344 0.11866555206516385 0.13343607511241742 0.1371926191379932 0.09823703142251343 0.17206244928841535 0.09305238515446496 0.1646311429655918
0.11776070471773516 0.08998869376251886 0.15933995929934824 0.08797270233587426 0.15308537342231374 0.14224747848542357 0.13963921005694327 0.10996587791984283
0.08387971835011122 0.1178430259451729 0.11519613659970379 0.13394728008706255 0.10909641700465679 0.18844948724107083 0.09085119866774678 0.16073673610447506
0.10423799189199248 0.07485985593944178 0.22496227516855186 0.13283271463893503 0.09979087209037556 0.0956682831624012 0.1480985639332604 0.11954944317504154
0.139833033112654 0.09152117244814853 0.2255558007027095 0.10581021497707335 0.12454773040824728 0.0995323614570643 0.117970493414737 0.095229193479366
0.11286222413495295 0.06875892705179458 0.26951305212587656 0.12477281236679502 0.09811445365835132 0.07457062514704553 0.13911237438506846 0.11229553113011552
0.14066509142894965 0.08944648915452014 0.24128385174644584 0.1039656272701218 0.12221292401959742 0.09294303605997062 0.11591391577728505 0.09356906454310962
0.11242006885302207 0.06815797367789315 0.275963920366624 0.12391000782036571 0.09698520562457012 0.07289340491499709 0.13815041170419878 0.11151900703832913
0.08420934606394405 0.11736177687447395 0.14622036901414434 0.13648400616398917 0.0973603710638374 0.16201156272029232 0.09257176070253179 0.163780807396787
0.1053909877624353 0.08006844817607396 0.24358675403664848 0.13069987877586986 0.09499280470926223 0.08662750398851791 0.14469013849017745 0.11394348406101476
0.07306262307823654 0.10498020486864983 0.08483727725730901 0.08418708631762803 0.142488211535569 0.24690241368742427 0.09516801061992734 0.16837417263525606
0.08641094993849915 0.13783681296825034 0.11135991368904 0.1544720240411188 0.09194277127005224 0.20037345944381116 0.0785792470122213 0.13902482163700688
0.11865323709898631 0.09251704623048433 0.1513395158002605 0.08770070827546422 0.15048057814347826 0.1504755556538783 0.13920747345311782 0.10962588534433028
0.1250233351034661 0.080150220900422 0.16833057498310477 0.09087351605032488 0.16128765346307403 0.13019689518530272 0.13508958505391583 0.10904821926038988
0.1112739800295977 0.06934947219333677 0.245009579802212 0.12734601537533705 0.1086093378553989 0.08181889719679668 0.14198130370951756 0.11461141383780334
0.10609772280049047 0.06778153649524016 0.2796421903875381 0.12600724197808713 0.09488723291021607 0.07168888636810326 0.1404886712800464 0.11340651778027844
0.09533714669492595 0.13488712542490042 0.169011431791816 0.15695160586693127 0.08348917682154579 0.13922646861342083 0.07984059950622156 0.14125644528023815
0.10729036775438436 0.0814528324878043 0.2535000071928127 0.12932152770994637 0.0908605266919607 0.08166864629261575 0.14316424720026621 0.11274184467020967
0.08281015012581279 0.12582185268698395 0.13995458191426197 0.13584333910349528 0.09544572149234554 0.1649751264479269 0.0921372213049794 0.1630120069241943
0.07961626953478165 0.13017110256955422 0.10941285134279903 0.12583351983432553 0.10277245487787423 0.2005267621720143 0.09437513987574417 0.15729189979290692
0.07562044531261485 0.13313389204722315 0.10176654260412174 0.1330333054568748 0.09614686252175603 0.21042770006884465 0.09023128544031508 0.15963996654824975
0.10211269086902795 0.08325140488044597 0.21806649947775705 0.1325685647732567 0.09679166152864935 0.10009341362922629 0.1478040565457056 0.11931170829593105
0.0817542034070405 0.12624864063114907 0.13095298404535732 0.13601077616735227 0.09684306951537541 0.1727266075193942 0.09225078731350848 0.1632129314008227
0.09540123717185113 0.15650119031519838 0.12883337671644007 0.1511941418141167 0.08641383421779218 0.1707597757982439 0.07908616648738413 0.13181027747897353
0.1212808019238092 0.09507012174604224 0.15755377703902285 0.08760625432309609 0.1482832714328677 0.14164040908669492 0.13905754654459695 0.1095078179038701
0.08401263269587393 0.12601336492811885 0.11400479516939556 0.13264818462230843 0.10723937667039453 0.18693375131896423 0.08997007304817442 0.1591778215467701
0.07673721151532399 0.1327349552214431 0.10322701031940916 0.13351740749043312 0.09751601467079833 0.20548687888751793 0.09055963290655464 0.16022088898851972
0.10236721496330588 0.08316552551117341 0.2187420570622879 0.13252592613253653 0.09707501919125969 0.09909440597686309 0.14775651764329073 0.11927333351928288
0.10485517979777523 0.07382007229480442 0.2689036047601741 0.1272619736573241 0.09316070400948645 0.0755750857231409 0.14188760346570314 0.11453577629159169
0.08236467235366822 0.12424191298842757 0.14391678372905278 0.13584070069537332 0.09603707217317065 0.16245458544986713 0.09213543177599236 0.163008840834448
0.11757221181345215 0.09068297131703974 0.16313598987708552 0.08787066442610725 0.15211951752751532 0.13930306938536088 0.13947724512080514 0.10983833053263403
0.08330862389477256 0.12513662191176422 0.11543297650153894 0.13268567874984916 0.10819391068899659 0.18602386990553582 0.08999550384772378 0.15922281449981898
0.10349234965574447 0.0817118965468822 0.2239007807691863 0.131686071147013 0.09904035245136975 0.09483094338731551 0.14682014201017718 0.1185174640323117
0.08206303199357427 0.12595779898621215 0.13248305306052163 0.13602036326466643 0.09741692604651503 0.1705771008644415 0.0922572898664694 0.1632244359175997
0.07617554999425816 0.13991956934610578 0.10751739658790693 0.13306257367595056 0.09500721966451571 0.19839146539208616 0.09025113692803605 0.15967508841114067
0.10161961242886232 0.08877122546888376 0.21983593333040058 0.1315111198974848 0.09594579797094308 0.09733121857267261 0.14662508442301658 0.11836000790773629
0.1043256033641705 0.07737391914402912 0.26888152594922476 0.12664413222622356 0.09259481986750878 0.07500152406764655 0.14119875637759552 0.1139797190036012
0.13721225414926 0.09867606679764815 0.24034033196333016 0.10323601503482877 0.11996207041492855 0.09256039552505081 0.1151004525836076 0.0929124135313459
0.0871024053722739 0.13239887772256534 0.13470476873255546 0.13184325078232853 0.10037778200132354 0.16593689652823185 0.0894241179219272 0.15821190093879425
0.10337789278215821 0.0865887909244779 0.2317267130912526 0.13002177902146733 0.09617462390871688 0.09012601866150781 0.14496458049109864 0.11701960111932061
0.10427768698957096 0.07665154489923601 0.2737336900664632 0.12597887480114475 0.09220519083432847 0.0733149810935172 0.14045704399470912 0.11338098732103029
0.10288910433792853 0.07388153109208546 0.290873297604113 0.12384378544794106 0.08987349785239866 0.06910279806147278 0.1380765787009134 0.11145940690314696
0.13597266741313493 0.09736984049412759 0.24837102642437234 0.10256353870120337 0.1184686208779513 0.09059642960171115 0.1143506916564163 0.09230718483108304
0.11029689269637794 0.07649749399330118 0.27782285473617374 0.12218721873668814 0.09525760454249124 0.0717398079897005 0.1362296304422478 0.10996849686301932
0.10401657808768461 0.07354959070522003 0.2921379032178692 0.12323359898051768 0.0902180126187546 0.06853781098144804 0.13739626632603985 0.1109102390824659
0.1020862221730853 0.07284446162390308 0.29821893507855984 0.12283963508919514 0.08877407206954933 0.06772397639792607 0.13695702598750562 0.11055567158027563
0.1014052978357135 0.07258903344861754 0.30071123264154503 0.12258265297588301 0.08827525964146778 0.06744162566954623 0.13667051010893222 0.1103243876782947
0.10114832913575815 0.07248469224119777 0.3017212015129689 0.1224667780230783 0.08808666685932875 0.06733091382295811 0.13654131818393955 0.11022010022077049
0.10104821923242256 0.07244164649949704 0.3021288528994306 0.12241845172207265 0.08801262245652713 0.06728616267542596 0.13648743796475857 0.11017660654986539
0.10100860977078091 0.07242403671652314 0.3022931410783007 0.12239875031366325 0.08798310675550289 0.06726800771829573 0.1364654723646365 0.11015887528229693
0.10099281369044642 0.07241688469214146 0.3023593090752767 0.12239077958227464 0.08797126920750975 0.06726065653433495 0.13645658559396887 0.11015170162404717
0.10098648790252511 0.07241399240363172 0.30238595110207817 0.12238756399424891 0.0879665100950613 0.06725768645434131 0.13645300045328945 0.11014880759482401
0.10098394888314698 0.07241282541841389 0.30239667689116484 0.12238626827024576 0.08796459497192398 0.0672564883041616 0.13645155581772178 0.1101476414432212
0.10098292850156476 0.07241235510784677 0.3024009946991327 0.12238574643079235 0.08796382405010658 0.0672560054171692 0.13645097400567444 0.11014717178771312
0.09282545399413439 0.14588820994539706 0.17373471839948362 0.1541057245838846 0.0808580855735909 0.13549974330708076 0.0783929120709326 0.13869515212549613
0.10646064722092732 0.08265376222447089 0.2556360169026154 0.12902592639133048 0.09006804754691482 0.08083445436793366 0.14283700438926286 0.1124841409565445
0.12126350672890784 0.08772941239866962 0.20636734393453365 0.0907974581699624 0.13973701556210683 0.11017179349547299 0.13497651990639187 0.10895694980395487
0.10843556938934017 0.07637464577360009 0.260663269787338 0.12469641533199262 0.10186997710326526 0.07670615142313539 0.13902719739253502 0.11222677379879335
0.10423080061812015 0.07403708863156866 0.2852127303145731 0.12414484776569937 0.09231845392434199 0.06991347503869028 0.13841224071787678 0.11173036298912944
0.13654917541503803 0.09749670620768723 0.24621822042364208 0.10266939574743852 0.11931521716687245 0.09088011450343812 0.11446871436318894 0.09240245617269467
0.11051827689624386 0.07656998721201026 0.2769062542783204 0.12227450627841312 0.0955158488865501 0.07184112126061493 0.1363269495372755 0.1100470556505718
0.10410501155351656 0.07358456527393617 0.29176113642224644 0.12327552684662432 0.09030465438743093 0.06857811858648018 0.13744301276780352 0.11094797416196188
0.10212231226750906 0.07285984623314885 0.2980659267045442 0.12285746048935427 0.08880539012240506 0.06774044976419047 0.1369768999784293 0.11057171444041883
0.10142030756050101 0.0725954666708012 0.3006493229314402 0.12258991714228235 0.08828711855854378 0.06744833259601178 0.13667860911236554 0.11033092542805412
0.08120458905388686 0.1275392241220991 0.1513714029255113 0.13467605508822675 0.0942900156322966 0.15796194883835363 0.09134549823375379 0.1616112661058721
0.10147198246691139 0.08548511805684082 0.23953498406480642 0.12963908641113786 0.0943956292253234 0.08826011521522482 0.14453790678973133 0.11667517777002409
0.08126416265424458 0.13122760627845678 0.13590126998767701 0.13509079257238238 0.09582843792543666 0.16695198105454528 0.09162679844039849 0.16210895108685885
0.1050280154307333 0.08210226453438925 0.23928914284718492 0.13117887018764995 0.09497676498061676 0.08784347402905009 0.14522040167293762 0.11436106631743842
0.07228203802023012 0.11490461390814805 0.0835466356280473 0.0830728563593664 0.1410381728770504 0.2451015241691412 0.09390844631928376 0.1661457127187328
0.10043081154054116 0.08457415379881736 0.20690659321734278 0.1308316571373074 0.106990539907707 0.10665021882311282 0.14586753415159495 0.11774849142357666
0.10437657441821636 0.07696171556145005 0.26323054019983927 0.1270331784833961 0.09544937287224868 0.07698624390875304 0.1416325139210401 0.11432986063505647
0.10330092134986585 0.07421605519867457 0.28659031808817176 0.12434986891470033 0.09094819463569552 0.07003893579073461 0.13864082399892708 0.1119148820232303
0.1021484721884346 0.07313023381511487 0.2960441038327428 0.12317459445437003 0.0891513395429984 0.06816364047469807 0.1373304806827081 0.11085713500893303
0.11909171174777052 0.08529159931406768 0.21986934867124272 0.08997235121395465 0.1383411643240353 0.10571706027352852 0.13374994299865497 0.10796682145674559
0.10736940590360049 0.07561534370413957 0.2664067769065136 0.12405651116005591 0.10107359987154753 0.07551375041522435 0.13831375199486828 0.11165086004405032
0.08238381880357362 0.1283710460868905 0.14271811112980054 0.13473011348029756 0.0973504768769586 0.16138813352035528 0.09138216392576705 0.16167613617635707
0.11587481174328727 0.09747677273155964 0.16722888883036488 0.0922480551567294 0.14438062993511458 0.1349602456594921 0.13713292975537683 0.11069766618807528
0.12325237398643162 0.08975103443664863 0.1730375151182988 0.08981011415786655 0.15801264223225983 0.12485541636079349 0.13350876671826134 0.10777213698943984
0.10998845223326272 0.07741985149615492 0.2458634250816535 0.12583903932483334 0.10712291923019336 0.08021003936744686 0.14030113787410523 0.11325513539235
0.10514640498813607 0.07458367809789065 0.27906498866299734 0.1248161404066195 0.09397908463220461 0.0709144949301573 0.13916068191603695 0.11233452636595753
0.10285522141404586 0.07336630504035796 0.29293453648936807 0.12348762175689047 0.09004939110303323 0.06848858185033123 0.13767948276477193 0.11113885958120143
0.08152984760704993 0.1278232164365876 0.1494676300729987 0.1347788049639773 0.09476011281910553 0.1584906326896803 0.09141518945382807 0.16173456595677269
0.11557582208131828 0.09733733753919908 0.16966611186620126 0.09221181530392673 0.1434014664528444 0.13407421161163238 0.13707905678016574 0.11065417836471209
0.1084078584981258 0.07897507931275538 0.24495910995784287 0.12647765880404963 0.10408207680197909 0.08225517276634133 0.1410131509352613 0.11382989292364465
0.08261878750067903 0.12936954315069024 0.13732130722717703 0.134891450970409 0.09810710297858131 0.164330474175869 0.09149159283210351 0.1618697411644908
0.1052913549056882 0.08179102343906428 0.23986285841204932 0.13104041508226108 0.09542042850839855 0.08728643160615973 0.14506712617979245 0.11424036186658659
0.0820548169977133 0.13026999514265628 0.13604781789462675 0.13512270042912888 0.0961082864834532 0.16660070224640575 0.09164844029106134 0.16214724051495466
0.09548730785401473 0.1574278760470875 0.13033556364337429 0.15113554495235584 0.08623517583896091 0.16856382280758717 0.07905551582123231 0.13175919303538716
0.12131862536531059 0.09519462989840508 0.15814691051650928 0.08760053050521116 0.14820674382696916 0.14098343563669788 0.1390484611193828 0.10950066313151395
0.08360857138937543 0.13108219295952517 0.11363326347553003 0.13173616449271067 0.10672419214771448 0.1857807326618789 0.08935148548201245 0.1580833973912528
0.10317640979700204 0.08697638249565363 0.2222141077356345 0.13092012012652307 0.09835389934316609 0.09456480860529491 0.14596616378285485 0.11782810811387076
0.08158731800975323 0.13162208571563763 0.13153191661530456 0.13512239765559306 0.09675562512685609 0.1695855447585242 0.09164823493161964 0.16214687718671167
0.10527454996013971 0.08227081017237119 0.23733943537006363 0.13137015196809548 0.09533077415143876 0.08845429511827363 0.14543215846691887 0.11452782479269862
0.08205046732448627 0.13040333853724498 0.13540747966145608 0.13513638029195105 0.09608648169495364 0.1670944773328521 0.09165771880671464 0.16216365635034125
0.10524822601093614 0.0819998929363458 0.2390835675467191 0.13117758097899 0.0950390039276347 0.08787281174147868 0.14521897446595552 0.11435994239194
0.08204393342457877 0.13032500529341184 0.13584551469265918 0.13512531534451241 0.09601483501655857 0.16684480392902123 0.09165021388584321 0.16215037841341487
0.10522951586325462 0.08197680231805746 0.23928219895440672 0.13115569973264607 0.09500703580389296 0.08781312986737376 0.14519475102677953 0.1143408664335889
0.08203988893180314 0.13031791962959138 0.13589510339913857 0.13512379630505994 0.09600677362184153 0.1668187789656702 0.09164918358082327 0.1621485555660719
0.11758906513555266 0.09160518765326146 0.16045222415114938 0.08793705465827262 0.15222176274259316 0.14069076089462743 0.13958262644170255 0.10992131832284074
0.0609229249405476 0.09565674629115754 0.08395813563633184 0.09685333360960663 0.13193526846872258 0.2274805467105173 0.10948637712390313 0.19370666721921326
0.09850679302833687 0.08225414131223582 0.20929501147920856 0.1328150140504069 0.10569348828343024 0.10382321010302438 0.14807882909799097 0.11953351264536621
0.10392040329246723 0.07663146276657855 0.2644488537474523 0.1271450729628621 0.09518081224925953 0.07648556139949406 0.14175726791531043 0.11443056566657589
0.12028902653684541 0.0864576984156213 0.2092495280478889 0.09060268850653833 0.1412690547900298 0.10872179577506291 0.13468698172016744 0.108723226207846
0.12382483971594582 0.08717894691326851 0.18753656647532138 0.08919096251515256 0.15600572422371253 0.11664544892186088 0.13258835621655515 0.10702915501818308
0.12480700864577814 0.08724941701018782 0.17949134165372138 0.08909383325192193 0.1611550534907319 0.11884677900219708 0.13244396704315559 0.10691259990230631
0.14390070476256925 0.1003777127222394 0.20306319557660812 0.10248180850996161 0.1406075192941066 0.10307586288309986 0.11425956859244973 0.09223362765896544
0.14912972633860275 0.10220490636537868 0.21140609060678636 0.10140370446417825 0.13321505625846822 0.09831961891189835 0.11305756303692709 0.09126333401776042
0.11479750454141815 0.07803451965185827 0.2616449682785721 0.12338233072834126 0.09963210176753828 0.07390238625128584 0.13756209112547899 0.11104409765550713
0.08388063077078364 0.12903945695912322 0.1415644990418108 0.13472687173049303 0.09701687746510114 0.1607194527823709 0.09137996517372571 0.1616722460765916
0.10546046694189312 0.08161262794398229 0.24176439909871417 0.13081377171283007 0.09500780329851788 0.08648193301147815 0.14481622265319402 0.11404277533939032
0.08208908509133188 0.1302193229919901 0.13652924760103993 0.13511360321810814 0.09600990145328887 0.16626024577370763 0.09164227000880379 0.16213632386172974
0.14067459961425421 0.10955914746184915 0.19220209628422863 0.10518740973013035 0.12699282723815364 0.11723528877684034 0.11644678651443001 0.09170184438011364
0.08744293923505175 0.13484746968967007 0.12213799694820532 0.13139164892852312 0.10166002282599212 0.17573212960246198 0.08911781405586787 0.15766997871422775
0.10387875387710985 0.08733354907473163 0.2260321086148378 0.13052852370347243 0.09686067220406643 0.09236115819788956 0.14552956299476702 0.11747567133312518
0.0817383450194066 0.1317329953772335 0.13250846275175154 0.1351262560471631 0.09641286042768761 0.1686787211925208 0.09165085192764107 0.16215150725659572
0.10528309813693747 0.08225656802294612 0.23778850381876426 0.13132537738700506 0.09521797402021683 0.08825709690651203 0.14538259116510122 0.11448879054251722
0.12126615171613632 0.08792969006835988 0.20028784066367944 0.09112296355807441 0.14196771980018372 0.1126176723957544 0.13546040552812255 0.10934755626968928
0.14261420025083885 0.10049416128067193 0.2116787464849701 0.10251440868860758 0.13465478690051588 0.10148481321585816 0.11429591535879081 0.09226296781974681
0.11320528495840224 0.07783033376190124 0.26195064862376055 0.12352411550083392 0.10004162297224421 0.07455611966625209 0.13772017056585514 0.11117170395075054
0.13989601242119626 0.09852588684857937 0.23712174939629468 0.10291541844446812 0.1219398219347264 0.09223422304423969 0.11474301131047417 0.0926238766000213
0.08764416816066596 0.13235513966513895 0.13390966080852582 0.13182913105892435 0.1008550028323481 0.16579739913763447 0.08941454106605305 0.15819495727070923
0.07712943535050841 0.14138533180940568 0.10771222760891112 0.13270034305446007 0.09565302267992873 0.19617377775971329 0.09000545007172074 0.15924041166535208
0.1146332019169437 0.10016210471027354 0.1546804488306064 0.09248318051515482 0.14418204908996632 0.14539673892619154 0.1374824593926779 0.11097981661818578
0.1230758590067299 0.09038805598066851 0.16865599312126497 0.08996453810196166 0.15818231012664047 0.12803746965746446 0.13373832828291612 0.107957445722354
0.11011348180843156 0.07764565201578343 0.24395881205248865 0.1260455891054656 0.10732750294283305 0.08093650641473128 0.14053142546534744 0.11344103019491904
0.10525169360468249 0.07467351275862368 0.2782819172166009 0.12491264725784779 0.09409166232644109 0.07109890445058842 0.13926827985315268 0.112421382532063
0.08205667931711852 0.12827699125158995 0.1458249362786782 0.13492160174598986 0.0957898224221652 0.1597120039659034 0.09151204292336702 0.16190592209518778
0.10188312513117546 0.08576259292537733 0.2370725773233402 0.12988945516775185 0.09492259800267829 0.08875209252957988 0.14481704926912034 0.11690050965097668
0.10372809319994343 0.07639346111636978 0.2760041813836723 0.12576320545955844 0.09176707872861697 0.07294050642466912 0.14021658877356738 0.1131868849136026
0.13677293491629136 0.09828665255964651 0.2429506889542993 0.10302179364042939 0.11949719840831408 0.09188950552910924 0.11486161171552352 0.09271961427638645
0.0870139975455797 0.1322849297563753 0.1353610184642962 0.13182721913288278 0.10026295359831112 0.16564397426166189 0.08941324428143353 0.1581926629594593
0.11707170220789491 0.09805843791750767 0.16429259726443105 0.09204688746740569 0.14520905913308896 0.13603117057485054 0.1368338804739344 0.11045626496088683
0.14227664702930487 0.10342866153635281 0.19792955707185242 0.10336846729630247 0.13666539218356277 0.10805152734529887 0.11524812697065365 0.09303162056667222
0.11366888570148477 0.07869262947833135 0.2560891155477212 0.12418003535737301 0.10099750101266218 0.07615832882413856 0.13845147225665316 0.11176203182163569
0.12291960235979077 0.08663945339665674 0.20592902439513608 0.09034829354614703 0.14303817563019972 0.10839869189137612 0.13430880652531707 0.10841795225537644
0.10881953553120326 0.07616396010382377 0.2603598672077235 0.12461879079805616 0.10259689232660248 0.07634339048426868 0.13894065183007154 0.11215691171825053
0.10432767773761693 0.07400295017416068 0.285065355505151 0.1241406105179828 0.09248299226302116 0.06984634783299773 0.13840751650288527 0.1117265494661845
0.1024302512649866 0.07311264650064354 0.29537049359805556 0.12319539113480059 0.0895180092006838 0.0681436888501123 0.13735366742939706 0.11087585202132053
0.13565953602486594 0.09708628217567977 0.2500009355182043 0.1024185420601997 0.11821823547037476 0.09025074967415367 0.11418903122234206 0.09217668785417972
0.11015595010601589 0.07640759276631949 0.27850375368782865 0.12210999568508629 0.09514596875577681 0.07163421037976923 0.13614353250262606 0.10989899611657765
0.10395674262212663 0.07351686099468314 0.2924151190711824 0.12320013558133176 0.09017067320194369 0.06850138937231766 0.13735895713321614 0.11088012202319858
