Action: 0
[0.20913083161471735, 0.14925755229836135, 0.12465211147975061, 0.10314240688322857, 0.10438987707425627, 0.10314240688322857, 0.10314240688322857, 0.10314240688322857]
[0.10590165646672847, 0.10590165646672847, 0.25868840473290067, 0.10590165646672847, 0.10590165646672847, 0.10590165646672847, 0.10590165646672847, 0.10590165646672847]
[0.2132251385288666, 0.10562719313095996, 0.15301170206977058, 0.10562719313095996, 0.10562719365577578, 0.10562719322174728, 0.10562719313095996, 0.10562719313095996]
[0.125, 0.125, 0.125, 0.125, 0.125, 0.125, 0.125, 0.125]
[0.10767489865019672, 0.10556403676904595, 0.15306921013728242, 0.10556403673766342, 0.21114998472968194, 0.10584975950080283, 0.10556403673766342, 0.10556403673766342]
[0.10603854204102023, 0.10587884627749952, 0.25868807957287815, 0.10587884627749952, 0.10587914699860396, 0.10587884627749952, 0.10587884627749952, 0.10587884627749952]
[0.125, 0.125, 0.125, 0.125, 0.125, 0.125, 0.125, 0.125]
[0.125, 0.125, 0.125, 0.125, 0.125, 0.125, 0.125, 0.125]

Action: 1
[0.10562818648596155, 0.10562818648596155, 0.10562818648596155, 0.10562818648596155, 0.2132198019077712, 0.15301107917645962, 0.10562818648596155, 0.10562818648596155]
[0.1111111111111111, 0.1111111111111111, 0.1111111111111111, 0.1111111111111111, 0.2222222222222222, 0.1111111111111111, 0.1111111111111111, 0.1111111111111111]
[0.10393691923130811, 0.10393691923130811, 0.10393691923130811, 0.10393691923130811, 0.1217972087194001, 0.2545812758927512, 0.10393691923130811, 0.10393691923130811]
[0.125, 0.125, 0.125, 0.125, 0.125, 0.125, 0.125, 0.125]
[0.1039847430810329, 0.1039847430810329, 0.1039847430810329, 0.1039847430810329, 0.1508910603110031, 0.22520048120279954, 0.1039847430810329, 0.1039847430810329]
[0.10398563966827118, 0.10398563966827118, 0.10398563966827118, 0.10398563966827118, 0.12120543600646279, 0.25488072598391004, 0.10398563966827118, 0.10398563966827118]
[0.125, 0.125, 0.125, 0.125, 0.125, 0.125, 0.125, 0.125]
[0.125, 0.125, 0.125, 0.125, 0.125, 0.125, 0.125, 0.125]

