0.125 0.125 0.125 0.125 0.125 0.125 0.125 0.125
0.125 0.125 0.125 0.125 0.125 0.125 0.125 0.125
0.1232638888888889 0.1232638888888889 0.1371527777777778 0.1232638888888889 0.1232638888888889 0.1232638888888889 0.1232638888888889 0.1232638888888889
0.12138310185185186 0.12138310185185186 0.13662229938271606 0.12138310185185186 0.12138310185185186 0.13507908950617284 0.12138310185185186 0.12138310185185186
0.11975523171859935 0.11975523171859935 0.1349354872055678 0.11975523171859935 0.11975523171859935 0.14653312248283604 0.11975523171859935 0.11975523171859935
0.125 0.125 0.125 0.125 0.125 0.125 0.125 0.125
0.11914441659117313 0.11914441659117313 0.133033305480062 0.11914441659117313 0.11914441659117313 0.15210019497289926 0.11914441659117313 0.11914441659117313
0.11669087750949841 0.11669087750949841 0.1430632148947577 0.11669087750949841 0.11669087750949841 0.156791520048252 0.11669087750949841 0.11669087750949841
0.12282233999932982 0.12282233999932982 0.12282233999932982 0.12282233999932982 0.12282233999932982 0.14024362000469115 0.12282233999932982 0.12282233999932982
0.11650911039304546 0.11650911039304546 0.14085724018821774 0.11650911039304546 0.11650911039304546 0.16008809745350955 0.11650911039304546 0.11650911039304546
0.12115837211324229 0.12115837211324229 0.12115837211324229 0.12115837211324229 0.13410382882358068 0.13894593849696557 0.12115837211324229 0.12115837211324229
0.11561016298612664 0.11561016298612664 0.1475531106697644 0.11561016298612664 0.11561016298612664 0.15878591141347584 0.11561016298612664 0.11561016298612664
0.11992984038693394 0.11992984038693394 0.11992984038693394 0.11992984038693394 0.14284823824552054 0.13757271943287572 0.11992984038693394 0.11992984038693394
0.12736383467404405 0.11403829685327363 0.14565734678245426 0.11403829685327363 0.11403829685327363 0.15678733427713368 0.11403829685327363 0.11403829685327363
0.13620215651478615 0.11095372713401216 0.1493557370558745 0.11095372713401216 0.11095372713401216 0.1596734707592788 0.11095372713401216 0.11095372713401216
0.1368431901620393 0.10984266415657092 0.14921974072019298 0.10984266415657092 0.10984266415657092 0.16472374833491318 0.10984266415657092 0.10984266415657092
0.13521629464689422 0.10808869102308313 0.1474299126659096 0.10808869102308313 0.12029343148492434 0.16470559710993912 0.10808869102308313 0.10808869102308313
0.11793777363734925 0.11793777363734925 0.11793777363734925 0.11793777363734925 0.1417845761271698 0.1505887820487346 0.11793777363734925 0.11793777363734925
0.13270423793345815 0.10932441777784561 0.1404182668244589 0.10932441777784561 0.12507825956975338 0.16450156456094703 0.10932441777784561 0.10932441777784561
0.11647930537587137 0.11647930537587137 0.11647930537587137 0.11647930537587137 0.1412746455279579 0.15984952221681362 0.11647930537587137 0.11647930537587137
0.11507621866242161 0.11507621866242161 0.11507621866242161 0.11507621866242161 0.15232274593423195 0.15721994209123855 0.11507621866242161 0.11507621866242161
0.11320049895899296 0.11320049895899296 0.1259867454770398 0.11320049895899296 0.15335981621902917 0.15465094350896635 0.11320049895899296 0.11320049895899296
0.1241050538192714 0.11152722060160551 0.12552574787683216 0.11152722060160551 0.15195995752941807 0.15230035836805625 0.11152722060160551 0.11152722060160551
0.12392812737881212 0.11013867695444864 0.13502272656592695 0.11013867695444864 0.15020234642033678 0.15029209181712969 0.11013867695444864 0.11013867695444864
0.12269576077490842 0.10892596884392927 0.144524201269554 0.10892596884392927 0.14852625077228024 0.14854991180754012 0.10892596884392927 0.10892596884392927
0.12152473768639391 0.10789187537807075 0.15280100063338806 0.10789187537807075 0.14705026101263033 0.14705649915530478 0.10789187537807075 0.10789187537807075
0.12055751787985772 0.10705476924803617 0.15957372896262975 0.10705476924803617 0.14582401575129397 0.14582566041407388 0.10705476924803617 0.10705476924803617
0.11980066321597907 0.10640538345155043 0.16487469933225385 0.10640538345155043 0.1448513350182143 0.144851768627351 0.10640538345155043 0.10640538345155043
0.12868163075103958 0.10493251395725192 0.165344155263517 0.10493251395725192 0.1431220219185114 0.1431221362379243 0.10493251395725192 0.10493251395725192
0.1299946394471258 0.10448497200553625 0.16762833620551884 0.10448497200553625 0.14221855309266432 0.14221858323254621 0.10448497200553625 0.10448497200553625
0.12995290205503354 0.10418294559635906 0.16995864654068038 0.10418294559635906 0.1416783305362918 0.14167833848255795 0.10418294559635906 0.10418294559635906
0.12971616581392076 0.10395448331778419 0.17185101758201937 0.10395448331778419 0.14130744061895997 0.14130744271396303 0.10395448331778419 0.10395448331778419
0.12877325254764327 0.10305850031456687 0.17171101515327764 0.10305850031456687 0.14696805660008608 0.14031367444072543 0.10305850031456687 0.10305850031456687
0.12782386596003645 0.10229603554096427 0.17089262101159872 0.10229603554096427 0.15281016445318993 0.139289206411318 0.10229603554096427 0.10229603554096427
0.13479839130041124 0.10109811131261583 0.16936775768945805 0.10109811131261583 0.15362022070738832 0.13782118505227905 0.10109811131261583 0.10109811131261583
0.14205144922668053 0.10016450028700327 0.16782498121738373 0.10016450028700327 0.15296503267380102 0.13650053573412146 0.10016450028700327 0.10016450028700327
0.14407175022391577 0.09993100237697193 0.1677790454021449 0.09993100237697193 0.1525063412519548 0.13591885361409667 0.09993100237697193 0.09993100237697193
0.14459454799327276 0.0998260163582763 0.1681971780527008 0.0998260163582763 0.15224369922180955 0.13566050929911183 0.0998260163582763 0.0998260163582763
0.14890662445793465 0.09920828996058037 0.16774984370242862 0.09920828996058037 0.15153570059982593 0.13497467139748937 0.09920828996058037 0.09920828996058037
0.1502336668947506 0.09905323627763872 0.16777728688346674 0.09905323627763872 0.15113730197181316 0.13463879913941443 0.09905323627763872 0.09905323627763872
0.1506288442020989 0.09899229819313884 0.1679732224194233 0.09899229819313884 0.15093943100462126 0.13448930960130107 0.09899229819313884 0.09899229819313884
0.15374307215579125 0.09855124622271229 0.16761272851862657 0.09855124622271229 0.1504303691565659 0.13400884527816692 0.09855124622271229 0.09855124622271229
0.15688034962382189 0.09816732899793129 0.16708059574621803 0.09816732899793129 0.14987148319087723 0.13349825544735763 0.09816732899793129 0.09816732899793129
0.1594381533550292 0.09787985602607588 0.16657433862822651 0.09787985602607588 0.14939191651940348 0.13307616739303732 0.09787985602607588 0.09787985602607588
0.16035636858619845 0.09779441437496307 0.1664448862330502 0.09779441437496307 0.14914164386198056 0.13287944381891847 0.09779441437496307 0.09779441437496307
0.16068173917811218 0.09775948639316867 0.16646696972921704 0.09775948639316867 0.149020695110961 0.1327926504090351 0.09775948639316867 0.09775948639316867
0.1607910864326331 0.09774116144599482 0.1665320259925321 0.09774116144599482 0.14896079908404294 0.13275144270681236 0.09774116144599482 0.09774116144599482
0.16082295285314582 0.0977301210854987 0.16659785274692102 0.0977301210854987 0.14892917196683886 0.13272953809109966 0.0977301210854987 0.0977301210854987
0.1618314660371535 0.09758453685102644 0.16647949053914526 0.09758453685102644 0.14877271723225566 0.13257817878733968 0.09758453685102644 0.09758453685102644
0.1628801005867691 0.09745510729394535 0.1663011134194835 0.09745510729394535 0.1485895128970732 0.1324088439208928 0.09745510729394535 0.09745510729394535
0.16326952357392546 0.09742058980737778 0.1662264086860492 0.09742058980737778 0.14849202657483634 0.13232968193567785 0.09742058980737778 0.09742058980737778
0.1626389894890593 0.09663262035504779 0.16540753071932401 0.09663262035504779 0.14767055027236098 0.13775244809906445 0.09663262035504779 0.09663262035504779
0.16274241142118315 0.09646585929560926 0.16490196513895541 0.09646585929560926 0.14722144105644863 0.13927074520097577 0.09646585929560926 0.09646585929560926
0.16276295662044732 0.0964442593174048 0.16469359011076765 0.0964442593174048 0.14704547854972552 0.13972093744944034 0.0964442593174048 0.0964442593174048
0.16308083742363536 0.09639982347658113 0.164562912385465 0.09639982347658113 0.14694056294919103 0.13981639333538395 0.09639982347658113 0.09639982347658113
0.16320046947695507 0.09638922556412116 0.16451326641374925 0.09638922556412116 0.1468939046825772 0.1398354571702337 0.09638922556412116 0.09638922556412116
0.16345625107862186 0.09635706603515892 0.16446055496238754 0.09635706603515892 0.14684570832391833 0.13980922149443656 0.09635706603515892 0.09635706603515892
0.16355282294740472 0.0963484743766802 0.16444025094394146 0.0963484743766802 0.14682055118086615 0.13979247742106687 0.0963484743766802 0.0963484743766802
0.1635894970837239 0.09634544339625414 0.16443561242270008 0.09634544339625414 0.1468088734836188 0.13978424342494075 0.09634544339625414 0.09634544339625414
0.1636031806596574 0.09634404855564223 0.16443687022439255 0.09634404855564223 0.14680346492248963 0.13978028997089154 0.09634404855564223 0.09634404855564223
0.16360803964230874 0.09634328159373248 0.16443970046752962 0.09634328159373248 0.14680083899366947 0.1397782945215622 0.09634328159373248 0.09634328159373248
0.16375089188886327 0.09632292420958556 0.16442051514060999 0.09632292420958556 0.14677957905620584 0.1397573170759786 0.09632292420958556 0.09632292420958556
0.16380486921059564 0.09631802767227866 0.16440974274221082 0.09631802767227866 0.14676737530366762 0.13974590205441115 0.09631802767227866 0.09631802767227866
0.16382568561012073 0.09631659833673388 0.16440524396412723 0.09631659833673388 0.14676175143807876 0.1397409256407378 0.09631659833673388 0.09631659833673388
0.1639289080033336 0.09630261548802169 0.16438939799160265 0.09630261548802169 0.14674583562054386 0.13972539643243315 0.09630261548802169 0.09630261548802169
0.16403229005631237 0.09629025496032617 0.1643704750133501 0.09629025496032617 0.1467280046955573 0.13970821039347558 0.09629025496032617 0.09629025496032617
0.16365572213738858 0.09587096540830858 0.1639433486997212 0.09587096540830858 0.1496334870392908 0.13928358049036518 0.09587096540830858 0.09587096540830858
0.16342497434806805 0.0957958306679034 0.16369225740120358 0.0957958306679034 0.1506229483702185 0.1390764972088961 0.0957958306679034 0.0957958306679034
0.16331718459841524 0.09578339520952758 0.16357646055176406 0.09578339520952758 0.1509730608543258 0.13899971315738446 0.09578339520952758 0.09578339520952758
0.16327109828043232 0.09578185196264122 0.16352738154580293 0.09578185196264122 0.1510998021161748 0.1389743102070252 0.09578185196264122 0.09578185196264122
0.16325212129988648 0.09578191970708175 0.16350740652438983 0.09578191970708175 0.1511463090515921 0.13896648429580447 0.09578191970708175 0.09578191970708175
0.16295197855906166 0.09548961901985084 0.16320683310609335 0.09548961901985084 0.15321096045291965 0.138671751802522 0.09548961901985084 0.09548961901985084
0.16277187724745057 0.09543354879177719 0.16302646951634975 0.09543354879177719 0.1539433610067267 0.1385240970623641 0.09543354879177719 0.09543354879177719
0.1613613997526166 0.10470122406488064 0.16161571866920355 0.09409749642134985 0.15288700545918132 0.13714216279006813 0.09409749642134985 0.09409749642134985
0.1609421891395513 0.1058461900043241 0.1611466734398341 0.09421272066378181 0.15259881754013094 0.13682796788481422 0.09421272066378181 0.09421272066378181
0.1608248237885078 0.1060294036433476 0.1610085375956395 0.09426871586508938 0.15254475650932292 0.13678633086791414 0.09426871586508938 0.09426871586508938
0.16081957392896742 0.10606057301873978 0.16096214014559015 0.09427952816947893 0.15253492341894853 0.1367842049793174 0.09427952816947893 0.09427952816947893
0.16083930818221223 0.10606409828430163 0.16094298637640062 0.09427959017110832 0.1525312302566549 0.13678360638710552 0.09427959017110832 0.09427959017110832
0.16084758636777816 0.10606460058855634 0.1609352492350132 0.09427970077918948 0.15252993048109478 0.13678353098998905 0.09427970077918948 0.09427970077918948
0.16086390278857923 0.10606284953642472 0.1609302379856065 0.09427789391547402 0.15252762724542454 0.1367817006975432 0.09427789391547402 0.09427789391547402
0.16087892933929895 0.10606103951448347 0.16092654708460302 0.09427627845488074 0.15252513220098057 0.1367795164959917 0.09427627845488074 0.09427627845488074
0.16089061351786466 0.10605964941414736 0.1609238294879882 0.09427508946809364 0.15252299038039197 0.136777648795327 0.09427508946809364 0.09427508946809364
0.16089909702569444 0.10605866563905912 0.1609218746587896 0.0942742601485983 0.15252134311993432 0.13677623911072773 0.0942742601485983 0.0942742601485983
0.16090505306651287 0.10605798918609813 0.16092049790938368 0.09427369300398046 0.15252014690217597 0.13677523392388802 0.09427369300398046 0.09427369300398046
0.16034369515034713 0.1054940895993094 0.1603561032946233 0.09370986857863187 0.1519558656526145 0.14072064056720998 0.09370986857863187 0.09370986857863187
0.1600347562280222 0.10535496410052632 0.16004594262836302 0.09363339858949193 0.15166390200785979 0.14200023926675276 0.09363339858949193 0.09363339858949193
0.15989975656274907 0.10533244349892332 0.1599104635159955 0.09362633637664262 0.15154534164907044 0.1424329856433339 0.09362633637664262 0.09362633637664262
0.1598452294882828 0.10533132005078315 0.15985575842399088 0.09362771521756946 0.15150144341381158 0.142583102970423 0.09362771521756946 0.09362771521756946
0.15982396285976846 0.10533250928780954 0.15983443325299268 0.09362902928216695 0.15148599315884628 0.1426360135940822 0.09362902928216695 0.09362902928216695
0.15981580714989188 0.10533329262858279 0.15982626409505624 0.09362968048549282 0.15148074405638448 0.1426548506136063 0.09362968048549282 0.09362968048549282
0.1598127042218877 0.1053336541721967 0.15982316309470185 0.09362995499124308 0.15147901397970517 0.14266159955777927 0.09362995499124308 0.09362995499124308
0.15981152735203458 0.10533380245504578 0.1598219921573151 0.09363006310257949 0.15147846139117183 0.14266402733669423 0.09363006310257949 0.09363006310257949
0.15981108109892503 0.10533386004187928 0.15982155184953675 0.09363010421354086 0.15147829147381495 0.1426649028952214 0.09363010421354086 0.09363010421354086
0.15981091158910976 0.10533388173245622 0.15982138716174057 0.09363011950558074 0.1514782418760283 0.14266521912392283 0.09363011950558074 0.09363011950558074
0.1598108469725789 0.10533388972321087 0.15982132613458475 0.09363012508627128 0.15147822851579468 0.142665333395017 0.09363012508627128 0.09363012508627128
0.15866363755769106 0.11336418617493543 0.15867411820378008 0.0924829424303113 0.15033104075768827 0.14151819001497123 0.0924829424303113 0.0924829424303113
0.15821239050735142 0.11497993504269124 0.15822282875507188 0.0925067765022623 0.14991677470871012 0.14114774147938858 0.0925067765022623 0.0925067765022623
0.15806789565919838 0.11534261394254769 0.1580782997216035 0.09254915159461329 0.1498009455272866 0.14106279036552394 0.09254915159461329 0.09254915159461329
0.15802321146294207 0.1154296647570523 0.15803359629481026 0.09256430544861603 0.14977186531582784 0.14104874582351964 0.09256430544861603 0.09256430544861603
0.15800916868559617 0.11545138338308925 0.15801954415906086 0.09256876724230191 0.1497652216526548 0.1410483803926934 0.09256876724230191 0.09256876724230191
0.15800634226767094 0.11545668935282043 0.1580147248631502 0.09256976774182529 0.14976368500024384 0.1410492552906385 0.09256976774182529 0.09256976774182529
0.15800547182311572 0.11545804126502601 0.15801302919812066 0.0925700678059737 0.14976339823141546 0.14104985606440104 0.0925700678059737 0.0925700678059737
0.15800519854791073 0.11545839646952766 0.15801241427570414 0.09257015500928069 0.14976337592042757 0.14105014975858768 0.09257015500928069 0.09257015500928069
0.15800511098954226 0.11545849249827676 0.15801218531305852 0.09257018062278358 0.14976339301357589 0.14105027631719624 0.09257018062278358 0.09257018062278358
0.15800508247354325 0.11545851927956215 0.15801209829742782 0.09257018836746338 0.14976340728596682 0.1410503275611099 0.09257018836746338 0.09257018836746338
0.15800507309297485 0.11545852701745203 0.15801206473263585 0.09257019079626848 0.14976341516526262 0.1410503476028693 0.09257019079626848 0.09257019079626848
0.15800506999873867 0.11545852934195329 0.15801205165206123 0.09257019158682123 0.14976341896484363 0.14105035528193943 0.09257019158682123 0.09257019158682123
0.15800623932515853 0.11545836287987445 0.15801187931176022 0.09257002466393649 0.1497632534929829 0.14105019099841423 0.09257002466393649 0.09257002466393649
0.1580066910584618 0.11545829734916048 0.15801177542441783 0.09256999213243342 0.1497631577693461 0.14105010200131338 0.09256999213243342 0.09256999213243342
0.15781031357839034 0.11526171979755566 0.15781516783782276 0.09237342757154612 0.1511390092202018 0.1408535068513911 0.09237342757154612 0.09237342757154612
0.1576959501342969 0.1151888162591513 0.15769980708009274 0.09233949329346788 0.15164494544149035 0.14075200120456494 0.09233949329346788 0.09233949329346788
0.15764183161881556 0.11516760857195095 0.15764527419521077 0.09233273790228799 0.15183671441881322 0.14071035748834546 0.09233273790228799 0.09233273790228799
0.1576184804215941 0.11516186233429518 0.15762114694414298 0.09233119584703596 0.15191042061328028 0.1406945021455794 0.09233119584703596 0.09233119584703596
0.15760883118506494 0.11516033876119203 0.15761077001851193 0.09233081140009075 0.15193895774794086 0.1406886680870182 0.09233081140009075 0.09233081140009075
0.15746994402291423 0.11502514581930234 0.15747158142747592 0.09219592048921325 0.15289379530040173 0.1405517719622659 0.09219592048921325 0.09219592048921325
0.1573886089736332 0.11497425780689778 0.15738984789590907 0.09217183293751102 0.15325115442362303 0.14048063208740388 0.09217183293751102 0.09217183293751102
0.15734999857490004 0.11495906117969618 0.15735088869355773 0.09216672427908652 0.15338880664526128 0.14045107206932533 0.09216672427908652 0.09216672427908652
0.15733279638795677 0.11495483712296757 0.1573335419636261 0.09216551278059087 0.15344258563400023 0.14043970054967667 0.09216551278059087 0.09216551278059087
0.15732536831756855 0.11495369605263162 0.15732605399459879 0.09216520908138373 0.15346376602534062 0.14043548836570935 0.09216520908138373 0.09216520908138373
0.15723032906566234 0.11486150696878272 0.1572309899174362 0.09207324620173063 0.15411535771911816 0.14034207772380883 0.09207324620173063 0.09207324620173063
0.15717428713953174 0.11482642728993053 0.1571748141867496 0.09205644195859532 0.15436197803264637 0.14029316747535575 0.09205644195859532 0.09205644195859532
0.15714739422452392 0.11481579031425793 0.15714786576940395 0.09205275912965097 0.15445799851081268 0.14027267379204864 0.09205275912965097 0.09205275912965097
0.15713540792795685 0.1148127503217575 0.15713577355068506 0.09205182779640836 0.15449588619894972 0.14026469861142576 0.09205182779640836 0.09205182779640836
0.15713019358763622 0.11481189753754487 0.15713051533169523 0.09205157765607938 0.15451095323891298 0.1402617073359726 0.09205157765607938 0.09205157765607938
0.1571279644332763 0.11481165888021663 0.15712826800086713 0.09205150805350695 0.15451697491767583 0.14026060960744305 0.09205150805350695 0.09205150805350695
0.15712707051499342 0.11481158511778311 0.15712731080091977 0.09205148160217012 0.15451938290200423 0.14026020585778895 0.09205148160217012 0.09205148160217012
0.1571266936116217 0.11481156381403668 0.1571269076895785 0.09205147492098585 0.1545203497172752 0.14026006040453032 0.09205147492098585 0.09205147492098585
0.15712656862863061 0.11481155320345932 0.1571267343506959 0.09205146853363357 0.15452073419261586 0.14026000402369765 0.09205146853363357 0.09205146853363357
0.1571265155658334 0.11481154979980081 0.1571266612617294 0.09205146723340113 0.15452088832752348 0.1402599833449097 0.09205146723340113 0.09205146723340113
0.1571264933038683 0.11481154883942132 0.15712663070631813 0.09205146694775822 0.1545209503553202 0.14025997595179737 0.09205146694775822 0.09205146694775822
0.1571264840250803 0.11481154859019492 0.1571266179931077 0.09205146688891609 0.15452097537298687 0.14025997335188176 0.09205146688891609 0.09205146688891609
0.15712648017430653 0.11481154853288864 0.15712661272019385 0.09205146688101608 0.15452098547919335 0.14025997245036942 0.09205146688101608 0.09205146688101608
0.1571264785812275 0.11481154852327369 0.1571266105382952 0.09205146688276147 0.1545209895666614 0.1402599721422576 0.09205146688276147 0.09205146688276147
0.1571264999962374 0.1148115453705063 0.15712660648378443 0.09205146373190011 0.1545209880682758 0.1402599688854957 0.09205146373190011 0.09205146373190011
0.15712650826042113 0.1148115441405128 0.15712660419970145 0.09205146312690686 0.15452098685751736 0.1402599671611266 0.09205146312690686 0.09205146312690686
0.15712651153924317 0.11481154375283283 0.15712660310996177 0.09205146298305908 0.15452098622418592 0.140259966424599 0.09205146298305908 0.09205146298305908
0.15712651285711166 0.11481154363590097 0.1571266026186117 0.09205146294298037 0.15452098592806485 0.14025996613136968 0.09205146294298037 0.09205146294298037
0.15712651339058342 0.11481154360038781 0.15712660240281792 0.09205146293064762 0.15452098579601667 0.14025996601825158 0.09205146293064762 0.09205146293064762
0.15712652845474975 0.1148115414682777 0.15712660018837532 0.09205146080557759 0.15452098361756242 0.14025996385430195 0.09205146080557759 0.09205146080557759
0.15712654427150693 0.11481153920954072 0.15712659743517718 0.09205145896950713 0.1545209809007896 0.14025996127446425 0.09205145896950713 0.09205145896950713
0.1567285419200669 0.11441352985970775 0.15672858739285578 0.09165345006744305 0.15412297090039245 0.1430460197246479 0.09165345006744305 0.09165345006744305
0.15644508691843886 0.11421600958344887 0.15644512914658176 0.09153483061093308 0.15434104421763598 0.14394823830109535 0.09153483061093308 0.09153483061093308
0.15630950443271321 0.11415866588679918 0.1563095452747737 0.09151664305903323 0.1544117231031316 0.1442606321254827 0.09151664305903323 0.09151664305903323
0.15625090953485785 0.11414484808113731 0.156250942144874 0.09151419298801125 0.15443807518375505 0.14437264609134215 0.09151419298801125 0.09151419298801125
0.15622657903361586 0.1141420458598514 0.15622660822840265 0.09151412998929463 0.15444875084647836 0.14441362606376784 0.09151412998929463 0.09151412998929463
0.15621667042686915 0.11414165839845913 0.15621669820478115 0.09151429803635128 0.154453269302494 0.1444288095583428 0.09151429803635128 0.09151429803635128
0.15621267672567501 0.11414169160890869 0.15621270391579017 0.09151440805660814 0.1544552206259131 0.14443448295388864 0.09151440805660814 0.09151440805660814
0.1562110806650904 0.1141417510178472 0.1562111024769379 0.09151446088195335 0.15445606862951605 0.1444366145647485 0.09151446088195335 0.09151446088195335
0.15621044590204017 0.11414178559839011 0.1562104620326427 0.09151448368535096 0.1544564370004505 0.14443741841042357 0.09151448368535096 0.09151448368535096
0.15621019258913624 0.11414180203244735 0.15621020636678526 0.09151449326420948 0.15445659669310102 0.14443772252590165 0.09151449326420948 0.09151449326420948
0.15621009358958934 0.11414180887901328 0.15621010406958913 0.09151449685291074 0.15445666535770022 0.14443783754537584 0.09151449685291074 0.09151449685291074
0.1562100554412682 0.1141418115266486 0.15621006299283363 0.09151449814329235 0.15445669462939735 0.1444378809799751 0.09151449814329235 0.09151449814329235
0.15621004111706138 0.11414181247555673 0.15621004640463748 0.09151449856733694 0.154456706981868 0.14443789731886555 0.09151449856733694 0.09151449856733694
0.1562100353838411 0.11414181286292222 0.1562100397337724 0.09151449876659222 0.15445671221484344 0.14443790350484403 0.09151449876659222 0.09151449876659222
0.1562100337107446 0.1141418129340013 0.15621003696527283 0.0915144987608805 0.15445671434160668 0.14443790576573307 0.0915144987608805 0.0915144987608805
0.15621003303411243 0.11414181296438496 0.1562100358349736 0.09151449877717356 0.154456715224571 0.14443790661043712 0.09151449877717356 0.09151449877717356
0.15621003276300624 0.11414181297953414 0.15621003537597927 0.0915144987862995 0.15445671559351126 0.14443790692907063 0.0915144987862995 0.0915144987862995
0.1562100326547601 0.11414181298657182 0.1562100351899189 0.09151449879033405 0.15445671574789158 0.14443790704985546 0.09151449879033405 0.09151449879033405
0.1562100330277607 0.11414181293018047 0.15621003505507414 0.09151449873254756 0.15445671575301614 0.14443790703632567 0.09151449873254756 0.09151449873254756
0.1562100334516065 0.11414181286843714 0.15621003494866278 0.09151449868198316 0.15445671570454006 0.14443790698080383 0.09151449868198316 0.09151449868198316
0.1562100336172541 0.11414181284630595 0.15621003489470114 0.0915144986720919 0.15445671567489447 0.14443790695056885 0.0915144986720919 0.0915144986720919
0.15621003368351952 0.11414181283958 0.15621003487001425 0.09151449866975318 0.1544567156604749 0.14443790693715172 0.09151449866975318 0.09151449866975318
0.156210033710327 0.11414181283760978 0.15621003485915344 0.09151449866911632 0.154456715653962 0.14443790693159872 0.09151449866911632 0.09151449866911632
0.15621003372123887 0.11414181283702858 0.1562100348544649 0.09151449866892566 0.1544567156511173 0.14443790692937342 0.09151449866892566 0.09151449866892566
0.15621003372569714 0.11414181283685237 0.15621003485246227 0.0915144986688647 0.15445671564989708 0.14443790692849703 0.0915144986688647 0.0915144986688647
0.15621003391582622 0.11414181280989649 0.15621003482471194 0.09151449864194378 0.1544567156224789 0.144437906901255 0.09151449864194378 0.09151449864194378
0.15621003398947564 0.11414181279945887 0.15621003480812506 0.09151449863684978 0.15445671560621185 0.1444379068861793 0.09151449863684978 0.09151449863684978
0.1561680488217481 0.11409982759915974 0.1561680496030255 0.09147251343861984 0.15475061197778175 0.14439592168242543 0.09147251343861984 0.09147251343861984
0.15614292033397356 0.11408376448994534 0.1561429210996543 0.09146477341709752 0.1548632759379673 0.14437279788716698 0.09146477341709752 0.09146477341709752
0.1561308026922075 0.11407886952323465 0.1561308033066609 0.09146306277880843 0.15490772166877131 0.14436261447270024 0.09146306277880843 0.09146306277880843
0.15612535037528466 0.1140774654454639 0.15612535092708316 0.09146262907242787 0.15492549656745158 0.14435844946743318 0.09146262907242787 0.09146262907242787
0.15612297217427118 0.11407706692189717 0.15612297260278957 0.09146250889128488 0.15493265843801995 0.1443568031891676 0.09146250889128488 0.09146250889128488
0.15612195204170118 0.11407695267056556 0.15612195235369639 0.09146247364271066 0.15493555727715938 0.1443561647287454 0.09146247364271066 0.09146247364271066
0.15612151879935032 0.11407691927460434 0.15612151906308577 0.09146246289577446 0.15493673413173342 0.1443559200439026 0.09146246289577446 0.09146246289577446
0.15612133599638534 0.11407690928177985 0.15612133624013327 0.09146245952331886 0.15493721289512674 0.14435582701661814 0.09146245952331886 0.09146245952331886
0.15612125920632572 0.11407690621995051 0.15612125944179556 0.09146245844245314 0.1549374079548889 0.14435579184967998 0.09146245844245314 0.09146245844245314
0.1561212270904128 0.11407690525619968 0.15612122727842043 0.09146245808567512 0.15493748751053676 0.14435577860740484 0.09146245808567512 0.09146245808567512
0.15612121367341975 0.11407690494919578 0.15612121384177055 0.09146245796972381 0.15493751998708308 0.1443557736393594 0.09146245796972381 0.09146245796972381
0.15612120807889626 0.11407690485055874 0.15612120823910605 0.09146245793194682 0.1549375332543546 0.14435577178124376 0.09146245793194682 0.09146245793194682
0.1561212057496861 0.11407690481880803 0.1561212059065242 0.09146245791974976 0.1549375386775166 0.14435577108821562 0.09146245791974976 0.09146245791974976
0.15612120480709024 0.11407690480495773 0.15612120493291223 0.09146245791219368 0.15493754089173115 0.1443557708267276 0.09146245791219368 0.09146245791219368
0.1561212044148379 0.11407690480034277 0.15612120452781433 0.0914624579103244 0.15493754179698513 0.1443557707290466 0.0914624579103244 0.0914624579103244
0.15612120425189233 0.1140769047989365 0.15612120435954865 0.09146245790983297 0.15493754216735978 0.14435577069276398 0.09146245790983297 0.09146245790983297
0.15612120418428352 0.11407690479853409 0.15612120428973653 0.09146245790970936 0.15493754231897183 0.144355770679346 0.09146245790970936 0.09146245790970936
0.15612120415625755 0.114076904798429 0.156121204260798 0.09146245790968402 0.15493754238105922 0.14435577067440422 0.09146245790968402 0.09146245790968402
0.15612120414464883 0.1140769047984066 0.15612120424881137 0.09146245790968248 0.15493754240649374 0.14435577067259198 0.09146245790968248 0.09146245790968248
0.15612120413984357 0.11407690479840474 0.15612120424384962 0.09146245790968505 0.1549375424169164 0.14435577067193053 0.09146245790968505 0.09146245790968505
0.15612120413785566 0.1140769047984066 0.15612120424179687 0.0914624579096873 0.15493754242118857 0.1443557706716904 0.0914624579096873 0.0914624579096873
0.15612120413703373 0.11407690479840837 0.15612120424094808 0.09146245790968865 0.15493754242294017 0.14435577067160377 0.09146245790968865 0.09146245790968865
0.15612120413669406 0.11407690479840941 0.15612120424059728 0.09146245790968936 0.15493754242365848 0.14435577067157274 0.09146245790968936 0.09146245790968936
0.1561212041365537 0.11407690479840994 0.1561212042404523 0.09146245790968971 0.15493754242395313 0.14435577067156172 0.09146245790968971 0.09146245790968971
0.15612120415392924 0.11407690479591978 0.15612120423790196 0.09146245790719938 0.1549375424215835 0.14435577066906735 0.09146245790719938 0.09146245790719938
0.15612120417238207 0.11407690479328064 0.15612120423470024 0.09146245790505393 0.15493754241846724 0.14435577066600794 0.09146245790505393 0.09146245790505393
0.15612120417960004 0.11407690479233304 0.15612120423294984 0.09146245790462951 0.1549375424167662 0.14435577066446253 0.09146245790462951 0.09146245790462951
0.15612120418248765 0.11407690479204348 0.15612120423212314 0.09146245790452781 0.15493754241596752 0.14435577066379454 0.09146245790452781 0.09146245790452781
0.15612120418365558 0.11407690479195808 0.15612120423175277 0.09146245790449978 0.15493754241561236 0.1443557706635218 0.09146245790449978 0.09146245790449978
0.15612120419201897 0.11407690479080577 0.15612120423046402 0.09146245790336442 0.1549375424143315 0.14435577066228647 0.09146245790336442 0.09146245790336442
0.1561212041952672 0.1140769047903618 0.15612120422971476 0.09146245790314889 0.15493754241359123 0.14435577066161834 0.09146245790314889 0.09146245790314889
0.15609285008354792 0.11404855067720923 0.15609285011633986 0.09143410379008432 0.1551360212043412 0.14432741654830894 0.09143410379008432 0.09143410379008432
0.155796550140528 0.11375837291839783 0.15579655017263092 0.0911495469112144 0.15493306804358808 0.1462668179912119 0.0911495469112144 0.0911495469112144
0.15562955513326965 0.11365656827912907 0.15562955516505203 0.09110526670711962 0.1548053445030117 0.14696317679817883 0.09110526670711962 0.09110526670711962
0.15555352869731615 0.1136295224450304 0.15555352872894596 0.09109840248306587 0.15474596728367668 0.1472222453958332 0.09109840248306587 0.09109840248306587
0.15552126831393034 0.11362338744138238 0.15552126834548793 0.09109762900793993 0.15472078111512957 0.1473204077602499 0.09109762900793993 0.09109762900793993
0.1555080081706856 0.1136222719788742 0.15550800820220945 0.0910977297400191 0.1547105266601845 0.14735799576798886 0.0910977297400191 0.0910977297400191
0.1555026496687292 0.11362218413514613 0.1555026497002375 0.09109786302402666 0.15470644386826973 0.14737248355553742 0.09109786302402666 0.09109786302402666
0.15550050563246004 0.11362224194790031 0.15550050566396129 0.09109793825079929 0.15470484047235786 0.1473780915309226 0.09109793825079929 0.09109793825079929
0.15549965292845871 0.1136222886669872 0.15549965295391682 0.09109797350916622 0.15470421650125482 0.14738026842188373 0.09109797350916622 0.09109797350916622
0.1554993150569855 0.1136223132106817 0.15549931507994072 0.09109798879133393 0.1547039752403339 0.14738111503805632 0.09109798879133393 0.09109798879133393
0.15549918148835348 0.11362232443545325 0.1554991815062093 0.09109799515059762 0.15470388240618704 0.14738144471200412 0.09109799515059762 0.09109799515059762
0.15549912875527214 0.11362232924598745 0.15549912877101602 0.09109799773594876 0.15470384682317007 0.14738157319670817 0.09109799773594876 0.09109799773594876
0.15549910795167154 0.11362233123581444 0.15549910796654073 0.09109799877214213 0.15470383322955597 0.147381623299991 0.09109799877214213 0.09109799877214213
0.15549909974730958 0.11362233204187737 0.1554990997618165 0.09109799918374452 0.15470382805220123 0.14738164284556174 0.09109799918374452 0.09109799918374452
0.15549909651197902 0.11362233236423648 0.1554990965263359 0.09109799934631084 0.15470382608612002 0.14738165047239613 0.09109799934631084 0.09109799934631084
0.15549909523601305 0.11362233249211055 0.1554990952503078 0.09109799941028089 0.15470382534174404 0.14738165344898185 0.09109799941028089 0.09109799941028089
0.15549909473267423 0.11362233254257195 0.15549909474694323 0.09109799943539272 0.15470382506080885 0.14738165461082356 0.09109799943539272 0.09109799943539272
0.1554990945340551 0.11362233256241779 0.15549909454831345 0.09109799944523515 0.1547038249551459 0.14738165506436227 0.09109799944523515 0.09109799944523515
0.15549909445564933 0.11362233257020574 0.15549909446990326 0.09109799944908889 0.15470382491555681 0.14738165524141816 0.09109799944908889 0.09109799944908889
0.1554800396653767 0.11360327781394938 0.15548003967962884 0.09107894469128865 0.15483720821594538 0.14736260055123385 0.09107894469128865 0.09107894469128865
0.1554686312518891 0.11359598369379273 0.1554686312661394 0.09107542795950083 0.1548886628956311 0.14735180701404516 0.09107542795950083 0.09107542795950083
0.15546313282429486 0.11359376416841804 0.15546313283854382 0.09107465441035746 0.15490909542221837 0.14734691151545262 0.09107465441035746 0.09107465441035746
0.1554606609960434 0.11359312955881974 0.15546066101029152 0.09107445979638136 0.15491732168869135 0.1473448473570099 0.09107445979638136 0.09107445979638136
0.15545958367729062 0.11359295015908245 0.15545958368880605 0.09107440620076789 0.15492065839364663 0.14734400547887072 0.09107440620076789 0.09107440620076789
0.15545912178146334 0.11359289887879509 0.15545912179184698 0.09107439048443486 0.15492201783732634 0.14734366825726358 0.09107439048443486 0.09107439048443486
0.1554589256431527 0.11359288387230959 0.15545892565306754 0.09107438564368213 0.1549225732656454 0.1473435346347785 0.09107438564368213 0.09107438564368213
0.15545884285753064 0.11359287934211049 0.1554588428654135 0.09107438408834788 0.15492280061961677 0.14734348205028494 0.09107438408834788 0.09107438408834788
0.15545880805400236 0.11359287792556062 0.15545880805980747 0.09107438356985835 0.1549228938007783 0.14734346145027621 0.09107438356985835 0.09107438356985835
0.15545879346234745 0.11359287746639678 0.15545879346646047 0.0910743833915094 0.1549229320252876 0.14734345340497937 0.0910743833915094 0.0910743833915094
0.15545878735673552 0.11359287731244283 0.15545878735958837 0.09107438332857942 0.15492294771586812 0.14734345026962684 0.09107438332857942 0.09107438332857942
0.15545878480577993 0.11359287725927547 0.15545878480773462 0.09107438330593169 0.15492295415979723 0.14734344904961774 0.09107438330593169 0.09107438330593169
0.1554587837412633 0.11359287724046295 0.15545878374259292 0.09107438329765905 0.15492295680726842 0.1473434485754352 0.09107438329765905 0.09107438329765905
0.15545878329735136 0.11359287723369908 0.15545878329842214 0.0910743832946245 0.1549229578953392 0.14734344839131486 0.0910743832946245 0.0910743832946245
0.15545878311253 0.113592877231216 0.1554587831133233 0.09107438329348232 0.15492295834262484 0.14734344831985885 0.09107438329348232 0.09107438329348232
0.15545878303556557 0.11359287723030444 0.15545878303624397 0.09107438329306299 0.1549229585265459 0.14734344829215115 0.09107438329306299 0.09107438329306299
0.15545878300353527 0.11359287722996886 0.1554587830041661 0.0910743832929081 0.15492295860219057 0.14734344828141496 0.0910743832929081 0.0910743832929081
0.15545878299021243 0.11359287722984504 0.15545878299082352 0.09107438329285082 0.15492295863330882 0.14734344827725762 0.09107438329285082 0.09107438329285082
0.15545878298467355 0.1135928772297994 0.1554587829852765 0.0910743832928297 0.15492295864611252 0.14734344827564888 0.0910743832928297 0.0910743832928297
0.1554587829823719 0.11359287722978262 0.15545878298297144 0.09107438329282196 0.15492295865138161 0.14734344827502677 0.09107438329282196 0.09107438329282196
0.15545878298141577 0.11359287722977641 0.15545878298201388 0.09107438329281912 0.1549229586535503 0.14734344827478632 0.09107438329281912 0.09107438329281912
0.15545878298111893 0.11359287722975984 0.15545878298160196 0.09107438329280378 0.15492295865442868 0.14734344827467913 0.09107438329280378 0.09107438329280378
0.1554587829810604 0.11359287722974391 0.1554587829814187 0.0910743832927911 0.15492295865477806 0.14734344827462553 0.0910743832927911 0.0910743832927911
0.1554587829810336 0.11359287722973824 0.1554587829813403 0.09107438329278858 0.15492295865491953 0.14734344827460255 0.09107438329278858 0.09107438329278858
0.15545878298106722 0.11359287722973004 0.15545878298130072 0.09107438329278152 0.15492295865497072 0.1473434482745867 0.09107438329278152 0.09107438329278152
0.15545878298111032 0.11359287722972267 0.15545878298127863 0.09107438329277576 0.15492295865498615 0.14734344827457493 0.09107438329277576 0.09107438329277576
0.15545878298112703 0.11359287722972006 0.15545878298126836 0.09107438329277465 0.15492295865499137 0.14734344827456933 0.09107438329277465 0.09107438329277465
0.15544594259126104 0.11358003683984666 0.1554459425913912 0.09106154290290176 0.1550128413841015 0.1473306078846943 0.09106154290290176 0.09106154290290176
0.15543824738664874 0.1135751141162005 0.1554382473867508 0.09105916564027891 0.15504756719056234 0.14732332699900075 0.09105916564027891 0.09105916564027891
0.15543453483786315 0.1135736127191821 0.15543453483795358 0.09105864011714694 0.15506137627886082 0.14732002097469948 0.09105864011714694 0.09105864011714694
0.15543286413613125 0.11357318196201097 0.15543286413621685 0.09105850699483183 0.15506694346807606 0.1473186253130695 0.09105850699483183 0.09105850699483183
0.1554234877932968 0.11356441215989868 0.1554234877933804 0.09104982258542184 0.15512973658343426 0.14730940791372424 0.09104982258542184 0.09104982258542184
0.15541798907016258 0.11356105820480693 0.15541798907022958 0.09104820714369911 0.15515406978906243 0.1473042724346413 0.09104820714369911 0.09104820714369911
0.15541535239420914 0.11356003398212776 0.15541535239425866 0.0910478478044109 0.1551637659115578 0.1473019519046139 0.0910478478044109 0.0910478478044109
0.15541416869515495 0.11355973924134873 0.15541416869519012 0.09104775610411076 0.15516768104006157 0.14730097401591222 0.09104775610411076 0.09104775610411076
0.15541365276520622 0.11355965512007271 0.15541365276523064 0.09104773041183666 0.15516927323675983 0.14730057487722065 0.09104773041183666 0.09104773041183666
0.1554134314010018 0.11355963075597089 0.1554134314010218 0.0910477227238196 0.15516992350862258 0.14730041476192404 0.0910477227238196 0.0910477227238196
