Action: 0
[0.10302994445014337, 0.10302811462740118, 0.2744348379939123, 0.10302811462740118, 0.10739457646066722, 0.10302818258567258, 0.10302811462740118, 0.10302811462740118]
[0.11438008581796945, 0.09902043906876853, 0.23428762906879508, 0.09902043906876853, 0.1562300897693928, 0.09902043906876853, 0.09902043906876853, 0.09902043906876853]
[0.10069167101126622, 0.15670707387595387, 0.23819241992906962, 0.1006532892721305, 0.10179343041448391, 0.10065553695283481, 0.1006532892721305, 0.1006532892721305]
[0.125, 0.125, 0.125, 0.125, 0.125, 0.125, 0.125, 0.125]
[0.20390013347546837, 0.1018595347593529, 0.1702016274886785, 0.1018595347593529, 0.11659926791531498, 0.1018608320831266, 0.1018595347593529, 0.1018595347593529]
[0.11318134925867654, 0.1022638267952039, 0.2732242382257611, 0.10226380956552161, 0.10226410436175251, 0.102275052662041, 0.10226380956552161, 0.10226380956552161]
[0.125, 0.125, 0.125, 0.125, 0.125, 0.125, 0.125, 0.125]
[0.125, 0.125, 0.125, 0.125, 0.125, 0.125, 0.125, 0.125]

Action: 1
[0.09998121593798275, 0.15633186567876978, 0.09995380148409544, 0.09995380148409544, 0.10607861517693393, 0.2377930972699318, 0.09995380148409544, 0.09995380148409544]
[0.10074684190152959, 0.10074684190152959, 0.10074684190152959, 0.10074684190152959, 0.23749627380153399, 0.15802267478928855, 0.10074684190152959, 0.10074684190152959]
[0.10070666042508519, 0.10070666042508294, 0.10070666042508294, 0.10070666042508294, 0.1590728959894202, 0.23668714146007994, 0.10070666042508294, 0.10070666042508294]
[0.125, 0.125, 0.125, 0.125, 0.125, 0.125, 0.125, 0.125]
[0.10186569685431388, 0.10195964811988821, 0.10173224975776991, 0.10173224975776991, 0.16981694291827543, 0.21942871307644288, 0.10173224975776991, 0.10173224975776991]
[0.10082104785059036, 0.10082103826678537, 0.10082103577141739, 0.10082103577141739, 0.13055454519060286, 0.26451922560635177, 0.10082103577141739, 0.10082103577141739]
[0.125, 0.125, 0.125, 0.125, 0.125, 0.125, 0.125, 0.125]
[0.125, 0.125, 0.125, 0.125, 0.125, 0.125, 0.125, 0.125]

