Action: 0
[0.10394232965171056, 0.10152137469360942, 0.26281655563013967, 0.10152137469360861, 0.12563424125010444, 0.1015213746936101, 0.10152137469360861, 0.10152137469360861]
[0.10170455211194512, 0.10170455211194512, 0.23469797318963867, 0.10170455211194512, 0.15507471413869064, 0.10170455211194512, 0.10170455211194512, 0.10170455211194512]
[0.26241043633203315, 0.10183833970327129, 0.12660116225506923, 0.10182950382482535, 0.10183204641032487, 0.10182950382482535, 0.10182950382482535, 0.10182950382482535]
[0.125, 0.125, 0.125, 0.125, 0.125, 0.125, 0.125, 0.125]
[0.12574197538794918, 0.10189358264055953, 0.2628965284198833, 0.10189358264055953, 0.10189358298936994, 0.10189358264055953, 0.10189358264055953, 0.10189358264055953]
[0.09998219522033659, 0.1999441520985265, 0.11454655300251415, 0.09997207604926325, 0.1309237760197582, 0.15468709551107473, 0.09997207604926325, 0.09997207604926325]
[0.125, 0.125, 0.125, 0.125, 0.125, 0.125, 0.125, 0.125]
[0.125, 0.125, 0.125, 0.125, 0.125, 0.125, 0.125, 0.125]

Action: 1
[0.10187863123067029, 0.10187863123067029, 0.10187863123067029, 0.10187863123067029, 0.12593313719359342, 0.2627950754223849, 0.10187863123067029, 0.10187863123067029]
[0.1111111111111111, 0.1111111111111111, 0.1111111111111111, 0.1111111111111111, 0.1111111111111111, 0.2222222222222222, 0.1111111111111111, 0.1111111111111111]
[0.10311407911768526, 0.10311407911768526, 0.10311407911768526, 0.10311407911768526, 0.11264832627151314, 0.26866719902237524, 0.10311407911768526, 0.10311407911768526]
[0.125, 0.125, 0.125, 0.125, 0.125, 0.125, 0.125, 0.125]
[0.10431595150761631, 0.10431595150761631, 0.10431595150761631, 0.10431595150761631, 0.10431595150761631, 0.26978833944668573, 0.10431595150761631, 0.10431595150761631]
[0.10190179027467498, 0.10190179027467498, 0.10190179027467498, 0.10190179027467498, 0.12564433966575003, 0.2629449186862001, 0.10190179027467498, 0.10190179027467498]
[0.125, 0.125, 0.125, 0.125, 0.125, 0.125, 0.125, 0.125]
[0.125, 0.125, 0.125, 0.125, 0.125, 0.125, 0.125, 0.125]

