Action: 0
[0.12002456389348873, 0.08981161117857127, 0.2668179143802416, 0.08981056907752807, 0.16395470580824878, 0.08995949750686531, 0.08981056907752807, 0.08981056907752807]
[0.12533507949971973, 0.09431713645362666, 0.30876210177852037, 0.09431713645362666, 0.09431713645362666, 0.09431713645362666, 0.09431713645362666, 0.09431713645362666]
[0.1145063670153369, 0.12268405992427828, 0.1859545802036839, 0.08659420094932355, 0.14388398810953265, 0.17318840189919768, 0.08659420094932355, 0.08659420094932355]
[0.125, 0.125, 0.125, 0.125, 0.125, 0.125, 0.125, 0.125]
[0.1377912170420335, 0.09103220784140569, 0.29401730595302167, 0.08869498775334304, 0.09985907272075913, 0.11121523318275087, 0.08869498775334304, 0.08869498775334304]
[0.19085691113594647, 0.09528646456024745, 0.22101634117255592, 0.09527260088886265, 0.09726416848307483, 0.1097583119815875, 0.09527260088886265, 0.09527260088886265]
[0.125, 0.125, 0.125, 0.125, 0.125, 0.125, 0.125, 0.125]
[0.125, 0.125, 0.125, 0.125, 0.125, 0.125, 0.125, 0.125]

Action: 1
[0.09350935128975942, 0.09350935128975942, 0.09350935128975942, 0.09350935128975942, 0.1775063278063763, 0.26143756445506716, 0.09350935128975942, 0.09350935128975942]
[0.10185691219185172, 0.10185691219185172, 0.10185691219185172, 0.10185691219185172, 0.28700161465703794, 0.10185691219185172, 0.10185691219185172, 0.10185691219185172]
[0.1243619845325705, 0.09413966752128182, 0.09413966752128182, 0.09413966752128182, 0.09501583957046394, 0.30992383829055653, 0.09413966752128182, 0.09413966752128182]
[0.125, 0.125, 0.125, 0.125, 0.125, 0.125, 0.125, 0.125]
[0.0969034840550897, 0.09774940197137168, 0.0969034840550897, 0.0969034840550897, 0.0991850940134231, 0.3185480837397567, 0.0969034840550897, 0.0969034840550897]
[0.09531812950210046, 0.10246624444943923, 0.09531812950210046, 0.09531812950210046, 0.10359757084751016, 0.31734553719254827, 0.09531812950210046, 0.09531812950210046]
[0.125, 0.125, 0.125, 0.125, 0.125, 0.125, 0.125, 0.125]
[0.125, 0.125, 0.125, 0.125, 0.125, 0.125, 0.125, 0.125]

