0.125 0.125 0.125 0.125 0.125 0.125 0.125 0.125
0.09106475716064757 0.15177459526774598 0.10927770859277709 0.18212951432129515 0.0793897882938979 0.13231631382316314 0.09526774595267748 0.1587795765877958
0.08144799594595235 0.12548524645547102 0.09034937744793912 0.1505822957465652 0.09411393484160324 0.15685655806933876 0.11293672180992391 0.18822786968320648
0.07915624310555898 0.1227951252462804 0.08841249017732189 0.14735415029553647 0.0920963439347103 0.17547734664951897 0.11051561272165238 0.1841926878694206
0.09807372264714453 0.1523100880729565 0.08224744755939652 0.13707907926566087 0.12395874042468542 0.22127416502151398 0.10280930944924566 0.08224744755939652
0.08769198837691987 0.1551473640514736 0.07644942576449425 0.13525667635256677 0.10523038605230386 0.18617683686176836 0.0917393109173931 0.1623080116230801
0.10415522734451499 0.07579727696458878 0.19250102086244766 0.15159455392917756 0.09836977646534675 0.07760138692327666 0.1678214028031595 0.13215935470748813
0.09947195591910571 0.15091198247109194 0.0963378510726474 0.13582078422398275 0.13160638315080772 0.2024929844599878 0.10186558816798706 0.08149247053438964
0.08478537712717515 0.15000489799423297 0.07391545698266552 0.13077350081548517 0.10174245255261019 0.21315156517005007 0.08869854837919862 0.1569282009785822
0.10149759876423202 0.07388467917157011 0.20102704779944083 0.14776935834314023 0.09583369464967803 0.08757629841302637 0.16358675404694398 0.12882456881196838
0.0668775044075997 0.10144896983575719 0.07350816912212273 0.09130407285218146 0.141576397823448 0.23311185283191024 0.10956488742261775 0.18260814570436293
0.05919576882895987 0.10473097562046746 0.051606567697041944 0.09130392746399728 0.11839153765791974 0.28895023240953527 0.10321313539408389 0.18260785492799456
0.0930625199348188 0.07512275705581759 0.1861250398696376 0.15024551411163517 0.08375626794133692 0.10895440250360851 0.16751253588267384 0.13522096270047168
0.09872037111996418 0.07126708360988279 0.23850291602203583 0.14253416721976558 0.09017583942092179 0.07674788429953391 0.15779118227015154 0.12426055603774434
0.09513792143127375 0.14439098185341084 0.11886486566752653 0.12995188366806976 0.12526946497449803 0.21094983945332696 0.09746391275105233 0.07797113020084186
0.06760997975917343 0.11961765649699913 0.09406311890398115 0.14952207062124892 0.08113197571100811 0.2072137441233304 0.10141496963876015 0.17942648474549872
0.1310105899981784 0.09669260415786904 0.17771736328157373 0.11603112498944287 0.12209004915910403 0.12685170361990797 0.12845122505953788 0.10115533973438609
0.0687808545876712 0.12168920427049518 0.10033912342205127 0.15211150533811899 0.08253702550520543 0.18883719858920844 0.1031712818815068 0.1825338064057428
0.11347499577554014 0.07982090290317866 0.14846003386976592 0.09578508348381438 0.14487252448769794 0.1458152900715613 0.15203981505367362 0.11973135435476796
0.05824928019409323 0.10305641880493419 0.05800600880279907 0.08984405741968621 0.13267209961085114 0.2769211728103578 0.10156284751790615 0.17968811483937241
0.09052385531286493 0.07307347356580662 0.1914264528086431 0.14614694713161325 0.09215374727861532 0.11220033192084804 0.16294293956315686 0.13153225241845193
0.10518689209101569 0.06892866647608269 0.24973978595115615 0.13785733295216537 0.0886958800681304 0.07679439206933397 0.15261373448509963 0.12018331590701598
0.083701028396423 0.11265362581424924 0.1321272164523299 0.13518435097709908 0.09791282651980376 0.16805224988589682 0.10138826323282432 0.16898043872137386
0.07956344112053826 0.11158185299801701 0.10690006068104019 0.13389822359762044 0.10213157289328186 0.19812840151426128 0.10042366769821533 0.16737277949702553
0.09652318933102898 0.13634027208260177 0.09340826909645854 0.12270624487434159 0.12587279249179464 0.25949580154341323 0.09202968365575621 0.07362374692460497
0.07628054332696109 0.1349578843477004 0.07730621266924892 0.11765559148261061 0.10299939896608273 0.26981247564005817 0.07980118378820544 0.14118670977913272
0.06451713492774769 0.11414570025678437 0.09147917959327856 0.14268212532098049 0.08534506520932789 0.23383654191508274 0.09677570239162155 0.17121855038517655
0.13667944400475246 0.09393453307651844 0.17604279841875284 0.11272143969182215 0.12405278468932962 0.13351175967045695 0.12478726738370215 0.09826997306466545
0.05724471983874324 0.10127911971469959 0.06503397967730509 0.088294617187174 0.1389459691502176 0.27280105367201146 0.09981130638550104 0.176589234374348
0.09827791765759743 0.07933277690432564 0.1370660967636471 0.09916597113040704 0.15482415133524735 0.16491704436589108 0.14741687648639615 0.11899916535648845
0.10788013932994038 0.07918774452452619 0.15243991749893068 0.09898468065565774 0.1586180536530149 0.1369604715316853 0.14714737601945538 0.11878161678678928
0.07717502515518711 0.11448473632024955 0.10290525152556967 0.14310592040031195 0.1054737859796627 0.1880650301279983 0.09706314601064636 0.17172710448037432
0.10561472427317058 0.06966335492805219 0.22266731555923208 0.13932670985610437 0.09550634326204197 0.09151684584529801 0.1542403951194969 0.1214643111566038
0.1055477800186893 0.13858941870676805 0.11942770208383087 0.12473047683609123 0.12671464968767815 0.21660382893821922 0.09354785762706842 0.07483828610165474
0.08731179590267386 0.1482286720735807 0.07774322653940978 0.11280438807519652 0.11359728291942535 0.24843856645282283 0.07651080234665503 0.13536526569023583
0.09988684456377021 0.08030917846742479 0.19675968554268067 0.1390624128451065 0.09789050019033692 0.10589099429979465 0.15504421253029038 0.12515617156059586
0.1068298698754785 0.06711183975202518 0.2597743981784705 0.13422367950405037 0.09090409999666665 0.07554946647894449 0.14859113074929464 0.11701551546506954
0.07717260200779572 0.12242465505109978 0.12877010568584538 0.14313912641505958 0.09374830669596633 0.16589258409507796 0.09708566835108391 0.1717669516980715
0.10454500509496693 0.06894861960113838 0.23593461216951975 0.13789723920227676 0.09251717717246725 0.08728132844401441 0.1526579123444008 0.12021810597121566
0.10518258971027959 0.13827079635796508 0.12357089792930015 0.12444371672216854 0.12581549065413303 0.2147174910512259 0.09333278754162642 0.07466623003330114
0.1131009573496048 0.08760402194579682 0.1525825347059248 0.09551395807252147 0.14707664089530317 0.1475172235524331 0.1419879137913901 0.11461674968702575
0.11470919866657436 0.08373013291091452 0.16080235756520284 0.0958481187143135 0.1572562482262362 0.1301515354305434 0.14248466602903917 0.11501774245717618
0.07648784989978892 0.12159189328571855 0.10848914932304769 0.13968790651175664 0.10813945268245798 0.18323341954471334 0.09474484093840886 0.16762548781410797
0.13142443258978356 0.1016290267822928 0.1745554231215498 0.11278767775318733 0.12975994727938933 0.12258473879200193 0.12574984370392678 0.10150890997786859
0.1260954157688277 0.08395078617202632 0.16547119121469406 0.09470767341047605 0.15270966257648733 0.12262674527710517 0.14078931748781215 0.11364920809257124
0.12592551976774788 0.08222716783452447 0.1624751204352649 0.094339034235894 0.1593247363946982 0.12226026965334945 0.14024131059544842 0.11320684108307282
0.1264170617268034 0.08193898729302836 0.16141649886755557 0.09415252483143005 0.16114261096037877 0.12198523468412605 0.13996405183896168 0.11298302979771607
0.14644341668615346 0.09452975560161403 0.18596500448257922 0.10864376361921241 0.13997840973652004 0.10553057392476153 0.12112968869186815 0.09777938725729116
0.1519418381244924 0.09510545394949757 0.1927039633627704 0.10793789067584844 0.13356501272885105 0.10125904651317373 0.12034269303710267 0.0971441016082636
0.11611526188126191 0.07182009494632226 0.24392330181776045 0.13026299289813614 0.09963574782677086 0.07577239105887701 0.14523351596254883 0.11723669360832253
0.1069942270617323 0.06988191483768082 0.2684368280299905 0.12985334939685497 0.09216176323574479 0.07102710895179629 0.14477679402903085 0.11686801445716948
0.0824906994536274 0.1201504330973558 0.1386051373034111 0.13977975302789597 0.09506126470272439 0.16136987194519808 0.09480713683631205 0.16773570363347515
0.10295926460107359 0.07597974859185824 0.23133849446917049 0.13492908141097593 0.09459642996925274 0.08832495124898611 0.1504358564388045 0.12143617326987834
0.08176169216622119 0.12097998578761601 0.13075945277114065 0.13995890722226217 0.09557820364698041 0.16808241962309586 0.09492865011596913 0.1679506886667146
0.10301903190972828 0.07617811677222602 0.22874540949404967 0.13517378126281202 0.09487736736990712 0.08964121154232739 0.15070867851241876 0.1216564031365308
0.10446630746538509 0.0704954880897227 0.26645687229748766 0.13046050515121324 0.09158926104962226 0.07366338392546774 0.1454537273850094 0.11741445463609193
0.10336877759720203 0.06907386083965024 0.28049722173417213 0.1284871005580659 0.0896779186962191 0.07000320153978182 0.14325352853264958 0.11563839050225931
0.13708934460490144 0.09166165951919332 0.2386120542883534 0.10669636752658 0.11871043183427574 0.09224492407612449 0.11895848737664964 0.096026730773922
0.127806408876513 0.08100090462767863 0.19361031306240165 0.0920613668018137 0.14600013446800955 0.11219182702438243 0.13685540497702456 0.11047364016217645
0.08511099057729458 0.11937412311658438 0.12122714827750575 0.1371705664557235 0.10482710802907698 0.1746479561139341 0.09303742768301246 0.16460467974686818
0.11768649979686507 0.08617840886326311 0.1592214463360945 0.09567206613712986 0.14696989063284696 0.1372422568206158 0.1422229520486289 0.11480647936455585
0.10895901155775488 0.07167800235230512 0.23745201635574875 0.1311543791187296 0.10401765058652221 0.08247265374493196 0.14622734507715077 0.11803894120685662
0.10519994075913426 0.06966495955586577 0.2694311579689245 0.12943331494256888 0.09348342253597876 0.07198873383085912 0.14430848695835663 0.11648998344831199
0.10333524806848003 0.06883229829823956 0.2815576550100887 0.1281208782746415 0.09044235095452152 0.06955756093019883 0.14284521801665254 0.11530879044717736
0.13694556399936822 0.09149724894730395 0.23886629362725406 0.10651901278751674 0.11952614438573056 0.09201787466603918 0.11876075007802239 0.09586711150876505
0.127621136249118 0.0808527765829873 0.19353667380420828 0.09189388192693891 0.14724710281701417 0.11196934284586763 0.13660642746153903 0.11027265831232669
0.12565594476006708 0.08039455475528876 0.17908840827327602 0.0923786858522112 0.15668256937176525 0.11761829290682435 0.13732712105791398 0.11085442302265343
0.08460327097014332 0.11909149451342614 0.11781541404520998 0.13691304277044944 0.10796057525014781 0.17645779168177916 0.09286275944430485 0.16429565132453933
0.10377891079792985 0.07605167750453001 0.22332980372309755 0.13510974615020968 0.09830373928555086 0.09119006686288629 0.1506372841406069 0.12159877153518872
0.10471501587793809 0.07049013877719164 0.26452602445862916 0.13045035949797118 0.09302899086345709 0.07394173123785586 0.1454424157387828 0.11740532354817408
0.10342832470733795 0.06903152070080536 0.27980704584579413 0.12839621099050083 0.09061098475439638 0.07001712966209651 0.1431521934476181 0.11555658989145075
0.09384326862270191 0.13741233363934258 0.16318250880241325 0.15994244648730768 0.08199280533755823 0.13831640814594726 0.08136202712615218 0.1439482018385769
0.10672348339517722 0.06793413640593776 0.24962770064710554 0.13586827281187552 0.08922461174676356 0.08176076837069887 0.15041176314542182 0.11844926347701969
0.09843496608326474 0.14307805313879277 0.11268519082574764 0.11632398756748376 0.11350304903189905 0.19748795931301646 0.07889800895881505 0.13958878508098047
0.1064015102689994 0.07717449740907964 0.21961384975630038 0.13380615403168225 0.09895843054447401 0.09443614314950766 0.14918387621144275 0.12042553862851402
0.10536045751254113 0.07058150018766969 0.26296733334312355 0.13046344314465808 0.09324214510438326 0.07451101884898488 0.14545700302844713 0.11741709883019227
0.10361540180157604 0.06906355333193474 0.27920531481169947 0.12844379606286957 0.09072946448355144 0.07013780579960184 0.14320524725218442 0.11559941645658262
0.10264616444176702 0.06855016866017423 0.2851916241075578 0.12765925840280778 0.08970994133525884 0.0690189641811054 0.14233054630880212 0.11489333256252701
0.10221756345251992 0.06836530938515167 0.28739268824950875 0.12737176388385404 0.08931772205588152 0.06869035410263194 0.14201001137498354 0.11463458749546866
0.10204445560278733 0.06829815426087689 0.28820215632783014 0.12726705877489525 0.0891707572699599 0.06858379187393604 0.1418932729923086 0.11454035289740574
0.10197748171957483 0.06827365350818791 0.28850003864504287 0.12722881924112753 0.08911633463983838 0.06854709616335954 0.1418506387658541 0.11450593731701476
0.10195213611721197 0.06826468292759183 0.2886097160893327 0.12721480779130664 0.08909627608898336 0.06853403692846291 0.14183501704493442 0.11449332701217599
0.08138722705358893 0.11944368793116937 0.1440296983636586 0.13911955879476703 0.09483368106563556 0.15988332331579208 0.09435935292166807 0.1669434705537204
0.1346623394588913 0.0994644507818837 0.19259305298067325 0.11043085471620084 0.12489889493768304 0.11544047598008408 0.12312216190000305 0.09938776924458077
0.11162443668824015 0.07169304923052575 0.25031536841511703 0.12942496759946184 0.09836214277814527 0.07779838415526616 0.14429918029372835 0.11648247083951566
0.10533374997677701 0.06931887126555533 0.274218566304837 0.12876850250871463 0.09202932853224771 0.07087205844654798 0.14356727070747735 0.11589165225784315
0.1031874261702609 0.06867204681740181 0.2833102403670567 0.12785730591579988 0.09010748293675594 0.06924256796238185 0.14255135450612313 0.1150715753242199
0.13682941591607953 0.0914188899366381 0.23942477961039557 0.10644069645046912 0.1195266968914359 0.09188946118284261 0.11867343320671705 0.0957966268054222
0.12755253349748105 0.08081213187149404 0.1936728656923307 0.09185137376867998 0.14745196658103674 0.11189424383729983 0.1365432362292616 0.11022164852241598
0.10980075115444446 0.07024977868662831 0.25049888010800186 0.1291548077342367 0.10297958426664837 0.07707889888404096 0.1439979722051863 0.11623932696081303
0.12191461242639445 0.08042567236439702 0.1992391749378327 0.09350523732707056 0.14409014779491905 0.10961705486770398 0.13900181548919743 0.11220628479248468
0.10844439939674887 0.07022431038040258 0.2529526144503229 0.1291797368150215 0.10224269110611864 0.07666871844798398 0.14402576626988217 0.11626176313351937
0.13908018101847425 0.09202003471670483 0.22890218796209671 0.1069879256694212 0.1234605149634257 0.09397646961955101 0.11928355294784719 0.09628913310247907
0.08716130038710013 0.12055242643946114 0.1293254792812055 0.13694718265151185 0.10118222717885016 0.16760884969033582 0.0928859151897211 0.16433661918181422
0.10404320954314446 0.07590638630366948 0.22804402262812656 0.13467031260056336 0.09661717714435912 0.08936826191333018 0.15014734852629974 0.12120328134050702
0.08191741655592943 0.12075993030029246 0.13033581939035985 0.1396886780865305 0.09668674564153958 0.16823963205412582 0.0947453642673859 0.16762641370383655
0.1029496152431314 0.07604599064778172 0.22879824194566883 0.13493417759102685 0.09579012443168379 0.08959955200953394 0.15044153829924933 0.12144075983192416
0.1386292113030431 0.09348421235788518 0.22137765249498498 0.1081250342093411 0.12278649009858326 0.09773352463674397 0.12055134411101164 0.09731253078840697
0.1114215373747829 0.07050242350751598 0.2612262676460529 0.12797760698791494 0.09696276993828995 0.0740440670324804 0.14268548122383948 0.11517984628912345
0.13970862328614125 0.09184198729107389 0.23164647958797793 0.10674187430111337 0.12176589157134995 0.09321823305711507 0.1190092240342264 0.09606768687100202
0.08727175637696494 0.12051782154791697 0.12994769511676743 0.1369277120471594 0.10080821804275712 0.16734083337116076 0.09287270904068202 0.16431325445659126
0.10404574956188704 0.07588597586134684 0.22828854000158508 0.13463676236288596 0.0965158978405057 0.0893440457301536 0.1501099425150385 0.12117308612659737
0.10459840302431138 0.07035045791911178 0.26639115781136874 0.13020605885801584 0.09257115140212117 0.07352727925623317 0.14517003875662365 0.11718545297221426
0.10332840847954314 0.06896738587400687 0.28048495288304864 0.12829064673905788 0.09051868636206936 0.06991384041193373 0.1430344971851884 0.1154615820651521
0.13696346943514318 0.09151341019007743 0.23848715505310403 0.10652268542563802 0.11975492216456682 0.09212309605294614 0.11876484479545014 0.09587041688307421
0.11041447995663643 0.06994109571727451 0.2677327258987202 0.1271805997031711 0.09578596200547417 0.07268571940636374 0.14179687757950568 0.114462539732854
0.10442171864751468 0.06874567460017313 0.28065302262724345 0.1279002397662659 0.09096729317137268 0.06960261285241669 0.14259922254537408 0.11511021578963934
0.08186321895000814 0.11955701053200309 0.14225174866930404 0.13919202575276574 0.09530237779851503 0.16039468297047013 0.09440850442361504 0.1670304309033189
0.07721214422748361 0.12487173738119885 0.10991310321592888 0.13862425576131426 0.09550926001862445 0.19349698422637268 0.09402340825550012 0.16634910691357713
0.0883408454154018 0.14513757264932087 0.11881237664587171 0.16033588048055977 0.08287859879900183 0.17863026828940337 0.08156216528793692 0.14430229243250378
0.1071334347325462 0.06900322552819259 0.23237791018883136 0.13800645105638518 0.09074494020250251 0.08964190762970059 0.15277881435627497 0.12031331630556653
0.09839054871298462 0.14309223798330759 0.10925165432645473 0.11623094595190644 0.11383156632775013 0.200891009083581 0.07883490247172784 0.1394771351422877
0.07885168611213837 0.12536087189479744 0.10096954564674313 0.13583856899356203 0.09789514983682275 0.2059439087975938 0.09213398592606817 0.16300628279227442
0.07602109435355621 0.12445750124805642 0.09989997172694202 0.13738366451185668 0.09524579389491836 0.20894961309457435 0.09318196375586801 0.164860397414228
0.07553932724593157 0.12439139604569703 0.09968107610296627 0.13744830440155853 0.09470258046997429 0.2100735439883363 0.09322580646366578 0.1649379652818702
0.11543317471895767 0.08682055963227094 0.1524219397056078 0.09594020039759242 0.1447101469445498 0.14692418648808667 0.14262155163582396 0.1151282404771109
0.10867185877755146 0.07187673388684128 0.23481474043994693 0.13143365256747033 0.10402214655258198 0.08435186633369002 0.14653871413119454 0.11829028731072332
0.1219720695433823 0.0808301987408098 0.19449986349624093 0.09384214131804743 0.14487324713484576 0.11186926428535225 0.13950264589966455 0.11261056958165691
0.10862527977504419 0.07036699195255425 0.251117807903438 0.12939478944668878 0.10257254745934205 0.0772017390554254 0.14426553390548733 0.11645531050201988
0.10460598852106559 0.06919554780056528 0.27450133536332066 0.12870491846047344 0.09289570396419353 0.07076570003718878 0.14349637923876668 0.11583442661442611
0.10300547398056616 0.0686505620543823 0.28340603708042233 0.12783127225984844 0.09030285174879069 0.06923332891957895 0.14252232892254746 0.11504814503386361
0.11975755591956387 0.08004164560264566 0.2096748004417093 0.0931951184928666 0.1396524520631238 0.10730348227537441 0.13854080301327631 0.11183414219143992
0.10761777606305234 0.0699795530907077 0.2570649459211192 0.12877277423572614 0.10101845385039433 0.07607896666253713 0.1435720333643096 0.11589549681215353
0.10417540508691062 0.06902773931376617 0.27673544590312527 0.12843547755928145 0.09239732081999925 0.07044070877209659 0.14319597274146753 0.1155919298033533
0.12017138479561797 0.08014985168690117 0.20760168101471335 0.09329073972996324 0.14044300855334796 0.10771149613895789 0.13868295040454237 0.11194888767595589
0.10778005559352334 0.07003191160678802 0.2562529570313499 0.12885675671047317 0.10124675051526222 0.07619481994687391 0.14366566755630364 0.11597108103942584
0.12130252609655397 0.08035326422225661 0.2010494810402118 0.0934383844703799 0.14347413178937032 0.10935371678916186 0.13890243422760953 0.11212606136445588
0.10824228311571259 0.07017824265312939 0.25366300072999787 0.12910231128620736 0.1020689811330473 0.07661365834103982 0.14393944258327893 0.11619208015758663
0.10443008762344874 0.06912001667038505 0.2754533847164905 0.12858532265021286 0.09271458925180873 0.07060676986707597 0.14336303883538654 0.11572679038519156
0.10293253845773036 0.06862182389999193 0.28375804158352824 0.12778607036039324 0.09023783243118469 0.06918429776488677 0.14247193217793097 0.11500746332435394
0.11973090016147857 0.08003376026360079 0.20978178828703611 0.09318824310114164 0.1396248721839765 0.10728396199969929 0.13853058228169712 0.11182589172136996
0.10760784817810946 0.06997639956265864 0.25710625224697586 0.12876783854075177 0.10101106563128169 0.07607301072079742 0.1435665304327486 0.11589105468667658
0.10417159763194772 0.06902640870863251 0.2767507023415228 0.1284333303782856 0.09239573800477517 0.0704386467994847 0.14319357879489455 0.11558999734045705
0.0818334463145192 0.11962529582987666 0.14137589012055102 0.1392384799821442 0.09563958846822013 0.16076111079648747 0.09444001250962823 0.167086175978573
0.089500511419985 0.1447646870242837 0.12718889476771864 0.16069840838249821 0.08310666240840216 0.16836568679741926 0.08174658165544474 0.14462856754424838
0.10709324294531569 0.06881441503399129 0.2358808930480416 0.13762883006798257 0.09053424133673582 0.08770349690430626 0.1523607723992318 0.11998410826439505
0.07263957001750569 0.10562323395886701 0.08115630007067175 0.08580894023488722 0.1400195180133849 0.24613314653460175 0.0970014107003073 0.17161788046977444
0.1012222525905417 0.07520853823809637 0.20656024156546016 0.1350826604564236 0.10575222264999629 0.103992604475345 0.15060708561335584 0.12157439441078122
0.10460816191005652 0.07075298844827012 0.25800415498763835 0.1310412776793718 0.09509111115173077 0.07646391049882516 0.14610124541267272 0.11793714991143463
0.08197403588776099 0.1199831683742774 0.13714754023802259 0.13944647932715645 0.09630293263411899 0.16322897801983047 0.09458109032624526 0.16733577519258774
0.134999583380515 0.09963143871121129 0.19014073454983335 0.11056406268265039 0.12549933466819835 0.11638651075150507 0.12327067884170126 0.09950765641438535
0.14706529933044551 0.09440487911296694 0.20503038820782302 0.106499042879758 0.12972882611460765 0.10268394064145364 0.11873848512116303 0.0958491385917822
0.11377074989874154 0.07078701873902163 0.2545526480239932 0.12835791382175518 0.09875808537827253 0.0751419667361718 0.14310949496246436 0.11552212243957968
0.10561731738519277 0.06910229029702375 0.2756881944932023 0.12846844022277581 0.09196249679444658 0.07030694095549705 0.14323272365136347 0.11562159620049825
0.10318570623135731 0.06860768924924694 0.2838255386071214 0.1277608437648997 0.09006856896634335 0.06912308738608405 0.14244380640653742 0.11498475938840974
0.10237633553746221 0.0683933731127163 0.2868708628629639 0.127416915145039 0.089455209347479 0.06875172870209675 0.14206035166170763 0.11467522363053509
0.09354196790965809 0.13717270192426836 0.1649249890141107 0.1597501218315889 0.08176734728195185 0.13780356998000984 0.08126419240998219 0.14377510964843002
0.10652992430869355 0.06784362106210788 0.25077536611548723 0.13568724212421576 0.08907699194358393 0.08158405786148448 0.15021135473254654 0.11829144185188042
0.098377621407937 0.14303267311900839 0.11289112431294619 0.11629448215806985 0.11353524818764464 0.19743747563054087 0.07887799659416911 0.1395533785896838
0.07889231079135064 0.12542244787026535 0.10183074559549939 0.13591331340301996 0.09789442316202847 0.20476610095998998 0.09218468213422223 0.16309597608362392
0.1030010457957866 0.07693549062003248 0.21695764299679646 0.1358748626684884 0.09678485858570919 0.09666839097130733 0.15149033196024 0.12228737640163953
0.10477667780107107 0.07072211641895784 0.2621603060267549 0.13077425554933644 0.09300759998369537 0.0750586785610737 0.14580353566470794 0.11769682999440281
0.0820088457848602 0.1199801015054995 0.1381025796162014 0.13944428366580308 0.09585548605278926 0.16269596188081642 0.09457960109506644 0.1673331403989637
0.10271257140873193 0.07579690213258343 0.23189782717987886 0.1345829560235739 0.09538191240967783 0.08845321796223354 0.15004995246210404 0.1211246604212165
0.1041902985527921 0.07027491218598214 0.26779714110994857 0.1300766337797062 0.09225401174730341 0.07331229276963552 0.14502573945289632 0.11706897040173558
0.08188635010188426 0.11988634875583701 0.13937376418243816 0.13938888806040936 0.09567104164381361 0.16198491315954436 0.094542028423582 0.16726666567249124
0.10264263960529052 0.0757595293446558 0.23240655326018253 0.1345272284621531 0.09530483158798751 0.08829689173389972 0.1499878203898931 0.12107450561593781
0.12079970403869476 0.08148646329639549 0.19425668667876816 0.09427102100356786 0.14261136550423797 0.11330932991651174 0.14014020435754268 0.11312522520428143
0.10840648183063702 0.07045778560120317 0.2511132441600757 0.1294845990069304 0.10214895379594 0.07748713163602566 0.14436566486295077 0.11653613910623736
0.10456388193672901 0.06920841543080147 0.27451465876971815 0.12871824838024948 0.09281724638449311 0.07081988445123744 0.1435112411045468 0.11584642354222453
0.10299659567815635 0.06865206383105818 0.28341328445264297 0.1278325449950927 0.09028890490740715 0.06924356771269481 0.1425237479273645 0.11504929049558342
0.10234956379893521 0.06840819466997507 0.28672335917868325 0.1274396428775412 0.08951474946798042 0.0687831200297496 0.14208569138734814 0.11469567858978706
0.13646591763442228 0.09131283163884854 0.24056159893312298 0.10634074447793329 0.11931183306035421 0.09173841000873664 0.11856199421644205 0.09570667003013997
0.09973109274511845 0.13856935870655138 0.1518467471324969 0.15751112648003307 0.08653270128056244 0.1439237346137997 0.08012522520940814 0.14176001383202974
0.12229476262588224 0.07689562906122814 0.16637664954036147 0.09227475487347377 0.14610730076577616 0.1342395946629062 0.14646786487852978 0.1153434435918422
0.0839167323280982 0.11864026035916535 0.11481278830171206 0.13690997434786925 0.10584273118238899 0.18272486600998555 0.09286067825333741 0.16429196921744307
0.11730466594967003 0.0860593106082195 0.1570173590306704 0.09559205044155374 0.14784173811456403 0.13937041198249128 0.14210400334296644 0.11471046052986449
0.10890956032888724 0.07168036953204285 0.23655072831929766 0.1311658827043492 0.1045002316340851 0.08290376233078388 0.14624017071664006 0.11804929443391426
0.10520026576464576 0.0696618875890157 0.26908197146105156 0.12942358947260252 0.09376801277701549 0.07208539862520126 0.14429764378512547 0.11648123052534227
0.1205988763410576 0.08031945888822342 0.20526932818440952 0.0934369141636539 0.1410674407066868 0.10828343620167456 0.1389002485179094 0.1121242969963847
0.10795785150716805 0.07009752814359414 0.25534590036282007 0.1289580412939978 0.10145144852675654 0.0763484006926826 0.1437785923083826 0.11606223716459803
0.10431075401467445 0.0690765245742832 0.27608967502388426 0.12851315071334513 0.0925393997953083 0.07052608772474955 0.14328257251174448 0.11566183564201062
0.08186214732441671 0.11963822910634468 0.14122934153901157 0.1392474928919719 0.09567541090914604 0.16080426114505747 0.09444612561368532 0.1670969914703663
0.0772082666057169 0.12487565702034731 0.10968058989764164 0.13861871049707125 0.09559172720884611 0.1936629490541387 0.09401964711975266 0.16634245259648547
0.13419284591739755 0.10059217807698195 0.18039166289732522 0.1111248850520569 0.12593008415148932 0.12385999342672414 0.12389595393117388 0.10001239654685119
0.11195242853649588 0.07206516817927448 0.24556103763548842 0.12996430059157393 0.09901421125751154 0.07957448693603654 0.14490049633120258 0.11696787053241656
0.10557276354910056 0.06945883580435522 0.2724370177485214 0.1289859563833279 0.09234461055204228 0.07130373966788754 0.14380971554977007 0.11608736074499512
0.10329861641182757 0.06872114359725377 0.2826442528850429 0.1279323094226048 0.09025586812619636 0.06937375325779632 0.14263497781893403 0.11513907848034434
0.13687340489014754 0.09142996544801987 0.23919013469182257 0.10644829826730011 0.1196203332714807 0.09195248632547526 0.11868190866518384 0.09580346844057008
0.11036675146239108 0.06991646075743337 0.26799652275216806 0.1271448246736276 0.09574370887341278 0.07264439818335929 0.141756991091343 0.11443034220626484
0.12177351300840407 0.08017463672885508 0.20466755626871466 0.09322913076923653 0.14145707756042697 0.10823176419477205 0.13859136454650683 0.11187495692308384
0.08402212791707099 0.11924592779762763 0.12376212033914283 0.13712643974852493 0.10509718188564422 0.17318697634954264 0.0930074982642169 0.16455172769822987
0.10287358467181164 0.08180794109736973 0.2246630214623647 0.1338009768427787 0.09710040337093279 0.09015508936406902 0.14917810403217266 0.1204208791585008
0.10406391964492 0.0747484583294433 0.2643866038573651 0.12964658445027702 0.0924574460900049 0.07346879507892426 0.1445462665438163 0.1166819260052493
0.10292366953818924 0.0728473052970999 0.2792057642566294 0.12772870919493037 0.09024146159496725 0.06968927308362272 0.14240797875912384 0.11495583827543733
0.10214057705061536 0.07223108608703145 0.28467614606000974 0.1270109425562007 0.08932378865823452 0.06869988876571279 0.14160772252161483 0.11430984830058065
0.08096058283703508 0.1255632315285168 0.14254092282028125 0.1381206417879485 0.09436608748702874 0.15902193678965165 0.09368182660399985 0.16574477014553815
0.11575482827710126 0.09360283943560778 0.165423658366224 0.0948004281143267 0.14323804037342422 0.13249248811124423 0.1409272035848797 0.11376051373719205
0.1226910027099587 0.08715934045175375 0.1700242143331545 0.09245677579676786 0.1560791576255548 0.12319817112134453 0.1374432070053445 0.11094813095612142
0.08343988140857037 0.12657927256541468 0.11496745034471023 0.13560921794602238 0.10735162963645122 0.17734306047847592 0.09197842608512823 0.16273106153522682
0.10296546238041851 0.08291017003153883 0.2209792731811822 0.1340843027938533 0.09780488115941187 0.09108604661523424 0.14949399132389316 0.12067587251446799
0.12053497482647299 0.08672035775910873 0.19011158961532892 0.09384467536309085 0.14298617646387646 0.11368220260859437 0.13950641292781865 0.11261361043570903
0.1080877221805646 0.07512546778811134 0.24878389265588466 0.12890183185754653 0.10201393644628082 0.0773595774183467 0.1437159229814735 0.11601164867179188
0.10421961289819248 0.0731497046327414 0.27308753590240464 0.12816706995791405 0.09254177374431471 0.07058722160594923 0.1428967182963609 0.11535036296212267
0.0813786277815664 0.12583802055582485 0.1399470002868613 0.13823511434681215 0.09511677353794719 0.15984285741349744 0.09375946886131607 0.16588213721617456
0.0758296324626567 0.14112692039463134 0.10777057492105405 0.13578296075797033 0.09391923272599707 0.19053485679228532 0.09209626903584074 0.16293955290956436
0.07431725770298883 0.14406786046810469 0.09993639314030822 0.13478642690146803 0.09300819807303276 0.2007197923165575 0.09142035911577831 0.16174371228176163
0.10095493725885274 0.09009026580217747 0.21423527638218998 0.1341257161927859 0.09490594897564013 0.09543454664169575 0.1495401641731508 0.12071314457350729
0.11981681996871534 0.09092355163151677 0.18771121539550678 0.0936053730974952 0.14183527430754092 0.1146306438447603 0.13915067403747047 0.11232644771699425
0.08271325644152701 0.13198924814784488 0.11869676555144357 0.13513682877344346 0.10402090660587343 0.173620776957574 0.09165802299416163 0.1621641945281321
0.07575501948051866 0.14215008354325598 0.1026561834431464 0.13515336976290496 0.09543236880833215 0.19499968914629867 0.09166924210005728 0.16218404371548595
0.07422203124207676 0.1441773987275419 0.09870290652828687 0.1346232615439682 0.09322728705904498 0.20218951060780202 0.09130969043851757 0.16154791385276182
0.10096230439350712 0.09013596079734279 0.21370750666222066 0.13416207486327622 0.09498241522506545 0.0957231693042252 0.14958070137741394 0.1207458673769486
0.10375956690603148 0.07874434285735248 0.25983723337440234 0.12969646160198753 0.09213490581274321 0.07449879815989606 0.14460187584579806 0.1167268154417888
0.10277750911216024 0.07575440165903002 0.2771574559379189 0.12750512882312176 0.09009993133420317 0.06979225386309675 0.14215870332965963 0.11475461594080957
0.08078416822755694 0.1299780383972116 0.1404451991055461 0.13750462537203464 0.09418662726120218 0.15883178441593143 0.09326400677407568 0.16500555044644158
0.10131541255071701 0.08680625186054947 0.2309548960080366 0.13261039253667742 0.09404713864357107 0.08706586373699396 0.14785069138044482 0.11934935328300969
0.10324027680981354 0.07776987598054912 0.26637806266587905 0.1288899617067331 0.09140507222244293 0.07261309642937366 0.1437026886491487 0.11600096553605979
0.13632841122513709 0.1003961606596637 0.23257316070234146 0.10580465928306279 0.11944856311897781 0.09226055242554147 0.11796429923051925 0.0952241933547565
0.10975042575985204 0.07851884687165024 0.26424862276818295 0.12602190794654036 0.09524375127304241 0.07229170548844928 0.1405050227403965 0.11341971715188631
0.10379619781133388 0.07543601667375523 0.278445177303272 0.12694555816976705 0.09042283934457902 0.0691683845343293 0.1415348238101731 0.11425100235279034
0.08095493957703488 0.1298656553565642 0.14073214567468634 0.13746115995771632 0.09423945939852475 0.15855872220184997 0.09323452588436412 0.1649533919492596
0.07572022918994972 0.1421064585753655 0.10790168377319045 0.13570745574994691 0.09369138781244045 0.18997878105572855 0.09204505694344227 0.1628489468999363
0.0742975932107871 0.14431883372567939 0.09996488165591881 0.13478534921220786 0.09295957363848951 0.20051172134094433 0.0914196281613236 0.16174241905464942
0.11371455046758372 0.10152652617954876 0.15083679892457882 0.09442826876289791 0.1425255106938645 0.14328045874284545 0.14037396371320346 0.11331392251547749
0.1075900662959121 0.081072634472869 0.2328073944537712 0.1301119874142105 0.10298737451999204 0.083264598053418 0.14506515611703766 0.11710078867278946
0.10443217646700856 0.07668257016650173 0.2667126815537147 0.1284781723247959 0.09303209348718312 0.07178837668964026 0.14324357421883957 0.1156303550923163
0.08110958203340132 0.13027569218695753 0.1380936310905096 0.13758456575008857 0.09485602826115751 0.15966079457337123 0.0933182272044079 0.16510147890010626
0.13246898077304756 0.11650135071780081 0.18775252764614112 0.10819717056775202 0.1230721015723175 0.11399864444463452 0.1206317707673295 0.09737745351097682
0.11026838503279987 0.08409286366022789 0.2465787490580183 0.12765168142041255 0.09724961566294421 0.07695009334834788 0.1423220985388779 0.11488651327837132
0.10439030906435255 0.07806723892623595 0.27161003200971984 0.12750560950048148 0.09125094973147006 0.07026157296826252 0.14215923924904428 0.11475504855043334
0.10234188586801683 0.07652120596296985 0.28126165305632067 0.12663684018857246 0.08939998471671325 0.06867464773789543 0.14119062629979648 0.11397315616971523
0.13534113987355695 0.10130721400053823 0.2372629741597526 0.10512623110987614 0.11826106791038087 0.09087986250062235 0.11720790244638431 0.09461360799888853
0.12599868682075094 0.0924754674042669 0.1916728261459878 0.09050519236497663 0.14570054153889614 0.11049900772966188 0.13454204715748763 0.10860623083797194
0.10868833335596859 0.0798834950833584 0.24825212271379896 0.12765579764900323 0.10198760459223047 0.07631574089496214 0.14232668782657526 0.11489021788410292
0.10396790249198039 0.07730675875666032 0.27223494050295144 0.12743033205614568 0.09218190526879752 0.07011555155660384 0.14207531051632957 0.11468729885053112
0.08082602342665768 0.1323562954336138 0.1391074314609248 0.13712780511809514 0.09443100788396644 0.15858964619405916 0.09300842434096888 0.16455336614171415
0.13232573541980377 0.11693435119020752 0.18807629186286925 0.10814373007657557 0.12290325168375815 0.11371509409010362 0.12057218860776411 0.097329357068918
0.1102230404035014 0.08415916863208095 0.2467061572952221 0.12763657107917645 0.09720352187128899 0.07689337511143418 0.142305251636037 0.11487291397125879
0.10437571723921645 0.07807535943117261 0.2716586724613908 0.1275000984499626 0.09123773908413207 0.07024922989017088 0.14215309483898816 0.11475008860496635
0.08089795835755208 0.13257924574785876 0.13897087338544106 0.1371278260247497 0.09422393158907252 0.1586383351444916 0.09300843852113459 0.16455339122969964
0.10115149182669204 0.08941012123566018 0.22992468186752874 0.1322441337029393 0.09388859659308023 0.08691891432787859 0.1474423401135756 0.11901972033264537
0.11937307650760737 0.09217880732948211 0.19233557206297522 0.09311074169480078 0.14091301624946093 0.11194052488605953 0.13841537123585312 0.11173289003376095
0.14085536852879063 0.10498576996826481 0.20418289418126728 0.10499848120869992 0.13274561776754432 0.10066776441745563 0.11706547084014753 0.09449863308782994
0.11145614807537808 0.08149000588039905 0.25261696275927914 0.12660748187515186 0.09859873648235433 0.07412603726854938 0.14115789397125142 0.11394673368763668
0.10441860607362262 0.0774357884366182 0.2738100177495712 0.12716819922587783 0.09131366962029473 0.06961928761799298 0.14178305197273244 0.11445137930329005
0.08090172694307879 0.13238213549915503 0.1394620487725675 0.13710872067903737 0.09423493118906581 0.15838449198951227 0.0929954801127384 0.16453046481484485
0.10113645818331367 0.08936158565832317 0.23012264463078258 0.132222652488712 0.09387622475802763 0.08686165687821229 0.14741839016278788 0.11900038723984081
0.1193651685455955 0.09216612688470874 0.19239643864029465 0.09310718631000293 0.1409044131146213 0.11192195701521687 0.1384100859175566 0.11172862357200353
0.10731877509519547 0.07998861437351062 0.24894262827100566 0.1280006640543505 0.10113984391492908 0.07669768850985453 0.14271118813223851 0.11520059764891545
0.12035780583190928 0.08978900304018302 0.19778604621598184 0.09248840381457 0.1424466289034797 0.10865580343831502 0.1374902241780772 0.110986084577484
0.1073319495140149 0.07940859908669134 0.2509846082677521 0.1277079877155656 0.10126148186866371 0.07598330874729206 0.1423848758560112 0.11493718894400905
0.10358691086623709 0.07717510515244701 0.2733108509047814 0.127347369408979 0.0919705527161357 0.07001376512735771 0.1419828133559811 0.11461263246808111
0.10210247713591755 0.07632792989883044 0.2818994830834114 0.1265621714670727 0.08949930024892017 0.06859530759786549 0.14110737624761685 0.1139059543203654
0.10149148492215118 0.0759775757835598 0.2851256122971659 0.12619902165777477 0.08875126870807219 0.06817342582829708 0.14070249131098173 0.1135791194919973
0.08033930918561918 0.13189266095184507 0.1420011594361947 0.13701846112402413 0.09363801115063633 0.157753984214383 0.09293426058846854 0.16442215334882895
0.10092726526741942 0.08920960931736088 0.23115995435143086 0.13212113731400318 0.09367869345326056 0.08668910839517541 0.1473052083187468 0.11890902358260287
0.10298538732329994 0.07952978147999108 0.26620184406350267 0.12858600859032848 0.09117827835759759 0.07242748884655888 0.1433638036074259 0.11572740773129561
0.1022405565563167 0.07693967538745623 0.279316156940603 0.12694653442401818 0.08958038940157043 0.06918889404761089 0.14153591226080833 0.11425188098161636
0.08049582893705212 0.13221569596671087 0.14069592749924326 0.13708084462238687 0.09384432875926155 0.15819378779416646 0.09297657287431457 0.16449701354686425
0.07533875994319865 0.14598995792645714 0.10751579500882043 0.13505050765423313 0.0932466447981571 0.18919825072726953 0.09159947475678422 0.16206060918507975
0.1311814831296712 0.12060660046611478 0.17656445815262176 0.10857588333252044 0.12310732049114803 0.12119195219075571 0.12105400723789965 0.09771829499926839
0.0840596846268248 0.14208899376817222 0.11528424713546884 0.13368871884443792 0.09912786338437332 0.174648202932909 0.09067582669448833 0.1604264626133255
