Action: 0
[0.13841947832884735, 0.09339756931596259, 0.1959091474072011, 0.09339390473364975, 0.19852620547326957, 0.09356588527377013, 0.09339390473364975, 0.09339390473364975]
[0.17624949091345016, 0.0915549189521888, 0.24303295619055487, 0.0915549189521888, 0.122942958135051, 0.0915549189521888, 0.0915549189521888, 0.0915549189521888]
[0.21450276641710064, 0.09580378544993878, 0.20772691663924445, 0.09580378544993479, 0.09874644067736, 0.09580873446655182, 0.09580378544993479, 0.09580378544993479]
[0.125, 0.125, 0.125, 0.125, 0.125, 0.125, 0.125, 0.125]
[0.197639819311806, 0.0921541573228733, 0.19549876699109345, 0.09215415732275467, 0.13418364731001767, 0.10406113709594557, 0.09215415732275467, 0.09215415732275467]
[0.1924203358767452, 0.09493259987093587, 0.19853027941938756, 0.0912197301319939, 0.14442153179299402, 0.09603606264395566, 0.0912197301319939, 0.0912197301319939]
[0.125, 0.125, 0.125, 0.125, 0.125, 0.125, 0.125, 0.125]
[0.125, 0.125, 0.125, 0.125, 0.125, 0.125, 0.125, 0.125]

Action: 1
[0.09869847981003035, 0.09869847981003035, 0.09869847981003035, 0.09869847981003035, 0.09869847981003035, 0.3091106413297875, 0.09869847981003035, 0.09869847981003035]
[0.1111111111111111, 0.1111111111111111, 0.1111111111111111, 0.1111111111111111, 0.2222222222222222, 0.1111111111111111, 0.1111111111111111, 0.1111111111111111]
[0.09471753702483336, 0.09466097238689448, 0.09466097238689448, 0.09466097238689448, 0.1650086424955768, 0.26696895854511743, 0.09466097238689448, 0.09466097238689448]
[0.125, 0.125, 0.125, 0.125, 0.125, 0.125, 0.125, 0.125]
[0.09554725568892106, 0.09554725568892106, 0.09554725568892106, 0.09554725568892106, 0.16132303675876253, 0.26539342910771113, 0.09554725568892106, 0.09554725568892106]
[0.09455593281741151, 0.09455593281741151, 0.09455593281741151, 0.09455593281741151, 0.25132530170889167, 0.18133910138663933, 0.09455593281741151, 0.09455593281741151]
[0.125, 0.125, 0.125, 0.125, 0.125, 0.125, 0.125, 0.125]
[0.125, 0.125, 0.125, 0.125, 0.125, 0.125, 0.125, 0.125]

