0.125 0.125 0.125 0.125 0.125 0.125 0.125 0.125
0.11301829483647666 0.08900190718372537 0.135621953803772 0.10680228862047045 0.14127286854559584 0.11125238397965673 0.169527442254715 0.13350286077558807
0.06470332216603028 0.10783887027671715 0.05823298994942726 0.09705498324904543 0.1459161474084001 0.2156777405534343 0.11646597989885452 0.19410996649809087
0.07295173961840629 0.12906846240179573 0.09118967452300787 0.16133557800224468 0.08754208754208756 0.1548821548821549 0.10942760942760946 0.1936026936026936
0.0979974129307069 0.0771729626829317 0.1959948258614138 0.1543459253658634 0.09226570568873996 0.07679789716964108 0.17086728408430948 0.13455798621639373
0.073136935057807 0.12189489176301167 0.10370083108111902 0.146273870115614 0.0992359651000518 0.1632097666511685 0.10970540258671051 0.1828423376445175
0.07224802504818385 0.12041337508030643 0.09510396625617745 0.1444960500963677 0.1052604423485823 0.1734860409776466 0.1083720375722758 0.18062006262045965
0.071720451983206 0.11953408663867665 0.09378481650526345 0.143440903966412 0.11077047772959898 0.17386745524401878 0.107580677974809 0.17930112995801495
0.07133303415135034 0.11888839025225055 0.0932248230054141 0.14266606830270068 0.11540285954481184 0.1731526881380713 0.10699955122702551 0.17833258537837582
0.09449299426918491 0.14740181353134985 0.08671526745748374 0.13266163217821486 0.14477802625774913 0.2148570628654274 0.09949622413366115 0.07959697930692892
0.07080607091038817 0.12527227930299445 0.08850758863798522 0.15659034912874306 0.0849672850924658 0.17973890160734932 0.10620910636558227 0.1879084189544917
0.09994666762234013 0.07366959142060327 0.20309232529673713 0.14733918284120653 0.10027393521302215 0.08411822150761851 0.16311053208306137 0.12844954401541084
0.09553379294844723 0.1449293163870102 0.10624478181294086 0.13043638474830915 0.13877584498448803 0.2079907597085871 0.09782728856123188 0.0782618308489855
0.08241323631739385 0.1458080334846199 0.07184743678952284 0.12711469585838658 0.09889588358087265 0.2351661547917128 0.08621692414742742 0.1525376350300639
0.07241232843947323 0.1114500831955968 0.09058868256008429 0.13374009983471613 0.10683719709595162 0.21749140920474594 0.10030507487603711 0.16717512479339516
0.07541763398490858 0.11114460366678196 0.09313102374743007 0.13337352440013836 0.10859810539359734 0.21158806000686697 0.10003014330010376 0.1667169055001729
0.07563611738996462 0.11087767376522276 0.09333080974398468 0.13305320851826732 0.11158690292914865 0.20940887061687727 0.0997899063887005 0.16631651064783412
0.0917107723361943 0.13419998937369562 0.08489591927178322 0.12077999043632605 0.13643128201420665 0.26892905947875395 0.09058499282724454 0.07246799426179563
0.07874204747191697 0.13931285321954542 0.06864691318064556 0.1214522310119114 0.09449045696630037 0.269236525118612 0.08237629581677468 0.14574267721429365
0.09231343892759754 0.07451807720661488 0.18462687785519508 0.14903615441322976 0.09067932474447338 0.10852939781130709 0.1661641900696756 0.1341325389719068
0.10278177517141719 0.0693576456872182 0.23498069894035284 0.1387152913744364 0.0986206222372687 0.08104915720285591 0.15356352972668574 0.12093127965976505
0.07923723527461317 0.11093535724331595 0.12612365457911962 0.13312242869197916 0.10956156980344142 0.17477489702357235 0.09984182151898437 0.1664030358649739
0.06255926804866538 0.09082727065715479 0.06440826204351108 0.08174454359143932 0.14765186419588563 0.29122625197073815 0.09809345230972717 0.16348908718287863
0.06488516863666544 0.11479683681871576 0.08626786077629041 0.14349604602339472 0.0892210978318202 0.23180998173004164 0.09732775295499817 0.17219525522807363
0.08131159735515972 0.05709454043393564 0.1761601871154232 0.11418908086787127 0.11861707884409603 0.12863865498459365 0.18125250931408135 0.14273635108483906
0.07474808972472624 0.10797549536874917 0.11834210846074356 0.129570594442499 0.11456034698157756 0.1956621761367067 0.09717794583187425 0.1619632430531237
0.07872110284763278 0.13927579734581186 0.07653968704825102 0.12141992589122058 0.11327260019063902 0.2427125910894566 0.08235438451752353 0.1457039110694647
0.08988826721344631 0.07256040847350487 0.19346371450172323 0.14512081694700973 0.09716224468343129 0.10939693194437256 0.16179888098420334 0.13060873525230873
0.09812837098400777 0.06611764780375608 0.2635238856565484 0.13223529560751215 0.09787467854222143 0.08044816078579778 0.14638990803924826 0.11528205258090803
0.09539925062942785 0.13372443309445803 0.13575895825542703 0.12035198978501221 0.13523911339725242 0.21705106862865597 0.09026399233875916 0.07221119387100733
0.06406040517193294 0.11333763991957364 0.09969287162837298 0.14167204989946708 0.09563304316513363 0.21950692257825988 0.0960906077578994 0.17000645987936047
0.09606316962935339 0.0674163045170192 0.22763651287766345 0.1348326090340384 0.09978284264209787 0.10745694342294751 0.14926524077028264 0.11754637710659757
0.09376512186343633 0.13176029841545953 0.1291317823721797 0.11858426857391356 0.13411974462828127 0.2325500215719464 0.08893820143043517 0.07115056114434813
0.06304782307645072 0.11154614851987436 0.09740621765198981 0.13943268564984293 0.09419955906721073 0.232476608640144 0.09457173461467608 0.1673192227798115
0.09532972484407494 0.0669520504320617 0.22892622662384574 0.1339041008641234 0.09894329712913766 0.11097034760314718 0.1482373440579632 0.11673690844564603
0.07518916575053984 0.10566769576693244 0.14152317010415535 0.12680123492031892 0.10751953167441834 0.1896967319429973 0.09510092619023919 0.15850154365039865
0.07066916789895765 0.11455269152389767 0.11356080088185526 0.12308608492159198 0.10708016419764857 0.22487892073286503 0.09231456369119401 0.15385760615198998
0.06329109743105991 0.11197655699341368 0.09541869584733857 0.1399706962417671 0.09070869070547881 0.23573278114423157 0.09493664614658986 0.1679648354901205
0.08390229111548807 0.13970825278261925 0.12182131006566535 0.14930385540624974 0.0864439470848187 0.2105606067733642 0.07809740128942294 0.13016233548237155
0.09050159137374818 0.14267923373744926 0.09774298889805856 0.11113831737203887 0.12198553902461574 0.285915601141837 0.08335373802902915 0.06668299042322332
0.09571965552614815 0.07726767373797502 0.14154038468169444 0.09658459217246879 0.14109102671433296 0.1883156732711959 0.14357948328922224 0.11590151060696254
0.08608553587390609 0.06949073377773142 0.21696250739398557 0.13898146755546284 0.10419842105775073 0.10424404896821593 0.15495396457303096 0.12508332079991655
0.11112255628650174 0.07688050390533702 0.1984116239683409 0.08568043416468384 0.15816371673689872 0.12663993308209107 0.1360006891502918 0.10710054270585478
0.0754517878689226 0.1334916246911708 0.0978754284442225 0.11637731383332837 0.1257606091661236 0.23245628131798038 0.07893417807825749 0.13965277659999406
0.08553027673471074 0.06904251254488697 0.21261382844878787 0.13808502508977394 0.10100365043483654 0.11549368604372812 0.15395449812247933 0.12427652258079656
0.11063759138536353 0.0765610181643815 0.19864446304563824 0.08533567490963323 0.15635841219020552 0.13033979443022337 0.13545345223751304 0.10666959363704152
0.05390706497935393 0.09537403804039543 0.07443047542053122 0.08314659726598575 0.1498467260714243 0.2830100980853104 0.09399180560502737 0.1662931945319715
0.08408752787519294 0.0678778839474449 0.20592427824621445 0.1357557678948898 0.10469524214551934 0.12812155860999053 0.15135755017534727 0.1221801911054008
0.09948257872815335 0.06672549826153608 0.2857487856727986 0.1240234772425683 0.09631330391913384 0.08228423718787053 0.13729908754570033 0.10812303144223905
0.05571920948159246 0.0985801398520482 0.09382246947329519 0.0859416603838369 0.1382755812032585 0.2586261766652621 0.09715144217303301 0.1718833207676738
0.09311663003782215 0.07516643629559139 0.1527165779694227 0.09395804536948923 0.15115815715993958 0.18145955366761468 0.13967494505673325 0.11274965444338707
0.08956505007873226 0.06569961822008384 0.24573661963668386 0.13139923644016768 0.10159346063433189 0.10124635947622984 0.14650034271761977 0.11825931279615091
0.08664501214152515 0.06383607917255989 0.295044322514557 0.12767215834511977 0.0894961894598762 0.08005636707395646 0.14234492878179772 0.1149049425106078
0.08397469822380352 0.06197789482376379 0.3220001806692277 0.12395578964752758 0.08497396365264609 0.07335580727532644 0.13820145502493 0.11156021068277483
0.08214235769467705 0.06072706138522786 0.33769193261954705 0.12145412277045572 0.08264543750318971 0.07061809438493968 0.13541228314855286 0.10930871049341014
0.08095688513882816 0.05992009558009625 0.34733590678669857 0.1198401911601925 0.08126126012868871 0.06921661931555581 0.13361286984576684 0.10785617204417323
0.08018782742706612 0.05939507274349707 0.3534941525511985 0.11879014548699414 0.08038757730570856 0.06839194626547297 0.1324421472817681 0.10691113093829473
0.07968216653954868 0.05904875398427386 0.35752336836714615 0.11809750796854772 0.07981947890116518 0.06787105892955816 0.13166990813806737 0.10628775717169295
0.049166544327777104 0.07988083523260739 0.22319578404072682 0.15976167046521478 0.0656362715189925 0.12228480032349547 0.10836008953292828 0.19171400455825774
0.09157793708832024 0.06816459421932866 0.2990177426914038 0.12536876092368976 0.0865276007873791 0.08125914955199498 0.13878837188133336 0.10929584285655003
0.06758338011949575 0.10866637917321816 0.16985688899393533 0.1358329739665227 0.09028547282899643 0.17264514511984116 0.09213019103816322 0.1629995687598272
0.07413104036934665 0.11437982876637388 0.12422168464553954 0.12236889583517356 0.10305036135068446 0.21711039736253473 0.09177667187638018 0.15296111979396695
0.07684449526477005 0.12590033021151623 0.0927606717847908 0.10975926223568082 0.10788930081841586 0.28068941235519956 0.07444541264680958 0.13171111468281696
0.08875589248171625 0.06607363461573176 0.22537675127990497 0.13214726923146353 0.09436573647626136 0.12701383015003298 0.147334343456572 0.11893254230831718
0.08566497550955095 0.06308426809204326 0.29787624870219087 0.12616853618408652 0.08739897914113087 0.0855868075224649 0.14066850228285468 0.11355168256567787
0.06699806438905977 0.10834257622391331 0.1695742929668297 0.13542822027989165 0.09022019388208549 0.1750671254716411 0.09185566245070911 0.16251386433586998
0.09825316394334857 0.07040001386211359 0.2698850509102566 0.12552071311121502 0.09368432652538448 0.09387182845406056 0.13895658919922865 0.10942831399439257
0.08164917780673153 0.13046488297742134 0.13464253043081262 0.11373861592903399 0.10995966737809267 0.21591433381989616 0.07714445254317087 0.1364863391148408
0.08804678511736844 0.06527770233927954 0.2497127890684818 0.13055540467855908 0.09343049971376005 0.10991742159590233 0.1455595332759457 0.11749986421070317
0.1138608913956659 0.08387772106968848 0.26111194235968693 0.10484715133711059 0.11607128347456423 0.1089718248332849 0.11689674932659942 0.09436243620339953
0.09222352704421943 0.06065211925079597 0.31364175207261463 0.12130423850159194 0.0884722947932831 0.0792870803118994 0.13524517337416295 0.10917381465143275
0.08741511211740331 0.059611141655471975 0.3402164075461678 0.11922228331094395 0.08204215176944726 0.07126889991433527 0.1329239487063808 0.10730005497984955
0.10263441975951867 0.07049321830815336 0.264580597983226 0.08811652288519169 0.12772032291961743 0.10972396113930018 0.13099112954276257 0.10573982746223004
0.08984399315301574 0.06007300351863876 0.3148220654874412 0.12014600703727751 0.09405675021228065 0.07897294253116004 0.13395383172663625 0.10813140633354976
0.07113921576263472 0.10663233736609848 0.17472987984643298 0.1332904217076231 0.09372721965258007 0.17012674228335603 0.09040567733212697 0.15994850604914768
0.10735927758128586 0.0731145382789046 0.19411474439166784 0.09139317284863076 0.1399663120127317 0.14851805768150259 0.13586208978691974 0.10967180741835691
0.09819702171563449 0.06146912124488204 0.27746167898431834 0.12293824248976408 0.10226050040297363 0.08996205104126105 0.13706696588037875 0.11064441824078768
0.09360354432767741 0.05981780343803213 0.3212411373751265 0.11963560687606425 0.09051969308565429 0.07412539507253979 0.13338477363644774 0.10767204618845783
0.09082595572597542 0.058518239179640774 0.34259996759307026 0.11703647835928155 0.08604523520125888 0.06915435411237005 0.1304869393050497 0.10533283052335339
0.0893120486384507 0.05782295997855422 0.3527510547989342 0.11564591995710843 0.08412112078494928 0.06732899742096386 0.1289365704596418 0.10408132796139762
0.0885477213634158 0.05748307731245401 0.3575278224501717 0.11496615462490802 0.08324902714290996 0.06657797510072892 0.12817868284299447 0.1034695391624172
0.08817692535484219 0.05732150490022259 0.3597677809696991 0.11464300980044519 0.08284569242203788 0.06624797725334863 0.1278184004790038 0.10317870882040067
0.07371734988607129 0.10510254385189992 0.18890910169183192 0.1313781798148749 0.09232238697063216 0.16180794352370745 0.08910867848313254 0.15765381577784987
0.09309809621659913 0.06297085204308804 0.2774967441917519 0.12594170408617608 0.09238062293868961 0.09434884542468358 0.140415601421453 0.11334753367755848
0.0928065646393362 0.05999968922434533 0.3216939658767668 0.11999937844869066 0.08840910904767224 0.07530150036657325 0.1337903517927939 0.10799944060382159
0.10795941694353531 0.06968006158790403 0.2551821421072924 0.08710007698488004 0.13583277155259715 0.11024532399874028 0.1294801144431948 0.10452009238185604
0.09526186276917453 0.05935789261935952 0.30842365966691143 0.11871578523871903 0.10037523094523272 0.07866212089154204 0.13235924115421357 0.10684420671484711
0.0913806557877972 0.05862333833797882 0.33604400742467283 0.11724667667595765 0.09008215607049846 0.0703798619530311 0.13072129474170202 0.10552200900836188
0.07433749092411701 0.10531744806683145 0.1813520265522902 0.13164681008353932 0.09578123879127333 0.16429793359895303 0.08929087988274842 0.15797617210024717
0.05425226113459904 0.08958472279041794 0.15935954402551242 0.1602016651591904 0.07362105057122072 0.1620802374113628 0.10865852071666829 0.19224199819102852
0.09653181515249834 0.07052323262087322 0.26738871485362414 0.1284612642782998 0.09078224585939756 0.0921089555946502 0.1422119002185492 0.1119918714221075
0.08984291581804463 0.13628867043910037 0.13240011715305594 0.11002598803887526 0.11463018391983448 0.21015461666241922 0.07462632232201973 0.1320311856466503
0.07169219327742897 0.11787471220487716 0.11270782257368968 0.1274799590508327 0.09906610270968674 0.23173859144452946 0.0864646678779561 0.15297595086099924
0.0971571296140225 0.07245365762502401 0.2336580813529659 0.12786041156900937 0.09761492811246195 0.11362660423672126 0.14255481707768655 0.11507437041210843
0.07763557200758689 0.1135922137822674 0.1475333299068907 0.13118955582714864 0.09722238636453792 0.18641873290579364 0.08898074221319648 0.15742746699257837
0.0973781566693596 0.0712434650059546 0.2533991297943359 0.12632914962480818 0.09584664362019919 0.10125964633983342 0.14084757428318165 0.11369623466232738
0.09730768235118059 0.06481088589211759 0.30839991896031976 0.11988681958603735 0.09090877754580738 0.07712292097625309 0.1336648570608506 0.10789813762743362
0.09466508785286494 0.06249431609035117 0.3353073270155667 0.11628434438631696 0.08726899819443266 0.06967565045818709 0.12964836605459518 0.10465590994768527
0.07692268765643184 0.11161040544652004 0.18040636324601125 0.13005635735467394 0.09419910740885715 0.16252531203003118 0.08821213803186581 0.15606762882560873
0.09568235704183368 0.0699635270287165 0.27098623978646147 0.12424118867410326 0.09462558030272977 0.09416438371833516 0.13851965364112706 0.11181706980669294
0.07730490960171878 0.1130535223189761 0.15958556830483314 0.1308216500754759 0.09745764390855159 0.17605951956172464 0.08873120613814887 0.15698598009057108
0.09848852675833539 0.07056883921568041 0.25942614215877935 0.12511581211909273 0.09621058070735948 0.09809107462168518 0.13949479351188399 0.11260423090718347
0.13265835611572016 0.08574963854402301 0.2593011851702521 0.099147197029708 0.12203614709651986 0.10133327307346959 0.11054172564356997 0.08923247732673721
0.10878191106030988 0.0636202794008365 0.3077228312158516 0.11544453982771917 0.09652141425789129 0.07529689174870376 0.1287120466437406 0.10390008584494724
0.11945534858588418 0.07293051151558097 0.2465114428652507 0.0848311187283917 0.14015259854441614 0.10821448168419999 0.12610715560220617 0.10179734247407005
0.10701910443616178 0.06304901226083645 0.3010910263714179 0.11601512684407457 0.1017997859796458 0.07726412136234008 0.12934820858585624 0.1044136141596671
0.1019636937800481 0.0617291717556051 0.3301425103189945 0.11494407549769792 0.09041686974206584 0.0691999446938092 0.12815406626385126 0.10344966794792812
0.11810626539372873 0.07238229561861403 0.25599691585510137 0.08434269524580196 0.1370366322096828 0.10554288009133464 0.12538108129077424 0.10121123429496234
0.08584080245097594 0.11011270182335836 0.15327275705744883 0.12668008288177932 0.10743802806829482 0.17871738508801815 0.08592214317198947 0.15201609945813518
0.10361384521365324 0.06989346206936133 0.25454205851456546 0.12410398282521877 0.09930816173518162 0.09847822574045942 0.13836667935886332 0.11169358454269689
0.08358234746626957 0.11223495867323753 0.1540609216853452 0.12977452630991165 0.0990570662571616 0.1775397649738056 0.08802098306237487 0.15572943157189398
0.1035852237557977 0.07022783000341423 0.25540118649704563 0.124492653690175 0.09713629853353055 0.09831340083087844 0.13880001836800104 0.11204338832115748
0.09225294734864409 0.05623910256490295 0.27112656356162823 0.10400531132317128 0.10806776593663447 0.08889105496396169 0.15461088071325166 0.12480637358780555
0.10063582337068089 0.06247687544394862 0.31583010071712453 0.11729343816371098 0.09436553230657665 0.07306070533973459 0.13077343031088373 0.10556409434733989
0.10081825948726672 0.061265917518748464 0.3374061683151755 0.11413441986025642 0.08859553882870949 0.0678073574654463 0.12725136065016646 0.10272097787423078
0.11881544029462936 0.07196897094550159 0.258700511007727 0.08387402266979688 0.1367171091234803 0.10459075072657475 0.12468436802853386 0.10064882720375624
0.1079928380957318 0.06233738299949305 0.3068341411134685 0.11475344535890866 0.10107499387320901 0.0757875698509402 0.127941527885231 0.1032781008230178
0.08511911511423524 0.11038638328302552 0.17091324227633162 0.1285056739656761 0.09917436547770758 0.164534040956189 0.08716037016802379 0.1542068087588113
0.07906366057353614 0.1160493323905366 0.12593886745688646 0.1287653821417802 0.09792483165933896 0.21040294714640395 0.08733652006138136 0.15451845857013624
0.10399318181810133 0.07131099915935075 0.23972688493666958 0.1259088740062406 0.09795363714556395 0.10740943799612629 0.14037899833233092 0.11331798660561654
0.1063508062041098 0.06435580991490812 0.29973577742251195 0.11889037626097078 0.09283565325567383 0.07827634119210831 0.13255389711484353 0.10700133863487371
0.1040143051288585 0.0618228465103353 0.32938154192478647 0.11495147019297249 0.08877189888179102 0.06943930339034154 0.12816231079723947 0.10345632317367523
0.10184132042023902 0.060671396257614515 0.34372356046098435 0.11306448986487151 0.0864307601244775 0.06645196344259438 0.12605846855083433 0.10175804087838437
0.10049858810179116 0.06013455246812697 0.35060970278288 0.11217879340695906 0.08522504513008712 0.06532142094687991 0.12507098309701256 0.10096091406626316
0.09977113825825336 0.05988253669006735 0.3539069444004546 0.11176219747360928 0.08463206611838853 0.06485262961240218 0.12460650972057633 0.10058597772624836
0.13422237947515073 0.08070066177142457 0.30001383539024745 0.09415637639046397 0.11389520458934421 0.08729347055183714 0.1049773330801143 0.08474073875141756
0.11114660763722041 0.06142226903058243 0.32706876343571417 0.11186422996663743 0.09286852015428415 0.07023153446965032 0.12472026833593755 0.1006778069699737
0.08625622352901921 0.10993344531860998 0.17743895764490963 0.12805179223375893 0.09661505431040607 0.1611898563329315 0.08685251994985389 0.1536621506805107
0.11888309946839086 0.0790428817849639 0.19121114421619612 0.08773011418071755 0.14520617477973385 0.14223374150239818 0.13041670705073832 0.10527613701686107
0.11212407426183062 0.06491261525905137 0.27165324070140207 0.11866619513695309 0.1065095764600909 0.08703077066591569 0.13230395189149843 0.10679957562325779
0.1071113883454157 0.0624718451548688 0.3149713849020789 0.11608614537554911 0.09332576444642635 0.07212855198910693 0.12942738894855996 0.1044775308379942
0.12268172359700717 0.07232408087815972 0.249033572665152 0.08418791512500091 0.13912811673899841 0.1064681026001569 0.12515099024552376 0.10102549815000109
0.11027416953502528 0.062487701330572604 0.30153430638074624 0.11496816536337791 0.10267460342207395 0.07640878047483067 0.12818092466633327 0.10347134882704011
0.10499066622162853 0.06127643396468371 0.32963327480220284 0.11410289602665723 0.09143638958933842 0.06865151904326944 0.12721621392822827 0.1026926064239915
0.10222847222858159 0.06049987353344826 0.34362871762196234 0.1127910588405008 0.08742740059401297 0.066158910861082 0.12575361336396135 0.10151195295645071
0.0841124519946495 0.10985376992483567 0.1828208066586939 0.12808939498650226 0.09551753116354725 0.15902074686234094 0.08687802442562763 0.1537072739838027
0.07910079574593656 0.11593395919378126 0.12968818711401892 0.12867163109586405 0.09737606732944422 0.20755046981046255 0.08727293239545562 0.15440595731503684
0.10398984369807182 0.07112295518272378 0.24169704085684485 0.1255692291559019 0.09807477720178397 0.10653352799352796 0.1400003196708339 0.11301230624031172
0.12377967006627766 0.0746530080016009 0.21845552969303114 0.08619975533537443 0.14447339714808902 0.12085720751133719 0.1281417258418402 0.1034397064024493
0.11219739309148906 0.06360451101097982 0.2856966767175009 0.11677106951699982 0.10558278892057925 0.08086256992461559 0.13019102825253565 0.10509396256529985
0.1063878780819223 0.06184909063503969 0.3217976430514906 0.11505504568342383 0.09289560454186119 0.07018740715160242 0.12827778973957848 0.10354954111508144
0.12215057710066989 0.07203945649737636 0.25173412910455295 0.08389728832086435 0.13928469001571597 0.1054981589943193 0.12471895398146401 0.10067674598503722
0.1100254506839539 0.062368164884727025 0.3028935996868381 0.11477644671954391 0.10258025741577723 0.07609010587575046 0.12796717268581986 0.10329880204758952
0.10490082373685883 0.061217064156156534 0.33028854831261345 0.11400345569980416 0.09134505013282368 0.06853660244721267 0.127105345384707 0.10260311012982375
0.10222060765748038 0.06046829741456038 0.34393411505459126 0.1127371928178845 0.08736886127938201 0.06611389547140896 0.1256935567685966 0.10146347353609603
0.12010684272978256 0.07152561135777225 0.26107218405130656 0.08340046621999171 0.13629297460660347 0.10354096701068506 0.1239803945598683 0.10008055946399007
0.10890890912810673 0.062030776217133696 0.30766919896655603 0.11420075636008004 0.1017747622894619 0.07530959541760487 0.12732532089698476 0.10278068072407204
0.10429663234959802 0.06101669062067205 0.3326002061873506 0.11365889660705915 0.09123014680109004 0.06818323277821549 0.12672118770966148 0.10229300694635324
0.10189435745577327 0.06035348013065082 0.34501114791168325 0.1125386350406493 0.08750813006845598 0.06593729819147902 0.12547217966472393 0.1012847715365844
0.08403208342567843 0.10974993127784465 0.18323618006375547 0.12797914778601327 0.09580190216536597 0.1588225298745695 0.08680324806355683 0.1535749773432159
0.07904799650802505 0.11582884576350994 0.12976782289527863 0.12855024208779242 0.09795633404718136 0.20739786921157652 0.0871905989812853 0.1542602905053509
0.06948360231610667 0.10412629090143977 0.161551215573445 0.183828985919045 0.06602426080113787 0.15602655128112736 0.09351300588055769 0.16544608732714053
0.10035077260961568 0.07125092320175105 0.2685464209619886 0.12788951669549936 0.0884164491985045 0.09047354037964211 0.14157895214153773 0.11149342481146099
0.0842147021958434 0.1125351326026176 0.15874925530216205 0.1299249388034539 0.09703053303551029 0.17351250952522987 0.08812300197103831 0.15590992656414468
0.1043322822968222 0.06995027120627265 0.25763847512404037 0.12391402814075615 0.09740956278803191 0.09707786105598584 0.1381548940614102 0.11152262532668054
0.14067179185334153 0.08453800547096832 0.25657151658190186 0.09770315483345934 0.12364262934796301 0.10000833620315672 0.1089317263590957 0.0879328393501134
0.1154255855766852 0.06284929549012437 0.3048321539437308 0.11402644646490159 0.09865455682012322 0.0744571815139614 0.12713097837206191 0.10262380181841142
0.14234967823234534 0.08173424541643798 0.2768308394217052 0.09506552508159002 0.12145674794877306 0.09101302530191469 0.1059909660238026 0.08555897257343102
0.09332992556539535 0.11033643519437464 0.1599859931295742 0.12543569718897626 0.10517982697569007 0.17013116026930367 0.08507812504991435 0.15052283662677154
0.10683332556207072 0.06937635650452893 0.257490400055166 0.12306467144121762 0.09934278100687888 0.09592633640678912 0.13720792472625307 0.11075820429709586
0.10643024476455314 0.06341168232839382 0.3082512230686464 0.11731713083936428 0.09337931380527305 0.07482514156221447 0.13079984587612703 0.10558541775542786
0.12257604111904861 0.07243299800269096 0.24604748462650824 0.08422820513670194 0.14093336154558153 0.10749717935146337 0.1252108840539629 0.10107384616404234
0.0882210560310892 0.10945664016964786 0.1497979215798352 0.12582696380778655 0.11122367258408322 0.17913788337119363 0.08534350588702044 0.15099235656934384
0.07962263961471744 0.11502652047226813 0.11868826188957056 0.12764057716204064 0.10227246364142929 0.21700723576779318 0.08657360885773192 0.15316869259444876
0.10448787924891291 0.07121623653290948 0.23510076982276484 0.12579634225522426 0.10071164851548993 0.10921688176715724 0.14025353382783956 0.11321670802970182
0.08491136484411914 0.111997678663392 0.1475148069717443 0.12929473303078115 0.10061751567786574 0.1828146631195001 0.08769555805566025 0.15515367963693733
0.10497849431764318 0.0701593093489915 0.25126357294231527 0.12432959090345197 0.09905852917685361 0.09969565596796795 0.13861821552966958 0.11189663181310677
0.10620941334350914 0.06370751945142296 0.3052054998595758 0.11778230247069975 0.0938267285165316 0.07594598660386588 0.13131847753076525 0.10600407222362979
0.12256990733852133 0.07250211499436396 0.24474116230846943 0.08428403436022398 0.14151350926958908 0.10795455255211088 0.12529387794445238 0.10114084123226878
0.11039747251716535 0.06248825732434014 0.29907312272167513 0.1149230076926978 0.1047494917727585 0.07680736381443476 0.12813057723350035 0.103430706923428
0.14051442626260754 0.08186355432859367 0.27424952040177764 0.09525966750187313 0.12427929215956343 0.09189241825972089 0.10620742033417795 0.08573370075168582
0.11435958211068988 0.06199572340178902 0.31358530635794124 0.11274899509544788 0.09823925491397968 0.0718903271069364 0.1257067154273128 0.1014740955859031
0.12474861742055181 0.07171954934308311 0.2475302558138183 0.08347913418043115 0.14252422686733363 0.105725915591534 0.1240973397667305 0.10017496101651739
0.12798800260903984 0.07188675404651615 0.21670490831974182 0.08268824492329219 0.16140650253787156 0.11717806388902206 0.12292162976656569 0.09922589390795061
0.1031754762726039 0.12579310593285448 0.16173067562006163 0.14464932697058822 0.10168900931584002 0.1591955278947014 0.07358248371982097 0.13018439427352937
0.10986225909592438 0.0703159687613415 0.25814479068838525 0.12276676113363817 0.09840195899304562 0.09314239934197613 0.1368757769654145 0.11049008502027437
0.12526396360063377 0.07401390885760925 0.22500967012626658 0.08549152758413077 0.1451906508631796 0.1153515481451421 0.12708889772208096 0.10258983310095693
0.12882927821783285 0.0725266291791788 0.20717099092810262 0.08324653446351837 0.16335609487632619 0.12122306631364847 0.12375156466517061 0.09989584135622204
0.11388336526419225 0.06326288147272356 0.2786712328089777 0.11632334877766853 0.11254710660227206 0.08092919813408765 0.12969185304017672 0.1046910138999017
0.10709745594983809 0.061840031954971605 0.31792403883043285 0.11505719662372407 0.09598393086533608 0.07026568093685023 0.12828018787749534 0.10355147696135165
0.1387140861612209 0.08154142601730538 0.28320385699591405 0.09495193490216922 0.12064749732850474 0.08962013573230584 0.10586432145062748 0.0854567414119523
0.13235984881327229 0.07205802584821829 0.23209528022405534 0.08192895700673386 0.15079264123566155 0.11065760118232588 0.12179289728165214 0.09831474840808065
0.09055107085214224 0.10899497695690546 0.14512627928075783 0.12529331931377632 0.11428589760076732 0.18041491711064497 0.08498155570847438 0.15035198317653156
0.12023383487315574 0.07860486760000973 0.17573693138226926 0.0872534486490861 0.15485578821717452 0.14890287917628223 0.12970811172311905 0.10470413837890331
0.12791846425003062 0.07354307043464649 0.1856705612224511 0.08402664820426106 0.168891832454401 0.134206189452613 0.1249112561364836 0.10083197784511326
0.0891226635257358 0.10897313266906578 0.12978117113304172 0.12511157427169947 0.1194309798292829 0.19258830428693882 0.08485828515819617 0.15013388912603934
0.10614353958685895 0.0757283920645918 0.23943211237433104 0.12335417822455824 0.10461164715108527 0.10218066701177828 0.13753070318469404 0.11101876040210241
0.1413022009575637 0.09022591144345948 0.24704053133688245 0.09732667255460503 0.12656813400748235 0.10143056768699683 0.10851197671386562 0.08759400529914453
0.11568710500824946 0.06798602499419311 0.2992124755917096 0.11360857649102185 0.09984427865953059 0.0747487358778632 0.12666508453551242 0.10224771884191967
0.10641523798778796 0.06488218788393729 0.32780222836385897 0.11330896063184755 0.09129181120521032 0.06799047414676973 0.1263310352119255 0.10197806456866278
0.10242266121406263 0.06380998752832226 0.3422067499813213 0.1120661083791221 0.08794360593623644 0.0657460417194207 0.12494534770030477 0.10085949754120989
0.10057369447652087 0.06326763685507475 0.3492696776647937 0.11130558394832346 0.08647777200997932 0.06483318977629797 0.12409741971551885 0.10017502555349113
0.09969480449130078 0.06299093156969113 0.35269629120801654 0.1109131145009331 0.08580169796472742 0.06442151164404782 0.12365984557044332 0.09982180305083979
0.1184193757295194 0.07497579672898862 0.2641825435395477 0.0825457380334268 0.13595859099554025 0.10215328562944251 0.12270978370342252 0.09905488564011214
0.12499230551599379 0.07627593510055129 0.22359141317429795 0.08196035097949196 0.1577476829562238 0.1152403245673435 0.12183956653070743 0.09835242117539035
0.11153802816199489 0.06691794805118047 0.2869203505890181 0.11475472138420074 0.10991676908314234 0.07872998292647697 0.1279429505582059 0.10327924924578066
0.10567380723487817 0.06511821005633728 0.3216835474896545 0.1139709096747445 0.09464091227530289 0.06926973556623943 0.12706905899557333 0.10257381870727006
0.1374175900861266 0.08586261165724984 0.28432191368049503 0.09421912533823053 0.11952988594316878 0.088804367016205 0.1050472934741167 0.08479721280440745
0.09147161111505886 0.11797131802715177 0.16161230472754137 0.12406700987540725 0.10423175225139565 0.16761579415050637 0.08414979800245015 0.1488804118504887
0.10559404739444238 0.07593412376915412 0.2573923681239744 0.12184395932081893 0.09881219937092384 0.09491681682202144 0.13584692180992794 0.10965956338873703
0.12325403255043059 0.0788236886330763 0.22424316159394173 0.08496657264291524 0.14488909307074518 0.11555504739359618 0.12630851694379638 0.10195988717149827
0.11129107405157455 0.06752785905667957 0.2878619538768276 0.1153701727907631 0.10645115809653857 0.07903549366861637 0.12862913294731348 0.10383315551168679
0.08606433532359355 0.1164828550055088 0.16411898242175085 0.12729312314611646 0.10178711510166831 0.165163896831265 0.08633794439475725 0.15275174777533973
0.10395826091907652 0.07587714499062428 0.25923075744840673 0.12216731546432973 0.09821050411251321 0.09439799336826561 0.13620743977888702 0.10995058391789675
0.13973269007011743 0.08980115350618004 0.25641530197358864 0.096816372710778 0.1235771811960461 0.09857953463351325 0.10794303047007636 0.08713473543970018
0.13295900839015426 0.07839688369970456 0.22023587673238929 0.08192796275631846 0.1523636616557432 0.11401163219647648 0.12179141926163163 0.09831355530758214
0.10390190256212209 0.13408138015948023 0.16202324042912936 0.14315029460689221 0.09865504859396457 0.15653293602826773 0.07281993247394083 0.128835265146203
0.12438064997691158 0.088411872456645 0.18264916145138815 0.08629486698235111 0.14689917755111628 0.13952731550959974 0.12828311569316675 0.10355384037882133
0.08782707491983202 0.11861233970337443 0.1282341737208664 0.1245592242457161 0.11223548305522257 0.19457698751086103 0.08448364774926831 0.14947106909485933
0.10589975957564456 0.07711719557874973 0.23878208312863922 0.12363249664102552 0.10264259132964265 0.10281561932035153 0.13784100744902397 0.11126924697692298
0.14130149371066061 0.09052801274609167 0.24682864434705176 0.09741866842363944 0.1259311230322051 0.1017007109166004 0.10861454524247562 0.0876768015812755
0.09246242826242575 0.1191609026947851 0.14938937383926945 0.12438835366040427 0.10622570006211823 0.17473946417102043 0.08436775291749159 0.1492660243924851
0.09276675537999034 0.14605898282550925 0.13647218170155034 0.14621115374540491 0.08705963266108695 0.18546427710597468 0.07437697820961903 0.13159003837086442
0.12126485202260938 0.09096522954686673 0.17208397722357613 0.08723273941700033 0.14294576798081043 0.1511508204500317 0.12967732605870497 0.1046792873004004
0.08688092725615065 0.11900453189339708 0.12463539604242985 0.12445094485148755 0.11082260810408864 0.20045425195747832 0.08441020607318288 0.14934113382178504
0.13713752222471265 0.10022833746259073 0.19188820016626212 0.10036007529754602 0.13276724920210253 0.13540055348008884 0.11189399439890578 0.09032406776779141
0.11725438902377396 0.07109836881623455 0.270342883388932 0.11685083270362641 0.1042410734064755 0.08476674497454637 0.13027995825314764 0.10516574943326376
0.10833915208323718 0.06621965094160087 0.3134594690302522 0.11507230869694482 0.09380260493624737 0.07124469977309746 0.12829703671136983 0.10356507782725036
0.10369973234362352 0.06443398392283418 0.3352146079401916 0.11292467178209403 0.08925317153824865 0.06693904604640073 0.12590258182272274 0.10163220460388464
0.10128980513404594 0.06356194670667507 0.3458852691174237 0.11171337265891547 0.0871363541361182 0.06531914315796207 0.12455207369583561 0.10054203539302392
0.10006841055237446 0.06312964037634622 0.3510616208344892 0.11110527608074684 0.08613119136712319 0.06463502092472861 0.12387409139151924 0.09999474847267216
0.08306363140840649 0.11516574623525591 0.1845442269141126 0.12676504984467404 0.09537321761659069 0.1569902952292246 0.08597977293812675 0.15211805981360885
0.0780382736285247 0.12574368557815643 0.129175051508177 0.1267843041037685 0.09732817076741947 0.20479651714078856 0.08599283234864298 0.15214116492452218
0.13383882796718752 0.10179081500359857 0.1950146869519938 0.10090537285336434 0.12798164033859466 0.13715186083743744 0.11250196047979578 0.09081483556802791
0.11613553834879155 0.07129103006758129 0.2722615282080972 0.11687207056861758 0.10279806311626745 0.08515326929119157 0.1303036368876975 0.10518486351175581
0.10792441466317532 0.06620683146086281 0.31448787321518734 0.11501053720670044 0.09333931583764296 0.07129337802084061 0.12822816610956006 0.1035094834860304
0.12239581041970124 0.07614208001460589 0.24806989586444528 0.08340329673042048 0.1404293692878331 0.10549098930276002 0.12398460230372954 0.10008395607650457
0.109830641011475 0.06641708327226213 0.30023563169968465 0.11397186726168777 0.10404938011579082 0.07585058947002721 0.12707012663355338 0.10257468053551899
0.08564242241454627 0.11611073188910633 0.1680939749430632 0.12710700726546093 0.10099081446377331 0.16331493102979286 0.08621170927570394 0.1525284087185531
0.10364001491722931 0.07569541914270027 0.26140495058170454 0.12194054878918709 0.09780940251417197 0.09380855828574901 0.1359546118589892 0.10974649391026839
0.1049389461229619 0.06747682719399928 0.3098072215574668 0.11642810279718921 0.09278265921113951 0.07397230464529489 0.1298086459544781 0.10478529251747029
0.10292301667887127 0.06479593626300159 0.33362500819857377 0.1133304507676249 0.08921836050406914 0.06775482678742106 0.1263549951095758 0.10199740569086241
0.10114919368414804 0.06367760364408286 0.3451639729972126 0.11185122460290994 0.08721479127411928 0.06557134332897742 0.12470576832593093 0.10066610214261895
0.10006429804270188 0.06317130202561097 0.35072590457066316 0.11115787533442571 0.08618754060699794 0.06471825598456347 0.12393273563405374 0.10004208780098316
0.0994770067756111 0.06293532554599059 0.35340246292998506 0.11083110182501373 0.08568124741931875 0.06435645630442641 0.12356840755714217 0.09974799164251234
0.08289354454359701 0.1150868760029521 0.18528594937356802 0.1267169452597595 0.09521221631841825 0.15679698870946132 0.08594714548053252 0.15206033431171134
0.10157606191553047 0.07945214790102294 0.2701376088289893 0.12021498180976004 0.09504447484340735 0.09135050762192269 0.1340307334505832 0.10819348362878402
0.08326418285375997 0.12436078754649867 0.1576805698049142 0.12699622717168096 0.09792264480824721 0.17124354373591563 0.08613657147296623 0.15239547260601716
0.1029375721539872 0.08200080091546247 0.25506976729474706 0.12175570363723578 0.09700411495354902 0.09590338446252852 0.1357485233089778 0.10958013327351222
0.09589429400074315 0.14352430068268424 0.1752338079268146 0.14579450359468962 0.08474983436855157 0.14942317610182376 0.07416503008947256 0.13121505323522067
0.10609284850687804 0.08444093889271088 0.2642842899700727 0.12045194592753097 0.09219017713518687 0.08983811747483421 0.1342949307580084 0.1084067513347779
0.10527951538041458 0.0715928410767478 0.3108432106332681 0.11567794484591244 0.09078521707015054 0.07273884481144409 0.1289722758207412 0.10411015036132121
0.07252542310304463 0.10502491871330082 0.23569547459690443 0.17449444145860937 0.06239658070767658 0.10405360040920564 0.08876456369851 0.15704499731274846
0.09749949059310588 0.06863726215346976 0.3072808775708227 0.12293902965374512 0.08425231029065414 0.07611485465618846 0.13609855948644145 0.10717761559557265
0.08254525622397028 0.1217298512484608 0.17015142271558062 0.12748416159134363 0.09499421059163113 0.16364658542266383 0.08646751829673743 0.15298099390961234
0.07726478212451321 0.13447616537951732 0.12380792080925788 0.12548621710741142 0.09643163934623852 0.2068374239704453 0.08511239073372252 0.15058346052889368
0.10244689796885477 0.08495708882670823 0.23612565509929967 0.12354391913888317 0.09798954658471994 0.10600511501214281 0.1377422501443966 0.11118952722499484
0.12236201731533339 0.08428411698210775 0.2149708353602781 0.08510119935977373 0.14484871233731675 0.11980303081296237 0.12650864860049946 0.10212143923172848
0.11118924771466941 0.07173529305456657 0.28255564595726174 0.11532714332947192 0.10664531880912309 0.08017176382925502 0.12858115830912764 0.10379442899652472
0.10558904711043623 0.06854983051478199 0.3192917250586535 0.11384338300326302 0.09373989334617647 0.06960019998996482 0.12692687627378726 0.10245904470293671
0.10231940877758784 0.06701519552518702 0.3377949874897855 0.11208161307862977 0.08876488453957301 0.06618782453528145 0.12496263428318871 0.10087345177076679
0.11942622755739495 0.0786763844233636 0.2576368648713927 0.08249927271604875 0.1373235631333341 0.1027978501508724 0.12264070988833516 0.09899912725925848
0.12511977392595408 0.08026972406690411 0.220383566272957 0.0816206020200888 0.15809729417408366 0.11522981023231105 0.12133450688359469 0.09794472242410655
