Action: 0
[0.10612776008865481, 0.09959725304576207, 0.23782106734817712, 0.09959725304576207, 0.15626257957058245, 0.10139958080953741, 0.09959725304576207, 0.09959725304576207]
[0.16987421332326919, 0.10181175358031011, 0.2192552651948701, 0.10181175358031011, 0.10181175358031011, 0.10181175358031011, 0.10181175358031011, 0.10181175358031011]
[0.20720243813796693, 0.10360118642560202, 0.17106981344819905, 0.1036011864255823, 0.10372181349163886, 0.1036011892198462, 0.1036011864255823, 0.1036011864255823]
[0.125, 0.125, 0.125, 0.125, 0.125, 0.125, 0.125, 0.125]
[0.10834655952415043, 0.10105033563988032, 0.2721184677950262, 0.10105033563988032, 0.11428329448142176, 0.10105033563988032, 0.10105033563988032, 0.10105033563988032]
[0.10366179480666318, 0.10344093235209821, 0.17121713666893382, 0.10344093235209761, 0.2079164065762208, 0.1034409325397911, 0.10344093235209761, 0.10344093235209761]
[0.125, 0.125, 0.125, 0.125, 0.125, 0.125, 0.125, 0.125]
[0.125, 0.125, 0.125, 0.125, 0.125, 0.125, 0.125, 0.125]

Action: 1
[0.10423814929776234, 0.10347036888895088, 0.10347036888895088, 0.10347036888895088, 0.10374631847361958, 0.2746636877838637, 0.10347036888895088, 0.10347036888895088]
[0.10427487295105402, 0.10427487295105402, 0.10427487295105402, 0.10427487295105402, 0.1658010163915679, 0.20854974590210804, 0.10427487295105402, 0.10427487295105402]
[0.10352229992479499, 0.1035208145222564, 0.1035208145010799, 0.1035208145010799, 0.10420837578520789, 0.274665251763421, 0.1035208145010799, 0.1035208145010799]
[0.125, 0.125, 0.125, 0.125, 0.125, 0.125, 0.125, 0.125]
[0.1034104263086125, 0.10336374983491077, 0.10336374983491077, 0.10336374983491077, 0.10513874506463383, 0.2746320794521998, 0.10336374983491077, 0.10336374983491077]
[0.10401875461333764, 0.10017937228934311, 0.10017937228934311, 0.10017937228934311, 0.13159845188366487, 0.2634859320562819, 0.10017937228934311, 0.10017937228934311]
[0.125, 0.125, 0.125, 0.125, 0.125, 0.125, 0.125, 0.125]
[0.125, 0.125, 0.125, 0.125, 0.125, 0.125, 0.125, 0.125]

