Timestep: 0
Action: 0
0.6633900000000001 0.07371 0.14661 0.016289999999999995 0.07370999999999998 0.008189999999999998 0.016289999999999995 0.0018099999999999991 
0.6260760000000001 0.11048400000000003 0.12192399999999998 0.021516 0.085374 0.015066000000000003 0.016626 0.002934 
0.6779664000000001 0.058953599999999974 0.16843360000000002 0.014646399999999995 0.058953599999999974 0.005126399999999995 0.014646399999999995 0.0012735999999999989 
0.6412770000000001 0.09582300000000002 0.141723 0.021176999999999998 0.07125299999999998 0.010646999999999998 0.015746999999999994 0.002352999999999999 
0.6260760000000001 0.085374 0.12192399999999998 0.016626 0.11048400000000003 0.015066000000000003 0.021516 0.002934 
0.5890095 0.12064050000000003 0.09989050000000002 0.02045950000000001 0.12064050000000003 0.024709500000000013 0.02045950000000001 0.004190500000000003 
0.641277 0.07125299999999998 0.14172300000000002 0.015746999999999997 0.095823 0.010646999999999998 0.021176999999999998 0.002352999999999999 
0.6047325 0.10671750000000002 0.11776749999999998 0.0207825 0.10671750000000002 0.018832500000000005 0.0207825 0.0036675000000000006 
Action: 1
0.53662194 0.19050806000000003 0.028243260000000023 0.010026740000000011 0.16447806 0.05839194000000002 0.008656740000000008 0.003073260000000004 
0.48949109999999996 0.23568089999999997 0.015138900000000012 0.007289100000000006 0.16525890000000001 0.0795691 0.005111100000000006 0.0024609000000000024 
0.550652256 0.17772374400000004 0.04144694399999997 0.013377055999999993 0.152427744 0.04919625600000001 0.011473055999999992 0.003702943999999998 
0.50390109 0.22322890999999997 0.026521110000000025 0.01174889000000001 0.15444891000000002 0.06842109 0.008128890000000008 0.0036011100000000033 
0.4537504799999999 0.17645851999999995 0.014033520000000011 0.005457480000000004 0.24464952 0.09514147999999999 0.0075664800000000065 0.0029425200000000023 
0.41100671699999997 0.214574283 0.004151583000000003 0.0021674170000000018 0.23942328300000004 0.12499571700000002 0.0024184170000000026 0.0012625830000000014 
0.46798424999999994 0.16614075000000003 0.02463075000000002 0.00874425000000001 0.23311575 0.08275925000000002 0.012269250000000011 0.004355750000000005 
0.42539107499999995 0.20481792499999998 0.013156425000000012 0.0063345750000000055 0.22935892500000002 0.110432075 0.007093575000000007 0.003415425000000003 

Timestep: 1
Action: 0
0.648648 0.07207199999999998 0.161352 0.017927999999999996 0.07207199999999998 0.008007999999999996 0.017927999999999996 0.001991999999999999 
0.6121632 0.10802880000000002 0.13583679999999995 0.023971199999999995 0.0834768 0.014731200000000003 0.018523199999999997 0.0032687999999999997 
0.6629004800000001 0.057643519999999976 0.18349952 0.01595647999999999 0.05764351999999998 0.005012479999999995 0.01595647999999999 0.0013875199999999986 
0.6270264 0.0936936 0.1559736 0.0233064 0.06966959999999998 0.010410399999999998 0.017330399999999992 0.002589599999999999 
0.6121632 0.0834768 0.13583679999999998 0.018523199999999997 0.10802880000000002 0.014731200000000002 0.023971199999999998 0.0032687999999999997 
0.5759203999999999 0.11795960000000001 0.11297960000000001 0.02314040000000001 0.11795960000000001 0.02416040000000001 0.02314040000000001 0.0047396000000000035 
0.6270264000000001 0.0696696 0.1559736 0.017330399999999996 0.09369360000000002 0.010410399999999998 0.023306399999999998 0.002589599999999999 
0.591294 0.10434600000000002 0.13120599999999996 0.023153999999999997 0.10434600000000002 0.018414000000000007 0.023153999999999997 0.004086 
Action: 1
0.53662194 0.19867806000000002 0.028243260000000023 0.010456740000000011 0.15668806000000002 0.05801194000000002 0.008246740000000008 0.003053260000000004 
0.48949109999999996 0.24382890000000002 0.015138900000000012 0.007541100000000007 0.1579839 0.07869610000000002 0.004886100000000005 0.0024339000000000027 
0.550652256 0.18590774400000004 0.041446943999999965 0.013993055999999992 0.14461574400000002 0.04882425600000001 0.010885055999999992 0.003674943999999998 
0.5039010899999999 0.23139890999999996 0.026521110000000025 0.01217889000000001 0.14713391000000003 0.06756609000000001 0.0077438900000000085 0.0035561100000000034 
0.45375048000000007 0.18353951999999998 0.014033520000000015 0.0056764800000000054 0.23688952000000002 0.09582048 0.007326480000000008 0.0029635200000000025 
0.41100671699999997 0.221603283 0.004151583000000004 0.002238417000000002 0.232196283 0.125193717 0.0023454170000000024 0.0012645830000000014 
0.46798425 0.17326575000000002 0.02463075000000002 0.00911925000000001 0.22532575 0.08342425 0.01185925000000001 0.004390750000000005 
0.425391075 0.21189892500000002 0.013156425000000013 0.006553575000000007 0.222083925 0.110626075 0.006868575000000006 0.003421425000000003 

Timestep: 2
Action: 0
0.648648 0.07207199999999998 0.161352 0.017927999999999996 0.07207199999999998 0.008007999999999996 0.017927999999999996 0.001991999999999999 
0.6121632 0.10802880000000002 0.13583679999999995 0.023971199999999995 0.0834768 0.014731200000000003 0.018523199999999997 0.0032687999999999997 
0.6629004800000001 0.057643519999999976 0.18349952 0.01595647999999999 0.05764351999999998 0.005012479999999995 0.01595647999999999 0.0013875199999999986 
0.6270264 0.0936936 0.1559736 0.0233064 0.06966959999999998 0.010410399999999998 0.017330399999999992 0.002589599999999999 
0.6121632 0.0834768 0.13583679999999998 0.018523199999999997 0.10802880000000002 0.014731200000000002 0.023971199999999998 0.0032687999999999997 
0.5759203999999999 0.11795960000000001 0.11297960000000001 0.02314040000000001 0.11795960000000001 0.02416040000000001 0.02314040000000001 0.0047396000000000035 
0.6270264000000001 0.0696696 0.1559736 0.017330399999999996 0.09369360000000002 0.010410399999999998 0.023306399999999998 0.002589599999999999 
0.591294 0.10434600000000002 0.13120599999999996 0.023153999999999997 0.10434600000000002 0.018414000000000007 0.023153999999999997 0.004086 
Action: 1
0.5486808599999999 0.18661914000000002 0.028877940000000022 0.00982206000000001 0.16020914000000003 0.054490860000000016 0.008432060000000009 0.0028679400000000033 
0.5004909 0.23282909999999998 0.015479100000000013 0.007200900000000007 0.1615341 0.07514590000000002 0.004995900000000005 0.0023241000000000026 
0.563026464 0.17353353600000004 0.04237833599999997 0.013061663999999992 0.14786553600000002 0.045574464000000016 0.011129663999999992 0.0034303359999999982 
0.5152247099999999 0.22007529 0.027117090000000024 0.01158291000000001 0.15044029000000003 0.06425971000000001 0.007917910000000007 0.0033820900000000034 
0.4639471200000001 0.17334287999999998 0.014348880000000015 0.005361120000000005 0.24221288000000005 0.09049711999999999 0.007491120000000007 0.0027988800000000023 
0.420242823 0.212367177 0.004244877000000004 0.002145123000000002 0.23741417700000003 0.11997582300000001 0.0023981230000000024 0.0012118770000000012 
0.47850075 0.16274925 0.025184250000000023 0.008565750000000009 0.23038924999999996 0.07836075 0.01212575000000001 0.004124250000000004 
0.43495042500000003 0.20233957500000002 0.013452075000000013 0.006257925000000006 0.227074575 0.105635425 0.007022925000000006 0.003267075000000003 

Timestep: 3
Action: 0
0.6633900000000001 0.07371 0.14661 0.016289999999999995 0.07370999999999998 0.008189999999999998 0.016289999999999995 0.0018099999999999991 
0.6260760000000001 0.11048400000000003 0.12192399999999998 0.021516 0.085374 0.015066000000000003 0.016626 0.002934 
0.6779664000000001 0.058953599999999974 0.16843360000000002 0.014646399999999995 0.058953599999999974 0.005126399999999995 0.014646399999999995 0.0012735999999999989 
0.6412770000000001 0.09582300000000002 0.141723 0.021176999999999998 0.07125299999999998 0.010646999999999998 0.015746999999999994 0.002352999999999999 
0.6260760000000001 0.085374 0.12192399999999998 0.016626 0.11048400000000003 0.015066000000000003 0.021516 0.002934 
0.5890095 0.12064050000000003 0.09989050000000002 0.02045950000000001 0.12064050000000003 0.024709500000000013 0.02045950000000001 0.004190500000000003 
0.641277 0.07125299999999998 0.14172300000000002 0.015746999999999997 0.095823 0.010646999999999998 0.021176999999999998 0.002352999999999999 
0.6047325 0.10671750000000002 0.11776749999999998 0.0207825 0.10671750000000002 0.018832500000000005 0.0207825 0.0036675000000000006 
Action: 1
0.5246970080000001 0.19426299200000005 0.027615632000000025 0.010224368000000011 0.16861299200000002 0.06242700800000002 0.00887436800000001 0.003285632000000004 
0.47861351999999996 0.23841048 0.014802480000000012 0.007373520000000007 0.16886148 0.08411452000000001 0.005222520000000005 0.002601480000000003 
0.5384155392 0.1817764608 0.040525900799999966 0.01368209919999999 0.15685246079999998 0.0529555392 0.011806099199999991 0.003985900799999997 
0.492703288 0.226256712 0.025931752000000023 0.01190824800000001 0.158331712 0.072708288 0.008333248000000008 0.0038267520000000036 
0.44366713599999996 0.17946086399999997 0.013721664000000012 0.005550336000000004 0.24697286400000004 0.099899136 0.007638336000000008 0.003089664000000003 
0.40187323439999995 0.2166787656 0.004059325600000004 0.002188674400000002 0.24132976560000002 0.13011823440000003 0.0024376744000000022 0.0013143256000000012 
0.4575846 0.16941540000000002 0.024083400000000022 0.008916600000000009 0.23572539999999997 0.08727460000000001 0.01240660000000001 0.004593400000000005 
0.41593793999999995 0.20719005999999998 0.012864060000000009 0.006407940000000005 0.23153706000000002 0.11533494000000001 0.007160940000000006 0.0035670600000000034 

Timestep: 4
Action: 0
0.648648 0.07207199999999998 0.161352 0.017927999999999996 0.07207199999999998 0.008007999999999996 0.017927999999999996 0.001991999999999999 
0.6121632 0.10802880000000002 0.13583679999999995 0.023971199999999995 0.0834768 0.014731200000000003 0.018523199999999997 0.0032687999999999997 
0.6629004800000001 0.057643519999999976 0.18349952 0.01595647999999999 0.05764351999999998 0.005012479999999995 0.01595647999999999 0.0013875199999999986 
0.6270264 0.0936936 0.1559736 0.0233064 0.06966959999999998 0.010410399999999998 0.017330399999999992 0.002589599999999999 
0.6121632 0.0834768 0.13583679999999998 0.018523199999999997 0.10802880000000002 0.014731200000000002 0.023971199999999998 0.0032687999999999997 
0.5759203999999999 0.11795960000000001 0.11297960000000001 0.02314040000000001 0.11795960000000001 0.02416040000000001 0.02314040000000001 0.0047396000000000035 
0.6270264000000001 0.0696696 0.1559736 0.017330399999999996 0.09369360000000002 0.010410399999999998 0.023306399999999998 0.002589599999999999 
0.591294 0.10434600000000002 0.13120599999999996 0.023153999999999997 0.10434600000000002 0.018414000000000007 0.023153999999999997 0.004086 
Action: 1
0.5486808599999999 0.19478914000000003 0.028877940000000022 0.01025206000000001 0.15241913999999998 0.05411086000000001 0.008022060000000008 0.0028479400000000032 
0.5004909 0.24097709999999997 0.015479100000000013 0.007452900000000006 0.1542591 0.0742729 0.004770900000000005 0.0022971000000000024 
0.563026464 0.18171753600000004 0.04237833599999997 0.013677663999999994 0.140053536 0.04520246400000001 0.010541663999999992 0.003402335999999998 
0.51522471 0.22824529 0.027117090000000024 0.01201291000000001 0.14312529000000002 0.06340471 0.007532910000000007 0.003337090000000003 
0.46394712 0.18042387999999998 0.014348880000000012 0.0055801200000000035 0.23445288 0.09117611999999999 0.007251120000000006 0.002819880000000002 
0.420242823 0.219396177 0.004244877000000004 0.002216123000000002 0.23018717700000002 0.12017382300000003 0.0023251230000000023 0.0012138770000000012 
0.4785007499999999 0.16987425000000003 0.025184250000000023 0.00894075000000001 0.22259924999999997 0.07902575000000002 0.011715750000000011 0.004159250000000005 
0.43495042500000003 0.20942057500000003 0.013452075000000011 0.006476925000000006 0.21979957500000002 0.105829425 0.006797925000000007 0.003273075000000003 

Timestep: 5
Action: 0
0.6707610000000002 0.074529 0.139239 0.015470999999999995 0.07452899999999998 0.008280999999999997 0.015470999999999995 0.001718999999999999 
0.6330324 0.11171160000000002 0.11496759999999996 0.020288399999999998 0.0863226 0.015233400000000003 0.015677399999999994 0.0027665999999999993 
0.6854993600000001 0.05960863999999998 0.16090064 0.013991359999999993 0.05960863999999998 0.005183359999999995 0.013991359999999994 0.0012166399999999989 
0.6484023000000001 0.09688770000000002 0.1345977 0.0201123 0.07204469999999999 0.010765299999999998 0.014955299999999994 0.002234699999999999 
0.6330324 0.0863226 0.11496759999999996 0.015677399999999994 0.11171160000000002 0.015233400000000003 0.020288399999999995 0.0027665999999999993 
0.59555405 0.12198095000000002 0.09334595000000001 0.01911905000000001 0.12198095 0.024984050000000008 0.01911905000000001 0.003915950000000003 
0.6484023000000001 0.07204469999999999 0.13459769999999996 0.014955299999999993 0.09688770000000001 0.010765299999999998 0.020112299999999996 0.002234699999999999 
0.6114517500000001 0.10790325000000003 0.11104824999999996 0.019596749999999996 0.10790325000000002 0.019041750000000007 0.019596749999999996 0.00345825 
Action: 1
0.5306594739999999 0.19647052600000003 0.027929446000000024 0.01034055400000001 0.16265052600000002 0.060219474000000016 0.008560554000000008 0.0031694460000000037 
0.48405230999999993 0.24111969 0.01497069000000001 0.007457310000000006 0.16342269 0.08140531000000001 0.0050543100000000046 0.0025176900000000025 
0.5445338975999999 0.1838421024 0.040986422399999965 0.013837577599999991 0.1507341024 0.050889897600000004 0.01134557759999999 0.003830422399999997 
0.49830218899999995 0.22882781099999996 0.026226431000000022 0.01204356900000001 0.15273281100000002 0.070137189 0.008038569000000008 0.0036914310000000033 
0.44870880799999996 0.18150019199999995 0.013877592000000013 0.005613408000000004 0.24193119200000004 0.09785980799999999 0.007482408000000008 0.0030265920000000024 
0.4064399756999999 0.2191410243 0.004105454300000003 0.0022135457000000015 0.2367630243 0.1276559757 0.002391545700000002 0.0012894543000000014 
0.46278442499999994 0.17134057500000002 0.024357075000000023 0.00901792500000001 0.230525575 0.08534942500000002 0.012132925000000011 0.004492075000000005 
0.42066450749999995 0.20954449249999998 0.01301024250000001 0.006480757500000005 0.2268104925 0.11298050750000001 0.007014757500000007 0.0034942425000000035 

Timestep: 6
Action: 0
0.648648 0.07207199999999998 0.161352 0.017927999999999996 0.07207199999999998 0.008007999999999996 0.017927999999999996 0.001991999999999999 
0.6121632 0.10802880000000002 0.13583679999999995 0.023971199999999995 0.0834768 0.014731200000000003 0.018523199999999997 0.0032687999999999997 
0.6629004800000001 0.057643519999999976 0.18349952 0.01595647999999999 0.05764351999999998 0.005012479999999995 0.01595647999999999 0.0013875199999999986 
0.6270264 0.0936936 0.1559736 0.0233064 0.06966959999999998 0.010410399999999998 0.017330399999999992 0.002589599999999999 
0.6121632 0.0834768 0.13583679999999998 0.018523199999999997 0.10802880000000002 0.014731200000000002 0.023971199999999998 0.0032687999999999997 
0.5759203999999999 0.11795960000000001 0.11297960000000001 0.02314040000000001 0.11795960000000001 0.02416040000000001 0.02314040000000001 0.0047396000000000035 
0.6270264000000001 0.0696696 0.1559736 0.017330399999999996 0.09369360000000002 0.010410399999999998 0.023306399999999998 0.002589599999999999 
0.591294 0.10434600000000002 0.13120599999999996 0.023153999999999997 0.10434600000000002 0.018414000000000007 0.023153999999999997 0.004086 
Action: 1
0.5486808599999999 0.19478914000000003 0.028877940000000022 0.01025206000000001 0.15241913999999998 0.05411086000000001 0.008022060000000008 0.0028479400000000032 
0.5004909 0.24097709999999997 0.015479100000000013 0.007452900000000006 0.1542591 0.0742729 0.004770900000000005 0.0022971000000000024 
0.563026464 0.18171753600000004 0.04237833599999997 0.013677663999999994 0.140053536 0.04520246400000001 0.010541663999999992 0.003402335999999998 
0.51522471 0.22824529 0.027117090000000024 0.01201291000000001 0.14312529000000002 0.06340471 0.007532910000000007 0.003337090000000003 
0.46394712 0.18042387999999998 0.014348880000000012 0.0055801200000000035 0.23445288 0.09117611999999999 0.007251120000000006 0.002819880000000002 
0.420242823 0.219396177 0.004244877000000004 0.002216123000000002 0.23018717700000002 0.12017382300000003 0.0023251230000000023 0.0012138770000000012 
0.4785007499999999 0.16987425000000003 0.025184250000000023 0.00894075000000001 0.22259924999999997 0.07902575000000002 0.011715750000000011 0.004159250000000005 
0.43495042500000003 0.20942057500000003 0.013452075000000011 0.006476925000000006 0.21979957500000002 0.105829425 0.006797925000000007 0.003273075000000003 

Timestep: 7
Action: 0
0.648648 0.07207199999999998 0.161352 0.017927999999999996 0.07207199999999998 0.008007999999999996 0.017927999999999996 0.001991999999999999 
0.6121632 0.10802880000000002 0.13583679999999995 0.023971199999999995 0.0834768 0.014731200000000003 0.018523199999999997 0.0032687999999999997 
0.6629004800000001 0.057643519999999976 0.18349952 0.01595647999999999 0.05764351999999998 0.005012479999999995 0.01595647999999999 0.0013875199999999986 
0.6270264 0.0936936 0.1559736 0.0233064 0.06966959999999998 0.010410399999999998 0.017330399999999992 0.002589599999999999 
0.6121632 0.0834768 0.13583679999999998 0.018523199999999997 0.10802880000000002 0.014731200000000002 0.023971199999999998 0.0032687999999999997 
0.5759203999999999 0.11795960000000001 0.11297960000000001 0.02314040000000001 0.11795960000000001 0.02416040000000001 0.02314040000000001 0.0047396000000000035 
0.6270264000000001 0.0696696 0.1559736 0.017330399999999996 0.09369360000000002 0.010410399999999998 0.023306399999999998 0.002589599999999999 
0.591294 0.10434600000000002 0.13120599999999996 0.023153999999999997 0.10434600000000002 0.018414000000000007 0.023153999999999997 0.004086 
Action: 1
0.53059248 0.18836752000000007 0.027925920000000024 0.009914080000000011 0.17050752000000002 0.06053248000000002 0.00897408000000001 0.003185920000000004 
0.4839912 0.2330328 0.014968800000000013 0.0072072000000000065 0.17075880000000004 0.08221720000000002 0.005281200000000006 0.0025428000000000026 
0.544465152 0.17572684800000005 0.04098124799999997 0.013226751999999993 0.158614848 0.05119315200000001 0.011938751999999992 0.0038532479999999984 
0.49823928000000006 0.22072072 0.026223120000000027 0.01161688000000001 0.16011072000000004 0.07092928000000001 0.00842688000000001 0.003733120000000004 
0.4486521599999999 0.17447583999999997 0.01387584000000001 0.005396160000000004 0.24974784 0.09712415999999999 0.007724160000000007 0.0030038400000000024 
0.406388664 0.212163336 0.004104936000000004 0.0021430640000000022 0.24404133600000005 0.12740666400000003 0.0024650640000000025 0.0012869360000000013 
0.46272599999999997 0.16427400000000003 0.02435400000000002 0.00864600000000001 0.23837399999999997 0.084626 0.01254600000000001 0.004454000000000005 
0.42061139999999997 0.20251659999999996 0.01300860000000001 0.006263400000000005 0.23413860000000003 0.11273340000000001 0.007241400000000007 0.0034866000000000033 

Timestep: 8
Action: 0
0.656019 0.07289099999999998 0.153981 0.017108999999999996 0.072891 0.008098999999999997 0.017108999999999996 0.001900999999999999 
0.6191196000000001 0.10925640000000003 0.12888039999999995 0.022743599999999996 0.08442540000000001 0.014898600000000003 0.017574599999999992 0.0031013999999999994 
0.67043344 0.05829855999999997 0.17596656 0.015301439999999993 0.05829855999999997 0.0050694399999999945 0.015301439999999993 0.0013305599999999986 
0.6341517000000001 0.09475830000000002 0.1488483 0.0222417 0.07046129999999999 0.0105287 0.016538699999999996 0.0024712999999999996 
0.6191196000000001 0.08442540000000001 0.12888039999999995 0.017574599999999992 0.10925640000000003 0.014898600000000003 0.022743599999999996 0.0031013999999999994 
0.5824649499999999 0.11930005 0.10643505 0.02179995000000001 0.11930005000000002 0.02443495000000001 0.02179995000000001 0.0044650500000000025 
0.6341517000000001 0.07046129999999999 0.1488483 0.016538699999999993 0.0947583 0.010528699999999998 0.0222417 0.002471299999999999 
0.59801325 0.10553175000000004 0.12448674999999995 0.021968249999999995 0.10553175000000002 0.018623250000000008 0.021968249999999995 0.00387675 
Action: 1
0.53662194 0.19050806000000003 0.028243260000000023 0.010026740000000011 0.16447806 0.05839194000000002 0.008656740000000008 0.003073260000000004 
0.48949109999999996 0.23568089999999997 0.015138900000000012 0.007289100000000006 0.16525890000000001 0.0795691 0.005111100000000006 0.0024609000000000024 
0.550652256 0.17772374400000004 0.04144694399999997 0.013377055999999993 0.152427744 0.04919625600000001 0.011473055999999992 0.003702943999999998 
0.50390109 0.22322890999999997 0.026521110000000025 0.01174889000000001 0.15444891000000002 0.06842109 0.008128890000000008 0.0036011100000000033 
0.4537504799999999 0.17645851999999995 0.014033520000000011 0.005457480000000004 0.24464952 0.09514147999999999 0.0075664800000000065 0.0029425200000000023 
0.41100671699999997 0.214574283 0.004151583000000003 0.0021674170000000018 0.23942328300000004 0.12499571700000002 0.0024184170000000026 0.0012625830000000014 
0.46798424999999994 0.16614075000000003 0.02463075000000002 0.00874425000000001 0.23311575 0.08275925000000002 0.012269250000000011 0.004355750000000005 
0.42539107499999995 0.20481792499999998 0.013156425000000012 0.0063345750000000055 0.22935892500000002 0.110432075 0.007093575000000007 0.003415425000000003 

Timestep: 9
Action: 0
0.656019 0.07289099999999998 0.153981 0.017108999999999996 0.072891 0.008098999999999997 0.017108999999999996 0.001900999999999999 
0.6191196000000001 0.10925640000000003 0.12888039999999995 0.022743599999999996 0.08442540000000001 0.014898600000000003 0.017574599999999992 0.0031013999999999994 
0.67043344 0.05829855999999997 0.17596656 0.015301439999999993 0.05829855999999997 0.0050694399999999945 0.015301439999999993 0.0013305599999999986 
0.6341517000000001 0.09475830000000002 0.1488483 0.0222417 0.07046129999999999 0.0105287 0.016538699999999996 0.0024712999999999996 
0.6191196000000001 0.08442540000000001 0.12888039999999995 0.017574599999999992 0.10925640000000003 0.014898600000000003 0.022743599999999996 0.0031013999999999994 
0.5824649499999999 0.11930005 0.10643505 0.02179995000000001 0.11930005000000002 0.02443495000000001 0.02179995000000001 0.0044650500000000025 
0.6341517000000001 0.07046129999999999 0.1488483 0.016538699999999993 0.0947583 0.010528699999999998 0.0222417 0.002471299999999999 
0.59801325 0.10553175000000004 0.12448674999999995 0.021968249999999995 0.10553175000000002 0.018623250000000008 0.021968249999999995 0.00387675 
Action: 1
0.542584406 0.20088559400000003 0.028557074000000023 0.01057292600000001 0.150725594 0.05580440600000001 0.007932926000000007 0.002937074000000003 
0.49492988999999993 0.24653810999999998 0.015307110000000013 0.0076248900000000066 0.15254511 0.07598689000000002 0.004717890000000005 0.0023501100000000025 
0.5567706144 0.1879733856 0.041907465599999964 0.01414853439999999 0.1384973856 0.0467586144 0.01042453439999999 0.0035194655999999974 
0.509499991 0.23397000899999998 0.026815789000000024 0.012314211000000009 0.141535009 0.06499499099999999 0.007449211000000007 0.003420789000000003 
0.45879215200000006 0.185578848 0.014189448000000012 0.0057395520000000045 0.23184784800000002 0.09378115199999999 0.007170552000000007 0.0029004480000000025 
0.4155734582999999 0.22406554169999998 0.004197711700000003 0.002263288300000002 0.2276295417 0.12273145830000001 0.0022992883000000023 0.0012397117000000012 
0.4731840749999999 0.17519092500000003 0.02490442500000002 0.00922057500000001 0.22012592499999997 0.081499075 0.011585575000000011 0.004289425000000005 
0.4301176425 0.21425335750000002 0.013302607500000011 0.006626392500000006 0.2173573575 0.1082716425 0.006722392500000006 0.003348607500000003 

Timestep: 10
Action: 0
0.648648 0.07207199999999998 0.161352 0.017927999999999996 0.07207199999999998 0.008007999999999996 0.017927999999999996 0.001991999999999999 
0.6121632 0.10802880000000002 0.13583679999999995 0.023971199999999995 0.0834768 0.014731200000000003 0.018523199999999997 0.0032687999999999997 
0.6629004800000001 0.057643519999999976 0.18349952 0.01595647999999999 0.05764351999999998 0.005012479999999995 0.01595647999999999 0.0013875199999999986 
0.6270264 0.0936936 0.1559736 0.0233064 0.06966959999999998 0.010410399999999998 0.017330399999999992 0.002589599999999999 
0.6121632 0.0834768 0.13583679999999998 0.018523199999999997 0.10802880000000002 0.014731200000000002 0.023971199999999998 0.0032687999999999997 
0.5759203999999999 0.11795960000000001 0.11297960000000001 0.02314040000000001 0.11795960000000001 0.02416040000000001 0.02314040000000001 0.0047396000000000035 
0.6270264000000001 0.0696696 0.1559736 0.017330399999999996 0.09369360000000002 0.010410399999999998 0.023306399999999998 0.002589599999999999 
0.591294 0.10434600000000002 0.13120599999999996 0.023153999999999997 0.10434600000000002 0.018414000000000007 0.023153999999999997 0.004086 
Action: 1
0.5486808599999999 0.18661914000000002 0.028877940000000022 0.00982206000000001 0.16020914000000003 0.054490860000000016 0.008432060000000009 0.0028679400000000033 
0.5004909 0.23282909999999998 0.015479100000000013 0.007200900000000007 0.1615341 0.07514590000000002 0.004995900000000005 0.0023241000000000026 
0.563026464 0.17353353600000004 0.04237833599999997 0.013061663999999992 0.14786553600000002 0.045574464000000016 0.011129663999999992 0.0034303359999999982 
0.5152247099999999 0.22007529 0.027117090000000024 0.01158291000000001 0.15044029000000003 0.06425971000000001 0.007917910000000007 0.0033820900000000034 
0.4639471200000001 0.17334287999999998 0.014348880000000015 0.005361120000000005 0.24221288000000005 0.09049711999999999 0.007491120000000007 0.0027988800000000023 
0.420242823 0.212367177 0.004244877000000004 0.002145123000000002 0.23741417700000003 0.11997582300000001 0.0023981230000000024 0.0012118770000000012 
0.47850075 0.16274925 0.025184250000000023 0.008565750000000009 0.23038924999999996 0.07836075 0.01212575000000001 0.004124250000000004 
0.43495042500000003 0.20233957500000002 0.013452075000000013 0.006257925000000006 0.227074575 0.105635425 0.007022925000000006 0.003267075000000003 

Timestep: 11
Action: 0
0.6633900000000001 0.07371 0.14661 0.016289999999999995 0.07370999999999998 0.008189999999999998 0.016289999999999995 0.0018099999999999991 
0.6260760000000001 0.11048400000000003 0.12192399999999998 0.021516 0.085374 0.015066000000000003 0.016626 0.002934 
0.6779664000000001 0.058953599999999974 0.16843360000000002 0.014646399999999995 0.058953599999999974 0.005126399999999995 0.014646399999999995 0.0012735999999999989 
0.6412770000000001 0.09582300000000002 0.141723 0.021176999999999998 0.07125299999999998 0.010646999999999998 0.015746999999999994 0.002352999999999999 
0.6260760000000001 0.085374 0.12192399999999998 0.016626 0.11048400000000003 0.015066000000000003 0.021516 0.002934 
0.5890095 0.12064050000000003 0.09989050000000002 0.02045950000000001 0.12064050000000003 0.024709500000000013 0.02045950000000001 0.004190500000000003 
0.641277 0.07125299999999998 0.14172300000000002 0.015746999999999997 0.095823 0.010646999999999998 0.021176999999999998 0.002352999999999999 
0.6047325 0.10671750000000002 0.11776749999999998 0.0207825 0.10671750000000002 0.018832500000000005 0.0207825 0.0036675000000000006 
Action: 1
0.5486808599999999 0.18661914000000002 0.028877940000000022 0.00982206000000001 0.16020914000000003 0.054490860000000016 0.008432060000000009 0.0028679400000000033 
0.5004909 0.23282909999999998 0.015479100000000013 0.007200900000000007 0.1615341 0.07514590000000002 0.004995900000000005 0.0023241000000000026 
0.563026464 0.17353353600000004 0.04237833599999997 0.013061663999999992 0.14786553600000002 0.045574464000000016 0.011129663999999992 0.0034303359999999982 
0.5152247099999999 0.22007529 0.027117090000000024 0.01158291000000001 0.15044029000000003 0.06425971000000001 0.007917910000000007 0.0033820900000000034 
0.4639471200000001 0.17334287999999998 0.014348880000000015 0.005361120000000005 0.24221288000000005 0.09049711999999999 0.007491120000000007 0.0027988800000000023 
0.420242823 0.212367177 0.004244877000000004 0.002145123000000002 0.23741417700000003 0.11997582300000001 0.0023981230000000024 0.0012118770000000012 
0.47850075 0.16274925 0.025184250000000023 0.008565750000000009 0.23038924999999996 0.07836075 0.01212575000000001 0.004124250000000004 
0.43495042500000003 0.20233957500000002 0.013452075000000013 0.006257925000000006 0.227074575 0.105635425 0.007022925000000006 0.003267075000000003 

Timestep: 12
Action: 0
0.6633900000000001 0.07371 0.14661 0.016289999999999995 0.07370999999999998 0.008189999999999998 0.016289999999999995 0.0018099999999999991 
0.6260760000000001 0.11048400000000003 0.12192399999999998 0.021516 0.085374 0.015066000000000003 0.016626 0.002934 
0.6779664000000001 0.058953599999999974 0.16843360000000002 0.014646399999999995 0.058953599999999974 0.005126399999999995 0.014646399999999995 0.0012735999999999989 
0.6412770000000001 0.09582300000000002 0.141723 0.021176999999999998 0.07125299999999998 0.010646999999999998 0.015746999999999994 0.002352999999999999 
0.6260760000000001 0.085374 0.12192399999999998 0.016626 0.11048400000000003 0.015066000000000003 0.021516 0.002934 
0.5890095 0.12064050000000003 0.09989050000000002 0.02045950000000001 0.12064050000000003 0.024709500000000013 0.02045950000000001 0.004190500000000003 
0.641277 0.07125299999999998 0.14172300000000002 0.015746999999999997 0.095823 0.010646999999999998 0.021176999999999998 0.002352999999999999 
0.6047325 0.10671750000000002 0.11776749999999998 0.0207825 0.10671750000000002 0.018832500000000005 0.0207825 0.0036675000000000006 
Action: 1
0.53662194 0.19867806000000002 0.028243260000000023 0.010456740000000011 0.15668806000000002 0.05801194000000002 0.008246740000000008 0.003053260000000004 
0.48949109999999996 0.24382890000000002 0.015138900000000012 0.007541100000000007 0.1579839 0.07869610000000002 0.004886100000000005 0.0024339000000000027 
0.550652256 0.18590774400000004 0.041446943999999965 0.013993055999999992 0.14461574400000002 0.04882425600000001 0.010885055999999992 0.003674943999999998 
0.5039010899999999 0.23139890999999996 0.026521110000000025 0.01217889000000001 0.14713391000000003 0.06756609000000001 0.0077438900000000085 0.0035561100000000034 
0.45375048000000007 0.18353951999999998 0.014033520000000015 0.0056764800000000054 0.23688952000000002 0.09582048 0.007326480000000008 0.0029635200000000025 
0.41100671699999997 0.221603283 0.004151583000000004 0.002238417000000002 0.232196283 0.125193717 0.0023454170000000024 0.0012645830000000014 
0.46798425 0.17326575000000002 0.02463075000000002 0.00911925000000001 0.22532575 0.08342425 0.01185925000000001 0.004390750000000005 
0.425391075 0.21189892500000002 0.013156425000000013 0.006553575000000007 0.222083925 0.110626075 0.006868575000000006 0.003421425000000003 

Timestep: 13
Action: 0
0.656019 0.07289099999999998 0.153981 0.017108999999999996 0.072891 0.008098999999999997 0.017108999999999996 0.001900999999999999 
0.6191196000000001 0.10925640000000003 0.12888039999999995 0.022743599999999996 0.08442540000000001 0.014898600000000003 0.017574599999999992 0.0031013999999999994 
0.67043344 0.05829855999999997 0.17596656 0.015301439999999993 0.05829855999999997 0.0050694399999999945 0.015301439999999993 0.0013305599999999986 
0.6341517000000001 0.09475830000000002 0.1488483 0.0222417 0.07046129999999999 0.0105287 0.016538699999999996 0.0024712999999999996 
0.6191196000000001 0.08442540000000001 0.12888039999999995 0.017574599999999992 0.10925640000000003 0.014898600000000003 0.022743599999999996 0.0031013999999999994 
0.5824649499999999 0.11930005 0.10643505 0.02179995000000001 0.11930005000000002 0.02443495000000001 0.02179995000000001 0.0044650500000000025 
0.6341517000000001 0.07046129999999999 0.1488483 0.016538699999999993 0.0947583 0.010528699999999998 0.0222417 0.002471299999999999 
0.59801325 0.10553175000000004 0.12448674999999995 0.021968249999999995 0.10553175000000002 0.018623250000000008 0.021968249999999995 0.00387675 
Action: 1
0.5246970080000001 0.19426299200000005 0.027615632000000025 0.010224368000000011 0.16861299200000002 0.06242700800000002 0.00887436800000001 0.003285632000000004 
0.47861351999999996 0.23841048 0.014802480000000012 0.007373520000000007 0.16886148 0.08411452000000001 0.005222520000000005 0.002601480000000003 
0.5384155392 0.1817764608 0.040525900799999966 0.01368209919999999 0.15685246079999998 0.0529555392 0.011806099199999991 0.003985900799999997 
0.492703288 0.226256712 0.025931752000000023 0.01190824800000001 0.158331712 0.072708288 0.008333248000000008 0.0038267520000000036 
0.44366713599999996 0.17946086399999997 0.013721664000000012 0.005550336000000004 0.24697286400000004 0.099899136 0.007638336000000008 0.003089664000000003 
0.40187323439999995 0.2166787656 0.004059325600000004 0.002188674400000002 0.24132976560000002 0.13011823440000003 0.0024376744000000022 0.0013143256000000012 
0.4575846 0.16941540000000002 0.024083400000000022 0.008916600000000009 0.23572539999999997 0.08727460000000001 0.01240660000000001 0.004593400000000005 
0.41593793999999995 0.20719005999999998 0.012864060000000009 0.006407940000000005 0.23153706000000002 0.11533494000000001 0.007160940000000006 0.0035670600000000034 

Timestep: 14
Action: 0
0.648648 0.07207199999999998 0.161352 0.017927999999999996 0.07207199999999998 0.008007999999999996 0.017927999999999996 0.001991999999999999 
0.6121632 0.10802880000000002 0.13583679999999995 0.023971199999999995 0.0834768 0.014731200000000003 0.018523199999999997 0.0032687999999999997 
0.6629004800000001 0.057643519999999976 0.18349952 0.01595647999999999 0.05764351999999998 0.005012479999999995 0.01595647999999999 0.0013875199999999986 
0.6270264 0.0936936 0.1559736 0.0233064 0.06966959999999998 0.010410399999999998 0.017330399999999992 0.002589599999999999 
0.6121632 0.0834768 0.13583679999999998 0.018523199999999997 0.10802880000000002 0.014731200000000002 0.023971199999999998 0.0032687999999999997 
0.5759203999999999 0.11795960000000001 0.11297960000000001 0.02314040000000001 0.11795960000000001 0.02416040000000001 0.02314040000000001 0.0047396000000000035 
0.6270264000000001 0.0696696 0.1559736 0.017330399999999996 0.09369360000000002 0.010410399999999998 0.023306399999999998 0.002589599999999999 
0.591294 0.10434600000000002 0.13120599999999996 0.023153999999999997 0.10434600000000002 0.018414000000000007 0.023153999999999997 0.004086 
Action: 1
0.542584406 0.20088559400000003 0.028557074000000023 0.01057292600000001 0.150725594 0.05580440600000001 0.007932926000000007 0.002937074000000003 
0.49492988999999993 0.24653810999999998 0.015307110000000013 0.0076248900000000066 0.15254511 0.07598689000000002 0.004717890000000005 0.0023501100000000025 
0.5567706144 0.1879733856 0.041907465599999964 0.01414853439999999 0.1384973856 0.0467586144 0.01042453439999999 0.0035194655999999974 
0.509499991 0.23397000899999998 0.026815789000000024 0.012314211000000009 0.141535009 0.06499499099999999 0.007449211000000007 0.003420789000000003 
0.45879215200000006 0.185578848 0.014189448000000012 0.0057395520000000045 0.23184784800000002 0.09378115199999999 0.007170552000000007 0.0029004480000000025 
0.4155734582999999 0.22406554169999998 0.004197711700000003 0.002263288300000002 0.2276295417 0.12273145830000001 0.0022992883000000023 0.0012397117000000012 
0.4731840749999999 0.17519092500000003 0.02490442500000002 0.00922057500000001 0.22012592499999997 0.081499075 0.011585575000000011 0.004289425000000005 
0.4301176425 0.21425335750000002 0.013302607500000011 0.006626392500000006 0.2173573575 0.1082716425 0.006722392500000006 0.003348607500000003 

Timestep: 15
Action: 0
0.6707610000000002 0.074529 0.139239 0.015470999999999995 0.07452899999999998 0.008280999999999997 0.015470999999999995 0.001718999999999999 
0.6330324 0.11171160000000002 0.11496759999999996 0.020288399999999998 0.0863226 0.015233400000000003 0.015677399999999994 0.0027665999999999993 
0.6854993600000001 0.05960863999999998 0.16090064 0.013991359999999993 0.05960863999999998 0.005183359999999995 0.013991359999999994 0.0012166399999999989 
0.6484023000000001 0.09688770000000002 0.1345977 0.0201123 0.07204469999999999 0.010765299999999998 0.014955299999999994 0.002234699999999999 
0.6330324 0.0863226 0.11496759999999996 0.015677399999999994 0.11171160000000002 0.015233400000000003 0.020288399999999995 0.0027665999999999993 
0.59555405 0.12198095000000002 0.09334595000000001 0.01911905000000001 0.12198095 0.024984050000000008 0.01911905000000001 0.003915950000000003 
0.6484023000000001 0.07204469999999999 0.13459769999999996 0.014955299999999993 0.09688770000000001 0.010765299999999998 0.020112299999999996 0.002234699999999999 
0.6114517500000001 0.10790325000000003 0.11104824999999996 0.019596749999999996 0.10790325000000002 0.019041750000000007 0.019596749999999996 0.00345825 
Action: 1
0.554777314 0.188692686 0.029198806000000025 0.00993119400000001 0.154112686 0.052417314000000007 0.008111194000000007 0.002758806000000003 
0.5060519099999999 0.23541608999999997 0.015651090000000013 0.007280910000000006 0.15597309 0.07255891 0.004823910000000005 0.0022440900000000024 
0.5692823135999999 0.1754616864 0.042849206399999965 0.013206793599999992 0.1416096864 0.04364631360000001 0.010658793599999992 0.003285206399999998 
0.520949429 0.222520571 0.02741839100000002 0.01171160900000001 0.144715571 0.061814429 0.007616609000000007 0.003253391000000003 
0.4691020880000001 0.17526891199999997 0.014508312000000013 0.005420688000000003 0.23705791200000004 0.08857108799999999 0.007331688000000007 0.002739312000000002 
0.4249121877 0.2147268123 0.004292042300000004 0.002168957700000002 0.23274481230000002 0.11761618770000001 0.0023509577000000023 0.0011880423000000012 
0.4838174249999999 0.16455757499999998 0.02546407500000002 0.008660925000000009 0.22507257499999997 0.07655242500000001 0.01184592500000001 0.004029075000000004 
0.4397832075 0.2045877925 0.013601542500000011 0.006327457500000005 0.2222417925 0.10338720750000001 0.006873457500000006 0.003197542500000003 

Timestep: 16
Action: 0
0.656019 0.07289099999999998 0.153981 0.017108999999999996 0.072891 0.008098999999999997 0.017108999999999996 0.001900999999999999 
0.6191196000000001 0.10925640000000003 0.12888039999999995 0.022743599999999996 0.08442540000000001 0.014898600000000003 0.017574599999999992 0.0031013999999999994 
0.67043344 0.05829855999999997 0.17596656 0.015301439999999993 0.05829855999999997 0.0050694399999999945 0.015301439999999993 0.0013305599999999986 
0.6341517000000001 0.09475830000000002 0.1488483 0.0222417 0.07046129999999999 0.0105287 0.016538699999999996 0.0024712999999999996 
0.6191196000000001 0.08442540000000001 0.12888039999999995 0.017574599999999992 0.10925640000000003 0.014898600000000003 0.022743599999999996 0.0031013999999999994 
0.5824649499999999 0.11930005 0.10643505 0.02179995000000001 0.11930005000000002 0.02443495000000001 0.02179995000000001 0.0044650500000000025 
0.6341517000000001 0.07046129999999999 0.1488483 0.016538699999999993 0.0947583 0.010528699999999998 0.0222417 0.002471299999999999 
0.59801325 0.10553175000000004 0.12448674999999995 0.021968249999999995 0.10553175000000002 0.018623250000000008 0.021968249999999995 0.00387675 
Action: 1
0.5486808599999999 0.19478914000000003 0.028877940000000022 0.01025206000000001 0.15241913999999998 0.05411086000000001 0.008022060000000008 0.0028479400000000032 
