Action: 0
[0.1910576691052569, 0.09645096623011476, 0.22058907786161905, 0.0964509662238545, 0.10210080010358197, 0.10044858802786381, 0.0964509662238545, 0.0964509662238545]
[0.10731487268326821, 0.09699960229817743, 0.29243778779519136, 0.09699960229817743, 0.10252395316313197, 0.10972497716569887, 0.09699960229817743, 0.09699960229817743]
[0.13907786162777383, 0.09437683682180688, 0.26946808971554664, 0.09437683681591341, 0.1195698627593206, 0.09437683862781163, 0.09437683681591341, 0.09437683681591341]
[0.125, 0.125, 0.125, 0.125, 0.125, 0.125, 0.125, 0.125]
[0.20962478903783682, 0.09497478987308168, 0.15366531690022794, 0.09497478986628977, 0.16183594269409315, 0.0949747918958911, 0.09497478986628977, 0.09497478986628977]
[0.16181868547008063, 0.09485563585933289, 0.21153090000691604, 0.09485563538868798, 0.1523722364153747, 0.0948556360822318, 0.09485563538868798, 0.09485563538868798]
[0.125, 0.125, 0.125, 0.125, 0.125, 0.125, 0.125, 0.125]
[0.125, 0.125, 0.125, 0.125, 0.125, 0.125, 0.125, 0.125]

Action: 1
[0.0946352958791353, 0.1604133232687253, 0.0946352958791353, 0.0946352958791353, 0.23201458514115347, 0.13439561219444487, 0.0946352958791353, 0.0946352958791353]
[0.10096234627563154, 0.10096234627563154, 0.10096234627563154, 0.10096234627563154, 0.10096234627563154, 0.29326357607057923, 0.10096234627563154, 0.10096234627563154]
[0.09744104917542822, 0.09875684338089318, 0.09743794840347204, 0.09743794840347204, 0.2846287663388465, 0.12942154749094395, 0.09743794840347204, 0.09743794840347204]
[0.125, 0.125, 0.125, 0.125, 0.125, 0.125, 0.125, 0.125]
[0.09891868301544504, 0.09878455868386635, 0.09878455868386635, 0.09878455868386635, 0.21349898102376616, 0.19365954254145695, 0.09878455868386635, 0.09878455868386635]
[0.09869280844442448, 0.10255683786756231, 0.09869280844442448, 0.09869280844442448, 0.11028062699764539, 0.29369849291267, 0.09869280844442448, 0.09869280844442448]
[0.125, 0.125, 0.125, 0.125, 0.125, 0.125, 0.125, 0.125]
[0.125, 0.125, 0.125, 0.125, 0.125, 0.125, 0.125, 0.125]

