0.125 0.125 0.125 0.125 0.125 0.125 0.125 0.125
0.06578947368421052 0.10964912280701754 0.05921052631578946 0.09868421052631579 0.13157894736842105 0.21929824561403508 0.11842105263157893 0.19736842105263158
0.08769198837691987 0.1551473640514736 0.07644942576449425 0.13525667635256675 0.10523038605230385 0.18617683686176836 0.0917393109173931 0.1623080116230801
0.09881412387130355 0.07781612254865156 0.1976282477426071 0.1556322450973031 0.09429887809369611 0.06783969658087571 0.17229129290381132 0.13567939316175143
0.07393081578277495 0.12321802630462493 0.10482431414073076 0.1478616315655499 0.1004194161944384 0.15402253288078116 0.11089622367416244 0.18482703945693738
0.07283446379311406 0.12139077298852344 0.09588377254518715 0.14566892758622813 0.0995076321228685 0.1733765757916224 0.10925169568967111 0.18208615948278514
0.07131812172245369 0.11886353620408949 0.09330452711890443 0.14263624344490738 0.09749625435790636 0.19110883026192388 0.10697718258368054 0.17829530430613422
0.05943276146110116 0.0990546024351686 0.05825291053019431 0.08914914219165175 0.1299264633297225 0.27890686503887596 0.10697897062998209 0.1782982843833035
0.08370490934399995 0.14809330114707683 0.0729735107101538 0.12910698048719518 0.10044589121279995 0.22317881766195546 0.08756821285218455 0.15492837658463424
0.09403061206075682 0.07404910699784599 0.20134060058964803 0.14809821399569198 0.08994303126718145 0.0994763608328503 0.16395081077260162 0.1291112634834238
0.0703418003511492 0.11723633391858201 0.11311989127708864 0.1406836007022984 0.09554279980620095 0.1817083725400839 0.10551270052672383 0.17585450087787302
0.06886442379506996 0.11477403965844994 0.09858629954979715 0.13772884759013992 0.09407939081661978 0.21050930340964352 0.10329663569260494 0.1721610594876749
0.05745961303626811 0.09576602172711353 0.060480107522767876 0.08618941955440218 0.12551656083145682 0.2987821347539045 0.1034273034652826 0.17237883910880436
0.10610080174859739 0.08564763514645814 0.13262600218574674 0.10705954393307267 0.12732096209831686 0.153622399545225 0.1591512026228961 0.1284714527196872
0.09443030450184937 0.07622687230872179 0.18886060900369875 0.15245374461744357 0.09504927791507106 0.08579627339418752 0.16997454810332885 0.1372083701556992
0.09167519675155833 0.07219421744185218 0.24163455676306742 0.14438843488370437 0.08721065684228653 0.07717590744184102 0.15984393279758888 0.12587709707810127
0.0873995396695456 0.1456658994492427 0.12032281933465198 0.1310993095043184 0.11858983226668289 0.2199385319447287 0.09832448212823881 0.07865958570259104
0.08050155850639454 0.14242583428054417 0.07824684812335587 0.12416611193688468 0.1075445761781933 0.2338987215975223 0.08421701505284351 0.14899933432426163
0.09164053281474786 0.07397488793479647 0.1971185152523818 0.14794977586959293 0.09103483313916465 0.10017369764013659 0.16495295906654614 0.13315479828263363
0.08959275461037815 0.07055429425567279 0.25631739024095257 0.14110858851134558 0.0850508805285964 0.07814533998404267 0.15621300803860802 0.12301774383040386
0.06888248974754874 0.11480414957924791 0.1353546377993916 0.13776497949509747 0.09337456624998909 0.1742892181385302 0.10332373462132313 0.17220622436887184
0.08446862904560594 0.14078104840934325 0.10152761107292907 0.12670294356840892 0.11534196316538478 0.26012883092097594 0.09502720767630671 0.07602176614104536
0.0654490380220659 0.1157944518851935 0.09615831077191524 0.14474306485649188 0.08745839868211892 0.21853150092132548 0.09817355703309885 0.17369167782779027
0.06734425670306757 0.11224042783844593 0.10012131847321525 0.13468851340613514 0.09148334064118617 0.22474511612567952 0.10101638505460135 0.16836064175766888
0.07793430413289518 0.13788376885050685 0.0796278775040234 0.12020636258762138 0.10189884756290238 0.2566699322409533 0.08153127201595188 0.14424763510514563
0.10110531966944195 0.08161513756448929 0.1438613924616154 0.1020189219556116 0.13356740324808286 0.16375113924986195 0.15165797950416293 0.12242270634673393
0.06592431347573567 0.11663532384168618 0.10854741003788565 0.14579415480210772 0.08952998454418094 0.19972935732227118 0.0988864702136035 0.17495298576252924
0.10086316004495603 0.07942973853540287 0.15387724410197504 0.09531568624248346 0.1458399975507374 0.15423482565390675 0.15129474006743407 0.11914460780310432
0.10957402782169579 0.080348541450921 0.16722136935041315 0.10043567681365126 0.13686007942637474 0.1357331136972841 0.14930437926327858 0.1205228121763815
0.07235141523768218 0.1152467684721591 0.11218611369774245 0.14405846059019892 0.09712985476449738 0.18844801778134634 0.0977092167481349 0.17287015270823866
0.09590037435135568 0.07039805163320151 0.2293270082610944 0.14079610326640302 0.09129113683863294 0.09367493082584841 0.1558670740271128 0.12274532079635134
0.07671888169564371 0.11599926151680787 0.12445229670282527 0.14499907689600985 0.09141934277546485 0.17406504815639526 0.09834719998164147 0.17399889227521181
0.09573806672312515 0.06999070809540214 0.2366125322226773 0.1399814161908043 0.08998601386616226 0.09069100017505229 0.1549651819450499 0.1220350807817268
0.09168719076066037 0.13863459831844835 0.10491607969191827 0.12086093186736523 0.10906367868920773 0.20782916168674018 0.08197524074482163 0.14503311824083828
0.10084879358136008 0.06993336055133237 0.21473261049221767 0.13986672110266474 0.09318851668284664 0.09960899238271674 0.15594095621446352 0.12588004899239827
0.09893209173988914 0.06765914663775975 0.25954486719668163 0.1353182932755195 0.08800555063445986 0.0778837879456135 0.15086979862210903 0.12178646394796756
0.09664375176831806 0.06618902479567974 0.279840147992617 0.1323780495913595 0.08552332086814084 0.07269381401622035 0.14759164633544108 0.11914024463222353
0.11205265300239627 0.07693742927775755 0.2128812178614857 0.09617178659719694 0.13215144260365572 0.11143350666503837 0.14296582007583306 0.11540614391663631
0.07670520930656409 0.11250384743834688 0.12767141472992302 0.1406298092979336 0.09996655503335504 0.17838369629514975 0.09538369674120714 0.16875577115752033
0.11386361084453984 0.07811660373065366 0.16412494872033162 0.09764575466331706 0.14285635073927908 0.14106085310192235 0.1451569726039758 0.11717490559598047
0.10716107110779799 0.06645332022736171 0.24222272119353017 0.13290664045472342 0.09912627410594886 0.08433301080037417 0.14818098570101254 0.11961597640925109
0.13832082572830715 0.08708989711627614 0.2291924831845421 0.10886237139534519 0.11971526902514594 0.09746959924632982 0.12137342004824307 0.09797613425581066
0.12707907029024113 0.07485853133550847 0.19442814816423618 0.09357316416938558 0.1431223519580639 0.11554814377675277 0.1391027933025493 0.1122877970032627
0.09726851158429149 0.12833145877394103 0.1428756450158911 0.1604143234674263 0.09035190710382981 0.15478319403963733 0.08160206889429945 0.14437289112068363
0.10629750623328163 0.06770539436948582 0.23662277647725652 0.13541078873897164 0.0932449332412179 0.08787596691350047 0.15097292416121166 0.12186970986507446
0.13948903916373898 0.08685971022684782 0.2275405134161746 0.10857463778355979 0.12068976359862195 0.0980765432620931 0.12105261854375994 0.0977171740052038
0.10094661143170437 0.12782002666622136 0.15175945668192325 0.1597750333327767 0.08619310693099062 0.14843137017455924 0.08127686478232554 0.14379752999949902
0.14169877579409637 0.08899152743136333 0.1982829250035741 0.11123940928920417 0.1215303719112495 0.11411788230122044 0.12402363990900823 0.10011546836028375
0.13063246232963066 0.0746222637154553 0.18394527844493494 0.09327782964431913 0.14721012154436675 0.11971489005297309 0.13866375869513708 0.11193339557318295
0.1465481867274649 0.08557333121714232 0.2055664647885688 0.10696666402142789 0.1354689679068106 0.10434653992227551 0.11925984779702481 0.09626999761928509
0.13150893849306866 0.07390190089711124 0.1852791953734198 0.09237737612138905 0.15251170971175557 0.11624285400250896 0.13732517405507985 0.11085285134566686
0.1118880165208735 0.06483312091059033 0.2500401662759569 0.12966624182118067 0.10380202591106741 0.07850262787586267 0.1445681830454059 0.11669961763906261
0.08414486778796591 0.11195856407034994 0.13769437053707226 0.13994820508793746 0.09815281882767535 0.16524193630643844 0.09492139127703583 0.1679378461055249
0.10411007237830423 0.06762106512625596 0.2344654025836657 0.13524213025251192 0.0963541975899827 0.08970433230675566 0.15078488253526326 0.1217179172272607
0.10501322378220418 0.06496364783639348 0.2720769861856731 0.12992729567278696 0.09249124437305106 0.07373379743606674 0.14485923860831623 0.11693456610550826
0.12132705803728833 0.07478026870712316 0.2092280313553594 0.09347533588390396 0.14093012860659482 0.10913140936342115 0.1389573649856244 0.11217040306068475
0.10872080687808484 0.06439759494098214 0.259939358890996 0.12879518988196428 0.10187561729964505 0.07675873607750416 0.14359702513705566 0.11591567089376784
0.10485777967885662 0.06406563837182014 0.28131594059841314 0.12813127674364028 0.09279806662425642 0.07065633738015592 0.14285681153358104 0.11531814906927626
0.13822226347493508 0.08516743915001915 0.24221635485748264 0.10645929893752393 0.12085678047666157 0.09257032046806817 0.11869417359153786 0.09581336904377152
0.10158022920633152 0.12696751731535957 0.1553847078165824 0.15870939664419947 0.08790968381381585 0.14587522819188245 0.08073478003204929 0.14283845697977948
0.09524586256268437 0.13014838384045305 0.13352669421483543 0.1626854798005663 0.0829444369446574 0.16627481456991877 0.08275739624637503 0.14641693182050966
0.09689378968178369 0.0696188168141762 0.24140203936566706 0.1392376336283524 0.08837670714717206 0.08894257433108248 0.1541417840737153 0.12138665495805079
0.08161918551521737 0.11244444944532195 0.1357728876868276 0.14055556180665243 0.0958339207001884 0.16977398310460154 0.09533333757320775 0.1686666741679829
0.13651973273949747 0.08912157599918283 0.19237990615959338 0.11140196999897854 0.12684216671779838 0.11926799241685827 0.1242048829690104 0.10026177299908068
0.11309702542768912 0.06476406052138382 0.25314869259085565 0.12952812104276765 0.09955333590123493 0.07891926689258169 0.14441418868499617 0.1165753089384909
0.10622903149739826 0.06420241446843473 0.27864736052356825 0.12840482893686947 0.09262353194367924 0.07116668477217873 0.1431618018146888 0.11556434604318253
0.10382267771538567 0.06369728704360346 0.2886033990253647 0.12739457408720692 0.09047103995201543 0.06932046244846973 0.142035443049468 0.11465511667848623
0.13780902776766102 0.08498394473120376 0.24470393823108352 0.10622993091400469 0.12013576383444356 0.09209201133666886 0.1184384453623306 0.09560693782260421
0.11134895307149116 0.06344108742726993 0.27355221698841536 0.12688217485453987 0.09629653291713157 0.07282092122827326 0.14146415614379296 0.11419395736908587
0.10505877589822797 0.06368195924022292 0.28639886716847635 0.12736391848044584 0.0912607730593712 0.06960691518519327 0.14200126433566124 0.11462752663240125
0.08284676807239134 0.11165150437958514 0.1461688785490176 0.13956438047448144 0.09619575087311417 0.16143440302108003 0.09466105806095264 0.16747725656937773
0.1181477793002791 0.07686967308262939 0.16959935309095978 0.09608709135328672 0.14613218103246067 0.1350194976091661 0.142839914907274 0.11530450962394406
0.1248299714684377 0.07442580172674843 0.17380893802497152 0.09303225215843552 0.15894614231679693 0.12501950044612645 0.1382986912683609 0.11163870259012264
0.126122137504367 0.07399454515038657 0.17455675169356238 0.0924931814379832 0.16250781501974923 0.12183642503220558 0.13749732643616608 0.11099181772557984
0.12637091655233137 0.07391188025584135 0.17467504958867971 0.09238985031980168 0.1635511093951216 0.12088965571562285 0.1373437177888395 0.110867820383762
0.11101419091068834 0.06489125459001333 0.24544319554270946 0.12978250918002665 0.10792606298190538 0.07944071605878222 0.14469781247385058 0.11680425826202398
0.10598421231930473 0.06434573283638098 0.27559760484641516 0.12869146567276196 0.09466592344381805 0.07141136139142562 0.14348138038440775 0.11582231910548578
0.12148532732953976 0.07456838512336916 0.2100906413271139 0.09321048140421145 0.141967663507997 0.10826128260988699 0.13856364101282778 0.11185257768505374
0.10882817950850729 0.06432181969166911 0.26017319985845716 0.12864363938333823 0.10228510433670339 0.07654072413549415 0.14342805764082633 0.11577927544500441
0.10497655908615265 0.06402304172957793 0.28133712472917594 0.12804608345915586 0.09303151498584418 0.07058237351776472 0.14276182737908868 0.11524147511324026
0.10344086832881386 0.06362471864897926 0.28961446725518974 0.1272494372979585 0.09052217729015022 0.06915021125018589 0.1418736263605597 0.11452449356816267
0.09485286574578289 0.1282860386996344 0.16883457259256415 0.160357548374543 0.08280861353694642 0.1389653798620426 0.08157318765139797 0.14432179353708868
0.105737054511125 0.06691390025687358 0.24710926266597286 0.13382780051374715 0.09250409898372502 0.08425485218264797 0.149208010423536 0.12044502046237245
0.10500754891730031 0.06459391999035519 0.2768353640981598 0.12918783998071037 0.0916389143800174 0.07243255595590618 0.1440348006949114 0.11626905598263934
0.10365655553998769 0.0637755011417061 0.2879891597437915 0.1275510022834122 0.09041388713321141 0.06960814328832933 0.1422098488144909 0.11479590205507097
0.13779739487877396 0.08499798177973134 0.2444942373402732 0.10624747722466416 0.12021148413921788 0.0921706869458518 0.11845800818928975 0.09562272950219775
0.14768612936206846 0.084135765931372 0.22667030837764213 0.105169707414215 0.12783328499917146 0.0965956919615157 0.11725637528122178 0.09465273667279349
0.15094431689533963 0.08417375757188891 0.21987968117708814 0.10521719696486116 0.13010488130546444 0.09767536623078672 0.11730932258619595 0.09469547726837503
0.11514042924979996 0.06377429756552724 0.26328755324743597 0.1275485951310545 0.09906007537928131 0.07418814878970165 0.1422071650192503 0.11479373561794905
0.10627696517110902 0.06388604769338622 0.28238017240342206 0.12777209538677245 0.09218154130005307 0.07005194107190964 0.14245635112525226 0.1149948858480952
0.1036936301211518 0.06358690195678512 0.2899792815077528 0.12717380391357025 0.09029656362064212 0.06902409457663547 0.14178930078124918 0.11445642352221322
0.10284590245966166 0.06342585670432759 0.29290689574144685 0.12685171340865517 0.08968710225973311 0.06868579345351225 0.14143019390487374 0.11416654206778964
0.10254809083575536 0.0633581586224675 0.29402150917352904 0.126716317244935 0.08947143711832554 0.06856056419802897 0.1412792372865171 0.11404468552044152
0.10243970163158579 0.0633315794465116 0.2944439393003301 0.1266631588930232 0.08939198298736727 0.06851282504628443 0.14121996969117662 0.11399684300372089
0.08231858594755259 0.11156759516646005 0.14801923736242317 0.13945949395807508 0.095783923508582 0.16090985366608776 0.09458991764112917 0.16735139274969008
0.10338735879324348 0.06734354202135644 0.23863879861537404 0.13468708404271287 0.09593052971928634 0.08862826373688884 0.15016604743269626 0.12121837563844158
0.1395322786512938 0.08631039271862873 0.22774166453289676 0.10788799089828591 0.12338818359879808 0.09775323928265486 0.12028705850898443 0.09709919180845732
0.10211426972794264 0.127120863865455 0.1515576822294253 0.15890107983181875 0.08868599797359245 0.1477768460869428 0.08083228843618608 0.14301097184863687
0.10790907248395488 0.0671517930900391 0.23975785288836585 0.1343035861800782 0.09413983983590138 0.08612615202448799 0.14973847593510212 0.12087322756207038
0.1057594545528474 0.06474965883807447 0.27394864095315496 0.12949931767614895 0.09219512452646787 0.07291634246405096 0.14438207508072126 0.11654938590853405
0.10393282610523 0.06384289358987673 0.28688405250688687 0.12768578717975346 0.09061879981265551 0.06975830842848217 0.14236012391533706 0.11491720846177812
0.10302250240152487 0.06351029367037765 0.2917552429488961 0.1270205873407553 0.08986145982979461 0.06889290946533852 0.14161847573663314 0.11431852860667978
0.08244629399509915 0.11160445851167203 0.14740385351957808 0.13950557313959003 0.09591172597176614 0.16110023574793417 0.09462117134685238 0.16740668776750806
0.10343935362084405 0.067358043316615 0.23838719818902862 0.13471608663323 0.09597770417236888 0.08867875294125613 0.15019838315675044 0.121244477969907
0.10479027105261918 0.06481300164134275 0.27350515661898106 0.1296260032826855 0.09266505755096048 0.07341378682113432 0.14452332007785978 0.11666340295441695
0.08287691257107462 0.11182807501493917 0.14318209665058285 0.13978509376867398 0.09666437492367101 0.16311057529685324 0.09481075925179627 0.16774211252240875
0.10368983400097923 0.06745805724758304 0.2366636877714512 0.13491611449516608 0.09627623320183712 0.08915017094197694 0.15042139929535678 0.12142450304564946
0.10491226240511872 0.0648557099540171 0.2728390841785117 0.1297114199080342 0.09278426783623311 0.07353842456010586 0.14461855324074854 0.11674027791723077
0.10378325947101728 0.06387757198269566 0.28648240053181645 0.1277551439653913 0.09078682662692567 0.06989771629785768 0.1424374515554437 0.11497962956885216
0.1030039681101626 0.06352183863280488 0.2916077950487104 0.12704367726560975 0.08991138176099855 0.0689278103629479 0.14164421927971713 0.11433930953904879
0.13747101938915932 0.08490929302096017 0.24573219493826443 0.10613661627620023 0.11996166508950867 0.09193185013236949 0.11833440650495754 0.0955229546485802
0.1112341826652778 0.06341046024549876 0.27394213295300157 0.12682092049099752 0.09629473212688344 0.07276288097677865 0.14139586209966437 0.11413882844189775
0.08396428589073583 0.11156383648416646 0.14318155914438987 0.13945479560520804 0.09732864489928744 0.16257439231773446 0.09458673093222808 0.16734575472624966
0.09147017576354106 0.13008241369567278 0.1301580436746388 0.16260301711959096 0.08486922613135796 0.17175896036847038 0.08271544783909626 0.14634271540763183
0.10631529440339504 0.06784064807999748 0.23147234824107157 0.13568129615999497 0.09421265820007116 0.09109006862294267 0.15127451974853168 0.12211316654399546
0.09602461654398302 0.1293668566286892 0.15373505433930615 0.16170857078586148 0.08405152530126095 0.14731521581559864 0.08226044687802518 0.14553771370727533
0.10656645754426246 0.06728212127007684 0.24103953420565358 0.13456424254015367 0.09328038604162885 0.08613035178746703 0.15002908832461911 0.12110781828613834
0.10542537224678841 0.06474416733269767 0.2744992733815888 0.12948833466539533 0.09202687660596456 0.07290664472535066 0.14436982984335867 0.1165395011988558
0.13881893239853754 0.08533556818182958 0.2398874866921907 0.10666946022728699 0.12111630478750554 0.09324124576214612 0.11892848774594535 0.09600251420455827
0.11176434961563758 0.06354304109528826 0.2716489006435735 0.12708608219057652 0.09676098902270314 0.07312766585419368 0.14169149760650843 0.11437747397151887
0.12291889420551518 0.07443497026214561 0.20856103162723716 0.093043712827682 0.14251394170795162 0.10855926565330785 0.1383157283229422 0.1116524553932184
0.1253751831546683 0.073860151938946 0.1862229906979654 0.0923251899236825 0.1569008156452357 0.11727784496393726 0.13724759576714593 0.110790227908419
0.14528163052800744 0.08509982349859262 0.20578306824443043 0.10637477937324077 0.13976009333081035 0.10336336300420956 0.1185999405847923 0.09573730143591667
0.11433198833816612 0.06411190049478441 0.25773980834795823 0.12822380098956881 0.10169541579160525 0.07553569598430834 0.14295996916299689 0.11540142089061196
0.10628961380516934 0.06402138961618212 0.28026065727612565 0.12804277923236423 0.0929702942522465 0.0704186210959842 0.1427581434128001 0.1152385013091278
0.10376943240037438 0.06363572501688225 0.28917122818515384 0.1272714500337645 0.0905740442388732 0.06913564617632181 0.14189816891824192 0.11454430503038805
0.10288787942422505 0.06344149174886718 0.29259430388454355 0.12688298349773436 0.08981266613983778 0.06872093243622282 0.1414650577206083 0.11419468514796091
0.10256411136795258 0.06336138799752468 0.2938956439365822 0.12672277599504936 0.08954872585558088 0.06857041814086769 0.1412864383108983 0.11405049839554443
0.13724892297910288 0.08484722945226036 0.24650613224940202 0.10605903681532546 0.11984560630936013 0.09179202786516208 0.11824791119559419 0.0954531331337929
0.11114741249225933 0.06338695333958586 0.27423444048664164 0.1267739066791717 0.09630179966590038 0.0727155261172146 0.141343445207972 0.11409651601125452
0.1226931795132543 0.07439261380950983 0.20937193241289268 0.09299076726188728 0.1423278851644988 0.10839767994034945 0.13823702118334288 0.11158892071426474
0.12529807054470293 0.0738492186788095 0.18648251550161193 0.09231152334851186 0.15683662840593407 0.11722093601696496 0.1372272794852505 0.11077382801821424
0.11037698895268325 0.06466449452032634 0.250316556837355 0.12932898904065268 0.10619157110972444 0.07853313803943571 0.14419217136323514 0.11639609013658742
0.14074681733294706 0.08555762757989667 0.2310169230679431 0.10694703447487085 0.12548148889141592 0.09475981530803748 0.11923796231750523 0.09625233102738374
0.11250457534319783 0.06370903413755584 0.268085086866394 0.12741806827511168 0.0979721172405843 0.07357321937387179 0.1420616373156842 0.1146762614476005
0.10551423164043686 0.06379614322229878 0.28427469370987446 0.12759228644459755 0.09188092826409872 0.06985278134525069 0.14225587757330505 0.1148330578001378
0.09534015457955458 0.12834980155039571 0.16744801593369804 0.16043725193799466 0.0831527633473682 0.13926475339920516 0.08161373250758859 0.14439352674419517
0.14003743233945815 0.08852222632277908 0.2037639321242843 0.11065278290347384 0.12253551716235461 0.11153100926751612 0.1233695952670074 0.09958750461312645
0.11350395119186318 0.06447510038294446 0.2576173990137251 0.12895020076588892 0.09836664593767408 0.07726167131394913 0.14376985070465523 0.11605518068930001
0.12370551621669747 0.07466664104192519 0.20416208292283 0.09333330130240648 0.14344738291746856 0.10993889299519233 0.13874622104059234 0.11199996156288779
0.08545038947414255 0.11015517715021668 0.12566510320620067 0.13769397143777085 0.1069789225547083 0.1754312376503652 0.09339243280127067 0.165232765725325
0.1375503542714007 0.08890057857820083 0.18806833855408778 0.11112572322275104 0.13001162274804934 0.12043334329608668 0.12389688842894779 0.10001315090047593
0.14944496294007079 0.08535799246078692 0.2068696386343866 0.10669749057598364 0.1323434707094642 0.10429896366799747 0.11895973949292503 0.09602774151838527
0.1324524884946499 0.07363918679149967 0.18536800469384654 0.09204898348937458 0.15328006192524166 0.11591549806676936 0.13683699635136878 0.1104587801872495
0.11208929890348879 0.06464678265617509 0.24975053723029386 0.12929356531235017 0.10540852235389343 0.07829440821294394 0.14415267654973968 0.11636420878111516
0.10607233738159286 0.06423268292623405 0.2772372848314195 0.1284653658524681 0.09404278569208302 0.07110141809108031 0.14322929595790096 0.11561882926722127
0.10383204285038193 0.06371375945637128 0.28803434230367003 0.12742751891274257 0.09090634400134735 0.06932905138264746 0.14207217407137118 0.1146847670214683
0.09495155346023051 0.12830903657627235 0.1684270192780437 0.16038629572034044 0.08294288088595488 0.13904773662963496 0.08158781130121666 0.14434766614830638
0.08109983946139804 0.11245897161789017 0.11833701686960398 0.14057371452236272 0.09465779309476582 0.18883855715719355 0.09534564984995038 0.16868845742683528
0.10412570574578275 0.06803851581786795 0.22646982719517705 0.1360770316357359 0.09669776021165429 0.09440609565013519 0.15171573527148466 0.12246932847216233
0.10539436620007253 0.06511152196284319 0.26891151685726283 0.13022304392568637 0.09326660553386222 0.07470323014762112 0.1451889758395339 0.11720073953311776
0.10403691667924886 0.06397270788694796 0.28498730307265807 0.12794541577389593 0.09106585715058042 0.07019133481762485 0.14264959042253766 0.11515087419650634
0.10311222467889194 0.0635543228378731 0.2910348473504908 0.1271086456757462 0.09006492364908186 0.06901060049111417 0.14171665420863044 0.11439778110817159
0.10267381828994979 0.06340099580058378 0.29331009736749913 0.12680199160116756 0.08965789902146577 0.06865864767817553 0.14137475780010766 0.11412179244105079
0.10248919316553375 0.06334431435564103 0.29416721829770864 0.12668862871128206 0.08949969480476168 0.06854281818711642 0.1412483666378025 0.11401976584015384
0.10241540596008082 0.06332318638105675 0.2944904695492431 0.1266463727621135 0.08943935417091226 0.06850222128278273 0.14120125440790862 0.11398173548590215
0.10238667092852279 0.06331526613277857 0.29461247004585195 0.12663053226555715 0.08941651325357569 0.06848747489833755 0.1411835934363749 0.11396747903900142
0.08230314978977955 0.11155669399852848 0.14805357730288496 0.13944586749816062 0.09583727249368222 0.16088772257259296 0.09458067534657852 0.16733504099779273
0.07843051151341758 0.11197152689655362 0.11315921746893294 0.13996440862069204 0.09710429368934867 0.19648036996697285 0.094932381499252 0.16795729034483042
0.10361237219021996 0.06812047114802994 0.22424964824849017 0.13624094229605987 0.09737042730245639 0.09589080732268254 0.15189848342560708 0.12261684806645391
0.10535304828698124 0.06516470715932132 0.26805230522494694 0.13032941431864264 0.09348234646821477 0.07501413476552365 0.14530757088959112 0.11729647288677839
0.10405923583300009 0.06399453867185476 0.2846626489047456 0.1279890773437095 0.09114001911069282 0.07026604071210515 0.14269826981455372 0.11519016960933856
0.10312940103897572 0.06356254417902563 0.2909126893922526 0.12712508835805125 0.09009128581262817 0.06903142512448575 0.14173498657233474 0.11441257952224612
0.1026822536572129 0.0634040400768778 0.2932640946008925 0.1268080801537556 0.08966751640831042 0.0686651968826968 0.1413815460818738 0.11412727213838005
0.10249279925993843 0.06334543805616955 0.29414985561422885 0.1266908761123391 0.08950332487911672 0.06854504525483752 0.14125087232226463 0.11402178850110518
0.10241685001805334 0.06332359726656302 0.29448389204727565 0.12664719453312603 0.08944081131646878 0.06850300911743848 0.14120217062126142 0.11398247507981342
0.08230969901484662 0.11155844429993672 0.14802418751221638 0.13944805537492092 0.09584399648057773 0.160895791569824 0.09458215929777246 0.16733766644990508
0.1363387268384711 0.08880707468203233 0.19669412337743397 0.11100884335254041 0.12660027254454317 0.11687642409165137 0.1237665760960413 0.09990795901728636
0.08783416150332515 0.11023285240953887 0.12391919952229387 0.13779106551192358 0.10321260091929559 0.17820255360687956 0.09345828791243513 0.1653492786143083
0.0791603682273661 0.1115173613456817 0.10723324192725094 0.13939670168210214 0.09838095350923486 0.20248800319241594 0.0945473280974258 0.16727604201852253
0.10393982094392551 0.06820861720357572 0.22166959940053818 0.13641723440715145 0.09779435436102393 0.09709982674400243 0.15209503597334645 0.12277551096643631
0.10551909870183568 0.06522279901960427 0.2670391256501112 0.13044559803920855 0.09365156377124038 0.07528366951511727 0.1454371070675952 0.11740103823528766
0.10413451450690916 0.06401913341146304 0.2842760245439006 0.12803826682292607 0.09120785800830672 0.07033665015283733 0.14275311241302355 0.11523444014063348
0.10316089764099479 0.06357205354491939 0.2907663503388219 0.12714410708983878 0.09011783169220024 0.0690528722734006 0.1417561910389695 0.1144296963808549
0.13753717501361862 0.08492059225423691 0.245430483029015 0.10615074031779614 0.1201035950704713 0.09197159427154146 0.11835015375730408 0.09553566628601654
0.1112534213072632 0.06341055136255927 0.2738110336566726 0.12682110272511854 0.09639745404093529 0.07277137917773467 0.14139606527710974 0.11413899245260667
0.10502160730078684 0.0636635033419029 0.2864754658910045 0.1273270066838058 0.09137600373231418 0.06958199659774116 0.1419601104370193 0.11459430601542524
0.10325502112816327 0.0634879446544614 0.291536603176974 0.1269758893089228 0.09005200678752961 0.06884559379910446 0.1415686407668139 0.11427830037803054
0.0824853311174051 0.11159420884832157 0.14734918769574734 0.13949276106040198 0.09600387867048205 0.16107083792027818 0.09461248141488135 0.16739131327248238
0.09114851651631137 0.13007442112330256 0.13126346126848495 0.1625930264041282 0.08463369659708052 0.17124278872139875 0.08271036560557826 0.14633372376371537
0.10620102415879791 0.06781693117635972 0.23193304544858592 0.13563386235271943 0.09415341308070337 0.09096961307213032 0.1512216345932558 0.12207047611744748
0.10568455978327905 0.06497771957999625 0.271013761983213 0.1299554391599925 0.09254413065482345 0.0739738770984125 0.14489061649629012 0.11695989524399324
0.08305565838577231 0.11185178135856433 0.14260621081405309 0.1398147266982054 0.096707155636154 0.16335593696105638 0.09483085810834803 0.1677776720378465
0.10374670011995242 0.06746609666917996 0.236415999588145 0.13493219333835993 0.09635557316969705 0.08920513710453748 0.15043932600560428 0.12143897400452394
0.1218692647051667 0.0753273545280203 0.19797833067529264 0.09415919316002537 0.14380195982649524 0.11389890055567792 0.13997396475729143 0.11299103179203043
0.10937271972894273 0.06461435277322139 0.25537702668676776 0.12922870554644278 0.1031856569802812 0.0778353405415119 0.14408036275103395 0.11630583499179852
0.1052761229867923 0.06413750629356671 0.2794936058906575 0.12827501258713342 0.09343377182330358 0.07091940281760593 0.1430170662725204 0.11544751132842006
0.10357250962604866 0.06366532238822842 0.28890689217795007 0.12733064477645684 0.09071420547254191 0.06924867862113702 0.14196416663882575 0.11459758029881115
0.13771786655650464 0.08495736919090771 0.24478013981510655 0.10619671148863465 0.12031776486886539 0.0920516995581052 0.11840140818210461 0.09557704033977117
0.12889003184112324 0.07343588169426864 0.19795874039144692 0.09179485211783578 0.14891905553603915 0.11238840287883199 0.1364592129990514 0.11015382254140293
0.11082744647277774 0.0644056150256268 0.2549233841810078 0.1288112300512536 0.10408598355593744 0.07740132493848252 0.14361490872878577 0.11593010704612827
0.10559730524283287 0.064115290367113 0.2792485196109356 0.128230580734226 0.09360479093911817 0.0708284623726325 0.14296752807233853 0.11540752266080341
0.1386181580494527 0.08514449589092687 0.24139604827312147 0.1064306198636586 0.12136893576048888 0.09259198572065128 0.11866219856440739 0.09578755787729272
0.11164905811461566 0.06349700620756797 0.2722166345083211 0.12699401241513594 0.09678960361154075 0.07297022729142524 0.14158884667777097 0.11429461117362234
0.10516991554946893 0.06370060584124099 0.2858632436401898 0.12740121168248197 0.09150775147972864 0.06965333781979903 0.14204284347285676 0.11466109051423377
0.13827012859956875 0.084990894735907 0.24367291438553626 0.10623861841988376 0.12058686896269798 0.0921776870354465 0.11844813128306442 0.09561475657789537
0.11148447339981311 0.06344525411124685 0.2731099114743463 0.1268905082224937 0.09655054548650054 0.07284440267818673 0.14147344722716834 0.11420145740024434
0.10509955761132671 0.06367926646757383 0.2862049716796222 0.12735853293514765 0.0914292953459466 0.06961043646418988 0.14199525985456013 0.11462267964163288
0.08285208184898715 0.11163457963629898 0.14611530911089385 0.13954322454537374 0.09633914128294606 0.16141708529897217 0.09464670882207957 0.16745186945444845
0.10355560785335279 0.06736449391838162 0.2378128796741268 0.13472898783676324 0.09614538073791498 0.0889237938904602 0.15021276703591366 0.12125608905308692
0.10482165792457773 0.06481121617000521 0.27325651904734505 0.12962243234001042 0.0927594665719033 0.07354918009688358 0.14451933874326534 0.11666018910600937
0.10373288566558594 0.06385401084531875 0.28662072758427465 0.1277080216906375 0.09080871045308488 0.06995351050384377 0.1423849137356809 0.11493721952157375
0.0949344158635816 0.12832126855603412 0.168044871941124 0.16040158569504265 0.08292862708801836 0.13941221448579127 0.08159558924486952 0.14436142712553837
0.12138019931403374 0.07679348987923275 0.17699270243421186 0.09599186234904093 0.14167287906083578 0.1292802815473111 0.14269835059648472 0.11519023481884912
0.1256352407945044 0.07435857211945988 0.17624093834469545 0.09294821514932484 0.1574868398688417 0.12361857093394268 0.13817376461004113 0.11153785817918982
0.11083497472698849 0.06489948586711419 0.2461899946013847 0.12979897173422839 0.10669630617947184 0.08004502533677012 0.14471616699323672 0.11681907456080555
0.12309190698380748 0.07475698829906915 0.20039757666473573 0.09344623537383644 0.14634433201348682 0.11091337309356346 0.13891410512289717 0.11213548244860372
0.1255023382874991 0.07391507213855655 0.18351897075477125 0.0923938401731957 0.15829547325013638 0.1181520482141211 0.13734964897388494 0.11087260820783483
0.11051341498537837 0.0647131410310501 0.24908360328727763 0.1294262820621002 0.10659848250076118 0.07888077645606649 0.1443006458214759 0.11648365385589017
0.1229384429283428 0.07470844006652493 0.20130340902314095 0.09338555008315615 0.14623427364902328 0.11054333178760145 0.13882389236242318 0.11206266009978738
0.10943583987941749 0.0644725842808678 0.2565653840312249 0.1289451685617356 0.10353464532011021 0.07723148604852023 0.14376424017256192 0.11605065170556204
0.14028451631555022 0.08544219407194951 0.23323064155640594 0.1068027425899369 0.1245847167375288 0.09445563276383043 0.11907708763385501 0.0961224683309432
0.11230937521025375 0.06365275747482058 0.2689515372267176 0.12730551494964115 0.0977086550923396 0.07356104783426395 0.14193614875728647 0.11457496345467703
0.08417130314814517 0.1115809094871089 0.14200702750409763 0.13947613685888613 0.09771324314446457 0.1630788097571286 0.09460120586950538 0.16737136423066337
0.1370105865037165 0.08885129613131561 0.19440289390585583 0.11106412016414452 0.12721050605350626 0.11767468347788654 0.1238282056158447 0.09995770814773006
0.11311480352177716 0.06467472563320235 0.25387243831163175 0.1293494512664047 0.09967923670319757 0.07867985320610531 0.1442149852179169 0.11641450613976424
0.14153099885198692 0.08550723181233491 0.23229501735208286 0.10688403976541863 0.12357179965572944 0.09484754885600669 0.11916772791756376 0.09619563578887677
0.11263881731302647 0.06367319695581286 0.26857840437756714 0.12734639391162572 0.09751942394338176 0.07365028322889239 0.1419817257492305 0.11461175452046317
0.08423546425616878 0.11158540370500004 0.14192171322775846 0.13948175463125007 0.09767333179332849 0.16311921064432003 0.09460501618467396 0.16737810555750005
0.13703323238715448 0.08885279672839373 0.19437161175691983 0.11106599591049215 0.12720094350577743 0.11768572645877819 0.12383029693304125 0.09995939631944294
0.12968005291230775 0.07414258671790384 0.18188735207006526 0.0926782333973798 0.15235868762701912 0.12026678859579643 0.13777241860267206 0.11121388007685576
0.11159603830965056 0.06476402070216906 0.2484470516338355 0.12952804140433813 0.10537322290703773 0.07930228788497418 0.14441409989409043 0.11657523726390434
0.08408854698725958 0.1117302176491797 0.13720419013325894 0.13966277206147462 0.09950528628131873 0.16548586718943445 0.09472779322430452 0.16759532647376954
0.10412741313272789 0.06754300811528642 0.2340958296985447 0.13508601623057284 0.09708980857712854 0.08986968258712272 0.15061082705110135 0.12157741460751556
0.10508670975698808 0.0648983221580616 0.2718086144263686 0.1297966443161232 0.09307617828222543 0.07380297907998488 0.14471357209573735 0.11681697988451088
0.12138030074442206 0.07467630149582288 0.20898051730165862 0.09334537686977859 0.14169671815413348 0.10914216100791353 0.13876417218253653 0.1120144522437343
0.10883406823807763 0.06433714933583203 0.25971847965773714 0.12867429867166405 0.10233923812468138 0.07682765670820722 0.14346224045930306 0.11580686880449764
0.10498143739655726 0.06402125021590421 0.28114341263876874 0.12804250043180843 0.093104504354252 0.07071081200309545 0.1427578325709864 0.11523825038862759
0.10343617342319274 0.0636169917820572 0.2895222396577125 0.1272339835641144 0.09058501939609816 0.06923861036853478 0.14185639660058724 0.11451058520770295
0.12051714981866878 0.07436450423973913 0.2144988567661113 0.09295563029967392 0.14038729798043223 0.10754501680669838 0.13818478772906748 0.11154675635960869
0.10842900459458485 0.06420862044928628 0.26191131329094614 0.12841724089857257 0.10187254448748914 0.07641011924468363 0.14317564022572196 0.11557551680871532
0.10480745235633959 0.06396811655568826 0.2819852949491452 0.12793623311137653 0.09293552219468267 0.07058541859342699 0.1426393524391019 0.11514260980023887
0.10336534520885737 0.06359641883253558 0.28984188817738654 0.12719283766507117 0.09052279290860642 0.06919664131523535 0.1418105219937435 0.11447355389856405
0.10276416368589919 0.06341953863316228 0.29284325949234447 0.12683907726632457 0.08978174402733861 0.06878094180606781 0.1414161055491708 0.11415516953969211
0.09465278355605725 0.12818892546775434 0.16963991132241474 0.16023615683469292 0.08266359527359557 0.13889465009139607 0.08151143630286553 0.14421254115122362
0.13973584391339636 0.08845958559659302 0.20452867939884292 0.11057448199574127 0.12232502519666862 0.11157705450435361 0.12328229559823692 0.09951703379616715
0.11339365008958446 0.06444651986827296 0.2579066996214352 0.12889303973654592 0.09829126894927163 0.07735896554931222 0.14370612042268624 0.11600373576289132
0.08441789294159535 0.11169629183785763 0.1394306809587651 0.13962036479732204 0.0978996154174377 0.16469168625379121 0.09469903003644453 0.16754443775678646
0.0787638015002648 0.1118898674811937 0.11109857800843886 0.13986233435149212 0.097491180604755 0.19819628831540068 0.09486314851666423 0.16783480122179056
0.09010903146783227 0.12972824184250303 0.12124936635403474 0.1621603023031288 0.08468981011668761 0.18362873510618866 0.082490240736809 0.1459442720728159
0.10624761084295178 0.06799676338244287 0.22770982118768837 0.13599352676488574 0.09443136912572646 0.09360410103571408 0.1516226335721935 0.12239417408839716
0.12274723828595845 0.07546528740001354 0.19524712466726304 0.09433160925001692 0.14339167982965598 0.11538885661182276 0.14023027285524906 0.11319793110002031
0.10967286783284705 0.06466740252442957 0.2542675502117841 0.12933480504885914 0.10318039495319643 0.07827699910655568 0.1441986557783549 0.11640132454397324
0.12267614141568417 0.07468724920869722 0.20303821520092688 0.09335906151087152 0.14506934265043092 0.1103546008797047 0.13878451532063887 0.11203087381304583
0.1093200340474869 0.06444072094457325 0.257277026211715 0.1288814418891465 0.10323288159426709 0.07716140792423254 0.1436931896883469 0.11599329770023184
0.12250365926657364 0.07463038178615541 0.20396963654181424 0.09328797723269427 0.14499642597350834 0.10998750275320975 0.1386788437668112 0.11194557267923314
0.10924407609798449 0.06441828208379052 0.2576469444320624 0.12883656416758105 0.10318495412218175 0.07707311696769162 0.14364315437788513 0.11595290775082295
0.1224750882427019 0.07462461953705314 0.2040861936846857 0.09328077442131641 0.1449714239138576 0.10995683459087849 0.1386681363039271 0.1119369293055797
0.10923313410686182 0.06441566654157026 0.25769370719404616 0.12883133308314051 0.10317574064466606 0.07706489654577522 0.14363732210911337 0.11594819977482645
0.09627928574741815 0.12857748844416916 0.16045163361592002 0.16072186055521143 0.08547326582127644 0.14208827964257648 0.081758511673738 0.1446496744996903
0.12183352387221544 0.07685124888741543 0.17447856723184474 0.09606406110926928 0.14261364401914164 0.13007640264625567 0.14280567890273466 0.11527687333112314
0.1102849397680822 0.06521050036800115 0.24606569669023934 0.1304210007360023 0.10378512960049635 0.08144414926463692 0.14540968291013986 0.11737890066240206
0.08385782424232374 0.1117827837592285 0.13664254732702963 0.13972847969903562 0.09916708552436322 0.16637474366548294 0.09477236014369374 0.16767417563884274
