Action: 0
[0.11400919356913182, 0.1014391871947761, 0.27735181518610347, 0.10143915678516191, 0.10144317597865302, 0.10143915771584977, 0.10143915678516191, 0.10143915678516191]
[0.11503122603975972, 0.09809579638407279, 0.237202784408264, 0.09809579638407279, 0.1572870076316124, 0.09809579638407279, 0.09809579638407279, 0.09809579638407279]
[0.17624232357237146, 0.10065801526640569, 0.20614803239777962, 0.10065801525844147, 0.11431956772967722, 0.10065801525844147, 0.10065801525844147, 0.10065801525844147]
[0.125, 0.125, 0.125, 0.125, 0.125, 0.125, 0.125, 0.125]
[0.19970345245482868, 0.09983939478639503, 0.16257126367864247, 0.09983939477096312, 0.13852830999625945, 0.09983939477098508, 0.09983939477096312, 0.09983939477096312]
[0.10168815860607716, 0.09995299354770017, 0.2698910258864597, 0.09995299354770017, 0.1286558476663278, 0.09995299365033482, 0.09995299354770017, 0.09995299354770017]
[0.125, 0.125, 0.125, 0.125, 0.125, 0.125, 0.125, 0.125]
[0.125, 0.125, 0.125, 0.125, 0.125, 0.125, 0.125, 0.125]

Action: 1
[0.2039589431291128, 0.10197642571862722, 0.10197642571862722, 0.10197642571862722, 0.10960894828219066, 0.17654997999556044, 0.10197642571862722, 0.10197642571862722]
[0.1111111111111111, 0.1111111111111111, 0.1111111111111111, 0.1111111111111111, 0.1111111111111111, 0.2222222222222222, 0.1111111111111111, 0.1111111111111111]
[0.15778789526492468, 0.09962609197012845, 0.09960354485685939, 0.09960354485685939, 0.10263826788788465, 0.24153356544962476, 0.09960354485685939, 0.09960354485685939]
[0.125, 0.125, 0.125, 0.125, 0.125, 0.125, 0.125, 0.125]
[0.09986293112228475, 0.09986876064476657, 0.0998629152934999, 0.0998629152934999, 0.16125910821127076, 0.23955753884767825, 0.0998629152934999, 0.0998629152934999]
[0.10398645491087155, 0.09918278706125958, 0.09918278706125958, 0.09918278706125958, 0.13415656747583327, 0.2659430423069973, 0.09918278706125958, 0.09918278706125958]
[0.125, 0.125, 0.125, 0.125, 0.125, 0.125, 0.125, 0.125]
[0.125, 0.125, 0.125, 0.125, 0.125, 0.125, 0.125, 0.125]

