Action: 0
[0.10914018772499494, 0.10866688065910012, 0.22042445520624263, 0.10866688065910012, 0.1271009537732613, 0.10866688065910077, 0.10866688065910012, 0.10866688065910012]
[0.12701401958266947, 0.10877428225963758, 0.11156600459986747, 0.10877428225963758, 0.21754856451927515, 0.10877428225963758, 0.10877428225963758, 0.10877428225963758]
[0.21754504864728036, 0.10877240625980315, 0.11156770186208713, 0.10877240625980315, 0.12701643942634017, 0.1087811850250797, 0.10877240625980315, 0.10877240625980315]
[0.125, 0.125, 0.125, 0.125, 0.125, 0.125, 0.125, 0.125]
[0.11170356271734477, 0.10877761654763526, 0.23563046550037345, 0.10877761652901785, 0.10877761652901785, 0.10877788911857499, 0.10877761652901785, 0.10877761652901785]
[0.10959296647658612, 0.1092014953404553, 0.2351980367468058, 0.1092014953404553, 0.1092014953404553, 0.10920152007433159, 0.1092014953404553, 0.1092014953404553]
[0.125, 0.125, 0.125, 0.125, 0.125, 0.125, 0.125, 0.125]
[0.125, 0.125, 0.125, 0.125, 0.125, 0.125, 0.125, 0.125]

Action: 1
[0.10877442281489096, 0.10877442281489096, 0.10877442281489096, 0.10877442281489096, 0.11156727831506968, 0.23578618479558444, 0.10877442281489096, 0.10877442281489096]
[0.10925323549238919, 0.10925323549238919, 0.10925323549238919, 0.10925323549238919, 0.21850647098477838, 0.12597411606088643, 0.10925323549238919, 0.10925323549238919]
[0.2185431889214659, 0.109245551330675, 0.109245551330675, 0.109245551330675, 0.10924572730799877, 0.12598332711716032, 0.109245551330675, 0.109245551330675]
[0.125, 0.125, 0.125, 0.125, 0.125, 0.125, 0.125, 0.125]
[0.10882740555688983, 0.10876190699602335, 0.10876190699602335, 0.10876190699602335, 0.12702967856143288, 0.22033338090156052, 0.10876190699602335, 0.10876190699602335]
[0.10924566978419777, 0.10924566896952848, 0.10924566896952848, 0.10924566896952848, 0.21854278023236764, 0.12598320513579217, 0.10924566896952848, 0.10924566896952848]
[0.125, 0.125, 0.125, 0.125, 0.125, 0.125, 0.125, 0.125]
[0.125, 0.125, 0.125, 0.125, 0.125, 0.125, 0.125, 0.125]

