0.125 0.125 0.125 0.125 0.125 0.125 0.125 0.125
0.099626400996264 0.07845579078455792 0.199252801992528 0.15691158156911583 0.08685378548392246 0.06839735606858895 0.17370757096784492 0.1367947121371779
0.09444644354078607 0.15741073923464347 0.10039762527401264 0.1416696653111791 0.1180580544259826 0.19676342404330432 0.10625224898338434 0.08500179918670747
0.07295173961840629 0.12906846240179573 0.09118967452300786 0.16133557800224466 0.08754208754208755 0.15488215488215487 0.10942760942760943 0.19360269360269358
0.0735570797657792 0.12259513294296534 0.09562443946294065 0.1471141595315584 0.09194634970722398 0.1749345195264155 0.11033561964866881 0.18389269941444797
0.09133496822197099 0.15222494703661835 0.08948179506450188 0.1370024523329565 0.1238913407724971 0.221111185921964 0.10275183924971737 0.08220147139977389
0.07224552584252318 0.1278190072598487 0.09030690730315397 0.15977375907481087 0.09637519215428711 0.15338280871181842 0.10836828876378476 0.19172851088977302
0.07246854919496722 0.12078091532494536 0.09428095505306172 0.14493709838993443 0.10510137078830681 0.17255691446891552 0.10870282379245085 0.18117137298741803
0.06576644903570196 0.1025912877344422 0.06033071444843887 0.09233215896099799 0.14490543261032846 0.238611048534897 0.11079859075319758 0.18466431792199597
0.0830886345195999 0.14700296876544597 0.07243624547862555 0.1281564343083375 0.11312064431928497 0.21548385686435054 0.08692349457435065 0.153787721170005
0.09419356668326805 0.07603577069613203 0.1883871333665361 0.15207154139226406 0.10072208489162009 0.0821770956872596 0.1695484200298825 0.13686438725303768
0.10154855254185334 0.07337974176165295 0.2198329612489297 0.1467594835233059 0.09515205829654282 0.0729142563964115 0.16246878110842164 0.12794416512288204
0.06702483109509015 0.10164566812870206 0.07587537539263883 0.09148110131583187 0.14216112949089765 0.22907237036617734 0.10977732157899822 0.18296220263166374
0.08186257721897212 0.1448337904643353 0.07649924054347927 0.12626535578942055 0.12184819053830336 0.21153156848449087 0.08564085001369393 0.15151842694730464
0.09174763312896299 0.07406134240530747 0.19697851811462727 0.14812268481061494 0.0998153554033468 0.09081831017545378 0.16514573963213336 0.13331041632955345
0.0979458061187058 0.07076545475675261 0.24166019184135404 0.14153090951350522 0.09653543755607397 0.07149574435090501 0.15668053474836555 0.12338592111433788
0.07552111614699757 0.11460413429179486 0.12999638774926253 0.13752496115015383 0.10571069383204551 0.16159278452943793 0.10314372086261539 0.17190620143769228
0.06288638686022177 0.09747837283503175 0.06881015544859953 0.08773053555152859 0.15141751441527365 0.2509393211244535 0.10527664266183429 0.17546107110305717
0.05637533388161119 0.09974097532900443 0.05506361793145957 0.08695367079964489 0.14261545464364614 0.28704815186791927 0.09829545394742466 0.17390734159928978
0.08908346599284017 0.07191074965687097 0.19574460718302342 0.14382149931374194 0.10066199812236616 0.10898809156167744 0.16035023878711227 0.12943934938236776
0.129118789166917 0.0932734761639191 0.2089281656570184 0.11192817139670291 0.1326705655799329 0.10259333943039395 0.12390908677209275 0.09757840583302305
0.06612014101344107 0.11698178794685729 0.1235007161729811 0.1462272349335716 0.09806880174509185 0.17444842474760947 0.09918021152016161 0.1754726819202859
0.0992397557271857 0.0698122734486351 0.22991051651562994 0.1396245468972702 0.09874765870797801 0.08637117177431153 0.15457011296726691 0.12172396396172273
0.11382056296914053 0.07570515775009166 0.19243551296877942 0.09084618930011 0.15465045416093864 0.11478408574943726 0.14420030047636506 0.11355773662513749
0.07789732486176668 0.13781834398620257 0.09929573176933891 0.12014932552643304 0.1281950869377818 0.21097241027752464 0.08149258600923281 0.1441791906317196
0.08700042367150705 0.07022925766254183 0.21567345303448665 0.14045851532508366 0.10251089314063977 0.10111403076445322 0.15660076260871267 0.1264126637925753
0.09749645873660716 0.06609758015818869 0.2732734240885138 0.13219516031637737 0.09732852320776612 0.07201631403050913 0.146345476622119 0.11524706283991873
0.05734772463073185 0.10146135896206405 0.0891669514664665 0.0884534924284661 0.14185084632085745 0.24482173685012873 0.09999090448435298 0.1769069848569322
0.0727769485438417 0.1287592166544892 0.11467353889190564 0.16094902081811147 0.08853379228009751 0.20757929696343233 0.08187406711182194 0.1448541187363003
0.09861667206652375 0.06848075341044836 0.23761172617960702 0.13696150682089672 0.09724571135877581 0.09005927275096864 0.15162201813302362 0.11940233927975613
0.0777896071164738 0.10922173838056523 0.14414034400957876 0.13106608605667827 0.1081102266439338 0.1675398256794135 0.09829956454250872 0.16383260757084783
0.07435101102017252 0.10809138852331031 0.11685345337886921 0.12970966622797236 0.10967115576808072 0.20190399262565 0.09728224967097927 0.16213708278496544
0.07993302652928398 0.13129611656850385 0.08662301412779846 0.11446328111100339 0.11308625268939028 0.2596064070611787 0.07763596457963706 0.13735593733320403
0.09181496384388832 0.06833084919386012 0.21273519945615127 0.13666169838772024 0.09783515426319728 0.11725901123813437 0.15236759506810002 0.12299552854894821
0.08919346095040372 0.06567796522589786 0.2749824153128837 0.13135593045179572 0.09104639787150776 0.08307143300851995 0.14645205977237521 0.11822033740661615
0.07927808111908152 0.12809686577902127 0.17787992016970883 0.16012108222377658 0.08015022334029706 0.1489119550180991 0.08145289834861678 0.1441089740013989
0.09587147950966013 0.06567345691620777 0.27027508689916885 0.13134691383241553 0.09176942405512721 0.08514963998676735 0.14540643289547017 0.11450756590518277
0.08871694658067557 0.1325743330401011 0.127940679808473 0.11557762367598556 0.11097650656930547 0.20712898237752111 0.07839177953675543 0.1386931484111827
0.07131115318378627 0.10782548653263777 0.11072044915934344 0.13478185816579724 0.09382870890314256 0.22837685393518667 0.09141726032114943 0.16173822979895666
0.09770431683656931 0.06675375337720675 0.23016496131286787 0.1335075067544135 0.09219937310637519 0.11066242574919685 0.14885090678439833 0.12015675607897215
0.07728604412716593 0.10926881922805205 0.14342180284543957 0.1365860240350651 0.09169355735299736 0.185199568136723 0.09264095543247892 0.16390322884207806
0.12830023477203198 0.08649122432560225 0.2050114064760465 0.1081140304070028 0.12305402876292293 0.1311873721975073 0.12053907569258372 0.09730262736630252
0.10330502407457878 0.0622614624761107 0.27875886309001324 0.1245229249522214 0.0960469707016698 0.08420035368227345 0.13883376856613341 0.11207063245699926
0.08908213642006993 0.12384990208712776 0.185019307067253 0.1548123776089097 0.08181914879415451 0.147333604782108 0.07875238339235842 0.13933113984801873
0.11603710837736197 0.0736882272635323 0.19672039215609805 0.09211028407941536 0.13682288310536242 0.13716064032726333 0.1369281237956682 0.11053234089529844
0.10446225456854778 0.06168533436986531 0.2750869157672864 0.12337066873973063 0.10169551531673744 0.08511662049359911 0.1375490888784758 0.11103360186575759
0.08020733930814683 0.10676122556572412 0.16049880453598103 0.13345153195715515 0.09807966948127785 0.1703446386930584 0.09051495211007045 0.16014183834858617
0.10080592628599239 0.06393837296508789 0.26008752892588566 0.12787674593017578 0.09505682002871338 0.09457250585558181 0.14257302867140495 0.1150890713371582
0.13532858037446568 0.08088292593826109 0.25957719590324524 0.10110365742282637 0.11999254269559555 0.09939877300767246 0.11272303297738998 0.09099329168054372
0.11076646497422975 0.05889274805955629 0.30723023006593536 0.11778549611911258 0.0939641614046206 0.07403191465893055 0.13132203821041358 0.10600694650720133
0.10260459634621305 0.058325844633000716 0.33275538794474085 0.11665168926600143 0.0867650426036406 0.06785299068535564 0.13005792818164638 0.1049865203394013
0.0992645550714023 0.05761907594728866 0.3457123794452341 0.11523815189457733 0.08414886392680938 0.06582069750919656 0.12848193950037204 0.10371433670511959
0.0977250824495524 0.057192381810290654 0.35225529374767495 0.11438476362058131 0.08299905123615266 0.06496666461666635 0.12753047526055855 0.10294628725852319
0.11617882364778466 0.06824356152576011 0.26627416805528475 0.08530445190720014 0.13169580162643765 0.10312705378535333 0.1268107971635393 0.10236534228864017
0.08591262626263645 0.10365668502036655 0.15785162560570298 0.12957085627545822 0.10375830978017991 0.17588202787740392 0.08788284164770209 0.15548502753054985
0.1041432954807659 0.06324757355814875 0.259149844802324 0.1264951471162975 0.09574773351237358 0.0963381240271026 0.14103264909831975 0.11384563240466775
0.13948050244778426 0.08004335764920842 0.25966619324147644 0.10005419706151053 0.11927104618358787 0.09988296306861301 0.11155296299246024 0.09004877735535946
0.11404605358118823 0.05834774931492307 0.3083291675056461 0.11669549862984614 0.09320759496519113 0.07424121488336624 0.1301067723529777 0.10502594876686153
0.10515265884410498 0.05786041465403664 0.33411363186090565 0.11572082930807329 0.0860777436451754 0.06790588651472049 0.1290200887957175 0.10414874637726595
0.12105771159104005 0.06824599365527417 0.2585969730836191 0.08530749206909272 0.1328707302032512 0.10473679234642877 0.1268153165683826 0.10236899048291126
0.10930126412142542 0.05841230122143769 0.3081714140077339 0.11682460244287537 0.09652024742716399 0.07537731511088314 0.13025071346989237 0.10514214219858783
0.12358138993572501 0.06851521401920854 0.24741676608181823 0.08564401752401067 0.1371398672195759 0.10761433993127467 0.1273155842595741 0.1027728210288128
0.11056440740157694 0.058699528751990075 0.302471847215012 0.11739905750398015 0.09796713525543173 0.07634768412518347 0.13089118799324354 0.10565915175358213
0.14096070965811522 0.07789852785021278 0.27819634698629064 0.097373159812766 0.11735514380358926 0.09201646152002002 0.1085638065375167 0.08763584383148938
0.11455116749767624 0.05755061842561271 0.31744916312959875 0.11510123685122542 0.09172046475136128 0.07170694673384756 0.1283292894445752 0.10359111316610287
0.1056998460475267 0.057425110676992255 0.33847307035165575 0.11485022135398451 0.08519897113185619 0.06693815532174736 0.1280494258976514 0.10336519921858606
0.12204743371802372 0.06799688753805327 0.2603251039388398 0.0849961094225666 0.13217658809727081 0.10411012062760426 0.1263524253505617 0.10199533130707991
0.11015412347113317 0.058263166522220466 0.3089848267323601 0.11652633304444093 0.09618016104362652 0.07509952409667364 0.1299181653495483 0.10487369973999684
0.10509784998520404 0.05772664091495851 0.33449881706944096 0.11545328182991701 0.0866214974983209 0.0679721657314304 0.12872179332380299 0.10390795364692532
0.1383460417814208 0.07704405235398266 0.2927657917136614 0.09630506544247833 0.11274073837933132 0.0887507904077141 0.10737296102318106 0.08667455889823047
0.11354769096914401 0.05708093440611371 0.32468916236806883 0.11416186881222742 0.08999844862423956 0.07049424870601675 0.1272819641831849 0.10274568193100467
0.1054498046952145 0.05715208211909476 0.3419170896080211 0.11430416423818952 0.08445697762595657 0.06640552093508198 0.127440612964071 0.10287374781437056
0.10236450356306262 0.05680396342844756 0.3504868683384894 0.11360792685689512 0.08268139282730809 0.06514385057265046 0.12666436024194125 0.1022471341712056
0.10106399439564258 0.05657293925290374 0.35463240487598374 0.11314587850580748 0.08196935007236249 0.06463493143037453 0.12614921081169878 0.10183129065522672
0.0963947928642598 0.1186914609011987 0.21381400650743212 0.14836432612649839 0.07832647578143687 0.1354087566670634 0.07547228763826222 0.13352789351384853
0.10659450776216059 0.06150767805982782 0.2887181726311691 0.12301535611965564 0.08722703418710766 0.08507048890942975 0.13715294182295934 0.11071382050769009
0.10552874643994359 0.05867921973870115 0.32520659024478343 0.1173584394774023 0.08571192004160608 0.07104658660309614 0.13084590192480525 0.10562259552966206
0.1032859308232944 0.057410628999501834 0.34265303980998524 0.11482125799900367 0.08373478658828233 0.066738089662537 0.12801713391829214 0.10333913219910329
0.1017348588237298 0.05683501114849019 0.3509431934903849 0.11367002229698038 0.08254348497597253 0.06523681717351158 0.12673359202364826 0.10230302006728234
0.10086503778178958 0.056569993378819294 0.3548749641773778 0.11313998675763859 0.08193164500677681 0.06464974286355014 0.12614264195217317 0.10182598808187472
0.10041577715984362 0.05644659594453651 0.35673889375930096 0.11289319188907301 0.0816339164688376 0.06440026798699235 0.12586748409125006 0.1016038727001657
0.09617246465794516 0.11863007406754977 0.21454570228715678 0.14828759258443722 0.07822201434605208 0.1352500651118258 0.0754332536190398 0.13345883332599348
0.08383566187391113 0.1059778772382519 0.14210889880733546 0.1324723465478149 0.09141006181533597 0.195377528897107 0.08985080896286576 0.15896681585737787
0.10606784168566702 0.06360231890788659 0.2507327168079214 0.12720463781577318 0.09476652222559291 0.10131811024179517 0.141823678281168 0.11448417403419585
0.107261788605745 0.059780218345164 0.30625125510889134 0.119560436690328 0.09044610642208291 0.07579483731742652 0.13330096448906717 0.1076043930212952
0.12400245725363411 0.0685385878578352 0.2466885566414912 0.085673234822294 0.1371433035361715 0.1077869603659931 0.1273590177358281 0.10280788178675279
0.11139473052606923 0.05830537298297837 0.30143068381420896 0.11661074596595675 0.10121672915709967 0.07607978672675926 0.1300122794575667 0.10494967136936108
0.14188360407867792 0.07730545052527234 0.2768401000075696 0.09663181315659043 0.12121944658145355 0.0914136934692467 0.10773726034025827 0.08696863184093138
0.11530696331248903 0.05716820635185175 0.3160967942087736 0.1143364127037035 0.09543510559126124 0.0712771788020706 0.12747656759651715 0.10290277143333314
0.10629865294584463 0.057124545601872856 0.33730387372396037 0.11424909120374571 0.08821541867011978 0.06660502513049152 0.12737921064059407 0.10282418208337113
0.08591188117661229 0.10388217051419488 0.1817968073520001 0.1298527131427436 0.0955552057371478 0.15910395217440898 0.08807401413160001 0.15582325577129233
0.12012713872683259 0.07135493270677061 0.19470589687019088 0.08919366588346327 0.1452560387921622 0.13973755300530596 0.13259237495511852 0.10703239906015592
0.11293793233110679 0.059844581152105704 0.2744703955230919 0.11968916230421141 0.10686205620320068 0.08503114247033498 0.1334444839421581 0.10772024607379029
0.12624760005137137 0.06849263298564989 0.23223894894466887 0.08561579123206235 0.14650106275163072 0.11089139057534476 0.1272736239807972 0.10273894947847484
0.11278966165620706 0.058513310671521594 0.29358128309226583 0.11702662134304319 0.10520604070012193 0.0770831738605594 0.13047594946754218 0.10532395920873888
0.12561630622918685 0.0680340252328226 0.2401398603511245 0.08504253154102825 0.14507002053606516 0.10762478331298035 0.12642143494755842 0.1020510378492339
0.11212091969836198 0.05820961482084476 0.2975359244757472 0.11641922964168952 0.10510157519129831 0.07603667644626598 0.12979875304827174 0.10477730667752055
0.10023646883744167 0.1191327702254349 0.1935475645512922 0.14891596278179364 0.08743536725210069 0.140954597041932 0.07575290280639067 0.13402436650361427
0.09805521553447133 0.12210609975111975 0.15646410774413144 0.15263262468889965 0.08413739958525851 0.17159163791697363 0.07764355255913591 0.1373693622200097
0.10994825242656635 0.06299379754295793 0.2580159097791041 0.12598759508591587 0.09402795090507561 0.09517089222159435 0.14046676646146142 0.11338883557732429
0.10803410724239432 0.05928710550210966 0.30939296232648467 0.11857421100421932 0.09180596228438302 0.07398746528862388 0.13220139644798778 0.10671678990379738
0.10473513824745546 0.05752910277244285 0.33441992368651424 0.1150582055448857 0.08885523764345121 0.06756869436555536 0.12828131274929794 0.10355238499039714
0.0855702291848591 0.10380361431005293 0.18080651255783434 0.12975451788756617 0.09684682872044374 0.15950546374172822 0.0880074121324362 0.1557054214650794
0.10460693701511925 0.06211892269279785 0.27084752059466705 0.1242378453855957 0.09644672135730104 0.09141206598354276 0.13851592612394026 0.11181406084703613
0.1057249941162883 0.05886886165398955 0.31580889794148453 0.1177377233079791 0.0919036127914843 0.07272318412045801 0.1312687750911349 0.1059639509771812
0.1037242359107672 0.05732980349661819 0.3375500427222517 0.11465960699323638 0.08861444762508879 0.06709131184775566 0.12783690511036952 0.10319364629391276
0.08529011012187655 0.1037419366382446 0.1817916957134836 0.12967742079780575 0.09673890570579328 0.1591919058721348 0.08795512019329435 0.1556129049573669
0.10444012478614198 0.062061339434021555 0.2713209193114961 0.12412267886804311 0.09667292400996853 0.09128407855770442 0.13838752405138538 0.11171041098123881
0.08578507811560883 0.10471579192400171 0.16041426723936023 0.13089473990500214 0.09988314569626972 0.17245250912427512 0.08878078010947972 0.15707368788600254
0.10559718817399978 0.0626919159676383 0.259867624377914 0.1253838319352766 0.0987185238883727 0.0951018513095995 0.1397936156054502 0.11284544874174897
0.09900851458131812 0.12052274437963803 0.18022946427863737 0.15065343047454752 0.08689682770968615 0.15046418608159273 0.07663674506748722 0.13558808742709277
0.10897596611140231 0.06216436154205457 0.2704515254307868 0.12432872308410914 0.09416479347938661 0.08940153160069747 0.13861724797586494 0.11189585077569822
0.08700014522687884 0.10477716355229465 0.16023996887817782 0.1309714544403683 0.0994200374234818 0.1715926725734112 0.08883281257694547 0.157165745328442
0.1060061664811032 0.06269534781677365 0.25975739638444134 0.1253906956335473 0.09858730583420969 0.09491019366292641 0.1398012681168057 0.11285162607019256
0.12470052747396387 0.06916724017936943 0.2266475970827283 0.08645905022421178 0.14567790867600294 0.11506963098524414 0.1285271851094253 0.10375086026905415
0.11258492785118679 0.058603618215187586 0.290580285478973 0.11720723643037517 0.10671378912527786 0.07814630830048236 0.13067732181117947 0.10548651278733767
0.10670372072874973 0.05775246399161287 0.3246185297482571 0.11550492798322574 0.09390762242017393 0.06877892501252575 0.12877937493055167 0.10395443518490316
0.10344921081057486 0.05690543986492502 0.3415413277537333 0.11381087972985005 0.08913367523071875 0.0658390373037837 0.12689063754954924 0.10242979175686504
0.08515010482706821 0.10355702919462205 0.1830376678490363 0.12944628649327758 0.09732363774958908 0.15835137925555495 0.0877983508389187 0.15533554379193307
0.10431301122495813 0.061989411809081275 0.27191605391156004 0.12397882361816255 0.09697198059140892 0.09102264140524785 0.13822713618323496 0.1115809412563463
0.1055350473876651 0.058776692558471476 0.3162450193775958 0.11755338511694295 0.09247311795525417 0.07255543923411072 0.13106325176471104 0.10579804660524865
0.08587823002736523 0.10402996784452885 0.17494299157466137 0.13003745980566106 0.09857876183501968 0.1622883165821309 0.0881993205638397 0.15604495176679328
0.10487566175118257 0.06218019025243742 0.2675264230820973 0.12436038050487484 0.09763645859830843 0.09284399971918733 0.13865254363752463 0.11192434245438736
0.09864259778301955 0.12020555371656949 0.18283285171455457 0.15025694214571186 0.08646156730992192 0.149934186220611 0.07643505317847081 0.13523124793114066
0.1086778029669766 0.0620177022580659 0.2717335743566176 0.1240354045161318 0.09386914752794338 0.08974428464773042 0.13829021966201557 0.11163186406451861
0.10686147256579906 0.058737581163314345 0.31605430752148744 0.11747516232662869 0.09157062387068352 0.07259716726708897 0.1309760391910323 0.10572764609396583
0.12318473592578993 0.06779609821146734 0.24991353759078883 0.08474512276433417 0.14044742112117764 0.1062396202434548 0.12597931682578634 0.101694147317201
0.1108941701483265 0.05785681185948528 0.30249668140902036 0.11571362371897057 0.10410764002685191 0.07577675638867351 0.12901205510159852 0.10414226134707351
0.10557173187368189 0.05735228842629614 0.330453926702574 0.11470457685259228 0.09264647639854286 0.06814983743138808 0.12788704314759167 0.10323411916733304
0.12213520748230627 0.06736165986597113 0.2556896801712919 0.0842020748324639 0.14022675546486532 0.1041700927824523 0.1251720396016926 0.10104248979895668
0.11026335549289604 0.057672775786800634 0.30542821305765516 0.11534555157360127 0.10376960338210965 0.07510782216311386 0.1286016821275823 0.10381099641624114
0.08687073004035477 0.10360180628157446 0.17123504596950928 0.12950225785196806 0.10173182844419863 0.16381930796869829 0.08783631402133486 0.15540270942236167
0.10529404274253731 0.06221899389734052 0.26539655764707276 0.12443798779468104 0.09863230868827205 0.09328685024081355 0.13873906997406976 0.11199418901521295
0.10610739714326158 0.058923095205726146 0.31291833172527983 0.11784619041145229 0.09316367800191369 0.073590028325112 0.13138970781694753 0.10606157137030706
0.12298825166327307 0.06785482756944097 0.24858433605269262 0.08481853446180121 0.1412297936101397 0.10665356704378365 0.12608844824470747 0.10178224135416145
0.11089723400094703 0.05789416890001637 0.3018140985564706 0.11578833780003274 0.10438783574054868 0.07591346525565 0.12909535572630515 0.10420950402002946
0.1056065902849873 0.057372637162377886 0.33011848901307017 0.11474527432475577 0.09275241405601202 0.06820143047458734 0.12793241779192918 0.1032707468922802
0.1384510480646091 0.07635324182335028 0.28963216485278326 0.09544155227918784 0.1192447076418977 0.08856967999950965 0.10641020828739302 0.08589739705126906
0.11357436595112727 0.05655959368337629 0.3221678706119104 0.11311918736675258 0.09624381784810475 0.07040844372512277 0.12611945218352863 0.10180726863007733
0.08764530701251075 0.10335793792723114 0.17665354494047178 0.12919742240903895 0.09934602053321216 0.16113330421794925 0.08762955606873946 0.1550369068908467
0.12039230298030053 0.07095802981371227 0.1917339504540244 0.08869753726714033 0.14896632140914348 0.1409599669102273 0.13185484644488324 0.1064370447205684
0.11302305716709408 0.05966103664026864 0.27240362959242187 0.11932207328053727 0.1093767222275659 0.08578840806416405 0.13303520707546468 0.10738986595248355
0.1261019068208544 0.06823796086035386 0.23090056408752618 0.08529745107544232 0.14893815301336577 0.11136663289500041 0.1268003899569262 0.10235694129053079
0.11264766135874822 0.05830562592326682 0.2924765107560122 0.11661125184653363 0.10750639470588112 0.07748958527102008 0.13001284347665762 0.10495012666188026
0.1065592970753212 0.05761803184688833 0.3254467225818256 0.11523606369377666 0.09413185102985848 0.06881596513561544 0.12847961131231517 0.103712457324399
0.10332008109248127 0.056829174835526276 0.341884738472751 0.11365834967105255 0.08925005772500155 0.06604450558240973 0.12672057791683022 0.1022925147039473
0.10159678540092025 0.05637271720481326 0.34987049767565787 0.11274543440962652 0.0872776266304361 0.0649633021815372 0.1257027455283448 0.10147089096866387
0.100708428802069 0.05614144458446911 0.35371084602275116 0.11228288916893822 0.08642481775164859 0.06448993131480073 0.12518704210327888 0.1010546002520444
0.10026272189341634 0.056028900760506865 0.3555501112715571 0.11205780152101373 0.08604063629885655 0.0642717207123084 0.12493608617342875 0.10085202136891236
0.10004319526030192 0.05597485644634792 0.35642953515152026 0.11194971289269584 0.08586335056042034 0.06416903266611756 0.12481557541916984 0.10075474160342625
0.09993633581477683 0.05594901481592652 0.3568497461732536 0.11189802963185304 0.08578038221296079 0.0641203122422716 0.12475795244028987 0.10070822666866774
0.09988469853600455 0.05593667363268172 0.35705048436352743 0.11187334726536344 0.0857412318558803 0.06409711836409375 0.12473043344362161 0.10068601253882709
0.1350187804480768 0.07562303840154663 0.3018071301925465 0.09452879800193331 0.11590413049772892 0.08664964887218252 0.10539255538424502 0.08507591820173996
0.13138391661033386 0.06599683462395921 0.2408600160528778 0.082496043279949 0.14867766278262812 0.1089543655996429 0.12263590911467045 0.09899525193593879
0.11357953740851626 0.057767011083935095 0.2971817955325032 0.11553402216787019 0.10673683330507085 0.07640836777579876 0.1288118127752224 0.10398061995108317
0.10056136723089427 0.11876765578233213 0.19325551622245538 0.14845956972791516 0.08838702097429141 0.14143451966278753 0.07552073764420032 0.13361361275512362
0.08469479591145883 0.10521949579509103 0.13493065543604876 0.1315243697438638 0.09768201438943946 0.1989115916399713 0.08920783339149024 0.15782924369263654
0.12019142889952443 0.07157801829658246 0.17360922024619083 0.08947252287072807 0.1497125871526562 0.15506228049355614 0.13300691459588831 0.10736702744487368
0.11384427192606963 0.06015560166850593 0.26264225134155433 0.12031120333701185 0.11093686885497513 0.08969170659581455 0.13413801327275798 0.10828008300331066
0.10844186625867003 0.0585665281463133 0.310700875109096 0.1171330562926266 0.09661884356406472 0.07252446347244451 0.130594616493421 0.10541975066336394
0.14041345770527355 0.07688400675751962 0.2808253231710184 0.09610500844689954 0.12176281272836395 0.09036497118597814 0.10714991240273722 0.08649450760220957
0.1145763549276818 0.056765853002089625 0.31766097248758607 0.11353170600417925 0.09765944745023629 0.0710477510451792 0.12657937967928642 0.10217853540376133
0.10589581461457342 0.05681476544631523 0.3376855581622608 0.11362953089263046 0.09045388818279117 0.06656541776851678 0.1266884471295447 0.10226657780336741
0.12198560471689296 0.06715516171982039 0.2586232741740084 0.08394395214977549 0.1393999451625105 0.1033709965999834 0.12478832289727819 0.1007327425797306
0.11002810248312711 0.057542601142660244 0.3068516862234474 0.11508520228532049 0.10380827864895256 0.0747960350595031 0.12831141210020058 0.10357668205678844
0.140824766986828 0.07665128575591738 0.2785963227728844 0.09581410719489673 0.12421814857883472 0.09083709301942906 0.10682557921580277 0.08623269647540706
0.11476865679313762 0.05678352879718723 0.31646087315168103 0.11356705759437447 0.09840439275292662 0.07118634501158035 0.12661879406417573 0.10221035183493703
0.10065889221530636 0.11830101579906774 0.2000578844747626 0.14787626974883467 0.08612889952266611 0.1386643799844825 0.07522401548092894 0.1330886427739512
0.10835421792088018 0.06137633452633645 0.28054111157100364 0.1227526690526729 0.09319810950628449 0.08644008992863071 0.13686006534678605 0.11047740214740562
0.10627308908855328 0.05841080428042321 0.32033070954134263 0.11682160856084642 0.09124805971743492 0.07152890559178358 0.13024737551485413 0.10513944770476179
0.10356095758765185 0.05706096186206296 0.3395510809376875 0.11412192372412593 0.08889766404806555 0.06686025209776433 0.12723742839092847 0.10270973135171335
0.10178450846976402 0.0564466187448476 0.3487627841871805 0.1128932374896952 0.08742591964013724 0.06521548279510907 0.12586753493254077 0.10160391374072568
0.13611855260706812 0.07583803778578761 0.298054032815691 0.0947975472322345 0.11699326205645677 0.08718858427363284 0.10569219072011818 0.08531779250901106
0.11241620647252577 0.05630005373666887 0.326361737745682 0.11260010747333773 0.09561713517656052 0.06982394582954445 0.12554071683967655 0.10134009672600397
0.1048286822963313 0.05656569270015938 0.3419448856023654 0.11313138540031877 0.0895413974370172 0.06603665762286712 0.1261330520806539 0.10181824686028688
0.08539503839930229 0.10333584431856745 0.18304988480716863 0.12916980539820933 0.09761592206606516 0.15881891400187673 0.08761082453095936 0.15500376647785116
0.10427735411369601 0.061876103042793354 0.2717364606943759 0.12375220608558671 0.09731414067276284 0.09169227536758816 0.13797447454616907 0.11137698547702804
0.10545304399090753 0.05869954428435508 0.3160467296407573 0.11739908856871016 0.09284989274149738 0.07300129843383414 0.13089122262809924 0.10565917971183915
0.12259245079284746 0.06773564740636746 0.249800191718866 0.08466955925795933 0.14142889667790526 0.10630279643810403 0.12586698659839923 0.10160347110955119
0.12797502966363605 0.0668507122936091 0.2185439844044297 0.08356339036701138 0.1617582736958543 0.1168099488879662 0.12422259224707963 0.10027606844041366
0.11353979747989479 0.05835158347897938 0.28547050526708473 0.11670316695795876 0.11188312235034206 0.07890365223701735 0.13011532196656 0.1050328502621629
0.10708668020337402 0.05774640123845365 0.3218387843324175 0.1154928024769073 0.09584136430156441 0.06928458932217145 0.12876585589589518 0.10394352222921657
0.1036140225085307 0.056902154276434996 0.3400792954181441 0.11380430855286999 0.09006306065127799 0.06622996971755635 0.1268833111776028 0.102423877697583
0.10174301802630575 0.05640120076133194 0.3489650020629265 0.11280240152266388 0.08776192309493624 0.06503803355333382 0.12576625960810436 0.1015221613703975
0.10076976411386389 0.05614529369310441 0.35324413148844336 0.11229058738620883 0.08677844073086653 0.06451462889888326 0.12519562504104176 0.10106152864758793
0.13549480335940947 0.07569381620580784 0.3000433557215769 0.09461727025725981 0.11665978811525317 0.08684422776263215 0.10549119534652697 0.08515554323153382
0.09232334119617752 0.10149426721452302 0.16847012428934058 0.12686783401815377 0.1048768300913645 0.16767671494764744 0.08604948742100867 0.15224140082178453
0.14043755657136142 0.08147965126990739 0.21627072927682292 0.10184956408738424 0.13113823857539111 0.12360498929679159 0.11355466324369556 0.0916646076786458
0.11800093599925272 0.05874465359891126 0.2848458056039399 0.11748930719782252 0.1034213347576222 0.08076577669758514 0.130991809666826 0.10574037647804027
0.08893087839677297 0.10380749980368684 0.1646402736897545 0.12975937475460855 0.10216050034847389 0.1669795169458732 0.08801070635529973 0.15571124970553027
0.10621584544087467 0.0623637037954489 0.2617394823628062 0.1247274075908978 0.09940523361195601 0.09423190891784931 0.1390617514483592 0.11225466683180803
0.10652688569667715 0.05899119348280171 0.31100512350448495 0.11798238696560343 0.09388157077195923 0.07388713449852635 0.1315415568109041 0.10618414826904309
0.10408442264985426 0.057344995790763485 0.3350289178740721 0.11468999158152697 0.0900875781333164 0.06767231988828569 0.12787078165880691 0.10322099242337428
0.08528654504978361 0.10353139931015999 0.18085208280576723 0.1294142491377 0.09796258436905816 0.15987941920802498 0.08777662115426609 0.15529709896523997
0.1043510551415762 0.061947260196108495 0.27057833757480554 0.12389452039221699 0.09756676986036943 0.09202384410433687 0.13813314437759117 0.1115050683529953
0.10552888413164264 0.05873218530907415 0.31546402875647206 0.1174643706181483 0.09301739723962199 0.07311119314727951 0.130964007241428 0.10571793355633347
0.08578492197065941 0.10386247672142374 0.17457116779888862 0.12982809590177968 0.0990465162929389 0.16305578901183654 0.08805731722033752 0.1557937150821356
0.10480654082507303 0.062135421456657854 0.2672262582888775 0.12427084291331571 0.09816934549631265 0.09299511649293306 0.138552715904846 0.11184375862198413
0.1412435811410835 0.07852009496347778 0.2617350905406744 0.09815011870434723 0.12457586285681241 0.09801008724006904 0.10943005771962296 0.0883351068339125
0.1158403124300654 0.05735556000789295 0.3080955995481468 0.1147111200157859 0.0994639056373883 0.0733991560602566 0.12789433828625682 0.10324000801420732
0.10674440752567908 0.05709972147179711 0.3330138357062253 0.11419944294359421 0.09146054416772033 0.06737869300013012 0.12732385653561923 0.1027794986492348
0.10298294001853144 0.0565664459628939 0.3454784789685495 0.1131328919257878 0.08841856236522087 0.06546634628168269 0.12613473174412462 0.10181960273320903
0.1012959447083304 0.05623655998221908 0.3515500700336058 0.11247311996443816 0.08711594260737639 0.06470341949210262 0.12539913524393329 0.10122580796799434
0.10051086851331159 0.05606518217474885 0.3544758418882178 0.1121303643494977 0.08652291054048807 0.06436051630713609 0.1250169883120519 0.10091732791454794
0.09613756625302804 0.11779115410353402 0.21353492266235355 0.1472389426294175 0.08279842692755957 0.1350841291113628 0.07489980994626891 0.13251504836647574
0.14098825199778492 0.08091513691183501 0.23843724708524833 0.10114392113979376 0.12176909005074127 0.1129488997717287 0.11276792401705364 0.09102952902581438
0.13533928256990135 0.06722878047786124 0.2141494126404196 0.08403597559732655 0.15383773179451227 0.11964052427044505 0.12492512193274216 0.10084317071679186
0.13289931775195332 0.06692980211463423 0.20250886548075941 0.08366225264329279 0.1676318982304084 0.12160360294622495 0.12436955766077555 0.10039470317195133
0.0913390954431084 0.10147344684918055 0.13642425089615937 0.1268418085614757 0.1202302735161955 0.18544911908797815 0.08603183537213135 0.15221017027377082
0.0949168720273437 0.12106654075823713 0.13498922493198495 0.1513331759477964 0.09295144708711711 0.19156035226019003 0.07698252863431383 0.13619985835301676
0.12405816182569714 0.07162337881960101 0.17371775429259909 0.08952922352450125 0.14797306720968867 0.15257214217253634 0.133091203925975 0.10743506822940149
0.1150609743429085 0.060124213778829 0.2626087061570744 0.120248427557658 0.11058178184785845 0.08908428855024136 0.13406802296353806 0.10822358480189219
0.10879948056221807 0.058544561473813025 0.3106307722699926 0.11708912294762605 0.09663906418632826 0.07237115381480541 0.1305456340923532 0.10538021065286345
0.10469885282382181 0.05726144324418528 0.3346636906936836 0.11452288648837056 0.09082443944122327 0.06727361751871501 0.1276844719504669 0.1030705978395335
0.12168625216677621 0.06726408036569974 0.2574247057893593 0.08408010045712466 0.13991142824691205 0.10374659592513656 0.12499071650044204 0.1008961205485496
0.08874285870178056 0.10180751308950843 0.1544315306182098 0.12725939136188552 0.11208996479569017 0.17664240635320994 0.08631506544545281 0.15271126963426263
0.10635312887522035 0.062398879747892926 0.25571714601077655 0.12479775949578585 0.10259017026359885 0.096684743488351 0.1391401885721672 0.11231798354620727
0.09912279979791594 0.12026049783960763 0.17858701956182083 0.15032562229950955 0.08821306175112568 0.15172794820636354 0.07646999047409835 0.13529306006955857
0.08426074987297387 0.10521637959939804 0.13016844928246427 0.13152047449924756 0.09783323670005453 0.20397094924727507 0.08920519139948965 0.15782456939909706
0.10644679528307834 0.06347328273156602 0.24320320532927353 0.12694656546313204 0.09983053458515762 0.10431176082386982 0.14153594686710394 0.11425190891681884
0.10755515401854965 0.059599901634000065 0.3017594148118133 0.11919980326800013 0.09490927715416395 0.07679774103615934 0.13289888513611356 0.10727982294120011
0.10485627401339731 0.057635746616056256 0.3305332896546578 0.11527149323211251 0.09082664622161421 0.0686130937496965 0.12851911260356425 0.10374434390890125
0.13815870000654842 0.07636854401580914 0.2898693164858919 0.0954606800197614 0.1190935583664434 0.08870305479707111 0.10643153429068922 0.08591461201778527
0.1134291794782371 0.0565106328596872 0.32222407167170514 0.1130212657193744 0.09668863237270632 0.07039680189656532 0.1260102768542876 0.10171913914743697
0.10531710874175343 0.056670870236996775 0.3399024263704693 0.11334174047399355 0.0901177291072613 0.06627497635327016 0.12636758228966147 0.1020075664265942
0.12168889376297697 0.0670914044748793 0.2595163136007165 0.0838642555935991 0.13934051273692208 0.10319166450481893 0.12466984861376823 0.10063710671231892
0.10987274050793765 0.05749901608015317 0.3072803730438747 0.11499803216030634 0.10392475560258095 0.07471262974482831 0.12821422391604304 0.1034982289442757
0.14071259544607054 0.07661445100397506 0.27875628660515983 0.09576806375496882 0.12440439653344448 0.0907787050605486 0.10677424421636075 0.08619125737947192
0.13381670062976977 0.0662171960897783 0.23077613366117966 0.08277149511222288 0.15337017311908302 0.11067712048945708 0.12304538676384177 0.09932579413466745
0.1147589732005792 0.05796622421394977 0.291758523019705 0.11593244842789954 0.10892529060272345 0.07706330862818127 0.12925602832185218 0.10433920358510959
0.10714337602087858 0.05754004186849904 0.32491224045100897 0.11508008373699807 0.09478407613289878 0.06866240112561611 0.12830570530080232 0.10357207536329827
0.10347594760797432 0.05680003403832633 0.34155103364617745 0.11360006807665265 0.08968713430239163 0.06599012277104305 0.12665559828844705 0.1022400612689874
0.08506774615132516 0.10338305929952522 0.18293285154525968 0.12922882412440653 0.09781852240073392 0.1588435529059512 0.08765085462351051 0.15507458894928783
0.10417448593426373 0.06187707150654775 0.2716708805943929 0.1237541430130955 0.09746696880184139 0.0917010873622784 0.13797663407579452 0.11137872871178595
0.10541550484208738 0.05869362761640874 0.3160017023492844 0.11738725523281748 0.0929761607425218 0.07299919016568084 0.13087802934166365 0.10564852970953573
0.10350085066717034 0.0571900998043097 0.3374636902358721 0.1143801996086194 0.08968047932048491 0.06731711398796722 0.12752538672781893 0.10294217964775747
0.10185364695711027 0.056500047850570514 0.3477505896756147 0.11300009570114103 0.08783703739429917 0.06537182242642786 0.12598667386380946 0.10170008613102693
0.10086015843438767 0.056181729045402466 0.3526664076962093 0.11236345809080493 0.08689998939868634 0.06462427461423093 0.12527687043855415 0.10112711228172445
0.10032807763471326 0.056033258152726 0.3550139072320275 0.112066516305452 0.08644211906803997 0.06431045442441398 0.12494580250772036 0.1008598646749068
0.08414686045507135 0.10315206555981374 0.1871892594508953 0.12894008194976717 0.09668148977175406 0.1577071323679183 0.08745501210505947 0.1547280983397206
0.13685555743005542 0.08150952901883095 0.22599233886821174 0.10188691127353869 0.12797696014440452 0.12048418054961951 0.11359630256915434 0.09169822014618483
0.09262658331758993 0.10205881222983515 0.14423058716862747 0.12757351528729394 0.10842806193087413 0.18546609830877528 0.08652812341225154 0.1530882183447527
0.10805443502668735 0.06264164090487595 0.2500414074609644 0.1252832818097519 0.1019216760411594 0.0996210954085534 0.13968150971923085 0.1127549536287767
0.10759347414002009 0.05926767791896135 0.30499398649157583 0.1185353558379227 0.09508589194065847 0.0756837175795248 0.13215807583720635 0.10668182025413044
0.10466563058177969 0.05749183892170952 0.3320513650762804 0.11498367784341904 0.0906975227198058 0.06842643487399706 0.12819821992393138 0.10348531005907713
0.08541264777314575 0.10350444375560248 0.1798435362302287 0.12938055469450313 0.09818304268018312 0.16066534170100916 0.08775376753192386 0.15525666563340373
0.10438705773322247 0.06192629080471442 0.26996245911459427 0.12385258160942884 0.09766936681488968 0.0926485347101221 0.1380863857645423 0.11146732344848595
0.1235970908787791 0.06876531584187297 0.23065266105564475 0.0859566448023412 0.1453463001752183 0.11475368777716739 0.12778032570616693 0.10314797376280944
0.11189641014329131 0.058334162726802544 0.2924480665982977 0.11666832545360509 0.10697941762022764 0.07859564826021331 0.1300764762893179 0.10500149290824458
0.1062921053878659 0.05758139948058473 0.325404133603813 0.11516279896116946 0.09427750304123017 0.06923761385730881 0.1283979266029755 0.10364651906505251
0.08584271558710814 0.10353053753719059 0.17771473758017092 0.12941317192148827 0.09930211832978406 0.16112502221781058 0.0877758905206616 0.1552958063057859
0.10458351779510008 0.06195033875925423 0.2687558190323877 0.12390067751850846 0.09805091033841389 0.09310811767575897 0.13814000911391916 0.11151060976665762
0.10563442562510017 0.05873174433578362 0.3144882508771425 0.11746348867156724 0.09322015877291738 0.07378176797627164 0.13096302393680706 0.1057171398044105
