Action: 0
[0.1118174574061251, 0.0781854057219083, 0.3674572742011008, 0.0781854057219083, 0.11398832276424957, 0.09399532274089147, 0.0781854057219083, 0.0781854057219083]
[0.12498532134915659, 0.07857509412449312, 0.23317804596900188, 0.07857509412449312, 0.17038606793488278, 0.15715018824898624, 0.07857509412449312, 0.07857509412449312]
[0.08455585049183209, 0.15766790343206297, 0.2716838000645705, 0.078833811996801, 0.1600716016473586, 0.08951940837377298, 0.078833811996801, 0.078833811996801]
[0.125, 0.125, 0.125, 0.125, 0.125, 0.125, 0.125, 0.125]
[0.10063232561766061, 0.07805826786936645, 0.36116978657049864, 0.07805826786936645, 0.10428750777585831, 0.12167730855851663, 0.07805826786936645, 0.07805826786936645]
[0.13922817111878452, 0.09931580619426592, 0.3305068597262285, 0.07651496894311381, 0.12488928718826586, 0.07651496894311381, 0.07651496894311381, 0.07651496894311381]
[0.125, 0.125, 0.125, 0.125, 0.125, 0.125, 0.125, 0.125]
[0.125, 0.125, 0.125, 0.125, 0.125, 0.125, 0.125, 0.125]

Action: 1
[0.1111111111111111, 0.1111111111111111, 0.1111111111111111, 0.1111111111111111, 0.2222222222222222, 0.1111111111111111, 0.1111111111111111, 0.1111111111111111]
[0.1111111111111111, 0.1111111111111111, 0.1111111111111111, 0.1111111111111111, 0.1111111111111111, 0.2222222222222222, 0.1111111111111111, 0.1111111111111111]
[0.08798612954813192, 0.08798612954813192, 0.08798612954813192, 0.08798612954813192, 0.23157173420213187, 0.24051148850907658, 0.08798612954813192, 0.08798612954813192]
[0.125, 0.125, 0.125, 0.125, 0.125, 0.125, 0.125, 0.125]
[0.0866681287561241, 0.1548857505278669, 0.0866681287561241, 0.0866681287561241, 0.1658593361524494, 0.2459142695390632, 0.0866681287561241, 0.0866681287561241]
[0.09394427652490236, 0.09394427652490236, 0.09394427652490236, 0.09394427652490236, 0.18788855304980473, 0.2484457878007812, 0.09394427652490236, 0.09394427652490236]
[0.125, 0.125, 0.125, 0.125, 0.125, 0.125, 0.125, 0.125]
[0.125, 0.125, 0.125, 0.125, 0.125, 0.125, 0.125, 0.125]

