Action: 0
[0.12599003830900862, 0.08762771232919468, 0.2499142392240393, 0.08762771232919468, 0.18513805361984392, 0.08844681953032935, 0.08762771232919468, 0.08762771232919468]
[0.18572317440257835, 0.09286158720128918, 0.2571073023896866, 0.09286158720128918, 0.09286158720128918, 0.09286158720128918, 0.09286158720128918, 0.09286158720128918]
[0.2738054281256206, 0.08537811498776278, 0.19481864088753545, 0.08537811498769844, 0.10110063854832005, 0.08876283248766574, 0.08537811498769844, 0.08537811498769844]
[0.125, 0.125, 0.125, 0.125, 0.125, 0.125, 0.125, 0.125]
[0.13687719217882802, 0.08884283882568188, 0.3262780818646046, 0.08883874801197642, 0.08885071210941953, 0.0926349309855366, 0.08883874801197642, 0.08883874801197642]
[0.1532186248055333, 0.11152504513927075, 0.20809203893326808, 0.08532021970920492, 0.1856518850396566, 0.0855517469546567, 0.08532021970920492, 0.08532021970920492]
[0.125, 0.125, 0.125, 0.125, 0.125, 0.125, 0.125, 0.125]
[0.125, 0.125, 0.125, 0.125, 0.125, 0.125, 0.125, 0.125]

Action: 1
[0.10109951515280109, 0.10109951515280109, 0.10109951515280109, 0.10109951515280109, 0.10109951515280109, 0.29230339393039245, 0.10109951515280109, 0.10109951515280109]
[0.1111111111111111, 0.1111111111111111, 0.1111111111111111, 0.1111111111111111, 0.1111111111111111, 0.2222222222222222, 0.1111111111111111, 0.1111111111111111]
[0.08799826416193818, 0.08799826416193818, 0.08799826416193818, 0.08799826416193818, 0.17196000110511128, 0.3000504139232597, 0.08799826416193818, 0.08799826416193818]
[0.125, 0.125, 0.125, 0.125, 0.125, 0.125, 0.125, 0.125]
[0.09416396288300914, 0.16604068497147195, 0.09416396288300914, 0.09416396288300914, 0.17481157484746396, 0.18832792576601828, 0.09416396288300914, 0.09416396288300914]
[0.12199760176224296, 0.10363616778334958, 0.08779804724487258, 0.08779804724487258, 0.08779804724487258, 0.33537599423004455, 0.08779804724487258, 0.08779804724487258]
[0.125, 0.125, 0.125, 0.125, 0.125, 0.125, 0.125, 0.125]
[0.125, 0.125, 0.125, 0.125, 0.125, 0.125, 0.125, 0.125]

