0.125 0.125 0.125 0.125 0.125 0.125 0.125 0.125
0.06578947368421052 0.10964912280701754 0.05921052631578946 0.09868421052631579 0.13157894736842105 0.21929824561403508 0.11842105263157893 0.19736842105263158
0.07295173961840629 0.12906846240179573 0.09118967452300786 0.16133557800224466 0.08754208754208755 0.15488215488215487 0.10942760942760943 0.19360269360269358
0.11128397299245572 0.08763612873155889 0.13354076759094688 0.10516335447787067 0.13910496624056967 0.12489065738057618 0.16692595948868358 0.13145419309733836
0.07215840057679393 0.1276648625589431 0.09019800072099242 0.1595810781986789 0.09746492817025425 0.15319783507073173 0.10823760086519091 0.19149729383841466
0.13271939225412055 0.10451652140011994 0.15926327070494467 0.12541982568014393 0.1260153492151496 0.10388037723031594 0.1388449026658492 0.10934036084935624
0.08214964645378262 0.12192801163637669 0.08778816837819121 0.14631361396365203 0.1021192399262749 0.16707409171441856 0.10973521047273901 0.18289201745456501
0.11564218313521189 0.08454985961155963 0.1288378813128528 0.10145983153387156 0.14706786386716528 0.1345702394809335 0.16104735164106596 0.12682478941733943
0.07076242222876243 0.1251950547124258 0.08845302778595303 0.1564938183905323 0.09637417306711231 0.16878528840343174 0.10614363334314364 0.18779258206863872
0.07596368334167279 0.1186718660480804 0.0854437435546179 0.1424062392576965 0.10312978405133223 0.18957220523120716 0.10680467944327236 0.17800779907212058
0.07493134981066489 0.1163934126826673 0.08380325713152045 0.13967209521920076 0.1023662422636094 0.20348945245393563 0.10475407141440059 0.17459011902400093
0.06255743654597325 0.09720413324067227 0.05249023194996302 0.08748371991660506 0.14197789314111425 0.27833868147253615 0.10498046389992605 0.17496743983321011
0.06731927086914909 0.11910332538387915 0.08414908858643635 0.14887915672984892 0.09174175196922309 0.20917351208192106 0.10097890630372364 0.1786549880758187
0.10041363441109981 0.074216937484351 0.1884874602777168 0.148433874968702 0.09820967214875984 0.09651212844326175 0.1643224012677531 0.1294038909983556
0.07701447923172647 0.11698429301884367 0.09959975366765823 0.1403811516226124 0.10600313971971337 0.17925487949422106 0.1052858637169593 0.17547643952826547
0.0737015107335538 0.11418664682408737 0.09026806883885531 0.13702397618890483 0.10721938452022924 0.20355246051655976 0.10276798214167863 0.17127997023613106
0.07194590121502317 0.12444662385676057 0.08767173149357176 0.133980960125983 0.10551735842705233 0.2084755046296432 0.10048572009448725 0.16747620015747874
0.05291261334495464 0.09253993402913432 0.0644337653994759 0.09866815497491029 0.12403747376130857 0.25166996257050345 0.11840178596989233 0.19733630994982057
0.05729753652703064 0.10137256462474652 0.049951698510744665 0.08837608198054825 0.13834508125737513 0.28800147611696886 0.09990339702148933 0.1767521639610965
0.09119386503032446 0.07361432478351493 0.18238773006064893 0.14722864956702986 0.10155270860130736 0.10736798029226347 0.16414895705458402 0.13250578461032686
0.07517218754097449 0.12329718797804481 0.09763849539373823 0.13795792450766756 0.10797829228506414 0.18204006327917585 0.10346844338075067 0.17244740563458444
0.07213649085322187 0.12562971997409705 0.08837958456586287 0.13414690581288857 0.107218975539707 0.20419451162844543 0.10061017935966643 0.1676836322661107
0.07130884123734578 0.12483861189803151 0.08688029985298046 0.13292366841810016 0.10623478785515748 0.21196645390218424 0.09969275131357513 0.16615458552262521
0.1070125525759864 0.08853583349862454 0.13030490555120725 0.0943114794750434 0.15928751450458137 0.15295760397925548 0.14970076107149746 0.11788934934380425
0.06721737191976478 0.11892304262727614 0.09462914635339514 0.1486538032840952 0.10235744815107893 0.1890085658438286 0.10082605787964719 0.1783845639409142
0.09740507440003864 0.0804386927181593 0.19983522813610696 0.14370928094692578 0.10075331801015075 0.09348131015819411 0.15909208147156617 0.12528501415885837
0.07474691725627745 0.12264560675654232 0.11027346286865954 0.13617969740734795 0.10742984430426349 0.1763650765922135 0.10213477305551098 0.17022462175918493
0.07152331760070987 0.12459791468607527 0.09534860735752632 0.1329487176368559 0.10661194978648178 0.20307205765863914 0.09971153822764192 0.16618589704606987
0.07074644966197455 0.12386796774794784 0.092546141788422 0.131859363718682 0.10576644932624352 0.21149490031936627 0.09889452278901151 0.16482420464835248
0.10591151416639696 0.08763298854655002 0.13807604502558649 0.09332996124474355 0.15827549909836858 0.15196874473584773 0.14814279562657706 0.11666245155592943
0.10166572387491261 0.08206751204360416 0.14423738714983447 0.10258439005450519 0.1633299247972678 0.13051520820210064 0.15249858581236891 0.12310126806540625
0.08981259899543556 0.07249932689992991 0.20497840661776773 0.14499865379985982 0.11205536819571642 0.08349417887963277 0.161662678191784 0.13049878841987383
0.10174588246562016 0.07424172174977381 0.23917885974897812 0.1383330496980854 0.09920336411302563 0.07355870641984015 0.15314037247814094 0.12059804332653601
0.06881523023595633 0.10440260628784238 0.08059720411955548 0.08729378601469043 0.14735730344061015 0.23219375465433584 0.1047525432176285 0.17458757202938086
0.0649731205040332 0.11495244396867413 0.09263264217054745 0.14369055496084265 0.10575287069470965 0.20811002099213197 0.0974596807560498 0.17242866595301118
0.08858222589626727 0.14786985453518953 0.1150961831137858 0.15862377892424878 0.0888139160704188 0.1797542062426762 0.08297243820653014 0.13828739701088355
0.09663801550553165 0.15465169761311576 0.0913370024177088 0.12066381107243689 0.12471640739682259 0.24909692104659467 0.09049785830432766 0.07239828664346212
0.06474010241529593 0.1145401811962928 0.09383931264194112 0.14317522649536601 0.10219702691570572 0.21258772491801525 0.0971101536229439 0.1718102717944392
0.13505766663404184 0.10374342963062007 0.17140120271018788 0.11127950085908 0.13100450440854572 0.12730981575066772 0.12319098182201775 0.09701289818483899
0.06613770901650934 0.1170128697984396 0.10717726621792917 0.1462660872480495 0.1053973647310638 0.18328283476558524 0.09920656352476401 0.1755193046976594
0.10080857318141007 0.07740064838308834 0.222355572120726 0.13807293197299703 0.09816390440866606 0.08997468444157335 0.1528524114637981 0.12037127402774102
0.08142609505116967 0.119186835023706 0.12597093915424032 0.13231478055926912 0.10482174671762941 0.17165004237544718 0.09923608541945185 0.1653934756990864
0.11462977203449512 0.08557691097026003 0.1544580928992862 0.09132921193581546 0.1552827247829413 0.1395947693847095 0.14496700307272295 0.11416151491976932
0.06561329281288865 0.11608505651511067 0.10411308819586086 0.14510632064388834 0.11019956816792943 0.18633514967232306 0.09841993921933295 0.174127584772666
0.10172693250890785 0.07706972815603752 0.22237719640127473 0.13752908325688515 0.09888911062622958 0.09026045096561189 0.15225034857905068 0.11989714950600243
0.07190371766802856 0.10294553724144054 0.08233204281471658 0.08570864335855499 0.14525523126775752 0.23758716890212603 0.10285037203026598 0.17141728671710998
0.0806660625184773 0.13295769593310294 0.07511271040338696 0.11591183748014101 0.1245660277263953 0.2530729972801445 0.07861846368218259 0.1390942049761692
0.06904179635204458 0.11287608980253996 0.0903844979730601 0.14109511225317498 0.10174690469892564 0.2198421706882044 0.09569929352824041 0.16931413470380993
0.07597475381818326 0.12053688324347593 0.09649220183276216 0.12937124111805542 0.10330547314192287 0.2155769646094895 0.0970284308385416 0.1617140513975693
0.06492413140177897 0.10219579636516288 0.061751036111768916 0.08163936620068009 0.13967372543707243 0.2885699726413604 0.0979672394408161 0.16327873240136018
0.1079178518047352 0.07797072706442416 0.13420530622143076 0.0974634088305302 0.15940983680632417 0.16119087539948934 0.14488590327642997 0.11695609059663624
0.07668007574807204 0.11366245189765727 0.09963668921193691 0.14207806487207156 0.11000379564882291 0.19107925294867886 0.09636599182627463 0.17049367784648586
0.10398201962645495 0.0767505276142496 0.22086551645634134 0.13721143152653112 0.09871893566833784 0.09095265169579621 0.15189869505582604 0.11962022235646301
0.07218772549349778 0.10283829061314761 0.08234047919097379 0.08563963188417854 0.14512893513406816 0.23781811565476277 0.10276755826101423 0.1712792637683571
0.07173775413894112 0.1123770103846414 0.09111736249957977 0.14047126298080173 0.10587615180596943 0.21457878163482158 0.09527616097828291 0.16856551557696206
0.11407207775423349 0.08497609129029815 0.1445119423097455 0.09123773531684388 0.15558785163449582 0.15074533045809999 0.14482180209022838 0.11404716914605485
0.11651156823282677 0.07808551362696109 0.15223685712812327 0.09760689203370136 0.16452092666823304 0.12881077117483739 0.14509920069487547 0.11712827044044163
0.10757972604234568 0.06872104248958888 0.21696530873504363 0.13744208497917776 0.11060354384561097 0.08175274954720338 0.15323766787976983 0.12369787648125999
0.1063886688478923 0.07054565428326678 0.2659425491991075 0.1315814704418804 0.09494011380997537 0.07022339555934201 0.14566609670407596 0.11471205115445983
0.08064700248574483 0.11507700572204685 0.1300599343071973 0.14384625715255858 0.09795778781726397 0.16223121647212188 0.09756528745999625 0.17261550858307026
0.07874889137366646 0.12216795337598096 0.10625209726279478 0.1308957795766324 0.1036137747588296 0.19652994449883096 0.09817183468247431 0.1636197244707905
0.0777149662920307 0.12180661152133421 0.10028319796540106 0.12956673147402012 0.10394258144960795 0.20755244834956577 0.0971750486055151 0.16195841434252511
0.06418860053837018 0.0967599193973329 0.0583639269011248 0.08435480152587997 0.13965754569188224 0.29260800116874225 0.09535760172490779 0.16870960305175994
0.07115471596585764 0.10972012238912955 0.0879067688944144 0.13715015298641192 0.1028526725060816 0.23361180164884413 0.09302358202556636 0.1645801835836943
0.11438653220310355 0.07845790347421544 0.14554309899595735 0.0980723793427693 0.14882409709688546 0.15123795483186786 0.14579117884387796 0.11768685521132317
0.10823651291179111 0.06774687097449912 0.2238922929812328 0.13549374194899824 0.10626626886206476 0.08535453376746228 0.15106541079985328 0.12194436775409843
0.12131650207200502 0.07701189829743002 0.18625813286101658 0.09626487287178753 0.14744406449113126 0.11308248288540934 0.1431041990750752 0.11551784744614504
0.10882717036496263 0.06638218390216392 0.2426757108812347 0.13276436780432785 0.10408794480763037 0.07775232890260193 0.14802236231318344 0.11948793102389509
0.08266662830254311 0.11360889136455168 0.1317027481105186 0.14201111420568963 0.09895579134164333 0.1643209078191495 0.09632058180907643 0.17041333704682754
0.11748292490444484 0.08497112321115265 0.15721414087827398 0.09113516620835235 0.15311024050140276 0.13750845255442126 0.14465899398151166 0.11391895776044042
0.07149517840605137 0.09628587258433557 0.06736267952400032 0.08394152994531819 0.15486093798139838 0.26328031651268274 0.0948904251555771 0.16788305989063637
0.10128808316704951 0.06866757280903502 0.20070083510049136 0.13733514561807003 0.10926062682768216 0.106027666948725 0.15311843847268403 0.12360163105626303
0.12042574503251346 0.07675114097761034 0.1828236369819953 0.09593892622201293 0.148022484003371 0.11829169782783554 0.14261965748824607 0.11512671146641551
0.10818340902865169 0.06602699965055041 0.24523911038864477 0.13205399930110082 0.10380272250620642 0.07861480530919505 0.14723035444466015 0.11884859937099071
0.07147910924377425 0.09828609428406877 0.1852960848203545 0.19657218856813755 0.06421961628732334 0.10723651942209586 0.09999541766292215 0.17691496971132378
0.0792187316986938 0.12264205295206415 0.119916707206022 0.13368040225420613 0.09792599583424637 0.1792553055463553 0.1002603016906546 0.16710050281775765
0.07867845832424925 0.12236002619158179 0.10357983707592945 0.13012576298770193 0.10308459093482251 0.20191979851031122 0.09759432224077645 0.1626572037346274
0.07812920290922218 0.12159099575217208 0.09954170241688674 0.1292869181017718 0.10364387709252627 0.20923346752387711 0.09696518857632888 0.16160864762721477
0.06501895155280356 0.09555048357997972 0.05969601009496309 0.08330042158254643 0.13822635434821065 0.29744124171352515 0.09416569396287856 0.16660084316509285
0.09997147950451897 0.06874607666266211 0.19836687409637715 0.13749215332532422 0.10594624673083511 0.11244074133821114 0.1532934903492794 0.1237429379927918
0.10419606628922339 0.0665754658237294 0.2539818971921849 0.1331509316474588 0.09565110453846162 0.07815534387600236 0.14845335215022645 0.11983583848271294
0.08169497808746105 0.1132771836259053 0.1356743997298393 0.1415964795323816 0.0969586838241583 0.16484314842638972 0.09603935133500667 0.16991577543885794
0.07957668387471523 0.12160858559638768 0.10720983944563658 0.13045702222375768 0.1031364257463008 0.19709739866568662 0.09784276666781828 0.16307127777969713
0.11681840515677147 0.08538763767635858 0.14919770845219352 0.09085252494719151 0.15417075023695972 0.14579696028750153 0.14421035705903412 0.11356565618398938
0.12297706503753288 0.07560892462166287 0.16544729876299002 0.09451115577707858 0.16040249212113414 0.1271424959202859 0.1404971808268213 0.1134133869324943
0.12457190050751794 0.07520376918057507 0.17002578269392055 0.09400471147571883 0.1616830006971917 0.1219608643162792 0.13974431735793427 0.11280565377086259
0.10962715383830557 0.06595263675294107 0.24071786566265743 0.13190527350588213 0.10663363100129972 0.07938415680168888 0.14706453628193128 0.11871474615529393
0.1050700668434151 0.06541822281904705 0.26914344400567647 0.1308364456380941 0.09428341398071124 0.07162273266615005 0.1458728729726213 0.11775280107428467
0.10325811492944077 0.06488788686694007 0.2796766249608543 0.12977577373388013 0.09109182309122087 0.06982127710312931 0.14469030295404248 0.11679819636049214
0.10252660646628475 0.06465690239144094 0.28348542558552176 0.12931380478288187 0.09015869937359625 0.06930089504670646 0.14417524204897425 0.1163824243045937
0.08161118253620313 0.11296290649897994 0.14210887207843328 0.14120363312372494 0.09563917428464372 0.16125697274127954 0.09577289898826562 0.1694443597484699
0.10479603601953108 0.0755453225736314 0.23802755630106354 0.13510030622323663 0.0943356779753319 0.0848537542009065 0.14956159256296442 0.1177797541433345
0.09840308317410235 0.13553878181725545 0.11022007537200099 0.11816201491760732 0.11562479131495904 0.20011216451535163 0.08014467098759454 0.1417944179011288
0.10693956497328597 0.06811795120549645 0.2196207288143935 0.1362359024109929 0.0999518410089598 0.09462883508710962 0.1518928643298682 0.12261231216989361
0.1055529479454381 0.06603983937181927 0.26176762191946484 0.13207967874363855 0.09373004339578524 0.07469917264786594 0.14725898510671342 0.1188717108692747
0.12106561510929262 0.07588150172128406 0.20193788608418872 0.09485187715160509 0.1418269044629673 0.10961027685440979 0.1410036860343264 0.11382225258192609
0.08414394313776379 0.11154531481183017 0.12307891289441335 0.13943164351478768 0.10550516246077868 0.17440602318743387 0.09457102777524731 0.16731797221774522
0.1058406447642485 0.0757571792312102 0.23023768047549867 0.13562918356516748 0.09677614955128899 0.08737125419368345 0.1501470815210645 0.11824082669783831
0.08250402030166538 0.1134049463501363 0.13049292357782472 0.14175618293767037 0.0972433667791387 0.1683434686228098 0.09614767190555033 0.17010741952520442
0.0797916497164023 0.12154983252918723 0.10610656755593188 0.13037635008725681 0.10313928824833085 0.19828361168837735 0.0977822625654426 0.16297043760907098
0.0787188762012774 0.12152902458960754 0.10016129404494145 0.12930819315925332 0.10368932202817642 0.2079769036582374 0.09698114486943998 0.16163524144906663
0.09486181912136238 0.15917049664731722 0.0896436151162633 0.11687909527053596 0.12547487568711682 0.25618331954218054 0.08765932145290198 0.07012745716232158
0.077881983835881 0.10923951526967696 0.09636557480890132 0.13654939408709618 0.09987289112641864 0.22361525719539316 0.09261611077211741 0.1638592729045154
0.0763803923517259 0.11164330874583536 0.09947217027772014 0.1395541359322942 0.09621290593998383 0.21461801404482714 0.09465410958886043 0.16746496311875306
0.13903114574209147 0.10915559948642001 0.1758213437860533 0.1085630718603324 0.12684412086776306 0.12575620568715823 0.12018378325604563 0.09464472931413594
0.10104929660128163 0.1290991325196306 0.13572457848428496 0.16137391564953826 0.08879398577757931 0.156632357617901 0.0820902092651999 0.14523652408458443
0.10870959638421558 0.08290834189215003 0.23387698483033564 0.13378196674308349 0.09231060715983408 0.0836799338797292 0.1481021365653997 0.11663043254525228
0.0643446261767702 0.09508495155256391 0.09791385922742671 0.09886875698645647 0.12426205007788195 0.20314573362223987 0.11864250838374778 0.19773751397291295
0.07438987042103377 0.11213512966072682 0.10019251486423007 0.14016891207590854 0.10160124900879187 0.20823854128760227 0.09507108819061624 0.16820269449109024
0.10389488194744194 0.08195181730545897 0.2201920092079586 0.13575565970947648 0.09627908926311507 0.09328835880282314 0.15028709581187463 0.11835108795185127
0.083897037717987 0.12509302081829676 0.12598453273043567 0.1303045939990331 0.10321485639472734 0.1708967703414539 0.09772844549927484 0.16288074249879136
0.07906656638031473 0.13174514472059537 0.10392410840936053 0.1283271664709986 0.10318709362690648 0.1970955874498271 0.09624537485324895 0.16040895808874822
0.06594831102491715 0.11220714881190239 0.06274609808618445 0.0811387282767661 0.1392173393016432 0.27909844401293527 0.09736647393211931 0.1622774565535322
0.08544872178092455 0.1279483257165039 0.07395131065869125 0.11154469421438805 0.12008457135314429 0.27151234192584517 0.07565640129323709 0.13385363305726564
0.076333795477048 0.10930238412722529 0.09298867498941613 0.13662798015903163 0.09871005393495776 0.22941412249187926 0.09266941262960406 0.16395357619083795
0.10310556659286975 0.06896829171774718 0.21394360394741255 0.13793658343549436 0.09746711118566342 0.1006469212731748 0.15378899675569296 0.12414292509194493
0.1446204807922152 0.09995349799227234 0.21511693575534055 0.10637061869408357 0.12462533740732054 0.09882312199587225 0.11775664747574573 0.09273335988714977
0.10526146147772382 0.13269163618712432 0.10464765887683239 0.11567988795800582 0.12130982523223487 0.2031325233208678 0.07846114139760393 0.13881586554960698
0.08085846361913632 0.11100355135561571 0.10095311277936342 0.13875443919451963 0.10035829236752289 0.20745510706630949 0.09411170658410897 0.16650532703342355
0.07821289934334198 0.12840059681125235 0.09814704156987177 0.1278067297869623 0.10210705775068667 0.20971221516396035 0.09585504734022174 0.15975841223370288
0.07747189832823331 0.13137601962242923 0.09722047994710489 0.1272780235112181 0.1021501156574116 0.2099474159111666 0.09545851763341359 0.15909752938902263
0.07731367429491486 0.1319167181448577 0.0969902489989617 0.12722861376405434 0.10212469885574679 0.20996881841335588 0.09542146032304077 0.15903576720506796
0.0772832115953895 0.13201901256027154 0.09693818677968537 0.12722476796321475 0.10211574278136268 0.2099695423936466 0.09541857597241106 0.15903095995401842
0.11558285375687719 0.09331319550114506 0.14497187089371066 0.0899109528717784 0.15272939916921696 0.14838723850837657 0.14271579820917207 0.112388691089723
0.06051582022442875 0.08109991658735466 0.08031494205909007 0.10137489573419332 0.13047453281153015 0.22887239289375447 0.11459770822126202 0.20274979146838665
0.13033291739123093 0.09037427188270429 0.17043873794331785 0.11296783985338035 0.13642783974795886 0.13183662631265616 0.12595071100070915 0.10167105586804233
0.11148276680777203 0.066072785400281 0.24120965219597185 0.132145570800562 0.10158448843052656 0.08124127281151533 0.14733244983286536 0.11893101372050578
0.08345633375198419 0.11304963445520856 0.13277520156878644 0.14131204306901068 0.09806592067130367 0.16591998558886908 0.09584642921202464 0.16957445168281282
0.10500795507346238 0.08123587672075372 0.23333305769393176 0.13440937301402497 0.09457190369306094 0.08546773059182791 0.1487967010981473 0.11717740211479102
0.0841718457996539 0.12499601391235911 0.1289409210702617 0.13032755473060675 0.10287978933656965 0.16802876568933545 0.09774566604795508 0.16290944341325844
0.0791748994149344 0.13178560300138065 0.10460527039814242 0.12838444898883183 0.10315934531107901 0.19612153490796813 0.09628833674162388 0.16048056123603976
0.11612168001247564 0.09330984502476942 0.14745086657907494 0.08995996187491148 0.153117927127537 0.14479617675995482 0.14279359027763724 0.11244995234363933
0.08312267859455238 0.1112667350510674 0.11072818568514546 0.13908341881383426 0.10748402902355153 0.1870800096684733 0.09433484058677455 0.16690010257660112
0.10551673059705353 0.08145433833093203 0.2241776352074671 0.13508251542595454 0.09704713625131448 0.08941550255073334 0.1495418974190461 0.11776424421749883
0.07316566456024583 0.10856140992759494 0.08265090633503369 0.08487178914357674 0.1436853629342168 0.23547514183988655 0.10184614697229208 0.16974357828715347
0.07487590340707785 0.11031459553608847 0.09562521744227986 0.13789324442011058 0.10433791384993624 0.2179536401728211 0.09352759186755327 0.1654718933041327
0.10201021041673886 0.07623222579854545 0.2136627615158521 0.13660914804506955 0.0979699442714932 0.09825847135402647 0.15230900535771189 0.12294823324056262
0.10653372239920356 0.07464162157376511 0.26450311180971003 0.13081980885191555 0.09207562758494675 0.07255516327984306 0.1448229060143306 0.11404803848628535
0.08202083995979902 0.12090498834574111 0.1372001145165866 0.14002364558897448 0.09537951953385264 0.16146995773140715 0.09497255961686965 0.16802837470676935
0.10453099038075983 0.08209137728584179 0.23509390107506875 0.13420413253671945 0.09388363921788587 0.0846279935315917 0.14856949145294132 0.1169984745191913
0.06377638478139305 0.09492067573526523 0.09807705615546748 0.09883105535703295 0.1246411183486789 0.20349433247965687 0.11859726642843951 0.1976621107140659
0.05331230618198137 0.08829861699933182 0.07196767290388453 0.10037859026729086 0.12174917219801627 0.25006501104754125 0.11347144986737227 0.20075718053458172
0.07109867718125262 0.11993024366135481 0.092839461950724 0.13718623330800864 0.09928548835663699 0.22198836167654576 0.09304805389586673 0.16462347996961033
0.07439233912771344 0.12402512614077373 0.09762961698270775 0.13768184986236984 0.09504482803919656 0.21262380880139606 0.09338421121099867 0.1652182198348438
0.10397382572733076 0.08347625928987903 0.21907112060417766 0.13577805576885718 0.09495419284133137 0.09406404387661146 0.1503118891702448 0.11837061272156778
0.08394321136624923 0.12538523224675244 0.12572782372009705 0.1302910870051252 0.10290222203959978 0.17116824961192587 0.0977183152538439 0.1628638587564065
0.07910253816646372 0.13179283738554812 0.103864262284674 0.12831594026991228 0.10310964253065477 0.1971828988229226 0.0962369552024342 0.1603949253373903
0.09442101693929436 0.16874319150076764 0.08981397944903598 0.11594630159807248 0.12453738051803769 0.25001062283739395 0.08695972619855435 0.06956778095884349
0.07660946658592721 0.12652946368367307 0.09477657011499542 0.13368529118121777 0.09811727877151008 0.219186078400563 0.09067350184465205 0.1604223494174613
0.1039975861317465 0.08748994247649526 0.21673501450875532 0.13485370904496072 0.09517324126287104 0.0948971352375238 0.14928859934973265 0.1175647719879145
0.08355276178250781 0.13005005898303595 0.1247399827153555 0.12951249857755728 0.10245889547858208 0.17066080530784677 0.09713437393316798 0.1618906232219466
0.07825002566370287 0.1413812000861978 0.10271154409006972 0.12675665428602786 0.10203123000875987 0.19535603729318618 0.09506749071452092 0.15844581785753484
0.07681076345011395 0.14359573086335764 0.09738176845219527 0.1258778835663894 0.10128856864214698 0.2032895178930181 0.09440841267479207 0.15734735445798675
0.06481053049221547 0.12208863829562176 0.06111309492568147 0.07991197747300344 0.136980665791431 0.27937676510843584 0.09589437296760411 0.15982395494600687
0.08387213314508367 0.1420556853776521 0.07247929912080875 0.1095109696621899 0.11784770251300064 0.26854404107663005 0.07427700551000706 0.13141316359462787
0.10370714885642016 0.0781195630574517 0.2020485928665234 0.1355401844639864 0.10053851000602734 0.10694264399379753 0.15111719073820573 0.12198616601758777
0.10689097419289545 0.07846319773852498 0.2593386077091512 0.130538216508461 0.09255225391140981 0.07390303049953424 0.1445111717146984 0.11380254772532498
0.09807882139781647 0.14501949487221016 0.1133780560327697 0.11670090044255747 0.1140864945649264 0.19354149794543807 0.07915365421321288 0.14004108053106895
0.10601702263069564 0.07762665364359678 0.21912780731339862 0.13445581900492207 0.09875531260499328 0.09309894352381932 0.14990820417414444 0.12101023710442985
0.10681305380705464 0.07792740820051622 0.2657708600006667 0.12975944948644158 0.09166516334556733 0.07129139792203316 0.1436490446085149 0.1131236226292055
0.08206014224861036 0.12127377823719977 0.1374718900217697 0.13999358169493398 0.09528019239620802 0.16097594891340225 0.09495216845395522 0.16799229803392077
0.10397265554182072 0.0875177055044722 0.2341636772786375 0.1331983774271289 0.09337246318621595 0.08419737948634803 0.14745607920300796 0.11612166237236878
0.08344495482038974 0.13216088875743165 0.1284509094798244 0.12921523881675356 0.10191055451467165 0.16638697597742197 0.09691142911256517 0.16151904852094193
0.07826321633203102 0.1420145648804277 0.103543578017702 0.1267953867415776 0.10194637443021631 0.19384610611489023 0.09509654005618319 0.15849423342697197
0.11505922061699816 0.10175393751628868 0.14613409513064005 0.08909264852033927 0.15169275926809572 0.1434846258839773 0.14141690241323693 0.11136581065042409
0.08149274370183276 0.12967501574165272 0.10862843824884962 0.1359283779099913 0.1054445044554437 0.18352196665042014 0.09219489979982019 0.16311405349198954
0.10454164873789629 0.08959219926485369 0.22205519798344203 0.1340036529677566 0.09613030752496292 0.08850574373304097 0.1483475523289776 0.11682369745906987
0.08351693738840278 0.1326962681190872 0.1257532639590714 0.12919331486611257 0.10249840959421232 0.16795517634088872 0.09689498614958444 0.1614916435826407
0.06681823686437734 0.12135269390075314 0.06592114016901897 0.08117646240364483 0.13941692746004247 0.2655498595104998 0.0974117548843738 0.16235292480728966
0.05177171984737137 0.09469672068510626 0.06457681681353729 0.09630556172757718 0.12141689722625687 0.26975400350947465 0.10886715673552204 0.19261112345515435
0.09698602300965774 0.08047371010809193 0.20000806056465875 0.13688223388408888 0.10205953819528339 0.10778294805386117 0.1526134756886782 0.12319401049567999
0.09808640393875954 0.1554253333213025 0.14433661344619125 0.1544043938316231 0.08646816867543489 0.14590475282668117 0.08076537523500286 0.13460895872500478
0.06946688763372012 0.1275326845448813 0.06892108900747457 0.08158283993140378 0.13536449310181506 0.2560669180002132 0.09789940791768452 0.16316567986280756
0.07220336954245658 0.13248280307617125 0.0901382412165206 0.13350097223469087 0.10011996395994588 0.22080499777288268 0.09054848551570337 0.160201166681629
0.07369071506924633 0.13529273078574428 0.09593926177309989 0.13572210608087487 0.09414565879754107 0.21028800650680696 0.09205499368963688 0.16286652729704984
0.0915273041626104 0.1708638483744837 0.11551922194253982 0.1516778207663915 0.08359129289343785 0.1752493977658777 0.0793391677854971 0.13223194630916182
0.07889489516763316 0.15333372474365695 0.09979467463052581 0.12524686112014333 0.0968569837499844 0.1953791383477699 0.09393514584010751 0.15655857640017914
0.07659961430648415 0.1489946405101533 0.09636573888226424 0.12523961033487388 0.09973022994670767 0.20259094534976893 0.09392970775115539 0.15654951291859232
0.07612438061439225 0.14759939302537337 0.0955506516089342 0.12512631001910846 0.10027656966111047 0.20507007503286426 0.09384473251433137 0.15640788752388557
0.07601196908299057 0.14714106682743278 0.09534243595720156 0.12507695541132655 0.1003607146102518 0.20591294728814374 0.0938077165584949 0.15634619426415816
0.0759820475781357 0.14698934439406064 0.09528582073750572 0.12505924203114405 0.10036633290336164 0.20619872829350414 0.09379443152335804 0.15632405253893003
0.11420329354397396 0.10436531919638772 0.1432094493242677 0.08882066164566511 0.15086611821879828 0.14652415379848452 0.14098517721534146 0.11102582705708139
0.08128728427313484 0.1301208320395482 0.10791707562730106 0.1358315717155982 0.10519883113770895 0.18451727920175917 0.09212923994623184 0.16299788605871784
0.10437562916846954 0.09103618313263794 0.22149076725941588 0.13378068213970473 0.09598060009635893 0.08860611111214563 0.14810071445665315 0.11662931263461437
0.0833458086675644 0.1344886175452189 0.12545573164767057 0.12891003100108264 0.10228524635405102 0.16769450278224726 0.09668252325081199 0.16113753875135328
0.06665080992433738 0.123559733301411 0.06575356478412123 0.08095547159820954 0.13906784361979654 0.2649550676578537 0.09714656591785142 0.16191094319641908
0.11052781457962059 0.09259106678183093 0.13786508113708956 0.09384474717284733 0.1554811477018892 0.1575699263414611 0.13950651967784466 0.11261369660741678
0.08057892619354677 0.1275960390957303 0.10666165938782722 0.13572946919144296 0.10606844183292728 0.1884301134693805 0.09205998779941349 0.16287536302973155
0.09301599950646879 0.17109569759552287 0.11830257682802253 0.15163425869285338 0.08583592118214588 0.16860519560803208 0.07931638147010793 0.13219396911684655
0.07917189180335132 0.15437654017553226 0.1004078828432684 0.12523463130210663 0.097368379007861 0.19297141226366696 0.09392597347658 0.1565432891276333
0.0766718923922097 0.14934191283229326 0.09652435269873705 0.12527596883143965 0.09987269738025016 0.20176123820219102 0.09395697662357974 0.15659496103929954
0.07614756569635765 0.14771834177901674 0.09559627180237118 0.12514295487433677 0.1003205866347285 0.20478836946451556 0.09385721615575258 0.15642869359292094
0.07602027109521296 0.147181980635301 0.0953563552336885 0.12508294755523144 0.10037489141177275 0.20581765895833048 0.09381221066642359 0.1563536844440393
0.07598542868605497 0.14700334247133728 0.09529017915213718 0.12506121487790015 0.10037094153467904 0.20616646352209103 0.09379591115842513 0.1563265185973752
0.0759482149132107 0.14725298208731924 0.09523870579507254 0.12500017877593636 0.10033104662555316 0.20622851425103522 0.09375013408195229 0.15625022346992046
0.11416401403662232 0.1046487904932327 0.14315744585488238 0.08878852285183902 0.15081609568270327 0.14650531425903424 0.14093416325688732 0.11098565356479878
0.07001878170439359 0.11214214551556394 0.06483015857671613 0.08160783092990062 0.15102357008591005 0.2649095207113049 0.09225233061640939 0.16321566185980124
0.07211290927460831 0.12905762009973876 0.08903528463010642 0.1330768016068299 0.10311036629169089 0.2236540689920236 0.09026078717680634 0.15969216192819582
0.10088473360358788 0.08409608342497979 0.20968326099400733 0.13565186560660994 0.09731943272777091 0.09903623771927791 0.15124170687781735 0.12208667904594896
0.12060943415599996 0.09138901866885434 0.17910034106438502 0.0888811952754468 0.14959014905408485 0.1182471053449416 0.14108126234197904 0.11110149409430849
0.12316607520560922 0.08690596752779536 0.172990195471398 0.0925991971523032 0.156852312613474 0.11871228953069514 0.1376549259159612 0.11111903658276384
0.10873681406146467 0.07575609972216499 0.24025867031240677 0.13008441798244927 0.10479542998495665 0.07825817349430925 0.14503441825804414 0.11707597618420433
0.12109661244645446 0.0855837452080743 0.19400025726017514 0.09374084142669152 0.14408966670159498 0.10964781043753984 0.13935205680743995 0.11248900971202984
0.10773047717731413 0.07523246409512384 0.24860308245651702 0.12948796055151196 0.10166116535526751 0.07637627313360715 0.14436941273429765 0.11653916449636077
0.0817223487952672 0.1267419935649166 0.13304971899681914 0.13892901508142488 0.09678895620925972 0.16182303467763606 0.09423011457696645 0.16671481809770983
0.07804341315639009 0.14320449202808944 0.10462971666293298 0.12695967753043277 0.10091147727112934 0.19233186829015975 0.09521975814782459 0.15869959691304095
0.09201152803090325 0.1761660432301343 0.11721183491510759 0.15077003408938738 0.08446328217324793 0.16907240949807403 0.07886432552367956 0.1314405425394659
0.07888897876582462 0.15610240580828236 0.10004753650238207 0.125037176490624 0.09693289575775436 0.1929166536938846 0.09377788236796802 0.15629647061328
0.07657384392441907 0.1501384015550586 0.09638935939707613 0.12518215999090576 0.09971549690973802 0.20163641824099096 0.09388661999317933 0.1564776999886322
0.11436192546097662 0.10527552361297629 0.14356264646446865 0.08881569387689069 0.15065084363888162 0.14533645773161227 0.14097729186808045 0.11101961734611336
0.08132994334110762 0.13033286102276903 0.10801319856178113 0.13585979020877367 0.10517259176890843 0.18411148740018085 0.09214837944595085 0.16303174825052838
0.07753055725177505 0.14347969931202684 0.09872514905661776 0.1261648649390275 0.10220790560624435 0.19956209395625352 0.09462364870427065 0.15770608117378437
0.07637883701707468 0.14650230070166564 0.09616111846847093 0.12528318092609883 0.10093919989500623 0.20416900113948602 0.09396238569457413 0.15660397615762353
0.07605656130711383 0.14717605563766728 0.09547077884500194 0.12506811893601846 0.10050615233170046 0.20558609507046113 0.09380108920201385 0.15633514867002307
0.07596758636705925 0.14731556300052903 0.09528484896519386 0.1250105692832688 0.10036915588618725 0.20603113793122418 0.09375792696245162 0.15626321160408604
0.07594277513628252 0.14733991230109103 0.0952341973754085 0.12499430794148375 0.10032714266804627 0.20617304869472042 0.09374573095611283 0.15624288492685467
0.11416338424983537 0.1046669594496719 0.14315601935153374 0.08878839609104962 0.15081482048520023 0.14649096320961208 0.1409339620492851 0.11098549511381202
0.12196473545032978 0.08912788477647046 0.16191664447315113 0.09299507451871876 0.15783918470431077 0.12631896244464055 0.13824342420991625 0.11159408942246252
0.1088462249215863 0.07630589860423631 0.2360167844328073 0.13057112787520103 0.1053659798238699 0.07980290578778963 0.14557706346682858 0.11751401508768092
0.0819317557937267 0.12700308220489667 0.13028388018245204 0.1389930415322279 0.09758594251169861 0.16313710672316142 0.09427354121316327 0.16679164983867345
0.10396269416955237 0.09014056786157207 0.23087116459971782 0.133122624214861 0.09387237484772254 0.08460273591314546 0.147372217283037 0.11605562111039165
0.08328457170348715 0.13445999350897012 0.1275314287038432 0.1289001968695646 0.10182077056773822 0.16620264490726747 0.09667514765217347 0.16112524608695578
0.07800943541843174 0.14495667765609535 0.10307149590809596 0.12634151242501349 0.10164008637411817 0.19329776736821852 0.09475613431876012 0.15792689053126685
0.07653978189088927 0.14707885231372278 0.09718103441151768 0.12541218258731401 0.10091294691469363 0.2020508367072346 0.09405913694048552 0.15676522823414252
0.07611339535944633 0.14739764077830417 0.09572260759201494 0.1251177839901563 0.10053716276834332 0.2048758415314224 0.09383833799261722 0.15639722998769534
0.09250483777856423 0.17943865232638234 0.08705758669682377 0.11415388783518698 0.12221022561415135 0.2505270611713889 0.08561541587639025 0.0684923327011122
0.07514807646998856 0.1412249878728221 0.09277111341571387 0.13122066614468417 0.09627140091368336 0.2168971126852664 0.08900184312422056 0.15746479937362098
0.0757495593979638 0.14544761056099964 0.09463726684232776 0.12493516214104795 0.09935380823491724 0.21000626854064788 0.09370137160578595 0.15616895267630992
0.07586493313429415 0.14671791347056287 0.09504775722556702 0.12492780773132216 0.1000511022714079 0.20753487070420173 0.09369585579849161 0.1561597596641527
0.1141364446192537 0.10453262316762685 0.14308904490564067 0.0887824212511006 0.15071526114562708 0.14684170017052522 0.14092447817635015 0.11097802656387575
0.0700067836514191 0.11210869531576183 0.06481395406462152 0.08159816071895333 0.1509764521960265 0.26505823354171165 0.09224139907359942 0.16319632143790666
0.12947237687669397 0.10571813108849923 0.15985323468257068 0.10901580847050638 0.138835409903468 0.1374463204182862 0.1215444909365198 0.09811422762345573
0.11051847704701064 0.07829768637715297 0.23499651171557587 0.1304050277786612 0.10140262201286525 0.0816232758132228 0.14539187425471628 0.11736452500079506
0.10501332892571784 0.07424698315275956 0.265767396144662 0.12959012320781185 0.09267509475236078 0.07159264645766412 0.14448331647199322 0.11663111088703068
0.11993849099271273 0.08522958236854311 0.20197173687798284 0.09357571439031998 0.14009116039784558 0.1077958733269601 0.1391065843772518 0.11229085726838398
0.10723422129488555 0.07502379062037734 0.25168709641463927 0.12919871782720715 0.10062529359456399 0.07590510552186448 0.14404692868197574 0.11627884604448645
0.10374174627416208 0.07345893906588204 0.2719179034017018 0.12887474169275603 0.09204099347925208 0.07029268909337942 0.14368571946938619 0.11598726752348043
0.10240959033050097 0.07287310459662437 0.27946272767634367 0.12816722112780754 0.08983166282404581 0.06900830759014012 0.1428968868395108 0.11535049901502678
0.10187930159077128 0.07262963168671777 0.28221114532745334 0.1278495329324107 0.0891833930297462 0.06863972758401346 0.1425426882097176 0.11506457963916963
0.10167343380948557 0.07253479709813669 0.28320538370450915 0.12772819892849174 0.08897607058407064 0.06851932698953925 0.14240740985012434 0.11495537903564255
0.1015955772084882 0.072499415626013 0.2835642956219195 0.12768370536794968 0.08890623954651224 0.06847762894742777 0.14235780285053495 0.11491533483115471
0.1355533880422408 0.09674225441076846 0.23664047695421345 0.10649270144398315 0.11862413006080957 0.09137220289488432 0.11873141489351555 0.09584343129958484
0.126259998902289 0.08703848894311005 0.1906649800153907 0.09185298545151932 0.14623221895631705 0.11118211308550098 0.13654563210404963 0.11022358254182317
0.10886909433029421 0.07536531566758578 0.24705685163202798 0.12936786998916494 0.10207350842665987 0.07660075624475583 0.14423552071926296 0.11643108299024843
0.081918209403239 0.12676188090639162 0.1327067777949396 0.13891872020368037 0.09687098386828207 0.1618978316148155 0.09422313196423539 0.16670246424441643
0.11613435256262018 0.10064762349128517 0.1555169904852366 0.0892264441283875 0.1501226540689197 0.1351896037088007 0.14162927639426587 0.11153305516048435
0.0817937790507114 0.12962784857267257 0.11082362073467715 0.13611893621408122 0.10526227774267438 0.18070666618743084 0.09232414804085509 0.16334272345689746
0.08739813559590376 0.07622942201527991 0.18640860580939056 0.11188651226319982 0.11511501018865072 0.1055065352855599 0.17759763851301558 0.1398581403289998
0.08057017940255817 0.13078378181260278 0.11808850814484509 0.12965072689803106 0.1069543327208876 0.17465101722501314 0.09723804517352332 0.16206340862253882
0.07747108283302152 0.1437610740643691 0.1009761011995971 0.12627066609332524 0.10270706729683653 0.19627267632619994 0.09470299956999395 0.15783833261665656
0.07641052497092346 0.14666406862468767 0.09669265708579791 0.1253549464690927 0.10110507203190454 0.2030628378794084 0.09401620985181953 0.1566936830863659
0.07607779879417446 0.14725238925060521 0.0956030378547596 0.1250954692749895 0.10056313611519123 0.20521723016030108 0.09382160195624215 0.1563693365937369
0.056962450138454995 0.11047189439133301 0.07146445724321414 0.09373195104509945 0.12042396502552416 0.24700303881205596 0.11247834125411933 0.1874639020901989
