Timestep: 0
Action: 0
0.125 0.125 0.125 0.125 0.125 0.125 0.125 0.125 
0.125 0.125 0.125 0.125 0.125 0.125 0.125 0.125 
0.125 0.125 0.125 0.125 0.125 0.125 0.125 0.125 
0.125 0.125 0.125 0.125 0.125 0.125 0.125 0.125 
0.125 0.125 0.125 0.125 0.125 0.125 0.125 0.125 
0.125 0.125 0.125 0.125 0.125 0.125 0.125 0.125 
0.125 0.125 0.125 0.125 0.125 0.125 0.125 0.125 
0.125 0.125 0.125 0.125 0.125 0.125 0.125 0.125 
Action: 1
0.125 0.125 0.125 0.125 0.125 0.125 0.125 0.125 
0.125 0.125 0.125 0.125 0.125 0.125 0.125 0.125 
0.125 0.125 0.125 0.125 0.125 0.125 0.125 0.125 
0.125 0.125 0.125 0.125 0.125 0.125 0.125 0.125 
0.125 0.125 0.125 0.125 0.125 0.125 0.125 0.125 
0.125 0.125 0.125 0.125 0.125 0.125 0.125 0.125 
0.125 0.125 0.125 0.125 0.125 0.125 0.125 0.125 
0.125 0.125 0.125 0.125 0.125 0.125 0.125 0.125 

Timestep: 1
Action: 0
0.125 0.125 0.125 0.125 0.125 0.125 0.125 0.125 
0.125 0.125 0.125 0.125 0.125 0.125 0.125 0.125 
0.125 0.125 0.125 0.125 0.125 0.125 0.125 0.125 
0.125 0.125 0.125 0.125 0.125 0.125 0.125 0.125 
0.1111111111111111 0.1111111111111111 0.1111111111111111 0.1111111111111111 0.2222222222222222 0.1111111111111111 0.1111111111111111 0.1111111111111111 
0.125 0.125 0.125 0.125 0.125 0.125 0.125 0.125 
0.125 0.125 0.125 0.125 0.125 0.125 0.125 0.125 
0.125 0.125 0.125 0.125 0.125 0.125 0.125 0.125 
Action: 1
0.125 0.125 0.125 0.125 0.125 0.125 0.125 0.125 
0.125 0.125 0.125 0.125 0.125 0.125 0.125 0.125 
0.125 0.125 0.125 0.125 0.125 0.125 0.125 0.125 
0.125 0.125 0.125 0.125 0.125 0.125 0.125 0.125 
0.125 0.125 0.125 0.125 0.125 0.125 0.125 0.125 
0.125 0.125 0.125 0.125 0.125 0.125 0.125 0.125 
0.125 0.125 0.125 0.125 0.125 0.125 0.125 0.125 
0.125 0.125 0.125 0.125 0.125 0.125 0.125 0.125 

Timestep: 2
Action: 0
0.2222222222222222 0.1111111111111111 0.1111111111111111 0.1111111111111111 0.1111111111111111 0.1111111111111111 0.1111111111111111 0.1111111111111111 
0.125 0.125 0.125 0.125 0.125 0.125 0.125 0.125 
0.125 0.125 0.125 0.125 0.125 0.125 0.125 0.125 
0.125 0.125 0.125 0.125 0.125 0.125 0.125 0.125 
0.1111111111111111 0.1111111111111111 0.1111111111111111 0.1111111111111111 0.2222222222222222 0.1111111111111111 0.1111111111111111 0.1111111111111111 
0.125 0.125 0.125 0.125 0.125 0.125 0.125 0.125 
0.125 0.125 0.125 0.125 0.125 0.125 0.125 0.125 
0.125 0.125 0.125 0.125 0.125 0.125 0.125 0.125 
Action: 1
0.125 0.125 0.125 0.125 0.125 0.125 0.125 0.125 
0.125 0.125 0.125 0.125 0.125 0.125 0.125 0.125 
0.125 0.125 0.125 0.125 0.125 0.125 0.125 0.125 
0.125 0.125 0.125 0.125 0.125 0.125 0.125 0.125 
0.125 0.125 0.125 0.125 0.125 0.125 0.125 0.125 
0.125 0.125 0.125 0.125 0.125 0.125 0.125 0.125 
0.125 0.125 0.125 0.125 0.125 0.125 0.125 0.125 
0.125 0.125 0.125 0.125 0.125 0.125 0.125 0.125 

Timestep: 3
Action: 0
0.2222222222222222 0.1111111111111111 0.1111111111111111 0.1111111111111111 0.1111111111111111 0.1111111111111111 0.1111111111111111 0.1111111111111111 
0.125 0.125 0.125 0.125 0.125 0.125 0.125 0.125 
0.125 0.125 0.125 0.125 0.125 0.125 0.125 0.125 
0.125 0.125 0.125 0.125 0.125 0.125 0.125 0.125 
0.1111111111111111 0.1111111111111111 0.1111111111111111 0.1111111111111111 0.2222222222222222 0.1111111111111111 0.1111111111111111 0.1111111111111111 
0.125 0.125 0.125 0.125 0.125 0.125 0.125 0.125 
0.125 0.125 0.125 0.125 0.125 0.125 0.125 0.125 
0.125 0.125 0.125 0.125 0.125 0.125 0.125 0.125 
Action: 1
0.125 0.125 0.125 0.125 0.125 0.125 0.125 0.125 
0.125 0.125 0.125 0.125 0.125 0.125 0.125 0.125 
0.1111111111111111 0.1111111111111111 0.2222222222222222 0.1111111111111111 0.1111111111111111 0.1111111111111111 0.1111111111111111 0.1111111111111111 
0.125 0.125 0.125 0.125 0.125 0.125 0.125 0.125 
0.125 0.125 0.125 0.125 0.125 0.125 0.125 0.125 
0.125 0.125 0.125 0.125 0.125 0.125 0.125 0.125 
0.125 0.125 0.125 0.125 0.125 0.125 0.125 0.125 
0.125 0.125 0.125 0.125 0.125 0.125 0.125 0.125 

Timestep: 4
Action: 0
0.2222222222222222 0.1111111111111111 0.1111111111111111 0.1111111111111111 0.1111111111111111 0.1111111111111111 0.1111111111111111 0.1111111111111111 
0.125 0.125 0.125 0.125 0.125 0.125 0.125 0.125 
0.125 0.125 0.125 0.125 0.125 0.125 0.125 0.125 
0.125 0.125 0.125 0.125 0.125 0.125 0.125 0.125 
0.1111111111111111 0.1111111111111111 0.1111111111111111 0.1111111111111111 0.2222222222222222 0.1111111111111111 0.1111111111111111 0.1111111111111111 
0.1111111111111111 0.1111111111111111 0.1111111111111111 0.1111111111111111 0.1111111111111111 0.2222222222222222 0.1111111111111111 0.1111111111111111 
0.125 0.125 0.125 0.125 0.125 0.125 0.125 0.125 
0.125 0.125 0.125 0.125 0.125 0.125 0.125 0.125 
Action: 1
0.125 0.125 0.125 0.125 0.125 0.125 0.125 0.125 
0.125 0.125 0.125 0.125 0.125 0.125 0.125 0.125 
0.1111111111111111 0.1111111111111111 0.2222222222222222 0.1111111111111111 0.1111111111111111 0.1111111111111111 0.1111111111111111 0.1111111111111111 
0.125 0.125 0.125 0.125 0.125 0.125 0.125 0.125 
0.125 0.125 0.125 0.125 0.125 0.125 0.125 0.125 
0.125 0.125 0.125 0.125 0.125 0.125 0.125 0.125 
0.125 0.125 0.125 0.125 0.125 0.125 0.125 0.125 
0.125 0.125 0.125 0.125 0.125 0.125 0.125 0.125 

Timestep: 5
Action: 0
0.2222222222222222 0.1111111111111111 0.1111111111111111 0.1111111111111111 0.1111111111111111 0.1111111111111111 0.1111111111111111 0.1111111111111111 
0.125 0.125 0.125 0.125 0.125 0.125 0.125 0.125 
0.125 0.125 0.125 0.125 0.125 0.125 0.125 0.125 
0.125 0.125 0.125 0.125 0.125 0.125 0.125 0.125 
0.1111111111111111 0.1111111111111111 0.1111111111111111 0.1111111111111111 0.2222222222222222 0.1111111111111111 0.1111111111111111 0.1111111111111111 
0.10063534230384714 0.10063534230384714 0.10063534230384714 0.10063534230384714 0.10063534230384714 0.29555260387307 0.10063534230384714 0.10063534230384714 
0.125 0.125 0.125 0.125 0.125 0.125 0.125 0.125 
0.125 0.125 0.125 0.125 0.125 0.125 0.125 0.125 
Action: 1
0.125 0.125 0.125 0.125 0.125 0.125 0.125 0.125 
0.125 0.125 0.125 0.125 0.125 0.125 0.125 0.125 
0.1111111111111111 0.1111111111111111 0.2222222222222222 0.1111111111111111 0.1111111111111111 0.1111111111111111 0.1111111111111111 0.1111111111111111 
0.125 0.125 0.125 0.125 0.125 0.125 0.125 0.125 
0.125 0.125 0.125 0.125 0.125 0.125 0.125 0.125 
0.125 0.125 0.125 0.125 0.125 0.125 0.125 0.125 
0.125 0.125 0.125 0.125 0.125 0.125 0.125 0.125 
0.125 0.125 0.125 0.125 0.125 0.125 0.125 0.125 

Timestep: 6
Action: 0
0.2222222222222222 0.1111111111111111 0.1111111111111111 0.1111111111111111 0.1111111111111111 0.1111111111111111 0.1111111111111111 0.1111111111111111 
0.125 0.125 0.125 0.125 0.125 0.125 0.125 0.125 
0.125 0.125 0.125 0.125 0.125 0.125 0.125 0.125 
0.125 0.125 0.125 0.125 0.125 0.125 0.125 0.125 
0.1111111111111111 0.1111111111111111 0.1111111111111111 0.1111111111111111 0.2222222222222222 0.1111111111111111 0.1111111111111111 0.1111111111111111 
0.10063534230384714 0.10063534230384714 0.10063534230384714 0.10063534230384714 0.10063534230384714 0.29555260387307 0.10063534230384714 0.10063534230384714 
0.125 0.125 0.125 0.125 0.125 0.125 0.125 0.125 
0.125 0.125 0.125 0.125 0.125 0.125 0.125 0.125 
Action: 1
0.125 0.125 0.125 0.125 0.125 0.125 0.125 0.125 
0.125 0.125 0.125 0.125 0.125 0.125 0.125 0.125 
0.1111111111111111 0.1111111111111111 0.2222222222222222 0.1111111111111111 0.1111111111111111 0.1111111111111111 0.1111111111111111 0.1111111111111111 
0.125 0.125 0.125 0.125 0.125 0.125 0.125 0.125 
0.125 0.125 0.125 0.125 0.125 0.125 0.125 0.125 
0.1111111111111111 0.1111111111111111 0.1111111111111111 0.1111111111111111 0.1111111111111111 0.2222222222222222 0.1111111111111111 0.1111111111111111 
0.125 0.125 0.125 0.125 0.125 0.125 0.125 0.125 
0.125 0.125 0.125 0.125 0.125 0.125 0.125 0.125 

Timestep: 7
Action: 0
0.2222222222222222 0.1111111111111111 0.1111111111111111 0.1111111111111111 0.1111111111111111 0.1111111111111111 0.1111111111111111 0.1111111111111111 
0.125 0.125 0.125 0.125 0.125 0.125 0.125 0.125 
0.125 0.125 0.125 0.125 0.125 0.125 0.125 0.125 
0.125 0.125 0.125 0.125 0.125 0.125 0.125 0.125 
0.1111111111111111 0.1111111111111111 0.1111111111111111 0.1111111111111111 0.2222222222222222 0.1111111111111111 0.1111111111111111 0.1111111111111111 
0.10063534230384714 0.10063534230384714 0.10063534230384714 0.10063534230384714 0.10063534230384714 0.29555260387307 0.10063534230384714 0.10063534230384714 
0.125 0.125 0.125 0.125 0.125 0.125 0.125 0.125 
0.125 0.125 0.125 0.125 0.125 0.125 0.125 0.125 
Action: 1
0.125 0.125 0.125 0.125 0.125 0.125 0.125 0.125 
0.125 0.125 0.125 0.125 0.125 0.125 0.125 0.125 
0.1111111111111111 0.1111111111111111 0.2222222222222222 0.1111111111111111 0.1111111111111111 0.1111111111111111 0.1111111111111111 0.1111111111111111 
0.125 0.125 0.125 0.125 0.125 0.125 0.125 0.125 
0.125 0.125 0.125 0.125 0.125 0.125 0.125 0.125 
0.10063534230384714 0.10063534230384714 0.10063534230384714 0.10063534230384714 0.10063534230384714 0.29555260387307 0.10063534230384714 0.10063534230384714 
0.125 0.125 0.125 0.125 0.125 0.125 0.125 0.125 
0.125 0.125 0.125 0.125 0.125 0.125 0.125 0.125 

Timestep: 8
Action: 0
0.2222222222222222 0.1111111111111111 0.1111111111111111 0.1111111111111111 0.1111111111111111 0.1111111111111111 0.1111111111111111 0.1111111111111111 
0.125 0.125 0.125 0.125 0.125 0.125 0.125 0.125 
0.125 0.125 0.125 0.125 0.125 0.125 0.125 0.125 
0.125 0.125 0.125 0.125 0.125 0.125 0.125 0.125 
0.1111111111111111 0.1111111111111111 0.1111111111111111 0.1111111111111111 0.2222222222222222 0.1111111111111111 0.1111111111111111 0.1111111111111111 
0.09394491927546737 0.09394491927546737 0.09394491927546737 0.09394491927546737 0.09394491927546737 0.34238556507172835 0.09394491927546737 0.09394491927546737 
0.125 0.125 0.125 0.125 0.125 0.125 0.125 0.125 
0.125 0.125 0.125 0.125 0.125 0.125 0.125 0.125 
Action: 1
0.125 0.125 0.125 0.125 0.125 0.125 0.125 0.125 
0.125 0.125 0.125 0.125 0.125 0.125 0.125 0.125 
0.1111111111111111 0.1111111111111111 0.2222222222222222 0.1111111111111111 0.1111111111111111 0.1111111111111111 0.1111111111111111 0.1111111111111111 
0.125 0.125 0.125 0.125 0.125 0.125 0.125 0.125 
0.125 0.125 0.125 0.125 0.125 0.125 0.125 0.125 
0.10063534230384714 0.10063534230384714 0.10063534230384714 0.10063534230384714 0.10063534230384714 0.29555260387307 0.10063534230384714 0.10063534230384714 
0.125 0.125 0.125 0.125 0.125 0.125 0.125 0.125 
0.125 0.125 0.125 0.125 0.125 0.125 0.125 0.125 

Timestep: 9
Action: 0
0.2222222222222222 0.1111111111111111 0.1111111111111111 0.1111111111111111 0.1111111111111111 0.1111111111111111 0.1111111111111111 0.1111111111111111 
0.125 0.125 0.125 0.125 0.125 0.125 0.125 0.125 
0.1111111111111111 0.1111111111111111 0.2222222222222222 0.1111111111111111 0.1111111111111111 0.1111111111111111 0.1111111111111111 0.1111111111111111 
0.125 0.125 0.125 0.125 0.125 0.125 0.125 0.125 
0.1111111111111111 0.1111111111111111 0.1111111111111111 0.1111111111111111 0.2222222222222222 0.1111111111111111 0.1111111111111111 0.1111111111111111 
0.09394491927546737 0.09394491927546737 0.09394491927546737 0.09394491927546737 0.09394491927546737 0.34238556507172835 0.09394491927546737 0.09394491927546737 
0.125 0.125 0.125 0.125 0.125 0.125 0.125 0.125 
0.125 0.125 0.125 0.125 0.125 0.125 0.125 0.125 
Action: 1
0.125 0.125 0.125 0.125 0.125 0.125 0.125 0.125 
0.125 0.125 0.125 0.125 0.125 0.125 0.125 0.125 
0.1111111111111111 0.1111111111111111 0.2222222222222222 0.1111111111111111 0.1111111111111111 0.1111111111111111 0.1111111111111111 0.1111111111111111 
0.125 0.125 0.125 0.125 0.125 0.125 0.125 0.125 
0.125 0.125 0.125 0.125 0.125 0.125 0.125 0.125 
0.10063534230384714 0.10063534230384714 0.10063534230384714 0.10063534230384714 0.10063534230384714 0.29555260387307 0.10063534230384714 0.10063534230384714 
0.125 0.125 0.125 0.125 0.125 0.125 0.125 0.125 
0.125 0.125 0.125 0.125 0.125 0.125 0.125 0.125 

Timestep: 10
Action: 0
0.2222222222222222 0.1111111111111111 0.1111111111111111 0.1111111111111111 0.1111111111111111 0.1111111111111111 0.1111111111111111 0.1111111111111111 
0.125 0.125 0.125 0.125 0.125 0.125 0.125 0.125 
0.10063534230384714 0.10063534230384714 0.29555260387307 0.10063534230384714 0.10063534230384714 0.10063534230384714 0.10063534230384714 0.10063534230384714 
0.125 0.125 0.125 0.125 0.125 0.125 0.125 0.125 
0.1111111111111111 0.1111111111111111 0.1111111111111111 0.1111111111111111 0.2222222222222222 0.1111111111111111 0.1111111111111111 0.1111111111111111 
0.09394491927546737 0.09394491927546737 0.09394491927546737 0.09394491927546737 0.09394491927546737 0.34238556507172835 0.09394491927546737 0.09394491927546737 
0.125 0.125 0.125 0.125 0.125 0.125 0.125 0.125 
0.125 0.125 0.125 0.125 0.125 0.125 0.125 0.125 
Action: 1
0.125 0.125 0.125 0.125 0.125 0.125 0.125 0.125 
0.125 0.125 0.125 0.125 0.125 0.125 0.125 0.125 
0.1111111111111111 0.1111111111111111 0.2222222222222222 0.1111111111111111 0.1111111111111111 0.1111111111111111 0.1111111111111111 0.1111111111111111 
0.125 0.125 0.125 0.125 0.125 0.125 0.125 0.125 
0.125 0.125 0.125 0.125 0.125 0.125 0.125 0.125 
0.10063534230384714 0.10063534230384714 0.10063534230384714 0.10063534230384714 0.10063534230384714 0.29555260387307 0.10063534230384714 0.10063534230384714 
0.125 0.125 0.125 0.125 0.125 0.125 0.125 0.125 
0.125 0.125 0.125 0.125 0.125 0.125 0.125 0.125 

Timestep: 11
Action: 0
0.2222222222222222 0.1111111111111111 0.1111111111111111 0.1111111111111111 0.1111111111111111 0.1111111111111111 0.1111111111111111 0.1111111111111111 
0.1111111111111111 0.2222222222222222 0.1111111111111111 0.1111111111111111 0.1111111111111111 0.1111111111111111 0.1111111111111111 0.1111111111111111 
0.10063534230384714 0.10063534230384714 0.29555260387307 0.10063534230384714 0.10063534230384714 0.10063534230384714 0.10063534230384714 0.10063534230384714 
0.125 0.125 0.125 0.125 0.125 0.125 0.125 0.125 
0.1111111111111111 0.1111111111111111 0.1111111111111111 0.1111111111111111 0.2222222222222222 0.1111111111111111 0.1111111111111111 0.1111111111111111 
0.09394491927546737 0.09394491927546737 0.09394491927546737 0.09394491927546737 0.09394491927546737 0.34238556507172835 0.09394491927546737 0.09394491927546737 
0.125 0.125 0.125 0.125 0.125 0.125 0.125 0.125 
0.125 0.125 0.125 0.125 0.125 0.125 0.125 0.125 
Action: 1
0.125 0.125 0.125 0.125 0.125 0.125 0.125 0.125 
0.125 0.125 0.125 0.125 0.125 0.125 0.125 0.125 
0.1111111111111111 0.1111111111111111 0.2222222222222222 0.1111111111111111 0.1111111111111111 0.1111111111111111 0.1111111111111111 0.1111111111111111 
0.125 0.125 0.125 0.125 0.125 0.125 0.125 0.125 
0.125 0.125 0.125 0.125 0.125 0.125 0.125 0.125 
0.10063534230384714 0.10063534230384714 0.10063534230384714 0.10063534230384714 0.10063534230384714 0.29555260387307 0.10063534230384714 0.10063534230384714 
0.125 0.125 0.125 0.125 0.125 0.125 0.125 0.125 
0.125 0.125 0.125 0.125 0.125 0.125 0.125 0.125 

Timestep: 12
Action: 0
0.2222222222222222 0.1111111111111111 0.1111111111111111 0.1111111111111111 0.1111111111111111 0.1111111111111111 0.1111111111111111 0.1111111111111111 
0.1111111111111111 0.2222222222222222 0.1111111111111111 0.1111111111111111 0.1111111111111111 0.1111111111111111 0.1111111111111111 0.1111111111111111 
0.10063534230384714 0.10063534230384714 0.29555260387307 0.10063534230384714 0.10063534230384714 0.10063534230384714 0.10063534230384714 0.10063534230384714 
0.125 0.125 0.125 0.125 0.125 0.125 0.125 0.125 
0.1111111111111111 0.1111111111111111 0.1111111111111111 0.1111111111111111 0.2222222222222222 0.1111111111111111 0.1111111111111111 0.1111111111111111 
0.09394491927546737 0.09394491927546737 0.09394491927546737 0.09394491927546737 0.09394491927546737 0.34238556507172835 0.09394491927546737 0.09394491927546737 
0.125 0.125 0.125 0.125 0.125 0.125 0.125 0.125 
0.125 0.125 0.125 0.125 0.125 0.125 0.125 0.125 
Action: 1
0.125 0.125 0.125 0.125 0.125 0.125 0.125 0.125 
0.125 0.125 0.125 0.125 0.125 0.125 0.125 0.125 
0.10063534230384714 0.10063534230384714 0.29555260387307 0.10063534230384714 0.10063534230384714 0.10063534230384714 0.10063534230384714 0.10063534230384714 
0.125 0.125 0.125 0.125 0.125 0.125 0.125 0.125 
0.125 0.125 0.125 0.125 0.125 0.125 0.125 0.125 
0.10063534230384714 0.10063534230384714 0.10063534230384714 0.10063534230384714 0.10063534230384714 0.29555260387307 0.10063534230384714 0.10063534230384714 
0.125 0.125 0.125 0.125 0.125 0.125 0.125 0.125 
0.125 0.125 0.125 0.125 0.125 0.125 0.125 0.125 

Timestep: 13
Action: 0
0.2222222222222222 0.1111111111111111 0.1111111111111111 0.1111111111111111 0.1111111111111111 0.1111111111111111 0.1111111111111111 0.1111111111111111 
0.1111111111111111 0.2222222222222222 0.1111111111111111 0.1111111111111111 0.1111111111111111 0.1111111111111111 0.1111111111111111 0.1111111111111111 
0.10063534230384714 0.10063534230384714 0.29555260387307 0.10063534230384714 0.10063534230384714 0.10063534230384714 0.10063534230384714 0.10063534230384714 
0.125 0.125 0.125 0.125 0.125 0.125 0.125 0.125 
0.1111111111111111 0.1111111111111111 0.1111111111111111 0.1111111111111111 0.2222222222222222 0.1111111111111111 0.1111111111111111 0.1111111111111111 
0.09394491927546737 0.09394491927546737 0.09394491927546737 0.09394491927546737 0.09394491927546737 0.34238556507172835 0.09394491927546737 0.09394491927546737 
0.125 0.125 0.125 0.125 0.125 0.125 0.125 0.125 
0.125 0.125 0.125 0.125 0.125 0.125 0.125 0.125 
Action: 1
0.125 0.125 0.125 0.125 0.125 0.125 0.125 0.125 
0.125 0.125 0.125 0.125 0.125 0.125 0.125 0.125 
0.10063534230384714 0.10063534230384714 0.29555260387307 0.10063534230384714 0.10063534230384714 0.10063534230384714 0.10063534230384714 0.10063534230384714 
0.125 0.125 0.125 0.125 0.125 0.125 0.125 0.125 
0.125 0.125 0.125 0.125 0.125 0.125 0.125 0.125 
0.09394491927546737 0.09394491927546737 0.09394491927546737 0.09394491927546737 0.09394491927546737 0.34238556507172835 0.09394491927546737 0.09394491927546737 
0.125 0.125 0.125 0.125 0.125 0.125 0.125 0.125 
0.125 0.125 0.125 0.125 0.125 0.125 0.125 0.125 

Timestep: 14
Action: 0
0.2222222222222222 0.1111111111111111 0.1111111111111111 0.1111111111111111 0.1111111111111111 0.1111111111111111 0.1111111111111111 0.1111111111111111 
0.1111111111111111 0.2222222222222222 0.1111111111111111 0.1111111111111111 0.1111111111111111 0.1111111111111111 0.1111111111111111 0.1111111111111111 
0.10063534230384714 0.10063534230384714 0.29555260387307 0.10063534230384714 0.10063534230384714 0.10063534230384714 0.10063534230384714 0.10063534230384714 
0.125 0.125 0.125 0.125 0.125 0.125 0.125 0.125 
0.1111111111111111 0.1111111111111111 0.1111111111111111 0.1111111111111111 0.2222222222222222 0.1111111111111111 0.1111111111111111 0.1111111111111111 
0.09394491927546737 0.09394491927546737 0.09394491927546737 0.09394491927546737 0.09394491927546737 0.34238556507172835 0.09394491927546737 0.09394491927546737 
0.125 0.125 0.125 0.125 0.125 0.125 0.125 0.125 
0.125 0.125 0.125 0.125 0.125 0.125 0.125 0.125 
Action: 1
0.125 0.125 0.125 0.125 0.125 0.125 0.125 0.125 
0.125 0.125 0.125 0.125 0.125 0.125 0.125 0.125 
0.10063534230384714 0.10063534230384714 0.29555260387307 0.10063534230384714 0.10063534230384714 0.10063534230384714 0.10063534230384714 0.10063534230384714 
0.125 0.125 0.125 0.125 0.125 0.125 0.125 0.125 
0.125 0.125 0.125 0.125 0.125 0.125 0.125 0.125 
0.090210313601858 0.090210313601858 0.090210313601858 0.090210313601858 0.090210313601858 0.36852780478699404 0.090210313601858 0.090210313601858 
0.125 0.125 0.125 0.125 0.125 0.125 0.125 0.125 
0.125 0.125 0.125 0.125 0.125 0.125 0.125 0.125 

Timestep: 15
Action: 0
0.2222222222222222 0.1111111111111111 0.1111111111111111 0.1111111111111111 0.1111111111111111 0.1111111111111111 0.1111111111111111 0.1111111111111111 
0.1111111111111111 0.2222222222222222 0.1111111111111111 0.1111111111111111 0.1111111111111111 0.1111111111111111 0.1111111111111111 0.1111111111111111 
0.10063534230384714 0.10063534230384714 0.29555260387307 0.10063534230384714 0.10063534230384714 0.10063534230384714 0.10063534230384714 0.10063534230384714 
0.125 0.125 0.125 0.125 0.125 0.125 0.125 0.125 
0.1111111111111111 0.1111111111111111 0.1111111111111111 0.1111111111111111 0.2222222222222222 0.1111111111111111 0.1111111111111111 0.1111111111111111 
0.090210313601858 0.090210313601858 0.090210313601858 0.090210313601858 0.090210313601858 0.36852780478699404 0.090210313601858 0.090210313601858 
0.125 0.125 0.125 0.125 0.125 0.125 0.125 0.125 
0.125 0.125 0.125 0.125 0.125 0.125 0.125 0.125 
Action: 1
0.125 0.125 0.125 0.125 0.125 0.125 0.125 0.125 
0.125 0.125 0.125 0.125 0.125 0.125 0.125 0.125 
0.10063534230384714 0.10063534230384714 0.29555260387307 0.10063534230384714 0.10063534230384714 0.10063534230384714 0.10063534230384714 0.10063534230384714 
0.125 0.125 0.125 0.125 0.125 0.125 0.125 0.125 
0.125 0.125 0.125 0.125 0.125 0.125 0.125 0.125 
0.090210313601858 0.090210313601858 0.090210313601858 0.090210313601858 0.090210313601858 0.36852780478699404 0.090210313601858 0.090210313601858 
0.125 0.125 0.125 0.125 0.125 0.125 0.125 0.125 
0.125 0.125 0.125 0.125 0.125 0.125 0.125 0.125 

Timestep: 16
Action: 0
0.2222222222222222 0.1111111111111111 0.1111111111111111 0.1111111111111111 0.1111111111111111 0.1111111111111111 0.1111111111111111 0.1111111111111111 
0.1111111111111111 0.2222222222222222 0.1111111111111111 0.1111111111111111 0.1111111111111111 0.1111111111111111 0.1111111111111111 0.1111111111111111 
0.09394491927546737 0.09394491927546737 0.34238556507172835 0.09394491927546737 0.09394491927546737 0.09394491927546737 0.09394491927546737 0.09394491927546737 
0.125 0.125 0.125 0.125 0.125 0.125 0.125 0.125 
0.1111111111111111 0.1111111111111111 0.1111111111111111 0.1111111111111111 0.2222222222222222 0.1111111111111111 0.1111111111111111 0.1111111111111111 
0.090210313601858 0.090210313601858 0.090210313601858 0.090210313601858 0.090210313601858 0.36852780478699404 0.090210313601858 0.090210313601858 
0.125 0.125 0.125 0.125 0.125 0.125 0.125 0.125 
0.125 0.125 0.125 0.125 0.125 0.125 0.125 0.125 
Action: 1
0.125 0.125 0.125 0.125 0.125 0.125 0.125 0.125 
0.125 0.125 0.125 0.125 0.125 0.125 0.125 0.125 
0.10063534230384714 0.10063534230384714 0.29555260387307 0.10063534230384714 0.10063534230384714 0.10063534230384714 0.10063534230384714 0.10063534230384714 
0.125 0.125 0.125 0.125 0.125 0.125 0.125 0.125 
0.125 0.125 0.125 0.125 0.125 0.125 0.125 0.125 
0.090210313601858 0.090210313601858 0.090210313601858 0.090210313601858 0.090210313601858 0.36852780478699404 0.090210313601858 0.090210313601858 
0.125 0.125 0.125 0.125 0.125 0.125 0.125 0.125 
0.125 0.125 0.125 0.125 0.125 0.125 0.125 0.125 

Timestep: 17
Action: 0
0.2222222222222222 0.1111111111111111 0.1111111111111111 0.1111111111111111 0.1111111111111111 0.1111111111111111 0.1111111111111111 0.1111111111111111 
0.1111111111111111 0.2222222222222222 0.1111111111111111 0.1111111111111111 0.1111111111111111 0.1111111111111111 0.1111111111111111 0.1111111111111111 
0.09394491927546737 0.09394491927546737 0.34238556507172835 0.09394491927546737 0.09394491927546737 0.09394491927546737 0.09394491927546737 0.09394491927546737 
0.125 0.125 0.125 0.125 0.125 0.125 0.125 0.125 
0.1111111111111111 0.1111111111111111 0.1111111111111111 0.1111111111111111 0.2222222222222222 0.1111111111111111 0.1111111111111111 0.1111111111111111 
0.090210313601858 0.090210313601858 0.090210313601858 0.090210313601858 0.090210313601858 0.36852780478699404 0.090210313601858 0.090210313601858 
0.125 0.125 0.125 0.125 0.125 0.125 0.125 0.125 
0.125 0.125 0.125 0.125 0.125 0.125 0.125 0.125 
Action: 1
0.125 0.125 0.125 0.125 0.125 0.125 0.125 0.125 
0.125 0.125 0.125 0.125 0.125 0.125 0.125 0.125 
0.09394491927546737 0.09394491927546737 0.34238556507172835 0.09394491927546737 0.09394491927546737 0.09394491927546737 0.09394491927546737 0.09394491927546737 
0.125 0.125 0.125 0.125 0.125 0.125 0.125 0.125 
0.125 0.125 0.125 0.125 0.125 0.125 0.125 0.125 
0.090210313601858 0.090210313601858 0.090210313601858 0.090210313601858 0.090210313601858 0.36852780478699404 0.090210313601858 0.090210313601858 
0.125 0.125 0.125 0.125 0.125 0.125 0.125 0.125 
0.125 0.125 0.125 0.125 0.125 0.125 0.125 0.125 

Timestep: 18
Action: 0
0.2222222222222222 0.1111111111111111 0.1111111111111111 0.1111111111111111 0.1111111111111111 0.1111111111111111 0.1111111111111111 0.1111111111111111 
0.1111111111111111 0.2222222222222222 0.1111111111111111 0.1111111111111111 0.1111111111111111 0.1111111111111111 0.1111111111111111 0.1111111111111111 
0.09394491927546737 0.09394491927546737 0.34238556507172835 0.09394491927546737 0.09394491927546737 0.09394491927546737 0.09394491927546737 0.09394491927546737 
0.125 0.125 0.125 0.125 0.125 0.125 0.125 0.125 
0.1111111111111111 0.1111111111111111 0.1111111111111111 0.1111111111111111 0.2222222222222222 0.1111111111111111 0.1111111111111111 0.1111111111111111 
0.090210313601858 0.090210313601858 0.090210313601858 0.090210313601858 0.090210313601858 0.36852780478699404 0.090210313601858 0.090210313601858 
0.125 0.125 0.125 0.125 0.125 0.125 0.125 0.125 
0.125 0.125 0.125 0.125 0.125 0.125 0.125 0.125 
Action: 1
0.125 0.125 0.125 0.125 0.125 0.125 0.125 0.125 
0.125 0.125 0.125 0.125 0.125 0.125 0.125 0.125 
0.09394491927546737 0.09394491927546737 0.34238556507172835 0.09394491927546737 0.09394491927546737 0.09394491927546737 0.09394491927546737 0.09394491927546737 
0.125 0.125 0.125 0.125 0.125 0.125 0.125 0.125 
0.125 0.125 0.125 0.125 0.125 0.125 0.125 0.125 
0.08827523780410156 0.08827523780410156 0.08827523780410156 0.08827523780410156 0.08827523780410156 0.38207333537128907 0.08827523780410156 0.08827523780410156 
0.125 0.125 0.125 0.125 0.125 0.125 0.125 0.125 
0.125 0.125 0.125 0.125 0.125 0.125 0.125 0.125 

Timestep: 19
Action: 0
0.2222222222222222 0.1111111111111111 0.1111111111111111 0.1111111111111111 0.1111111111111111 0.1111111111111111 0.1111111111111111 0.1111111111111111 
0.1111111111111111 0.2222222222222222 0.1111111111111111 0.1111111111111111 0.1111111111111111 0.1111111111111111 0.1111111111111111 0.1111111111111111 
0.09394491927546737 0.09394491927546737 0.34238556507172835 0.09394491927546737 0.09394491927546737 0.09394491927546737 0.09394491927546737 0.09394491927546737 
0.125 0.125 0.125 0.125 0.125 0.125 0.125 0.125 
0.1111111111111111 0.1111111111111111 0.1111111111111111 0.1111111111111111 0.2222222222222222 0.1111111111111111 0.1111111111111111 0.1111111111111111 
0.090210313601858 0.090210313601858 0.090210313601858 0.090210313601858 0.090210313601858 0.36852780478699404 0.090210313601858 0.090210313601858 
0.125 0.125 0.125 0.125 0.125 0.125 0.125 0.125 
0.125 0.125 0.125 0.125 0.125 0.125 0.125 0.125 
Action: 1
0.125 0.125 0.125 0.125 0.125 0.125 0.125 0.125 
0.1111111111111111 0.2222222222222222 0.1111111111111111 0.1111111111111111 0.1111111111111111 0.1111111111111111 0.1111111111111111 0.1111111111111111 
0.09394491927546737 0.09394491927546737 0.34238556507172835 0.09394491927546737 0.09394491927546737 0.09394491927546737 0.09394491927546737 0.09394491927546737 
0.125 0.125 0.125 0.125 0.125 0.125 0.125 0.125 
0.125 0.125 0.125 0.125 0.125 0.125 0.125 0.125 
0.08827523780410156 0.08827523780410156 0.08827523780410156 0.08827523780410156 0.08827523780410156 0.38207333537128907 0.08827523780410156 0.08827523780410156 
0.125 0.125 0.125 0.125 0.125 0.125 0.125 0.125 
0.125 0.125 0.125 0.125 0.125 0.125 0.125 0.125 

Timestep: 20
Action: 0
0.2222222222222222 0.1111111111111111 0.1111111111111111 0.1111111111111111 0.1111111111111111 0.1111111111111111 0.1111111111111111 0.1111111111111111 
0.1111111111111111 0.2222222222222222 0.1111111111111111 0.1111111111111111 0.1111111111111111 0.1111111111111111 0.1111111111111111 0.1111111111111111 
0.09394491927546737 0.09394491927546737 0.34238556507172835 0.09394491927546737 0.09394491927546737 0.09394491927546737 0.09394491927546737 0.09394491927546737 
0.125 0.125 0.125 0.125 0.125 0.125 0.125 0.125 
0.1111111111111111 0.1111111111111111 0.1111111111111111 0.1111111111111111 0.2222222222222222 0.1111111111111111 0.1111111111111111 0.1111111111111111 
0.08827523780410156 0.08827523780410156 0.08827523780410156 0.08827523780410156 0.08827523780410156 0.38207333537128907 0.08827523780410156 0.08827523780410156 
0.125 0.125 0.125 0.125 0.125 0.125 0.125 0.125 
0.125 0.125 0.125 0.125 0.125 0.125 0.125 0.125 
Action: 1
0.125 0.125 0.125 0.125 0.125 0.125 0.125 0.125 
0.1111111111111111 0.2222222222222222 0.1111111111111111 0.1111111111111111 0.1111111111111111 0.1111111111111111 0.1111111111111111 0.1111111111111111 
0.09394491927546737 0.09394491927546737 0.34238556507172835 0.09394491927546737 0.09394491927546737 0.09394491927546737 0.09394491927546737 0.09394491927546737 
0.125 0.125 0.125 0.125 0.125 0.125 0.125 0.125 
0.125 0.125 0.125 0.125 0.125 0.125 0.125 0.125 
0.08827523780410156 0.08827523780410156 0.08827523780410156 0.08827523780410156 0.08827523780410156 0.38207333537128907 0.08827523780410156 0.08827523780410156 
0.125 0.125 0.125 0.125 0.125 0.125 0.125 0.125 
0.125 0.125 0.125 0.125 0.125 0.125 0.125 0.125 

Timestep: 21
Action: 0
0.2222222222222222 0.1111111111111111 0.1111111111111111 0.1111111111111111 0.1111111111111111 0.1111111111111111 0.1111111111111111 0.1111111111111111 
0.1111111111111111 0.2222222222222222 0.1111111111111111 0.1111111111111111 0.1111111111111111 0.1111111111111111 0.1111111111111111 0.1111111111111111 
0.09394491927546737 0.09394491927546737 0.34238556507172835 0.09394491927546737 0.09394491927546737 0.09394491927546737 0.09394491927546737 0.09394491927546737 
0.125 0.125 0.125 0.125 0.125 0.125 0.125 0.125 
0.1111111111111111 0.1111111111111111 0.1111111111111111 0.1111111111111111 0.2222222222222222 0.1111111111111111 0.1111111111111111 0.1111111111111111 
0.08827523780410156 0.08827523780410156 0.08827523780410156 0.08827523780410156 0.08827523780410156 0.38207333537128907 0.08827523780410156 0.08827523780410156 
0.125 0.125 0.125 0.125 0.125 0.125 0.125 0.125 
0.125 0.125 0.125 0.125 0.125 0.125 0.125 0.125 
Action: 1
0.125 0.125 0.125 0.125 0.125 0.125 0.125 0.125 
0.1111111111111111 0.2222222222222222 0.1111111111111111 0.1111111111111111 0.1111111111111111 0.1111111111111111 0.1111111111111111 0.1111111111111111 
0.09021031360185798 0.09021031360185798 0.3685278047869941 0.09021031360185798 0.09021031360185798 0.09021031360185798 0.09021031360185798 0.09021031360185798 
0.125 0.125 0.125 0.125 0.125 0.125 0.125 0.125 
0.125 0.125 0.125 0.125 0.125 0.125 0.125 0.125 
0.08827523780410156 0.08827523780410156 0.08827523780410156 0.08827523780410156 0.08827523780410156 0.38207333537128907 0.08827523780410156 0.08827523780410156 
0.125 0.125 0.125 0.125 0.125 0.125 0.125 0.125 
0.125 0.125 0.125 0.125 0.125 0.125 0.125 0.125 

Timestep: 22
Action: 0
0.2222222222222222 0.1111111111111111 0.1111111111111111 0.1111111111111111 0.1111111111111111 0.1111111111111111 0.1111111111111111 0.1111111111111111 
0.1111111111111111 0.2222222222222222 0.1111111111111111 0.1111111111111111 0.1111111111111111 0.1111111111111111 0.1111111111111111 0.1111111111111111 
0.09394491927546737 0.09394491927546737 0.34238556507172835 0.09394491927546737 0.09394491927546737 0.09394491927546737 0.09394491927546737 0.09394491927546737 
0.125 0.125 0.125 0.125 0.125 0.125 0.125 0.125 
0.1111111111111111 0.1111111111111111 0.1111111111111111 0.1111111111111111 0.2222222222222222 0.1111111111111111 0.1111111111111111 0.1111111111111111 
0.08730853886444234 0.08730853886444234 0.08730853886444234 0.08730853886444234 0.08730853886444234 0.38884022794890366 0.08730853886444234 0.08730853886444234 
0.125 0.125 0.125 0.125 0.125 0.125 0.125 0.125 
0.125 0.125 0.125 0.125 0.125 0.125 0.125 0.125 
Action: 1
0.125 0.125 0.125 0.125 0.125 0.125 0.125 0.125 
0.1111111111111111 0.2222222222222222 0.1111111111111111 0.1111111111111111 0.1111111111111111 0.1111111111111111 0.1111111111111111 0.1111111111111111 
0.09021031360185798 0.09021031360185798 0.3685278047869941 0.09021031360185798 0.09021031360185798 0.09021031360185798 0.09021031360185798 0.09021031360185798 
0.125 0.125 0.125 0.125 0.125 0.125 0.125 0.125 
0.125 0.125 0.125 0.125 0.125 0.125 0.125 0.125 
0.08827523780410156 0.08827523780410156 0.08827523780410156 0.08827523780410156 0.08827523780410156 0.38207333537128907 0.08827523780410156 0.08827523780410156 
0.125 0.125 0.125 0.125 0.125 0.125 0.125 0.125 
0.125 0.125 0.125 0.125 0.125 0.125 0.125 0.125 

Timestep: 23
Action: 0
0.2222222222222222 0.1111111111111111 0.1111111111111111 0.1111111111111111 0.1111111111111111 0.1111111111111111 0.1111111111111111 0.1111111111111111 
0.1111111111111111 0.2222222222222222 0.1111111111111111 0.1111111111111111 0.1111111111111111 0.1111111111111111 0.1111111111111111 0.1111111111111111 
0.09394491927546737 0.09394491927546737 0.34238556507172835 0.09394491927546737 0.09394491927546737 0.09394491927546737 0.09394491927546737 0.09394491927546737 
0.125 0.125 0.125 0.125 0.125 0.125 0.125 0.125 
0.1111111111111111 0.1111111111111111 0.1111111111111111 0.1111111111111111 0.2222222222222222 0.1111111111111111 0.1111111111111111 0.1111111111111111 
0.08730853886444234 0.08730853886444234 0.08730853886444234 0.08730853886444234 0.08730853886444234 0.38884022794890366 0.08730853886444234 0.08730853886444234 
0.125 0.125 0.125 0.125 0.125 0.125 0.125 0.125 
0.125 0.125 0.125 0.125 0.125 0.125 0.125 0.125 
Action: 1
0.125 0.125 0.125 0.125 0.125 0.125 0.125 0.125 
0.1111111111111111 0.2222222222222222 0.1111111111111111 0.1111111111111111 0.1111111111111111 0.1111111111111111 0.1111111111111111 0.1111111111111111 
0.08827523780410156 0.08827523780410156 0.3820733353712891 0.08827523780410156 0.08827523780410156 0.08827523780410156 0.08827523780410156 0.08827523780410156 
0.125 0.125 0.125 0.125 0.125 0.125 0.125 0.125 
0.125 0.125 0.125 0.125 0.125 0.125 0.125 0.125 
0.08827523780410156 0.08827523780410156 0.08827523780410156 0.08827523780410156 0.08827523780410156 0.38207333537128907 0.08827523780410156 0.08827523780410156 
0.125 0.125 0.125 0.125 0.125 0.125 0.125 0.125 
0.125 0.125 0.125 0.125 0.125 0.125 0.125 0.125 

Timestep: 24
Action: 0
0.2222222222222222 0.1111111111111111 0.1111111111111111 0.1111111111111111 0.1111111111111111 0.1111111111111111 0.1111111111111111 0.1111111111111111 
0.1111111111111111 0.2222222222222222 0.1111111111111111 0.1111111111111111 0.1111111111111111 0.1111111111111111 0.1111111111111111 0.1111111111111111 
0.09394491927546737 0.09394491927546737 0.34238556507172835 0.09394491927546737 0.09394491927546737 0.09394491927546737 0.09394491927546737 0.09394491927546737 
0.125 0.125 0.125 0.125 0.125 0.125 0.125 0.125 
0.1111111111111111 0.1111111111111111 0.1111111111111111 0.1111111111111111 0.2222222222222222 0.1111111111111111 0.1111111111111111 0.1111111111111111 
0.08683394552231512 0.08683394552231512 0.08683394552231512 0.08683394552231512 0.08683394552231512 0.39216238134379405 0.08683394552231512 0.08683394552231512 
0.125 0.125 0.125 0.125 0.125 0.125 0.125 0.125 
0.125 0.125 0.125 0.125 0.125 0.125 0.125 0.125 
Action: 1
0.125 0.125 0.125 0.125 0.125 0.125 0.125 0.125 
0.1111111111111111 0.2222222222222222 0.1111111111111111 0.1111111111111111 0.1111111111111111 0.1111111111111111 0.1111111111111111 0.1111111111111111 
0.08827523780410156 0.08827523780410156 0.3820733353712891 0.08827523780410156 0.08827523780410156 0.08827523780410156 0.08827523780410156 0.08827523780410156 
0.125 0.125 0.125 0.125 0.125 0.125 0.125 0.125 
0.125 0.125 0.125 0.125 0.125 0.125 0.125 0.125 
0.08827523780410156 0.08827523780410156 0.08827523780410156 0.08827523780410156 0.08827523780410156 0.38207333537128907 0.08827523780410156 0.08827523780410156 
0.125 0.125 0.125 0.125 0.125 0.125 0.125 0.125 
0.125 0.125 0.125 0.125 0.125 0.125 0.125 0.125 

Timestep: 25
Action: 0
0.2222222222222222 0.1111111111111111 0.1111111111111111 0.1111111111111111 0.1111111111111111 0.1111111111111111 0.1111111111111111 0.1111111111111111 
0.1111111111111111 0.2222222222222222 0.1111111111111111 0.1111111111111111 0.1111111111111111 0.1111111111111111 0.1111111111111111 0.1111111111111111 
0.09394491927546737 0.09394491927546737 0.34238556507172835 0.09394491927546737 0.09394491927546737 0.09394491927546737 0.09394491927546737 0.09394491927546737 
0.125 0.125 0.125 0.125 0.125 0.125 0.125 0.125 
0.1111111111111111 0.1111111111111111 0.1111111111111111 0.1111111111111111 0.2222222222222222 0.1111111111111111 0.1111111111111111 0.1111111111111111 
0.08683394552231512 0.08683394552231512 0.08683394552231512 0.08683394552231512 0.08683394552231512 0.39216238134379405 0.08683394552231512 0.08683394552231512 
0.125 0.125 0.125 0.125 0.125 0.125 0.125 0.125 
0.125 0.125 0.125 0.125 0.125 0.125 0.125 0.125 
Action: 1
0.125 0.125 0.125 0.125 0.125 0.125 0.125 0.125 
0.1111111111111111 0.2222222222222222 0.1111111111111111 0.1111111111111111 0.1111111111111111 0.1111111111111111 0.1111111111111111 0.1111111111111111 
0.08730853886444234 0.08730853886444234 0.38884022794890366 0.08730853886444234 0.08730853886444234 0.08730853886444234 0.08730853886444234 0.08730853886444234 
0.125 0.125 0.125 0.125 0.125 0.125 0.125 0.125 
0.125 0.125 0.125 0.125 0.125 0.125 0.125 0.125 
0.08827523780410156 0.08827523780410156 0.08827523780410156 0.08827523780410156 0.08827523780410156 0.38207333537128907 0.08827523780410156 0.08827523780410156 
0.125 0.125 0.125 0.125 0.125 0.125 0.125 0.125 
0.125 0.125 0.125 0.125 0.125 0.125 0.125 0.125 

Timestep: 26
Action: 0
0.2222222222222222 0.1111111111111111 0.1111111111111111 0.1111111111111111 0.1111111111111111 0.1111111111111111 0.1111111111111111 0.1111111111111111 
0.1111111111111111 0.2222222222222222 0.1111111111111111 0.1111111111111111 0.1111111111111111 0.1111111111111111 0.1111111111111111 0.1111111111111111 
0.09394491927546737 0.09394491927546737 0.34238556507172835 0.09394491927546737 0.09394491927546737 0.09394491927546737 0.09394491927546737 0.09394491927546737 
0.125 0.125 0.125 0.125 0.125 0.125 0.125 0.125 
0.1111111111111111 0.1111111111111111 0.1111111111111111 0.1111111111111111 0.2222222222222222 0.1111111111111111 0.1111111111111111 0.1111111111111111 
0.0866028749473424 0.0866028749473424 0.0866028749473424 0.0866028749473424 0.0866028749473424 0.3937798753686032 0.0866028749473424 0.0866028749473424 
0.125 0.125 0.125 0.125 0.125 0.125 0.125 0.125 
0.125 0.125 0.125 0.125 0.125 0.125 0.125 0.125 
Action: 1
0.125 0.125 0.125 0.125 0.125 0.125 0.125 0.125 
0.1111111111111111 0.2222222222222222 0.1111111111111111 0.1111111111111111 0.1111111111111111 0.1111111111111111 0.1111111111111111 0.1111111111111111 
0.08730853886444234 0.08730853886444234 0.38884022794890366 0.08730853886444234 0.08730853886444234 0.08730853886444234 0.08730853886444234 0.08730853886444234 
0.125 0.125 0.125 0.125 0.125 0.125 0.125 0.125 
0.125 0.125 0.125 0.125 0.125 0.125 0.125 0.125 
0.08827523780410156 0.08827523780410156 0.08827523780410156 0.08827523780410156 0.08827523780410156 0.38207333537128907 0.08827523780410156 0.08827523780410156 
0.125 0.125 0.125 0.125 0.125 0.125 0.125 0.125 
0.125 0.125 0.125 0.125 0.125 0.125 0.125 0.125 

Timestep: 27
Action: 0
0.2222222222222222 0.1111111111111111 0.1111111111111111 0.1111111111111111 0.1111111111111111 0.1111111111111111 0.1111111111111111 0.1111111111111111 
0.1111111111111111 0.2222222222222222 0.1111111111111111 0.1111111111111111 0.1111111111111111 0.1111111111111111 0.1111111111111111 0.1111111111111111 
0.09021031360185798 0.09021031360185798 0.3685278047869941 0.09021031360185798 0.09021031360185798 0.09021031360185798 0.09021031360185798 0.09021031360185798 
0.125 0.125 0.125 0.125 0.125 0.125 0.125 0.125 
0.1111111111111111 0.1111111111111111 0.1111111111111111 0.1111111111111111 0.2222222222222222 0.1111111111111111 0.1111111111111111 0.1111111111111111 
