0.125 0.125 0.125 0.125 0.125 0.125 0.125 0.125
0.07575757575757576 0.12626262626262627 0.09090909090909091 0.15151515151515152 0.0946969696969697 0.15782828282828282 0.11363636363636365 0.1893939393939394
0.06430745814307458 0.11377473363774733 0.056062912227295786 0.09918822932521562 0.12861491628614916 0.22754946727549466 0.11212582445459157 0.19837645865043124
0.09567579728864391 0.0772322701004716 0.19135159457728781 0.1544645402009432 0.08610821755977952 0.08393305897246617 0.17221643511955903 0.13901808618084885
0.09338784479785774 0.0753853686922466 0.21954679981601977 0.1507707373844932 0.08404906031807197 0.07306840470912292 0.16809812063614393 0.1356936636460439
0.12155820688038986 0.09812529952995327 0.2067571896793878 0.12265662441244159 0.10940238619235089 0.09435634859384044 0.1367529827404386 0.11039096197119742
0.09878180014483758 0.0777906676140596 0.19756360028967515 0.1555813352281192 0.09459514783912783 0.06781750509943658 0.17223493358587066 0.13563501019887317
0.07392929830967171 0.12321549718278618 0.10481732198877529 0.14785859661934342 0.10044272118225392 0.15401937147848271 0.11089394746450756 0.18482324577417927
0.054861630817537844 0.09080920654557807 0.07514798748519777 0.11351150818197257 0.10265388566021869 0.20767540787027652 0.12831735707527336 0.22702301636394515
0.09692310928282022 0.07437560696820104 0.20727554042445592 0.1487512139364021 0.08292325135111371 0.09002868279201777 0.16584650270222742 0.1338760925427619
0.09592320300895077 0.07080295130559529 0.25395832617309344 0.14160590261119058 0.0789400069034025 0.07344428384089079 0.157880013806805 0.1274453123500715
0.09322569282287008 0.06877053088534733 0.27692218587596956 0.13754106177069467 0.07667400980799172 0.06973154362751798 0.15334801961598343 0.1237869555936252
0.09153161534144964 0.06762359039459975 0.2894314581212698 0.1352471807891995 0.0753952567533821 0.06825792238305535 0.1507905135067642 0.12172246271027956
0.09359027033435859 0.07370233788830739 0.23770420980391452 0.14740467577661479 0.09165551011106768 0.06425332021031926 0.16318303545477908 0.12850664042063853
0.07364573437776709 0.11933170088200848 0.13770535593366998 0.1491646261025106 0.08093802320692749 0.1590444791654445 0.10117252900865938 0.1789975513230127
0.09433070206647871 0.07428542787735198 0.23097584810556915 0.14857085575470397 0.09307815634947433 0.06476165507256328 0.1644740446287321 0.12952331014512655
0.07146871150958849 0.11911451918264748 0.12834992551485544 0.14293742301917697 0.10336142575706836 0.14889314897830935 0.10720306726438274 0.1786717787739712
0.06297397138188217 0.10495661896980363 0.07201783819768101 0.09446095707282326 0.15340231380516817 0.20991323793960726 0.11335314848738791 0.18892191414564652
0.05995994529198804 0.09993324215331341 0.06235374195096492 0.08993991793798208 0.15963268683363277 0.2403727284305762 0.10792790152557848 0.17987983587596415
0.06813460715829255 0.11355767859715427 0.09304517304401506 0.1362692143165851 0.11525931725753497 0.20119558099324786 0.10220191073743884 0.17033651789573134
0.08434184771421083 0.1405697461903514 0.09153512070120079 0.12651277157131624 0.1323140424936827 0.2539342297079611 0.09488457867848718 0.07590766294278974
0.07132151599576418 0.11646960695913017 0.10250318984396778 0.1455870086989127 0.08933355331783943 0.20133474362816706 0.09874597111752341 0.17470441043869522
0.0677399521161697 0.1128999201936162 0.09976446956025642 0.1354799042323394 0.10144854224662789 0.2117074031863116 0.10160992817425459 0.16934988029042428
0.0829895488841147 0.13831591480685784 0.09136741533744162 0.12448432332617204 0.13012263148846415 0.26466632966661735 0.09336324249462905 0.07469059399570323
0.06504894808908145 0.10841491348180242 0.09447787375321012 0.1300978961781629 0.10859835016286833 0.2331662259785491 0.09757342213362219 0.16262237022270362
0.06611772288878871 0.11019620481464787 0.09634636948137983 0.13223544577757743 0.10672554419602417 0.22390782128642722 0.09917658433318308 0.16529430722197178
0.059827464612700394 0.09933383201500066 0.06164176733230688 0.08659872534641083 0.12417802394677517 0.29732852479282457 0.09789421126116009 0.17319745069282166
0.1190196100771708 0.093727942935772 0.16320440046213425 0.11247353152292641 0.1390344444812933 0.149973399676394 0.1245128228499633 0.09805384799434609
0.0729250631620173 0.11518002354465219 0.117767806282732 0.14397502943081522 0.08908879649625508 0.19064061710912752 0.09765262865742252 0.1727700353169783
0.12412171645163583 0.09339589091058596 0.19076315857487727 0.11674486363823243 0.1133896620345721 0.12635252046231482 0.1301618106533726 0.1050703772744092
0.13227432313986784 0.09241161066318788 0.2023699143950588 0.11089393279582546 0.13373618053368644 0.10887313442137495 0.12276414212643273 0.09667676192456578
0.08219375308897635 0.1102850814119782 0.11689908902028623 0.13234209769437386 0.1132361545230999 0.1803596288725378 0.09925657327078038 0.16542762211796727
0.07432119559705291 0.11482713804066007 0.10703177088980373 0.1435339225508251 0.08675911496924746 0.20393270776999117 0.0973534431214292 0.17224070706099012
0.1351498276968449 0.09393433839185114 0.17809062578420012 0.11272120607022139 0.12833032509401363 0.1287168988133301 0.1247870087549866 0.09826976939455197
0.0956453247416405 0.13612579229010502 0.10031734418191077 0.11867376763752747 0.10447812020368788 0.2218593569476854 0.08049177283240992 0.14240852116503297
0.13320667102525321 0.09181950395124557 0.18165167573948324 0.11477437993905697 0.11327767757841395 0.13400828144158133 0.12796486837981427 0.10329694194515125
0.10380286650579693 0.06756859086757039 0.25327526912869774 0.13513718173514078 0.08410256244123347 0.08382219298956063 0.15066787277037336 0.1216234635616267
0.10496484371691749 0.06668147347832538 0.2683633066231376 0.13336294695665077 0.09076725660577199 0.07195677493778206 0.14763826443715508 0.11626513324425963
0.0828395570689054 0.11087281324140201 0.13590591744570577 0.1330473758896824 0.10401065235839041 0.16722893221654933 0.0997855319172618 0.166309219862103
0.08000722480811448 0.10974056085631705 0.10689582987723763 0.13168867302758044 0.1057698703391168 0.2025204950364728 0.09876650477068534 0.16461084128447553
0.06288706305671898 0.09741883260836152 0.0623658715954449 0.08492923868421261 0.12191831297512246 0.30461523824260445 0.0960069654691099 0.16985847736842521
0.07360828605444632 0.10507614047969761 0.08822489518233691 0.12609136857563713 0.10582783233822084 0.24898874021838682 0.09456852643172785 0.1576142107195464
0.07175953251984862 0.11216620639074104 0.0989895220944419 0.14020775798842627 0.08430098903389233 0.2292292465335188 0.09509743585301957 0.16824930958611153
0.1033698423803629 0.07653608444561978 0.21921653280383285 0.13691419155892295 0.09355872486298158 0.09947389567824187 0.15156963819302824 0.11936109007700976
0.06786541143157745 0.10132785890739034 0.0807940102761366 0.08833710776541723 0.12547534940339472 0.2596667074721689 0.09985933921308034 0.17667421553083446
0.10190090234168508 0.07525208475650522 0.21186414202972154 0.13576251913490645 0.10186515709201545 0.10470343720360527 0.15029468947779628 0.1183570679637646
0.09193219290968684 0.1375655622271909 0.10828446152206492 0.11992895168524337 0.10300023523740502 0.21403073934003883 0.0813431150560781 0.14391474202229204
0.07388847434885573 0.11209875873305887 0.1036291960906444 0.1401234484163236 0.09018721733263083 0.2168845150095659 0.09504025196933252 0.16814813809958828
0.07425033238120807 0.11230627247980125 0.1026982308297234 0.14038284059975156 0.08855261145035845 0.21813411600223256 0.09521618753722282 0.16845940871970186
0.1382048157779323 0.1017661136986585 0.1794025897216945 0.10918736560488186 0.12560253736462768 0.12977269033894692 0.12087490209413049 0.09518898539912776
0.08911411923854574 0.11804331137173767 0.11704296589747108 0.12753513708226516 0.10850360094493995 0.1846905913005102 0.09565135281169887 0.15941892135283145
0.08025957088966795 0.1204000412151634 0.10302187416193596 0.12837922433665583 0.10469509776793423 0.20648574295533104 0.09628441825249189 0.16047403042081979
0.07498787225817796 0.11188615652065907 0.10235600666944246 0.13985769565082387 0.09427750172391006 0.21394553012848264 0.09486000226751531 0.1678292347809886
0.07755479347461072 0.11949954726345254 0.09953029025529218 0.12823429655141105 0.10126431047988277 0.21744816887252866 0.09617572241355829 0.1602928706892638
0.08775814406868031 0.13161571245010273 0.08334466370010121 0.11474190316162802 0.11021340665378998 0.25681094315777026 0.07782494301397379 0.13769028379395362
0.11496414503024414 0.0769381345384357 0.14798551441127872 0.09617266817304462 0.1439913827645782 0.16157382267722423 0.14296713059754096 0.11540720180765354
0.07958884521865366 0.1105861156136195 0.1121185472197796 0.13823264451702438 0.10377053674308856 0.19606634359498848 0.09375779367241655 0.16587917342042924
0.07480878954804757 0.11168496843352148 0.10434317895236989 0.13960621054190187 0.09736704641522137 0.20997292369980036 0.09468942975885516 0.1675274526502822
0.10467388912546435 0.07587413275094473 0.22396096932135348 0.13571260383878217 0.0955808352644538 0.09564458644130581 0.15023943119311658 0.11831355206457932
0.10523677783937073 0.145521847201518 0.12038922260398484 0.12117125335510635 0.12817441544431013 0.2159252915263165 0.09087844001632978 0.07270275201306382
0.06543741547487558 0.09250565688675298 0.06179982653702244 0.08064595728588721 0.14345400750617332 0.3037002265447721 0.09116499519274206 0.16129191457177441
0.07004119174766754 0.10709148827099245 0.08954514761431118 0.13386436033874055 0.10300383631537191 0.24502178585928194 0.09079495744714577 0.16063723240648867
0.09890864718778715 0.06858280423004336 0.2140168588824282 0.1371656084600867 0.09915262226896267 0.10579499416305443 0.15292941719355935 0.12344904761407803
0.09061285381733501 0.13010272891859603 0.1491940695409887 0.16262841114824506 0.08511731497699675 0.15325068589335406 0.08272836567106379 0.14636557003342054
0.10683578722253893 0.07595010564342944 0.24311752401981 0.1335128093099662 0.09197220681766617 0.08441161628856085 0.1478041682226732 0.11639578247535516
0.08156147954642416 0.11249135327924524 0.13608831524535783 0.14061419159905655 0.09667468775816394 0.1684598387856982 0.09537310386718618 0.16873702991886785
0.10509792922807358 0.07504046385272858 0.2381100558556735 0.1341156761803823 0.0948458132947639 0.08739713623672224 0.14847156663029704 0.11692135872135893
0.09708334200625675 0.13438911970429793 0.11240492999662587 0.1171597453832341 0.11624741844603426 0.2026588792219983 0.07946487078167182 0.1405916944598809
0.11863093056964799 0.07616777570360836 0.15683322530546454 0.09520971962951044 0.15149204119502777 0.14587900112939964 0.14153564291192894 0.11425166355541252
0.10746601797347552 0.06575111542631709 0.2390394160766624 0.13150223085263418 0.10630466030658897 0.08496937779558145 0.14661517380136976 0.11835200776737077
0.103198013704919 0.0647918536992837 0.27361883879725013 0.1295837073985674 0.09477226294902465 0.07293382346876716 0.14447616332347735 0.11662533665871064
0.09294167182049617 0.12895626041139852 0.1648315198882712 0.16119532551424814 0.08389259981743034 0.14110746834547547 0.08199936123985667 0.14507579296282333
0.10671159365290596 0.07536701923363003 0.24999900745787357 0.13259722817162847 0.09111886726077809 0.08181811842324173 0.14679058226570185 0.11559758353424021
0.09859323641759438 0.13426004231927482 0.11488920445198311 0.11704721638090626 0.1153898442859823 0.1999752497244698 0.07938854676270163 0.14045665965708748
0.10648139634403027 0.06734080509328946 0.2233144418752465 0.13468161018657893 0.1004749021955399 0.09633345064579037 0.15015994449160366 0.12121344916792101
0.08225524654261532 0.112095746819165 0.13126901771542882 0.14011968352395626 0.09840153203822838 0.17267745474169724 0.09503769839016163 0.1681436202287475
0.10536467436547421 0.07507639390408771 0.23622654336243729 0.13421855371238697 0.09530403863225072 0.08821329290996222 0.14858545628721714 0.11701104682618353
0.08218070336735947 0.11227796366915127 0.13446932700070605 0.1403474545864391 0.09739722529186354 0.1697181939916906 0.09519218658906303 0.1684169455037269
0.11779957629685514 0.0839674873770959 0.15959407369607836 0.09005498950233606 0.15245783755013065 0.14061287091809802 0.1429444277814858 0.11256873687792007
0.09822335759492805 0.1301408591834468 0.09474922764952808 0.1134561336471075 0.1284376325470604 0.22189257313640537 0.07695285586499463 0.136147360376529
0.10677139173769401 0.06749908568068361 0.21418862919886314 0.13499817136136721 0.10382806395340392 0.1007034172652334 0.15051288657752432 0.12149835422523049
0.10517167115778947 0.06535736940744241 0.26403077131565705 0.13071473881488482 0.09508331487514154 0.07626169054834649 0.14573717894734173 0.11764326493339633
0.0820493139468004 0.11199647812452453 0.1409798749736697 0.13999559765565564 0.09728948952987213 0.16474099278146365 0.09495353580122733 0.16799471718678677
0.0797811457696072 0.12035549974101802 0.10961955028847559 0.1291091797771292 0.10326173576894984 0.19965452910056156 0.09683188483284694 0.16138647472141154
0.055572467937401594 0.08053620364288187 0.07505185385819516 0.10067025455360233 0.11836455545247969 0.2546629981267712 0.11380115732146351 0.20134050910720466
0.10984478045797436 0.0768023677367021 0.14502249101249381 0.0960029596708776 0.1536287695660936 0.16078023244006803 0.14271484751073746 0.11520355160505315
0.12201502185170568 0.07455049429801114 0.165587345468746 0.09318811787251391 0.1617572797733428 0.13254560316773253 0.13853039612093115 0.11182574144701671
0.12503009797397086 0.07404137162933157 0.17181470015405312 0.09255171453666447 0.16360622314396842 0.12430949529933077 0.1375843398186833 0.11106205744399737
0.11046138630371566 0.06496671974177208 0.2443206604400044 0.12993343948354416 0.10813205684733014 0.08037955314962653 0.14486608849881713 0.11694009553518975
0.10560756269681591 0.06438448702996401 0.2751990857860831 0.12876897405992802 0.09480899827219194 0.07177101904919202 0.14356779645188986 0.1158920766539352
0.1035306883652987 0.06378117348933178 0.2873053826382101 0.12756234697866356 0.0911411585562388 0.06965064038838277 0.14222249730307715 0.1148061122807972
0.10263801786588347 0.06350355940600717 0.2919320073013321 0.12700711881201435 0.09000340807223088 0.06900602227951812 0.14160345933220106 0.11430640693081291
0.11995753139123155 0.07435651318504391 0.2152998509244653 0.09294564148130488 0.14016112022551575 0.10757463433520173 0.13816993867967114 0.11153476977756584
0.08457993544422063 0.11007639461335128 0.12822583406985952 0.13759549326668913 0.10617283270926933 0.1749092790652637 0.09332563891131958 0.16511459192002695
0.07844248551297135 0.11145222674492371 0.10818287777608053 0.13931528343115465 0.09898783302283073 0.2019488481109138 0.09449210528373968 0.16717834011738558
0.10518146886931386 0.07556097305213258 0.2263457736576632 0.1351455316059414 0.09638903273090048 0.09394637976329662 0.14961165892070025 0.11781918140005147
0.08290909387283925 0.112137764574674 0.13205068893437913 0.1401722057183425 0.09764689715197576 0.17180338074638088 0.09507332213939752 0.16820664686201098
0.11794549745647714 0.08391337094623455 0.15873937068804275 0.09000244059734476 0.15289772717485697 0.14113752556918072 0.14286101682118219 0.11250305074668095
0.08394310518584348 0.10986566782752334 0.11458096393922468 0.13733208478440417 0.10868169064317484 0.18765100663347029 0.09314697924507415 0.164798501741285
0.07814989838557382 0.11119354950970102 0.1048157905496108 0.1389919368871263 0.09932201454937649 0.2064636938784437 0.0942727919756161 0.16679032426455154
0.10361251499732084 0.06821208340703237 0.22055650924746378 0.13642416681406475 0.09803130795111943 0.0982789023606295 0.152102765089711 0.12278175013265828
0.13998016175120187 0.08669767749085516 0.22142798395206154 0.10837209686356894 0.1245554318734521 0.10060496035868403 0.12082680053296418 0.09753488717721205
0.14884940678827382 0.08461741683031433 0.2185737306177929 0.10577177103789294 0.12979242859013715 0.09927302090998374 0.11792763129150152 0.09519459393410362
0.1146216252839443 0.06382650045231472 0.26283542869585097 0.12765300090462944 0.09913476899869217 0.07471740518509128 0.1423235696653107 0.11488770081416651
0.10609318378335085 0.06389057982918733 0.2822071877272082 0.12778115965837467 0.09226135942227602 0.070297028775415 0.14246645711165057 0.11500304369253722
0.12127443148617477 0.07444243403555673 0.21214468980457385 0.09305304254444591 0.14106189369396843 0.10803025980841087 0.13832959757353452 0.1116636510533351
0.14354502514911005 0.08489126044204953 0.21549027887440322 0.10611407555256192 0.13487358647155706 0.101273830232768 0.1183092752802444 0.09550266799730572
0.13060124981371293 0.0734994391497373 0.1880767836630187 0.09187429893717164 0.15387622981721008 0.1152455238625687 0.13657731603197454 0.11024915872460594
0.11151933569063957 0.06456710136908786 0.2508210837888631 0.12913420273817572 0.10543040670805355 0.07833208806855747 0.14397499917226456 0.11622078246435816
0.10587740041126588 0.06419265369747576 0.27763304159689645 0.12838530739495152 0.09399813249129746 0.07122665100037479 0.1431400367522818 0.11554677665545637
0.10375144766081933 0.06369102961493095 0.288168882188843 0.1273820592298619 0.09087007583001891 0.0694711622511773 0.14202148991747288 0.1146438533068757
0.10289976022339702 0.0634538046408543 0.29220153252243497 0.1269076092817086 0.08989833364471576 0.06892959770135706 0.1414925136319945 0.11421684835353774
0.1202984621305397 0.07431603286482247 0.2153334939313566 0.09289504108102807 0.1400817998877332 0.10750640302116099 0.13809471778612534 0.11147404929723369
0.12454117274775367 0.07378535896792601 0.18842020965992862 0.09223169870990752 0.15599933645254 0.11723557021144648 0.1371086147986088 0.11067803845188902
0.12575273844737478 0.07378793151317066 0.17923018563640902 0.09223491439146332 0.16132733570323107 0.11987160191337512 0.1371133951252201 0.110681897269756
0.1261379341677501 0.07381457083430726 0.17612505921881394 0.09226821354288407 0.1631499121878179 0.12061955724664868 0.13716289655031721 0.11072185625146089
0.1456558708794539 0.08516580134292931 0.2019699830029939 0.10645725167866162 0.14169985485344447 0.10454782068103438 0.11869189105068692 0.09581152651079546
0.1145274950647597 0.06416567133441305 0.25615556899976183 0.1283313426688261 0.10221994511332468 0.07602189830710097 0.14307987010987028 0.11549820840194348
0.12387708006968856 0.07458016318320905 0.20352442937331713 0.0932252039790113 0.14459393201233903 0.10974341949852397 0.1385855271090974 0.11187024477481355
0.08543916295256548 0.11008158129707533 0.12546343888206532 0.13760197662134419 0.1071887872812296 0.17577264470302145 0.09333003631708561 0.165122371945613
0.10465471233921952 0.0676307839343129 0.22887015347302825 0.1352615678686258 0.09897304411933232 0.09206777315705612 0.1508065540266619 0.12173541108176321
0.0956187416762472 0.1292742193774843 0.152984840080938 0.16159277422185533 0.08495632528543881 0.14793806088898806 0.0822015416693786 0.1454334967996698
0.1448880954540801 0.10173913438599354 0.1978446519553249 0.10736177724475754 0.12372566041196202 0.11198933298418194 0.11885390073493711 0.09359744682876298
0.08946759805636867 0.1102328347567204 0.1242457695801034 0.1377910434459005 0.10260120229910726 0.176854026780804 0.09345827294591513 0.1653492521350806
0.10738090282709045 0.07489537805853436 0.23277907516815124 0.1340758389926483 0.09659674451230366 0.08895796634999961 0.1484274652258866 0.1168866288653857
0.08343625039648474 0.1121025462497539 0.1335998416905835 0.1401281828121924 0.0977050025626341 0.16983089378892935 0.09504346312479135 0.16815381937463084
0.10575292646519616 0.07495740516205801 0.23714534980178487 0.13398957792494337 0.09540586533490394 0.08760547772418871 0.14833197067799997 0.116811426908925
0.08313986298125309 0.112111346833881 0.1346347302373057 0.14013918354235128 0.09744705454946966 0.16930987711532297 0.09505092448959479 0.16816702025082153
0.08008180583008329 0.12021536662805686 0.10805944157472067 0.1289331356371335 0.10359971996781406 0.20124425908792468 0.09669985172785013 0.1611664195464169
0.09123414219680342 0.1308638226675993 0.0847974164470631 0.11408640950508658 0.11556713278283444 0.24916703767801576 0.0773803473164935 0.1369036914061039
0.10659383875795722 0.06771642546100926 0.20998519822992404 0.1354328509220185 0.10138571652558451 0.10599888242481247 0.15099752184887733 0.12188956582981667
0.10642077585367994 0.06536314385892353 0.2622129313063261 0.13072628771784706 0.09466037077711445 0.07721277642776023 0.1457500551122862 0.11765365894606235
0.1044883676487682 0.0641072641381852 0.28238785110780307 0.1282145282763704 0.09154661376555749 0.07091266883480819 0.14294963077977413 0.11539307544873335
0.10329441415549677 0.06360263231402397 0.2900302178746017 0.12720526462804793 0.09023420337170616 0.06932415236080305 0.1418243771300773 0.11448473816524311
0.10273725947249367 0.06341179976636227 0.2929129779295641 0.12682359953272454 0.08971239120880271 0.06886188347933908 0.14139884903126151 0.11414123957945208
0.10250335745367341 0.0633404327521659 0.29400011979083135 0.1266808655043318 0.08951103986521837 0.06871169443848388 0.14123971124139678 0.11401277895389861
0.08230111087992299 0.11151911541886673 0.14787570051845697 0.13939889427358346 0.0958312609299099 0.16124642960452928 0.09454881524643052 0.1672786731283001
0.10494974171732739 0.07453858370351915 0.24312620244899738 0.1333001159227923 0.09459158408903293 0.08571470674730264 0.14756870789987592 0.1162103574711523
0.09914721149657046 0.13390916016870216 0.11336359997044695 0.11674131912143267 0.116198623282943 0.20136943439269217 0.07918106862149345 0.1400895829457192
0.09364895764702753 0.12814155679130115 0.1208652368893198 0.16017694598912643 0.08756907788630795 0.18395765740353898 0.08148131600316433 0.14415925139021377
0.08172800524840322 0.12152252001798158 0.10451519047455947 0.12834268265217502 0.1009197311144509 0.20628650518807973 0.09625701198913128 0.1604283533152188
0.07760206190932539 0.11087474459962016 0.10220749830480148 0.13859343074952518 0.09733079659907237 0.21307685008202548 0.0940025008561997 0.1663121168994302
0.1036482692137601 0.06824452198451039 0.21941324576591123 0.13648904396902078 0.09765531074408866 0.09953437047468171 0.15217509827590825 0.12284013957211871
0.10551059171207548 0.06525564044487521 0.26613336439715085 0.13051128088975042 0.09367583282766431 0.07594279838346425 0.1455103385442441 0.11746015280077539
0.10415047092046227 0.06402665837417985 0.2839130201863811 0.1280533167483597 0.09122859954358202 0.07061005719675796 0.14276989195675327 0.11524798507352373
0.10316342309911478 0.06356715476005317 0.2906115891963919 0.12713430952010635 0.09012087462415881 0.06923650275219942 0.14174526747987976 0.11442087856809571
0.10268677252370899 0.06339776589014684 0.2931330949990482 0.12679553178029368 0.08967045555742842 0.0688328450652 0.1413675555819095 0.1141159786022643
0.10248434729502488 0.06333502892721653 0.2940832167705605 0.12667005785443305 0.08949529618314235 0.06870133938233218 0.1412276615183007 0.11400305206898975
0.08229744802684426 0.11151790477524709 0.14789467123878508 0.13939738096905885 0.095826985350328 0.1612409636456784 0.09454778883118777 0.16727685716287063
0.11793643254518166 0.08366334846668853 0.1637467830304459 0.08976931253933514 0.15223260961285945 0.1379489008466616 0.14249097228465893 0.11221164067416889
0.09840603378686909 0.13991439945317716 0.09457556269675811 0.11176623835271367 0.12714095828332417 0.21827065539075663 0.07580666601314491 0.13411948602325638
0.10705869281322127 0.0767455921613822 0.21220800937326043 0.13323725216609195 0.1027999067943235 0.09948742665556531 0.14854959308667265 0.11991352694948275
0.10600080366285285 0.07022215458347934 0.26231566077094903 0.12978202804559114 0.09448388241933724 0.0756943692318979 0.14469727604486057 0.11680382524103203
0.09485990110537629 0.1370438420254858 0.16068338302500804 0.159267018861772 0.08314031125394528 0.14064678672313377 0.08101844002968403 0.1433403169755948
0.10770185369010528 0.07594523057727427 0.24825663787856792 0.13259108746481432 0.09136097357149656 0.08176820246937906 0.14678378425083227 0.11559223009753043
0.08287472249189662 0.12000624560867844 0.13647676544714796 0.13870113033554737 0.09577966878243759 0.16564456166056832 0.09407554927106691 0.16644135640265684
0.08020151498477333 0.12115893568867311 0.10852073241796414 0.1289795790784246 0.10331010869250873 0.19986997098080675 0.09673468430881847 0.16122447384803076
0.0763937590963857 0.12331400468505449 0.10196319248087524 0.13652495427416295 0.09674165576066662 0.20863295437051416 0.09259953420334531 0.1638299451289955
0.11569726013606371 0.08618428955455547 0.1535316838144454 0.09525403810214128 0.14564366972079293 0.14778268765132313 0.14160152529810854 0.11430484572256952
0.1428083466095402 0.09339352208082807 0.19364919719942775 0.10672937739251326 0.13715494241046963 0.11121288374021683 0.1189952909137424 0.09605643965326192
0.11374205543627731 0.07048702842117395 0.2520838048041137 0.1278536060386885 0.1011369614760843 0.07708106896958836 0.14254722941925418 0.11506824543481965
0.08390751583226125 0.11911110417770791 0.13732970891182653 0.13836896036936416 0.09785104303387307 0.1635386638507699 0.09385025138096004 0.16604275244323696
0.0968601893594149 0.14579740740647443 0.13094747046134614 0.15532867902461006 0.0871957199715817 0.16720694047044996 0.08124884748979604 0.13541474581632673
0.07046900380676999 0.10546300820849595 0.06840448379797821 0.08216424828974557 0.13774750848407355 0.2728261528857509 0.09859709794769467 0.16432849657949114
0.08512473139984095 0.13840675672671915 0.07382990131645187 0.10826338123962725 0.11925857399336073 0.2717697827347871 0.07343081510166022 0.12991605748755272
0.08809766542232167 0.14258493891910193 0.10712351030819854 0.15484817730731334 0.08581253350033331 0.2033992204228636 0.07877059454328549 0.139363359576582
0.1044866062511327 0.08471934983652146 0.21841848614221285 0.13338476783617004 0.09352746535565024 0.09670297147558217 0.14871406205017762 0.12004629105255303
0.1049169256784753 0.07483157854022467 0.26437736010002755 0.12900506160781539 0.09206430329950088 0.07486919887761187 0.14383101644931057 0.11610455544703384
0.1033179001339125 0.07237989531467362 0.2821006735395398 0.12672185759122181 0.09024899544765023 0.06989559178173406 0.1412854143591682 0.11404967183209963
0.08148077726964868 0.12501245350280946 0.14380208906309555 0.1373057744161758 0.09483301792539951 0.15966982457161907 0.09312913395184098 0.16476692929941097
0.10512810267705562 0.07560982997837594 0.24144079718104103 0.13351549149749764 0.09451520016620177 0.08558532019261032 0.14780713751452731 0.11639812079269027
0.12100963588971766 0.0848759854361575 0.19833996957969896 0.09279444454800503 0.14169286027738065 0.11198859652813123 0.13794517428330302 0.11135333345760604
0.12391859091369209 0.08494664711264825 0.18167564773075268 0.09121360880470407 0.15557789472396474 0.1176161243732423 0.1355951557753511 0.10945633056564487
0.08409350148251482 0.12550648134178627 0.11862311801731029 0.1347076093500561 0.10801946289774804 0.17603379543569675 0.09136690025482067 0.1616491312200673
0.1032096827106218 0.0823368251970334 0.22347132499814049 0.1331048232354192 0.09820568934167344 0.09147536889350583 0.14840194471172855 0.11979434091187727
0.10441453631217575 0.07439603263123734 0.2663229097187188 0.12874280576470623 0.09289656913842867 0.07382000049092216 0.14353862075557544 0.11586852518823561
0.12029270414610314 0.08430406965829336 0.2062030246603059 0.09231194752030476 0.14053796066595126 0.10834804627956623 0.13722791004510979 0.11077433702436572
0.1078234753460616 0.07395440870290154 0.25715179786579756 0.1271638808684652 0.10144251550570312 0.07623819160296941 0.14177823732648284 0.11444749278161868
0.1211031114684481 0.08413251869337215 0.20289444045756191 0.09217082483113295 0.14321047856695857 0.10886551449590054 0.1370181216892663 0.11060498979735953
0.10810252931680188 0.0739881432738829 0.2557568603766558 0.1272542205784238 0.10210298059618522 0.07638750797615176 0.14187895936131728 0.11452879852058144
0.12119636857578663 0.08414964526877967 0.20243620710501226 0.092185617370166 0.14344859468966292 0.10892071435432557 0.13704011179206768 0.11062274084419921
0.10813951335935745 0.0740003559753354 0.2555687175525987 0.1272720133241024 0.10216835112188818 0.07640743973009374 0.1418987969449321 0.11454481199169218
0.10420607934121232 0.07234844254663808 0.27837739092967967 0.12680966824319215 0.09251029603757385 0.07023610479974966 0.14138331668308138 0.11412870141887291
0.10260254706072411 0.07167416699465677 0.2873721650769206 0.12596389912321926 0.08985937143419404 0.0687199938679777 0.1404403472314101 0.11336750921089733
0.10192656946996723 0.07137583532867796 0.2908364048162358 0.12556554388126304 0.0890343386340193 0.0682561075120679 0.13999621086463207 0.11300898949313673
0.11908527513200372 0.08347524692276864 0.21392250853847947 0.09182244263043209 0.13863949866867578 0.10636786880200186 0.1365002281491199 0.11018693115651848
0.107262243260397 0.07365963231526565 0.2602543162960579 0.12681762346181882 0.10077902618932534 0.0756991112033213 0.14139218615817709 0.11413586111563694
0.10383948730407667 0.07219214905591863 0.280204497695153 0.12659897743935614 0.09207252959564777 0.07000486705442888 0.14114841215999854 0.11393907969542053
0.1024532618142511 0.0716092733949849 0.28807408703095744 0.1258788406143474 0.08971093737450306 0.06863712987637538 0.1403455133416679 0.11329095655291264
0.10186719567022451 0.07135019913215304 0.2911046651283151 0.1255325257747082 0.08898150550279398 0.0682252374547066 0.13995939813986125 0.11297927319723738
0.1016259041322193 0.07124312183411642 0.29226324192777775 0.12539222915902537 0.08873585085229631 0.06808366796817056 0.13980297788327156 0.11285300624312283
0.13563836015022523 0.09512105254626221 0.2444003059625263 0.10465342202790776 0.11843047099538673 0.09088755288832545 0.11668075560424938 0.09418807982511697
0.08635641396086442 0.12761960916171586 0.13351749880425198 0.13455775959626703 0.09974363372273819 0.16547051020813044 0.09126526303051155 0.1614693115155204
0.10330845806304587 0.08223654204249771 0.2298010797249203 0.13251834562424192 0.09593910408351874 0.08918189345770587 0.14774806594225182 0.11926651106181774
0.10421789189007546 0.0742218272386365 0.2688121038384596 0.128450721876885 0.09221323955322908 0.07326559689555795 0.14321296901795985 0.11560564968919651
0.08169669657325637 0.12550279823693153 0.14069953000101626 0.1374579174441823 0.0953348567701634 0.16112637342711647 0.09323232661431495 0.16494950093301874
0.10529688395812888 0.07572875060691939 0.2401451875390254 0.13366846847902897 0.09472692822120965 0.08592580653348239 0.14797648932151353 0.11653148534069192
0.0975603757411159 0.14995248320016544 0.11122570694404295 0.11431933959443502 0.11424855110866117 0.19797200121681466 0.07753833468144287 0.137183207513322
0.10581938543031368 0.08482914322706131 0.2184397194070561 0.13164694702784238 0.0989748562789758 0.09503117476668044 0.1467765215370123 0.11848225232505813
0.10512004855190861 0.07474757514289632 0.2641760104064952 0.12880248074106923 0.09313295793819194 0.07449354065161275 0.14360515390086376 0.11592223266696232
0.10335629214269458 0.0723609501098585 0.28199276287181074 0.12670259616004212 0.09046762679265476 0.06982349607807835 0.14126393930082307 0.11403233654403792
0.11966405820430519 0.08375688617857818 0.2111354471047666 0.0919959146086848 0.1393332841027576 0.1069612063745904 0.1367581058958956 0.11039509753042175
0.10749777384974091 0.07376279466187514 0.2591326024098327 0.12694068675044673 0.10101888121308535 0.07587125049844727 0.14152939254116972 0.11424661807540208
0.10393422885303338 0.0722330091565999 0.2797691173320748 0.1266511961617911 0.09215836306603752 0.07006137674625733 0.14120663213859394 0.11398607654561199
0.13671016547852305 0.09553944287003428 0.24002070661255806 0.10495904246592999 0.11970560877233148 0.09158039599613749 0.1170214995851488 0.09446313821933698
0.11030252554253552 0.07425606556364862 0.27011623358798337 0.12519089404734415 0.09560505703319756 0.0722789153239256 0.13957850425875534 0.11267180464260973
0.12153659305865387 0.08397828140731897 0.20703117972272994 0.09193031736740154 0.1409783430171078 0.10756831339496281 0.13666059119094318 0.11031638084088184
0.08380645330945424 0.12555627441367945 0.12477570247960998 0.13499510964637174 0.10493773697633249 0.17237269114310605 0.09156190045579997 0.16199413157564607
0.13460891630818078 0.10746822072023568 0.18476030695974477 0.10858081230286926 0.1272752273167174 0.11852428264766485 0.12105950267200498 0.09772273107258234
0.08597280099849164 0.13002395104882866 0.11917912881699737 0.13450995088637518 0.10152305148208583 0.17614633945020372 0.0912328362533675 0.1614119410636502
0.10368351896654286 0.082913056871256 0.22376168230256882 0.13312860024456125 0.09677003177980169 0.09149891531264605 0.14842845430251828 0.1198157402201051
0.08159381209567047 0.12740221246693728 0.1299967849526781 0.1376661272856327 0.09636471157709534 0.1684034516767978 0.09337354720242913 0.1651993527427592
0.10566643217243908 0.07615204030899539 0.23565797920504414 0.134187824930623 0.09530575622668003 0.08749427126175827 0.14855143826263514 0.11698425763182518
0.09761653698134858 0.15002856422483146 0.11031302007876033 0.11430636762332781 0.11437393919526918 0.1986643944474296 0.07752953630103973 0.13716764114799337
0.07798218540655041 0.13701087031951578 0.10038768992637513 0.13287737642459801 0.09726569118552583 0.20489781014862468 0.09012552487929257 0.1594528517095176
0.13252600048865149 0.11540748269637942 0.17473716742034015 0.10821371040927015 0.12489984015794921 0.1261732480027608 0.12065021145630567 0.09739233936834313
0.11141314686649124 0.08210002061660883 0.24346308600806318 0.12757050919262175 0.0985940588513125 0.07981412262902256 0.14223159756252007 0.11481345827335958
0.10515988537228395 0.07615477655600907 0.2732760032873971 0.12689828374155343 0.09189365951053192 0.07092681981416898 0.14148211635065733 0.1142084553673981
0.11998214229002549 0.08706431137221368 0.20800801426939164 0.09176463636252419 0.13958250318737955 0.10706653363407197 0.13641429524936433 0.11011756363502902
0.10740859807344011 0.07694791605268539 0.25740189652305356 0.12655158325818228 0.1009347107090171 0.0757632992663886 0.1410955711848689 0.11389642493236406
0.08186578705177927 0.12973814643999235 0.13748602465405402 0.13651204132987677 0.09678235659327986 0.16121041847664042 0.09259077585852511 0.16381444959585212
0.07597151092567259 0.14171146741056032 0.10772889217111183 0.13477414820997974 0.09445214388883084 0.1922208285820568 0.09141203095981235 0.16172897785197568
0.10128602805058867 0.08938370344473565 0.2183561314665336 0.13304153169822977 0.0952907907990205 0.09457305664147365 0.1483313793710114 0.11973737852840681
0.10389365961584537 0.0781749600072834 0.2639335127040104 0.12851979039482642 0.09221041600039838 0.07430987466119465 0.1432899752610975 0.11566781135534379
0.09324947462793715 0.14938162798178184 0.15955600750812501 0.15684436651977154 0.08166468920187327 0.13835785697613728 0.07978604731657944 0.14115992986779438
0.1446340746795364 0.10349690857053837 0.20022028372785158 0.10719916356792286 0.12266286172233741 0.10965714596248448 0.11867388071011403 0.09345568105921481
0.07640699747630784 0.11739853686187503 0.0745444892462966 0.08132987793710282 0.14562026069259126 0.25010195902620036 0.09193812288542058 0.16265975587420564
0.10131039163010354 0.08545437768917429 0.2016794788635293 0.1323895659047033 0.10692040344753898 0.10549068698532449 0.14760448616539307 0.11915060931423298
0.10434304656975646 0.07788936501169125 0.257066233830821 0.12903733641144588 0.09512560980354845 0.07653780515564448 0.14386700044679115 0.11613360277030128
0.10317507828010891 0.07529293533201487 0.2788767310007255 0.1265725114161944 0.09088780338181396 0.07016077579531792 0.14111890451924958 0.11391526027457496
0.1361045845879397 0.09903702275916658 0.23926775113400423 0.10456218998563276 0.11901297492499456 0.0913304669357185 0.11657903868547413 0.09410597098706948
0.1268723557456724 0.08977928252481582 0.19434542323137993 0.08994016203885233 0.14656005169885683 0.11087243868589416 0.13370209162790586 0.1079281944466228
0.10935360410899471 0.07755330504034999 0.25148856859639657 0.12678909005555158 0.1027225574521989 0.0766223201569641 0.1413603735395478 0.11411018104999643
0.10436678853130457 0.07522499731462272 0.2763648389865943 0.12649315947109366 0.0925102639086018 0.07016567524154939 0.14103043302224919 0.11384384352398429
0.10246655131944513 0.07434420192924521 0.28623935019905433 0.12560259248051137 0.08969774962812924 0.06856970392318142 0.1400375172879731 0.11304233323246021
0.119004151994263 0.08655759748592477 0.21214347139646125 0.09154917501350476 0.13857684465549447 0.10621575195538376 0.1360939974827623 0.10985901001620571
0.10703394333695176 0.07676687091384178 0.2590796329067455 0.12637681866030717 0.10058708086007564 0.07551579482742936 0.14090072170037232 0.11373913679427645
0.12052343073624774 0.0871870432461658 0.20316963791676476 0.09177032899773678 0.14249049052779447 0.10831191604405713 0.13642275773394902 0.11012439479728414
0.12329087235232407 0.08824073670404196 0.18276219708108782 0.09068019388799309 0.15525915392827966 0.11614841470539654 0.13480219867528526 0.1088162326655917
0.0835935638442125 0.1305795405466628 0.11839782067125443 0.13386619420362064 0.10748825210673653 0.17463899429723442 0.09079620128593399 0.16063943304434472
0.1026608469396799 0.08715306098269912 0.22255792997506468 0.13232367248125304 0.09771981544656087 0.090962349025949 0.1475310199156657 0.11909130523312773
0.08100697904380863 0.13257238952187217 0.12921281649355007 0.1368027123197421 0.09610244993311991 0.1673514712873481 0.09278792661686855 0.16416325478369048
0.10188582041539906 0.08734438055316417 0.22754951792809955 0.1322356914236477 0.09504791583163172 0.08949162396458861 0.1474329276021863 0.11901212228128291
0.12007236030230017 0.08985157194953769 0.1935986842278886 0.0926818043957118 0.14181406025379836 0.11298562646437327 0.13777772713153577 0.11121816527485416
0.10795531127595599 0.0777740649055137 0.25161513738658564 0.12722191588337378 0.10191079397329696 0.0771801102431028 0.14184294203713466 0.11449972429503641
0.08198243391225078 0.1299903660375942 0.13613226802011258 0.13656351624888013 0.0970195524361459 0.16180995456451114 0.09262568928184912 0.16387621949865613
0.1018785241947204 0.08672159060434637 0.2304116237673211 0.13190300131530264 0.09502149645685172 0.08828905951868386 0.14706200295900157 0.11871270118377238
0.1372762306244235 0.1025964588360166 0.2224905215723273 0.10595239819703631 0.12159368061817674 0.0966045346803791 0.11812901709430765 0.09535715837733268
0.09905105176128516 0.15435192607866915 0.14678205429985214 0.15359233111612863 0.08610250862456598 0.14375527906895247 0.07813175104603066 0.13823309800451575
0.10918084175092226 0.07742675614818983 0.24221038730526764 0.13302258564229041 0.09232061311223591 0.08260893757433939 0.14726147047091162 0.11596840799584293
0.08234391068953982 0.13016182166194404 0.13403194603461482 0.13694485342613666 0.09502847865409315 0.16427083005501508 0.09288433536729268 0.16433382411136396
0.08792256757983116 0.163939358932758 0.1236099793057399 0.15581090558684793 0.08155219444760421 0.16767484888574613 0.0792603302333096 0.14022981502816312
0.08114802223023732 0.12609698375888842 0.1055105292967993 0.12893661557975594 0.09987771760521322 0.2005569003695939 0.09670246168481696 0.1611707694746949
