Action: 0
[0.1684731821708925, 0.08035421561033464, 0.21799992560027026, 0.0803542156103277, 0.12414465302488083, 0.16796537676263865, 0.0803542156103277, 0.0803542156103277]
[0.13422011413905133, 0.08719063323124947, 0.2712075336460318, 0.08719063323124947, 0.1586191860586696, 0.08719063323124947, 0.08719063323124947, 0.08719063323124947]
[0.16464247189049305, 0.1591228771910085, 0.25380587078275824, 0.08191597008771039, 0.09268179825500442, 0.08399907161760481, 0.08191597008771039, 0.08191597008771039]
[0.125, 0.125, 0.125, 0.125, 0.125, 0.125, 0.125, 0.125]
[0.13814508289608068, 0.0879529532293681, 0.3252891133338803, 0.0879529532293681, 0.0892464362766678, 0.09550755457589889, 0.0879529532293681, 0.0879529532293681]
[0.24568822028679954, 0.08441703120918477, 0.17347760377366733, 0.08441703120918477, 0.15759092518476286, 0.08557512591803111, 0.08441703120918477, 0.08441703120918477]
[0.125, 0.125, 0.125, 0.125, 0.125, 0.125, 0.125, 0.125]
[0.125, 0.125, 0.125, 0.125, 0.125, 0.125, 0.125, 0.125]

Action: 1
[0.09595414506440893, 0.09595414506440893, 0.09595414506440893, 0.09595414506440893, 0.09595414506440893, 0.3283209845491375, 0.09595414506440893, 0.09595414506440893]
[0.10109951515280109, 0.10109951515280109, 0.10109951515280109, 0.10109951515280109, 0.10109951515280109, 0.29230339393039245, 0.10109951515280109, 0.10109951515280109]
[0.08788039149540454, 0.08788039149540454, 0.08788039149540454, 0.08788039149540454, 0.2014936689345945, 0.2712239820929782, 0.08788039149540454, 0.08788039149540454]
[0.125, 0.125, 0.125, 0.125, 0.125, 0.125, 0.125, 0.125]
[0.08839960531082781, 0.08839960531082781, 0.08839960531082781, 0.08839960531082781, 0.23131310443702902, 0.23828926369800416, 0.08839960531082781, 0.08839960531082781]
[0.0880735765572636, 0.0880735765572636, 0.0880735765572636, 0.0880735765572636, 0.18142950588492623, 0.2901290347714922, 0.0880735765572636, 0.0880735765572636]
[0.125, 0.125, 0.125, 0.125, 0.125, 0.125, 0.125, 0.125]
[0.125, 0.125, 0.125, 0.125, 0.125, 0.125, 0.125, 0.125]

