0.125 0.125 0.125 0.125 0.125 0.125 0.125 0.125
0.099626400996264 0.07845579078455792 0.199252801992528 0.15691158156911583 0.08685378548392246 0.06839735606858895 0.17370757096784492 0.1367947121371779
0.0745303753200788 0.12421729220013136 0.1056354961590544 0.1490607506401576 0.0931629691500985 0.15527161525016417 0.11179556298011822 0.186325938300197
0.0941861720370306 0.15697695339505102 0.09290686415623167 0.1412792580555459 0.12770256223733997 0.19622119174381378 0.10595944354165944 0.08476755483332754
0.07295173961840629 0.12906846240179573 0.09118967452300786 0.16133557800224466 0.08754208754208755 0.15488215488215487 0.10942760942760943 0.19360269360269358
0.131053811938895 0.10320487690187982 0.17050276169512527 0.1238458522822558 0.12348482826523857 0.1028372405908719 0.13710244941299785 0.10796817891273582
0.10177323239610599 0.1509427865662121 0.09463217215803076 0.13584850790959088 0.12640742780259787 0.20700038748951466 0.10188638093219317 0.08150910474575454
0.08665281754309845 0.15330883103778956 0.07554348196064993 0.13365385269961141 0.11583361792118949 0.18397059724534748 0.0906521783527799 0.1603846232395337
0.10273532125938627 0.07477298084642307 0.20347435936196548 0.14954596169284615 0.09184980697633983 0.08169464037560814 0.16555352698597536 0.13037340250145563
0.07852537451033137 0.11919965566580625 0.11004468266968387 0.1430395867989675 0.09722885622649534 0.16588267053078073 0.10727969009922562 0.17879948349870936
0.09492205969313926 0.14716715480642814 0.09161955489331626 0.13245043932578535 0.12062407260701662 0.2344086255845041 0.099337829494339 0.0794702635954712
0.06045543643275179 0.10695961830409932 0.052704739454193864 0.09324684672665069 0.13440752255620186 0.2603226641644132 0.10540947890838773 0.18649369345330138
0.09395802929369647 0.07584563810455015 0.18791605858739294 0.1516912762091003 0.10004313409709295 0.08489926239132337 0.16912445272865362 0.13652214858819028
0.10053633562271773 0.07264826221292976 0.23271003230645207 0.14529652442585952 0.08811481706256778 0.07317603823576163 0.16084922524962875 0.12666876488408263
0.1136697646112347 0.08157944044237135 0.17276576718253042 0.09789532853084562 0.14053093434080385 0.11580019386223558 0.1553894103664216 0.122369160663557
0.06957646461765157 0.12309682201584511 0.1011006236200771 0.15387102751980639 0.09954284493895096 0.16380228733742394 0.10436469692647737 0.18464523302376765
0.074756143299988 0.11676051269809104 0.09825455656792131 0.14011261523770924 0.09979727115882243 0.19009367056204943 0.10508446142828194 0.17514076904713655
0.06323684457526009 0.0982480703424807 0.06183483965404651 0.08842326330823265 0.13455221120558947 0.27075032832804613 0.10610791596987916 0.1768465266164653
0.05776155081992778 0.102193512989103 0.05333998699000256 0.08909178055460261 0.1371908182045534 0.2815263417491416 0.10071244758346383 0.17818356110920522
0.09176958865029948 0.07407906553698874 0.19297572778613742 0.1481581310739775 0.10150006881874171 0.09298984059673653 0.1651852595705391 0.13334231796657975
0.0987153810151872 0.07137024070745861 0.24013255979879447 0.14274048141491721 0.09035253532679666 0.07422880147663911 0.15801958056515053 0.12444041969505604
0.09610573140371413 0.14602891608069618 0.11444305341874912 0.13142602447262652 0.12364920737851372 0.21092193420765457 0.09856951835446992 0.07885561468357592
0.08053242817145602 0.14248044984180683 0.08145643314161995 0.12421372550311366 0.11654699918029957 0.22146418408629068 0.08424930947167707 0.14905647060373636
0.12030200321275415 0.09711125560547626 0.16756000370812527 0.12138906950684532 0.12933643252414492 0.11971131927214493 0.13533975361434844 0.10925016255616078
0.09942931822412089 0.07183593535000317 0.22028177483021083 0.14367187070000634 0.0975766720532492 0.07771633116329227 0.16018341404911152 0.12930468363000572
0.09191570288279155 0.1395946805218059 0.14204561391742943 0.16751361662616704 0.08317311882443867 0.14209724813856 0.08762250715830278 0.1460375119305046
0.09764790493277765 0.14388576571750272 0.09841776477604104 0.12949718914575245 0.12071442314108516 0.23501574694007513 0.09712289185931434 0.07769831348745147
0.07253954407509024 0.11707105470173837 0.09660391107219296 0.14633881837717294 0.09576082318825573 0.1968233723292944 0.09925589420364775 0.1756065820526075
0.07559562499182221 0.1141369729778955 0.09714333618349191 0.1369643675734746 0.09734096496404024 0.20488999816232636 0.10272327568010596 0.17120545946684324
0.11273598754060894 0.08005680278159114 0.14447616426850998 0.09606816333790938 0.14829075405201658 0.1457977756915655 0.1524891481554117 0.12008520417238672
0.07400307654565279 0.11781276390514124 0.10379558258711552 0.14726595488142655 0.10016484617697058 0.18035389543075298 0.09988473461522845 0.17671914585771187
0.10078735518701819 0.07173857954831314 0.21797845518104825 0.14347715909662628 0.09447061237675665 0.0876300740486595 0.15883511304144216 0.12508265152013573
0.07896760296909128 0.11483823658722421 0.11936771182712651 0.13780588390466902 0.10165209842964261 0.1717566984729083 0.10335441292850178 0.1722573548808363
0.09429453228747081 0.1410491602013544 0.09463263106903591 0.12694424418121897 0.12762783414698478 0.24407686846928944 0.09520818313591424 0.07616654650873139
0.10953667704593127 0.08082807470562187 0.14559067312187962 0.10103509338202733 0.1494130756418464 0.14215884179276958 0.15019545225149136 0.1212421120584328
0.11095519896146368 0.08078430162676313 0.15638560891924227 0.10098037703345392 0.1564719548803198 0.12313199341425415 0.15011411272435835 0.12117645244014469
0.07695094081969271 0.1172484977497155 0.10523055344757684 0.1465606221871444 0.10490756421186995 0.1738227399107555 0.09940633504867186 0.17587274662457325
0.10071843944232514 0.0713853792546575 0.21997677541623742 0.142770758509315 0.09583556080395113 0.08679317290957829 0.15805309855325064 0.12446681511068489
0.0787022654687956 0.11438877784220493 0.12108475307626528 0.1372665334106459 0.10261076710188019 0.17141383627891643 0.10294990005798443 0.17158316676330737
0.07574593542296501 0.1133043592473676 0.10261135936180661 0.1359652310968411 0.10274690613934132 0.1976957465379961 0.10197392332263083 0.1699565388710514
0.08873734176751762 0.139001075690123 0.08050585890308917 0.12118042496062006 0.11381824556813726 0.2291486027496962 0.08219194040807273 0.14541650995274405
0.10233732719460237 0.07163920826264393 0.20215332810663642 0.14327841652528786 0.09921743944778866 0.09267896358372958 0.15974474200655228 0.12895057487275907
0.10325428307176408 0.06904144139693832 0.2512556101250947 0.13808288279387665 0.09197490281480575 0.07314750326360599 0.15286342743156062 0.120379949102354
0.07847173602563803 0.11778958767285182 0.1232440223083786 0.14723698459106477 0.09557048873796115 0.1611377139539319 0.0998650852008961 0.1766843815092777
0.11448654851071943 0.07940430309842564 0.15372629014578781 0.09528516371811077 0.15057242947119331 0.13617251879207587 0.15124629161604883 0.11910645464763844
0.07875302228148601 0.11607950499740781 0.10641450864575312 0.14509938124675978 0.10511074643138404 0.17600834640329524 0.09841523249780229 0.17411925749611168
0.07705604560699879 0.11301432115333336 0.10043921454108991 0.13561718538400003 0.1037849639367394 0.19885389860983835 0.10171288903800002 0.16952148173000003
0.08825910942501111 0.13785225185176625 0.0809279866427289 0.12017888622974494 0.11475807350642148 0.23229639299106736 0.08151263587756612 0.14421466347569392
0.07481884593363718 0.11471962817046624 0.09370193337824724 0.1433995352130828 0.09760720253035571 0.20641111906963783 0.09726229344887355 0.17207944225569935
0.11335880940636878 0.07900094317192982 0.14530480636927662 0.09480113180631579 0.15244115855137472 0.1461137489426876 0.15047798699415205 0.11850141475789475
0.0926860579871741 0.1367128083231652 0.0864190857436065 0.1191855252048107 0.12506800420634884 0.2160670103241199 0.08083887796500203 0.14302263024577283
0.10191483059434073 0.0707907029633105 0.20472236660035834 0.141581405926621 0.10137869723242116 0.09433602951736883 0.15785270183162073 0.1274232653339589
0.08152659737560589 0.11348466685020435 0.11894238729810734 0.13618160022024522 0.10431977732999778 0.17318177048534897 0.10213620016518393 0.17022700027530652
0.09677803751163608 0.13939175309379648 0.09511120989454087 0.1254525777844168 0.12871131885356737 0.24519412285307962 0.09408943333831261 0.07527154667065009
0.07482482525606227 0.1129886527195609 0.09572075121445571 0.14123581589945114 0.09938256122411203 0.2105696873013019 0.0957947273057147 0.16948297907934134
0.0868454655388006 0.1343376851961547 0.11353405870629167 0.16792210649519332 0.08367408638017103 0.1771354563597251 0.08542124547798965 0.151129895845674
0.10459313464071116 0.07059893836952263 0.22421759881199754 0.14119787673904527 0.0929099182564596 0.0870750945557932 0.15631185377704646 0.1230955848494241
0.1021053771466892 0.1414264965711102 0.11548848225936857 0.1272838469139992 0.12858313619438125 0.21327946758055266 0.09546288518549939 0.0763703081483995
0.06571483295236892 0.09684131833525218 0.05978624684497261 0.08442576470252755 0.14197399612908154 0.2869684906626675 0.09543782096807463 0.1688515294050551
0.12837556871429978 0.09175665480620038 0.16072968648097927 0.11469581850775047 0.1359144085916892 0.1374243479954047 0.1278772782467009 0.1032262366569754
0.14185252887823677 0.09018406124238844 0.188924326333926 0.11273007655298554 0.13218172295784764 0.10698459247262976 0.1256856226642988 0.10145706889768698
0.09733142101445806 0.1325727124097049 0.13384892286346955 0.1657158905121311 0.08813562181115794 0.1489521769285111 0.0842989529996493 0.14914430146091798
0.10557557273510082 0.07002871465310706 0.2316783476191425 0.14005742930621412 0.09297458725258995 0.08253466821943262 0.15504933158848286 0.12210134862593026
0.08185009190614714 0.11314704267074836 0.12538783301948192 0.13577645120489804 0.10292569360858583 0.1693599851803427 0.10183233840367353 0.16972056400612254
0.07804800052420804 0.1123087298354396 0.10427879855801384 0.13477047580252755 0.10393207896330975 0.19712096471144597 0.10107785685189566 0.1684630947531594
0.089804157857269 0.13601266346358032 0.0825501350323389 0.11857514250671107 0.11403460210491938 0.23630824876170672 0.08042487926542141 0.14229017100805325
0.13606739596621265 0.09185511580300933 0.16863667302415442 0.11481889475376165 0.1296952564703815 0.1275751596278862 0.1280144990762089 0.10333700527838549
0.11032298377305443 0.06801247215550163 0.23312565959017303 0.13602494431100326 0.09906726983491408 0.07936655866392908 0.15165766179152151 0.12242244987990293
0.10433986604860619 0.06747571315024044 0.25684236712905817 0.13495142630048088 0.09265691419560897 0.07181666018249917 0.15046076932307345 0.12145628367043279
0.1024639999974891 0.06695572527974207 0.2657465323507081 0.13391145055948414 0.09086122763780974 0.07023948468923913 0.14930127398199203 0.12052030550353575
0.10173219939150095 0.06668041923342405 0.269555047960454 0.1333608384668481 0.09020708801847195 0.06975226971998015 0.1486873825891575 0.1200247546201633
0.11833571044936947 0.07764844084200488 0.19806534982049775 0.0970605510525061 0.1399146824378653 0.10821557600296404 0.14428702813178518 0.11647266126300732
0.0822474388036327 0.11399697782739779 0.11922284568200334 0.14249622228424724 0.10300829299133307 0.17138314403401714 0.09664961163627203 0.17099546674109667
0.11546622849704588 0.07846121725072992 0.15246138481859176 0.09415346070087591 0.154152835310052 0.13816310992617184 0.14944993762043793 0.11769182587609489
0.08154680444267151 0.11365005022502331 0.10994712172543002 0.14206256278127913 0.10560890684148713 0.18035400128188037 0.09635547736469367 0.17047507533753495
0.10323680359594645 0.07022410152121941 0.22365028770247597 0.14044820304243882 0.0969381757854853 0.08757847100919539 0.15548193417803566 0.12244202316520307
0.08076889881850766 0.11545386662707244 0.12516733113650394 0.14431733328384055 0.09628692831052951 0.16694004191650627 0.097884799966431 0.17318079994060867
0.13865975847984358 0.09446889514837278 0.18599563893053428 0.11336267417804735 0.1280774668616862 0.11510942808093556 0.12549714031920586 0.09882899800137461
0.0741410429817307 0.09902234758839498 0.07084811163561687 0.08632717482065203 0.14646861639437056 0.2529511158363243 0.09758724110160664 0.17265434964130405
0.10129615400228309 0.06973655117228707 0.20234620001835832 0.13947310234457413 0.10501196789231473 0.10110813178633916 0.1555021006737267 0.12552579211011675
0.09280675756607303 0.13313035000755533 0.13986933479851443 0.16641293750944416 0.08457440114586354 0.14878103743750665 0.08465353777654334 0.14977164375849975
0.10543591716852041 0.06971175961485067 0.23481982889215394 0.13942351922970134 0.09240146737592532 0.08231123157118524 0.15434756707561564 0.12154870907204735
0.09724881236000224 0.13793362178497476 0.1064629234354563 0.12024982412023442 0.11408208701057145 0.19816219207162483 0.08156075027285464 0.1442997889442813
0.1055710438714526 0.06938344548310883 0.21606325289912698 0.13876689096621767 0.09850824609198772 0.09210219112930944 0.1547147276892009 0.12489020186959589
0.08121855015641712 0.11517405566221563 0.12398302537712765 0.14396756957776954 0.09654984518586049 0.16869830161627739 0.09764756893100891 0.17276108349332342
0.10366081630207762 0.06991754606857646 0.22950360860398278 0.13983509213715292 0.09487403840658117 0.08549818705678684 0.15480319520270894 0.1219075162221333
0.096816668902127 0.13777102538799088 0.10567092491177786 0.12010807341517153 0.11483588507403876 0.19920312789431077 0.08146460631637721 0.14412968809820584
0.13833382268781633 0.09097465364659163 0.17700976022465034 0.11371831705823952 0.12956098176172764 0.12126854219019328 0.12678743707836557 0.10234648535241557
0.11107511948654923 0.06721364040299549 0.23918953230808673 0.13442728080599098 0.09874993923728038 0.07848354882165283 0.1498763862120526 0.12098455272539185
0.13939215393983254 0.0889372847299561 0.2183149117582079 0.11117160591244513 0.12290384794207282 0.09527770619240962 0.1239480442038754 0.10005444532120061
0.11018331482448429 0.06633440790224492 0.25346005028967383 0.13266881580448983 0.09633286015835711 0.07370278783259895 0.14791582896411032 0.11940193422404086
0.10415881767379336 0.0664108766972107 0.2671216088583783 0.1328217533944214 0.09138249478473949 0.07047852757284646 0.14808634296363102 0.11953957805497925
0.10263282501012688 0.0661974982745091 0.2720207179391128 0.1323949965490182 0.09020200567900959 0.06978591872557473 0.14761054092853224 0.11915549689411639
0.1021748349909938 0.06608856855501957 0.2738030567918862 0.13217713711003914 0.08985213991637557 0.06957719532441281 0.14736764391223764 0.11895942339903523
0.09306566828369554 0.13204283252645557 0.1565115423484897 0.16505354065806943 0.0818565073560933 0.13895970372626396 0.0839620185086701 0.1485481865922625
0.10485976770271424 0.06927834895197768 0.241330162580483 0.13855669790395536 0.09136889433337547 0.08042514960643973 0.15338796023555495 0.12079301868549953
0.12060386163661932 0.07764545862849206 0.19167448146886898 0.09705682328561509 0.14095507479784528 0.11131462568389201 0.1442814865559293 0.1164681879427381
0.1074167162164082 0.06689998735196842 0.24508787868145196 0.13379997470393684 0.10053281803550754 0.07666566105503349 0.14917698672215043 0.12041997723354314
0.10394873212820784 0.06654175670001926 0.26482363067746345 0.13308351340003852 0.09240468109678272 0.07104433810188827 0.14837818583556533 0.11977516206003468
0.13725314623173096 0.08843590820100466 0.22680924246027503 0.11054488525125584 0.12087168478951398 0.09334543890324132 0.12324929743684791 0.09949039672613025
0.08586685488169384 0.11334667428535433 0.12573083858211223 0.1416833428566929 0.0999177805813502 0.16733623005587764 0.09609826732888738 0.17002001142803147
0.07921674701456348 0.11211282894672446 0.10501299027180401 0.13453539473606935 0.10378156953024209 0.1962696800284578 0.10090154605205202 0.16816924342008668
0.0767323572648076 0.11401052044529184 0.10119732039133554 0.1425131505566148 0.09672673104125751 0.2011430462117468 0.09666109342100829 0.17101578066793774
0.10394756479555954 0.07020944904027426 0.2215146026301567 0.14041889808054853 0.0953568876049442 0.09068663021822504 0.1554494923805828 0.12241647524970897
0.09726989297778733 0.1373949916939854 0.10463534759173292 0.11978024916911546 0.11492445860249195 0.20101650500376583 0.08124225595818264 0.14373629900293855
0.11987236873431738 0.07824400856832973 0.15243399698958293 0.09780501071041219 0.14906321323018512 0.1398216715003936 0.1453937174142844 0.1173660128524946
0.09610427672807706 0.13110997922776607 0.1279428668630804 0.16388747403470755 0.09138660955646745 0.15870122147144386 0.0833688454872208 0.14749872663123678
0.09821433978367483 0.13554724778307553 0.12757913495229625 0.16265669733969063 0.08608457418988293 0.1630327665852472 0.08508196476229973 0.14180327460383288
0.08207565118520899 0.11221181889307527 0.10557051584034846 0.13465418267169033 0.10115269542767938 0.19502677063861684 0.10099063700376774 0.1683177283396129
0.07725419875343376 0.11399141559033348 0.10129857961132152 0.14248926948791685 0.09628196971343075 0.20105254763147629 0.09664489582658708 0.1709871233855002
0.10475747161523627 0.07012804976441614 0.22152139183981684 0.14025609952883228 0.09518759200320177 0.0906055792496434 0.15526926769166616 0.12227454830718712
0.07167468716104924 0.10093242627042631 0.07688352499526284 0.08799237162037167 0.14073570490901827 0.24632690431923002 0.0994696374838984 0.17598474324074334
0.11352730291441089 0.07788560728949674 0.14361464469880314 0.09735700911187091 0.15602607536093957 0.1500332167418404 0.1447277329483932 0.1168284109342451
0.1075947722967902 0.06770221289195466 0.22804534079742697 0.13540442578390932 0.1048285259430204 0.08359490914021563 0.15096582994116456 0.12186398320551838
0.13934814678396865 0.08892609229171666 0.2154320286321735 0.11115761536464584 0.12473800160314975 0.09642381570901444 0.1239324457871499 0.10004185382818125
0.11069108184096448 0.06622237251252742 0.2529881297540484 0.13244474502505485 0.09687947401618646 0.07390791956192888 0.14766600676674024 0.11920027052254936
0.08250719946482407 0.11458537687959068 0.1318456103685476 0.14323172109948837 0.09632099951676318 0.1624825556491384 0.09714847170226168 0.17187806531938601
0.07994361761254092 0.11213337597584651 0.10640852028293261 0.1345600511710158 0.10310837042508222 0.1947259621905502 0.10092003837826186 0.16820006396376974
0.06585717272343442 0.097524741689426 0.060561697779324075 0.08502156967796114 0.137935276546959 0.2869450625910169 0.09611133963595607 0.17004313935592227
0.10039003792171106 0.06963367821984306 0.19861191300099107 0.13926735643968613 0.10426675428767461 0.10721692999042821 0.15527270934394855 0.1253406207957175
0.12025513640245819 0.077869320541325 0.1796687950731972 0.09733665067665626 0.14540859608086484 0.11796005164642213 0.144697468767089 0.1168039808119875
0.0831897030203001 0.11319100268886147 0.11600734256045579 0.14148875336107683 0.10468548768983472 0.1756849217577963 0.09596628488838256 0.1697865040332922
0.10564155010159561 0.06971597401427665 0.22670366373332396 0.1394319480285533 0.09617926996837202 0.08641463879578888 0.15435689810242773 0.12155605725566185
0.12119404051432561 0.07764902626235791 0.18759698789910337 0.09706128282794736 0.14278039924807878 0.11295660788952248 0.14428811596512772 0.11647353939353684
0.12361742574671894 0.07659477938861009 0.17443980347423788 0.09574347423576261 0.15457323311691726 0.1178100099715253 0.1423291049833128 0.11489216908291515
0.10869044414759511 0.06698427181442611 0.23874188018786738 0.13396854362885222 0.10364389817871571 0.07803434428291584 0.1493649284936606 0.12057168926596701
0.12142914151900049 0.07724505369439752 0.19051408943684167 0.09655631711799689 0.1443096023082122 0.11054076486027609 0.143537450521679 0.11586758054159627
0.10789629826306928 0.06677600003222096 0.244620441157142 0.13355200006444193 0.10137573542253615 0.07668221149790817 0.14890051350468378 0.12019680005799775
0.08209491750124155 0.11460128748389951 0.1301770347009333 0.14325160935487438 0.0972578287753418 0.1635534298302063 0.09716196112765395 0.17190193122584926
0.10510883936051238 0.0695323451217991 0.23217850642595103 0.1390646902435982 0.09455015397772841 0.08437925243069822 0.15395032863760155 0.12123588380211124
0.09774038798829196 0.13731447246130474 0.10652068637123044 0.11971005291498363 0.1148621378678519 0.19900555431254213 0.08119464458581498 0.14365206349798035
0.07926062598182759 0.11297274222050167 0.10085858937083807 0.1412159277756271 0.09835135931971475 0.20210040403118265 0.09578123796955579 0.16945911333075253
0.10322958175048894 0.06981613667730537 0.21565826752570827 0.13963227335461073 0.09652177326501521 0.09379335693623786 0.15567956447148387 0.12566904601914966
0.10623828010320523 0.06735553335190592 0.26140914966213463 0.13471106670381183 0.09164851870414813 0.07206634593391804 0.14913068841447621 0.11744041712640003
0.07234337521246233 0.10129363089211729 0.08234597293774026 0.08830726795723047 0.14052269753823005 0.23874691229175912 0.09982560725599966 0.17661453591446094
0.10138973317966478 0.06938369239681108 0.20711569499771348 0.13876738479362216 0.10434419866459871 0.09939337138342573 0.1547152782699041 0.12489064631425995
0.09364012221651466 0.13253055649733092 0.14156318625363665 0.16566319562166365 0.08476735833038258 0.1484665576829974 0.08427214733797674 0.14909687605949726
0.10714817690219758 0.0693376196212108 0.23647821316711398 0.1386752392424216 0.09201522810038633 0.081929970180079 0.15351919037012074 0.12089636241647012
0.08210120416835985 0.11483977064995932 0.12863454709813102 0.14354971331244917 0.0955977554627792 0.16565319995624309 0.09736415337713944 0.17225965597493897
0.1051551945704345 0.06956404683904958 0.23183194482025588 0.13912809367809917 0.09429020839572193 0.0847188342593538 0.15402051884592174 0.12129115859116336
0.08176602594810997 0.11482937742119172 0.127667670413499 0.14353672177648963 0.0960284876688305 0.16657230891342906 0.09735534172666255 0.17224406613178755
0.10511102958139558 0.06957982424345066 0.23151260421159423 0.13915964848690132 0.09439016164970879 0.08487261259890143 0.15405545131639056 0.12131866791165757
0.08175656048199437 0.11482623671168193 0.1275996700127711 0.14353279588960244 0.09604493613138271 0.166647766753836 0.09735267895120861 0.17223935506752291
0.09656186791055639 0.13528358394601536 0.12761317736016917 0.1623403007352184 0.08671736494693175 0.16503979843454808 0.0849164649999604 0.14152744166660067
0.07037701689879723 0.09559620069387721 0.06765640622053681 0.08603658062448949 0.13809939370871976 0.266917343855213 0.10324389674938737 0.17207316124897898
0.06214555646446292 0.09354761870273502 0.053877125934807285 0.08155433425366644 0.1421333485190851 0.31144149150507006 0.09219185611284032 0.16310866850733288
0.07170710846681436 0.10973418457859395 0.08803879794499697 0.13716773072324245 0.10100484130382247 0.23471055579800496 0.093035504316634 0.16460127686789092
0.10180402201611514 0.06987711875764263 0.2106048090188942 0.13975423751528526 0.09723591576777735 0.09912953775169575 0.15581554540883297 0.12577881376375674
0.12061958519522459 0.07783272252750739 0.18320052885615204 0.09729090315938424 0.14345241343876547 0.1162253010216356 0.1446294620100697 0.11674908379126106
0.10800257640332882 0.0669361808212394 0.24214954214117324 0.1338723616424788 0.10149584139479295 0.0778006793621416 0.14925769275661438 0.1204851254782309
0.08212208451455623 0.11458584962114063 0.129678292695081 0.14323231202642578 0.09730664077660392 0.16404717342960146 0.09714887250488011 0.17187877443171093
0.10527259779368354 0.06949498777830371 0.23217000882204517 0.13898997555660741 0.09452048570968924 0.08451358001072287 0.15386761640780305 0.12117074792114492
0.08177374146252407 0.11480779245395252 0.12773034400334013 0.14350974056744067 0.09607318902822964 0.16655646237523297 0.09733704142835106 0.1722116886809288
0.08009927648612633 0.11199093744542069 0.10569062937174609 0.1343891249345048 0.10294484035656797 0.19610694153662436 0.10079184370087861 0.16798640616813101
0.09097034394354085 0.13456826791304777 0.08348817430816809 0.11731592587291347 0.114290808291254 0.2390165667271688 0.07957080189641086 0.14077911104749616
0.0776087126048656 0.11203330552235324 0.09556869268960577 0.14004163190294155 0.09755099420707905 0.21416194575980385 0.09498475902982124 0.16804995828352987
0.11639381754288582 0.078959146202245 0.15091282721783386 0.09869893275280625 0.14543928975732684 0.1444346746536913 0.14672259256984332 0.1184387193033675
0.08237677653308778 0.1128532283342237 0.1098983017518806 0.14106653541777964 0.10444470552407624 0.18440069895860067 0.09567991097901576 0.16927984250133557
0.10576142225164999 0.0697535221093113 0.2246525881720576 0.1395070442186226 0.09638643033675491 0.08787743451073149 0.15444003267181658 0.12162152572905557
0.07191159900059896 0.1008598248148207 0.07732190955748214 0.08792907804368984 0.14119701625359662 0.24552432801913052 0.09939808822330155 0.17585815608737967
0.10140941003917313 0.069436141132329 0.20516309708574496 0.138872282264658 0.1046310210764837 0.10067076324147928 0.1548322311219396 0.12498505403819221
0.12045282120553125 0.07775758439552087 0.18147623515029607 0.09719698049440106 0.1454807884570452 0.11650937404359087 0.14448983966033352 0.11663637659328127
0.1080182316324449 0.06695202413153624 0.24151438795275704 0.13390404826307248 0.10192521315379857 0.0778794304557224 0.14929302097390318 0.12051364343676522
0.12129640518957616 0.07720482834927735 0.19132024463023284 0.09650603543659667 0.14383959530082077 0.11056294514443034 0.1434627034251497 0.115807242523916
0.10787104799849405 0.06673696167220493 0.2449091897958545 0.13347392334440986 0.10131977876681156 0.07674910362378728 0.1488134637884689 0.12012653100996888
0.1211991339249884 0.07715740556819445 0.1922475988234104 0.09644675696024305 0.14359488109427723 0.11024353328793511 0.14337458198865982 0.11573610835229166
0.12357836969528904 0.07646741036158144 0.17566896057944187 0.0955842629519768 0.15472637922194662 0.11718107493072215 0.14209242671666997 0.11470111554237215
0.14320378140734835 0.08817605567617633 0.19694736686892594 0.1102200695952204 0.1366126036152535 0.10275490798103448 0.12288715222034274 0.09919806263569836
0.11199500526326521 0.06640603878675866 0.24634882542665318 0.13281207757351732 0.09957441953117974 0.07525720845706116 0.14807555514539916 0.11953086981616559
0.1400441485573851 0.08841700586297248 0.2208566464074215 0.11052125732871561 0.12300420952838571 0.09446464665278227 0.12322295406649333 0.09946913159584403
0.11072735244710019 0.06604736040037058 0.25486860923243676 0.13209472080074117 0.09649840059511579 0.07360255192572723 0.14727575587784125 0.11888524872066705
0.1394992530775821 0.08827569541946549 0.2234730700493664 0.11034461927433187 0.12207290176472807 0.09399828724982748 0.12302601581779984 0.09931015734689867
0.11054083246757761 0.06599683834661264 0.2557751152455594 0.1319936766932253 0.0962566281949972 0.07347950078955898 0.1471630992385661 0.11879430902390276
0.10453362572630295 0.06616962775326271 0.2684006156633705 0.13233925550652542 0.09146095289744806 0.07044219867128544 0.14754839382593207 0.11910532995587289
0.10303775462597412 0.06600196640800761 0.27282348941255924 0.13200393281601522 0.0903439629002283 0.06981082025270716 0.14717453405009456 0.1188035395344137
0.10261197301131557 0.06591905267184393 0.27432102722998186 0.13183810534368787 0.09003216498064687 0.06963373315957086 0.14698964879363408 0.11865429480931906
0.11965899456873455 0.07693230711818093 0.20055491594852906 0.09616538389772615 0.14001459573743463 0.10831904001908553 0.14295630203303766 0.11539846067727139
0.10728481167261107 0.06656717938590745 0.24816868987986457 0.1331343587718149 0.10036467634156684 0.07622448642293643 0.14843487463066524 0.1198209228946334
0.1041330229195287 0.06635520221732573 0.2659138833475831 0.13271040443465146 0.09245232366544537 0.07103360224116796 0.14796219718311138 0.1194393639911863
0.08151922911818715 0.1145481695139798 0.13450033288361518 0.14318521189247477 0.09557073277950127 0.16173714321420224 0.09711692632706984 0.1718222542709697
0.10499254025792987 0.06938839368685504 0.2339460959155397 0.13877678737371008 0.09422350393481918 0.084056178948778 0.1536316083258003 0.12098489155656775
0.07146187426438218 0.1073958254435109 0.07821138107565362 0.08732266242822216 0.13988634542328238 0.24236401158964457 0.09871257491885985 0.17464532485644432
0.11262623685986875 0.08572343429340333 0.14282414962127465 0.09629112447385589 0.15492391505128433 0.14891856648696883 0.14314322384471712 0.11554934936862706
0.1402678250380236 0.09604576119090687 0.18580389455070248 0.11008610011304504 0.1367893307211004 0.10919181203904132 0.12273778624543977 0.09907749010174054
0.1463870105149952 0.09591383802536067 0.19866510469374854 0.1087917461235489 0.13089939032062706 0.1001356606697928 0.12129467814073286 0.097912571511194
0.11206755955183108 0.07256500868514494 0.24594626566165254 0.13169395376073215 0.0979628876386515 0.07441083578110967 0.14682893053621926 0.11852455838465893
0.12160642830699014 0.08242817304878909 0.19189420520913023 0.0957712592819763 0.14190299874224258 0.1091010149518307 0.14237040932066924 0.11492551113837156
0.10745121532812103 0.07204632199848475 0.24423829985042003 0.1325353720435169 0.1005193655517358 0.07616054125944123 0.14776704912911512 0.11928183483916523
0.08146031569514522 0.12207142008862117 0.12935545388101627 0.14191021075894947 0.09641670811659576 0.16224149559938456 0.09625214294954834 0.17029225291073935
0.11809819133173985 0.07807351368079465 0.15641202465351664 0.09368821641695359 0.1522253446464859 0.1356809841192323 0.14871145463008503 0.11711027052119198
0.08202905242734305 0.12088214035855326 0.1102139037168789 0.13958780842069715 0.10499796630753234 0.18010681034403367 0.09467694832012502 0.16750537010483654
0.11642929581316021 0.08784009733515935 0.15401015753029904 0.09759534473597675 0.14634346892430855 0.13558518711668105 0.14508203486124305 0.1171144136831721
0.10759963047614379 0.07329361556055085 0.23102955688160465 0.13415927929252122 0.10250907725771169 0.08108790464355174 0.14957758452464678 0.12074335136326911
0.10432419702620545 0.07141109311068192 0.259463455013443 0.13268252351867033 0.0929517222737688 0.07182162584796938 0.14793111204245782 0.11941427116680331
0.11975323996755045 0.08233523376010404 0.1958735597158455 0.09577539791844586 0.14045879231420164 0.10849673713996802 0.1423765616817494 0.11493047750213503
0.10697058799210674 0.07197427567152728 0.24567612851600723 0.1324146034348102 0.10015880955792764 0.07600005059330185 0.14763240114298987 0.11917314309132918
0.10372792500561691 0.07098052099030022 0.26438492889695336 0.13203381323391475 0.09209905785354477 0.07073547362297625 0.1472078484861706 0.11883043191052327
0.08087971452192341 0.12195881269644096 0.13345432830301818 0.14191960802023115 0.09480959516460173 0.16041589492535052 0.09625851674415678 0.17030352962427736
0.10493778876473321 0.06945010202192739 0.23366599203799554 0.13890020404385478 0.09426866814769788 0.0839165237541528 0.15376823565294465 0.12109248557669393
0.12041725477844793 0.08257748375388407 0.18888489474668696 0.0962662325586166 0.1414503706321793 0.11177806411897628 0.14310622034086887 0.11551947907033994
0.10732711607297507 0.07214409654061174 0.24324209205819572 0.13270233579748744 0.10054685002633601 0.07665220603184471 0.14795320125481062 0.11943210221773871
0.08144431100560014 0.12208789331624481 0.1291535824836265 0.1419175557533444 0.09642507292171366 0.16241339284362372 0.0962571247718336 0.17030106690401328
0.10517341815526839 0.06952917527620579 0.23209160729209038 0.13905835055241159 0.09467162272774399 0.08430215876558181 0.15394331033885203 0.121230356891846
0.09690663328114446 0.14559780308868175 0.1056994458700564 0.11837032491520517 0.11387379258411108 0.19722165085485055 0.08028595950770437 0.14204438989824617
0.10525896934415777 0.07872296653690394 0.21427368807671293 0.13657226414723656 0.09799133804837357 0.09199785354994455 0.15226788256415777 0.12291503773251289
0.12073016277327313 0.08349559414521386 0.1834381296795642 0.0964763240428433 0.14279737106139767 0.11387229400350204 0.14341853544279393 0.11577158885141196
0.10755832310457138 0.07232408323340901 0.2413308090271229 0.13291913997812882 0.10095395392437329 0.07709154301526948 0.1481949217368093 0.11962722598031594
0.1039846423033753 0.07110210069550012 0.2629192029166513 0.13221998500601154 0.09236656617559792 0.07099410027881088 0.1474154161186427 0.1189979865054104
0.10268479945247846 0.07061983963550023 0.27034224917402616 0.13147109797336304 0.09028027704505805 0.06969728557921569 0.14658046296433164 0.11832398817602675
0.08069364594705597 0.12187698910183563 0.1346382912043044 0.14186826907634845 0.09443496002916953 0.16002222620223167 0.09622369554743634 0.17024192289161813
0.08000988576500066 0.11210787354872115 0.10717692472925668 0.13452944825846538 0.10301931564097302 0.19409765554065236 0.10089708619384904 0.1681618103230817
0.06513843500905239 0.10727773619953006 0.059988633565577806 0.08379563256986064 0.13649647059397368 0.28498632923461575 0.09472549768766853 0.16759126513972128
0.07187047311506346 0.12149372489625727 0.08883276867741684 0.1364218941752983 0.09963410668686255 0.22551112686767155 0.0925296325710719 0.16370627301035795
0.13225889226449214 0.10196260012807658 0.17125178027946017 0.11318800364068622 0.12601770567877446 0.12725563753847097 0.1261961771934218 0.1018692032766176
0.09743694648060279 0.1429455462096775 0.13083140308327026 0.16128232864142658 0.08665346235445225 0.15365259810090875 0.08204361935237788 0.14515409577728391
0.1463888363543761 0.09366397505960523 0.18817865384699253 0.1123967700715263 0.12511574766779412 0.11184124447721444 0.12442784476782723 0.09798692775466394
0.08667256967248127 0.122764043869327 0.11675035875898637 0.1395731999875105 0.09989929378102301 0.17218565395413046 0.09466703999152887 0.1674878399850126
0.08086290763189322 0.11177670019407183 0.10339989059235495 0.1341320402328862 0.10384424306226296 0.1977201378207586 0.10059903017466465 0.16766505029110773
0.06514980746839387 0.10707032500945718 0.0594494697518015 0.08365550449567352 0.1365034986514127 0.2862932935933267 0.09456709203858747 0.16731100899134704
0.09960685226398036 0.07680719653303048 0.1967442624619593 0.13801512319164758 0.10356513131831795 0.10717126063595363 0.15387656272262795 0.12421361087248281
0.10384318242821602 0.07250253603020004 0.2479863814454879 0.13429580785900838 0.09419847549212902 0.0765775859842703 0.14972980368758096 0.12086622707310755
0.10314748949111371 0.07107550218925646 0.26539757189439295 0.13215993794042874 0.0910539782980136 0.07087310791876622 0.14734846812164218 0.11894394414638589
0.10245494379065011 0.07057628786759312 0.27120127764677315 0.13139278727946943 0.08998676109815261 0.06964128138111719 0.14649315238472188 0.11825350855152249
0.11912479403094983 0.08212377544849382 0.1991099138882519 0.09559786689810698 0.1393899599587029 0.10782359960147583 0.14211264989629038 0.11471744027772837
0.08243432546588696 0.12168098903434243 0.1191237367246376 0.13993983288466816 0.10283304955361247 0.17114455413608434 0.09491571273916623 0.16792779946160177
0.08026795783335844 0.11176118832451322 0.10385594528413093 0.13411342598941586 0.10442142062662182 0.19735320996312808 0.1005850694920619 0.1676417824867698
0.06507192411308496 0.10707256066043637 0.059505396488722787 0.08365821832428888 0.13666471658861795 0.286140587331423 0.0945701598448483 0.16731643664857776
0.07183728579838014 0.1214296763043645 0.08870945282514167 0.13637303741019385 0.09963674722386841 0.2258696606067307 0.09249649493908801 0.16364764489223263
0.10114691075511648 0.07797751526971052 0.2095089156720076 0.13850656267876105 0.09638109993056965 0.0973986082067789 0.15442448107617088 0.12465590641088493
0.11993850759830423 0.08358438329187202 0.18225930444623442 0.09666020430057629 0.14256230607528278 0.11531116333095806 0.14369188579608058 0.11599224516069155
0.14150350897317254 0.09530612406138497 0.19832796605707098 0.1094650505720709 0.13295970602423418 0.10187373644296838 0.12204536235423426 0.0985185455148638
0.11111288488859995 0.07256322061509424 0.2459147507624167 0.1317740055258913 0.0983995249924915 0.07472082596184468 0.1469181822803594 0.1185966049733022
0.13906953235926559 0.09443538876308159 0.21983410936981201 0.10972269203907271 0.12203987341128576 0.09381536785935074 0.12233261336296615 0.09875042283516544
0.11004056515327869 0.07213274153755359 0.2535748368571422 0.13110347647896375 0.09585898336875955 0.07312567534071852 0.14617059243251632 0.11799312883106737
0.10409011231557573 0.0707945008704114 0.26698903320383327 0.13165613820693595 0.09106674431346223 0.07012617768774641 0.14678676901579274 0.11849052438624233
0.08092942263075074 0.12191332885229819 0.13397137280778393 0.14188834168031764 0.09459752547356283 0.16019668852964647 0.09623731000925892 0.17026601001638114
0.08022182046589069 0.11206152672976517 0.10701736351593094 0.1344738320757182 0.10301853771171565 0.19425925534954308 0.10085537405678865 0.16809229009464774
0.07602394682887444 0.12514275217698045 0.10031073528453326 0.140161233480069 0.09554164226686039 0.1995603296870746 0.09506588009952506 0.1681934801760828
0.10189754680923513 0.07814730928907386 0.2141292291937003 0.13839928979428134 0.095444898567999 0.09311748571544189 0.15430487981541519 0.12455936081485322
0.10388420623176507 0.07229891331040249 0.2541130392358761 0.13375227431482445 0.09229708887617757 0.07415362679959178 0.1491238043480207 0.12037704688334201
0.10297419766973485 0.07093046946788077 0.26746315299241535 0.131911150715251 0.09054206511066411 0.07038783946854818 0.14707108893177984 0.1187200356437259
0.11932021322262722 0.08220724914953587 0.19809447635628363 0.0956656662564175 0.13963356812226255 0.10806658918906514 0.14221343819610718 0.11479879950770099
0.10681877710611958 0.0719195339768402 0.24645661890979817 0.13232843582054368 0.09994548390224617 0.07589922736246137 0.1475363306835017 0.11909559223848933
0.10367526144863157 0.0709588099216333 0.2646479140036656 0.13199939766038302 0.09203898915039112 0.07071069223094152 0.1471694776900091 0.11879945789434472
0.11950640120417275 0.08222380544155374 0.19728531773340954 0.09568287978173476 0.1400840788068549 0.10815903403656912 0.1422390272576236 0.1148194557380817
0.12253003163920148 0.08246925977529229 0.17638504897143667 0.09483578181540304 0.15293439217100877 0.11606278821314213 0.14097975923603198 0.11380293817848365
0.10799874123967028 0.07226944443386443 0.23855711737950033 0.13292848862671436 0.1029301417847258 0.07747508198916009 0.14820534478232184 0.11963563976404293
0.13845126919477438 0.09458039680471372 0.21765083398146612 0.1099305409240758 0.12336008052559529 0.09452504237907278 0.12256434935863376 0.09893748683166821
0.08553225417572202 0.12304948360890552 0.12288688916170919 0.13976218029004472 0.09971742000232349 0.16654193847738502 0.09479521793585642 0.16771461634805365
0.08089122903948541 0.111839875459668 0.10466914781740491 0.1342078505516016 0.10387095228451462 0.19610524374412233 0.10065588791370121 0.167759813189502
0.07610004468461655 0.1250660297074573 0.09981029641722157 0.14009987828468365 0.09566677703656985 0.20011285465648024 0.09502426527135063 0.16811985394162035
0.13973722377879047 0.10479423206730777 0.17640434132025856 0.11138152734849807 0.12660431779366774 0.120672583996566 0.12330392933981062 0.09710184435510087
0.08548826170697296 0.12393933138085267 0.1142221940599814 0.13942595413165662 0.10005489952310959 0.17499104535014115 0.09456716888929755 0.16731114495798796
