0.125 0.125 0.125 0.125 0.125 0.125 0.125 0.125
0.099626400996264 0.07845579078455792 0.199252801992528 0.15691158156911583 0.08685378548392246 0.06839735606858895 0.17370757096784492 0.1367947121371779
0.09444644354078607 0.15741073923464347 0.10039762527401264 0.1416696653111791 0.1180580544259826 0.19676342404330432 0.10625224898338434 0.08500179918670747
0.08769198837691987 0.1551473640514736 0.07644942576449425 0.13525667635256675 0.10523038605230385 0.18617683686176836 0.0917393109173931 0.1623080116230801
0.13224257669775816 0.10414102914948455 0.16979909151161351 0.12496923497938146 0.11528840019804558 0.10626604903890909 0.13834608023765468 0.10894753818715307
0.07275532490114446 0.12125887483524078 0.11193665929047535 0.14551064980228892 0.09094415612643056 0.16657303543984214 0.10913298735171668 0.18188831225286112
0.09070495207235214 0.15117492012058692 0.09690195256936195 0.13605742810852822 0.12303740706378921 0.21844581211886827 0.10204307108139618 0.08163445686511694
0.0845590763325601 0.1496045196652986 0.073718169110437 0.1304244530415424 0.10147089159907212 0.21525174366871452 0.0884618029325244 0.1565093436498509
0.1274293365141332 0.1003506025048799 0.17210844567302147 0.12042072300585588 0.12184989642685905 0.11954813659382138 0.13331069050709318 0.1049821687743359
0.07880120453743503 0.11686066633671144 0.10925303936840126 0.14023279960405374 0.09802618000291305 0.17636051094237812 0.10517459970304031 0.17529099950506713
0.0638992763726804 0.11017226874679581 0.06356169717839039 0.08900365710372471 0.130025251476773 0.2585261463897166 0.10680438852446965 0.17800731420744942
0.08116204413165566 0.1435943857713908 0.07075665385836648 0.125184849134033 0.09739445295798681 0.2467778105556877 0.08490798463003978 0.15022181896083958
0.09854180050188155 0.0821004804862854 0.20533323856208935 0.1435064230537239 0.087203132657478 0.09933925160577606 0.15886750944490394 0.12510816368786185
0.11055298858906626 0.08575885429931392 0.17955221925130707 0.0951109613856194 0.13676638155715584 0.12240011320833957 0.15096977997717365 0.11888870173202423
0.07005711058617374 0.12394719565246125 0.08757138823271718 0.15493399456557658 0.0840685327034085 0.18841531890171015 0.10508566587926063 0.18592079347869186
0.10816676627831164 0.08947064918470893 0.1465052742373635 0.09552625377776446 0.14530722143010627 0.1439870436191198 0.15162897425041977 0.11940781722220557
0.06871341841927349 0.12156989412640694 0.08589177302409186 0.1519623676580087 0.09371550639146305 0.19272207156223542 0.10307012762891024 0.1823548411896104
0.13551998239850788 0.10662375165151518 0.17448418700413298 0.1139669075328971 0.12287844792152056 0.12100490646865644 0.12616605148126986 0.09935576554150004
0.08817898130495264 0.1222475660076935 0.11346981809444912 0.1319834326969971 0.10139796107915418 0.17875537542275913 0.09898757452274785 0.16497929087124638
0.09799149646840127 0.15121879256401 0.09270026027110673 0.12079177457374536 0.11953432608007576 0.25469445436810473 0.09059383093030902 0.07247506474424721
0.07746994011555454 0.13706220174290418 0.06753789651099627 0.11949012459637802 0.11234811836386989 0.261658093341448 0.08104547581319552 0.1433881495156536
0.06457136190119338 0.11424164028672676 0.08071420237649173 0.14280205035840846 0.09288678234083836 0.23656445945446114 0.09685704285179009 0.17136246043009012
0.10205494903392189 0.07754295919109216 0.21116188454278223 0.1385227873323708 0.08997474407549909 0.10662880036239372 0.1533504198388476 0.12076345562309251
0.10194242746197224 0.14644196249451724 0.11856163120853996 0.1218509764664608 0.11870221999425949 0.2280019641445282 0.09138823234984561 0.07311058587987648
0.06500875092145644 0.11501548239949984 0.08126093865182053 0.1437693529993748 0.09976338636009728 0.2251457386863166 0.09751312638218465 0.17252322359924974
0.101312203157924 0.0769428952861871 0.2160459858391512 0.13723383512641418 0.09022585641951322 0.10667597370901723 0.1519234967618423 0.11963975369995082
0.10086657706335057 0.14478673997708671 0.12375365466541444 0.12042647003322328 0.1175835591687537 0.23000726454731985 0.09031985252491746 0.07225588201993396
0.06467534647779685 0.11442561299917904 0.08084418309724607 0.1430320162489738 0.1030429965237223 0.2253284054376181 0.09701301971669529 0.17163841949876857
0.11097771919790464 0.08427624620291607 0.1449354655958659 0.09016161834950528 0.14257481783341758 0.17125842996365934 0.14311367991984966 0.11270202293688161
0.06517063835746327 0.12497311688138033 0.08146329794682908 0.1441273732905438 0.10923979220580779 0.20431697583312824 0.09775595753619491 0.1729528479486525
0.07578945388447943 0.1198848975730683 0.09658401560624577 0.12702658154047178 0.09580112964791684 0.2308607586668744 0.09526993615535384 0.15878322692558972
0.05300128911452045 0.1051584038802628 0.046206252048556294 0.08174952285513805 0.13476950108310806 0.32320348121102555 0.09241250409711259 0.1634990457102761
0.09406641998730059 0.08450520309739405 0.11758302498412573 0.09491641775827017 0.1585521583799013 0.1953774445021331 0.14109962998095088 0.11389970130992419
0.09654205119201396 0.07722910958704313 0.17596207718634876 0.14204167676488394 0.11550258983925098 0.10651911687434995 0.1583658694677139 0.12783750908839556
0.0831174082690223 0.1163414020718712 0.12247505966211131 0.1289425820347689 0.10424837431460438 0.18699000957808412 0.09670693652607669 0.16117822754346112
0.07834364416098089 0.11742427757003082 0.10595008169995439 0.1250992666888706 0.09919613379003614 0.22378806271238608 0.09382445001665295 0.15637408336108824
0.05621148068889741 0.10319286988914626 0.050307320988091354 0.08016157516133066 0.13396931611901403 0.32521685403978956 0.09061743279106943 0.1603231503226613
0.11529801365434326 0.0975870228769622 0.1432438668353901 0.10958712878215672 0.13789025347227182 0.17558382802676892 0.12218147044816578 0.09862841590394104
0.1037471615739611 0.07588241146684899 0.19623606711214595 0.1375669072643357 0.10796493763936837 0.10141546299281279 0.153376835412625 0.12381021653790213
0.10701496520287893 0.06936372158483793 0.2700361485777576 0.1281660308590022 0.09420382746181197 0.07759575318531545 0.14188506468721443 0.11173448844118139
0.07692430313169428 0.12179584287521052 0.12032956854754197 0.14204494847722465 0.09809582757954749 0.17401204094460265 0.0963435302715089 0.17045393817266954
0.09358262548704946 0.14317116817283057 0.13023844395537926 0.15176156617251713 0.08583223515956481 0.1837260328530452 0.07938297307485512 0.1323049551247585
0.09594418924486266 0.15903946173758338 0.09886773792581333 0.1113697996622217 0.11768402226982771 0.26674555961569196 0.08352734974666629 0.06682187979733302
0.08077217485890932 0.14128934623786943 0.07075877010039314 0.10472613783803891 0.11118105679978808 0.2945695074431195 0.07103164131623509 0.1256713654056467
0.09640145099868534 0.07760831348533802 0.18951114256943888 0.13420199966509994 0.10059334883700756 0.13127673019385572 0.14962521455198452 0.12078179969858992
0.10412804775518791 0.07282032589319737 0.2714361369592191 0.1262534220178174 0.09168686665710991 0.08384038677744872 0.1397677280783326 0.11006708586168695
0.11192427678499298 0.08130260831658948 0.19673582970471226 0.09433885706934879 0.14271796930299094 0.1195327831126673 0.1402410472254797 0.11320662848321855
0.09833938839680394 0.07100872907103008 0.24349172646688466 0.13051615784784543 0.10757312463864137 0.08609055552716569 0.14551577598856794 0.11746454206306087
0.10941890459175768 0.07997186672157444 0.1993869370790385 0.09286499937770767 0.15000832855572213 0.11886090564453716 0.1380500587764132 0.11143799925324921
0.10137322934520844 0.06916900290206231 0.25478090177148915 0.1270651464019444 0.10729775469599105 0.08428717735699891 0.1416681557645559 0.11435863176174997
0.07741226952352799 0.11653177203022769 0.14288434859814333 0.13535804356048997 0.1002823862381381 0.17329346344890048 0.09180806432798451 0.16242965227258796
0.09642914069539191 0.07957381534509651 0.23865336200144138 0.12939331204415414 0.09688038160220748 0.09835212076005491 0.14426388671191512 0.11645398083973871
0.09635392452003666 0.07178887111351258 0.28811884705978924 0.12398883557022283 0.09217033856660953 0.07775093239400728 0.13823829876262153 0.11158995201320053
0.09367342907049597 0.06879503787360539 0.315357828625296 0.12021275339075532 0.088578376324795 0.07116284773367956 0.13402824892969287 0.10819147805167979
0.07465319200947301 0.12011393404104631 0.16902799143213304 0.13169855306931663 0.0938022091469047 0.1633398814926708 0.08932597512527565 0.15803826368317997
0.07057516028373736 0.12921460756546987 0.12294230770419712 0.13015635169840267 0.09518730005423705 0.20745669037347797 0.08827996028239486 0.15618762203808317
0.09670271816330989 0.08045359355190845 0.235727314387587 0.12764701510097587 0.0964040695080964 0.10586607975630526 0.14231689594093877 0.11488231359087829
0.11426478639332141 0.08206331947236485 0.21447900155513255 0.08819338035234353 0.14277529228498748 0.12128678018928567 0.13110538332975247 0.10583205642281224
0.08174125623112306 0.11979499789633306 0.1375567585398872 0.1278011724158134 0.1076334997233508 0.18542837396031261 0.08668253433420388 0.15336140689897607
0.07416165718039709 0.1348831536797287 0.11268745947636713 0.1270227984744789 0.09709692923546578 0.21556605003628035 0.08615459374790743 0.15242735816937467
0.09884098415794809 0.08638307304064387 0.22936672228043983 0.126187982921775 0.09741976705421307 0.10754210197125438 0.14069018394412822 0.11356918462959749
0.11673114673124524 0.08612877851536356 0.21172671971017348 0.08706852425028368 0.14355193490824766 0.12087745760034235 0.12943320918400378 0.1044822291003404
0.08311968029277096 0.12536238689299103 0.13661709640641923 0.12601027972508422 0.10858111613508435 0.18362926297705737 0.0854678419004919 0.15121233567010103
0.08811642077744496 0.15749990162629743 0.13045522127086237 0.14631373680514972 0.0853581570499937 0.18614503757951908 0.0744291617660979 0.13168236312463472
0.11830406987841127 0.10059871119125294 0.16852659229448894 0.08764813108187468 0.13980591807450993 0.14964398651323188 0.13029483366798086 0.1051777572982496
0.12660204745083836 0.08709855690288243 0.1817810691877441 0.08473688717549727 0.1585560925280707 0.13357400807452655 0.1259670740698437 0.10168426461059672
0.11380511404280241 0.07379977861578726 0.26299594427355355 0.11819582187124594 0.10911203242897473 0.08393554828079736 0.1317795208027175 0.10637623968412134
0.14231549949232813 0.09309773117655763 0.2555974249509974 0.09641874978868221 0.12411406412322369 0.09417994507310505 0.10749971058529195 0.08677687480981398
0.1151798453511016 0.07210792505638161 0.3017155273408024 0.11358979859953643 0.09629109294730975 0.07224084337744403 0.12664414858784134 0.10223081873958278
0.12484002386111658 0.0806786040888161 0.24148719896572068 0.08374737399094613 0.1389349821356822 0.10531887190741546 0.1244960962611677 0.10049684878913537
0.11080898188426795 0.07073999957773541 0.29576470653949194 0.11483916166654547 0.10106394169660957 0.07539086796395221 0.12803709517150666 0.10335524549989092
0.08564747816460823 0.1222891345251208 0.16592296634217366 0.12737381936576778 0.09773378152983087 0.16179155935070857 0.0863926774828686 0.15284858323892134
0.09034124514361595 0.15634210698639878 0.1416387716777292 0.1459925810757002 0.0827019715260043 0.17732420937956514 0.07426579124285619 0.13139332296813017
0.1060523553583468 0.08824854769564194 0.24595347689329872 0.12309665878486976 0.0914314021333892 0.09718697800076087 0.13724358822731 0.11078699290638279
0.14102470370547576 0.097099245034162 0.24990720697090088 0.0974345084407975 0.11895051184100372 0.0992605607314263 0.10863220567951602 0.08769105759671776
0.11540360691159349 0.07283645579037971 0.3002781858977737 0.11368072131455409 0.09501939602735969 0.07372346424543184 0.12674552062980882 0.10231264918309868
0.10622817535038188 0.06843778015132476 0.3280043192145254 0.11342877164038391 0.08793134026787051 0.06741910335384463 0.12646461554532354 0.10208589447634552
0.10227869503108139 0.06699600022960492 0.3420704607703664 0.11216557346524532 0.08517266373261621 0.06531134680380037 0.12505624384856456 0.1009490161187208
0.1004387979819564 0.0663289144267985 0.3490557336646886 0.11138289746998503 0.08393180928015992 0.06443362093091926 0.12418361852250569 0.10024460772298652
0.09955404316560759 0.06599540261906525 0.35251337280745404 0.11097151521486928 0.08333953998100761 0.06402680451039396 0.12372495800821993 0.09987436369338237
0.09912159423646058 0.06582719187727769 0.35423255073908577 0.11076225108525745 0.0830494369739883 0.06382930499076978 0.12349164412042882 0.0996860259767317
0.09890752228777112 0.06574200044133821 0.35509530467421097 0.11065581092219831 0.08290505044728971 0.06373111011529957 0.12337297128191364 0.09959022982997849
0.08249754346985193 0.12023371193656895 0.1855430632886755 0.12650580716356458 0.0922191237683625 0.1553898430048901 0.08580393877180902 0.1518069685962775
0.07755836669529417 0.13471281722883596 0.12909364804075366 0.12623539200014916 0.09390932993111621 0.2013874489557446 0.08562052674792726 0.15148247040017898
0.10264382699218433 0.08511384948410297 0.23980548926905013 0.12398036365516085 0.09514715274259956 0.10349813735769742 0.1382288532095599 0.11158232728964478
0.14000049362404246 0.0965486047622216 0.2475918261832026 0.09756825316788688 0.12041299320204706 0.1012850801402303 0.1087813210692709 0.08781142785109819
0.11525638175167544 0.07275356922624958 0.29964558618730786 0.11367472002490972 0.09542694773130002 0.07419671741642574 0.12673882963971278 0.10230724802241876
0.08690647987600487 0.12258638462501359 0.1677235319061541 0.12699262100348285 0.0959587518637368 0.16130695997124003 0.08613412555018837 0.15239114520417943
0.10393710308101405 0.08157151450430787 0.2610255034564559 0.12174663094600623 0.09403524511406286 0.0923736271114242 0.13573840793532335 0.1095719678514056
0.10502130741122544 0.07149991552533015 0.30964282519592123 0.11643624702244448 0.08963589092523937 0.07315346544177963 0.12981772615785975 0.10479262232020004
0.10293880629633112 0.0681365693462891 0.3336006696375547 0.11334894093809957 0.08639398579556692 0.06719137087207731 0.1263756102697916 0.10201404684428962
0.12026541391973478 0.07940276022052112 0.2565701898932712 0.08313322236057802 0.1340765136497257 0.10320891450984021 0.12358311861363538 0.09975986683269361
0.1088509097711016 0.06989954665734632 0.30488334023888086 0.11371486657223934 0.09895723514995429 0.074567131651488 0.1267835900439743 0.10234337991501541
0.13915474916023343 0.09063460269881518 0.2764300961971435 0.09452070534246144 0.11864281128005295 0.0901648678402144 0.10538353267286373 0.08506863480821529
0.11348636207529694 0.07072750936101581 0.314264632595187 0.11185080723237993 0.09364470063553462 0.07065495860250669 0.12470530298893702 0.10066572650914195
0.08641056189146877 0.12182238177112122 0.1724281781493294 0.12672739546602332 0.095352245170294 0.15923212954601504 0.08595423344652017 0.15207287455922797
0.11815046802745195 0.09270601140686746 0.18793415958119336 0.08660059110826135 0.14247172344718928 0.13947874195908078 0.12873759514004227 0.10392070932991361
0.08613353534947968 0.12596375906601134 0.12971530437516912 0.12447529515924081 0.10737663587903026 0.19253839404588582 0.08442672193409378 0.149370354191089
0.11821944312209717 0.09363227610643057 0.16824480847821574 0.08664754642959843 0.14890294403497895 0.15156852873423554 0.12880739737892544 0.10397705571551812
0.11247362715673823 0.07517337442744276 0.25799139967242285 0.11857297051502733 0.10802363466848035 0.08884930670125143 0.13220001339511256 0.10671567346352459
0.12525986270666095 0.08180720114898529 0.22391954916892742 0.08438309925584428 0.14581964583165763 0.11210977821550702 0.12544114456540434 0.10125971910701313
0.0882357263360394 0.12309217503034107 0.1417507501187281 0.12449151922167155 0.10983323919564796 0.17876904095078036 0.08443772608078592 0.14938982306600584
0.11877374644698718 0.09288892944037942 0.17355765152384942 0.08645695091341035 0.1496531952758346 0.1463971209605261 0.12852406434292046 0.10374834109609243
0.1272328302257972 0.08474745560798626 0.18458824392379566 0.08367636199170543 0.16298386669007572 0.1319690750157595 0.12439053215483374 0.10041163439004651
0.1295380631603831 0.08254267170080402 0.1886163491487243 0.08291058202919968 0.16759307215667554 0.12605441456158753 0.12325214880758638 0.09949269843503959
0.11459539255596932 0.07212322908061221 0.26794130026578566 0.11642551682833722 0.11261711430125027 0.08170871903035089 0.1298057627921909 0.10478296514550349
0.08676252388269703 0.1224320728717643 0.15746778317530108 0.1270763841329116 0.10228506487906126 0.16529357129557842 0.08619093880319224 0.15249166095949393
0.1041955606263718 0.08175895564229253 0.2550720609628854 0.12198147642551682 0.09731207927167901 0.09389629516909352 0.13600024311919562 0.10978332878296515
0.10526019798913698 0.07159566869899356 0.3063896118083126 0.11649562188955612 0.09178128602406782 0.07374762918560344 0.12988392470372898 0.1048460597006005
0.10305372366605547 0.0681336075974359 0.33180933245406463 0.11327387902117189 0.08804416161106028 0.0674468826971044 0.12629192183405283 0.1019464911190547
0.1011465671158713 0.0667099282630946 0.3441667993852714 0.111705826852921 0.08597345900724779 0.06521851452269337 0.12454366068527163 0.10053524416762892
0.09998204712327811 0.06607392686343266 0.35013558602205 0.11096500344511621 0.08491872180512408 0.06433851376949612 0.12371769787089822 0.09986850310060459
0.08281140305573872 0.12016958656786043 0.183901938159276 0.12629813554156627 0.09379971472045674 0.1557983760683339 0.08566308323688841 0.1515577626498795
0.1017391021852858 0.08046082676782003 0.2695950408191185 0.1205348106425771 0.09414136636195727 0.09066020491357095 0.13438731873135087 0.1084813295783194
0.1037764390851253 0.07087334031308361 0.3137394286666021 0.11559116445289878 0.09059755165008954 0.07251450566591204 0.12887552215867967 0.1040320480076089
0.12088396885064297 0.08011927682927307 0.2478954459120958 0.08336028325243544 0.13827350030406577 0.10551452506882435 0.12392065987973985 0.10003233990292254
0.09992673259854631 0.1404980217356375 0.17151865552767492 0.14250875571245344 0.0936578576990447 0.15113851215779564 0.07249358442763937 0.12825788014120806
0.1402849961551833 0.1096062703679656 0.21379375727273398 0.09824575172318634 0.12297012243990284 0.11714124409132422 0.10953668139883611 0.0884211765508677
0.11692865970361095 0.07588630193564726 0.2816488422128309 0.11515500107941715 0.09931255978545823 0.07903990176480696 0.12838923254675316 0.10363950097147544
0.1431009989295626 0.09227330403551097 0.26527183533305354 0.09488861887840826 0.12124441462292307 0.0920273424007637 0.10579372880921041 0.08539975699056743
0.13369014828104409 0.08265881078308235 0.22375974298627607 0.08133810093833092 0.1494126350410641 0.11062029079259701 0.12091455005160837 0.09760572112599711
0.11412461303783361 0.0709233261099304 0.28661014707052984 0.11432460831335191 0.10659724716143466 0.07706450424270309 0.12746340658219982 0.10289214748201671
0.1063184530466428 0.0682896743874639 0.32127184152726723 0.11362545021380659 0.09306838420107075 0.06847939395413848 0.12668389747718437 0.10226290519242592
0.10251046283688246 0.06696106089573664 0.3388167993575554 0.11207950965598298 0.08812977952445578 0.06567053991509254 0.12496028912390937 0.10087155869038468
0.1005746966360469 0.06622381768939137 0.3474423808635263 0.11114556686182206 0.08611698570088007 0.06454652946704992 0.1239190126056434 0.10003101017563985
0.1186770611745 0.07845148964541564 0.26187160978763463 0.08241509660340396 0.13541979589867906 0.10175125452301269 0.12251557644326917 0.09889811592408475
0.0863962815003512 0.1217256267760831 0.15381414668280632 0.12388500393847074 0.10815076281699665 0.1733398230617297 0.08402635049739755 0.14866200472616486
0.07800505455178447 0.1340925277241305 0.11844967741043197 0.12502720263574055 0.09957594959819294 0.2100158857378069 0.08480105917902403 0.15003264316288867
0.10296899810362699 0.08511533774314213 0.23312366591225647 0.12391441247097464 0.09871320321048316 0.1064860887747171 0.13815532256092244 0.11152297122387717
0.10589859466404888 0.07287335582547927 0.2951566868268718 0.11773402652799345 0.09362546829054721 0.07748659053253518 0.13126465345733002 0.10596062387519412
0.10373349229816349 0.06866808950119514 0.326203665059872 0.11384249256578291 0.08947087755078094 0.06869725621255329 0.12692588350244752 0.10245824330920462
0.10155672445362555 0.0669252912091117 0.3413644385569758 0.11192235499473441 0.08701093206193564 0.06570506582377893 0.124785073404577 0.10073011949526095
0.08321964359129708 0.12043317259968729 0.1810520889108796 0.1263304469570302 0.09494758069142958 0.156735532095602 0.08568499880563787 0.15159653634843623
0.10193576159396782 0.08055323750001979 0.26794269072841526 0.12057640900119981 0.09489620317905675 0.09114323209940065 0.1344336977968601 0.10851876810107984
0.12145285989662041 0.08290373036333695 0.22862867693410752 0.0844764731655148 0.14216112664262945 0.11342541404566146 0.1255799511535116 0.10137176779861777
0.12666395932751798 0.08166929149241149 0.20805701123384077 0.08232051172022724 0.16076030246444234 0.11936934003557653 0.12237496966171095 0.09878461406427268
0.1125911668416029 0.07123667444161465 0.278248765011256 0.11511174197386612 0.11110490390577432 0.07976517817705141 0.1283410018723552 0.1036005677764795
0.1061917833382888 0.06857630556967129 0.31703214130092794 0.1140278458925744 0.09499570588330333 0.06941861808243509 0.1271325386294822 0.10262506130331697
0.10262658368513884 0.0671081379069909 0.33669075197060117 0.11224820378208446 0.08909284097993375 0.06606172778597622 0.12514837048539862 0.10102338340387601
0.10066734598765313 0.06628008271531365 0.34636306280587237 0.11119307608258315 0.08670566027381732 0.06474502181910777 0.12397198184132775 0.10007376847432482
0.13405470067711367 0.08859471423302413 0.2952138921787152 0.09304869242662576 0.1152682114778082 0.0863336176993329 0.10374234812341708 0.08374382318396317
0.11076025690493942 0.06957980207024747 0.3234770579512512 0.1103577943785387 0.09417546564015267 0.06928690303841185 0.12304070507577375 0.09932201494068484
0.12254304108503464 0.07914497822540988 0.25118102356748806 0.08245833985896724 0.13951274833319202 0.10363000065208573 0.12257986044706175 0.09895000783076069
0.10944405691200523 0.06965941454944713 0.3014244207903274 0.11322420901103869 0.1032667728285851 0.07484279431919023 0.1262365434794715 0.10190178810993482
0.10416424232240248 0.0676087426342912 0.32870852918788185 0.11277196143033412 0.0919089521451617 0.06761048581582267 0.12573232117680536 0.10149476528730073
0.10146786185138848 0.06658206899550385 0.34242342882624843 0.11158226484866887 0.08781072844472135 0.06530371039809162 0.12440589827157557 0.10042403836380198
0.10004867176501815 0.06601151817786052 0.3491444675234171 0.110859105817539 0.08616189962934409 0.06440151193207816 0.12359962991895763 0.09977319523578508
0.13368248828480928 0.08845173191869869 0.2964663656485428 0.09294828422457685 0.11501577954816411 0.08615149410180736 0.10363040047128196 0.08365345580211915
0.11058015820466967 0.06951353157675078 0.32410660445192385 0.11028237546417721 0.09410225669495163 0.0692043170752294 0.12295661861453787 0.09925413791775949
0.10343603231026743 0.06682770703507798 0.3398226328715865 0.11141411376626985 0.08838880732265558 0.06561958194121092 0.12421842236328891 0.10027270238964285
0.13536472896833845 0.08882198980862044 0.2921246688371706 0.09317066181342851 0.11608586706340265 0.08670015298944478 0.10387833488750908 0.08385359563208564
0.09049507973327357 0.12420318001396516 0.16356776746358287 0.12305980292219058 0.10251993110651862 0.16501582631531114 0.08346664893852926 0.14767176350662867
0.07906186299548817 0.13484314893897634 0.12157388231496531 0.12500947226873177 0.09839988804298695 0.20631134535149456 0.08478903336487895 0.1500113667224781
0.10314462116612994 0.0850977406673271 0.234829512098142 0.1236768758505136 0.09862802949914226 0.10542354549756114 0.13789048695572187 0.11130918826546225
0.12270020523255605 0.08437499466081627 0.21446824881800702 0.08518137270071106 0.14516331944406746 0.11926638024640938 0.12662783165657943 0.10221764724085328
0.12737248145451374 0.08212608073251017 0.2018388915124148 0.08251936393117593 0.16276666960553485 0.12168269921740764 0.1226705768290317 0.09902323671741112
0.11309750170130294 0.07148988289972512 0.2748569633976366 0.1154017783516783 0.11212462555688152 0.08050327678715499 0.12866437078910994 0.10386160051651046
0.12446081641595598 0.0803056640863932 0.2303003702666085 0.08341177388553146 0.14884751425215006 0.10858252826655983 0.12399720416416318 0.10009412866263774
0.1110018526657294 0.07047506797054419 0.2904000363110294 0.11428255679288785 0.10692890745409056 0.07664075541706408 0.12741652227505554 0.10285430111359907
0.10514694865111714 0.06808098100528381 0.3231748954864728 0.11337475788637094 0.0934339218469434 0.06834681878560182 0.12640439424047625 0.10203728209773386
0.10201646979817407 0.06682765848870344 0.3397014501593565 0.11188596663827148 0.08849606043427988 0.06563052140410035 0.12474450310266984 0.10069736997444433
0.1003344772079746 0.06613192316721728 0.3478148395589586 0.11100423055826562 0.08649772988106204 0.06455155894941945 0.12376143317466332 0.09990380750243906
0.08283020913122831 0.1200496456166026 0.1830910268782005 0.12611958530040085 0.09508656174095587 0.15593748937707633 0.08554197959505448 0.151343502360481
0.13265876412442823 0.10959568313185297 0.21962816679024968 0.09797569717165266 0.12407386250522792 0.1186541080949003 0.1092355907272008 0.0881781274544874
0.08906329310573474 0.13486958444535457 0.13899229435465224 0.12231246217569523 0.10419808122496782 0.18082957312881126 0.08295975695394982 0.14677495461083426
0.09013892684637498 0.16562924080795657 0.13056968719281412 0.14286675748776295 0.08500391978931018 0.18453568776258458 0.07267569837420985 0.12858008173898666
0.07786738389507243 0.15267352459623976 0.10981133069982331 0.122991622203562 0.09189433748575095 0.21375144985025255 0.08342040462502466 0.14758994664427438
0.10254303230669005 0.0961399335588061 0.2267444347545459 0.12293378771516379 0.09654033660413974 0.10739606697786178 0.1370619991391453 0.11064040894364742
0.10557465123846038 0.07930817346882027 0.29113015268487774 0.11714152909953177 0.09324968667787759 0.07756436760003234 0.13060406304082126 0.1054273761895786
0.12153811453274811 0.08622962923090471 0.23777859542905946 0.0832039900602804 0.14032963292772743 0.10738693019464596 0.12368831955229743 0.09984478807233647
0.1258952866543476 0.08663074389580216 0.21137852106558577 0.08144798302932611 0.15939358482172652 0.11643840373800736 0.12107789716001315 0.09773757963519134
0.11175830984428901 0.075981007678078 0.2793415515339305 0.11406190549895842 0.11037979395700026 0.07865120398984249 0.1271705125488387 0.10265571494906259
0.10549964853275379 0.07271834124192668 0.3170905172235312 0.11321300410175748 0.09452546864456195 0.06883726572207689 0.1262240508418102 0.10189170369158174
0.10204747143123238 0.07098883442596178 0.3363058452094084 0.11153830810566491 0.08873038750076072 0.06564778624839314 0.12435688978348013 0.10038447729509842
0.11894286014502528 0.08317271085591568 0.2566729965577719 0.08204200624162601 0.13679841010863217 0.10195965603889943 0.12196095256217838 0.09845040748995121
0.08583840915222637 0.12927134912171623 0.1513474555675225 0.12253196919367475 0.10844622158303542 0.17241759237457466 0.08310863997484026 0.1470383630324097
0.07690920844663103 0.1454928356805898 0.11647434544226981 0.12293899568864725 0.09899670002346579 0.2082764097727632 0.0833847101192564 0.1475267948263767
0.10185865387946366 0.09418743737293661 0.230472532452734 0.1224637481171333 0.09836392808427803 0.10589838672311097 0.13653794006492323 0.11021737330541997
0.10514819746112762 0.07872766967969563 0.2930242377577715 0.11686916951959113 0.093593296014864 0.07715477456478881 0.1303004024345292 0.10518225256763201
0.09559803811299125 0.14859088929924394 0.1879938269651644 0.1435949776871774 0.08298046567645091 0.13896018151703524 0.07304614082347721 0.12923547991845966
0.10468532550940368 0.0918487069347258 0.2700233698771871 0.11835254321090415 0.09046500093181854 0.08615351124533292 0.13195425340081401 0.10651728888981372
0.10411873067034674 0.07675820486184308 0.31315815179296475 0.11446986391558588 0.08962018545946857 0.07122663003704344 0.12762535573872036 0.10302287752402729
0.10189590100947528 0.0720488481458026 0.3345548093725434 0.11193127482259675 0.08759978002401425 0.06643622093824599 0.12479501834698474 0.10073814734033709
0.10020393582821464 0.07032755803700085 0.34498675350530683 0.1106611807125118 0.08616124572260331 0.06468530535571944 0.12337895819738255 0.09959506264126063
0.09920512871636439 0.06962032138784505 0.35004559480400527 0.11005520150866474 0.0853459964061543 0.06397473921174625 0.12270333660742172 0.09904968135779828
0.09867086076594736 0.06930767088454692 0.3524948530396383 0.109767043187796 0.08492242378393829 0.06366474788511137 0.12238206158400537 0.09879033886901639
0.09839807355616988 0.06916356497894957 0.3536801940158138 0.10962932684627609 0.08471065234337083 0.06352327595722186 0.1222285181405496 0.09866639416164846
0.1171698328069073 0.0823911021613355 0.264012454713535 0.08165344552443998 0.13451571800222184 0.10088998120351272 0.12138333095871974 0.09798413462932798
0.10680423317160541 0.07360054437194478 0.30766883140305873 0.11184566275952489 0.10108488470791581 0.07363517981675857 0.12469956728561954 0.1006610964835724
0.10270236047405672 0.07132685429721265 0.33141684196825744 0.1117214820389887 0.09078892009827733 0.06693309223867777 0.12456111504943963 0.10054933383508982
0.08299640347671497 0.12707337150986306 0.1771587433623396 0.12522596465023833 0.09589661305054527 0.1564418746941989 0.08493587167581383 0.150271157580286
0.07639642038674589 0.14812479558786548 0.1247996648865691 0.1232558035187103 0.09550106902014432 0.20041569390395272 0.08359958847356003 0.14790696422245234
0.10101952483695725 0.09795012905834455 0.23472446280241874 0.12144807345881097 0.09669388039706792 0.10345512471596058 0.13540553861751012 0.10930326611292987
0.10443596127443766 0.08152517193960558 0.29488997326200844 0.11614553753970701 0.0927120252440548 0.07626674017510524 0.12949360677934496 0.1045309837857363
0.10265837451726617 0.0754280574994162 0.3253027219310811 0.11262629423179472 0.08904246730481252 0.06800850658589365 0.12556991312112037 0.10136366480861525
0.10067953476830811 0.07293425724809138 0.34027290371670454 0.11083877270173183 0.08676363219998932 0.06517904392138685 0.12357696001222934 0.09975489543155865
0.09938482340476958 0.07184705462629293 0.347571562333312 0.10997815310351888 0.08553286884972627 0.06408776650364828 0.12261743338556508 0.09898033779316699
0.13252612126894134 0.09584643732896485 0.2947772908379077 0.09198575566761963 0.11405272252718904 0.0854672393077558 0.10255725296076397 0.08278718010085766
0.08876118728451807 0.13694598968316618 0.16312586044823163 0.12090154976433458 0.10077535584824888 0.16240540697935935 0.08200279027493998 0.14508185971720147
0.10318507876098161 0.09335703088253078 0.2557921431971486 0.11896972110078619 0.09642939384330576 0.09255152253455844 0.132642360689981 0.10707274899070758
0.09459889790150278 0.15858249715495976 0.17363437796221778 0.1429531612233107 0.08334843279511617 0.1455051362830987 0.07271965157881458 0.1286578451009796
0.13618488521485958 0.12788749563773785 0.21279430063864538 0.09629151478196962 0.11817171944572138 0.11464986792933636 0.10735785304795718 0.08666236330377267
0.14963230589695228 0.11449667898594684 0.2279079262704294 0.0923406195486002 0.12770498626329418 0.1018580257353587 0.10295289970567814 0.0831065575937402
0.0927738351029032 0.14418684015425384 0.14101234814592029 0.12046863484716214 0.10455407144722152 0.17073274745917374 0.08170916102677084 0.14456236181659454
0.10540464279986232 0.095958647727097 0.2431516209317382 0.11996025804799411 0.09838678824132777 0.09542707454333586 0.13374673546545013 0.1079642322431947
0.083296356037064 0.1397770340104981 0.1477913396682276 0.12509039932435068 0.09778970029713925 0.17130276845350528 0.08484392301999438 0.15010847918922082
0.11559560816570794 0.10718925166870823 0.1748937533026868 0.08494742489551249 0.14524298498520405 0.14391401457632597 0.12628005253123947 0.10193690987461498
0.11029566193553159 0.08454898857083401 0.25991152564965264 0.11619305805774512 0.1080929854472661 0.08683743947634977 0.12954658861065013 0.10457375225197059
0.10584050666578672 0.07711083603411996 0.3071418877692153 0.11406789801274968 0.09460995706678688 0.07139061248535347 0.12717719375451345 0.1026611082114747
0.09529631887400937 0.15065944713447302 0.19257855240297247 0.1424186071938512 0.08280470522032507 0.13561789643172625 0.07244772626817648 0.12817674647446609
0.13584502559488876 0.12477187693953105 0.22199580138885805 0.09580366933277791 0.11742098306331172 0.11112539950264734 0.10681394177848524 0.08622330239950013
0.08909157467154649 0.14825982230896811 0.13877352134296045 0.12056437994935763 0.10126644708306709 0.17559289752182836 0.08177410118304257 0.14467725593922914
0.11739628957579197 0.10928537061078847 0.17020405446865952 0.0844993782528391 0.1463734870613348 0.14522816502295874 0.1256140011042205 0.10139925390340691
0.08431611691473667 0.14175520173098716 0.12204561439303398 0.12097946268517415 0.10993039702706728 0.19374221646641276 0.082055635560379 0.14517535522220898
0.1034824620467272 0.0961958368069723 0.23247658469043855 0.12104612181206681 0.10091290608113732 0.10198718640401583 0.13495739252778194 0.10894150963086013
0.10523923742859002 0.08111069573610138 0.2935380249558007 0.11611659391228644 0.09395751269061131 0.07607166396080906 0.12946133679474325 0.1045049345210578
0.10294087919014884 0.07535063908560796 0.32457166471838816 0.11264602796799539 0.08943467637364465 0.06808277272870203 0.12559191476431725 0.10138142517119585
0.10078399321135813 0.07292682764408671 0.3398926223230901 0.11084893741504846 0.08690092267092829 0.06529436015292797 0.1235882929090167 0.09976404367354362
0.09942188677896792 0.07184738577196477 0.34737440265005576 0.10997549217286112 0.08558790634017634 0.06420051668394056 0.12261446664645859 0.09897794295557502
0.0818236143393123 0.12968280703613988 0.18192870963890787 0.12445205157537381 0.09391026856738328 0.15444913023174614 0.08441095672068834 0.14934246189044856
0.10040720099343926 0.09109436959990279 0.26678663225933497 0.1185740255947394 0.09394244585082422 0.09027751293623962 0.13220118973025421 0.10671662303526547
0.09374538364695817 0.15742614096326474 0.17757668218887182 0.14283776170488213 0.0826737506837486 0.1445253469323536 0.072660948345527 0.1285539855343939
0.1041465253015943 0.09778660868163902 0.2637029501354089 0.11812200681433171 0.09043126985221593 0.08780361055906731 0.1316972225228445 0.10630980613289856
0.0947329404071443 0.16042774281857944 0.17629310046650457 0.1426680070948668 0.0816704270871482 0.1432319808269009 0.07257459491347572 0.12840120638538008
0.10451443587875606 0.09856514798992456 0.26296283336874005 0.11816542739777826 0.09016849997007739 0.087529137503678 0.1317456332330453 0.10634888465800042
0.1041338558794467 0.08055480529347382 0.30923228352624466 0.11436035211846522 0.0895989801821425 0.07169214783615536 0.127503258257453 0.10292431690661871
0.10187144516650308 0.07467600275651434 0.3323782144330213 0.11174579625627414 0.08757434179397974 0.06659475937584157 0.12458822358721906 0.10057121663064672
0.08251894875046062 0.13100558023351272 0.17709308989491526 0.12467642618664505 0.09461159206441681 0.155919510206438 0.08456314123963753 0.14961171142397406
0.10084399157968729 0.09160435653131324 0.2641248081053267 0.11883206048178102 0.09434637061719872 0.09081067887811942 0.13248887937297074 0.10694885443360291
0.10297335403405831 0.07891327734424385 0.3099406464030409 0.1143996193226502 0.09080821371859668 0.07245819352729406 0.1275470382597309 0.10295965739038518
0.09439789751723293 0.15142533165873306 0.19344517886294438 0.1423514058618776 0.08176025045811534 0.13609012912262558 0.07241354124278122 0.12811626527568984
0.10364784867186473 0.09565912465978835 0.2723575434310549 0.11728061256745781 0.08954248687361828 0.08520070175730844 0.13075913072819548 0.10555255131071202
0.08283565601040882 0.13960534658502238 0.15719385250679194 0.12488080035035466 0.09509112661738156 0.16583449727198327 0.08470176023763186 0.1498569604204256
0.1152929437430461 0.10702699079995498 0.1791393271512573 0.08483983898412782 0.1438871017105965 0.14188587198201727 0.12612011884804672 0.1018078067809534
0.08387433999421762 0.14097763488303575 0.12498829344330421 0.12112983376370938 0.10930654949586421 0.19220992152455388 0.08215762637886377 0.14535580051645125
0.10321958927193178 0.09589300511097752 0.2342050267738049 0.12091932525464141 0.10062345788143758 0.10149617914934726 0.13481602382868227 0.10882739272917727
0.12165936260849797 0.09375687604066504 0.21307191764886244 0.08395711660072552 0.14482644369316533 0.11717185074941817 0.12480789273779494 0.10074853992087063
0.11039914418149409 0.07983748053429485 0.2804953319629206 0.11410063069166104 0.10616345555183396 0.07909970120653814 0.1272136882487624 0.10269056762249494
0.13920955918316522 0.09988703739087486 0.2634312750084277 0.09361859517501332 0.12368165242039912 0.09153739800679432 0.10437774715781337 0.08425673565751199
0.11316269397564609 0.0791343836979788 0.30612817264801273 0.11050486008224356 0.09735414333200772 0.0710566998297397 0.12320467236035212 0.0994543740740192
0.10446605282926653 0.07413144969758668 0.3302178079877278 0.11124042828914421 0.0895455838287072 0.06625751588944136 0.1240247760178966 0.10011638546022979
0.10092923157959634 0.07239110530986223 0.3425316154195543 0.11039849792799206 0.08665013755951215 0.06465467757245433 0.12308608649583593 0.09935864813519285
0.08223497542016593 0.12995649719258004 0.18038669216259307 0.12451723656101452 0.09427705449129024 0.15475169115340695 0.08445516914573159 0.1494206838732174
0.11465763514041492 0.10395849192145024 0.18942209452962006 0.08451508599195125 0.14301492089003517 0.1373763166227786 0.12563735171340812 0.10141810319034152
0.10930003554510526 0.08322625146197758 0.2679076224906008 0.11541981991932465 0.10678318189092337 0.08480076497402617 0.12868448579065 0.10387783792739219
0.12263230959283962 0.08923880918771568 0.22686752070510363 0.08281098172582994 0.14603495059054286 0.10993816385991773 0.12310408626705469 0.09937317807099594
0.10998596135054228 0.07820168821182055 0.2877081325650667 0.11323851007722384 0.10582828622284006 0.07687027440198094 0.12625248810102419 0.10191465906950145
0.10439046574218415 0.07460245214842895 0.3211331568189081 0.11240672006963223 0.09276676160102076 0.06820929124071615 0.1253251043164407 0.10116604806266902
0.08319878830659079 0.13103961979410314 0.1735026349776868 0.12477143085669906 0.09625841906608909 0.1568758107810311 0.0846275791897611 0.14972571702803886
0.07618968843192055 0.15136334079374011 0.1233239063611868 0.12271414480065217 0.09532523409625362 0.200594509195022 0.08323220256044234 0.1472569737607826
0.10094525656168042 0.09877930987567834 0.23375379170399552 0.12139544268456587 0.09667005318602795 0.10385338834004629 0.13534685923189657 0.10925589841610929
0.08204767435297398 0.14074949092713454 0.1445363389432195 0.12500298655035072 0.09715816617384887 0.1757171248361617 0.08478463435589005 0.15000358386042084
0.10208476496994806 0.09529391952413754 0.2459697197137608 0.12050784848703046 0.09642296152591363 0.0969064642008647 0.13435725794001752 0.10845706363832741
