Action: 0
[0.21581730111605796, 0.10798520862476328, 0.13665488331503242, 0.10790852138606602, 0.10790852139988218, 0.10790852138606602, 0.10790852138606602, 0.10790852138606602]
[0.10679886398732065, 0.10677649103518819, 0.1149783482677, 0.10677649103518819, 0.13756384153385015, 0.21355298207037637, 0.10677649103518819, 0.10677649103518819]
[0.10875947678535114, 0.10637401422121262, 0.11529871058747278, 0.10636573544115126, 0.24410485664135842, 0.10636573544115126, 0.10636573544115126, 0.10636573544115126]
[0.125, 0.125, 0.125, 0.125, 0.125, 0.125, 0.125, 0.125]
[0.10940944978826532, 0.10768081165310905, 0.24450568028996625, 0.10768081165310905, 0.10768081165622313, 0.10768081165310905, 0.10768081165310905, 0.10768081165310905]
[0.10671849873816144, 0.10718826099793113, 0.22175089688268818, 0.10667974473122108, 0.10667974523886188, 0.13762336394869412, 0.10667974473122108, 0.10667974473122108]
[0.125, 0.125, 0.125, 0.125, 0.125, 0.125, 0.125, 0.125]
[0.125, 0.125, 0.125, 0.125, 0.125, 0.125, 0.125, 0.125]

Action: 1
[0.10682245917803093, 0.10686366177291169, 0.10682245917802888, 0.10682245917802888, 0.13724564945916248, 0.22177839287777923, 0.10682245917802888, 0.10682245917802888]
[0.10768136768317718, 0.10768136768317718, 0.10768136768317718, 0.10768136768317718, 0.10940608250771422, 0.24450571139322277, 0.10768136768317718, 0.10768136768317718]
[0.13773478016298724, 0.10637139867731375, 0.10637139867731324, 0.10637139867731324, 0.10873375103642008, 0.22167447541402607, 0.10637139867731324, 0.10637139867731324]
[0.125, 0.125, 0.125, 0.125, 0.125, 0.125, 0.125, 0.125]
[0.10768087936420419, 0.10768079653123602, 0.10768079653123602, 0.10768079653123602, 0.10940945720314027, 0.2445056807764753, 0.10768079653123602, 0.10768079653123602]
[0.10768191713892188, 0.10768191713982812, 0.10768191713892188, 0.10768191713892188, 0.13681183334773273, 0.21709666381782977, 0.10768191713892188, 0.10768191713892188]
[0.125, 0.125, 0.125, 0.125, 0.125, 0.125, 0.125, 0.125]
[0.125, 0.125, 0.125, 0.125, 0.125, 0.125, 0.125, 0.125]

