Action: 0
[0.11931778744457654, 0.08698902602651427, 0.35496790114760923, 0.08698214256896032, 0.0907868017311951, 0.08699205594322397, 0.08698214256896032, 0.08698214256896032]
[0.12101091664156347, 0.0874156052772756, 0.354495451694783, 0.0874156052772756, 0.0874156052772756, 0.0874156052772756, 0.0874156052772756, 0.0874156052772756]
[0.2819029490834742, 0.0869909887810745, 0.1815034473387415, 0.0777157001145614, 0.11737724691931727, 0.09907826753370834, 0.0777157001145614, 0.0777157001145614]
[0.125, 0.125, 0.125, 0.125, 0.125, 0.125, 0.125, 0.125]
[0.20365543440601133, 0.08461815554867824, 0.22008352190316713, 0.08458957001052908, 0.08492647989702017, 0.15294769821353574, 0.08458957001052908, 0.08458957001052908]
[0.1017046813904932, 0.1202408976401697, 0.34732013482530943, 0.08465571622958691, 0.09200975270448027, 0.08475738475078674, 0.08465571622958691, 0.08465571622958691]
[0.125, 0.125, 0.125, 0.125, 0.125, 0.125, 0.125, 0.125]
[0.125, 0.125, 0.125, 0.125, 0.125, 0.125, 0.125, 0.125]

Action: 1
[0.15498265105960685, 0.0844654230029479, 0.0844654230029479, 0.0844654230029479, 0.18509489529138487, 0.23759533863426885, 0.0844654230029479, 0.0844654230029479]
[0.1111111111111111, 0.1111111111111111, 0.1111111111111111, 0.1111111111111111, 0.2222222222222222, 0.1111111111111111, 0.1111111111111111, 0.1111111111111111]
[0.08627159489351131, 0.08677788222902581, 0.08541751916388374, 0.08541751916388374, 0.23824689113279054, 0.24703355508913738, 0.08541751916388374, 0.08541751916388374]
[0.125, 0.125, 0.125, 0.125, 0.125, 0.125, 0.125, 0.125]
[0.08631812314888285, 0.08631812314888285, 0.08631812314888285, 0.08631812314888285, 0.25545209962926824, 0.22663916147743474, 0.08631812314888285, 0.08631812314888285]
[0.09625636488976544, 0.08602590929926254, 0.08602590929926254, 0.08602590929926254, 0.2071352715328925, 0.26647881708102944, 0.08602590929926254, 0.08602590929926254]
[0.125, 0.125, 0.125, 0.125, 0.125, 0.125, 0.125, 0.125]
[0.125, 0.125, 0.125, 0.125, 0.125, 0.125, 0.125, 0.125]

