0.125 0.125 0.125 0.125 0.125 0.125 0.125 0.125
0.125 0.125 0.125 0.125 0.125 0.125 0.125 0.125
0.1232638888888889 0.1232638888888889 0.1232638888888889 0.1232638888888889 0.1232638888888889 0.1371527777777778 0.1232638888888889 0.1232638888888889
0.12160137801974788 0.12160137801974788 0.12160137801974788 0.12160137801974788 0.12160137801974788 0.1487903538617647 0.12160137801974788 0.12160137801974788
0.1200964980727931 0.1200964980727931 0.1200964980727931 0.1200964980727931 0.1200964980727931 0.15932451349044846 0.1200964980727931 0.1200964980727931
0.125 0.125 0.125 0.125 0.125 0.125 0.125 0.125
0.12014472264194997 0.12014472264194997 0.12014472264194997 0.12014472264194997 0.12014472264194997 0.15898694150635034 0.12014472264194997 0.12014472264194997
0.1171559177180683 0.1171559177180683 0.13050533134495163 0.1171559177180683 0.1171559177180683 0.16655916234663856 0.1171559177180683 0.1171559177180683
0.12268667830074112 0.12268667830074112 0.12268667830074112 0.12268667830074112 0.12268667830074112 0.14119325189481205 0.12268667830074112 0.12268667830074112
0.11722985822259421 0.11722985822259421 0.130861711367121 0.11722985822259421 0.11722985822259421 0.16575913929731387 0.11722985822259421 0.11722985822259421
0.12089251735640166 0.12089251735640166 0.12089251735640166 0.12089251735640166 0.12089251735640166 0.1537523785051883 0.12089251735640166 0.12089251735640166
0.12846863193286157 0.11503613000437249 0.12846863193286157 0.11503613000437249 0.11503613000437249 0.16788208611241456 0.11503613000437249 0.11503613000437249
0.12709376893360572 0.11281947649662111 0.1382869193488465 0.11281947649662111 0.11281947649662111 0.1705219292344421 0.11281947649662111 0.11281947649662111
0.11938031709092534 0.11938031709092534 0.11938031709092534 0.11938031709092534 0.11938031709092534 0.1643377803635226 0.11938031709092534 0.11938031709092534
0.1261213325788594 0.11285685290208994 0.13652264086488672 0.11285685290208994 0.11285685290208994 0.17307176204580435 0.11285685290208994 0.11285685290208994
0.1248356960491547 0.11082221465150367 0.1468158938229532 0.11082221465150367 0.11082221465150367 0.1742373368703741 0.11082221465150367 0.11082221465150367
0.11823223522693067 0.11823223522693067 0.11823223522693067 0.11823223522693067 0.11823223522693067 0.17237435341148527 0.11823223522693067 0.11823223522693067
0.12436984903359712 0.11123293400838258 0.1424044167421013 0.11123293400838258 0.11123293400838258 0.177061064182389 0.11123293400838258 0.11123293400838258
0.1173928321327481 0.1173928321327481 0.1173928321327481 0.1173928321327481 0.1173928321327481 0.17825017507076318 0.1173928321327481 0.1173928321327481
0.13298503924693497 0.10971324753700158 0.14066342481196178 0.10971324753700158 0.10971324753700158 0.1777852982560955 0.10971324753700158 0.10971324753700158
0.13411692864304253 0.10775415948868411 0.15146359575078286 0.10775415948868411 0.10775415948868411 0.175648678162754 0.10775415948868411 0.10775415948868411
0.13249917101570208 0.10591201768228997 0.15297747477141774 0.10591201768228997 0.11788470206992155 0.17299058141379875 0.10591201768228997 0.10591201768228997
0.11707682789107575 0.11707682789107575 0.11707682789107575 0.11707682789107575 0.11707682789107575 0.18046220476246957 0.11707682789107575 0.11707682789107575
0.130282965206552 0.10707381773782185 0.14345400792098098 0.10707381773782185 0.12008235417016358 0.1778854017510161 0.10707381773782185 0.10707381773782185
0.11518482888751316 0.11518482888751316 0.11518482888751316 0.11518482888751316 0.128527312684198 0.180363713990723 0.11518482888751316 0.11518482888751316
0.12939935493311658 0.10656527471445941 0.1461552470510269 0.10656527471445941 0.12084608723492586 0.177338211923093 0.10656527471445941 0.10656527471445941
0.11485610954108623 0.11485610954108623 0.11485610954108623 0.11485610954108623 0.1282834525671891 0.18257989018629373 0.11485610954108623 0.11485610954108623
0.13582455137115754 0.10554317143657116 0.1450201602321877 0.10554317143657116 0.11979688838848107 0.17718571426188912 0.10554317143657116 0.10554317143657116
0.13933674691185186 0.10352711640156995 0.15666386775035704 0.10352711640156995 0.11683788177806784 0.17305303795344346 0.10352711640156995 0.10352711640156995
0.13858500732117535 0.10184939970791415 0.15925251505864668 0.10184939970791415 0.12501117883165427 0.16975369995686707 0.10184939970791415 0.10184939970791415
0.11493752454531173 0.11493752454531173 0.11493752454531173 0.11493752454531173 0.12882765552660666 0.18154719720152301 0.11493752454531173 0.11493752454531173
0.13399263493439034 0.10368979024111435 0.1458039807966271 0.10368979024111435 0.1292284054310438 0.17621581787348128 0.10368979024111435 0.10368979024111435
0.1144056357102037 0.1144056357102037 0.1144056357102037 0.1144056357102037 0.12876434742476411 0.18480183831401364 0.1144056357102037 0.1144056357102037
0.13351194850139733 0.10334933429270962 0.14703976115216988 0.10334933429270962 0.12887539937261222 0.17717555380298208 0.10334933429270962 0.10334933429270962
0.11425652900798537 0.11425652900798537 0.11425652900798537 0.11425652900798537 0.1285760178271645 0.185884808124923 0.11425652900798537 0.11425652900798537
0.13814320613701503 0.102639389285696 0.14627287371022213 0.102639389285696 0.1281281201681989 0.17689824284178 0.102639389285696 0.102639389285696
0.14755471255139252 0.10007375727046622 0.15593397998316202 0.10007375727046622 0.1254736975442288 0.1707425808393517 0.10007375727046622 0.10007375727046622
0.15019492086281852 0.09947915347868977 0.15902886101771488 0.09947915347868977 0.12435288470465194 0.1685067195000554 0.09947915347868977 0.09947915347868977
0.1146894148392185 0.1146894148392185 0.1146894148392185 0.1146894148392185 0.1285064020286243 0.18335710893606455 0.1146894148392185 0.1146894148392185
0.1414930996711251 0.10207340521452295 0.14587220463101236 0.10207340521452295 0.12754833555798173 0.1767927392817891 0.10207340521452295 0.10207340521452295
0.14823228342204955 0.09959994220230851 0.15683875232886527 0.09959994220230851 0.12488494678161284 0.17164424865823802 0.09959994220230851 0.09959994220230851
0.11447554719171749 0.11447554719171749 0.11447554719171749 0.11447554719171749 0.12835165238967447 0.18479506446002064 0.11447554719171749 0.11447554719171749
0.1411691016026364 0.10182291521415425 0.14674198753787066 0.10182291521415425 0.1272671682044953 0.1775300817983807 0.10182291521415425 0.10182291521415425
0.1508174505228069 0.09909176329434925 0.15667186762964797 0.09909176329434925 0.12432102964869475 0.17182259902145328 0.09909176329434925 0.09909176329434925
0.1537575843981272 0.09849665133435533 0.15997314239110272 0.09849665133435533 0.12314187928044722 0.16914078859290171 0.09849665133435533 0.09849665133435533
0.15468450515467957 0.09834627937233052 0.1611181579891993 0.09834627937233052 0.12275775419000723 0.16805446517679176 0.09834627937233052 0.09834627937233052
0.15398734245578788 0.09730948418591367 0.16053065559695923 0.09730948418591367 0.129674102919708 0.16656996228389032 0.09730948418591367 0.09730948418591367
0.11325661394282817 0.11325661394282817 0.11325661394282817 0.11325661394282817 0.13896302768627913 0.18149728865675172 0.11325661394282817 0.11325661394282817
0.14181114287576366 0.1003128537823697 0.1447536287569331 0.1003128537823697 0.1369499317318312 0.17523388150599328 0.1003128537823697 0.1003128537823697
0.11260057055053999 0.11260057055053999 0.11260057055053999 0.11260057055053999 0.13974933447463397 0.18464724222212608 0.11260057055053999 0.11260057055053999
0.1406219132680574 0.0993640046469662 0.14354735468398955 0.0993640046469662 0.1427893985335104 0.17558531492657803 0.0993640046469662 0.0993640046469662
0.11241618156512244 0.11241618156512244 0.11241618156512244 0.11241618156512244 0.14072255326336125 0.184780357345904 0.11241618156512244 0.11241618156512244
0.14204995570206952 0.0991192825057601 0.14323028012888497 0.0991192825057601 0.1428470922098618 0.17539554193614332 0.0991192825057601 0.0991192825057601
0.11240999113854891 0.11240999113854891 0.11240999113854891 0.11240999113854891 0.14072779995091675 0.18481225321778982 0.11240999113854891 0.11240999113854891
0.14307906818207586 0.0989704996211026 0.14307906818207586 0.0989704996211026 0.1426999396690951 0.17525992548234284 0.0989704996211026 0.0989704996211026
0.11125392736393602 0.11125392736393602 0.11125392736393602 0.11125392736393602 0.14887622805849915 0.18360020775788477 0.11125392736393602 0.11125392736393602
0.1423861685530723 0.0987312279814521 0.1431758987589885 0.0987312279814521 0.14499269225308892 0.17452032850904187 0.0987312279814521 0.0987312279814521
0.1112067983246434 0.1112067983246434 0.1112067983246434 0.1112067983246434 0.14943357458754433 0.18332563546459518 0.1112067983246434 0.1112067983246434
0.14229827456520866 0.09866182696240551 0.14362035210383772 0.09866182696240551 0.14509647984095825 0.17433758564037352 0.09866182696240551 0.09866182696240551
0.11120627676177784 0.11120627676177784 0.11120627676177784 0.11120627676177784 0.1494604162306355 0.1833019231986973 0.11120627676177784 0.11120627676177784
0.14225342287848725 0.09861717993179323 0.1439345335482135 0.09861717993179323 0.14506017352215098 0.17428315032397543 0.09861717993179323 0.09861717993179323
0.11035639908769472 0.11035639908769472 0.11035639908769472 0.11035639908769472 0.155432071155337 0.18242953431849473 0.11035639908769472 0.11035639908769472
0.10952781970271235 0.10952781970271235 0.10952781970271235 0.10952781970271235 0.15782643191361356 0.1850066498701124 0.10952781970271235 0.10952781970271235
0.10778031495896759 0.10778031495896759 0.11995007270371341 0.10778031495896759 0.15682294544677527 0.1843254070546731 0.10778031495896759 0.10778031495896759
0.10706345573406124 0.10706345573406124 0.12039124159002941 0.10706345573406124 0.16096479093541885 0.18332668880424555 0.10706345573406124 0.10706345573406124
0.10647427003745669 0.10647427003745669 0.11985107465857107 0.10647427003745669 0.16545328411488325 0.1823242910392623 0.10647427003745669 0.10647427003745669
0.10502274536682 0.10502274536682 0.1287818556548482 0.10502274536682 0.16564638558192338 0.1804580319291282 0.10502274536682 0.10502274536682
0.10383620239527269 0.10383620239527269 0.13778905275166167 0.10383620239527269 0.16453059680498436 0.1784993384669907 0.10383620239527269 0.10383620239527269
0.10288067989660483 0.10288067989660483 0.14569694024939245 0.10288067989660483 0.16316623879887354 0.1767334214687098 0.10288067989660483 0.10288067989660483
0.10212687650850427 0.10212687650850427 0.15220411228431116 0.10212687650850427 0.1619125217987251 0.17524898337444225 0.10212687650850427 0.10212687650850427
0.1015495971902869 0.1015495971902869 0.15731861617196116 0.1015495971902869 0.16087586877417634 0.17405752910242803 0.1015495971902869 0.1015495971902869
0.11129732371993892 0.10001403514324037 0.15765705647683137 0.10001403514324037 0.15896046730403016 0.1720290119262379 0.10001403514324037 0.10001403514324037
0.11211454606033852 0.09974817675812309 0.1575152058041418 0.09974817675812309 0.16045367109132688 0.17092387001170042 0.09974817675812309 0.09974817675812309
0.11188155698942505 0.099424385204943 0.15957794788319224 0.099424385204943 0.1607001198978124 0.17014283440979838 0.099424385204943 0.099424385204943
0.11157815567351911 0.09914687156358301 0.1600881758716499 0.09914687156358301 0.1622040089628092 0.1695421732376897 0.09914687156358301 0.09914687156358301
0.11127149525875704 0.0988739224061438 0.1616909390228659 0.0988739224061438 0.1625211709979752 0.16902070509582667 0.0988739224061438 0.0988739224061438
0.11103101094118181 0.09866751146798658 0.16326119119557073 0.09866751146798658 0.1624392113050442 0.16859854068625693 0.09866751146798658 0.09866751146798658
0.1108109384504006 0.09847415945693597 0.16369513695734636 0.09847415945693597 0.16336676539792536 0.16823052136658392 0.09847415945693597 0.09847415945693597
0.119188432509475 0.09722142624555002 0.1626157601116583 0.09722142624555002 0.16248457943159628 0.16682552296507028 0.09722142624555002 0.09722142624555002
0.1276335511608079 0.0962099706212273 0.1611731057900116 0.0962099706212273 0.16112070060957553 0.16523275995469583 0.0962099706212273 0.0962099706212273
0.1297077781662411 0.09605767395721482 0.1612165063123157 0.09605767395721482 0.1604235499645717 0.1644214697280123 0.09605767395721482 0.09605767395721482
0.1356054802083171 0.09530037694473126 0.16047675520082522 0.09530037694473126 0.1593877492476914 0.16332850756424125 0.09530037694473126 0.09530037694473126
0.1412667757254631 0.09465805770256192 0.159535370438873 0.09465805770256192 0.1583316394729659 0.16223398355245033 0.09465805770256192 0.09465805770256192
0.1459323559613617 0.09417088001518684 0.15866761106831306 0.09417088001518684 0.1574225580168451 0.16129395489273282 0.09417088001518684 0.09417088001518684
0.14750200957397747 0.09403102112625916 0.15868920812462795 0.09403102112625916 0.15691953148984308 0.1607651663065148 0.09403102112625916 0.09403102112625916
0.1480538906568906 0.0940077663550693 0.15867475430844347 0.0940077663550693 0.15669532337781664 0.1605449662365723 0.0940077663550693 0.0940077663550693
0.148160331047716 0.0939119923239144 0.15857309024375615 0.0939119923239144 0.1572605532190921 0.1603580561937782 0.0939119923239144 0.0939119923239144
0.14813763714756228 0.0938502976629581 0.1588147997936785 0.0938502976629581 0.15742736886876887 0.16021900353815818 0.0938502976629581 0.0938502976629581
0.14808768349160345 0.09380865926556517 0.15910469470681915 0.09380865926556517 0.15745317046329158 0.16011981427602506 0.09380865926556517 0.09380865926556517
0.15006658749675267 0.0935133061464726 0.15892853065919388 0.0935133061464726 0.15716824837587617 0.15978340888228695 0.0935133061464726 0.0935133061464726
0.15074912744797303 0.09344012143288825 0.15893951774636886 0.09344012143288825 0.15697987576889502 0.15957099330521013 0.09344012143288825 0.09344012143288825
0.15238209791575516 0.09322963151843731 0.1587335559526664 0.09322963151843731 0.15669323084670617 0.15927258921112303 0.09322963151843731 0.09322963151843731
0.15297014179783902 0.09317691394233871 0.15870120487921419 0.09317691394233871 0.15652462887203628 0.15909636868155577 0.09317691394233871 0.09317691394233871
0.15414146712491408 0.09303164608679514 0.1585425826882481 0.09303164608679514 0.15631119885166747 0.15887816698798982 0.09303164608679514 0.09303164608679514
0.1545723246097699 0.09299457250828327 0.15851076078458892 0.09299457250828327 0.1561878400902239 0.1587507844822841 0.09299457250828327 0.09299457250828327
0.15473145272932765 0.09298157799342995 0.15853219190147486 0.09298157799342995 0.15612497427198516 0.15868506912349262 0.09298157799342995 0.09298157799342995
0.15544106501047703 0.09288645492815215 0.15844593147026464 0.09288645492815215 0.1560044359037546 0.15856274790289512 0.09288645492815215 0.09288645492815215
0.1557049654831759 0.09286347436422959 0.15841927154825586 0.09286347436422959 0.15593272426097496 0.15848914125067473 0.09286347436422959 0.09286347436422959
0.1562469982607952 0.09279611054023058 0.1583408773846077 0.09279611054023058 0.15583636895674804 0.15839131323692676 0.09279611054023058 0.09279611054023058
0.1564515665421559 0.092779796585711 0.15831363609833965 0.092779796585711 0.15578110061784856 0.15833451039881188 0.092779796585711 0.092779796585711
0.15652984198191702 0.09277470898684631 0.1583117395138354 0.09277470898684631 0.1557536692140963 0.15830591334276614 0.09277470898684631 0.09277470898684631
0.15685855747542662 0.092731136881402 0.15826738228008744 0.092731136881402 0.15569900718003396 0.15825050553884404 0.092731136881402 0.092731136881402
0.15698310079900452 0.09272101146423908 0.15824862223124453 0.09272101146423908 0.1556667830740346 0.15821744803876003 0.09272101146423908 0.09272101146423908
0.1569692326001194 0.09265612013780121 0.15817596366205056 0.09265612013780121 0.15609144825339236 0.1581388749332328 0.09265612013780121 0.09265612013780121
0.15715153624419653 0.0926142979744682 0.15810405859488452 0.0926142979744682 0.1562226801897192 0.15806453307332688 0.0926142979744682 0.0926142979744682
0.15721718600669682 0.0926049943622188 0.15807152102887267 0.0926049943622188 0.15626685453067052 0.1580244609848848 0.0926049943622188 0.0926049943622188
0.1559561302636955 0.10160639081414052 0.1567700007547884 0.09131694699611623 0.15499680852463463 0.15671982865439224 0.09131694699611623 0.09131694699611623
0.1555764522384423 0.1027453457028861 0.15637423698928693 0.09145574672353715 0.15461805541564552 0.15631866948312767 0.09145574672353715 0.09145574672353715
0.15544254691298265 0.10289409394014633 0.15623254882486914 0.09147794441760343 0.1548221409332733 0.15617483613591826 0.09147794441760343 0.09147794441760343
0.155530652470872 0.10290061571268949 0.15616386991682618 0.0914679386082288 0.15489574523721863 0.1561053008377074 0.0914679386082288 0.0914679386082288
0.15556535195163157 0.10289972879094347 0.15613673997801472 0.0914663270450891 0.15492428801459876 0.15607491012954414 0.0914663270450891 0.0914663270450891
0.1555791467543143 0.10289912431024761 0.15612696392204647 0.09146582111125388 0.15493547553593354 0.15606182614369646 0.09146582111125388 0.09146582111125388
0.15558457460836378 0.10289879973203747 0.15612397956795154 0.09146556369756552 0.15493980144563543 0.15605615355331526 0.09146556369756552 0.09146556369756552
0.15567702949598777 0.10288581975810927 0.156109799717959 0.0914526197878829 0.15492862978223756 0.15604086188205774 0.0914526197878829 0.0914526197878829
0.1556843487973387 0.10285353199894008 0.1560730817354905 0.09142177424803906 0.1551200272714866 0.15600368745262694 0.09142177424803906 0.09142177424803906
0.15568131731973267 0.10284389162740588 0.15605271121391648 0.09141572140530142 0.15519266669960535 0.15598224892343526 0.09141572140530142 0.09141572140530142
0.1557395585689549 0.10283285959098958 0.15603431396674344 0.0914057605212778 0.1552125712102367 0.15596341509924214 0.0914057605212778 0.0914057605212778
0.15576160006339523 0.10282960767089303 0.1560252663376419 0.0914037343830053 0.1552187287276015 0.15595359405145243 0.0914037343830053 0.0914037343830053
0.1557702248788927 0.10282876272762605 0.15602143763988094 0.09140325076419348 0.1552207767460968 0.15594904571492318 0.09140325076419348 0.09140325076419348
0.15575456504947047 0.10280944489406588 0.15600062802580655 0.09138402681321854 0.15535534228445197 0.1559279393065495 0.09138402681321854 0.09138402681321854
0.1557443740910028 0.10280357878263513 0.15598856035714867 0.09138030712773892 0.1554070812475253 0.15591548413847123 0.09138030712773892 0.09138030712773892
0.15573935162770794 0.10280211584416278 0.1559829331854337 0.09137949597942553 0.15542759333697878 0.15590951806744027 0.09137949597942553 0.09137949597942553
0.1557370838674829 0.102801761019579 0.1559805327056039 0.09137930370356091 0.15543585473189792 0.15590685656475367 0.09137930370356091 0.09137930370356091
0.15573609488885173 0.10280166974596486 0.15597956896103388 0.09137925185490053 0.1554392076613328 0.1559057031781151 0.09137925185490053 0.09137925185490053
0.15573566847041928 0.10280164187186991 0.15597920743144847 0.09137923412231827 0.15544057177537657 0.15590520808393105 0.09137923412231827 0.09137923412231827
0.15461588250135017 0.11063887882030482 0.15485944794579434 0.09025962436654043 0.15432152421347292 0.15478539341945663 0.09025962436654043 0.09025962436654043
0.15419032651780906 0.11222970650218583 0.15443291381959723 0.09029680909993949 0.15389751460091816 0.1543591112596711 0.09029680909993949 0.09029680909993949
0.15406300676723605 0.11259360711052588 0.15430482371492285 0.09034534624198824 0.15377130417852233 0.15423121950282837 0.09034534624198824 0.09034534624198824
0.1540149570217011 0.11267031017029194 0.15425633820661566 0.09034991015146251 0.15382581234659018 0.15418285180041347 0.09034991015146251 0.09034991015146251
0.153997879957187 0.11268829470605134 0.15423905327857593 0.09035268917937304 0.15385109203002673 0.1541656124900401 0.09035268917937304 0.09035268917937304
0.15399174038087357 0.1126927772907613 0.15423282316169565 0.09035360653473651 0.15386244469204197 0.1541593948704181 0.09035360653473651 0.09035360653473651
0.1539894667897441 0.11269392944149448 0.15423051397949783 0.09035387006411351 0.15386739453443155 0.1541570850624915 0.09035387006411351 0.09035387006411351
0.15398859914358842 0.11269422973563267 0.15422963457757488 0.09035394195749341 0.1538695096940312 0.15415620097669236 0.09035394195749341 0.09035394195749341
0.15398825967165594 0.11269430833997104 0.15422929285117873 0.09035396103193963 0.1538704018940882 0.15415585414728714 0.09035396103193963 0.09035396103193963
0.15398812428641545 0.11269432882063662 0.15422915851462685 0.09035396593019052 0.15387077508734617 0.15415571550040333 0.09035396593019052 0.09035396593019052
0.1539880695036615 0.11269433404458207 0.15422910558491443 0.09035396709407731 0.15387093030324456 0.15415565928136543 0.09035396709407731 0.09035396709407731
0.1540284881968903 0.11268855813560191 0.15422330671911758 0.09034819014950948 0.1538652174308991 0.15414985906896267 0.09034819014950948 0.09034819014950948
0.15404415167089158 0.1126863618362033 0.15421985482281544 0.09034713885827092 0.15386180789910195 0.15414640719617484 0.09034713885827092 0.09034713885827092
0.15405040701761272 0.11268570431124712 0.15421820375903458 0.09034691672465171 0.15386017833053872 0.15414475640761172 0.09034691672465171 0.09034691672465171
0.15313162881475084 0.11913471246735213 0.15329615491696655 0.0894255516827907 0.15293814061222946 0.15322270814032876 0.0894255516827907 0.0894255516827907
0.15275670616738138 0.12080907867853413 0.1528883911507029 0.08939966122537636 0.1525316383342919 0.1528152019929606 0.08939966122537636 0.08939966122537636
0.1526289621093048 0.12127789634411809 0.15274689058494348 0.08942703855667582 0.15239121388375498 0.15267392140785124 0.08942703855667582 0.08942703855667582
0.1526072860497259 0.1214119436250967 0.1526987323568549 0.08943748382894705 0.15234369275757687 0.15262589372390462 0.08943748382894705 0.08943748382894705
0.15260244842814144 0.12145141831221108 0.15268292121235685 0.08944161745618459 0.15232820993964216 0.1526101497390946 0.08944161745618459 0.08944161745618459
0.15261402832102172 0.12146146400258663 0.15267601124855826 0.08944125579423827 0.15232145706028255 0.1526032719848361 0.08944125579423827 0.08944125579423827
0.15262716163133924 0.1214630716674871 0.15267210859273364 0.08944021495077313 0.15231762866739748 0.1525993845887231 0.08944021495077313 0.08944021495077313
0.15263246721677004 0.12146336350941758 0.15267036047657784 0.08944008293791819 0.15231591631617164 0.15259764366730835 0.08944008293791819 0.08944008293791819
0.1526346485953432 0.12146342515389771 0.15266962132433964 0.0894400676393745 0.15231519416897685 0.15259690783931906 0.0894400676393745 0.0894400676393745
0.15264107240688127 0.12146265122092009 0.15266852501368663 0.08943927745406224 0.15231410588549243 0.15259581311083287 0.08943927745406224 0.08943927745406224
0.15264359487902907 0.12146230972551084 0.15266793361282532 0.08943914000316254 0.1523135191974845 0.15259522257566266 0.08943914000316254 0.08943914000316254
0.1526446114911124 0.12146219181752703 0.152667660869811 0.08943911212915495 0.15231324914207112 0.15259495029201356 0.08943911212915495 0.08943911212915495
0.1526450258446203 0.12146215413403672 0.15266754135684793 0.0894391055316597 0.15231313106726807 0.152594831002248 0.0894391055316597 0.0894391055316597
0.1526451956598456 0.12146214244180134 0.15266749013151343 0.08943910377453435 0.15231308056954912 0.15259477987368752 0.08943910377453435 0.08943910377453435
0.15264526547174875 0.12146213885529321 0.1526674684317528 0.08943910327063999 0.15231305922048935 0.15259475820879587 0.08943910327063999 0.08943910327063999
0.1526452942279049 0.12146213775869787 0.1526674593067168 0.08943910311961396 0.15231305025669534 0.15259474909114323 0.08943910311961396 0.08943910311961396
0.15264530608830643 0.12146213742285565 0.15266745548960253 0.08943910307288497 0.15231304650976418 0.15259474527081643 0.08943910307288497 0.08943910307288497
0.15264531098440834 0.12146213731934911 0.15266745389968345 0.08943910305792198 0.15231304494808973 0.15259474367470338 0.08943910305792198 0.08943910305792198
0.1526490277418286 0.1214616066111446 0.15266692256029138 0.08943857237700657 0.15231251362252418 0.1525942123331916 0.08943857237700657 0.08943857237700657
0.15265047436462087 0.12146137420469214 0.15266661001892176 0.08943847988976987 0.15231220180717672 0.15259389993527903 0.08943847988976987 0.08943847988976987
0.15193607947095444 0.12646612019273698 0.1519514866371434 0.0887234859493011 0.15159707915114165 0.15187877670012018 0.0887234859493011 0.0887234859493011
0.15159375009352483 0.12797478540316798 0.15160881472370002 0.08867698764750515 0.15125538236602334 0.15153630447106844 0.08867698764750515 0.08867698764750515
0.15146420039787767 0.12845579360904574 0.1514791036008006 0.08868919661900955 0.15112654088713046 0.151406771648117 0.08868919661900955 0.08868919661900955
0.15141864081567316 0.12861334799110638 0.15143346975932942 0.08869728359300402 0.1510814428461667 0.15136124780871232 0.08869728359300402 0.08869728359300402
0.15140305774109217 0.1286655892434213 0.15141785332665783 0.08870056675099056 0.1510661097944989 0.1513456896413581 0.08870056675099056 0.08870056675099056
0.15138936245192164 0.12867458023795963 0.15140414333136487 0.08869332441627957 0.15111993260978346 0.15133200812013167 0.08869332441627957 0.08869332441627957
0.15138268825499607 0.12867637110457972 0.15139746226160475 0.08869232144147832 0.151141171392622 0.15132534266176237 0.08869232144147832 0.08869232144147832
0.15137979400325285 0.128676797129052 0.15139456478234076 0.08869219097608487 0.1511498176487353 0.15132245350836449 0.08869219097608487 0.08869219097608487
0.15137858160755552 0.12867691562549624 0.15139335088477246 0.08869217709064277 0.15115337674497295 0.1513212438652745 0.08869217709064277 0.08869217709064277
0.1513780792866528 0.12867695217922523 0.15139284787273224 0.0886921768230532 0.1511548472394666 0.15132074295276343 0.0886921768230532 0.0886921768230532
0.15137787185393028 0.12867696411631763 0.15139264012517228 0.08869217740152203 0.1511554554855568 0.15132053621445693 0.08869217740152203 0.08869217740152203
0.1513777862611719 0.12867696813079849 0.1513925543902412 0.08869217770669766 0.151155707142544 0.1513204509551515 0.08869217770669766 0.08869217770669766
0.15138022897207937 0.12867661549847045 0.1513921650027094 0.08869182382691891 0.15115545725758017 0.15132006178840365 0.08869182382691891 0.08869182382691891
0.15138284790556167 0.12867620824237821 0.15139170605508018 0.08869152614700315 0.151155056315121 0.1513196030408495 0.08869152614700315 0.08869152614700315
0.15138500222652304 0.12867586995776908 0.15139130424377306 0.08869131441223618 0.15115467889476217 0.15131920144046415 0.08869131441223618 0.08869131441223618
0.15138661136612286 0.12867561977858077 0.15139099276927176 0.08869116935084648 0.15115437786806096 0.15131889016542424 0.08869116935084648 0.08869116935084648
0.15138725197776695 0.1286755162319212 0.15139083796332273 0.0886911435443052 0.15115422766514808 0.15131873552892544 0.0886911435443052 0.0886911435443052
0.15138751191603692 0.12867547868780138 0.15139076848106928 0.08869113817604152 0.151154160226984 0.15131866615998385 0.08869113817604152 0.08869113817604152
0.1513876182394808 0.1286754656925629 0.1513907383756421 0.08869113684717839 0.15115413102995207 0.15131863612082708 0.08869113684717839 0.08869113684717839
0.15138766189425268 0.12867546127583054 0.1513907255286519 0.0886911364685572 0.15115411858593994 0.15131862330965334 0.0886911364685572 0.0886911364685572
0.1513876798559758 0.1286754597856738 0.15139072009027538 0.0886911363508459 0.15115411332586104 0.15131861788967635 0.0886911363508459 0.0886911363508459
0.1513881946265408 0.12867538680287063 0.1513906453181765 0.08869106383109074 0.15115403863242913 0.15131854312671075 0.08869106383109074 0.08869106383109074
0.1513883956013907 0.12867535190724014 0.15139060213364972 0.08869105161397232 0.15115399554897274 0.15131849996682972 0.08869105161397232 0.08869105161397232
0.15138847648023512 0.12867533870906275 0.15139058189367696 0.08869104925918467 0.1511539753903636 0.1513184797491076 0.08869104925918467 0.08869104925918467
0.15138850943689192 0.1286753340686152 0.15139057297187075 0.08869104871990909 0.15115396652073781 0.15131847084215724 0.08869104871990909 0.08869104871990909
0.15138285198544807 0.12866966152622644 0.1513848981764125 0.08868537761948256 0.15119365939812726 0.15131279605533804 0.08868537761948256 0.08868537761948256
0.15137574164892245 0.12866313154728176 0.15137778061220641 0.08868061031360173 0.15123583517195965 0.15130568007882444 0.08868061031360173 0.08868061031360173
0.15137197401757818 0.1286602795472308 0.15137400993150246 0.08867978742452158 0.15125246218802876 0.151301912042095 0.08867978742452158 0.08867978742452158
0.15137024971108587 0.12865922937926652 0.15137228433244218 0.08867962348063875 0.15125917754538823 0.15130018858990085 0.08867962348063875 0.08867962348063875
0.151369838087764 0.12865881555115993 0.1513714821616097 0.08867953597936346 0.1512618684720662 0.1512993877893098 0.08867953597936346 0.08867953597936346
0.15136964878500417 0.12865866813103546 0.15137113110854422 0.08867951715125409 0.1512629629943717 0.1512990375272821 0.08867951715125409 0.08867951715125409
0.1513695655993614 0.12865861753652444 0.15137098093181972 0.08867951236574098 0.15126341105912494 0.1512988877759466 0.08867951236574098 0.08867951236574098
0.1508392879209544 0.13237029336857 0.1508406755081225 0.08814926913884005 0.15073335321560255 0.1507685825702304 0.08814926913884005 0.08814926913884005
0.15057018870927458 0.13359628182596173 0.15057130058147214 0.08809952410830438 0.15046430079002485 0.1504993557683534 0.08809952410830438 0.08809952410830438
0.15046194074485159 0.13402068910095183 0.15046276193844788 0.08810254907468776 0.15035600736483218 0.1503909536268533 0.08810254907468776 0.08810254907468776
0.1504213070759342 0.13417075913267476 0.15042200762353072 0.08810674683800022 0.15031539954839626 0.15035028610546333 0.08810674683800022 0.08810674683800022
0.15002571887920232 0.1368894159701749 0.15002636936302827 0.08772798727711413 0.14991983881278978 0.14995469514346227 0.08772798727711413 0.08772798727711413
0.14981925113602426 0.1378429244917332 0.14981987993790652 0.0876853543508514 0.14971354564535358 0.14974833573642826 0.0876853543508514 0.0876853543508514
0.14973025128921508 0.13818880878128456 0.1497308706167499 0.08768186414558858 0.14964503900761547 0.1496594378683694 0.08768186414558858 0.08768186414558858
0.14969501112672357 0.13831704619196392 0.14969550890319155 0.08768336629780515 0.1496181877549676 0.14962414712973804 0.08768336629780515 0.08768336629780515
0.14968141271727708 0.1383650300925038 0.14968186009568943 0.08768436280435811 0.1496080711130348 0.1496105375684205 0.08768436280435811 0.08768436280435811
0.14967451241825339 0.1383813434056576 0.14967493890202724 0.08768309436482549 0.14961628575162705 0.14960363642795846 0.08768309436482549 0.08768309436482549
0.14967155493616507 0.13838722107354873 0.14967197275515143 0.08768299468126886 0.1496195866786144 0.14960068051271375 0.08768299468126886 0.08768299468126886
0.1496703496507597 0.138389394279186 0.14967076387639489 0.08768301425408193 0.14962097273480868 0.14959947669660503 0.08768301425408193 0.08768301425408193
0.14966986647576083 0.138390206563066 0.149670279211241 0.08768303025496661 0.1496215625208034 0.14959899446422878 0.08768303025496661 0.08768303025496661
0.14966974277555378 0.13839050165315217 0.14967007594522763 0.08768302771659549 0.14962180413589687 0.14959879234038317 0.08768302771659549 0.08768302771659549
0.14966854334581509 0.1383894615784154 0.14966884356259028 0.0876818795180744 0.14962995247175034 0.14959756048720585 0.0876818795180744 0.0876818795180744
0.14966786214670705 0.1383888960374948 0.14966814871449655 0.08768169507032446 0.1496331416880651 0.14959686620226317 0.08768169507032446 0.08768169507032446
0.14966759449435776 0.1383886501841434 0.14966782230420567 0.08768165643648808 0.14963442348881428 0.1495965402190148 0.08768165643648808 0.08768165643648808
0.14966747618564347 0.1383885526424438 0.14966767966026207 0.08768164897776996 0.14963494673540864 0.1495963978429321 0.08768164897776996 0.08768164897776996
0.14966742545000405 0.13838851516494674 0.149667618845922 0.08768164724046948 0.149635161638446 0.14959633717927281 0.08768164724046948 0.08768164724046948
0.14966740394527145 0.1383885009406082 0.14966759316698436 0.0876816467482385 0.1496352501227457 0.1495963115796749 0.0876816467482385 0.0876816467482385
0.14966739487809977 0.13838849556783273 0.14966758237101926 0.08768164658739458 0.14963528659714936 0.14959630082371506 0.08768164658739458 0.08768164658739458
0.14966739106602236 0.1383884935423491 0.1496675778429427 0.08768164653054644 0.149635301641837 0.14959629631520951 0.08768164653054644 0.08768164653054644
0.14966738946638697 0.1383884927793546 0.14966757594676822 0.0876816465097082 0.1496353078499666 0.149596294428399 0.0876816465097082 0.0876816465097082
0.14966738879612912 0.138388492492028 0.14966757515369533 0.08768164650194996 0.14963531041256675 0.149596293639731 0.08768164650194996 0.08768164650194996
0.1496673885156304 0.13838849238384188 0.1496675748223314 0.08768164649904299 0.14963531147065584 0.14959629331041155 0.08768164649904299 0.08768164649904299
0.14966738839836802 0.13838849234310946 0.1496675746840026 0.08768164649795096 0.1496353119076456 0.14959629317302142 0.08768164649795096 0.08768164649795096
0.1496673883493924 0.1383884923277741 0.14966757462630206 0.08768164649754034 0.1496353120881623 0.14959629311574799 0.08768164649754034 0.08768164649754034
0.14966741958490143 0.13838848785686533 0.14966757013711524 0.08768164203225061 0.14963530769761207 0.14959628862675403 0.08768164203225061 0.08768164203225061
0.14966743180089379 0.13838848549827393 0.14966756755747707 0.08768164131184222 0.14963530515937953 0.14959628604844885 0.08768164131184222 0.08768164131184222
0.14966743673413854 0.1383884845079714 0.14966756636300846 0.08768164118574978 0.14963530398238 0.14959628485525206 0.08768164118574978 0.08768164118574978
0.14966745977635693 0.13838848111604213 0.14966756283923743 0.08768163815667669 0.14963530046599258 0.14959628133234082 0.08768163815667669 0.08768163815667669
0.1496674688285892 0.13838847938234278 0.14966756088897715 0.08768163766581215 0.14963529851923443 0.14959627938342007 0.08768163766581215 0.08768163766581215
0.14966669913756134 0.13838770530702554 0.149666786641189 0.08768086422573866 0.14964071110027755 0.14959550513673073 0.08768086422573866 0.08768086422573866
0.14966625565276861 0.13838729696670535 0.1496663412689265 0.08768073951389876 0.14964282758884925 0.149595059981054 0.08768073951389876 0.08768073951389876
0.14966605018130025 0.13838712554784735 0.1496661350156023 0.08768071771477656 0.14964368216922516 0.1495948539416954 0.08768071771477656 0.08768071771477656
0.14966596067701207 0.1383870583315304 0.149666045187435 0.08768071330794228 0.1496440316205363 0.14959476425965934 0.08768071330794228 0.08768071330794228
0.1496659366654517 0.13838703059748894 0.14966600487908766 0.0876807102025918 0.14964417321332824 0.14959472403686802 0.0876807102025918 0.0876807102025918
0.14966593558612684 0.13838701842876203 0.14966598617837562 0.08768070819587864 0.14964422983628198 0.14959470538281786 0.08768070819587864 0.08768070819587864
0.14966593475477744 0.13838701358568672 0.1496659780489988 0.08768070781153943 0.149644252897945 0.14959469727797364 0.08768070781153943 0.08768070781153943
0.14966593432183303 0.13838701172250334 0.1496659745935225 0.08768070772290436 0.149644262358508 0.1495946938349201 0.08768070772290436 0.08768070772290436
0.14966541387448853 0.13838649077177795 0.14966545289437408 0.08768018745486697 0.14964790795288055 0.14959417214187787 0.08768018745486697 0.08768018745486697
0.14966511442369154 0.13838621598675535 0.14966515292505558 0.08768010355109226 0.14964933369050185 0.1495938723207187 0.08768010355109226 0.08768010355109226
0.14966497573263687 0.13838610063159054 0.1496650140192067 0.0876800888797454 0.1496499094174037 0.14959373355992603 0.0876800888797454 0.0876800888797454
0.1496649153249156 0.13838605539655222 0.14966495352250614 0.08768008591192504 0.14965014485821435 0.1495936731620366 0.08768008591192504 0.08768008591192504
0.14966489597422158 0.13838603717653325 0.14966492682187685 0.08768008426644974 0.14965024070882826 0.14959364651919071 0.08768008426644974 0.08768008426644974
0.14966488759544277 0.1383860301359985 0.1496649153990663 0.0876800839019014 0.14965028003603928 0.1495936351277489 0.0876800839019014 0.0876800839019014
0.14966453406207936 0.138385677493049 0.14966456060499383 0.08767973383867006 0.1496527459740196 0.14959328034984798 0.08767973383867006 0.08767973383867006
0.1496643354747144 0.13838549119319846 0.14966435657626073 0.08767967675051462 0.14965371007743386 0.14959307642684858 0.08767967675051462 0.08767967675051462
0.1496642432475896 0.13838541295046142 0.14966426209553985 0.08767966676979586 0.14965409935017848 0.14959298204684307 0.08767966676979586 0.08767966676979586
0.1496642059278681 0.13838538184945814 0.14966422053352543 0.08767966433766772 0.14965425812325833 0.1495929405528868 0.08767966433766772 0.08767966433766772
0.14966418990758967 0.13838536988971523 0.14966420275626846 0.08767966377362506 0.14965432331015183 0.14959292281539965 0.08767966377362506 0.08767966377362506
0.14966418311338583 0.13838536534826457 0.14966419523439828 0.08767966361433674 0.14965435014598935 0.14959291531495186 0.08767966361433674 0.08767966361433674
0.14966418024753925 0.13838536363225695 0.149664192067183 0.08767966356235943 0.14965436120724002 0.14959291215870255 0.08767966356235943 0.08767966356235943
0.14966418098982526 0.1383853627069 0.14966419045886184 0.08767966326576379 0.14965436549131755 0.1495929105558041 0.08767966326576379 0.08767966326576379
0.14966418124562614 0.13838536231621817 0.14966418974114148 0.08767966321414147 0.14965436721381278 0.14959290984077703 0.08767966321414147 0.08767966321414147
0.14966418134120207 0.13838536216270284 0.14966418943352644 0.0876796632037756 0.14965436791676479 0.14959290953447707 0.0876796632037756 0.0876796632037756
0.14966418137825208 0.13838536210391988 0.14966418930359193 0.08767966320124214 0.14965436820533703 0.1495929094051727 0.08767966320124214 0.08767966320124214
0.1496641813928492 0.13838536208163382 0.1496641892490312 0.08767966320049467 0.14965436832409285 0.14959290935090902 0.08767966320049467 0.08767966320049467
0.14966418139864426 0.13838536207321758 0.14966418922618402 0.08767966320024427 0.14965436837302143 0.14959290932820002 0.08767966320024427 0.08767966320024427
0.14939638665332436 0.14025992530345607 0.14939639446900171 0.08741186845252429 0.1493865736455637 0.1493251145710813 0.08741186845252429 0.08741186845252429
0.14925143670758156 0.14094176242799802 0.14925144451016203 0.08737782766427156 0.14924163399437185 0.14918023936707175 0.08737782766427156 0.08737782766427156
0.14918886342971566 0.14119960686895777 0.14918886972936918 0.08737528497626745 0.14917906905475525 0.14911773598839992 0.08737528497626745 0.08737528497626745
0.14916359084157665 0.14129871780903253 0.1491635965174956 0.0873759275706271 0.14915380232397912 0.14909250979603475 0.0873759275706271 0.0873759275706271
0.14915191968390762 0.14133536300701977 0.14915192510098277 0.08737472324091031 0.14914213456303704 0.14909448792232188 0.08737472324091031 0.08737472324091031
