Action: 0
[0.09791083180301481, 0.09770223255252986, 0.3042761451071371, 0.09770206108758055, 0.10930248084015132, 0.09770212643442532, 0.09770206108758055, 0.09770206108758055]
[0.14823455509636835, 0.09472321067019446, 0.2810830435894739, 0.09472321067019446, 0.09706634796318558, 0.09472321067019446, 0.09472321067019446, 0.09472321067019446]
[0.12401520421388881, 0.09200828511398311, 0.18188916884200457, 0.09200706250263024, 0.2335916798283703, 0.09247447449386251, 0.09200706250263024, 0.09200706250263024]
[0.125, 0.125, 0.125, 0.125, 0.125, 0.125, 0.125, 0.125]
[0.10659169675490007, 0.0941262262768584, 0.2880583706535813, 0.09412621184851235, 0.13471872285601894, 0.09412634791310423, 0.09412621184851235, 0.09412621184851235]
[0.1299758417776397, 0.09372688769924704, 0.2907873316201152, 0.09372688769924704, 0.11060238810600985, 0.09372688769924704, 0.09372688769924704, 0.09372688769924704]
[0.125, 0.125, 0.125, 0.125, 0.125, 0.125, 0.125, 0.125]
[0.125, 0.125, 0.125, 0.125, 0.125, 0.125, 0.125, 0.125]

Action: 1
[0.09917203970338889, 0.09917203970338889, 0.09917203970338889, 0.09917203970338889, 0.09917203970338889, 0.3057957220762777, 0.09917203970338889, 0.09917203970338889]
[0.10233952171177878, 0.10233952171177878, 0.10233952171177878, 0.10233952171177878, 0.10233952171177878, 0.2836233480175487, 0.10233952171177878, 0.10233952171177878]
[0.09442907476425613, 0.09836604952893385, 0.09442907476425613, 0.09442907476425613, 0.18422924889888143, 0.24525932775090417, 0.09442907476425613, 0.09442907476425613]
[0.125, 0.125, 0.125, 0.125, 0.125, 0.125, 0.125, 0.125]
[0.09536143370662205, 0.1926206715717513, 0.09536143370662205, 0.09536143370662205, 0.164241113025396, 0.1663310468697425, 0.09536143370662205, 0.09536143370662205]
[0.10278770523697267, 0.09373821093292081, 0.09373821093292081, 0.09373821093292081, 0.1534752922162734, 0.2750459478821497, 0.09373821093292081, 0.09373821093292081]
[0.125, 0.125, 0.125, 0.125, 0.125, 0.125, 0.125, 0.125]
[0.125, 0.125, 0.125, 0.125, 0.125, 0.125, 0.125, 0.125]

