0.125 0.125 0.125 0.125 0.125 0.125 0.125 0.125
0.09592326139088728 0.15987210231814547 0.08633093525179857 0.14388489208633093 0.11990407673860912 0.19984012789768185 0.10791366906474821 0.08633093525179857
0.07295173961840629 0.12906846240179573 0.09118967452300786 0.16133557800224466 0.08754208754208755 0.15488215488215487 0.10942760942760943 0.19360269360269358
0.0986809039440685 0.07771121185595395 0.197361807888137 0.1554224237119079 0.08602950600252127 0.07723866263839801 0.17205901200504253 0.135496471953971
0.0553918348709004 0.09231972478483398 0.07849823944956699 0.1107836697418008 0.1107836697418008 0.1977151182373346 0.13294040369016094 0.2215673394836016
0.05323185980095411 0.0887197663349235 0.0685597355198022 0.10646371960190822 0.10646371960190822 0.23587729641439775 0.12775646352228984 0.21292743920381643
0.0843122430979955 0.14916781471183818 0.07350298116235504 0.13004373590262816 0.1011746917175946 0.2175424729296086 0.08820357739482605 0.15605248308315378
0.06989669476022865 0.11649449126704775 0.08974039727843713 0.1397933895204573 0.0873708684502858 0.2171173796826289 0.10484504214034299 0.1747417369005716
0.058480544787323126 0.09746757464553855 0.05718080610997331 0.08772081718098469 0.1268015804325883 0.29164206186444114 0.10526498061718162 0.17544163436196938
0.057845856899393935 0.10234266989892775 0.05042972139947164 0.0892218147836806 0.11569171379878787 0.30516515085343365 0.10085944279894328 0.1784436295673612
0.10390886902411779 0.08387824367007099 0.12988608628014725 0.10484780458758873 0.12469064282894135 0.17110768456785067 0.1558633035361767 0.12581736550510647
0.08751401615712738 0.14102465304856768 0.0996369831321402 0.1762808163107096 0.07173862785514096 0.17547888399774939 0.08967328481892618 0.1586527346796386
0.06953267936485127 0.11588779894141879 0.09141595608421903 0.13906535872970255 0.09289840484086219 0.2130690845795411 0.10429901904727691 0.17383169841212817
0.05365954340791551 0.08371871717416231 0.0656861996817047 0.10046246060899479 0.10962318392677226 0.26537002125166703 0.12055495273079375 0.20092492121798958
0.06139011238234866 0.09941176666915356 0.04898550821378581 0.08666666837823644 0.11237851884339096 0.31986307232903993 0.09797101642757162 0.1733333367564729
0.13075922630681114 0.09512804312979564 0.14730648469725818 0.11891005391224455 0.1060606689820259 0.1622406382233122 0.13257583622753236 0.1070190485210201
0.11027034860654175 0.07245342278201379 0.20541816914870692 0.14490684556402758 0.08078015943009596 0.09419457460079719 0.16156031886019193 0.13041616100762482
0.10242557311937373 0.07292107697601875 0.22181044333358838 0.1458421539520375 0.087002847835921 0.08140020331183297 0.16145325956432313 0.1271444419069045
0.09572578803101404 0.14498898796563686 0.10865953917951174 0.13049008916907318 0.11801363509430493 0.22596034018221045 0.09786756687680488 0.0782940535014439
0.08947509406363781 0.13521818098607882 0.07954078962244007 0.11788251675709437 0.09171320101664476 0.2647560991233877 0.07995509832220313 0.14145902010851322
0.10233572853656137 0.07108670652898341 0.20150201101385315 0.14217341305796682 0.07925637280171734 0.11717695070531317 0.15851274560343467 0.12795607175217014
0.09815695241220548 0.07015034197394154 0.24193636636429125 0.1403006839478831 0.08859388017285472 0.08322973387745752 0.15531862447628894 0.12231341677507755
0.07458647412742139 0.1130873681245619 0.1286838009879205 0.13570484174947425 0.09837053998478998 0.17815729152688348 0.1017786313121057 0.16963105218684282
0.08782948382617176 0.1360503436544624 0.09630799387952071 0.12244530928901615 0.12027196251926893 0.2717937392913882 0.09183398196676211 0.07346718557340969
0.07257945100441475 0.11057838542109277 0.09649846321011084 0.13822298177636597 0.07500099185082813 0.24750090879201325 0.09375123981353517 0.16586757813163913
0.09840003874798998 0.07014534442790835 0.21447496871030575 0.1402906888558167 0.07820682430992168 0.11580686635797918 0.15641364861984336 0.12626161997023502
0.1079597287830721 0.077247372175514 0.17895211901896915 0.0926968466106168 0.1458767675841015 0.13425825580157164 0.1471378517628838 0.11587105826327099
0.07717637519410012 0.11417170095366629 0.12173188818953101 0.14271462619208286 0.07743819716857367 0.19871191441082944 0.09679774646071708 0.17125755143049945
0.09494066774712877 0.06925696980174295 0.22825328854921748 0.1385139396034859 0.09378340960115505 0.10115535743957826 0.15334062503926807 0.12075574221842361
0.06632875772173534 0.09991419449703923 0.08161214424969698 0.0871046823820342 0.12385968812213329 0.2685050055705582 0.09846616269273432 0.1742093647640684
0.09587726702953313 0.06882857215325497 0.21146473824462358 0.13765714430650994 0.08673499143564797 0.12206841397402984 0.15347744298054167 0.12389142987585892
0.12869716306562257 0.08815627486875674 0.2296676748158304 0.11019534358594593 0.10718115441807863 0.11406699545318805 0.12285958456522628 0.09917580922735134
0.08284569110227842 0.11050547215713986 0.13735925797218698 0.13813184019642483 0.08353772339995136 0.1881723848900379 0.09368942204627076 0.1657582082357098
0.10064856535609122 0.06736303969405404 0.24125020487109772 0.13472607938810807 0.08168270422541503 0.10286641068322512 0.15020952433271154 0.12125347144929727
0.09947397004143418 0.06403154727790789 0.2929027701039643 0.12806309455581577 0.07759343096217035 0.0798976084760937 0.14278079348237965 0.11525678510023418
0.0963279830655162 0.06194644395276997 0.3205726795679871 0.12389288790553994 0.07486117650526797 0.0727639056111592 0.13813132427677366 0.11150359911498596
0.09394317147326252 0.06065579804067149 0.33653911501947326 0.12131159608134298 0.07316906526107458 0.06994744112445417 0.13525337652651226 0.10918043647320869
0.09237330369520441 0.05984105048292774 0.34630251114727717 0.11968210096585548 0.07210732413900714 0.06854320762360144 0.13343661107685675 0.10771389086926991
0.09135800797013799 0.05931467887661833 0.35251588703212666 0.11862935775323666 0.07142497282211172 0.06772779261014245 0.1322628809577131 0.10676642197791299
0.09069527793163511 0.05896850843657949 0.35657144496336846 0.11793701687315898 0.07097784012467208 0.06721562394108642 0.13149097254365635 0.1061433151858431
0.09025747547351824 0.0587382027991688 0.35925893013581156 0.1174764055983376 0.0706810386467038 0.06688175696174985 0.13097742534620624 0.10572876503850384
0.08996567060096337 0.05858394047597413 0.36105520512562894 0.11716788095194826 0.07048250405306812 0.06666026254595424 0.13063344338970947 0.10545109285675343
0.08977009831731726 0.05848023666597184 0.36226135874829446 0.11696047333194368 0.07034914009831414 0.06651206746782423 0.13040219937158495 0.1052644259987493
0.1084732424130501 0.07068343115559646 0.27460065062475125 0.08835428894449555 0.11336275984879778 0.10715589552063425 0.13134458475927996 0.10602514673339467
0.10035433849729579 0.06055445298899416 0.3204580799657218 0.12110890597798832 0.07603577025318244 0.07746304474922909 0.1350273921873989 0.10899801538018948
0.11601219873315373 0.07133494398155579 0.25719438329314415 0.08916867997694473 0.11503081150078562 0.11170133481516153 0.13255523172692082 0.10700241597233368
0.10225294952078877 0.06048860462857381 0.31095638342840337 0.12097720925714762 0.08299337794362865 0.07857142671824993 0.13488056017177502 0.10887948833143286
0.09715843991038103 0.059379717934714304 0.3381324263422423 0.11875943586942861 0.07720131714538221 0.0700772621654207 0.13240790834994504 0.10688349228248574
0.11376393135007833 0.07027074321814722 0.26353979899608293 0.08783842902268402 0.12071122756375187 0.10789203068383578 0.13057772433819892 0.10540611482722081
0.13919805253765186 0.08036464764394502 0.2626253906598771 0.10045580955493127 0.11143481030548189 0.10351032974713192 0.11200073095154278 0.09041022859943815
0.11236098746463116 0.05948752881107015 0.3121436143363816 0.1189750576221403 0.08139708720883265 0.07590986218397479 0.132648310513043 0.10707755185992628
0.10345628473723902 0.05880137002896488 0.33780931101869555 0.11760274005792976 0.07635756533291438 0.06901198393141272 0.13111827884070676 0.10584246605213679
0.0833340417407976 0.10616331354672699 0.1825830702596018 0.13270414193340874 0.0831850473548548 0.16277738814185985 0.09000802670265984 0.15924497032009047
0.1033661410462028 0.0635272975053507 0.2745707652237779 0.1270545950107014 0.08233225770577117 0.09314341624782754 0.14165639175073724 0.11434913550963127
0.08462740048348082 0.10711954829132914 0.162371455643922 0.13389943536416143 0.08460332541569304 0.17588076490003213 0.09081874746438776 0.1606793224369937
0.10535121126933145 0.06411307328150607 0.26382695577815257 0.12822614656301215 0.08326686425099764 0.09684963264794585 0.1429625843023434 0.11540353190671095
0.10612193136605291 0.060496139028527116 0.3146754007447644 0.12099227805705423 0.0786535525485828 0.07527028724453602 0.13489736075913358 0.10889305025134881
0.10365473919656645 0.058697616570356555 0.33906867221800163 0.11739523314071311 0.0758700722680439 0.06877103266607573 0.13088692411360103 0.1056557098266418
0.1220285524223751 0.06942682364344889 0.26295613190390177 0.08678352955431112 0.11919227669282123 0.10646290489096269 0.1290095454270058 0.10414023546517333
0.11062361083646484 0.05945505079320679 0.3124745779330358 0.11891010158641357 0.08241542409818782 0.07652625394424589 0.13257588938067305 0.10701909142777223
0.10543448888438409 0.05856554670083008 0.3376795408842662 0.11713109340166016 0.0762372981212779 0.06894161992960955 0.13059242801647783 0.10541798406149415
0.13917732807716857 0.07832951910927809 0.29619497242861337 0.09791189888659761 0.10094065400742865 0.09016045809254543 0.10916446040043047 0.08812070899793784
0.11416166446101052 0.05803606068523839 0.3280797834522524 0.11607212137047677 0.07823411750948003 0.07153959005864066 0.12941175322947188 0.1044649092334291
0.1432090005124717 0.07827942101048814 0.2913622570791113 0.09784927626311017 0.10125889613483077 0.0908821595146165 0.10909464084857208 0.08806434863679916
0.1552264369829378 0.07782350505689499 0.27253097013658845 0.09727938132111875 0.10497573481559963 0.09615327798012843 0.10845925051772494 0.08755144318900686
0.0980527063606851 0.10442866404254908 0.1608286115820694 0.13053583005318636 0.08623735800450595 0.17473648829188881 0.08853734560129162 0.15664299606382362
0.11038103802093194 0.06373850694981695 0.2621197601068551 0.1274770138996339 0.0830986606913999 0.09632835053359266 0.14212735728809925 0.11472931250967049
0.10889254835073024 0.0603382401999486 0.31343207224028424 0.1206764803998972 0.07846734976720009 0.07503920674363927 0.13454526993839286 0.10860883235990748
0.12616985502715156 0.06989234484030257 0.2522149681431978 0.08736543105037822 0.12046362181230852 0.1091806807823616 0.1298745810838458 0.10483851726045385
0.09122039064590994 0.10519942954403265 0.15426665708242165 0.13149928693004082 0.0888976136959376 0.18192665708523295 0.08919082070037551 0.15779914431604897
0.1246968681491787 0.07339154348940838 0.18540413988345922 0.09173942936176048 0.12810256293646524 0.15020131759589392 0.13637682334972154 0.11008731523411257
0.1166877745372784 0.06184858759144545 0.2727826515892466 0.1236971751828909 0.08674803673191916 0.0889951975061707 0.13791311919644703 0.11132745766460184
0.11032335312926445 0.0597773357625714 0.31824573569113174 0.1195546715251428 0.07830164342148305 0.07290351933765625 0.1332945367601219 0.10759920437262853
0.10610499638941866 0.058346599130749986 0.3403506905815654 0.11669319826149997 0.07542826877728888 0.06794816081018609 0.130104207613941 0.10502387843534998
0.10371473437329828 0.05762268984459971 0.35086854400772044 0.11524537968919941 0.0741789041670187 0.0661589082458961 0.12848999795198798 0.10372084172027948
0.12323828569392063 0.0688876514805738 0.2674717440835079 0.08610956435071725 0.11802728384005354 0.10492634244482243 0.12800765088554383 0.1033314772208607
0.10351336534860227 0.1196004599852049 0.18225246456505767 0.14950057498150612 0.08061085038294476 0.15392147476273646 0.07605029249059224 0.13455051748335548
0.11094733276941021 0.06272978638023789 0.2727191539898092 0.12545957276047578 0.0848012671787037 0.09055121046368837 0.13987806097324687 0.11291361548442819
0.1452957241537475 0.07988237431864055 0.26639009076256026 0.09985296789830068 0.1093993015848289 0.09798326268086849 0.11132860749258301 0.0898676711084706
0.11804619547484883 0.05843968987491496 0.31243567379629444 0.11687937974982993 0.08487811186342896 0.07381772138654794 0.13031178607928798 0.10519144177484695
0.1457353366003991 0.07806889029379097 0.28332042656904655 0.09758611286723873 0.10726609243051627 0.09139440635725884 0.10880123330123481 0.08782750158051483
0.10984194716538077 0.11879746203751253 0.1878419122385601 0.14849682754689064 0.07846302249145588 0.14737199319327582 0.07553969053472263 0.13364714479220155
0.11262014324595289 0.062461407204622225 0.2754133999595345 0.12492281440924445 0.0840775256702291 0.0887945610738796 0.13927961546821732 0.11243053296832001
0.10877792415639664 0.05947160117501149 0.31921461511962007 0.11894320235002298 0.08133630651850086 0.07259467430353617 0.1326127942618913 0.10704888211502069
0.1053214367449615 0.05799886067424542 0.34034699482221803 0.11599772134849085 0.07901799757683542 0.0675902368624092 0.129328802757198 0.10439794921364176
0.1032036446901293 0.057302324417447245 0.35040185930627454 0.11460464883489449 0.0777499742248392 0.06581773370983683 0.1277756308651734 0.10314418395140505
0.102065026448273 0.05697637783945893 0.35516045263332807 0.11395275567891786 0.07712652339960467 0.06511256524438896 0.12704881864500242 0.10255748011102607
0.10148854679187744 0.05682394871987126 0.35740809590515715 0.11364789743974252 0.0768300349269894 0.06480944406165697 0.1267089244589368 0.10228310769576826
0.10120557279689715 0.05675251775607929 0.3584690621825725 0.11350503551215858 0.07669040522856875 0.06467323049176245 0.12654964407101857 0.10215453196094271
0.10106899090171857 0.056718967580896465 0.3589698083118355 0.11343793516179293 0.0766247664766221 0.06461055773367105 0.12647483218784975 0.10209414164561366
0.10100368645802132 0.056703181160549385 0.35920615369436804 0.11340636232109877 0.07659389238641828 0.0645813670638974 0.12643963082665788 0.1020657260889889
0.08501713824818716 0.10462634352038779 0.18908690852982835 0.13078292940048472 0.08597125353424918 0.15887096806682197 0.08870494341945921 0.15693951528058164
0.13866613032184838 0.08273898364397803 0.22877612438029785 0.10342372955497255 0.11696986000596567 0.12103407522844045 0.11530974026502162 0.09308135659947527
0.1177877402261659 0.059399174540476295 0.2931719099442339 0.11879834908095259 0.09142959613296466 0.08004342222552599 0.13245129367682323 0.10691851417285733
0.10889122625438845 0.05835475282198265 0.32696190000270053 0.1167095056439653 0.08426495584789381 0.0696567152210795 0.130122389128421 0.10503855507956877
0.10463597717795965 0.05743913263159946 0.3435709945986452 0.11487826526319891 0.08155278199718374 0.0664517168309377 0.1280806927635964 0.10339043873687902
0.10255659003557224 0.0569403875914835 0.3515517969932463 0.113880775182967 0.08035234598670218 0.06525684078166236 0.12696856576369606 0.10249269766467033
0.10154605980724538 0.05669455402801792 0.35535352489629946 0.11338910805603584 0.07979305384305171 0.06475310851017294 0.12642039360874444 0.10205019725043227
0.1010592081479595 0.05657681229363334 0.35715821939602505 0.11315362458726667 0.07952911591844063 0.06452691041367495 0.12615784711446001 0.10183826212854001
0.13663194745093477 0.07659280346151012 0.3032204717598608 0.09574100432688766 0.10760256401668475 0.08730023011651239 0.10674407497341055 0.08616690389419888
0.13353607908320922 0.06724335122169145 0.24357479108434665 0.08405418902711431 0.13560491219645415 0.11016945313523535 0.12495219741941171 0.10086502683253717
0.10619699052560778 0.1184374230310013 0.17324015734656523 0.1480467787887516 0.09004211263194174 0.15548368407806498 0.07531075268819104 0.13324210090987643
0.14727315437765795 0.08233597002605628 0.21986138285550713 0.10291996253257034 0.12048344552137785 0.11975004077791998 0.11474807762959709 0.09262796627931331
0.13929368347460055 0.06846966313816125 0.20770907506158034 0.08558707892270155 0.14617870200218033 0.12282636148904053 0.12723094120449366 0.10270449470724187
0.1559446303372568 0.07824418324568072 0.23118573418255053 0.09780522905710091 0.13350362482772785 0.10624636069731566 0.10904553150097668 0.08802470615139081
0.12235887497199095 0.05855231878760444 0.29281682146373883 0.11710463757520888 0.09714452278535832 0.0760657188541105 0.1305629317443 0.10539417381768798
0.09050407158193784 0.10465573662908717 0.1677365183458391 0.13081967078635898 0.09577509310285007 0.1647954409465049 0.0887298636637913 0.15698360494363073
0.1400382623844538 0.09147103887252178 0.21638945510796673 0.10220855841863523 0.12179253280622962 0.12215753470100252 0.11395491513241866 0.09198770257677169
0.11815830164898243 0.06537695581349742 0.28547227009374 0.11800255897967472 0.09506003234760928 0.08016353093356947 0.1315640471012194 0.10620230308170725
0.14553878759227803 0.08351498171508304 0.2694045006258515 0.09699142755752455 0.11620725887636388 0.09291255527072294 0.10813820356040421 0.08729228480177208
0.1169100022336498 0.06293660481425449 0.3121824109396564 0.11443184041863377 0.09124481537978013 0.07172270746006185 0.1275829623771932 0.10298865637677039
0.08848730093890182 0.11117012588671642 0.17321437490370573 0.1293855683282922 0.0935111894745834 0.16121159039031252 0.08775716808353733 0.15526268199395063
0.12088595385491102 0.079955551330537 0.19053737566573423 0.08874097251821968 0.14020401727360335 0.1412675464722254 0.13191941586290568 0.1064891670218636
0.11334248916982699 0.06539382946006154 0.2719888198388653 0.11952618030279749 0.10293352191333101 0.08597882586918247 0.1332627711734175 0.10757356227251776
0.10037060229044935 0.1279918482916059 0.18348829293502314 0.14863762689625795 0.08446946165179885 0.1456569891766578 0.07561131455157472 0.13377386420663218
0.10869710891840474 0.07047533212408218 0.27125377532215417 0.12299016476607609 0.09035260463930068 0.08841501059684374 0.13712485534366992 0.11069114828946848
0.10681376396261454 0.0634539113246114 0.3157670735981805 0.11731816981573191 0.08800169502675505 0.07225802918070667 0.1308010042572414 0.10558635283415872
0.10392141964444875 0.0614204587922264 0.3373958235150732 0.11432098705685471 0.08545137525093364 0.06714167823784567 0.12745936915144845 0.10288888835116924
0.1019618562037526 0.06056167148698289 0.3477812121320624 0.1129276254145791 0.0839142230467514 0.06531267394022719 0.12590587490252325 0.10163486287312118
0.10086491341580969 0.06016897166810323 0.3527474457708347 0.11228062276813608 0.08311584614478895 0.06458512450548595 0.12518451523551888 0.10105256049132248
0.10029669181618102 0.05998559888368659 0.3551188010643255 0.11197734817003137 0.08272301141063244 0.0642725486110501 0.12484638669106482 0.10077961335302824
0.10001315656587882 0.059899162124260545 0.35625058784682 0.11183416300721107 0.08253374456900053 0.0641316932603588 0.12468674591998011 0.10065074670648998
0.09987441443270464 0.059858202293645746 0.3567907087596828 0.11176625400111162 0.0824432728699318 0.06406648659590755 0.12461103244601549 0.10058962860100046
0.08375547155675435 0.11005791580350723 0.1872657369250964 0.12844112545424644 0.0921972126859487 0.1570365975908187 0.08711658943853237 0.15412935054509572
0.10318030087606919 0.0691071364995013 0.27344116730848883 0.12276853613770077 0.0932303504022102 0.09090307028961772 0.13687775596248128 0.11049168252393068
0.10490673697155106 0.06321795443186629 0.31680574156393987 0.1170313547324754 0.08954976552432393 0.07267900067309464 0.13048122684352106 0.10532821925922786
0.10319144682048738 0.061287523136626776 0.3377921921632167 0.11408485640813212 0.08664102819064394 0.06713048141376128 0.12719610109981297 0.1026763707673189
0.10162230589318309 0.06045260231578713 0.3478472245487308 0.11272433234354819 0.08499851551304385 0.06522390197706508 0.1256792182994485 0.10145189910919337
0.1006598937584098 0.060071319053803356 0.35265147358780347 0.1120963763984172 0.08416597308337813 0.06448913107660129 0.12497909428301139 0.10088673875857547
0.10014048307809602 0.059893984163960565 0.35494560415942145 0.11180335856133042 0.08376104122992079 0.06418010484041078 0.12465240126166241 0.10062302270519739
0.1349240841812054 0.08079939878837494 0.3006145843941226 0.09428190913561467 0.11289256293655044 0.08651644961923664 0.10511729272284202 0.08485371822205319
0.1312750998280508 0.07227392535589752 0.24043803921766244 0.0822799909618489 0.14389634266053705 0.10878587998894645 0.12231473283283807 0.09873598915421866
0.1497197446537039 0.08271445047484441 0.24478085924216714 0.09512996687463864 0.135284793778922 0.10069040097458644 0.10606281381396278 0.08561697018717478
0.15673806114438 0.08311622607050764 0.2460280599149214 0.09445372136859895 0.13158711528725905 0.09775961644178298 0.10530885054081106 0.08500834923173904
0.14002913181841634 0.07288353177894114 0.2163329068395774 0.08277958749927138 0.1523173852415886 0.11326453518237167 0.1230574166407079 0.09933550499912566
0.11738896482090784 0.06336598426461466 0.28404247179428616 0.11654136756657947 0.10577280795762149 0.07806624506631542 0.12993492771975354 0.10488723080992152
0.10826326167376416 0.06198550131656756 0.32103092694244245 0.11536577224601892 0.0918339575842755 0.06906715854719182 0.12862422666832257 0.10382919502141702
0.08609671575480728 0.11071249084745712 0.17588713363832562 0.1289507622583522 0.09605213962187707 0.16009758702871038 0.0874622561404476 0.15474091471002266
0.11933092902348211 0.07939251762973369 0.19091758971512338 0.08809130588769239 0.14538803906651915 0.14021640882991748 0.13095364278230096 0.10570956706523087
0.11252146931990385 0.06506467351607806 0.27166090052904057 0.1189327672642339 0.10666612738927107 0.08551341152368779 0.1326011599199742 0.10703949053781052
0.14313198952634976 0.08334758063603445 0.26236551825570625 0.09679551100372843 0.12449167429945504 0.09483199515181076 0.1079197712235599 0.08711595990335558
0.11607474785149531 0.06272050890877183 0.3079256699972133 0.11396970628908842 0.09726544356485814 0.07240347041802166 0.12706771731037173 0.10257273566017959
0.10664196672976514 0.06114238230916346 0.33274134069569455 0.113827185666419 0.08927531148301186 0.06701852856420627 0.12690881745196267 0.1024444670997771
0.10277377843289069 0.06046920435388402 0.3451803713647302 0.11276095456970972 0.08636628266041486 0.06524450015701501 0.12572004934861664 0.10148485911273873
0.1010507127762045 0.0600776933786153 0.3512483399809331 0.1120980438228647 0.08514621315719384 0.06450980410677476 0.12498095333683569 0.10088823944057822
0.10025305655948764 0.05987262398870789 0.3541764986982986 0.11175412078280891 0.08459524211021217 0.06417224434288468 0.12459750481307201 0.10057870870452801
0.09987732822445812 0.059770885083075626 0.3555829241995432 0.11158458324573513 0.08433791861423093 0.06401175260050554 0.12440848311128976 0.10042612492116162
0.09969893838363487 0.05972149536775017 0.3562570331598196 0.11150250331849795 0.08421600685863975 0.06393479980722136 0.12431697011778803 0.10035225298664815
0.11909782541723003 0.07137424845044307 0.26645297101851595 0.08329034839527709 0.13415826609373668 0.10186122553300797 0.12381669701745668 0.0999484180743325
0.1085860282190663 0.06204891264357785 0.3107006604304308 0.11428694125138457 0.10001519981285051 0.07408259989736281 0.127421410619081 0.10285824712624612
0.10426201259491988 0.06107440409249652 0.3342820358511307 0.11378777428839706 0.08996432780710573 0.06735557179977707 0.1268648767066158 0.10240899685955736
0.08490887576158829 0.11027303201942798 0.18001837776380192 0.12853000279892232 0.09602408557453582 0.1588327512594 0.08717687146361688 0.15423600335870677
0.1365018462682093 0.09108782495037092 0.2214743891643174 0.10109249062425381 0.12518764465270044 0.12096197994799511 0.11271058283032476 0.09098324156182841
0.11629412921913507 0.0647288558395447 0.2873458115310299 0.11674577125753424 0.09947593887246384 0.08017547656735009 0.13016282258116132 0.10507119413178083
0.14391186897442462 0.0827539273178475 0.2693594103832124 0.09611022074680772 0.12121818121628908 0.09299146896113451 0.10715572372815725 0.08649919867212694
0.1535761981084402 0.08269968705260425 0.25784213012557733 0.09396407967240716 0.1272303213523686 0.09535697539345377 0.1047629365899823 0.08456767170516644
0.11930363139061549 0.06251680551224613 0.3050408926750449 0.11362227330423044 0.09790224251042312 0.07267375317354274 0.12668035546008977 0.10226004597380739
0.10148103462171658 0.12626475088215552 0.19504155580671306 0.14693672314573172 0.08431572455639604 0.13897108794721275 0.07474607220891571 0.13224305083115856
0.1427192820537216 0.09196112133675236 0.22821504209754923 0.10039192369948507 0.12016807369674463 0.1142623227958891 0.11192950299032141 0.09035273132953656
0.13598647097386563 0.07445494662832353 0.2095916219338684 0.0838421958263279 0.15034528610027467 0.12053178825765302 0.12463705528809343 0.10061063499159348
0.15254517527431216 0.0833768547823882 0.22974669976841616 0.09566323945491656 0.1407428334425188 0.10517090882351193 0.10665737294451144 0.08609691550942489
0.1203319049126136 0.06332388711544548 0.29034496887939787 0.11502795207284654 0.1034374005985859 0.07576114716985284 0.12824758238569606 0.10352515686556187
0.12775955161567368 0.07241460430781392 0.23794998659384198 0.08420633920350942 0.14422788427186864 0.1072156480874163 0.12517837887566474 0.1010476070442113
0.12970130381448775 0.0723812399566978 0.21302893729522648 0.08323205224867793 0.16067942017957965 0.11736854792679262 0.1237300358801242 0.09987846269841351
0.1141020409278977 0.06329471553629232 0.2821408659271034 0.11644306355248177 0.11005743690193605 0.07933779387690004 0.12982532608015504 0.1047987571972336
0.10718117346452861 0.06190063786902223 0.3198985555398306 0.11519236882869105 0.09421830420517117 0.06950493334837886 0.12843089479855552 0.10367313194582194
0.10347660794064434 0.060857217367157324 0.33887697911831105 0.11340055168480949 0.08857993266811709 0.06631506230380728 0.1264331524008249 0.10206049651632854
0.10149357608569043 0.060238625954113695 0.3481424370017151 0.1123503214295056 0.08634006935656552 0.06505745684430143 0.12526222404155324 0.10111528928655503
0.13551828011906086 0.08082431127046155 0.2972733330314549 0.09426688154341867 0.11516837104096826 0.0870080915265534 0.10510053807900559 0.08484019338907679
0.11193161916638134 0.06146464195571816 0.3255727999943843 0.11192315324499277 0.09382617705061093 0.06976480727337472 0.12478596339404417 0.1007308379204935
0.10446633862674944 0.06045801915963311 0.34131703971310584 0.11266771201869868 0.08804443098957943 0.06602942781276605 0.12561609086263867 0.10140094081682881
0.10164298686467745 0.06009885027157206 0.3492517905478488 0.11212871070747936 0.08605968122942488 0.06488699611765836 0.12501514462460758 0.10091583963673142
0.10045265897690757 0.05986780884277738 0.35313154988657136 0.11173398981933004 0.08525295977737744 0.06442538156853535 0.1245750602911038 0.10056059083739705
0.11933510152764723 0.071349626593935 0.26499252257289824 0.0832439692888218 0.13518480950232176 0.10225345600709351 0.12374775136069631 0.09989276314658617
0.10863009074847842 0.06199533428832969 0.3098065848577744 0.11417302210466271 0.10092980326160023 0.07441504557304326 0.127294399271915 0.10275571989419642
0.10423751687494572 0.06102322225471731 0.33373918003327935 0.11368661676282105 0.09065454175224755 0.06758887362078261 0.12675209361466763 0.10231795508653896
0.08482796281028332 0.11012994337764616 0.17975919996165318 0.12835786160650392 0.09661456985167045 0.15922091363567903 0.08706011482875918 0.1540294339278047
0.11851518918468493 0.07907129612836922 0.19227903470916075 0.08775072662209665 0.14595154645142513 0.14068398612848132 0.13044734882926606 0.10530087194651598
0.1275927815093298 0.07385774988578224 0.19369746275681168 0.08438123655584083 0.16302416792709323 0.13075074196139067 0.12543837553674247 0.10125748386700899
0.08929562266975433 0.10944602936496428 0.13265315794948462 0.12565292199149028 0.11678979167122791 0.1901535098299315 0.08522546013335863 0.15078350638978832
0.10680844567694116 0.07016851610491746 0.24238525661778246 0.12461026987158912 0.10377692140747366 0.10117019580391504 0.13893115163295086 0.1121492428844302
0.08568053693682287 0.1120609823927772 0.15013460527897374 0.12950453656329733 0.10138512018013941 0.17799091518997004 0.08783785958206253 0.15540544387595676
0.1052309851890423 0.07017730069507613 0.25286598866339444 0.12438846355019241 0.09887531173678385 0.09782847883303367 0.13868385413730405 0.11194961719517318
0.08531112186360323 0.11209148463316111 0.15353125668942824 0.12953434956563917 0.09995127836807761 0.17628120882636816 0.08785808057495528 0.15544121947876702
0.10495873577194931 0.07007615619691457 0.25474299612121 0.12420181603880173 0.09847232426695318 0.09729058107822744 0.13847575609102225 0.11178163443492158
0.10611945176091506 0.06365226056726263 0.30704356922905934 0.1176989632124612 0.0933569318871972 0.07497419597471251 0.13122556047717687 0.10592906689121508
0.12261038495326948 0.07254042606127846 0.24562932835478204 0.08433852351692335 0.1410548874592567 0.10724534169857645 0.12537487973560546 0.10120622822030802
0.0883427469713618 0.10960480767573808 0.14977369328152476 0.12599373380397186 0.11135952962688882 0.17827638862609774 0.0854566194496505 0.15119248056476625
0.11959761292399013 0.07880892891046909 0.17811949490532694 0.08745158690363763 0.1534501641609245 0.1476276503649834 0.1300026575463031 0.10494190428436515
0.11285754493156737 0.0650478867630005 0.264084927144976 0.11890562455725026 0.11123050792889752 0.08828754874552051 0.1325708978272626 0.10701506210152524
0.0999265327492736 0.12727935425289855 0.18035854225067136 0.14777821794735732 0.08929081037879397 0.14719200931255397 0.07517413695582961 0.1330003961526216
0.08332388394921031 0.118312449484642 0.12930009737328857 0.12900362883027275 0.09660178036529816 0.20115569193347158 0.08749811346748934 0.15480435459632727
0.10544997409698947 0.07130311171976515 0.24141707426119274 0.1255991466175133 0.09866115743197372 0.1044966285089193 0.14003367540788425 0.11303923195576199
0.12430197791705076 0.07458925137772902 0.2181869341733071 0.0861032964695425 0.14583359627332168 0.11966265476639738 0.1279983332592005 0.10332395576345099
0.11235373148452027 0.06350833984188119 0.2853449553452696 0.11658365396339061 0.10706813402788654 0.08023382287350357 0.1299820738964967 0.10492528856705156
0.10643779779463415 0.061770612200619614 0.3214665624022866 0.11490767858527867 0.09408103875859705 0.06980591310914176 0.1281134864226913 0.10341691072675081
0.08536935651370502 0.11020301850058646 0.17574534651176285 0.12834088772351873 0.09842400339722125 0.16085971997685747 0.08704860210812575 0.15400906526822247
0.1185792476252023 0.07896262048945463 0.19025063000055042 0.08760505935078416 0.14780343161063259 0.14144213505559747 0.13023080464683737 0.10512607122094099
0.11201383992914712 0.06476933502687729 0.2707963367112611 0.118379819075 0.10907837365196724 0.0864357944844786 0.13198466395376865 0.10654183716749999
0.1070751405551869 0.062346202010119756 0.31428231798221457 0.11584677597222495 0.09530951086016166 0.07171744431784785 0.12916050992724185 0.10426209837500246
0.10362791445818989 0.06098511577864028 0.33605028897073913 0.11357773440797889 0.08978033049255071 0.06712795701015259 0.1266306979145675 0.102219960967181
0.10157468341956111 0.060245207311292605 0.3466647097674239 0.11233524376615951 0.08738806225191617 0.06544496052198212 0.1252454135721211 0.10110171938954356
0.10046061479424495 0.05987432191971362 0.3517880159333938 0.11171746463880049 0.08630883291705682 0.06474839567383413 0.12455663594803576 0.10054571817492043
0.09988686372058642 0.05969429914900084 0.35425081415151094 0.11141868401555158 0.0858103453047965 0.06443866019438257 0.12422351785017467 0.10027681561399643
0.09960000785029004 0.05960783273950598 0.3554327637051007 0.11127534227088205 0.08557687469069464 0.06429566819771951 0.12406370250201328 0.10014780804379385
0.09945902324104532 0.05956641807314582 0.35599965070553163 0.1112067037387573 0.08546658614930394 0.06422840906636171 0.12398717566097267 0.10008603336488156
0.09939042166492737 0.05954658848736482 0.35627148080969173 0.11117383884954761 0.08541420391380469 0.06419647754796332 0.12395053376210757 0.10005645496459287
0.08333416050907902 0.10944576040257804 0.18682865456524017 0.12771221940838817 0.09549165767273306 0.15731068316187852 0.0866222009900372 0.1532546632900658
0.11761968173367095 0.0787505534201299 0.19511483065699667 0.08742464121825418 0.14625706494285057 0.13996105759099697 0.12996260097519577 0.10490956946190501
0.11147758540613195 0.06461712167385807 0.2734386720213981 0.11812415849114662 0.10841305956571125 0.08591803871780186 0.1316996214819202 0.10631174264203197
0.14221887217637935 0.08291585190537612 0.2627227327087216 0.09630500621549495 0.12654198148572338 0.09524815492484463 0.10737289498951452 0.08667450559394545
0.15277716346302792 0.08258374747913094 0.2543399872248284 0.09378692173741662 0.13121544809323207 0.09632308372547979 0.10456541871320926 0.08440822956367496
0.15697881178914744 0.08231171180914368 0.24968938022897966 0.09347453333747766 0.13274672995072748 0.09645462392094965 0.10421712895984449 0.08412708000372988
0.09706041634916969 0.1102455063204951 0.15117705292075134 0.12522702870761973 0.10868382310136583 0.17239714476715598 0.0849365933842986 0.15027243444914365
0.08204416275779128 0.11540981069036879 0.11940816955263042 0.12796618766918208 0.10176899272753796 0.21304879367602586 0.08679445772344524 0.1535594252030185
0.10533408538364966 0.07127536695865218 0.23559284895403307 0.12587796776450258 0.10057230961419972 0.10771271015768148 0.14034454017922898 0.11329017098805232
0.10714696279908117 0.06432056452245925 0.2972919951258635 0.11880579046614868 0.09492583841107034 0.07812404698985365 0.13245959026598964 0.1069252114195338
0.12320480088749992 0.07275062449811934 0.24147547972315817 0.08453046192947446 0.14224364968942468 0.10869821987970549 0.1256602090772486 0.10143655431536934
0.1108155493858328 0.06263609406540749 0.29741949217939373 0.1151761460883543 0.10502340120504919 0.0768579779427112 0.1284128076537323 0.10365853147951888
0.14083405992064024 0.08196502794251478 0.2735394942656223 0.0953689401768469 0.12437843849972159 0.09175274182339552 0.10632925121209645 0.0858320461591622
0.11455134121940973 0.06205194393411511 0.3132544157198629 0.11284768886624807 0.09822685652188369 0.07168808214230919 0.1258167516165482 0.10156291997962326
0.10571631375162231 0.06074463559282423 0.3350965028147495 0.11312587885794888 0.09043826337878279 0.06693820193507073 0.12612691269684748 0.10181329097215398
0.09716262320381111 0.1254451099383355 0.2056527094102386 0.14622268147319564 0.08329153913799452 0.13624208119592313 0.07438284231462561 0.13160041332587605
0.10623249780308476 0.06923647388398894 0.2823749502776103 0.12096676266469517 0.09146880804107724 0.08598150793053096 0.134868913000787 0.10887008639822564
0.12350526343408434 0.0736210008778212 0.2355204921468154 0.08511925992486963 0.1414796537924567 0.11207572107057172 0.12653549684353751 0.10214311190984354
0.10202610464490765 0.12645607775653506 0.16876197921136776 0.14520812088087726 0.09646347659084337 0.1565301923702333 0.07386673975244626 0.13068730879278953
0.1092928915847113 0.070256591243843 0.2622111539053245 0.1226109045538766 0.09663386892272748 0.0919427671809598 0.1367020085100684 0.11034981409848894
0.1070122377354459 0.06333028742099853 0.3105941017029079 0.11705204187959506 0.09262318419437496 0.07353701790629943 0.1305042914687425 0.10534683769163555
0.08560250669198029 0.1106150839424517 0.17224924913571085 0.12863492192018663 0.09820211387927423 0.16308618412813272 0.08724803399803964 0.15436190630422394
0.10412020933957684 0.06931660144478836 0.26479102478171807 0.12299855189611394 0.09734477667361215 0.09359593278993121 0.1371342063677569 0.11069869670650255
0.10532095004773773 0.0632344309226268 0.31203647252111233 0.11699550743239628 0.09280354631415541 0.07387187629371027 0.1304412597791045 0.10529595668915666
0.1032765915475022 0.061190196960415416 0.3351068930079242 0.1138640350671833 0.08938844149553803 0.0677463085771122 0.1269499017838596 0.10247763156046498
0.09648132516760911 0.12559270774050313 0.20565650769832847 0.1463350535912785 0.08311226326100103 0.13668058878660921 0.07444000552251992 0.13170154823215063
0.10602219132801849 0.06925377723559663 0.2823976400519603 0.12098031497536671 0.09148980372759623 0.08608996638781237 0.1348840228158193 0.10888228347783005
0.08544150661366688 0.11169732803624746 0.16304769042979222 0.12913898617571107 0.09801881215157338 0.17009897212384734 0.08758992105830839 0.15496678341085326
0.11886120233437604 0.07926874480414477 0.18470862784137174 0.08782358740894515 0.14815798565219956 0.14523588578567742 0.13055566128255128 0.10538830489073417
0.1467699672436165 0.08482128054593588 0.2186252888962234 0.0968594195144325 0.14327224570352556 0.11448729608957378 0.10799102444370312 0.08717347756298925
0.11899331496222061 0.06368310248714358 0.2844582570064283 0.11548603706334777 0.10601392441393002 0.07866961774525878 0.12875831296465787 0.10393743335701298
0.10841827452454604 0.061685338544248396 0.3207579968074874 0.11470879587845857 0.09386350772357352 0.06943642318449349 0.12789174704657993 0.10323791629061273
0.1391620546087665 0.08145429630982488 0.28448017998412445 0.09486426074138543 0.11973867034018153 0.08915613204426892 0.10576657130420138 0.08537783466724688
0.1506463779949186 0.08190070878658903 0.2644720601438727 0.09313032500914296 0.1281847076251346 0.09401516557117348 0.10383336236093998 0.08381729250822866
0.11782583502570676 0.06204991609721277 0.30811511237743794 0.11280824030235918 0.0995537796174129 0.0723469308960125 0.1257727694117348 0.10152741627212326
0.10689942314147183 0.06083141757710233 0.3324388170365672 0.11328471226347017 0.09104142800431952 0.06724396084918133 0.12630400009076448 0.10195624103712315
0.10265605412880008 0.06026193568557244 0.3447659961046397 0.1123782359498824 0.0879403765196198 0.06556364260799118 0.1252933466486002 0.10114041235489417
0.1008411154187738 0.059898891827348956 0.3508188634765741 0.11175875455883577 0.0866415931256912 0.06485523136228614 0.12460267112753778 0.1005828791029522
0.10002172486254038 0.05970191299323085 0.35375301222992067 0.11142742210048726 0.08605480873612374 0.06452317902447638 0.12423326016278206 0.10028467989043853
0.08349404803479724 0.10946366274594692 0.18600733142653952 0.12771172532799704 0.09583907189481651 0.15760822430166485 0.08662186587464148 0.15325407039359645
0.10278461139144784 0.06877805647987127 0.27216766240408397 0.12215533357396831 0.09608708867542747 0.09189336639332472 0.13619408086530493 0.10993980021657146
0.10453745842224302 0.06295211087302631 0.315734884338302 0.11652492646361994 0.09215859693493177 0.07330299203371736 0.12991659711690162 0.10487243381725796
0.10285041997245882 0.061046192064214105 0.3369082617354846 0.11362266727604801 0.08907887006026617 0.06755239363381961 0.12668079470926547 0.10226040054844322
0.1012948307070736 0.060220552813754075 0.34709207779679163 0.1122790545974851 0.08731453037627618 0.06556503772861211 0.12518276684227073 0.1010511491377366
0.10033709145768303 0.05984254430558154 0.35197595439909574 0.11165721456584646 0.08640660720471423 0.06479963334485103 0.12448946161296612 0.10049149310926182
0.1346677392061571 0.0804971840876282 0.29876094611274884 0.09390431179382158 0.11597005972657057 0.08698957859298538 0.10469629986564885 0.08451388061443943
