Action: 0
[0.25195819363060046, 0.10631206605461328, 0.11016940994139945, 0.1063120660546132, 0.10631206615493391, 0.1063120660546132, 0.1063120660546132, 0.1063120660546132]
[0.21368066307813335, 0.10684033153906668, 0.14527734768746645, 0.10684033153906668, 0.10684033153906668, 0.10684033153906668, 0.10684033153906668, 0.10684033153906668]
[0.11959574672401468, 0.10490788721320855, 0.24951068930458534, 0.10490788721320855, 0.10635412790535721, 0.10490788721320855, 0.10490788721320855, 0.10490788721320855]
[0.125, 0.125, 0.125, 0.125, 0.125, 0.125, 0.125, 0.125]
[0.11923761461701399, 0.10517017114842947, 0.24974135849240905, 0.10517017114842947, 0.10517017114842947, 0.10517017114842947, 0.10517017114842947, 0.10517017114842947]
[0.11923737881695447, 0.1051701969862367, 0.1445712422796604, 0.10517019698618987, 0.21034039397238227, 0.10517019698619656, 0.10517019698618987, 0.10517019698618987]
[0.125, 0.125, 0.125, 0.125, 0.125, 0.125, 0.125, 0.125]
[0.125, 0.125, 0.125, 0.125, 0.125, 0.125, 0.125, 0.125]

Action: 1
[0.10532061898634472, 0.10515640611493433, 0.10512915134355814, 0.10512915134355814, 0.2244283436284483, 0.14457802589604007, 0.10512915134355814, 0.10512915134355814]
[0.10670517302294207, 0.10670517302294207, 0.10670517302294207, 0.10670517302294207, 0.10670517302294207, 0.2530637888394055, 0.10670517302294207, 0.10670517302294207]
[0.10671100746259946, 0.1066848166937862, 0.10668481669375067, 0.10668481669375067, 0.25214100525592614, 0.10772390381268539, 0.10668481669375067, 0.10668481669375067]
[0.125, 0.125, 0.125, 0.125, 0.125, 0.125, 0.125, 0.125]
[0.14467942432941697, 0.10434587760125148, 0.10434587760125148, 0.10434587760125148, 0.1194563115918344, 0.2141348760724913, 0.10434587760125148, 0.10434587760125148]
[0.1446866021826911, 0.10438942096511783, 0.10438942096511783, 0.10438942096511783, 0.2238847962689778, 0.10948149672274202, 0.10438942096511783, 0.10438942096511783]
[0.125, 0.125, 0.125, 0.125, 0.125, 0.125, 0.125, 0.125]
[0.125, 0.125, 0.125, 0.125, 0.125, 0.125, 0.125, 0.125]

