Action: 0
[0.12805875321584181, 0.10412581393381694, 0.2560239235847681, 0.10235727041271728, 0.10236242761470406, 0.10235727041271728, 0.10235727041271728, 0.10235727041271728]
[0.21692571169411945, 0.10392156078699187, 0.1595449235839294, 0.10392156078699187, 0.10392156078699187, 0.10392156078699187, 0.10392156078699187, 0.10392156078699187]
[0.21197853041826115, 0.10471437290692243, 0.15970560921185806, 0.10471437290692243, 0.1047418878446379, 0.10471648089755319, 0.10471437290692243, 0.10471437290692243]
[0.125, 0.125, 0.125, 0.125, 0.125, 0.125, 0.125, 0.125]
[0.11371223299605372, 0.10116391044888096, 0.22789347857777292, 0.10116389852503344, 0.1525747838771587, 0.10116389852503344, 0.10116389852503344, 0.10116389852503344]
[0.10782176180898251, 0.10459777788715822, 0.2643728578487231, 0.10459777788715822, 0.10459777806130972, 0.10481649073235191, 0.10459777788715822, 0.10459777788715822]
[0.125, 0.125, 0.125, 0.125, 0.125, 0.125, 0.125, 0.125]
[0.125, 0.125, 0.125, 0.125, 0.125, 0.125, 0.125, 0.125]

Action: 1
[0.22781196535022766, 0.10242449164447374, 0.10242449164447374, 0.10242449164447374, 0.15555573491379354, 0.10450984151361002, 0.10242449164447374, 0.10242449164447374]
[0.10507057839034226, 0.10507057839034226, 0.10507057839034226, 0.10507057839034226, 0.2101411567806845, 0.1594353728772619, 0.10507057839034226, 0.10507057839034226]
[0.10250596296361447, 0.12553045441938868, 0.10231694793421285, 0.10231694793421285, 0.25784899252530924, 0.10484679835483617, 0.10231694793421285, 0.10231694793421285]
[0.125, 0.125, 0.125, 0.125, 0.125, 0.125, 0.125, 0.125]
[0.10392046552843553, 0.10392638040981292, 0.10392046552843553, 0.10392046552843553, 0.11300506526803752, 0.2634662266799718, 0.10392046552843553, 0.10392046552843553]
[0.10494733662947493, 0.10494733662947493, 0.10494733662947493, 0.10494733662947493, 0.10582395559076142, 0.26449202463238897, 0.10494733662947493, 0.10494733662947493]
[0.125, 0.125, 0.125, 0.125, 0.125, 0.125, 0.125, 0.125]
[0.125, 0.125, 0.125, 0.125, 0.125, 0.125, 0.125, 0.125]

