0.125 0.125 0.125 0.125 0.125 0.125 0.125 0.125
0.099626400996264 0.07845579078455792 0.199252801992528 0.15691158156911583 0.08685378548392246 0.06839735606858895 0.17370757096784492 0.1367947121371779
0.07295173961840629 0.12906846240179573 0.09118967452300787 0.16133557800224468 0.08754208754208756 0.1548821548821549 0.10942760942760946 0.1936026936026936
0.09641410499022565 0.0778282534258448 0.1928282099804513 0.1556565068516896 0.09359125151960135 0.07004542808326032 0.17354538898240615 0.14009085616652064
0.07457017703315126 0.12428362838858546 0.10515787560218497 0.14914035406630252 0.09321272129143907 0.15535453548573178 0.11185526554972691 0.18642544258287813
0.09418921959122636 0.15698203265204397 0.09287267413980885 0.1412838293868396 0.12771153374279287 0.19622754081505495 0.10596287204012969 0.08477029763210375
0.10879953170720964 0.087826128004615 0.14750872652225847 0.10978266000576876 0.1457531105868732 0.10539135360553803 0.16319929756081447 0.13173919200692252
0.1296857357109416 0.10212751687236651 0.17697370967258252 0.12255302024683982 0.12838603193431555 0.09776165978349309 0.13567123120529276 0.10684109457416804
0.08094833864759816 0.12018733324055447 0.10100427867332148 0.14422479988866538 0.10107473165517163 0.16411091811735812 0.10816859991649905 0.1802809998608317
0.06267626140084985 0.11088877017073437 0.05970271712541161 0.09667226117448638 0.14565624089300475 0.22177754034146874 0.10928168654507156 0.19334452234897276
0.09362833810698123 0.0755795018453945 0.19763362793160455 0.151159003690789 0.10940386485009927 0.06802155166085505 0.16853100859256623 0.1360431033217101
0.11578475373355783 0.08378068532068933 0.1514673253774922 0.10053682238482721 0.14670999081849798 0.11646713663020757 0.15958225775369397 0.125671027981034
0.08338587051774252 0.1475288478390829 0.09099244034846869 0.12861489298791842 0.13087101015736297 0.1770346174068995 0.08723444915702293 0.1543378715855021
0.11250624340916775 0.08199846746906282 0.1359249457083451 0.09839816096287538 0.15888481591229822 0.13310210825072738 0.15618755708392915 0.12299770120359421
0.07723765814005668 0.11595297191387106 0.09460001517352988 0.13914356629664526 0.11682523457971505 0.17795342130289157 0.10435767472248396 0.17392945787080655
0.09193317481314164 0.1424579483212949 0.08404647168780928 0.1282121534891654 0.13378749094346237 0.24647635353475317 0.09615911511687406 0.07692729209349924
0.06072447690898704 0.09261293723485212 0.05425388644443957 0.0833516435113669 0.1442536679097539 0.29807812875422635 0.10002197221364027 0.1667032870227338
0.06756069501726722 0.11953046041516507 0.09217728175222505 0.14941307551895633 0.1059796984023561 0.1847020557453818 0.10134104252590083 0.1792956906227476
0.07293736542802114 0.11398317309400938 0.08951314811593986 0.13677980771281126 0.10732287371715575 0.20590401650644 0.10258485578460844 0.17097475964101405
0.0676248661948944 0.13280926033371343 0.09729391353800844 0.1495549925464011 0.09970213270754899 0.17211154433141068 0.10143729929234159 0.17946599105568126
0.09036438015351805 0.08230381696274557 0.21040913206731743 0.14588948121170384 0.10051066614097481 0.07656610609687435 0.16265588427633249 0.13130053309053347
0.10003803593751141 0.07243759130319255 0.22147422859444837 0.1448751826063851 0.09931566932469436 0.07517506845182102 0.1603827825353551 0.12630144124659215
0.06720198492201652 0.12738056450936552 0.12444546247843598 0.14861977434676732 0.0999640550012532 0.15324145214301607 0.1008029773830248 0.1783437292161208
0.08871056087249128 0.08052174888960711 0.22502089979231804 0.1432194597218534 0.09985284173093942 0.07409796567263843 0.1596790095704843 0.12889751374966807
0.09674717120534132 0.07003929921908618 0.24709002098036206 0.14007859843817236 0.0962999619871833 0.07255237771548206 0.155072766687761 0.12211980376661179
0.07494060674990378 0.11380217652865984 0.12697218182705455 0.1365626118343918 0.10564162487256787 0.16895557451863855 0.10242195887579386 0.17070326479298975
0.10718678923206992 0.07848362014006584 0.15335402405095705 0.09418034416807902 0.1586096974232299 0.14096748498489797 0.14949260979060158 0.11772543021009874
0.06620711335663236 0.12633127535397595 0.1138458173722012 0.14641957761562926 0.11179933993241734 0.16038271319544015 0.09931067003494853 0.17570349313875508
0.08831570430027195 0.08014086103223371 0.2250187559000481 0.14258198043658363 0.10237701183152581 0.07427363636592213 0.1589682677404895 0.12832378239292525
0.08462705749615812 0.073788343836563 0.2670079834301445 0.136626815716689 0.0966081973865473 0.06604876449579347 0.1523287034930846 0.12296413414502011
0.0974313242198765 0.08452115453633445 0.20804892590152352 0.09831172775198382 0.14687948311120558 0.100686324846881 0.14614698632981474 0.11797407330238059
0.09727771626592785 0.0852630561301539 0.18892773931268442 0.09815673177435491 0.162808093422309 0.10386201056645221 0.14591657439889177 0.11778807812922588
0.08439967623454621 0.07402526369214898 0.2536531014887599 0.13625971825818306 0.10932893860293405 0.06778013806887996 0.15191941722218316 0.12263374643236473
0.09332586922076368 0.06770413735870293 0.2694630163553947 0.13540827471740585 0.09671957827057098 0.0694283582342531 0.1499025263456833 0.11804823949722562
0.07396960752488965 0.11253198111612114 0.13575255204775374 0.13503837733934537 0.10630682701501841 0.1663239002781808 0.10127878300450903 0.1687979716741817
0.06110561437701059 0.09473337494643257 0.06840930148171324 0.08526003745178931 0.14613572392856816 0.2715238279687604 0.10231204494214716 0.17052007490357862
0.07836466464700076 0.15167506358375704 0.08059107260476092 0.1208701533608572 0.13028379881849947 0.21118956762907964 0.08198149532301617 0.14504418403302866
0.0868732130876615 0.13404996775961228 0.1159878215770973 0.16085996131153474 0.09483921433342304 0.18301079897304331 0.08414213360911048 0.14023688934851744
0.0767734686660766 0.1107827264929269 0.10290105112088536 0.1329392717915123 0.10438995217496884 0.20633498617060536 0.09970445384363423 0.16617408973939038
0.06515941538051835 0.12808728088972376 0.10369438659291241 0.14410255324537716 0.09995048993097011 0.18834368699526813 0.09773912307077755 0.17292306389445256
0.09915916142862825 0.06998739180144053 0.22363133240470967 0.13997478360288107 0.09831943844354334 0.09194075439563575 0.15495783939757282 0.12202929852558864
0.06518191973185042 0.12352234223444875 0.13048366601696657 0.14415232248389998 0.09899265725464941 0.16691142569972928 0.09777287959777564 0.17298278698067995
0.0980881686677832 0.06920909945150408 0.2357791235991162 0.13841819890300816 0.09708513305308634 0.08751336421055451 0.15323463614822228 0.12067227596672507
0.06510152330022174 0.12329833282702442 0.13310526357225816 0.14397452268318273 0.09869998089485225 0.16539866455230884 0.09765228495033262 0.17276942721981925
0.09785832529113535 0.06904741208162979 0.23781618180161668 0.13809482416325958 0.09682171323467172 0.08709453688240089 0.15287664701834186 0.12039035952694425
0.0979447247528462 0.13865143144220257 0.12376176472935971 0.12478628829798231 0.13163371580323213 0.21476058577210116 0.09358971622348675 0.07487177297878939
0.0934627698752415 0.13194593168596036 0.09588092259814075 0.11875133851736432 0.13534380287613754 0.26430092744871375 0.08906350388802325 0.07125080311041859
0.062181542981243294 0.08829766854886799 0.06055406633060703 0.0794679016939812 0.1463388839547189 0.3088626510698417 0.09536148203277743 0.1589358033879624
0.08558731855912276 0.1278670398528684 0.08082246287036299 0.11508033586758155 0.1354203404490614 0.29986404897976776 0.08631025190068617 0.06904820152054894
0.07169945609171238 0.14401015160597413 0.07665294180048578 0.11058969361680294 0.11887177514328981 0.27045968764408773 0.07500866175748372 0.1327076323401635
0.08587765079906326 0.07973047340733731 0.20808746647038123 0.13864584586836717 0.10282886675630774 0.10546866397869889 0.15457977143831386 0.12478126128153046
0.08374962580670073 0.07310912397191019 0.2621241248792764 0.13521023925419154 0.09647740449086308 0.07689093981622445 0.1507493264520613 0.1216892153287724
0.06465776951174895 0.12299091450950961 0.1388332097742472 0.1429931441125217 0.09810524213362562 0.16384129275569745 0.09698665426762343 0.17159177293502603
0.09747738616112252 0.06881254469447967 0.24045155536849278 0.13762508938895934 0.09650082337189195 0.08679512254166333 0.15235663131378485 0.11998084715960558
0.05700592403414533 0.10795597916718391 0.0822617054932122 0.08792629703096973 0.14403305188762736 0.24556950385513016 0.09939494446979187 0.17585259406193945
0.06221699746902071 0.12248963842617809 0.09557454763110872 0.13759528286418043 0.10462471158242832 0.21905898638653631 0.09332549620353106 0.1651143394370165
0.08549273512318833 0.08437717142324189 0.21627468489056714 0.13802441574105107 0.09928265348505433 0.09843944194821232 0.15388692322173902 0.12422197416694596
0.08299982801933856 0.07718487518036955 0.2647079159462126 0.1339997223444743 0.09509894709340384 0.07600927087136487 0.14939969043480938 0.12059975011002687
0.0815436610124634 0.07503493321896379 0.2825708218174907 0.13164880211650717 0.09270583005566464 0.07123344005161981 0.1467785898224341 0.11848392190485645
0.0949646372891512 0.0871203351734212 0.2118665705138082 0.09582275148152306 0.14329374487473667 0.10949770295580528 0.1424469559337268 0.11498730177782766
0.08201506123614836 0.076786177037491 0.26138299585821173 0.13240985789932389 0.10344317528139162 0.07716675035297481 0.14762711022506705 0.11916887210939149
0.0814869267476584 0.0749541076204484 0.2811499736651687 0.13155720703838825 0.09438232758389252 0.0713915028641092 0.1466764681457851 0.11840148633454943
0.0949525049080091 0.08709941118016576 0.21139553586030638 0.09581050947043086 0.14381563669734793 0.10952503315720925 0.14242875736201363 0.11497261136451704
0.08938824407879152 0.07614482731017054 0.25977159987321663 0.13107978341333437 0.10288335402881016 0.07661620979119708 0.14614417643247876 0.11797180507200092
0.10311034202917568 0.08672378165556623 0.20363851165882876 0.0951086239748534 0.14573244286231885 0.11017059161815831 0.14138535743127462 0.11413034876982407
0.10375797249802846 0.08763904609419636 0.184371109895121 0.09435935996602182 0.15857330745369766 0.1177964459752642 0.14027152615844438 0.11323123195922619
0.11068676393445458 0.08708726579296451 0.17700326543365297 0.09348391174563944 0.1617002540227442 0.11888773139569217 0.1389701135800849 0.11218069409476732
0.09044195275517192 0.14740433393252333 0.13511643460658343 0.15821145079923546 0.09443787592622035 0.15151616911525562 0.08048147714569803 0.14239030571931188
0.11412536452094889 0.07737726014880243 0.16119765097385497 0.09285271217856293 0.154338334307325 0.13665753022101187 0.14738525742629036 0.11606589022320364
0.09299476815752396 0.1482582233160536 0.09332967259729917 0.11280822724633527 0.12673119783566936 0.2139946318453064 0.07651340630621 0.13536987269560233
0.10134285486167291 0.08570921462850153 0.21055818469370952 0.13386688849383915 0.10195207668416062 0.09683899038933583 0.14925159060432514 0.12048019964445524
0.10047299386293679 0.075966437000827 0.2592364215030128 0.13109954999632437 0.09417983787495257 0.07488895006786006 0.14616621469739446 0.11798959499669193
0.09875088983675116 0.073600330135125 0.27753244059852006 0.12895808816658763 0.09114284842811687 0.07017447891714823 0.14377864456782233 0.11606227934992887
0.09781091455267585 0.07284353546799871 0.28425030608484564 0.12808452637810158 0.0899592820514903 0.06897067335975779 0.14280468836483862 0.11527607374029143
0.097407614405377 0.07257815921553187 0.2867027581960301 0.12775984159155185 0.08951094819049898 0.06861413191056995 0.14244268905804364 0.1149838574323967
0.07727938328042544 0.12624054330558768 0.14283701810085186 0.13894269263704134 0.09466341179626941 0.15906632818764227 0.09423939152773238 0.1667312311644496
0.09954859815596813 0.08258295304885514 0.23285876068199332 0.1338412761986607 0.09460816868350333 0.08688005984565834 0.14922303480656648 0.12045714857879465
0.1013659167747451 0.07494179370714023 0.2674616433552736 0.12991592070514224 0.09189720676722535 0.07264663368757486 0.1448465563682705 0.11692432863462801
0.10051525598023485 0.07308872598266358 0.2801842679752035 0.12820316426433054 0.09023215714279174 0.0694566200624679 0.1429369607544103 0.1153828478378975
0.13337540275992377 0.09684033760186654 0.23768863983227942 0.10646240727058051 0.1194891055711087 0.0916303012697878 0.11869763915093082 0.09581616654352244
0.14131813150381733 0.09960032395156095 0.22045572297732569 0.10505041388535451 0.12638753158289467 0.09551913170318323 0.11712337189904451 0.09454537249681905
0.1102829052773837 0.07583502874898662 0.2596272114954918 0.12734244005145784 0.09726900514638608 0.0730578957437743 0.14197731749020745 0.11460819604631206
0.10342783156632901 0.07312866281243574 0.27672129266216067 0.12801945747434793 0.09128044732738605 0.06947265503738592 0.14273214139304166 0.11521751172691314
0.1015061377161045 0.07250411289629612 0.2833046198089101 0.12749779900691657 0.08968220248833059 0.06860657784562514 0.14215053113159204 0.11474801910622491
0.08018933498722333 0.12591941336881599 0.1419606717976838 0.13852425523987566 0.0945104046676956 0.1587112318359827 0.0939555818148722 0.1662291062878508
0.13248408540250003 0.1082688235162248 0.19058845358330714 0.10968769706522448 0.12405716942450741 0.11390124707084354 0.12229359657869059 0.09871892735870204
0.1447576951272873 0.10221873238107425 0.20404540517759534 0.10589608574807884 0.12859879096770366 0.101110580508848 0.11806623291614164 0.09530647717327095
0.11223206722134209 0.07649366658114415 0.25315199038329894 0.12791433504273897 0.09816198110378895 0.07430812040246655 0.14261493772675524 0.11512290153846508
0.1045421722925271 0.07331935659426658 0.2742000207878861 0.1282128387046883 0.09160418758190336 0.06978212217107303 0.14294774703343605 0.11539155483421946
0.10226817049416828 0.07254407355158149 0.28227649429110535 0.12751978980824444 0.08977421730468059 0.06867439448883192 0.14217504923396806 0.11476781082742
0.08067880940177152 0.12588359240646213 0.14171338174719222 0.13846372855069308 0.09450363454681952 0.15868585015619446 0.09391452893003531 0.16615647426083166
0.10138565645100174 0.08244019757142329 0.2321057341550387 0.1336236534217821 0.09446708232773426 0.08673598634256346 0.14898040165085255 0.12026128807960389
0.11955282599955014 0.08673193257098333 0.19338747164212672 0.09396165316299451 0.14182375234119568 0.11210807220346287 0.13968030828409334 0.1127539837955934
0.10751883142974224 0.07519595525913952 0.24980144778732266 0.1290824589829039 0.10162382332257425 0.07668596138709308 0.1439173087466108 0.11617421308461352
0.12068868488438554 0.08513937180746566 0.1982754433172226 0.09325859158667743 0.1432232496623825 0.10886918880750909 0.13863516003034435 0.1119103099040129
0.0831057902720056 0.1267305158588473 0.12149311131986437 0.13629974759377378 0.10478374424715668 0.17158060827135102 0.09244678532447266 0.16355969711252852
0.11614221917760305 0.09386950733131055 0.1582460653122271 0.09491985680889238 0.1465474732889181 0.13526630754969618 0.14110474236068182 0.11390382817067085
0.10792432546252595 0.07693636551447779 0.23604561127778234 0.13058431079402458 0.10374935281046217 0.08164239298858815 0.14559176143751695 0.11752587971462214
0.0818468296566072 0.12681972384626367 0.1312221937601619 0.13854491312704328 0.09750266011131169 0.16384019049477433 0.09396959325138589 0.16625389575245195
0.07627442261739276 0.1355215122238913 0.1063494981318037 0.13707921053428812 0.09497362970888744 0.19233120960629124 0.09297546453629978 0.16449505264114575
0.10165154090639751 0.08449844511667111 0.21772043994695925 0.1349711003222618 0.09554247737106297 0.09365930165746313 0.1504827043891486 0.12147399029003561
0.10395466817144634 0.07539366772184929 0.26140402160017145 0.13026808473207102 0.09237229223930504 0.07412679629889447 0.1452391929773986 0.11724127625886391
0.10290639734214144 0.07312027456890915 0.2775739083534632 0.12812133121298191 0.09032293068562719 0.06980023673609266 0.14284572300910073 0.11530919809168372
0.08102973920401119 0.12597499245909574 0.14062515042857615 0.13843196537131353 0.0946012376320073 0.15932557125105065 0.09389298520836918 0.1661183584455762
0.07621154406167976 0.1353812046754432 0.10845007275633858 0.13709580825952422 0.09438434385371887 0.1909753343580152 0.0929867221238512 0.16451496991142905
0.10159395281044371 0.08441629828920327 0.21855381331660706 0.13485843656206226 0.09534397279015476 0.09350384062140343 0.1503570927042694 0.12137259290585602
0.10394732947254404 0.07535216342622682 0.26169992652184443 0.13020744319186583 0.09229512158197614 0.07413973474730584 0.14517158218555787 0.11718669887267925
0.10293066774140813 0.07309851544070996 0.27766670528746173 0.12808782371241242 0.09028842415250608 0.06984045767780502 0.1428083646465255 0.11527904134117119
0.08105755879850046 0.1259470876720859 0.14062993692787154 0.13840258535345046 0.09457801897759502 0.15942865195445055 0.09387305789190552 0.16608310242414054
0.10175387533813902 0.08241778036834635 0.23154075922402756 0.13354123631666784 0.09445138478491441 0.08721933855372352 0.1488885127291804 0.12018711268500107
0.10354286131795959 0.07476416335479745 0.26655482817309856 0.12957932225782967 0.09169935218873704 0.07276680845672684 0.14447127421880412 0.1166213900320467
0.08122071146119048 0.12637477909693567 0.13814424971610198 0.13852165125375132 0.09492862893862633 0.16063018239591353 0.09395381563297917 0.16622598150450155
0.10148267579700851 0.08636269224790664 0.22983666284232093 0.13294559371636247 0.09425605857570088 0.08724086679519417 0.1482244156807802 0.11965103434472622
0.10326644616474409 0.07780448387139506 0.2654733402376539 0.1291519009668494 0.09146297477033127 0.07260941174238954 0.14399473137647234 0.11623671087016443
0.10242123267030627 0.07554259770766505 0.2786836604730185 0.1274534687842289 0.08977803353589497 0.06931177868155954 0.14210110624152084 0.11470812190580598
0.1017698504263656 0.07485006208771827 0.2835385531078476 0.12682331917996545 0.08902733865338454 0.06845135282389254 0.14139853645885703 0.1141409872619689
0.10145683771976327 0.07461945937293334 0.2853225889166165 0.1265959396092049 0.08872800339458653 0.06819580013252745 0.14114502520608366 0.1139363456482844
0.08045322207061303 0.1297160880153904 0.14191762919168946 0.13760282134595428 0.09381312226916463 0.15804312223130887 0.0933306092607342 0.1651233856151451
0.10115311047120944 0.08676454692243213 0.23129608842197344 0.13272913543971165 0.09388327561870102 0.0867345403743147 0.1479830808559173 0.11945622189574047
0.1031382652109093 0.0778251940533138 0.26601998411344135 0.12907817735005997 0.09133908115967779 0.07251640345202935 0.1439125350455146 0.11617035961505397
0.1023715916690183 0.07552990153706332 0.2788840074851759 0.12742413903566535 0.08973445386872236 0.06930577551159604 0.1420684057606597 0.1146817251320988
0.10174970925195667 0.07484113823940353 0.28360975005577627 0.126809862980473 0.08901050275348157 0.06846662623586636 0.1413835338006169 0.1141288766824257
0.10144766294917669 0.0746143551583834 0.285345960600873 0.1265883387041708 0.08872040659469135 0.06821722039474866 0.14113655076420237 0.1139295048337537
0.13514402909880166 0.09941731288717795 0.23840774346162638 0.105462058805131 0.11818953519934801 0.09088114235847201 0.11758232526482515 0.09491585292461789
0.12604548121198722 0.09038601399440434 0.19192420418712935 0.09090574501108045 0.1458545685722781 0.1106595974411133 0.13513749556871063 0.10908689401329653
0.1427361813063431 0.10255449854896204 0.20362392334527127 0.105117130903502 0.133922705709556 0.10024238597781676 0.11719775639539701 0.09460541781315178
0.14697828277926683 0.10436379554817331 0.20697440398731526 0.10431666744034701 0.12986021533337294 0.09731633484515376 0.11630529937005851 0.09388500069631231
0.08731778402451842 0.13516654273889878 0.12264545717452684 0.1346082789610514 0.10108529596728084 0.16634717804166194 0.09129952833880008 0.16152993475326166
0.07660576442703354 0.14314858565291125 0.1035290662442012 0.13543456324403652 0.09483485903961984 0.19206572086426826 0.09185996463508564 0.1625214758928438
0.10136425418120192 0.08986465383119303 0.21556950900959865 0.1341562841920795 0.09514032204798885 0.09359007575389744 0.14957424521116924 0.12074065577287157
0.10374153073944398 0.0787146222405767 0.2600836241486232 0.1298008477986561 0.09207769399510532 0.07404265939373547 0.14471825866506882 0.1168207630187905
0.13663143725441063 0.10084093473147004 0.22999780510180812 0.10615234081696677 0.11978829460845497 0.09270014255718022 0.11835193819443907 0.09553710673527009
0.10982342028158326 0.07872496438393135 0.2627812577485886 0.12635180380866518 0.09533964305988545 0.07238945528197607 0.14087283200757147 0.11371662342779866
0.10382205384871827 0.07558436928376322 0.27733168229756916 0.1272266477168452 0.09047051990561804 0.06921252632399218 0.14184821767833336 0.11450398294516068
0.10211882715664054 0.07486479091827244 0.2829834990184148 0.12683132691084376 0.08918030358382333 0.06846559371105118 0.14140746448119446 0.11414819421975939
0.08059070236430589 0.1297904781509826 0.14139424688489896 0.13761734564444003 0.09391690667295778 0.15820904498503172 0.093340460524055 0.16514081477332804
0.07564248217746786 0.14215940513515204 0.10793741455864922 0.13590043151165584 0.09358707044062203 0.1895167335110821 0.09217594485138396 0.16308051781398697
0.1010288480696106 0.08961089328532204 0.21743952132531108 0.1340243195191038 0.09477204816664021 0.09307536761790751 0.1494271144489112 0.12062188756719341
0.10360372854777106 0.078628714444914 0.26079963011320245 0.12971918263485485 0.09194719071080133 0.07392708107524128 0.14462720810184562 0.11674726437136936
0.1026726312673309 0.07578686840887475 0.27694993154403363 0.12766544910610694 0.09001604698682472 0.06967272001034495 0.1423374484809879 0.11489890419549627
0.08071232848137044 0.13007774090905694 0.14004761286189638 0.13768453157889518 0.09412486406551646 0.15874545409420937 0.09338603011438108 0.1652214378946742
0.11516293881892252 0.09877285518865676 0.16383290650160326 0.0943752563227436 0.14250943193198906 0.13180114648841554 0.14029515716037705 0.1132503075872923
0.10741632295565631 0.08036198578818725 0.23769229527217245 0.12975611896325331 0.10245463498464884 0.0808697456175864 0.14466838935156748 0.11678050706692795
0.10417423713312193 0.07651631405745674 0.2680474631373462 0.12845045489377274 0.0927337062092524 0.07125974381294074 0.14321267135171378 0.11560540940439547
0.10251863760192216 0.07524850835468377 0.27956451242429875 0.12726813697959038 0.08992548327889531 0.06903892296889767 0.1418944751100806 0.11454132328163133
0.10176803718674289 0.07477337983888935 0.28384369083957883 0.1267624382820303 0.0890207866311959 0.06841481396672547 0.1413306588010099 0.11408619445382727
0.10145666355718005 0.07459439791389355 0.2854247043385023 0.12656964613846725 0.08871154495326221 0.06821465162566365 0.1411157099484105 0.11391268152462053
0.10133389007232134 0.07452767527942354 0.28600804468192803 0.12649810753375998 0.08860237769630014 0.06814565821301918 0.14103594974286374 0.113848296780384
0.08043317373060412 0.1296712085027359 0.14205846097983763 0.1375762375112934 0.09377215540207223 0.1580847003739839 0.09331257848592073 0.16509148501355203
0.07560838716304735 0.14211753007844333 0.10807587359767959 0.13588581454373722 0.09354888964229166 0.18953449678830303 0.09216603073401307 0.16306297745248466
0.1317146180700253 0.11682972626048428 0.17724529114418233 0.10921529453088054 0.12355686407409981 0.12137753783571775 0.12176690300681754 0.09829376507779247
0.12616300235142341 0.0942682791954361 0.17291607794089886 0.09177908528855777 0.14877904621429705 0.11952383211475394 0.1364357745483635 0.11013490234626933
0.10945015893119434 0.0792327173322249 0.2408103598832828 0.12897603626205922 0.10327453022909253 0.07837910937142985 0.14379865535486305 0.11607843263585331
0.12116052108331132 0.08838987531157537 0.19504305765523902 0.09293563583546383 0.14342521274219228 0.1093678697545542 0.1381550646151074 0.11152276300255658
0.10768391961697156 0.07789151542574269 0.249771478031496 0.12830834770147148 0.10158096581684269 0.07623202803883904 0.14305423243731222 0.11547751293132434
0.12055572714803212 0.08804721684502836 0.19782299323189673 0.09281319443552832 0.14272360152602687 0.10868838624042658 0.1379730472504272 0.111375833322634
0.10745459617431194 0.07777295687296631 0.250864298405154 0.1281964842647984 0.10135110798294532 0.07605420740806598 0.1429295130534394 0.11537683583831854
0.10371399287143641 0.07576634191412703 0.27294228617246824 0.12781599745993552 0.09208788248975659 0.07013380271777928 0.14250529866055495 0.11503439771394196
0.10224438255406773 0.07500593532700164 0.28136740051111603 0.12703574101795104 0.08964322816575601 0.0687357745521167 0.14163537095583495 0.11433216691615593
0.10164473932632481 0.07469019492411894 0.28450714036853586 0.12667846988511752 0.08890916045555727 0.06832263183898926 0.14123704030475046 0.1140106228966058
0.10140657948916645 0.07456494590540826 0.28566901744912027 0.12653916137162124 0.08866918484521093 0.068184143996654 0.1410817217083598 0.11388524523445911
0.10131448424060698 0.07451705553209485 0.28609807452336566 0.12648696725122988 0.08858658570692934 0.06813503306045936 0.14102352915920705 0.11383827052610689
0.0695447948851143 0.11211967125571051 0.19656141319687695 0.19033128480228856 0.06080892663263137 0.10251505585371967 0.09682069705159897 0.17129815632205972
0.09722190715094496 0.06819303147805258 0.2646050284173636 0.13638606295610517 0.08784452456052727 0.07586379704767665 0.15098497811990474 0.11890067026942501
0.0799968408865281 0.12857829278813931 0.1375170475441254 0.1383584098040957 0.09397824746750649 0.16169797439930353 0.09384309534538665 0.16603009176491482
0.07552641977399191 0.1418214398308137 0.1070614041762174 0.13589501874293708 0.09358433472856474 0.19086508667378463 0.09217227358216601 0.16307402249152447
0.1317106484191481 0.11678756439779057 0.17688056498610918 0.10923267295614605 0.1235869980453511 0.1217058668808323 0.12178627865409121 0.09830940566053145
0.11057834164143135 0.08261763917033901 0.24232075588600055 0.12870824333265904 0.09780768235610078 0.07862983239094744 0.14350008622312882 0.11583741899939314
0.13888708475260023 0.10175728232310367 0.22360412501881552 0.10626781621034606 0.12150899217666872 0.09385298028866408 0.11848068464049032 0.09564103458931145
0.11053296143232995 0.07900182404283024 0.2602670752141941 0.12657240607578135 0.09586104833319438 0.07273073236091643 0.14111878707255024 0.11391516546820322
0.12111784767918922 0.08808946610362091 0.20105114212407849 0.09262395347655392 0.14067063137928348 0.10760648721071132 0.13769172785469805 0.11114874417186468
0.10747689196843872 0.0776993320358401 0.2521190762954894 0.12805845533031296 0.10082021544347543 0.07579779803700679 0.1427756210921549 0.11525260979728169
0.12046197416630801 0.08798276999119672 0.19854822612869155 0.09277693893268107 0.1424349809316204 0.10854363211991142 0.13791915101037366 0.11133232671921729
0.10740923211982521 0.07774548864358662 0.2511482915623218 0.1281663407403358 0.10126865738135137 0.07601637761309675 0.14289590527318033 0.1153497066663022
0.1376872798525831 0.100589055822449 0.22660014345650736 0.10606228019766925 0.12224248313012064 0.09311117803790427 0.11825152732486406 0.0954560521779023
0.09850576993208982 0.15434115433697237 0.14611105814201447 0.15489260657945794 0.08578124868092771 0.14217162088617077 0.07879319552085469 0.13940334592151213
0.1048636726541463 0.09018800413723514 0.23215920765647566 0.13182928786466366 0.0916791674367036 0.08365448321003549 0.1469798179625429 0.11864635907819729
0.10392399176124703 0.0782834459977316 0.26624131373146936 0.1289505042268489 0.09080997889091928 0.07196512254664049 0.14377018904097927 0.116055453804164
0.1025496757113801 0.0755850988205494 0.278945280628483 0.12739634049601334 0.0896099209424411 0.0692195644912554 0.14203741246346563 0.114656706446412
0.1018005445764156 0.07484389248303784 0.2836239536245501 0.1267985887782826 0.08897890292231123 0.06846442380841533 0.14137096390653298 0.11411872990045434
0.11863457007178388 0.08723051744539437 0.20850434615763735 0.0924937325132387 0.138285411271114 0.1063607978783993 0.1374981456465459 0.11099247901588644
0.08247358389692509 0.1311565113435114 0.12324390757609537 0.13532843643185083 0.10319844603329843 0.1704170080289296 0.09178798297116839 0.16239412371822098
0.07572921098203729 0.14206745635593743 0.10362421324444626 0.1354010422894974 0.0952488392735139 0.1936107584238594 0.09183722868331129 0.1624812507473969
0.07422387414453929 0.1442464329845239 0.09888207201062964 0.13483934301487357 0.09316790356376312 0.20137691261895146 0.09145625004487078 0.16180721161784828
0.10093004706209659 0.09016337880862793 0.21364222024731766 0.13431853690093448 0.09491034985721572 0.09539363903983515 0.14975514487313143 0.12088668321084102
0.10370982456271269 0.07881271393180155 0.25936024742364533 0.12989003471741942 0.0920905296542469 0.07441792304074696 0.1448176954237497 0.11690103124567747
0.1027458241888343 0.07585196127182837 0.2764162336595368 0.1277315616723391 0.09008870947128873 0.06979614517250429 0.14241115905856314 0.1149584055051052
0.10193209490736896 0.07495045649371118 0.28269503437204313 0.12691799381262164 0.0891535458747059 0.06862058849919205 0.14150409160899755 0.11422619443135948
0.10153313368339409 0.07465100395526707 0.28500329170817934 0.12662357197748472 0.08877327753251509 0.0682786731288251 0.1411758332345986 0.11396121477973623
0.10136515685984934 0.07454675245555233 0.2858527067232688 0.12651702235019235 0.08862721861575328 0.06816878452857847 0.14105703835163236 0.11386532011517311
0.10129883988437435 0.0745095090749034 0.28616561671429586 0.1264782158296402 0.08857248010515915 0.06813117216772517 0.1410137719772257 0.11383039424667618
0.10127346466959705 0.07449601076302408 0.28628097370797095 0.12646400661947702 0.08855217826037469 0.06811783025374407 0.1409979297682826 0.11381760595752934
0.10126391192175532 0.07449107882382744 0.28632352067053285 0.12645878604807162 0.0885446795683167 0.06811300630347104 0.14099210922076044 0.11381290744326447
0.10126034711295981 0.07448926868924674 0.2863392174212384 0.1264568641419975 0.0885419137491222 0.06811124471872412 0.1409899664389136 0.11381117772779772
0.11843851745776166 0.08712625685097856 0.20932874234143306 0.09244410484544387 0.1380835257733492 0.10622155613133356 0.13742437078516728 0.11093292581453264
0.10661091330885471 0.0773714461458597 0.2553950631496284 0.12775699686896677 0.10005171643868174 0.07539304950128484 0.14243951740465396 0.11498129718207009
0.10337480474054712 0.0755949276899013 0.2746494228837615 0.1276197973825862 0.09169030101851208 0.06992637842425685 0.14228655021610728 0.11485781764432756
0.08083630805270894 0.13002279547442497 0.1395291150303316 0.13767813895966438 0.09448319181877335 0.15885498966159659 0.0933816942509028 0.16521376675159727
0.10132334749471023 0.08686926767524007 0.23032056732226394 0.1328150536933833 0.09408656269279 0.08697277950061624 0.14807887329695124 0.11953354832404499
0.1195707512871142 0.09019406619601132 0.19232200823231882 0.09347658517074785 0.14117669749189263 0.11212876728259259 0.13895922213442513 0.1121719022048974
0.10745241674395084 0.07827812016548018 0.24880447935425373 0.1285018619894009 0.10123761592797796 0.07680384360148675 0.14326998642698874 0.1156516757904608
0.09362410061962397 0.15006173376916326 0.153452965849439 0.1580672601588859 0.08310868511820908 0.13901659234781344 0.08040812799386805 0.1422605341429973
0.0781193337431178 0.11156579201702786 0.11385418181864547 0.13387895042043346 0.10258872554427353 0.19223511561563478 0.10040921281532508 0.16734868802554181
0.0749472050370957 0.13698583691336985 0.1015179632389649 0.13544935039636835 0.09508636640366211 0.20160406335301262 0.09186999418188461 0.16253922047564198
0.10102887199117776 0.08893925285094477 0.21474256426145047 0.134224503925764 0.0952524604649606 0.09535998784931239 0.14965030512320254 0.12080205353318758
0.08035582233690275 0.13348840310349322 0.12581888366689373 0.13782514097734336 0.0951895947072886 0.16845058606802468 0.09348139996724159 0.16539016917281202
0.10163940683322603 0.08778376690493497 0.22479937115758727 0.13338755058456153 0.09463526157309447 0.08898868281352385 0.14871716460696638 0.1200487955261054
0.10348508070610796 0.07814873418842298 0.26356382982041693 0.1293709297731244 0.09168824790900582 0.07307040865707408 0.1442389321500357 0.11643383679581196
0.10254778736678964 0.07563933932341248 0.2779677125199919 0.12753118389046364 0.08987640311002248 0.06947175550256472 0.14218775278533782 0.11477806550141728
0.10183400468932981 0.07487785418153434 0.2832657090667854 0.12684506173346013 0.08906323642682926 0.06853080055852213 0.14142277778342494 0.11416055556011412
0.08923460393180153 0.06561295106564968 0.2507683389987048 0.11130810465600811 0.10402809330046885 0.0800112089715243 0.16546697348863296 0.13356972558720975
0.10001844133989433 0.07429847450359602 0.2737175044839185 0.12861914984483747 0.0930530965101063 0.07113534482431827 0.1434007536329755 0.11575723486035369
0.10143709407868692 0.074811307889395 0.28176141712110303 0.12709801272652832 0.0898698621043117 0.06892929536234338 0.1417047992637562 0.11438821145387548
0.10145671500535543 0.0746573167573885 0.28466867885673425 0.12667358131624115 0.08895109084874635 0.06835480411564543 0.14123158991527182 0.11400622318461703
0.11852214530312985 0.08718083730672961 0.20881979344272059 0.09247392091932165 0.13825121775830984 0.10631468578504365 0.13746869438155876 0.11096870510318599
0.10664671874654785 0.07739207543506417 0.25519684856644675 0.12777804299399564 0.10010199854204921 0.07542109475784547 0.14246298226345483 0.11500023869459608
0.1033894411688782 0.0756029373076313 0.27457493763132945 0.12762847485434867 0.0917063865285801 0.06993597019076843 0.14229622494954994 0.11486562736891381
0.10211683498690341 0.07494036473406925 0.2819737238843507 0.126962315272673 0.08951763275074673 0.06866953789646801 0.14155350672938316 0.11426608374540569
0.10159554428323145 0.0746648377614354 0.2847309609465106 0.12665052532196264 0.08886560290303719 0.06830117179180858 0.14120588420224786 0.11398547278976635
0.10138772928118205 0.07455521165947604 0.2857512193235997 0.12652838957129459 0.0886534755790004 0.06817871201642081 0.14106971195486126 0.11387555061416513
0.10130717001810546 0.0745132219647148 0.28612796045531236 0.12648257647948818 0.08858066992677788 0.06813544854767739 0.1410186337763846 0.1138343188315394
0.10127653334213838 0.07449746429154454 0.28626699710377906 0.1264655985750285 0.0885548893668103 0.0681197739232538 0.14099970467991982 0.11381903871752565
0.10126502065988022 0.07449160788927493 0.2863183027029887 0.12645932811249744 0.08854559580048439 0.06811403595148402 0.14099271358214266 0.1138133953012477
0.10126072569682452 0.074489440660476 0.286337234995037 0.12645701426850106 0.08854221140620966 0.06811192631253936 0.14099013381876158 0.11381131284165094
0.10125913037503027 0.07448864008936688 0.28634422142615107 0.1264561605731751 0.08854097181950685 0.06811114918873033 0.1409891820121818 0.11381054451585758
0.11843801914812233 0.0871260047440039 0.20933017079762378 0.09244393088444569 0.1380830158036771 0.10622202938033291 0.13742411218045955 0.11093271706133481
0.08243639337564139 0.1311251492434139 0.12342738410455122 0.13532252121195262 0.10315270737171423 0.17036484832940704 0.09178397090897657 0.16238702545434314
0.10204000230621874 0.08734276372269086 0.22350905759628933 0.13319803014456918 0.09625463797021064 0.0892714176702178 0.1485058634596913 0.11987822713011227
0.1035976634007148 0.0780955887471485 0.2630331221817909 0.12938977238152327 0.09204114045166488 0.07313197744155099 0.14425994025223562 0.11645079514337095
0.08091174186713386 0.13075744018503677 0.13692162068745536 0.13780424443590453 0.094604215921562 0.16016841691894773 0.09346722666087438 0.1653650933230854
0.11525461439827461 0.0989265193047171 0.16283729055603374 0.09440911984234325 0.142710377738019 0.13222563679312302 0.1403454975566774 0.11329094381081188
0.09358680983443185 0.07002269574449489 0.20664060090799613 0.11302880353634859 0.11904377797550939 0.09401783981401386 0.16802490794358685 0.1356345642436183
0.10233666570279148 0.0759670103946933 0.2568129298691601 0.1303769671349379 0.09738625623100801 0.07442031151492236 0.1453605887310427 0.11733927042144411
0.10251541512232733 0.07548183710408116 0.27545803340389985 0.12784453054127912 0.09124825110259212 0.0698547443217506 0.14253711091691865 0.1150600774871512
0.10190958977582734 0.07491683742473865 0.28233667416447705 0.1269579486538752 0.08941670387611968 0.06865145404118372 0.14154863827529068 0.11426215378848767
0.08055289574062366 0.1298046733628952 0.14124518156772653 0.13761997407893148 0.09396780545998963 0.15832325760679705 0.09334224328831875 0.16514396889471775
0.10120525045691672 0.08679128353934532 0.23101443807564795 0.1327458638665508 0.09392979300944666 0.08684036176874385 0.1480017318034529 0.11947127747989572
0.11952760936143146 0.09017096385448901 0.19253634417029467 0.093465675776745 0.14111267348487416 0.11208491783255217 0.13894300458751943 0.11215881093209401
0.12282986057468388 0.089484577746384 0.17784503226758933 0.09181543694551975 0.1542949533195271 0.11706180108370565 0.13648981372796667 0.1101785243346237
0.1085055127317432 0.07836446603103277 0.24275918502886876 0.12877261632886122 0.10428178260018879 0.07784922527339092 0.1435718573099393 0.1158953546959751
0.12085948800661896 0.08819729575428231 0.19561809101842656 0.09289070046943623 0.14368605875639603 0.10919126025605609 0.13808826517546044 0.11146884056332347
0.12305679800913902 0.08903432777200745 0.17870203539821577 0.09169857109834272 0.1549613760381862 0.11619252156915819 0.13631608479693932 0.11003828531801127
0.10851952189185476 0.07826465696462079 0.24307627638310025 0.12871986827760643 0.10438545125239147 0.07767329661136856 0.14351304716921193 0.1158478814498458
0.13821300094483777 0.10083718854331178 0.22382165610947366 0.10622346051879349 0.12326230390041096 0.09361004416172282 0.11843123135453541 0.09560111446691412
0.11036395639971311 0.07884957687249922 0.2603401441625087 0.12655328957111472 0.09621451440808027 0.07268308437562894 0.14109747359645175 0.11389796061400323
0.13825084517220307 0.1005565200333677 0.22960541089923084 0.10576455630759336 0.12056799760259748 0.0921469819025433 0.1179195874056302 0.09518810067683402
0.11017616035239584 0.07866203764718002 0.26256382281147067 0.12630857368815843 0.09548178445065363 0.07230527108146403 0.14082463364933484 0.11367771631934258
0.12097963483293074 0.08799531958059013 0.2017521172620852 0.09258362500978552 0.14049819944759195 0.10745897697505538 0.13763177688021846 0.11110035001174262
0.12302228782854598 0.0889470788535138 0.18065438460144334 0.09163877633088714 0.1538616353420748 0.11568210958742005 0.13622719585905016 0.10996653159706458
0.0831115842545998 0.13135921742091966 0.11679943841596706 0.13504839480176647 0.10636578365296061 0.17365946600003374 0.09159804169163292 0.16205807376211975
0.10237440485321807 0.08752995617957801 0.2207470224229571 0.13341838066767941 0.09710645669678795 0.08999569872997766 0.1487515378488903 0.12007654260091148
0.11997033517672659 0.0904053174622193 0.18930995087115443 0.09358502641541479 0.14228338000207727 0.11302353104591997 0.13912042732798974 0.11230203169849774
0.10764025436167764 0.07838094992661879 0.2476151522821263 0.12862030879986444 0.10155851559159705 0.07702449533689634 0.1434020457813414 0.115758277919878
