0.125 0.125 0.125 0.125 0.125 0.125 0.125 0.125
0.09707602339181286 0.0783625730994152 0.19415204678362571 0.1567251461988304 0.08736842105263157 0.07052631578947367 0.17473684210526313 0.14105263157894735
0.09962640099626399 0.07845579078455792 0.19925280199252798 0.15691158156911583 0.08685378548392246 0.06839735606858895 0.17370757096784492 0.1367947121371779
0.0650914061291107 0.10848567688185116 0.06919289235371705 0.09763710919366606 0.1301828122582214 0.21697135376370233 0.11716453103239925 0.1952742183873321
0.07303949126051504 0.12173248543419175 0.0932151569655942 0.14607898252103008 0.09129936407564379 0.18247655470096516 0.10955923689077257 0.18259872815128758
0.11049187193686184 0.08919223397312943 0.1496785156666205 0.11149029246641179 0.13259024632423422 0.10703068076775532 0.16573780790529274 0.13378835095969416
0.09358544361399722 0.0755448761703351 0.21287983356866041 0.1510897523406702 0.09447513014123744 0.06799038855330158 0.16845379850519498 0.13598077710660317
0.10802985439124976 0.0850735103331092 0.15523393119727624 0.10208821239973102 0.14687099130075873 0.11304845329133657 0.16204478158687466 0.12761026549966378
0.07193082434862229 0.11988470724770385 0.09896671064574354 0.14386164869724458 0.11178368787843092 0.1658491237877655 0.10789623652293345 0.17982706087155573
0.07127556437471101 0.12610292158602718 0.10329401859101686 0.15762865198253398 0.09430760862137103 0.1513235059032326 0.10691334656206651 0.18915438237904073
0.09281686937266781 0.07492446081890053 0.21673158396245987 0.14984892163780106 0.09631175512633718 0.06743201473701048 0.16707036487080207 0.13486402947402096
0.0784490435774861 0.1201917576900615 0.10428624605783046 0.14423010922807378 0.10455609217260309 0.15982653281779743 0.10817258192105535 0.18028763653509222
0.10612794128489167 0.08566954296491255 0.16149111266961333 0.10708692870614069 0.1491247964418403 0.10280345155789505 0.15919191192733748 0.12850431444736882
0.07781253570913947 0.11764004098273435 0.0979000713603688 0.14116804917928122 0.11050267606224468 0.17264052834766921 0.10587603688446093 0.1764600614741015
0.09037231825792548 0.148990237185677 0.0885241061557982 0.12988892472597485 0.1194708443491115 0.17878828462281243 0.08809857503153075 0.15586670967116978
0.09813912151112511 0.07288942978385021 0.2149489351078193 0.14577885956770043 0.09763664421969487 0.07687348680026436 0.16253254939861525 0.1312009736109304
0.07774971698473394 0.118426070199769 0.10286078493785811 0.1421112842397228 0.10743341145179995 0.16719616370667065 0.1065834631797921 0.1776391052996535
0.07335837663445734 0.12074877841744817 0.10647504697773136 0.15093597302181022 0.09676045130379139 0.16822424170814398 0.10237396431044521 0.18112316762617225
0.09965499826205612 0.07325326837560332 0.20530054014041743 0.14650653675120665 0.09815390406317714 0.08721834634959603 0.1621887586338144 0.12772364742412884
0.07380107242189309 0.11884412157494684 0.12672093605936924 0.14855515196868355 0.09812423058918407 0.15492915847083064 0.10075914655267232 0.17826618236242023
0.12504372063195107 0.09409517898475678 0.19128713243240852 0.11761897373094599 0.12759297997863212 0.10736855970880242 0.1311363781746517 0.10585707635785137
0.13551378935867708 0.09487441879080202 0.1929986770660064 0.11384930254896244 0.13494179349590565 0.10253292269037693 0.1260358579296613 0.09925323811960828
0.08430894377632005 0.11323108149987127 0.10950385848570954 0.13587729779984553 0.11089509929473688 0.17442912354382573 0.10190797334988416 0.1698466222498069
0.05759657988472313 0.08359246175012723 0.07178433803919215 0.10031095410015269 0.12526140255481016 0.24045921055050593 0.1203731449201832 0.20062190820030537
0.06944243800155699 0.11620861815052244 0.09759001945312656 0.14526077268815304 0.1007566282098149 0.19790389827386035 0.09852469799718207 0.17431292722578365
0.06843100115188007 0.10160898365139345 0.14291417727512287 0.2032179673027869 0.06518582723525883 0.1351790325817218 0.10629862905068856 0.17716438175114757
0.05718230010873815 0.08515406187836157 0.08076378787181883 0.10218487425403389 0.11697289845786893 0.2307504798162703 0.12262184910484066 0.20436974850806777
0.05936918613775033 0.09937742595214774 0.05938506236912529 0.08663673031725701 0.14512631405384543 0.2788946471332436 0.0979371734021166 0.17327346063451401
0.0984575514469821 0.06994842952634417 0.20221265643165595 0.13989685905268834 0.10360466356014643 0.10904690196257741 0.15487157371726182 0.12196136430234368
0.07884755296025728 0.11162168210626423 0.12215523519211047 0.13394601852751706 0.10362435018071023 0.18191312397810674 0.1004595138956378 0.16743252315939633
0.08334669108021471 0.1365966607377664 0.08923603118390279 0.11908426833548869 0.11690298346700866 0.23116204380026606 0.08077019939276624 0.14290112200258642
0.10133980002261914 0.06929278020679507 0.2167966612717357 0.13858556041359013 0.10001712022795482 0.09972998476374584 0.153419912220173 0.12081818087338625
0.08576580845950599 0.137494371325947 0.10745724476514099 0.11986688782262046 0.11714290038331715 0.2071315022896771 0.08130101956664691 0.14384026538714456
0.09337511366530565 0.06927288414327404 0.22171927618152343 0.13854576828654808 0.10051059073162802 0.09741698313076576 0.15446819240306178 0.12469119145789326
0.0780021071869824 0.11116712592571222 0.12858047527593763 0.13340055111085464 0.10508883918215364 0.17695979909665005 0.100050413333141 0.16675068888856834
0.0959901858102904 0.13555419592081722 0.09891520670244992 0.12199877632873547 0.1293186952540225 0.2535245919398916 0.09149908224655162 0.0731992657972413
0.06520239470123146 0.08843343967843345 0.06107107992715463 0.0795900957105901 0.14277100644009852 0.3082436772686034 0.09550811485270813 0.1591801914211802
0.05984981288025723 0.08629878967199765 0.054646668544258564 0.0776689107047979 0.14315231855724156 0.3298429853860938 0.09320269284575745 0.1553378214095958
0.0712261531938434 0.10379226172779238 0.08632808213909632 0.12455071407335083 0.10782374705611457 0.2571776136631009 0.09341303555501314 0.15568839259168854
0.07487487771986323 0.10690365495419592 0.09543049790414394 0.1282843859450351 0.1041947903479589 0.23374302123873267 0.09621328945877634 0.16035548243129388
0.07597880577330343 0.10777629246802241 0.09806043630072422 0.12933155096162688 0.10410376192554686 0.2260860506475224 0.09699866322122018 0.1616644387020336
0.11369817262245176 0.07605595541790434 0.14724871552010518 0.09126714650148522 0.155396889098063 0.15738070120283987 0.144868486510294 0.11408393312685652
0.08199422413368944 0.1074967758613295 0.10955266377938162 0.1289961310335954 0.11690129448523782 0.1970666486395754 0.09674709827519655 0.16124516379199424
0.0818320627624689 0.13355782519144793 0.08586110316966103 0.11643502708998028 0.11776928719190109 0.24584933936466494 0.07897332272189965 0.1397220325079763
0.10375444303525287 0.06849229118928622 0.21558994593928085 0.13698458237857244 0.10137595510462453 0.1027327621964429 0.15164756372393853 0.11942245643260163
0.08541401185445266 0.13654629949616334 0.1077702035344639 0.11904036366332188 0.11680153384437231 0.2108387306395952 0.0807404205716444 0.14284843639598627
0.07762037917914925 0.10774538780419467 0.10141669076926872 0.1292944653650336 0.10772346370818896 0.21761068244409765 0.0969708490237752 0.161618081706292
0.06843038426876005 0.11211952841750847 0.10163505567305099 0.1401494105218856 0.09714804386383223 0.21728042357907312 0.09505786104962677 0.1681792926262627
0.10282086072043184 0.06871134796015908 0.2246075505736659 0.13742269592031817 0.09694167621917057 0.09755889361049264 0.15213257342420244 0.11980440157155943
0.10628377342204753 0.0775870215741147 0.1954945283164354 0.09698377696764338 0.14415545198541127 0.11894201707500711 0.14417289829816837 0.11638053236117205
0.10520592061635035 0.07643348886426676 0.18399573992786844 0.09554186108033345 0.15889643151016672 0.123246931218029 0.14202939348658525 0.11465023329640013
0.07038908030875826 0.11215272509971241 0.12075786821244974 0.14019090637464054 0.11049032420085324 0.18270400209121743 0.09508600606279968 0.16822908764956862
0.06840422086082124 0.11286737716122432 0.10656953316620969 0.1410842214515304 0.10041376217541409 0.20566791271931714 0.0956919067236467 0.16930106574183645
0.09189997853730178 0.06931867630765326 0.22271297149462893 0.13863735261530652 0.09930060510607067 0.09878649649028697 0.15457030209497608 0.12477361735377587
0.09033854202226019 0.0666042524148605 0.2692908093508262 0.133208504829721 0.09530649801850218 0.0768461970651382 0.14851754195194267 0.11988765434674892
0.11897134582238074 0.08778613979068238 0.24123013048897976 0.10973267473835298 0.12470566251551328 0.09647089605188694 0.12234374332768608 0.09875940726451768
0.07705887748918143 0.11154543654120223 0.1347748388804969 0.1394317956765028 0.10343143569191289 0.17186832992831594 0.0945711309805845 0.16731815481180334
0.0747397684868612 0.11214138548877804 0.10992540430911271 0.14017673186097257 0.09867544234047275 0.20105279723580205 0.09507639204483358 0.16821207823316706
0.09961462803321053 0.06851509250542527 0.22335479206633516 0.13703018501085054 0.09810431565793218 0.09727539006259238 0.15277843015388856 0.12332716650976547
0.10033363826272694 0.06563743509114643 0.2683985100720026 0.13127487018229286 0.09408756613514466 0.07575891347146972 0.14636168362115337 0.11814738316406356
0.0987922216785342 0.06444819816186276 0.28559734431427275 0.12889639632372552 0.0916906139070778 0.07085860615627404 0.14370986276689995 0.11600675669135296
0.07832874408795307 0.11225605543190292 0.14612617106714623 0.14032006928987867 0.09668872213667369 0.16272254262458632 0.09517361221400467 0.16838408314785439
0.11625167318741138 0.0760256156256942 0.16425777881902043 0.09123073875083303 0.15362671627798324 0.13975835747062265 0.1448106964298937 0.11403842343854127
0.07977124679801315 0.11040142426401461 0.11612389119182175 0.13800178033001828 0.10903887492205329 0.18745943856987074 0.09360120752818632 0.16560213639602192
0.1001827152061181 0.06819380748550795 0.22577091098045196 0.1363876149710159 0.09998701223738775 0.0946670731331432 0.152062012512461 0.12274885347391427
0.10029117471104503 0.06552464867080401 0.2694590170676462 0.13104929734160803 0.09435053595766127 0.07527077190620449 0.14611018673758389 0.11794436760744724
0.09871926136470541 0.06439928623491449 0.28609228330814496 0.12879857246982898 0.09168695708623632 0.0707841278432309 0.14360079647009288 0.11591871522284607
0.07830088783172034 0.11222539693908637 0.14626012623111753 0.14028174617385797 0.09666774582450097 0.1627783824470791 0.09514761914400802 0.16833809540862957
0.10342621856900151 0.06763665539094775 0.2436552954227793 0.1352733107818955 0.0955849314998856 0.0867398939840147 0.1497531157211053 0.11793057863037044
0.07912988447833519 0.11254792541451104 0.13632608179644706 0.14068490676813877 0.09770457412586221 0.16936367209567982 0.09542106719925936 0.16882188812176654
0.07911720377337826 0.10930977602172247 0.10957815551149729 0.13117173122606696 0.10489374517101217 0.20358592584418908 0.09837879841955022 0.1639646640325837
0.07447154211681202 0.11121455254359057 0.10356865233637899 0.1390181906794882 0.09838725327449531 0.21222738133819624 0.09429059889565287 0.16682182881538585
0.06595444192086343 0.09944575052637028 0.14612053192055063 0.19889150105274056 0.06499208334894484 0.14441809844319123 0.10117524183987239 0.17900235094746653
0.07877289083734733 0.11145788172374978 0.11332225115142489 0.13374945806849975 0.09882427619704776 0.19637432588493087 0.10031209355137483 0.16718682258562467
0.07466269610353497 0.11163695293504153 0.1047285841114385 0.13954619116880193 0.09735811890526572 0.2099633064066895 0.09464872096666566 0.16745542940256228
0.09967619190574861 0.06855256549816566 0.22130632703598688 0.13710513099633131 0.09795227805911694 0.0991508992732366 0.15286198933471568 0.1233946178966982
0.10037147153492833 0.06564972481055187 0.26780278244927025 0.13129944962110374 0.09413128854021223 0.0761866905237991 0.14638908786114102 0.11816950465899337
0.11546713041398517 0.0753162311051942 0.20854390623188598 0.09414528888149275 0.14296909654097947 0.11063070505528791 0.13995329511338328 0.1129743466577913
0.11789652516230185 0.07452743092594807 0.18718834980568153 0.09315928865743509 0.15802579588637666 0.11892392361690876 0.1384875395564259 0.1117911463889221
0.10609790277592612 0.06495013712410637 0.2512804857410541 0.12990027424821274 0.10673661931682461 0.07929522223404442 0.14482911173644014 0.11691024682339145
0.10241633646870513 0.06444883700587771 0.2783756332350046 0.12889767401175542 0.09454081710561635 0.07160150826875744 0.14371128729370344 0.11600790661057987
0.10082028383570824 0.063913738477988 0.2889453309877315 0.127827476955976 0.09121411832836375 0.06971622471189273 0.14251809744196128 0.11504472926037838
0.10012634346599911 0.0636672533899162 0.2929668626248429 0.1273345067798324 0.09019077103031017 0.06914473412286984 0.1419684724843803 0.11460105610184915
0.09983945175299032 0.06356874689371994 0.29448432993065027 0.12713749378743988 0.08984876001334662 0.06894865551283227 0.14174881770032477 0.11442374440869589
0.13373416988718945 0.0851966054093907 0.2472978045196791 0.10649575676173838 0.1203281599895737 0.09236650100206036 0.11873482134480383 0.09584618108556453
0.1074662427303057 0.06365488748522055 0.27515448526038977 0.1273097749704411 0.09668150890059381 0.07321340481708573 0.1419408983625664 0.114578797473397
0.08938185377245177 0.05604544838212642 0.2522623371045295 0.11209089676425284 0.1072198414478212 0.08185989987858686 0.1666306465331281 0.13450907611710342
0.0991052420095283 0.06465970939506693 0.27926654795628086 0.12931941879013387 0.09486030457752057 0.07221979911224452 0.14418150124810447 0.11638747691112047
0.10013038282758585 0.06392572758419349 0.289361812419149 0.12785145516838697 0.09129011936151427 0.0698293616282415 0.1425448313593807 0.11506630965154828
0.08016491249293688 0.1118849605267544 0.14691095758762224 0.13985620065844298 0.09643732890330507 0.16205921076812377 0.09485898827268308 0.16782744079013157
0.10464247087913088 0.06747975793474977 0.24401082151435338 0.13495951586949953 0.09536103251067193 0.08648365560274353 0.14940573185390257 0.11765701383494828
0.09689849044299348 0.13418694925333688 0.11362617800295313 0.11698349422085781 0.11656454831653382 0.2020148201832791 0.07934532651501659 0.14038019306502936
0.10502999263647277 0.06744960962594373 0.223009950324103 0.13489921925188747 0.1010011113231243 0.09679825715183003 0.15040256235994018 0.12140929732669871
0.08107256790587208 0.11222273291444194 0.1312602383962171 0.14027841614305245 0.0987096997956757 0.17297688495865976 0.09514536051441817 0.1683340993716629
0.10538020868841004 0.0678216143906441 0.23763290977884208 0.1356432287812882 0.09632446565980776 0.08878187130311477 0.15016263015266743 0.11825307124522562
0.059959214725983305 0.08292190668143176 0.09954083424030656 0.10365238335178971 0.1202974776489223 0.20915115720683333 0.11717225944115357 0.20730476670357942
0.09810864738768364 0.06845473167363289 0.21864263003388112 0.13690946334726578 0.10298981261000435 0.09903236342692218 0.15264383450807095 0.12321851701253919
0.10216264488827016 0.06549278094046458 0.2663029589262208 0.13098556188092916 0.09507145325735263 0.07605846795862173 0.14603912645530462 0.11788700569283628
0.10124727784064266 0.06425552982264857 0.28445979098509294 0.12851105964529713 0.09176264063328146 0.07082350626534911 0.1432802411269208 0.11565995368076742
0.1176300689483721 0.07474430639900785 0.2133343590489867 0.09343038299875982 0.14133396588919941 0.10851991761452824 0.138890539502634 0.11211645959851178
0.08223603966394735 0.11040887368099254 0.1279055060610079 0.13801109210124068 0.10662139164221834 0.1755962629908716 0.09360752333823281 0.1656133105214888
0.10204590067648046 0.06778081912233667 0.23035381736148852 0.13556163824467335 0.0989849349056124 0.09212630516655916 0.15114111010264325 0.122005474420206
0.1025661129409264 0.06519059651112825 0.2707953842440203 0.1303811930222565 0.09381349955322667 0.0745448397283727 0.14536530028003822 0.11734307372003086
0.08067347304371118 0.11210043164475053 0.14261754974748683 0.14012553955593818 0.09712407187159157 0.16416661636189017 0.0950416703075059 0.1681506474671258
0.14135599248988634 0.09105253837960482 0.19607153268716296 0.1092630460555258 0.1288681851864862 0.11717505850944697 0.12095868346399274 0.09525496322789428
0.08618540716640202 0.11034070227794082 0.12379643080745784 0.13792587784742602 0.10376185607663757 0.17892894656288338 0.09354972584434113 0.16551105341691122
0.1030349576904981 0.06786075511334481 0.2286161395045718 0.13572151022668963 0.09847246639095528 0.0928254564380733 0.1513193554318465 0.12214935920402066
0.08082474458538291 0.11236773602752176 0.13268562453410251 0.1404596700344022 0.0982524199544149 0.17158990288651582 0.09526829793637716 0.16855160404128264
0.10573310178029185 0.06775450303706089 0.23823746334456378 0.13550900607412178 0.09614276512357654 0.08847306396460966 0.15001404009833585 0.1181360565774395
0.09708659936701101 0.13416513078362763 0.11245004184206342 0.11696447299085488 0.11673997933142015 0.20290398293698264 0.0793324251590146 0.14035736758902584
0.07830252747528126 0.11016765891600916 0.1036016957676812 0.13770957364501146 0.10040122101073345 0.21116281964334901 0.09340301516792082 0.1652514883740137
0.10285050249108968 0.06822918131201211 0.22003941097243276 0.13645836262402422 0.09830880283140432 0.09916032254152547 0.1521408908658897 0.12281252636162181
0.10421796146683701 0.0653416157950774 0.2665925992981093 0.1306832315901548 0.09390122645128705 0.07594640622434186 0.14570205074305317 0.11761490843113931
0.12001840369265095 0.07489873328311542 0.20754114472424928 0.09362341660389426 0.1423018502484211 0.11009085460138572 0.13917749692161 0.11234809992467311
0.09680639488573188 0.12753963387290465 0.14628944753284018 0.15942454234113082 0.09261330889270736 0.15274601282891823 0.08109857153874915 0.1434820881070177
0.1225367756398342 0.07570411925781059 0.16438133026004897 0.0908449431093727 0.15213894731430402 0.13663938313608395 0.1441983223958297 0.11355617888671588
0.06128430157851322 0.08034421659050969 0.0847499273694612 0.1004302707381371 0.13226513168187098 0.2265357392960351 0.11352987126919846 0.2008605414762742
0.11113367664539832 0.07664481788594742 0.14810334879963222 0.09580602235743427 0.1580128495155803 0.15290997099991555 0.14242208696717093 0.11496722682892112
0.10796672343274757 0.06577300930589634 0.2352838063124831 0.1315460186117927 0.10805529429881858 0.08631973740256013 0.14666399388508825 0.1183914167506134
0.10512935080255834 0.0646818484375345 0.27189011215448045 0.129363696875069 0.09518614775107889 0.07309064878324416 0.14423086800847246 0.1164273271875621
0.10328029556684067 0.06390106382332862 0.2861328315412973 0.12780212764665724 0.09138030454801906 0.06999162713805505 0.1424898348538104 0.11502191488199154
0.09434351563677654 0.12840210209962422 0.1679497348672264 0.16050262762453027 0.08307615613276656 0.13962650994191153 0.08164698883508713 0.14445236486207721
0.12218174124749356 0.07571216254141631 0.17161431515644332 0.09085459504969957 0.14883986254279555 0.13301543671399613 0.14421364293603106 0.11356824381212448
0.08464648229718025 0.10989071268247348 0.11766888817966147 0.13736339085309185 0.10786248865784823 0.18456375537958963 0.09316821292644492 0.16483606902371023
0.10448694242245386 0.06780285429649192 0.22563185712233597 0.13560570859298385 0.099372578904531 0.09386467567534047 0.1511902452521775 0.12204513773368546
0.10518888856756894 0.0651009012889578 0.2685303972975654 0.1302018025779156 0.0938355154203214 0.07479557920560202 0.1451652933219447 0.11718162232012405
0.09518508381570603 0.12869953774044188 0.1633829801623949 0.16087442217555234 0.08369812069523178 0.141536756345982 0.08183611910669401 0.1447869799579971
0.10847765182214694 0.06700890496318934 0.2508703095706619 0.13401780992637868 0.09200186267025663 0.08242419696024661 0.14836322466412288 0.1168360394229968
0.0834951434251546 0.11198395862168321 0.1378430852223593 0.139979948277104 0.09662878444333863 0.1671502206377127 0.09494292144012273 0.1679759379325248
0.10649911452533746 0.06756982729330757 0.24030615381238796 0.13513965458661514 0.09555782436017303 0.08750821475871824 0.14960515281871925 0.11781405784474143
0.08311574237637942 0.11200757182999926 0.1353179175004354 0.14000946478749907 0.09741755429143577 0.16915745013512237 0.09496294133412982 0.16801135774499887
0.08113164666384567 0.10903898963565652 0.10936586249980312 0.13084678756278778 0.10465473134630641 0.20326840716602487 0.09813509067209086 0.16355848445348473
0.0773725236334769 0.11078646259035753 0.10327430890687649 0.13848307823794692 0.09810943098469148 0.21186684869537628 0.09392765306573791 0.16617969388553627
0.10345187853927626 0.06822292561661715 0.2198684393930382 0.1364458512332343 0.09779666429482864 0.09928603321424978 0.15212694159884482 0.12280126610991088
0.10532253474024825 0.06525612152457709 0.2663355034452346 0.13051224304915418 0.09370349779661202 0.07589766941975865 0.1455114112801764 0.11746101874423877
0.10397519105821505 0.06403501246042151 0.2840175776509145 0.12807002492084302 0.09124198572161858 0.07060866543703505 0.1427885203221936 0.1152630224287587
0.1029973764842579 0.0635780533100599 0.2906786107833738 0.1271561066201198 0.09013454835588958 0.06924523886844577 0.1417695696197455 0.1144404959581078
0.0823154402969156 0.11158111232453005 0.1471198036557968 0.13947639040566256 0.09600825803820423 0.16152594895173303 0.09460137784036245 0.16737166848679508
0.10592019646802565 0.06733977108701748 0.2441637771224072 0.13467954217403497 0.09511552681122151 0.0862724626701551 0.14909578946413315 0.11741293420300486
0.08304999533528779 0.11196776417399804 0.13621171077640604 0.13995970521749754 0.09729877448402548 0.16863121238687684 0.09492919136491139 0.16795164626099704
0.08116549479615613 0.10903626785657122 0.1095742498340663 0.13084352142788547 0.10462784726560706 0.20306557596394292 0.09813264107091411 0.16355440178485683
0.06585257827767568 0.09422994551870026 0.061292687823513735 0.08214918327271305 0.13907365595316173 0.30023928847443815 0.09286429413437128 0.1642983665454261
0.06591495166891208 0.09744946082175004 0.13038440443064025 0.1948989216435001 0.07022205877500778 0.16657693912760704 0.09914423405343267 0.1754090294791501
0.10288255444112894 0.07498569026690899 0.2380487339644122 0.1361854499283676 0.09049176764134728 0.08791713564561555 0.1507628912515913 0.11872577686062814
0.08264236665515945 0.11230041023571455 0.1349329131415588 0.1403755127946432 0.09645574226642913 0.16963122217916507 0.09521121737375798 0.1684506153535718
0.11831247234850724 0.08388658136007067 0.15965274289390882 0.08995528174977978 0.15242090625632612 0.14054175169659572 0.14278616150758694 0.11244410218722471
0.07229602115441061 0.0944678443697382 0.06884557838348619 0.08235658227105382 0.15562289206943347 0.26859917203379624 0.09309874517597387 0.16471316454210763
0.10189188728971604 0.06764722586192702 0.202150955707313 0.13529445172385404 0.11056349352749675 0.10984376226700217 0.15084321707122234 0.12176500655146864
0.08209274627228667 0.11175476109327794 0.12602354507259178 0.13969345136659742 0.10051145264759231 0.17754330011126224 0.09474860179647478 0.16763214163991688
0.14180927869147394 0.10058986088471383 0.1879702875375262 0.10791269234517857 0.12872654181526408 0.11944982054014616 0.11946378639759288 0.0940777317881044
0.08874919160619449 0.11010817483702598 0.12178274140080181 0.13763521854628247 0.1036017428322527 0.17960808550790328 0.09335258301400029 0.16516226225553896
0.08104820562107883 0.11954507066761973 0.10479678801059666 0.12841370338971 0.10456359268650921 0.20480523284506544 0.09631027754228251 0.1605171292371375
0.07744959635663909 0.11084920096835664 0.10226273015256263 0.1385615012104458 0.09812106758908476 0.2125012579711173 0.09398084429925889 0.16627380145253495
0.10358202912795171 0.06824195197638142 0.21943247683708206 0.13648390395276283 0.09782688198394317 0.09942787502302826 0.15216936754136393 0.12283551355748655
0.10546447167915735 0.06525744809546953 0.2661453836397494 0.13051489619093906 0.09371428866647002 0.07592573582109868 0.14551436933527084 0.11746340657184515
0.10411023757354672 0.0640293863664274 0.28392378183152145 0.1280587727328548 0.09123953327193998 0.07060941779183807 0.1427759749723023 0.11525289545956932
0.10312533531892401 0.06357001361936854 0.2906220177251966 0.12714002723873707 0.09012613106615754 0.06923880820729525 0.14175164230945758 0.11442602451486338
0.10264955556453409 0.06340062409762544 0.2931433450888465 0.12680124819525088 0.08967451841147495 0.06883565630855396 0.14137392895798864 0.11412112337572577
0.10244749310618614 0.0633378771768064 0.2940933551612108 0.1266757543536128 0.08949909908437911 0.06870422950977888 0.14123401268977429 0.11400817891825155
0.10236638075997802 0.0633144736164618 0.29445168124928894 0.1266289472329236 0.08943220528234654 0.06865843310609523 0.14118182624327452 0.11396605250963125
0.10233471541286883 0.06330569862171491 0.2945869344570529 0.12661139724342982 0.08940688539755617 0.06864185203360079 0.14116225931468965 0.11395025751908683
0.08224264231052889 0.11151510674725833 0.14801119418606942 0.13939388343407294 0.095805190959789 0.1612139056513269 0.09454541659006686 0.1672726601208875
0.14132171472951902 0.10016670252959133 0.19609843309865618 0.10747602527772429 0.1270303496478503 0.11522934903481274 0.11898037800382989 0.09369704767801604
0.1307030771315451 0.07403256420587515 0.18231316986527274 0.09254070525734392 0.15213878994434832 0.11965487350125802 0.1375679737855441 0.1110488463088127
0.11178458893155958 0.06473320224443135 0.24857492836193584 0.1294664044888627 0.10529034225690163 0.07928539034322708 0.14434537933310515 0.11651976403997644
0.1060204879241862 0.06425370580208352 0.2767821643281782 0.12850741160416704 0.0940511325433214 0.07145225352101067 0.14327617383330266 0.11565667044375033
0.10380931831283757 0.06371350694339438 0.28784913922706784 0.12742701388678876 0.09091296733691523 0.06953213078976514 0.1420716110051212 0.1146843124981099
0.08257345534980488 0.11159760153941273 0.14646569673369164 0.13949700192426592 0.09619467670760938 0.1616598076092029 0.09461535782689341 0.1673964023091191
0.08019546136145876 0.12021553155659141 0.1108382288820242 0.12897951003071287 0.1033687198482354 0.1984435282595516 0.09673463252303466 0.16122438753839108
0.06591587290839881 0.09453456428907027 0.06163303777516171 0.08241474835457407 0.13906654100589183 0.2984412408178018 0.09316449813995331 0.16482949670914815
0.10068010495028056 0.06788399163858859 0.19922472844517167 0.13576798327717718 0.10719692716947278 0.11568391015484769 0.15137116941500203 0.12219118494945946
0.10537444059620674 0.0656065339454886 0.2579884863615014 0.1312130678909772 0.09625566739822904 0.07917726402727002 0.1462927786784477 0.11809176110187947
0.10438767751080145 0.06421617587246761 0.2807935931884113 0.12843235174493522 0.09202756010840919 0.0713610373127923 0.14319248769174123 0.11558911657044173
0.10331736871067339 0.06364501912738656 0.289434656372881 0.1272900382547731 0.0903899455135878 0.06944304419391643 0.14191889339748584 0.11456103442929581
0.08247209966154048 0.1115807649327112 0.14682820244753644 0.139475956165889 0.09606588936390399 0.16160485671683616 0.09460108331251602 0.16737114739906678
0.10523606119365818 0.07455442852043284 0.24265165314218984 0.13331770912939395 0.09459865196722517 0.08582761660586555 0.14758818430278856 0.116225695138446
0.08236467089443357 0.11979794041196586 0.13509399254460755 0.1386568955999377 0.09646545244185462 0.16718722680644826 0.09404554658082732 0.16638827471992526
0.14175403475284223 0.10124355207636282 0.19140513149352142 0.10779820437306604 0.12757096882086705 0.11691314321600356 0.11933704350620253 0.0939779217611345
0.1300741375744891 0.0814648357714798 0.17981627027938735 0.09165233275013873 0.15140425154401088 0.11935802439355434 0.13624734838677338 0.10998279930016647
0.1112821062519726 0.0700985517049928 0.24675524696459103 0.12871300922425102 0.10483226063957767 0.07897171707619856 0.1435053998365903 0.11584170830182593
0.08344010975770359 0.11909457924828439 0.1360704653156709 0.13841245097991464 0.09869272206200912 0.16431498210022985 0.09387974936028995 0.16609494117589757
0.10585808198770479 0.07535609995293843 0.23810398011984127 0.13380669470039272 0.09550285329576334 0.08659078826110096 0.14812951143063416 0.11665199025162441
0.08250339515417732 0.11994054651114507 0.1340501739329382 0.13871910209370575 0.09669599465169401 0.1675401263325097 0.09408773881138303 0.16646292251244688
0.10573340956759632 0.07549791637522547 0.23732782598877566 0.13395965146128544 0.09516685340373074 0.08723016517946691 0.1482988408525423 0.11678533717137707
0.08247920940755858 0.11996014030118195 0.13386258009651592 0.13872436333124533 0.09661993330317548 0.16779323025989673 0.09409130730293162 0.16646923599749439
0.10573486319832434 0.07550473705769568 0.23725054923998512 0.13396943489528357 0.09515706114763733 0.08727981662596261 0.14830967151614619 0.11679386631896514
0.12123309738022488 0.08491836593301441 0.1969957350633174 0.0928629843072715 0.14199412769054703 0.11251304521802974 0.13804706323886926 0.11143558116872578
0.10836155557240906 0.07426441552868779 0.25345041240221705 0.12758266671604085 0.10206651225259866 0.0772048851897553 0.14224515229385448 0.11482440004443677
0.10432567152374353 0.07244184756103153 0.27757196773587856 0.126923952098002 0.09256281901054277 0.0704314505300513 0.14151073465254846 0.11423155688820179
0.10264634929570426 0.07170862923873089 0.2870690653800332 0.1260073103532333 0.08989818700845148 0.06877513189270526 0.14048874751323173 0.11340657931790994
0.10193406195322659 0.0713893994379757 0.290724218926587 0.1255833312997737 0.08905367110421789 0.0682742765995707 0.14001604250885216 0.11302499816979632
0.10164133596208721 0.0712590138832513 0.29212124561809866 0.1254132580009118 0.08876435201345417 0.06810243884871785 0.1398264234726584 0.11287193220082062
0.10152433682976955 0.07120784612721118 0.2926540543421735 0.1253474915736271 0.08866058112537294 0.06803984877140308 0.13975309881417827 0.11281274241626438
0.08108018687675846 0.12466264334021718 0.14624358226040213 0.13716308495111873 0.09441110837189527 0.1588113389870723 0.09303235327119357 0.16459570194134246
0.11782569064254053 0.08478858762084934 0.16333100971457998 0.08986185418106982 0.1517784796740254 0.13744919666112176 0.1426378637794759 0.11232731772633726
0.12335784929949956 0.08518167774016266 0.17001198961748198 0.0914929510226901 0.1593635307989422 0.12479004354981717 0.13601041674417813 0.10979154122722812
0.08389415282444743 0.125443903924078 0.11578186241623224 0.13459655252254213 0.10876316336168705 0.1787129271695427 0.09129157475441987 0.16151586302705054
0.13476151233094733 0.10756231740005187 0.18133308950761015 0.1086856827304984 0.1285218590695404 0.12014199913124318 0.12117642537266016 0.09781711445744855
0.11201321198156049 0.07729561163963772 0.24673667467029234 0.12792425089139614 0.09946393348577819 0.0788084983710592 0.1426259931580193 0.11513182580225653
0.0722315901702868 0.10958655036381933 0.188383213667807 0.1910577879426401 0.06317885014117958 0.10641973252550457 0.09719026604038651 0.1719520091483761
0.07994251286020954 0.12278972173107842 0.12258026923728459 0.1322779912555488 0.09768543373838877 0.18016808866639222 0.09920849344166159 0.16534748906943597
0.06517252016968508 0.11463413995076802 0.06266416810106447 0.08116205812470739 0.13593632077802237 0.2863582630940599 0.09174841353227792 0.16232411624941478
0.07097405312201045 0.1278761420410743 0.08815920682616582 0.1308806845564715 0.10055361133606307 0.23572823373388563 0.08877124691656328 0.15705682146776578
0.07331296898183476 0.13284379696227047 0.09555383156401841 0.13363841847771069 0.09443360270771482 0.2192095692091857 0.09064170992401248 0.1603661021732528
0.10139013110947707 0.08396693272983193 0.21388116147317035 0.13423234382188762 0.0959954396796248 0.10006583572399591 0.1496590460223135 0.12080910943969886
0.08108768851117536 0.12753489212503952 0.1275598014616795 0.1375991433144132 0.09611409643631047 0.17165729157822318 0.09332811459586286 0.1651189719772958
0.10563816369341565 0.07622795514577445 0.2346387381907924 0.13430520636072152 0.09527297034408154 0.08814899177362807 0.14868138433095746 0.11708659016062901
0.12127010583379588 0.08506948872877167 0.19618048160379184 0.09292243200176722 0.14210846207283545 0.11280667512742433 0.13813543622949276 0.11150691840212067
0.08373110465703526 0.12579377369739858 0.12219878633201568 0.13503537303152116 0.10517250738572245 0.17443679772405854 0.09158920953442305 0.16204244763782538
0.13390392016961217 0.1126468131391139 0.1829167011477856 0.10786976279912727 0.12675557825428807 0.11855770243212989 0.12026673553872846 0.09708278651921455
0.11140918839068105 0.08142456006904605 0.2467630540655592 0.12718364678743538 0.09871815062360421 0.07823584310391615 0.141800274851066 0.11446528210869183
0.1050185958968343 0.0759578661885051 0.2745489767749021 0.12673436286220896 0.09181139438453148 0.07056852051394037 0.14129935680308967 0.11406092657598806
0.10267379531145902 0.07450895394628462 0.2855510986849292 0.12569781534519606 0.08961001895637935 0.06868660026916265 0.14014368367591262 0.11312803381067646
0.09281355455104555 0.14796283428257997 0.16520960745023405 0.15644569270840594 0.08101560604262348 0.13616833784544338 0.07958324368210215 0.14080112343756532
0.10710823117872692 0.07661255884673919 0.25017658295746154 0.13241572172058075 0.09073056719064543 0.08092734380162807 0.14658964716319886 0.11543934714101914
0.0724173384848946 0.11483141167288181 0.08377064056127725 0.0843921005233379 0.13943996712056764 0.24096457478137415 0.09539976580899068 0.1687842010466758
0.10026401962459955 0.08499512083716605 0.20626564748867912 0.1324674061745478 0.10542854757851844 0.10366732048210169 0.14769127225729434 0.11922066555709301
0.10394737642651876 0.07772207650572524 0.25895458338582655 0.12888082382511923 0.09468522889707938 0.07612466892404292 0.14369250059308067 0.1159927414426073
0.08129504120622517 0.1301183090653246 0.13792785202591623 0.13675426720636313 0.0954869879085913 0.16155735374780175 0.09275506819214197 0.16410512064763574
0.11546295980343131 0.09847669117955518 0.16411403826594456 0.09359701936684643 0.1433216201879841 0.13357299230023323 0.13913825565578963 0.11231642324021571
0.141096656036188 0.1045280022219383 0.19585108173299254 0.1050702865397287 0.1350205698920215 0.10672461726573741 0.11714552842563782 0.09456325788575581
0.11249767743248998 0.07962474722076524 0.25161473310934734 0.12626470649262297 0.09992109119822817 0.07566308370320145 0.1407757249999841 0.11363823584336066
0.10507787320813355 0.07551670445416485 0.27635466624892907 0.12643675722217193 0.09187890970063173 0.06997445894218973 0.1409675487238245 0.11379308149995472
0.1026290067590154 0.07438592652174808 0.2862263024698384 0.1255966823693865 0.08956001464550647 0.06853412514693533 0.14003092795512198 0.11303701413244785
0.10173129386284943 0.07397397502419564 0.2900526377333165 0.12517298826699685 0.0887861568277832 0.06806871819464086 0.13955854064992038 0.11265568944029718
0.0808121607709746 0.12894497318488335 0.14522094402455318 0.13647469325220918 0.09405921041273152 0.15815294233310748 0.09256544411888971 0.163769631902651
0.1152418365257416 0.09818751063716785 0.1665356837870768 0.09351543891657707 0.14273096940481556 0.1325530531915484 0.13901698083718025 0.11221852669989249
0.10777244037582548 0.07983236661473576 0.2406550724705234 0.12846480126303317 0.10305165632890007 0.08137667532743778 0.14322866648281457 0.11561832113672985
0.10442421341435168 0.07590668443412912 0.27224583108100214 0.12708818195171726 0.09296999483334888 0.0712918918454236 0.14169383868348176 0.11437936375654552
0.10263308973958024 0.07456583575533093 0.28467719060198604 0.12581449039735917 0.08993248868207941 0.06887009581405977 0.14027376765198102 0.11323304135762323
0.11908191303085641 0.08662381300959113 0.21165223437715802 0.0915809049114964 0.13869482220298418 0.10632806046687882 0.13614116610723942 0.10989708589379565
0.08296851195545611 0.13041934599753627 0.12538104815206294 0.13417167159970314 0.1039706096028691 0.17107941212249528 0.09100339465023344 0.16100600591964376
0.10231437153844412 0.08696384784405897 0.22558975455321723 0.13208562581820424 0.0967540774416848 0.09014964391696424 0.14726561565104263 0.1188770632363838
0.08093929014114193 0.13251592616618432 0.12992205156140735 0.13678951693996658 0.09588317776256647 0.16702364039366552 0.09277897670710777 0.1641474203279599
0.07573254702010404 0.1423052990947357 0.10589286110920167 0.13466599016546182 0.09416771463843726 0.1942977281830183 0.09133867159048716 0.16159918819855418
0.1012835181144993 0.08953081914349974 0.21756804522018408 0.13311534387485913 0.09528153690795027 0.09500325281205255 0.14841367443958173 0.11980380948737322
0.10392114522280348 0.0782200534179706 0.26362483560336825 0.12855845997207968 0.09223418927678252 0.07440561357817832 0.14333308895394556 0.11570261397487171
0.1028626440122649 0.07518627502169349 0.28144297307347993 0.12629716362100513 0.09008377862221996 0.06964780611447559 0.14081191227595646 0.11366744725890462
0.081061403307937 0.1293412496293379 0.14321985229102574 0.13658029604260102 0.09439666546820533 0.15886710765044237 0.0926370703593294 0.16389635525112123
0.11534067604388439 0.09828296242606255 0.16587558933093013 0.09354109533449052 0.14287872387554829 0.13277651776209468 0.13905512082560084 0.1122493144013886
0.08198278873842599 0.13309499346392412 0.11423560837415563 0.1338344384006866 0.10453009185506905 0.18094609051949243 0.09077466256742223 0.1606013260808239
0.10242302696241173 0.08769484103922932 0.22084229490475873 0.13253624957676868 0.09721296267782967 0.09223997270670667 0.14776802751320328 0.11928262461909182
0.10404417660497377 0.07781754977221284 0.2648457816478167 0.12834821738421343 0.0925162310070464 0.0738159637797246 0.14309868415822005 0.11551339564579208
0.10284175020126163 0.07508567130413318 0.2818985304680933 0.1262267145751378 0.09009901570039336 0.06951090778615084 0.14073336684720583 0.11360404311762401
0.13591054525782445 0.09892661495469475 0.24032176752784815 0.1044836538539047 0.11871076555853755 0.09111988761917339 0.11649147675950271 0.09403528846851422
0.12680256894905736 0.0897473096917301 0.1946889637706479 0.08992624982706036 0.14644080496744058 0.11080119281091654 0.1336814101906748 0.10791149979247243
0.09548803323282085 0.0677258600175855 0.21978128116008383 0.11072930760119105 0.11958536188483797 0.08920843418983324 0.16460655279221836 0.13287516912142927
0.07989197234861632 0.12779461518988786 0.12887877083570543 0.1372485072328406 0.1012704432751701 0.16712719057609643 0.0930902918622745 0.1646982086794087
0.10162023221656463 0.08658696161072443 0.22740332480820816 0.13225133689821889 0.09620347067070294 0.08945809944842352 0.14745037113876044 0.11902620320839699
0.11998524325952298 0.08970507222610227 0.1935275603704097 0.09267055015147582 0.1421820910044881 0.11296382586463338 0.13776099694159688 0.11120466018177097
0.10793458564219731 0.07775113486762218 0.25158242405296155 0.12722155833262708 0.10199176668104995 0.07717658452944258 0.14184254339473495 0.11449940249936438
0.0819786003104335 0.12998436910693015 0.13612480346655814 0.1365635955756151 0.09703786564988477 0.16180870811377082 0.09262574308606937 0.1638763146907381
0.10187772519926538 0.08672078890793411 0.2304083687700479 0.13190322995289488 0.09502572407752471 0.08828899826187339 0.14706225787285443 0.11871290695760539
