0.125 0.125 0.125 0.125 0.125 0.125 0.125 0.125
0.09707602339181286 0.0783625730994152 0.19415204678362571 0.1567251461988304 0.08736842105263157 0.07052631578947367 0.17473684210526313 0.14105263157894735
0.10909570208076466 0.08806520529411124 0.1604231360953202 0.11008150661763905 0.1309148424969176 0.1056782463529335 0.163643553121147 0.13209780794116685
0.07575757575757575 0.12626262626262624 0.0909090909090909 0.1515151515151515 0.0946969696969697 0.15782828282828282 0.11363636363636363 0.1893939393939394
0.07187023207259295 0.12715502597458753 0.0972502764239695 0.1589437824682344 0.09365676482033987 0.15258603116950503 0.10780534810888943 0.19073253896188128
0.14334890520739005 0.10605728869108035 0.16161110657688435 0.12726874642929645 0.1174097782823519 0.0924602003973521 0.14089173393882223 0.11095224047682252
0.0850179714480523 0.15041641102347714 0.08521795014380795 0.13113225576405702 0.12141513365298681 0.1804996932281726 0.08894187782257779 0.1573587069168684
0.06941363079641882 0.12280873140904867 0.09370811707171658 0.15351091426131086 0.09988403809765246 0.17234102505565135 0.10412044619462824 0.184213097113573
0.09275262145714805 0.07487259804372191 0.2018400029715102 0.14974519608744383 0.10076611725215445 0.07829806908645559 0.16695471862286648 0.13477067647869945
0.11259541370771564 0.07732571083874677 0.1963827576857061 0.15465142167749354 0.08560274052966675 0.06741215816711259 0.1712054810593335 0.13482431633422517
0.10381758554576882 0.08380455700682543 0.1721763848010405 0.10475569625853179 0.14699102718617016 0.10702153537277181 0.15572637831865324 0.12570683551023815
0.09702832657091637 0.07109174622580276 0.22806073841556834 0.14218349245160553 0.1044540266852079 0.0706925430693059 0.15852398337514823 0.12796514320644498
0.10901408090105007 0.07415716855302495 0.2282797937758857 0.1483143371060499 0.08209503396997471 0.06464983925135509 0.16419006793994942 0.12929967850271018
0.11130470933407542 0.08115506464012898 0.1878710647839938 0.10144383080016121 0.14211699535621697 0.10357267024916955 0.15080306787606054 0.12173259696019345
0.10917550372014441 0.07264382229502633 0.24164240180208066 0.14528764459005267 0.08041969745318339 0.06333051174438192 0.16083939490636678 0.12666102348876385
0.1181366880822047 0.08014294433151128 0.18998312935245418 0.10017868041438908 0.14018640606247276 0.10223539840487797 0.14892233685482317 0.1202144164972669
0.10848340651227373 0.07135979210777045 0.2538092449690793 0.1427195842155409 0.07899822325320945 0.06221110081190244 0.1579964465064189 0.12442220162380488
0.07951081565683069 0.11824555891262488 0.1303621420997017 0.14780694864078112 0.09572662813053878 0.1507278986777079 0.10025166951287762 0.1773683383689373
0.10031532584022439 0.0712882779009757 0.2263317751247229 0.1425765558019514 0.09858621196418924 0.07362073346848205 0.15896221967769802 0.12831890022175624
0.1153714034448479 0.07915871199883487 0.1909962472447749 0.09894838999854359 0.14766058405222715 0.10203316774229619 0.147093427520223 0.1187380679982523
0.12458161070102648 0.08219669317547411 0.18150868667395922 0.09863603181056894 0.1304709415483716 0.10274586646934264 0.1565651298580459 0.12329503976321116
0.0688532298665296 0.09067390998301383 0.09331984189042254 0.10880869197961661 0.10880869197961661 0.18134781996602767 0.13057043037553992 0.21761738395923322
0.08193831282986015 0.1193697886633243 0.10456697007620704 0.14324374639598916 0.08952734149749322 0.1748663477451477 0.10743280979699188 0.17905468299498645
0.08223952934152641 0.11663562389510324 0.10481054394323477 0.13996274867412387 0.08747671792132741 0.18894933887643656 0.10497206150559292 0.17495343584265483
0.06703966564144954 0.10398483552378905 0.06472933142657651 0.0906534463540725 0.14337834138541664 0.2464296780385557 0.10247780892199501 0.181306892708145
0.07820358357515134 0.11381263885618043 0.09469547078652361 0.13657516662741648 0.0853594791421353 0.21820332775775989 0.10243137497056237 0.1707189582842706
0.07942678419770738 0.11295574056110647 0.10012000191185083 0.13554688867332776 0.09192233469677923 0.2089344726125728 0.10166016650499583 0.1694336108416597
0.07479168790568472 0.11620408212372905 0.1031892640603064 0.14525510265466132 0.09740406399737876 0.19032882383731062 0.09852085223533552 0.1743061231855936
0.09840061461536437 0.07018460474539347 0.22032427517124048 0.14036920949078693 0.09797444877785855 0.08991336538956164 0.1565011932680863 0.12633228854170825
0.08294554479593537 0.11325694178419214 0.12624660628515572 0.13590833014103057 0.09971652420925822 0.1701093925023668 0.10193124760577293 0.1698854126762882
0.07450752615043162 0.1149376085147307 0.10844896278792306 0.14367201064341337 0.09818051009016406 0.19039986617005636 0.09744710287118473 0.17240641277209603
0.10390080050960128 0.07018576862586975 0.22598582496858488 0.1403715372517395 0.09467302246107541 0.08711079786487205 0.1553970619962277 0.12237518632202932
0.08330956665955562 0.11238689216123325 0.12912011882484603 0.13486427059347988 0.10237429851000897 0.16821631206391652 0.10114820294510993 0.16858033824184987
0.07408826824895004 0.1141301545090828 0.10848474896227632 0.14266269313635352 0.098161558984365 0.19451482209416923 0.0967625223011789 0.1711952317636242
0.10325763127012622 0.06972173414168498 0.2272193631171207 0.13944346828336995 0.0941897990556178 0.0902322520792742 0.15436965149807333 0.12156610055473277
0.09172207275784851 0.13680222887850424 0.10885894182531071 0.11926348158638833 0.11594067370918286 0.2034046706109404 0.08089175272815903 0.143116177903666
0.1058647125119811 0.06897377367345729 0.22672302158326962 0.13794754734691458 0.09649997868474859 0.09101539631737436 0.15271360552853383 0.1202619643537204
0.08309860608546961 0.11153471324596527 0.1301817984686614 0.1338416558951583 0.10208441099092357 0.17157550352350526 0.10038124192136876 0.16730206986894788
0.07898120451879691 0.11081246298328623 0.10796126812784361 0.13297495557994346 0.10229460789156442 0.20102558973867846 0.0997312166849576 0.16621869447492935
0.11086038404771523 0.0783809033943945 0.15665664888470196 0.0979761292429931 0.14793745130680902 0.14496903142579268 0.14564809660600173 0.11757135509159175
0.07622725595770101 0.11209194091421176 0.11330968342056633 0.14011492614276475 0.1069545118572731 0.18812929869150763 0.09503447164465782 0.16813791137131764
0.10228215874776124 0.07655055148369343 0.22839659351676264 0.13713263320990202 0.09451551849954952 0.0897595560740593 0.151811462080152 0.11955152638811971
0.08182199157111533 0.11916506157951734 0.12987699212220954 0.13240117245495886 0.10079475487751928 0.171137682484762 0.09930087934121914 0.16550146556869857
0.0956707109151649 0.1508594376576699 0.09855697589975401 0.12076164868905864 0.12654648564711196 0.24457651546101158 0.09057123651679397 0.07245698921343519
0.09424575571280967 0.14876824816537948 0.08861378153589175 0.11516794271519824 0.12956559420393945 0.2681619550012638 0.08637595703639868 0.06910076562911895
0.09292190244416783 0.14675352446982107 0.08567611647590903 0.11371935844339777 0.12896405387915647 0.2784439103889607 0.08528951883254833 0.06823161506603866
0.053718042348363526 0.07798799833956373 0.06829804203082004 0.09748499792445466 0.11994600924381602 0.27739448182773263 0.11020043243634005 0.1949699958489093
0.07160332391466548 0.11479984237293611 0.09100622037641784 0.12728290005467735 0.10539988723216841 0.23534202593977996 0.09546217504100803 0.1591036250683467
0.07474717087089504 0.11971383050404212 0.09650437279422312 0.1281428503480024 0.10342842202810255 0.22117765275872972 0.09610713776100183 0.16017856293500302
0.0766144704357539 0.12054129277107933 0.09791475054002882 0.12843124502648876 0.10322944923205975 0.21640630194161198 0.09632343376986656 0.16053905628311094
0.08765140632709417 0.13198548828289763 0.08231308294108594 0.11506427183637229 0.11459233974517115 0.25227269159210575 0.07804359307162642 0.13807712620364673
0.10236309025603404 0.0686832957328227 0.20872712602676272 0.1373665914656454 0.1007312268771676 0.10534523907646118 0.15315349824602553 0.12362993231908086
0.1016947743660933 0.06645091022266045 0.25942925675863404 0.1329018204453209 0.09447579515268625 0.07726019290358538 0.1481756117502309 0.11961163840078881
0.07910217998214501 0.1133020010361556 0.13792154958855432 0.14162750129519452 0.0967987833336876 0.1652345910272019 0.09606039218282761 0.16995300155423343
0.07835803711378049 0.1214482337084942 0.10820120683891085 0.13026792903882187 0.1032837420193908 0.197904993202958 0.09770094677911641 0.16283491129852734
0.07760425093493875 0.12136264507742663 0.10093687677942223 0.12912846915164664 0.1040319685405634 0.20867885121270913 0.09684635186373497 0.16141058643955827
0.08796315629463272 0.13220317480685062 0.08323224971474018 0.11525404983161339 0.11497332666911302 0.249896870825411 0.07817231205970297 0.13830485979793603
0.1023405948379106 0.06862276948419363 0.20953713205358884 0.13724553896838726 0.10073151812289864 0.10498292771612133 0.15301853374535115 0.12352098507154856
0.07909119219886715 0.11326021098371647 0.12659878013147277 0.14157526372964557 0.09797495524069896 0.1755843197538301 0.09602496148619441 0.16989031647557468
0.13901783090986258 0.10180428478842196 0.1875972193655627 0.10919866894908693 0.1283055843729008 0.11799015665671257 0.12088741536081254 0.0951988395966399
0.06143031548682168 0.0820033047081779 0.08864842586615257 0.10250413088522238 0.12577393844925228 0.2187573879201987 0.11587423491372964 0.20500826177044476
0.07196154153958285 0.11162637005452519 0.09817971604445346 0.1395329625681565 0.10160006201879994 0.2150200441682054 0.09463974852448877 0.1674395550817878
0.09960958213344251 0.0690678006393625 0.21740160542513212 0.138135601278725 0.09841974718450955 0.09903273538915829 0.1540108867988173 0.12432204115085252
0.08253503223519494 0.11737731569795896 0.12689920553731585 0.13128706708895854 0.10474975951031337 0.1745774857523412 0.09846530031671893 0.1641088338611982
0.07861370132592442 0.12138745148648006 0.10546660925275263 0.12964837753237737 0.10485024044463649 0.2007368648930744 0.09723628314928304 0.1620604719154717
0.07478345732582369 0.11217632434421623 0.10231461892233074 0.14022040543027028 0.09793361838461626 0.20920107495849613 0.09510601411792247 0.16826448651632434
0.1381685417284437 0.10200551304329675 0.17886721256717855 0.10950173197087136 0.1287325614334895 0.12603847228790607 0.12122291858395201 0.09546304838486222
0.09906444165210315 0.1324343722125908 0.09827460518447119 0.11545560654430996 0.1222973880270924 0.21561783843533738 0.07830902009092326 0.13854672785317193
0.10396839241003533 0.06826130697126664 0.2156504981825928 0.1365226139425333 0.10197226431383451 0.09854204534030478 0.15221252629115278 0.12287035254827998
0.07935997047362056 0.11327455524410054 0.1280961101609036 0.1415931940551257 0.09848210370230928 0.17324511057344322 0.09603712292434613 0.1699118328661508
0.10357170767420722 0.07580233270703987 0.23371176281783687 0.13550595932296816 0.09566262022028284 0.08760154960269104 0.15001066721956585 0.11813340043540813
0.0949408665398569 0.1356053691794905 0.11032633402123293 0.1182200654385302 0.11640739178843336 0.20245185012182565 0.08018404438439439 0.14186407852623623
0.10298678211172464 0.068188412778773 0.22096209791302854 0.136376825557546 0.1006420143017432 0.09605474121377099 0.15204998312162218 0.12273914300179141
0.1012892309925235 0.06607930321284394 0.2645271781677876 0.13215860642568789 0.09426369401340196 0.07539225782256317 0.14734698358207288 0.11894274578311909
0.09950357733566352 0.06505490670836053 0.28063453595453336 0.13010981341672107 0.09161847127794372 0.0709171309596533 0.14506273227207556 0.11709883207504894
0.0986138516826452 0.06465794751928516 0.286489273134772 0.12931589503857033 0.09057582312416425 0.06978533143777232 0.14417757252807764 0.1163843055347133
0.09824533521538448 0.06451216694931917 0.28860793432917053 0.12902433389863835 0.09018062283768961 0.06945520264567571 0.14385250361534752 0.11612190050877452
0.09810346816159642 0.06445934503250081 0.2893739523010758 0.12891869006500162 0.09003417690731293 0.06934882784930031 0.14373471862471074 0.11602682105850146
0.13149348683140946 0.08641938529520227 0.24277775585859787 0.10802423161900283 0.12067091007464864 0.09295346511867054 0.12043895674536584 0.09722180845710254
0.08461448165653015 0.11128227936694282 0.1332346070842771 0.13910284920867852 0.10144242422477028 0.1690519199451093 0.0943480194632776 0.1669234190504142
0.11679731896592283 0.08435876246134795 0.15809378092912757 0.09062354766704533 0.15397495077457854 0.13902530355936887 0.1438469010588021 0.11327943458380665
0.07045023248207541 0.0955382769561447 0.06822937851881238 0.08328977991048513 0.155184296952975 0.26657481111190195 0.09415366424663535 0.16657955982097025
0.08601613186693279 0.058668242174727596 0.1735077019945032 0.11733648434945519 0.12556738460668085 0.12367170899423872 0.17442856479411548 0.14080378121934622
0.07778914704605887 0.11281515761277543 0.11823777152845599 0.1410189470159693 0.10324382007117967 0.18202478667817515 0.09564763362822264 0.1692227364191631
0.10424971104520526 0.07590424236539937 0.22946114280291585 0.13571879726472785 0.09685523759686535 0.08924562989309695 0.15024628757023187 0.1183189514615576
0.08108550150810571 0.11318724837547342 0.1312659250652477 0.14148406046934178 0.0975224581581542 0.1697108319769136 0.09596310188355354 0.1697808725632101
0.0954551179481001 0.14607592363004415 0.12857484875781533 0.15666731067291848 0.08694107057819697 0.1677549155768539 0.08194905481352659 0.13658175802254433
0.061066794998369846 0.09334252281678979 0.07930151714756699 0.09706272850246789 0.12078529733716865 0.23784040798973963 0.11647527420296146 0.19412545700493578
0.0724861440993478 0.11096496015953064 0.09567470553195766 0.1387062001994133 0.10048177685840652 0.2211597849507068 0.09407898796134119 0.16644744023929595
0.10112572242640518 0.06893418065603409 0.21603849129527722 0.13786836131206817 0.09820515740268074 0.1000336275473973 0.15371293417927598 0.12408152518086137
0.10599796001283415 0.0702733433634857 0.2677274455692277 0.1309992971715028 0.0925851618666658 0.07319066957108791 0.14502160696234742 0.11420451548284861
0.0812735105847953 0.11288361621687212 0.1398560741929821 0.14110452027109016 0.0964845096433459 0.16336667014695389 0.09570567461865245 0.16932542432530817
0.09548234666313699 0.14600904288456124 0.13083249813064274 0.15663069485311626 0.0867328895209792 0.16583278948578076 0.0819299019231685 0.13654983653861416
0.08187917832546787 0.12458222896628142 0.10635563436275601 0.1295405719482534 0.1007201274342858 0.19784111506644858 0.09715542896119006 0.16192571493531674
0.09693384043271809 0.14903527930806487 0.09242861903784062 0.11854712378881405 0.126796896051163 0.25621962426650025 0.08891034284161055 0.07112827427328844
0.07702565773162659 0.10872668150365929 0.09704156015601197 0.13590835187957415 0.10033520580784613 0.22569120373877735 0.09218131692701549 0.16309002225548894
0.10188295788122645 0.06874160058060683 0.21623723240691986 0.13748320116121365 0.09797297688229058 0.10066364068828226 0.15328350935436805 0.12373488104509227
0.09010088561541545 0.05767279564758296 0.2291803578740799 0.11534559129516592 0.10915356802709397 0.08866312343424582 0.17146896855221683 0.13841470955419913
0.07875823095744502 0.11319159693531879 0.1311801782989427 0.14148949616914847 0.1001484999490285 0.16947781358110725 0.09596678870603115 0.16978739540297816
0.10442204744257604 0.07560685888731955 0.2347346417805342 0.13513618771481317 0.09580380061257328 0.08688411326937905 0.1496013148491216 0.11781103544368329
0.09693712324548347 0.13524628594337085 0.11040637013454473 0.11790701851473355 0.11629957363261036 0.2017434894059314 0.07997171690564536 0.14148842221768027
0.10521873927205588 0.06799024561664475 0.22055864164357986 0.1359804912332895 0.10048448882328924 0.0957768513739158 0.15160809992726457 0.12238244210996056
0.10366041326663508 0.06588042677889673 0.26394485851317007 0.13176085355779346 0.09408526346018296 0.07517989740388728 0.14690351881742045 0.11858476820201411
0.08089341069014228 0.11291056465622638 0.13899106101295297 0.141138205820283 0.09683181234396816 0.16414057628354806 0.09572852220853977 0.16936584698433954
0.10464937904015882 0.07538466392540827 0.23787367122675326 0.13476882397486642 0.09485789255071542 0.08578017157521922 0.1491946280877642 0.11749076961911431
0.08191346958693313 0.11302946070311468 0.1331103551217353 0.14128682587889335 0.09703455185766677 0.16825182041825698 0.09582932537872767 0.169544191054672
0.10508403044359568 0.07553363232710883 0.23548149170106966 0.13502267845595947 0.09507534669080878 0.08661508629400351 0.14947565543354077 0.1177120786539134
0.08199312238792528 0.11304376930058521 0.1325752922021595 0.1413047116257315 0.09709556145059936 0.16858043250119042 0.09584145658093093 0.1695656539508778
0.1051206504674855 0.07554756693818401 0.2352637555014487 0.13504608192525522 0.09510417563142233 0.08668372382167813 0.14950156403609854 0.11773248167842762
0.08199976350158966 0.11304481933569141 0.13252654375023934 0.14130602416961427 0.09710595973669807 0.16860731367454398 0.09584234682808619 0.1695672290035371
0.10512379883992551 0.07554878520136601 0.23524390991599914 0.13504814833232456 0.09510777949755043 0.08668944341765233 0.14950385163366822 0.11773428316151374
0.08236360740825362 0.11299029219376092 0.132498123935297 0.14123786524220114 0.09707539540765259 0.16855316022748293 0.09579611729471035 0.1694854382906414
0.10520457156004565 0.0755407025121595 0.2352202155170119 0.13503949223178072 0.09509687561477241 0.0866771367722404 0.14949426897453946 0.11772673681744986
0.08237764169219956 0.11298968518648814 0.13249285418251713 0.1412371064831102 0.09707453957428697 0.16854804244355634 0.09579560265810952 0.1694845277797322
0.10520792009415371 0.07554067729216636 0.23521778945200159 0.1350395122783647 0.09509672721237392 0.08667632821004881 0.149494291166932 0.11772675429395897
0.060843580804122006 0.08345283710105826 0.09785724325860887 0.10431604637632282 0.1194967931320601 0.20747891936716517 0.11792248720801708 0.20863209275264563
0.09941616972302018 0.06885106217769224 0.21682390172531732 0.13770212435538448 0.10217010373954338 0.0975771339808796 0.15352759237831673 0.12393191191984604
0.10399980127783297 0.06592917270685726 0.2624658893906223 0.13185834541371452 0.0945223795412985 0.07553968583607047 0.14701221496126082 0.11867251087234307
0.1033450318555472 0.06476816874810559 0.27919103990910527 0.12953633749621118 0.09145013038846111 0.07070323843856213 0.14442334941741752 0.11658270374659006
0.0818944381343373 0.11257631617183653 0.14231237194883892 0.14072039521479565 0.09609436583272678 0.16209250081576163 0.09544513762394836 0.16886447425775478
0.10474975702237624 0.07526054937245766 0.23917134597235057 0.13458223438704384 0.0945823228060558 0.08533762292249683 0.14898806574389875 0.11732810177332026
0.07239529089409967 0.09938148856620929 0.08183792492436402 0.08664027208336195 0.14216151803237714 0.24636178419515053 0.09794117713771351 0.1732805441667239
0.11338435704347273 0.0762104829476691 0.1453010456410924 0.09526310368458638 0.15879764550077471 0.15511263886560556 0.14161500189529555 0.11431572442150366
0.10845506316758025 0.06626189581159467 0.23229852577993387 0.13252379162318934 0.10738093995051788 0.08605423338165331 0.14775413782466035 0.1192714124608704
0.08296632647815104 0.11264194360460415 0.131669764396092 0.1408024295057552 0.09951367993360437 0.16794216240141832 0.09550077827346874 0.16896291540690622
0.10533588314520935 0.07550489138644709 0.23480699626140686 0.13501234949480576 0.09559947769071436 0.08657310725391736 0.1494642208489506 0.11770307391854862
0.08191193969405881 0.12077692381570748 0.1315615435926135 0.13976407683231087 0.09638163464412422 0.16709048493614892 0.09479650428626303 0.16771689219877303
0.1051379424170743 0.07612368238593399 0.23485495593275482 0.13509642073570347 0.09498709794622848 0.08646624261853206 0.1495572911685443 0.11777636679522865
0.08196147876578394 0.12085585243828512 0.1315755068059108 0.13977104424532288 0.09625353800088748 0.1670560966395511 0.09480123000987119 0.16772525309438746
0.11770059225147052 0.08521642889310903 0.15773689939817487 0.09073354285380018 0.15240808618986826 0.13876602525299317 0.1440214965933336 0.11341692856725022
0.07139582083617386 0.10308947291504676 0.06766900704867423 0.08229542902257844 0.15359968305071212 0.26433011366482995 0.0930296154168278 0.16459085804515688
0.11205702228323729 0.08342726591059706 0.13891001306518372 0.09384160577379487 0.16097522910643305 0.15867708715503645 0.1395018497771637 0.11260992692855383
0.10799618257627265 0.07184331138753723 0.2287358620462971 0.13179121852285566 0.10761062108686116 0.08647333422218331 0.14693737348742267 0.11861209667057011
0.10515790542267614 0.06994969416961426 0.26563312592973704 0.12995663175744876 0.09459902064245115 0.07285070734291456 0.14489194615345405 0.1169609685817039
0.10336879854186037 0.06902994304771717 0.2795625390068021 0.1284672461788048 0.09091300910188141 0.06980655018056642 0.14323139238144356 0.11562052156092432
0.10250114854101858 0.06863721556096676 0.28470321204794335 0.12783731049115565 0.08975235890359697 0.06898611391343779 0.14252906109984068 0.11505357944204007
0.1021319049638225 0.06848573304436269 0.28658830899864807 0.1275983964980865 0.08936299313510641 0.06873141668472493 0.14226268982697104 0.11483855684827783
0.10198494639356243 0.0684294762566381 0.2872784733669195 0.1275103041351939 0.0892275428461878 0.068645509863421 0.14216447341640276 0.11475927372167452
0.08130845088680275 0.11960239768318279 0.14335233322666155 0.1392974454480198 0.09485131252170613 0.15995111921821575 0.09448000647778736 0.16715693453762376
0.11757691405952374 0.08499535232538151 0.1613412798944151 0.09059364098643358 0.15173480966899636 0.13671652169501153 0.14379943013719615 0.11324205123304196
0.06073068744008962 0.08762473861717385 0.08308475994416879 0.1003149018156803 0.13042144543229137 0.22379420889281434 0.1133994542264212 0.2006298036313606
0.07266599745146951 0.11995555441548712 0.0957241125620945 0.13725689808975106 0.10181868634597824 0.2147744903753394 0.09309598305217899 0.16470827770770127
0.10169474837132533 0.0767806205293351 0.2143584882734143 0.13631686344035351 0.09776427692380224 0.0984166955297138 0.15198312983573742 0.12268517709631815
0.10451630808419364 0.07087270548287523 0.26073461009887644 0.13108951073900543 0.09326008684317467 0.07539119741208762 0.14615502167468217 0.11798055966510489
0.10346738644085014 0.0692507329184846 0.27783856456756806 0.12877250690210637 0.09082911684478534 0.07037470080703591 0.1435717353072738 0.11589525621189574
0.10261761454159031 0.06869852693134607 0.2840803579054148 0.12792627932987385 0.08979166481501837 0.0691236503643243 0.1426282547155459 0.11513365139688647
0.10220757247535953 0.06850342479550903 0.2863569051961569 0.12762409610870934 0.08938785336744426 0.06876711858404846 0.14229134297493412 0.11486168649783841
0.08137615933389594 0.11961834996849269 0.1431485759965817 0.13930661871969383 0.09489041240270077 0.1600057127659928 0.09448622834900973 0.16716794246363256
0.11768161862993856 0.08498975625690007 0.16126557940514166 0.09058520048876208 0.15173736839730145 0.1367229436891591 0.14378603252184458 0.11323150061095258
0.08236167607970941 0.12613754318146747 0.11268655457923375 0.1357016308806043 0.10613749721280294 0.18209203484696007 0.09204110616249683 0.16284195705672513
0.08825493189590793 0.15623669103307244 0.11804818675206422 0.15808413791013526 0.08379378345377286 0.1728898312033786 0.08041671363254708 0.14227572411912173
0.07304987989604887 0.11369968613740979 0.15599956070641355 0.19531785666333934 0.06308919558351374 0.12640045171877046 0.10216626348543906 0.1702771058090651
0.07973745033915493 0.12371479810901839 0.11391416704066613 0.13290062837736621 0.09745706324337289 0.18647463613568904 0.09967547128302466 0.16612578547170773
0.11561835540674208 0.09361078992898449 0.15597903358236437 0.09511176934215793 0.1444480670087783 0.1397078282893544 0.14139003323102878 0.11413412321058951
0.10806933066303119 0.07694319644015261 0.2351188960849006 0.13064076604616087 0.10336560494017796 0.08263081155346165 0.1456547048305704 0.11757668944154477
0.10465018911138665 0.07382428738720184 0.267479477244512 0.12903058269669973 0.09322366240462181 0.07180480616969051 0.14385947055885773 0.11612752442702975
0.10287339261671691 0.07272690449740278 0.2797120854882889 0.1277325651585038 0.0902580345932594 0.06932543113242505 0.14241227787074975 0.11495930864265343
0.08105193516356585 0.125831661701658 0.14107314189569725 0.13835127836609482 0.09454750400934714 0.15928468645427624 0.09383825837004692 0.16602153403931377
0.07973084857957081 0.12266741609638701 0.10888186275163766 0.12999414795005299 0.10280493854628782 0.19593249017595768 0.09749561096253974 0.16249268493756625
0.075449590244209 0.1336790407276256 0.10070638674580616 0.1359562383411628 0.0953996093875824 0.20344785210412564 0.09221379644009303 0.16314748600939535
0.10160171498784035 0.08434280528425826 0.21524304082011825 0.1350381979353467 0.09572213887556354 0.09596021073460721 0.1505575132204537 0.12153437814181203
0.0808370627446398 0.1283793098014171 0.1264193627317059 0.1386652082322192 0.09575197620104318 0.16949764569628484 0.09405118471402694 0.16639824987866303
0.07959339358350977 0.12281293138276746 0.1055360656615412 0.1298545566264383 0.10295167641073652 0.19954226308213002 0.09739091746982875 0.16231819578304787
0.11533767578798149 0.09328775541571097 0.15287590249861313 0.09485359836356667 0.1459293033477897 0.14288520181854691 0.14100624473151108 0.11382431803628001
0.08188750508084724 0.1277894171381808 0.11072760434399508 0.1356702384318589 0.1048133990375043 0.18428773595646988 0.09201981389291301 0.1628042861182307
0.10230488754370477 0.08715655656651664 0.21834480026131067 0.1337270020943109 0.09698888481074562 0.09202793913039697 0.1490956277081347 0.12035430188487983
0.11998919532883079 0.0903757343028637 0.1885750276917269 0.09362821570821606 0.142301501420588 0.113591835585403 0.13918463111251222 0.11235385884985925
0.10766170360178583 0.07839612236134955 0.24733173512023052 0.1286544066602665 0.10158710930615565 0.07713989460489887 0.14344006235107323 0.11578896599423986
0.09367058450435348 0.1501169410063279 0.15308617897685775 0.15809251234075267 0.08318333187336395 0.13914621652267517 0.08042097366899158 0.1422832611066774
0.12006060776904268 0.09560440609961135 0.16345985908496227 0.08961124078769957 0.14664422111877903 0.13036554941290032 0.14224006474238027 0.11201405098462446
0.12301773456544916 0.09234343770736486 0.16827484617929084 0.0917842485373283 0.1561544059914807 0.12184077870984575 0.13644345006444625 0.11014109824479397
0.10870403825266758 0.08049670224477044 0.2386749406000249 0.12886089223390412 0.10484179291675201 0.07877655238505916 0.14367027835630802 0.11597480301051372
0.10425084846731676 0.07771074652172422 0.26810933194924197 0.12807625594527383 0.09303222337005634 0.07075649594620832 0.14279546744943217 0.11526863035074646
0.06124255789903788 0.10042435247083101 0.16709919124625586 0.166498205731334 0.07166115690516696 0.12034747106939044 0.11292921780038308 0.19979784687760083
0.13548544012869093 0.10786145291585582 0.20340437570966033 0.1094835004901284 0.12105843522832306 0.10605690566856879 0.12120273558532732 0.09544715427344527
0.08501141235722204 0.13882846909913296 0.12149714200334598 0.13426969360033916 0.09891286791492654 0.16928690356700501 0.09106987913762134 0.16112363232040697
0.11786244367232003 0.09410117129453807 0.15332148515341285 0.0896888579301535 0.1520726103002647 0.1384790926808198 0.1423632665557992 0.11211107241269187
0.07058563284206178 0.11630513004377041 0.06629829718954519 0.08088560449572328 0.15171150979926468 0.26100671590389224 0.0914359007342959 0.16177120899144656
0.07153853771266247 0.13772714033351677 0.08849076509236227 0.13098606661452702 0.10282904622722529 0.2224024406393772 0.0888427234428966 0.15718327993743242
0.10015995129563414 0.09149834664673978 0.20847511020248516 0.13394551856344794 0.09691575483561796 0.09911509448494867 0.14933925726402328 0.12055096670710314
0.10352280395476324 0.08055053434691944 0.2570921173648918 0.12978698283027376 0.09249929057370579 0.07503718612217802 0.14470280026002164 0.1168082845472464
0.10263796802709509 0.07740355814603248 0.27535960349106303 0.12757762662367675 0.09011384306064148 0.06984800372318718 0.14223953296699482 0.11481986396130908
0.10180922433366782 0.076390049292186 0.282110441412798 0.12672434857594594 0.08907059665638324 0.06855523438942636 0.1412881916212412 0.11405191371835136
0.11849135060224761 0.08886784279714635 0.20787013796180379 0.09233117522904793 0.13814196172830054 0.10624362808102654 0.13725649332556975 0.1107974102748575
0.10652383508334437 0.07906425810817268 0.25457796113546466 0.12754138865594253 0.09998163952214421 0.07532453736728613 0.14219913033729709 0.11478724979034827
0.1032470714566722 0.07708251451774005 0.2741353948735584 0.12740705276325553 0.09157894639124889 0.06983331666857713 0.14204935584201775 0.11466634748693
0.10196797217827124 0.07634888480806282 0.28161688313863203 0.12674143333248156 0.08938595285599087 0.0685643438375316 0.14130723984979657 0.11406728999923339
0.10144372301029936 0.07604689584554987 0.28440998978329557 0.1264287257527331 0.08873160000495471 0.0681946181909441 0.14095859423476362 0.11378585317745979
0.08028167810292738 0.13196873872745815 0.1414786368982926 0.13720808827177444 0.09359655640695243 0.1577537184038707 0.09306287726259484 0.16464970592612932
0.10404578215674083 0.08311021444707815 0.23760547434415505 0.13343428557367126 0.09351416561675477 0.08424551275814479 0.14771723921871624 0.11632732588473904
0.0806908632134042 0.13512781311321742 0.13075335650007255 0.13725995744008307 0.09456809026307324 0.16378991245225455 0.09309805808979547 0.16471194892809965
0.07879432799864375 0.1337072939337602 0.1055119544001985 0.12820712140388052 0.10166565299970384 0.19569940645605205 0.0961553410529104 0.16025890175485064
0.054450780783696556 0.10765211159419845 0.07235216743949127 0.09804893936175105 0.11477582258907762 0.24578436805586873 0.11083793145241423 0.1960978787235021
0.09698873066369518 0.08784990508802339 0.2026132468714166 0.13538629252979498 0.10038349692769023 0.10398505192650923 0.150945612716055 0.12184766327681548
0.11857325283405186 0.0930308764053305 0.18339709537090915 0.09357131442573377 0.14337547274651188 0.11666636737220805 0.13910004353437438 0.11228557731088053
0.14063291210261628 0.10632471109676529 0.20063353669492137 0.10522589928798606 0.13341381576213493 0.1017467906693354 0.11731902502705312 0.09470330935918744
0.11134463588413174 0.08265851318928052 0.25067966583659157 0.12680818494783472 0.09869574639779052 0.07430422437186812 0.14138166291945153 0.11412736645305123
0.10434347129172622 0.07835024865867861 0.2724367787261475 0.12733748356402838 0.09130566092513982 0.06965083025004326 0.14197179137661073 0.11460373520762553
0.10219888125776143 0.07717705857222595 0.28086794458857645 0.12667967851546003 0.08931065954262411 0.06851567902205191 0.14123838783738601 0.11401171066391402
0.10145553639684018 0.07677356918244824 0.2840340934616091 0.1263401553099048 0.08867739294165813 0.06815326812788043 0.14085984480074462 0.11370613977891432
0.08019781592074766 0.13310623304188393 0.1412828419309106 0.13701928850565812 0.09348103946652254 0.15755481315843242 0.09293482176905506 0.1644231462067897
0.13944944995814354 0.1116012465167165 0.19103557083014674 0.10732251936730823 0.12532721482041181 0.1128903358439224 0.11881044065082554 0.09356322201252514
0.10074767092198426 0.16623797159486073 0.09733942712620053 0.10992225663643838 0.11731497237521918 0.2019750280107692 0.07455596537080168 0.13190670796372608
0.11822602595558768 0.10833276949975768 0.14663225777097683 0.09183555201758654 0.14724175611583076 0.14100926008555048 0.13651971613360625 0.11020266242110384
0.09421580027123502 0.0737230629390185 0.20012743807743277 0.11281464795164549 0.12022702885916552 0.09580789307618658 0.16770655128334164 0.1353775775419746
0.06936683337165055 0.11627211268128997 0.17189025473907538 0.19326887576175075 0.06609458679552752 0.11085031166458713 0.0983150368005428 0.17394198818557569
0.10173439751089991 0.0813833365527001 0.25208695302426165 0.1343417518376016 0.08801970848047733 0.07659356059795892 0.14872184167614014 0.11711845031996039
0.0957752516238656 0.1605918693949186 0.11147186273116137 0.11423440845307285 0.11141795927485867 0.19194662916678612 0.0774807292116494 0.13708129014368742
0.11713175076925321 0.10733153040101048 0.15170735487066464 0.0921227243175179 0.1456216120020803 0.13859114141330597 0.13694661704514602 0.11054726918102148
0.10787517588374387 0.08443078039139479 0.23208468339645208 0.1294925419846427 0.10314436393454285 0.08205464593270484 0.14437452069034043 0.11654328778617842
0.10424016881217979 0.07920013892094516 0.265558622213574 0.12827578785740612 0.0928380205374022 0.07142112194580869 0.14301793064101848 0.11544820907166552
0.08074638372684326 0.1339420888048433 0.13715127211991032 0.13716815639616267 0.09443827039662492 0.15891624784630115 0.09303579303391904 0.16460178767539518
0.1168482269060252 0.0935040122112779 0.15851493723163332 0.0898114761379761 0.150692823121693 0.13580628058721628 0.1425578986317081 0.11226434517247014
0.08152065697712753 0.1357355172823069 0.11119222518572515 0.13418744641763566 0.10507005760322037 0.18025506674086 0.09101409409196158 0.1610249357011628
0.11487163326077648 0.10337549377023028 0.15356638511553947 0.09378345167981893 0.14544757314313705 0.13699992120411866 0.1394153998105965 0.1125401420157827
0.10739690173037858 0.08375333994841125 0.2330533323060917 0.12963133764397794 0.10314999376312571 0.08181762323582044 0.1445292674926142 0.11666820387958014
0.081233694870671 0.135211077532768 0.1296929530445882 0.13708371938837702 0.0965671263581735 0.16273244282377494 0.09297852271559484 0.16450046326605242
0.14004257086449906 0.1121499915145592 0.18687031569476031 0.10751932762101811 0.126418953558377 0.11423572683006271 0.11902831547788735 0.0937347984388363
0.07463480691455444 0.12314461282245942 0.07145105260263573 0.0813352873545556 0.14500837555726975 0.249811052160351 0.09194423787906286 0.1626705747091112
0.11154667671413684 0.09957692813820314 0.13836067746141492 0.09225477127321241 0.15661947451819075 0.1537928326533758 0.13714291371361126 0.11070572552785489
0.08022475974994983 0.13697521159190307 0.10624136283085943 0.13355200185774438 0.10588801177388404 0.18627315305415668 0.09058309691220924 0.16026240222929328
0.13224238685339043 0.11967570071633411 0.17540956248861878 0.10828066061713261 0.1261960549872963 0.12001818384002018 0.12072485594178815 0.09745259455541935
0.11042343622510262 0.0858894339961277 0.24112100181495716 0.12813752984181306 0.0981032466018498 0.0781377913911234 0.14286378327139457 0.11532377685763177
0.08174593462864523 0.13580167341252336 0.13148726279218428 0.13697999452460097 0.09544323572297357 0.16125773529025694 0.09290817019929457 0.16437599342952114
0.10472376565419131 0.08383732558699714 0.23348698910380358 0.13384087339521153 0.09418446216839589 0.08507744837812492 0.1481673486507836 0.11668178706249209
0.08082002017998434 0.1353628251597475 0.12983234053961917 0.1372851433242411 0.09472048608700422 0.164121872030829 0.09311514068948529 0.16474217198908933
0.13994954146442454 0.11220371232163884 0.1869689588474913 0.10755130861314065 0.1259298503636645 0.11457022933506589 0.11906371975081095 0.09376267930376363
0.12760123288581102 0.09608968733876355 0.17521972949531367 0.09098911497044729 0.14862236178626137 0.11702950494608205 0.1352614306127843 0.10918693796453673
0.0835626438129752 0.13669565495573122 0.11511341565858493 0.13426339624918113 0.10479285076624972 0.17339035516751167 0.09106560789074894 0.16111607549901732
0.07540665792258476 0.14830935585637559 0.10118857324049284 0.13429089605748745 0.09496476358637722 0.19360641813305363 0.09108425993464365 0.16114907526898492
0.10417121940309541 0.08620947705413348 0.22093579420108192 0.13508128178194295 0.09498014597293988 0.0913183811294166 0.14954053172441384 0.1177631687329759
0.08068328198296452 0.1360285468956867 0.1269374111346504 0.1372639499016868 0.09484894209497653 0.1664203620877365 0.09310076602027453 0.16471673988202415
0.11693932331293191 0.09387776558123809 0.1553373118645954 0.08989735886579939 0.15096454882242127 0.13791777254886092 0.14269422042190377 0.11237169858224923
0.09592592265880226 0.15982326323410936 0.09065259416389743 0.1101060759999208 0.12367946641380138 0.2130047434774437 0.07468064285212019 0.13212729119990496
0.10459988043503866 0.09570975547622596 0.20665147665175548 0.13145239664412206 0.10017520458588047 0.09654451684941806 0.1465596123778495 0.11830715697970985
0.13775736908093172 0.1081108710557944 0.21114391021693155 0.10677784268428811 0.12276582741040827 0.0982947950385281 0.11904932609725855 0.0961000584158593
0.11046410297265585 0.08283176612557196 0.2550527625347332 0.12663115253787358 0.09628073921057541 0.07358715434078517 0.14118428499371874 0.1139680372840862
0.08175994004939313 0.13486685686391947 0.13466351211227565 0.13693514125553044 0.09505481345979579 0.15951981877043717 0.09287774798201195 0.16432216950663653
0.10461777891466903 0.08363360604069182 0.23477955268514172 0.13369703065235727 0.09400509748793762 0.08470243970078131 0.1480081088214944 0.11655638569692685
0.08079992937854592 0.13529793616532543 0.13012319264425604 0.1372781951279792 0.09468034689625941 0.16397613763421207 0.09311042799984678 0.16473383415357506
0.07882112820718896 0.1337380384064742 0.10537159846992694 0.12820470007762397 0.10169004800920327 0.1957650866743348 0.09615352505821798 0.16025587509702996
0.07428931664332483 0.14687199238770368 0.0986746476042839 0.13376168809156427 0.09395385930313384 0.2012091513806165 0.09072531887949577 0.16051402570987713
0.10396585513087116 0.08608681560889647 0.21985791037049826 0.13515190213794848 0.09482927925792778 0.09266479093516615 0.1496187113615058 0.11782473519718585
0.08063290686704731 0.1359685500108961 0.12667365735598327 0.13724299879496107 0.09480061206391943 0.16690312064883114 0.09308655570440838 0.16469159855395327
0.11692520550775425 0.0938690423414678 0.15525143446174344 0.0898964827498401 0.15094823940519217 0.13804616233505146 0.14269282976165093 0.11237060343730013
0.09591997868346402 0.15981514796601076 0.09063406036705556 0.11010259935996895 0.12367150674467198 0.21305530286358268 0.07467828478328328 0.13212311923196274
0.1045989790130594 0.09570874434974316 0.2066435437648211 0.13145294055046244 0.10017399160596269 0.096553935427706 0.14656021879282902 0.11830764649541621
0.08054160179376776 0.13853592753539326 0.12344642947080785 0.13682807156001103 0.09570206063916233 0.16794709633161956 0.09280512679722489 0.16419368587201322
0.10471328875540634 0.08440236614205325 0.23021184024103533 0.13420260704090378 0.09449043064080216 0.08641451991367216 0.14856780266636477 0.11699714459976226
0.09604986645804434 0.16108170794428492 0.10700110713288372 0.1138034601055369 0.11265122721797585 0.19566004520391803 0.07718843381071196 0.13656415212664424
0.08824989861969618 0.17730158969944176 0.11309357099254141 0.1520112008158787 0.08246050978108273 0.17274571242029516 0.07732743693677308 0.13681008073429082
0.10664305707926945 0.08931803638079908 0.22537926585843557 0.13414462882813674 0.09174382921353035 0.08732096474711402 0.1485036184015189 0.11694659949119614
0.08111799757122191 0.13695720391679045 0.12793844879265576 0.1372210294406026 0.09414440837892521 0.16488402182006354 0.09307165475101742 0.16466523532872307
