Action: 0
[0.09635347307692496, 0.09409661710769879, 0.27989557508195667, 0.09409661710764806, 0.1532678663028273, 0.09409661710764806, 0.09409661710764806, 0.09409661710764806]
[0.20440316650472642, 0.10220158325236321, 0.1823873339810943, 0.10220158325236321, 0.10220158325236321, 0.10220158325236321, 0.10220158325236321, 0.10220158325236321]
[0.21458443051287446, 0.09538343118751094, 0.20764810427087035, 0.09538343118751094, 0.10085030927870044, 0.09538343118751094, 0.09538343118751094, 0.09538343118751094]
[0.125, 0.125, 0.125, 0.125, 0.125, 0.125, 0.125, 0.125]
[0.1137111471298075, 0.09577396871339612, 0.30557219483391046, 0.09577388953257976, 0.10184713119256678, 0.09577388953257976, 0.09577388953257976, 0.09577388953257976]
[0.1440011136366502, 0.09162522973666458, 0.26051377126503233, 0.09162522973647685, 0.13735896641574558, 0.09162522973647685, 0.09162522973647685, 0.09162522973647685]
[0.125, 0.125, 0.125, 0.125, 0.125, 0.125, 0.125, 0.125]
[0.125, 0.125, 0.125, 0.125, 0.125, 0.125, 0.125, 0.125]

Action: 1
[0.13805658773725832, 0.09197269278534204, 0.09197269278534204, 0.09197269278534204, 0.12293617768514868, 0.2791437706508829, 0.09197269278534204, 0.09197269278534204]
[0.09686321543256689, 0.09686321543256689, 0.09686321543256689, 0.09686321543256689, 0.2501026258407357, 0.16871808156386287, 0.09686321543256689, 0.09686321543256689]
[0.09522865656345256, 0.09522865141245755, 0.09522865141245755, 0.09522865141245755, 0.1362605542628707, 0.29236753211138894, 0.09522865141245755, 0.09522865141245755]
[0.125, 0.125, 0.125, 0.125, 0.125, 0.125, 0.125, 0.125]
[0.09463359346169298, 0.09463359346169298, 0.09463359346169298, 0.09463359346169298, 0.14660006893595462, 0.28559837029388757, 0.09463359346169298, 0.09463359346169298]
[0.09390601309205701, 0.10474444765097295, 0.09390601309205701, 0.09390601309205701, 0.2282655357081181, 0.19745995118062395, 0.09390601309205701, 0.09390601309205701]
[0.125, 0.125, 0.125, 0.125, 0.125, 0.125, 0.125, 0.125]
[0.125, 0.125, 0.125, 0.125, 0.125, 0.125, 0.125, 0.125]

