0.125 0.125 0.125 0.125 0.125 0.125 0.125 0.125
0.11301829483647666 0.08900190718372537 0.135621953803772 0.10680228862047045 0.14127286854559584 0.11125238397965673 0.169527442254715 0.13350286077558807
0.10466093706811239 0.15832697841412693 0.08549656834362854 0.1424942805727142 0.1187452338105952 0.19790872301765866 0.10687071042953568 0.08549656834362854
0.07295173961840627 0.1290684624017957 0.09118967452300783 0.16133557800224463 0.08754208754208752 0.15488215488215484 0.10942760942760942 0.19360269360269358
0.07976196809521276 0.12470328345201995 0.08978636408545437 0.14964394014242394 0.10093745962501613 0.1558791043150249 0.11223295510681795 0.18705492517802988
0.10028124274091905 0.15576803306622308 0.08411473785576047 0.14019122975960077 0.13567655506925666 0.19471004133277886 0.10514342231970059 0.08411473785576047
0.0721780421130663 0.12769961296927115 0.09022255264133289 0.15962451621158896 0.09721925787810913 0.15323953556312542 0.10826706316959947 0.19154941945390674
0.1032007462772179 0.07615984068754388 0.19342181761915903 0.15231968137508775 0.09762707157637293 0.07585517667476227 0.16862414869362582 0.13279151709623033
0.09943612167696379 0.15098684124903655 0.09645103490619772 0.13588815712413294 0.13151241122347715 0.20227642170261234 0.10191611784309969 0.08153289427447975
0.07163727783037745 0.12674287616143703 0.0895465972879718 0.15842859520179625 0.10398297113697134 0.1520914513937244 0.10745591674556616 0.19011431424215552
0.10076870940602868 0.07428218941517253 0.20475847864829555 0.14856437883034507 0.09647678214079815 0.08116492355645481 0.16446687440721963 0.12951766359568548
0.07728086599880672 0.1173119657496028 0.11383399151643847 0.14077435889952336 0.10239863435927914 0.16685146567730272 0.10558076917464253 0.17596794862440418
0.11053853110747605 0.08092994693030034 0.14731939302655608 0.0971159363163604 0.150946544524234 0.13760244783238385 0.15415227986723873 0.12139492039545051
0.0700577330611962 0.12394829695442404 0.08757216632649523 0.15493537119303002 0.10469767112845077 0.16777971631297356 0.1050865995917943 0.18592244543163602
0.07376699967353398 0.11505754865183115 0.09524438290698567 0.1380690583821974 0.10580052192301378 0.19592337169804308 0.10355179378664806 0.17258632297774673
0.07668106098403672 0.11327307204258609 0.09506291191941849 0.1359276864511033 0.10469209270038687 0.20250780300026183 0.1019457648383275 0.16990960806387914
0.06485138841990987 0.09531082292762218 0.060019923306423625 0.08577974063485995 0.14370700907255352 0.27583594560707897 0.10293568876183194 0.1715594812697199
0.05853921350756133 0.10356937774414698 0.05103418613479707 0.09029125239233327 0.1524065164744974 0.2615085766924032 0.10206837226959414 0.18058250478466653
0.06645978001439838 0.11758268771778176 0.08307472501799797 0.1469783596472272 0.10589620915595133 0.20394453684837313 0.09968967002159758 0.1763740315766726
0.10155564972406973 0.07167032527203168 0.20838415588348752 0.14334065054406336 0.10086103799907056 0.09054054405092957 0.15868399246229237 0.12496364406405526
0.08031623139760086 0.11348020459514532 0.1197312562407053 0.1361762455141744 0.10740989386254467 0.1705336773614807 0.1021321841356308 0.17022030689271797
0.07709340321829847 0.11256814264349652 0.10263034301265302 0.13508177117219583 0.10838751775350373 0.19407527985546072 0.10131132837914687 0.16885221396524477
0.0666078602850823 0.09468374039874033 0.0628679599430454 0.0852153663588663 0.14635321092988457 0.27158268973600885 0.10225843963063953 0.1704307327177326
0.10823471408732543 0.0819996298623724 0.12697703877941993 0.1024995373279655 0.16060594584120463 0.14431124277284954 0.15237244653530393 0.1229994447935586
0.10112294372172284 0.07387262116219369 0.18302768825259927 0.14774524232438738 0.11378748585353395 0.08274838116627484 0.16472491942733933 0.13297071809194863
0.10676041095245276 0.06853307005908613 0.24548848307699794 0.13706614011817225 0.0988701145591512 0.07205037168812707 0.15173785149427288 0.1194935580517399
0.07253131895601991 0.0971843310901125 0.08513988224535286 0.08746589798110126 0.14791627646375105 0.22987141972413852 0.1049590775773215 0.1749317959622025
0.10784359271207182 0.08122065180766841 0.13637487522112995 0.1015258147595855 0.16404943185925897 0.13622971339065265 0.1509249425381301 0.1218309777115026
0.09860126287084797 0.07192932827906594 0.20222643654660247 0.14385865655813188 0.1135588087888604 0.07996104971249428 0.16039166634167837 0.1294727909023187
0.10466606770785011 0.06736223855176966 0.2581473170945538 0.13472447710353933 0.09738998873693146 0.07111226828300793 0.14914553427823643 0.1174521082441112
0.07201998049337321 0.09672822949041009 0.08833623393175793 0.08705540654136908 0.14699175869285563 0.2302910899178529 0.10446648784964288 0.17411081308273815
0.07015824784577451 0.11578130722307083 0.09443698344894258 0.14472663402883856 0.10817898240934867 0.19488347156377156 0.09816241264564701 0.17367196083460623
0.10248214514651123 0.06965639646676788 0.22083655465701105 0.13931279293353577 0.09951996022275844 0.09251498360440846 0.15422498851412994 0.12145217845487732
0.08222291735712885 0.11094346558177866 0.12798291114351637 0.13313215869813438 0.10578873178963094 0.17366549803354198 0.0998491190236008 0.16641519837266797
0.0783727681506806 0.11000783901018898 0.10665371090189754 0.13200940681222678 0.10613937448079655 0.20279808701975602 0.0990070551091701 0.16501175851528346
0.07140882593851676 0.11726478893128252 0.09809332434628422 0.14658098616410317 0.10138813529959159 0.18994660878590638 0.09942014713739171 0.17589718339692376
0.1377549866242335 0.09341342814178576 0.17982098493822635 0.11209611377014289 0.131553681094559 0.1235409824150025 0.12409500588310488 0.09772481713294509
0.08965146803939783 0.13937586370044427 0.0902989070865594 0.12150716322602835 0.12751939135179305 0.20342505653645424 0.08241355418808878 0.14580859587123401
0.07096744364476398 0.11518719576781283 0.09427661791401547 0.14398399470976606 0.10461152759898655 0.200533717257616 0.09765870945531958 0.17278079365171925
0.10388389019587407 0.06939440059654421 0.2210807809299746 0.13878880119308842 0.09851125169503346 0.09370060212908807 0.15364490811770473 0.12099536514269249
0.0726519600582639 0.09565052968705559 0.08324967285331053 0.08608547671835003 0.14576929604434452 0.2411195391399554 0.10330257206202002 0.17217095343670005
0.08037946959989585 0.13235449320898243 0.0749407529435101 0.11538596843860006 0.1252735207919335 0.25494084560196845 0.0782617872887896 0.13846316212632007
0.09475263862903725 0.07068321227343854 0.198549982018606 0.1413664245468771 0.10561968919279185 0.10418525761046706 0.15761301363659283 0.12722978209218938
0.08243559252255765 0.11067110219184091 0.12326357851735087 0.13280532263020908 0.10692053131832195 0.1782932275593014 0.09960399197265682 0.16600665328776135
0.06794621265917365 0.09285109588139479 0.0671221469403063 0.0835659862932553 0.14384276360906312 0.27726063847838994 0.10027918355190635 0.1671319725865106
0.06715712329576054 0.11100322534082822 0.09045924971055878 0.13875403167603526 0.10511696016938392 0.22689314161592336 0.09411143018026741 0.1665048380112423
0.09320926929122163 0.07043381736655963 0.20990936406933683 0.14086763473311925 0.10083376946516716 0.10090837359741488 0.15705690021737323 0.12678087125980733
0.09936925179157165 0.13254875437363559 0.15073348761601346 0.15905850524836274 0.08844647606544638 0.14797730219956162 0.0831998335145282 0.1386663891908803
0.07181205566529197 0.09422831371247642 0.07193889881682801 0.08480548234122877 0.14026600743392673 0.265571698538316 0.10176657880947453 0.16961096468245754
0.07897720082357743 0.13002459418611859 0.0758005715931495 0.11335477441866747 0.12237182627515268 0.266561195534359 0.07688410786657446 0.13602572930240095
0.06772813374187024 0.11075220538046389 0.093317479822571 0.13844025672557986 0.10047428931912453 0.22926071803017087 0.09389860890952374 0.1661283080706958
0.09273724956954592 0.07001814266451074 0.213955088055756 0.1400362853290215 0.09940004222238384 0.10169052768985798 0.15613000767280455 0.12603265679611936
0.12017844644343686 0.07546793238522181 0.18305443965543103 0.09056151886226618 0.15272532808826245 0.12106199334903109 0.14374844263851774 0.11320189857783274
0.07187400219597541 0.1130233429566431 0.11890469933697113 0.14127917869580386 0.10912412261215937 0.18043550117380677 0.09582413859367568 0.16953501443496466
0.078627985905213 0.10965041156893993 0.10479346382323307 0.1315804938827279 0.10683762882781338 0.20534902822661705 0.09868537041204593 0.16447561735340988
0.05865614053530678 0.09605402931491193 0.06034722183736998 0.0837394101719745 0.14018139461572596 0.2988810412472255 0.09466194193353639 0.167478820343949
0.0911454721872186 0.06930637742180584 0.19964285054789105 0.13861275484361169 0.10757333358386553 0.11442485464116613 0.1545428774151909 0.1247514793592505
0.10478480263524205 0.07070758717493691 0.2611659825542559 0.1317656156739522 0.0948805218382235 0.07595294905429881 0.14586995304564507 0.11487258802344552
0.07170347510098557 0.11448590520081951 0.13801443417626175 0.1431073815010244 0.09789648703536356 0.16599932216622984 0.09706413701808611 0.17172885780122926
0.10270683309755871 0.07567361524694508 0.23774748786527494 0.1351232961567267 0.09512077798054776 0.08624114963910676 0.14958704336438608 0.11779979664945406
0.1045960905616641 0.14647395631308724 0.12246670216094298 0.12202808247651498 0.1288595934876567 0.21083766365683865 0.09152106185738625 0.073216849485909
0.06972491507739914 0.11122546387549338 0.10489930281882065 0.1390318298443667 0.10247483806965935 0.2115056046935371 0.09429984980748352 0.16683819581324005
0.09231085469568694 0.0695538208443038 0.22082035572485748 0.1391076416886076 0.09922787042334014 0.09868793978794994 0.15509463931550727 0.1251968775197468
0.1418098347104721 0.09547161447174045 0.2198200292486529 0.10672399751277747 0.1258969390058532 0.0990882989670183 0.11814785235439752 0.09304143372908806
0.07349430117757194 0.11328652820545358 0.12857535816153054 0.141608160256817 0.10371802867999001 0.1733405572971373 0.09604727391331934 0.16992979230818037
0.10330020866988589 0.075704694672285 0.23373424040294172 0.13530248751158583 0.09659439138681598 0.08762254704255401 0.1497854155602415 0.1179560147536902
0.08429398375164406 0.11789568554461875 0.1305643760687299 0.1309552569778427 0.10415082228465868 0.17022936141682055 0.09821644273338202 0.16369407122230337
0.09818575062167825 0.14920680057222974 0.09799580739103317 0.11942923838185673 0.12860359518276385 0.24534933603493178 0.08957192878639257 0.07165754302911405
0.0687766129682292 0.11034476941473023 0.09912283602667293 0.1379309617684128 0.10169725068692301 0.22305724094392612 0.09355317406901041 0.16551715412209533
0.09226113580706623 0.06957013275448028 0.2187384288848114 0.13914026550896055 0.0991388902713291 0.10079389537470063 0.15513101244058736 0.12522623895806448
0.10443867824248239 0.07032053802840031 0.2689342760250496 0.13101195235132532 0.09271139292004371 0.07333199746235133 0.14503561676662796 0.11421554820371951
0.07159442974356656 0.11432262760569982 0.14048229244322394 0.14290328450712478 0.09736682760090137 0.16492089067740562 0.09692570601352812 0.17148394140854972
0.07787467890982917 0.12144215412055538 0.10877961955264637 0.13012163592939738 0.10341645294742499 0.19812218668135204 0.09759122694704804 0.1626520449117467
0.09604370060784945 0.14857479202195512 0.09289998173576147 0.11852584126786965 0.12749068503698913 0.2564551136179511 0.08889438095090225 0.0711155047607218
0.06844349279702666 0.11001778814119795 0.09785189916741863 0.13752223517649745 0.1012227229177196 0.22663922877297923 0.09327595081536348 0.16502668221179692
0.10407648009320028 0.07850064541006523 0.15400789314449956 0.09812580676258152 0.1490328948336533 0.15263470934906462 0.14587060229183763 0.11775096811509782
0.09280485357173146 0.06758883756818444 0.23886869852223572 0.13517767513636889 0.10656377456123906 0.08662323312666109 0.1507130198908471 0.12165990762273202
0.09020674238554398 0.06645561439501578 0.2727298675387834 0.13291122879003156 0.09582446057813876 0.07406587904899016 0.148186101352468 0.1196201059110284
0.10417346233285027 0.07691099632123899 0.2087380129248174 0.09613874540154872 0.1445895921088674 0.11116599430950143 0.14291670211931723 0.11536649448185847
0.09721925974649584 0.06583069979268247 0.25892381770291384 0.13166139958536494 0.10328471085154917 0.07779221763406434 0.1467926350601009 0.11849525962682844
0.07551309082646127 0.11346210256195895 0.1380151727673096 0.14182762820244868 0.09911684764378402 0.16567587372213397 0.0961961304329652 0.1701931538429384
0.1034790021065842 0.0754997450763395 0.2376081211066057 0.13491602569749658 0.09539655459764998 0.08612386564355816 0.14935758644574307 0.11761909932602266
0.11724874293079325 0.07640986022751232 0.1967093644705875 0.0955123252843904 0.14380946657551777 0.11370996362776181 0.14198548654216842 0.11461479034126848
0.1037152282908452 0.06567019525821713 0.2534142659696766 0.13134039051643426 0.103068372212519 0.07815046238337309 0.14643473390414388 0.11820635146479086
0.10018633552169677 0.06519227517163148 0.2762990533621483 0.13038455034326296 0.09369414341794606 0.0715285034319639 0.14536904344241408 0.11734609530893665
0.07875324691130646 0.11303261815497576 0.1418256973775666 0.1412907726937197 0.09683868084802529 0.16287805443315886 0.09583200234878379 0.16954892723246362
0.10407633656121498 0.07534488421565201 0.2390725002173057 0.134684744604045 0.0947701607765871 0.08553235520237586 0.1491015487680107 0.11741746965480845
0.06988628366203838 0.0997044187929843 0.08189694944908725 0.08692180099901196 0.14250970848505895 0.24697780939752076 0.0982594272162744 0.17384360199802393
0.09860682589536932 0.0684668689303487 0.20871461119435697 0.1369337378606974 0.1069389426632309 0.10442775060235275 0.15267089877901635 0.12324036407462766
0.07848040565459719 0.11314408296001181 0.1264243650899259 0.14143010370001477 0.09960668460346495 0.17527172843369673 0.0959265051182709 0.16971612444001774
0.07891359135928826 0.1209959387850504 0.10546546894081164 0.1297623741783576 0.10372253909436821 0.2016153392854088 0.0973217806337682 0.16220296772294696
0.0647013623141093 0.09535364498338013 0.06070445498258529 0.08312881870345959 0.1387435878083192 0.29713878570166413 0.09397170809956303 0.16625763740691918
0.09918546777965873 0.06851203392284871 0.19900980064560314 0.13702406784569743 0.10648394528374061 0.11369141349007623 0.15277160997124772 0.12332166106112769
0.11878359571920415 0.07644071135112084 0.18420006631064814 0.09555088918890105 0.14744943221057805 0.12087142381653009 0.14204281437633648 0.11466106702668123
0.10663123349836473 0.06569659032724004 0.24808870873918346 0.13139318065448008 0.1039801653644603 0.07946266785873689 0.14649359096850242 0.11825386258903206
0.10286320292767355 0.0651085310245384 0.2739089432455492 0.1302170620490768 0.093827321769885 0.07169727664558512 0.14518230649352293 0.11719535584416911
0.10131596923115975 0.06460094211661606 0.2835942941945215 0.12920188423323212 0.09106823273084536 0.06988652269532167 0.1440504589883946 0.11628169580990891
0.10067829871438327 0.06438045481954663 0.2871461187078665 0.12876090963909326 0.09022335557241258 0.06936723864703244 0.14355880522448156 0.11588481867518394
0.0802917841070234 0.11266647371398421 0.14413085377217896 0.14083309214248027 0.0958817607827237 0.16167474937051615 0.09552157554011706 0.16899971057097632
0.10433191107185827 0.0752387122065991 0.2399471836531841 0.1345335966056779 0.09447496273721734 0.08525371239994199 0.14893422172057139 0.11728569960494999
0.08042678152574342 0.12090498078385861 0.1327920269782725 0.13997142736043183 0.09623886914048481 0.1667630593429195 0.09493714203577117 0.16796571283251818
0.10476919433742755 0.07612113146944774 0.23540199681485838 0.13507927239517808 0.09491408772943094 0.08641459304309321 0.14953830725066516 0.11776141695989885
0.07086564243811273 0.10654049355448249 0.08089515085617155 0.08595349715915533 0.14134249499140067 0.2453309038067997 0.0971648228755669 0.17190699431831066
0.05620067066912103 0.09341739780598449 0.11669642524773831 0.16770551039343964 0.07983917995331341 0.17114611814794242 0.113748085310333 0.2012466124721276
0.0760197398068411 0.12059732189899337 0.10458935221526632 0.13203150583110015 0.10057068879214494 0.20212837979345394 0.09902362937332511 0.16503938228887516
0.07456067137727615 0.12430842653462522 0.10081833478628412 0.13789532263394635 0.09594160232343683 0.20747225374501901 0.09352900143867668 0.16547438716073562
0.10457432079203417 0.07710828731674788 0.22220923118143032 0.136372382073997 0.09579304329970424 0.09408415916849452 0.15096983282103044 0.11888874334656149
0.08045658628786927 0.12115100887826351 0.12875573229173398 0.1400242174292472 0.09651000102402747 0.1701004457000116 0.09497294747375028 0.16802906091509665
0.1175315380377151 0.08525685691790381 0.15685575581318573 0.09075206862962563 0.15248159682181045 0.1396311954060198 0.14405090258670736 0.11344008578703205
0.08125608993965827 0.11982216125724804 0.1124866262547782 0.13718283019326025 0.1070513490877965 0.18453580133904807 0.09304574569629827 0.16461939623191232
0.0756064275302981 0.12455248394136709 0.10282749746051165 0.13825901463675808 0.0975694660501839 0.20149861332401395 0.09377567949275765 0.16591081756410966
0.10476065053587698 0.07707902988467528 0.22304170571323512 0.13629589943770865 0.09609414204096632 0.0930213428123895 0.15088516339868432 0.11882206617646393
0.09594190703257609 0.14440812592335658 0.10719767838734005 0.11640772341611973 0.11511847383419925 0.20228201959874006 0.07895480370832468 0.13968926809934368
0.11740222656403138 0.08744269946214579 0.15315741340083172 0.09469322950810853 0.14957412452750804 0.14333058547081434 0.14076784565683 0.11363187540973023
0.08121382128509345 0.12006356173085793 0.1116274716740743 0.137172832195479 0.1063965791040205 0.18587937093027082 0.09303896444562923 0.16460739863457477
0.10172705217981948 0.07648574872735156 0.22097747955284455 0.13581434290343164 0.0983279450084556 0.09301166607640646 0.15142285693860214 0.12223290861308848
0.13622020601951157 0.09408813765647932 0.2187632011707359 0.10881913845448281 0.12395819860156337 0.09888867494267209 0.12132521854552038 0.09793722460903452
0.08466691980703954 0.12127425241078979 0.12688277547008137 0.1375864912207845 0.10137335406543599 0.16979288438509102 0.09331953317583645 0.16510378946494136
0.08012514465676714 0.12183494830294472 0.10552977166422761 0.12963689344701076 0.1040985751181101 0.19950087991691817 0.09722767008525808 0.16204611680876346
0.07574135137827681 0.12426504638401434 0.10091146942268056 0.13763525793116194 0.09657402503115181 0.2063579306080974 0.09335260972722287 0.1651623095173943
0.11475499671678581 0.0869589978626255 0.15282487837274286 0.09613053039221517 0.14531974587115154 0.14574972435763228 0.14290448995618854 0.1153566364706582
0.1080011803081069 0.07201229214471108 0.23479228308749725 0.13169056518512082 0.10407304536605684 0.08408397271460699 0.14682515252729142 0.11852150866660874
0.08215786846308902 0.12025541830028454 0.13153778453669204 0.13961796329580042 0.09815047221635138 0.16604153604088798 0.09469740119193419 0.16754155595496048
0.1179811843701895 0.08510795170657334 0.15762982077295426 0.09066157043736789 0.15293504040493028 0.13845021459878598 0.1439072546624887 0.11332696304670985
0.09757442865273264 0.141297510111438 0.09272961559101378 0.11281308550134705 0.12645210314526076 0.2172408529261125 0.07651670147047887 0.13537570260161647
0.07802086746691585 0.12470402319411605 0.09683705744933457 0.13531644876277368 0.10006947182620297 0.21089254058101237 0.09177985220431607 0.16237973851532841
0.07553664623737243 0.12438191451880602 0.09883291006687288 0.1373998421228267 0.095558048941733 0.2102178911686449 0.09319293639635201 0.164879810547392
0.1020575645400611 0.07709707221797403 0.21579654603367082 0.13633868338661556 0.0964091342344532 0.09758872709180584 0.1520074574474654 0.12270481504795401
0.08116573130772356 0.1210482614901749 0.12724475951382597 0.13989952216494478 0.09657076015105698 0.17130316721898617 0.09488837155535385 0.1678794265979337
0.1053963622444462 0.07623221035250745 0.233060729345492 0.13525041079405656 0.09513261022944204 0.08728929800243065 0.14972776449321687 0.11791061453840829
0.09750448001411174 0.14418439066572467 0.10910817557159457 0.11629167176719377 0.11484788621179527 0.19963729923293788 0.07887609041600967 0.13955000612063248
0.10585571659715003 0.07744291482150818 0.2180325742284584 0.13416801641249085 0.09934147541662852 0.09482076199113317 0.14958732576138906 0.12075121477124179
0.1048546830858125 0.07076787418646326 0.2619823699176317 0.13079588808448347 0.09340711648391833 0.07464811463862717 0.14582765432702857 0.11771629927603511
0.10312083826854132 0.06923639212838227 0.2783461825568778 0.12876193258247956 0.09084622187221873 0.07024274753725046 0.14355994573001826 0.11588573932423162
0.10216449983904068 0.06872075673027185 0.28434054972094536 0.12797492391320658 0.0898181876585855 0.06912116082029511 0.14268248979576914 0.11517743152188595
0.10174538772168469 0.0685359873542597 0.286530053928275 0.1276878925214621 0.08942574887902267 0.06879335511175286 0.14236247121422715 0.11491910326931588
0.13579800582571888 0.0915357490338995 0.24008005184127984 0.10660345798038168 0.11935702072908837 0.09182770224110158 0.11885490016618673 0.0959431121823435
0.09928368655665663 0.138816667419373 0.15141584558504564 0.15778914564565344 0.08648889598592113 0.14392887537608176 0.08026665235018023 0.1420102310810881
0.10863138956015889 0.07667479306989056 0.2422828612388307 0.13374905631718023 0.09205654970879418 0.08193790532934973 0.14806570337107455 0.11660174140472122
0.07238371068899103 0.11195427624937451 0.08165434436911655 0.08535176257319328 0.1397974929705198 0.24167028683272154 0.09648460116969676 0.17070352514638656
0.11200838565725926 0.09074109985757524 0.1433138027464293 0.09357627774817119 0.15630520549703436 0.15265627334919013 0.13910742184653507 0.11229153329780543
0.08095040211992839 0.12694164144407447 0.10835061815029584 0.13529249561963064 0.1067910021552478 0.18755924004264696 0.09176360572461904 0.16235099474355674
0.10239641416414091 0.08319681658680937 0.21811432401239875 0.1345229413326287 0.0978180781114796 0.09289773803276828 0.14998304056040843 0.12107064719936586
0.10396910006550843 0.07519161095151214 0.26148057842331746 0.13017880394918413 0.09279429551011938 0.0740850359788681 0.1451396515672247 0.11716092355426573
0.09322073531547417 0.14526585663369015 0.15733232803720945 0.159133728020634 0.08197886128919638 0.13889749992690276 0.0809506355583225 0.14322035521857057
0.10715930210778754 0.07712744925426404 0.24499628701423953 0.13378981000881376 0.0911008926643804 0.08107816930344418 0.14811081938297654 0.11663727026409405
0.0818408132847402 0.12695016313905227 0.1332724714528222 0.13866766514343834 0.09483830239570437 0.16397653527134975 0.09405285114076688 0.16640119817212598
0.1053571427851123 0.07650573211681541 0.23551360615139225 0.13499337685097815 0.09458788853189581 0.08591250254652674 0.14944321735232416 0.11768653366495531
0.09708602701464855 0.1510583100590257 0.10891151290554948 0.11521209488886947 0.11384464125140172 0.19748904435010692 0.07814385566375494 0.13825451386664336
0.10532666848585273 0.08544196152590239 0.21646546194336727 0.1327753648335797 0.0984690010807199 0.09398909060023072 0.14803462318012545 0.11949782835022177
0.08137904407713381 0.12848420979591277 0.12663869031524538 0.1384917668779061 0.09626591942782126 0.1686167030222615 0.09393354623023198 0.1661901202534873
0.07972369533471582 0.12282730792288268 0.10558916222391647 0.12985400364031208 0.10305781125708707 0.1992400123404616 0.09739050273023406 0.16231750455039007
0.08851116315186047 0.15695731281681882 0.08185622141162387 0.11130462003922191 0.11204751916430046 0.24026405099467957 0.07549356837442875 0.13356554404706625
0.1040544354800873 0.08683338754271853 0.20505501997715858 0.13366935223002474 0.09882489954037216 0.10222913581093221 0.14903135241168428 0.12030241700702225
0.10480186925871807 0.07588316899983488 0.25636161248180817 0.130597677060823 0.09331454790648455 0.07589655111007618 0.14560666382751458 0.1175379093547407
0.10324793188447219 0.07328689420186156 0.27566976081267947 0.12831335527114088 0.09064750707670828 0.07029271550531635 0.14305981550379437 0.11548201974402678
0.0810795019419374 0.1259923444534723 0.14017660281446648 0.1384133923596385 0.09465804986063288 0.15970364987696617 0.09388038786132004 0.1660960708315662
0.07976116797354535 0.12268001989601994 0.10867974768240507 0.12998876031130505 0.10281213912864604 0.19610064438546854 0.0974915702334788 0.16248595038913133
0.07541016337557209 0.13368368908035072 0.10066321512868316 0.13596062093549768 0.09540230081233024 0.2035104965626313 0.09221676898233756 0.1631527451225972
0.1015408055560833 0.084349395585075 0.21523734004248166 0.13505032168227923 0.09572943292599954 0.09597638440050368 0.15057103029352628 0.12154528951405134
0.10399643231893821 0.0754229238683676 0.26043937978983617 0.1303463956532905 0.09247050031335204 0.07468610815779435 0.1453265038104597 0.11731175608796145
0.08125883568351361 0.12654038132668133 0.13676368568235484 0.1385687381316457 0.09510884056728527 0.16149128003081956 0.0939857528197249 0.1662824857579748
0.1050967050064078 0.07638790892169943 0.23692461951273763 0.13483370023546948 0.09453641946581433 0.08540686967233914 0.1492664487751229 0.1175473284104093
0.08146044207385839 0.1267915068591002 0.13142138073985263 0.13867973451179783 0.09556494377735818 0.16560527330282984 0.09406103732104547 0.16641568141415736
0.11791185037187721 0.08568393109670669 0.1576861152135029 0.09072600915517849 0.15215977467046596 0.13841526970674267 0.14400953834155317 0.1134075114439731
0.0970860832619628 0.1489152395170873 0.09201440714353916 0.1116133024708876 0.12525959583305013 0.215472473219458 0.07570293558894985 0.13393596296506513
0.10564808701192066 0.0854320104736424 0.2090294269193033 0.1330626539791967 0.10124805639082572 0.09746844750583435 0.14835492913799989 0.11975638858127703
0.12111407138870806 0.08718548237964674 0.18586133758464754 0.09398180020699332 0.144055820988823 0.11531306898463217 0.13971025821815722 0.11277816024839196
0.10818388605177297 0.07537180133351588 0.24673824071323439 0.1292734854572754 0.1022674041136988 0.07768875640912683 0.1441302890098279 0.11634613691154784
0.09417536063903835 0.1452841005035293 0.15355640761377526 0.15908464350776239 0.08373191714753432 0.14006572495133876 0.08092566648003566 0.14317617915698616
0.12118394443039911 0.0870379851852464 0.16466452467152573 0.09058661786399236 0.1480062867908124 0.13149908640423616 0.1437882823237974 0.11323327232999043
0.09799911121144372 0.1495127574416335 0.09346363650337249 0.1118115893530288 0.12443542936946884 0.2127661430753638 0.0758374258220543 0.13417390722363454
0.10587055256596405 0.08547351687546714 0.20964157778633685 0.13301553228965704 0.10102840800615083 0.09695404144502554 0.1483023919707072 0.11971397906069133
0.1050647718063726 0.07556493107061629 0.25801403605038503 0.13031777133773526 0.09359063918090482 0.07486726651526583 0.14529458983475854 0.11728599420396171
0.10328392008739046 0.07319507656884554 0.27625460421651793 0.12821297316745583 0.0906410751785195 0.07007277798117342 0.1429478969493873 0.11539167585071025
0.13635986823690832 0.09661082893488362 0.23585485151037314 0.1061489045791007 0.11933146530238266 0.0918119602695069 0.11834810704565404 0.09553401412119061
0.08589428100073311 0.12874631964676864 0.12981652048910805 0.1357376641158984 0.0994415802029973 0.16541289150941568 0.09206554609600068 0.1628851969390781
0.11888615685628756 0.08565068785052968 0.15688189256659443 0.09049873809534315 0.15317954639720213 0.13813076498733537 0.1436487906275288 0.11312342261917892
0.08255098689265947 0.12624794837972772 0.11168550895618876 0.13567299715197617 0.10642512535876779 0.18258815165349007 0.09202168502481864 0.16280759658237143
0.13424808888822432 0.10841288313091502 0.17911574284400328 0.10967645431793467 0.1274967132604207 0.12006024691788747 0.12228106175447344 0.0987088088861412
0.08531882029230163 0.13095174872374976 0.11670728929546623 0.1355963126312511 0.10095434322375038 0.17578623776087007 0.09196967291510945 0.16271557515750132
0.10292058201446687 0.08749501087948086 0.2207763322021147 0.1334814414755737 0.09598320423387638 0.09038828592280901 0.14882184594366202 0.12013329732801632
0.1038757658372765 0.07819074100686059 0.2619981170448126 0.1295163136493108 0.09206813973243119 0.07338521612248808 0.14440102432244056 0.11656468228437972
0.09014937491750366 0.06645460824061414 0.2435554208758206 0.11203917886502829 0.10536509089050301 0.08143554717015583 0.16655376440234057 0.13444701463803396
0.10045571757716491 0.07461319129830025 0.2710279977391738 0.12895979851411632 0.0935521827913123 0.07154674193954873 0.1437805514776789 0.11606381866270468
0.10161142195531479 0.0749292023643998 0.2807693796523895 0.12722517883157014 0.09005391930076864 0.0690616569662739 0.14184657998087002 0.11450266094841315
0.10151391963466648 0.07470180639110002 0.2843058260517641 0.12672210587588417 0.08901956156926219 0.06840119401098926 0.14128569117803802 0.11404989528829577
0.11852658302103199 0.0871961470890154 0.20871231282091054 0.09248296741678476 0.13828418233152479 0.10633610381295253 0.13748214260763822 0.11097956090014169
0.08244643570907498 0.13114650845884768 0.12328981946140669 0.13532723411733935 0.10319750279513433 0.17041265102910746 0.09178716748828235 0.16239268094080722
0.10204057235032389 0.08735020652137952 0.22345416764440612 0.1332047132558327 0.09626868435370882 0.089284099314089 0.1485133146300105 0.11988424193024942
0.10359249503490088 0.07809881853496127 0.2630137905884889 0.12939366751789225 0.09204642594326105 0.0731362185757875 0.14426428303860522 0.11645430076610301
0.10258018024221342 0.07564369677894624 0.27775862446666344 0.12755198831253436 0.08996382036890338 0.06949395218608037 0.14221094816337787 0.11479678948128091
0.10184074706013348 0.07488407006389976 0.28318897691268596 0.1268551466450186 0.08908753151823477 0.06853987411230344 0.14143402170720729 0.11416963198051674
0.10148864717581883 0.07462888152263542 0.2851862916042834 0.12660189250349316 0.08874573910959306 0.06825518259206327 0.14115166223896922 0.11394170325314384
0.10134195808006519 0.07453941319795195 0.28592152275799315 0.1265099699886669 0.08861692274260108 0.0681620647480945 0.1410491754948271 0.11385897298980019
0.10128431067071172 0.07450731962774781 0.2861924198571254 0.1264764317568627 0.08856908590063069 0.0681298607365266 0.1410117828692186 0.11382878858117645
0.13507756211836905 0.0993725426862878 0.23868498854422857 0.1054345224111473 0.11812204961489467 0.09086564021455186 0.11755162424048811 0.09489107017003257
0.12602469873992223 0.09037026462383808 0.19200398181214323 0.09089616094983506 0.14582145555683013 0.11068479695966554 0.13512324821796376 0.10907539313980207
0.09645258173082355 0.15188847561419294 0.13762463634835476 0.1556864787727892 0.09049512931920811 0.14853783246513724 0.07919703485398409 0.1401178308955103
0.10848092050097949 0.07796663882610345 0.23677055367392583 0.13440441870487677 0.09333807720205602 0.083075091644313 0.14879121647426324 0.1171730829734823
0.09740889800303434 0.15573913906969533 0.10877088990977182 0.11456742803897317 0.1130178008352428 0.19530832713095025 0.0777066033655644 0.1374809136467678
0.11808043290213803 0.10213849718449651 0.15142648854766544 0.09268745573099113 0.14674147520032046 0.13991457533620336 0.13778612822099578 0.11122494687718935
0.10837245160573654 0.08108308945028589 0.2324724045921263 0.13001299646426787 0.10361834529120209 0.08247422718330424 0.14495478859523597 0.11701169681784108
0.10455290266158554 0.07674611068337688 0.2660497317652531 0.12865734091487332 0.09311669828643794 0.07164227503910173 0.1434433338259856 0.11579160682338596
0.1366269222272704 0.10024867574645058 0.23189946820481425 0.10592409103668453 0.11984915062294657 0.0920225535058276 0.11809745672299003 0.09533168193301605
0.12654057360734577 0.09060133905598153 0.18988114540436027 0.09098252814571449 0.14648934630531224 0.11107439485100803 0.13525163885542035 0.10917903377485738
0.10894664619866709 0.07822480311214271 0.24744528367524435 0.12823319724251844 0.10224035889078957 0.0765293880785483 0.14297044528382283 0.1154098775182666
0.10414663091679349 0.07590263652366927 0.27161740386153127 0.12793078408608746 0.09235231395952723 0.0702792477923642 0.14263327718254826 0.11513770567747873
0.11944206049220013 0.08756301350265946 0.2047923294959389 0.09266584672086711 0.1395790933119981 0.10700463543520068 0.137754004976095 0.11119901606504054
0.1069864265977622 0.07754468556309431 0.25361909017512924 0.12793848552786807 0.10049709390317711 0.07562771754248866 0.14264186371539916 0.11514463697508126
0.08144021450175339 0.1304679477593456 0.13471723188782275 0.13761687007515205 0.09632983573999511 0.16094751798173243 0.09334013796401618 0.16514024409018244
0.11787867949086735 0.08593983610324324 0.1586919223480612 0.09068424147116183 0.1523763085439295 0.13713046977336893 0.1439432404304156 0.11335530183895227
0.0708585838109656 0.11260298744867275 0.06725699454105472 0.08127585999191438 0.15234905687965147 0.26122773822261774 0.09187705912129451 0.16255171998382875
0.11081976340513275 0.09429116940018412 0.13731342164654595 0.09258294254614532 0.1592958356026435 0.15696657399179378 0.13763076235218022 0.11109953105537437
0.10709674227740414 0.08017089393495423 0.22674482476365948 0.13052335789902844 0.10672150928766388 0.0857478462198444 0.14552380350831975 0.1174710221091256
0.10445365443567928 0.07675084626799941 0.2638876367940081 0.12891014778525983 0.09393072722392867 0.07232265986610875 0.14372519462028222 0.11601913300673383
0.10272042530934002 0.07538846620693382 0.2780186049029333 0.12745452131444546 0.09029279592571379 0.06931383742346732 0.1421022797341653 0.1147090691830009
0.10186501289480496 0.07483331960577967 0.28327232418877174 0.12683204388992966 0.08914095135785283 0.0684992447025551 0.14140826385936936 0.11414883950093671
0.10149725959200688 0.07461752898709584 0.2852134891403432 0.12659487396225932 0.08875245506346452 0.06824516959953159 0.14114383708926526 0.1139353865660334
0.1013497178822004 0.07453613835905938 0.2859296496472475 0.12650692788756399 0.08861653638684981 0.06815901095915149 0.14104578377911983 0.11385623509880759
0.10129265122423195 0.07450587212550554 0.2861938133978107 0.12647451097717607 0.08856794919028758 0.06812850186231992 0.14100964134320973 0.11382705987945847
0.10127101840280225 0.07449468182306543 0.2862912634881072 0.1264625704699047 0.0885503564037401 0.0681174674207815 0.1409963285686848 0.11381631342291422
0.13507951894547138 0.09936656959481521 0.2387161223188283 0.10543043833233608 0.11811306242222527 0.09085982308982579 0.11754707079739558 0.09488739449910247
0.10916759120628432 0.07827755044153988 0.2661163807794954 0.12597408961579076 0.09473081257183795 0.07190518586069738 0.14045170887014286 0.11337668065421172
0.10355967289192093 0.07543093156738279 0.2785730855539163 0.12707308915533408 0.09024604992315122 0.06907437932665147 0.1416770113418426 0.11436578023980065
0.0927006867740903 0.1489885910563117 0.16097379112456328 0.15779830439262116 0.08096053348614977 0.13628830784796261 0.08027131136494206 0.14201847395335904
0.10692181617010227 0.07729122098621272 0.2464364018723609 0.13361302536427527 0.0907865598824504 0.08055271389264626 0.1479151115143788 0.11648315031757331
0.09713757527095458 0.1556127333006672 0.11065326245881633 0.11461369172061646 0.11243099795831571 0.19427732701538492 0.07773798221050507 0.13753643006473976
0.1048798189785373 0.09075447353345895 0.21622730232122134 0.13180159927755639 0.09768509941179182 0.09308131987340258 0.14694894725423074 0.11862143934980074
0.1043875213251171 0.07871693616347761 0.26007864606440223 0.12952108024760356 0.09245704088535316 0.07386346436738242 0.1444063387238207 0.11656897222284322
0.0810514179100371 0.13091895680318397 0.13625011609195484 0.13780639492262833 0.09469169602865461 0.16044505908451762 0.09346868525186967 0.165367673907154
0.10508638193323118 0.076715031533048 0.23672418534614467 0.13486538842735135 0.09448193832033501 0.08525059152015742 0.14930152890614393 0.11757495401358838
0.08121939448842064 0.1305012401105913 0.13098941777265397 0.13800395803581622 0.09518458639943933 0.16489396896928443 0.09360268458081449 0.16560474964297944
0.14130934712631654 0.10307981645266963 0.18887981375967589 0.1087722911552265 0.1271392555241411 0.11557695274358565 0.12041539761587958 0.09482712562250517
0.07513838896956039 0.1174295395992493 0.07198847628755412 0.08182116862522666 0.14584642972327513 0.25164016457703353 0.09249349496764753 0.16364233725045332
0.0727450618186794 0.13549077740539944 0.09024368473898184 0.1318572167030188 0.10211280008378266 0.21988820874707646 0.08943359045943886 0.15822866004362257
0.07325750600236218 0.14174435329025808 0.09538963095078942 0.1339321986033686 0.09405999645709384 0.2100567068845831 0.09084096948750221 0.16071863832404235
0.1007628783541899 0.0898288441788811 0.21211718596188087 0.13437785195860186 0.09516639775480065 0.09698549829297029 0.1498212767359337 0.12094006676274167
0.11973846671050918 0.09096800409917236 0.18671424761068053 0.09376375164723544 0.14189900775019465 0.11501390581650062 0.13938611438902462 0.1125165019766825
0.08262503122831838 0.13208329208444947 0.11826953242450286 0.13532050641942112 0.10391089013175452 0.17362353565420618 0.09178260435404215 0.16238460770330532
0.10224039953948862 0.08762754869464026 0.22140070267893033 0.13340262433481456 0.09656319381698455 0.08996919832021688 0.14873397071359173 0.12006236190133311
0.10371489780875455 0.07819396322697965 0.26223381001333185 0.1294856263620293 0.09216843773368695 0.0732993908421736 0.1443668102872177 0.11653706372582635
0.08093534602404005 0.13078846350810205 0.1367435449588857 0.13781208228988487 0.09463484353432244 0.16023867816637244 0.0934725427705306 0.16537449874786184
0.10504244479355887 0.07669393200126581 0.2369255216431675 0.13484418477267973 0.0944556330138483 0.08520375941049443 0.14927805558880294 0.11755646877618235
0.07161081340264422 0.11506846417092259 0.08058469851122166 0.08487002098879996 0.13987827790731855 0.24230765931502363 0.09594002372646952 0.16974004197759993
0.10003141096343628 0.08533444662777014 0.20439393360798147 0.13359716931070403 0.10485497961068618 0.10259973365636144 0.14895087384342673 0.12023745237963362
0.10371010884272415 0.07822177461396772 0.25564993013034937 0.1301189084845397 0.09434221628004484 0.07577717141833137 0.14507287259395696 0.11710701763608572
0.08093450667778346 0.1308023772933521 0.13524795582608068 0.137833960514264 0.09510425796675455 0.16118880719062603 0.09348738191402253 0.16540075261711676
0.11777484872217768 0.08599156559068288 0.15890282079949836 0.0907139460795267 0.15200699306858867 0.13722700253769402 0.14399039060242333 0.11339243259940836
0.09667553714841094 0.15368037401964724 0.0918207969298092 0.11091452987647318 0.12464857585222451 0.21393376484023305 0.07522898548143397 0.1330974358517678
0.10515236887466155 0.09079509789428289 0.20796578721936365 0.13216566412607747 0.10070182019483948 0.09691531158599194 0.14735485239131324 0.11894909771346972
0.10470647662692108 0.07891795138407605 0.2568861624753778 0.12985065460823175 0.09331108072143485 0.07468829549573032 0.14477378954081957 0.11686558914740858
0.10303370084192447 0.07591255695899829 0.27545347468214954 0.12780586541552444 0.09039226340504278 0.06988285763522913 0.14249400218715932 0.11502527887397199
