Action: 0
[0.15859485241197702, 0.09682007944972171, 0.14817876252827497, 0.0956774555182419, 0.2096422197680674, 0.09973171928723328, 0.0956774555182419, 0.0956774555182419]
[0.2622358731644941, 0.09919260536132786, 0.09919260536132786, 0.09919260536132786, 0.09919260536132786, 0.14260849466753886, 0.09919260536132786, 0.09919260536132786]
[0.22958437894432487, 0.09838622761290468, 0.17763842628544793, 0.09838622015281698, 0.10084407991807234, 0.09838822678079931, 0.09838622015281698, 0.09838622015281698]
[0.125, 0.125, 0.125, 0.125, 0.125, 0.125, 0.125, 0.125]
[0.20882936187629736, 0.10081764621322269, 0.18618771006219798, 0.10081764621322269, 0.10081764621323078, 0.10089469699538327, 0.10081764621322269, 0.10081764621322269]
[0.10094899225776627, 0.09986062254868727, 0.2762038815599605, 0.09809216208359177, 0.13061785529921888, 0.09809216208359177, 0.09809216208359177, 0.09809216208359177]
[0.125, 0.125, 0.125, 0.125, 0.125, 0.125, 0.125, 0.125]
[0.125, 0.125, 0.125, 0.125, 0.125, 0.125, 0.125, 0.125]

Action: 1
[0.09596884452003435, 0.15869952002958052, 0.09596884452003435, 0.09596884452003435, 0.14024716604840337, 0.22120909132184421, 0.09596884452003435, 0.09596884452003435]
[0.10330621320049065, 0.10330621320049065, 0.10330621320049065, 0.10330621320049065, 0.2066124264009813, 0.1735502943960749, 0.10330621320049065, 0.10330621320049065]
[0.09839247402313352, 0.0982979717711236, 0.0982979717711236, 0.0982979717711236, 0.243801531082548, 0.1663161360387005, 0.0982979717711236, 0.0982979717711236]
[0.125, 0.125, 0.125, 0.125, 0.125, 0.125, 0.125, 0.125]
[0.1036435133728223, 0.09737557554483134, 0.09737557554483134, 0.09737557554483134, 0.2420476003331803, 0.16743100856984067, 0.09737557554483134, 0.09737557554483134]
[0.09842261936724908, 0.09842261936724908, 0.09842261936724908, 0.09842261936724908, 0.13716889277120906, 0.2722953910252964, 0.09842261936724908, 0.09842261936724908]
[0.125, 0.125, 0.125, 0.125, 0.125, 0.125, 0.125, 0.125]
[0.125, 0.125, 0.125, 0.125, 0.125, 0.125, 0.125, 0.125]

