0.125 0.125 0.125 0.125 0.125 0.125 0.125 0.125
0.099626400996264 0.07845579078455792 0.199252801992528 0.15691158156911583 0.08685378548392246 0.06839735606858895 0.17370757096784492 0.1367947121371779
0.09444644354078607 0.15741073923464347 0.10039762527401264 0.1416696653111791 0.1180580544259826 0.19676342404330432 0.10625224898338434 0.08500179918670747
0.07295173961840629 0.12906846240179573 0.09118967452300786 0.16133557800224466 0.08754208754208755 0.15488215488215487 0.10942760942760943 0.19360269360269358
0.13281470909983287 0.10459158341611839 0.17255815578291464 0.12550990009934207 0.12497973953002696 0.09118240605507756 0.13894461875059438 0.10941888726609308
0.10369062408589498 0.15375430140155913 0.09640200764937638 0.1383788712614032 0.12876984264692318 0.19219287675194888 0.10378415344605241 0.08302732275684192
0.08493169700598768 0.15026377162597823 0.07404301790265594 0.1309991855200836 0.10191803640718525 0.21179364743082196 0.08885162148318712 0.15719902262410032
0.13942792117000646 0.10169635537987942 0.16573047584767064 0.12203562645585532 0.12334664682488003 0.10627448599107372 0.13509845501014506 0.10639003332048924
0.0808130763828902 0.11879927792253464 0.10943048836144077 0.14255913350704155 0.09964188096555746 0.16363787584645223 0.10691935013028117 0.1781989168838019
0.09615869913246802 0.14879626438402663 0.09508557224472505 0.13391663794562395 0.13023259306191862 0.21502277200464556 0.10043747845921797 0.08034998276737437
0.06919464110192533 0.12242128810340636 0.08649330137740666 0.15302661012925792 0.08303356932231039 0.19840669615769596 0.10379196165288798 0.1836319321551095
0.09922212933137052 0.07324329260177692 0.21331616859932806 0.14648658520355384 0.09250794551980401 0.0853509535265521 0.1621666714504137 0.1277062537672008
0.0763778011833448 0.11594599936035295 0.12298659688879014 0.1391351992324235 0.10090586289363408 0.16637814197660744 0.10435139942431766 0.1739189990405294
0.09249782243176398 0.1433839271044636 0.09850234948551481 0.12904553439401725 0.13155359266675554 0.23080530248556158 0.09678415079551295 0.07742732063641034
0.06816221818735733 0.12059469371609376 0.08520277273419669 0.1507433671451172 0.09196650568161402 0.2001950746804444 0.10224332728103602 0.18089204057414063
0.07359445151039114 0.11497051921713905 0.09833465470558758 0.13796462306056687 0.10590366332276688 0.19330284206241471 0.10347346729542514 0.17245577882570856
0.07264273379403069 0.11277451129529059 0.09914502114926954 0.1353294135543487 0.10723079618904746 0.20221869690931568 0.10149706016576153 0.16916176694293586
0.08856428983829591 0.13751864711996933 0.09097867571781262 0.1237667824079724 0.13139095201100245 0.2606954966541844 0.0928250868059793 0.07426006944478344
0.10366415737902879 0.08368070535415577 0.12958019672378596 0.1046008816926947 0.14018428773563624 0.1572724770149217 0.15549623606854318 0.12552105803123365
0.09296248860198847 0.07504200887148467 0.18592497720397694 0.15008401774296934 0.10329437268260563 0.09028403944472313 0.16733247948357924 0.13507561596867243
0.07473005996041156 0.11393921451996437 0.11639321479863571 0.13672705742395724 0.107821793646607 0.1769345448025097 0.10254529306796793 0.17090882177994654
0.08880465727406124 0.13759903147496808 0.09398799262381441 0.12383912832747128 0.13169000612211895 0.25689636093547985 0.09287934624560346 0.07430347699648276
0.06531753949216794 0.11556180063998941 0.08922885748413113 0.14445225079998678 0.09630163022251315 0.2178189111629754 0.0979763092382519 0.1733427009599841
0.1281846747361243 0.09466462298370067 0.17364918078637814 0.1135975475804408 0.13226201045192734 0.13285104920172072 0.125757154830606 0.09903375942910224
0.06719508538961044 0.11888361261238771 0.09817130628434742 0.14860451576548464 0.10394358295756838 0.18408384998760424 0.10079262808441568 0.17832541891858156
0.09993840465750785 0.07027274402801383 0.21848980936226178 0.14054548805602765 0.09980143303188405 0.092835652435975 0.15558963268717754 0.12252683574115233
0.09831769914945032 0.138712623045507 0.11764604342931959 0.1248413607409563 0.13275373942252638 0.2191926972119494 0.09363102055571722 0.07490481644457378
0.06538745010388886 0.1156854886453418 0.09128592717816796 0.14460686080667726 0.10463777823806888 0.20678708690400946 0.09808117515583327 0.1735282329680127
0.07359241186577646 0.1097176152568574 0.09771506771315229 0.1316611383082289 0.10663931440386124 0.2173521758356661 0.09874585373117167 0.16457642288528607
0.05528647395792963 0.10850095881719579 0.052888191526925324 0.08527420638086977 0.14027267234996277 0.2908321552530896 0.09639692895228757 0.17054841276173954
0.09727744437206981 0.08732217975763026 0.12823689167126145 0.09815645742362467 0.1594983457061495 0.16580476560280996 0.14591616655810474 0.11778774890834959
0.09629751194614981 0.07701780537472264 0.19811436563784285 0.14146908096117933 0.1112302641058349 0.09082133123159555 0.15772746787761335 0.1273221728650614
0.1183165935016032 0.07610896823450825 0.1761593219464814 0.0913307618814099 0.1591566917955266 0.1197947469848832 0.14496946330382524 0.11416345235176237
0.08562903101855403 0.14564252423843016 0.087722329591844 0.11776621636952211 0.12950101417291127 0.2125432086451143 0.0798762163201976 0.14131945964342651
0.09413606670056873 0.08033122522257208 0.20055375628760586 0.13958849196370957 0.10423826204643964 0.09989180352386859 0.15563075148789707 0.12562964276733862
0.10362418331014561 0.06691572745875088 0.25934906699460414 0.13383145491750176 0.09645786311394978 0.07499120611433 0.14815692200879313 0.1166735760819246
0.08582199845034928 0.14667227882092407 0.10807674352065122 0.11965735463265599 0.11638620508769852 0.19863769252551486 0.08115890140301885 0.14358882555918717
0.09302868623373374 0.07946342336784269 0.21401397529464114 0.13786987668512538 0.10041857182916088 0.09740795386573611 0.15371462370714722 0.12408288901661282
0.13931544251267666 0.09005798386974836 0.21931719820055293 0.10806958064369804 0.12888759666597202 0.10050022371188608 0.11963746819326766 0.09421450620219829
0.07265214452568672 0.12273463902245701 0.1253994057572859 0.14015442243976992 0.10210331253570254 0.17370950835396493 0.09506126043740917 0.16818530692772388
0.10331492354110274 0.0683395869304828 0.23401434009737104 0.1366791738609656 0.09803708551018289 0.0891492232662382 0.1513094639405073 0.1191562028531495
0.07113672109079648 0.12174613263302608 0.12949975061529667 0.14214152496780544 0.0968978893953227 0.17159911701039632 0.09640903432598978 0.1705698299613665
0.10277130677825831 0.06821222096028019 0.2373118100987808 0.13642444192056039 0.09670645159269448 0.08861217458440161 0.15102746521120236 0.11893412885382186
0.1055285048578192 0.08655480223048365 0.1936259605913254 0.0961909621595365 0.14352635524701435 0.11614993448521531 0.14299432583716173 0.1154291545914438
0.09758186013710313 0.07642824628782285 0.2481458078022369 0.1314829252875309 0.10173790976886125 0.07969496842067393 0.14659364953699336 0.11833463275877777
0.07455492994888363 0.12750807686227042 0.13442217492963782 0.13952798947320263 0.09635550760099239 0.16556135834838898 0.09463637546878094 0.16743358736784317
0.11133973083113538 0.0944432606940793 0.16330162942847398 0.09538403943247048 0.1427635545075316 0.1365121567802692 0.14179478100707552 0.11446084731896458
0.10302868517258776 0.07718452022586832 0.23892938990411572 0.1308385333251175 0.1031690987953802 0.08321989199646983 0.1458752005878549 0.11775467999260575
0.11568351826908965 0.08568393962753723 0.19759005963793358 0.09351335149220694 0.1441515787975534 0.1121476526443771 0.13901387774065388 0.1122160217906483
0.08099491974608054 0.12642910000474256 0.12238055240018125 0.13568664749384485 0.10473082611521567 0.17492303372975704 0.09203094351756434 0.1628239769926138
0.10087657758723594 0.08266761249114206 0.2252311633345038 0.13353392594898225 0.09683019439910771 0.0917996306701835 0.1488803622147608 0.12018053335408403
0.07949511074523051 0.12761980816306553 0.1307105995171398 0.13800456896241334 0.09573576464961096 0.1692255662592243 0.09360309894841949 0.165605482754896
0.1013016958049436 0.08257842430780583 0.22953225111906883 0.13315527216753187 0.09463282273696229 0.09050159740672041 0.14845819150618852 0.1198397449507787
0.08048501876841807 0.12741137781233472 0.13200613116972534 0.1377417313588918 0.09514411370626283 0.16849672306679647 0.09342482648690054 0.16529007763067013
0.10137726168206664 0.08242391981302899 0.23030124670862873 0.13290629195234346 0.0949445761362935 0.09025044380366305 0.14818059714686652 0.11961566275710912
0.13646114685562574 0.0985073158927002 0.2244671296332653 0.10649833511798547 0.12179703895006347 0.09768283592456826 0.1187376960196047 0.09584850160618691
0.11041204715517315 0.07495936990662358 0.2654053691512091 0.125753983683012 0.09622573808343071 0.07385859952493042 0.14020630718091037 0.11317858531471078
0.09465938197230195 0.14381997981150957 0.16156038514306287 0.15720665415457208 0.08246735230587969 0.13882991641232023 0.07997034146123884 0.14148598873911483
0.10667942910579387 0.06726725113989203 0.2510214809131771 0.13453450227978406 0.09230861651929821 0.08196700653602694 0.14893522433903647 0.11728648916699123
0.09810369972118721 0.14800399071505524 0.11436268932205819 0.11438912969070644 0.11350917574348442 0.19677868860583392 0.07758567057282698 0.13726695562884772
0.10582649898748404 0.08440816583311239 0.22047396626332147 0.13126845261461195 0.09835452259148678 0.09517225784472055 0.14635452851211211 0.11814160735315075
0.1214026604335742 0.08615408116758119 0.19261304854700564 0.09279661704189834 0.14273323885396944 0.11499600966430398 0.13794840384138918 0.111355940450278
0.1428381899575705 0.09771231534913362 0.20770492453495656 0.10464400739570108 0.13388548286877877 0.10236521424580529 0.11667025899192345 0.09417960665613097
0.14847699387641441 0.098616172413398 0.21220479010200996 0.103474618304313 0.13023675784737812 0.09849703355973653 0.11536647742286835 0.09312715647388169
0.08898512267337433 0.1279946867411718 0.126599044663461 0.13406903652744595 0.10188298064252482 0.16865250362221076 0.09093378129687638 0.1608828438329351
0.10426902930145185 0.08228296828167327 0.2275486777883788 0.13239328571815642 0.09650998559049477 0.09023346269370895 0.14760863347979528 0.11915395714634076
0.08184855175523863 0.12699893057753464 0.13171447272416367 0.13726843254122223 0.09622556828881991 0.16811811864429047 0.09310380641926377 0.16472211904946665
0.07656403618882626 0.13448319419580315 0.10738712915156827 0.135531651413337 0.09483910743402482 0.19663108417921607 0.09192581574121989 0.1626379816960044
0.07457985238373661 0.141915506640663 0.10041576883617627 0.13349550069749613 0.09331441317258576 0.2055395830462191 0.09054477438612782 0.16019460083699535
0.10124267977724512 0.089554997462563 0.2156691325936601 0.13290632979150185 0.09514034840214487 0.09769017582582912 0.14818063933470432 0.11961569681235168
0.10410566514420574 0.07811434767335186 0.26424700124227274 0.12817102171389272 0.09210360080766058 0.07500331966674291 0.1429011242093699 0.11535391954250344
0.10298341245665098 0.0749560452385004 0.2833823428113664 0.1257461988524334 0.08984148948933027 0.06972130450875583 0.14019762767577276 0.11317157896719007
0.102003467903665 0.07393339185896834 0.29080969159439646 0.12478378489731157 0.08873220613271926 0.06830744326761007 0.13912460793774886 0.11230540640758041
0.11892445771054062 0.08620403095251304 0.21506705220872624 0.09111068290496435 0.13788102029090282 0.10603778693394122 0.13544214951245448 0.10933281948595723
0.10712170496951774 0.07645785579474156 0.2616042737210368 0.12574001598366852 0.10021259338734062 0.07550680751988507 0.14019073423850803 0.11316601438530167
0.10363928432085673 0.07461265826083209 0.28202527406574396 0.12554033194823289 0.091493568856991 0.06973448235314278 0.13996810144079097 0.11298629875340958
0.08136681900750722 0.12893764325833515 0.14441761109119125 0.136103083357755 0.09458279731023012 0.15895495027693718 0.09231339566873818 0.163323700029306
0.07600000102437682 0.14141487061113645 0.10976570803360707 0.1343957892733707 0.09388705742293335 0.1921062216080707 0.09115540489846014 0.16127494712804483
0.10135216797000615 0.08922223936480966 0.21981320267957866 0.13256390962237918 0.09500499085734773 0.09493710444586093 0.1477988663998765 0.11930751866014128
0.09301302774352165 0.15276426116922584 0.14861643063588612 0.15675176314344283 0.08221304514705466 0.14582594495010612 0.0797389403816644 0.14107658682909854
0.10684589490510968 0.0676390888718876 0.2462820770068429 0.1352781777437752 0.09271978304569448 0.0835416531559392 0.14975850364797252 0.1179348216227784
0.12145690195306741 0.08595600274653664 0.2009218555200819 0.09218824425526116 0.14054906070019646 0.11125802488534893 0.1370440168331942 0.11062589310631338
0.10825673775636 0.07677544654401437 0.2557708576215913 0.12635265766294987 0.1014652008412485 0.07678792368580284 0.14087378399137843 0.11371739189665489
0.10412093938181469 0.07480022353334922 0.279686856759665 0.1257820026919818 0.09208086998755928 0.07008775893790545 0.14023754628494092 0.11320380242278362
0.10239961431022986 0.07396810638459853 0.28929025947518855 0.12487765429253003 0.08941915225820914 0.06842605910772827 0.1392292653082387 0.11238988886327703
0.08111252468573987 0.1287019428517921 0.1461372232767055 0.1360137626447982 0.09421435543166998 0.1583508630112386 0.09225281292429792 0.16321651517375785
0.10145517748727892 0.08614521830945955 0.23545417727322285 0.13103272923507453 0.09419022206591535 0.08770130478225684 0.14609171453522488 0.11792945631156708
0.08094242967246057 0.13206269796824613 0.1330695468936982 0.1362948547555042 0.09540080948396759 0.16623236881578507 0.09244346670373328 0.163553825706605
0.11552106375869342 0.09873970707570384 0.16296546072860962 0.09329860424216971 0.14345920998921977 0.1353629875848493 0.1386946415301508 0.11195832509060366
0.10819032005103352 0.07984254233201343 0.24008056746166678 0.12809052271982738 0.10354277418093533 0.08216042896830444 0.14281137383837467 0.11528147044784462
0.12139937799907982 0.08779599173872062 0.19822714581422943 0.09172127308439847 0.14398956345729236 0.11045128738102963 0.13634983282397145 0.11006552770127816
0.10828174583628546 0.0770867459925775 0.2545491030574136 0.1263671879385511 0.1024263934294107 0.07666837043674088 0.14088998416432486 0.11373046914469598
0.08221931961872093 0.12952887075505926 0.13773617699866378 0.13604126304300532 0.09728076477574987 0.16167262378889516 0.09227146536829926 0.16324951565160636
0.11576776128456613 0.09817971018815537 0.1644692725576483 0.09319297195574414 0.1440403605390657 0.13398074508625407 0.13853761204167336 0.11183156634689297
0.10817964484268329 0.07969764169312507 0.24067744900585972 0.1279924414376508 0.1037013748784157 0.08185623032013305 0.14270202052824646 0.1151931972938857
0.08220089610549959 0.1302550459345734 0.13437341433113284 0.13611372560986174 0.09760583822035102 0.16379399517484095 0.09232061389190624 0.16333647073183408
0.07608374349737525 0.14161750574421525 0.10730803343641039 0.13424713748505357 0.0947554585609838 0.1938369760866436 0.09105458020725374 0.1610965649820643
0.10141526309131951 0.08929316305141934 0.21866048831142282 0.13259641983736692 0.09552921780863578 0.0953335571827531 0.14783511286345236 0.11933677785363021
0.10404046768770803 0.07795767836535128 0.26538517400601225 0.1279587003105368 0.092338114532346 0.07449263312905366 0.14266440168950892 0.11516283027948312
0.13695732173489086 0.09961967511541678 0.2359873978272685 0.10447087154248869 0.11987343018956854 0.09259029376594922 0.11647722543617768 0.0940237843882398
0.0864520031872628 0.1333152626579134 0.1317965415942836 0.1331267767419348 0.0998069764767461 0.16545562389613822 0.09029468335539927 0.15975213209032174
0.07671792331575467 0.14213829755993782 0.10650760682545332 0.13387622237414526 0.09505701278064357 0.19424846729349693 0.09080300300159419 0.16065146684897433
0.10157796691632714 0.08938152860036401 0.218263050839362 0.13258828428041955 0.09560085385203257 0.09543281733453005 0.14782604232458718 0.11932945585237761
0.08092580916350132 0.13287402977898602 0.12887149254639096 0.13628640757395782 0.09574378398195373 0.16931705055542867 0.09243773731103226 0.16354368908874936
0.10197722916955307 0.08729736491916934 0.2280731727286252 0.13177663101590018 0.09512942128214313 0.09022610346451178 0.1469211095057872 0.11859896791431017
0.08103825156726074 0.13236838316020197 0.13128598574129025 0.1363116184469104 0.09567810685129037 0.16728887523711014 0.09245483685964358 0.16357394213629248
0.1019262464590116 0.0871481858250338 0.22910992073210168 0.13167380157222872 0.09504293122097772 0.0897860304257081 0.1468064623499326 0.11850642141500585
0.10377693214486938 0.07732585856560406 0.2695418726048857 0.12744234737997462 0.09188749823019579 0.07323867172676049 0.14208870670573287 0.11469811264197714
0.13673477734736325 0.09938330919486656 0.23744965678277855 0.10434799212570561 0.11962290103360718 0.09220794654597342 0.11634022405657028 0.09391319291313506
0.08640740274546053 0.13324564056579624 0.1321467097267691 0.13311575649882357 0.09974911836989317 0.16530925553894515 0.09028720875572381 0.15973890779858826
0.07671076357625609 0.142121995986867 0.10659115080087546 0.1338773050313752 0.09504880031870416 0.19419348092264338 0.0908037373256284 0.16065276603765022
0.1322157363442355 0.11633921148852036 0.17759703183709583 0.10786377173652406 0.1244406146120599 0.12420618346767257 0.12026005595102011 0.09707739456287166
0.1115265109052259 0.08200960446770354 0.24565190274084261 0.12690680264964999 0.09863088386160367 0.07956655869284374 0.14149161429744556 0.11421612238468498
0.13960356433933999 0.1006186422825972 0.22849405936599756 0.10462633082059498 0.12190510394101473 0.09393805058209256 0.11665055092982755 0.09416369773853549
0.1282821977224351 0.08991394490356944 0.19177103170059903 0.08961052978384286 0.14793235124757564 0.11174523776001201 0.13321207114135447 0.10753263574061142
0.0847884846354784 0.13077415351058494 0.1211425798605383 0.13332968418572747 0.10624885863920883 0.17328831061092181 0.09043230753466734 0.15999562102287296
0.10298111500322613 0.08699688633084107 0.22430573805842868 0.13172345826997953 0.09755550810132547 0.09102435593101639 0.14686182586220106 0.11855111244298157
0.12052462136997569 0.08955575396249264 0.19347024376949173 0.09227805780217202 0.14279108030531615 0.11346904272501496 0.13717753070293037 0.11073366936260644
0.10826851273241529 0.07751596509207515 0.25264827947732593 0.12663171804392906 0.10240155685891685 0.07738050606503294 0.14118491549076867 0.11396854623953616
0.10422152767433897 0.07498401327052001 0.27842466303424745 0.125899274940395 0.09251941596174067 0.07027346158214115 0.1403682960902613 0.11330934744635551
0.1024550029487706 0.07401627228495268 0.2887718061498107 0.12490860988888186 0.08967421589868448 0.06849256544085407 0.13926377848805185 0.11241774889999367
0.08111362132061334 0.12869400788775212 0.14600029898483063 0.13598677491312716 0.09439849583969953 0.15838816295627753 0.0922345082019471 0.16318412989575257
0.13285518093646126 0.1128036109761759 0.1926484247625211 0.10723431683107933 0.12348746070380785 0.11490185993628733 0.1195582607056959 0.09651088514797138
0.11112036562809485 0.08102699139117728 0.2518873301656392 0.12622531925864694 0.09791787622878442 0.07748751882142835 0.14073181117344663 0.11360278733278224
0.1049235336239347 0.07553558711240259 0.2780944434125407 0.12590600825810674 0.09155050961772085 0.07029870730597483 0.14037580323702348 0.11331540743229607
0.1026350822131933 0.07410968098809827 0.2886407816226707 0.12492372644966013 0.08947411573976785 0.06850462685669752 0.13928063232521806 0.1124313538046941
0.08114898384411266 0.1287207882733285 0.14596963797764412 0.13598906103785943 0.09435357140814438 0.15839502542258363 0.09223605879089597 0.1631868732454313
0.10145877498966754 0.08614260855054248 0.23535896812852922 0.13101659441188432 0.09428651499659402 0.08774787854062752 0.14607372541145905 0.11791493497069588
0.10343443164638642 0.07699442711733366 0.2720287733087686 0.12713527597541918 0.09152012360651547 0.07271887496226927 0.14174634500543 0.11442174837787726
0.08135197925688813 0.12960659928953083 0.14199348765059838 0.13616590799807915 0.0948878528746078 0.16023907616868632 0.09235600716391455 0.16339908959769495
0.07596111175843576 0.14151443836293773 0.10914288629345825 0.1343079204615313 0.09419419768241863 0.19261413396564664 0.09109580692173427 0.16116950455383755
0.1013282639057433 0.08922673909656464 0.21946844549243116 0.13252275951368098 0.09535247047315898 0.09507785085652644 0.14775298709958162 0.11927048356231287
0.10398989844005503 0.0779242894521909 0.26570896650143466 0.12791815232531673 0.0922768136369561 0.07443634883930397 0.14261919371195758 0.11512633709278505
0.10290642202658908 0.07485459883580613 0.2838971293355322 0.12560680623396736 0.09007072843453642 0.06957597421438087 0.14004221530861732 0.11304612561057062
0.08121974042833295 0.1289604876716239 0.14483934605483356 0.1360487630245201 0.09451466303508156 0.15888193184390068 0.0922765523122832 0.1632585156294241
0.07594832589526278 0.1413679027597864 0.10982835685471387 0.1343242090607398 0.09412572670835417 0.19210957300705778 0.09110685484119743 0.16118905087288773
0.1013035404240564 0.08918400643046655 0.21976904936630753 0.13249481849411826 0.09531665621014491 0.09496475748228007 0.1477218349479199 0.11924533664470642
0.10397301376351485 0.07790931014645953 0.2658297149069888 0.12790371733357103 0.09225931190749088 0.07440848656836155 0.14260309977339933 0.11511334560021393
0.08147059671872336 0.12988762811607632 0.14051007206311375 0.13622432418983568 0.0950779210703544 0.1609646402331616 0.09239562858093205 0.16346918902780283
0.10172420573229432 0.08648568953992214 0.23304207457688536 0.1312643844146331 0.09462106787142191 0.0883746391189407 0.1463499927727327 0.11813794597316978
0.10358267293766005 0.07711172309510629 0.27110509089762236 0.12724752981730778 0.09166801530474582 0.07289069144999727 0.14187149966198345 0.114522776835577
0.10260877431246022 0.07457871845513407 0.2859991949233683 0.1253372559600843 0.08976243068507027 0.06916840843087738 0.1397416868689298 0.11280353036407587
0.13581537367632765 0.09840075146619078 0.24323072799426274 0.10386353607425254 0.11852873749044536 0.09088359911905694 0.11580009171263679 0.09347718246682729
0.1270006489963515 0.08935393129876999 0.1966832542611705 0.08943228193103969 0.14654033323900217 0.1107237182201266 0.13294709373629185 0.10731873831724763
0.14366969916064865 0.10127551890104199 0.20786341832049152 0.10336720986679764 0.1350115410524235 0.10053539878788516 0.11524672503059377 0.09303048888011786
0.11292574200965999 0.0785384703534164 0.25755655118590176 0.125034507072102 0.09970883930289703 0.07430068925910079 0.13940414445203014 0.11253105636489182
0.12228273798272643 0.08720483014761105 0.20377790871814042 0.09129136375470955 0.14227173778566699 0.10791104137461238 0.13571074373088163 0.10954963650565144
0.12397316511191304 0.08796506990347851 0.18375721380260746 0.09022090521428998 0.1555470407694652 0.11615208372701909 0.13411943521407885 0.10826508625714798
0.08393483363515986 0.1302133664234444 0.11917849124809465 0.1333078733053934 0.10795167856594644 0.17502679478748312 0.09041751406800597 0.15996944796647206
0.10282599323355628 0.08695747885907014 0.2234468758536756 0.1317982154458571 0.09800024437280805 0.09140762379935065 0.1469451745344108 0.1186183939012714
0.1378808457499331 0.10248184633504198 0.22106194414982366 0.10560682285160783 0.1226896113524697 0.09748906262131689 0.11774372637335977 0.09504614056644703
0.11124273556896405 0.0785720923344268 0.26339565555363254 0.12485637277978384 0.09675633837174348 0.07360053187994464 0.1392055380096993 0.11237073550180546
0.13892007181913021 0.09946014038207052 0.23475829067686307 0.10411023754853366 0.12083903744293115 0.09213786289088868 0.11607514544590244 0.09369921379368028
0.110949443671592 0.07769485433406305 0.26886859428406895 0.1241639447767398 0.09586685887366718 0.07227522130076655 0.13843353246003676 0.11174755029906583
0.08267753392929 0.1295770840770332 0.14114383396477087 0.13586258043210547 0.09574751108341949 0.1598060880496001 0.09215027194525416 0.16303509651852657
0.11585216914955164 0.09815018382052222 0.16562078304590774 0.09314931865966647 0.14348758290088945 0.13348806154674658 0.13847271848511614 0.11177918239159977
0.10815648711102309 0.0796588350432939 0.2411553200829045 0.12793332554412232 0.1035483154414697 0.08177161306888049 0.14263611071859605 0.11513999298971009
0.10462750437857748 0.07564090574379934 0.2739065736599498 0.12647619357765041 0.09315672223221645 0.07135200887074977 0.14101151731717143 0.11382857421988538
0.08157535340201072 0.1292254979970569 0.1424610107551869 0.13612838128603988 0.09525634417184768 0.15966880058103522 0.09233055426357488 0.16335405754324783
0.11555058048583797 0.09809539458973741 0.1661024588868265 0.09316408052378503 0.14333391998411338 0.13346200591356092 0.13849466298759686 0.11179689662854203
0.08219697624004943 0.13276390347221756 0.1147399827812973 0.1332780864347562 0.10496447254800362 0.18172556400274253 0.09039731079922593 0.1599337037217074
0.11569561399690742 0.098725641096295 0.15622237985325033 0.0930840373054516 0.14662753804849235 0.13956827156555424 0.13837567336750717 0.11170084476654192
0.0821377604535787 0.13279102409662763 0.1122777524737654 0.13313517751361142 0.10560345671827173 0.18399223445770974 0.09030038127010168 0.1597622130163337
0.10261944307425107 0.08758522882052422 0.22049349388765738 0.13211665461011837 0.09770195475031986 0.09327802526957724 0.1473002104384454 0.11890498914910655
0.12049923744039769 0.0897220857855293 0.19223180123884984 0.09234774499330989 0.1429327118001907 0.11416799935671106 0.1372811253930398 0.11081729399197188
0.08339910966179609 0.1309227167096577 0.12134483498327507 0.13363075753132975 0.10521161347927219 0.17449754479321508 0.09063651380385844 0.1603569090375957
0.10265226489278198 0.08703820455150005 0.22445029162855515 0.1317599139676043 0.09733957431348057 0.09127335683075576 0.14690247124447825 0.11858392257084387
0.1040925674767885 0.07741216001906391 0.26762390918520773 0.12761457928865189 0.0925166156461722 0.07360631459354852 0.14228073243078052 0.1148531213597867
0.08149155948833547 0.12974702231626994 0.1409468049216444 0.13620841770606562 0.09513399414231924 0.16063726034266812 0.09238483983541843 0.1634501012472787
0.13310559838111466 0.11313084962554845 0.19075380212366477 0.10734296133329183 0.12382148196176904 0.11555725015678446 0.11967939121786418 0.09660866519996264
0.14579974871554208 0.10632447078239436 0.205673997034574 0.10345818649018167 0.12850361815121877 0.10177945380855886 0.1153481571763667 0.09311236784116349
0.1489805310512897 0.10418829997741484 0.21048728979228726 0.1026360826309723 0.12903631139802468 0.09786743805775362 0.11443157272438255 0.09237247436787506
0.11410185948965956 0.0788998841632187 0.2585589164728077 0.12486049142808023 0.09826232307246517 0.07373195309330835 0.13921012999518795 0.11237444228527221
0.08330610044000471 0.12995170878961265 0.1386945646732788 0.13593582260185894 0.09632923178734887 0.1604596353426654 0.09219994924299997 0.1631229871222307
0.10221086521304187 0.08651954310528501 0.2321996179249916 0.1312900192895722 0.09492883344927729 0.08831152991197748 0.14637857374523947 0.11816101736061499
0.10372473772151018 0.07713469131295696 0.27075501992060047 0.12727738189263102 0.09175637996739146 0.0728973629833399 0.14190478249820201 0.1145496437033679
0.10265412993445595 0.07459054927734221 0.28585919730125703 0.1253518680751626 0.08979141396002312 0.06917818189732709 0.13975797828678574 0.11281668126764634
0.08116317281427708 0.12887275536826748 0.14530491896702857 0.13602419474980396 0.09444020772596169 0.15870582806198602 0.0922598886129105 0.16322903369976471
0.1328882994473037 0.11285533076160842 0.19238736531793624 0.10724859867681093 0.12351570053928314 0.1150067825500505 0.11957418389787725 0.09652373880912982
0.09831052904714821 0.15712158983758462 0.13919938065241844 0.15296386740288423 0.08662948745356232 0.150295610656252 0.07781205428755415 0.1376674806625958
0.1055623473056295 0.09055869192655347 0.23165585897535562 0.1305780609381459 0.09236672663285456 0.08617326606251027 0.14558479331461938 0.11752025484433129
0.10451863271011559 0.07774569838638633 0.2704562494178412 0.1272344706145017 0.09117440931972552 0.07250257637295607 0.14185693962542203 0.11451102355305152
0.10285107610579737 0.07468892458307484 0.28573053848962354 0.12535854241839042 0.08966992442876513 0.06911288611639771 0.13976541968139944 0.11282268817655138
0.10189064226294986 0.07379663815595405 0.29166227598370437 0.12460157516872564 0.0888512422918508 0.06813475079684567 0.1389214576881165 0.11214141765185308
0.10144666910185926 0.07349870139138366 0.29396139740864996 0.12431149039930234 0.08848618120033558 0.06781718432077063 0.1385980348183266 0.1118803413593721
0.11868665835457513 0.08602322062271132 0.21600079861360993 0.09098580418558777 0.13805231113904612 0.10581173315303999 0.13525650890872448 0.10918296502270532
0.08308666643360298 0.12995609830234975 0.12709897520311955 0.13360078773277745 0.10414392237808531 0.17117641820850032 0.09061618646223167 0.16032094527933294
0.07603685314881602 0.14115899401568446 0.10533550722395978 0.1337920727912455 0.0959701891059544 0.19640996873252226 0.09074592763232305 0.16055048734949462
0.10143664329342178 0.08925120623664905 0.21773825658396703 0.13262384917813047 0.09584399975100759 0.09587888616506883 0.14786569453143802 0.11936146426031742
0.10407417181703375 0.07797193177692309 0.26500581977863225 0.1279926401818577 0.09243639616768637 0.07462342200098923 0.1427022421132055 0.11519337616367194
0.1029512453948505 0.07488029853834519 0.28362005870777446 0.1256392851493243 0.09012705396310854 0.06962827473676442 0.14007842687544064 0.11307535663439186
0.1019920761477564 0.07388434124877521 0.29084607712208466 0.1247065898763285 0.08901834231605822 0.06827810115012622 0.1390385412501752 0.11223593088869566
0.10150026071328214 0.07353420490061603 0.29364539584276494 0.12435123316088025 0.08854806368627118 0.06786238681978495 0.13864234503160827 0.11191610984479221
0.10128266991554206 0.07340538931219545 0.294730490927899 0.12421581559709972 0.08835868487498988 0.06772135078110288 0.13849136455378133 0.11179423403738974
0.10119227531206444 0.07335682674158618 0.29515147694043314 0.12416388127259188 0.08828411303232378 0.06767047189801703 0.13843346165765094 0.1117474931453327
0.08084033118044677 0.1284563181056724 0.14750353723570073 0.13590331839937692 0.09404055902255724 0.1579940510626338 0.09217790291436 0.16308398207925226
0.07587983376984864 0.14124130098965093 0.11045842556091824 0.1343230135896448 0.09402289429686105 0.19178087148556958 0.091106043999933 0.16118761630757372
0.10126558454313332 0.08914548066613596 0.22004380187340275 0.1324671998574402 0.09527394670472578 0.09489246425434954 0.14769104222911614 0.11922047987169618
0.10395357268620567 0.07789546599189572 0.26593982839993896 0.1278899129282389 0.09224088720223672 0.0743917022644354 0.14258770889163352 0.11510092163541501
0.10288907194597369 0.07484364303854862 0.2839873489689756 0.12559506873412504 0.09005539356354045 0.06956478301589834 0.14002912887222596 0.11303556186071255
0.1019641489460207 0.07386894172560252 0.29098923070947247 0.12468905771938076 0.08899139374862608 0.06825808099990643 0.13901899420354838 0.11222015194744266
0.081008830839936 0.12863414220823757 0.1465213555239526 0.1359594772595566 0.09422863815637013 0.15828019002877997 0.09221599327169927 0.16315137271146793
0.10140521916666842 0.0861131998618392 0.2355935190309589 0.13099134558997552 0.09424158891559209 0.08771734154471673 0.14604557485927122 0.11789221103097798
0.08092292978268992 0.13203263776032728 0.13308874058174627 0.13626709634553108 0.09547085827581175 0.16627258237880913 0.09242463926044717 0.16352051561463726
0.10183609752914266 0.08704220890806534 0.22988010110435206 0.13159189181110778 0.09494145844440509 0.0895604004939785 0.14671513907895148 0.11843270262999699
0.09307926899098178 0.1520057458825942 0.15134348153746946 0.15660754022086418 0.08241464357606983 0.1439369587852379 0.07966557480800483 0.14094678619877776
0.12047258326039717 0.0762457978937115 0.16770441590258042 0.0914949574724538 0.1499483859453465 0.13453507145882637 0.14523009122611713 0.11436869684056722
0.07194567097566303 0.10987643798080694 0.06947975661568868 0.08047302697451932 0.15356648951637722 0.2627430552341016 0.09096950875380445 0.16094605394903863
0.10035559401378395 0.08419079987693401 0.19943680855644327 0.13200599378244143 0.10930169624780217 0.10872688124454163 0.14717683187385633 0.11880539440419728
0.11992596275370468 0.08915477656215566 0.18491159016005965 0.09238984746157271 0.14694527758376658 0.11846101498496327 0.13734371353989017 0.11086781695388725
0.123599730663671 0.08854200643157989 0.1774831416467236 0.0904785976271038 0.1574933650411917 0.1193263291437796 0.13450251229342594 0.10857431715252454
0.10938229168639561 0.07758445204532222 0.24557791303912513 0.12694416637785755 0.10603379223757055 0.07869436280759826 0.14153327206605906 0.11424974974007177
0.10471093512225647 0.07515467353483397 0.2755575314493582 0.12617518974129 0.0935081376968345 0.07065994118566361 0.14067592050260241 0.11355767076716097
0.1026687956160702 0.07411402703640918 0.287640294133309 0.12503549627736593 0.08997336753700337 0.06863082540813494 0.13940524734207813 0.11253194664962934
0.11914915075515771 0.08622689114899171 0.21394914580634797 0.09109659585577243 0.13869535006267286 0.10614574317644483 0.13542120816768558 0.10931591502692692
0.10718888155251441 0.07644614709432873 0.2610545770711157 0.12569532520424395 0.10080078930694078 0.07554757973245445 0.14014090735458243 0.11312579268381956
0.13775746811066017 0.09913057193160356 0.23401816047543228 0.1042372066367552 0.12213372881177188 0.09269267155673289 0.11621670650396439 0.09381348597307969
0.08659691330272634 0.1331650222209197 0.1313170802484507 0.13309854265865922 0.1003215143733524 0.16550714272397515 0.09027553328152539 0.15971825119039104
0.10310607638916923 0.08710370182975315 0.2287063881032427 0.13129894919310772 0.09590203094451032 0.08932526934514895 0.14638852992127085 0.11816905427379695
0.10404636586092118 0.07730309940354974 0.26931945181034717 0.12740601880393332 0.0920614303251572 0.07315001381801664 0.1420482030545346 0.11466541692353999
0.1027800662899898 0.07465273129330711 0.2852913458214359 0.12541590917326412 0.08990025635051374 0.06925599348356903 0.13982937933198253 0.1128743182559377
0.10188951322369072 0.07380301834936803 0.29149254519013995 0.12462299984706617 0.0889150898801521 0.0681707890416139 0.1389453446056096 0.11216069986235955
0.08099221815769259 0.12861181038039307 0.14664053490522594 0.13595287177456045 0.09420821716311174 0.15823938845984178 0.09221151302970186 0.1631434461294725
0.10139704257612968 0.08610623837018982 0.23564405945913966 0.1309859091121672 0.0942332767772152 0.08770664191198564 0.14603951359222223 0.11788731820095047
0.08092121802086301 0.1320304646484412 0.13310068365778396 0.13626660799739782 0.09546876783004812 0.1662680202155709 0.09242430803301765 0.1635199295968774
0.1154915355512436 0.09871392484359938 0.16294574101354775 0.09327372068334298 0.14356306704283375 0.13542589559674992 0.13865765044867107 0.11192846482001159
0.1413606659768639 0.10432039890896387 0.19606322221844621 0.10459884392057991 0.13547134984012765 0.10742665451892464 0.11661990508757195 0.09413895952852191
0.14787693054108653 0.10402078196733507 0.2070441304609222 0.10290784906562085 0.1313685462112198 0.09943012557681809 0.11473457201793846 0.09261706415905875
0.11396203903786309 0.07896798087946058 0.2571524367211253 0.12501834285799296 0.09889605117404411 0.07410051819773712 0.1393861225595832 0.11251650857219365
0.13990598277413124 0.09962366962822669 0.23242797529487585 0.10419977467084231 0.12155597605985452 0.09233185171290949 0.11617497265540179 0.09377979720375806
0.11126543596075678 0.07777350400950558 0.2679019775074693 0.12425151426700325 0.09608956276240467 0.07236047674591346 0.1385311659066439 0.11182636284030291
0.10434789818555647 0.07457516364926484 0.2843405539753726 0.12508995716923935 0.09061509846813856 0.0689843999278414 0.13946596717227133 0.11258096145231543
0.10226632098588537 0.07378855309133497 0.29106116861365494 0.12461119786432218 0.08906887034534952 0.06812162474596811 0.138932186275595 0.11215007807788997
0.08106609140755333 0.12861043541505823 0.1465408176572457 0.13595521490402374 0.09424549959603712 0.15822258085252433 0.09221310228272915 0.16314625788482845
0.07592235594649696 0.14128188127153973 0.11023249988911495 0.13432529676020308 0.09406908592269037 0.19187093151252996 0.09110759258518122 0.16119035611224367
0.10128340120419627 0.08915823631386638 0.21994461130994292 0.1324765544130424 0.09529108810122314 0.09491573782547921 0.14770147186051144 0.11922889897173815
0.10396140690572427 0.07790012472156777 0.26589975483097533 0.12789455200601996 0.09224775737450308 0.07439842623863209 0.14259288111715954 0.11510509680541797
0.10289237668421987 0.07484542671320875 0.283971568551345 0.12559696695238834 0.090058134485678 0.06956701111207915 0.14003124524393148 0.11303727025714952
0.10196549229573151 0.07386962830120794 0.2909830646245718 0.12468979626274243 0.08899247073054511 0.0682589135244515 0.13901981762428148 0.1122208166364682
0.10148905875208729 0.07352831522945788 0.29369864043131605 0.12434469394557887 0.08853822457003777 0.06785578822595285 0.13863505429454837 0.11191022455102098
0.101278113081446 0.07340307629433468 0.2947511688050588 0.12421327403576746 0.08835491231806321 0.06771897793057462 0.13848853090256458 0.11179194663219072
0.08085885980902931 0.12847275085773777 0.1474092897875189 0.1359088275847632 0.09405939881498564 0.1580186404650186 0.0921816395792307 0.1630905931017158
0.10133800219285609 0.08606235111596171 0.23597055664137304 0.13095116070321 0.09417604927286072 0.08764506373144977 0.1460007717093998 0.11785604463288901
0.0929355445398429 0.15164011354874596 0.15297378820153126 0.15651813032840994 0.0822323341801942 0.14321367952125494 0.079620092384452 0.14086631729556892
0.14555585419193018 0.09105430663251426 0.2010652633283828 0.10926516795901714 0.12488643185165169 0.11195513044564469 0.12096103249838283 0.09525681309247648
0.08805377029580004 0.13099819406924576 0.12333097969683897 0.13320040061257793 0.10092319802710041 0.17330835701742095 0.09034461954592243 0.15984048073509352
0.10372569445240447 0.08696706252550762 0.22524007804910137 0.13161858194060388 0.09627338468277956 0.09097357802152076 0.14674489658153897 0.1184567237465435
0.1207241446595796 0.08954159440780449 0.1937873294983244 0.09226676550634576 0.14234426659896737 0.11345503677461666 0.13716074394674682 0.1107201186076149
0.08344780335749662 0.13088188156663025 0.12172573956007768 0.13363509882679755 0.10508478451921657 0.1742231152429266 0.09063945833469748 0.16036211859215704
0.1026522752630458 0.08702120057651229 0.2246156241182952 0.13174415869479994 0.0972991464432883 0.0912129467876705 0.14688490529106799 0.11856974282531996
0.12043215660331962 0.0895604829616866 0.1935798191988242 0.09227857810230514 0.14270508587502412 0.11353127937205042 0.13717830416402377 0.11073429372276616
0.09613930582484938 0.15089436201195364 0.14027523894667482 0.1540631350397768 0.09093223621301662 0.15066765347291264 0.07837124695501689 0.13865682153579909
0.07850123994004117 0.1467218020120412 0.10847607412411628 0.13372314949017192 0.09302931229666887 0.18838146309455064 0.09069917965420357 0.1604677793882063
