Action: 0
[0.2943393315179937, 0.09329563611621917, 0.14254997334901517, 0.09329563611532773, 0.0964808139576868, 0.09344733671310183, 0.09329563611532773, 0.09329563611532773]
[0.21735026959203083, 0.10165622604823223, 0.19576570333282944, 0.08755370645842571, 0.12362383688231376, 0.09894284476931654, 0.08755370645842571, 0.08755370645842571]
[0.20742666194337447, 0.09586048476941983, 0.21703885703244266, 0.09586048476941643, 0.09623205662724293, 0.09586048531927097, 0.09586048476941643, 0.09586048476941643]
[0.125, 0.125, 0.125, 0.125, 0.125, 0.125, 0.125, 0.125]
[0.12847169668404276, 0.09372363997243903, 0.21075466892346334, 0.09372363997237387, 0.09842501997404603, 0.18745405452888722, 0.09372363997237387, 0.09372363997237387]
[0.09491245954874816, 0.09427734552893972, 0.29804485336367637, 0.09427722394696764, 0.09431418469985728, 0.1356194850178755, 0.09427722394696764, 0.09427722394696764]
[0.125, 0.125, 0.125, 0.125, 0.125, 0.125, 0.125, 0.125]
[0.125, 0.125, 0.125, 0.125, 0.125, 0.125, 0.125, 0.125]

Action: 1
[0.09028869584600062, 0.12150201256365165, 0.09028869584600062, 0.09028869584600062, 0.15432705131221686, 0.27272745689412836, 0.09028869584600062, 0.09028869584600062]
[0.09874234276059615, 0.09874234276059615, 0.09874234276059615, 0.09874234276059615, 0.21006125791523078, 0.1974846855211923, 0.09874234276059615, 0.09874234276059615]
[0.12060397919366089, 0.09273283271187634, 0.09273283271187634, 0.09273283271187634, 0.20359858193227406, 0.21213327531468334, 0.09273283271187634, 0.09273283271187634]
[0.125, 0.125, 0.125, 0.125, 0.125, 0.125, 0.125, 0.125]
[0.11121240137123524, 0.0914615624858735, 0.0914615624858735, 0.0914615624858735, 0.17150172511184528, 0.259978061087552, 0.0914615624858735, 0.0914615624858735]
[0.13836429176000237, 0.09167806195865513, 0.09167806195865513, 0.09167806195865513, 0.11156436077550602, 0.2916810376712159, 0.09167806195865513, 0.09167806195865513]
[0.125, 0.125, 0.125, 0.125, 0.125, 0.125, 0.125, 0.125]
[0.125, 0.125, 0.125, 0.125, 0.125, 0.125, 0.125, 0.125]

