0.125 0.125 0.125 0.125 0.125 0.125 0.125 0.125
0.07575757575757576 0.12626262626262627 0.09090909090909091 0.15151515151515152 0.0946969696969697 0.15782828282828282 0.11363636363636365 0.1893939393939394
0.06379183862841928 0.10631973104736547 0.057412654765577345 0.09568775794262893 0.12758367725683856 0.24300351494275768 0.11482530953115469 0.19137551588525786
0.07295173961840629 0.12906846240179573 0.09118967452300787 0.16133557800224468 0.08754208754208756 0.1548821548821549 0.10942760942760944 0.19360269360269358
0.09799741293070689 0.0771729626829317 0.19599482586141379 0.1543459253658634 0.09226570568873996 0.07679789716964108 0.17086728408430946 0.1345579862163937
0.07313693505780701 0.12189489176301167 0.10370083108111905 0.14627387011561402 0.09923596510005181 0.16320976665116843 0.10970540258671051 0.18284233764451752
0.08937282197510105 0.1489547032918351 0.0882757742686329 0.13405923296265157 0.12213640410287535 0.23622109889932436 0.10054442472198868 0.08043553977759094
0.06129964374573381 0.10845321585783674 0.05344071506038332 0.09454895741452433 0.12259928749146762 0.263678835480239 0.10688143012076665 0.18909791482904867
0.09420121201284391 0.07604194222723544 0.18840242402568783 0.15208388445447088 0.08478109081155952 0.09805176883605966 0.16956218162311903 0.1368754960090238
0.07173915659755482 0.1195652609959247 0.10133626570869043 0.14347831319510965 0.09682204471176757 0.1801023324007334 0.10760873489633223 0.17934789149388702
0.06982238009611393 0.1163706334935232 0.09194260867560651 0.13964476019222785 0.10149483418545995 0.20143526297261288 0.10473357014417088 0.17455595024028478
0.0687959186571306 0.114659864428551 0.08993304555236252 0.1375918373142612 0.10085400447564999 0.21298165494352234 0.1031938779856959 0.1719897966428265
0.06820816804422612 0.11368028007371021 0.08906904507045862 0.13641633608845224 0.10401744858127851 0.2157760499649698 0.1023122520663392 0.1705204201105653
0.06713686972187889 0.12456701543031752 0.08771294729091109 0.13427373944375778 0.1032634738940071 0.2144984753316119 0.10070530458281836 0.16784217430469725
0.0821922052875264 0.15405604751341764 0.08046326527822181 0.1232883079312896 0.1263444194009042 0.26721653888139935 0.0924662309484672 0.07397298475877376
0.08057687303080378 0.142559083054499 0.07559679967246244 0.12428227753469145 0.09669224763696456 0.24685818039672347 0.0842958056322255 0.14913873304162972
0.09236472835029676 0.07455947951168533 0.19806857395396282 0.14911895902337066 0.08312825551526708 0.10229642949384975 0.16625651103053415 0.13420706312103362
0.12522899778126964 0.10573175387414718 0.17907212931889 0.11834140290329981 0.1287035829293211 0.10874390734209816 0.1310087976788667 0.10316942817210753
0.07664717209475984 0.12553492104121883 0.09637155441789726 0.13625797373010196 0.10950105725394714 0.1831713740018712 0.10219348029757647 0.17032246716262742
0.06076570893731601 0.10589514731341126 0.055695471411842175 0.08463102877988568 0.1404547067694408 0.28173864469246995 0.10155723453586282 0.16926205755977136
0.10362222152281865 0.08364685351841987 0.14174194573960983 0.10455856689802484 0.1243466658273824 0.1611801339318866 0.15543333228422798 0.12547028027762983
0.08975190928424107 0.0724503364101705 0.22261757238282429 0.144900672820341 0.09049439870639557 0.08782106814608683 0.1615534367116339 0.13041060553830688
0.07553988673165019 0.12394027657811771 0.10148245740603334 0.13888167032121232 0.10389824127027768 0.17849412705028408 0.10416125274090926 0.1736020879015154
0.06071344418203122 0.1057663440867714 0.05596694296782678 0.08464067586624362 0.14212130996927752 0.2799411201558699 0.10156881103949232 0.16928135173248723
0.10139536887032179 0.08184927366640433 0.14230613391310376 0.10231159208300541 0.13873084781136277 0.15853981985071264 0.15209305330548267 0.12277391049960651
0.11645563696197558 0.09400635754761884 0.19114429747734502 0.11750794693452354 0.13000036037948964 0.11411565687575365 0.13101259158222253 0.10575715224107118
0.08525746360076472 0.13506543335776394 0.13611425065144764 0.16883179169720494 0.08439653319328834 0.15250191658694615 0.08588399838509991 0.15194861252748443
0.09893517105669525 0.08147974510023621 0.20712351372198828 0.14360701694645492 0.09610376389701313 0.08857605733065908 0.15897887101927446 0.12519586092767865
0.0932201906385539 0.1528925810460974 0.10409416836154413 0.12720813812205595 0.1313682198603988 0.21948571550657422 0.09540610359154197 0.07632488287323358
0.07520940517468591 0.11415696572819181 0.09959572024082804 0.14269620716023973 0.09549881204798173 0.20482218750362247 0.09678525355216262 0.17123544859228768
0.12901932618583056 0.10535292061892526 0.1693825997561767 0.11323310444415204 0.12972926256837572 0.12921304535715955 0.12535370129755538 0.09871603977182486
0.07994288842037969 0.1149607817307885 0.11240942565250617 0.1437009771634856 0.0960302814139052 0.1830477232944749 0.0974667497282772 0.17244117259618272
0.10171571271095783 0.07830311332005442 0.21379454321232322 0.1401073932060687 0.09648786009394343 0.0923418268795641 0.15510464367948995 0.12214490689759835
0.06833707116017344 0.10400790811918235 0.07740439178830755 0.08662874460562288 0.14396393238221827 0.24244596920650233 0.10395449352674745 0.17325748921124576
0.06227886594543076 0.09536117834301945 0.055263639042866415 0.08313538624776055 0.13559992737745902 0.30811109826786554 0.09397913228007714 0.1662707724955211
0.11046381835887278 0.07794611134868774 0.1361220927457588 0.09743263918585969 0.1444781610529617 0.1717978481518184 0.14484016213300932 0.11691916702303162
0.07972992137151083 0.11231965898764822 0.1043790594375124 0.14039957373456027 0.10167851709801463 0.19778624392149274 0.09522753696778871 0.16847948848147232
0.10069987338407618 0.07734024345510533 0.2182614469555324 0.13855955235333614 0.09674626135079957 0.09420599509296153 0.15339112022835746 0.12079550717983152
0.09764428737865262 0.14860003522005055 0.11605318888993234 0.12380120291649574 0.1288843425813147 0.21788531907628475 0.09285090218737181 0.07428072174989744
0.07872862811534585 0.1111050362623221 0.09970525765631938 0.13888129532790264 0.09796797660902341 0.21275650350015643 0.094197748135447 0.16665755439348315
0.10354030029411065 0.06960156666377328 0.21175015636860867 0.13920313332754655 0.09699503791695009 0.09842588006753641 0.15520110536668247 0.12528281999479188
0.10487229934506268 0.06685069269198968 0.2558486403755953 0.13370138538397935 0.09313016179685403 0.07619850657312778 0.1490670669878098 0.12033124684558143
0.10310158566498717 0.06540196069165238 0.2754364391607453 0.13080392138330477 0.09056631208121364 0.07112964091740794 0.14583661085571442 0.1177235292449743
0.13620047341832014 0.0866040860068605 0.23820085913149278 0.10825510750857562 0.11941646309039242 0.09319704795394497 0.12069636613269549 0.09742959675771803
0.11028994404330394 0.06445669221360784 0.26875865884503874 0.12891338442721567 0.09468675969352151 0.07314371155829565 0.1437288032345225 0.11602204598449409
0.12187439125127134 0.07538950400229599 0.20661063348840814 0.09423688000287 0.1399504436265426 0.10876444015821472 0.140089451466953 0.113084256003444
0.10875933816471847 0.06509763757831362 0.25769621562138967 0.13019527515662724 0.09953277528989382 0.07638499481376347 0.14515801573432918 0.11717574764096451
0.10478988157896331 0.0646749443405551 0.27910172537723815 0.1293498886811102 0.09095620025241527 0.07049698705404811 0.14421547290267062 0.11641489981299918
0.08254489356226016 0.11258316303735394 0.14371533849219773 0.14072895379669242 0.09463202711701803 0.16146993686329883 0.09545094257514791 0.1688747445560309
0.09959727425327264 0.07616890652392398 0.23732397190544505 0.13640335652707541 0.0939041821564659 0.08668243910404898 0.15100412281385633 0.11891574671591189
0.07198922322680552 0.09950368003972768 0.08237495129144358 0.08674679798335233 0.141474263990018 0.24635588978163675 0.09806159772031134 0.17349359596670466
0.10168513136261965 0.06817464027080662 0.2091012193703679 0.13634928054161324 0.1057618871412653 0.10419421634142002 0.15201927248445535 0.12271435248745192
0.10488671861072033 0.06581988617748209 0.26106740879744744 0.13163977235496419 0.09472250255164358 0.0766193940760982 0.14676852231217646 0.11847579511946778
0.10375575394860652 0.06456298387371215 0.2808032821450444 0.1291259677474243 0.09084863888282607 0.07072418465757647 0.14396581777212827 0.11621337097268185
0.10277810560719113 0.06406431207856383 0.28816459275758877 0.12812862415712767 0.08944145038804187 0.06925329917249837 0.14285385409757365 0.11531576174141488
0.10229014256055186 0.06387812849366215 0.2909027486254509 0.1277562569873243 0.08892678157955702 0.06882661797302413 0.1424386924918377 0.11498063128859189
0.09410609559323463 0.12892651774953598 0.16819697462985492 0.16115814718691995 0.08180498758005023 0.13878449600578663 0.08198044878638973 0.14504233246822795
0.1002639400824108 0.07643929356398003 0.24945553019661132 0.1347874472486723 0.09037899113045658 0.08195254766673964 0.149215244817415 0.11750700529371431
0.08200613107679132 0.11282594349572225 0.13699303521834547 0.14103242936965282 0.09556664109467558 0.16668012632007334 0.09565677818115584 0.16923891524358337
0.07513303423123265 0.12172816541004336 0.10836445767988641 0.1307192197193309 0.10187608721403933 0.20074059630680555 0.09803941478949817 0.1633990246491636
0.07650158079984912 0.11172056060389873 0.10325216487334794 0.13965070075487343 0.09675341592744878 0.20982113040534153 0.0947196057293924 0.16758084090584807
0.10324604180043619 0.0685693564199444 0.2197868415266626 0.1371387128398888 0.09656013837159538 0.09837463690139829 0.1528994305841745 0.1234248415558999
0.1051803680624117 0.06560810544368752 0.26534964595918964 0.13121621088737503 0.09257201139411848 0.07568278556970058 0.14629628288487934 0.11809458979863756
0.10389281051452706 0.06441671780728962 0.2823873828965927 0.12883343561457924 0.09024301450381729 0.07063688033531065 0.1436396662747622 0.11595009205312132
0.10296596954878645 0.0639782959324866 0.2886984397348697 0.1279565918649732 0.0892236962905656 0.06935402301979018 0.14266205093005221 0.1151609326784759
0.10252553211159594 0.06381906424078644 0.29103443681690655 0.12763812848157288 0.08882022174996554 0.06898131294227206 0.142306988023485 0.11487431563341559
0.10234165368180485 0.0637609780436473 0.29189998280710344 0.1275219560872946 0.08866688071363613 0.06886132371450221 0.14217746447344634 0.11476976047856513
0.13703678258187243 0.08540876052655269 0.24472831013387578 0.10676095065819086 0.11873350560616915 0.09221634215220828 0.11903049274875907 0.09608485559237177
0.11092202687750077 0.06381029558806135 0.27247900443446577 0.1276205911761227 0.09501027969819419 0.07301183493048263 0.14228743523666218 0.11485853205851042
0.10487128838293515 0.06405422120209704 0.2846770225596246 0.12810844240419408 0.09030721086686755 0.06985286347135317 0.1428313529491537 0.11529759816377468
0.10318919081156554 0.06388266261497297 0.2894691024907699 0.12776532522994594 0.08912316361181442 0.06913295962835347 0.14244880290562628 0.11498879270695134
0.1203954723580411 0.07480650605164976 0.2135163712652312 0.09350813256456221 0.1387971392558795 0.1077604999729766 0.139006119454185 0.11220975907747463
0.10822178095088364 0.0645695339556695 0.2605912184453609 0.129139067911339 0.1008015975713194 0.07647121656795351 0.143980423477269 0.11622516112020512
0.1396292489274424 0.08581652800489999 0.23365055393790618 0.10727066000612498 0.12315098329777391 0.09433965118664543 0.11959878063369457 0.09654359400551248
0.11190695725709665 0.06397503100365531 0.268033791489592 0.12795006200731063 0.09675812558780078 0.07356620622190373 0.14265477062606124 0.11515505580657957
0.10525560852175901 0.06410371169386053 0.2828981323819139 0.12820742338772106 0.09120142060523272 0.070005313001418 0.1429417093591457 0.11538668104894896
0.10334448880217154 0.0638760206980552 0.2887137044225206 0.1277520413961104 0.0897433002720567 0.06915961473035567 0.14243399242223057 0.11497683725649939
0.10272217270612063 0.06375384003960147 0.2909174839679324 0.12750768007920293 0.08928688315003556 0.06889348019602647 0.1421615477897979 0.11475691207128265
0.08222231055596614 0.11199349069133774 0.1462595529451187 0.1399918633641722 0.09532404432947557 0.16126749909948454 0.09495100297743853 0.1679902360370066
0.07762332207405975 0.12130961467149882 0.11022252048730798 0.1302856755916242 0.10161275940275363 0.19837475658950718 0.09771425669371817 0.16285709448953026
0.07697068196809093 0.11155290861762993 0.10357529278338164 0.13944113577203743 0.09735685612010937 0.20919629581040214 0.09457746600190364 0.16732936292644487
0.10338150915952748 0.06846645227568346 0.21970804273118846 0.13693290455136692 0.09741594510409192 0.09818556238061162 0.15266996970130012 0.12323961409623023
0.12189709835160946 0.07584410538326176 0.19183622913011308 0.09480513172907722 0.14426290604081443 0.11665417546611069 0.14093419582412076 0.11376615807489265
0.10935238844352844 0.06500836413225854 0.2519776698835619 0.13001672826451707 0.10317622145530421 0.07849462310874325 0.14495894927402125 0.11701505543806534
0.10522940042355516 0.0644799311076189 0.2768489557236989 0.1289598622152378 0.09341781594398839 0.0712195360925113 0.14378062249967558 0.11606387599371401
0.10352065966105127 0.06399375061321433 0.2864076409405962 0.12798750122642866 0.09071934702335442 0.06948583687016313 0.14269651256140628 0.11518875110378579
0.10280674591399319 0.06377656829837301 0.2900002016218467 0.12755313659674603 0.08987729021342339 0.06897600600396539 0.142212228414581 0.11479782293707143
0.12018604863086477 0.07466749814987378 0.2134677588272379 0.09333437268734222 0.14004472651848618 0.10755053423512637 0.138747813726258 0.11200124722481067
0.10820121310943169 0.06450084021184184 0.26043323589338613 0.12900168042368368 0.1015542536080306 0.07638001769097992 0.1438272466813309 0.11610151238131532
0.10468663277491418 0.06427158534017162 0.2800339611169056 0.12854317068034324 0.09280717732051888 0.07065257662018617 0.14331604253465133 0.11568885361230889
0.1033078452047843 0.06391321677832465 0.28759122642912266 0.1278264335566493 0.0904898708573631 0.06931068284319415 0.14251693412957764 0.11504379020098439
0.1027409337337141 0.06374503305113645 0.2904352706997896 0.1274900661022729 0.08979009452040447 0.06891563288064013 0.1421419095199968 0.1147410594920456
0.08222002906835214 0.11193779393987349 0.14612116540441936 0.13992224242484189 0.09577408138485642 0.16121421504925806 0.09490378181858841 0.16790669090981022
0.07896104292778636 0.12111080446250605 0.11007566760773056 0.1300399608797342 0.10157405091563314 0.19815855144714128 0.09752997065980068 0.16254995109966777
0.07721351658007174 0.11150818454569092 0.10351717065072769 0.13938523068211364 0.09749387322243644 0.20908019973342432 0.09453954776699883 0.16726227681853637
0.13561096274120357 0.08972585096155306 0.1799488321627344 0.11215731370194132 0.1277833744670224 0.12878504880491715 0.12504703482888083 0.10094158233174719
0.12924423647004482 0.07459439129145105 0.17662398414178837 0.0932429891143138 0.15245871999119556 0.12333212614678113 0.13861196590724859 0.11189158693717656
0.11146208012996764 0.0651386719429193 0.24549183890671636 0.1302773438858386 0.10522065044100101 0.0799102889534346 0.1452495162428678 0.11724960949725473
0.14107847725035333 0.08600602544297348 0.22826567060337716 0.10750753180371682 0.12516826020413366 0.09535438106109069 0.11986287501100967 0.09675677862334515
0.14881838218309207 0.08474748921787795 0.21988857566642558 0.1059343615223474 0.12941162956687707 0.09774972892521724 0.11810890754805003 0.09534092537011267
0.10369383842212912 0.12727838508704825 0.14857593603007077 0.15909798135881031 0.08954370938495443 0.1476895151071848 0.08093245138687308 0.14318818322292926
0.10929791302743123 0.07592458061397375 0.24132702536660558 0.13386332607646836 0.09148119289063641 0.08321239613811658 0.14819220469189823 0.11670136119486987
0.06190544008408308 0.08322975265700255 0.09982475777795549 0.10403719082125318 0.11891069008708126 0.20641052774087532 0.11760725918924271 0.20807438164250636
0.09988524457032541 0.06853417087980113 0.21812901020794864 0.13706834175960225 0.10225849564120014 0.09794225727625225 0.1528209720812282 0.12336150758364203
0.13894539720228208 0.08708169498764785 0.21965664117819336 0.10885211873455981 0.1256522890940136 0.10048296284560812 0.12136198909659134 0.09796690686110383
0.08813548726747811 0.11055457375969151 0.12879318762829614 0.13819321719961442 0.10275649596671899 0.17200412587283823 0.09373105166582542 0.16583186063953725
0.08045619866031826 0.12047339603127002 0.10623898181711418 0.12947221460946998 0.1026873376659908 0.20172744199689677 0.09710416095710249 0.16184026826183748
0.07739354462142926 0.11134752263074724 0.10253352109746647 0.13918440328843404 0.09761708775336676 0.21049930225810626 0.09440333440432917 0.16702128394612084
0.10351572470517545 0.06845046024359047 0.21919274058423677 0.13690092048718094 0.09751929621729588 0.0985757194674543 0.15263430985660323 0.12321082843846284
0.10537477340877027 0.0655056319960973 0.26489437739864413 0.1310112639921946 0.0935287371992783 0.07570729602074269 0.14606778239129756 0.11791013759297515
0.0828366781387679 0.11220231567199976 0.1402905996835614 0.14025289458999968 0.09673864244932576 0.16424734571469388 0.09512805024365197 0.16830347350799962
0.07962235206811877 0.12083561067594951 0.1089337627131656 0.12966802781029607 0.10263023356753678 0.19897395754434094 0.09725102085772207 0.1620850347628701
0.07728433932914548 0.11141137274129011 0.10319172901098128 0.13926421592661262 0.09768113513573223 0.20959268055060054 0.09445746819370249 0.16711705911193514
0.10347031013332054 0.06843843775454515 0.21947038163952662 0.1368768755090903 0.09754011506165843 0.09840719044324421 0.1526075015004335 0.12318918795818128
0.10535168784606834 0.06549666716484974 0.26499638762374156 0.13099333432969948 0.09354610821129532 0.07567402177196615 0.14604779215564997 0.1178940008967295
0.10406190543642428 0.06431293458361177 0.28204525010506587 0.12862586916722354 0.09117553291201098 0.07060698036916839 0.14340824517599401 0.1157632822505012
0.1031337354505529 0.0638777419748546 0.28837096283138436 0.1277554839497092 0.09012564984923624 0.06931865977693823 0.14243783061258622 0.11497993555473829
0.10269160779847165 0.06371976111122861 0.29071672955693234 0.12743952222245722 0.08970639416891396 0.06894485827585106 0.14208555686593363 0.11469557000021148
0.10250653854513353 0.06366211343373553 0.29158761241950404 0.12732422686747105 0.08954601840566236 0.06882467499851466 0.14195701114925502 0.11459180418072394
0.10243332451855408 0.06364092769099423 0.29191129206186206 0.12728185538198847 0.08948577683067584 0.06878338356714254 0.1419097701049931 0.11455366984378962
0.10240515793530602 0.06363310029783151 0.29203168533769897 0.12726620059566301 0.08946331263644929 0.06876864647444667 0.14189231618650783 0.1145395805360967
0.08215362128488866 0.11189256308065819 0.14646261486440174 0.13986570385082273 0.09569589680748425 0.161225321574547 0.0948654339162102 0.16783884462098728
0.10486549680140841 0.07494637978252905 0.2414428014538093 0.13406357297008437 0.09378355511509764 0.0856083722325656 0.14841388623468843 0.11687593540981714
0.08282651372864235 0.11244512122816293 0.1349060494322699 0.14055640153520366 0.09693795516057246 0.16832636994467917 0.09533390712822509 0.1686676818422444
0.10540574248207496 0.07525929454985898 0.2370124628631283 0.13456128738031148 0.09437540399204847 0.08711109190592985 0.14896487654637652 0.11730984028027153
0.07293144149710762 0.09890783647509703 0.08211532568084542 0.08622734461931536 0.14229232195544464 0.24759665096389852 0.09747438956966084 0.17245468923863072
0.07462291155951058 0.1089002262297411 0.09533613275840166 0.1361252827871764 0.10445738306787797 0.22487927157963938 0.09232845267304138 0.16335033934461166
0.11577400821910841 0.07699936722639915 0.15179107243069298 0.09624920903299894 0.1487017459231085 0.15190463260142623 0.14308091372666706 0.11549905083959872
0.09682767873389897 0.12784660902886805 0.13058790360536549 0.15980826128608505 0.09342670125314105 0.16638164323746066 0.08129376769770413 0.14382743515747654
0.10865070382479936 0.0762337280653286 0.23482280658155208 0.13429453613460884 0.09353885933544721 0.08671250619401145 0.14866957195202934 0.11707728791222312
0.08355237584873972 0.11250459312503835 0.13341812412362605 0.14063074140629797 0.09692619475627517 0.16882675209862838 0.09538432895383687 0.16875688968755753
0.09642888216150824 0.14547957340096368 0.1296139045608018 0.15605766402915444 0.08619276514573436 0.16854677677399107 0.08163016272294234 0.13605027120490387
0.08236069622854801 0.12411491673856002 0.10645702278210391 0.12905421895710578 0.09989417471166236 0.20001053266780844 0.09679066421782932 0.1613177736963822
0.09725900732430032 0.14838116839081578 0.09261832850068294 0.11803017376334762 0.1255404148068109 0.25883017263352304 0.08852263032251073 0.07081810425800858
0.06593334265203579 0.09069173246868274 0.05687000690332855 0.07906458728039008 0.14039579859486043 0.3195379980055683 0.08937735953435401 0.15812917456078016
0.11101278549391805 0.07501140225825471 0.1356579382757072 0.09376425282281839 0.15772401979812975 0.17492563854360024 0.13938685942018972 0.11251710338738208
0.14201416587157692 0.0863672137889847 0.1872364514941712 0.10795901723623086 0.14107313709761285 0.11782065142349561 0.12036624757532008 0.09716311551260776
0.11399299187397656 0.06479673236468293 0.2494628027961728 0.12959346472936586 0.10239103452393783 0.07864181343627595 0.14448704201915866 0.11663411825642929
0.10637743220320646 0.06447446122051365 0.27575480827501403 0.1289489224410273 0.09331063006518607 0.0713112901302959 0.14376842546783192 0.11605403019692458
0.10385126938977188 0.06399640077665857 0.285951606034747 0.12799280155331713 0.09074867285061697 0.06956330596656299 0.14270242203034014 0.1151935213979854
0.10293379110036951 0.0637712865159225 0.2898012241141251 0.127542573031845 0.08992178572095495 0.06904057296008036 0.14220045082804209 0.1147883157286605
0.10259117002486123 0.0636813571181009 0.29124143380540646 0.1273627142362018 0.08963447592985027 0.06886248437979961 0.1419999216931981 0.11462644281258161
0.10246256184871966 0.06364709060658554 0.2917785591064141 0.12729418121317107 0.08953102035337263 0.06879831129295938 0.14192351248692356 0.11456476309185398
0.10241433795102368 0.06363423352165466 0.29197866580981485 0.12726846704330932 0.08949313679187548 0.06877469543684796 0.1418948431064956 0.1145416203389784
0.12007490195039514 0.07461498735099995 0.214047410542232 0.09326873418874992 0.13990350801788914 0.10751773923368926 0.13865023768954465 0.11192248102649989
0.10816639211002702 0.06447036768823655 0.2606290432410018 0.1289407353764731 0.1015550523641648 0.07643244987944199 0.14375929750182895 0.1160466618388258
0.104683386493511 0.06425333463221387 0.28008514409118823 0.12850666926442775 0.09283456484829468 0.07070555215248772 0.14327534617989182 0.11565600233798498
0.10331726360983223 0.06389965913157565 0.28759015664124066 0.1277993182631513 0.09052413569280922 0.06936337762369799 0.14248670260085675 0.1150193864368362
0.12040384587493068 0.07467961649355806 0.21268496225715333 0.09334952061694757 0.14033973394207555 0.10775256393398305 0.13877033214101459 0.11201942474033706
0.0846022636526457 0.11044385023739885 0.12699969813951628 0.13805481279674855 0.10592881705346151 0.1746676053889447 0.093637177375186 0.16566577535609828
0.10431440000681509 0.06781491306922251 0.22897991453224043 0.13562982613844501 0.09848931273366396 0.09148765547946261 0.1512171345155499 0.12206684352460052
0.10517158279936527 0.0652377155166981 0.26855551823602847 0.1304754310333962 0.09343018356758352 0.07423131228710031 0.14547036862977158 0.11742788793005658
0.10388275441395148 0.0642173167147748 0.2833586524672308 0.1284346334295496 0.09104967237922078 0.07027076890886673 0.14319503159981126 0.11559117008659463
0.13788194216828822 0.08542815193991408 0.24157408132279407 0.10678518992489262 0.12052977708720743 0.09263666890226917 0.11905751772223101 0.09610667093240334
0.11124120088457051 0.06375087099496111 0.27101313741083444 0.12750174198992223 0.09646221392880519 0.07312433973658557 0.14215492726339088 0.11475156779093001
0.10499797309944771 0.0639814647203754 0.2839273142385557 0.1279629294407508 0.0914205366187432 0.06987402853136071 0.1426691168540908 0.11516663649667573
0.10324747517444582 0.06380122674857504 0.2890089971740137 0.12760245349715008 0.09010492924500642 0.06912549693520806 0.1422672130781658 0.11484220814743505
0.10268767662624313 0.06369752503556386 0.2909403883346412 0.12739505007112772 0.08969453638897976 0.06889330474341081 0.14203597373601853 0.11465554506401496
0.10249465367686511 0.06365381071718894 0.2916653727302105 0.12730762143437788 0.0895529175638184 0.06881026725603161 0.14193849733056754 0.11457685929094008
0.10242549431537254 0.06363680600548673 0.2919362250867177 0.12727361201097345 0.08950174062176464 0.06877929178832039 0.14190057936148834 0.11454625080987613
0.13715442920330206 0.08522623099955047 0.2444708506996948 0.10653278874943808 0.11985298930677828 0.0921070919192343 0.11877610924750782 0.09587950987449427
0.1471849475377237 0.08447034037417811 0.22559047077304709 0.10558792546772265 0.1276361628497509 0.09677836287604677 0.11772265720058034 0.09502913292095037
0.08954690232825033 0.11026004470046274 0.13006277061529184 0.13782505587557844 0.10311663991078145 0.17031717727289644 0.09348134224604451 0.16539006705069412
0.10716853543216291 0.0750046988044596 0.23470920423531877 0.13433051055152503 0.09555844784696364 0.08741055579480637 0.14870939711035738 0.11710865022440646
0.08324834534097539 0.11245072202296666 0.13335050141221985 0.1405634025287083 0.0973381358913578 0.1690341541411545 0.09533865562816739 0.16867608303444998
0.10573240162911071 0.07525439046841181 0.2365318100487972 0.13454422814427838 0.09445616522559575 0.08724004508719167 0.14894599127083322 0.11729496812578116
0.09914653838691911 0.13436164263525777 0.11145941116969815 0.11713579101535294 0.11600607390426304 0.20187897019880272 0.07944862347128286 0.14056294921842352
0.10760536124040582 0.06749362406554313 0.22117025160252318 0.13498724813108626 0.10051660306060863 0.09623768059092787 0.15050070799092752 0.12148852331797765
0.10612077163266405 0.0653364036368387 0.26539411417809444 0.1306728072736774 0.0940154416242708 0.07516450670002991 0.14569042840811494 0.11760552654630965
0.10420131404545295 0.06428217687320348 0.28214982218746865 0.12856435374640696 0.09125868854588516 0.07049606615732985 0.14333966007248655 0.11570791837176626
0.12076345772473561 0.0747715480252424 0.21101549452353013 0.093464435031553 0.1407221522300469 0.10816443029057053 0.1389411601364579 0.11215732203786359
0.10843209120128189 0.06453736138952336 0.25943720639953477 0.12907472277904672 0.1018251853883507 0.07661749888448174 0.14390868345663865 0.11616725050114206
0.09589964103955011 0.12893914385662913 0.15994903393899335 0.1611739298207864 0.08504702531058907 0.14194621185112674 0.08198847734361743 0.14505653683870776
0.08273077149201355 0.12294245705824705 0.11390778884169522 0.12982683262476005 0.10020874086204172 0.1907297438717224 0.09737012446857005 0.16228354078095006
0.11802482067486626 0.08491116993793585 0.15222920175366084 0.09015288378954683 0.1531217618071387 0.145769241760955 0.14309981553896323 0.11269110473693354
0.09910291761903459 0.1301958536497403 0.09284356702910046 0.11350407754079923 0.12802752251755786 0.22313579426278815 0.07698537433202034 0.13620489304895908
0.10793189770774227 0.06762492458333588 0.21281218513050865 0.13524984916667177 0.10348408935672641 0.10037870125649738 0.15079348854851313 0.12172486425000459
0.1412728276523729 0.0869231139723715 0.2173937768923961 0.10865389246546438 0.12589933895693753 0.10092756524198472 0.12114098159955505 0.09778850321891792
0.11290196412137839 0.06429429466924018 0.2616397147236803 0.12858858933848036 0.09835461254449944 0.07512441324906682 0.1433666809490221 0.11572973040463233
0.1057130378923629 0.0642044513849273 0.2803954015705399 0.1284089027698546 0.09210599203909027 0.07043785801590621 0.14316634383444982 0.11556801249286913
0.1384810874401802 0.08544869528584387 0.2404927032013768 0.10681086910730483 0.12085303709470209 0.09269767757975417 0.11908614809426374 0.09612978219657434
0.12888372552090774 0.07376933583508032 0.1956329677713015 0.09221166979385038 0.14893204417394346 0.11283741268263202 0.13707884046966415 0.11065400375262047
0.11068014721958028 0.06469500585464742 0.252989227233197 0.12939001170929484 0.10388669518274728 0.07764769517732727 0.14426020708484066 0.11645101053836533
0.08372202153133199 0.11201963129905385 0.13745020317577897 0.14002453912381732 0.09896311662127306 0.16481787563357486 0.09497316566658914 0.16802944694858077
0.08017851455351273 0.12057523848098729 0.10844617873875895 0.12936995088903053 0.10374877627087091 0.19894143928877847 0.09702746316677291 0.16171243861128815
0.07736461445642212 0.1113728349484968 0.10305833256694191 0.13921604368562102 0.09792246144652753 0.2095816656256068 0.0944247948476386 0.1670592524227452
0.10348672947780332 0.06843494699148199 0.2194004985401182 0.13686989398296398 0.09761230088553258 0.09841300791762045 0.15259971761981206 0.12318290458466756
0.10535469394382396 0.06549525502095876 0.26496349769016264 0.13099051004191753 0.0935818114206028 0.07567812955926749 0.1460446432855409 0.11789145903772578
0.10406122822518087 0.06431131790287768 0.2820285196970961 0.12862263580575536 0.09120188148723725 0.07060940443742017 0.14340464021925264 0.11576037222517983
0.10313180816129189 0.06387589750846492 0.28836075806444966 0.12775179501692985 0.0901490906376737 0.06932031736812223 0.1424337177278307 0.11497661551523684
0.10268921174633142 0.06371780679867112 0.2907090912681756 0.12743561359734223 0.08972881350715028 0.06894621180410256 0.14208119904061886 0.114692052237608
0.10250396061416524 0.0636601132616635 0.2915809734763717 0.127320226523327 0.089568059006744 0.06882591218266687 0.14195255106406757 0.1145882038709943
0.09444352036628362 0.1286034533876877 0.1682146213301511 0.1607543167346096 0.08252820589311502 0.1390019752359202 0.08177502199108402 0.14467888506114865
0.0825143776682713 0.12282615433432141 0.11573598275750492 0.129718263969161 0.10025661954245733 0.18951207378996193 0.09728869797687076 0.16214782996145125
0.06740809335789559 0.10256530673667344 0.06543679066928668 0.08167310160014396 0.14038922956386427 0.2811735529516755 0.09800772192017274 0.16334620320028792
0.07307389811152927 0.10801151129647331 0.09090283393711406 0.13501438912059163 0.10331012093515492 0.23609500268567782 0.09157497696874911 0.16201726694470994
0.0754277032274864 0.11032489453189993 0.09827078116685431 0.1379061181648749 0.09700292626294878 0.222043911223214 0.09353632362487169 0.16548734179784988
0.1031092985675613 0.0684745129108596 0.21729230831603186 0.1369490258217192 0.09750493346259585 0.10072785396702182 0.15268794371466304 0.1232541232395473
0.1053398356211082 0.06554247203590058 0.2641568630171118 0.13108494407180116 0.09362467475051738 0.07612483065739431 0.14614993018154546 0.11797644966462104
0.10408757190739039 0.0643315408955397 0.28172884549722454 0.1286630817910794 0.09123722661215501 0.07070522521010761 0.14344973447453183 0.11579677361197148
0.1031488400788672 0.06388345079724382 0.28824988488436226 0.12776690159448764 0.09016618984719518 0.06934396092835389 0.14245056043445115 0.1149902114350389
0.1026971110765655 0.06372055741038313 0.2906680082362926 0.12744111482076625 0.08973595093406943 0.068952921689036 0.14208733249419758 0.11469700333868962
0.1372779959560265 0.08525516104636541 0.2440410673260797 0.10656895130795675 0.11995362054074082 0.09217471984411199 0.11881642780155775 0.09591205617716107
0.11101294673030482 0.06369532356929829 0.27196573293402915 0.12739064713859657 0.09626495415931961 0.07298774824889127 0.14203106479482333 0.11465158242473693
0.10491201543003834 0.06395899798684945 0.2842863928907237 0.1279179959736989 0.0913504692199958 0.06982891273079304 0.14261901939157176 0.11512619637632902
0.1381129511353567 0.08536136305631448 0.24181548559442922 0.10670170382039311 0.12053609616108119 0.09247642984805111 0.11896443694602037 0.09603153343835379
0.14754621921807312 0.08451277880869533 0.2246515473926196 0.10564097351086918 0.12788346019228472 0.09690634290779615 0.11778180180987952 0.09507687615978225
0.08961654364792733 0.11026595181957248 0.129848843264898 0.1378324397744656 0.1031752840303094 0.17037565927774398 0.0934863504557245 0.1653989277293587
0.10720241290982888 0.0749221311151673 0.23446629778086087 0.13415704244042767 0.09641868944157783 0.08735864391679386 0.14851736078061184 0.11695742161473184
0.07317115445312271 0.09882609280323248 0.08170806883215824 0.08615608090538217 0.14285920126942522 0.24757340933722186 0.09739383058869289 0.17231216181076434
0.10203939711174392 0.0679006966309998 0.20826110662336583 0.1358013932619996 0.1071988140719841 0.10516891930931069 0.15140841905479654 0.12222125393579963
0.1396396756137425 0.08706214905932849 0.21591135565706238 0.10882768632416061 0.12712220145941466 0.10215726541223646 0.12133474878231042 0.09794491769174454
0.11258340240021744 0.06433651919978023 0.2610883570296855 0.12867303839956046 0.09867215426229234 0.07537995879890183 0.14346083534995768 0.1158057345596044
0.14093598884100753 0.08565911430466062 0.23358393386097684 0.10707389288082579 0.12297002857877047 0.0940311379679157 0.11937939997309978 0.0963665035927432
0.1122059223187778 0.06390088094433409 0.26785799869725163 0.12780176188866818 0.09719410747148648 0.07352831591873257 0.14248942706094794 0.11502158569980135
0.14059423406707314 0.08549871021201524 0.23587431641009238 0.10687338776501906 0.12235926021354968 0.09345819061168961 0.11915585173204363 0.09618604898851715
0.11204326212708483 0.06384852958012244 0.2687430298566202 0.12769705916024487 0.09699300882657054 0.07337506587274423 0.14237269133239241 0.1149273532442204
0.14051689571047452 0.08547941667496747 0.2361768523543322 0.10684927084370933 0.1222793468159163 0.09340491067670828 0.11912896316455354 0.0961643437593384
0.11201460421857566 0.06384188619793216 0.26886061863487226 0.12768377239586431 0.09696694278218448 0.0733589030326357 0.14235787758165766 0.11491539515627788
0.08393058268801996 0.11190939917732873 0.14110465520477278 0.13988674897166092 0.0973834084001043 0.16304139879395038 0.09487970799817001 0.16786409876599306
0.10560242434673837 0.07491191182550677 0.23951527507519385 0.1339652118533491 0.09498652817851198 0.0859234675929087 0.148304996435128 0.1167901846926633
0.08295507991641311 0.11243194230041063 0.13445535835180664 0.1405399278755133 0.09720502642679352 0.16844201798896816 0.09532273368947859 0.16864791345061594
0.10563363795355274 0.0751461572225235 0.2368377367327355 0.13432906303404216 0.09518969216586966 0.08704852995618767 0.14870779464900066 0.11710738828608803
0.08296707435631012 0.11245295404270261 0.13383939389498936 0.14056619255337827 0.09725800552149717 0.1688964005743424 0.09534054799272615 0.16867943106405392
0.10565851324337368 0.07516345229066837 0.23658446669584637 0.13435775259563815 0.09522073756238225 0.08714312274029923 0.14873955517303042 0.11713239969876146
0.08297213754839074 0.1124545990419144 0.13378117153505148 0.140568248802393 0.09726549632702042 0.16893450551638733 0.09534194266597092 0.1686818985628716
0.1417743487851895 0.10085455707031549 0.19044708929550525 0.10816884724642334 0.12776941446114123 0.1169373364209898 0.11974736040304088 0.0943010463173947
0.08855023565531316 0.1105093811419971 0.12188335370677487 0.13813672642749636 0.10316776080839896 0.1782957343614175 0.09369273618560624 0.16576407171299565
0.11960317965001224 0.08377272203355712 0.15462641130396312 0.08998490851487019 0.1545348854197428 0.1421635693154251 0.14283318811884158 0.11248113564358773
0.07233350201209213 0.09468549051574048 0.06786334835413278 0.08254632506500452 0.15565770501709333 0.26850774187592263 0.0933132370300051 0.16509265013000904
0.1321879525345331 0.08803290654119883 0.16344799609473185 0.11004113317649855 0.14295153545113243 0.14161380487612454 0.12268765146693196 0.09903701985884869
0.1126495295387415 0.06542491565189831 0.24024506451757843 0.13084983130379663 0.10370039546887908 0.08347761835473985 0.1458877969909494 0.11776484817341698
0.09691795579044916 0.12917521131425388 0.15499449605926252 0.16146901414281736 0.08551693546946275 0.1444656890399594 0.08213858545525927 0.1453221127285356
0.12198881881461729 0.0853010316194208 0.1656424159140279 0.09004370218984584 0.1485246318502119 0.13301826046211526 0.14292651141245372 0.11255462773730729
0.07307647710021749 0.0951804749104764 0.0697221312284866 0.0829778499219538 0.15454026262916767 0.2647460566279296 0.09380104773786081 0.1659556998439076
0.08702941339214686 0.12682094804762764 0.10790613919030821 0.15852618505953453 0.09372507999737048 0.2026770866639288 0.08064158109550236 0.14267356655358107
0.10739304173920484 0.07661365195622838 0.22520195794778414 0.13503509008151823 0.09504208264513944 0.0935018809714592 0.1494893956132395 0.11772289904542614
0.08326741161420508 0.11245636330675203 0.13110462254240152 0.14057045413344002 0.09720141905254505 0.17137174593480375 0.09534343845572454 0.16868454496012802
0.10590197463269833 0.07522200018397932 0.23542499978171513 0.1344602327417359 0.09528377120206184 0.08763227518580292 0.1488530049074162 0.11722174136459028
0.0830171077456366 0.11245839126270553 0.13351230894868737 0.14057298907838192 0.09727991428032587 0.16912654398051935 0.09534515780968512 0.16868758689405827
0.10575953934530166 0.07516479446575708 0.23643253028843672 0.13435776142622752 0.09522792513357174 0.08718547699462542 0.14873956494885582 0.11713240739722398
0.09913835380581486 0.13433511670650186 0.11142900843738782 0.11711266584669394 0.11619252358421685 0.20182419402907262 0.07943293857427935 0.1405351990160327
0.08022585911012985 0.1102898618347179 0.10305441696902143 0.13786232729339737 0.09996365052939861 0.20966246952095366 0.09350662199030431 0.16543479275207681
0.1040699661428542 0.06834090138363087 0.21918564868635312 0.13668180276726175 0.09796057423992306 0.09835747433847951 0.15239000995096197 0.12301362249053559
0.10548231635297844 0.06548613822840499 0.2648505531107327 0.13097227645680998 0.09364716529881481 0.07566218754226886 0.14602431419886128 0.11787504881112898
0.1214936432430336 0.07506306991244814 0.20570074344595543 0.09382883739056017 0.14195443847240352 0.10988179394901978 0.13948286871790735 0.1125946048686722
0.10879198009375557 0.06465914425297664 0.25735652936595654 0.12931828850595328 0.10226158712094102 0.07704576993946616 0.14418024106559268 0.11638645965535796
0.08336942075841568 0.11201113495746005 0.1384517021959409 0.14001391869682506 0.09859843674592414 0.1645727219627018 0.09496596224654222 0.16801670243619007
0.10563833425636752 0.07498086870555293 0.23841318411608878 0.13407595315288534 0.09532471781559315 0.08625262195785552 0.14842759160596178 0.11688672838969491
0.0729688328661656 0.0988926968752746 0.0823214263059939 0.08621414599382915 0.14260395208268214 0.24711118450406774 0.0974594693843286 0.1724282919876583
0.07463328185334951 0.10890457228121707 0.09538698518922871 0.13613071535152133 0.10453714703971488 0.22471830249428504 0.09233213736885795 0.16335685842182557
0.07591355552817468 0.11065513512293768 0.09953905844281688 0.1383189189036721 0.09752442066664055 0.21824989843842632 0.09381631021292543 0.16598270268440649
0.11637433117661915 0.07720306192899695 0.1535341301580437 0.09650382741124619 0.1467324408769924 0.15038819450744018 0.143459421047166 0.11580459289349543
