0.125 0.125 0.125 0.125 0.125 0.125 0.125 0.125
0.540783787073359 0.13643587127860737 0.14133396222571654 0.03473487515155802 0.09253911269331631 0.024522462723654787 0.023559306624535006 0.006090622229253092
0.551228551237646 0.05432963821916156 0.27083070468933224 0.026271672504339094 0.0595281655892692 0.006094734235127183 0.028815848966221344 0.0029006845589031956
0.6425204410278119 0.05749231618143574 0.19212147619122572 0.016968506441268783 0.06426846245314165 0.0059369276001840976 0.01896436140380619 0.0017275087011257891
0.5840920534787873 0.11644188852719466 0.17289909116246613 0.034081495752808645 0.059407980803114754 0.012174324297447362 0.017383810554017363 0.0035193554241639054
0.628804551152628 0.05989121281589622 0.173589639629723 0.01627788127124694 0.08691664758526875 0.008560025004504129 0.02366768704512778 0.0022923554956050625
0.585820426573843 0.05393978352573931 0.24412824786249224 0.022184863636852202 0.06082724595632945 0.005770148771114247 0.024992065586178593 0.0023372180874511703
0.5755232835538973 0.051709142434753344 0.2586360883478242 0.022939501932243537 0.057841389117331304 0.005355625340051453 0.02565249967750436 0.002342469596394652
0.5648887664696342 0.050491510781164504 0.27003666560172357 0.02384066558770636 0.05646384976651323 0.005201555744402466 0.026653887154393617 0.002423098894462262
0.5756372322154707 0.05128272712003095 0.2597728007831791 0.022842226400547658 0.05734794847686669 0.005267240445019834 0.02553703034310442 0.0023127942157806693
0.5865310901222948 0.052388549791775686 0.24850726705397663 0.02189684407024919 0.058583687148655965 0.005392520771408305 0.024479425046389915 0.002220615995249593
0.6321067104088668 0.056636191455175566 0.17772677396960357 0.01572202564643927 0.08444471152941496 0.0077945079956238455 0.023435387503944426 0.002133691490931581
0.5859708667922224 0.05373600872546088 0.24453651914012692 0.0221384626342793 0.06062194823402037 0.005724371310027847 0.024948613365973437 0.0023232097978889152
0.5864277958241864 0.0526727735611691 0.24777974123007024 0.021955474598288047 0.05891937671680032 0.005453528108827632 0.024551741731538845 0.0022395682291195445
0.575608087436336 0.051598139771720924 0.25890131842754893 0.02291304433012747 0.057700928733980805 0.005328781401610672 0.02561628300142854 0.002333416897246756
0.5543316823237657 0.04953869307285777 0.2806167642421752 0.02478421783579809 0.055397616776832255 0.005102242760295171 0.027708767408179222 0.002520015580096583
0.5865326258275357 0.05210499700303682 0.24929437422323258 0.021840724545856838 0.05826782561752609 0.005338382721073993 0.024417189569445483 0.0022038804922923753
0.583373262874208 0.11450744334275956 0.15423737172984744 0.029870899154271404 0.0778967273425087 0.01575062615075826 0.02031483498264799 0.004048834422998823
0.5629458938989007 0.05406291537569518 0.26282013317075353 0.024866001714290743 0.05938469322788303 0.005902769672581694 0.02734297513825574 0.0026746178016393025
0.6598395168977 0.059093511169267504 0.17467251027489683 0.015424237899334082 0.06605952513153837 0.006103627796968339 0.017238301681032627 0.0015687691492622395
0.6657082730115101 0.11754175903718615 0.07203519406225771 0.012369908789033665 0.10172512085326021 0.01833468855525794 0.010461284950154493 0.001823770741339706
0.563394754742529 0.1208479358374538 0.09984267275155628 0.021119398729979755 0.13584597697650652 0.030028601814213525 0.02375119410310435 0.005169465044656726
0.5719659125866756 0.056853780279376466 0.24692332339719059 0.024145718638404284 0.06373625052130745 0.006573773418116922 0.027059103550846637 0.002742137608082165
0.5862010533402031 0.052831850506961445 0.24752770051201609 0.021995173386102827 0.059098726830438174 0.00549587428744507 0.02459683189483028 0.00225278924200305
0.5543049944062594 0.04970021784842286 0.2801614966191791 0.02482874093737447 0.05557897972326232 0.005134262230420187 0.0277588727930839 0.002532435441997774
0.5687824063696227 0.11077503691985974 0.17044968285720777 0.03278101116877898 0.075360846013935 0.015137342322556847 0.02229547174276003 0.00441820260527881
0.5737169817829749 0.054808654186529436 0.2528538993513132 0.023772745626054352 0.06020528500335128 0.005956951550803153 0.026142769760314377 0.002542712738659225
0.5541768506986413 0.049750807840889 0.2801489452450619 0.02484938205434123 0.055614606187624094 0.005148800119928972 0.027772434567569657 0.0025381732859435435
0.5840835165318511 0.11376187600608072 0.1551395131102264 0.029798978917496666 0.0773922144116134 0.015546595343154678 0.02026661510368546 0.004010690575891697
0.6305879558804189 0.06050587841565306 0.19510239388505235 0.018456296543696765 0.06646686696291099 0.0066004495227048095 0.02029525379147843 0.001984904998084716
0.6591943812042741 0.06011453393408263 0.17266560178006757 0.01554323369400025 0.0671983739236048 0.006305851650221406 0.017370627222189752 0.0016073965915596408
0.6545640362397644 0.11569595025754391 0.042422213436073525 0.00729062155577009 0.14370412378786365 0.025932863470681994 0.008846518677727254 0.0015436725745751124
0.5707984228282436 0.12457396085134721 0.14347245468043882 0.030879853175492588 0.08527269596834039 0.01919794216317697 0.02112275859545813 0.00468191173750245
0.5731759895873001 0.055719386525411814 0.250830196973911 0.023988382922874522 0.061156637790553435 0.006161098615473668 0.026358970010174048 0.0026093375743014547
0.5646892735924031 0.05076673221209497 0.2694365286548798 0.02391770530942681 0.05675088244268524 0.005262470107757483 0.026731187060991726 0.0024452206197609965
0.5756214275976598 0.05130360087933142 0.2597266549053016 0.022847451749540875 0.05737146377560462 0.005272036119082985 0.02554295106465325 0.0023144139088257204
0.586529856683295 0.052390184056194264 0.2485036822669426 0.021897208357063262 0.05858557622508645 0.005392901552702669 0.024479856247854797 0.0022207346108610382
0.5865181982651387 0.05255163794108567 0.24806390477668977 0.02192956536381153 0.05876597959213957 0.00542429778397774 0.024515960985869105 0.002230455291287834
0.5648876173181911 0.05062704694083506 0.2696468979692067 0.023874022184365216 0.056614199375905644 0.005227223329028433 0.026690633266529196 0.0024323596159384633
0.6601417745027028 0.058824725373759684 0.17506272048645405 0.015386426175678071 0.06578231012697783 0.006043460220846166 0.017201486389307668 0.001557096724273838
0.5608070422945869 0.2095105250645636 0.036425092054536486 0.013235472961399776 0.12281098805377755 0.04683195344991161 0.007582044833839886 0.002796881287384141
0.549588005795274 0.12747164329591 0.15454476813740115 0.03526920307450739 0.08409983948419153 0.02021795704861919 0.023303141768866505 0.00550544139523031
0.583862476295835 0.05684248281723292 0.24010196860679106 0.022959462536257393 0.0622649178744168 0.006290383114004615 0.025182570598646575 0.002495738156815615
0.63163805756068 0.05695268894351267 0.17721323770694994 0.015769812697198207 0.08488284009597305 0.00789129255812361 0.023498214961023237 0.0021538554765391685
0.5859508819514424 0.053759807676437225 0.24448393701227725 0.022143527889485044 0.06065124750010712 0.005730293931259657 0.024955280794204813 0.0023250232447865143
0.5542399301512083 0.04978357852742354 0.27994857267753553 0.024852574355062565 0.055687672316804236 0.005154631818459231 0.027792645306522208 0.002540394846984251
0.5649079014162501 0.05020523079544017 0.27084829208610633 0.02376971718699233 0.05614446317388237 0.005146313068949704 0.026574925462528848 0.002403156809850186
0.575653579686841 0.05125918177922152 0.25982688374137525 0.02283638842904198 0.05732088589709749 0.0052619004091296025 0.02553019725806806 0.0023109827992251405
0.5649147549388756 0.050455873818198216 0.27012017143239164 0.023830994008661125 0.05642238402533286 0.005193350031319951 0.02664236308498609 0.002420108660234395
0.5685595486061311 0.11100958437266559 0.17015230841912446 0.03281062703475035 0.07551915851772179 0.015201303372188318 0.022315257936898338 0.004432211740520019
0.5763946369637636 0.12072075783000405 0.14909363437110554 0.03070446544665409 0.0806691998606452 0.01749920909731395 0.020541904583887185 0.0043761918466265004
0.6355731498336132 0.06144233158754279 0.16355540537924282 0.015545553682557974 0.08987716336577588 0.008999346771273899 0.02276840633484404 0.0022386430451492834
0.5748470533520587 0.05312646654596262 0.2545147172286398 0.023232199688219782 0.05993246182420328 0.005705583191444406 0.02618229392727821 0.0024592242421931274
0.5542303373310604 0.0496670984178069 0.2802984925647761 0.0248215264078231 0.05555870963583835 0.005133166708834598 0.027758567409444736 0.0025321015244158846
0.5865242767045638 0.05211576732579124 0.24927030544610082 0.021843113600512398 0.05828073602406371 0.005340929909166883 0.024420193691126812 0.0022046772986743742
0.5865332451747096 0.05252905301018513 0.2481149223950621 0.021924556204154972 0.058740074013071665 0.005419185039754509 0.024510107018683412 0.002228857144378706
0.5648889203212463 0.050625345125729304 0.2696508259971561 0.023873560922100804 0.05661222147323055 0.005226826109100469 0.0266900846218827 0.00243221542955369
0.5685263871593523 0.11103499541290848 0.17012530462455822 0.032814392335915425 0.0755370472177675 0.015209779747682128 0.022317986097532504 0.004434107404283424
0.6363565547335315 0.06081186242546412 0.16460193601155187 0.015466864282926138 0.08906372028030804 0.008815336802680884 0.022679224234724158 0.002204501228813446
0.5535772318872523 0.05111356032649672 0.2759151988037173 0.025192240575353974 0.05765854409902522 0.005483382065906277 0.0283923376222165 0.0026675046200314613
0.5864240622681562 0.05224831530595198 0.2489623785574167 0.021871939585139565 0.05844679777810589 0.005372647196464043 0.024459240984517162 0.002214618324248332
0.6513017269161241 0.0583422951235641 0.18314054833291324 0.016197230702315126 0.06524160465011737 0.006020500188459324 0.018107850989925844 0.001648243096580918
0.6506640013071644 0.059326231169681394 0.18118431667897889 0.016328069163240137 0.06633964137946814 0.00621548848944976 0.018253492196425414 0.001688759615591892
0.5647775589805242 0.05156813470548892 0.2670150935078496 0.024108949452309042 0.05766668054931403 0.005411429851207335 0.02695324826069679 0.002498904692610154
0.5648517294616788 0.05041394980272883 0.2702894009549464 0.023823149204302473 0.05637917587844458 0.005188795074533829 0.02663523864374956 0.0024185609796155342
0.5865311095886141 0.05224612344733081 0.24890313910730635 0.02186866124201828 0.05842514198683316 0.005365386065208585 0.024448212627034633 0.002212225935654196
0.63407845954304 0.05679944038662022 0.20036276060626787 0.017740912061804465 0.06351571228644105 0.005861169176570367 0.019833934031084775 0.0018076119081712457
0.5755799675476241 0.052242735981881235 0.2570973229911266 0.023056971023998462 0.058419364500280284 0.005452578855689352 0.02577615052605126 0.002374908573348692
0.5755855271386328 0.051493748007756905 0.2592150244648842 0.022890860451181404 0.057585493024737304 0.005310099061114701 0.025592044612048587 0.002327203239644323
0.6322442543781721 0.056491400283337954 0.17804071580608116 0.015703593662860123 0.08422982062416835 0.007756241763852025 0.023408182112301334 0.0021257913692269057
0.575078809940515 0.05272490966715333 0.2554598639236599 0.02313724076429812 0.05947987003525965 0.005615074000721635 0.026075002222193732 0.0024292294461987075
0.5864339858229659 0.05251895735197719 0.24820247183563746 0.02192492826614142 0.05874770584388729 0.005423810216134209 0.02451774962261227 0.002230391040644243
0.5865102726268598 0.05256204765957268 0.24804055702097494 0.021931845388328014 0.05877845655679886 0.005426767483392394 0.02451882978583354 0.0022312234782398675
0.5603987382974354 0.11008109168299651 0.17704922409285767 0.03437621616168698 0.0748870698448557 0.015154745520617697 0.02338016910395587 0.004672745295594107
0.5736872630408487 0.05473934778299625 0.2530810383561838 0.023760423715720107 0.060122630829274666 0.005944206891970313 0.026126418702795657 0.002538670680210332
0.5863599312758326 0.0526335547511822 0.24799760851054847 0.02195343112075143 0.0588367932898793 0.005446390345590135 0.024534896461092782 0.0022373942451230176
0.6237016013338623 0.0559039596220239 0.1860706045646096 0.016475881664428295 0.08335307116862263 0.007697037455736203 0.0245594401498293 0.0022384040408877618
0.5643418405279482 0.05163717711811979 0.2664889321030225 0.024097956024069004 0.058255588918327966 0.0054906941515911 0.027160316829861256 0.0025274943270601276
0.5542704366404706 0.049487113197360696 0.28079722705410753 0.024771502549775355 0.05535650764909676 0.005096944656499325 0.02770222546235325 0.0025180427903364177
0.5649251197645966 0.05018107712065963 0.27090485154354826 0.02376310250698263 0.05611668149851872 0.005140830724057084 0.02656718633569261 0.0024011505059445314
0.5649309198949728 0.050302385215344705 0.27055080999413816 0.023792690843611936 0.05625085694048994 0.005163438972228815 0.026599601690409928 0.002409296448803808
0.5543618396586301 0.04937155246643532 0.28108550027257906 0.0247379096946627 0.055210215615636 0.005069079831187945 0.027656772807787916 0.002507129653080845
0.6602735322415098 0.058638964366552 0.17541710234970376 0.01536415273930867 0.06557407852410871 0.006005832581172693 0.017176471381019656 0.0015498658166249002
0.5608627174798126 0.2094912615824475 0.03644031188337907 0.013239092261977238 0.12277785251742801 0.04680874622709505 0.007583180601160683 0.002796837446699802
0.5495927278501641 0.1274684865536498 0.15454811831792628 0.035268838434383096 0.08409727497421522 0.020216607951940583 0.02330278219530983 0.00550516372241119
0.5517141445938213 0.05371243206057517 0.2722334214296775 0.02609705080458635 0.05883628659572098 0.00594397481125326 0.028618718200290733 0.002843971504074558
0.5647072730374206 0.05047864099103963 0.27025797977693605 0.023847009940895426 0.056426406216801124 0.005206467084081493 0.026651153291051857 0.0024250696617735728
0.5865275708796431 0.05224990238697698 0.24889632587996566 0.021869562642720976 0.05842885054761116 0.005366265274410781 0.02444902623373535 0.002212496154935898
0.634078119502763 0.0567997242508961 0.20036231145138134 0.017740964221256605 0.06351602542844648 0.005861235902371951 0.019833991194958354 0.001807628047926112
0.5542696120586927 0.05030851344696034 0.2783993374844328 0.024994682922617625 0.056256460542873706 0.005250706369795609 0.027943060698572178 0.002577626476055196
0.6408542704820288 0.05700645205578558 0.17015199778101667 0.01492583918619548 0.08500166546020993 0.007799219691751948 0.02224950801058517 0.0020110473324265058
0.58598980241049 0.053826807101855986 0.244273147614953 0.022155882573655666 0.060719395657785794 0.005740545775236067 0.02496626354566282 0.002328155320360603
0.5772021900535278 0.11364565635615936 0.18220958857149797 0.0354568041792652 0.0580013168508445 0.011768362486283135 0.018091317665204394 0.003624763837217535
0.5528944520046608 0.052474061287527324 0.27533092708372103 0.025761389330959106 0.057124035381872676 0.005607289806986041 0.028091967497957074 0.0027158776063159265
0.5647921000708274 0.05037576011228366 0.27050132552228506 0.023819441233977192 0.05629892740813865 0.005181541360897475 0.026614905862341515 0.0024159984292492355
0.5543581797701875 0.04937561412482647 0.2810775875134921 0.02473919579166399 0.055214053818146695 0.00506999588890891 0.027657889010905858 0.002507484081868496
0.6017817930445619 0.11713641179419396 0.15987705836976307 0.030691145382339843 0.05976542092896843 0.01199725610697249 0.015654910911526466 0.0030960034616738584
0.571961889834311 0.11961206188002961 0.17745958442546372 0.03660476404800742 0.0594280081627907 0.012838091905539419 0.018217621117085397 0.003877978626772855
0.631171934528646 0.060248180395509686 0.19614234448591833 0.018452244563037224 0.06547472832821855 0.0064677596850934976 0.02008892596836718 0.0019538820452094843
0.5541316207169998 0.05049817199980127 0.27800843764271815 0.02505383325660136 0.05643122656967766 0.005291156540455664 0.02799227211771013 0.0025932811560357713
0.5755897487292633 0.05121581190152001 0.2600003137725509 0.02282935738282287 0.05727495367785629 0.005256950523381374 0.02552343574484526 0.002309428267760153
0.575966552763114 0.11274029521008692 0.1622211430098938 0.03134592384595588 0.07669544653397856 0.015470979664895352 0.021318513499208717 0.004241145472866816
0.5524079577054477 0.05291832322309191 0.2737352690600599 0.0258481800659441 0.05812747891150419 0.0057653746795406045 0.028421554714789257 0.0027758616396223903
0.5541910745203871 0.04947982054779505 0.2809348341435665 0.024776013320417428 0.05531261828693372 0.005096702992445885 0.027690898379342188 0.00251803780911217
0.5764673466842766 0.11222583113815258 0.16285236706223 0.0312880574050901 0.07634631272244584 0.015328489093113868 0.02127940485669156 0.0042121910379996005
0.5629898190884973 0.05389894091330294 0.26324624800523505 0.024825857808700644 0.0592077181785009 0.005868600608199342 0.02730019756371675 0.0026626178338469884
0.5756184769483715 0.11295529060346476 0.1620812742417905 0.03138285189233886 0.07681590495821464 0.015551082869537422 0.021337200347279494 0.004257918139002695
0.5523977500771982 0.05293036453597322 0.27371155914754525 0.025851849902746464 0.05813875160312791 0.005768143020708284 0.028424672654191307 0.002776909058509339
0.5754710943782662 0.0513807067819274 0.25966146051156236 0.022872357351847953 0.057437557322026246 0.005292614748779155 0.025562735387320644 0.002321473518269897
0.586525529037028 0.05239501534063359 0.24849437330280622 0.021898330670676834 0.05859064282623643 0.005394037996001752 0.02448098614251829 0.0022210846840987346
0.5756547076092139 0.11304666642763989 0.16185384746654255 0.03138126490318287 0.07690391945707441 0.015558132436218841 0.0213425535311761 0.0042589081689513725
0.5845625820877377 0.05601908308791626 0.24154460803349256 0.0227636644159598 0.061531567174194966 0.0061054454791448325 0.025033335705216295 0.0024397140163376074
0.6423545342827084 0.0578513192987774 0.19133859189296346 0.01701878589357179 0.06466977314127463 0.006004081133866612 0.019020496936598307 0.0017424174202394528
0.5542460246068476 0.05043976492846494 0.27803211776074976 0.02503095332158913 0.05640307889803058 0.005276789324271489 0.027983534428944083 0.0025877367311024817
0.576271279894127 0.11237694658963868 0.16269517353786414 0.031308128679606584 0.07645317465939457 0.01537857933393968 0.02129411276932571 0.004222604536103587
0.5629824610870382 0.05390810204556653 0.2632274279010618 0.024828370398819865 0.059216960930669166 0.005870720193785521 0.0273025890252941 0.0026633684177646793
0.5541811576025707 0.049618310875543976 0.2805351846797713 0.024813612848700515 0.055467113663592915 0.0051234716592795096 0.027732760516851643 0.0025283881536894703
0.575640366937465 0.05114292747126631 0.2601671696131237 0.022811194144246948 0.057191646448093277 0.005240491519808456 0.02550236817487494 0.002303835691121397
0.5543570764486876 0.04950313203409549 0.2807020523766369 0.024773630684129563 0.05535671205478843 0.005094155087491088 0.027696393598972722 0.0025168477151979543
0.5756471661909126 0.05113494422285074 0.26018382210502655 0.02280915957412827 0.057182907186022806 0.005238626316186779 0.02550016628669723 0.002303208118175091
0.5649216350575326 0.05044589837202741 0.27014366668045525 0.023828279126834075 0.05641094142066371 0.0051910944003200335 0.026639199812415065 0.0024192851297519676
0.5756399992047975 0.05127912351958517 0.25978093200315583 0.022841334298239174 0.05734374208387747 0.005266399095354303 0.02553595989983875 0.002312509895151668
0.5649135829644982 0.0504573950792454 0.270116664204345 0.023831407905630066 0.05642415218055073 0.005193704664109421 0.026642855376828683 0.002420237624792307
0.5649152423453472 0.050324691671040436 0.27049846194671506 0.023798781930103003 0.056276472897706493 0.0051684941944508365 0.026606710832000686 0.00241114418263644
0.5609829038595618 0.10950570949646554 0.17777457678040343 0.034292329669098884 0.074495662451346 0.014991556952871011 0.023323139963086915 0.00463412082716646
0.6114910403509995 0.058305357815856225 0.18984415249239867 0.01783805796624676 0.08539090061827775 0.008435931199563934 0.026151234034215043 0.002543325522442081
0.6217528426380172 0.0570087317865374 0.18346406347687608 0.01661767072727082 0.08574850369532706 0.008106817891966524 0.024971478646173613 0.002329891137831327
0.5651699560597646 0.11357763492631232 0.16667035405169633 0.0330980923414031 0.07798907222980869 0.016149275731353722 0.022704340353325518 0.004641274306335767
0.5735614123297872 0.05500074438148097 0.2524460768432217 0.02381935588145215 0.06041752702961712 0.006002960780057258 0.026194077478157524 0.0025578452762260173
0.5863447549181469 0.05265453782894749 0.2479510304009664 0.02195808879623391 0.058861035456249634 0.005451240711597148 0.024540406261299635 0.0022389056265588706
0.5543161554271421 0.04968642109737665 0.28019484812304196 0.02482470900093361 0.05556209140392126 0.00513094276743008 0.02775368983314179 0.002531142347012563
0.5543538696170719 0.04925891850330862 0.28142284240809784 0.024707822913311406 0.055085483797832846 0.005048257115741768 0.027623724844530757 0.0024990808001050667
0.5649390354101426 0.050162449889149766 0.2709485372698734 0.023758026053996194 0.05609480280191236 0.0051365233354840854 0.026561049096458827 0.002399576142982866
0.5756561776192493 0.05125580277460877 0.2598345072249996 0.022835551731717113 0.05731694039402272 0.005261111352032062 0.025529192787882158 0.0023107161154883793
0.6238963407744285 0.055723563212235615 0.1864521323750268 0.016449407714684797 0.08308396500924599 0.007647344258129618 0.02451994498717508 0.0022273016690737774
0.5537829939703435 0.05065627782650853 0.2770882311532649 0.025062962789090273 0.05714720760621633 0.005384461987997259 0.028248387090811993 0.00262947757576725
0.6239816281603642 0.055551860388725394 0.18686406847767922 0.016426321906730025 0.08285458419145655 0.007609682296334571 0.024492810854454334 0.002219043724255733
0.5859958227688723 0.05358823223416562 0.24493010305466598 0.02210894044365645 0.06045378141058518 0.005694316176198362 0.02491481915469922 0.0023139847571567334
0.5648150705168794 0.050719177727707225 0.2694189806134634 0.02389808350654327 0.05673366358004555 0.005249804072746947 0.026724652069471732 0.0024405679131422157
0.5648995908111264 0.05034572261207741 0.2704491712980943 0.023804497304806747 0.056301132739666415 0.0051733621238880135 0.02661360286250885 0.002412920247831778
0.6240342373144611 0.05558055226945891 0.1867667653462848 0.016428945246590197 0.08287156250855078 0.007609408235648303 0.02448968276888799 0.0022188463101179157
0.6500248190705653 0.05944601974033059 0.18071952606953048 0.016324242914185282 0.06706163443616907 0.006316969505709766 0.018396869982598308 0.0017099182809112764
0.6591995515632386 0.060214010257875455 0.1723621690604018 0.015550105520429793 0.06735181210348339 0.006323477783142848 0.017388111424360978 0.0016107622870673017
0.5812389987301657 0.11659981036011363 0.1517911358202956 0.030080715477159868 0.0793222778994246 0.01634812655803758 0.020457967938792242 0.004160967216010757
0.6389289991403577 0.06151146674642567 0.18628166188256146 0.01766608609665994 0.0675524843842314 0.00673267214639298 0.019421936028385996 0.0019046935749847966
0.5646547840429669 0.05162281982255455 0.2669918893789158 0.0241281559415863 0.057705641066883744 0.005426943767890237 0.026965328471028477 0.0025044375081739807
0.5648488348049067 0.050416984246745546 0.27028369534545127 0.023824023336430345 0.056382121750575165 0.00518950230052487 0.026636024035666346 0.0024188141796998405
0.5649172288452026 0.05032106559512511 0.2705073271231444 0.023797791883078942 0.05627240830011456 0.005167720672418311 0.026605598468110468 0.002410859112805365
0.6515036318981033 0.05802479478535425 0.183775506173025 0.016155236025634203 0.06488686571959304 0.005957743811768506 0.01806100463219537 0.00163521695432624
0.5755845470407228 0.05245664885890425 0.25648764145183545 0.023104246926266718 0.05865719370247043 0.005492899373015205 0.025828410839139036 0.002388411807646253
0.5864651337992793 0.052485977331131556 0.24828774936768702 0.02191853113317711 0.058695625458222295 0.005414612864591693 0.024504838511263435 0.0022275315346474865
0.6340549976695965 0.056819560342727275 0.20032907561208368 0.017744551466500776 0.06353895443754523 0.00586588163158365 0.019838221175900197 0.0018087576640628533
0.5755788347611731 0.052244139214908634 0.25709421287387146 0.02305731344160461 0.058421003341564165 0.005452913890995277 0.02577656191104844 0.0023750205648343506
0.5542957609847268 0.049589208469049746 0.2804955781182283 0.02479926149682287 0.05545565059279814 0.005113714398242907 0.02772631629949194 0.0025245096406392577
0.5543593315626222 0.04925101433222697 0.2814418831792423 0.024705454277855754 0.05507645881716198 0.005046485993659069 0.027620987769917418 0.0024983840673141544
0.5543790254229527 0.04922414922048745 0.2815060011126209 0.024697407252216638 0.05504550987994843 0.005040364531088003 0.027611562183664187 0.002495980397021659
0.6409983171248588 0.05691265466276673 0.1703128162657906 0.014913499199105694 0.08485755205860937 0.007769768391067868 0.022230070179097033 0.0020053221187039125
0.5750931038332462 0.05281816887866844 0.25518805975651093 0.023157474570541778 0.059580556885450886 0.005631928733640846 0.026095888129522092 0.002434819212418937
0.5864289066901515 0.05252673873490569 0.24818490684293976 0.02192666479241379 0.05875654547757797 0.00542555403567821 0.024519745979444618 0.002230937446888449
0.5832900919109958 0.114570916183237 0.1541734792087851 0.029878235660355707 0.07794197960154561 0.015772057890687974 0.020320324662115842 0.004052914882277058
0.5683085114415499 0.11962936367822195 0.15608764146845286 0.03234477780696952 0.07993949430328744 0.017416765560218345 0.021637965754339177 0.004635479986960897
0.6189704884816637 0.05974157169497549 0.18043847025316587 0.017147794344877416 0.08738239006129908 0.00873929528206664 0.025110013186827148 0.0024699766951246293
0.5857638258026827 0.05388241683033962 0.24430506341123243 0.022173648343693404 0.060786825863626125 0.0057641303510348975 0.024988695245275364 0.002335394152115463
0.5864189672557113 0.0526833890694857 0.24775715731165562 0.02195783008572812 0.05893168155351652 0.005456076139599881 0.024554543434070448 0.0022403551502322098
0.5543137853187963 0.049690126325593366 0.28018442002805843 0.02482573683775338 0.05556728217091396 0.005131834557701719 0.027755320437547106 0.00253149432363558
0.5649140013043386 0.050197612515358515 0.2708661657912275 0.023767655718861247 0.05613524979049942 0.005144501739239855 0.02657231695073541 0.002402496189739497
0.5762459220440272 0.11246065003365785 0.1625596303494418 0.03131400811103914 0.0765054675803864 0.015392303037770208 0.021296885288862113 0.004225133554815448
0.6306544077327225 0.06039384257592837 0.19533850576269346 0.01843946884898875 0.0663407510023894 0.006577615094907062 0.02027581291531379 0.0019795960670565818
0.5995065860933085 0.11980522096593729 0.15704148785938446 0.03097913868999978 0.06110334494638102 0.012564866929023952 0.015796234871496874 0.003203119644468109
0.5741000189169478 0.05493427125884205 0.25290731156916874 0.02383312215791495 0.05979451883040903 0.005911991127749694 0.025990780103860925 0.0025279860351068886
0.642486096129941 0.05767571416098442 0.19169887785588388 0.01699340962097966 0.06445722889058769 0.005966819005015699 0.018987763658033587 0.001734090678574127
0.554255645419164 0.05042743066173915 0.2780614875893894 0.025027345114188672 0.05638848658240501 0.005273869633522327 0.027979131153004336 0.002586603846587192
0.5543110939556334 0.049318182373739985 0.28128101763488134 0.02472557616203132 0.05515361284600128 0.005061701363575733 0.027644453016214158 0.0025043626479227276
0.5865452901534949 0.052086078637154 0.24933709397531667 0.021836481407121865 0.05824614630814203 0.005334127187345466 0.02441223980414648 0.0022025425272784315
0.6340940874375081 0.05678584050138788 0.2003856605501561 0.017738452097208503 0.06350005637982083 0.005858008462531764 0.01983105187764699 0.0018068426937399406
0.6594902078304631 0.05985771487618387 0.1730303347530098 0.015507588640601273 0.06693460554170905 0.006247209152803553 0.01733619002334352 0.0015961491818858975
0.6655843830640215 0.11761441086167723 0.07192162523098404 0.01235815470424662 0.10186357803253293 0.0183767344134843 0.010456831736390764 0.0018242819566627647
0.6263125881711665 0.06130277934151038 0.16960276442022507 0.016382177961046837 0.09062271201443518 0.009140995452315701 0.024227787788565127 0.0024081948507352945
0.5640557752632138 0.05208914447469424 0.2653838410425114 0.024214884090191055 0.058791713243636017 0.00559567746840385 0.027303861521679976 0.0025651028956696453
0.5864175122923563 0.05239680834962992 0.24855369132081498 0.021901339447326987 0.05861338850407019 0.00540146653092337 0.024492282252454204 0.0022235113024240303
0.6237282646867492 0.05588607323703531 0.18610164835841833 0.016472947654416415 0.08332712334924866 0.007691526804446429 0.024555254205155454 0.0022371617045300676
0.5750759800790723 0.052617883016613555 0.2557635298381763 0.023113778998835186 0.05936182679086772 0.005594779061209546 0.026049725036784353 0.002422497178440937
0.5864399315550647 0.052510055784544915 0.24822253979372616 0.021922945802338972 0.058737522221027724 0.005421799817177929 0.024515443342753452 0.0022297616833663256
0.5865107906215746 0.05256135070711695 0.24804209691723453 0.021931690946009164 0.05877764727294834 0.00542660504663485 0.024518645553266327 0.00223117293521507
0.6237086976860368 0.055899654703507905 0.186077076464788 0.016475151848406113 0.08334719510667463 0.007695635219712541 0.024558496509806474 0.0022380924610676135
0.5537718378794453 0.050669695536807044 0.277055513242664 0.0250668095378339 0.05716407372889707 0.005387775952782432 0.02825353491512347 0.0026307592064467567
0.5755632415462103 0.05124244454020756 0.2599260430013732 0.022834978760990058 0.05732046600779139 0.005264670929482371 0.025536115372510864 0.0023120398414344925
0.6238971550181431 0.05572230015832796 0.18645443852121626 0.016449184441436858 0.08308277549083297 0.007647103040873612 0.02451979904192652 0.0022272442872426326
0.5807078239159817 0.11642288503236489 0.1516831463804512 0.03001676580126754 0.07990079282998114 0.016500052930242776 0.020578422727758235 0.004190110381952606
0.6358461932598567 0.06122398594393923 0.16382376266076898 0.015513213668887433 0.08967651703240129 0.008939686964134778 0.02274913992611713 0.0022275005438942832
0.5857595448565149 0.05411981916969707 0.24364682652011854 0.0222197380318904 0.0610538570982002 0.005810477743800678 0.025040195274766173 0.002349541305012031
0.640267358867618 0.05754373570758102 0.16904089839160888 0.014987119528367347 0.08582554873599209 0.007949429338356845 0.022346202458775683 0.0020397069717000664
0.641196472447593 0.05894843460218974 0.18876012171575296 0.017155580042140847 0.06650335224919565 0.006293429235514183 0.01933547435029862 0.0018071353573147874
0.554172472319317 0.050526794879976605 0.2778139366858633 0.02505561081928969 0.056517415646924155 0.00529866775960382 0.028018883422046822 0.0025962184669785972
0.5543046099083501 0.04932611677378749 0.28126199197080665 0.02472792362769523 0.05516323365459343 0.005063594955550346 0.02764742546716297 0.002505103642053902
0.586544782754176 0.052086733493477345 0.24933564179859805 0.021836627308372592 0.05824692261666458 0.005334281386041709 0.024412419890657504 0.0022025907520124267
0.6321446372119537 0.05661131817163641 0.17777063353396005 0.015718415893970234 0.08440653619039748 0.007786682845114289 0.023429723068364522 0.0021320530846033565
0.5750714124294569 0.05273441587660799 0.2554375559913854 0.023139485990824007 0.059491728725691 0.005617393726028941 0.026078003150802116 0.0024300041092034674
0.6320538434054465 0.0566054021683241 0.17782937647234137 0.015719487795820754 0.08442515599491093 0.007794590332302918 0.023438325429103474 0.0021338184017499636
0.6412965662951022 0.05880700964148645 0.1890416813905628 0.01713472587688196 0.06634316199085703 0.006264354028246082 0.019311826143732454 0.0018006746331310915
0.5541799349894169 0.050517080836365545 0.2778368146121358 0.025052752252324083 0.05650617452885339 0.0052963948799601545 0.028015511255572806 0.0025953366453714084
0.6015742205815291 0.11732711903915971 0.15970090652003713 0.030714556482910473 0.05986639944177865 0.012044036503485137 0.01566774911958634 0.003105012311513635
0.5850907381267961 0.05583832708200746 0.2422830424435861 0.02275615119051514 0.06080283384472447 0.005994392020042989 0.024828346375057337 0.002406168917270269
0.5647467498152215 0.050835178945136526 0.26921035632814655 0.023933424283511497 0.05681245066920618 0.005271234654162482 0.02674227472062105 0.0024483305839941905
0.6601219648010995 0.058841725018569456 0.17503741474131485 0.01538877567480365 0.06580087194772617 0.0060473791254955405 0.01720401149217413 0.0015578571988166744
0.6657483345712427 0.11751995461292064 0.0720667038233297 0.012373156059621856 0.10168396402200701 0.01832180540997047 0.010462478671919228 0.0018236028289883557
0.5523420948254331 0.11847306137983579 0.1109059893866486 0.023490981485430995 0.1331754373713513 0.029437146140527563 0.026416963704552373 0.00575832570622036
0.5507180618519426 0.054554458716846686 0.2687023463743001 0.02621830724064616 0.06115945473679391 0.006290518456732372 0.029383197068044056 0.0029736555546938247
0.5862229940360649 0.05251368643470013 0.24839417249345333 0.02193211726783822 0.05874325522112782 0.005433624520429867 0.024526513772283116 0.0022336362541025157
0.5865097658061997 0.0525601561446363 0.24804625436416353 0.021931435524320943 0.05877639433994685 0.005426477818856162 0.024518391368661515 0.0022311246332148652
0.6404978095512549 0.057404253652213556 0.16929029628649747 0.014969734502962118 0.08559057273215616 0.007902754357980935 0.02231387018585387 0.002030708731080935
0.564326436400183 0.051869681008634656 0.26583025193376214 0.024155024271845748 0.05851537535904962 0.005536056174878075 0.027223437560841304 0.0025437372908055462
0.6154668238327604 0.05497266649053816 0.19484887890167174 0.017195780690011167 0.08199106827952204 0.007552622956150246 0.025640539490194292 0.0023316193591519496
0.575091889834256 0.05248677828778228 0.2561231955264119 0.023084573149612 0.0592141479279882 0.0055686591935462625 0.02601694088125697 0.0024138151991464417
0.6404978912812508 0.05733784804730074 0.16945430421874302 0.01496303891890654 0.08551662721971218 0.007891741860865486 0.022309860278940354 0.0020286881742807763
0.5537564439957547 0.050893094831764164 0.27641059430757536 0.0251271745729186 0.05741363055190979 0.0054312555986072006 0.02832032024245794 0.002647485899012178
0.5864375073302227 0.05223073247691286 0.24900070947735112 0.021867988228573634 0.058426563157786326 0.0053685586710895275 0.0244545991288721 0.0022133415291916733
0.5865261342326387 0.05253836773358291 0.24809400853524233 0.021926595214759925 0.058751267207976327 0.0054213979353841145 0.02451268358797905 0.0022295455524365218
0.5832884772152581 0.1145730876861359 0.15417126040138257 0.02987853026616983 0.07794282094635831 0.01577245253705363 0.02032037521384353 0.004052995733798101
0.6277050473525577 0.06028682853066154 0.17240095391379212 0.01630003224881879 0.08829449056091442 0.008777138590213573 0.02389947145507537 0.0023360373479666963
0.6409704324744714 0.059074321372653935 0.18862872475861947 0.01717858089926932 0.06664291551311761 0.0063288936552639416 0.019361084852825044 0.0018150464737794806
0.6419565465668872 0.05854024161877938 0.18985224651390087 0.017116194035144826 0.0654812891756242 0.006140287586420125 0.01914033652881824 0.0017728579744251056
0.5647843147162339 0.05145173350013066 0.2673452490095383 0.02408010573966305 0.05753733304204873 0.005389063764642987 0.02692136793600471 0.0024908322917376606
0.5542963584221852 0.04946208026026231 0.28086892364123456 0.02476494397036236 0.0553144038796115 0.005089685441169702 0.027688393815237754 0.00251521056993661
0.642959926090141 0.057109970019952785 0.1927068852118406 0.016903001241942654 0.06386462657013198 0.0058502854683078285 0.018897439986184934 0.0017078654114982212
0.586502638940432 0.053319155786986296 0.2459416731619361 0.022082191803195237 0.059621626219478446 0.0055712569927492085 0.024685503287287427 0.0022759538079354207
0.6339737432911275 0.05689101331772064 0.20020828473033425 0.017757476705940193 0.06362100174756394 0.005882395778557966 0.0198533049157259 0.001812779513029635
0.5864775458658387 0.05323884125866589 0.2461846938190427 0.02206703749120946 0.059533549299689195 0.005557414222483409 0.024669243582344895 0.0022716744607257536
0.5755776383826111 0.051643709401652874 0.25879637417316914 0.022924292665425925 0.05775280843585215 0.0053390403432631885 0.025629248151392742 0.0023368884466329247
0.5865105913021822 0.0524182613505952 0.24844056343679397 0.021903456269753718 0.058617899566208026 0.005399291992382356 0.02448720217453734 0.0022227339075473985
0.6153862025269494 0.055140654420572324 0.19443751048381447 0.017220939445148464 0.08221501004686078 0.007589110217136628 0.025670341907916765 0.002340230951600988
0.5750821202625381 0.052500087181925316 0.25609216795973855 0.023087770910371102 0.05923019323221888 0.005571807510642248 0.026020981091595546 0.0024148718509702277
0.5648295428738753 0.05056506434263689 0.2698525179469442 0.02385978001308232 0.056561576166309364 0.005219809605431512 0.0266819641584257 0.0024297448932948354
0.5543461988659086 0.0493922287709468 0.28103599631289716 0.024744058792315116 0.05523446603221352 0.005073869918201378 0.027664175491820084 0.0025090058156972414
0.5756535043575183 0.05112562406257634 0.26020529736504344 0.022806839542417273 0.05717223958936536 0.005236530483117891 0.02549746928867981 0.00230249531128155
0.5865399624626068 0.05237556500819156 0.24853647283057417 0.021893954025743338 0.0585687519522373 0.005389569165394004 0.024476032150477278 0.0022196924047752074
0.5648973438856648 0.050613247499012456 0.2696792684550361 0.023870279248724608 0.05659832044809471 0.005224076504281672 0.026686250291135753 0.002431213668049852
0.554344163034593 0.049396062205229144 0.28102683835340386 0.024745229684359996 0.0552384093460081 0.005074653572785114 0.027665328030672277 0.0025093157729484915
0.5865409564965538 0.052092897354611305 0.24932155584603632 0.02183801085560396 0.05825391296864007 0.005335641119121403 0.024414005978002907 0.0022030193814304494
0.5865345989004709 0.05252725458870319 0.2481189044317221 0.021924158766143436 0.05873796792325631 0.005418763313185677 0.024509626112358473 0.0022287259641600977
0.5865106853026638 0.052562937142472455 0.24803836380819036 0.021932071162956913 0.05877894280476502 0.005426854723900218 0.024518890423421695 0.002231254631629622
0.5648869653983105 0.050627898530797834 0.2696449321995264 0.023874252996964277 0.05661518918293321 0.005227422093345587 0.026690907831908604 0.002432431766213437
0.5756294922802319 0.05129397265234704 0.259746943373249 0.022845015729204107 0.057360849411557384 0.0052697840789200584 0.02554028514032535 0.0023136573341650942
0.5756387150484948 0.051416584536465255 0.2593924905180329 0.0228717937703839 0.05749682228009158 0.005292587143257037 0.025569734249118875 0.002321272454155504
0.5865236096047237 0.05239969868720167 0.248482106241472 0.021899325877051026 0.058596482729595736 0.005395043024487398 0.024482328038781444 0.002221405796687083
0.5865176443926593 0.05255238421122508 0.2480622545001169 0.021929730708475634 0.05876684667179621 0.0054244716812973815 0.024516158425712913 0.0022305094087163987
0.6512721412381326 0.058369175306463954 0.1830969550549654 0.016201257852732433 0.06527191470426597 0.006026603637762959 0.018112423301447064 0.001649528904229522
