Action: 0
[0.10992589506048994, 0.10634786565669747, 0.251986910998259, 0.10634786565669747, 0.10634786565776369, 0.10634786565669747, 0.10634786565669747, 0.10634786565669747]
[0.11851911206110503, 0.10515133642543713, 0.24995077744856506, 0.10515133642543713, 0.10577342836314435, 0.10515133642543713, 0.10515133642543713, 0.10515133642543713]
[0.1454510458460145, 0.10669018179366065, 0.21440786339202164, 0.10669018179366065, 0.10669018179366065, 0.10669018179366065, 0.10669018179366065, 0.10669018179366065]
[0.125, 0.125, 0.125, 0.125, 0.125, 0.125, 0.125, 0.125]
[0.14455286069767906, 0.10515615611463788, 0.22450505069799237, 0.10515615611463788, 0.10515759039287569, 0.10515987375290134, 0.10515615611463788, 0.10515615611463788]
[0.22367842798940105, 0.10514331057416662, 0.10522176895162516, 0.10514329085549572, 0.14480121926800976, 0.10572540065031029, 0.10514329085549572, 0.10514329085549572]
[0.125, 0.125, 0.125, 0.125, 0.125, 0.125, 0.125, 0.125]
[0.125, 0.125, 0.125, 0.125, 0.125, 0.125, 0.125, 0.125]

Action: 1
[0.10499241656745925, 0.11845109404195336, 0.10499241656745782, 0.10499241656745782, 0.2116680939994207, 0.1449187291213354, 0.10499241656745782, 0.10499241656745782]
[0.10670517302294207, 0.10670517302294207, 0.10670517302294207, 0.10670517302294207, 0.21341034604588413, 0.14635861581646345, 0.10670517302294207, 0.10670517302294207]
[0.10642323518647025, 0.10628918632447945, 0.10628918632447945, 0.10628918632447945, 0.11017229138276291, 0.2519585418083695, 0.10628918632447945, 0.10628918632447945]
[0.125, 0.125, 0.125, 0.125, 0.125, 0.125, 0.125, 0.125]
[0.10519944276134623, 0.11834343647188951, 0.10519944276134623, 0.10519944276134623, 0.14481880414554518, 0.2108405455758341, 0.10519944276134623, 0.10519944276134623]
[0.10670243812421576, 0.1067021836454872, 0.1067021836454872, 0.1067021836454872, 0.107643319191647, 0.25214332445670123, 0.1067021836454872, 0.1067021836454872]
[0.125, 0.125, 0.125, 0.125, 0.125, 0.125, 0.125, 0.125]
[0.125, 0.125, 0.125, 0.125, 0.125, 0.125, 0.125, 0.125]

