Action: 0
[0.10929494154051987, 0.10924596976475232, 0.12598327010621385, 0.10924596976475232, 0.21849193952950463, 0.10924596976475232, 0.10924596976475232, 0.10924596976475232]
[0.10914790710392475, 0.12681674316860203, 0.2182958142078495, 0.10914790710392475, 0.10914790710392475, 0.10914790710392475, 0.10914790710392475, 0.10914790710392475]
[0.22050362520324918, 0.10877105848226101, 0.12686000884242807, 0.10877105848226101, 0.10878107354301761, 0.10877105848226101, 0.10877105848226101, 0.10877105848226101]
[0.125, 0.125, 0.125, 0.125, 0.125, 0.125, 0.125, 0.125]
[0.2357915855656382, 0.1087619069975307, 0.11157147389641188, 0.1087619069975307, 0.1088274055502964, 0.1087619069975307, 0.1087619069975307, 0.1087619069975307]
[0.10925914749537194, 0.10925224473135729, 0.23522738410879887, 0.10925224473135729, 0.1092522447390427, 0.10925224473135729, 0.10925224473135729, 0.10925224473135729]
[0.125, 0.125, 0.125, 0.125, 0.125, 0.125, 0.125, 0.125]
[0.125, 0.125, 0.125, 0.125, 0.125, 0.125, 0.125, 0.125]

Action: 1
[0.1087742498402751, 0.1087742498402751, 0.1087742498402751, 0.1087742498402751, 0.12701437719089462, 0.2203401237674549, 0.1087742498402751, 0.1087742498402751]
[0.1092587995546002, 0.1092587995546002, 0.1092587995546002, 0.1092587995546002, 0.1092587995546002, 0.2351884031177986, 0.1092587995546002, 0.1092587995546002]
[0.10877425250620645, 0.10877425671084853, 0.10877425250620645, 0.10877425250620645, 0.12701433547101457, 0.22034014528710463, 0.10877425250620645, 0.10877425250620645]
[0.125, 0.125, 0.125, 0.125, 0.125, 0.125, 0.125, 0.125]
[0.10924558831804941, 0.10924558831804941, 0.10924558831804941, 0.10924558831804941, 0.21854317898097939, 0.12598329111072418, 0.10924558831804941, 0.10924558831804941]
[0.10924559770203125, 0.10924559770203125, 0.10924559770203125, 0.10924559770203125, 0.10929753302193508, 0.23522888076587742, 0.10924559770203125, 0.10924559770203125]
[0.125, 0.125, 0.125, 0.125, 0.125, 0.125, 0.125, 0.125]
[0.125, 0.125, 0.125, 0.125, 0.125, 0.125, 0.125, 0.125]

