0.125 0.125 0.125 0.125 0.125 0.125 0.125 0.125
0.06578947368421052 0.10964912280701754 0.05921052631578946 0.09868421052631579 0.13157894736842105 0.21929824561403508 0.11842105263157893 0.19736842105263158
0.08769198837691987 0.1551473640514736 0.07644942576449425 0.13525667635256675 0.10523038605230385 0.18617683686176836 0.0917393109173931 0.1623080116230801
0.09848805527924762 0.07755934353240751 0.19697611055849523 0.15511868706481502 0.08586138152549792 0.07904198308588142 0.17172276305099585 0.13523167590265928
0.07370413051744652 0.12284021752907755 0.10442072891456226 0.14740826103489305 0.09213016314680815 0.1646799767874262 0.1105561957761698 0.1842603262936163
0.07209184130889114 0.1201530688481519 0.09490461769937615 0.14418368261778228 0.09011480163611392 0.19018462265412014 0.10813776196333671 0.18022960327222784
0.08835130941635433 0.14725218236059057 0.08662631674664988 0.1325269641245315 0.11043913677044292 0.25589268901331325 0.09939522309339864 0.07951617847471891
0.1090207466795486 0.08800469912686454 0.13627593334943575 0.11000587390858067 0.13082489601545833 0.13032968221049226 0.1635311200193229 0.1320070486902968
0.07089827844356078 0.1254354157078383 0.08862284805445096 0.15679426963479787 0.09526720866351196 0.1684814382687415 0.10634741766534118 0.18815312356175742
0.10727595725121672 0.08447981633533316 0.13945882443993288 0.10137577960239981 0.13409494656402093 0.1456810154272716 0.1609139358768251 0.12671972450299976
0.0771999164200759 0.12420817055170628 0.08775577267240119 0.15526021318963287 0.09473848918873758 0.16921825494300538 0.10530692720688142 0.18631225582755942
0.07034325881396625 0.11723876468994374 0.0914566564570303 0.1406865176279325 0.09585125631109628 0.2030505108441661 0.10551488822094937 0.1758581470349156
0.0692625088379915 0.11543751472998583 0.09043638945266921 0.138525017675983 0.09457103157590928 0.21471750237549528 0.10389376325698725 0.17315627209497875
0.06852115251511472 0.11420192085852456 0.08947205184812346 0.13704230503022943 0.09938703682395247 0.21729092286359628 0.10278172877267208 0.1713028812877868
0.07271013366460889 0.12080765972335353 0.08535323784802151 0.15100957465419193 0.08964546588491996 0.19683855322224802 0.10242388541762583 0.1812114895850303
0.12619633702477145 0.09937961540700752 0.16395601532145698 0.11925553848840903 0.1266409315190678 0.12858441200296467 0.13202078334899167 0.10396636688733095
0.07701738386142114 0.12174534164262996 0.08601573050837986 0.15218167705328745 0.09245554761829183 0.18474743024198892 0.10321887661005584 0.18261801246394493
0.09277517805775942 0.07306045272048554 0.21257782401875788 0.1461209054409711 0.0935441624181971 0.09277217239714554 0.16176184892122153 0.127387456025462
0.05987528779373489 0.09979214632289149 0.07840943613273862 0.08981293169060235 0.1389104937923447 0.24579832285776043 0.1077755180287228 0.1796258633812047
0.08241025665164933 0.1377671874846661 0.0678852807895456 0.12010472755073456 0.10608657674694524 0.2601579607681229 0.08146233694745474 0.14412567306088148
0.11064766738561259 0.08264280804302691 0.12797300499200062 0.10330351005378365 0.13562809445258303 0.1622730970180522 0.15356760599040076 0.12396421206454038
0.12269055336226141 0.0834846627938142 0.12927662335609286 0.10435582849226774 0.14039432269312335 0.13943906708440776 0.15513194802731145 0.1252269941907213
0.11014664832262505 0.07357784750868965 0.18229735352899226 0.1471556950173793 0.10159918350945189 0.08871552842112741 0.16406761817609303 0.13244012551564138
0.0697264995572186 0.11621083259536431 0.11608206705032453 0.1394529991144372 0.1021922612835259 0.17742934217025522 0.10458974933582789 0.17431624889304648
0.08429159411124328 0.14048599018540547 0.09487213855629353 0.12643739116686492 0.12860768257398245 0.2546147253309427 0.09482804337514869 0.07586243470011896
0.0735564838198758 0.11330742039471178 0.08774588129014381 0.14163427549338972 0.09426960334611052 0.22346021820731457 0.09606498685638608 0.16996113059206766
0.07349669897562446 0.11536371395070001 0.08861196476650957 0.144204642438375 0.09099772230275412 0.21647132046439332 0.09780836617559348 0.17304557092605
0.09114627130554157 0.07177768865311399 0.21723744498718314 0.14355537730622797 0.0951033568797652 0.09710731529923028 0.15892170381479043 0.12515084175414748
0.05914237237588516 0.09857062062647526 0.08085086733956078 0.08871355856382775 0.14271193768315624 0.24612725600684604 0.10645627027659328 0.1774271171276555
0.08531478872386852 0.1335592586387553 0.0711884938705789 0.11643627676199181 0.11331923090382579 0.26148424866106473 0.07897417032552487 0.13972353211439018
0.11742244690118227 0.07974005490682874 0.13240563532317703 0.09967506863353594 0.14227800631638265 0.16069502144073705 0.14817368411791312 0.11961008236024312
0.11032103633743852 0.07072009883877851 0.19873727900409813 0.14144019767755703 0.10361587327604388 0.09017407178443929 0.15769526517184343 0.12729617790980133
0.08804552661355787 0.06933585220817684 0.2594731763702927 0.13867170441635368 0.0957074204833387 0.07435776196269153 0.15351527717235733 0.12089328077323139
0.07885854963204529 0.11697248182884137 0.12015358851983085 0.14621560228605174 0.09596103430739703 0.16720769913203237 0.09917232155053943 0.17545872274326205
0.08987487004855019 0.07077646016323329 0.23336848011586828 0.14155292032646657 0.09627370324458172 0.08804355444998516 0.15670490162311315 0.1234051100282016
0.06906179526307127 0.10210739629420286 0.07084100270956707 0.08901670446161275 0.13973961156108455 0.2505725018306304 0.10062757895660572 0.1780334089232255
0.10065014891581073 0.07036322530866022 0.19643546460257938 0.14072645061732045 0.10300448652558553 0.10526692801006975 0.15689949046438562 0.1266538055555884
0.11928343941222547 0.07872241909980082 0.17499155897785917 0.09840302387475104 0.1437509668035202 0.12048225903400461 0.14628270414813735 0.11808362864970123
0.08326852501737696 0.11362908964993598 0.1120245299335186 0.14203636206241999 0.10210324890555834 0.18015690351394903 0.09633770644233702 0.17044363447490396
0.09098929649431678 0.13288728537991332 0.11719202449681908 0.16610910672489163 0.0828922446899066 0.1759328657843054 0.08449898037744487 0.14949819605240244
0.09001924601627595 0.07089015623781733 0.23326487677915073 0.14178031247563466 0.09396224615851949 0.08952317891520829 0.15695663407966062 0.12360334933773277
0.08041474504158692 0.1153331579255615 0.1237848267660739 0.14416644740695186 0.0945832041945099 0.17093542179660628 0.09778245998036736 0.17299973688834222
0.12139526095053552 0.09559876799854672 0.19169927611757945 0.11471852159825607 0.12975940643076242 0.11981962892681827 0.12699811914825254 0.10001101882924888
0.0846427578286148 0.11336829557212912 0.11491248100263399 0.14171036946516138 0.09951678673175499 0.17968026762166345 0.0961165984198486 0.17005244335819367
0.10534462665840175 0.06976759462897503 0.21690760673818746 0.13953518925795005 0.094952617728135 0.0923393717074064 0.15557132294878906 0.12558167033215506
0.10614422859890396 0.06717792957040049 0.2555112003518291 0.13435585914080098 0.09084747755461646 0.07524627517138727 0.14979675638534076 0.12092027322672087
0.10459972559691372 0.06596728058929516 0.2716909968186593 0.13193456117859031 0.0886636450697456 0.07130549583471088 0.14709718985135367 0.11874110506073128
0.10350850305781265 0.06542578231945399 0.27876948752128233 0.13085156463890799 0.08763932330657094 0.07014920145070973 0.14588972953024515 0.11776640817501718
0.10293954603065622 0.06518576490542013 0.2819048098559661 0.13037152981084027 0.08717756447334656 0.06973188157357013 0.1453545265204443 0.11733437682975627
0.10267006530189912 0.0650798320937821 0.28329342762455717 0.1301596641875642 0.08697240551411763 0.0695625953479132 0.14511831216135887 0.11714369776880777
0.08175951544454425 0.11364139575813446 0.1414710063933281 0.1420517446976681 0.0923594236858767 0.16190668050135004 0.09634813988189662 0.1704620936372017
0.10301978933334262 0.06854827859178933 0.2332339961418075 0.13709655718357866 0.09379064648015134 0.08807140063077633 0.15285243017333325 0.12338690146522081
0.08186190502523571 0.11384234517897822 0.1306280351386561 0.14230293147372278 0.0952705294814285 0.16881222589046455 0.09651851004304675 0.1707635177684673
0.07788248183865627 0.11356216430390123 0.1078958316498712 0.14195270537987653 0.09507071207344417 0.19701189291030857 0.09628096538809018 0.17034324645585186
0.13557850868955892 0.09096873041712507 0.1809976531616967 0.11371091302140633 0.12514645239480984 0.12447873846630092 0.1267791821298366 0.1023398217192657
0.11197208382077004 0.06627569706715329 0.2449832882222842 0.13255139413430658 0.09730508006598525 0.07983128940395764 0.14778491256466716 0.11929625472087592
0.09595402404818248 0.13084593328768052 0.15338694025432095 0.16355741660960063 0.08279373327614037 0.14305933086533332 0.0832009467101012 0.1472016749486406
0.08893968647667184 0.07004000310037908 0.2475423590953261 0.14008000620075817 0.09283899719094765 0.08336359175028998 0.15507432513881245 0.12212103104681482
0.0953498260430946 0.13643922896548524 0.11171202017762163 0.11894702012375638 0.11392973511579192 0.2002086361244122 0.0806771093013304 0.14273642414850765
0.10628131894148443 0.06841277301678172 0.22022862239485483 0.13682554603356345 0.09795986657374754 0.09459860864358205 0.15255027296577894 0.12314299143020709
0.1054477687087747 0.06634088502552829 0.2613127795632771 0.13268177005105658 0.09203896663412221 0.07483396498899286 0.14793027198229736 0.11941359304595091
0.12120578936329388 0.0763026513363275 0.2012638703933563 0.09537831417040937 0.13960206755496343 0.11000706015666917 0.14178627002048916 0.11445397700449125
0.14329951067697005 0.08701204857094406 0.20861534781662527 0.10876506071368008 0.13137492872100984 0.10177962295828095 0.12126492590017764 0.09788855464231207
0.08802197445002329 0.1119348511918951 0.12423782112423196 0.13991856398986888 0.1013454072361103 0.17173781833994303 0.09490128688008499 0.16790227678784264
0.10492409570592058 0.06871608071846952 0.2262719349993872 0.13743216143693904 0.09576597106321297 0.08997420691208911 0.1532266038707365 0.12368894529324513
0.10508389605222193 0.06626067172613323 0.26360258057441655 0.13252134345226646 0.09151373916746285 0.0739971516236785 0.14775140829678066 0.11926920910703982
0.10379193555293659 0.0653396272279616 0.2767902340932076 0.1306792544559232 0.08956757934285013 0.07052242378160395 0.145697616535186 0.11761132901033089
0.08204121167050461 0.11344850537031707 0.1400250959388908 0.14181063171289632 0.09427013929343198 0.16204705557930188 0.09618460237918187 0.17017275805547558
0.10329554940198461 0.06853718209818377 0.23265125442666157 0.13707436419636754 0.09414575283561427 0.08810128261567156 0.1528276866487859 0.12336692777673078
0.10456427083432027 0.06613111026781088 0.2659369712987228 0.13226222053562176 0.09104573986322624 0.07356118313598561 0.1474625055822529 0.11903599848205958
0.09466166583303134 0.13070249361588876 0.15849309069725176 0.16337811701986094 0.08167422757233114 0.1409403621553972 0.08310973778836404 0.14704030531787485
0.08876617767557206 0.069903364919513 0.24952101720332312 0.139806729839026 0.09246175852207514 0.08288636475162457 0.15477179697279228 0.12188279011607396
0.07968248847266708 0.11395384109398517 0.13423333734998633 0.14244230136748148 0.09508968666378466 0.1670545442227388 0.09661303918837873 0.17093076164097773
0.10298491856002173 0.06869202286642039 0.23052432926282101 0.13738404573284077 0.09449888699459867 0.08909719697234961 0.15317295845139112 0.12364564115955667
0.1045751514817663 0.06618640498828168 0.2651875763931742 0.13237280997656337 0.09118039316621225 0.07377633045913577 0.1475858045559595 0.11913552897890704
0.10366001899177583 0.06530344416795163 0.27735437177368527 0.13060688833590325 0.08946097182339517 0.0704511716931555 0.14561693371182047 0.11754619950231293
0.10303225525015165 0.06500267639498188 0.28161108603710583 0.13000535278996375 0.08877107556901849 0.06962646997900067 0.14494626646881034 0.1170048175109674
0.08190393717807186 0.11338524951510326 0.14104196989544784 0.1417315618938791 0.09407847799951903 0.1616499568303452 0.09613097241497887 0.1700778742726549
0.13612054889175712 0.09032269780975788 0.19207072862588162 0.11290337226219735 0.1250250966820029 0.11606568624487106 0.12587883444755435 0.10161303503597761
0.11194683282874371 0.06590883907879394 0.24883812170013714 0.13181767815758788 0.09779070743252935 0.07809503645482956 0.14696687400554945 0.11863591034182909
0.12284299665281284 0.07616667776244183 0.1971316070799281 0.09520834720305228 0.1422080429846419 0.11065870896563926 0.141533602707821 0.11425001664366274
0.1088158336609127 0.06578120688904555 0.2506979705797164 0.1315624137780911 0.10096457928803824 0.07708955013192273 0.14668227327199115 0.118406172400282
0.08289284041745026 0.11336875216496413 0.13429130092046865 0.14171094020620514 0.0972194742781057 0.16434657823419463 0.09611698553116522 0.17005312824744617
0.10354789336113705 0.06854464002814963 0.23021577779533342 0.13708928005629925 0.09584172541408571 0.08853601457483988 0.15284431671948587 0.12338035205066933
0.10460334535421598 0.06608367830242366 0.26485636610439767 0.13216735660484732 0.0923793009437985 0.073602592367117 0.14735673937883725 0.11895062094436258
0.08219243345949599 0.1134098174427309 0.13739597806232695 0.14176227180341364 0.09585029177071276 0.16312267955229945 0.09615180174492403 0.17011472616409634
0.13623590592666468 0.09031931920645137 0.19074002043328178 0.1128991490080642 0.12592618030617128 0.1163960651777447 0.12587412583436414 0.10160923410725778
0.12840944050932943 0.07556045088421114 0.17791931991038626 0.09445056360526391 0.15043435588537066 0.11947808638532657 0.14040710649379531 0.1133406763263167
0.08524443635727921 0.11160120197925058 0.11723957296801804 0.13950150247406323 0.10668434831267704 0.17770872456612358 0.09461841037371246 0.16740180296887588
0.07829613882207745 0.11295397042743587 0.10465121737570371 0.14119246303429484 0.09819768743149468 0.19951224451414407 0.09576532275369563 0.1694309556411538
0.07693065687260206 0.11271710267195034 0.10172649714281376 0.1408963783399379 0.09630267189072267 0.2067865389826118 0.09556450009143615 0.16907565400792549
0.10314885917802345 0.06915814827534612 0.21756309692394618 0.13831629655069225 0.09674796507096911 0.09636861856306089 0.15421234854233895 0.12448466689562303
0.1214306510044248 0.0767940907073888 0.1882509494268913 0.09599261338423598 0.14368867371514418 0.11595241864008701 0.14269946706074485 0.11519113606108318
0.08415063064361156 0.11180866802574096 0.11960177683171454 0.1397608350321762 0.10551954893256772 0.17665123299549298 0.09479430550008473 0.16771300203861142
0.10336353917976998 0.07598298932556713 0.2228218167281067 0.1360368206605683 0.09734186205544207 0.09034893042104263 0.1516709030349918 0.12243313859451145
0.12077573481997925 0.08227087421406776 0.18911327920612722 0.09522504009675706 0.1430145527926305 0.11377205293885208 0.14155841781547765 0.11427004811610846
0.10811228324448435 0.07123864290946191 0.24679648485948813 0.1309274718639931 0.10170997984533137 0.07740605217815058 0.14597436042149678 0.11783472467759379
0.10436807343887007 0.06999357949631509 0.26964552945401943 0.13016880061427638 0.09261840906777291 0.07092518878057749 0.14512849859532004 0.11715192055284872
0.10290256359160446 0.06946239755739712 0.27800190354785587 0.1293301591991164 0.09025964134608805 0.06945271547613639 0.1441934760025969 0.11639714327920474
0.10232091489487033 0.06923880473445096 0.280992074981042 0.12897283478591645 0.08956619102960652 0.06903854231890887 0.14379508594787999 0.1160755513073248
0.10209776559561283 0.06915395081722658 0.2820550263063598 0.12883958386445132 0.08934531511199657 0.06890621171180147 0.14364652111454498 0.11595562547800621
0.08108696573372773 0.12042036542479899 0.14030811280287148 0.14023102521928343 0.09461077761718678 0.1599523058337383 0.09511321710525313 0.16827723026314012
0.13446432729971494 0.100332930722012 0.19004913258747771 0.11139791678291038 0.12460445850826672 0.1146927450594259 0.1242003639355732 0.10025812510461933
0.08565476177987258 0.12240485151012355 0.11905584604250564 0.13812393101583711 0.10071834407578278 0.17460949079830596 0.09368405755856778 0.1657487172190045
0.10374740204730251 0.07677225077048698 0.2226582301070045 0.1361063163816318 0.09642921407504525 0.09004251629733055 0.15174838557772974 0.12249568474346859
0.10443326960405892 0.07113746142748811 0.26134589998623226 0.1316423677829544 0.09251719362118732 0.07367426055272308 0.14677141602069688 0.11847813100465894
0.10322729916616909 0.06976863416728209 0.2751128278764643 0.12976941031264042 0.09053987504414411 0.0701062759376813 0.14468320821424235 0.11679246928137638
0.08131720756757747 0.12056392139353525 0.13883444732740052 0.14032299632425363 0.09492648087300061 0.16047175341824296 0.09517559750688506 0.16838759558910435
0.10230982884707084 0.07631227962807922 0.23057896116921575 0.1355488604326591 0.09482338399884117 0.08730584773892537 0.15112686379581544 0.12199397438939318
0.10387165574525199 0.07093198572114925 0.26424932279725655 0.13131443996304126 0.09198140037961554 0.07306239845322933 0.1464058009737191 0.11818299596673712
0.08147340812073635 0.12080194133832074 0.13650950645071305 0.14045666649444108 0.09528137273213477 0.16166284431757352 0.09526626075275134 0.1685479997933293
0.10241901750751255 0.07638519564185567 0.229691823263136 0.13565112472814514 0.09496353462036275 0.08756241113003876 0.15124088085361853 0.12208601225533063
0.12046397712263587 0.08225076634205071 0.19120624450249862 0.09516195224118437 0.14224270878629805 0.11301537483498625 0.14146463348092483 0.11419434268942126
0.10797636095601568 0.07119175592238242 0.2475845771176705 0.13084228457459324 0.10153196929591103 0.07723561306521705 0.14587938295107636 0.11775805611713391
0.12118275439132936 0.08128783977550795 0.19599212573336278 0.09448654228470256 0.1434152959173091 0.10979099993888584 0.14046059121725932 0.11338385074164307
0.08345873471368485 0.12028841825242924 0.12047163033439716 0.13829216490801235 0.10472754142589309 0.1730127484514036 0.09379816402456491 0.1659505978896148
0.10319260915734063 0.07657809381348078 0.22318314792709926 0.1360247863251499 0.09720779010249386 0.08973377933271556 0.15165748564908504 0.1224223076926349
0.1384755263475851 0.09441715675230988 0.21703700893375807 0.10922089805538857 0.12303884198949448 0.09773860915314382 0.12177315051847053 0.0982988082498497
0.11093897508551316 0.07129615915806829 0.2567958777627605 0.12942321782807795 0.09674695434871317 0.07402069034238157 0.14429722942921527 0.11648089604527018
0.12177276579984982 0.08116658066032924 0.19871080079371184 0.09432624200658879 0.14177148990996039 0.10883833633424662 0.1402222940874066 0.11319149040790653
0.08356232681495666 0.12027088654087169 0.12106431199830946 0.13828556627487995 0.10441450169191695 0.17266603871929093 0.09379368842991859 0.16594267952985595
0.1031978964326318 0.07656320401874799 0.22341299765374958 0.1360002131969812 0.09713434793009584 0.08966106044551796 0.15163008844499243 0.12240019187728306
0.10428245068727099 0.07110096286565655 0.26161236223073314 0.13159982113402 0.09264863285692569 0.07359195152251741 0.14672397968225812 0.11843983902061803
0.120243434598305 0.08129146227943028 0.20044134138351474 0.09450400441587627 0.14073077933539704 0.1088976228403464 0.14048654984807876 0.11340480529905152
0.10760661880704238 0.07090028442570862 0.25099577250423544 0.1304185470770561 0.10095717802275368 0.07633795953032979 0.1454069472635237 0.11737669236935049
0.12101976332182433 0.08121168877045955 0.19698665604606602 0.09442164537038449 0.14318625323851583 0.10950390121291079 0.14036411759537754 0.11330597444446137
0.10786519210496215 0.07094936619283386 0.24965513358010813 0.13051781601688173 0.10153223143575545 0.07649660153096567 0.14551762472329946 0.11746603441519354
0.12110191459456184 0.08122789964429786 0.1965817066323778 0.0944366557069996 0.14338298844826136 0.10955841665618928 0.14038643146891286 0.11332398684839952
0.12358925962831943 0.081279813805169 0.1786201250217644 0.09344968185463463 0.1551447110066116 0.11685756190985562 0.13891922854808372 0.11213961822556157
0.1088895084950089 0.07123377709024381 0.24247893244280233 0.13101932702992353 0.10437297255814103 0.078011315980303 0.14607677207664607 0.11791739432693116
0.10464922203992064 0.07006733098253279 0.26803159673363147 0.13030669643644938 0.09329003241942245 0.07109685244892877 0.14528224214630997 0.11727602679280445
0.12015097406221863 0.081064147316924 0.2022365726877046 0.09432564409150102 0.14070631591036076 0.1081041677750196 0.14022140524647014 0.1131907729098012
0.08328385084370006 0.1202604911931284 0.12182835480353735 0.13828727583334996 0.10420032317112034 0.17240012519861098 0.09379484795653302 0.1659447310000199
0.10311449553151293 0.07654744237794914 0.2237158582618777 0.13597349792871213 0.0970725513083204 0.0895997035412377 0.15160030291454918 0.1223761481358409
0.10425455477972158 0.07109306968925538 0.26172350142421397 0.13158691737305592 0.09262876760002013 0.07357537054623213 0.1467095929517504 0.11842822563575033
0.10317351667178416 0.06975462973234765 0.2752440522335181 0.12974814981701083 0.09056657866140175 0.07008023370040825 0.1446595043482195 0.11677333483530973
0.10247268401279583 0.06932586737862391 0.2800182565961167 0.1291014555209527 0.08974968200534601 0.06920225604842443 0.14393848846888307 0.11619130996885743
0.10215938242036349 0.06918004067654816 0.2817045352464174 0.12887779662770554 0.08944737487814264 0.06895172769201299 0.1436891254938747 0.115990016964935
0.08109628357419628 0.12042096037732901 0.1402306859641204 0.14022784641987626 0.0946736109499264 0.15996613596069717 0.09511106105000303 0.1682734157038515
0.10221417241523649 0.07626719166978095 0.23110889249150818 0.13548443647560657 0.09474875526854883 0.08718552295981315 0.15105503589145985 0.1219359928280459
0.08123244737227613 0.12159753190315098 0.12930214318239597 0.1406989282009333 0.09593467762315318 0.1669649804885113 0.09543057738845911 0.16883871384111995
0.10259178087351578 0.07661307210152779 0.2269330165747291 0.13596108079926286 0.09532539928794537 0.08862421890181778 0.15158645874186472 0.12236497271933658
0.08130546476809832 0.12166011225418624 0.12840360483249344 0.14072976059415684 0.0960639575528997 0.16750989749087952 0.09545148979429768 0.1688757127129882
0.07688555201519368 0.12582858517535325 0.10608641794241647 0.13955582407046627 0.09526404938986847 0.19425732793521733 0.09465525458692495 0.1674669888845595
0.10230905225254584 0.07744281107700005 0.21792394505806112 0.13689308888814786 0.095845993506761 0.09375575101002223 0.15262557820812903 0.12320377999933306
0.13842998907475457 0.09465657116481722 0.2154081090450838 0.10941438788460828 0.12288075558243623 0.09874836091364128 0.121988877238511 0.09847294909614744
0.08643696675588007 0.12179501308483792 0.12470590430196535 0.13815396965683746 0.1004929232230621 0.1689260277958789 0.09370443159333323 0.16578476358820493
0.07764791317464595 0.12564692430968785 0.10517358268450754 0.1392981317221076 0.09603810796699114 0.19455711012488391 0.0944804719506469 0.1671577580665291
0.11588558805865024 0.08755478567242117 0.15372336676990986 0.09674280685642785 0.14474929855078936 0.14143810582080146 0.14381468004328676 0.11609136822771342
0.12297908989505166 0.08232688284447622 0.16585436315836832 0.09410015538890372 0.15645813494456282 0.1254749861566572 0.1398862011452957 0.11292018646668447
0.10919200964655217 0.07160858387896793 0.23769070300949488 0.13158370860382107 0.1050567333993743 0.07973690830483675 0.14670601541351394 0.11842533774343895
0.0823538574635367 0.1208316912126254 0.13069739876507808 0.14040154021189907 0.09796710059250732 0.16403769274765606 0.09522887075241851 0.16848184825427887
0.10276916884198012 0.07649954312551747 0.2274034451233169 0.13584923231026869 0.09566994268176884 0.08808260281436771 0.1514617560235384 0.12226430907924182
0.12058299664303208 0.08228240324168468 0.19051652632089602 0.09518932205962957 0.14252384167069337 0.11317240303819381 0.141505320554315 0.11422718647155547
0.14226407179772055 0.09377826115187919 0.20357392597420126 0.10771762774648641 0.13385294277203946 0.10177018927743937 0.12009711630839605 0.09694586497183776
0.1476384032222796 0.09407691131201015 0.2070705834161469 0.10678537392969656 0.13064980683756663 0.09861436187171754 0.11905772287385571 0.09610683653672689
0.11309414147185035 0.07131006031395103 0.25268120930577664 0.12946006463530543 0.09837686505187285 0.07422529017995677 0.14433831086951215 0.11651405817177489
0.08300875706828305 0.12072324816315697 0.13395574972066449 0.14029463109972212 0.09655425787526162 0.1619534402682163 0.09515635848502892 0.16835355731966653
0.07721849978937889 0.12578596421123384 0.10732973431643367 0.1396201578670056 0.09542045040335402 0.19238211428847912 0.09469888968370815 0.16754418944040672
0.10234765168769651 0.07741181002332315 0.2184103799713383 0.13684450648595708 0.09584364868299644 0.09341053485608841 0.15257141245523873 0.12316005583736137
0.09365224187735967 0.14033772935207503 0.1458403274255049 0.16222184509348428 0.08312598792181777 0.14630066045893703 0.08252154728668548 0.14599966058413583
0.08919442978217107 0.07024061345345972 0.24486409831916195 0.14048122690691944 0.09314825800844004 0.08408206737541457 0.15551849295352904 0.12247081320090412
0.07909315542446174 0.12107504756962434 0.13238139708312358 0.14094276154560736 0.09572895600702547 0.16605140851058206 0.09559596000484673 0.1691313138547288
0.10203779867147052 0.07652408635362139 0.2281671554587658 0.13587088604477915 0.09521847204746754 0.08841190566202724 0.1514858983215672 0.12228379744030123
0.12039575631707883 0.08228437472019282 0.19075875222311875 0.09518951952001642 0.14238504858303203 0.11325351112009914 0.1415056140924423 0.11422742342401969
0.10797378085497718 0.07120237889187551 0.24741369347341305 0.13085739463184726 0.10160149394206748 0.0772833734998586 0.1458962295372984 0.11777165516866255
0.12118099465313029 0.08128772900611102 0.1959364478960074 0.09448531079890565 0.1434666649524241 0.10980171920382412 0.1404587605309105 0.11338237295868679
0.12362037004109183 0.08129278210634884 0.17842821571840797 0.0934596163447553 0.1551851576556574 0.11692832168514224 0.13893399683488997 0.11215153961370634
0.14311236912848943 0.09361724488249205 0.1990960158399688 0.10761682369145872 0.13717957331536118 0.10253810451018615 0.11998472730973085 0.09685514132231285
0.12881006795884312 0.08192577248676051 0.17892731168452153 0.09300627571866066 0.15274952707534817 0.11471343866752398 0.1382600755459493 0.11160753086239279
0.11000830368890817 0.07123946615976139 0.24250744077953343 0.13094160186912887 0.10384189996751761 0.0776237315301894 0.14599011432274517 0.11784744168221599
0.08249190131394071 0.12076916639234704 0.13174919339912625 0.14037261225863976 0.09771096624726253 0.16324977562463003 0.09520925005368608 0.16844713471036765
0.07711875022221455 0.12577242262587582 0.10684428040592864 0.13960050570209043 0.0956408614596881 0.19281701235245 0.09468556038924394 0.1675206068425085
0.07506686825768313 0.13518745475925578 0.10010474960856484 0.1372284783339473 0.09383152816578418 0.2008300398301333 0.0930767070438947 0.16467417400073678
0.1013898478646399 0.08487628061481917 0.21426002534084618 0.135905184923799 0.09512263670172971 0.09460721911069064 0.1515241390120565 0.1223146664314191
0.10382965199092335 0.07594518319587601 0.25770064064193904 0.13134244612278803 0.09219632227490118 0.07434052851123814 0.14643702575182485 0.11820820151050923
0.1197450576780505 0.08584434616018495 0.19881619737927791 0.09406307892631666 0.14012784668602565 0.1086966939651144 0.13983108449344986 0.11287569471157999
0.10715873128275306 0.0753615525733138 0.24970294183318362 0.1297457554106966 0.1005475748313204 0.07605542943523948 0.14465683476386618 0.11677117986962693
0.09365836485769728 0.14595703347278094 0.152470557103705 0.16004909352266128 0.08311048279233366 0.13929400607107284 0.0814162780093538 0.14404418417039516
0.10388156470667449 0.08478101142643749 0.23432080455818724 0.13357221299796895 0.09135002174785652 0.08295634344756474 0.1489230494171385 0.12021499169817204
0.08099790712162384 0.1291161961136016 0.1293470627452561 0.13953720083578097 0.0946058830101049 0.16430848599512227 0.09464262317557319 0.16744464100293716
0.0760513902455823 0.13645415522196297 0.10530627017140794 0.1378338066150281 0.09402900501121321 0.19143752726657884 0.09348727753019297 0.16540056793803368
0.10148634275741988 0.08492490110373073 0.21636140315919597 0.1357494184775163 0.09504012470173359 0.09291286212182581 0.15135047104881294 0.12217447662976466
0.10378241969324417 0.07589992751287952 0.2584675579420522 0.1312512609754229 0.09211879413947471 0.07401854374167151 0.14633536111737447 0.1181261348778806
0.08098466303107008 0.12724837696423613 0.13464296080071586 0.13943967750332303 0.09476301589696459 0.1610172158844054 0.09457647691529736 0.16732761300398763
0.10174822904723003 0.08306638972261739 0.22783495313855656 0.13461606629267195 0.09438573849000743 0.08710729570427929 0.15008686794123274 0.12115445966340474
0.10344923070693426 0.07538127383878282 0.262618447806811 0.13071788214833782 0.09164018008885141 0.0728062079472142 0.14574068352956468 0.11764609393350403
0.0809160839809256 0.12711622378908263 0.13553742946717467 0.139401972255718 0.09464973745302842 0.16054528342593943 0.0945509029212696 0.16728236670686153
0.10170512320217955 0.08302757029899435 0.22817989784389323 0.13457835887937997 0.0943371784788251 0.0870065213158878 0.15004482698939825 0.12112052299144195
0.08061401378645576 0.12874961822857459 0.1279922408734076 0.13954747976073115 0.09521424690757911 0.16577582976222632 0.09464959496814809 0.16745697571287738
0.07596929811631781 0.1363492812387 0.10499597769062619 0.13780215740284513 0.0941316893652643 0.19192319619481582 0.0934658111080167 0.16536258888341415
0.10106915623804599 0.08889504391682253 0.2154580137005728 0.13503138178436888 0.09471268443099767 0.09275556260247857 0.15054991372078141 0.121528243605932
0.09215490354956689 0.15401279953745733 0.1434698376055998 0.15960225085711527 0.08180809161029677 0.14412111998037552 0.08118897108818472 0.14364202577140373
0.10339173520727171 0.0904659657343296 0.23007865422206308 0.1331510938876453 0.09093887098171308 0.08368416243216951 0.14845353303592687 0.11983598449888073
0.10345519860958315 0.07872553868901076 0.26296271345284594 0.13009703031986622 0.09063029609981642 0.07199341546795297 0.14504848007304488 0.1170873272878796
0.10237527255186551 0.07611779389145397 0.2747841388955388 0.12861365213466772 0.08960383140757922 0.06935840010128091 0.1433946240964131 0.11575228692120096
0.10174386001631931 0.07542541862836143 0.2789923821798253 0.1280697240611858 0.089052570344043 0.06866510822906982 0.14278818488612804 0.11526275165506722
0.13524731642476298 0.10025674072712942 0.23366801727384612 0.10653200491032769 0.11839179066441738 0.0912500902548262 0.11877523532539522 0.09587880441929493
0.09744374363505844 0.15466612444392303 0.14628712882445688 0.15597803387371487 0.08468050761127396 0.14121888345903524 0.0793453476661941 0.14038023048634338
0.13667012332400258 0.11836267333158242 0.18898864026951906 0.10867399561329802 0.11958813411744197 0.10874644218303309 0.12116339510915462 0.0978065960519682
0.09765934809346709 0.1599824620689168 0.13504908058950046 0.15601120661460274 0.08484327601925369 0.14668231816586216 0.07936222249525444 0.14041008595314247
0.1047217779828155 0.0914769577628752 0.22646596093387894 0.1331784290465217 0.09162395512585157 0.08418832330805072 0.14848400969813685 0.11986058614186952
0.10384596087639672 0.07895207927031282 0.2616040384580514 0.13022043816819615 0.09085130898991291 0.07214170927136165 0.14518607061439182 0.11719839435137655
0.09257237715889195 0.15079762379008055 0.15482406122514158 0.15918091094622758 0.08099572851892821 0.1373918412016966 0.0809746373074288 0.1432628198516048
0.07751938920503718 0.14771058614279245 0.11013532800733364 0.13661343936137452 0.09066027237044766 0.18076530750382422 0.09265955017554098 0.1639361272336494
0.08631610942157424 0.1691414725310817 0.11585968014092314 0.15740057256791298 0.07999490311571222 0.16955775999669243 0.08006898691498182 0.14166051531112167
0.13426814665050216 0.12210628865316109 0.1788712836525715 0.10945338754366772 0.11914119028953034 0.11561929547332626 0.12203235894793998 0.09850804878930094
0.11057444308170232 0.08363369461324685 0.2412710759452106 0.12962107658740668 0.09644604057474515 0.07727687308873468 0.14451782718028774 0.116658968928666
0.10448637013396037 0.07725822912299304 0.2666696390086758 0.12928490823972572 0.0912310483078121 0.07057036321126638 0.14414302455981357 0.11635641741575314
0.10244941693882209 0.07578010049961158 0.2760524757194284 0.12839636881516756 0.08958753458649901 0.06902500209647704 0.1431523694103435 0.1155567319336508
0.10171373233393938 0.07533925656974291 0.27943492385931806 0.1280044894598436 0.08900830496062156 0.06857979912878989 0.14271545317388534 0.11520404051385927
0.11847192478390002 0.08781162335407801 0.20484284023823554 0.09332289386417189 0.13827129042290762 0.10656120501505101 0.13873074968464955 0.11198747263700627
0.12199867752690335 0.08934102663124784 0.18019827017011344 0.09243040983137996 0.15249425292082372 0.11521685889492854 0.13740401222694693 0.11091649179765593
0.08256093597118395 0.13192085171940474 0.11574955016962152 0.1360487265280835 0.10538525104372394 0.17279968517610378 0.09227652755817839 0.16325847183370018
0.13330264992367827 0.11462624766978884 0.17901718200388145 0.10962928258097256 0.12610679512820633 0.11642301958255767 0.12222846878803956 0.09866635432287531
0.12597684877103718 0.09415396768829183 0.17218757069968213 0.0924745434817541 0.14894837529604268 0.11781962202265872 0.1374696198624285 0.11096945217810493
0.10898451273744146 0.07954380675357417 0.23883432814264255 0.1300343355896629 0.10275356123643477 0.07783997338196817 0.1449785801275794 0.11703090203069662
0.1042071479689956 0.07669528883259792 0.2657674417293809 0.1293803180847115 0.09254797086821248 0.07071014682302605 0.14424939941683504 0.11644228627624036
0.10241440710254483 0.07571548404657087 0.27572348602274716 0.12843126516988257 0.08987067984733532 0.06906526291637959 0.1431912762416452 0.11558813865289433
0.10171603200634183 0.07533714302728146 0.2793162998592653 0.12801795765906848 0.08907287899631726 0.06859305734763237 0.14273046921093155 0.11521616189316163
0.10144997288057554 0.075194303039043 0.28060375778941044 0.12786269153373134 0.08881573647877669 0.06843975682989992 0.14255735906820496 0.11507642238035821
0.1183832675812519 0.08776959773249815 0.20518615822318476 0.09330295387680869 0.13818695248350968 0.10650641789639512 0.13870110755418127 0.1119635446521704
0.14003467696050825 0.10255943901966345 0.20700401168431556 0.10611415095509688 0.1312812192525715 0.09919440691981321 0.11830935934844383 0.0955027358595872
0.1455472951661666 0.10484390851097349 0.20658138160303388 0.105259446722485 0.12867300975231352 0.09700502828181158 0.11735642791297954 0.09473350205023648
0.1119233697649466 0.08007786343700378 0.2511948537326159 0.1280507237842655 0.0973285742572301 0.07341196262280615 0.14276700099529302 0.11524565140583895
0.10440903471117643 0.07643630891321836 0.2701656036896114 0.12876679485781 0.09107515120237053 0.06969162444962895 0.14356536680415535 0.11589011537202902
0.1023098476033058 0.07556315438478192 0.27728682437375446 0.1282259894465982 0.08944837423793578 0.06880001032241861 0.14296240912926692 0.11540339050193836
0.13545172284744844 0.10031453467388565 0.23310561027285467 0.1065669598876605 0.11853055842764526 0.09130614247507017 0.11881420751654088 0.09591026389889444
0.10900107063159088 0.07891377189475784 0.26145924863850795 0.12731982612903792 0.09471241247882922 0.07205372205682682 0.1419521046543154 0.11458784351613412
0.12041516559077078 0.08849211709087758 0.19925707841307322 0.0933748217291361 0.14011308621039667 0.10749000094717101 0.13880794394361126 0.1120497860749633
0.12254236666073645 0.089494022396391 0.17847061728401073 0.09246686829575562 0.15311721078136603 0.11549046244388912 0.13745821018294418 0.11096024195490674
0.10801624437405437 0.07868268177118545 0.24124537092677698 0.12979389718075407 0.1034171378096122 0.07731965123012745 0.14471050924481088 0.11681450746267867
0.08133246669149975 0.13124081109115787 0.13043641742386705 0.1386006043120969 0.09664550991110528 0.1614160989927695 0.09400736640298747 0.16632072517451627
0.10153238412029562 0.08743097740068201 0.22541898859676301 0.13403127836097856 0.09451616445734812 0.0870071835007671 0.14943487303828507 0.1206281505248807
0.10321400846593792 0.07839881592958414 0.26129962578956245 0.13033315858733463 0.09149418308271341 0.07264861994650651 0.1453117454697596 0.11729984272860114
0.11920944054540057 0.08862439850930406 0.1995431415985019 0.09365463204703267 0.1394549878748002 0.1079039401941267 0.13922390077439484 0.1123855584564392
0.14041779499246926 0.10283780360347103 0.2051193448044682 0.10623315953107257 0.13174649938508873 0.09959350907604518 0.1184420450294197 0.09560984357796529
0.11088238311444747 0.07985505930605107 0.2507652522224851 0.1282095813014469 0.09804515572317328 0.07390982988918232 0.1429441152719117 0.1153886231713022
0.12104501301251437 0.08877236698288918 0.19604585131398114 0.09351107844838202 0.1413124397728867 0.10808945762294715 0.13901049870834103 0.11221329413805842
0.14098659429467802 0.10288643524092161 0.20387467870753365 0.10624932813882594 0.13226599420634466 0.09965250226630062 0.11846007182045222 0.09562439532494334
0.11104389537380653 0.0798871340144556 0.25028368969362036 0.1282496178287844 0.0981800577229556 0.07394219630837898 0.14298875301209246 0.11542465604590597
0.10425276272307472 0.07643620511077709 0.2698518840857501 0.1288189902585243 0.09127708539018456 0.06980242041824479 0.1436235607807726 0.11593709123267187
0.10228705530532599 0.0755719023303495 0.2771772909797038 0.12824191535790053 0.08949834857834753 0.06882559829439412 0.14298016533186816 0.11541772382211045
0.11865521881697122 0.0878811144219203 0.2041739681612733 0.09335720298135468 0.13846528892871687 0.10665681062045249 0.13878175249168548 0.11202864357762561
0.10648819081542459 0.07796339068096299 0.25126376307278264 0.12903841254881948 0.09983047394778947 0.0754129973806293 0.14386820025965397 0.11613457129393755
0.10327637887376992 0.07617064650213055 0.27031944752921905 0.12887395233225102 0.09162915887876293 0.07005901939351003 0.1436848393913306 0.11598655709902589
0.08054464561954142 0.130631069333362 0.13679827039835596 0.13862056211155396 0.09423598673354532 0.15880388827237468 0.09402090299740182 0.16634467453386473
0.07550810842908691 0.14260630114008152 0.10630948652923129 0.13678223881956508 0.09339586066810912 0.1884852775876125 0.09277404024283546 0.1641386865834781
0.10067709491917912 0.09189625029994587 0.21550471997038134 0.13453667851471446 0.09430741897960554 0.09199647015965932 0.1499983564932712 0.12108301066324302
0.11922122845346453 0.0931128000894713 0.1858660716642242 0.09422527949324128 0.14110366686702702 0.11332841151043108 0.1400722065302512 0.11307033539188951
0.1222971136846193 0.09197839830765234 0.17428465426597345 0.09248027854170508 0.15350621716442214 0.11699885837134544 0.13747814541423622 0.1109763342500461
0.12291317430269437 0.09161610990796712 0.17034998508366359 0.09229518832259331 0.15712503037963488 0.1177432896442408 0.13720299637209393 0.11075422598711197
0.1081967962168817 0.08048029389433796 0.2378427859769378 0.1298159255107717 0.10433832498320729 0.07775647126929368 0.14473506918887533 0.11683433295969453
