0.125 0.125 0.125 0.125 0.125 0.125 0.125 0.125
0.07575757575757576 0.12626262626262627 0.09090909090909091 0.15151515151515152 0.0946969696969697 0.15782828282828282 0.11363636363636365 0.1893939393939394
0.06379183862841928 0.10631973104736547 0.057412654765577345 0.09568775794262893 0.12758367725683856 0.24300351494275768 0.11482530953115469 0.19137551588525786
0.07295173961840629 0.12906846240179573 0.09118967452300787 0.16133557800224468 0.08754208754208756 0.1548821548821549 0.10942760942760944 0.19360269360269358
0.06521803259473326 0.10869672099122209 0.13043606518946652 0.21739344198244417 0.05685674636463925 0.11816301226608553 0.1137134927292785 0.18952248788213083
0.0627303594280482 0.10455059904674699 0.06325705698843082 0.09409553914207229 0.1254607188560964 0.24880000128397406 0.11291464697048674 0.18819107828414458
0.11011397037577109 0.08888718090574294 0.13764246296971386 0.11110897613217866 0.14708106560743103 0.10666461708689152 0.16517095556365666 0.1333307713586144
0.09512990116655108 0.07679160696577016 0.19025980233310216 0.1535832139315403 0.10566431469566494 0.06911244626919313 0.17123382209979193 0.13822489253838627
0.10874371284080693 0.08563567386213547 0.15342979952038874 0.10276280863456257 0.1359296410510087 0.12192928403668396 0.1631155692612104 0.1284535107932032
0.07067331403748925 0.12503740175863481 0.10093553014481738 0.1562967521982935 0.10344604605621702 0.1500448821103618 0.10600997105623387 0.1875561026379522
0.10152281764654028 0.07496387383480889 0.20846714111049172 0.14992774766961778 0.0829880898781767 0.08544790854588295 0.1659761797563534 0.13070624155812832
0.07789923410776059 0.11832263791260711 0.11480140323417323 0.14198716549512852 0.08874197843445533 0.17427324982561795 0.1064903741213464 0.17748395686891066
0.07494770070738642 0.11619365555508555 0.09975801008230857 0.13943238666610266 0.08714524166631415 0.2036582319905974 0.10457428999957702 0.1742904833326283
0.10788101707554615 0.08708467643447701 0.1472065245510743 0.10885584554309627 0.15202178440939906 0.10450161172137241 0.16182152561331922 0.1306270146517155
0.0918476292992047 0.07414206220538211 0.20917998256896794 0.14828412441076422 0.11103690082258078 0.06672785598484389 0.16532573273856846 0.13345571196968778
0.09952005034646821 0.07205251080369161 0.24659410788736508 0.14410502160738323 0.07976509132521009 0.07280301654225563 0.15953018265042018 0.12563001883720593
0.07674835149049423 0.11657056893469762 0.12800193149677855 0.13988468272163715 0.08742792670102323 0.17159717321209475 0.10491351204122788 0.17485585340204646
0.07419831184582963 0.11505793576678712 0.1053470389537399 0.13806952292014452 0.08629345182509032 0.20489469284811934 0.1035521421901084 0.17258690365018065
0.062177551435270595 0.11000643715470952 0.0634386944767045 0.0959030477759006 0.148243158332133 0.22001287430941904 0.10841214096406156 0.1918060955518012
0.06802734100239398 0.12035606485038935 0.0940658904936602 0.15044508106298668 0.10952908956691987 0.17500142424447487 0.10204101150359098 0.180534097275584
0.07849630584316022 0.15503048725699173 0.11364040708199807 0.17359759946083514 0.08856125683379618 0.1461277599349118 0.08830834407355527 0.15623783951475162
0.09925260302061528 0.07266388023900316 0.22856216236679927 0.14532776047800633 0.08044190242168847 0.08617189031635124 0.16088380484337694 0.12669599631415934
0.07624690751663497 0.11577475681242823 0.12825869542161342 0.13892970817491387 0.08683106760932116 0.17609944811526057 0.10419728113118541 0.17366213521864232
0.06732395494808865 0.13253137730489709 0.10702943956905933 0.1488895157505807 0.0971438308924234 0.167428530212121 0.100985932422133 0.17866741890069682
0.09785632373629172 0.0723374363377734 0.22941360971338054 0.1446748726755468 0.08008051560388425 0.08934939864923706 0.1601610312077685 0.1261268120761177
0.07590867138508894 0.1153651272203261 0.13002547404508272 0.13843815266439133 0.08652384541524456 0.1768624239410836 0.1038286144982935 0.17304769083048913
0.054488348448165524 0.0844504984007601 0.08038831639644016 0.10134059808091214 0.11004453955986447 0.24499778525493887 0.12160871769709457 0.20268119616182428
0.06541323678692423 0.125443319592942 0.09599122242547883 0.14466388904800553 0.099060988189913 0.19771082191874334 0.09811985518038636 0.1735966668576066
0.10071396885037881 0.09140384514660016 0.15196752104935493 0.10162403483396656 0.15045733681807716 0.13081349822529442 0.15107095327556821 0.12194884180075988
0.06565600899231198 0.12682082106596132 0.10933999875238716 0.14520078911761305 0.10900804389742373 0.17124937774469906 0.09848401348846798 0.17424094694113565
0.06983065871156789 0.13064214565148782 0.10142343464935016 0.14491242563270607 0.10040976307141067 0.18059823370378597 0.0982884278204441 0.17389491075924723
0.09403111646129698 0.08021542300544349 0.2145904791401289 0.14190900190828834 0.09940989671550583 0.08390803414815835 0.15821794690371851 0.12771810171745954
0.08064174149883903 0.06426587930152221 0.22384664144962732 0.1188882034089295 0.11109174379995916 0.08186464705444635 0.17673529939596086 0.1426658440907154
0.09064226148898655 0.07204331763291204 0.26268830337917365 0.13525089081956315 0.09717860524590027 0.06967616978210577 0.15079464991375174 0.12172580173760683
0.090016666015294 0.0713958987862209 0.2774027430430403 0.13296734388416853 0.0930227004465798 0.0672753728342076 0.14824866549473714 0.11967060949575169
0.10484808522339675 0.0831520795683301 0.2075436736813694 0.09682607801114006 0.14334943609525577 0.10415088559953471 0.14393846820760522 0.11619129361336807
0.1060874389053498 0.0839026002141228 0.18534831809172325 0.09656990454753132 0.1585594413787512 0.11009076225721368 0.14355764914827046 0.11588388545703758
0.07641632181134189 0.1232765219416204 0.11973984025605973 0.14167897373432026 0.1095508774362404 0.16322739241508538 0.09609530392414765 0.1700147684811843
0.09762693427394234 0.07812340319962983 0.22555541640698007 0.138851167681851 0.09954969593519404 0.0805186416509119 0.1548086899378249 0.12496605091366587
0.09730184550007002 0.07223436686952593 0.26429069227849494 0.13372263902054574 0.09416163888892048 0.06884767911746276 0.149090763206489 0.12035037511849113
0.11213423511591479 0.08276912959231524 0.20318752378481145 0.09625407051355282 0.1431829893088457 0.10387902642426888 0.14308814064402778 0.11550488461626339
0.09908659153531024 0.07218132345489221 0.2545058936518745 0.13286393376298622 0.10256236235045275 0.07108898393100445 0.1481333709267921 0.1195775403866876
0.09632925196492911 0.0709022837937318 0.27438228092865746 0.13192822200313412 0.09364830551920655 0.06698413384372735 0.14709012214379283 0.11873539980282073
0.09534803870006985 0.07037963224285802 0.2815153955414549 0.13109996346698666 0.09135979869592786 0.0661405285460879 0.1461666756863269 0.117989967120288
0.09497537445659182 0.07016879473036979 0.2840257222552753 0.13076317659493747 0.09069997737374483 0.06588891219629642 0.1457911834573407 0.11768685893544373
0.09483773803720064 0.0700906176542248 0.2849037778911294 0.13064016817924942 0.09049418204989051 0.06580332657339978 0.14565403825358103 0.11757615136132446
0.09478817235025562 0.07006266581271751 0.2852102852749825 0.13059650618530935 0.09042677494435071 0.06577338147691021 0.14560535838869565 0.11753685556677844
0.07556278179481245 0.12241868615273442 0.1421812691809155 0.14262073672119202 0.09610832789712082 0.1532292492812467 0.09673406490654764 0.1711448840654304
0.09947630813253658 0.07734176608274555 0.23394728247201116 0.13749430065389323 0.09597992809020076 0.07871965951972344 0.15329588446038545 0.12374487058850392
0.10060882932197439 0.07164130353581658 0.2668012807879412 0.1326518117191748 0.09284743398429685 0.06816583942559323 0.14789687067794563 0.11938663054725732
0.09959341717011971 0.07032522098824018 0.2782318211867887 0.13086621098686071 0.09111821451191617 0.06617946615269846 0.14590605911520144 0.11777958988817465
0.09899956755350839 0.06992884029907069 0.2822086098368568 0.1302741680798713 0.09041092177908568 0.06568516572350817 0.14524597545621473 0.11724675127188419
0.09875322247808012 0.06979865911090372 0.2835955398167317 0.1300750856023263 0.09014841147850935 0.06553749112070177 0.14502401335065335 0.11706757704209368
0.09866087982951215 0.06975441888935695 0.28408003102420565 0.130006867729565 0.09005448318598401 0.06548918287135728 0.14494795551341053 0.1170061809566085
0.0986275909663126 0.06973914646884692 0.28424942237556927 0.12998323230564243 0.09002134955211495 0.06547274547686117 0.14492160377957444 0.11698490907507819
0.11563481511397887 0.08176844079076617 0.20835901143466526 0.09525373311384698 0.14072470174939533 0.10235374614820633 0.14160107191252477 0.11430447973661638
0.11908246954953768 0.08251162703029666 0.18408144198156617 0.09495622422541923 0.15599266209223256 0.10826930108250811 0.14115880496793665 0.11394746907050306
0.10668083475154853 0.07193489737073724 0.2459737406093145 0.1323295941947079 0.10504117705812159 0.0714054990560842 0.14753762218424893 0.11909663477523709
0.08150179264369692 0.12233266958575816 0.13359830904615336 0.1422114165265319 0.09897297964954782 0.1542726936810865 0.09645643903538688 0.17065369983183828
0.07688769431773505 0.1275076718545318 0.10836490065621539 0.14151082421692932 0.09696028330782651 0.1829743819001816 0.09598125468626509 0.16981298906031514
0.11544058620164985 0.08861007557743332 0.15611877255160642 0.0978967503856342 0.14634813118158216 0.13257948903621092 0.14553009460312188 0.11747610046276104
0.10682355569330652 0.07297372743275148 0.2354945046916963 0.13344776638658967 0.10399374393752872 0.07837941137768538 0.14878430073251117 0.12010298974793071
0.137381858326576 0.09412116041756084 0.221406710767749 0.10928654299231141 0.12482557979262023 0.09277391928583859 0.12184633972426362 0.09835788869308026
0.08605052398912666 0.12258441266723528 0.1266650495474302 0.13920004905539854 0.10150111297990004 0.16254484657859544 0.09441394631583554 0.16704005886647824
0.09010044659516757 0.06683605195307335 0.19654618501428028 0.11860217074327493 0.11201103633922752 0.09727141183573032 0.17631009262731617 0.1423226048919299
0.10250295011595523 0.07149361925958658 0.25264627958660546 0.13370160922515736 0.09684744084781875 0.07340933610821634 0.1490673165540187 0.12033144830264161
0.10304631822677512 0.07021960426552586 0.2723753235137049 0.1306212165157182 0.0918866595839256 0.06865887446715682 0.145632908563047 0.1175590948641464
0.10245797318449489 0.06961493312607132 0.27929945156154157 0.12962532503407234 0.09028243347884073 0.06753452720304216 0.14452256388127172 0.11666279253066512
0.10209294369979524 0.06939914670731175 0.2817328847291679 0.12928965504551282 0.08975614292206974 0.06722022046115415 0.14414831689402696 0.11636068954096154
0.10193248107899254 0.06932447141426495 0.2825897537151645 0.12917437816359906 0.08958027543134546 0.06712190807594885 0.14401979177344548 0.11625694034723916
0.10186947857302592 0.06929853717823502 0.28289192649426914 0.12913431993506053 0.0895205241876911 0.06708919585211887 0.14397512983804509 0.11622088794155448
0.08115036336436697 0.12100455542334054 0.14093244502026586 0.14093180289770124 0.09508418057673035 0.15618996205756483 0.09558852718278868 0.16911816347724148
0.10239136237001716 0.07665394419575222 0.23212823656436757 0.13623724653226602 0.09518112012210803 0.08290020541166954 0.15189436292478017 0.12261352187903941
0.10379821018699274 0.07114663930836228 0.2651929995409643 0.13172173572628548 0.09225198475682017 0.07047896297238782 0.14685990535453025 0.11854956215365695
0.08159138766584324 0.1214478317988108 0.13719707635367273 0.1412227872600571 0.09578790118793111 0.15749978053218647 0.09578589048943005 0.1694673447120685
0.10273522872372287 0.07676934734056286 0.23069327055941816 0.1363903435642118 0.09542597788466607 0.08316946802937951 0.15206505469024806 0.12275130920779062
0.0816751583965581 0.12242802012904598 0.12980942581113292 0.14164895751891854 0.09661305797492423 0.1617716860469296 0.09607494509978824 0.16997874902270224
0.10300486737108544 0.07703031452470911 0.22790950669047486 0.13674340732272253 0.09582522289594093 0.083958920171671 0.15245869443294585 0.12306906659045026
0.10422659492732715 0.07126451272348454 0.26364749416129724 0.13189571105023906 0.0924947948983388 0.07071087743659268 0.14705387485750532 0.11870613994521513
0.08179700510244596 0.12146045516046895 0.13686326677706187 0.14122070184544686 0.09583865309901393 0.15757059976672305 0.09578447603430307 0.1694648422145362
0.11652644058577222 0.09423333742791637 0.16352970939746678 0.0964418241405056 0.14430972620071256 0.1258615242582086 0.1433672490208113 0.11573018896860672
0.10782924326991787 0.0775678890606089 0.23711179025053677 0.13196760466256552 0.10280566068398263 0.07681293700602478 0.1471340308700544 0.11877084419630897
0.10436581461043311 0.07451370657878607 0.2659258183963739 0.13037529093935518 0.09305155042926044 0.06907133730231427 0.1453587198980572 0.11733776184541966
0.11986621774941314 0.08576162900599002 0.20155651578168735 0.09422199234793326 0.140550698813924 0.10490923551556 0.14006731996797242 0.1130663908175199
0.14140562518738456 0.09953139516497721 0.20688932620381145 0.10720023880484912 0.1328139328049318 0.09615900066009611 0.1195202662495855 0.0964802149243642
0.14687005160545186 0.1010229407530616 0.20768920421168557 0.10631879333550548 0.12994851404862567 0.09392606171293486 0.11853752033078 0.09568691400195492
0.08763795253471328 0.13096432564659286 0.12275150100015014 0.13748413602823295 0.10165526702677899 0.1612757448757202 0.09325010965393192 0.16498096323387954
0.07743713285597462 0.1373017281752315 0.10425659030920986 0.13836283817430475 0.09578787190753171 0.18697233383296633 0.09384609893561542 0.1660354058091657
0.10203746714566485 0.0852209310012512 0.2163430066711944 0.13618933717823814 0.0956131669329065 0.09018474003996667 0.151840947570364 0.12257040346041433
0.13786380579497484 0.1007848513499568 0.2142671267466103 0.10891456258855646 0.12239252814875029 0.09632240970764194 0.12143160933380848 0.09802310632970081
0.14573338523200421 0.10112933474390921 0.2102435281377309 0.10620364324454556 0.12708529699487278 0.09561239615419626 0.11840913657265005 0.095583278920091
0.11225114267026963 0.07668733851838673 0.2533075861719212 0.1287272121738448 0.09728577422964484 0.07236522021400692 0.14352123506546577 0.11585449095646032
0.09476342302992456 0.146435975895397 0.15350208887473182 0.160244310022347 0.08261383143523285 0.1367049079282778 0.08151558379397651 0.14421987902011227
0.1042432078306895 0.08493067682050091 0.23497136470399327 0.13381184029173152 0.09135543112119095 0.08106660700228563 0.14919021596704987 0.12043065626255835
0.08124593176065384 0.12946925377144963 0.12973860708443194 0.13992632904175956 0.09482977067651817 0.16197195920414298 0.09490655361093257 0.16791159485011145
0.1021492962691205 0.08361815192536841 0.22629003354514668 0.1351796183640057 0.09470738096717332 0.08567867595693522 0.15071518644464513 0.12166165652760512
0.10369137428148331 0.07557785225749795 0.2622150226819341 0.13098940819826438 0.09184471164071209 0.07174774874957537 0.14604341481209476 0.11789046737843793
0.1027645573277838 0.07365948615513356 0.2749926474975478 0.12923612653958347 0.09015379582683095 0.0687922361629148 0.14408863660458038 0.11631251388562514
0.10212142794099151 0.07309967052504708 0.2795101522320999 0.1286224359865346 0.0894309242971777 0.06805077919453469 0.14340441743573337 0.11576019238788116
0.08076907526702451 0.12676564488182573 0.13935647131203166 0.13952205197176593 0.09428769584457233 0.15724025006276743 0.0946323482938934 0.16742646236611908
0.11591357713203873 0.09460564903565641 0.16376603291481495 0.09595862576298908 0.14327771555343183 0.1286791065064714 0.14264894217901064 0.11515035091558688
0.10764593483981913 0.07744578742992798 0.23687338897923446 0.13159504543469533 0.10243521601161408 0.07885043127957662 0.14671865513390656 0.1184355408912258
0.1385275389145222 0.09877133194642904 0.22043052349268177 0.10799530309833606 0.12330337954639947 0.09336944660946167 0.12040670360366722 0.09719577278850246
0.14569912722234485 0.10062058765410398 0.2121761389010975 0.105986493350248 0.1271077963036659 0.09485498190759238 0.11816703064572426 0.0953878440152232
0.08719139623904508 0.1304465160591049 0.1233973725364977 0.1369583769118666 0.1007616057787986 0.16400117236196377 0.09289350781848345 0.16435005229423993
0.10350169599780085 0.08374208130433874 0.2234578424311161 0.13511279815935318 0.09592683559547693 0.0860165412654562 0.15064068690304006 0.12160151834341787
0.1204985841261535 0.08759149809726278 0.18899384679664102 0.09486256479394622 0.14227242819404562 0.1109264263067222 0.1410195739324932 0.11383507775273546
0.10777331570170488 0.07592122841908185 0.24623779434240783 0.13041135041743204 0.10138637695908981 0.07550079525948775 0.14539892352510705 0.11737021537568883
0.10404052441752282 0.0739670426554922 0.2689964613267131 0.12969584262186365 0.09237209310409061 0.06960059178548778 0.14460118572915245 0.11672625835967729
0.09003520828284374 0.06430736074765041 0.24342487945005967 0.11310233432803915 0.10535341752593308 0.07991978206775696 0.16813421640407014 0.135722801193647
0.10063059977260591 0.07297461160668 0.26869781665638043 0.13051120625500984 0.09359811300065976 0.07061731174707715 0.14551025533207815 0.11746008562950887
0.08056989164735465 0.1268549657291798 0.13705743088951547 0.13968213347502367 0.09522395230933742 0.15825214046606634 0.09474092531349432 0.16761856017002838
0.10176046723188811 0.08310147222226959 0.22908811292824452 0.13485075832911625 0.09456914821240438 0.08491582653233559 0.15034853204753706 0.12136568249620461
0.11998423940977189 0.08744910171674519 0.19069700208783733 0.09480063794782045 0.1417735208635642 0.11060721692041502 0.14092751551646143 0.11376076553738454
0.1231697186978106 0.0868392410635681 0.17662013638578103 0.0932484397276107 0.15450623385935403 0.1150980339827424 0.13862006861000037 0.11189812767313284
0.10860198733868884 0.07597241948437314 0.24124140756652335 0.1306201004553102 0.10408341346483319 0.0762909170415119 0.1456316642389802 0.1175580904097792
0.08192975344933334 0.12745353425835285 0.1310763708991041 0.13966784495278203 0.09737829444785838 0.160161554081257 0.09473123396797391 0.16760141394333844
0.10213564832113377 0.0832316578490464 0.22656707436042606 0.13489060275464032 0.09507585473816567 0.08630466388887971 0.15039295560853178 0.12140154247917627
0.10361756030684471 0.07546903070725604 0.26221680855845264 0.13085601469290867 0.09185206565915259 0.0723234158434051 0.14589469100836233 0.11777041322361781
0.09303299612222807 0.14613267377046918 0.15565057684862962 0.16025105315485838 0.08162744168500352 0.1375602965832715 0.0815190139961671 0.1442259478393725
0.10372557331975553 0.08478923938440308 0.23568741835228224 0.13359609534000452 0.09103861497403021 0.08197689637727645 0.14894967644624382 0.12023648580600407
0.10365488936504581 0.0754207444350697 0.265497312795982 0.13042627249553523 0.09077201118454213 0.07142956394923926 0.1454155605286042 0.1173836452459817
0.10260180212796333 0.07351723477868244 0.2760955858163015 0.1289948546532415 0.08980223443758259 0.06907328254163744 0.14381963645667373 0.11609536918791735
0.10200790814723631 0.07301705263264924 0.2798432225874361 0.1284887098264018 0.0892897364584655 0.06845820875729998 0.14325532274674943 0.11563983884376158
0.10175287846493344 0.07286343226236443 0.28117065528685603 0.12831429802222616 0.08907815012231424 0.06827685102040214 0.1430608666008999 0.11548286822000356
0.13565006881357894 0.0971634443982767 0.23489535260654903 0.10696635600743783 0.11876202193363919 0.09103353144941212 0.11925950438441202 0.09626972040669403
0.10930812524104241 0.07571097276058153 0.2626636400191053 0.12787444840698906 0.09500443261095522 0.07178091029052773 0.14257046710450866 0.11508700356629015
0.1208463098734249 0.08557393283461283 0.20001580457388435 0.09376923591238656 0.14063186213497655 0.10724550445833307 0.13939426711751793 0.11252308309486388
0.10738896010822131 0.07532319531867465 0.2501833041461783 0.12974935760531173 0.10063179495478529 0.07528811508000668 0.14466085094204156 0.11677442184478055
0.10377228383447902 0.0737510302334726 0.27033871038245677 0.12941497310549943 0.09205789038666111 0.0699035990836634 0.14428803717881802 0.11647347579494949
0.11949434484367823 0.08535651622409854 0.20251471481434527 0.09384605165158533 0.13980498264551558 0.10685966896577163 0.13950845887310298 0.11261526198190239
0.1070259849829296 0.07525457541728488 0.2511565190328536 0.12967811409866067 0.10040825753587933 0.07518482649479195 0.14458141974880526 0.11671030268879462
0.09369236686183101 0.1460362210730714 0.15291098492617927 0.160177376355102 0.08313977810553459 0.1384020990302249 0.08148153492846495 0.1441596387195918
0.10352102600623671 0.08903325659860063 0.23383678713720438 0.13290939463775808 0.09102028914068697 0.08187673489597083 0.14818405640956012 0.11961845517398226
0.10339766769384576 0.07844560683662981 0.2643821504322709 0.1300035615928138 0.0905720557144086 0.0712514828788393 0.14494426941765956 0.1170032054335324
0.08984289961235563 0.06677392595783053 0.24169288675935305 0.11289878350056973 0.10484742276368235 0.08063391677781238 0.16783162442771263 0.13547854020068367
0.11648496038575305 0.08715775581765871 0.19411562436390317 0.09436936774863951 0.14438350777280673 0.10995913921340124 0.14028640339947007 0.11324324129836741
0.10639931266334006 0.07815836338432924 0.24762109013992936 0.1295985532163259 0.10139082777652177 0.07570043962247903 0.14449271530238128 0.11663869789469333
0.10341528430845447 0.07632454207014543 0.26906137028177546 0.12911194215182797 0.09208058593036753 0.06985534704105924 0.14395018027972464 0.11620074793664519
0.1021720375596989 0.07561136111951264 0.27695902153331653 0.12835706952092302 0.08971885502747518 0.06855173904019897 0.14310855363004402 0.11552136256883072
0.08040124371079999 0.13056477707038383 0.13831164326895032 0.13870699202328554 0.0938953615675934 0.1575920669065549 0.09407952502448932 0.16644839042794263
0.10118369998285096 0.08720035917057974 0.22865882222692627 0.13389110718114489 0.09382218826192973 0.08546323408023157 0.1492785926333063 0.1205019964630304
0.11939378300442648 0.09071925756906478 0.1900696913597999 0.09431285866237045 0.1410091197294161 0.11111746043273307 0.14020239884734473 0.11317543039484453
0.10717008033071004 0.07879202848159353 0.24607491429860498 0.12974607372508068 0.10082062410758191 0.07596762304320658 0.14465718966064964 0.1167714663525726
0.10363462585235086 0.07645753912850038 0.2684993738536052 0.12917923792506997 0.09201166628732566 0.06993103277576834 0.1440252100448168 0.11626131413256297
0.0806797315882746 0.1308337255180485 0.13649924907094504 0.13877881087898747 0.09440291428277611 0.15814275866217453 0.09412823694400889 0.16653457305478495
0.10129988467673075 0.08728731325406758 0.22795330444245135 0.13396334389454578 0.09397481061834495 0.08559520243081946 0.1493591311779488 0.12056700950509121
0.10312732374963293 0.07835339867713137 0.2622974982700223 0.13031135237317482 0.09135601866986909 0.0719867579560113 0.14528743316830087 0.11728021713585733
0.13621130019288868 0.1012787700715697 0.22837683758923083 0.10704868327383615 0.11949583960262955 0.0918934611807722 0.11935129314262029 0.09634381494645253
0.10936746673380573 0.07921339157789864 0.2597783437882522 0.12760428387242076 0.09508102049475652 0.07184238423769 0.14226925380999747 0.11484385548517868
0.10363269006984632 0.07615070556905996 0.27337178061272366 0.1285090556603147 0.09044388334794448 0.068955727812611 0.14327800683321654 0.11565815009428324
0.10207438969565598 0.07547440771728336 0.2784895067959424 0.12815623826456807 0.08926761080849484 0.0683125905133285 0.14288464176661542 0.11534061443811125
0.1354113508184213 0.10032221566185015 0.23356138603347126 0.10660395225156401 0.11850952320618165 0.09079256376043492 0.11885545124166912 0.0959435570264076
0.09755858968628292 0.15482943796825277 0.14636560987872999 0.15615433296008788 0.08477529563324472 0.14034280396440832 0.07943503024491427 0.14053889966407906
0.10442230523046347 0.09042957016599103 0.23098369159944565 0.1328631012085281 0.09137072206105137 0.08222137595614301 0.14813244269070222 0.11957679108767529
0.08079322274903078 0.13444704673660562 0.12825153820501614 0.1388846998595988 0.09425313742236169 0.1625086578997926 0.09420005729607572 0.16666163983151858
0.11536642698917166 0.10001937032556547 0.15954305443467223 0.09533505452777813 0.14261498977831658 0.1309970768549428 0.14172196165621942 0.11440206543333374
0.10729106226110977 0.08100139208980463 0.23457900926274555 0.13106220241026362 0.10211237418918843 0.07987340269158061 0.14612457492607003 0.11795598216923728
0.12055145644234178 0.08931164207154424 0.19142365178741697 0.09392458479233583 0.14307076664135895 0.10938319285275687 0.13962520366144252 0.11270950175080298
0.10734979428825124 0.07851378894348744 0.24651284270007376 0.12962983044575507 0.10116364486694485 0.07563566427523491 0.1445275870790732 0.1166668474011796
0.09335458385897216 0.15081007108309888 0.1512205626183064 0.1593351355480319 0.0829140492304246 0.13791088497611245 0.08105309069182492 0.1434016219932287
0.10347059163370818 0.08979613206804044 0.23313984536771548 0.13293054546665797 0.09099641641513866 0.08182134012338381 0.14820763800536343 0.11963749091999216
0.09261674123030415 0.1542483417203808 0.1478519220508352 0.15953445095643007 0.0811330096977207 0.13988004691005368 0.08115448157348835 0.14358100586078706
0.1180545039571043 0.10322386722765535 0.16542445239716042 0.09495205206131092 0.13810146284093783 0.12514859627648864 0.14115260276576966 0.1139424624735731
0.09453197940859845 0.15648782413876514 0.12990954030308127 0.15727645107201937 0.08865739674289984 0.151582155520139 0.08000584684967943 0.14154880596481742
0.10428214684758724 0.0911578977395315 0.22468171233502254 0.13359406241701316 0.09264956963199739 0.08445254496471717 0.14894740988881916 0.12023465617531184
0.10385515580990971 0.07898964623364337 0.2610286781211635 0.13039125584540903 0.09115149613345179 0.07185511801865818 0.14537651957689635 0.11735213026086815
0.11944616498896682 0.08878667713203224 0.19954563704169923 0.093729056021138 0.13943730234799692 0.10724575823227366 0.13933453701052753 0.1124748672253656
0.12242309905193702 0.08965141706962108 0.17872142587176354 0.09260171104097972 0.1530635440675627 0.11475808666863833 0.1376586629803221 0.11112205324917566
0.10803971655298046 0.07875235641698883 0.24144481450923086 0.12990035525895738 0.10344805972581456 0.07667517574559124 0.14482920205737487 0.11691031973306165
0.10395261753073344 0.076545517251501 0.2667750819234309 0.12934130790933848 0.092645549513701 0.0701268427703892 0.14420590598250124 0.11640717711840462
0.10236016719592793 0.07569784857924512 0.2761325345521296 0.12845257968269835 0.08989252831883579 0.06864197962393517 0.1432150403327995 0.11560732171442852
0.0804375981688933 0.13059431582063719 0.13813630333170612 0.13871673957044603 0.09393607587997417 0.15763274333950536 0.09408613640430254 0.16646008748453525
0.11506985262691366 0.09916926847521894 0.1624685629425249 0.09514286401060407 0.14226821009957225 0.13027354748831946 0.14143625754412187 0.11417143681272487
0.1402334689155407 0.10576014406428476 0.19284393798991992 0.1071036145825402 0.13346178718663299 0.10479125668432147 0.1194125374524739 0.09639325312428616
0.11128180900982987 0.08063222288250264 0.24621197460424116 0.12877626432603054 0.09878388860936196 0.07483927812006179 0.14357592455454446 0.11589863789342746
0.1212609174223166 0.08899825954430757 0.1947403615017402 0.09362002905778642 0.1416749342071626 0.10818900229054391 0.13917246110679893 0.11234403486934369
0.10736461891370705 0.07835371145730241 0.24769475842800218 0.1294207762516299 0.10074946443118306 0.07564346463802565 0.14429450725368287 0.11647869862646691
0.08124722974796013 0.1311991625816846 0.13187515030459449 0.13864507003761617 0.09612473957412178 0.16049703794423945 0.09403752576464401 0.1663740840451394
0.11531596489430054 0.09930801400437786 0.16049859867026628 0.09517291735877487 0.14299260815817344 0.1310234622188909 0.14148093386468624 0.11420750083052986
0.10720694381811316 0.08083212819166168 0.23486812937380322 0.130940754531198 0.1021244141033293 0.08019178129962999 0.1459891696041864 0.11784667907807819
0.1040005826778744 0.07703478038875694 0.2644291636505382 0.12965244506009826 0.092589577681951 0.07105344930028469 0.14455280068640805 0.11668720055408843
0.09262057582412081 0.15025255526517017 0.15556548172527335 0.15919772581058655 0.08132079117200026 0.13678172601750085 0.08098319095582013 0.14327795322952788
0.07758451856919804 0.14767517069559882 0.11036764710156724 0.13673019859041702 0.09079433481546616 0.18003314852749108 0.09273874339176112 0.1640762383085004
0.10128120103538558 0.09052679589300323 0.21757821253453372 0.13482821713608606 0.09387583020747939 0.09024094747154743 0.150323400299487 0.12134539542247745
0.08020013352870178 0.13439461882672482 0.12525199798309572 0.13884299148425142 0.09471181543561581 0.16581508482336432 0.09417176813714445 0.1666115897811017
0.10146955764900091 0.08808714774154976 0.22347602115033577 0.13430663438117332 0.0942994212883502 0.08774337239468843 0.1497418744518455 0.12087597094305602
0.10327793759565806 0.07855916086456895 0.2606149660456094 0.13044525057632905 0.09152050654885131 0.07274473317787258 0.14543671967241464 0.11740072551869617
0.1024226030037619 0.07615945395473507 0.27395760617906956 0.12873604943226558 0.08985626839726307 0.06947448659475788 0.14353108794910802 0.11586244448903903
0.10178764443677842 0.07545779814101551 0.2787065773382697 0.12811918517330576 0.0891320897024144 0.06864610821722701 0.142843330335014 0.11530726665597518
0.11851693831411164 0.08785325542732228 0.20464405630493654 0.09334873181389704 0.1383405173242387 0.10650886310651664 0.13876915953230065 0.11201847817667643
0.10645251508254634 0.07795683105476442 0.25145746691725046 0.12903891697855216 0.09980032947290152 0.07529015255212622 0.1438687626611619 0.11613502528069694
0.10326941572336304 0.0761711170613074 0.270400011405609 0.12887927095123278 0.09162412324485904 0.06997394850293576 0.14369076925458338 0.11599134385610949
0.10206878590479672 0.07553115905008026 0.27739986803115435 0.12824369333217564 0.08956476710913687 0.06879025493319778 0.1429821476405003 0.11541932399895807
0.11860752279741599 0.08788078374199823 0.2042532328492387 0.09336624421721425 0.13849546856273012 0.10656206187470788 0.1387951928960379 0.1120394930606571
0.14013845511342787 0.10261175979872121 0.20670919640553442 0.10615049903723905 0.13139721370528681 0.09910754205878661 0.11834988474748892 0.09553544913351514
0.11077701675439791 0.07979028039949283 0.25137882344677 0.12816348837208819 0.0979370158641783 0.07371351053274601 0.14289272509544754 0.11534713953487935
0.0817926614649514 0.13148533496555795 0.13263237517775234 0.13852370304150674 0.09548680113975837 0.15989547328033873 0.09395520728032632 0.16622844364980807
0.07571525059256788 0.1428142339683357 0.10541946643651326 0.13677609551369638 0.09364465547451363 0.18872910991908262 0.09276987347885494 0.16413131461643565
0.10096794788429127 0.08987413642749181 0.2155665755685824 0.13496194082800017 0.09457350597024591 0.09211765433959704 0.1504724922365912 0.12146574674520012
0.08010596104315315 0.13415769740020894 0.12476101527545407 0.13876656751832908 0.09480788363471573 0.16676106135458169 0.09411993275156236 0.16651988102199491
0.13236143588351945 0.11764769342037605 0.1821079566914607 0.10943810870823416 0.12307359949249577 0.11486158377985989 0.12201532418664314 0.09849429783741073
0.09652267115557209 0.16277971993208568 0.1329781674676062 0.15544541622904243 0.0852136225515748 0.1480851206719025 0.07907440738607811 0.1399008746061382
0.10428286746604765 0.09432439778523526 0.2251993456366944 0.1328094771533583 0.09153258130310506 0.08425014534655383 0.14807265587098306 0.11952852943802249
0.08048717844664731 0.1373951816866616 0.12663033296041687 0.13829578811317492 0.09395049344897281 0.16348545810546763 0.09380062150284908 0.16595494573580988
0.10126274510127418 0.09048673880579994 0.22358199145333993 0.13383595802453693 0.09390114153754492 0.08726195741612375 0.14921710543929714 0.12045236222208325
0.07999086375260736 0.13635072219555883 0.1262994978969457 0.13836609492927682 0.09446889201179356 0.16463630743361082 0.09384830786507471 0.16603931391513216
0.11475110517566223 0.10245150442273372 0.1584227862058969 0.09489504528007786 0.1421985415461429 0.1323391046767398 0.1410678583566531 0.11387405433609343
0.10696943025678171 0.08281017532219356 0.23374527098946488 0.13068697934509688 0.10187419134742472 0.08058944211832068 0.1457062292101304 0.1176182814105872
0.10384291819633178 0.07849436259324927 0.26379155184153114 0.1294356166208799 0.09244390297511117 0.07118853965619862 0.14431105315790638 0.1164920549587919
0.1022877387686985 0.07711944256067058 0.2748464779925236 0.1283119988169935 0.08980537206610431 0.06908986770106737 0.14305830315864798 0.11548079893529416
0.11854652224963012 0.08940724991896615 0.20333225563140653 0.09322879577674749 0.1384260834061795 0.1065936715273008 0.1385908665576724 0.11187455493209697
0.09436618912425093 0.1545470196409846 0.13902908332978176 0.15656984679684618 0.0884867744839826 0.1464418241799009 0.07964640032709132 0.14091286211716153
0.10365342986240397 0.09278442250762182 0.22764743472734786 0.13265207937888415 0.09208315368387199 0.08389543930032763 0.14789716909854694 0.11938687144099572
0.10342733228566256 0.08040651749004814 0.2618011199275569 0.1299008035340995 0.09077734598138212 0.07194645574985635 0.14482970185070496 0.11691072318068954
0.08042803045473294 0.1335702492226331 0.13474491669149136 0.13834321216852108 0.09389044792920807 0.1591785015473217 0.09383278738386647 0.16601185460222528
0.07521797717369459 0.14626682682646572 0.10553224244688995 0.13619492120749913 0.09300015683806069 0.18797828436982641 0.09237568568856462 0.16343390544899894
0.07384530310010097 0.14885438457815686 0.09869756182721512 0.13525588335599295 0.09221329406346755 0.19708773998902762 0.09173877305884738 0.16230706002719153
0.10046387959874406 0.09314469755071857 0.21237674120916206 0.13473342867861485 0.09422530082641488 0.09357814808242018 0.1502177182431721 0.12126008581075337
0.10327018012128401 0.08090121431604687 0.2563138460417657 0.13065713090434194 0.09169458251281742 0.07389867786365191 0.14567295042618422 0.11759141781390774
0.08040909686444705 0.13373009868134747 0.13355272532454388 0.13838190783138407 0.09409176771723878 0.1599170810455694 0.09385903313780834 0.1660582893976609
0.1010444039996159 0.08968058065912994 0.22629336233492517 0.133568978451994 0.09374429465169218 0.08653685615608767 0.14891944313976047 0.12021208060679461
0.07995025969429591 0.1361155659833879 0.1268850018766907 0.13835071623886072 0.0944325254639623 0.16440719415502933 0.09383787710114032 0.16602085948663284
0.10113409561800987 0.09026211578770325 0.22368552355868362 0.13382658154310897 0.09399454226421981 0.08744656647723391 0.14920665136224237 0.12044392338879807
0.10304699596546006 0.08012742613906176 0.2604457518230255 0.1301582798608737 0.09131741472241028 0.07264491087397557 0.14511676874040694 0.11714245187478632
0.08036626661888621 0.13349912659245683 0.13445184912642322 0.13835805064953277 0.09400756839430138 0.15944462609405982 0.0938428517449005 0.16602966077943931
0.10091794038575376 0.09050003747786096 0.22647747671889612 0.13337093114506748 0.09362290925310379 0.08637823181656996 0.14869863517218715 0.12003383803056074
0.10284137577659772 0.08066761325437809 0.2613562179870562 0.12991174152095097 0.09110165101425387 0.07235893618813062 0.14484189688977667 0.11692056736885585
0.08024911807104969 0.1344632519127139 0.13454692762978912 0.1381770031503817 0.09386485370632296 0.1591663874385909 0.09372005431069369 0.16581240378045803
0.07506129865430405 0.1478528810526138 0.10533125131173264 0.13591837297439738 0.09284306631957816 0.1877029682745928 0.09218811384350431 0.16310204756927685
0.07367654703190234 0.1507497335549618 0.09847665624875873 0.13494382596320414 0.09201035466459538 0.1966831746404726 0.0915271167402602 0.16193259115584493
0.10031466115296338 0.09447997706833447 0.21206338164231892 0.13453345113089737 0.09408694562295651 0.09344671916355694 0.14999475820116467 0.12108010601780764
0.10317633849626198 0.08173137926465215 0.2560797892074475 0.13053990355285397 0.09161163140545651 0.07383279419817426 0.14554225067758492 0.11748591319756857
0.10236405391633457 0.07838623648742025 0.2720433588595123 0.12859564888752648 0.08983655227559184 0.06966351375546409 0.14337455181937653 0.11573608399877386
0.08015128043757021 0.1337523130775045 0.13686878345873602 0.13810791975393566 0.09358178167281885 0.15813522014856438 0.09367319774614766 0.16572950370472275
0.10078975954140208 0.09047593939596507 0.2274051399634634 0.13326026708032587 0.0934627200547518 0.08609668059328589 0.14857525299851257 0.11993424037229328
0.1027825180961177 0.08063933743806923 0.2616951082549596 0.12987002515086435 0.0910425934323299 0.07229200874158939 0.144795386250292 0.11688302263577792
0.08023778822160738 0.13445266651803955 0.13461934369623885 0.1381736657072774 0.09385116863628694 0.1591391777181852 0.09371779065363163 0.16580839884873289
0.10087565723503508 0.0906597488594552 0.22652807442123202 0.13334953984960776 0.0935791657106445 0.08631844258526349 0.14867478547411492 0.12001458586464699
0.10282979223366653 0.08069356982257359 0.2613739350564731 0.12990836877319994 0.09109094225833661 0.07234772343213841 0.1448381365277319 0.11691753189587996
0.08024688072718843 0.13447053489521965 0.13455044519421233 0.1381764974734527 0.09386235126650005 0.1591617821454634 0.0937197113298201 0.16581179696814324
0.10087831075573549 0.0906636771274464 0.22649857366935797 0.13334961416856442 0.0935820642804604 0.08633823891252189 0.1486748683342054 0.12001465275170799
0.1028304614571002 0.08069428437604911 0.2613618051828875 0.12990798804645387 0.09109157283477845 0.07235898681509999 0.14483771204582244 0.11691718924180847
0.10211320011170971 0.07807156114167356 0.27393722129120274 0.1283565573407961 0.08957901198321165 0.06931356393726473 0.1431079825874249 0.11552090160671648
0.10154164264780415 0.07729894087483244 0.2784292050510416 0.1277891818288257 0.08891413404553968 0.06854123067297921 0.14247540123303404 0.11501026364594316
0.10127076571712366 0.07705333154437755 0.28003282924494705 0.12758894127565 0.08865433993738944 0.0683175971728592 0.14225214795956798 0.114830047148085
0.07993525235433688 0.13330489150133798 0.13858171394035385 0.13802871503997044 0.09330277019855743 0.15759272262949886 0.09361947628797995 0.1656344580479645
0.07502212457606369 0.14754579663348424 0.10620794690430314 0.1359390979097275 0.09274650307974375 0.18720944264884165 0.09220217075616301 0.16312691749167302
0.1004331754531336 0.09371314133094596 0.2152062616450503 0.13429832527070873 0.09405738032661891 0.09169061281614435 0.14973261041376032 0.12086849274363785
0.10309989312511367 0.08151611904170906 0.2572326508435817 0.1304022126100801 0.09151417972884765 0.07348421774976018 0.14538873555183554 0.11736199134907206
0.1023084835037223 0.07831893957527418 0.27245620088688255 0.12854239564693967 0.08978295964386283 0.06958768623082794 0.1433151784302447 0.11568815608224571
0.10163253844431577 0.07737873343106658 0.2778998064144585 0.12785521314163073 0.08899685890454032 0.06861813661741882 0.14254902121910173 0.11506969182746768
0.0800057994848169 0.13341657032602902 0.13812573816006093 0.138050978370963 0.09338374468037292 0.15772141829838324 0.09363457663421838 0.16566117404515557
