0.125 0.125 0.125 0.125 0.125 0.125 0.125 0.125
0.5766459053209464 0.14548362652934368 0.04432563827317518 0.010565481263403377 0.1644597517288233 0.043581119528098455 0.011943587515151642 0.002994889841057972
0.7056857410698154 0.07261432710193483 0.0803398651844273 0.007991159062228673 0.10861244179976257 0.011586119679135353 0.011943396547447976 0.0012269495552477655
0.40044899849110804 0.26526983317250824 0.024322936190791213 0.015815482967464576 0.16660877887589115 0.11142596582293422 0.009736518044765637 0.0063714864345371745
0.6199190842730098 0.15602044414764057 0.06557999194948268 0.01578479806642245 0.10276173729510167 0.026917116429261777 0.010413088743881747 0.0026037390951992208
0.5486245499461214 0.17074711356237862 0.05276741180422886 0.015925600016380218 0.14770732251990443 0.04657637078378887 0.013532671085580865 0.004118960281616679
0.63388318892428 0.14465854825946192 0.07205866784786448 0.015855453595419424 0.09736801211922166 0.023063262261307116 0.010681697627282768 0.0024311693651626644
0.5391233519529179 0.17350723766226728 0.05254132015555027 0.016439068282600985 0.1507935866753125 0.04910386483864498 0.01405910250049753 0.004432467932208516
0.6332408127387698 0.14509683282563812 0.07178119136593052 0.01584828814303992 0.09767550629870805 0.023239772770052316 0.010677811104518313 0.0024397847533432038
0.5131018880030644 0.15252330701122152 0.02998587230451509 0.00865027708260931 0.21537633026909972 0.06479857766937389 0.012057971555069514 0.00350577610504663
0.6295515655085185 0.146363854572019 0.06957989213879741 0.01558971752802189 0.10122062769512585 0.024438737396378668 0.010760050274174022 0.0024955548869644672
0.40792509978950203 0.2569710283589566 0.02374531300829905 0.014511238076869552 0.17181327619268236 0.10956800836322318 0.009570634627867008 0.005895401582600179
0.6204161492017837 0.15543960016826694 0.06575146128659302 0.01575890152439834 0.10279461618132917 0.026804383924384712 0.01043664547839006 0.002598242234854101
0.4069755992400331 0.25748879754313725 0.023495691882911937 0.014403353675239823 0.1720472883242745 0.11022922471060363 0.009493175756370952 0.005866868867428831
0.6385641799234674 0.16009961103509232 0.04716920671576924 0.011312832942966944 0.10587030050477252 0.027625866885712485 0.007491651538171892 0.0018663504540471865
0.5478287685369827 0.157640039672966 0.05203165968032397 0.01450241495982944 0.16195472748426107 0.047199909199655984 0.014709427904766014 0.004133052561214565
0.6001353654742424 0.13646962133936666 0.047542593564388315 0.010428484498906968 0.15448016329680983 0.03646299895252507 0.011802706017910251 0.0026780668558505248
0.6887520760566836 0.07000819990196984 0.12661159691250484 0.012463400552653683 0.07851750026317438 0.008262170888727003 0.013967070255868554 0.0014179851684180285
0.40904112252554053 0.26896793275770386 0.025744342875001585 0.016616417403870477 0.158536894140815 0.1051886863604529 0.009642320169816023 0.0062622837667994525
0.6391016051154605 0.16023189014631792 0.04738781664192687 0.011366460885520511 0.10514555576674914 0.027431638312364705 0.007473326515649202 0.001861706616011137
0.40028045259248607 0.2642157751686165 0.0228221443555959 0.014618857338367115 0.16956990659073293 0.11327739827095996 0.00924711927039592 0.005968346412845753
0.582317949750312 0.14670297048878297 0.04288370684253257 0.010332391495374542 0.1612605995978198 0.042280676062524 0.011374759283320199 0.0028469464793338204
0.6352175151898363 0.14314910586473326 0.07237126020712505 0.015771568354475497 0.0975520424898739 0.022780584525482896 0.010741369072543878 0.0024165542959291636
0.5064860537636746 0.15042366025512385 0.02964398744189187 0.008546445914791702 0.22207872528194306 0.06672560291049115 0.012472513455609019 0.0036230109764747516
0.6291202143453344 0.14650692907737725 0.0693716910083039 0.015565519107191839 0.10159124909753989 0.02457259202818176 0.010769817821050498 0.0025019875150205243
0.4252702616941862 0.2572027669568389 0.024744719285169928 0.014504130097926827 0.16356236973347862 0.10027149293643264 0.009076818561555004 0.005367440734411795
0.5683029659496969 0.1412775771491176 0.06068497559004986 0.014442644060173634 0.15529077951998677 0.04016730115327833 0.015904144108930988 0.003929612468766052
0.6882648466085329 0.0702624159737636 0.12655222042019923 0.012481174262118274 0.07870728575340012 0.008334756231666966 0.013972886194049707 0.0014244145562688812
0.5542279641139303 0.15869242207921636 0.058122916462241526 0.016315980228090908 0.14984706276004028 0.04331822396727158 0.015184619759124456 0.004290810630084621
0.6015907337981184 0.13610427279067214 0.0479610946205988 0.010469385427600465 0.15339338739222488 0.03601302045717612 0.01180347293831885 0.002664632575290173
0.6887982017148401 0.06995751041416225 0.1267082500922897 0.012464262196003004 0.07844273124858053 0.008247105021456713 0.013965238436741419 0.001416700875926299
0.5385045507725847 0.1673051746307489 0.056493224444444184 0.01722829243574535 0.1524643575615704 0.04778117204679177 0.015475474453202513 0.0047477536549122255
0.6336615552205762 0.14460824732023828 0.07203293820297058 0.015841772684847318 0.09759408404597877 0.023128941463572222 0.010697444072761715 0.0024350169890548262
0.5583201003482723 0.17273096717674905 0.03264304295428103 0.00980984610284807 0.1634180642303735 0.05115250341991233 0.009153681309456064 0.0027717944581078053
0.6522215178878094 0.15013807261528722 0.051084427378213934 0.011350141459200509 0.10153036624943272 0.024234849912061162 0.00767811091798703 0.0017625135800081427
0.4068402307842573 0.2672173670547792 0.02343378323000487 0.014958623823124285 0.1638219290633773 0.10889078586032729 0.009029495217333806 0.005807784966795971
0.6202810137800224 0.15586819334777477 0.06571369742904591 0.015797260305281613 0.10252374428237092 0.026808323998817774 0.010408991395195525 0.0025987754614909975
0.43776006106715265 0.2998783588017588 0.025270491881760233 0.01680213426025029 0.12337673277741742 0.08556093245567566 0.006796464904025666 0.00455482385195916
0.3219265219292201 0.23647919992199873 0.011992748778832924 0.008407518278984392 0.23330506383904126 0.17403312109443841 0.008112632107365373 0.005743194050118929
0.5714482553577576 0.1494398600086576 0.04015251061164397 0.010018449816048937 0.1687748773269088 0.045916247643655414 0.011314623108856184 0.0029351761264714733
0.729620988449451 0.07545890084639324 0.08270023249653473 0.008265411685792635 0.08465527135047349 0.009077089786181268 0.009265593030425706 9.565123547479234E-4
0.5543842376451431 0.16629975765449506 0.05672604909913026 0.01670956686180827 0.14388263774539511 0.04356425636605574 0.014218926689722512 0.00421456793825
0.6547883510551407 0.14860688794109253 0.0521547389785229 0.0114180777707663 0.1000380348467797 0.023558909290288078 0.007693286486460122 0.0017417136309496946
0.4190061520641057 0.2641371084276122 0.024190520289065476 0.014811899199542232 0.16082954729643234 0.10267029476106315 0.00887585126877123 0.00547862669340782
0.6396943688192209 0.15974084737418376 0.047515838786532906 0.011356816830313646 0.10505658884311819 0.027295071177939688 0.0074834314610546905 0.0018570367076364187
0.5512242155810209 0.1718806823839449 0.03144154481303293 0.009514695570269485 0.17013898169520544 0.053669717057235666 0.00929630579130168 0.002833857107988874
0.597476420340178 0.13791754299814757 0.04665131930856898 0.010390478983882902 0.15581603595908483 0.0373063316497124 0.011739599483507333 0.002702271276918005
0.7068107233330466 0.07197039267829335 0.08109731755309942 0.007995506063356212 0.10761883441523475 0.011345918121774896 0.011946410440863564 0.0012148973943310792
0.5517755460681348 0.15261472746371033 0.05592208604144995 0.01515786572269827 0.1599630176875435 0.044705227596283835 0.0156028385103703 0.004258690909809074
0.6345785579491636 0.14356502346598413 0.07237225806274904 0.01579994045338324 0.09760411666392405 0.02291691896793787 0.01073846088869755 0.002424723548160446
0.41943423205002694 0.2636916087005212 0.024541631432758646 0.01497621974544101 0.1605905887121065 0.10226807668689451 0.008974794785827052 0.005522847886424143
0.5845828017088863 0.14590472049818473 0.0434437664137464 0.01037824417985902 0.1599327457882826 0.04153255955873846 0.011398080346943194 0.002827081505359348
0.6882724767160435 0.0706774576813349 0.1255982533219138 0.012474283910723371 0.07916027964279311 0.008422488242152148 0.013963248219701562 0.00143151226533766
0.4154640534287342 0.2624515109729999 0.026121079273405207 0.0161860206897443 0.1611395912366818 0.10274505244012558 0.00978827649131953 0.006104415466989406
0.6213038491377102 0.15509231626485787 0.06622110289158586 0.015818385795533647 0.10204337546128181 0.026507084671415895 0.010427237217127749 0.0025866485604869706
0.5205136402012204 0.16190880569547308 0.03007806871719136 0.009074191581609442 0.20074671325539528 0.06326247953854203 0.011053250532892769 0.0033628504776754844
0.7020481463286291 0.07452671289978889 0.07776458629047821 0.007955188402489701 0.11212635243335763 0.012359854626134436 0.011953627699016369 0.0012655313201057347
0.5624329587899702 0.15586853667338654 0.056716539651550935 0.015394805106840583 0.14934247962681957 0.041863461471082095 0.014433406616439673 0.003947812063910144
0.6020714110172667 0.1358493818968224 0.04805786856972972 0.010468862428970684 0.1532209045169289 0.03586146469468356 0.011810630125681273 0.0026594767499166466
0.7071090282485523 0.07179638824214828 0.08131468242080278 0.007996926553708306 0.1073426290457784 0.011281870405852202 0.01194686517447907 0.0012116099086787462
0.5189662512792852 0.155930763693993 0.03156826906828368 0.009306818293539796 0.20606199751150775 0.06254188300035901 0.01204799064965766 0.0035760265033737975
0.6494486730214221 0.1507271978345278 0.050217927749963455 0.011233163604590656 0.10383468925974924 0.02502388650695083 0.00772583506107486 0.0017886269617208193
0.5434471492167501 0.16214652781035338 0.052054221721236665 0.01507795293724116 0.15999902944149177 0.0483148821806857 0.01467650279337512 0.0042837338988660646
0.5815234615395598 0.1326157482096827 0.06597336510572897 0.014506519464117133 0.149798901161649 0.03546637466764683 0.016387373039131025 0.003728256812484686
0.6887142415791293 0.06961716630454987 0.12755753615051088 0.012471216896149228 0.07807327252435993 0.008180237029529585 0.013975102063825122 0.001411227451946147
0.5702034029348261 0.16319812296345804 0.03591600974080501 0.010079007896781749 0.1613762449971201 0.0466138170469634 0.00983566896479771 0.0027777254552478962
0.5998007891806608 0.13686734228892605 0.047266733909162154 0.010420317546458918 0.1546238072477036 0.0365679779161402 0.011772975166874717 0.0026800567440735767
0.6368254879263263 0.14192181218210873 0.07314701080236649 0.01578677210055933 0.09682342212214508 0.022338355124927767 0.010761713350424229 0.0023954263911421395
0.42627660260599076 0.25700472348333436 0.024987427661422326 0.01461383375568799 0.163016216751511 0.09958415557421214 0.009130848200307273 0.005386191967534031
0.6219638126558571 0.15451853613345584 0.06645705498525509 0.015806924383931633 0.10189376499682688 0.026338520240453137 0.010442775316609684 0.0025786112876107423
0.46364146435582326 0.28144974431808034 0.026806559976601422 0.015754411480150415 0.12467304962752367 0.07673241301498354 0.006869102178417447 0.0040732550484198415
0.33344225957340884 0.21642766755929238 0.01265063348229174 0.007820289580479246 0.2502001011410466 0.16499613590336784 0.008903355900661922 0.005559556859451438
0.6305059597907164 0.16292112819358315 0.044581154394675124 0.010996320082950598 0.11154813416555773 0.029989439887995687 0.00752760764558532 0.0019302558389359262
0.5287788338937244 0.1525446622443203 0.029930446700083338 0.008357153636310202 0.2059317444785522 0.06024538995667404 0.01108813891200905 0.0031236301783266686
0.6305564037520396 0.14584347567492656 0.07002779400065227 0.015622144789675788 0.10057036606285273 0.024144725976256987 0.010753497219380116 0.002481592524215855
0.4431574791822198 0.30219075661846 0.025820105792057825 0.017111642530334325 0.11873650345314037 0.08197337410686796 0.0066005719278199185 0.004409566389099999
0.39480901452755834 0.2790742403073286 0.019705480787421334 0.013282319391401802 0.16314097790394358 0.11724649731765278 0.007578586493101566 0.005162883271591987
0.581322535852962 0.14762754545014958 0.042586786418403896 0.010343119610928231 0.1613202899142178 0.04262203947704151 0.011321918319082684 0.0028557649572143397
0.6881708881123272 0.07081281365411542 0.125384363963465 0.01247561874720613 0.07930225302350613 0.008456359758008992 0.013963345587120115 0.0014343571542512667
0.5389439248908393 0.14801509943608487 0.03387697788470716 0.009115017589230483 0.1993632009429318 0.05531819943213666 0.012091126765292786 0.0032764530587769086
0.6512906581091086 0.14953952972457535 0.05077128718725107 0.011251105356237676 0.103074797754763 0.02455754367746244 0.007741145877580456 0.001773932313021515
0.5385161872226477 0.16713665950562342 0.05165716520659695 0.01558108782594424 0.1583965906031449 0.04973404013379062 0.014555501647034322 0.004422767855217813
0.6530651003304663 0.14944132130850024 0.05158530968234637 0.011376480448900274 0.1010640240012748 0.024015039975962924 0.007696158256801034 0.0017565659957482793
0.5638798533752997 0.181964527265248 0.0325087422831806 0.010204603713979602 0.15112705735968782 0.04935647136029499 0.008325356029336352 0.0026333886129728122
0.6525283955048115 0.15036177786678342 0.05119310854457838 0.01138623012466872 0.10099180082980184 0.024123321029565336 0.007656542842630943 0.0017588232571599603
0.5470702977343637 0.17660142565481068 0.03151920127811271 0.009896626698183836 0.16790124048925267 0.05479084371582699 0.009284917628539946 0.0029354468009095904
0.5971385954339868 0.13822444762307506 0.04656919720197125 0.010397097734632916 0.15582227750304892 0.03741823979730462 0.011724357711854668 0.0027057869941258515
0.6886564802016645 0.07013965001524802 0.12640333808699067 0.012465022581884248 0.07865314824517086 0.008294434886413848 0.0139671846987468 0.0014207412838810377
0.5493477355412761 0.1706939568909323 0.057612628269516235 0.017571203726951395 0.14162290222777785 0.044417954658840464 0.014333707264728813 0.004399911419976702
0.6344203371770042 0.14434435643436044 0.07240087153368617 0.015882786090288044 0.09695251541743875 0.022895038714691014 0.010680473532343158 0.0024236211001881502
0.5549088633902586 0.16487062784886305 0.05411183905157094 0.015604678346160191 0.14811739858705128 0.04457687293154959 0.013797396301347782 0.0040123235431983725
0.6010828026133678 0.1365412125781774 0.047787070933982795 0.0104721576211493 0.15348852278074518 0.036179028481066244 0.011779804113996088 0.002669400877515169
0.7070486022808391 0.07183934815832588 0.081269707598161 0.007997245297919963 0.1073914988922257 0.011295400535815011 0.011945896066473703 0.0012123011702394502
0.5411973502722208 0.15607246053648818 0.05486397422861755 0.015515279331686924 0.16400814715866546 0.0477591433295988 0.01602289992063096 0.0045607452220913355
0.653754695742578 0.1486558552141865 0.051806244196705896 0.011359232713222377 0.10108389813635044 0.02386633674815805 0.007721662164354395 0.0017520750844443158
0.5437994904410324 0.16201485671683846 0.05228077331875465 0.015127954573618938 0.15964629738533828 0.048128992675740834 0.014712326908770751 0.004289307979905697
0.6336195918628262 0.14445454331994909 0.07190345810708766 0.01580626021587643 0.0978960530050437 0.0231708333022737 0.010712716360469922 0.002436543826473397
0.5336882056353544 0.17176207841003782 0.051997012305186295 0.016269005418622196 0.15624311080738884 0.05086083377190931 0.014583160214031287 0.004596593437469924
0.5807849426832081 0.13328122231620818 0.06570427886552305 0.014525147967174867 0.14989197196941184 0.03572723401278828 0.016344736555296627 0.0037404656303891078
0.6886900706124913 0.06965677016328284 0.12750362179456662 0.012472488019575241 0.07810231223215292 0.008188620096729205 0.01397417607184541 0.0014119410093565035
0.5381545865362231 0.16052153251167123 0.056492392161503584 0.016531572888818916 0.15937311049916605 0.047949632653409416 0.016206372740849503 0.004770800008358134
0.7048819877414582 0.07324098414715943 0.08011964534015174 0.008024370667999992 0.10882954862641378 0.01174343056382168 0.011923932782816834 0.0012361001301784006
0.5575928277903609 0.16093967241886242 0.05641521875491614 0.01596334991671729 0.1476079589110579 0.043071330348439484 0.014326169363607918 0.0040834724960379975
0.6348976971012047 0.14373231375556106 0.07255208073034031 0.015849706431201108 0.09704751921852763 0.02279473884086152 0.010707396358207782 0.0024185475640959163
0.45127723131761116 0.2723147697715091 0.02641353869291188 0.015457140823803063 0.1379649594135348 0.08425301771351018 0.00774921309328402 0.0045701291738359075
0.3793000593080517 0.2662654255467354 0.019011886077658625 0.012733365186379627 0.18012617219836025 0.12842490353782787 0.0084338524868907 0.005704335658095599
0.5793810885476729 0.14780149079275162 0.04212626562046755 0.010270138822548434 0.16295092670013497 0.043263744872771334 0.011334818883381542 0.0028715257602716145
0.6881097152675139 0.07087218865402208 0.12526060190877294 0.012473447062034798 0.0794054292564643 0.008476029490645375 0.013966586173870109 0.0014360021866766071
0.420879476295488 0.26590762901596476 0.026452261876650566 0.016392860696304856 0.15570588108973904 0.09932958166556298 0.009441848933946362 0.005890460426343514
0.6217520648865483 0.1549424271522793 0.06643372315535431 0.015846604684478714 0.10166496436845193 0.026359787777030397 0.010419869658668045 0.0025805583171890634
0.5328431739891331 0.1723712572122152 0.05133996482969802 0.01612247685904924 0.15692509510242741 0.05136747485239282 0.014456166141928994 0.004574391013155046
0.6525702763698711 0.1498825937506979 0.05144948098534557 0.01138286912208009 0.10114058388497525 0.02412845570920895 0.0076854833056598385 0.0017602568721614084
0.5437352726819066 0.1620825242320585 0.052225977645272224 0.015117805935129841 0.1596831192309868 0.04816759654132432 0.014700223923767233 0.004287479809554447
0.6535521983598014 0.14900987600037363 0.051722506760020374 0.011370737783143868 0.10098218630344334 0.0239031122963062 0.007706467864040016 0.001752914632871075
0.5543856748568684 0.15857724153788294 0.05328885943668141 0.01479048684049004 0.15557502078668523 0.04506479454130917 0.014313191914141066 0.004004730085941895
0.6544565371695578 0.14845464743784842 0.051990897950530336 0.011379756558791067 0.10058543607841224 0.023676132629452784 0.007711225287613743 0.0017453668877937141
0.4189515987407687 0.26411584576794744 0.02417946007563048 0.014805644144011795 0.16088285567045724 0.102711956618446 0.008874548074303271 0.0054780909084350595
0.639687917666456 0.15974349578226646 0.047513750077525736 0.011356591541869509 0.10506079048133354 0.027296927917438596 0.007483439513471178 0.0018570870196390865
0.4120441820010947 0.26126851087782327 0.02350266095359943 0.014449954338307895 0.16685665644579112 0.10715492885434236 0.0090894287846865 0.0056336777443547524
0.5836056059533933 0.1461354000953408 0.043199054554658306 0.010350174269699966 0.16062516427965917 0.041853993060334514 0.011395271027219132 0.002835336759695
0.6882417714237401 0.07071092429006352 0.12553514452774964 0.012473685127331477 0.07920927211153282 0.00843248433789548 0.0139643669178736 0.001432351263813212
0.5340175434488257 0.15295443610559625 0.03357257657177083 0.009426788293382652 0.1975197826179379 0.05713979223344267 0.011981577246760092 0.0033875034822840253
0.5962445142741963 0.13738333408866785 0.04639594132683798 0.010312599200732846 0.15748487255066024 0.037661778513836355 0.011803287381257169 0.0027136726638111106
0.6365195172395044 0.1421014108211509 0.0729938209141909 0.015777634594641977 0.09701838220367591 0.022426987426650925 0.010762515326428813 0.002399731473756344
0.5113253168064407 0.14568093184364508 0.029963962512332593 0.008280982691506898 0.224042743713556 0.06459525482844022 0.012601254848921073 0.003509552755157242
0.6295490553152459 0.1460840238779068 0.06955218335990873 0.015558093509710795 0.10151370356733247 0.02446096535430039 0.010784809204467498 0.002497165811127361
0.5163049615614853 0.1664019675986176 0.03005323576674745 0.009412727659393352 0.19853764540942823 0.06478652604056499 0.011022712825826245 0.0034802231379368596
0.5941044701700675 0.13863668943258808 0.04583281261802694 0.010302355461050187 0.15827975481921228 0.038359941364589055 0.011750009748876983 0.0027339663855889844
0.6885620867813135 0.07023390968791489 0.12621173073292635 0.012462170229599275 0.07881013392195871 0.00832471645120465 0.013971950042556386 0.0014233021525263709
0.4166196115355332 0.2524733528498905 0.026210469376462757 0.01557243806306669 0.1691892294008235 0.10348034918833234 0.010297437286063232 0.006157112299827839
0.6214193638136153 0.15468192175375722 0.06624493208653494 0.015779381396387335 0.10232462583733573 0.026509039958682035 0.010454382565936197 0.002586352587751389
0.4070963348752666 0.25745255497914543 0.023525943766317805 0.014417332951466138 0.17199392367479374 0.11014238008393373 0.009501504108937511 0.005870025560138953
0.6203216288162222 0.15551308745584258 0.06570540117949594 0.015757239253463555 0.10283649427032415 0.02683200916114098 0.010434789753189493 0.0025993501103209835
0.5486428633916972 0.17071854789719504 0.052785908193768556 0.01592889269543931 0.14770231320716268 0.046565010787073514 0.013536846283466925 0.004119617544196853
0.600376244765606 0.13700846621702745 0.047600671053287365 0.010473584187457358 0.15369915968536144 0.03640530784627346 0.011760031036509 0.002676535208478063
0.7070056032670019 0.07186920316776363 0.08123793356257357 0.007997419006799001 0.10742679320969209 0.011304978750604993 0.011945279244645522 0.0012127897909191881
0.5517954154108773 0.1526080014701511 0.05593572818304558 0.015160693768317088 0.1599413605014545 0.04469504382528717 0.01560480417671029 0.004258952664156991
0.6546534953682503 0.14810429218458124 0.05207261586462357 0.01136805580598125 0.10068970706822598 0.023640990775274855 0.007726289606604191 0.001744553326458535
0.548907622385376 0.15693783924173932 0.05280892844537677 0.014652526828955187 0.16106922569185925 0.04661339826744174 0.014856353963074114 0.004154105176177807
0.5820328423061092 0.13221778623525451 0.0661710337544167 0.014500985006498792 0.14965895856778622 0.035287285125574754 0.016411065593777 0.0037200434105828972
0.6887312561395532 0.06959102211694146 0.12759562651248832 0.012470582216182826 0.07805096946302569 0.008174360773080026 0.013975457273796817 0.0014107255049319086
0.42113424050819814 0.2658446936215838 0.026527469025546185 0.016428792159831083 0.15556412311867257 0.09914583973820268 0.009458275239224007 0.00589656658874136
0.6217813540541586 0.15492275255373072 0.06644837973976929 0.01584749922619801 0.10164870304090831 0.02635092573851684 0.010420185363529177 0.0025802002831890308
0.3955351504702358 0.26034721192789007 0.022866787442799682 0.014598654719002355 0.17453514407834544 0.11624033178347913 0.009661656039879913 0.006215063538367474
0.6193398750195354 0.15620360253144497 0.06527083364789794 0.015740082648225063 0.10329521115313178 0.02711680801435505 0.010422230983906737 0.0026113560015030885
0.5482437157822244 0.163968337629667 0.05269897624266138 0.015269294269295994 0.15463871132000062 0.046856440837921245 0.014180924032025586 0.00414359988620358
0.5819882369287251 0.13255199990014183 0.06614630064716805 0.014528676478964038 0.14937247317268862 0.035312899513485534 0.016378183417098104 0.003721229941728654
0.6887300711404066 0.06960094693201954 0.12759146639319668 0.012471724715446844 0.07804576234437098 0.008175033299226801 0.013974214403966735 0.0014107807713659754
0.45407653421665656 0.286640837941054 0.028602399042886906 0.017713866656582023 0.12268086907419254 0.07816189675099224 0.007468588187063236 0.004655008130572379
0.3924462381774022 0.2553637858435782 0.019807498560744218 0.012267887838496538 0.18417909018391493 0.12176777506936218 0.008714960643069992 0.005452763683431742
0.6186813401665326 0.15643667186379995 0.0648770204287465 0.015684329124982216 0.10392137399363373 0.027349942781019678 0.01042962653192268 0.002619695109362554
0.5433202821227653 0.17595331377241852 0.05218754471138654 0.016401538184941458 0.1464569080659457 0.04804068836035316 0.013395024953223575 0.00424469982896591
0.653383202218401 0.14965350275935135 0.05170367102591685 0.011412937691764125 0.10051801610944774 0.02390154795490822 0.007674399769556145 0.001752722470654683
0.5282541007796906 0.170463990994464 0.05077207024204369 0.015937312547142687 0.16203954064966244 0.052856930184818664 0.014950744079056166 0.004725310523121717
0.6324033439679998 0.14542448641007125 0.07136522720431064 0.015805161272611834 0.09835911609040837 0.02349736271549838 0.010693156013401366 0.0024521463256982406
0.5495592440259225 0.1701069537889786 0.053484038083067835 0.016078802943311776 0.14692612393284102 0.04605484250442681 0.013652068436369734 0.004137926285081826
0.6340202758538097 0.1445578349938231 0.0721326220415723 0.015858342073922796 0.09729451709895053 0.02302391611280704 0.010683139969498979 0.0024293518556156865
0.40637676896594715 0.27677822877018454 0.023765824888761684 0.015736554754655924 0.1555864791683352 0.10726486519362462 0.00869090486308236 0.0058003733954085
0.6202879514431895 0.15618365606309212 0.06575244470693169 0.015839227718399275 0.10218529768993034 0.026769188570725196 0.010384538059942171 0.0025976957477897395
0.4243504037196531 0.2578097580488091 0.024497621791974726 0.014405963217205444 0.16372911829677736 0.1008587924514567 0.009005125453676183 0.0053432170204475125
0.6401874398315226 0.1592586728884498 0.0476493208839989 0.011347740709594633 0.10502249695186182 0.02718393528713985 0.007496822614095108 0.001853570833337535
0.5273869220478088 0.17100152189207993 0.05015546602243971 0.01579685941838992 0.16275785647171676 0.05336984193105884 0.014828045152498295 0.004703487064007679
0.5981323854351801 0.1376567400563811 0.04704048225514056 0.010425926510256776 0.1551850587347977 0.037104273931388494 0.011756909575961613 0.0026982235008937167
0.7309978951998812 0.07439848386403596 0.08390855482048137 0.008269047456196901 0.08342753269388264 0.00879127034763956 0.009265395050466491 9.418205674157004E-4
0.5486545396205662 0.15784597482816698 0.056231384070746765 0.01588013967111136 0.15615869716077957 0.045325082574375126 0.015500713165130893 0.0044034689091230405
0.6343645112595818 0.14387761709723915 0.0723040582055558 0.015818635837986258 0.0975258507081481 0.02295938828324045 0.010723126591168603 0.0024268120170798835
0.5388295799408002 0.1666467109136319 0.052537241124125965 0.015784808621231185 0.15767483519717915 0.049337496380066875 0.014730051112169002 0.004459276710795869
0.6332849935196765 0.14480649674578153 0.07177728534760303 0.015817919955845507 0.09792173537818884 0.023251131782121844 0.010700036784762008 0.0024404004860208543
0.5496306978954679 0.17006861154594866 0.05353517256036001 0.016090127277084105 0.14686038067516638 0.046015994100665585 0.013659861787308415 0.004139154157999099
0.6540386376148836 0.14911243869336788 0.05189935873776041 0.011409384808552164 0.10035900879763843 0.023747492984381495 0.007685989638489829 0.0017476887249264234
0.5488902454116963 0.15699108372180043 0.05278253882531809 0.014649075600604435 0.16105775016398946 0.04662778594402886 0.014848496781622889 0.004153023550939558
0.6540336655081097 0.14857950244704837 0.051857799504869656 0.011364723660298889 0.10090528924888419 0.02379282867445658 0.00771687560270241 0.0017493153536302316
0.5282696180293774 0.17040833763305688 0.05079723016045091 0.015941206071496503 0.162055221078671 0.05284279342661531 0.014958908491108446 0.004726685109223286
0.5801902962101034 0.13341286914562353 0.06547467791336722 0.014500085066766482 0.15039497800290788 0.03592706082012411 0.01635064586079608 0.003749386980311424
0.7072429700805011 0.07155827325501311 0.08181062417430494 0.008005234292169424 0.10699214455047618 0.011221881051593352 0.011960025392145298 0.001208847203796546
0.5054766819823415 0.15185188910441003 0.030763187088101995 0.009068194479137997 0.21955894789032868 0.06658245025263415 0.012878443525033978 0.003820205678011837
0.7012881483092475 0.07452397716464718 0.07737894620018394 0.007921611756970492 0.11312771043008893 0.01248748727427985 0.012000045916668967 0.0012720729479129183
0.5456338825057145 0.15123818160087843 0.054986608676549975 0.014927052382729341 0.16616105352501392 0.046536216880396844 0.016112634745700162 0.004404369683016838
0.6003704236485897 0.13609457810494233 0.04763966246350752 0.010418092263350371 0.1545944311005909 0.03637970328552992 0.011827194366399224 0.0026759147670899967
0.6887596324999247 0.06999158236651873 0.12662973997891933 0.012462462595533045 0.07851150269480235 0.008259383390253611 0.013967949314814581 0.001417747159233742
0.5182055723773977 0.14224172591786588 0.03261557157735649 0.008772051806491927 0.22013166189164968 0.06098111650097338 0.013420010537830075 0.003632289390435028
0.5947392593271779 0.13728971262496198 0.046031470023455076 0.010248110627205091 0.15901387659762503 0.038110113867540985 0.01183961410078752 0.0027278428312463997
0.6363945182265269 0.142162650231639 0.07292997992974594 0.015772497527312867 0.09711070122800892 0.022464203419583866 0.0107638949629881 0.002401554474194391
0.5389546898317245 0.1665486336756476 0.05263202130135554 0.01580441856529097 0.1575839854141565 0.04926473172339157 0.014749151819374421 0.004462367669058953
0.6333035839706206 0.14479232385297472 0.0717872497190451 0.015818258546483655 0.09791231796592097 0.02324582335146999 0.010700284389520143 0.00244015820396487
0.390562351818694 0.26606674259421925 0.022825377304896328 0.015116193510687609 0.17137274054352436 0.11804023103081991 0.009607939832928384 0.006408423364230191
0.5813477251505085 0.14712537249879007 0.04265503590870144 0.010319882836099456 0.1617335686869871 0.04260239014435074 0.011360199994467407 0.002855824780095244
0.6881720493534191 0.07079848190136002 0.1253910150538312 0.012473969508583302 0.07930966313852986 0.008455449682678456 0.013965095931087293 0.0014342754305106582
0.533999427136295 0.15295833933809355 0.03356639427166538 0.009425470458228691 0.19753477627013435 0.057147988389471265 0.011980297436159271 0.0033873066999523826
0.631268869030317 0.14545506865925867 0.07043054113230048 0.01565501745862302 0.10004289937128658 0.023925076682240243 0.010750803150010932 0.0024717245159631895
0.5195515983150887 0.1545431917766878 0.030293592461465423 0.00874333370275057 0.20890860375779705 0.06292828953414846 0.011643320653608846 0.0033880697984531487
0.5944457162328789 0.13797904019866913 0.04592351625833719 0.01027507127900675 0.15862412938589648 0.03823037812297034 0.011791751490588021 0.0027303970316530568
0.6885720310142475 0.0702081736060313 0.12623454273041113 0.012460337582283007 0.07880705504941996 0.008321024284522452 0.013973839240384141 0.0014229964927003895
0.5651318045070488 0.17560838354492947 0.035554548489650215 0.01084420474482137 0.15280758197760863 0.047913093631911194 0.009289420523826558 0.0028509625802039594
0.6332113677825965 0.14531523236210875 0.0714231607470411 0.015824278325623733 0.0978449085809373 0.023276494495558533 0.010664230428906102 0.002440327277228027
0.5525964053810112 0.17101951606413937 0.03228214233113203 0.00970407129913232 0.16911518032854736 0.0529349220201578 0.009477753924921234 0.0028700086509585794
0.6321122054455982 0.1457360201533254 0.07084392850806887 0.015761012788303014 0.09878442454573982 0.02362199625664003 0.010683994336041282 0.0024564179662834224
0.5546739396993696 0.1649657537456897 0.05394648289657697 0.015568486520416747 0.14836111663194304 0.04470037211943244 0.013774849171247966 0.004008999215323659
0.601038195445862 0.13655837879228735 0.04777441106055658 0.010471312193163862 0.1535155019969204 0.036193021734344785 0.01177935828009579 0.0026698204967693586
0.6369480487077532 0.14184573987480203 0.07321063841615062 0.015790055056504312 0.09674696378027299 0.022303311896769623 0.010761562921082745 0.0023936793466644837
0.5447044931728628 0.17507684323405864 0.05322208548548527 0.016637079720427415 0.14526625858972558 0.04725695047167835 0.0135631016087734 0.004273187716988399
0.6001305620387728 0.13727511432233383 0.0475462031151282 0.01048242671801912 0.15365365308664686 0.03648608504405508 0.011746622247637914 0.002679333427406348
0.688753274030786 0.07002756916155593 0.12661121892499408 0.012466265212732213 0.0784974297263254 0.008262376981458808 0.013963869993193195 0.001417995968954417
0.5436152478407799 0.16219198955648206 0.05702364323885203 0.0166906067289056 0.15392066969642818 0.04633578107720705 0.015621444956848989 0.0046006169044962245
0.6340822066557097 0.14418745570581787 0.07221117160657171 0.015831712649949665 0.09752198242445982 0.023024217132595698 0.010711272037879105 0.0024299817870163895
0.5179429365085878 0.14772262011528756 0.030293650668728567 0.008378187887502317 0.21733082740608337 0.06275751868103457 0.012178801284352569 0.003395457448423508
0.6299748210508688 0.14594408616046844 0.06975771992044058 0.015581940642592289 0.10114655862435691 0.024329162193021406 0.01077492914776657 0.0024907822604849335
0.5630803831239926 0.1675670257841109 0.03278934696919886 0.009466713108161096 0.16537748549599307 0.049820857746129384 0.009216180441632289 0.002682007330782015
0.6526319112155128 0.1497461473450431 0.05119529111718509 0.011342986281963308 0.1014929708336915 0.02414264212231626 0.007688495694455584 0.0017595553898323566
0.5335740286468226 0.17221923432570144 0.051238536816300466 0.016086527417878884 0.15673663783552136 0.05115884544333727 0.014425051976433803 0.004561137538004292
0.6327714807347747 0.14529886085000177 0.07154289481255834 0.015825405969027206 0.09804644938803077 0.02338335163614346 0.010684911497071861 0.0024466451123919836
0.5390293475637843 0.17354712476072431 0.052477698666987656 0.016423827055175443 0.15088555338098508 0.04915626838341683 0.014049388390992727 0.0044307917979336114
0.6332279242999533 0.1451055543929397 0.0717742352061007 0.015847929064292048 0.0976831206005686 0.023243546614918453 0.01067773211008382 0.002439957711143596
0.5198939342894444 0.154543137434447 0.030382406938657475 0.008764703169043587 0.20858372321108581 0.06278135125910643 0.01165977140995374 0.0033909722882614355
0.5944905951475217 0.13796575827587515 0.045935418991559215 0.010276133952253583 0.15859396011795085 0.03821619301669648 0.011791953839453686 0.002729986658689408
0.6885734365413164 0.07020657820651048 0.12623746184161067 0.012460355840364099 0.07880485029409932 0.008320565153177448 0.013973794509959841 0.0014229576129616579
0.5542249989687777 0.15869300170709305 0.05811411047583779 0.016314015941125644 0.14985812269442686 0.04332152708626097 0.015183586375908035 0.004290636750569982
0.6015892568350916 0.13610473004036727 0.04796064318847775 0.010469348347024017 0.15339443553848642 0.03601347276766403 0.011803466757187006 0.0026646465257018303
0.6887981546511431 0.06995756440107766 0.12670815024520038 0.01246426160002391 0.07844280635122905 0.008247120498907409 0.013965240051318602 0.001416702201099782
0.41442744611740484 0.2725001266917949 0.02608595260760385 0.01683645955914701 0.15315475046127505 0.10164733368674107 0.00930406655260135 0.006043864323432045
0.5845272541134952 0.1462975943599888 0.04345093684070687 0.010407043386364657 0.1595622942838342 0.04155000400585032 0.011375767776834848 0.0028291052329252244
0.6354134763632631 0.14303004058273588 0.07246933135502873 0.015777103269897428 0.09743105068439158 0.022723889503078055 0.010741274957684245 0.00241383328392096
0.5180398852335737 0.14766942441872283 0.030325960517138227 0.008384067121758267 0.21728721624020134 0.06270740503733031 0.01218905566779218 0.0033969857634832262
0.6299854817865891 0.14593600866869497 0.06976304374892446 0.015582116300333876 0.10114149999367524 0.024326109231975184 0.010775091547471315 0.0024906487223360137
0.5212824384029717 0.16148313708508938 0.03035568157087772 0.009131122044501169 0.2003733921300705 0.06286754100317457 0.01113071990961463 0.003375967853700572
0.5945998595980074 0.13826329072914464 0.04595726381809918 0.0102987062502151 0.15818864815950714 0.03819514054888265 0.011767968423146338 0.0027291224729975787
0.7066266444538692 0.07205138081689798 0.0809705159247475 0.007992630448805247 0.10780953511508172 0.01138361834077556 0.011948864353902721 0.0012168105459201706
0.5522190707640684 0.15927726260098385 0.05595637365686115 0.015826074011602714 0.15298991104675086 0.04458933640433392 0.014898662008901543 0.004243309506497679
0.601104288933757 0.13627219623207634 0.04781948181043512 0.010458670632314562 0.1537118153343729 0.03616436155761087 0.011799991157342623 0.0026691943420907296
0.6887828289619893 0.06997558876948182 0.12667580334084025 0.012464135162388585 0.0784666729522195 0.00825216393854325 0.013965674742115677 0.0014171321324214685
0.5708191259452127 0.17734697390016224 0.035928756499556125 0.010957008620315211 0.14712817072366802 0.04613910643916414 0.008937588703817445 0.0027432691681041808
0.40063975115227074 0.24837269792807568 0.02179616895224839 0.013014471907411266 0.18474487472681841 0.11620913396942703 0.009498685387158229 0.005724215976590372
0.5819461305374027 0.1461676409769724 0.0427878925494309 0.01027798460956575 0.1621610847860081 0.04239703340913231 0.011413770013334348 0.0028484631181533936
0.6881890232398215 0.0707592349625488 0.12542818431242025 0.012471388213011223 0.0793013435302857 0.008449397317235343 0.013967658516379149 0.0014337699082979402
0.5172631150162026 0.16078659473767104 0.03251564228159295 0.009919749223643616 0.20065076810110147 0.06293762223031113 0.012185680754567801 0.003740827654909548
0.6299725311198421 0.14645155696598808 0.06985743882978203 0.01564701398190408 0.10057083769167934 0.024281328556289835 0.010731208322095178 0.002488084532419526
0.4079967337523003 0.256990066296184 0.023760880580743837 0.01451967604903202 0.1717496330000863 0.1095131202617118 0.009573350569653442 0.005896539490288321
0.638695075097279 0.16001314630972535 0.04721065973981318 0.0113147622087379 0.10581643427837034 0.027591266379203214 0.007493251512700243 0.0018654044741708837
0.5380620753198726 0.17454499146683908 0.051109557588973266 0.016102633970630602 0.15207721216664008 0.049932242913725756 0.013792479801579407 0.004378806771739253
0.5992302844601907 0.13750753264026142 0.04730829743495209 0.010459796990197641 0.15429369478354416 0.03676605377108343 0.011746517494993777 0.002687822424776727
0.68872512138733 0.07005858890078226 0.12655296410885522 0.012465784932448586 0.07854232558960053 0.008271530403951368 0.013964911752935509 0.0014187729240964205
0.4210410276310801 0.2658703918904687 0.026497979928058447 0.01641478941809755 0.15561633015327578 0.09921357517482801 0.009451773318879968 0.00589413248531147
0.6402291770928822 0.15952963113036694 0.04771535699837762 0.011380501949004456 0.10467260017016582 0.027136614805160785 0.007483074420881655 0.001853043433160302
0.4056930907618246 0.2676832201040963 0.023151499953773618 0.014825736722205994 0.16421853560644747 0.10969952591836321 0.00895120266953773 0.005777188263751229
0.6201530277638494 0.15596128964486905 0.06565114086832748 0.015794253452796538 0.1025866339019319 0.026846383714387655 0.010406974576821906 0.002600296077015961
0.4123446832465758 0.26093332443467465 0.023800340363937373 0.014592070029458105 0.16664367189431248 0.10683257993616403 0.009178512547118448 0.00567481754775931
0.6390644676107511 0.15995885129964998 0.04732324092709537 0.01133371142331044 0.10549267223449436 0.02747789006760409 0.007486991233946399 0.0018621752031482046
