0.125 0.125 0.125 0.125 0.125 0.125 0.125 0.125
0.099626400996264 0.07845579078455792 0.199252801992528 0.15691158156911583 0.08685378548392246 0.06839735606858895 0.17370757096784492 0.1367947121371779
0.0745303753200788 0.12421729220013136 0.1056354961590544 0.1490607506401576 0.0931629691500985 0.15527161525016417 0.11179556298011822 0.186325938300197
0.06344843213867375 0.10574738689778962 0.0626255954080283 0.09517264820801065 0.1268968642773475 0.2415565988045162 0.11420717784961276 0.1903452964160213
0.08769198837691987 0.1551473640514736 0.07644942576449425 0.13525667635256675 0.10523038605230385 0.18617683686176836 0.0917393109173931 0.1623080116230801
0.09627750811077455 0.07581853763723496 0.20624936120788978 0.15163707527446993 0.08393423784016242 0.08601837965088754 0.16786847568032484 0.13219642459825584
0.07194492145209899 0.11990820242016499 0.11552486120739273 0.14388984290419798 0.08993115181512375 0.17102133439262546 0.10791738217814852 0.1798623036302475
0.07059325580244839 0.11765542633741399 0.10087878523997308 0.14118651160489679 0.0882415697530605 0.1990714280524136 0.10588988370367261 0.176483139506121
0.09275238610074582 0.1447615706606873 0.09136477969227076 0.13028541359461854 0.10857117799551545 0.25637936360342706 0.09771406019596392 0.07817124815677114
0.0840225204328725 0.14865522845815904 0.07325040242865809 0.12959686583531815 0.10082702451944701 0.2202312364087738 0.0879004829143897 0.15551623900238176
0.13526368737531475 0.09845724542981438 0.16866820984260042 0.11814869451577725 0.11970738319726902 0.12595789207890293 0.13079546157220764 0.10300142598811352
0.08506525555918139 0.11497292474186876 0.106844063355618 0.13796750969024252 0.09645345907587778 0.1827617681967266 0.10347563226768189 0.17245938711280315
0.06682046618956651 0.097163357677409 0.06210218198320487 0.0874470219096681 0.13592283731086513 0.2707136648183484 0.10493642629160171 0.1748940438193362
0.1066804612168196 0.08611555303044473 0.13335057652102447 0.1076444412880559 0.12801655346018354 0.14899839311257518 0.1600206918252294 0.1291733295456671
0.09751949471068601 0.137028932469535 0.1216140342215127 0.164434718963442 0.09171171774531717 0.15832575030973156 0.08601200684241582 0.1433533447373597
0.08281960983967702 0.11393155262261848 0.09932169054117956 0.13671786314714215 0.1024480045409853 0.1913255530141131 0.10253839736035662 0.17089732893392767
0.09889782625968006 0.13960268816219218 0.08843898049218907 0.12564241934597298 0.13044976676369552 0.2473510528592067 0.09423181450947973 0.07538545160758378
0.0745631831981673 0.12065044616058894 0.08524216304824218 0.1508130577007362 0.0818324765263125 0.20363240846717887 0.10229059565789063 0.1809756692408834
0.1172461067891178 0.07944043438175212 0.1389953093149979 0.09532852125810255 0.15080092480968282 0.1477129387656193 0.15131511310809928 0.11916065157262817
0.07675734959883485 0.12239194817604478 0.08647257208090119 0.15298993522005597 0.08301366919766515 0.19101951696534955 0.10376708649708144 0.18358792226406714
0.1075217762665921 0.07153367742398722 0.20897766556599612 0.14306735484797445 0.09492256228262139 0.09087013444276283 0.15838144289234452 0.12472538627772134
0.08548170924289698 0.11282172194526909 0.11894425059350545 0.1353860663343229 0.10424657905457523 0.17234754016078457 0.10153954975074218 0.1692325829179036
0.06875378502330025 0.09483058222342858 0.06470400162370016 0.08534752400108571 0.1439147497174637 0.2693372806075474 0.10241702880130285 0.17069504800217142
0.0706363847079154 0.11719270514889144 0.08279919385519505 0.1464908814361143 0.07948722610098724 0.22824551840132545 0.09935903262623405 0.17578905772333714
0.09458801380274015 0.1345392722753997 0.1145954633606861 0.1614471267304796 0.08454134583405262 0.18509073455720382 0.08444926628978934 0.14074877714964887
0.10216026157993528 0.13722318593978025 0.09296670783151076 0.1235008673458022 0.12506800672055515 0.2523547996655834 0.09262565050935166 0.07410052040748133
0.08522443999997929 0.13706719594661754 0.06754035742297096 0.11949447851756402 0.10435515010029739 0.2618765748839287 0.08104842890756515 0.1433933742210768
0.0990250615560086 0.07376985526388656 0.18277307423589803 0.14753971052777312 0.09066574368016499 0.10894504844896456 0.16449576681230824 0.13278573947499583
0.1088958144283532 0.06850899444224708 0.24454386010090287 0.13701798888449415 0.0936298594271677 0.07626735656444959 0.15168454609923648 0.11945158005314875
0.08585265514216664 0.11163015885009298 0.12920665961771172 0.13395619062011158 0.10436430887274308 0.16707764565695082 0.10046714296508369 0.16744523827513944
0.10028060717195447 0.13700130169952351 0.09749203261628615 0.12330117152957118 0.13091437374217868 0.24455393167556488 0.09247587864717838 0.0739807029177427
0.07153738988874067 0.11511025179033459 0.08919666610634894 0.14388781473791826 0.08821847808607096 0.2217905473611055 0.09759347434397933 0.1726653776855019
0.07814468019136649 0.1101266855023996 0.09662787285296234 0.13215202260287953 0.10166622933284676 0.21697846431178625 0.09911401695215964 0.1651900282535994
0.07919876160941985 0.10957946752983568 0.09772917500217614 0.13149536103580278 0.10422258124964491 0.21478393150151506 0.0986215207768521 0.16436920129475346
0.07936442105566442 0.10954038141758367 0.09792638580802826 0.1314484577011004 0.10483199176818439 0.21399144684723792 0.0985863432758253 0.16431057212637548
0.0793975543424688 0.10954476058017144 0.09797075389989461 0.13145371269620573 0.105002128756535 0.21372366433231307 0.0985902845221543 0.16431714087025714
0.11803736701645279 0.0768427533465162 0.1454655530872492 0.09221130401581944 0.15594757591567177 0.1498641673670568 0.14636714923145944 0.1152641300197743
0.07448780750423951 0.11817706403498288 0.0953440061252229 0.1477213300437286 0.09234993728493178 0.1944606611856303 0.10019359776878983 0.17726559605247427
0.10611546025021501 0.06997673743494827 0.21909082844009517 0.13995347486989654 0.09621396562343809 0.0917045619457385 0.15493424975422002 0.12201072168144828
0.10644792262406773 0.13839043172143456 0.11717078749668568 0.1245513885492911 0.13046498932985592 0.214830105737122 0.09341354141196834 0.07473083312957467
0.0718890233550139 0.11495722841719438 0.09073176699393834 0.14369653552149297 0.09566321632931292 0.21316264962093892 0.09746373713631698 0.17243584262579156
0.10523999632820079 0.06972289278460622 0.2182020977473177 0.13944578556921244 0.09666258322942982 0.09478630675982834 0.15437221682875776 0.12156812075264674
0.10603639286540345 0.1380437256359308 0.11753400329191377 0.12423935307233769 0.13031739087874064 0.21610600760801785 0.09317951480425328 0.07454361184340262
0.08470169082512014 0.135484838844179 0.07461039080681578 0.11811498771030991 0.11274025913776485 0.25249707315035874 0.08011277427307975 0.14173798525237188
0.12684712002873866 0.09439572382982754 0.15708319097627615 0.11799465478728444 0.12589944315314133 0.14002944339960663 0.13155523451656936 0.10619518930855598
0.09367638654882947 0.13590181625155073 0.11101826703921225 0.16987727031443842 0.08419536711978522 0.16602552063106196 0.08641582881212737 0.15288954328299453
0.10967015362377679 0.06938892021049745 0.22694359950753026 0.1387778404209949 0.09379432533569723 0.08680657721128071 0.15363277409243228 0.12098580959779043
0.08606701121553394 0.11098841616358203 0.12826929325890962 0.1331860993962984 0.10416662065538579 0.17095036051769327 0.09988957454722383 0.16648262424537302
0.1002185686484668 0.136083272115493 0.09839118443076877 0.12247494490394369 0.1303052777207608 0.2471855765602429 0.09185620867795777 0.07348496694236621
0.07785038548883291 0.11260152889985683 0.08756082683880861 0.14075191112482105 0.09408349161138396 0.22278304905402407 0.09546651363248733 0.16890229334978527
0.1064055685691796 0.0695246114600229 0.21733151483879537 0.1390492229200458 0.09616038034499794 0.09637309672358746 0.15393320567461313 0.12122239946875787
0.10616342690190311 0.13783281693031244 0.11769871231018736 0.12404953523728118 0.1300226953766029 0.21676594067338334 0.0930371514279609 0.07442972114236872
0.09341450475139876 0.1338144951763104 0.0738287251995752 0.11665879066652701 0.11164063095566774 0.251527211650783 0.07912509279990527 0.13999054879983241
0.07715024282308841 0.11313566370048932 0.08592268916355973 0.14141957962561164 0.09186594653797485 0.22488301554812729 0.09591936705041486 0.16970349555073394
0.10633528651538096 0.06959368858987212 0.21688264513672506 0.13918737717974425 0.09579161988056574 0.09678039293462024 0.15408614811921217 0.12134284164387962
0.07383339043201308 0.09587371775728573 0.08184567397399195 0.08628634598155716 0.1445935022044838 0.24145106250968537 0.10354361517786859 0.1725726919631143
0.11626320254610537 0.07954565927246124 0.13342660468599718 0.09943207409057656 0.14849783709536313 0.15570367699152965 0.14781245640927498 0.11931848890869186
0.14835677525244176 0.09261020879409163 0.16274087335706336 0.11576276099261454 0.13021105861575313 0.11706499859993172 0.12906683949475084 0.10418648489335308
0.11792664423924067 0.06904214041487532 0.22062137302693655 0.13808428082975063 0.09482157725469485 0.08127446315963142 0.1539536683280951 0.12427585274677558
0.12633638281103998 0.07569787183053639 0.18348340560052598 0.09083744619664368 0.15068762096513602 0.11522404231595841 0.14418642253435504 0.11354680774580458
0.0854191261160992 0.11393606613464294 0.11380170532757948 0.1424200826683037 0.09825800518057955 0.17866294625667675 0.0965979691141538 0.17090409920196437
0.1073520303203353 0.06898294780506618 0.22790341714352672 0.13796589561013237 0.0962228935632738 0.08856093747200704 0.15273391781015871 0.12027796027550001
0.12348951961502747 0.07552666124629737 0.18549243240488233 0.09063199349555683 0.15085837362621177 0.11685072060677396 0.1438603071358045 0.11328999186944602
0.12665024386868218 0.07750228959785975 0.1702195688681723 0.09687786199732469 0.14653319544172694 0.12194795724834692 0.1440154485810976 0.11625343439678963
0.1282719711510095 0.07771123588882983 0.16644844998015637 0.09713904486103729 0.14597170189661546 0.1234870279389678 0.14440371445013903 0.11656685383324476
0.14866557147935372 0.08960729372617886 0.1907592974048453 0.11200911715772358 0.1261413777478165 0.1071273303006091 0.12488180674152166 0.10080820544195121
0.11659997319592899 0.06742489861070672 0.2390793747816985 0.13484979722141344 0.09229889633060895 0.07803478187619833 0.1503474604841729 0.1213648174992721
0.08734513266290934 0.11087226377623133 0.1311594582309663 0.1330467165314776 0.10380512727509984 0.16767786846036045 0.0997850373986082 0.16630839566434696
0.09908936774608393 0.14926587237526534 0.09774311604999793 0.12034818665367975 0.12836918613985782 0.2427142190526473 0.09026113999025984 0.07220891199220786
0.09342286704433922 0.13061587895523172 0.08009402876278962 0.11387025344815073 0.10924815540325139 0.2588707751271019 0.07723373712135441 0.13664430413778086
0.10703755535070401 0.0691099324032715 0.20552178997824075 0.138219864806543 0.0961864008521495 0.1054217439391913 0.15410483434401137 0.1243978783258887
0.0848135475450641 0.11765006672511989 0.12284480141719131 0.1316168942483867 0.10365847451477804 0.17618242705268655 0.09871267068629005 0.1645211178104834
0.09711638876049687 0.16005632576322865 0.09480212468487617 0.11835077445589288 0.12651981065939824 0.2433810301606518 0.08876308084191967 0.07101046467353574
0.07874925885180932 0.11040894482580108 0.09739901018010319 0.13801118103225132 0.09656896400579701 0.219641640208879 0.09360758365665743 0.16561341723870157
0.09374143709093452 0.15487473224521717 0.1172399589321718 0.1543877173590544 0.08502904387990672 0.17937603807393188 0.08075665215704386 0.13459442026173976
0.09844818368720208 0.16805919031796537 0.09315298023135204 0.11751026522435323 0.12074647379868823 0.24344404868756223 0.08813269891826493 0.07050615913461195
0.09297082028762556 0.13002473568902845 0.07969441646497762 0.11335489778017865 0.11251897872198877 0.2585260821821261 0.07688419153786029 0.13602587733621438
0.10676960164186408 0.06898190390445987 0.20644268256878587 0.13796380780891973 0.09661126109498544 0.10524396605256467 0.15381934990039256 0.12416742702802773
0.1077368791575001 0.07409917979456183 0.2608100675637158 0.1314871664719045 0.09193152102147811 0.0737436502210393 0.1455616983327555 0.11462983743704495
0.07337450895795555 0.10076370934036338 0.08394193686124816 0.08784528506595782 0.1376882782360467 0.2413923456797778 0.09930336572673493 0.17569057013191564
0.10230215890787665 0.06903625376150951 0.2090325080420406 0.13807250752301903 0.10101850003720844 0.10233227298793429 0.15394054196969434 0.12426525677071713
0.1066562681750761 0.07406082584953644 0.2618455006310731 0.13140889862156196 0.09274792207325404 0.073243928117942 0.14547505260506655 0.11456160392648991
0.08274401577507302 0.11386878562551041 0.1366869505586055 0.14233598203188802 0.09351186963044468 0.16350829099684516 0.09654092694336754 0.17080317843826562
0.10469940691925264 0.08142042087916417 0.23448767111745372 0.13466672819771766 0.0934727931456082 0.0847696128310344 0.1490816038656052 0.11740176304416411
0.08400257224264768 0.12526633738339518 0.1286373975290701 0.1306482367202095 0.10252006638490241 0.16762891629935614 0.09798617754015711 0.16331029590026186
0.06747361087748835 0.11266045632759811 0.06675602394559725 0.08235024975295416 0.14052121608067322 0.2667176438062356 0.09882029970354497 0.16470049950590832
0.07355311475736957 0.11014424475235633 0.09174691841376399 0.13768030594044545 0.10106536425748579 0.2272105207208727 0.09338316402917168 0.1652163671285345
0.10253998408313061 0.06926048669100214 0.21322892304185292 0.13852097338200428 0.0973496209713469 0.09999058785199783 0.15444054793486148 0.12466887604380385
0.10661035497496661 0.07402228296022313 0.26350130858124615 0.13129941862053846 0.0919357642722107 0.07281085702424683 0.14535385374353463 0.11446615982303351
0.08255912684656186 0.11351760361871627 0.13704087628478429 0.14189700452339535 0.09550649923738086 0.16295929838434933 0.09624318567673772 0.17027640542807437
0.14027754977688656 0.10907401834118467 0.18872229693703002 0.10829188605514743 0.12583045909578452 0.11351190945203486 0.11988356942205983 0.09440831091987212
0.08747765628091796 0.11200968169521036 0.11978000059913553 0.14001210211901294 0.10171190591431886 0.1760294007156929 0.09496473013289575 0.16801452254281554
0.14192964615736992 0.10890070473631529 0.18242868272422555 0.10833082352322387 0.12761693392654405 0.11642427772763485 0.11992667479982455 0.09444225640486184
0.08771771559601027 0.111942316258838 0.11836659040978408 0.13992789532354752 0.10221938710907685 0.17700500495590613 0.09490761595858005 0.167913474388257
0.10626896116886916 0.08148719100156061 0.2268750561309848 0.13511309038286606 0.0956055655023166 0.0872834913520699 0.1495757451531932 0.11779089930813966
0.08428302140120769 0.12526925686960497 0.12698293864260854 0.13064474582581564 0.10298446714910968 0.16854607846002218 0.09798355936936173 0.16330593228226953
0.09713579339915647 0.16206962091603933 0.0957125813787031 0.11846533171107057 0.12646790253260234 0.24022057225248297 0.08884899878330293 0.07107919902664235
0.09228404394625447 0.12920209142791655 0.08020678284362968 0.11263772073202984 0.11771881794304688 0.2563875198191361 0.07639775840955064 0.13516526487843578
0.1187573451195195 0.07672646821867299 0.14456831083666055 0.09590808527334123 0.1503499677613517 0.15602631011580587 0.1425738103466386 0.11508970232800948
0.12408174692715292 0.07567966872041451 0.1634046185281819 0.09459958590051813 0.15858018687887615 0.12950605181958366 0.14062863814465085 0.11351950308062175
0.12504016406241222 0.07539820409015352 0.1689032988857895 0.09424775511269189 0.16066909401054688 0.12253855965505467 0.14010561804812108 0.11309730613523025
0.10994205688520628 0.06613200141298488 0.23954065076787534 0.13226400282596976 0.106132782737409 0.07948641012419783 0.14746449270298417 0.11903760254337278
0.10537112285698655 0.06560921641185238 0.26760671468653263 0.13121843282370477 0.09408268114703647 0.07171648235448197 0.14629876017807086 0.1180965895413343
0.12087328682395457 0.07596270879671445 0.20268320399535542 0.09495338599589306 0.14160646038717242 0.10882230505671976 0.14115458574911866 0.11394406319507167
0.10811075448581746 0.06560373915789935 0.25262849798211934 0.1312074783157987 0.10145958701875384 0.07661666583613606 0.14628654671925617 0.11808673048421883
0.09527101365604503 0.13047316442494533 0.15511506945634695 0.16309145553118165 0.08456260259370132 0.1417404700242891 0.08296391433542719 0.14678230997806346
0.14340612898611738 0.11122807745781217 0.1943953993645234 0.1075825258175442 0.12213351136422279 0.10836618422797283 0.1190982784793326 0.09378989430247443
0.1047243486580653 0.13317088159956586 0.10044038244335855 0.11609769165090356 0.12042625840725257 0.2070786859661135 0.07874452129365632 0.13931722998108428
0.10845828169985001 0.0682748347498395 0.21497911120489477 0.136549669499679 0.10083473603918794 0.0957659730385388 0.1522426912182988 0.12289470254971109
0.10776383575203853 0.07374183503206498 0.26386888884803306 0.13098115861835494 0.09244382907789721 0.07201022344798819 0.14500152683839046 0.11418870238523253
0.0827400288827129 0.11340232300821028 0.13720535587770363 0.14175290376026287 0.0961076149010203 0.16254284128994412 0.09614544776783047 0.17010348451231544
0.14032840831726065 0.1090339240636912 0.18875146628565875 0.10826773703899668 0.12597019323152034 0.11340417766295303 0.11985683546848633 0.09438725793143299
0.08750228604893634 0.11194475118616917 0.11984503050852038 0.1399309389827115 0.102027828243866 0.17592235789705163 0.09490968035349127 0.16791712677925377
0.10617963634782566 0.08145200713179368 0.22746712801354985 0.1350540604290766 0.09552497152050668 0.0870723626923023 0.14951039656780155 0.11773943729714373
0.08427312586664351 0.12526029455569118 0.1271104346183867 0.13064146163014798 0.10296554412193654 0.16846621594689806 0.09798109622261099 0.16330182703768498
0.11736052426548149 0.09251692498347397 0.1542212662757011 0.0901683673648391 0.15278707197471075 0.13711099328714285 0.14312439264260174 0.11271045920604887
0.08327970830640845 0.11166476121197859 0.11202958867299899 0.13958095151497324 0.10724002206470232 0.1840355288616844 0.0946722975492862 0.16749714181796788
0.10543900812705875 0.08160660486989527 0.2243432414574907 0.13535963308323198 0.09681292340644342 0.0885840770287435 0.14984867805713917 0.11800583396999713
0.12198144186771367 0.08582676386084534 0.18329604920836343 0.08949548537458506 0.14968960432382944 0.11578497265502681 0.14205632599140486 0.11186935671823132
0.09996880435507777 0.13267160353930688 0.09811209983967768 0.1156624235983701 0.12677177089556768 0.20956909344810482 0.07844929600585102 0.1387949083180441
0.1074254083148916 0.06829897420976076 0.21402114509917805 0.13659794841952153 0.1021884691504907 0.0962333826175692 0.15229651861101876 0.12293815357756938
0.12258626779228339 0.08406923033381723 0.1801874196727263 0.08959181768773306 0.15154251995499174 0.1178237380238089 0.1422092344249731 0.11198977210966632
0.08428208285381342 0.11170155909635535 0.11778925989069769 0.13962694887044416 0.10713252520656319 0.17721178968198764 0.09470349575560562 0.167552338644533
0.07918399981778328 0.12942412194197386 0.10207511498789677 0.12879809833053388 0.10399132436034006 0.19893114390040448 0.0965985737479004 0.16099762291316733
0.07778576408256863 0.1320803446482703 0.09814446748001333 0.12789345492697313 0.10265243482663317 0.20565662418159517 0.09592009119522985 0.1598668186587164
0.07692207948082662 0.13810664165532296 0.09657203917869817 0.12668583202279915 0.10157958879520741 0.20676215482154733 0.09501437401709938 0.1583572900284989
0.07668213108897602 0.13943787071971875 0.09613399313841663 0.12651808695283304 0.10123187923193953 0.20695986496244992 0.09488856521462477 0.15814760869104127
0.07662575705188573 0.1397402371279136 0.09602443486589286 0.12649186823563702 0.10113734590624804 0.20699662034114874 0.09486890117672778 0.15811483529454629
0.09349099302468038 0.17060975992693364 0.08785979290984712 0.11576406624369937 0.12338831233187667 0.25260558613396866 0.08682304968277452 0.06945843974621961
0.0656125496492035 0.09255909736556045 0.05650703052713873 0.08069254642125784 0.13972925209940004 0.31229676992306704 0.09121766117185669 0.16138509284251568
0.1003383994991763 0.06867595590773176 0.19645169442771135 0.13735191181546352 0.1058208985659648 0.11460728761846598 0.15313713153156902 0.12361672063391718
0.12065443502256655 0.0864077346419238 0.17466405888660577 0.0894562698500531 0.15259442903141623 0.12240865612779965 0.1419940791270684 0.11182033731256638
0.08391163318761657 0.11166922821621349 0.116540970250711 0.13958653527026688 0.10729961512958693 0.1788120908292777 0.09467608479200709 0.16750384232432022
0.10509974468252535 0.08472695215350912 0.22548856386278265 0.13457047915062037 0.09640242982991971 0.08741892448819834 0.14897505221395496 0.11731785361848956
0.10366875128274461 0.16049275466722335 0.1172431878542613 0.12066935121139523 0.12718415216549175 0.2078381786835002 0.09050201340854643 0.07240161072683714
0.08009573746211415 0.11056318374439904 0.10301154229334143 0.1382039796804988 0.10090653253092131 0.20763589723665798 0.09373835143546877 0.16584477561659858
0.1046383690306315 0.08490812401168359 0.2200716672737929 0.13509447004466293 0.09549645650579829 0.0924611152672723 0.1495551316733753 0.11777466619278307
0.08360057159929489 0.12960170934272972 0.12501725231331834 0.1298904525653868 0.10246369595315674 0.16964541309533995 0.09741783942404011 0.1623630657067335
0.07849063973052271 0.13845999312621607 0.10291339222727436 0.1276311095513654 0.10225261501242006 0.1949900312494707 0.09572333216352406 0.15953888693920673
0.1151239066250583 0.10106140196305373 0.14581921028739028 0.08937999396491704 0.15167883576413707 0.1433386526457782 0.1418730062935191 0.11172499245614631
0.08289124455893332 0.11170908485938918 0.1102102150519387 0.1396363560742365 0.10699538498507329 0.18628421088751537 0.09470987629382997 0.16756362728908378
0.13976262440122872 0.1152778376633316 0.17797879820399934 0.10755279789442089 0.12842341062655246 0.11817518511251249 0.11906536844640815 0.09376397765154643
0.10373449322915064 0.1329105031770576 0.09726907680012353 0.11587069507743486 0.12170366807050861 0.21087617115245585 0.07859055840034711 0.13904483409292182
0.10831928234621978 0.06832473788047747 0.21370592908558958 0.13664947576095493 0.10118498593960569 0.0964770930509001 0.152353967751393 0.12298452818485943
0.08428735545829448 0.12720103559052437 0.12369260246294833 0.12994982046901432 0.10376934749999914 0.17120019758119062 0.09746236535176075 0.16243727558626792
0.07836444682761315 0.14060757751358513 0.10233739745848519 0.12713958024347638 0.10223012149985589 0.19504171597003137 0.09535468518260727 0.15892447530434545
0.0937565544449264 0.17495597008042438 0.08898262241943199 0.11556438694989582 0.12355837426641646 0.24717016945654546 0.08667329021242187 0.06933863216993749
0.07795930583084854 0.10994245280607823 0.09645041790817106 0.1374280660075978 0.0995908948585189 0.2205031038266887 0.09321207955297937 0.16491367920911731
0.09268334745177272 0.16303812881389448 0.11588680270167136 0.15257486334668077 0.08476707541816182 0.17822740877911544 0.0798083900582638 0.13301398343043966
0.118571373469024 0.10559459742728776 0.14958831296305575 0.0890790155486059 0.1456190157765286 0.13880365260417568 0.1413952627755649 0.11134876943575735
0.0989827272677982 0.13248642124165036 0.09179986557523215 0.11550098262092594 0.12538484068831238 0.21890418655286362 0.07833979690810629 0.13860117914511114
0.10739963755625441 0.06842260911195647 0.21153188536800488 0.13684521822391293 0.10210039944040102 0.09796734790800374 0.15257220598994473 0.12316069640152165
0.10735756004797424 0.07671977072184114 0.2620952925175232 0.13060560960890258 0.09254277905580605 0.07223190871605024 0.14458577864721814 0.1138613006846843
0.12156823404322588 0.07609705382903281 0.20117937000128533 0.09512131728629102 0.14136837159623342 0.10911584560911992 0.14140422689126245 0.1141455807435492
0.10832994646491377 0.06563689958805037 0.2520856367354307 0.13127379917610074 0.10146747160390077 0.07669933764393806 0.146360489529175 0.11814641925849065
0.10463524711411369 0.06534292676461508 0.2721869731428231 0.13068585352923015 0.09282825097678535 0.07099850628667033 0.1457049740094551 0.11761726817630712
0.10327533059062131 0.0649855060430188 0.27952763237119255 0.1299710120860376 0.09064171078501214 0.0697169181000119 0.14490797914667175 0.11697391087743383
0.13743921768744877 0.08671541336823507 0.23587474966912117 0.10839426671029385 0.1203990562790043 0.09277093798903603 0.12085151825759627 0.09755484003926446
0.08700016856314793 0.11174335768684168 0.13010353944791833 0.1396791971085521 0.10085580969733501 0.16826395727492444 0.09473893369101795 0.1676150365302625
0.14059654315572928 0.11491547513240492 0.18485643906772176 0.10720842119197228 0.12634072398881097 0.11393451637448442 0.11868412928049027 0.09346375180838609
0.10402042455109392 0.13302660831080546 0.09859963499730078 0.11597191493762528 0.12131646089355065 0.20923944651373633 0.07865921187073713 0.1391662979251503
0.10835565644301465 0.06830303993438709 0.21424039724964986 0.13660607986877418 0.10107294662704924 0.09617082342511737 0.15230558457011092 0.12294547188189676
0.10747507941159576 0.076626983382784 0.2630921856746328 0.13047673333104085 0.09225289440928187 0.07188406947421362 0.14444310730990273 0.1137489470065484
0.08271674919823517 0.11344110500550886 0.1370610857041671 0.14180138125688607 0.09609917885778886 0.1625405143123061 0.09617832815684448 0.1701616575082633
0.13937389074417525 0.11538859539984278 0.18757975090702 0.10733865363535922 0.1251427094952907 0.11277081008484968 0.11882830194879 0.09357728778467214
0.12930532476700843 0.07563650580096506 0.17703054520689612 0.09454563225120632 0.15080529183597333 0.11867350901530684 0.14054843242119627 0.11345475870144758
0.11068700105769567 0.06599548599701612 0.2427367939319428 0.13199097199403223 0.10394971584640869 0.07868807267746643 0.1471600837008091 0.11879187479462901
0.0831866262387729 0.11331206087258923 0.13253100300199822 0.14164007609073656 0.09842727944457408 0.16486594186785863 0.09606892117458654 0.16996809130888385
0.10438217332767719 0.08630644000265933 0.23178610608821568 0.13383831042679004 0.09409932440850537 0.08474358172700168 0.14816451133938496 0.1166795526797657
0.08342874839405975 0.13190675889503217 0.12740950457931874 0.12958613225816693 0.10199115175278288 0.16650543960430567 0.09718959919362519 0.16198266532270864
0.09576894793945591 0.17374008668879345 0.09470116161360391 0.1167513585496274 0.12469914850273699 0.2367249626637853 0.08756351891222056 0.07005081512977644
0.0784562456456374 0.11016612674455067 0.09784536295840046 0.13770765843068833 0.10001629034518075 0.2171574096057276 0.09340171615298862 0.165249190116826
0.10424569332600978 0.08658586557072363 0.2176519702952287 0.13499638541495693 0.09532102488944041 0.09406335603171533 0.14944654795632184 0.11768915651560348
0.08333297011620007 0.13187769702914112 0.12425240110780926 0.12950966629671923 0.10217808042037234 0.16982985243631962 0.09713224972253942 0.161887082870899
0.07816839300707587 0.14183321127482773 0.10242029516190473 0.12708492433033108 0.10184492292340595 0.19447840464179242 0.09531369324774833 0.15885615541291387
0.06525886993327237 0.12211454323670631 0.06197475740968413 0.0804735827445581 0.13755077087014855 0.27511201102304467 0.09656829929346969 0.1609471654891162
0.07298417560048177 0.1097600310325621 0.09054210043381201 0.13720003879070264 0.10213220578325496 0.22968398419577984 0.09305741761456354 0.16464004654884318
0.08812601250027773 0.13053844201085568 0.11447110969440151 0.16317305251356962 0.08446896800989176 0.18936124564319254 0.08300542236559846 0.14685574726221265
0.1059024734190911 0.08958811179304643 0.2241852429929234 0.13418378794504662 0.09157612706683803 0.08903654942089878 0.14854696915365356 0.11698073820850217
0.08364822833952804 0.13273602461146322 0.1256945703740791 0.12951834616351984 0.10136618157742808 0.16799995660694203 0.09713875962263989 0.1618979327043998
0.09576886155629966 0.17393154872213734 0.09432314716153072 0.11669265543895689 0.12446997287711627 0.23727872940136732 0.08751949157921768 0.07001559326337414
0.09224020334327797 0.12952093421587763 0.08016415640701234 0.11291568623948306 0.11753273138534975 0.2555411733852745 0.07658629153634502 0.13549882348737968
0.09090887251802741 0.12868496359125486 0.11066206420277803 0.16085620448906857 0.08630281352708866 0.1959876457828337 0.08182685184878706 0.1447705840401617
0.10656919527874978 0.08928790012820864 0.22243671697356987 0.13414695239056806 0.09196137485798564 0.09014304452926482 0.14850619068064513 0.11694862516100805
0.10360203274204197 0.16406295557316505 0.11624661301969401 0.1201386328971366 0.12547436309755178 0.2082882482592763 0.09010397467285246 0.07208317973828196
0.06819439962855586 0.0941548551289217 0.06104514332252349 0.08208371985598303 0.14271211335687842 0.29485203698406015 0.09279029201111123 0.16416743971196607
0.10089630923294399 0.06866904747945737 0.19847394789755554 0.13733809495891475 0.10637318804689319 0.11152340015358604 0.15312172676762584 0.12360428546302327
0.10634470656473101 0.0771018763997257 0.25726487915439883 0.13119586951999848 0.09380136747726789 0.07467619400303467 0.14523922063263972 0.1143758862482038
0.09878334421380351 0.13582098577699817 0.11335637286445248 0.11840803888251124 0.11542382797600222 0.1958062442112548 0.08031153941596413 0.14208964665901347
0.10690850270466955 0.06818868018328268 0.22043705891237145 0.13637736036656536 0.0996189490683752 0.09367924504105934 0.15205057939376765 0.12273962432990883
0.10695585989258578 0.07647046035949998 0.26544698817353374 0.130237997824529 0.09180117816310082 0.07136787968001083 0.14417881729048385 0.11354081861625605
0.08261931829263643 0.11342128705025904 0.1375635272163788 0.1417766088128238 0.0959955064920553 0.1623302955830645 0.09616152597739355 0.17013193057538858
0.10411046149450824 0.08620924658426922 0.23381816153264612 0.1336627763356722 0.09347933241216097 0.08422331079660912 0.14797018788483043 0.11652652295930396
0.08337909063319818 0.13187700275106326 0.12784703071476639 0.1295790781467545 0.10185105214356567 0.16630858931714304 0.09718430861006591 0.16197384768344314
0.09576418642193568 0.173740977804056 0.0947917207515151 0.11675839327462476 0.12466923295764044 0.23665165786948472 0.08756879495596856 0.07005503596477484
0.0784569155933577 0.11016767729456949 0.09786578256176959 0.13770959661821186 0.10001172027065751 0.2171337609698359 0.0934030307497437 0.16525151594185422
0.10424529147923212 0.08658566176816347 0.21766043362191168 0.13499570707256955 0.09531956471789392 0.09405897919662608 0.14944579700341434 0.11768856514018884
0.1030495892536716 0.16308008663805032 0.11523972233239775 0.12011386923753323 0.1263531667340359 0.21000984233364142 0.09008540192814991 0.07206832154251992
0.0799875400472526 0.11055827870756894 0.10257188322734677 0.13819784838446117 0.10073336424276153 0.2083794745119689 0.0937341928172867 0.16583741806135338
0.13899711877836537 0.11513894244117592 0.1752999074206547 0.10763549044795853 0.12685173057145693 0.123083829242312 0.11915691250242048 0.09383606859565613
0.10347286537556026 0.13276048890083053 0.09668147546186773 0.11573991340072406 0.12118586296811941 0.21276964350545108 0.07850185430657804 0.13888789608086885
0.10828309066720208 0.06833019527472887 0.21346372345368433 0.13666039054945775 0.1010960909988551 0.09680602063552263 0.15236613692603723 0.12299435149451197
0.10748631389524643 0.07665162995498817 0.2628047467670505 0.1305120904600119 0.09228134430128192 0.07200185434605379 0.14448224910510066 0.11377977117026677
0.08272046014469854 0.11344257247109925 0.13699847420454814 0.14180321558887407 0.09610698012877317 0.16258486644290412 0.09617957231245372 0.17016385870664885
0.10415190715369342 0.08622759722607042 0.23359447448073326 0.13368639333842874 0.0935179682464927 0.08427821453568018 0.147996332877707 0.11654711214119429
0.08338686534465897 0.13188281352678352 0.1277991407469641 0.12958036924147112 0.10186017559196786 0.1663298970652122 0.09718527693110336 0.16197546155183892
0.07822398377133671 0.14191760818892887 0.10322760665336993 0.12716165836084792 0.10183498985475335 0.19331083644906727 0.09537124377063594 0.15895207295105987
0.06529624080562711 0.12218758296213991 0.06211013953787917 0.08051064897706665 0.13760870383732532 0.27465260715334844 0.09661277877247998 0.1610212979541333
0.07299930149735726 0.10977409438357437 0.09058109807609008 0.13721761797946797 0.10215507104946923 0.22954233454825768 0.09306934089042176 0.16466114157536155
0.10163318119197233 0.07642655157733688 0.21133190353477885 0.13705038481102164 0.09748847078540178 0.09992321034593732 0.1528009514236316 0.12334534632991948
0.10611534339600348 0.0781082620097142 0.26216068988672686 0.13070276797159108 0.09168849841421531 0.0725850985261139 0.14469333694860712 0.11394600284702812
0.07239129070014923 0.10756957152232768 0.08392671819367542 0.08661214542383232 0.1403673967068791 0.23799920482200893 0.09790938178346262 0.17322429084766464
0.13133764245802987 0.09861355881838954 0.1684991021075312 0.1106048172247342 0.13656230379311277 0.13152212298120058 0.12331611711474094 0.09954433550226076
0.14562327259533603 0.09537142966690519 0.1957530756728741 0.10778585948795029 0.1324500434358689 0.10583585599370302 0.12017318960820728 0.09700727353915525
0.14880391819270186 0.09434442339890482 0.2044371918912238 0.10692612119353975 0.130435914085607 0.09960427659432344 0.11921464556951371 0.09623350907418576
0.08815585492493624 0.12158639320525254 0.12224726856564316 0.13792541079321083 0.10196678586161889 0.1690583846377425 0.09354940905974299 0.16551049295185297
0.10564708896659993 0.0878229495837942 0.22726021151177966 0.13388142177920728 0.09492200819131111 0.08553694565289767 0.148212237378691 0.11671713693571917
0.08364106217079878 0.1323060900912161 0.12641783047238217 0.1295675313904434 0.1021583858681487 0.16677403722612408 0.09717564854283256 0.16195941423805424
0.07826104656606934 0.14201927161110894 0.10292658946978399 0.12714927271539994 0.10189059696479649 0.1934546772420414 0.09536195453654997 0.15893659089424994
0.06529675046182798 0.12220179299103082 0.062065165577993874 0.08050433832861728 0.13761475670621642 0.27470331328273834 0.09660520599434072 0.16100867665723456
0.07197060064833068 0.12205502101294358 0.08928595710096121 0.1349532735916443 0.10091515468774832 0.22734253995145728 0.09153352469694134 0.16194392830997312
0.10145367095330297 0.07735478584851617 0.21085277221827378 0.13713407194682664 0.09728500077525587 0.09960477717093508 0.15289425633474554 0.123420664752144
0.10609450171903048 0.07827841095264537 0.2619878053222683 0.13073050719987994 0.09166548917872284 0.07254905444885476 0.1447240454146005 0.1139701857639979
0.12064051725029246 0.08180950931515014 0.20049200611408025 0.09443188640238369 0.14035324359203644 0.10857523206592172 0.14037934157727486 0.11331826368286042
0.14199573652029 0.09352980829334832 0.2068539725303835 0.10747311279135122 0.1330145804947666 0.1005824874768391 0.11982450038080499 0.09672580151221608
0.14747149785402155 0.09399233889710182 0.20815654021822733 0.10671234738450616 0.13034972137173959 0.09830013790263752 0.1189763037257106 0.09604111264605555
0.14895157108074653 0.09394085675142076 0.20846597331150227 0.10659867200000402 0.12953109149631464 0.09772346640477984 0.11884956415522833 0.09593880480000361
0.14935785535880922 0.09391582264488535 0.2085419591056704 0.10657436992529029 0.12928969780777347 0.09758089306929976 0.11882246915551023 0.09591693293276128
0.08826217444145251 0.1215382482094281 0.12315507180037617 0.13792291094839007 0.10173905909700677 0.1683273288524571 0.0935477135128211 0.1655074931380681
0.10564266020678173 0.08779032466006947 0.22762222543315838 0.1338441736586349 0.09484919825076975 0.08539575139730815 0.14817100217805737 0.1166846642152202
0.1214845868357221 0.09079397235806352 0.1837312745974825 0.08892009669936472 0.14835780286074213 0.11441913514050676 0.14114301063391224 0.1111501208742059
0.08340811719164423 0.12125822607626094 0.1176851090505208 0.1381046299473159 0.10565371392608416 0.1744936814723457 0.09367096639904907 0.16572555593677907
0.07831607895706032 0.13915906366949848 0.10119425275818024 0.12737123343110754 0.10277267400478451 0.1964442303171538 0.09552842507333066 0.1592140417888844
0.09374115132113583 0.17446377591371737 0.08875759256262392 0.1155623043785926 0.12369514959439018 0.24777091531844003 0.08667172828394447 0.06933738262715558
0.08948160664229633 0.1492628819912724 0.07715208711136498 0.10947929957245611 0.11447246206124455 0.25452097820701325 0.074255524927405 0.1313751594869473
0.10478955665971774 0.07871043810247626 0.20387008451178218 0.13573213377792584 0.09951784055092391 0.10388982609836833 0.15133119989867252 0.12215892040013324
0.1069780082129881 0.07858977979881604 0.2591599711170125 0.130841088897749 0.0922144870654301 0.07330361068706191 0.14484646389982797 0.11406659032111453
0.08197344918836146 0.12164799733690389 0.13536157382534136 0.14037620436172377 0.09530456945465973 0.16167307416229396 0.09521168643664744 0.16845144523406855
0.09392170542194873 0.16753394334237165 0.1262015308774259 0.1533079167888841 0.08432864311477417 0.16086137139522913 0.08019183339726248 0.13365305566210411
0.1189153910351396 0.10646931613554274 0.15285349731589926 0.0891066499732495 0.14550057729137983 0.13433212884056125 0.14143912694166588 0.11138331246656188
0.09785189760997694 0.1452850938369195 0.0913116436994191 0.11370211191515048 0.12389699538433006 0.21439002995705164 0.07711969329897163 0.13644253429818057
0.07820464794875324 0.12597711491641028 0.09637255040977862 0.13633726179414912 0.09913374773456714 0.20789773330472236 0.09247222973864028 0.16360471415297892
0.07689254336995271 0.13953245442662224 0.09607510635649048 0.1264938543175268 0.1006804736555799 0.20733785923877415 0.0948703907381451 0.1581173178969085
0.07627831025092284 0.14413174186557065 0.09555018103389343 0.12572526968219092 0.10053582912605233 0.20632812867698808 0.0942939522616432 0.15715658710273864
0.07611947270619698 0.1453419723826455 0.09537804174118521 0.12562346188031315 0.10043939066955263 0.20585073685948033 0.09421759641023486 0.15702932735039143
0.0760854657974912 0.14567274844508749 0.09533442615921534 0.12561101879309317 0.10041046035645013 0.2056638428624764 0.09420826409481989 0.15701377349136644
0.11430631706316308 0.10348110092646592 0.14322231760503695 0.08917255773733601 0.15085310184040657 0.1459551652157056 0.1415437424402159 0.11146569717167001
0.06997318012299647 0.11221716361681082 0.06472674080044209 0.08187860317268203 0.15074555959355335 0.2641431253703367 0.09255842097781447 0.16375720634536406
0.10007642351141502 0.08190205328545533 0.19770582173494747 0.13522392252545581 0.10702187255532956 0.10560379383610517 0.15076458227838133 0.12170153027291022
0.10601952813561855 0.07977680328942525 0.2566839296696736 0.13094171055463977 0.0938117263771391 0.07365413399765565 0.14495785621026464 0.1141543117655834
0.07193043042181613 0.11317711574405252 0.08279582441955037 0.08593788749352095 0.14012694611460955 0.23700884365281977 0.0971471771665889 0.1718757749870419
0.10029765854693828 0.08182810543052403 0.20562634710916552 0.13504067761596358 0.10447762535876708 0.1006326982049836 0.15056027787929074 0.12153660985436723
0.12029400898594711 0.09045950616053862 0.1771324971039247 0.08909684443869512 0.15172257611868936 0.11849994904273282 0.14142356260110336 0.11137105554836889
