Action: 0
[0.5432493339000001, 0.1200587661, 0.11276966609999999, 0.024922233899999997, 0.13496456610000002, 0.0298273339, 0.028016433899999995, 0.006191666099999998]
[0.51269294076, 0.15012921924000003, 0.09311225923999997, 0.027265580759999995, 0.14192010924, 0.04155773076000001, 0.02577469075999999, 0.007547469239999998]
[0.5551859316640002, 0.10796018833599999, 0.13031342833600001, 0.025340451663999994, 0.12286234833599999, 0.023891531663999988, 0.028838291663999992, 0.0056078283359999965]
[0.5251410227700001, 0.13816707723, 0.10901067722999998, 0.028681222769999994, 0.13046574722999998, 0.03432615276999999, 0.02708255276999999, 0.007125547229999998]
[0.51269294076, 0.12753300924, 0.09311225923999995, 0.023161790759999988, 0.16502409924000003, 0.04104995076, 0.029970700759999993, 0.007455249239999998]
[0.4823392250949999, 0.156266924905, 0.07560088490500001, 0.024492965095000006, 0.170617624905, 0.055276225095000006, 0.02674226509500001, 0.008663884905000004]
[0.5251410227700001, 0.11605680723000002, 0.10901067722999998, 0.024091492769999993, 0.15307287723000004, 0.033829292770000005, 0.03177542277, 0.0070224072299999996]
[0.495214772325, 0.14501117767500002, 0.08993797767499996, 0.02633607232499999, 0.15939827767500003, 0.04667577232500002, 0.028948972324999992, 0.008476977675]

Action: 1
[0.6699399999999999, 0.14706000000000002, 0.03526000000000003, 0.007740000000000009, 0.10906, 0.023940000000000006, 0.0057400000000000055, 0.0012600000000000016]
[0.6111, 0.2037, 0.018900000000000014, 0.006300000000000005, 0.11640000000000003, 0.03880000000000001, 0.0036000000000000034, 0.0012000000000000012]
[0.687456, 0.13094400000000003, 0.051743999999999964, 0.009855999999999995, 0.093744, 0.017856000000000004, 0.007055999999999995, 0.0013439999999999993]
[0.6290899999999999, 0.18790999999999997, 0.03311000000000003, 0.009890000000000008, 0.10241, 0.03059, 0.005390000000000006, 0.0016100000000000014]
[0.56648, 0.14161999999999997, 0.017520000000000018, 0.004380000000000003, 0.20952000000000004, 0.052379999999999996, 0.006480000000000007, 0.0016200000000000012]
[0.5131169999999999, 0.189783, 0.005183000000000004, 0.0019170000000000016, 0.20958300000000002, 0.07751700000000002, 0.002117000000000002, 7.830000000000008E-4]
[0.5842499999999999, 0.12825000000000003, 0.030750000000000024, 0.006750000000000008, 0.19474999999999998, 0.04275000000000001, 0.010250000000000009, 0.0022500000000000024]
[0.531075, 0.177025, 0.016425000000000016, 0.005475000000000005, 0.19642500000000002, 0.065475, 0.006075000000000006, 0.002025000000000002]

