Action: 0
[0.10525895798410162, 0.1052589581469599, 0.22370045617700463, 0.10525895798395442, 0.14474576163606925, 0.1052589921040013, 0.10525895798395442, 0.10525895798395442]
[0.1068350623709704, 0.1068350623709704, 0.2521545634032071, 0.1068350623709704, 0.1068350623709704, 0.1068350623709704, 0.1068350623709704, 0.1068350623709704]
[0.14474575887107743, 0.10525896412630899, 0.22370045637040833, 0.10525896412630892, 0.10525896412696949, 0.10525896412630892, 0.10525896412630892, 0.10525896412630892]
[0.125, 0.125, 0.125, 0.125, 0.125, 0.125, 0.125, 0.125]
[0.10993378763022348, 0.10627048209338459, 0.2519845862035796, 0.10627048209338459, 0.1067252045396673, 0.10627449325299124, 0.10627048209338459, 0.10627048209338459]
[0.10982154404539218, 0.1043108170384207, 0.10445697404308807, 0.10431081701655336, 0.2489991273135818, 0.11947908650985735, 0.10431081701655336, 0.10431081701655336]
[0.125, 0.125, 0.125, 0.125, 0.125, 0.125, 0.125, 0.125]
[0.125, 0.125, 0.125, 0.125, 0.125, 0.125, 0.125, 0.125]

Action: 1
[0.10517002173309684, 0.10517002173309684, 0.10517002173309684, 0.10517002173309684, 0.11923895497234467, 0.24974091462907436, 0.10517002173309684, 0.10517002173309684]
[0.14460393281257217, 0.10490138284504427, 0.10490138284504427, 0.10490138284504427, 0.11960040861240613, 0.21128874434980024, 0.10490138284504427, 0.10490138284504427]
[0.10525896470619621, 0.10525896470619621, 0.10525896470619621, 0.10525896470619621, 0.1447457579072965, 0.22370045385552634, 0.10525896470619621, 0.10525896470619621]
[0.125, 0.125, 0.125, 0.125, 0.125, 0.125, 0.125, 0.125]
[0.10631537811447787, 0.1063153781146782, 0.10631537811447787, 0.10631537811447787, 0.11014663715770127, 0.25196109415523116, 0.10631537811447787, 0.10631537811447787]
[0.10516999624392472, 0.10516999614122911, 0.10516999614122911, 0.10516999614122911, 0.2497408399615862, 0.11923918308834364, 0.10516999614122911, 0.10516999614122911]
[0.125, 0.125, 0.125, 0.125, 0.125, 0.125, 0.125, 0.125]
[0.125, 0.125, 0.125, 0.125, 0.125, 0.125, 0.125, 0.125]

