0.125 0.125 0.125 0.125 0.125 0.125 0.125 0.125
0.07575757575757576 0.12626262626262627 0.09090909090909091 0.15151515151515152 0.0946969696969697 0.15782828282828282 0.11363636363636365 0.1893939393939394
0.07515215834697218 0.12525359724495364 0.09018259001636662 0.15030431669394437 0.10193170775368249 0.15656699655619205 0.11272823752045827 0.18788039586743044
0.07344775822701911 0.1224129303783652 0.08813730987242295 0.14689551645403823 0.1003741939424038 0.1749412582176742 0.11017163734052869 0.1836193955675478
0.09119344331048353 0.1519890721841392 0.08207409897943517 0.1367901649657253 0.13255760828662302 0.22072888956986458 0.10259262372429398 0.08207409897943517
0.07295173961840629 0.12906846240179573 0.09118967452300786 0.16133557800224466 0.08754208754208755 0.15488215488215487 0.10942760942760943 0.19360269360269358
0.08715032116961348 0.14525053528268914 0.10458038540353617 0.17430064233922696 0.08686306316029703 0.15872800281761293 0.09117264368513411 0.15195440614189015
0.07725025804294289 0.11897126547876163 0.08565931114470837 0.14276551857451394 0.1020524039003988 0.18777020570964637 0.10707413893088547 0.17845689821814242
0.11266740963542438 0.0825934734312515 0.1258567214190499 0.09911216811750179 0.15365797358458577 0.144901141891497 0.15732090177381236 0.12389021014687725
0.07150200672169493 0.12650355035376795 0.08937750840211867 0.15812943794220993 0.08580240806603391 0.17167675290098022 0.1072530100825424 0.1897553255306519
0.13625274073589683 0.10042192981680503 0.1530238930541791 0.12050631578016607 0.13159872762199679 0.11973415964819381 0.13340544522672024 0.1050567881160422
0.08602071240441789 0.11625483613125018 0.08370348201450013 0.1395058033575002 0.11222441622608978 0.18327914315124127 0.10462935251812518 0.17438225419687525
0.06620201216367327 0.09608500411266513 0.05188590222083916 0.08647650370139862 0.143740333184268 0.2788854327726803 0.10377180444167831 0.17295300740279723
0.06810113552307336 0.12048662438697594 0.08512641940384169 0.1506082804837199 0.08172136262768802 0.2110745377096273 0.10215170328461003 0.18072993658046388
0.0760939351833989 0.11349681718997827 0.08171770837678435 0.13619618062797392 0.10040981357741077 0.21969318378850572 0.10214713547098045 0.1702452257849674
0.07873108427161697 0.11218846649690033 0.08077569587776826 0.1346261597962804 0.10297464597905448 0.2214516279858188 0.1009696198472103 0.1682826997453505
0.07884733680641975 0.1117260990605035 0.08044279132356251 0.13407131887260418 0.10310561431945676 0.22366420187224498 0.10055348915445314 0.16758914859075522
0.09665792888026334 0.13689674337842303 0.07392424142434845 0.12320706904058072 0.12640641941906777 0.27657805465253266 0.09240530178043554 0.07392424142434845
0.06684103270093832 0.11825721170166009 0.08355129087617288 0.14782151462707513 0.08020923924112598 0.22567234424912996 0.10026154905140748 0.17738581755249014
0.07717853677409178 0.11195953129019166 0.080610862528938 0.13435143754823 0.10077824595948552 0.2264185108026031 0.1007635781611725 0.16793929693528747
0.078225826856069 0.11108389855655196 0.07998040696071741 0.13330067826786235 0.10447885695376946 0.2263289758693052 0.09997550870089678 0.16662584783482792
0.07829618555701061 0.11093340532828752 0.07987205183636703 0.13312008639394501 0.10514990029713087 0.22638819779936872 0.09984006479545879 0.1664001079924313
0.0782842146350626 0.11089543987992388 0.07984471671354519 0.13307452785590865 0.10526287981136842 0.2264891653923738 0.09980589589193149 0.16634315981988582
0.07827322250626628 0.1108803902061912 0.07983388094845767 0.13305646824742942 0.10527501567769872 0.22656808591909774 0.09979235118557207 0.16632058530928678
0.07817692167296673 0.11071505932465928 0.07971484271375467 0.13285807118959111 0.10639281633664834 0.22642614638319752 0.09964355339219334 0.1660725889869889
0.0781469440497847 0.11068771090108945 0.0796951518487844 0.1328252530813073 0.10662208294978258 0.2263723510066368 0.0996189398109805 0.16603156635163413
0.057489303139492735 0.08143206076192742 0.058631083748587734 0.09771847291431292 0.12556721864458614 0.2664627474652918 0.11726216749717547 0.19543694582862584
0.0561236841440506 0.09929574887024338 0.04892834002301848 0.0865655246561096 0.1122473682881012 0.32585160466022056 0.09785668004603695 0.1731310493122192
0.09160423067718135 0.07394558379965242 0.1832084613543627 0.14789116759930485 0.08244380760946321 0.12291708290173477 0.16488761521892642 0.13310205083937435
0.08352138167349601 0.11610180245665508 0.08359329776879165 0.13932216294798608 0.10551595154821522 0.1933010777088836 0.10449162221098958 0.1741527036849826
0.07890258651583493 0.12357607986360011 0.0795939574933861 0.13265659582231018 0.1063926499157212 0.2135649387445271 0.09949244686673264 0.16582074477788772
0.07753243514128495 0.12330110679812001 0.07881042820308348 0.1313507136718058 0.10635015214227037 0.21995373669982385 0.09851303525385435 0.16418839208975725
0.07713291127000006 0.12295071559531137 0.0785858508456271 0.13097641807604515 0.10639817840488024 0.22200308965604587 0.09823231355703388 0.16372052259505646
0.07701868877410213 0.12282224356802876 0.07852359136997965 0.13087265228329942 0.10633945862163441 0.22267806081635677 0.09815448921247456 0.16359081535412423
0.0769737837996502 0.1227617324969616 0.07849059871889609 0.13081766453149346 0.1064395085771779 0.22288138281283368 0.09811324839862011 0.16352208066436683
0.09402483324754418 0.14995997341532588 0.07191357747576169 0.1198559624596028 0.13005843594063646 0.27238166814066517 0.08989197184470211 0.07191357747576169
0.06542070114701826 0.11574431741395536 0.087507744373654 0.1446803967674442 0.07850484137642191 0.23639447108004577 0.09813105172052738 0.17361647612093303
0.11460827159987082 0.08781359397255384 0.11971475501276557 0.09427536957255289 0.15223666335799518 0.16386369075261367 0.14964344376595695 0.11784421196569109
0.08065889367089103 0.14270419649465338 0.07830142200278074 0.12440878668764654 0.09679067240506925 0.24346387287346646 0.08438161184031677 0.14929054402517583
0.109093670194473 0.08153903543435913 0.18037722761321145 0.14204706674540404 0.10045436215853346 0.10540079149009779 0.1572519420217741 0.12383590434214711
0.08625292772376542 0.12188113756758313 0.09587339969037244 0.13509410528510354 0.10819704652510145 0.18251317263786698 0.10132057896382766 0.16886763160637944
0.059612979714142755 0.09146608421726232 0.064286890090664 0.09750693543065952 0.12757670222153056 0.2475282149476302 0.11700832251679141 0.19501387086131905
0.07777698599715575 0.13760543676419865 0.07202967153969293 0.1199637141021219 0.0933323831965869 0.27396865843451934 0.08136669304317833 0.14395645692254627
0.07820361205865904 0.06312821696301393 0.16743801080393841 0.12625643392602787 0.09384433447039085 0.1319330021259546 0.1876886689407817 0.15150772071123345
0.10781986922355426 0.07542917208155678 0.21048071917851285 0.14184376572808735 0.09907994488102446 0.08466098191094316 0.15702687943850127 0.12365866755781976
0.08564325905354686 0.1203684306432964 0.11097760678349398 0.13403928595399014 0.10745417530558439 0.17343867035210786 0.10052946446549262 0.16754910744248766
0.05947271004993413 0.09118382958355581 0.07016297312319268 0.09724408449412017 0.1273831895417831 0.24337214282622976 0.11669290139294419 0.19448816898824034
0.06557100476553777 0.11601023920056683 0.09180119712087148 0.14501279900070854 0.07868520571864533 0.23054768824451322 0.09835650714830667 0.17401535880085023
0.1380111941491223 0.10403069723949988 0.16514256422620685 0.11140756825134307 0.12610863648450865 0.13484203527893654 0.12333275768972451 0.09712454668065806
0.08821880152726189 0.11922133453817113 0.10781417488401697 0.12869995359124778 0.11065761911229095 0.18798820916451592 0.09652496519343583 0.1608749419890597
0.09747305725157537 0.14832108955971388 0.08923290606904725 0.11858475297693999 0.13085077052614255 0.255448007097712 0.08893856473270499 0.07115085178616398
0.06427461572739195 0.11371662782538573 0.09290993171320626 0.14214578478173218 0.08721392823927786 0.23275224638383965 0.09641192359108791 0.1705749417380786
0.10231976569039312 0.07715842513820641 0.2132224769590143 0.13787394037303516 0.09571051618480472 0.10088496190049775 0.15263211958268438 0.12019779417136396
0.08330508974836817 0.1181936022151748 0.12302043446004225 0.13115998948403773 0.10496393637473415 0.17703696874956754 0.0983699921130283 0.16394998685504714
0.0967450824630783 0.14862569088542268 0.09456154316335146 0.11892976755120689 0.12960868251034047 0.25097404723247096 0.08919732566340517 0.07135786053072414
0.06432534960854779 0.11380638776896915 0.09373056759355965 0.14225798471121143 0.0871841745451137 0.231497929706323 0.09648802441282167 0.1707095816534537
0.10185243198323622 0.07679461616768617 0.21720172851848224 0.13716660350773285 0.09527954460420894 0.10027486510282248 0.15184906859626915 0.11958114151956198
0.08301515468711938 0.11777826599232893 0.1261406476477493 0.13069893348215084 0.10460773959265178 0.1763613916336982 0.09802420011161314 0.16337366685268856
0.11635816691273507 0.08446591357579995 0.15484124796636023 0.09012587837656046 0.15589975012951285 0.14259474526426671 0.14305694980406422 0.11265734797070057
0.0657735407632197 0.11636857211954255 0.10438468740431871 0.14546071514942818 0.10035477818867743 0.19444453705067002 0.09866031114482957 0.1745528581793138
0.10247199520406534 0.07657121472725409 0.22353156655078768 0.13645825045431995 0.09767133509025111 0.09326714236530247 0.15106489264784298 0.11896360296017634
0.08401642296355942 0.11753855989777698 0.12878000452334057 0.13041576587315415 0.1050685046211822 0.17334921037467854 0.0978118244048656 0.16301970734144267
0.0787483386050161 0.12943051738233385 0.10493190523718053 0.1271555084850606 0.10440344396362347 0.20101926935666425 0.09536663136379545 0.15894438560632573
0.06533102757183981 0.11068809476894076 0.06275564571224354 0.08005120022369829 0.14008427545322108 0.28492591555422214 0.09606144026843792 0.16010240044739657
0.06305441323555405 0.1115578080321341 0.0876574140951487 0.1394472600401676 0.09460749883171969 0.24175727386374365 0.09458161985333109 0.16733671204820114
0.10133559419935906 0.08190410920046616 0.21578385014569942 0.1354079321027314 0.09607643378203569 0.1015419927050441 0.1499021470571548 0.11804794080750941
0.06284022675070057 0.09387599998852593 0.09585437379744954 0.09758669693223437 0.12558863288405717 0.21197663946388248 0.11710403631868124 0.19517339386446875
0.07458808125738946 0.12414630673662938 0.09742127795243437 0.12663353976791525 0.10874792027527182 0.21519579447452927 0.09497515482593644 0.15829192470989406
0.07625893806270125 0.12942242729532827 0.09724769398579794 0.12576340671210123 0.1042342516864755 0.2155464688333934 0.09432255503407594 0.15720425839012653
0.07652958243148907 0.1304198004114466 0.09717298064803657 0.12571081685336896 0.10313260505894906 0.21561258088997182 0.09428311264002673 0.1571385210667112
0.07657836690073705 0.1306177807375867 0.09715623580937639 0.12571311463308346 0.10287284851798573 0.21563542413506379 0.09428483597481262 0.15714139329135432
0.11463206232999214 0.09240271882651407 0.1454131731605584 0.088906844803537 0.1538834557701421 0.152506213226205 0.14112197587863015 0.11113355600442124
0.06517597501708156 0.11531134041483662 0.1023112046877914 0.14413917551854577 0.10519820861213545 0.197133122601732 0.09776396252562236 0.17296701062225492
0.10149018469959534 0.0820793155301606 0.22287248235949675 0.13503607022750957 0.09805141988377056 0.09325629309264939 0.14949048067514287 0.11772375353167504
0.08319298634749081 0.12426424944540729 0.12880626892239386 0.12912432533811793 0.10435888713824619 0.17200463213210804 0.09684324400358847 0.1614054066726474
0.07852133100171373 0.13064278851379793 0.1053817284646277 0.12699432682945136 0.10414132289115163 0.20032984864035494 0.09524574512208853 0.15874290853681416
0.07719514989455918 0.13110037091802737 0.09946170342574723 0.12616756642696875 0.10345246147297443 0.21028761500778542 0.09462567482022656 0.15770945803371092
0.07678289879094632 0.1308969782448574 0.09790937955168684 0.12586194599809494 0.10306156466682391 0.21376334075140074 0.09439645949857121 0.15732743249761866
0.09347079443818582 0.15945160037671902 0.08916005845613159 0.11501537363935264 0.1254721978667429 0.26215922080974197 0.0862615302295145 0.06900922418361159
0.06317046993234303 0.11176313911106844 0.09157433747407513 0.13970392388883554 0.09752051623011299 0.23386719979844764 0.09475570489851455 0.16764470866660264
0.1345499281467512 0.10875450903356558 0.17410433547354065 0.10783919934429424 0.12840159533919804 0.13295434507129553 0.1193824266245341 0.09401366096682061
0.06553501269851426 0.11594656092814062 0.10692760873032064 0.14493320116017577 0.10392427354770828 0.19051098249515794 0.09830251904777142 0.17391984139221095
0.101811322386515 0.08201227242442063 0.22511107142646164 0.1347967780937807 0.09759392307097667 0.09193391827470271 0.14922557444651344 0.11751513987662936
0.10360112235379006 0.1536913480659862 0.12016057805808708 0.1197663702787226 0.1289679160639236 0.21212806530321499 0.08982477770904197 0.07185982216723356
0.06393705539921868 0.11311940570630995 0.0970320983529136 0.14139925713288745 0.10189838897526522 0.21702910277511211 0.095905583098828 0.16967910855946494
0.10156818708712535 0.08178525631605421 0.22065676349932678 0.13490867324600028 0.09732382573503084 0.09679515764025026 0.14934944697969912 0.11761268949651307
0.08359075201702133 0.1240276671333604 0.1283835327974438 0.1289146799756301 0.10404984422507499 0.1732041639002091 0.0966860099817226 0.16114334996953764
0.0966435496802579 0.1597800872249599 0.09673705957639223 0.1165029044705803 0.12733218218206513 0.245725295830461 0.08737717835293524 0.0699017426823482
0.0530033057155984 0.0937750793429818 0.05423968051596134 0.08175263327336875 0.14256318992460784 0.3187448244586753 0.09241602022206902 0.1635052665467375
0.061443629671262386 0.10870796018761808 0.08445502308136725 0.1358849502345226 0.1028294227982655 0.25145162923864345 0.0921654445068936 0.16306194028142712
0.10395098119994589 0.0789493369516065 0.14078427395700027 0.09868667118950811 0.15001115964684103 0.16248920669522582 0.14670436493246278 0.11842400542740973
0.09517612835288333 0.06941854379582701 0.21561285709699055 0.13883708759165403 0.1097526331744254 0.09145637946772264 0.15479299168800828 0.12495337883248862
0.08269329511863104 0.1220255752904526 0.12759094503176271 0.12952047449087095 0.10743234633525053 0.17169641475129024 0.09714035586815321 0.16190059311358868
0.06702242310917032 0.11070180247079302 0.06711169130434441 0.08097181033887191 0.1426770944245154 0.2724053852679149 0.09716617240664627 0.16194362067774382
0.055236409425756916 0.09131607472858118 0.052068012710271755 0.07960888566081437 0.14508742767838723 0.3274727651188566 0.0899926533557032 0.15921777132162873
0.09058652020932913 0.06906776716462215 0.19230542606821105 0.1381355343292443 0.10924241562657086 0.1223295435505601 0.1540108121551425 0.12432198089631988
0.14121796208785842 0.09943705380505509 0.21091788019956567 0.10559537834563164 0.12916383775690837 0.10471195393584729 0.11689842454217259 0.09205750932696091
0.06379786217394981 0.09841302487709602 0.07515017793597878 0.08579597040567345 0.1518231262576795 0.25644114838403587 0.09698674915423955 0.1715919408113469
0.06615150008803208 0.10969299911562096 0.0928106960314007 0.13711624889452623 0.10657058940260647 0.23011788158766017 0.09300058620672214 0.16453949867343143
0.06745049528658804 0.11172474660293616 0.09783301377756749 0.1396559332536702 0.09863090023876514 0.22239463620749236 0.09472315472857631 0.16758711990440422
0.10249589544936424 0.08148446083793226 0.22082520736921468 0.13464765364371595 0.09646299154879358 0.09763816965494879 0.14906048755022683 0.11738513394580365
0.08396740945474197 0.12389529789713473 0.12841226402355946 0.1288258609881358 0.10379045848958356 0.17345698717057284 0.09661939574110186 0.16103232623516972
0.09703984633070764 0.15967074281474936 0.09672083631989173 0.11643082226191194 0.12719981848298764 0.24575632373617057 0.08732311669643396 0.06985849335714717
0.05755689810138659 0.09242501370741876 0.057114728012140875 0.08057565297569841 0.14278197795178443 0.31730890254503685 0.09108552075513733 0.16115130595139682
0.09051912164338226 0.06885624444349557 0.19654685330383118 0.13771248888699114 0.10879280051344536 0.12009210315297683 0.15353914805758564 0.12394123999829204
0.1047642929703124 0.07345879475729104 0.26201402617470204 0.1300420782183177 0.09537097788290816 0.077017886855459 0.14396192623273263 0.11337001690827696
0.1049123726036965 0.15164866330428037 0.12860806395028695 0.11974307301353597 0.12849028971381984 0.20494438884610666 0.08980730476015199 0.07184584380812159
0.06948007190398847 0.11074750619978074 0.10613639392140437 0.13843438274972594 0.10291627151550668 0.21226948958836944 0.09389462482155325 0.16612125929967111
0.10271133543581995 0.08104338168875906 0.22425732184110447 0.1340849508126685 0.09704608839225286 0.09552479694083418 0.1484375523852089 0.11689457250335201
0.08411874619395118 0.12378134974065753 0.12923988144270782 0.12878404107157623 0.10391996030793801 0.17258793910001674 0.09658803080368218 0.1609800513394703
0.07929529976639407 0.13040368555900392 0.10554512443123296 0.1268060437298491 0.10393398133149383 0.20040377772232795 0.09510453279738683 0.15850755466231137
0.11621161114834921 0.09227879944413095 0.14848194966648204 0.08880842067234555 0.1541061738966509 0.14813677223264818 0.1409657470989612 0.11101052584043193
0.05159719796315491 0.08140221721989072 0.08110763674528874 0.1017527715248634 0.1327399482294659 0.2328698131090685 0.11502487215854121 0.2035055430497268
0.09060844507807388 0.06943025839280696 0.21024291004550305 0.13886051678561392 0.10666322786523044 0.10440106323489282 0.15481911349082625 0.12497446510705254
0.10438640909996982 0.07325802123877045 0.26772785556767703 0.12958260165362825 0.09454741830078661 0.07407497975579774 0.1434532667878994 0.11296944759547078
0.07133921862502478 0.11387112130328716 0.14115697585268328 0.14233890162910895 0.09807361522962955 0.16587057821341794 0.0965429071919174 0.17080668195493076
0.10219877819757157 0.08066180516758494 0.23964827121195295 0.13291467177421418 0.09503511922566085 0.08652501980102582 0.14714200538293143 0.11587432923905852
0.08408969497148162 0.1237888264708772 0.13295624611070678 0.12884909456620589 0.10351824655930958 0.16909970218900705 0.09663682092465442 0.16106136820775735
0.07933954362251067 0.1304870682031264 0.10646187035557747 0.12688732086980237 0.10390352192799635 0.199146033281382 0.09516549065235179 0.15860915108725296
0.05820648007611451 0.09782058898914898 0.07451868102348487 0.09413171544460969 0.12347629720375461 0.2506247478401362 0.11295805853353161 0.18826343088921937
0.05564009127431806 0.0928289267925111 0.055348121134290364 0.08092778233193275 0.14191356195131516 0.32000237182436475 0.09148358002740226 0.1618555646638655
0.0902089168716789 0.06874702651116994 0.19756518578851737 0.13749405302233988 0.10846946353774155 0.12047509817876295 0.1532956083696834 0.12374464772010588
0.11866145242544819 0.08324605506492495 0.17858167417137466 0.08843392534713553 0.1548860669706271 0.12527710926175198 0.1403713100748183 0.11054240668391939
0.07122556988486899 0.11204939946187777 0.1199696100132741 0.14006174932734722 0.1099731660076254 0.1836480022205979 0.09499840389159203 0.16807409919281666
0.10271383364456345 0.08086232221214047 0.23028671141071594 0.13355893736944832 0.09817796645951546 0.09010899834185077 0.14785523388070793 0.1164359966810575
0.12166146829240995 0.08455867640886584 0.18897090350619167 0.0879950187987624 0.150693927578269 0.11645159890313952 0.13967463301390856 0.109993773498453
0.07154072218597719 0.1122340765399301 0.12253374127460934 0.14029259567491265 0.10942506439847033 0.18046770718017766 0.09515497793602772 0.16835111480989517
0.07705097408951021 0.12831673098924948 0.10415130412058617 0.12713271225019587 0.1053854188557421 0.20369743519432448 0.09534953418764691 0.15891589031274483
0.07745701564236455 0.1304640607438203 0.09919131924060952 0.1259584558947963 0.10361619934529066 0.21139603734352594 0.09446884192109724 0.15744806986849536
0.07738061529763715 0.13063437837109346 0.09787768497120913 0.12568622690238354 0.10300028366996067 0.214048356982949 0.09426467017678766 0.15710778362797942
0.0652413365791286 0.11019003802480443 0.0617161453769536 0.07948716653119575 0.13877856501695518 0.29022781557113614 0.09538459983743489 0.1589743330623915
0.06558622240683316 0.10855596862330819 0.09043700700438695 0.13569496077913523 0.10355632310677361 0.24129898305092642 0.09203658209367432 0.16283395293496225
0.09162006449209291 0.06925618437041234 0.21573438286627816 0.13851236874082468 0.10016670534444867 0.10561820791711733 0.15443095440208363 0.1246611318667422
0.10445220487236585 0.07310700462019881 0.2699891108598204 0.1293466370651292 0.0929969443311894 0.07415231908537934 0.1431920442886249 0.11276373487729212
0.0855015925913232 0.13643701138922162 0.11946684078339538 0.11894508685214196 0.11737883715961435 0.19886072896288895 0.0806757980388441 0.14273410422257032
0.09229308737363617 0.06842767377246149 0.22766860657383836 0.13685534754492298 0.10206867972199722 0.09693329279576181 0.15258349942695143 0.1231698127904307
0.10411766977840292 0.07264369478865096 0.27462800064812826 0.12867544236244569 0.09296159665828171 0.07234600082464769 0.14244900416192602 0.11217859077751677
0.07116968588463818 0.1135890422191335 0.14394506264319934 0.14198630277391688 0.09774033784775962 0.1648822521168652 0.0963037531857871 0.17038356332870022
0.10204670947811123 0.08054006179414071 0.24080669869003601 0.13276217701863954 0.0948622465684958 0.08626753393750163 0.14697318741990215 0.11574138509317296
0.10412493423531032 0.15330250453000047 0.1237748080215353 0.1196978618676089 0.12817512612024784 0.20933265170402515 0.0897733964007067 0.07181871712056534
0.06927401900088113 0.11047648278363022 0.10619605448172562 0.13809560347953775 0.10294807354196463 0.21363019843765055 0.09366484409916476 0.1657147241754453
0.10263920393804647 0.08099339187161449 0.2242669799028202 0.13404934146268374 0.09703691825855613 0.09575250474065075 0.14839813137098076 0.11686352845464737
0.104040048910826 0.15310742680115738 0.11991532753077197 0.11948036879152285 0.12854913463850098 0.21360919545866494 0.08961027659364214 0.0716882212749137
0.06920839982061233 0.11037764736206458 0.10523198975205984 0.13797205920258074 0.10294555003344211 0.2151168339356975 0.09358104885044606 0.16556647104309685
0.09087238695378848 0.07630169804473318 0.221215776020903 0.13680181294704846 0.09907325067964612 0.10008963135609666 0.1525238123454406 0.12312163165234363
0.10404455475644962 0.0737989210071528 0.2721361593181836 0.1290407279516499 0.09256415931097409 0.07306504244967973 0.14285339032498479 0.11249704488092555
0.08455310606354832 0.1453046411414238 0.11924417945671215 0.11755174912524909 0.11617725773698555 0.19637621594517848 0.07973075158060372 0.1410620989502989
0.09123390414001553 0.0779868246997739 0.22610577241511726 0.1352120940326979 0.10106932084014718 0.09594980485114041 0.1507513943916796 0.12169088462942812
0.10388692244678006 0.07381950461559379 0.27396319625382737 0.12869359260774754 0.0927733983537641 0.07219987442441625 0.14246909722957804 0.11219441406829272
0.0705252152761491 0.12121670822254076 0.14312148311008738 0.1405996177106264 0.09696912933679488 0.1634850861221033 0.0953632189689466 0.16871954125275165
0.07711806926769786 0.13054233266846257 0.10917931160278466 0.12759472466121463 0.10277036770301029 0.1976057447744008 0.09569604349591097 0.15949340582651828
0.09475058207106297 0.1601058071167442 0.09202990773755294 0.11555964378360795 0.1259690870035458 0.2555794531796154 0.08666973283770597 0.06933578627016478
0.05605960838957887 0.10551632148837911 0.056558740979168624 0.07846117190713628 0.14005737404528618 0.31772920156811124 0.08869523780806711 0.15692234381427256
0.08939124508941128 0.0757926670777187 0.19718265718097197 0.13608125861788986 0.10771364271944817 0.1196449485173194 0.15172044804113988 0.12247313275610087
0.09008315074770905 0.07177260080070169 0.25914525224173984 0.1330097742466174 0.09732297409454274 0.08066147886431096 0.14829597218242263 0.11970879682195565
0.08830682960354462 0.07003238515526088 0.28334290688310776 0.13025412164822991 0.09320285100616153 0.07240857103935161 0.14522362518093693 0.11722870948340691
0.08735234888896255 0.06927137327427582 0.29247091830036537 0.12902365844840477 0.09153460512561651 0.07037405282006692 0.14385175053874383 0.1161212926035643
0.10215475512994472 0.08102156921293661 0.21724123777887536 0.09437748071350893 0.14234320620412297 0.10931031023775153 0.14029846386664913 0.11325297685621072
0.08956261578555515 0.07083030799804528 0.26544262394425794 0.13041035863293343 0.10331273852843846 0.07767421458172474 0.14539781775940483 0.11736932276964006
0.08791780549765635 0.06969074993504451 0.28552895364557757 0.12970889116569248 0.09416018296635441 0.07163968085880192 0.14461573388174967 0.11673800204912325
0.08722063268465098 0.06916876307827693 0.2932573718478626 0.12886865430524883 0.09165517017822145 0.07016868654441709 0.1436789324865983 0.11598178887472393
0.0796819002399493 0.13851575884776118 0.16970134205901163 0.16136274802284978 0.08332049878029822 0.1401067504875066 0.08208452834205839 0.1452264732205648
0.10307548097292217 0.08277343486369379 0.25120912183678856 0.13126653477582814 0.09074786714816818 0.08117261857106622 0.14531744997568277 0.11443749185585018
0.0842620221291995 0.12420463148149512 0.13568958894383218 0.12880751561680578 0.10248230665269845 0.16693890394235755 0.09660563671260435 0.1610093945210072
0.07940080521860987 0.1306173971983306 0.10712507227310616 0.12693341744334777 0.10369480401992753 0.19836166895998267 0.09520006308251082 0.15866677180418468
0.09520338051444296 0.16000473863408296 0.09153766408730164 0.11545687521442875 0.12614550287999562 0.2557850571302691 0.08659265641082158 0.06927412512865726
0.07100086281552263 0.12480695831094785 0.09589636369830336 0.1328873170040815 0.09958746042138325 0.22622399015948655 0.09013226718537701 0.15946478040489775
0.06991231555905046 0.12372025251958611 0.09897285790735504 0.13664679919251066 0.09581060234933453 0.21827883659753453 0.09268217684361593 0.16397615903101279
0.1030690506357259 0.08288334594344211 0.22116347211517262 0.13440547342595502 0.09570140803790075 0.09681086327404079 0.1487923840938533 0.11717400247390951
0.07300399690179282 0.1076687651605048 0.08358418410887498 0.08376911191862134 0.14373512481520598 0.24017765895541165 0.1005229343023456 0.16753822383724268
0.08371246364656752 0.14056979978178152 0.07760165347721855 0.10981627560307121 0.12219037572118181 0.25984581846354127 0.07448408258295264 0.13177953072368545
0.10027722964358567 0.07755230842901174 0.20570970088196772 0.13462993978830423 0.10262669325435511 0.10793484633977447 0.15010233585352722 0.1211669458094738
0.07790932115365977 0.12051404723322405 0.12640639980191837 0.13919093507296343 0.09838037842894602 0.1761620315635484 0.09440776465818389 0.16702912208755608
0.10417032543127037 0.08174999864687245 0.23303774252135465 0.13327767063879545 0.09541500447031451 0.08861460845589265 0.14754386004783213 0.11619078978766782
0.09585723330964188 0.14423137054901977 0.11055720536255949 0.11565240339917372 0.11543780506385472 0.20103859853991113 0.07844249969683087 0.13878288407900846
0.10405371137759023 0.07710424222900818 0.22008526210445417 0.1334760097036132 0.10011784515816059 0.09621873077063955 0.14881578992328218 0.1201284087332519
0.10285213578207669 0.07031320544496548 0.26597940846744167 0.12994564052449453 0.09392792320859444 0.07515091835143073 0.14487969174895138 0.11695107647204508
0.13478267764173263 0.0916808066009721 0.23667217361859097 0.1065682317530927 0.12165394671351808 0.0939151295427276 0.11881562555158247 0.09591140857778344
0.1090158164134974 0.0696328818043847 0.2698840231840451 0.1265425345843467 0.09670088264324955 0.07325009765574819 0.14108548258881634 0.113888281125912
0.10312378755242721 0.06827398089310534 0.28464235838178337 0.12701162134620433 0.09132339955624641 0.06970591373683636 0.1416084793218129 0.1143104592115839
0.13558249218626856 0.09080629136077384 0.2427223405802103 0.10572540017446727 0.12010704300574403 0.09202764129622147 0.1178759312392941 0.09515286015702053
0.08641135199893812 0.11971705426271187 0.1339605354657589 0.13606292720649435 0.10092419426941737 0.1673622648262205 0.09228615932266573 0.16327551264779322
0.10580536912768754 0.08126163713017079 0.23580631362012403 0.1325593217926755 0.09553374040454908 0.08672046263135053 0.1467486183459818 0.11556453694746069
0.060775696189378205 0.08939348124508387 0.09889856912555557 0.10279514421337793 0.11939979226916186 0.2069438220286074 0.11620320650207941 0.20559028842675586
0.1290847651573797 0.09711210540792099 0.17734495964587899 0.11090383611602961 0.13364685764797862 0.12844452265669276 0.12364950086369271 0.09981345250442664
0.12623364125192815 0.08153066278644536 0.17557471037763156 0.0921479015013596 0.15401618242893633 0.12293537523213591 0.13698404461993158 0.11057748180163153
0.12553177718311664 0.08001054551456019 0.17449060767686672 0.09182400216859407 0.16034373982454717 0.12110797852265949 0.13650254650734284 0.11018880260231287
0.12523291130924652 0.0798074295092756 0.17397762840320377 0.09172479532634399 0.16231765947395807 0.1205147527131672 0.136355068873192 0.1100697543916128
0.11014301544175359 0.07009990956513379 0.24433635414078922 0.12892973457473622 0.1073968404976277 0.07931035223384934 0.14374703242884768 0.11603676111726259
0.09224679958251017 0.06030678376448666 0.24058164155000084 0.11214567912458508 0.1101632688004509 0.08326892803729002 0.16671208419117425 0.1345748149495021
0.10156584179523047 0.06856899465543877 0.273787708865963 0.12882659058524198 0.09534530286961729 0.07232959512391646 0.14363203457787424 0.11594393152671777
0.08156900166900351 0.11897619416502232 0.14248609536146417 0.13848663592050514 0.09660926425530827 0.16175877942148684 0.0939300661026035 0.16618396310460615
0.10447037768320426 0.08107642542510575 0.2397580826486498 0.13246878595305225 0.09446893407433234 0.08562339449903378 0.1466483914498584 0.1154856082667635
0.07234330454597838 0.10622735965881368 0.0825703993155002 0.08520326678201096 0.14158571223620878 0.24534668753519298 0.09631673636227327 0.1704065335640219
0.10114429976767048 0.07483235682099745 0.207611414767197 0.13422607364000286 0.10671732214681762 0.10501301134387604 0.149652055237436 0.12080346627600254
0.09142365857176767 0.061356469739411335 0.22764635409995593 0.11361910518292892 0.11124976781398449 0.08945928738408288 0.16890243098835406 0.13634292621951472
0.10186808153681375 0.0690011212139053 0.268842490687888 0.12951989204192846 0.09603859732657927 0.0737569003919845 0.14440501396316502 0.11656790283773563
0.136976999510229 0.09114773240796381 0.23711736525609237 0.10605520163139913 0.12178974002441406 0.09321964444991832 0.1182436352517241 0.09544968146825922
0.08718673862939505 0.11970640415149761 0.13261410365939014 0.1359964145578882 0.10127947677429673 0.16778011836228146 0.09224104639578504 0.16319569746946583
0.08002947141319734 0.12984399332063554 0.10651336944954065 0.1270864423291538 0.10350317924423326 0.19885065958493167 0.09531483174686536 0.15885805291144225
0.07631280193781118 0.12430869281048802 0.10149131274884096 0.13650842256967397 0.09677107165540198 0.208209269799092 0.09258832139508322 0.16381010708360874
0.10454286114951154 0.08283942245265255 0.2221309905257917 0.13421209513792418 0.09577815185615077 0.09491275622408761 0.14857830637979394 0.11700541627408775
0.08449478439086185 0.12418667642542253 0.1287837929215427 0.12883273789584593 0.10364428306876386 0.1723922495058713 0.09662455342188446 0.1610409223698074
0.07937320490274871 0.13049610141709686 0.10545377632195353 0.126819664380624 0.10387719796063206 0.20034072625569693 0.09511474828546801 0.15852458047578002
0.07616505445349907 0.12433741964345774 0.10121255018857633 0.136454340694798 0.09681797246682393 0.20871581394348518 0.09255163977560212 0.16374520883375757
0.10451369369552671 0.08284962614465821 0.2220070914391538 0.13422134557097354 0.09579634090612268 0.09500987449994548 0.14858854698943752 0.11701348075418205
0.1045150387072745 0.15362448765505446 0.1194544904764415 0.11952709988617839 0.12821578727562624 0.21330151115308404 0.0896453249146338 0.07171625993170705
0.07926262219730625 0.12431080568364858 0.10257530929468332 0.13293177135560538 0.10040388394551385 0.21083506306401864 0.09016241883249757 0.15951812562672643
0.07600125841845724 0.12337898819368906 0.10036830954317309 0.13617962771160372 0.09587772360945662 0.21241322656095568 0.09236531270873993 0.16341555325392446
0.10191972972194477 0.08268470684286629 0.21605225726698427 0.13413769437733308 0.09621886505177761 0.09870930284446766 0.14955351895502658 0.12072392493959978
0.10435040422577341 0.07467017836878341 0.26350474028489046 0.12916670905391414 0.09274589505885081 0.07530079357079653 0.14401124128846843 0.11625003814852274
0.10315817379777698 0.0723917514524578 0.2817854880033971 0.12678092242270314 0.09043064556154085 0.06999892134324495 0.1413512672384466 0.11410283018043281
0.10220535193774324 0.07162127375371327 0.2887379402194971 0.1258630241750729 0.08934441800289658 0.0686233909613031 0.14032787919220813 0.1132767217575656
0.10173193705241655 0.07134430186345068 0.2913781666588824 0.1255209688361719 0.08889368115731983 0.06821555946335267 0.13994651301585134 0.11296887195255471
0.08108940144904643 0.12471101018012432 0.14595195099552175 0.1371897156345542 0.09447568789236345 0.15890415926522725 0.09305041582169764 0.16462765876146504
0.10420949715327116 0.08168100804853802 0.24118761745730052 0.13227408727252873 0.09387628230057796 0.08502278480521358 0.14643285200703218 0.11531587095553787
0.08160772425392836 0.12705955337308317 0.1340782463565902 0.13752097479499759 0.09567487348253771 0.1657583620369545 0.0932750959479114 0.1650251697539971
0.10476454478322067 0.08230833728625833 0.23617615232539993 0.132831468630203 0.09452091320933739 0.08654689451851223 0.14704989608227598 0.11580179316479235
0.08172115737553187 0.12721537360622423 0.1329069841755755 0.13756113063244252 0.09583235778297407 0.16638730758718578 0.09330233208113493 0.165073356758931
0.09506801267653314 0.15806921407023072 0.12823350701935235 0.15302356117254318 0.08578044712367244 0.16637700850724887 0.0800430935364072 0.133405155894012
0.0812682668397539 0.13700832673294647 0.10514511178925758 0.12649700438519196 0.09944022178875973 0.19764705969370644 0.09487275328889397 0.15812125548148992
0.06467275416650316 0.11591226259564247 0.059659418240074175 0.08024604394768675 0.1350848780883563 0.2932196358211524 0.0907129192452111 0.1604920878953735
0.09921797192064256 0.0818618998220951 0.19598051029561828 0.1337564457259431 0.10541915518162207 0.11425476074061135 0.14912845516011866 0.12038080115334882
0.10429992330625033 0.07499365331419632 0.25536611111636204 0.12989136854559782 0.09527319998214692 0.0784543295017794 0.14481918254262918 0.11690223169103804
0.1034256609242172 0.07263411582295184 0.27863855310598185 0.12715065515289664 0.09121679036224045 0.07073514335348745 0.14176349164061758 0.11443558963760697
0.10237873155020771 0.07173157721142644 0.2875363467403012 0.1260126546337852 0.08960893255706827 0.06882566214958417 0.1404947059872202 0.11341138917040666
0.10181476227629674 0.07138860168492998 0.2909207005172629 0.12557845261780984 0.08898706731443566 0.06827920509069291 0.14001060314254318 0.11302060735602884
0.0811073392611804 0.12472505329783619 0.14584647077060692 0.13719612391238906 0.09449988776806346 0.1589350139892628 0.09305476230579432 0.16463534869486685
0.07909319029209307 0.13112805353433796 0.10974427575500524 0.12740448357211898 0.10210432101313159 0.19571670868907542 0.09555336267908923 0.1592556044651487
0.07538032707486894 0.13457754625195759 0.10125112041485593 0.1347818449457684 0.09552542781175849 0.20532826821134736 0.09141725135452118 0.16173821393492205
0.1043662501243957 0.08412137666621089 0.22196555692344064 0.13416845960359194 0.09548246482629266 0.0943985167674789 0.14853000004956046 0.11696737503902888
0.08163383985178731 0.12755197515480374 0.12948874182223558 0.13754827837567138 0.09600301023858675 0.1694226056078282 0.09329361489828146 0.16505793405080563
0.09510543570397034 0.15811172789609657 0.12726706225173529 0.1529835576893671 0.08579387412410548 0.1673458926346849 0.08002216863751511 0.13337028106252516
0.0812956525758232 0.13698766789807493 0.10490286642989184 0.12646703816582958 0.09942198401778335 0.197990714580938 0.0948502786243722 0.15808379770728698
0.0757233833981855 0.1356677623217458 0.10006833829660551 0.13467065517816995 0.09486415357426504 0.20605908533116107 0.0913418356860631 0.16160478621380395
0.11572951010372703 0.09334363686861218 0.14713712480220936 0.08918033537096151 0.15143178521379896 0.15014610053657418 0.14155608789041507 0.11147541921370187
0.08216852474982318 0.1267465708900366 0.11003906403811348 0.13423636069506706 0.10659473174149899 0.18808384431907385 0.09104727073230635 0.16108363283408045
0.10299141448472089 0.08272055189938006 0.21984108055584894 0.13346469797829527 0.09816067714579306 0.09390017156178464 0.1488031781937113 0.12011822818046576
0.10446919797121877 0.07454588364726747 0.2649185336895602 0.12893006313684297 0.09301111843377588 0.07434074754709888 0.14374739875107714 0.11603705682315865
0.1203051031453625 0.08435257458955504 0.20576686634236319 0.09234526918220123 0.14061771489603844 0.1085207038922972 0.13727744493354094 0.11081432301864147
0.12356585922225095 0.0847876327069137 0.18409189654101038 0.0911138044573923 0.15508072951625568 0.116576722297511 0.1354467899097951 0.10933656534887075
0.10918356510082414 0.07439903598648608 0.24783900736057893 0.12779681060655018 0.10517878570576512 0.07810175894301556 0.14248390675088507 0.11501712954589517
0.09485544371387183 0.14412820058488965 0.15592161082791603 0.15779732634252594 0.08460688678299062 0.14040212420442155 0.08027081383511103 0.14201759370827333
0.08182570551094183 0.13515001408521868 0.11219451809418088 0.12745646719244472 0.099850805919714 0.18860955481261046 0.09559235039433354 0.1593205839905559
0.07867629542805255 0.13222419103002572 0.10131814656698294 0.12637254343001456 0.10261792939384205 0.20604580729105293 0.09477940757251094 0.1579656792875182
0.07514347266912969 0.13448881429410664 0.09909948066274202 0.1344415508821362 0.09542003625515881 0.2088903409711489 0.09118644320701412 0.16132986105856342
0.10176706377983692 0.08410379356303355 0.21545710143357255 0.13414728244094856 0.09613233351233827 0.0980956621429856 0.1495642089304307 0.12073255419685372
0.08118715511981547 0.12759854579398272 0.12796485930145365 0.1376354298028772 0.09617187741668595 0.17092689050065027 0.09335272630108195 0.16516251576345262
0.07900943860063528 0.13147659556807711 0.10547271138686769 0.12720501608072038 0.10232337744159463 0.20010282876066418 0.09540376206054028 0.15900627010090046
0.07531639116169458 0.1345359786469865 0.10019225752477455 0.1346635273511702 0.09549428454496353 0.20686432678908215 0.09133700115992416 0.16159623282140426
0.07728235267292459 0.13181765007144947 0.09837349075653998 0.1261483150962606 0.10136439997625003 0.2127171612340543 0.09461123632219547 0.15768539387032576
0.08764936264552035 0.15730296549440262 0.0803422855813526 0.10973088134968925 0.11135539786205506 0.24751588644495512 0.07442616300239793 0.13167705761962709
0.08768102202662782 0.15948117397075556 0.10767034444630728 0.15286443120436435 0.08343375353131686 0.1935298152110019 0.07776147152569839 0.1375779880839279
