0.125 0.125 0.125 0.125 0.125 0.125 0.125 0.125
0.099626400996264 0.07845579078455792 0.199252801992528 0.15691158156911583 0.08685378548392246 0.06839735606858895 0.17370757096784492 0.1367947121371779
0.0745303753200788 0.12421729220013136 0.1056354961590544 0.1490607506401576 0.0931629691500985 0.15527161525016417 0.11179556298011822 0.186325938300197
0.07346369166295703 0.1224394861049284 0.09668129484448348 0.14692738332591407 0.09182961457869628 0.17480376283119256 0.11019553749443556 0.18365922915739255
0.053544511786600316 0.08924085297766718 0.07003787039280865 0.10708902357320063 0.10708902357320063 0.23031384226228055 0.12850682828784074 0.21417804714640126
0.07295173961840629 0.12906846240179573 0.09118967452300786 0.16133557800224466 0.08754208754208755 0.15488215488215487 0.10942760942760943 0.19360269360269358
0.0957428997391626 0.07539753354459056 0.20784070624849513 0.1507950670891811 0.08346816900337252 0.08835692018814126 0.16693633800674504 0.13146236618031173
0.07123609915300394 0.11872683192167324 0.1156026303714152 0.14247219830600788 0.08904512394125493 0.17797271969462913 0.10685414872950591 0.17809024788250985
0.06946199840155613 0.11576999733592688 0.0999602226851696 0.13892399680311227 0.09429543920166703 0.20374035196634338 0.1041929976023342 0.1736549960038903
0.08430188278307639 0.140503137971794 0.08914156847997079 0.1264528241746146 0.11512202096100406 0.27376725299381033 0.09483961813096095 0.07587169450476877
0.07229570565464345 0.12790778692744612 0.09036963206830433 0.15988473365930764 0.09574755850422885 0.15348934431293534 0.1084435584819652 0.1918616803911692
0.069155896723898 0.11525982787316336 0.09593325794685939 0.138311793447796 0.09445325538048464 0.21026238173220643 0.10373384508584702 0.172889741809745
0.06680521349003123 0.11134202248338537 0.09387047611365827 0.13361042698006245 0.09756151601124843 0.22958949096148948 0.10020782023504683 0.16701303372507803
0.08625983900406457 0.1526135613148835 0.07520088528559477 0.13304772012066768 0.11984339420941455 0.18313627357786022 0.09024106234271372 0.15965726414480122
0.09172907816662527 0.0722366490562174 0.20792557069567724 0.1444732981124348 0.0969655980522792 0.10078084563078413 0.15993787988026972 0.1259510804057124
0.0680251978059268 0.11337532967654465 0.121897601107769 0.1360503956118536 0.09973965988592856 0.18881102468827035 0.1020377967088902 0.17006299451481693
0.09926289425185189 0.07816952922333337 0.15407602924272362 0.09380343506800004 0.14648369806642228 0.16205577893489095 0.14889434137777785 0.11725429383500004
0.06982678197753796 0.12353969119102869 0.08728347747192244 0.15442461398878587 0.10421884580435231 0.1706568798135226 0.10474017296630694 0.18530953678654302
0.09648200595320139 0.07099164463775406 0.21786910483057473 0.14198328927550813 0.0932948051507157 0.09841750894039386 0.15718133774089627 0.12378030347095581
0.0914024562504405 0.13860332589938956 0.12168180217377908 0.1247429933094506 0.12172314773249808 0.23344323366668387 0.09355724498208795 0.07484579598567036
0.06755649843781843 0.11952303569767875 0.08444562304727303 0.14940379462209846 0.0979025708322719 0.20054917615961362 0.10133474765672765 0.17928455354651812
0.09508767339605449 0.07003706543451334 0.22088225509241668 0.14007413086902668 0.09140045955490107 0.10533468578527841 0.15506782090506818 0.12211590896274122
0.09020689118232793 0.1368058433903983 0.12641013729302147 0.12312525905135849 0.1200185199172497 0.23721424944631 0.09234394428851887 0.0738751554308151
0.06613634122114723 0.11701044985279892 0.08267042652643403 0.14626306231599867 0.09589692450375613 0.21730260896894563 0.09920451183172084 0.1755156747791984
0.09417706290214974 0.06941089680566032 0.222962523938327 0.13882179361132063 0.09045441634169697 0.10946774655622152 0.15368143208090848 0.12102412776371543
0.06204693857541543 0.09410198888155158 0.09006325122699914 0.08469178999339644 0.13206611418673384 0.26601618915703507 0.1016301479920757 0.16938357998679288
0.0648843833636867 0.11479544748959954 0.08110547920460837 0.14349430936199944 0.10209265876320124 0.22410797553697512 0.09732657504553005 0.1721931712343993
0.0931250480488266 0.06865872294898283 0.22333676811175512 0.13731744589796566 0.09533985814206336 0.11049345438564896 0.1520160573229412 0.11971264514181623
0.0710875376919799 0.10779414177059658 0.141025860316812 0.1293529701247159 0.10031316161723852 0.1917203882292254 0.09701472759353692 0.16169121265589487
0.05665209811854066 0.10023063513280271 0.04938900861616365 0.08738055370552032 0.14407306880156973 0.2887355109820349 0.0987780172323273 0.17476110741104064
0.08868298291559215 0.07158746813668282 0.1773659658311843 0.14317493627336564 0.11284232188060846 0.1178595130684717 0.15962936924806584 0.12885744264602908
0.09134666872217966 0.0657974152763242 0.274262349674987 0.1315948305526484 0.09335643597270482 0.08323771447475109 0.14568088689589076 0.114723698430514
0.0674507055913643 0.11933586373856758 0.10678603374687233 0.14916982967320952 0.10147799568657542 0.17559971756851298 0.10117605838704645 0.1790037956078514
0.10331789109239962 0.07601870208566808 0.16136793284250667 0.09122244250280169 0.15094674206073427 0.1583007085051628 0.1447975277822249 0.11402805312850212
0.05466547063571415 0.09671583266318659 0.05541841221335686 0.08431636693713702 0.1559104779665339 0.28902655178086 0.0953141539289375 0.16863273387427405
0.08645085027047969 0.06978562612195349 0.1830474398918886 0.13957125224390698 0.11372722412312149 0.12619194984226997 0.15561153048686344 0.12561412701951627
0.09568887273814618 0.0646725418167244 0.27795135194329185 0.1293450836334488 0.09228527809468945 0.08410416659428191 0.1431903245758977 0.11276238060351945
0.06565088403561091 0.11615156406300392 0.12291952889390896 0.1451894550787549 0.09919353650743185 0.17819135927336727 0.09847632605341637 0.17422734609450588
0.10683753820247845 0.07485322394521336 0.16742473813842298 0.08982386873425603 0.14841835015720448 0.1577848754851508 0.14257756941945401 0.11227983591782004
0.0959178945262089 0.0774276979910361 0.15700203863845613 0.09678462248879513 0.16984962478164337 0.14299973279799288 0.14387684178931337 0.11614154698655414
0.08499651386510346 0.06861164372243292 0.21954170769070383 0.13722328744486584 0.121081196145732 0.09205096747359648 0.15299372495718622 0.12350095870037925
0.06437680189263109 0.11389741873311654 0.12359725022449054 0.14237177341639567 0.10898563709849034 0.17935978769625457 0.09656520283894664 0.1708461280996748
0.09071533174960308 0.06863247032286357 0.22191460022115994 0.13726494064572714 0.10512456184377007 0.09976948346802288 0.15304016516769878 0.12353844658115445
0.07768596239484651 0.05725264149744207 0.23435920276516556 0.11450528299488413 0.11611462437169119 0.09245615255687871 0.17021979382523075 0.13740633959386098
0.11546793929002692 0.08608472098115286 0.23625363466040977 0.10760590122644108 0.13512912816487826 0.10264081499694859 0.11997254957634548 0.09684531110379696
0.08772909683707104 0.06288339253560757 0.28843486457679995 0.12576678507121514 0.10424832956594451 0.07752684507583865 0.14022057977342942 0.11319010656409362
0.0676396304344495 0.10920206764081199 0.16072869509158602 0.13650258455101497 0.10189004575392595 0.16764951337152267 0.09258436169547103 0.16380310146121796
0.08702400620616223 0.06550739119656689 0.2582348720112678 0.13101478239313377 0.1004023222202922 0.09383161667297919 0.14607170514577747 0.11791330415382037
0.08443917875923254 0.062261528953927975 0.3074524774941993 0.12452305790785595 0.09550250270583492 0.07491658526013521 0.13883391680174384 0.11207075211707035
0.06689527708951826 0.10824629662783343 0.16995944601803187 0.13530787078479178 0.10006732770249956 0.165380302738064 0.09177403409751096 0.16236944494175012
0.06900088658064446 0.10809403672145423 0.12695756541518524 0.1351175459018178 0.10064911127551321 0.20639485484631853 0.09164494417688512 0.16214105508218135
0.09209994036354117 0.06559697837525459 0.24289490585331736 0.13119395675050918 0.1012986254741532 0.10256956092473588 0.14627147118303035 0.11807456107545826
0.07214607886030934 0.10806490129348109 0.15074609594908786 0.1350811266168514 0.1022058335219436 0.17803836941711032 0.09162024240099485 0.16209735194022165
0.0915158066086943 0.06481578350712233 0.25622221024996716 0.12963156701424466 0.10109693584758557 0.09551976323622127 0.14452952322334442 0.1166684103128202
0.07194355550124604 0.10778130669503284 0.15545555897840063 0.13472663336879104 0.10255253972847754 0.1744886421831923 0.09137980350231045 0.16167196004254925
0.06910551114475455 0.10724575847049395 0.12290111992722665 0.13405719808811745 0.10200063409909761 0.2128953888178458 0.09092575174672314 0.16086863770574092
0.1033989410781098 0.07354012050666996 0.17007264443708475 0.09192515063333745 0.1532144663140356 0.16088558577702006 0.13665291049373746 0.11031018076000494
0.12269122173830478 0.08192834454487162 0.21645844259676914 0.10241043068108953 0.14899560741383236 0.121166577772191 0.114179987639961 0.09216938761298056
0.13189318241267256 0.07973047719421947 0.23636716287628576 0.09966309649277434 0.14440541340678273 0.10712696572883931 0.111116915044929 0.0896967868434969
0.13896092164158316 0.07843611468034585 0.24423896656466942 0.09804514335043231 0.14103034413871757 0.10173486257487314 0.10931301803398946 0.08824062901538908
0.10938458706000297 0.058647840390132565 0.29839199699742 0.11729568078026513 0.10485090180446398 0.07508694960449463 0.13077593066098217 0.1055661127022386
0.08247595050836908 0.10486654331266951 0.16839931357105972 0.1310831791408369 0.10252058279915016 0.16444602462947316 0.0889085910694372 0.15729981496900425
0.07675494521471389 0.10569741179710893 0.126433294637791 0.13212176474638615 0.1017781480430371 0.2090552948199244 0.08961302304537497 0.15854611769566337
0.10051735243910898 0.06417154831226217 0.24183401893899764 0.12834309662452434 0.1012901644923851 0.10524205733733706 0.14309297489331294 0.1155087869620719
0.11778869162461426 0.07028087778374566 0.21962393417893986 0.08785109722968205 0.14852614779533782 0.11991137823331055 0.13059655647875124 0.10542131667561846
0.10699139486419926 0.059356304301333054 0.28741002850911124 0.11871260860266611 0.10840990691994537 0.07992270961826846 0.132355699442077 0.1068413477423995
0.10181983404886902 0.0583294757520171 0.32344161719120473 0.1166589515040342 0.09501423687043756 0.06967680324471189 0.13006602503509485 0.10499305635363078
0.08756916507089214 0.05081170951447428 0.30232319709722 0.10162341902894856 0.10620070638962698 0.0784536622240508 0.1510700378400489 0.12194810283473827
0.09613537941879352 0.0581790037605746 0.33166573008346534 0.1163580075211492 0.09407547721730379 0.06913370027699507 0.12973049495268424 0.10472220676903429
0.08073820209779134 0.10428334345451583 0.17981291932432986 0.1303541793181448 0.09919615131514557 0.16077605029251363 0.08841413901578517 0.15642501518177374
0.11500179946886853 0.07148079266188023 0.19383749160436578 0.08935099082735029 0.14986421806127656 0.14041726933263088 0.1328262490508073 0.10722118899282036
0.10742165441140568 0.060097367661872514 0.27444985615107087 0.12019473532374503 0.11024252181624176 0.08541044271468543 0.13400816012960826 0.10817526179137053
0.08341459630591136 0.10467995333283808 0.16144756048423764 0.1308499416660476 0.10438816964813767 0.16944945334659894 0.08875039521697142 0.15701992999925712
0.1012462878949278 0.06966642538089486 0.25974707961928706 0.1245119707569338 0.09978930327266151 0.0941566039381896 0.138821555455865 0.11206077368124041
0.08170575672880118 0.11272556524966218 0.1560978851300118 0.13041567974945456 0.10082992310893031 0.17327052198199064 0.08845585235180398 0.15649881569934546
0.13252264714952122 0.09239327621712266 0.2106430826280171 0.10237968609324341 0.12988729852555606 0.12588658218373572 0.11414570971888482 0.09214171748391907
0.12901747941460376 0.0750012349613188 0.20222025883027028 0.08448095346889042 0.15761680531220082 0.12469951242465203 0.12558661142539532 0.10137714416266849
0.1114987105657944 0.06410801335569352 0.27700025510687687 0.11767244951277381 0.11130431848359285 0.08131504873311239 0.13119599968065976 0.10590520456149642
0.1220023158683789 0.07304134023460195 0.23263580273527998 0.08491265024838344 0.1497969967802441 0.1094873561523801 0.12622835768267154 0.10189518029806013
0.10902886957571688 0.06313659148953875 0.29317206423144043 0.1161176654141665 0.10769386900656429 0.07688250997044672 0.1294625314393767 0.10450589887274986
0.10347594390596099 0.06172313160262694 0.3257093430633033 0.11489246581872123 0.09414524552356834 0.06855412552570905 0.12809652532326082 0.10340321923684911
0.08337842953782236 0.11051862989747172 0.17725328349617528 0.12874941854921088 0.09864455292047986 0.15963069075858302 0.0873256925812039 0.15449930225905303
0.10197286622011874 0.06935289540164832 0.26788424146368617 0.12312836064600745 0.09732002387746316 0.09224715437300157 0.137278933436668 0.11081552458140669
0.10305297287450452 0.0633555527085002 0.3139761146876411 0.11725061365208375 0.09274738374093305 0.07336612587318357 0.13072568417627842 0.10552555228687535
0.09532863790562204 0.12686439831480656 0.19837446612855214 0.14756885126697483 0.0843289038096937 0.1396551433982644 0.07506763303580895 0.13281196614027735
0.09413895151138973 0.13693845735729518 0.15611802172975772 0.1494185086927927 0.08258260145675834 0.17031825570215917 0.07600854572633368 0.13447665782351342
0.08121651740045743 0.11946090398771565 0.12145241248599234 0.12915217227058717 0.09450660934989895 0.21162991311015844 0.08759886467048521 0.1549826067247046
0.0775459409653828 0.11635035724281044 0.10971347668520413 0.12798954181692898 0.09716338700114105 0.230839548180214 0.086810297928004 0.15358745018031475
0.08999592120578885 0.06209915304023504 0.19935693995710835 0.10959253563474268 0.11500522412217687 0.12952251836451995 0.16291666491373688 0.13151104276169123
0.13701104306858974 0.08591395006538412 0.23017812195053855 0.10024165212243959 0.13311745266747058 0.11155833181916923 0.11176196139621249 0.09021748691019563
0.11527184592918989 0.06385679647250755 0.29140294044665127 0.11574897345835446 0.10276630371534554 0.07772759644246101 0.1290514674229713 0.10417407611251901
0.10670032326260338 0.06163677717718209 0.3244948534164336 0.11461183442868264 0.09264606159323072 0.0689758568700444 0.12778364226600883 0.10315065098581437
0.10270853130805793 0.060651521367421114 0.3410615994306004 0.11303316479039227 0.08865308671557479 0.06613870464611844 0.12602354343048214 0.10172984831135305
0.08406037021150103 0.10990470254910513 0.1820416962509161 0.12812781697840792 0.096679073671544 0.1585288754051683 0.08690408455926797 0.15375338037408948
0.10293442245799812 0.06900737997629693 0.2701684950874341 0.1225383796480628 0.09646063533901035 0.09198499715554874 0.1366211486523924 0.1102845416832565
0.10440237295643094 0.06309817471222888 0.31483683767130205 0.11678348544518492 0.0923087744811383 0.07326034674714837 0.13020487108590018 0.10510513690066643
0.1025697873661905 0.06114739879442902 0.3365662209567039 0.1138058771382503 0.0891211922430333 0.06747917404372435 0.1268850600332432 0.10242528942442526
0.10094950581421792 0.06029883723109997 0.3470189014902703 0.11242369080604815 0.0873057614728464 0.06547795603900217 0.1253440254210716 0.10118132172544335
0.11916314578302122 0.07141524940360927 0.26227348872931877 0.08328184530513832 0.13728267327533317 0.10284132653455097 0.12380405660286237 0.099938214366166
0.1081861994217357 0.0619772574813195 0.30825822912434553 0.11411285687442388 0.10279551004100064 0.07474105634005213 0.12722731953014124 0.10270157118698149
0.097765416968174 0.12599708067877582 0.19609349300241727 0.1466954658582202 0.08678345199661779 0.14001582654769326 0.07462334567570332 0.13202591927239815
0.10665610932940447 0.06959224249390525 0.277336723536275 0.12154481883719359 0.0929194856886324 0.08704688066651274 0.1355134024946024 0.10939033695347422
0.09800965319530562 0.1282843861231263 0.18518125762931303 0.14828182265340328 0.0847172562518985 0.1466416652786809 0.0754303184802095 0.13345364038806293
0.10669661395260178 0.07669028394799793 0.2706502244424387 0.12108734355210066 0.09225711518146586 0.08863645803483416 0.1350033516916704 0.10897860919689059
0.10528944358918725 0.06736347866968974 0.31453548271506515 0.11602698103552 0.09079401074304289 0.0722048951908503 0.12936142512467677 0.10442428293196802
0.12141239687950703 0.07652379510944333 0.24842617755217772 0.08367491128227582 0.13949627226141476 0.10566817779861931 0.12438837557783092 0.10040989353873098
0.10932434917533088 0.06655262548355127 0.3005946657474921 0.11416067814389946 0.10377142859621404 0.0755710058471478 0.12728063667685505 0.10274461032950952
0.10422695579541492 0.06476208498116373 0.32868900609749574 0.11342634085021847 0.09239918912511924 0.0679508109897 0.12646190539569135 0.10208370676519662
0.10154369948493402 0.06383119260207734 0.3427450472272873 0.11214572085183118 0.08824327367756243 0.0655258077235136 0.1250341096661461 0.10093114876664806
0.13474992619119583 0.0852102540398405 0.2940998918797436 0.09370276127841047 0.11650409943021504 0.08692899594797662 0.10447158608204869 0.0843324851505694
0.11115363568503824 0.06594703146465139 0.32334351889870083 0.11110457841857152 0.09496777862215104 0.06961602278391452 0.12387331355025809 0.09999412057671438
0.10376217740789155 0.06392729766106725 0.33976931942158856 0.11201450214576772 0.08895142034844837 0.06587442048271948 0.12488781060132609 0.10081305193119093
0.13578871113360627 0.08523361806622823 0.29262653363063273 0.09370789172280693 0.11678529731841963 0.08704353943309825 0.10447730614468174 0.08433710255052623
0.11159734965137366 0.06597712997095653 0.32256040683484744 0.11114865185663654 0.09508866913097905 0.06967155373959599 0.12392245214463805 0.10003378667097289
0.12309272047979469 0.07570014823773598 0.2510905442174206 0.08289709096063222 0.14048931718891317 0.10402157633470034 0.12323209342804431 0.09947650915275866
0.10979082727827312 0.06628312458275941 0.30180067042316877 0.1138372954858945 0.1038809151295774 0.07503351201680807 0.12692008914621372 0.10245356593730505
0.10441579440851442 0.06465996068823687 0.329224800156512 0.11329173171966717 0.09236801739981239 0.06776531081897263 0.12631182626058413 0.10196255854770045
0.1206299665534301 0.07566729593001838 0.25429559554407477 0.0830985545161944 0.13952980679905885 0.10352893270326834 0.12353158253452183 0.09971826541943328
0.08719176261054079 0.11620552939583151 0.15189513720311804 0.12474906849611735 0.11051590711846579 0.17513130130495844 0.08461241167562741 0.1496988821953408
0.11771018756265897 0.09110985186517469 0.1775640422415213 0.08593099441462182 0.15181423809511893 0.14501129784132302 0.12774219468203485 0.10311719329754618
0.11147941510210656 0.07417753382894379 0.2625721175882466 0.11750330746668827 0.11047665826742976 0.08703057210475057 0.13100741892181514 0.10575297672001945
0.08575542138938932 0.12280962295357478 0.15548739913817386 0.12685290182914502 0.10264102742950862 0.16819078556372746 0.08603935950150705 0.152223482194974
0.13528616233285115 0.10663671888412972 0.20678094943498282 0.09929382781364765 0.12834173161807505 0.12359095685896387 0.11070520802506685 0.08936444503228287
0.10150063463077315 0.06639677936032579 0.24407198347593753 0.1014032788902515 0.11943898219643212 0.094761622039634 0.15074278473834402 0.12168393466830182
0.1046609234190391 0.06927050455005847 0.3003834765216308 0.11677179424070455 0.09935424110824403 0.0742726090783065 0.13019183626538253 0.10509461481663411
0.09615863077183076 0.13885224051301584 0.19184652990141282 0.14502832844794508 0.08516003337891843 0.13865346126020672 0.07377528012351989 0.13052549560315058
0.12085184267493487 0.09525254245298795 0.195881194497956 0.08569722662585658 0.1401103456834151 0.13197549295060815 0.12739468316321367 0.10283667195102789
0.08657852671797481 0.12622857150337968 0.1320333313634316 0.12379594352909759 0.10974603086112507 0.18909651948338208 0.08396594430669228 0.1485551322349171
0.10489310122349826 0.08301721296343462 0.24022661527660083 0.12267802392640348 0.10137605713774818 0.10062192633702413 0.13677684160152745 0.11041022153376313
0.10601114390948266 0.0721778610889624 0.2985768679788989 0.11709303989851355 0.09440916979381962 0.07579818022137759 0.130550001200283 0.10538373590866218
0.10350850315049219 0.06838560936327923 0.3277920688993982 0.1135216083029842 0.08989698878398111 0.06815765253116556 0.12656812149601374 0.10216944747268579
0.08374496284491378 0.12097174546726927 0.17668427994511446 0.12649981942858987 0.09631418486732903 0.15818534660699723 0.08579987752547835 0.15179978331430782
0.10224418811288444 0.08077312290743495 0.26551186822669787 0.12076669116278146 0.09573582614103378 0.09163243319580182 0.13464584820686232 0.10869002204650331
0.10401348126552891 0.07098978864635772 0.31155065203978494 0.11567769369219458 0.09176706008663775 0.07291940414343252 0.12897199580308857 0.10410992432297513
0.10228718085017376 0.06777264649823901 0.33421280335800313 0.11276975528001021 0.0886297074823583 0.0671052652953741 0.12572986148383225 0.10149277975200918
0.10066507826845576 0.06648352465139452 0.3452031142854781 0.1113724130744467 0.08679965333177246 0.06506911541755238 0.12417192920389802 0.10023517176700204
0.08290727805522921 0.1201906250192645 0.18225216497597319 0.12617518331278987 0.09522419157733603 0.15626064753277566 0.08557968955128359 0.15141021997534784
0.0770015454134824 0.13947536098478397 0.1272213734661397 0.1246496744313211 0.09609047098836228 0.20143696882751608 0.0845449965708091 0.14957960931758532
0.10153067559183589 0.09250072354034126 0.23689791270813762 0.12214309013729059 0.09716016656524808 0.10365821998648651 0.13618043034709862 0.10992878112356153
0.0826031842511898 0.13510163412301707 0.14610771362578628 0.12591321380265025 0.09780758000859249 0.17596881174204698 0.0854020058835367 0.15109585656318028
0.11582588011118065 0.10249259016488611 0.1747030488975957 0.0855281333545727 0.1458668462336749 0.14580642655416337 0.12714331465843942 0.10263376002548723
0.08436139013494347 0.13555337222130245 0.12404791010873752 0.12197352734258404 0.11032428763160375 0.19464140903040997 0.08272987071931788 0.14636823281110084
0.11618984214990664 0.10237426701065117 0.16397349704195666 0.08515754690955818 0.15118099028006554 0.15234238729860103 0.12659241301779095 0.10218905629146981
0.11119597120089944 0.08140142291653109 0.25421269540553737 0.11720630072805695 0.11055465756114866 0.08926700295965208 0.1306762785729232 0.10548567065525125
0.09744925417540491 0.1499170744969816 0.17400797792629397 0.1437982709409199 0.08754672372412586 0.14471269967167363 0.07314955521777229 0.12941844384682788
0.09285950447301543 0.08126935747420722 0.23005988094223215 0.10440456600204671 0.10799828517062046 0.10291852712640932 0.15520439960901275 0.12528547920245608
0.10260366029760166 0.07624896678843393 0.29333347264832743 0.117538505332362 0.09672035411732191 0.07672372410149242 0.13104666191533496 0.10578465479912581
0.10238512608993201 0.07267107841317084 0.3248339804709352 0.1131950026465886 0.09048525649322331 0.06835007294153107 0.12620398056268908 0.10187550238192974
0.10079137913181403 0.07078897945507817 0.34025542954436555 0.11123534902260658 0.0873799936785715 0.06541794203246146 0.12401911301475689 0.10011181412034592
0.09387145460984081 0.14435504513102607 0.2048746835171191 0.14245680457666665 0.08096020113761955 0.13280352979798885 0.07246715711073913 0.12821112411899996
0.07929739914897391 0.15179238284870178 0.13386745505076053 0.1234128433198136 0.09127929956805007 0.18854910565431104 0.0837061024256127 0.1480954119837763
0.0749182247771675 0.15291950577864505 0.11047438675765385 0.12245698312912635 0.09344603657510758 0.21577870336585356 0.0830577798614944 0.14694837975495162
0.11324552836556183 0.1073058755480143 0.15838828067527208 0.0856592179168866 0.14430479668118204 0.16096705864831326 0.12733818066450606 0.10279106150026392
0.08340203384440553 0.13681217724748929 0.11843946869480315 0.12152614551427816 0.10944185446302514 0.20212051648744167 0.08242642913142345 0.14583137461713377
0.11586802127503354 0.1027184409410472 0.16137190270382623 0.08515418382137131 0.1508264433305207 0.1552885737812334 0.12658741356132214 0.10218502058564558
0.11122826625022697 0.08156384174977879 0.2527567464929687 0.11732253123912864 0.11057246329671541 0.09016000593711634 0.13080586691884938 0.10559027811521578
0.12396045111293928 0.0870266838006405 0.22060834412261726 0.08343707829793844 0.148457236686518 0.11235089114906409 0.12403482087275625 0.10012449395752612
0.11091801784946033 0.07596022853862874 0.28469147699937847 0.11400882681441891 0.10698904072444039 0.07771313116402306 0.12711133377667302 0.10260794413297702
0.10501587823806759 0.07256242475056626 0.3198533961414056 0.11296705553029908 0.09339367413806421 0.06858738468532298 0.12594983653900507 0.10167034997726916
0.10176552351557222 0.07086185505151428 0.3376722072876171 0.11137325182275085 0.08832095054009689 0.06559742079630902 0.124172864345664 0.10023592664047577
0.11878331735704571 0.08310009525643858 0.25723101903041345 0.0819918165640652 0.13658641152162818 0.10203081815799485 0.12188634223553574 0.09839017987687824
0.10760786451725793 0.07395642323460366 0.30410819445283227 0.11217085911050163 0.10198468675979665 0.07415606177698227 0.1250621369485742 0.10095377319945147
0.10310239686146151 0.0715092597584877 0.3296255492550387 0.11190083985225528 0.09119884831197222 0.06719126446743455 0.12476108562632043 0.10071075586702975
0.10073570429870154 0.07032447285389455 0.3424856163025897 0.11082799708330643 0.08732422561227818 0.06499184047241802 0.12356494600183567 0.09974519737497578
0.09946117981995563 0.06968623267455226 0.34880659066386893 0.11016418119146816 0.08577013126358822 0.06413908049331013 0.12282484082093538 0.09914776307232134
0.09879423271382089 0.06935420681923017 0.3518850521890683 0.1098207546202316 0.08509928396493847 0.06376584471164683 0.12244194582285521 0.09883867915820842
0.08189660637456792 0.126137444235922 0.18371743767357146 0.12494265907459753 0.09404688207938826 0.15458406308270892 0.08474371658972703 0.14993119088951704
0.07633924788132881 0.1451053530524926 0.12713143690788714 0.12371008502130931 0.09523452977179203 0.20011953549907882 0.08390770984054023 0.14845210202557116
0.10126416271530189 0.09372079222109873 0.23671970377049154 0.12200721657868734 0.09685605329802235 0.10359663502650576 0.13602894146907377 0.10980649492081859
0.08251749967747768 0.1354800885576652 0.14599057082218383 0.12582639672736043 0.09767737750460138 0.1761732693793215 0.08534312125855753 0.1509916760728325
0.10255588214559062 0.09083953105412149 0.24744365804011975 0.12115069671428791 0.09684455084676409 0.0970560684165958 0.13507398573966128 0.1090356270428591
0.12154034882121952 0.08996039914591586 0.21924168669080574 0.08417725686389499 0.14329350269891003 0.1156389515180435 0.12513514602453643 0.101012708236674
0.1443346620528337 0.10040411603126437 0.23239996701561308 0.0934415800267287 0.13822367657844697 0.10291818779349553 0.1041803884775617 0.08409742202405582
0.11633738012143317 0.077931692962633 0.28982497675125385 0.11221414512719231 0.10291135423319275 0.07467732256293716 0.12511039762688456 0.1009927306144731
0.10637302469680106 0.07270952674761984 0.32222518826672397 0.11247366980659286 0.09191756705447268 0.06767497232495312 0.12539974827690278 0.10122630282593356
0.08397584757039957 0.127668593872038 0.174228207309818 0.12533155805422466 0.09631299986042663 0.1570774321182015 0.08500749154982196 0.1503978696650696
0.10177052909515667 0.08800137197867146 0.26305621796603773 0.11960403177686126 0.09525077978693786 0.09132387103997282 0.1333495697571871 0.10764362859917512
0.1035496020440297 0.07621019454679982 0.30969525355402555 0.11491946371957477 0.09132498062825592 0.07274636219175319 0.1281266259679438 0.10342751734761729
0.10187354970788591 0.07204794905093713 0.3328535607562835 0.11212128331380918 0.08823778026747713 0.06694985828623048 0.12500686363494842 0.10090915498242826
0.10026546215923991 0.07037667834707582 0.34415285906535564 0.11074191982463251 0.08642050823973667 0.06490586823969995 0.12346897628209029 0.09966772784216928
0.09925237272832292 0.06965025300424289 0.3496343156795557 0.11008537679488184 0.08546350484799942 0.06410035802993688 0.12273697979966676 0.09907683911539365
0.09869464438620335 0.06931965478545032 0.3522885934211252 0.10977320368136748 0.08498353912581894 0.0637555512122047 0.12238893007459926 0.09879588331323073
0.09840553315317763 0.06916516825546044 0.35357324341401064 0.10962399349186748 0.08474802873149492 0.06359986696291267 0.12222257184839555 0.09866159414268073
0.08178187734045778 0.12603592931279156 0.18424768788881662 0.12490190411825898 0.09392062685632682 0.15451361544383568 0.08471607409760175 0.14988228494191075
0.13159830037805803 0.11414343918301931 0.2195308964493642 0.09733156916346465 0.12312789835019952 0.11815204816145064 0.10851743606732552 0.08759841224711819
0.12986787969150146 0.09371265662088255 0.20340444583380574 0.08142693193101681 0.15203647356562752 0.12079269075144901 0.12104660328849665 0.09771231831722017
0.07836671287701245 0.11778858243715704 0.19002079593816867 0.17329312024018234 0.07504304358980862 0.12137047988367486 0.08815345681783189 0.15596380821616412
0.10068817169355299 0.08636268780206864 0.2739271996945981 0.12145225537468844 0.08964567278160232 0.08320678167463971 0.13541020114163024 0.10930702983721959
0.1029099846082633 0.07565885280743831 0.31548156393820315 0.11469469538564536 0.08947138528221824 0.070682266081782 0.1278760260493688 0.10322522584708083
0.10143955175855784 0.07176379706121179 0.3357435980446382 0.1118477581512726 0.0875137126972386 0.06632669645988976 0.12470190349104569 0.10066298233614533
0.08266641162167038 0.1272304258058742 0.17853262583515597 0.12521997827927672 0.09490677312875047 0.15624800003950037 0.08493181135463987 0.15026397393513205
0.11529538641579679 0.10001194141962041 0.1890784010508842 0.08504229498272274 0.14386152975007152 0.13823860911388794 0.12642108328774904 0.10205075397926729
0.08432999591276447 0.13475066454279572 0.1287349618758684 0.12202154774766938 0.10986183303222212 0.1911126985104485 0.08276244108102793 0.14642585729720323
0.11609678160586691 0.10208505025964423 0.16604580015806128 0.08506825673840734 0.15086317020416015 0.151299355766497 0.12645967718127424 0.10208190808608883
0.11106962944307455 0.08124435595825723 0.25532755148349684 0.11704900734292227 0.11035596581854706 0.08910847515826169 0.13050090818681034 0.10534410660863004
0.0850719468101327 0.1308295340165417 0.15230365329634443 0.12552885116499848 0.1018668226389713 0.16862326292831853 0.08514130774669464 0.1506346213979982
0.1030489741614174 0.08949371549877654 0.2508154022834358 0.12069303731581212 0.09776971402981473 0.09499169346246514 0.13456372966404723 0.1086237335842309
0.08305866107156291 0.1340283136042254 0.1507007018162515 0.12584967136248432 0.09806153147280595 0.1719226075048733 0.08535890753281547 0.15101960563498118
0.1332134737884729 0.11736830886879142 0.2030826908872332 0.09817330401010597 0.12573056112035227 0.12461978011065154 0.10945590760529726 0.08835597360909538
0.13079976233874624 0.09476878158823228 0.19618113201489745 0.08168345535977413 0.15359836509960179 0.12352041457248934 0.1214279425945299 0.09802014643172893
0.12958647392655095 0.08889809410647506 0.19247791108303336 0.08151147287351589 0.16571022894420723 0.12282977254035399 0.12117227907764452 0.09781376744821906
0.08812595478461985 0.13075734560877347 0.13018758284162774 0.12187568565632585 0.1167945472927202 0.18334455249622522 0.08266350853211667 0.146250822787591
0.10469272047729114 0.09004105916771483 0.23765015863603395 0.12121912157955281 0.1028916524104601 0.0992578039492513 0.13515027435809843 0.10909720942159752
0.08344119609064042 0.13418486233444962 0.14643711282746488 0.12583387748763228 0.09958073010285155 0.17417337300627805 0.08534819516552451 0.15100065298515872
0.11607684281967273 0.10218292721432352 0.17473389585376517 0.0854368064418184 0.14658094333025692 0.14545686554124806 0.12700755106873304 0.1025241677301821
0.1107080765429514 0.08101007160759204 0.26024848733231914 0.11670227283918441 0.10872426624321464 0.0874604547886204 0.13011432509085186 0.10503204555526596
0.10615600500121708 0.07451200048881008 0.30758662156002475 0.11444777225392941 0.09497136823505442 0.07172251224782292 0.12760072518460486 0.10300299502853646
0.10269679241049731 0.07168835887365889 0.3316458563345095 0.1120899793148426 0.08927226597194626 0.06675380369896708 0.12497196201222004 0.10088098138335834
0.10055095783866815 0.0703209116944461 0.34351959371647084 0.11076777026771713 0.08673783630756494 0.06491413933719535 0.12349779759699205 0.0996909932409454
0.08238764609990812 0.12658115214459853 0.1810281765107842 0.12506144102027425 0.0946055430165528 0.15543803024806271 0.08482428173549036 0.15007372922432907
0.10095545915750627 0.08751160254055694 0.26680476596697505 0.11923563302026143 0.09447668265313171 0.09076495430731063 0.1329388326360228 0.10731206971823527
0.10311659721387365 0.075973600384013 0.3116111804816249 0.11469753173044508 0.09095224092137554 0.07254188234911435 0.12787918836215295 0.10322777855740058
0.10164797396240506 0.07193094249730463 0.333801549665433 0.11200393964990757 0.08805654559892294 0.06687946873442183 0.12487603420668797 0.10080354568491681
0.09417839085117834 0.14492887359223533 0.20254196401604696 0.14257401234881814 0.08118500706265172 0.1337483608202996 0.07252678019483358 0.12831661111393633
0.1035326414059477 0.09045458054346152 0.2778439694097585 0.11749377006839841 0.08936008894679383 0.08457377112961349 0.13099678543446808 0.10574439306155857
0.07212970809360594 0.1164908096074648 0.22126150923075924 0.17431162549071474 0.06209922076862959 0.10815509785668843 0.08867156601049402 0.15688046294164326
0.09757295244094041 0.08512498341552564 0.2909027220637594 0.12014140099428768 0.08491722937701246 0.07926475448117834 0.13394869633243714 0.10812726089485891
0.11907276507354522 0.08806806825520798 0.2383480061745473 0.08368311102816588 0.13726199235012523 0.10874575883378355 0.12440056505082571 0.10041973323379906
0.09849061918726901 0.1504284053379286 0.16677266373369254 0.14070356418735408 0.09343486221462434 0.15196138622303254 0.07157529134748011 0.12663320776861864
0.10631926388846911 0.09287136799895873 0.2578858824422597 0.11896417951736771 0.09417942127816138 0.09007594107113209 0.13263618223802043 0.10706776156563093
0.08385917088950125 0.1352159114643707 0.15297524797572687 0.12569925478296629 0.09692823446097355 0.16922618883410717 0.08525688585279455 0.15083910573955955
0.10267290190714444 0.09049129904804713 0.2513070460308314 0.12074590890320447 0.09631622291730588 0.09517262564223374 0.13462267753834886 0.10867131801288403
0.10439086982243867 0.07716000103396414 0.3037010601040048 0.11560638579224466 0.09212483247643655 0.07407861074176145 0.1288924928161295 0.10404574721302019
0.10241166364539697 0.07244927362407601 0.32988487026974905 0.11246402732626153 0.08870684348237534 0.06747669942758443 0.1253889976309214 0.10121762459363536
0.08293254611239807 0.12752746985119987 0.1766358148397525 0.12528551274424182 0.09529840324568796 0.1570013770957961 0.08497626081783359 0.15034261529309018
0.10132816848001637 0.08788591239549927 0.2643996317602244 0.11947815153584644 0.09486188323521375 0.09130669352843455 0.13320922268250343 0.1075303363822618
0.1033461578927257 0.076137344311021 0.31038503677307416 0.1148368740688147 0.09116113985341905 0.07274571576825897 0.1280345446707531 0.10335318666193323
0.08322059046613904 0.12904652150294996 0.17028037690035475 0.12553387495345733 0.09612122467460298 0.16001204637252386 0.08514471518582324 0.15064064994414877
0.10170529376241223 0.08846414256068365 0.26091314797827125 0.11982819451040602 0.09536897834804939 0.09227537330428466 0.1335994944765273 0.10784537505936542
0.08270403209548778 0.1336086217956099 0.1539334973785398 0.12576661968580258 0.0973131974573462 0.1704515111338802 0.08530257683037043 0.15091994362296307
0.07628183383730684 0.14732179357291222 0.11743024237409984 0.1233468223191995 0.09588510426000679 0.2080566938891089 0.08366132296432661 0.1480161867830394
0.10162461235274682 0.09458126593655355 0.23106899795428143 0.12243756776373986 0.09742604317398061 0.10615895090668462 0.13650875092464726 0.11019381098736587
0.10503627015099815 0.07878318120684587 0.29333133551169177 0.11681209569033184 0.09331726000627512 0.07735220193841244 0.13023676937414608 0.10513088612129866
0.13740975711745582 0.09749299776256785 0.2704988377744802 0.09419083902319718 0.11924411405626081 0.0913759428013872 0.10501575634377357 0.08477175512087744
0.11254483625974086 0.07625888844229939 0.31024184763738644 0.11073014646561669 0.09605999843480603 0.07105130107569914 0.12345584986539651 0.09965713181905501
0.07361236719050879 0.11095624219871138 0.23470329914472604 0.17236736304650194 0.06296857816912556 0.10257899535013668 0.08768252815843795 0.15513062674185174
0.09738006532526206 0.08337305573224581 0.29772883783591164 0.1192337037115664 0.08458040497945564 0.07745691747434273 0.1329366816008061 0.10731033334040976
0.11878859890913944 0.08746665212055411 0.24118697917472087 0.0834901526050997 0.13686062829269935 0.1079050863766232 0.12411371939504373 0.10018818312611964
0.08573111846027782 0.13081915647349004 0.14620758915311735 0.1225576694285162 0.10841137663822543 0.17607781509368187 0.08312607143847187 0.14706920331421944
0.07676944747806899 0.14584606943974174 0.11471648623726811 0.12274092206347159 0.09887537170547862 0.21051223206979816 0.08325036453000682 0.14728910647616592
0.1018425900511266 0.0943065189856461 0.2293757011229933 0.1224659585239357 0.09839288568777903 0.10685657845342506 0.13654040450355218 0.11021936267154213
0.1051725762588819 0.07877360694778762 0.2924257784191455 0.11688598174589944 0.09365611145663322 0.07756941478812374 0.1303191468122192 0.1051973835713095
0.09558045479503854 0.1485678007466144 0.18774175540284083 0.14354339703898125 0.08299939434750668 0.1393582383619316 0.07301990197200352 0.12918905733508312
0.10466499507008846 0.09183419660279518 0.2698478556830312 0.11831309023157123 0.09048078985469532 0.08646702507629447 0.13191026627310998 0.10648178120841409
0.10410238498443898 0.0767456122974621 0.31304895234442837 0.11444267039425397 0.08964073076255955 0.07142620887022605 0.12759503699180255 0.10299840335482857
0.10188079145599821 0.07203656479072576 0.33448676527790466 0.11190700361830497 0.08762112111860718 0.06658349271650132 0.1247679577654833 0.10071630325647449
0.10018834357194494 0.07031483768148433 0.34494147112911694 0.11063695657150383 0.08618134317387031 0.06481183686979583 0.12335195008793037 0.09957326091435344
0.09918872370861735 0.06960710446032589 0.3500123599065482 0.11003059104131531 0.08536469693332846 0.06409309423975178 0.12267589777292916 0.09902753193718379
0.09865381228318025 0.06929410343521807 0.3524678787915591 0.10974212781465847 0.08494013265414431 0.06377974718573395 0.12235428280231325 0.09876791503319263
0.08184392040874683 0.12608270733460789 0.18388169429386142 0.12490274832717219 0.09398128730924567 0.15470769764228606 0.08471664669147332 0.14988329799260663
0.07629511070316167 0.145028175724519 0.1271402848332857 0.12364312116180753 0.09518209598768465 0.2004771753204073 0.08386229087496512 0.14837174539416903
0.10122480508732243 0.09368559662159913 0.23668255132737426 0.12195760208567856 0.09682453839833673 0.10388943959063493 0.1359736250119431 0.1097618418771107
0.10464171299724767 0.07838716353384031 0.2962432119076808 0.11648327291225756 0.09290629611462958 0.07663324039770568 0.12987015651560657 0.10483494562103182
