Action: 0
[0.16012316955320596, 0.20158847333428084, 0.1277456247173988, 0.10079423666714042, 0.10736571231329317, 0.10079431008039982, 0.10079423666714042, 0.10079423666714042]
[0.15580825624753653, 0.10181420568108683, 0.2333065096659424, 0.10181420568108683, 0.10181420568108683, 0.10181420568108683, 0.10181420568108683, 0.10181420568108683]
[0.2160300726617798, 0.10209179862251443, 0.16573752783140924, 0.10209179862251443, 0.10776837554181677, 0.10209682947493658, 0.10209179862251443, 0.10209179862251443]
[0.125, 0.125, 0.125, 0.125, 0.125, 0.125, 0.125, 0.125]
[0.20826430299112825, 0.10413185837560443, 0.16563546808549565, 0.10413185837560314, 0.10414616216416786, 0.1054266332567945, 0.10413185837560314, 0.10413185837560314]
[0.1123964221477272, 0.103145264141356, 0.2687310346935078, 0.1031452641412269, 0.10314622245205518, 0.103145264141673, 0.1031452641412269, 0.1031452641412269]
[0.125, 0.125, 0.125, 0.125, 0.125, 0.125, 0.125, 0.125]
[0.125, 0.125, 0.125, 0.125, 0.125, 0.125, 0.125, 0.125]

Action: 1
[0.10429360768398198, 0.10429011878979251, 0.10429011878979251, 0.10429011878979251, 0.10446785487550843, 0.269787943491547, 0.10429011878979251, 0.10429011878979251]
[0.1043226419226018, 0.1043226419226018, 0.1043226419226018, 0.1043226419226018, 0.1043226419226018, 0.26974150654178747, 0.1043226419226018, 0.1043226419226018]
[0.10170450565967898, 0.10170450565967999, 0.10170450565967898, 0.10170450565967898, 0.1550751571476225, 0.23469780889430264, 0.10170450565967898, 0.10170450565967898]
[0.125, 0.125, 0.125, 0.125, 0.125, 0.125, 0.125, 0.125]
[0.10300086952924618, 0.10300086952924618, 0.10300086952924618, 0.10300086952924618, 0.1654081611011425, 0.2165866217233803, 0.10300086952924618, 0.10300086952924618]
[0.10422902411138446, 0.10422902411138446, 0.10422902411138446, 0.10422902411138446, 0.10484225391379352, 0.2697836014178998, 0.10422902411138446, 0.10422902411138446]
[0.125, 0.125, 0.125, 0.125, 0.125, 0.125, 0.125, 0.125]
[0.125, 0.125, 0.125, 0.125, 0.125, 0.125, 0.125, 0.125]

