Action: 0
[0.0932422808802525, 0.09226680111998659, 0.29762456079619, 0.09226680111998548, 0.12625617366971503, 0.11380978017389949, 0.09226680111998548, 0.09226680111998548]
[0.19350709892340676, 0.09501280802685207, 0.14140324488862885, 0.09501280802685207, 0.19002561605370413, 0.09501280802685207, 0.09501280802685207, 0.09501280802685207]
[0.2028874245647037, 0.09559053301379378, 0.2144456212673917, 0.09542788552514449, 0.09549639441125907, 0.10529637016741815, 0.09542788552514449, 0.09542788552514449]
[0.125, 0.125, 0.125, 0.125, 0.125, 0.125, 0.125, 0.125]
[0.19586291031858002, 0.0925074441469209, 0.1616739765122222, 0.0925074441469209, 0.17992234934418, 0.09251098723733422, 0.0925074441469209, 0.0925074441469209]
[0.1604096649487891, 0.09103066717960873, 0.2727958922461352, 0.09103066717960873, 0.10509157698340744, 0.09758019710323335, 0.09103066717960873, 0.09103066717960873]
[0.125, 0.125, 0.125, 0.125, 0.125, 0.125, 0.125, 0.125]
[0.125, 0.125, 0.125, 0.125, 0.125, 0.125, 0.125, 0.125]

Action: 1
[0.09445319689549171, 0.09445319689549171, 0.09445319689549171, 0.09445319689549171, 0.20024251938584775, 0.233038299241202, 0.09445319689549171, 0.09445319689549171]
[0.10207621938911493, 0.10207621938911493, 0.10207621938911493, 0.10207621938911493, 0.10207621938911493, 0.28546646427619554, 0.10207621938911493, 0.10207621938911493]
[0.09493298923711484, 0.11127734237517634, 0.09078273775551558, 0.09078273775551558, 0.15240895797987392, 0.27824975938577257, 0.09078273775551558, 0.09078273775551558]
[0.125, 0.125, 0.125, 0.125, 0.125, 0.125, 0.125, 0.125]
[0.09604066524147387, 0.09604066524147387, 0.09604066524147387, 0.09604066524147387, 0.21103945399479593, 0.212716554556361, 0.09604066524147387, 0.09604066524147387]
[0.09591956146302107, 0.09389607603750678, 0.09389607603750678, 0.09389607603750678, 0.14421519970692115, 0.29038485864252395, 0.09389607603750678, 0.09389607603750678]
[0.125, 0.125, 0.125, 0.125, 0.125, 0.125, 0.125, 0.125]
[0.125, 0.125, 0.125, 0.125, 0.125, 0.125, 0.125, 0.125]

