0.125 0.125 0.125 0.125 0.125 0.125 0.125 0.125
0.125 0.125 0.125 0.125 0.125 0.125 0.125 0.125
0.1232638888888889 0.1232638888888889 0.1232638888888889 0.1232638888888889 0.1232638888888889 0.1371527777777778 0.1232638888888889 0.1232638888888889
0.12138310185185186 0.13507908950617287 0.12138310185185186 0.12138310185185186 0.12138310185185186 0.13662229938271606 0.12138310185185186 0.12138310185185186
0.11973842471675529 0.1347472124396634 0.11973842471675529 0.11973842471675529 0.11973842471675529 0.14682223925980512 0.11973842471675529 0.11973842471675529
0.11782724770761505 0.13279916020091095 0.11782724770761505 0.11782724770761505 0.13113151712058782 0.14693308414042586 0.11782724770761505 0.11782724770761505
0.11626517476010503 0.13102063700465072 0.11626517476010503 0.11626517476010503 0.14226050426699566 0.14539298492782843 0.11626517476010503 0.11626517476010503
0.11486353938661292 0.12942138794268523 0.11486353938661292 0.11486353938661292 0.14306506382132386 0.15319585130292623 0.11486353938661292 0.11486353938661292
0.125 0.125 0.125 0.125 0.125 0.125 0.125 0.125
0.11502494429345736 0.12891383318234623 0.11502494429345736 0.11502494429345736 0.14798072267518347 0.14798072267518347 0.11502494429345736 0.11502494429345736
0.11185832162144511 0.12618208086392804 0.12463887098738483 0.11185832162144511 0.1508728808314533 0.1508728808314533 0.11185832162144511 0.11185832162144511
0.12290454332178537 0.12290454332178537 0.12290454332178537 0.12290454332178537 0.12290454332178537 0.1396681967475024 0.12290454332178537 0.12290454332178537
0.11220922559760824 0.1258652859666955 0.1258652859666955 0.11220922559760824 0.15040030696667997 0.14903221870949634 0.11220922559760824 0.11220922559760824
0.13383933833991332 0.12137164660684577 0.12137164660684577 0.12137164660684577 0.12137164660684577 0.13793078201901202 0.12137164660684577 0.12137164660684577
0.11104675404591377 0.12453249255778553 0.13510730040135197 0.11104675404591377 0.14876150653739986 0.14741168431980764 0.11104675404591377 0.11104675404591377
0.13214337629873404 0.1198048480714103 0.1198048480714103 0.1198048480714103 0.1198048480714103 0.149027535272804 0.1198048480714103 0.1198048480714103
0.10982297719965686 0.12313462698536913 0.141409073376439 0.10982297719965686 0.14705086623810446 0.14911352460146005 0.10982297719965686 0.10982297719965686
0.12993985354583912 0.11773730052365503 0.11773730052365503 0.11773730052365503 0.13407628566122218 0.1472973581746636 0.11773730052365503 0.11773730052365503
0.10872946219510873 0.12181138447551484 0.14531488615865665 0.10872946219510873 0.15039202565254117 0.14756385493285232 0.10872946219510873 0.10872946219510873
0.12818762503406514 0.11610657367905307 0.11610657367905307 0.11610657367905307 0.14592007959961228 0.14535942697105733 0.11610657367905307 0.11610657367905307
0.10794076801983148 0.12084149842861514 0.14784755161662205 0.10794076801983148 0.15328364536798236 0.1462642325074544 0.10794076801983148 0.10794076801983148
0.12687564762985326 0.1148822289609831 0.1148822289609831 0.1148822289609831 0.14526896555073673 0.15344424201449453 0.1148822289609831 0.1148822289609831
0.12010435672534037 0.11877175465102144 0.14549302879914344 0.10600706254424555 0.15114761417725958 0.14646205801449858 0.10600706254424555 0.10600706254424555
0.12686885405839834 0.11352392553336052 0.11352392553336052 0.11352392553336052 0.15337342373937982 0.15213809453541915 0.11352392553336052 0.11352392553336052
0.12958121408997617 0.1170446784814736 0.14345001518135747 0.10443090897776687 0.15208982172070612 0.1445415435931858 0.10443090897776687 0.10443090897776687
0.1269716208620924 0.11257370818542839 0.11257370818542839 0.11257370818542839 0.152671615855379 0.15748822235538673 0.11257370818542839 0.11257370818542839
0.1291845595322148 0.11652207187020458 0.1452619480695631 0.10401388207182363 0.15145471661131393 0.14553505770123268 0.10401388207182363 0.10401388207182363
0.126315602452315 0.1119617625042911 0.1119617625042911 0.1119617625042911 0.1518922271083679 0.1619833579178618 0.1119617625042911 0.1119617625042911
0.12877276551115574 0.11617233206139148 0.14648927109583948 0.10373213622758136 0.1509307852607368 0.14643843738813234 0.10373213622758136 0.10373213622758136
0.1354118053042964 0.1143693884257055 0.15740421435119806 0.10146135152999534 0.14836124428578215 0.14006929304303187 0.10146135152999534 0.10146135152999534
0.12638448580775186 0.11133872966283004 0.11133872966283004 0.11133872966283004 0.15744016903517496 0.1594816968429232 0.11133872966283004 0.11133872966283004
0.13498447344637496 0.1140346505675622 0.14418288514212543 0.10166368060502554 0.15058628463472518 0.1512206643941357 0.10166368060502554 0.10166368060502554
0.12534830074563558 0.11035002591826058 0.11035002591826058 0.11035002591826058 0.15714286932433166 0.16575870033872986 0.11035002591826058 0.11035002591826058
0.13392646532010583 0.11313997275183069 0.1430204867182435 0.10087885876091285 0.15489015442828485 0.15238634449879684 0.10087885876091285 0.10087885876091285
0.1247299888938468 0.10984927052494615 0.10984927052494615 0.10984927052494615 0.15797948875089984 0.16804416973052252 0.10984927052494615 0.10984927052494615
0.1332416786822742 0.1125625622127198 0.14230748193346587 0.100357087709948 0.15824225897527308 0.15257475506642318 0.100357087709948 0.100357087709948
0.12432396856043852 0.1095193375957414 0.1095193375957414 0.1095193375957414 0.15869118124945883 0.1693881622113956 0.1095193375957414 0.1095193375957414
0.132939807257321 0.11233107730242071 0.143136566719181 0.10016226201400501 0.15830820410782853 0.15279755857123362 0.10016226201400501 0.10016226201400501
0.12414555206959486 0.10937446237433697 0.10937446237433697 0.10937446237433697 0.15856679767022852 0.17041533838849188 0.10937446237433697 0.10937446237433697
0.13798899331979864 0.11156500172515951 0.14232974078497188 0.09941228368356651 0.15751265046351057 0.15236676265585972 0.09941228368356651 0.09941228368356651
0.12403970026525744 0.10870758989639094 0.10870758989639094 0.10870758989639094 0.16284598238034959 0.1695763678724382 0.10870758989639094 0.10870758989639094
0.12113290047406922 0.10735071155570729 0.10735071155570729 0.10735071155570729 0.16701901188056806 0.17509452986682633 0.10735071155570729 0.10735071155570729
0.11889262785346379 0.10543341668967832 0.11736127352920135 0.10543341668967832 0.16663075429162688 0.17538167756699474 0.10543341668967832 0.10543341668967832
0.11726105735556475 0.10405076537184654 0.1273163009481212 0.10405076537184654 0.1651058417397031 0.1741137384692248 0.10405076537184654 0.10405076537184654
0.11594797527809765 0.10291896890525713 0.13648543129267657 0.10291896890525713 0.16341530296466167 0.17247541484353557 0.10291896890525713 0.10291896890525713
0.12451685361624788 0.10153148831890903 0.13751535732703507 0.10153148831890903 0.16140839306316848 0.17043344271791244 0.10153148831890903 0.10153148831890903
0.12535366973648804 0.100669621919524 0.14340083477162738 0.100669621919524 0.1598111759908541 0.16875583182293447 0.100669621919524 0.100669621919524
0.12483614648175806 0.09998620940140424 0.14927425485393223 0.09998620940140424 0.1585425281076256 0.16740223295106738 0.09998620940140424 0.09998620940140424
0.13176431430730387 0.09885173528745173 0.1501585234930429 0.09885173528745173 0.15694320947128151 0.16572701157856476 0.09885173528745173 0.09885173528745173
0.1330553926228092 0.09831622829535633 0.15333572429491926 0.09831622829535633 0.15582169708124122 0.16452227281960496 0.09831622829535633 0.09831622829535633
0.13880179757680672 0.09745646412605571 0.15364011639688582 0.09745646412605571 0.1545510002187982 0.16318122930328632 0.09745646412605571 0.09745646412605571
0.14017636626065 0.0970454078586458 0.15334059225996616 0.0970454078586458 0.156066968546618 0.16223444149818286 0.0970454078586458 0.0970454078586458
0.14458270632244002 0.09640293719746895 0.1525883731364998 0.09640293719746895 0.15600343180715492 0.16121373994402946 0.09640293719746895 0.09640293719746895
0.1457010655262994 0.09600680110853128 0.15427885313410894 0.09600680110853128 0.15558303164021825 0.16040984526524826 0.09600680110853128 0.09600680110853128
0.1458144373377951 0.09573578367041163 0.15627327951085487 0.09573578367041163 0.15515146736687294 0.1598176811028304 0.09573578367041163 0.09573578367041163
0.14566221858262612 0.09554459809188397 0.1579739848448169 0.09554459809188397 0.15479547148680112 0.1593899327182202 0.09554459809188397 0.09554459809188397
0.14547527990822007 0.09540997825464122 0.15927547457622776 0.09540997825464122 0.15452490020045365 0.15908443229653355 0.09540997825464122 0.09540997825464122
0.14531718073470434 0.09531613143987665 0.1602220271678318 0.09531613143987665 0.1543277247784658 0.15886854155949157 0.09531613143987665 0.09531613143987665
0.14519805818804893 0.09525134887849857 0.1608913903844867 0.09525134887849857 0.15418764279412342 0.15871751311934684 0.09525134887849857 0.09525134887849857
0.14511273955348666 0.09520697364223188 0.16135679055089655 0.09520697364223188 0.1540897715770578 0.1586128037496313 0.09520697364223188 0.09520697364223188
0.14487082776525304 0.09499438656988952 0.16133555079504955 0.09499438656988952 0.15545768867774432 0.15835838648239522 0.09499438656988952 0.09499438656988952
0.1447249040304572 0.09493160990486463 0.1614230141678242 0.09493160990486463 0.1559316691515665 0.15819397303069363 0.09493160990486463 0.09493160990486463
0.14464809531964593 0.09490495638097866 0.16153944006503312 0.09490495638097866 0.15609100087698446 0.15810163821442177 0.09490495638097866 0.09490495638097866
0.1474890074258747 0.09448858416217372 0.16117112778110154 0.09448858416217372 0.15573714885112105 0.1576483792932078 0.09448858416217372 0.09448858416217372
0.15045670275078968 0.09413205011009948 0.16066255655514103 0.09413205011009948 0.155241766764409 0.15711077348926233 0.09413205011009948 0.09413205011009948
0.1515167968380787 0.09405880950867793 0.16045105647312366 0.09405880950867793 0.15497414313249078 0.15682276552159505 0.09405880950867793 0.09405880950867793
0.15177195588264034 0.09390912867889832 0.16021397528087397 0.09390912867889832 0.15581952531615978 0.15655802880473288 0.09390912867889832 0.09390912867889832
0.15183445876842747 0.09387418874637724 0.16012915077120574 0.09387418874637724 0.1561223058913512 0.1564173295835066 0.09387418874637724 0.09387418874637724
0.15184759387399657 0.0938634545928575 0.16011567094072607 0.0938634545928575 0.15623252911256036 0.1563503877012871 0.0938634545928575 0.0938634545928575
0.15324556488742969 0.09366207113059122 0.1599087103012814 0.09366207113059122 0.1560751785657583 0.15612226172316568 0.09366207113059122 0.09366207113059122
0.15366204862247504 0.09353000486872155 0.1596910156513641 0.09353000486872155 0.15662785450753472 0.15589906174373977 0.09353000486872155 0.09353000486872155
0.15475393653499933 0.09336770663870961 0.15943864791823775 0.09336770663870961 0.1566889913156477 0.15564759767627667 0.09336770663870961 0.09336770663870961
0.15509489262366502 0.09327246600202856 0.15923899205438674 0.09327246600202856 0.15712435129140254 0.15545190002243145 0.09327246600202856 0.09327246600202856
0.15511891921288243 0.09316028453576966 0.15904420449533793 0.09316028453576966 0.15718958213087153 0.15600615601782955 0.09316028453576966 0.09316028453576966
0.15575620353992461 0.0930449490626095 0.15884827715341548 0.0930449490626095 0.15710082869161265 0.1561148943646094 0.0930449490626095 0.0930449490626095
0.15598810062883037 0.09301920575658257 0.15876304697923727 0.09301920575658257 0.15703891772393302 0.15613311164166893 0.09301920575658257 0.09301920575658257
0.15651744392192452 0.09295117660327885 0.15865974291367793 0.09295117660327885 0.1569456594082406 0.15607244734304168 0.09295117660327885 0.09295117660327885
0.15671753955389126 0.0929355610551203 0.15861586927745797 0.0929355610551203 0.156892040429044 0.15603230651912559 0.0929355610551203 0.0929355610551203
0.15675327029435324 0.09288975139359251 0.15855189726487098 0.09288975139359251 0.15716555808360577 0.15597026878280007 0.09288975139359251 0.09288975139359251
0.1567572310602263 0.09287915162702405 0.15852456043246096 0.09287915162702405 0.1572670135101678 0.15593458848904865 0.09287915162702405 0.09287915162702405
0.15675584638001702 0.09287615290637673 0.15851679777725464 0.09287615290637673 0.15730557922687194 0.1559171649903496 0.09287615290637673 0.09287615290637673
0.15675410887974517 0.0928749796731995 0.1585168189531308 0.0928749796731995 0.1573202056642513 0.15590894781007456 0.0928749796731995 0.0928749796731995
0.15672436432723608 0.09284594316448537 0.15848779121335152 0.09284594316448537 0.15752748252998225 0.15587658927148865 0.09284594316448537 0.09284594316448537
0.15700445470958338 0.09279734185946706 0.15842716951518895 0.09279734185946706 0.1575641022345204 0.15581490610283905 0.09279734185946706 0.09279734185946706
0.15710886172522792 0.09278700095531754 0.15839468907036436 0.09278700095531754 0.15756881736751896 0.15577962801561873 0.09278700095531754 0.09278700095531754
0.1571492612961239 0.09278462687666252 0.15838085753891448 0.09278462687666252 0.15756838189591935 0.15576299176239225 0.09278462687666252 0.09278462687666252
0.15716515490289626 0.09278396951627191 0.15837581281742402 0.09278396951627191 0.15756754549321636 0.15575560872137595 0.09278396951627191 0.09278396951627191
0.1571714168200564 0.09278372011269384 0.1583743760104246 0.09278372011269384 0.15756695220619285 0.15575237451255078 0.09278372011269384 0.09278372011269384
0.1571545224424981 0.09276426034191494 0.15835432119225923 0.09276426034191494 0.15770250777712233 0.15573160722046048 0.09276426034191494 0.09276426034191494
0.15714349481148185 0.09276015402917016 0.15834251579903966 0.09276015402917016 0.15775426813618273 0.15571910513661516 0.09276015402917016 0.09276015402917016
0.15713806715765616 0.09275924419458827 0.1583371247291871 0.09275924419458827 0.15777469035732028 0.15571314097748346 0.09275924419458827 0.09275924419458827
0.1571356156057865 0.09275901625347116 0.15833493847621807 0.09275901625347116 0.15778287904945548 0.15571050185465524 0.09275901625347116 0.09275901625347116
0.1571214840635668 0.09274588906732732 0.15832090584509473 0.09274588906732732 0.15787774609431465 0.15569630772771448 0.09274588906732732 0.09274588906732732
0.15711294392249556 0.09274313836129347 0.15831252803797163 0.09274313836129347 0.15791415595398708 0.1556878186403718 0.09274313836129347 0.09274313836129347
0.1573101320447412 0.09271380747064215 0.15827972743688024 0.09271380747064215 0.1578998548421612 0.15565505579364877 0.09271380747064215 0.09271380747064215
0.15752079306890518 0.09268838921927952 0.1582407246536258 0.09268838921927952 0.15786853317481084 0.15561639222554027 0.09268838921927952 0.09268838921927952
0.15769373965481723 0.09267007019999755 0.15820625243789743 0.09267007019999755 0.15783728475297265 0.15558244235432253 0.09267007019999755 0.09267007019999755
0.15776130422756873 0.09266624342550789 0.15818827288462597 0.09266624342550789 0.15782055881124923 0.15556489037452453 0.09266624342550789 0.09266624342550789
0.1577883786026427 0.09266542753695468 0.15818009410182443 0.09266542753695468 0.15781283855099526 0.15555697859671885 0.09266542753695468 0.09266542753695468
0.1578609736555497 0.09265645292012449 0.15816773219073796 0.09265645292012449 0.1578006770555246 0.1555448054176897 0.09265645292012449 0.09265645292012449
0.15793056373252573 0.09264866309673586 0.15815482260424576 0.09264866309673586 0.15778786703736583 0.15553209423891923 0.09264866309673586 0.09264866309673586
0.15795770940990975 0.09264703046124634 0.1581478994981188 0.09264703046124634 0.1577809465007031 0.155525322746283 0.09264703046124634 0.09264703046124634
0.1579685849954715 0.09264668021072817 0.1581447197423919 0.09264668021072817 0.157777739492803 0.15552223492642092 0.09264668021072817 0.09264668021072817
0.15797300326612998 0.09264660098666354 0.15814334898976648 0.09264660098666354 0.15777633643448402 0.15552090736296523 0.09264660098666354 0.09264660098666354
0.15797481032168958 0.09264658090851537 0.1581427782828819 0.09264658090851537 0.15777573718200225 0.1555203505793647 0.09264658090851537 0.09264658090851537
0.15800346328627904 0.09264258888871062 0.1581385499007451 0.09264258888871062 0.15777149779424982 0.1555161334638834 0.09264258888871062 0.09264258888871062
0.15803326622299507 0.09263907505471311 0.15813328485208847 0.09263907505471311 0.15776623396558478 0.15551091474047948 0.09263907505471311 0.09263907505471311
0.15804486563173747 0.09263833967723982 0.1581303804041411 0.09263833967723982 0.15776332571017884 0.15550806954498334 0.09263833967723982 0.09263833967723982
0.1580621463911034 0.09263637866312877 0.1581272164919594 0.09263637866312877 0.15776016418510974 0.15550495827931243 0.09263637866312877 0.09263637866312877
0.15806888907478173 0.09263596763799212 0.15812550283633575 0.09263596763799212 0.15775844810076747 0.15550328943614672 0.09263596763799212 0.09263596763799212
0.15808009428071967 0.09263466586430205 0.15812349133972278 0.09263466586430205 0.15775643793741753 0.15550131298493197 0.09263466586430205 0.09263466586430205
0.15809018039584474 0.09263357669022217 0.15812156908971095 0.09263357669022217 0.1577545189795696 0.1554994247739859 0.09263357669022217 0.09263357669022217
0.1580853313790561 0.09262455129155772 0.1581117475772427 0.09262455129155772 0.1578150798653655 0.15548963601210475 0.09262455129155772 0.09262455129155772
0.15808144872060137 0.09262267647711234 0.15810581030891957 0.09262267647711234 0.1578382312510028 0.15548380381102683 0.09262267647711234 0.09262267647711234
0.15807944775851746 0.09262228321672518 0.1581029615811173 0.09262228321672518 0.15784740507672307 0.15548105271674154 0.09262228321672518 0.09262228321672518
0.1580726133345633 0.09261627733593931 0.15809577587886497 0.09261627733593931 0.15789256681531588 0.15547393462749848 0.09261627733593931 0.09261627733593931
0.15806853402459736 0.09261502797228859 0.1580915528552282 0.09261502797228859 0.15790999365809597 0.15546980757292406 0.09261502797228859 0.09261502797228859
0.1580625968067675 0.0926107798841183 0.15808555577085165 0.0926107798841183 0.1579448368808658 0.15546389100504177 0.0926107798841183 0.0926107798841183
0.15799651199773299 0.09254715351310763 0.15801944566337037 0.09254715351310763 0.15789562662785794 0.1558998016586085 0.09254715351310763 0.09254715351310763
0.15795633134698814 0.09253433675770728 0.15797925050296277 0.09253433675770728 0.15786244950513462 0.1560646216140852 0.09253433675770728 0.09253433675770728
0.15793717430190882 0.09253181741103268 0.15796008509851664 0.09253181741103268 0.15784620337665997 0.15612926757878398 0.09253181741103268 0.09253181741103268
0.15792877279836115 0.09253134831107848 0.15795167922044406 0.09253134831107848 0.1578390125648043 0.15615514217207663 0.09253134831107848 0.09253134831107848
0.15792521781360522 0.09253127215704286 0.15794812219110727 0.09253127215704286 0.15783596126713936 0.15616561009997654 0.09253127215704286 0.09253127215704286
0.15792373848792732 0.09253126485242749 0.15794664204011122 0.09253126485242749 0.1578346915113584 0.15616986855089302 0.09253126485242749 0.09253126485242749
0.15792312785853665 0.09253126677096762 0.15794603116081957 0.09253126677096762 0.1578341680781165 0.15617160581865674 0.09253126677096762 0.09253126677096762
0.15792287680326483 0.09253126856047185 0.1579457800965363 0.09253126856047185 0.15783395330110414 0.15617231555720723 0.09253126856047185 0.09253126856047185
0.1579227737826487 0.09253126949491416 0.15794567714931293 0.09253126949491416 0.15783386537319366 0.15617260571518807 0.09253126949491416 0.09253126949491416
0.15792273154542597 0.09253126991568497 0.15794563499996025 0.09253126991568497 0.15783382941446125 0.1561727243774125 0.09253126991568497 0.09253126991568497
0.15792271423404922 0.09253127009357627 0.15794561776593516 0.09253127009357627 0.157833814714701 0.15617277291100953 0.09253127009357627 0.09253127009357627
0.15792655030618738 0.09253072114637428 0.15794506168113479 0.09253072114637428 0.15783325968558518 0.1561722437415956 0.09253072114637428 0.09253072114637428
0.15792802470418632 0.0925306070260945 0.15794471728420623 0.0925306070260945 0.15783291592623666 0.15617191398099273 0.0925306070260945 0.0925306070260945
0.15792861133689054 0.09253058311027741 0.15794455075402208 0.09253058311027741 0.1578327497826077 0.1561717556853701 0.09253058311027741 0.09253058311027741
0.15792884917145134 0.09253057802011205 0.15794447670771336 0.09253057802011205 0.15783267595178146 0.15617168608860565 0.09253057802011205 0.09253057802011205
0.15792894654360334 0.0925305769049225 0.15794444493482007 0.0925305769049225 0.15783264428964994 0.15617165661223653 0.0925305769049225 0.0925305769049225
0.1579289866082834 0.09253057664777391 0.15794443152482868 0.09253057664777391 0.15783263093253563 0.1561716443432566 0.09253057664777391 0.09253057664777391
0.15793158840766244 0.09253020725928378 0.15794405658249192 0.09253020725928378 0.15783225601764125 0.15617126995506936 0.09253020725928378 0.09253020725928378
0.15793258905084578 0.0925301304481219 0.15794382449032707 0.0925301304481219 0.15783202408829772 0.1561710405780419 0.0925301304481219 0.0925301304481219
0.15793298733191996 0.09253011434392312 0.15794371226622506 0.09253011434392312 0.15783191202509975 0.1561709310010629 0.09253011434392312 0.09253011434392312
0.15793046902246893 0.09252743109874437 0.1579409825426081 0.09252743109874437 0.15785062093746435 0.15616820310248103 0.09252743109874437 0.09252743109874437
0.15792706596281947 0.09252507091868144 0.15793749182740904 0.09252507091868144 0.15787042725082165 0.15616473128422406 0.09252507091868144 0.09252507091868144
0.15792516551073082 0.09252457973797472 0.15793555494316608 0.09252457973797472 0.1578781352814723 0.15616282531273193 0.09252457973797472 0.09252457973797472
0.15792601435145243 0.09252422818667597 0.157934401216996 0.09252422818667597 0.1578809746204374 0.1561616970644103 0.09252422818667597 0.09252422818667597
0.1579262922157033 0.09252415451924295 0.15793384972663016 0.09252415451924295 0.15788207635298268 0.15616116362771199 0.09252415451924295 0.09252415451924295
0.15792756137229305 0.09252397173963035 0.15793343854322167 0.09252397173963035 0.15788234965713666 0.15616076346882737 0.09252397173963035 0.09252397173963035
0.15792883566437396 0.09252382115828131 0.15793311766723625 0.09252382115828131 0.1578823122153953 0.15616044981986912 0.09252382115828131 0.09252382115828131
0.15792933196487513 0.09252378971624466 0.15793295333289226 0.09252378971624466 0.15788226527361643 0.1561602905636374 0.09252378971624466 0.09252378971624466
0.15792953086176664 0.09252378307243635 0.15793287862937364 0.09252378307243635 0.15788223919733937 0.156160219021775 0.09252378307243635 0.09252378307243635
0.1579301410933421 0.0925237060232997 0.15793277064122463 0.0925237060232997 0.15788215135341702 0.15616011281881736 0.0925237060232997 0.0925237060232997
0.15793037777541258 0.09252368997827282 0.1579327098724929 0.09252368997827282 0.15788209894367788 0.15616005349532522 0.09252368997827282 0.09252368997827282
0.15793082846220266 0.09252363574281759 0.15793263046921996 0.09252363574281759 0.15788202301218462 0.15615997508512244 0.09252363574281759 0.09252363574281759
0.15793124331079392 0.09252359023180425 0.15793255207275647 0.09252359023180425 0.1578819460678424 0.15615989762139032 0.09252359023180425 0.09252359023180425
0.157930192603641 0.09252236771352995 0.15793129708600953 0.09252236771352995 0.15789039592013895 0.1561586435360908 0.09252236771352995 0.09252236771352995
0.15792966447935233 0.09252209063264286 0.15793050024312014 0.09252209063264286 0.15789361734048665 0.15615785540646945 0.09252209063264286 0.09252209063264286
0.15792949613531995 0.09252201717018403 0.15793009676231115 0.09252201717018403 0.15789487764608298 0.15615746077554976 0.09252201717018403 0.09252201717018403
0.15792859485297564 0.09252118560848908 0.15792909809606812 0.09252118560848908 0.15790109621806903 0.15615646839893088 0.09252118560848908 0.09252118560848908
0.15792804862390203 0.0925210126506826 0.15792851153354057 0.0925210126506826 0.15790349819927657 0.1561558910405504 0.0925210126506826 0.0925210126506826
0.1579272371729385 0.09252042742363185 0.1579276833772999 0.09252042742363185 0.15790829921940636 0.15615507053582778 0.09252042742363185 0.09252042742363185
0.15792677926985665 0.09252030558763408 0.15792721855446987 0.09252030558763408 0.1579101654868535 0.15615461433828368 0.09252030558763408 0.09252030558763408
0.1579261947504178 0.09251991071139044 0.15792663116842848 0.09251991071139044 0.15791349767731586 0.1561540335582761 0.09251991071139044 0.09251991071139044
0.15792587043097053 0.09251982847403097 0.15792630566093113 0.09251982847403097 0.15791479536306718 0.15615371464890723 0.09251982847403097 0.09251982847403097
0.15788327233984908 0.0924773647016741 0.15788370707724736 0.0924773647016741 0.15787286898693034 0.15645069278927676 0.0924773647016741 0.0924773647016741
0.15785700268799388 0.09246873729428365 0.157857437152829 0.09246873729428365 0.15784687907399367 0.15656373190804881 0.09246873729428365 0.09246873729428365
0.15784447237618773 0.09246700344347789 0.15784482341938746 0.09246700344347789 0.1578343823085483 0.15660830812196486 0.09246700344347789 0.09246700344347789
0.15783894870177273 0.09246666927638203 0.15783926518175848 0.09246666927638203 0.15782887299446027 0.15662623601648026 0.09246666927638203 0.09246666927638203
0.15783635356682416 0.09246636180587853 0.15783665572621303 0.09246636180587853 0.15782827020615792 0.15663327327729065 0.09246636180587853 0.09246636180587853
0.15783521903949962 0.0924663020699892 0.1578355152651303 0.0924663020699892 0.1578279608366429 0.15663609657877045 0.0924663020699892 0.0924663020699892
0.15783457137226478 0.09246612427437016 0.15783486513915607 0.09246612427437016 0.15782899095283784 0.15663707543826053 0.09246612427437016 0.09246612427437016
0.15783431587069516 0.09246608100620814 0.15783455261653465 0.09246608100620814 0.157829374296964 0.15663743319097365 0.09246608100620814 0.09246608100620814
0.15783423425556237 0.09246606753846436 0.15783440971524593 0.09246606753846436 0.15782951958734445 0.15663756628798975 0.09246606753846436 0.09246606753846436
0.1578341977399808 0.09246606482435095 0.15783434781753541 0.09246606482435095 0.1578295770437846 0.15663761810129573 0.09246606482435095 0.09246606482435095
0.1578341820838743 0.0924660642914236 0.15783432164923142 0.0924660642914236 0.15782960030586551 0.15663763879533452 0.0924660642914236 0.0924660642914236
0.15783417550105788 0.09246606419269125 0.1578343107127141 0.09246606419269125 0.15782960984089064 0.15663764717457238 0.09246606419269125 0.09246606419269125
0.15654992186743683 0.10145582041791008 0.15655005527597252 0.09118181328538885 0.15654536288242324 0.15535339970009085 0.09118181328538885 0.09118181328538885
0.15615840130680197 0.10259504412914926 0.1561585333387081 0.09132217519382593 0.15615386679634805 0.15496762884751478 0.09132217519382593 0.09132217519382593
0.15606098783432404 0.10278636200014885 0.1560611191040728 0.09138691265246561 0.15605647007835882 0.15487432302569865 0.09138691265246561 0.09138691265246561
0.15603789253856726 0.10282486870476629 0.15603802344488982 0.09140416181586085 0.15603338336806538 0.15485334649612878 0.09140416181586085 0.09140416181586085
0.1560041145858526 0.10280493435025914 0.15600424533033244 0.09137994893861844 0.15599960936135665 0.1550472495563438 0.09137994893861844 0.09137994893861844
0.15598570444119914 0.10279827360313304 0.15598581005661674 0.0913755031197709 0.15598117637644557 0.15512252616329303 0.0913755031197709 0.0913755031197709
0.15597716525710645 0.10279661902692361 0.15597726045906643 0.09137458862657549 0.15597262804746562 0.1551525613297114 0.09137458862657549 0.09137458862657549
0.15597345001465326 0.10279623966164658 0.15597352405681028 0.09137439310309954 0.15596889231929795 0.1551647146382932 0.09137439310309954 0.09137439310309954
0.15597187115010264 0.10279615733959319 0.1559719364279485 0.09137435293274355 0.1559673050345975 0.1551696712495276 0.09137435293274355 0.09137435293274355
0.15595209761997206 0.10277702856059696 0.15595215926766354 0.09135523330064214 0.15594752804446077 0.1553054866053804 0.09135523330064214 0.09135523330064214
0.15594024856250085 0.1027712434319547 0.15594030870235012 0.09135157359188839 0.15593567789364113 0.15535780063388804 0.09135157359188839 0.09135157359188839
0.15593457679544484 0.10276982491687729 0.15593462498045815 0.09135079786888231 0.1559299945495517 0.15537858515102113 0.09135079786888231 0.09135079786888231
0.1559320588327675 0.10276949834465711 0.1559321020657515 0.09135062890944852 0.15592747189017755 0.15538698213830085 0.09135062890944852 0.09135062890944852
0.15593098617675963 0.10276942461594869 0.15593101973914217 0.09135059146654237 0.15592638971319844 0.15539040535532397 0.09135059146654237 0.09135059146654237
0.15591765505203392 0.10275652954742068 0.15591768460915795 0.09133770459009305 0.1559130546640095 0.15548196235709885 0.09133770459009305 0.09133770459009305
0.1559096595183437 0.10275262241046848 0.15590968741532232 0.09133523023853286 0.1559050577356025 0.15551728220466435 0.09133523023853286 0.09133523023853286
0.15590582181635834 0.10275166199050496 0.15590584902497298 0.09133470394489734 0.15590121959429104 0.1555313357391807 0.09133470394489734 0.09133470394489734
0.1559041166708722 0.10275143954384028 0.15590414359401067 0.09133458821156193 0.155899514333235 0.15553702122335605 0.09133458821156193 0.09133458821156193
0.15590338952040256 0.10275138875117779 0.15590341120085333 0.09133456213519554 0.15589878204010912 0.15553934208187048 0.09133456213519554 0.09133456213519554
0.1559030827856357 0.102751377527454 0.1559031022947398 0.09133455655510091 0.15589847318816266 0.1555402945387052 0.09133455655510091 0.09133455655510091
0.15590295461901202 0.10275137515019152 0.15590297322881627 0.09133455542491886 0.15589834415004533 0.1555406865771784 0.09133455542491886 0.09133455542491886
0.15590290133880966 0.10275137468699118 0.15590291957615368 0.09133455522585882 0.15589829051114343 0.15554084820932548 0.09133455522585882 0.09133455522585882
0.15590288226740248 0.10275137418362731 0.15590289690361125 0.09133455477396163 0.15589826784523317 0.1555409144782409 0.09133455477396163 0.09133455477396163
0.15590287631958322 0.1027513737598672 0.15590288714578002 0.09133455440613085 0.155898258090543 0.1555409414658339 0.09133455440613085 0.09133455440613085
0.15590287378764783 0.1027513736441803 0.15590288303589997 0.09133455433752838 0.1558982539821335 0.15554095253755323 0.09133455433752838 0.09133455433752838
0.15589419886471761 0.1027426997570156 0.1558942074594523 0.09132588046321778 0.1558895784063663 0.1556016741227948 0.09132588046321778 0.09132588046321778
0.15588309949558718 0.10273422940558864 0.15588310781939765 0.09131837387703133 0.15587847891750772 0.15566596273082486 0.09131837387703133 0.09131837387703133
0.15587702083971652 0.1027318064846755 0.15587702905098258 0.09131689210627678 0.15587240040479045 0.15569106690100457 0.09131689210627678 0.09131689210627678
0.15587418469235564 0.10273121708442931 0.15587419129747118 0.09131657191946535 0.15586956286291573 0.1557011283044321 0.09131657191946535 0.09131657191946535
0.15587282785264256 0.10273096936705509 0.15587283379250072 0.09131638969100739 0.1558690930413415 0.1557051068734379 0.09131638969100739 0.09131638969100739
0.15587222852816826 0.10273090446355841 0.1558722341924773 0.0913163523116634 0.15586886108743048 0.15570671479337525 0.0913163523116634 0.0913163523116634
0.15587197309101394 0.10273088898065369 0.1558719775923074 0.09131634404025832 0.1558687567533193 0.15570737146193062 0.09131634404025832 0.09131634404025832
0.15587186547919493 0.10273088543968678 0.15587186949881338 0.09131634221961414 0.15586871172315553 0.15570764120030695 0.09131634221961414 0.09131634221961414
0.15587182113215356 0.10273088456189057 0.15587182424674148 0.0913163417352587 0.1558686925897531 0.1557077522636854 0.0913163417352587 0.0913163417352587
0.1558718026655601 0.10273088436441756 0.15587180540532256 0.0913163416353186 0.15586868456579736 0.1557077980929466 0.0913163416353186 0.0913163416353186
0.1558717203711441 0.1027308096961356 0.1558717229556697 0.09131626698897807 0.15586920361125628 0.15570774239886015 0.09131626698897807 0.09131626698897807
0.15587167186278017 0.10273078697413349 0.15587167438301247 0.09131625256345176 0.15586940414814335 0.15570770494157532 0.09131625256345176 0.09131625256345176
0.15587164866885192 0.10273078134563397 0.15587165116245622 0.09131624945961915 0.1558694840965608 0.15570768634763968 0.09131624945961915 0.09131624945961915
0.1558716387815599 0.10273077996430134 0.1558716407895481 0.09131624870367536 0.15586951645121352 0.15570767790235107 0.09131624870367536 0.09131624870367536
0.15587163451631492 0.10273077964046967 0.15587163632318154 0.0913162485333251 0.15586952968052628 0.15570767423953222 0.0913162485333251 0.0913162485333251
0.155871632710839 0.10273077956549506 0.15587163443440963 0.09131624849433174 0.15586953512044607 0.15570767268581506 0.09131624849433174 0.09131624849433174
0.15587163223340897 0.10273077950824945 0.15587163360324574 0.09131624844541665 0.15586953732447104 0.15570767199437507 0.09131624844541665 0.09131624844541665
0.154752797558246 0.11056262076537801 0.1547527987815813 0.0901974139679849 0.15475070375983507 0.1545888372310049 0.0901974139679849 0.0901974139679849
0.1543269018280717 0.112152671963869 0.15432690298602358 0.09023489185233123 0.15432521599930368 0.15416363166573835 0.09023489185233123 0.09023489185233123
0.15419921679432547 0.11251658431835873 0.15419921792340588 0.09028359466951665 0.15419770218011533 0.15403649477524475 0.09028359466951665 0.09028359466951665
0.15416371113386393 0.1126061018331235 0.1541637122504496 0.09030097070544922 0.1541622681040003 0.154001294562215 0.09030097070544922 0.09030097070544922
0.15415411837004211 0.11262895961507159 0.1541541192689191 0.09030608265981867 0.15415270496243233 0.15399184980407882 0.09030608265981867 0.09030608265981867
0.1541515555822143 0.11263490103588014 0.15415155639089845 0.09030749278573652 0.15415015449348335 0.15398935414031417 0.09030749278573652 0.09030749278573652
0.15415087335392172 0.11263645802402489 0.1541508741252446 0.09030787195488665 0.15414947738064122 0.15398870125150765 0.09030787195488665 0.09030787195488665
0.15415069166451217 0.11263686753964786 0.1541506924203597 0.09030797281534611 0.15414929781341613 0.15398853211602567 0.09030797281534611 0.09030797281534611
0.15415064312064578 0.11263697542559507 0.1541506438700835 0.09030799951948597 0.15414925014941824 0.15398848887579952 0.09030799951948597 0.09030799951948597
0.15415063007169877 0.11263700386860775 0.1541506308184817 0.09030800657533856 0.15414923746512746 0.15398847805006882 0.09030800657533856 0.09030800657533856
0.15415062665504217 0.11263701135192143 0.15415062725787515 0.09030800842014904 0.15414923405671263 0.15398847541800154 0.09030800842014904 0.09030800842014904
0.1541506257282926 0.11263701332368707 0.15415062627150766 0.09030800890843296 0.15414923313339451 0.15398847481781913 0.09030800890843296 0.09030800890843296
0.1541506255575567 0.11263701383156159 0.15415062597999077 0.09030800902542739 0.15414923286799487 0.1539884746866139 0.09030800902542739 0.09030800902542739
0.15415062551871261 0.11263701396410936 0.15415062589112433 0.09030800905729483 0.15414923278994647 0.15398847466422264 0.09030800905729483 0.09030800905729483
0.15415062556770628 0.112637013990831 0.15415062585476513 0.09030800905774035 0.15414923275806808 0.15398847465540844 0.09030800905774035 0.09030800905774035
0.1541506255887871 0.11263701399691793 0.15415062584049644 0.09030800905853006 0.15414923274565528 0.15398847465255314 0.09030800905853006 0.09030800905853006
0.15415062559780457 0.1126370139984113 0.15415062583487363 0.09030800905881677 0.1541492327408012 0.15398847465165902 0.09030800905881677 0.09030800905881677
0.15415059220750768 0.11263698060467578 0.15415059243851337 0.09030797566478518 0.15414946649768993 0.15398844125725775 0.09030797566478518 0.09030797566478518
0.15415057232655668 0.11263696788915659 0.1541505725115733 0.09030796956919365 0.1541495572134026 0.1539884213517299 0.09030796956919365 0.09030796956919365
0.1541505628013297 0.11263696407706499 0.1541505629672996 0.09030796827780889 0.1541495934922752 0.15398841182860393 0.09030796827780889 0.09030796827780889
0.15415053608926274 0.11263694055423713 0.15415053624734426 0.0903079455106848 0.1541497654538195 0.15398838512328186 0.0903079455106848 0.0903079455106848
0.15415052085343875 0.11263693171827971 0.15415052100825322 0.09030794133786 0.15414983249972258 0.15398836990672574 0.09030794133786 0.09030794133786
0.1541505136812884 0.11263692907528436 0.15415051380550399 0.09030794044649257 0.15414985937574896 0.1539883627226966 0.09030794044649257 0.09030794044649257
0.15415051050057216 0.11263692834102326 0.15415051061211502 0.09030794023617521 0.15414987029627145 0.15398835954149245 0.09030794023617521 0.09030794023617521
0.15415050913053133 0.11263692814274054 0.15415050923682566 0.09030794018345138 0.1541498747663363 0.153988358173212 0.09030794018345138 0.09030794018345138
0.1541505085494745 0.11263692808978895 0.15415050865359514 0.09030794016980709 0.15414987660399157 0.15398835759372836 0.09030794016980709 0.09030794016980709
0.15415050832244664 0.1126369280732405 0.15415050840599448 0.09030794016375567 0.1541498773590142 0.153988357348037 0.09030794016375567 0.09030794016375567
0.15415050822701618 0.11263692806855478 0.1541505083020437 0.09030794016235048 0.15414987767030539 0.15398835724502852 0.09030794016235048 0.09030794016235048
0.15414662159166234 0.11263304147179526 0.15414662166316107 0.09030405356651988 0.15414599120339756 0.15401556337042394 0.09030405356651988 0.09030405356651988
0.15414430481268274 0.11263156388469894 0.1541443048694864 0.09030334645295761 0.15414367449025787 0.1540261125840014 0.09030334645295761 0.09030334645295761
0.1541431810378187 0.11263110670609829 0.15414318108853592 0.09030318218916716 0.15414267162307546 0.15403031297696995 0.09030318218916716 0.09030318218916716
0.15414267798504136 0.11263097844250586 0.1541426780332376 0.09030314455602441 0.15414221864672056 0.15403201322442148 0.09030314455602441 0.09030314455602441
0.15413984512637563 0.1126283285000559 0.15413984517352772 0.09030052004037056 0.1541394065283038 0.1540510145506252 0.09030052004037056 0.09030052004037056
0.1532173495658901 0.11907323159757732 0.15321734961260922 0.08937919772916061 0.15321691956207606 0.15313755647436536 0.08937919772916061 0.08937919772916061
0.15281342323879954 0.12075053797601329 0.15281342327632927 0.08935732972220764 0.1528129982718589 0.15273762807037594 0.08935732972220764 0.08935732972220764
0.15267428050243656 0.12122089980055613 0.1526742805361125 0.08938547604846254 0.15267385827239058 0.15260025274311667 0.08938547604846254 0.08938547604846254
0.15262986941193596 0.12135812481333846 0.15262986943806917 0.08939869194085402 0.15262944853366048 0.1525566119804339 0.08939869194085402 0.08939869194085402
0.15261610898381342 0.12139893642224057 0.15261610900681918 0.08940332469287869 0.1526156887369426 0.15254318277154807 0.08940332469287869 0.08940332469287869
0.15261188680044097 0.1214111730482056 0.1526118868221504 0.08940480149213664 0.1526115473389742 0.15253910151381883 0.08940480149213664 0.08940480149213664
0.15261059759141787 0.121414858623796 0.15261059760860274 0.08940526092745951 0.15261029158832237 0.15253787180548245 0.08940526092745951 0.08940526092745951
