Action: 0
[0.1375640413904228, 0.10677657355461515, 0.11497818504271529, 0.10677655630248227, 0.21357497480231769, 0.10677655630248227, 0.10677655630248227, 0.10677655630248227]
[0.13680862236042754, 0.10768205110932179, 0.21709907098364165, 0.10768205110932179, 0.10768205110932179, 0.10768205110932179, 0.10768205110932179, 0.10768205110932179]
[0.13726556653853572, 0.10682952291543966, 0.11488917998001412, 0.10682952291543966, 0.2136976389042518, 0.10682952291543966, 0.10682952291543966, 0.10682952291543966]
[0.125, 0.125, 0.125, 0.125, 0.125, 0.125, 0.125, 0.125]
[0.10823167956845282, 0.10786752208235834, 0.24456279453942953, 0.10786752208235834, 0.1078679154803259, 0.10786752208235834, 0.10786752208235834, 0.10786752208235834]
[0.10948856809243704, 0.10758595847223376, 0.2156765519142337, 0.10758595847223376, 0.10758899152851459, 0.1369020545758794, 0.10758595847223376, 0.10758595847223376]
[0.125, 0.125, 0.125, 0.125, 0.125, 0.125, 0.125, 0.125]
[0.125, 0.125, 0.125, 0.125, 0.125, 0.125, 0.125, 0.125]

Action: 1
[0.10679200870453755, 0.10679033087161419, 0.10679033087161419, 0.10679033087161419, 0.13749586829392357, 0.22176046864346804, 0.10679033087161419, 0.10679033087161419]
[0.10678059512986297, 0.10678059512986297, 0.10678059512986297, 0.10678059512986297, 0.24434179105874554, 0.11497463816207663, 0.10678059512986297, 0.10678059512986297]
[0.10682830434297004, 0.1068283043429811, 0.10682830434297004, 0.10682830434297004, 0.13723709859552682, 0.22179307534664192, 0.10682830434297004, 0.10682830434297004]
[0.125, 0.125, 0.125, 0.125, 0.125, 0.125, 0.125, 0.125]
[0.10758059714902811, 0.1095068989297422, 0.10758059550298318, 0.10758059550298318, 0.13690768336867246, 0.2156824385406244, 0.10758059550298318, 0.10758059550298318]
[0.10678106233224667, 0.10678106225410529, 0.10678106225410529, 0.10678106225410529, 0.13755840281419107, 0.2217552235830358, 0.10678106225410529, 0.10678106225410529]
[0.125, 0.125, 0.125, 0.125, 0.125, 0.125, 0.125, 0.125]
[0.125, 0.125, 0.125, 0.125, 0.125, 0.125, 0.125, 0.125]

