Action: 0
[0.10678119946710454, 0.10688728198236275, 0.2521535268429797, 0.1067775485250844, 0.10677754959635616, 0.10706779653594366, 0.1067775485250844, 0.1067775485250844]
[0.10629639751445971, 0.11027483664343012, 0.25194677826981166, 0.10629639751445971, 0.10629639751445971, 0.10629639751445971, 0.10629639751445971, 0.10629639751445971]
[0.10683904058501845, 0.1068343625245989, 0.14532026116834026, 0.1068343625245989, 0.2136688855771727, 0.10683436257107295, 0.1068343625245989, 0.1068343625245989]
[0.125, 0.125, 0.125, 0.125, 0.125, 0.125, 0.125, 0.125]
[0.10637129920389733, 0.10487068859136402, 0.2245114765697339, 0.10487068859136402, 0.1446094882742817, 0.10502498158663108, 0.10487068859136402, 0.10487068859136402]
[0.14564665110996997, 0.10631094431839272, 0.2164848028626248, 0.10631094431839272, 0.10631174712721116, 0.10631302162662325, 0.10631094431839272, 0.10631094431839272]
[0.125, 0.125, 0.125, 0.125, 0.125, 0.125, 0.125, 0.125]
[0.125, 0.125, 0.125, 0.125, 0.125, 0.125, 0.125, 0.125]

Action: 1
[0.1049989596357001, 0.2141680562504179, 0.10416687965095357, 0.10416687965095357, 0.11931565106145406, 0.14484981444861356, 0.10416687965095357, 0.10416687965095357]
[0.21368066307813335, 0.10684033153906668, 0.10684033153906668, 0.10684033153906668, 0.10684033153906668, 0.14527734768746645, 0.10684033153906668, 0.10684033153906668]
[0.10516531522778845, 0.1051556380252358, 0.10515563686104673, 0.10515563686104673, 0.24970863185345454, 0.11934786744933432, 0.10515563686104673, 0.10515563686104673]
[0.125, 0.125, 0.125, 0.125, 0.125, 0.125, 0.125, 0.125]
[0.10515735019074017, 0.10515703865012872, 0.10515703865012845, 0.10515703865012845, 0.14455267651158754, 0.2245047800470298, 0.10515703865012845, 0.10515703865012845]
[0.1099369028364421, 0.10626395167008662, 0.10626395167008662, 0.10626395167008662, 0.2519838057713385, 0.1067595330417862, 0.10626395167008662, 0.10626395167008662]
[0.125, 0.125, 0.125, 0.125, 0.125, 0.125, 0.125, 0.125]
[0.125, 0.125, 0.125, 0.125, 0.125, 0.125, 0.125, 0.125]

