Action: 0
[0.1611242899520915, 0.09986826227884475, 0.13979787409601754, 0.09986826227884103, 0.19973652455768207, 0.09986826227884105, 0.09986826227884103, 0.09986826227884103]
[0.10390207819522268, 0.10390207819522268, 0.2726854526334412, 0.10390207819522268, 0.10390207819522268, 0.10390207819522268, 0.10390207819522268, 0.10390207819522268]
[0.2553963611608297, 0.09810341127059928, 0.13913388040309876, 0.09810341127059928, 0.11495270208307522, 0.09810341127059928, 0.09810341127059928, 0.09810341127059928]
[0.125, 0.125, 0.125, 0.125, 0.125, 0.125, 0.125, 0.125]
[0.13029045097376385, 0.09993306352378784, 0.2690253250946612, 0.09993306352378784, 0.1010189063070538, 0.09993306352936968, 0.09993306352378784, 0.09993306352378784]
[0.12016757398760781, 0.10026778616075738, 0.27454626884883865, 0.10026778616075738, 0.10394722635976668, 0.10026778616075738, 0.10026778616075738, 0.10026778616075738]
[0.125, 0.125, 0.125, 0.125, 0.125, 0.125, 0.125, 0.125]
[0.125, 0.125, 0.125, 0.125, 0.125, 0.125, 0.125, 0.125]

Action: 1
[0.10093707781169381, 0.10093707781169381, 0.10093707781169381, 0.10093707781169381, 0.27541802584529673, 0.11895950728454038, 0.10093707781169381, 0.10093707781169381]
[0.1111111111111111, 0.1111111111111111, 0.1111111111111111, 0.1111111111111111, 0.1111111111111111, 0.2222222222222222, 0.1111111111111111, 0.1111111111111111]
[0.10022176965668185, 0.10022176965668185, 0.10022176965668185, 0.10022176965668185, 0.12875164800962455, 0.2699177340502844, 0.10022176965668185, 0.10022176965668185]
[0.125, 0.125, 0.125, 0.125, 0.125, 0.125, 0.125, 0.125]
[0.09984434180538222, 0.09984434180538222, 0.09984434180538222, 0.09984434180538222, 0.1623346164168109, 0.23859933275089562, 0.09984434180538222, 0.09984434180538222]
[0.10006603759487097, 0.10006603759487097, 0.10006603759487097, 0.10006603759487097, 0.15813387682841754, 0.24146989760235657, 0.10006603759487097, 0.10006603759487097]
[0.125, 0.125, 0.125, 0.125, 0.125, 0.125, 0.125, 0.125]
[0.125, 0.125, 0.125, 0.125, 0.125, 0.125, 0.125, 0.125]

