Action: 0
[0.16312381437872037, 0.09415844729742136, 0.24155159659843256, 0.09415844729742086, 0.12451334439706867, 0.0941774554360944, 0.09415844729742086, 0.09415844729742086]
[0.1052213067953392, 0.0977773624973865, 0.21183910514525736, 0.0977773624973865, 0.1940527755724709, 0.0977773624973865, 0.0977773624973865, 0.0977773624973865]
[0.13759665801779075, 0.09198531899952382, 0.2191844265228802, 0.09198531899952382, 0.11681033233733899, 0.15846730712389476, 0.09198531899952382, 0.09198531899952382]
[0.125, 0.125, 0.125, 0.125, 0.125, 0.125, 0.125, 0.125]
[0.25542233311738316, 0.09472178036717002, 0.15698254817792004, 0.09472178036717002, 0.10058162164991431, 0.10812637558610233, 0.09472178036717002, 0.09472178036717002]
[0.16009187496658853, 0.19327044213417616, 0.15291472063596734, 0.0939549992431645, 0.11775159800276776, 0.09410636653100674, 0.0939549992431645, 0.0939549992431645]
[0.125, 0.125, 0.125, 0.125, 0.125, 0.125, 0.125, 0.125]
[0.125, 0.125, 0.125, 0.125, 0.125, 0.125, 0.125, 0.125]

Action: 1
[0.09879906046037433, 0.09879906046037433, 0.09879906046037433, 0.09879906046037433, 0.11490106839317514, 0.29230456884457895, 0.09879906046037433, 0.09879906046037433]
[0.1111111111111111, 0.1111111111111111, 0.1111111111111111, 0.1111111111111111, 0.1111111111111111, 0.2222222222222222, 0.1111111111111111, 0.1111111111111111]
[0.10060500455992691, 0.10060500455992691, 0.10060500455992691, 0.10060500455992691, 0.10109400830357869, 0.2952759643368599, 0.10060500455992691, 0.10060500455992691]
[0.125, 0.125, 0.125, 0.125, 0.125, 0.125, 0.125, 0.125]
[0.09731768680783037, 0.09731768680783037, 0.09731768680783037, 0.09731768680783037, 0.16284966059786982, 0.253244218555148, 0.09731768680783037, 0.09731768680783037]
[0.09750948424165931, 0.09750948424165931, 0.09750948424165931, 0.09750948424165931, 0.1359128606359687, 0.27903023391407544, 0.09750948424165931, 0.09750948424165931]
[0.125, 0.125, 0.125, 0.125, 0.125, 0.125, 0.125, 0.125]
[0.125, 0.125, 0.125, 0.125, 0.125, 0.125, 0.125, 0.125]

