Action: 0
[0.10983351109577981, 0.10436040513627495, 0.24913995864430832, 0.10436040513627495, 0.1192245035889333, 0.10436040612587863, 0.10436040513627495, 0.10436040513627495]
[0.1111111111111111, 0.1111111111111111, 0.2222222222222222, 0.1111111111111111, 0.1111111111111111, 0.1111111111111111, 0.1111111111111111, 0.1111111111111111]
[0.21368260845046305, 0.1068325520636712, 0.14532206795172234, 0.1068325520636712, 0.10683256327945852, 0.1068325520636712, 0.1068325520636712, 0.1068325520636712]
[0.125, 0.125, 0.125, 0.125, 0.125, 0.125, 0.125, 0.125]
[0.223687896720299, 0.10526058093210229, 0.14474861768704447, 0.10526058093210229, 0.10526058093214506, 0.10526058093210229, 0.10526058093210229, 0.10526058093210229]
[0.10992190070337075, 0.10634845583683968, 0.25198736427558965, 0.10634845583683968, 0.10634845583683968, 0.10634845583684116, 0.10634845583683968, 0.10634845583683968]
[0.125, 0.125, 0.125, 0.125, 0.125, 0.125, 0.125, 0.125]
[0.125, 0.125, 0.125, 0.125, 0.125, 0.125, 0.125, 0.125]

Action: 1
[0.10631587270610174, 0.10631587269324887, 0.10631587269324887, 0.10631587269324887, 0.11014325342063112, 0.25196151040702286, 0.10631587269324887, 0.10631587269324887]
[0.1111111111111111, 0.1111111111111111, 0.1111111111111111, 0.1111111111111111, 0.2222222222222222, 0.1111111111111111, 0.1111111111111111, 0.1111111111111111]
[0.10515700933400449, 0.10515700933400449, 0.10515700933400449, 0.10515700933400449, 0.1445527030205103, 0.22450524097546276, 0.10515700933400449, 0.10515700933400449]
[0.125, 0.125, 0.125, 0.125, 0.125, 0.125, 0.125, 0.125]
[0.10525910053590132, 0.10525910053590132, 0.10525910053590132, 0.10525910053590132, 0.11844031582321352, 0.25000508096137863, 0.10525910053590132, 0.10525910053590132]
[0.10635303144623151, 0.10635303144623151, 0.10635303144623151, 0.10635303144623151, 0.10989095069182911, 0.25199086063078174, 0.10635303144623151, 0.10635303144623151]
[0.125, 0.125, 0.125, 0.125, 0.125, 0.125, 0.125, 0.125]
[0.125, 0.125, 0.125, 0.125, 0.125, 0.125, 0.125, 0.125]

