0.125 0.125 0.125 0.125 0.125 0.125 0.125 0.125
0.11301829483647666 0.08900190718372537 0.135621953803772 0.10680228862047045 0.14127286854559584 0.11125238397965673 0.169527442254715 0.13350286077558807
0.10466093706811239 0.15832697841412693 0.08549656834362854 0.1424942805727142 0.1187452338105952 0.19790872301765866 0.10687071042953568 0.08549656834362854
0.1206544162542849 0.08674032170879384 0.13217572831816204 0.10408838605055262 0.1525856025713209 0.1084254021359923 0.16521966039770256 0.13011048256319074
0.06430745814307458 0.11377473363774733 0.056062912227295786 0.09918822932521562 0.12861491628614916 0.22754946727549466 0.11212582445459157 0.19837645865043124
0.11553989344400033 0.08591320805955531 0.13091536466217954 0.10309584967146637 0.16463015617129695 0.10739151007444414 0.1636442058277244 0.12886981208933299
0.10867848042514952 0.15213750826792774 0.08215425446468098 0.13692375744113497 0.14508704152066496 0.1901718853349097 0.10269281808085123 0.08215425446468098
0.08405923942781908 0.11849292265505258 0.08531490431163784 0.14219150718606308 0.11050269836254341 0.1750557136847577 0.10664363038954731 0.17773938398257885
0.07228277791083337 0.10225994676447434 0.05522037125281613 0.0920339520880269 0.14525113418504773 0.23844317111711538 0.11044074250563227 0.1840679041760538
0.07057201080992845 0.12485817297141186 0.08821501351241055 0.15607271621426483 0.08468641297191414 0.18245039784805975 0.10585801621489267 0.1872872594571178
0.09509754361522078 0.07676548701469631 0.19019508723044157 0.15353097402939261 0.0855877892536987 0.08946966372269945 0.1711755785073974 0.1381778766264533
0.10745577153373125 0.0867414059368674 0.15793916288111048 0.10842675742108424 0.1289469258404775 0.11919421018083115 0.1611836573005969 0.13011210890530106
0.11619548952466116 0.07438527572887782 0.18891498597810236 0.14877055145775564 0.10508884667386223 0.07225233082086462 0.16469511598090975 0.12969740383496645
0.11107030910930998 0.1478432381173969 0.0944709672924743 0.13305891430565722 0.13616574061945072 0.19776129624307368 0.09979418572924291 0.07983534858339432
0.06541102726639576 0.10471287301119844 0.05621388625099417 0.09128814570207043 0.11837107383874604 0.27823140738498325 0.10319529514147092 0.18257629140414086
0.1426782620881594 0.09836270670550941 0.1580834132171357 0.11803524804661131 0.14030339623595506 0.10896457810116558 0.13066987166739222 0.10290252393807138
0.13647088777170238 0.07923740579796777 0.1397727504677869 0.09508488695756132 0.16984266921748753 0.10980689909441343 0.15092839199612906 0.11885610869695164
0.09262035248949482 0.11489248088170062 0.09434380361398072 0.13787097705804074 0.12506457559430686 0.15946585624639467 0.10340323279353057 0.1723387213225509
0.08853154034229592 0.14401410034379641 0.07729704313946366 0.12555075414587383 0.09767912892883585 0.23111036444313643 0.08515616368154919 0.15066090497504858
0.11230064622583347 0.08348944141669415 0.1389682797575198 0.1043618017708677 0.12411266216571251 0.15639217883119041 0.15514082770714063 0.12523416212504124
0.1139063063743323 0.08290187441913183 0.14570948173648987 0.10362734302391478 0.1381020945185576 0.13735108284839956 0.1540490054504763 0.12435281162869774
0.1158835474296867 0.07092705397723353 0.20650160530678802 0.14185410795446707 0.10732553742518493 0.07680213534065737 0.15703832870824191 0.12366768385774053
0.09038113311323898 0.14383369310810662 0.08498645352358611 0.12539347604296477 0.1152669983388258 0.20461658652301368 0.08504948809870652 0.1504721712515577
0.12283225490517402 0.07880231416231685 0.1380703458904607 0.09456277699478022 0.16339453090584882 0.13403465987448343 0.15009964602346065 0.11820347124347526
0.10935370329248507 0.13841668446617394 0.0933811948590725 0.12457501601955655 0.15119788427822253 0.21489924545808806 0.09343126201466742 0.07474500961173393
0.10332132136837441 0.13394207660027355 0.08468466401763587 0.12054786894024619 0.14344110247278744 0.2513233435313501 0.09041090170518465 0.07232872136414771
0.07056402271006677 0.1130132873069506 0.08669732475670099 0.14126660913368824 0.09619523791803944 0.22692797406258297 0.09581561315154508 0.16951993096042586
0.06955451952064012 0.11500158550850831 0.08824453816647368 0.1437519818856354 0.0910688430842955 0.22237480933621 0.09750134423547445 0.17250237826276246
0.1069922165202601 0.09005261190759037 0.1360872103623107 0.1009086054258488 0.13926459535573962 0.15559701450805952 0.15000741940917223 0.12109032651101855
0.11198868001294454 0.06910476177029307 0.21868356116357382 0.13820952354058613 0.1066736190669012 0.08184587664581128 0.15300362394399442 0.12049035385589563
0.07506298443996777 0.0970256420556211 0.07882430491284988 0.087323077850059 0.1516417148794013 0.2306884267419121 0.10478769342007078 0.174646155700118
0.07971814682570083 0.143995360343544 0.06974728819682252 0.11415143508166367 0.1197586298307317 0.2582229660029341 0.07742445162060665 0.1369817220979964
0.10661198633820257 0.06948262062218763 0.2051735769534802 0.13896524124437526 0.10332828391523244 0.10144887174453071 0.15384023450740764 0.12114918467458355
0.07331477204699376 0.09560087279376239 0.07925786682477656 0.08604078551438615 0.14864811134902528 0.24180707782502014 0.10324894261726338 0.1720815710287723
0.06753608345545428 0.12204079645313475 0.08490128093150448 0.13885674737135462 0.10117863981438999 0.22467725691144363 0.0941810982170927 0.16662809684562552
0.07947690740352589 0.1478961190318833 0.10098555037606957 0.16448569907444707 0.08231639025065954 0.19312904473245435 0.08367315996395787 0.14803712916700235
0.13152964883017434 0.10697341865474626 0.15880035977534093 0.1162868355536877 0.1230684801166831 0.1290319615507433 0.12965114352030555 0.10465815199831893
0.10558357977780254 0.07643772842075142 0.21958766338496233 0.137676233649758 0.0985451883098516 0.08476226999840666 0.1534987261736854 0.1239086102847822
0.08513233809390836 0.11130596266720034 0.12593333917481714 0.13356715520064041 0.10710622169481626 0.1698206727673367 0.10017536640048032 0.16695894400080052
0.08651900932955466 0.1478638330189978 0.084348882771004 0.11562048219563677 0.11219424974857636 0.236288115507904 0.07842084879356231 0.1387445786347641
0.10844652414175202 0.06892833313168004 0.21369451500938896 0.13785666626336007 0.10103189409830554 0.0972463362311923 0.15261299643318657 0.12018273469113441
0.0860862546362723 0.11029545475039074 0.12648964656472986 0.13235454570046887 0.10696209456579282 0.17310291238140757 0.09926590927535167 0.1654431821255861
0.08120705953623902 0.10941630141944185 0.10621038351442832 0.1312995617033302 0.1073249075179778 0.2019426629019223 0.09847467127749768 0.16412445212916277
0.07893744110348902 0.11962133590030824 0.10012246044877472 0.1286575914869214 0.10564385089182654 0.20970213719483727 0.09649319361519107 0.16082198935865175
0.07837225751943684 0.12053190266402007 0.09861322393444616 0.12838571772320462 0.10511442503465554 0.21221103767782765 0.09628928829240348 0.16048214715400577
0.07165418090054675 0.12481852053279074 0.09632847971192858 0.13865527231718972 0.09361189502057002 0.2145008791646873 0.09404444557165911 0.16638632678062765
0.09721913114499674 0.07841475576586454 0.21040993078575038 0.1388865420361098 0.09419770367864634 0.10102591905318721 0.15484812970294629 0.12499788783249881
0.08330924229300102 0.11824056403382809 0.1248293434821805 0.131034059292312 0.10449240612971768 0.17602626618433675 0.098275544469234 0.16379257411538997
0.09762871565540099 0.14846246571621716 0.09614588571894202 0.11875351370697146 0.12930937152588778 0.24938280417216913 0.08906513528022861 0.07125210822418289
0.09649549271826846 0.1457428038279996 0.0865547948077851 0.11279479266651027 0.13097219656835934 0.2751669493112885 0.0845960944998827 0.06767687559990616
0.11026451221429238 0.08709683668478987 0.14380956039061565 0.09407172987099516 0.14724012752180476 0.16478721276855995 0.13984394470374803 0.11288607584519418
0.10001918996455418 0.07317449715660622 0.22943326255791927 0.133958177242811 0.10392646256371123 0.08957268024903263 0.14935337074683555 0.12056235951852991
0.07539278992851167 0.12131250552022607 0.13020562223467938 0.1408427941529228 0.09726613563244675 0.17044064351354943 0.09552815603415635 0.16901135298350736
0.10374828731984011 0.07614995636173848 0.23368276273009086 0.13503936052207993 0.09598641620748917 0.08817247169866674 0.14949412316648653 0.11772662199360816
0.08427172238602844 0.11749480546722631 0.13113931078169075 0.13040787390157108 0.10462793352494103 0.1712426061354001 0.0978059054261783 0.16300984237696384
0.09823858800003973 0.14817377340435364 0.09802347114069293 0.1185623873942041 0.1292409903972045 0.24770156668132964 0.08892179054565308 0.07113743243652246
0.07177993412694697 0.12420166403512037 0.09682009203208575 0.1338371333540032 0.09800844435879653 0.22397168161944123 0.09077649044880219 0.16060456002480383
0.0695254161530739 0.1336033518105565 0.09749786617697502 0.13562059303233473 0.0927762961070401 0.21624562372015632 0.09198614136106183 0.16274471163880166
0.0979044556435892 0.08472536805336359 0.21410462519489643 0.1356297327978024 0.09430294258254868 0.10004908576207844 0.1512170304476991 0.12206675951802216
0.14408380454086925 0.0964518850751863 0.21807830344623688 0.10618339820720762 0.12517213357184934 0.09991094643116048 0.11754938670069383 0.09257014202679639
0.09867159279566812 0.15300073390992958 0.10475974939361085 0.11258267355710413 0.11758061105784695 0.201945008952497 0.07636042206481845 0.13509920826852495
0.10211421875517603 0.08588419349436761 0.2156350144294726 0.13295251742264896 0.09918096892342593 0.09634368619792959 0.14823213509659516 0.11965726568038407
0.07788047604452364 0.12860832429557806 0.12777010964447025 0.1384983540910947 0.09617684946546275 0.17092984747037987 0.09393801407917728 0.16619802490931362
0.10456157216995245 0.07645512967925798 0.23437667997848932 0.1346093715181106 0.09551315819875565 0.08811422100689774 0.14901810766351678 0.11735175978501948
0.08010850192886146 0.12657072164698605 0.13216493163009463 0.13832484403481166 0.09537727369907992 0.1676435852208679 0.09382032899752443 0.16598981284177397
0.10487703400195178 0.07613776025960171 0.23645580262920157 0.13429071851355948 0.09513193124130095 0.08736744793601821 0.14866534568859657 0.1170739597297698
0.09502829470258535 0.15507017962123437 0.10977896725685862 0.1142309076112903 0.11296544650971786 0.19837076043710725 0.07747835472765775 0.13707708913354832
0.07537646542501995 0.1460078441144751 0.09945261602142035 0.13207277582661475 0.0952403680211286 0.20378280382135183 0.08957979577805175 0.1584873309919377
0.09970360679016914 0.09044602655831195 0.21455538559786158 0.13363971849046366 0.09535339143602423 0.09702781148220543 0.14899831300354677 0.12027574664141728
0.13455339719114845 0.10423507146543406 0.21722173326773275 0.10698643669351915 0.12202581998002707 0.09940785552713735 0.11928189285083403 0.09628779302416722
0.08461906005214281 0.13508524362519517 0.12638208897746211 0.1341357722052663 0.09955176061342072 0.16828410238444758 0.09097904549574583 0.16096292664631953
0.101839457858751 0.08782103054409605 0.2259967405415598 0.13233384271228085 0.09563730111313933 0.08972880982483082 0.14754235896428924 0.11910045844105276
0.11892214233541494 0.09013350179161646 0.19315043589180064 0.0929277120983245 0.1419324948080379 0.11327717310915768 0.1381432854476585 0.1115132545179894
0.10714781448532917 0.07795072584362478 0.25145876998004557 0.1274918377791131 0.10172129679533326 0.07734301630789356 0.14214388480745893 0.11474265400120177
0.10338515234571062 0.07541202582095122 0.2764744938068843 0.1267525559580726 0.0921804616062408 0.07039836935259114 0.14131964074728393 0.11407730036226535
0.1356004361145779 0.09922591433819519 0.2385320176550498 0.10476247264727549 0.1192620102721759 0.0915285846834392 0.11680233890673851 0.09428622538254795
0.10913163636016664 0.07790704069618148 0.2692142342176843 0.12487907235571558 0.09508886744596204 0.07215713746128095 0.13923084634286498 0.11239116512014402
0.1031657971968191 0.0748918826560349 0.28337305819223246 0.12582698120790747 0.0901766579424323 0.06903364574386489 0.14028769397359236 0.11324428308711672
0.08069179178245126 0.12932759419665676 0.1437051946730532 0.1366655773549078 0.09422489844618838 0.15869133738448113 0.09269491333637225 0.16399869282588936
0.10116147501679107 0.08646801136685418 0.2337224426638178 0.13170473977706917 0.09400125354188045 0.08756685569471653 0.14684095613950843 0.11853426579936224
0.10308539964275792 0.07734432465256226 0.270040375809806 0.1278776258508715 0.09125580514711948 0.07273259591378367 0.14257400971731493 0.11508986326578434
0.08094404061779348 0.13004990012404613 0.14057100215141988 0.1367809629903453 0.09450331068392955 0.16024045294625186 0.09277317489779945 0.16413715558841438
0.07576241806094933 0.14186890094551186 0.1084886873034323 0.13487602559201461 0.09376035570742952 0.19191125127870454 0.09148113040154035 0.16185123071041752
0.10114752463872216 0.08942169764641765 0.2187651357630035 0.13308424980263936 0.09490857806109973 0.09451798239623221 0.14837900686950986 0.11977582482237542
0.10375153604452966 0.07820446913526796 0.2641688292464653 0.12857427241599467 0.09191528787878203 0.07431804145568753 0.14335071864887763 0.1157168451743952
0.1027062701427316 0.07520320455936219 0.2817211258753786 0.12634266895550714 0.0898080192206566 0.06964766185840175 0.1408626473280057 0.11370840205995641
0.1018226772630229 0.07425972904335476 0.28841668389585295 0.12547418920853964 0.08880193637029188 0.06840365670919389 0.13989435722205837 0.11292677028768569
0.0807568009316119 0.12908531638409168 0.14486432487612733 0.13656289247861272 0.0938718531656251 0.15835807498671103 0.09262526620288515 0.16387547097433525
0.11522866200129583 0.09826325295293736 0.1664897815864279 0.09357682949585033 0.14237774127896596 0.13266329523298434 0.1391082420565178 0.11229219539502039
0.10772513093858999 0.079869818040384 0.2406910450804677 0.12851888988596857 0.10282448411055939 0.08141465978573553 0.14328897126092316 0.11566700089737171
0.10436601647101422 0.07593033169048259 0.27229904364941115 0.12712626263167848 0.09281625579030921 0.07131215759879687 0.14173629579979674 0.11441363636851062
0.13659113469929612 0.09932165573761424 0.2369783522369134 0.10474118947523378 0.11959000075045194 0.09173198681457195 0.1167786097582084 0.09426707052771041
0.08609409297186517 0.1335214791032512 0.13124458750549722 0.1336995570845259 0.09936734519133238 0.16495029179346207 0.09068317784863497 0.1604394685014311
0.13438951161159593 0.11404989808671807 0.18621765723669384 0.10764921011135459 0.12467055757727773 0.116118040525123 0.12002083575101771 0.09688428910021911
0.08543873199006856 0.1370890975153864 0.11891950171015887 0.13347119519874226 0.10021006396344753 0.17417768646629792 0.09052828891740779 0.16016543423849067
0.13445633038982294 0.1150183397456892 0.18160456441453415 0.10785444862947446 0.12523953711184133 0.11850811455969698 0.12024966138241407 0.09706900376652702
0.11161118932352551 0.08184313679717106 0.24624348397579887 0.12725866041424128 0.0983610114191698 0.07826581425035378 0.14188390944692275 0.11453279437281715
0.08265104003085828 0.131064609752327 0.1348465085829563 0.13656270438360207 0.09615035012279309 0.1622244032417412 0.09262513862539967 0.16387524526032246
0.13351149130214815 0.1136959770755826 0.18790833486598096 0.10787193294577994 0.12404318308481788 0.11561518598419362 0.12026915509029497 0.09708473965120196
0.11117603797766634 0.08147896628333197 0.24885181604424403 0.127013001849642 0.09795215241749095 0.07760630528282361 0.14161001848012325 0.11431170166467781
0.10490786491217037 0.07591592350408723 0.2753730407737365 0.12664697825551305 0.09155978551386774 0.07041219712280034 0.14120192948786303 0.11398228042996174
0.10263312230375542 0.07448274553224099 0.2858713297629888 0.12566298706529314 0.08950751246332034 0.06864076177069124 0.14010485274294623 0.11309668835876384
0.0810011542903627 0.12912162565271673 0.14425584374360903 0.13653140056509921 0.09422130655157501 0.15842708204827707 0.0926039064702412 0.16383768067811905
0.13279572018686694 0.11312994935485816 0.19142768867016868 0.10771440000542828 0.12332871481928866 0.1145670493405114 0.12009351761799243 0.09694296000488545
0.11088199896893199 0.08129831606613142 0.2502950257287315 0.1268633731153777 0.09770602325883403 0.07733503345041147 0.14144319360774202 0.11417703580383995
0.10478821675750735 0.07584919968072236 0.2759346674961943 0.12657775177867592 0.09147576996412043 0.07032967058962683 0.14112474713234463 0.11391997660080831
0.11982715402873759 0.08697035007485893 0.20885435472741692 0.09171811560015426 0.13936507119567126 0.10685807664140334 0.1363451390115726 0.11006173872018511
0.10734338329329603 0.07691376883416863 0.25774825840413945 0.12651890841548996 0.10084310495807847 0.07570641734719846 0.14105914117368804 0.11386701757394097
0.10370013347105603 0.07498845386474241 0.278856868478789 0.12625463072146315 0.09192754042058417 0.06987871412698458 0.1407644912670641 0.11362916764931683
0.10222777424633843 0.07424787081809474 0.28720830874983133 0.12549596003454758 0.08949051401032358 0.06846457804140277 0.13991863006836872 0.11294636403109283
0.10160658917543344 0.07392965082257622 0.29043407776447033 0.1251317427242822 0.088732062079315 0.06803475403424962 0.1395125549478191 0.11261856845185399
0.13525796349613473 0.09848813179016734 0.24328090448818857 0.10424844552532898 0.11807434098429857 0.09059737571708457 0.1162292370260011 0.09382360097279607
0.08585401746966169 0.13325073876534932 0.13270691205352736 0.13362662239431344 0.099131251732046 0.16444480160969607 0.09063370910223 0.16035194687317614
0.10277191929730921 0.08720220888278217 0.22864756745097545 0.13174798520225547 0.09542720552272196 0.08874075540060508 0.14688917156132064 0.11857318668202993
0.12026056417201195 0.08978062749870895 0.19390532820242334 0.09262624472010221 0.14185201981934284 0.11272858798116576 0.1376951339421221 0.11115149366412264
0.12343553307593741 0.08887586882269179 0.17984120688943425 0.09087610269509179 0.15528316823465085 0.11754336677299215 0.13509343027509169 0.10905132323411014
0.10904592256142123 0.07779659644470613 0.24560425789562929 0.1274505660465075 0.10512125899362439 0.0781780187106709 0.14209786990558373 0.11470550944185674
0.09437808784952303 0.149283491191727 0.1547012465391107 0.1568319033080055 0.08417419150619505 0.13970265929329187 0.07977970733494194 0.14114871297720497
0.10738356366357428 0.07703039222863388 0.2457172123318035 0.13300605739195523 0.09184154268039607 0.08182405993331285 0.14724317301836312 0.115953998751961
0.07244084820791223 0.11488390546512152 0.08307933915697377 0.08436750871796776 0.13973670361730675 0.24138471102194947 0.09537196637683312 0.16873501743593552
0.10030043200223167 0.08501990782934107 0.20595683796337988 0.1324916575598063 0.10550644648833857 0.1037639156110241 0.1477183107420527 0.11924249180382566
0.1039810836066189 0.07773329258254826 0.2588293621350367 0.1288934042973466 0.09470391094190174 0.07614835568816289 0.143706526880773 0.11600406386761193
0.11996572485868423 0.08758997704502568 0.20344790366372248 0.0920549269417055 0.14087285545600214 0.10875686801236759 0.1368458316924458 0.1104659123300466
0.1075683244124374 0.07715122731116664 0.25557104056677177 0.126760615169148 0.10135894633670874 0.07617666638533498 0.14132862616619932 0.11408455365223319
0.13790901222207938 0.09972479844733649 0.23078653310065228 0.10489222014758032 0.12234522050793202 0.09299221975466804 0.1169469976869291 0.09440299813282228
0.08635889079060097 0.13360209423277797 0.1297666979066516 0.13366931898963563 0.10011238435960468 0.16542476240106566 0.0906626685321007 0.16040318278756274
0.10298581456251198 0.08733379755595848 0.2273934620708671 0.13186364708646026 0.0957347384194978 0.08899313199616503 0.14701812593072508 0.11867728237781423
0.1039416201712108 0.07758026760027294 0.26740989150309613 0.12803183672233573 0.09197987669732485 0.07308191092493398 0.14274594333072357 0.11522865305010216
0.10272605786159643 0.07498010600136606 0.2828833796459709 0.12610317697150586 0.08989775028028812 0.06932103832653692 0.14059563163838043 0.1134928592743553
0.08103157076764265 0.12927601105179556 0.14355649751548422 0.13656471566195139 0.09434240630065649 0.15872463711132626 0.0926265027968018 0.16387765879434166
0.10142576459032057 0.08642125453664141 0.23356356186734034 0.13161801182142205 0.09422231459052487 0.08754862101327367 0.14674426094119739 0.11845621063927984
0.08078199473207814 0.13238015926708463 0.131807667892101 0.13678460613253327 0.09532181575956211 0.16600658295901333 0.09277564589858778 0.1641415273590399
0.07571594059149575 0.14229200060707797 0.10634161153330549 0.13468658587821317 0.0940556927547951 0.1939316247247295 0.09135264085652721 0.1616239030538558
0.10126749021662387 0.08951741926580774 0.21776392733419714 0.1330995084546139 0.09524146054799083 0.094924617443858 0.1483960191277561 0.11978955760915251
0.10391163331831943 0.07821301216065428 0.26370293574292064 0.1285499805480648 0.09221670726128654 0.0743871134465341 0.1433236350289618 0.11569498249325832
0.1198939415916506 0.08763500522285805 0.20505654022642664 0.09200649674875146 0.13999055730984217 0.10823582584412374 0.13677383695784545 0.11040779609850176
0.09576685290084234 0.1505803524146973 0.1426652660157436 0.15461235500603487 0.09008660248891738 0.14848681890439366 0.07865063276393948 0.13915111950543135
0.12132388634914518 0.08684888732805386 0.16209847295987545 0.08984750839905373 0.1503784254122925 0.13457834135585153 0.14261509269691067 0.11230938549881714
0.08313834639202926 0.130121286722799 0.11341976457367142 0.1338694315545815 0.1062574534111301 0.18175200242587894 0.09079839705441181 0.16064331786549782
0.10271772693043764 0.08722349605007489 0.22045692456636096 0.13254187685545307 0.09760326936726667 0.09239471555150869 0.14777430150899018 0.11928768916990774
0.10412338371885103 0.07775037094104398 0.2646833954867613 0.1283578569714174 0.09260473036567235 0.07384875966339793 0.1431094315785803 0.11552207127427565
0.10286547951037922 0.07507887794686907 0.2818339733263098 0.1262328919588304 0.09011915386336966 0.06951976646227008 0.14074025416902433 0.11360960276294735
0.10195123163077977 0.074203109487297 0.28839035154635423 0.1253961358050842 0.08904547849360961 0.06834983731021296 0.13980733350208643 0.1128565222245758
0.11882824904992131 0.08650604729052856 0.21283692851451042 0.09151797402355831 0.13831646489907837 0.10612515227851503 0.13604761511561805 0.10982156882826997
0.09549896117816442 0.1501632746789891 0.14471941557936333 0.15451821374669558 0.08973018454973676 0.14770081438040147 0.0786027435146234 0.139066392372026
0.10814472283738139 0.07721823062306636 0.24134621870310716 0.13318010605340844 0.09321162117603422 0.08335751508332652 0.14743585204121729 0.11610573348245865
0.09776231367156282 0.15483459645999187 0.11107293230091496 0.1136660798155332 0.11332484127266873 0.19584468656493575 0.07709525413575295 0.13639929577863985
0.08961025377268955 0.16859323072778423 0.11554513414631869 0.15227604591780064 0.08362121819813344 0.17584351342263255 0.07746216248862034 0.13704844132602056
0.14427597251209845 0.10619870449811168 0.18401938970506387 0.10811016482795464 0.12425693414901551 0.11920655046831118 0.11968239655353545 0.09424988728590918
0.07600873189463621 0.11751761465545373 0.07190605102516101 0.08099965919354349 0.1454948450013681 0.25450894771091875 0.09156483213183177 0.16199931838708698
0.08501806161545944 0.157368631540284 0.10518352506523 0.15232393540654787 0.08979467551921176 0.19573310532404298 0.07748652366333088 0.1370915418658931
0.10324955231595684 0.09170204505335207 0.21654829866486938 0.1324916702286774 0.09399431733732137 0.09505328832711467 0.14771832486689854 0.11924250320580966
0.12062750710121409 0.09077175854289202 0.19005089514339923 0.09283186829965796 0.14167144000182164 0.11464748174775476 0.13800080720367064 0.11139824195958954
0.10821555572166426 0.07801149933304036 0.2501753157983589 0.12737945795811745 0.10199469282441999 0.07756337650849085 0.14201858969360256 0.1146415121623057
0.13827981613409995 0.10002813568754958 0.22890080495993476 0.10503841259232233 0.12268127109039009 0.09342699684968069 0.11710999135293251 0.0945345713330901
0.11075389133338098 0.0781625012104826 0.2651492683030116 0.12505157570191966 0.09629620273367781 0.07261696788530118 0.13942317470049848 0.11254641813172771
0.12141985605120141 0.08733156478814731 0.2051003615510637 0.09163848865170084 0.14090783649309002 0.10740893787813792 0.13622676820461796 0.10996618638204102
0.14173892673046706 0.10126827931653687 0.2104582691633575 0.10403397574958444 0.13314472021796264 0.09973513141621244 0.11599011923125309 0.09363057817462599
0.08695950190012654 0.1338188500543903 0.124830360125333 0.13344951302212707 0.10241367901118469 0.16787509751484317 0.09051358274544272 0.16013941562655248
0.07669107262094267 0.1423932327763517 0.10455137464220486 0.13431190629267475 0.09543187079012215 0.19434774497146265 0.09109851035503158 0.1611742875512097
0.0741465467738039 0.14783717185638776 0.09903663884295413 0.13303557835981705 0.09307796226711326 0.2029905808067022 0.09023282706144112 0.15964269403178044
0.1007814554332849 0.09325946522819241 0.213996876842538 0.13280743608733062 0.094958735928938 0.0965989577664381 0.14807038023468055 0.11952669247859755
0.10374770725704589 0.08049649445120857 0.2619208021298656 0.12838760759840215 0.09211298801498455 0.0746429524024592 0.14314260130747222 0.11554884683856194
0.10273253666884723 0.07694550842768125 0.2805598927901327 0.1260967801170837 0.08997327052189544 0.06961640974590749 0.14058849962307687 0.11348710210537533
0.13566025114517516 0.10101760702738971 0.23956500653476176 0.10424684190416536 0.11847808851315324 0.09098259805352907 0.11622744910807689 0.09382215771374881
0.10959731752850213 0.07980485361850215 0.2691578877207301 0.12428221779212666 0.0949191891134321 0.07181914016794427 0.13856539804584866 0.111853996012914
0.10364679437744533 0.07645051878858446 0.2829704445455388 0.12537350881075146 0.0901490623812779 0.06879140707473867 0.13978210609198705 0.11283615792967631
0.10192331480726545 0.07564587574213702 0.2885642657273506 0.12502434981406935 0.08886114059492027 0.06806631861426697 0.13939281986732802 0.1125219148326624
0.0806598636602116 0.13148875072729696 0.14462627014409044 0.13606299304911496 0.0938486512210464 0.15775167555816272 0.09228620398113883 0.1632755916589379
0.10104569484617504 0.08907202951028534 0.23355288770350618 0.13110956651210146 0.09386002961621802 0.08718379958583805 0.14617738236498473 0.11799860986089131
0.13661472820708181 0.10496090412038238 0.2232449097014606 0.10554641655463229 0.12090411963457168 0.0960607690225377 0.11767637786016465 0.09499177489916905
0.11041812137203644 0.08093742272477512 0.2626678827955001 0.12501413937163658 0.09596227239239963 0.07310599992319036 0.13938143598598884 0.11251272543447292
0.1382554834238328 0.10205333485873531 0.23286734967558545 0.10435043931398251 0.12032466915916544 0.09189037569724122 0.11634295248887304 0.09391539538258425
0.12729790888322662 0.09237938469498767 0.19195819325910038 0.08971518883204557 0.14678305499295297 0.11084038889338536 0.13336765384584684 0.1076582265984547
0.12485345844163061 0.09090294927913224 0.17852050566426725 0.09029811097032907 0.1563194382733911 0.1165135974509627 0.13423420675589218 0.10835773316439487
0.10923467837821259 0.0797085403122113 0.24468515550544553 0.12712219230659674 0.10522793922877943 0.07787976350173116 0.1417317576910862 0.11440997307593707
0.10442557203523362 0.07708979927006598 0.27347126465827315 0.12652339895064743 0.09312274369577066 0.07043201454915242 0.14106414778527404 0.11387105905558269
0.10243750608878566 0.07600752714939271 0.2849136548668607 0.1254694301766356 0.08978546302107812 0.06857488028163802 0.139889051256637 0.11292248715897202
0.10159241791626406 0.07553659059963941 0.2893473146025134 0.1249714627262744 0.08874475505749879 0.06799928793292859 0.13933385471123427 0.11247431645364697
0.10124367641705972 0.07534180153859182 0.2910518040698935 0.12477010979641157 0.08839211168470222 0.06779803645579563 0.13910936122077527 0.11229309881677042
0.09220581575161745 0.1504415572624289 0.16627083109124569 0.15577480757028722 0.08049826152723798 0.13536943265469117 0.07924196732923307 0.1401973268132585
0.10681862219818208 0.0767756209885722 0.25060546717690546 0.13239972559010144 0.0906556059154231 0.08074761754511221 0.14657193878920466 0.11542540179649867
0.09726646181487111 0.15725195206932327 0.1127154455463823 0.11332890307436887 0.11239978913781273 0.19417620432190524 0.07686656034609367 0.13599468368924264
0.10490680329248142 0.09364611286232988 0.21753802401869296 0.1301098381902351 0.0978209900269487 0.09381661734540528 0.14506275989269496 0.1170988543712116
0.10445536995859847 0.0803364510207418 0.26303421618720585 0.12794508289289508 0.09247750218697581 0.07395158386491366 0.1426492192850636 0.11515057460360556
0.10283833425420606 0.07686899782443829 0.28094795275784584 0.12600497760800006 0.08999597859214939 0.06945313243977802 0.14048614667638215 0.11340447984720006
0.1018306813057448 0.07579457256125857 0.2878392929276145 0.12516733854574238 0.08891624676988298 0.06824902156624583 0.13955224163234262 0.11265060469116815
0.10135295958727465 0.07542670617212033 0.2904768889134159 0.12484245280918085 0.0884753480388763 0.06787741866958855 0.13919001828128075 0.11235820752826277
0.08054497523648645 0.13140857773325829 0.14506845870159693 0.13604280256941811 0.09375242159426778 0.15765889151284807 0.09227250956882273 0.1632513630833017
0.08709918933475427 0.1682975105840718 0.12597618001297325 0.1548523412063396 0.08090969272413584 0.1647252663514035 0.07877271270061623 0.13936710708570563
0.09736597835163677 0.1523544924188202 0.12761379739758175 0.15518473317751222 0.08370487858777612 0.16731331276265582 0.0811735527390064 0.13528925456501065
0.10166896748404218 0.1529887160890059 0.09790493006323013 0.11849971736545045 0.12311041609476939 0.2458526344601437 0.08887478802408785 0.07109983041927027
0.07636392950528531 0.1467948590877968 0.09459538634963949 0.12780675067625913 0.09633696009255176 0.21804769562697207 0.08668631784998446 0.15336810081151095
0.13126477662136188 0.12062694017535813 0.17148903160662807 0.10740318731923025 0.12398150833027625 0.12882514866212913 0.11974653869770896 0.09666286858730723
0.09714191230743953 0.1632954394677267 0.13221244989534803 0.15256474444489912 0.08602160163005358 0.15384656007997954 0.07760902217414434 0.13730827000040918
0.14640071449923803 0.10519531856545923 0.18991508342120128 0.10758015897338181 0.12441742281076841 0.1136078125445289 0.11909565828555088 0.09378783089987133
0.08749293565703731 0.1376982541487518 0.1195479128749009 0.13288778122388337 0.10005338720965061 0.17272180936961243 0.0901325820475035 0.15946533746866
0.076213603479568 0.14893588183708087 0.10261153292754888 0.13308219534497642 0.09421900953609558 0.19497469692242686 0.09026444553833184 0.1596986344139717
0.10102317127015639 0.09473586407225129 0.2152271494550458 0.13237905552740326 0.09496641456551198 0.09493442725590821 0.14759276787906003 0.11914114997466294
0.09223881650359915 0.1590573018874753 0.14584005102774572 0.15619110491925842 0.08184863886198089 0.14479835639194186 0.07945373598066623 0.14057199442733256
0.10768544728616324 0.07796685019806669 0.24224121018489467 0.13344471069499536 0.09165003358596877 0.08294655334129618 0.1477287802565679 0.11633641445204725
0.08179481849888832 0.1336217348427274 0.1336894793650742 0.13636737940816118 0.09455609335620371 0.1638369819014425 0.09249265733770931 0.16364085528979339
0.13261968077705055 0.1188417888843395 0.18668980210987055 0.10720700998197348 0.12306070968058128 0.11556688397564115 0.11952781560676744 0.09648630898377612
0.11068343183316569 0.08548583975921577 0.24776630846009204 0.12642498048107842 0.09751478083769637 0.07738775765941477 0.1409544185363665 0.11378248243297057
0.10458569018943825 0.07876790320600123 0.27456270718938014 0.12622890969144435 0.09130026766954139 0.07021268909382182 0.140735814238073 0.1136060187222999
0.13622938915161528 0.10242006531940354 0.23724480411291782 0.10420348364495112 0.11883826509590588 0.09110174951000635 0.11617910788474402 0.09378313528045601
0.12657424641812165 0.09347156820865687 0.19328464598115716 0.0895432156764652 0.14609321508967013 0.11046924561452996 0.1331120041996408 0.10745185881175823
0.08387302020428836 0.13591272317250824 0.12045102527849409 0.13308829501826017 0.10503210139022799 0.17166829820627155 0.09026858270803732 0.15970595402191218
0.07557402445849717 0.14843001582686002 0.1028497995241714 0.13312942628001084 0.0953436311493187 0.19462131079173028 0.09029648043339866 0.15975531153601297
0.10085822432165055 0.09463350393004673 0.21533439420346728 0.13237318381210322 0.0952139754162885 0.09486463153086272 0.1475862213546882 0.11913586543089291
0.13691574823073258 0.10773852057272663 0.21660509902654698 0.10582140390534346 0.12161024018974356 0.09808675632533413 0.11798296823476354 0.09523926351480912
0.11062888658032351 0.08257259597041858 0.25983120114100605 0.12510760885240366 0.09623202792005378 0.0735451840869214 0.13948564748170972 0.1125968479671633
0.10413719227036218 0.07790142355415132 0.2792337707011212 0.12565341569599106 0.09064223052428275 0.06924971174724372 0.1400941813804557 0.11308807412639196
0.11928400049097554 0.08958611223063212 0.2095939554754848 0.09132157484679593 0.13866518575160644 0.10620762683997878 0.13575565454837127 0.10958588981615512
0.08266494348512518 0.13496490665044858 0.12446501374395429 0.13343007632843673 0.10355193169795344 0.17030663690327882 0.09050039959667881 0.16011609159412404
0.10187257702241045 0.09137441119102326 0.22445963988411569 0.13140042386992937 0.09634312556285686 0.08978777437353822 0.1465016666131899 0.11826038148293644
0.11972751211839293 0.09329545410567905 0.19216745226338872 0.09229390833085616 0.1418322670010541 0.11272962260519458 0.13720109357840707 0.11075268999702739
0.08269673604869507 0.13606002185952107 0.12029439146896152 0.13340016234030044 0.10419358696029042 0.1727947964047977 0.09048011010907334 0.1600801948083605
0.07535408264808807 0.1484628271112674 0.10280567640230837 0.13313105975922346 0.09515248557856536 0.19503900843104952 0.09029758835842983 0.15975727171106813
0.10080712170885595 0.09464333712620544 0.21532046085482612 0.13237823454304068 0.0951746554422302 0.09494392669334176 0.14759185254276327 0.11914041108873663
0.08024465304639956 0.1384148538551121 0.12696130304472972 0.135949022328993 0.09503490687981488 0.16804753194875502 0.09220890210140395 0.16313882679479158
0.10136533756343537 0.09209141970333187 0.22585030595352065 0.1315931265831489 0.09452258541059444 0.08942689510350467 0.14671651575763017 0.118433813924834
0.1033685970787315 0.08077531881754763 0.26642579188400145 0.12765041666263616 0.09155527203181588 0.07301854010055268 0.14232068842834208 0.11488537499637254
0.1361620692070042 0.10315389023600634 0.23450255724412777 0.10448788531200877 0.11919174281512646 0.09196656388541033 0.1164961945195083 0.0940390967808079
0.10980163817589864 0.08123499998437321 0.2669819119918433 0.1243155936549625 0.09514225500498842 0.07203695725629314 0.1386026096421746 0.11188403428946626
0.0819556349581354 0.13419589913421853 0.1393092947477612 0.13568564144672868 0.09504608694752723 0.15895441187438214 0.0920302611551725 0.1628227697360744
0.07549630646397408 0.14840533078483095 0.10753183335838058 0.13368891631209714 0.09347937090636964 0.1902955819707565 0.09067596062907458 0.16042669957451655
0.1135118762427114 0.10651395985714583 0.15313702823570532 0.09314150154249196 0.14227527302110823 0.14118946143444086 0.13846109781540597 0.11176980185099035
0.10752347299551962 0.0843694832458513 0.2345585139843223 0.12847313613681463 0.10314455202714896 0.08306705984213465 0.14323795924507537 0.11562582252313315
0.10434694522766484 0.0789623678409569 0.26948589303421727 0.12692791112721863 0.09296926079667886 0.07155735328409171 0.1415151486746751 0.11423512001449676
0.10249137050563448 0.07713655159856744 0.2832847206216258 0.1255287665897754 0.08981455485573477 0.06881293896866678 0.13995520692919733 0.11297588993079785
0.10158756645591167 0.07644815707521074 0.28861698415017584 0.12490925181635976 0.08873285727933004 0.06802236239900344 0.13926449418928466 0.11241832663472376
0.10119263786181489 0.07618367990755853 0.29066503289884543 0.12466433909973064 0.08834296764437186 0.06776200261060954 0.1389914347873116 0.11219790518975756
0.10102980466678335 0.0760821246919249 0.2914504809466956 0.12457003260175634 0.08819876972733053 0.06766946794405992 0.1388862900798686 0.11211302934158071
0.10096474815972678 0.07604320335423803 0.29175164046188407 0.12453391723296688 0.08814466390184619 0.06763527724082281 0.13884602413884514 0.1120805255096702
0.1346272913263471 0.10140246001661192 0.24329793114783943 0.10379888184139613 0.11753530771033902 0.09019112723226526 0.11572800706794463 0.0934189936572565
0.10912637965357826 0.08068077023427075 0.27049318284312707 0.12393739828324304 0.0945163048621845 0.07152135564243509 0.13818095002624262 0.11154365845491873
0.08181790211756053 0.1339992484554305 0.14012659176946965 0.1356521912187729 0.09489126245819494 0.15872260134357186 0.09200757317447206 0.16278262946252747
0.10131459739692972 0.0908609171059349 0.23137018085983277 0.13101346508140932 0.09408292893540117 0.08737555560571228 0.1460702364415116 0.1179121185732684
0.08039687317639364 0.1373221310011139 0.1308289152715674 0.1359946105835013 0.09485706430975616 0.1651670501269172 0.09223982283054871 0.16319353270020154
0.0751257935022891 0.14919834641014634 0.10546367303352853 0.133549344375001 0.09333193882457784 0.19249039615880342 0.09058129444565284 0.16025921325000114
0.11342066751584343 0.10669875410295787 0.15242940382419568 0.09314966768929217 0.14224240244726288 0.14180626585220032 0.138473237341097 0.1117796012271506
0.10752593190973823 0.08442400077272033 0.23426414307122298 0.12850341627158135 0.10316110748169716 0.083196606512988 0.14327171933562877 0.11565307464442322
0.10435819453970623 0.07898059261276509 0.26937090854788803 0.1269419975306397 0.09298235513507701 0.07158729989308257 0.14153085396326545 0.11424779777757572
0.10249812513776202 0.07714301535490532 0.28324051505612186 0.1255342734644672 0.0898209658287502 0.06882091235645504 0.1399613466835179 0.11298084611802046
0.10159070241253466 0.07645051577632227 0.2886000476398214 0.12491133727015544 0.08873558328441454 0.06802479075897581 0.139266819314636 0.1124202035431399
0.0804934622990483 0.13281916005358985 0.1445004272833903 0.13583722331110112 0.09369623243349338 0.1575157534437437 0.09213307320231207 0.1630046679733213
0.11466095980285983 0.10290754975872216 0.16571123351154154 0.09297289286322184 0.14202582949585169 0.13194361344272934 0.1382104496892074 0.11156747143586622
0.10737050693751846 0.0833486957025216 0.2397824252917505 0.12794336199821985 0.10267386247712304 0.08108482117854296 0.14264730061592568 0.11514902579839785
0.09358161716722972 0.15489036292625652 0.15252364428986911 0.15596280041574895 0.08331564856868585 0.1400218077856765 0.07933759847235924 0.14036652037417402
0.10771735095118289 0.07744799802986888 0.2449229428487231 0.13303707147298519 0.09170936122606521 0.08190673192145813 0.1472775068809604 0.11598103666875634
0.08179856246510628 0.13345089179587158 0.13432392272237104 0.13634789344715872 0.09456563946091552 0.16341617719913074 0.0924794407728555 0.16361747213659047
0.08713301246646918 0.17107006733299585 0.12282500458980354 0.15437594599101281 0.08085383134620394 0.16627341435574025 0.07853037252586303 0.13893835139191152
