Action: 0
[0.11533996797711518, 0.10634614256001473, 0.2152833598751832, 0.10634614256001473, 0.13764595934761287, 0.10634614256002979, 0.10634614256001473, 0.10634614256001473]
[0.10791952102615428, 0.10791952102615428, 0.1366438317907658, 0.10791952102615428, 0.21583904205230856, 0.10791952102615428, 0.10791952102615428, 0.10791952102615428]
[0.24410546806559852, 0.10636772913939473, 0.11529714864622587, 0.10636772913939473, 0.10875873759120197, 0.10636772913939473, 0.10636772913939473, 0.10636772913939473]
[0.125, 0.125, 0.125, 0.125, 0.125, 0.125, 0.125, 0.125]
[0.1375725068870826, 0.10676065831108614, 0.1149963638232473, 0.10676065831106993, 0.10686713833930711, 0.21352135770606692, 0.10676065831106993, 0.10676065831106993]
[0.21708831132112702, 0.10767289884359788, 0.13683291966266264, 0.10767289884359788, 0.107682083495606, 0.10770509014621286, 0.10767289884359788, 0.10767289884359788]
[0.125, 0.125, 0.125, 0.125, 0.125, 0.125, 0.125, 0.125]
[0.125, 0.125, 0.125, 0.125, 0.125, 0.125, 0.125, 0.125]

Action: 1
[0.10758182428936515, 0.10950686398499161, 0.10758182428573365, 0.10758182428573365, 0.13690589817660048, 0.2156781164061081, 0.10758182428573365, 0.10758182428573365]
[0.1111111111111111, 0.1111111111111111, 0.1111111111111111, 0.1111111111111111, 0.1111111111111111, 0.2222222222222222, 0.1111111111111111, 0.1111111111111111]
[0.10682953383161291, 0.1068296833432572, 0.10682952118970378, 0.10682952118970378, 0.11495190706243884, 0.24407079100387594, 0.10682952118970378, 0.10682952118970378]
[0.125, 0.125, 0.125, 0.125, 0.125, 0.125, 0.125, 0.125]
[0.10683495300844631, 0.10683495300844632, 0.10683495300844631, 0.10683495300844631, 0.13726218095101952, 0.22172810099830262, 0.10683495300844631, 0.10683495300844631]
[0.10790868626670468, 0.10790868626670468, 0.10790868626670468, 0.10790868626670468, 0.24456340384804237, 0.10798447855172959, 0.10790868626670468, 0.10790868626670468]
[0.125, 0.125, 0.125, 0.125, 0.125, 0.125, 0.125, 0.125]
[0.125, 0.125, 0.125, 0.125, 0.125, 0.125, 0.125, 0.125]

