0.125 0.125 0.125 0.125 0.125 0.125 0.125 0.125
0.6144272078797297 0.15501557821847417 0.06771921688603066 0.016141586338187075 0.10514100087861725 0.02786190832970746 0.010948206385900796 0.0027452950833528524
0.7327131374854138 0.07383014114753456 0.08564520227786997 0.00835524122413569 0.08091904648155655 0.008433845359680966 0.009180308173315093 9.230778504932136E-4
0.4622969869970959 0.14420628352539014 0.14362451074103808 0.04452177687092054 0.1195613358190947 0.037625118220815136 0.036697682698258585 0.011466305127386927
0.658480832556939 0.14567938049060072 0.054403196687599256 0.011549386721997618 0.09782320443517373 0.02258477479131922 0.007764022970727231 0.0017152013456433125
0.3543896463250702 0.2415218877311247 0.07007673873532536 0.047342762886904734 0.14209253022734897 0.09794408798257596 0.02771445937389249 0.018917886737757364
0.6223309576553502 0.15381771581225523 0.06789116379678137 0.015984577997517967 0.10085273406340879 0.026045144502665228 0.010498066702731257 0.00257963946928979
0.6898377831494622 0.06930898368551301 0.1293054708216805 0.012585605146296624 0.07587999483451652 0.007880926664598642 0.013816043229746517 0.0013851924681859131
0.6496017214459475 0.1324411927878546 0.08003924682043556 0.015951583542133715 0.090060751586479 0.01885060208505791 0.010842132683800949 0.00221276904829083
0.45381675858354326 0.1339391799173468 0.1391041122036542 0.040654534312065935 0.13755853463626122 0.04104512423551861 0.04160220997515923 0.01227954613645071
0.5856124413754664 0.12967597713787787 0.06903708323740212 0.014666247591606191 0.14679604630448814 0.03394048065800576 0.016599840343143258 0.003671883352010367
0.6380487398057841 0.14082703490642162 0.07408408439257799 0.015820345600696905 0.09607924528339577 0.02197740459646719 0.010784828316975841 0.0023783170976805048
0.6903330611611157 0.0685405246908263 0.13042495949736227 0.012563912056551376 0.07523126905938986 0.0077123865695503955 0.013823679850467273 0.0013702071147370406
0.6497251050753686 0.1323427836614993 0.08010937327838333 0.01595231269754689 0.08999843101367039 0.018817982686567602 0.010843068977187035 0.002210942609776769
0.4457221913489124 0.14250982427651487 0.1480519645564498 0.0469297209445387 0.12345763826088399 0.03991078718189565 0.040462265613750714 0.012955607817053915
0.6370764892817035 0.14123808374205563 0.07541545315481223 0.016027702021412696 0.09504666093287541 0.022010841351322974 0.010794914533733099 0.0023898549820845043
0.4533925189672429 0.13447397832732755 0.1500863785799974 0.04409017073241278 0.12645244900042038 0.037969104366603834 0.041273654558124484 0.012261745467870651
0.5869212625357012 0.1292798109449189 0.06967375362684326 0.014723919251747701 0.14565398326676132 0.03350089613796563 0.01659478834635931 0.0036515858897024204
0.6381889530002379 0.14073705130665023 0.0741571054557325 0.01582379885402314 0.09599439530113629 0.02193749294980718 0.010784876152417019 0.002376326979995534
0.3894504431055138 0.26476167472477735 0.07134786000619164 0.04803854589977809 0.11372214998702342 0.07818253803391982 0.020531824726948665 0.013964963515847176
0.6441715334422027 0.1577105079971922 0.04965084933982516 0.011604411139960183 0.10158990963975767 0.02594556310053297 0.007501095174519829 0.0018261301660093328
0.44384279358766054 0.13818215983931936 0.14572242464345087 0.044941270557151525 0.13065536921463072 0.04115848677055921 0.04230872570372907 0.013188769683498707
0.6367962797697256 0.14118905808854817 0.07523547711246309 0.015991025809570177 0.09546465252913947 0.02211267795576601 0.010815768232188362 0.002395060502599028
0.4535230447636641 0.13452183434380285 0.0830983194814809 0.024396024117282734 0.19843686135382102 0.059541379307574964 0.03584791982172351 0.010634616810649901
0.5966464767893127 0.13622983850959153 0.047166985848431466 0.010335445942794844 0.15748440754187737 0.03749627793059874 0.011922971510618822 0.0027175959267747066
0.6366179798809054 0.14200341155600757 0.0730478473625961 0.01577635854119292 0.09698879214684193 0.022401979874610196 0.010765202348456559 0.0023984282893893174
0.4444813180695124 0.13192633552326194 0.15865349655489983 0.046668683853615715 0.12419289369617605 0.03731912903926105 0.04374379822526853 0.013014345038004315
0.6380992319304752 0.1401610655171093 0.07602163758242242 0.016014928932501837 0.09475264263494651 0.021743310794715823 0.010830340570217808 0.0023768420376110355
0.3556711440044887 0.23230868028316282 0.06520066889985554 0.0421649122115729 0.15549160569761086 0.10269741362569748 0.02810566472802319 0.018359910549588587
0.6218225244952528 0.1537615660914679 0.06750723993760052 0.015902330683048728 0.10163713713319737 0.026257645379437086 0.010524383862335394 0.0025871724176602293
0.6898156472165324 0.06932984323408323 0.12925192674769162 0.012584220173024501 0.07592582619978022 0.007888656680247692 0.013818017173723616 0.0013858625749165107
0.6925706230183558 0.06442712430971177 0.13652927827052916 0.012415202294247484 0.07201687651378497 0.006877883166998991 0.013871295911231724 0.0012917165151399694
0.6503691890625056 0.13182167443433476 0.08047813830522059 0.015955330668674383 0.08967750307833482 0.01864843151576599 0.010848344719345548 0.002201388215818259
0.6907555917944475 0.067923785676652 0.13141781879399542 0.01255311889470777 0.07460505672744035 0.007566683611233158 0.013820815705837786 0.0013571287956861263
0.6926342124637472 0.06431912579086775 0.13672233220221397 0.012413170678381557 0.0718992530278009 0.006853108142476083 0.013869487378433291 0.001289310316079173
0.7160333528981627 0.06620778855210238 0.0886134525819104 0.00801462152848158 0.09871709060305055 0.009364677579520033 0.011943384470062565 0.0011056317867096303
0.6923087965778186 0.06513517621968813 0.134354296263531 0.012377007606922532 0.07348613953106498 0.0070916511827595775 0.01393402158908362 0.0013129110291313726
0.7158919132755287 0.06629201948130825 0.0884845681537084 0.00801388218657012 0.09887076942199541 0.009394378490692709 0.011945058748249035 0.001107410241947545
0.6923030551630138 0.06514292524088065 0.13433941184052767 0.012377024713649423 0.07349649838162763 0.007093679135968455 0.013934302183849731 0.001313103340482787
0.6927244990209448 0.06414742296427961 0.13699249504823457 0.012407279432709828 0.07175423531350511 0.006817939563747479 0.013870224608303047 0.0012859040482755648
0.6504167017080758 0.1317841217635815 0.0805055943467654 0.015955663623492114 0.08965274572176699 0.01863585316145541 0.010848643566157145 0.002200676108705716
0.690757262933077 0.06792128096535567 0.1314218291550604 0.012553069482014054 0.07460257230933927 0.007566102043619006 0.01382080698275646 0.0013570761287781982
0.6926343287083299 0.06431892950434795 0.13672268659810582 0.012413167193895664 0.07189903555928501 0.006853062787098376 0.013869483745006987 0.0012893059039304428
0.6503888860418673 0.13180643044721044 0.08048956975473055 0.01595550800240589 0.08966688606082938 0.018643189513783704 0.01084843908213711 0.0022010910970357684
0.36247090243799407 0.22633027030104874 0.06668146904248647 0.04123158838743468 0.1574595042287015 0.09939601479920508 0.028581903380190826 0.01784834742293862
0.6974770701653982 0.0782717972280265 0.07597517400374319 0.008124547697286521 0.11368847993604586 0.013329911721330688 0.011814676947083888 0.001318342301085257
0.6916367483890546 0.06607261916386027 0.13269363787967203 0.012386784284645114 0.07459618231558061 0.007324952255669724 0.013954428961095689 0.0013346467504221728
0.6500029191497072 0.1320920942949235 0.08026078807928563 0.01595023261296834 0.08989187284311823 0.0187471805861949 0.010847894919280685 0.0022070175145213586
0.6907425231063427 0.0679428468394147 0.1313864169379147 0.012553422794556077 0.07462505126608006 0.007571228600863021 0.013820970258526936 0.0013575401963019204
0.670235804694509 0.13641509972781377 0.08268655895926062 0.016454157660408475 0.06957592765312287 0.014535236698173602 0.008388139547012143 0.0017090750596995073
0.44688248838930916 0.14256978111268548 0.13750474692339532 0.04347739454232653 0.13322078050529265 0.0428971527154842 0.0405260882293207 0.012921567582185758
0.5849622629343838 0.13035019380368196 0.06878952460426303 0.014694355999011682 0.14679874949522384 0.034166267429591425 0.01655506135197629 0.0036835843818678656
0.707657536048857 0.0713038906521038 0.08213816665675026 0.008006845401629426 0.10659678669078755 0.01113186737851791 0.011960811535704021 0.0012040956356501422
0.7365134171703571 0.06978695422093614 0.08884053368466578 0.008234947765372131 0.07879996441301998 0.007666224581205073 0.009277650282909042 8.803078815348022E-4
0.5155035333952399 0.14789591051350356 0.0962453249664459 0.027435280251764477 0.13943348569403433 0.04035483922037135 0.025737043117387646 0.007394582841252912
0.6362823745920447 0.14219602111963384 0.07395212527543289 0.015908104142428155 0.09614712620008808 0.022353331830340026 0.01076027589286555 0.0024006409471667898
0.4532943935526193 0.1400535327452618 0.13835397185774675 0.04232118427219004 0.1324359167122584 0.041395346939979975 0.039832639871235656 0.012313014048708212
0.6573574854712929 0.14600002108577018 0.05401463959449879 0.01150581331566838 0.09871958767914098 0.02289400634615179 0.007782300185405836 0.001726146322071001
0.4483014301987281 0.12800520469370077 0.14770011276056305 0.04177186084978202 0.13720574015480072 0.03963560834994327 0.04462502491312455 0.012755018079357588
0.6582123809240346 0.14498986204549233 0.05435655527397578 0.011486958459742222 0.09870684607152586 0.022709892539094396 0.00781691908935631 0.0017205855967784315
0.45751162665226774 0.13057708773034066 0.15077127060093307 0.042623001826523725 0.1280168393911719 0.03699343765851378 0.04160988132832048 0.011896854811928568
0.6381373187266461 0.14012175787711614 0.07585004304526574 0.015986102420316957 0.09493414333161224 0.021762099322772798 0.010832006813323688 0.0023765284629464144
0.36522917067146093 0.23855602820167748 0.07256280684756705 0.046958442765236794 0.13937639466625923 0.09216579832666404 0.027290416653299145 0.017860941867835482
0.6234074413557256 0.15305650227171053 0.06838203649073213 0.016000188691008162 0.1003407196396079 0.025738418565536814 0.010509015449480588 0.0025656775361982908
0.46007786895323505 0.1429362974658502 0.09097897832162556 0.027990293162025687 0.17706962791476166 0.05572813748837862 0.03448334973871077 0.010735446955412398
0.6324645100176931 0.1439657816588259 0.07221829461531584 0.015772942719165167 0.09883959811065952 0.023465580931655506 0.010815968671299966 0.002457323275385024
0.7335736009444881 0.07309767206454176 0.08639425510364404 0.008348238719902798 0.08022948577431589 0.008258512698674997 0.009184633348947499 9.136013454849951E-4
0.6484444446903171 0.13364852664265744 0.07885847340572832 0.015922251810707142 0.09088468885739771 0.019187155251015785 0.010822374261422636 0.0022320850807540484
0.44557026352819407 0.1370174781035555 0.1595896959494387 0.04866691741162696 0.11792308924271463 0.0366937365747313 0.041687300361052705 0.012851518828685984
0.6381905420572036 0.14035553263725123 0.07609736352678502 0.01604903801222673 0.09443156975900581 0.021694314774454146 0.010807393616120538 0.0023742456169528504
0.7107129112381182 0.0704849765308464 0.08402186253078803 0.008084582250724393 0.10310737062348382 0.01055857328693294 0.011855876340598636 0.0011738471985078159
0.6920985267406284 0.06544929099692191 0.13380872302040991 0.012381855570110798 0.07383575096322537 0.007166718427121262 0.01393916436633862 0.001319969915243628
0.7158542837381159 0.06631659431002997 0.08845126218578768 0.008013897387661572 0.09890847505615212 0.009402411075669035 0.011945192044263636 0.0011078842023200903
0.7142239427565782 0.06720789775994074 0.08661836129817478 0.007980605474035283 0.10110209463341 0.009758476380863981 0.011979675009779879 0.001128946687217159
0.6922283503744401 0.06524166861629561 0.13413875030880204 0.01237658504678317 0.07363962121648575 0.007120498757142628 0.013938859868303911 0.0013156658117470003
0.7158770203556934 0.06630121592027806 0.08847148227996332 0.008013846352854601 0.09888614794834599 0.009397520174745088 0.011945171102819438 0.001107595865300153
0.6923024602551737 0.06514373731459817 0.13433787769115246 0.012377028134704713 0.07349755542187006 0.0070938889946929274 0.013934328993715914 0.001313123194092103
0.6927244553930342 0.06414749352222521 0.13699236165469858 0.012407280278998942 0.07175432036765865 0.0068179565378761004 0.013870226539255927 0.0012859057062525505
0.6927866583125953 0.06404469872113175 0.13719991444537014 0.012406661040747382 0.0716197390138155 0.006792516368506057 0.0138664255540985 0.001283386543735298
0.6504372936321762 0.1317685799130415 0.08051765250768753 0.015955898727406003 0.08964116987347949 0.018630339920290243 0.010848702983062364 0.0022003624428565344
0.6907579930551844 0.06792020669596181 0.1314235812737351 0.012553050951173917 0.07460146669238812 0.007565848179291849 0.013820800002789672 0.0013570531494750625
0.7381097236994609 0.06854173826991403 0.0910621657817021 0.008267599952570374 0.07661950996450834 0.007302983804294241 0.009237557254521392 8.587212730285336E-4
0.46250447905309644 0.1325677400948281 0.15592942181632763 0.04442919739536905 0.11903925606385642 0.03442647736256757 0.039699594813124635 0.011403833400830246
0.638876968757387 0.13981725235279777 0.0762676875733737 0.016026158965133187 0.09429582336576932 0.0215358775672841 0.010815374575910891 0.0023648568423442705
0.6903983495332674 0.06843862534344593 0.13062925235102738 0.012564232024695284 0.07509527779449617 0.007686033988731377 0.01382047472204572 0.0013677542422906807
0.6926107188250044 0.06435874019984915 0.13665147449549522 0.012413903222102412 0.07194257921842495 0.006862224144072048 0.013870165009363746 0.001290194885688042
0.7160286366622004 0.06621089457178861 0.08860923783481088 0.008014624880554237 0.09872182789430585 0.009365685932310278 0.011943400691184762 0.0011056915328449555
0.6923086069999317 0.0651354401976107 0.1343538050008059 0.012377009325014992 0.07348647330670398 0.007091718328247423 0.013934029460667725 0.0013129173810176207
0.7158918792239469 0.0662920411010044 0.08848453815737353 0.008013882152237386 0.09887080404478271 0.009394385715561759 0.01194505893671907 0.001107410668374161
0.7142273354887625 0.0672059136584635 0.08662109492074144 0.007980617502896215 0.1010987112988566 0.009757768872469175 0.011979651960411454 0.001128906297399324
0.6475331694296688 0.1337593709239101 0.07842380404580161 0.0158591956169906 0.09184626042157248 0.01946465394993517 0.010865716725236852 0.0022478288868842335
0.3556456408571905 0.2408828607445677 0.07640904844843016 0.05133295214149111 0.13508311133431336 0.09255638478837373 0.028642176310973603 0.0194478253746596
0.6232090473048579 0.15328214021765593 0.06843181270504749 0.016032780044718368 0.10021348993553321 0.025760019449232206 0.010502192578551395 0.0025685177644034847
0.4919751695479445 0.14685372634518717 0.09728537833912604 0.02874853842534714 0.15117299171082468 0.04567139029950332 0.029483717814393903 0.00880908751767319
0.6349690568216395 0.14280743071947527 0.07341793494564532 0.015870527590333482 0.09700935166691702 0.022726707429694203 0.010778971598129967 0.002420019228165359
0.4577067698271627 0.1359024780922755 0.15136743169995354 0.04451245067457644 0.12213628787922409 0.036733750904581676 0.03979887042070407 0.011841960501522137
0.6381376359617519 0.1403724658009216 0.07588225852114912 0.01601810100335134 0.09466604439138296 0.02173893248316887 0.010809326139200002 0.002375235699074204
0.6903729204931014 0.0684761530467214 0.13056935680838144 0.012564925696311749 0.07513268972908271 0.007694828647778291 0.013820583376976225 0.0013685422016469504
0.6497391879566956 0.1323323784691998 0.08011768560095771 0.015952505520273417 0.08999023897810199 0.018814187197650045 0.01084308948776497 0.002210726789356467
0.4453654879212763 0.14239493736677833 0.13652028007051742 0.04324727479388519 0.1349854553991507 0.043605856746855264 0.040826363727580785 0.013054343973956089
0.6359771456777737 0.14185259549705037 0.07471292893650724 0.015973035725050797 0.09592440822795661 0.022348875022096662 0.010804660843268678 0.0024063500702959364
0.4441769018360819 0.12650851357550671 0.15861052092259054 0.04475720970256645 0.12974353711687828 0.03741040446762643 0.04573918527348841 0.013053727105261289
0.6381484165587743 0.13987096455365988 0.07602039281856877 0.01598386660440621 0.09499301440807491 0.021752157731771343 0.01085373800430144 0.0023774493204429016
0.41663595865861464 0.2508663794998907 0.07637711315031048 0.04550619270364274 0.11088825148956089 0.06764754969782491 0.020012547581690028 0.01206600721846544
0.6274556122294762 0.15110094482266817 0.07015135079203157 0.016146287063165392 0.09764266908738947 0.024519810129355554 0.01047407842478787 0.002509247451125921
0.6404272218943742 0.1405282284292051 0.07523593600903418 0.016000023536014443 0.09356984289646579 0.021216156605434865 0.010683165580698034 0.002339425048773281
0.39872051958619525 0.2603960951700284 0.079229027538109 0.05126813186003891 0.10598136501783198 0.0700629237983698 0.02075873774524543 0.013583199284181143
0.6266059564394781 0.15195469947332507 0.06991840034856685 0.016192508896958856 0.09765642386948999 0.02470394275813055 0.010447996457202664 0.0025200717568480803
0.4395352092611633 0.1364107971513818 0.14500771323256723 0.044569310108834435 0.13471710625472233 0.042294702263736675 0.04384598119168215 0.013619180535912153
0.6365025447454706 0.14125797678193264 0.07509789180059988 0.01597360918364943 0.0957388438631109 0.02220221648326673 0.010826984609026681 0.002399932532943202
0.64146582328892 0.13961088307744335 0.07575651067670394 0.01599431421085665 0.0931967680540581 0.02094697391031341 0.010703179048262438 0.00232554773344207
0.6904532177994961 0.06839856596698801 0.13069828459150923 0.012565573812108962 0.075027494967632 0.007671832185195856 0.01381840195808141 0.001366628718988655
0.7156298330360529 0.06649363324632672 0.08824998910389757 0.008016513058098352 0.0991043853233642 0.00945236996570497 0.011942463216523385 0.0011108130500319725
0.6922925375156715 0.06515835910580324 0.13431200582330496 0.012377224232804915 0.07351436470887467 0.007097432951785532 0.013934618134975704 0.0013134575267794465
0.6501750240944896 0.13196108904569873 0.0803599152797881 0.015952003397776606 0.08979776369892686 0.01870118662212403 0.010848593009837747 0.0022044248513584225
0.46742991136369416 0.13235984243401253 0.14330563779787203 0.04017209565930465 0.12943477947940238 0.03709447452141259 0.039117567440728855 0.011085691303572707
0.6380005048463795 0.14032065900392224 0.07563297104294625 0.015974156895424575 0.09505708206358825 0.02181372911962727 0.010822743309926228 0.0023781537181857596
0.6903637459634542 0.06848510309177959 0.13054360320024752 0.012564218013917355 0.07515455984652238 0.007698269508216885 0.013821647716128604 0.001368852659733646
0.6926082462314375 0.06436274156669733 0.13664394292068024 0.01241395149375477 0.07194737339853012 0.006863185657259941 0.013870270263400474 0.0012902884682394207
0.716028134668807 0.0662112187437066 0.08860879044850721 0.008014624726913043 0.09872233759921645 0.009365792812774155 0.01194340313255885 0.0011056978675164405
0.6923085868395435 0.06513546809677204 0.13435375281466447 0.012377009485859092 0.07348650892400539 0.007091725461042234 0.013934030322228712 0.0013129180558843696
0.7382835855757655 0.06836552999123649 0.09125215967941164 0.00826454084530753 0.07647247118554351 0.007266168509620895 0.009239007932712422 8.565362804020682E-4
0.7153595875815165 0.06692526846062158 0.08731607297592063 0.008007663513883666 0.09978556271238527 0.009555813708651807 0.011932763081647209 0.0011172679653733888
0.6922682150567215 0.06519842820230981 0.13423327901349905 0.012377543796494564 0.07356501146691982 0.007107232003464454 0.013935872866320819 0.0013144175942698948
0.6501671512920955 0.13196705914656828 0.08035531497219228 0.015951916952996477 0.0898021534805741 0.01870329244591974 0.010848567211896556 0.002204544497757286
0.4365294169520426 0.1288034291122164 0.15645847572706856 0.045771992247103 0.13227528999145027 0.03945736423637666 0.04685777082427654 0.013846260909466014
0.6374923415176316 0.14032439687479914 0.07572626696085102 0.015980371118429808 0.09531051811396238 0.02192676495265759 0.010852392468582809 0.0023869479930856085
0.6903527907216531 0.06849219004666948 0.13052985024750913 0.012563836977384005 0.0751689575412982 0.007701069906384399 0.013822226636733199 0.0013690779223686125
0.649734816367136 0.13233537573800325 0.0801151567137571 0.015952421546762224 0.08999295216740628 0.018815384660946545 0.010843098879505087 0.0022107939264833596
0.4450557268564775 0.12605073715710088 0.1594933515894319 0.04477541588820964 0.12901681059182804 0.03696832867575345 0.04567824956062958 0.012961379680569046
0.6382867058175679 0.13977369332839717 0.07609329571776036 0.01598617208241651 0.09491680914144175 0.02171358175659452 0.010854271660923674 0.002375470494898151
0.6903792217023209 0.06845428211934103 0.1305905103947952 0.012563185411957537 0.07513040854459295 0.00769206290906383 0.013822055460394061 0.001368273457534672
0.6701572551838003 0.13648824554270428 0.08263639155468669 0.01645372724657718 0.06961279672000564 0.014553582073650952 0.008387882828687078 0.001710118849888011
0.4964531869394849 0.1522176905226846 0.09928959635676465 0.030182562828996104 0.1414792674469117 0.04380873860511977 0.027985118728800443 0.008583838571237639
0.6025856736332698 0.13544445372184383 0.04871741268455843 0.010525760096397208 0.15250998843693775 0.035699489355848664 0.011857173442957048 0.002660048628187461
0.6888379556224207 0.06990100864578713 0.12681035439831956 0.01246409051966364 0.0783742833564745 0.008232672505803874 0.013964223122888928 0.0014154118286414377
0.6493462495692028 0.13260352378332954 0.07988755694663363 0.0159449840741048 0.09023519723892803 0.01892175718854034 0.010843941818718233 0.0022167893805424546
0.3680570327068344 0.22065778541062728 0.06768393091740964 0.04016953709455332 0.1599917807188323 0.09700607813929989 0.02902881885444257 0.017405036158000608
0.6230558831206342 0.1525685523927031 0.06803740332841605 0.015879830968558453 0.1013832434683296 0.025938704980796378 0.0105638318285629 0.0025725499119990834
0.37512675468667056 0.2274952743059572 0.06840549647257126 0.041025766861539546 0.1513138985685614 0.09299152318533843 0.02715655166282193 0.016484734256539475
0.6425343913005305 0.1571280043784857 0.04908127411438509 0.011444130743808451 0.10386229719411685 0.02653169143427033 0.007575734793464246 0.0018424760409389625
0.45222703430039457 0.12990452689758641 0.16023722285666403 0.045598183068363704 0.12177363452514503 0.03545448762755307 0.04254670030685755 0.012258210417435625
0.6387026156470811 0.13975287461673974 0.07628404856031734 0.016017842522496783 0.09446027864372561 0.021583529008113556 0.010830749111600167 0.0023680618899256695
0.4533514034423308 0.1289580021129876 0.16202659423895918 0.04566728810226416 0.12059561626661164 0.03475441809039193 0.04251814388287289 0.012128533863581828
0.6389404101756408 0.13957786402472167 0.0764140932117026 0.016021417245031627 0.0943318669392137 0.021517513448374905 0.010832176464463474 0.0023646584908511114
0.690402296275881 0.06842802453111503 0.13064269810803408 0.012563627140360892 0.07509055169725759 0.007684321227278176 0.013820891939822449 0.0013675890802508116
0.6926110650386169 0.06435805238657916 0.1366525966903308 0.012413880788624621 0.07194197555492159 0.0068620828211466145 0.013870165687030691 0.0012901810327497452
0.7160287095964308 0.06621084411659678 0.08860930380815821 0.00801462464270614 0.09872175637987357 0.009365670170965632 0.011943400687871635 0.0011056905973975157
0.6685544805957426 0.13786123640240777 0.08108995951058416 0.016372710344794806 0.0709650390692175 0.015009846747979847 0.008409957657269387 0.0017367696720038638
0.46040646268156615 0.14700845209828087 0.1415532654057885 0.04479258893929669 0.11968984286667764 0.0386160854581407 0.03632896932448511 0.0116043332257641
0.6580994000034988 0.14598983228277657 0.05427644650270027 0.011550684405958885 0.09793337716734654 0.022674063974918068 0.007757923293946203 0.001718272368854994
0.4404215626854339 0.14184349787644318 0.1451331499162956 0.04633470836604715 0.12887782093964129 0.04196547792414854 0.04190950456051106 0.013514277731479127
0.6572500266307717 0.14612784167439388 0.054099817676185505 0.011526491100896243 0.09858545504439388 0.02290228987922179 0.007780644265868173 0.0017274337282685798
0.45737339264253957 0.13059953520977008 0.08338959171202694 0.023568027942963792 0.20069557934368387 0.05797825156152162 0.0360884058027087 0.01030721578478548
0.6317747616341064 0.1438128249654694 0.07170688769965822 0.015672171254583225 0.09996922983477184 0.02372498029880548 0.010868795941561486 0.0024703483710440182
0.6901300303153627 0.06879694578118802 0.1299799102933089 0.012564627547598408 0.07554376350667212 0.007779844845912462 0.013828736981265653 0.001376140728691811
0.6925918426451124 0.06438932175206342 0.1365941292090225 0.0124142841697292 0.071979009248219 0.006869555249221717 0.013870949781509738 0.001290907945122053
0.6927759101669179 0.06406345769413824 0.13716616166911405 0.01240703014472861 0.071640106417864 0.006796781611954617 0.013866747808248954 0.0012838044870336469
0.6927912394564043 0.0640371569254273 0.1372143770569104 0.012406574378668683 0.07161053625612343 0.006790701996991268 0.013866205808127433 0.0012832081213471074
0.6927925292577081 0.06403497285904877 0.13721843224149885 0.012406540176858256 0.07160802085536122 0.006790191144414315 0.01386615548325148 0.0012831579818589117
0.6927926378016175 0.06403478987301076 0.1372187733017603 0.012406537408472354 0.07160780853863938 0.006790148182588196 0.013866151128969098 0.0012831537649424772
0.6504391920245903 0.1317671309754493 0.08051875901389965 0.015955918308729812 0.0896401228777154 0.018629833050479244 0.010848710092014298 0.0022003336571221224
0.4451410285866026 0.1313285268838337 0.1478939257974404 0.04323676508036783 0.1348602563564364 0.040223046793485054 0.04425061001017588 0.013065840491657993
0.6371625592938022 0.1406618537813572 0.07540580928594236 0.015964714586137442 0.09553906579362909 0.022033091447116977 0.010841680031724407 0.002391225780290207
0.38163345163250373 0.22989985487160833 0.06993437594250847 0.04168581071532302 0.14574054931303795 0.08895593692681324 0.026290948157155734 0.015859072441049456
0.6242519921377274 0.15221099820101183 0.06861099155483075 0.01595638815828039 0.1003286467322582 0.02555012613961033 0.010535741235956528 0.0025551158403246633
0.45670796005479286 0.1308156756692925 0.09750381338994789 0.027659179237466178 0.18402519125072017 0.053412067004912786 0.03874926753404411 0.011126845858823444
0.5990066835491328 0.1353350974127486 0.047901572674246884 0.01038767395377028 0.1559661491428951 0.036758478481580766 0.011948439065672696 0.0026959057199528558
0.706940111242663 0.07184611536190744 0.08121140007241733 0.007992620707579477 0.107530423870864 0.011314717322608145 0.011951385522607919 0.0012132258993527863
0.7134507472198726 0.06765673463941202 0.08600068975420881 0.007977599416198439 0.1018715885846121 0.009919691265522338 0.011984854669082633 0.0011380944510908848
0.6474359519172198 0.1338272079195089 0.07837117314564784 0.0158576631092394 0.09190201880605739 0.01949111551476588 0.010865601252352633 0.0022492683352079794
0.4648737581693278 0.13180554631450653 0.09256531027909137 0.025997003882429398 0.1850015769489851 0.05309576808946783 0.0363406205883675 0.010320415727824493
0.6331011401904404 0.14311845106574525 0.07247974888256856 0.015734619594214933 0.09893857796445964 0.023319922731897657 0.010856644689798368 0.0024508948808750273
0.3598611889109609 0.23554386410217418 0.07136316755750582 0.04627247952909871 0.14447841740930112 0.09572446981721205 0.02824037914247186 0.018516033531275358
0.5869973674106115 0.14443136386612687 0.0447772902365817 0.01049690778063176 0.15826606072935717 0.040691370649074084 0.011520967172686969 0.002818672154929838
0.6883611945498797 0.07055348564662739 0.1258123777786671 0.01247376287605328 0.07901746418032905 0.008390950345918344 0.013961979938056581 0.0014287846844683778
0.692468318077811 0.06457300507579272 0.13622339597338687 0.012414514905123958 0.07222988629898684 0.006916975960609604 0.013878391152112118 0.0012955125561767786
0.7383674056084141 0.06829795628432779 0.09135106232326103 0.008264951853697213 0.07637723695858571 0.007248407256610098 0.00923752615177835 8.554535633256823E-4
0.45822212668263584 0.12591237069937408 0.09270253993631321 0.02531782519848311 0.19434681430159875 0.0538471844430614 0.03893698808247913 0.010714150656054251
0.6328390603719739 0.14297063113273795 0.072355931977558 0.015698107072933468 0.09938205872198413 0.023411931162915952 0.010885829447103508 0.0024564501127931878
0.3911644631285887 0.2560405832292879 0.07155405614759816 0.046365873869119945 0.11981023406088716 0.07932217972104916 0.02160052292055085 0.01414208692291821
0.6251434410226883 0.15264594491872174 0.06909864772687359 0.01610565241807193 0.09882693846427505 0.02517941307219912 0.010459988913953588 0.002539973463216679
0.4508976009749587 0.12913221807943578 0.09629101036770034 0.027311342716147578 0.18982390291715626 0.055058801319896454 0.04000481951091623 0.011480304113788576
0.6326627542939396 0.14318925756536044 0.0723781275562468 0.015719417999036502 0.09927508545798087 0.02344178403283818 0.010875477280509785 0.0024580958140876983
0.4617460798266259 0.13168841293574124 0.1525975473493144 0.04308733397028088 0.12349124534423013 0.035693825351061775 0.04020376614132349 0.011491789081422062
0.7077983540569532 0.07079142418236564 0.08429782900465614 0.00809439611528573 0.10487517942144382 0.010947861600206839 0.011996164913597446 0.001198790705491135
0.7136575301991147 0.06754009333964088 0.08618492500838107 0.007979295884527445 0.10164392375180131 0.009876451529575404 0.01198221651516345 0.0011355637717958703
0.6922069310687168 0.06527049305241614 0.1340848880176333 0.012376708314198936 0.07367687677421397 0.0071279633948882195 0.013939772249830389 0.0013163671281023756
0.7158732556186304 0.06630359217021822 0.08846817479365314 0.008013841547047453 0.09888998186203773 0.009398318025478686 0.011945193069249585 0.0011076429136849988
0.7142256574683988 0.06720687699423832 0.08661974740499614 0.00798061020467205 0.10110039893863201 0.009758117462080163 0.011979665323494237 0.0011289262034880462
0.7369335775264247 0.06945497920667319 0.08925113334566924 0.008234927058748181 0.0783952557792572 0.007580326669538033 0.009274405927028303 8.753944866610087E-4
0.47141031156215213 0.13521691986006515 0.14671647307760063 0.04181425912536403 0.1215391715278064 0.035178595670818526 0.0373829065379427 0.010741362638250429
0.638515921982812 0.14017700831792362 0.07592755343643134 0.01601036757722381 0.09454415578778141 0.021649928331698223 0.01080532635936398 0.0023697382067654565
0.6903829336811794 0.06846331301444934 0.130588247840666 0.012564674941123437 0.07512023697227276 0.007691730964663809 0.013820588456564205 0.0013682741290811052
0.7156209222980348 0.06649902768840354 0.08824245264872474 0.008016487314842141 0.0991134201368691 0.009454244725319383 0.011942523423498932 0.0011109217643072253
0.7142029544589364 0.0672210857201107 0.08660125027367796 0.007980600207814178 0.1011222720329925 0.009762921274850239 0.011979716091795458 0.0011291999398224677
0.6922275372264249 0.06524278624940313 0.1341366785155949 0.012376591817356014 0.07364103622636668 0.007120784355320429 0.013938892905855706 0.0013156927036779757
0.7158768761315173 0.06630130741152993 0.08847135537205095 0.00801384620297106 0.09888629453958503 0.009397550771511857 0.011945171900640898 0.0011075976701931689
0.7142259834135062 0.06720668865222626 0.08662000939367577 0.007980611530101607 0.10110007215357365 0.009758049658526943 0.011979662865813728 0.0011289223325760352
0.7140540341110387 0.06729859502831256 0.08648017642194082 0.007979257474405432 0.1012817300968278 0.009793301260267728 0.011981951112028329 0.0011309544951784716
0.6922217616639927 0.06525028781170387 0.13412204983965872 0.01237658258558639 0.07365144440758775 0.00712279660285706 0.013939194376523342 0.0013158827120903647
0.6501553921945119 0.13197555180782908 0.08034849238377721 0.015951742082837318 0.0898090644121728 0.018706472415718916 0.010848560540716243 0.0022047241624363794
0.4431178749329993 0.13074810801583628 0.09529157424721901 0.027877722478069918 0.19252341122888114 0.05742954659357636 0.040920016981150074 0.012091745522267992
0.6320689016954358 0.14357603756952567 0.07211819433511907 0.015711789619670825 0.09957879771898956 0.023605398077422072 0.010874490051679155 0.0024663909321576928
0.6901457993152553 0.06877390366765158 0.13002444300189503 0.012564683464567976 0.07551365003089586 0.0077738317240875435 0.013828096164238168 0.001375592631408491
0.6925930783986668 0.06438730346402448 0.1365979578774396 0.012414260566492578 0.07197657420648507 0.0068690700349077274 0.013870894876299663 0.001290860575684077
0.6503761920144625 0.131816196278974 0.08048219604302678 0.015955386771633648 0.08967378983935621 0.018646572693184652 0.010848383464836114 0.002201282894526155
0.45386108571530215 0.1285058519177551 0.15078791462324181 0.04229463913928208 0.13151672403877596 0.037672064835846064 0.04313414157465126 0.012227578155145635
0.6379609125914858 0.14010854442540807 0.07577433691973579 0.015970972614419827 0.09514339674197138 0.02181821827941421 0.010843858461296207 0.002379759966268947
0.690365071128944 0.06847715975424609 0.13055253627198143 0.01256360295413444 0.0751534061523754 0.007697321802711058 0.013822148367611689 0.0013687535679959221
0.7156181975826349 0.06650051790159157 0.08824014289052297 0.008016465951922479 0.09911635236656773 0.009454807086536236 0.01194256160974536 0.001110954610478821
0.6477435111778581 0.1336213130817896 0.07854250907794656 0.01586371229116613 0.09171269572346531 0.019406685068945318 0.010864961519741787 0.0022446120590873244
0.6425064645118935 0.13878734354365146 0.07626226914664813 0.01599844157403262 0.09274854983131418 0.02066893672477326 0.010716485616593123 0.0023115090510934947
0.6904880518700467 0.06834594646545789 0.13077964266454215 0.012564401991906329 0.07497808418863892 0.0076598199721116065 0.013818499367507592 0.001365553479789084
0.7156355684192978 0.0664897594438901 0.08825506362613073 0.008016500579313746 0.09909877208047438 0.009451135742632674 0.011942459548128205 0.0011107405601325088
0.6922927670476343 0.06515803676805243 0.1343126001350682 0.012377221756858688 0.07351396372391188 0.007097351608579655 0.013934609119433377 0.0013134498404615276
0.6927237407765346 0.06414867792677637 0.13699016711567688 0.012407297878907974 0.07175569339826461 0.00681823576436723 0.013870254164210095 0.0012859329752623228
0.7384080933456304 0.06826228638239952 0.09139664233909953 0.008264792533794063 0.07633617666916434 0.00723984314740145 0.009237226355687952 8.549392268228054E-4
0.6928686573046895 0.06481236968649355 0.13532750836466254 0.012409257126888519 0.07247561472466744 0.0069394493490239064 0.013868779568852256 0.0012983638747223942
0.6927571601097908 0.06410426248605777 0.13708504834272262 0.012407687259168994 0.0716874275526962 0.006805919414352732 0.013867758686138758 0.0012847361490721425
0.6927892276566885 0.06404063723930707 0.1372078331852353 0.012406627784246218 0.07161458062430437 0.006791514679293519 0.01386629044796352 0.001283288382961573
0.7160653198656403 0.0661864017645687 0.08864215202351622 0.008014573407761866 0.09868520075362612 0.009357820145596517 0.011943306971234528 0.0011052250680560372
0.6478035541099172 0.13357771953623543 0.07857511776359614 0.015864473766186465 0.0916797615782636 0.01939048158746752 0.010865163637208235 0.002243728021125397
0.7112598736470781 0.07009583777194478 0.08442587480065289 0.008080489475832169 0.10266878137348147 0.010438513395253443 0.0118631840984629 0.0011674454372942083
0.6921189119028447 0.06541997745007438 0.13386002905724992 0.01238148171029351 0.07380212160221075 0.007159559157702861 0.013938617375730345 0.0013193017438935665
0.6501274334448152 0.13199775170297595 0.08033248485442974 0.015951562952134787 0.08982339295684787 0.018713867877456263 0.010848365750714796 0.002205140460625464
0.7114611125108095 0.06997365730755188 0.08458579515538858 0.008081098953935382 0.10247480926459998 0.010395606039526505 0.011862830595582876 0.0011650901726052419
0.6921266467037713 0.06540945122930861 0.13387963970419017 0.012381430083913203 0.07378864051331654 0.007156848664492635 0.013938295982631868 0.001319047118375815
0.7382575587624424 0.0683882789651545 0.09122328032767174 0.008264643713594873 0.0764985474478265 0.007271637724398146 0.009239189597669418 8.568634612423748E-4
0.6928619455762662 0.06482233113018364 0.13530918448736368 0.012409367421730655 0.07248763844529647 0.006941891532632924 0.013869042989304923 0.001298598417221295
0.7383429701153091 0.068323492754858 0.09131509033669523 0.008265111293673045 0.0764058217227248 0.007253990932181892 0.009237711540389862 8.558113041678898E-4
0.48288128476323006 0.1326905501309117 0.090248779284734 0.024637388775104338 0.17816011912500976 0.04940874467378765 0.032913231054056226 0.009059902193166398
0.6339616839059456 0.1427389440971535 0.07278939476397232 0.01575600199352734 0.09839427519122564 0.023079175401684183 0.010842394700796098 0.0024381299456952537
0.6902063075233109 0.06869921941290222 0.13015524740778628 0.012564629021948975 0.07542042242842992 0.007753879585845482 0.013826452338377418 0.0013738422813988802
0.6496952711287748 0.13236538643219234 0.08009231679836845 0.015951995031533644 0.09001472308426506 0.018825971770664918 0.010842945729606498 0.002211390024594353
0.5073992988595998 0.14371058121356647 0.10909979702158533 0.030628680648376486 0.13413860513598416 0.0384689256361345 0.028469358634546357 0.008084752850206907
0.6370391725944962 0.14154740713294534 0.07453017051345162 0.015933693476434568 0.09566098394556058 0.022125528950382695 0.010772889975370691 0.0023901534113585127
0.690319354576034 0.06856237571659503 0.1304196421717511 0.012566102680682105 0.07522550097895633 0.007715166722945855 0.013821448058122179 0.0013704090949133501
0.6926048226218615 0.06436869515361737 0.13663327147708348 0.012414067881013062 0.07195381384459268 0.006864540297596553 0.013870368037383807 0.0012904206868514637
0.738389196012236 0.06827949673786197 0.0913754202233155 0.008264924650160469 0.07635464839891656 0.007243833802987728 0.009237301381762495 8.551787927591154E-4
0.37220633746193843 0.23526014645981222 0.0695658137164003 0.04370029252864399 0.1440143375871839 0.09178938337812641 0.02661711825786786 0.01684657061002685
0.6235598942504496 0.15282605230855095 0.06834478627006582 0.015970371911012533 0.10049075529216589 0.02572440211652617 0.01051980278341187 0.002563935067817219
0.6898760532002005 0.06925008249977199 0.12939093332219517 0.012583953289838443 0.07583031271961961 0.007867971278413943 0.013816648529511656 0.001384045160448522
0.6496111710675452 0.13243365692150458 0.08004461407332991 0.015951639410510605 0.09005598106915845 0.018848103652191625 0.010842204582671636 0.002212629223088071
0.4541819638651138 0.13404639256794637 0.15085630329231325 0.044118116709126916 0.12581017761414118 0.03756797615761624 0.04123145698099052 0.012187612812751563
0.6379149142475523 0.14039792058020636 0.07577755576701525 0.016002174530681867 0.09489957780651129 0.021808323449502034 0.010820432374400559 0.0023791012441305263
0.44917999409032805 0.14423724663162588 0.13722166529200283 0.043639504216780305 0.13104108366022812 0.04255265577162346 0.03945306978324411 0.012674780554167268
