0.125 0.125 0.125 0.125 0.125 0.125 0.125 0.125
0.125 0.125 0.125 0.125 0.125 0.125 0.125 0.125
0.1371527777777778 0.1232638888888889 0.1232638888888889 0.1232638888888889 0.1232638888888889 0.1232638888888889 0.1232638888888889 0.1232638888888889
0.13662229938271608 0.12138310185185186 0.12138310185185186 0.12138310185185186 0.13507908950617287 0.12138310185185186 0.12138310185185186 0.12138310185185186
0.13472074867112482 0.11954049318415638 0.11954049318415638 0.11954049318415638 0.13454928090706447 0.13302750450102882 0.11954049318415638 0.11954049318415638
0.13293271212674432 0.11796374005217489 0.11796374005217489 0.11796374005217489 0.13291366015295983 0.14433492745942172 0.11796374005217489 0.11796374005217489
0.13105384189595745 0.11628354054854143 0.11628354054854143 0.11628354054854143 0.142632159610622 0.14489629575071356 0.11628354054854143 0.11628354054854143
0.12945028688875138 0.11488874890031167 0.11488874890031167 0.11488874890031167 0.15249317963818884 0.14361278897150145 0.11488874890031167 0.11488874890031167
0.125 0.125 0.125 0.125 0.125 0.125 0.125 0.125
0.12891383318234623 0.11502494429345736 0.11502494429345736 0.11502494429345736 0.14798072267518347 0.14798072267518347 0.11502494429345736 0.11502494429345736
0.12340243132925754 0.13618298069519727 0.12340243132925754 0.12340243132925754 0.12340243132925754 0.12340243132925754 0.12340243132925754 0.12340243132925754
0.1271498895867984 0.11343850832799202 0.1271498895867984 0.11343850832799202 0.14597309375721754 0.14597309375721754 0.11343850832799202 0.11343850832799202
0.13578625998304997 0.13426277317651591 0.12165849447340568 0.12165849447340568 0.12165849447340568 0.12165849447340568 0.12165849447340568 0.12165849447340568
0.1277769043794964 0.11268954215915754 0.1262071526562026 0.11268954215915754 0.14476434521611758 0.15049342911155325 0.11268954215915754 0.11268954215915754
0.1337674355470245 0.13209106196698683 0.11957000172708045 0.11957000172708045 0.11957000172708045 0.13629149385058636 0.11957000172708045 0.11957000172708045
0.12580785698568447 0.11094480859157063 0.13464819937272507 0.11094480859157063 0.1424689884157328 0.15329572085957505 0.11094480859157063 0.11094480859157063
0.13189177800753565 0.13024032818596745 0.1179131272313485 0.1179131272313485 0.1179131272313485 0.1483022576497545 0.1179131272313485 0.1179131272313485
0.12429058522235098 0.10963594322151368 0.14072329433617445 0.10963594322151368 0.14072329433617445 0.15571905321924534 0.10963594322151368 0.10963594322151368
0.13042924285527965 0.12880094929963107 0.11661917783057399 0.11661917783057399 0.11661917783057399 0.1576739186922193 0.11661917783057399 0.11661917783057399
0.13381314126108887 0.10795702962745832 0.13870323586460634 0.10795702962745832 0.13870323586460634 0.15695226849986516 0.10795702962745832 0.10795702962745832
0.13041383340233306 0.12754093210970746 0.11554570659554543 0.11554570659554543 0.11554570659554543 0.1643167015102326 0.11554570659554543 0.11554570659554543
0.1329430491673928 0.10708999228227475 0.14299440527768248 0.10708999228227475 0.13755318187845672 0.15814939454736915 0.10708999228227475 0.10708999228227475
0.12964300183279784 0.12677043995667361 0.11487155192530978 0.11487155192530978 0.11487155192530978 0.16922879858397966 0.11487155192530978 0.11487155192530978
0.14008663285845366 0.10590674456130643 0.14160167225071615 0.10590674456130643 0.13619219582223005 0.15849252082337417 0.10590674456130643 0.10590674456130643
0.12988946286179257 0.12609169749544288 0.1143242814330755 0.1143242814330755 0.1143242814330755 0.17239743247738704 0.1143242814330755 0.1143242814330755
0.14541181136515535 0.10505025180789815 0.14057512189540874 0.10505025180789815 0.13519141726836634 0.158620642239477 0.10505025180789815 0.10505025180789815
0.14766425984564474 0.10247932062553063 0.14616131783794042 0.10247932062553063 0.1444883975705415 0.15176874224375075 0.10247932062553063 0.10247932062553063
0.13068804324193548 0.12566749443970057 0.11428090325908605 0.11428090325908605 0.11428090325908605 0.17223994602293363 0.11428090325908605 0.11428090325908605
0.14425561171159884 0.10364590308309102 0.13915729393437729 0.10364590308309102 0.1391572939343773 0.1628461880872826 0.10364590308309102 0.10364590308309102
0.12787890773404398 0.123366717886432 0.11185050643275524 0.11185050643275524 0.12731242798101938 0.17403992066748392 0.11185050643275524 0.11185050643275524
0.14669191468916076 0.10273888312659796 0.13749505793423872 0.10273888312659796 0.14229966066097363 0.1625578342092351 0.10273888312659796 0.10273888312659796
0.12654871232477147 0.12166504215115337 0.11024961069264248 0.11024961069264248 0.13845889743641615 0.17232890531708916 0.11024961069264248 0.11024961069264248
0.14554023282075554 0.10204440035258698 0.1399380976354261 0.10204440035258698 0.1450688067361777 0.16127526139729284 0.10204440035258698 0.10204440035258698
0.12525291954495452 0.12042004927071356 0.10908178256487057 0.10908178256487057 0.14732862612406197 0.17067127480078767 0.10908178256487057 0.10908178256487057
0.14461786594377946 0.10156740810352279 0.14153599969486966 0.10156740810352279 0.14734797403074062 0.16022852791651912 0.10156740810352279 0.10156740810352279
0.12493443350570854 0.12015104930123559 0.10886578173417749 0.10886578173417749 0.14771351915140485 0.17173787110494115 0.10886578173417749 0.10886578173417749
0.14426053092037877 0.1013195393492924 0.14289434853442096 0.1013195393492924 0.1472197060701697 0.16034725707786107 0.1013195393492924 0.1013195393492924
0.12475926179309162 0.11998804050741535 0.10873031391304953 0.10873031391304953 0.14754423396642052 0.17278720808087447 0.10873031391304953 0.10873031391304953
0.12110361265518159 0.12057347695677312 0.10724147245594919 0.10724147245594919 0.15308903587918118 0.17626798468506724 0.10724147245594919 0.10724147245594919
0.11971995541159779 0.11966105144510795 0.10626399844991094 0.10626399844991094 0.15888195824570486 0.17668104109794566 0.10626399844991094 0.10626399844991094
0.12845563257168718 0.11801818756353874 0.10472251518074896 0.10472251518074896 0.15933155000312058 0.17530456913865752 0.10472251518074896 0.10472251518074896
0.12858867022500167 0.11623693629955341 0.11475963936813231 0.1031238043480491 0.15788736755241986 0.17315597351074546 0.1031238043480491 0.1031238043480491
0.12821839254486664 0.11564236861301497 0.11547822450952373 0.10272715346862014 0.1605785706599617 0.17190098326677233 0.10272715346862014 0.10272715346862014
0.12798892520957847 0.11542024153357662 0.11540200329985538 0.10257108946546384 0.1614085887996301 0.1720669727609682 0.10257108946546384 0.10257108946546384
0.13523188118489526 0.11431255523022626 0.11431052875981279 0.10148808394871775 0.16062970973972926 0.17105107323918323 0.10148808394871775 0.10148808394871775
0.13577536893725342 0.11282338871104751 0.12278275386324786 0.1001219936854668 0.15897823085967863 0.16927427657237226 0.1001219936854668 0.1001219936854668
0.13487305281251694 0.11161232114437641 0.13144759886869292 0.09907638906537114 0.15732750883751603 0.1675103511407841 0.09907638906537114 0.09907638906537114
0.13378714697083127 0.11062974448162391 0.13907410670124348 0.09822837546558208 0.15587465515551235 0.16594922029404263 0.09822837546558208 0.09822837546558208
0.13891219969800955 0.10963167637822327 0.1405550576738171 0.09733948254693173 0.1544534229764227 0.16442919563273212 0.09733948254693173 0.09733948254693173
0.14033756626992558 0.1093535991364407 0.14084806426240115 0.09717230176108256 0.1537654893463602 0.16417837570162466 0.09717230176108256 0.09717230176108256
0.1401814044469266 0.10872362463934562 0.14498386198382787 0.09657322473529667 0.1529143469650639 0.16347708775894607 0.09657322473529667 0.09657322473529667
0.1397488014007816 0.10826954980051429 0.14602129197829908 0.0961891470628092 0.15458568540085357 0.16280723023112384 0.0961891470628092 0.0961891470628092
0.1391328942752106 0.10773761601267133 0.14921124147604847 0.09570766603483641 0.15474247266476143 0.1620527774667987 0.09570766603483641 0.09570766603483641
0.14287152958580474 0.10702125658164664 0.1497228133126289 0.0950504103580165 0.15414509255651596 0.16108807688935467 0.0950504103580165 0.0950504103580165
0.14377034589729804 0.10655547771853255 0.15184194890294836 0.09466422698723849 0.15353077539001556 0.16030877112949019 0.09466422698723849 0.09466422698723849
0.14381570650239553 0.10624015456342419 0.15398193576518213 0.09440065703914279 0.15303260354433953 0.15972762850723018 0.09440065703914279 0.09440065703914279
0.14663883700793473 0.1057478704578114 0.1543643972416418 0.09394340883965316 0.15238510824336896 0.1590335605302837 0.09394340883965316 0.09394340883965316
0.1474613292034685 0.10548124283650043 0.1553982895841774 0.09373147945229915 0.15192590654365654 0.1585387934752997 0.09373147945229915 0.09373147945229915
0.1476311798960997 0.1053200993577797 0.1564241591957058 0.09359996126483522 0.15161902358372767 0.15820565417218155 0.09359996126483522 0.09359996126483522
0.14760452177635802 0.10521330151499392 0.15725503255827292 0.0935110682530184 0.15141293488105215 0.15798100451026778 0.0935110682530184 0.0935110682530184
0.1475336702704672 0.10514035136805316 0.1578745024761333 0.09344998453305385 0.15127314784079304 0.15782837444539177 0.09344998453305385 0.09344998453305385
0.1474658007618179 0.10509033694599262 0.15831751184590417 0.09340807568287561 0.151177855646163 0.15772426775149556 0.09340807568287561 0.09340807568287561
0.1474123202753602 0.10505616732814937 0.1586270396572277 0.0933794632230391 0.15111285200127766 0.15765323106886778 0.0933794632230391 0.0933794632230391
0.1473732769488163 0.10503292313089017 0.15884033727810282 0.0933600156499847 0.15106858015296068 0.157604835539276 0.0933600156499847 0.0933600156499847
0.14935096794710614 0.10474083646993804 0.1586388813260952 0.09307051167761692 0.15076216918174776 0.15729561004226209 0.09307051167761692 0.09307051167761692
0.15004780519886327 0.10464995821926257 0.15856807025701425 0.09301208750038056 0.15058672956166536 0.15711117426205287 0.09301208750038056 0.09301208750038056
0.1516818570363337 0.10443235568754695 0.15833130331956008 0.09280458255207334 0.1503122258869241 0.1568285104134152 0.09280458255207334 0.09280458255207334
0.15322776682881414 0.10423619588601302 0.15806147993110223 0.09263260080961891 0.1500354137954271 0.15654134112978685 0.09263260080961891 0.09263260080961891
0.1536157336582419 0.10398479391143294 0.15772037158549146 0.0924029943685426 0.15127540658867064 0.15619471115053535 0.0924029943685426 0.0924029943685426
0.15372337943693096 0.10390951782897712 0.15757940782901117 0.09235565183881793 0.15171462496498214 0.15600611442364473 0.09235565183881793 0.09235565183881793
0.15371499689869306 0.10384976802490341 0.15746972781653112 0.09230426604390596 0.1518355841161782 0.15621712501197632 0.09230426604390596 0.09230426604390596
0.1536978530014062 0.10382933398859248 0.15744237123323915 0.0922904708747143 0.15186925212138563 0.1562897770312338 0.0922904708747143 0.0922904708747143
0.15433237475065534 0.10373221955127387 0.15733620866645126 0.09219562688587472 0.1517876191247449 0.1562246972492505 0.09219562688587472 0.09219562688587472
0.15500700019971458 0.10364125519781672 0.15721211085271436 0.09211545302545297 0.1516754132839565 0.15611786138943898 0.09211545302545297 0.09211545302545297
0.1555611501129685 0.10357330503699365 0.15710292331715675 0.09205761001501402 0.15157354181153448 0.1560162496763046 0.09205761001501402 0.09205761001501402
0.1557739205651276 0.10355150036150608 0.1570648326517497 0.09204335535739568 0.15151931379585235 0.1559603665535774 0.09204335535739568 0.09204335535739568
0.15605753798702152 0.10351746948395553 0.15701745961935662 0.09201174722156596 0.1514664271230935 0.15590586412187496 0.09201174722156596 0.09201174722156596
0.1561660852785103 0.10350562745942321 0.1570041392911613 0.09200368640565038 0.15143761409994333 0.15587547465401083 0.09200368640565038 0.09200368640565038
0.15607458718651343 0.10336818482561515 0.15686249822709725 0.09186755955234592 0.152365153313601 0.15572689779013535 0.09186755955234592 0.09186755955234592
0.15601099462147322 0.10332693991162697 0.1567875311868615 0.09184158604211419 0.1527097211043466 0.15564005504934894 0.09184158604211419 0.09184158604211419
0.1559790002713855 0.10331650860835612 0.1567571265129224 0.09183573750706424 0.1528415234584211 0.15559862862772203 0.09183573750706424 0.09183573750706424
0.15596420361163577 0.10331370725707395 0.1567472542289657 0.09183409518947883 0.15289253467292527 0.15558001466096266 0.09183409518947883 0.09183409518947883
0.15595746976208208 0.10331274573054654 0.15674544833759677 0.09183344492420498 0.1529122628040669 0.15557173859309303 0.09183344492420498 0.09183344492420498
0.15595434618275703 0.10331228390879771 0.1567463180574116 0.091833089938737 0.1529197889812187 0.155567993053604 0.091833089938737 0.091833089938737
0.1559528339817767 0.10331200464076157 0.1567477771565255 0.09183286198422849 0.15292256764835177 0.15556623061989894 0.09183286198422849 0.09183286198422849
0.15595205823893296 0.10331181960319427 0.15674911996707963 0.091832707976443 0.15292352368628653 0.15556535457517762 0.091832707976443 0.091832707976443
0.15595163429179823 0.1033116940397299 0.15675017146967837 0.09183260297270832 0.15292380060876576 0.15556489067190277 0.09183260297270832 0.09183260297270832
0.15595138853046037 0.10331160863097322 0.15675093935142317 0.0918325315154477 0.15292383977886645 0.15556462916193373 0.0918325315154477 0.0918325315154477
0.15595123902919072 0.10331155068357975 0.15675148057560087 0.09183248305791607 0.15292380696934182 0.1555644735685387 0.09183248305791607 0.09183248305791607
0.15595114479603914 0.10331151147864572 0.15675185469616557 0.09183245029158128 0.15292376109597738 0.15556437705842854 0.09183245029158128 0.09183245029158128
0.15585953597755006 0.1032199370476159 0.15666043956513 0.09174088021665529 0.1535646793146671 0.15547276744507108 0.09174088021665529 0.09174088021665529
0.15593926625424973 0.10317358010777787 0.15658639753141435 0.09170469821359835 0.15378760681105325 0.15539905465470963 0.09170469821359835 0.09170469821359835
0.15596498902192307 0.10316129277463253 0.1565487188836405 0.09169756165154609 0.15387059505793338 0.15536171930723208 0.09169756165154609 0.09169756165154609
0.15606459173850495 0.10314551503146718 0.15651870157100814 0.09168314916761912 0.15388973294358826 0.15533201121257428 0.09168314916761912 0.09168314916761912
0.15610288475810355 0.10314093954497447 0.1565035298848942 0.09168032676370036 0.1538946475766702 0.15531701794425642 0.09168032676370036 0.09168032676370036
0.15611807748917692 0.10313981675234277 0.15649668756034674 0.09167971235845669 0.15389602005224953 0.155310261070514 0.09167971235845669 0.09167971235845669
0.15618515382308226 0.10313084850051714 0.1564850102691522 0.09167086886136792 0.15388773141762213 0.15529864940552254 0.09167086886136792 0.09167086886136792
0.15621114555786345 0.10312812511690124 0.15647848447858453 0.09166914195017711 0.15388265358909622 0.15529216540702317 0.09166914195017711 0.09166914195017711
0.15622150496299694 0.10312744109094657 0.15647542547141852 0.091668760522402 0.1538802193040778 0.15528912760335428 0.091668760522402 0.091668760522402
0.1562256951059709 0.10312727430710035 0.156474084679106 0.09166866974143961 0.1538791443938549 0.15528779228964917 0.09166866974143961 0.09166866974143961
0.15622740321007916 0.103127232343629 0.15647351731496267 0.09166864630950675 0.15387868639875674 0.15528722180405224 0.09166864630950675 0.09166864630950675
0.1562281021941304 0.10312722080757677 0.1564732831093288 0.09166863943606245 0.15387849436771012 0.15528698121306655 0.09166863943606245 0.09166863943606245
0.15622838860354316 0.10312721708680997 0.15647318881537314 0.09166863699707921 0.15387841429469043 0.15528688020834577 0.09166863699707921 0.09166863699707921
0.15622850588472972 0.10312721559865938 0.15647315214759444 0.09166863592234717 0.1538783808481527 0.1552868377538223 0.09166863592234717 0.09166863592234717
0.15622855378426656 0.10312721486753061 0.15647313872264226 0.09166863535656844 0.15387836676065558 0.15528681979519982 0.09166863535656844 0.09166863535656844
0.15616647219571037 0.10306511340371773 0.15641103178002355 0.09160653397399211 0.1543130696432685 0.15522471105530353 0.09160653397399211 0.09160653397399211
0.1561007330523213 0.10301812871346722 0.15634522520670854 0.09156644944638748 0.154450129651234 0.15538643503710664 0.09156644944638748 0.09156644944638748
0.15606572876607444 0.10300506997101094 0.15631013427453627 0.09155861122507014 0.15449814436401807 0.15544508894914985 0.09155861122507014 0.09155861122507014
0.15600761308423294 0.10295996850038391 0.1562519506080643 0.09151496072582715 0.1548100318712531 0.15542555375858413 0.09151496072582715 0.09151496072582715
0.15601624138871667 0.10294077684761552 0.15621367303710276 0.09150078034757286 0.1549236261147658 0.1554033415690806 0.09150078034757286 0.09150078034757286
0.1548958145249214 0.11078362170849279 0.15507382508316628 0.09037678533071915 0.15384616858711261 0.15427021410414937 0.09037678533071915 0.09037678533071915
0.15444946618396624 0.1123553698683446 0.1546187421898436 0.09039377883732884 0.15342174740133419 0.1539733378445249 0.09039377883732884 0.09039377883732884
0.1543095963807032 0.11271166433446508 0.15447498060611597 0.09043849213505926 0.15329258308221647 0.15389569919132146 0.09043849213505926 0.09043849213505926
0.15429547547997535 0.11279485894937154 0.15442800398528392 0.09045105543072483 0.15325223011276015 0.15387626518043465 0.09045105543072483 0.09045105543072483
0.15429380134994222 0.11281551961915662 0.1544127172565861 0.09045522371580195 0.15323986652243393 0.15387242410447532 0.09045522371580195 0.09045522371580195
0.15429430565658014 0.11282081232677542 0.15440758358080675 0.09045642068098834 0.15323599835021995 0.15387203804265276 0.09045642068098834 0.09045642068098834
0.1542948407832371 0.11282218801939693 0.15440578422107795 0.09045674715461544 0.15323474010426033 0.1538722054081813 0.09045674715461544 0.09045674715461544
0.154295149361472 0.11282254790844512 0.15440512638937923 0.09045683432827235 0.15323431179750252 0.1538723615583841 0.09045683432827235 0.09045683432827235
0.15426725768566382 0.11279459990464705 0.15437683459583684 0.09042881498057008 0.15343045630709934 0.15384440656504272 0.09042881498057008 0.09042881498057008
0.15423792606181216 0.11277126787580811 0.1543473256858446 0.09041102332511922 0.1534933086399095 0.15391710176126785 0.09041102332511922 0.09041102332511922
0.1542138486137966 0.11275470085479306 0.15432316264148618 0.09039908161303865 0.15350720839950585 0.15400383465130238 0.09039908161303865 0.09039908161303865
0.15420159886414084 0.1127491287426479 0.1543108675928706 0.09039679372408935 0.15351063533811926 0.1540373882899534 0.09039679372408935 0.09039679372408935
0.1541960293921822 0.11274752290353787 0.15430527437281422 0.09039629249273834 0.15351154307813264 0.154050752775118 0.09039629249273834 0.09039629249273834
0.154193605455186 0.11274708495382821 0.15430283835385136 0.09039617288233956 0.15351179668121376 0.15405615590890204 0.09039617288233956 0.09039617288233956
0.15421089904792196 0.11274435028677274 0.15429918161014805 0.09039352503382522 0.15350925310053712 0.1540557408531445 0.09039352503382522 0.09039352503382522
0.15422990041575357 0.11274156138680004 0.15429542035943974 0.09039127825044478 0.15350596053468413 0.15405332255198828 0.09039127825044478 0.09039127825044478
0.15423734111033657 0.11274058322534206 0.15429343735947731 0.09039085295663712 0.15350418151630602 0.1540518979186267 0.09039085295663712 0.09039085295663712
0.15424862340226095 0.11273911117930929 0.15429133794877595 0.09038957481997084 0.15350217194373314 0.15405003106600812 0.09038957481997084 0.09038957481997084
0.1542530555889998 0.11273858033049741 0.15429022945919432 0.09038933578751639 0.15350110668398684 0.15404902057477227 0.09038933578751639 0.09038933578751639
0.154254838751188 0.11273842319501803 0.154289718489013 0.09038928388676688 0.1535006168061833 0.1540485510982968 0.09038928388676688 0.09038928388676688
0.15425556452225767 0.1127383795312524 0.15428949436674805 0.09038927137332005 0.15350040288154265 0.15404834457823904 0.09038927137332005 0.09038927137332005
0.15426144242407797 0.11273757042862823 0.15428860109808173 0.09038847092654004 0.15349951448054847 0.15404745878904338 0.09038847092654004 0.09038847092654004
0.15426372977216724 0.11273726350443737 0.15428808462438304 0.09038832439772768 0.15349900268941247 0.15404694621641662 0.09038832439772768 0.09038832439772768
0.15426839975168746 0.1127366350891466 0.1542873031519315 0.09038775682666145 0.15349822469757815 0.15404616682967193 0.09038775682666145 0.09038775682666145
0.15427022813185634 0.11273640505364158 0.15428687404602218 0.09038765136732935 0.15349779937018307 0.15404573929630874 0.09038765136732935 0.09038765136732935
0.15427096248049837 0.11273633666775293 0.15428667354871106 0.09038762858335914 0.15349760171464735 0.15404553983831287 0.09038762858335914 0.09038762858335914
0.15427378648928836 0.11273595686455784 0.15428622426480165 0.09038726233688747 0.1534971542029354 0.15404509116775433 0.09038726233688747 0.09038726233688747
0.1542748886258845 0.11273581423403078 0.1542859708544038 0.09038719499801741 0.1534969028715115 0.1540448384201172 0.09038719499801741 0.09038719499801741
0.15427533061507373 0.11273577153272743 0.1542858514780194 0.09038718057159129 0.1534967851112299 0.15404471954817553 0.09038718057159129 0.09038718057159129
0.15427551020211713 0.11273575961863885 0.154285798589596 0.09038717712254966 0.15349673324554494 0.1540446669764542 0.09038717712254966 0.09038717712254966
0.15427558369049155 0.11273575637478866 0.15428577580427355 0.09038717624053184 0.15349671103916943 0.1540446443696812 0.09038717624053184 0.09038717624053184
0.15335389172189987 0.11918781066128442 0.15336404396604664 0.08946545383901401 0.15257497950759388 0.1531229126261332 0.08946545383901401 0.08946545383901401
0.15294998102777677 0.12086664981784943 0.15296008132584196 0.08944323322619804 0.15217379286118868 0.152719795288749 0.08944323322619804 0.08944323322619804
0.1528106492291299 0.12133720468851866 0.15282071248541643 0.0894711684874087 0.15203678192395775 0.1525811462107513 0.0894711684874087 0.0894711684874087
0.1527603482214303 0.12146866363087373 0.15277039077999735 0.08947856741349008 0.15198784938077498 0.15257704574645337 0.08947856741349008 0.08947856741349008
0.1527244007837656 0.12148820544628605 0.15273443283640356 0.08946345057473797 0.1521023760095468 0.15256023319978393 0.08946345057473797 0.08946345057473797
0.15270924339572153 0.12149116474186286 0.15271734775896256 0.08946125774441153 0.15214738316914833 0.15255108770107034 0.08946125774441153 0.08946125774441153
0.15270269199845618 0.12149167070360432 0.15270999760321144 0.08946098349903946 0.15216565777571273 0.15254703142189685 0.08946098349903946 0.08946098349903946
0.15269995007936202 0.12149177531941101 0.1527069247031542 0.08946095471994196 0.15217316053102806 0.15254532520721903 0.08946095471994196 0.08946095471994196
0.15269881382269976 0.12149180215938728 0.15270565129749428 0.08946095397835549 0.15217625190853307 0.15254461887681925 0.08946095397835549 0.08946095397835549
0.15268573164148042 0.12147919761410575 0.15269251228562358 0.08944834235681551 0.15226581622926724 0.15253171515907651 0.08944834235681551 0.08944834235681551
0.15267926322231828 0.12147353129558161 0.15268472748939163 0.08944599917909858 0.1523004446835038 0.1525240357719089 0.08944599917909858 0.08944599917909858
0.15267687987135986 0.12147146349172334 0.15268092945835093 0.08944542527874047 0.15231416520814278 0.1525202861342016 0.08944542527874047 0.08944542527874047
0.15267576682684275 0.12147079233298197 0.15267923048584853 0.08944529928868461 0.15231970297105246 0.1525186095172203 0.08944529928868461 0.08944529928868461
0.15267527448247387 0.12147058400270193 0.1526784954621171 0.08944526790687449 0.15232195754564176 0.15251788478644213 0.08944526790687449 0.08944526790687449
0.15267506211436763 0.12147052061138806 0.1526781825808391 0.08944525944105296 0.15232287975512981 0.15251757661511675 0.08944525944105296 0.08944525944105296
0.15267497178864511 0.1214705015241149 0.15267805062438444 0.08944525706666051 0.15232325806346342 0.1525174467994107 0.08944525706666051 0.08944525706666051
0.1519599048294658 0.12647569796163258 0.15196296642247398 0.0887302275154874 0.15160838467577548 0.15180236356419002 0.0887302275154874 0.0887302275154874
0.1516087842946311 0.1279760227901069 0.1516118303793399 0.08867524886007865 0.1513259469013497 0.15145166905433674 0.08867524886007865 0.08867524886007865
0.15147467412305515 0.12845295452939903 0.15147712897794455 0.08868597303652849 0.15121995640031755 0.1513173668596981 0.08868597303652849 0.08868597303652849
0.1514269408987889 0.12860896366064867 0.15142914983594366 0.08869378147177037 0.15118396528654635 0.15126963590276132 0.08869378147177037 0.08869378147177037
0.1514107352523577 0.1286606144867189 0.1514124518204943 0.08869695437127387 0.15117226520652516 0.15125307012008232 0.08869695437127387 0.08869695437127387
0.15140518151446694 0.12867782221235366 0.1514066940785596 0.08869811223538264 0.1511685881257723 0.15124737736269955 0.08869811223538264 0.08869811223538264
0.1514032828370377 0.12868357071692485 0.15140471088195642 0.08869851364999173 0.15116747002233885 0.1512454245917668 0.08869851364999173 0.08869851364999173
0.15140286246739806 0.12868546057187244 0.151403993104046 0.0886986172275577 0.15116711155447948 0.15124472061953093 0.0886986172275577 0.0886986172275577
0.15140288323055917 0.1286860661804271 0.15140371419031776 0.08869863558683644 0.15116698178038374 0.15124444785780303 0.08869863558683644 0.08869863558683644
0.1513972310304681 0.12868059356660994 0.15139793787688605 0.08869297478757908 0.1512066389027651 0.15123867426053353 0.08869297478757908 0.08869297478757908
0.15139394283477375 0.1286779457099536 0.15139459826520213 0.08869202747863193 0.15122209141869458 0.1512353393354801 0.08869202747863193 0.08869202747863193
0.15139240058996553 0.12867694249870545 0.1513930347182092 0.08869184705640587 0.15122830123710956 0.15123377978679284 0.08869184705640587 0.08869184705640587
0.15139182510730717 0.12867657529139198 0.15139233169200236 0.08869179158469938 0.15123081377660516 0.15123307937859512 0.08869179158469938 0.08869179158469938
0.15139157354516455 0.1286764479635278 0.15139202730583476 0.0886917783620099 0.15123183959066996 0.15123277650877306 0.0886917783620099 0.0886917783620099
0.15139153558935647 0.1286763947720188 0.1513918876161272 0.08869176473607501 0.15123225018036165 0.1512326376339108 0.08869176473607501 0.08869176473607501
0.15086120197376424 0.13238858125179082 0.15086151186665026 0.08816144684011902 0.15070210207985818 0.15070226230757952 0.08816144684011902 0.08816144684011902
0.15059180602283678 0.13361473529976017 0.15059209789081907 0.08811169188634065 0.1504331094334577 0.15043317569410428 0.08811169188634065 0.08811169188634065
0.15047946590014907 0.13403540642528106 0.15047975001097738 0.08811092378841236 0.1503211019911403 0.15035150430721503 0.08811092378841236 0.08811092378841236
0.1504365118416353 0.13418356685715513 0.15043679261801285 0.08811449609715409 0.15027835468997142 0.15032128570176306 0.08811449609715409 0.08811449609715409
0.15042062351756721 0.1342363388071421 0.15042084948929446 0.08811634408904767 0.150262524943012 0.1503106309758411 0.08811634408904767 0.08811634408904767
0.1504147932150811 0.13425522691239505 0.15041499647747508 0.08811709404138314 0.15025672865441053 0.15030697261648873 0.08811709404138314 0.08811709404138314
0.1504126921371078 0.13426199659041893 0.1504128500905479 0.08811737172239943 0.15025460933553653 0.15030573667919053 0.08811737172239943 0.08811737172239943
0.15040813211728263 0.13426063354045062 0.15040827130465534 0.08811368187845765 0.15028038192663207 0.1503015354756064 0.08811368187845765 0.08811368187845765
0.15040568073187285 0.1342595780800481 0.15040578799783594 0.08811309490953147 0.1502904581709489 0.1502992102906999 0.08811309490953147 0.08811309490953147
0.15040456541923106 0.13425911525550108 0.150404659463899 0.08811299485539911 0.15029452708614685 0.15029814820902457 0.08811299485539911 0.08811299485539911
0.15040153220687327 0.13425638488111794 0.1504016207754765 0.08811042355761653 0.15031405398064354 0.15029513748303927 0.08811042355761653 0.08811042355761653
0.15039985311592324 0.13425502356428515 0.15039993941557359 0.08811000069289883 0.15032171287214227 0.1502934689533793 0.08811000069289883 0.08811000069289883
0.15039736330864664 0.13425276126855207 0.1503974486680395 0.0881082062929492 0.15033682366392115 0.15029098421199288 0.0881082062929492 0.0881082062929492
0.15039603375455776 0.13425168531602283 0.15039611872371486 0.0881079079100561 0.15034278068925766 0.1502896577862787 0.0881079079100561 0.0881079079100561
0.1503954415760793 0.13425125772653265 0.15039551014171668 0.088107850134293 0.1503451889408119 0.1502890512119804 0.088107850134293 0.088107850134293
0.1503951836076681 0.13425109804704555 0.15039524537953575 0.08810783742082777 0.15034617317024754 0.1502887875330198 0.08810783742082777 0.08810783742082777
0.15039507339694919 0.13425103979263434 0.15039513235506988 0.08810783404956862 0.15034657724004125 0.1502886750665993 0.08810783404956862 0.08810783404956862
0.15039502671945668 0.1342510187371782 0.15039508451221895 0.08810783301663239 0.15034674347971058 0.15028862750153832 0.08810783301663239 0.08810783301663239
0.15039500704323153 0.13425101115583662 0.15039506435334168 0.08810783267222409 0.15034681195346958 0.1502886074774484 0.08810783267222409 0.08810783267222409
0.1503949987744982 0.1342510084303831 0.1503950558847101 0.08810783255254 0.15034684017983913 0.15028859907294959 0.08810783255254 0.08810783255254
0.15039499530758077 0.13425100745125984 0.15039505233500156 0.08810783251017755 0.1503468518223352 0.15028859555328977 0.08810783251017755 0.08810783251017755
0.15039500341591522 0.13425100573400278 0.15039504948413931 0.08810783112945315 0.15034685526125016 0.150288592716333 0.08810783112945315 0.08810783112945315
0.15001404932083856 0.13691770547915924 0.15001409085023185 0.08772687367625132 0.14996589923165451 0.14990763408936186 0.08772687367625132 0.08772687367625132
0.1498129957803368 0.13785153070568318 0.14981303537307375 0.08768359502250522 0.14976491636773195 0.1497067367056586 0.08768359502250522 0.08768359502250522
0.1497274141656114 0.13819137921549113 0.14972745292625603 0.0876812811820194 0.14968860704358194 0.14962130310300126 0.0876812811820194 0.0876812811820194
0.1496936333079403 0.13831756629292974 0.14969367171119277 0.0876829445674899 0.14965867599930474 0.14958761898616268 0.0876829445674899 0.0876829445674899
0.14968065198713112 0.1383648116906209 0.14968069023732442 0.08768395383258713 0.14964729288265538 0.14957469170450668 0.08768395383258713 0.08768395383258713
0.1496757199603856 0.13838255981598777 0.14967575083140677 0.08768439079966077 0.14964301688596882 0.14956978010726876 0.08768439079966077 0.08768439079966077
0.1496738507978417 0.1383892363682865 0.14967387861222922 0.0876845642718152 0.14964141996271718 0.14956792144348008 0.0876845642718152 0.0876845642718152
0.14967314333969967 0.13839174938897647 0.14967316988797214 0.08768463094091657 0.14964082545600482 0.14956721910459722 0.08768463094091657 0.08768463094091657
0.14967287564820572 0.13839269549083869 0.14967290167203628 0.08768465624835048 0.14964060461919926 0.1495669538246684 0.08768465624835048 0.08768465624835048
0.1496727743418544 0.138393051711489 0.1496728001484566 0.0876846658083756 0.1496405227459295 0.14956685362714378 0.0876846658083756 0.0876846658083756
0.14967273598946063 0.1383931858384547 0.14967276170608595 0.08768466941274304 0.1496404924522209 0.14956681577554862 0.08768466941274304 0.08768466941274304
0.14967272146342273 0.1383932363417216 0.14967274714277962 0.08768467077062754 0.14964048126756943 0.14956680147262402 0.08768467077062754 0.08768467077062754
0.14967271595876006 0.13839325535799527 0.14967274162268052 0.087684671282029 0.14964047714817785 0.14956679606629936 0.087684671282029 0.087684671282029
0.14967271387154227 0.13839326251831513 0.14967273952906904 0.08768467147460722 0.14964047563520005 0.14956679402205195 0.08768467147460722 0.08768467147460722
0.14967271738415722 0.1383932645995055 0.14967273811956622 0.08768467093218905 0.14964047446636206 0.14956679263384193 0.08768467093218905 0.08768467093218905
0.149672718767021 0.1383932652901619 0.14967273746389895 0.08768467086027774 0.14964047391051552 0.14956679198756934 0.08768467086027774 0.08768467086027774
0.14967272222814496 0.13839326512249503 0.14967273677161963 0.08768467043954783 0.1496404732596479 0.14956679129944905 0.08768467043954783 0.08768467043954783
0.1496727235952049 0.13839326499467047 0.1496727364185172 0.08768467037315802 0.1496404729237787 0.14956679094835468 0.08768467037315802 0.08768467037315802
0.14967272415028549 0.138393264936737 0.14967273626117988 0.08768467036206064 0.14964047277362105 0.14956679079199472 0.08768467036206064 0.08768467036206064
0.14967272632577638 0.13839326463518983 0.14967273591569769 0.08768467008174086 0.14964047243113132 0.1495667904469822 0.08768467008174086 0.08768467008174086
0.1496727271814126 0.13839326447934083 0.1496727357272544 0.08768467003638158 0.14964047224397065 0.14956679025887662 0.08768467003638158 0.08768467003638158
0.14967272752779306 0.1383932644142487 0.14967273564122163 0.08768467002839397 0.14964047215849274 0.14956679017306176 0.08768467002839397 0.08768467002839397
0.14967272766961423 0.1383932643887635 0.14967273560395572 0.08768467002675914 0.14964047212146742 0.1495667901359217 0.08768467002675914 0.08768467002675914
0.14967195434781158 0.1383924909988866 0.14967196220798284 0.08768389664622027 0.14964588576664176 0.14956601674001635 0.08768389664622027 0.08768389664622027
0.14940370081626822 0.14026674271158154 0.14940370864569769 0.08741596339157211 0.14938019415303258 0.14929776349870377 0.08741596339157211 0.08741596339157211
0.1492585332952213 0.14094843181030745 0.14925853960912458 0.08738189354309774 0.1492361087409981 0.1491527059150552 0.08738189354309774 0.08738189354309774
0.14919586106466495 0.14120621136947664 0.14919586574353944 0.08737934250295783 0.1491738959087887 0.14909013840465676 0.08737934250295783 0.08737934250295783
0.14917054510157923 0.14130529446394802 0.14917054842710645 0.08737998202945432 0.14914877481866953 0.14906489110033389 0.08737998202945432 0.08737998202945432
0.14916055809188192 0.14134363068608824 0.14916056040249026 0.0873804793578623 0.14913887019705296 0.1490549425488996 0.0873804793578623 0.0873804793578623
0.14915665340761397 0.14135850212939377 0.14915665499233227 0.08738071056164565 0.1491350001704128 0.14905105761531007 0.08738071056164565 0.08738071056164565
0.14915513190112423 0.14136427703973548 0.1491551331851934 0.08738080620888111 0.14913349334643733 0.1490495459008664 0.08738080620888111 0.08738080620888111
0.14915453999054124 0.14136652045024828 0.1491545409446035 0.08738084423592361 0.149132907439263 0.14904895846757327 0.08738084423592361 0.08738084423592361
0.14915430976413824 0.14136739210516067 0.1491543105815241 0.08738085915364541 0.14913267974899613 0.14904873033924482 0.08738085915364541 0.08738085915364541
0.14915168954605987 0.14136520011378298 0.14915169030683953 0.08737833428552648 0.14913006060062242 0.1490663565761157 0.08737833428552648 0.08737833428552648
0.1491496855193368 0.1413634441689528 0.14914968625666516 0.08737741544140702 0.14913220488339457 0.14907273284742942 0.08737741544140702 0.08737741544140702
0.14914870598760568 0.14136262404096878 0.14914870671521582 0.08737726589209414 0.1491329432820284 0.14907522229789896 0.08737726589209414 0.08737726589209414
0.14914657118426689 0.14136058171881022 0.1491465719078494 0.08737553676903181 0.14913151992999552 0.14908814495198258 0.08737553676903181 0.08737553676903181
0.14914541054709643 0.14135952528270015 0.14914541126900482 0.08737526027637765 0.14913065402696535 0.14909321804510034 0.08737526027637765 0.08737526027637765
0.14914488277077464 0.14135907474987802 0.1491448834919864 0.08737521318648307 0.14913024836644395 0.1490952710614677 0.08737521318648307 0.08737521318648307
0.14914465522390732 0.1413588935930371 0.14914465580661743 0.0873752040838525 0.1491300712797062 0.14909611184517454 0.0873752040838525 0.0873752040838525
0.14914455885777617 0.14135882228503732 0.14914455938312435 0.08737520195793158 0.14912999582212993 0.14909645777813732 0.08737520195793158 0.08737520195793158
0.14914451833682899 0.1413587944429842 0.14914451883842014 0.087375201347727 0.1491299639649272 0.14909660037365843 0.087375201347727 0.087375201347727
0.1491445014321807 0.1413587835947993 0.1491445018309634 0.08737520113215809 0.1491299505572839 0.14909665918829848 0.08737520113215809 0.08737520113215809
0.14914449440976602 0.14135877936821367 0.14914449470343316 0.08737520104839132 0.14912994492140919 0.14909668345200391 0.08737520104839132 0.08737520104839132
0.14914449150866116 0.14135877771933467 0.149144491716728 0.08737520101360527 0.14912994255280623 0.149096693461654 0.08737520101360527 0.08737520101360527
0.14914449029531218 0.14135877707780836 0.14914449046792702 0.0873752010017702 0.14912994156013223 0.14909669759350966 0.0873752010017702 0.0873752010017702
0.14914414104082027 0.14135842808084104 0.14914414119875238 0.08737485224979571 0.14913238237820137 0.14909635055199771 0.08737485224979571 0.08737485224979571
0.14914394082613128 0.14135823923384067 0.1491439409779822 0.08737479668142605 0.14913333759877098 0.14909615131899678 0.08737479668142605 0.08737479668142605
0.14914384853846077 0.1413581577193841 0.1491438486594971 0.08737478728584722 0.14913372377810147 0.14909605944701487 0.08737478728584722 0.08737478728584722
0.14914380854520137 0.14135812479911175 0.149143808634442 0.08737478549517251 0.1491338819115935 0.14909601962413377 0.08737478549517251 0.08737478549517251
0.14914379158183932 0.1413581118145098 0.1491437916451084 0.08737478508251022 0.1491339469850019 0.14909600272600984 0.08737478508251022 0.08737478508251022
0.14914378443979243 0.14135810673926788 0.1491437844923052 0.0873747849659646 0.14913397381658583 0.14909599561415485 0.0873747849659646 0.0873747849659646
0.14914354684667 0.14135787016589005 0.14914354689472797 0.0873745503307735 0.14913562706551953 0.14909575803487204 0.0873745503307735 0.0873745503307735
0.1491434110578879 0.14135774242430843 0.14914341109548873 0.08737451293432041 0.14913627433153231 0.14909562228782142 0.08737451293432041 0.08737451293432041
0.1491433484956365 0.1413576873166829 0.14914334852890643 0.08737450660999299 0.14913653606045163 0.14909555976834354 0.08737450660999299 0.08737450660999299
0.1491433213799043 0.14135766506648845 0.1491433214113805 0.08737450540487786 0.14913664324552725 0.14909553268206596 0.08737450540487786 0.08737450540487786
0.14914330987252664 0.14135765629215277 0.14914330990325997 0.08737450512768036 0.14913668735704622 0.14909552119197333 0.08737450512768036 0.08737450512768036
0.14914330502809306 0.14135765286274884 0.14914330505851875 0.08737450504911196 0.14913670554644748 0.14909551635685606 0.08737450504911196 0.08737450504911196
0.1491433029956461 0.14135765152700294 0.1491433030259444 0.08737450502302288 0.14913671305316248 0.14909551432917545 0.08737450502302288 0.08737450502302288
0.14914330214443047 0.14135765100743147 0.149143302174676 0.08737450501356014 0.1491367161524669 0.14909551348031458 0.08737450501356014 0.08737450501356014
0.149143301793387 0.1413576508047128 0.14914330181781765 0.08737450500926083 0.14913671743168722 0.14909551312461272 0.08737450500926083 0.08737450500926083
