Action: 0
[0.10872520391658076, 0.09434940722266424, 0.2428576185296841, 0.09434938932335767, 0.17629228824870685, 0.09472731411229095, 0.09434938932335767, 0.09434938932335767]
[0.17406575290157253, 0.10461657962026313, 0.24549154472275497, 0.09306281755102828, 0.09637847524090518, 0.10025919486141928, 0.09306281755102828, 0.09306281755102828]
[0.23902923195521383, 0.09369080282208772, 0.17373204391162655, 0.09334832329497232, 0.11943148959235059, 0.09407146183380441, 0.09334832329497232, 0.09334832329497232]
[0.125, 0.125, 0.125, 0.125, 0.125, 0.125, 0.125, 0.125]
[0.20132948832555492, 0.09682423808060894, 0.19697379745041468, 0.09682423808060894, 0.11757550499928297, 0.09682425690231157, 0.09682423808060894, 0.09682423808060894]
[0.14403676675456353, 0.09684430000463473, 0.1647847196562028, 0.0924121037459223, 0.2246857822687016, 0.09241212007813036, 0.0924121037459223, 0.0924121037459223]
[0.125, 0.125, 0.125, 0.125, 0.125, 0.125, 0.125, 0.125]
[0.125, 0.125, 0.125, 0.125, 0.125, 0.125, 0.125, 0.125]

Action: 1
[0.09757343025382949, 0.09757343025382949, 0.09757343025382949, 0.09757343025382949, 0.19532285763055093, 0.21923656084647222, 0.09757343025382949, 0.09757343025382949]
[0.10266153388269475, 0.10266153388269475, 0.10266153388269475, 0.10266153388269475, 0.10266153388269475, 0.2813692628211368, 0.10266153388269475, 0.10266153388269475]
[0.09691730681094794, 0.09691730681094794, 0.09691730681094794, 0.09691730681094794, 0.23065160787331263, 0.18784455126099975, 0.09691730681094794, 0.09691730681094794]
[0.125, 0.125, 0.125, 0.125, 0.125, 0.125, 0.125, 0.125]
[0.10020878472352032, 0.10020878472352032, 0.10020878472352032, 0.10020878472352032, 0.10020878472352032, 0.2985385069353578, 0.10020878472352032, 0.10020878472352032]
[0.09628558083120872, 0.09628558083120872, 0.09628558083120872, 0.09628558083120872, 0.1530115599340805, 0.2692749550786672, 0.09628558083120872, 0.09628558083120872]
[0.125, 0.125, 0.125, 0.125, 0.125, 0.125, 0.125, 0.125]
[0.125, 0.125, 0.125, 0.125, 0.125, 0.125, 0.125, 0.125]

