Action: 0
[0.1113721452927827, 0.10266686080636753, 0.2527664605490045, 0.10266686080636711, 0.10266692615596794, 0.122527024776776, 0.10266686080636711, 0.10266686080636711]
[0.10581404868427846, 0.10581404868427846, 0.25868353527768256, 0.10581404868427846, 0.1064321726166467, 0.10581404868427846, 0.10581404868427846, 0.10581404868427846]
[0.1051827006785647, 0.10513967013226733, 0.1531379748443517, 0.10513967013226733, 0.2159809738081512, 0.10513967013986303, 0.10513967013226733, 0.10513967013226733]
[0.125, 0.125, 0.125, 0.125, 0.125, 0.125, 0.125, 0.125]
[0.1106521787340383, 0.10515802546159059, 0.15314980134195014, 0.10515802546159059, 0.10524986713487049, 0.21031605094277875, 0.10515802546159059, 0.10515802546159059]
[0.21307071374497483, 0.105656055175157, 0.15299294866426683, 0.10565605517345032, 0.10565606158822123, 0.10565605530702914, 0.10565605517345032, 0.10565605517345032]
[0.125, 0.125, 0.125, 0.125, 0.125, 0.125, 0.125, 0.125]
[0.125, 0.125, 0.125, 0.125, 0.125, 0.125, 0.125, 0.125]

Action: 1
[0.10514713884206979, 0.10514713884206979, 0.10514713884206979, 0.10514713884206979, 0.11083903557021149, 0.25827813137736966, 0.10514713884206979, 0.10514713884206979]
[0.10381447586482116, 0.10381447586482116, 0.10381447586482116, 0.10381447586482116, 0.14930999092434039, 0.2278031538867325, 0.10381447586482116, 0.10381447586482116]
[0.11066391603186145, 0.10511495813049904, 0.105114958123008, 0.105114958123008, 0.10545714930190438, 0.2583041440437031, 0.105114958123008, 0.105114958123008]
[0.125, 0.125, 0.125, 0.125, 0.125, 0.125, 0.125, 0.125]
[0.10517812450195092, 0.10504627585235313, 0.10503356764085152, 0.10503356764085152, 0.25816927818616675, 0.11147205089612319, 0.10503356764085152, 0.10503356764085152]
[0.10398398374883648, 0.10398173595002116, 0.10398173595002116, 0.10398173595002116, 0.12124633605711095, 0.2548610004439467, 0.10398173595002116, 0.10398173595002116]
[0.125, 0.125, 0.125, 0.125, 0.125, 0.125, 0.125, 0.125]
[0.125, 0.125, 0.125, 0.125, 0.125, 0.125, 0.125, 0.125]

