Action: 0
[0.13771606485025534, 0.10636615651949811, 0.10878965564634151, 0.10636615651949687, 0.11529734038642082, 0.21273231303899373, 0.10636615651949687, 0.10636615651949687]
[0.10789216187411503, 0.10786204650986811, 0.2445626683442367, 0.10786204650986811, 0.10786204650986811, 0.10823493723230776, 0.10786204650986811, 0.10786204650986811]
[0.11507081276370724, 0.10723311583659023, 0.24428554488122728, 0.10668209932208639, 0.10668212923012974, 0.10668209932208639, 0.10668209932208639, 0.10668209932208639]
[0.125, 0.125, 0.125, 0.125, 0.125, 0.125, 0.125, 0.125]
[0.11496500967631061, 0.10679112557166388, 0.24428796498936173, 0.10679112527518653, 0.10679139866191761, 0.10679112527518653, 0.10679112527518653, 0.10679112527518653]
[0.13756333212663518, 0.1067762007074406, 0.2217551230067758, 0.10677620068123542, 0.10677620068125403, 0.1068005414341882, 0.10677620068123542, 0.10677620068123542]
[0.125, 0.125, 0.125, 0.125, 0.125, 0.125, 0.125, 0.125]
[0.125, 0.125, 0.125, 0.125, 0.125, 0.125, 0.125, 0.125]

Action: 1
[0.10790855635876263, 0.10790855635876263, 0.10790855635876263, 0.10790855635876263, 0.10798529094428232, 0.24456337090314187, 0.10790855635876263, 0.10790855635876263]
[0.1111111111111111, 0.1111111111111111, 0.1111111111111111, 0.1111111111111111, 0.1111111111111111, 0.2222222222222222, 0.1111111111111111, 0.1111111111111111]
[0.10791721882157145, 0.10791721882157145, 0.10791721882157145, 0.10791721882157145, 0.10793315276765156, 0.2445635343029198, 0.10791721882157145, 0.10791721882157145]
[0.125, 0.125, 0.125, 0.125, 0.125, 0.125, 0.125, 0.125]
[0.10791949056823569, 0.10791949056823569, 0.10791949056823569, 0.10791949056823569, 0.2158390125086125, 0.13664404408197325, 0.10791949056823569, 0.10791949056823569]
[0.10786738509344715, 0.10786738509344715, 0.10786738509344715, 0.10786738509344715, 0.10823227824966024, 0.2445634111896569, 0.10786738509344715, 0.10786738509344715]
[0.125, 0.125, 0.125, 0.125, 0.125, 0.125, 0.125, 0.125]
[0.125, 0.125, 0.125, 0.125, 0.125, 0.125, 0.125, 0.125]

