Action: 0
[0.11153519162575243, 0.10410868746031571, 0.2638101566982916, 0.10410868746031571, 0.1041112143743775, 0.10410868746031574, 0.10410868746031571, 0.10410868746031571]
[0.1597020387014682, 0.10471672174918366, 0.20943344349836732, 0.10471672174918366, 0.10471672174918366, 0.10728090905424628, 0.10471672174918366, 0.10471672174918366]
[0.2553556001949883, 0.10268331204488175, 0.12854329524046174, 0.10268331204488175, 0.10268454434014117, 0.10268331204488175, 0.10268331204488175, 0.10268331204488175]
[0.125, 0.125, 0.125, 0.125, 0.125, 0.125, 0.125, 0.125]
[0.10583603408126646, 0.10491445935449116, 0.26449127336267786, 0.10491445935449116, 0.10510034668104175, 0.10491450845704944, 0.10491445935449116, 0.10491445935449116]
[0.15266434241822605, 0.10247128842631109, 0.231259949212329, 0.10243982821345132, 0.10378051711408712, 0.10250441818869283, 0.10243982821345132, 0.10243982821345132]
[0.125, 0.125, 0.125, 0.125, 0.125, 0.125, 0.125, 0.125]
[0.125, 0.125, 0.125, 0.125, 0.125, 0.125, 0.125, 0.125]

Action: 1
[0.10506578100276524, 0.10506578100276524, 0.10506578100276524, 0.10506578100276524, 0.10510358260787397, 0.2645017313755345, 0.10506578100276524, 0.10506578100276524]
[0.10507057839034226, 0.10507057839034226, 0.10507057839034226, 0.10507057839034226, 0.10507057839034226, 0.2645059512676042, 0.10507057839034226, 0.10507057839034226]
[0.10263355291257369, 0.10275346635392713, 0.10263355291257262, 0.10263355291257262, 0.12776578299720684, 0.25631298608600184, 0.10263355291257262, 0.10263355291257262]
[0.125, 0.125, 0.125, 0.125, 0.125, 0.125, 0.125, 0.125]
[0.10272022146830818, 0.10346705708662135, 0.10272022146830818, 0.10272022146830818, 0.12410557249977158, 0.2588262630720661, 0.10272022146830818, 0.10272022146830818]
[0.10275518724710622, 0.10275509924309476, 0.10275509924309476, 0.10275509924309476, 0.15529936234697936, 0.22816995419044075, 0.10275509924309476, 0.10275509924309476]
[0.125, 0.125, 0.125, 0.125, 0.125, 0.125, 0.125, 0.125]
[0.125, 0.125, 0.125, 0.125, 0.125, 0.125, 0.125, 0.125]

