Action: 0
[0.10935621348491821, 0.12799582677362412, 0.2645259424579437, 0.09962436388422423, 0.0996244125833577, 0.09962451304748361, 0.09962436388422423, 0.09962436388422423]
[0.15810876602947302, 0.10102630089338538, 0.13470712771682924, 0.10102630089338538, 0.20205260178677076, 0.10102630089338538, 0.10102630089338538, 0.10102630089338538]
[0.2104779083098406, 0.1030190262410414, 0.17140793424390985, 0.1030190262410414, 0.10301902624104256, 0.10301902624104144, 0.1030190262410414, 0.1030190262410414]
[0.125, 0.125, 0.125, 0.125, 0.125, 0.125, 0.125, 0.125]
[0.20489328603167759, 0.10207761019129936, 0.17097184409889274, 0.10207761019129936, 0.11374681891293287, 0.10207761019129936, 0.10207761019129936, 0.10207761019129936]
[0.1303587562706299, 0.10083086408154347, 0.26465605924010793, 0.10083086408154347, 0.10083086408154499, 0.10083086408154347, 0.10083086408154347, 0.10083086408154347]
[0.125, 0.125, 0.125, 0.125, 0.125, 0.125, 0.125, 0.125]
[0.125, 0.125, 0.125, 0.125, 0.125, 0.125, 0.125, 0.125]

Action: 1
[0.10082426319408616, 0.10079446250965121, 0.10079446250965121, 0.10079446250965121, 0.16338668806551684, 0.23181673619214085, 0.10079446250965121, 0.10079446250965121]
[0.10427487295105402, 0.10427487295105402, 0.10427487295105402, 0.10427487295105402, 0.1658010163915679, 0.20854974590210804, 0.10427487295105402, 0.10427487295105402]
[0.10204241432863305, 0.10203969341491456, 0.10203969341491388, 0.10203969341491388, 0.11515457712671168, 0.27260454147008517, 0.10203969341491388, 0.10203969341491388]
[0.125, 0.125, 0.125, 0.125, 0.125, 0.125, 0.125, 0.125]
[0.10083277490704068, 0.10075290325441724, 0.10075290325441724, 0.10075290325441724, 0.1576910901335356, 0.23771161868733762, 0.10075290325441724, 0.10075290325441724]
[0.10181860669658375, 0.10181860669658375, 0.10181860669658375, 0.10181860669658375, 0.21917870634764983, 0.16990965347284756, 0.10181860669658375, 0.10181860669658375]
[0.125, 0.125, 0.125, 0.125, 0.125, 0.125, 0.125, 0.125]
[0.125, 0.125, 0.125, 0.125, 0.125, 0.125, 0.125, 0.125]

