0.125 0.125 0.125 0.125 0.125 0.125 0.125 0.125
0.07575757575757576 0.12626262626262627 0.09090909090909091 0.15151515151515152 0.0946969696969697 0.15782828282828282 0.11363636363636365 0.1893939393939394
0.06430745814307458 0.11377473363774733 0.056062912227295786 0.09918822932521562 0.12861491628614916 0.22754946727549466 0.11212582445459157 0.19837645865043124
0.0986328272011518 0.07767335142090703 0.1972656544023036 0.15534670284181407 0.09596058991303265 0.06771522944386768 0.17197518588918773 0.13543045888773536
0.11105520160299093 0.08964696996867944 0.13881900200373865 0.11205871246084928 0.13326624192358913 0.11410061468264705 0.1665828024044864 0.13447045495301915
0.09535981409694738 0.07697719933127078 0.19071962819389476 0.15395439866254157 0.0962777561750357 0.07650457936951707 0.17164766537450532 0.1385589587962874
0.09271035780071633 0.07483848159816861 0.2181778537752369 0.14967696319633722 0.09088062581501576 0.07212780689653239 0.1668786440412894 0.13470926687670348
0.08966568834324769 0.072380736373465 0.24428068968843594 0.14476147274693 0.08763904660944108 0.06958880174839742 0.16139823901784583 0.130285325472237
0.07368301267849756 0.12280502113082926 0.10835409106528726 0.1473660253569951 0.09955352264086405 0.15350627641353656 0.11052451901774633 0.18420753169624388
0.06080057200762853 0.1075702427827274 0.06508558047652235 0.09377918601571106 0.13298861048718888 0.2462061824419088 0.10601125375689077 0.18755837203142212
0.09090555874341748 0.07338159561215628 0.20734566493998186 0.14676319122431256 0.09231538697660492 0.09357172466349412 0.16363000573815148 0.1320868721018813
0.11690101016671935 0.09436587567674935 0.21995143022969701 0.1179573445959367 0.11465876072462079 0.09849033203237453 0.13151363643755928 0.10616161013634302
0.0950755947164787 0.06875492509790926 0.2636790764014643 0.13750985019581852 0.08539710740520023 0.07251135996767377 0.15331322103921854 0.12375886517623666
0.09389215142314085 0.07394006924572342 0.23391692399055677 0.14788013849144685 0.0932796050584304 0.06446057318857938 0.1637093922249635 0.12892114637715876
0.0732809582798353 0.11862492988177809 0.13512879541765901 0.1482811623522226 0.08788836067016717 0.15828508845851108 0.10057331011715968 0.1779373948226671
0.09431309177711328 0.0742715597744767 0.23017814482322832 0.1485431195489534 0.09400204977263013 0.06474956493159507 0.16444333950881287 0.12949912986319015
0.06472477004563766 0.10466465899035832 0.08289080023989917 0.09124611296595342 0.13778223197095785 0.2330514199807307 0.10314777987455602 0.18249222593190684
0.07304877106616076 0.12174795177693461 0.10281943130303826 0.1460975421323215 0.11190627973573339 0.15218493972116823 0.10957315659924113 0.1826219276654019
0.08963916854654079 0.14939861424423467 0.09829403654129744 0.1344587528198112 0.13294434523851892 0.21374576630285172 0.10084406461485841 0.08067525169188672
0.06892604606737565 0.11487674344562608 0.10050702244296253 0.1378520921347513 0.10582807722188803 0.19630583441789376 0.10338906910106348 0.1723151151684391
0.05889217276523581 0.09815362127539304 0.06463192698221107 0.08833825914785373 0.14499464306462392 0.2623069474915505 0.10600591097742447 0.17667651829570746
0.06660857281593542 0.11101428802655904 0.09156169145428822 0.13321714563187084 0.11044173683019229 0.22072227397741256 0.09991285922390314 0.16652143203983852
0.05689843420234619 0.09483072367057699 0.061659670641713654 0.0853476513035193 0.14517925187407843 0.28297178413650365 0.10241718156422314 0.1706953026070386
0.0685570564105919 0.1147316102941362 0.09434442755390389 0.1434145128676703 0.10320890191135546 0.20637362331523973 0.0972724522058981 0.1720974154412043
0.09059629717562459 0.07134458402580438 0.2193505218359617 0.14268916805160875 0.09936531393036918 0.09429565544993494 0.15796277456262747 0.12439568496806917
0.08526369460656535 0.14210615767760892 0.11908281750725477 0.127895541909848 0.13322186385723825 0.21977094286318966 0.09592165643238602 0.07673732514590882
0.06955417537724568 0.11317375468243265 0.10574777145096138 0.14146719335304084 0.10018148987801247 0.20416332165607382 0.09595166157858422 0.16976063202364897
0.08956960612696356 0.07053606482498381 0.22692266506992553 0.14107212964996763 0.09781864126596854 0.09492228729982101 0.15617264658034674 0.12298595918202306
0.062438697374785135 0.10123246272608763 0.08037021364559246 0.0882539418637687 0.1399317338525168 0.2514997412245819 0.09976532558512984 0.1765078837275374
0.06519083366349804 0.1086513894391634 0.09534150119752316 0.13038166732699608 0.11088905198795465 0.22878222173087262 0.09778625049524706 0.1629770841587451
0.058820762796036936 0.0918905845702051 0.06245111272209502 0.08270152611318458 0.14168239622983356 0.2978087340064541 0.0992418313358215 0.16540305222636917
0.06760742360038272 0.10611966043669935 0.08966471166026961 0.1273435925240392 0.10927168193349554 0.24530574479703524 0.09550769439302942 0.159179490655049
0.04892789182165809 0.08095627824127923 0.07109329056319126 0.10119534780159901 0.11718337036689938 0.26385838460906286 0.11439474099311193 0.20239069560319803
0.11919933744996875 0.09160742805470971 0.16930391078444057 0.11450928506838716 0.13299501721185816 0.14165735748687047 0.1276693073822167 0.10305835656154842
0.09618294588441047 0.06739449192649696 0.25080012720578976 0.13478898385299393 0.10187823125585913 0.08222992907540373 0.14921694590156429 0.11750834489748188
0.09171957798626958 0.13902795451355454 0.12795278977587168 0.12512515906219907 0.13333859942846765 0.2139169544996686 0.09384386929664931 0.07507509543731944
0.06206828139083964 0.09391013165904809 0.0627521885700133 0.08187037118993937 0.14347639835726567 0.2996327711948229 0.09254911525819232 0.16374074237987873
0.10160061230204881 0.07508220989530937 0.1350153880668874 0.09009865187437124 0.166992254393407 0.17557383549108949 0.1430137331339226 0.11262331484296405
0.06343520050643547 0.09444253486851265 0.06409454938788815 0.0823345175776777 0.15395510674830198 0.283995253276715 0.09307380247911391 0.1646690351553554
0.09345382635931425 0.06897284800898316 0.2077613395653735 0.13794569601796633 0.10919196662367332 0.10970241701876683 0.15271155603128544 0.1202603503746373
0.06278384631520942 0.09542474096981522 0.08211292380346472 0.0858822668728337 0.1486731461803413 0.2502998218652677 0.10305872024740043 0.1717645337456674
0.0502850713059963 0.07862910464191859 0.0700964464279715 0.09435492557030233 0.13327130254174616 0.2714273876870976 0.11322591068436277 0.18870985114060465
0.056679556477196455 0.09180656825006105 0.05401013887760029 0.08003649539748912 0.14002669647294924 0.3268915154543032 0.09047603827542249 0.16007299079497825
0.06703722952182473 0.10723596233481308 0.08730096067021313 0.13404495291851637 0.09993399064154278 0.2526755140835288 0.09091744632734154 0.16085394350221963
0.09880383473989764 0.06897429405876412 0.21203519461686116 0.13794858811752825 0.09697829905548963 0.10730367902539478 0.15380238108028893 0.12415372930577542
0.10098299480870455 0.06624092279764882 0.26269556370068486 0.13248184559529763 0.09258028889610102 0.07807735203193368 0.14770737113386168 0.11923366103576787
0.13310784022663802 0.08682458570736465 0.23655032906641602 0.1085307321342058 0.12041885961392385 0.09588632730939513 0.12100366702127126 0.09767765892078521
0.09471938592163343 0.06545485741344839 0.28023800319835096 0.13090971482689678 0.0966566579068093 0.07297252705423987 0.14492243562440343 0.11412641805421771
0.06364380653302011 0.09653620806862634 0.09437515488837103 0.08688258726176369 0.14672282021755323 0.2338151437930219 0.10425910471411644 0.17376517452352738
0.08423465941611297 0.1316169395648609 0.09055353537122711 0.11845524560837481 0.13882705790419494 0.27639798056392334 0.08884143420628111 0.07107314736502489
0.0623845140002413 0.08993602145960375 0.05619255201921975 0.0784057622981161 0.13974155440232824 0.3278954703655188 0.08863260085873993 0.1568115245962322
0.09856716497382913 0.06810728355032948 0.19679827472071615 0.13621456710065896 0.10455262658884866 0.12129789562399138 0.1518690770510332 0.12259311039059308
0.1031626451714046 0.0661170702369259 0.2574947141234787 0.1322341404738518 0.09400809163645152 0.08054141352251443 0.1474311984089064 0.11901072642646661
0.08096778631809143 0.11251874819240629 0.13948644754949693 0.14064843524050782 0.09531164233480743 0.16689248808686652 0.09539632998921403 0.16877812228860942
0.10173881111553278 0.06782646536044061 0.23560992705431105 0.13565293072088122 0.09543331235348577 0.09040802134581183 0.15124289440074365 0.12208763764879309
0.10247195837489977 0.06520032853334704 0.27295767123105386 0.13040065706669407 0.09203330700164071 0.07418848519529447 0.14538700123704548 0.11736059136002466
0.10119123863961924 0.06419282783612935 0.2870935731104365 0.1283856556722587 0.09005972436518436 0.07038946521585066 0.14314042505548843 0.11554709010503283
0.1345637070233948 0.0855427781649812 0.24497858403661169 0.10692847270622648 0.11955042455420072 0.0929831407483078 0.11921726733067341 0.09623562543560384
0.14329707695237245 0.0848047848821863 0.22789579801680557 0.10600598110273288 0.1268282641458233 0.09757395387218494 0.11818875803543501 0.09540538299245957
0.1290048925454142 0.07382207334490429 0.19279868425976623 0.09227759168113035 0.14962672017950807 0.11456009018922512 0.1371768377826953 0.11073311001735643
0.08587083263659685 0.11021522880132094 0.12298268812394202 0.1377690360016512 0.10672572606491729 0.1776702990119487 0.09344334615764167 0.1653228432019814
0.07844412334508463 0.11157085564298976 0.10703508604492584 0.1394635695537372 0.09861591791247486 0.202921482078116 0.09459268195818699 0.16735628346448464
0.10337739880024531 0.06826827136399288 0.22171222763071405 0.13653654272798577 0.09739206081886406 0.09760255435554012 0.15222805584747068 0.12288288845518718
0.10489605553122104 0.06530720492328543 0.2672332174482875 0.13061440984657086 0.09315621410536022 0.07561460964845321 0.14562531963490807 0.11755296886191377
0.08249335420052804 0.11198880128895847 0.14174436033592303 0.1399860016111981 0.09641404209671366 0.1644432113534719 0.09494702717976913 0.1679832019334377
0.10346318726653024 0.06753231204341516 0.23617123145016491 0.13506462408683031 0.09586551638532159 0.08975799068233326 0.15058697640725707 0.1215581616781473
0.10465449518390088 0.06492132122742285 0.27276249665779084 0.1298426424548457 0.09233645613575 0.0738593535432126 0.144764856587716 0.11685837820936114
0.13838164465606026 0.08547881352169515 0.23945540375017266 0.10684851690211894 0.12078094655631195 0.09376288682578947 0.11912812257594455 0.09616366521190703
0.1115606856356242 0.06361464466365017 0.2716088980896545 0.12722928932730035 0.09618233218735908 0.07344662682498566 0.14185116287685573 0.11450636039457031
0.10508474325198917 0.06376871751668879 0.28573933714255484 0.12753743503337758 0.09096774624897999 0.06992360693318622 0.14219472234318364 0.11478369153003982
0.10321224707094175 0.06355335061884905 0.2913523839668321 0.1271067012376981 0.0895804840978729 0.06908431558856368 0.14171448630531416 0.11439603111392832
0.10259742973294644 0.06343431356211712 0.2935111157597956 0.12686862712423425 0.08913838103571903 0.06881931693784982 0.14144905143552683 0.11418176441181081
0.10238086023681157 0.06338411379634518 0.29433183962069265 0.12676822759269035 0.0889828377340374 0.0687236027356439 0.14133711345035774 0.11409140483342133
0.12007750198871438 0.07437440823010208 0.21614915115747232 0.09296801028762759 0.13916947401922986 0.10749665055904814 0.13820319141265236 0.1115616123451531
0.1431684267663002 0.08495166160095549 0.2171268249632095 0.10618957700119437 0.13343910952849827 0.10116032707773409 0.11839345376103312 0.09557061930107492
0.11347004319224743 0.06394921153420714 0.26246210617635024 0.12789842306841429 0.09937869001969858 0.07513574818466566 0.14259719706284396 0.11510858076157285
0.08440794290211005 0.11168750840797913 0.14051845319718753 0.1396093855099739 0.09761259717033699 0.16394126698498304 0.09469158321546058 0.16753126261196868
0.10408848602064662 0.0674865026653042 0.23550277993078406 0.1349730053306084 0.09634422835604899 0.08964446456776991 0.1504848283312903 0.12147570479754759
0.1050170365406633 0.06488366352907685 0.27239492677800925 0.1297673270581537 0.09265401092673092 0.07381155527407134 0.1446808855409564 0.11679059435233831
0.10379978565849995 0.0638948149057959 0.28633188358885336 0.1277896298115918 0.0906068116792529 0.07009050682518692 0.14247590070038665 0.11501066683043262
0.12070039610232722 0.07445765286148134 0.21356734995808777 0.09307206607685167 0.14019227207931814 0.1079659062975561 0.13835787733215565 0.11168647929222202
0.08485838587223124 0.11012983079887503 0.12785100546825665 0.13766228849859383 0.10586587783899842 0.17506692182133815 0.09337094350339407 0.16519474619831256
0.07859029680968285 0.11148862918033337 0.10812014752889793 0.13936078647541672 0.09867929121068512 0.20200493680637516 0.09452296821810872 0.16723294377050005
0.1360265747391608 0.08938536681735314 0.18194164469043522 0.11173170852169144 0.128100652312789 0.12768299843456524 0.12457251681448282 0.10055853766952227
0.11334814806903246 0.06496928998866258 0.24890930746312986 0.12993857997732516 0.10014186746561538 0.08087626529087787 0.14487181976576402 0.11694472197959266
0.0844122545106919 0.11174942528298634 0.13730052998446501 0.13968678160373293 0.09820399009881543 0.16627880263751446 0.09474407795731453 0.16762413792447953
0.09152081839333716 0.13001757022093474 0.12852933028427246 0.16252196277616843 0.08491703222154867 0.17354930375817954 0.08267421584700743 0.14626976649855158
0.1055042397707492 0.07631608950213298 0.22915196751439926 0.1341318546742112 0.09339519489795191 0.09123497631192082 0.1495470081218444 0.12071866920679007
0.08249200419883713 0.12017126944005799 0.13197344566159483 0.1388808739142369 0.09616353056724679 0.16946436521389457 0.09419746230704763 0.16665704869708425
0.13549851457512002 0.09919698199852586 0.1892448392992584 0.10998556191441 0.12574675895013307 0.11871464388277135 0.12262569365681233 0.098987005722969
0.11244658539762856 0.07127023378797086 0.25091031718057 0.12859963058621018 0.09892492315253713 0.07872965125122694 0.14337899111626715 0.11573966752758914
0.14070713776230567 0.09149193668587083 0.23044916575629182 0.10621049390372334 0.12264330004824699 0.09449174678382026 0.11841677454639005 0.095589444513351
0.11202117055043846 0.06958909673272755 0.2670240543839197 0.12645556975757039 0.09677785247317974 0.07333372002347771 0.14098852329687322 0.11381001278181332
0.10504695678272497 0.06821937663011533 0.28328084219768235 0.12689878122504403 0.09118830227082818 0.06967416678344182 0.1414826710076237 0.11420890310253962
0.10297474891568711 0.06784682766415255 0.2897484091096368 0.12638109765334163 0.08963710850801584 0.06876332780288066 0.14090549245827788 0.11374298788800746
0.119865251855115 0.07931203334061067 0.2140545693168412 0.0923664667552032 0.1392698269748102 0.10698313510165007 0.13730895654952596 0.11083976010624383
0.10784655949695661 0.06932880987552872 0.26098845302534274 0.12758363699449146 0.10109187905361457 0.07608915417710567 0.14224623408191808 0.11482527329504232
0.08278009975241495 0.1189351020081413 0.1393920365735604 0.13832171113908764 0.09768755214922048 0.16307924093372364 0.0938182040769464 0.16598605336690514
0.07749723192840664 0.12410654784898531 0.10987470497405798 0.13774912685937313 0.09622533813624946 0.19581825545619194 0.09342984256548786 0.16529895223124774
0.13328848878225558 0.10780607321163613 0.17968910970762234 0.10922402642899569 0.12533041975078357 0.12458361991102891 0.12177663842158176 0.09830162378609611
0.11179008365117202 0.07741237429476772 0.24617636988145003 0.12808482003697405 0.09879258730782992 0.07966241102196299 0.14280501577256657 0.11527633803327664
0.10542085276934145 0.07301599571512632 0.2747563105786879 0.12727926775952658 0.09203963218684205 0.0710297149078475 0.14190688509905425 0.11455134098357389
0.1373463085041816 0.09579322281153314 0.2382952146928939 0.10511188011168822 0.11975095762085312 0.0919098220039557 0.11719190215437478 0.0946006921005194
0.11052360041159591 0.07433703356283891 0.2694444745013839 0.12528229256233975 0.09560502633916344 0.07237310253438141 0.1396804067821907 0.11275406330610577
0.12162394911620382 0.08401036794092805 0.20683496394171927 0.09195563137708737 0.1409237622547433 0.10760634555027743 0.13669822216653585 0.11034675765250483
0.10809980573076228 0.07388373779200379 0.25736058912227044 0.12709785589770312 0.10140177729476822 0.07606353944323961 0.14170462441131973 0.11438807030793281
0.13847613476375265 0.09613043326572875 0.23193564258553004 0.10532798392178282 0.12264916907577707 0.09325260908234392 0.11743284177548023 0.09479518552960453
0.11099974432957146 0.07451920297098559 0.2668795725704643 0.12552578691636365 0.09640760609817155 0.07274299407400923 0.13995188481570695 0.11297320822472728
0.12179717588469947 0.08406807526306692 0.20600894455646587 0.0919942509764796 0.14123836000647044 0.10774445934615602 0.13675563279488612 0.11039310117177553
0.1081689646164119 0.07391010616987398 0.25702458329080924 0.1271321232208958 0.10149540129332744 0.07610708059045872 0.14174282991941664 0.11441891089880621
0.10416915589948596 0.07230661910456739 0.27895334739788763 0.12675469909047596 0.09226870061240659 0.0701462185337697 0.14132203017997844 0.11407922918142839
0.10258026761483272 0.0716600315424606 0.2876031349639485 0.12594854595964217 0.0897430375503117 0.06868806140534625 0.14042322959978015 0.11335369136367794
0.10191969779121346 0.07137374673693697 0.29093456506304277 0.1255662012115902 0.08895677127596215 0.06824249309193083 0.13999694373889235 0.1130095810904312
0.10165048085941061 0.07125575335376065 0.29220823050806577 0.125411748511712 0.08869041058390026 0.06808806201776085 0.13982474050484905 0.11287057366054079
0.11899425877916979 0.08344710275552049 0.21437234060170685 0.09180908891764646 0.13842837940619226 0.10629754588041543 0.13648037695817294 0.11017090670117576
0.10723089603557114 0.07365041020877734 0.2604459414143336 0.1268089811570427 0.10068468497600692 0.07566845253362998 0.14138255063329985 0.11412808304133844
0.12088554577135001 0.08404835583438058 0.20395482265692325 0.0921211213977497 0.14285119540014365 0.10864937906490141 0.13694423419725177 0.11054534567729964
0.08368349315642615 0.12557500851699338 0.1240490771790847 0.13500593883791984 0.10533581598245252 0.17277429424894353 0.09156924547267606 0.1620071266055038
0.11653376848595925 0.09306760657072752 0.15974380807287003 0.09402963822556558 0.14707843347090488 0.136929806657528 0.13978137264576615 0.11283556587067868
0.10860292200478312 0.07624808863927478 0.23835310667715554 0.12929671004598575 0.10446476390293345 0.08251118699541855 0.1441561826930617 0.11636703904138716
0.10495600089748601 0.07308877941817436 0.27174200485490746 0.12767079906718667 0.09356970052766199 0.07172558278577468 0.14234341328834094 0.114903719160468
0.1202735556023255 0.08398894343317725 0.20784090846990624 0.09215220138736208 0.14055530461511656 0.10761600813800545 0.13699043668927258 0.11058264166483447
0.14184930582007885 0.09724236880926149 0.21210392795165017 0.10455592710003928 0.13346042755638482 0.10011565233713297 0.11657205603541691 0.09410033439003535
0.1123795189954857 0.07502629685612998 0.25868813517812406 0.12613248727832505 0.09931415258585964 0.07431186011243575 0.14062831044314744 0.11351923855049252
0.10504840136091871 0.07234912126849818 0.2794807490414837 0.12657596365713633 0.0917522233751075 0.06975242049516293 0.1411227535102699 0.1139183672914227
0.081809667294481 0.125009929991321 0.14319899372155917 0.13730760974767373 0.0951729201375058 0.159601368624872 0.0931303787853787 0.16476913169720844
0.10205359020705007 0.08180101165810379 0.23418150018853687 0.13240898718336458 0.09479269358125207 0.08796798927491331 0.14762613944175124 0.11916808846502813
0.10378742594834937 0.07407420730156042 0.2705692025418104 0.12828399335024002 0.09184943371026494 0.07295306397938102 0.14302707915317803 0.115455594015216
0.1200449727540532 0.08420114290614178 0.20756217477748048 0.09224250174894838 0.140100246560282 0.10803328491263572 0.13712467424172028 0.11069100209873806
0.08353517030478597 0.1256232306021504 0.12490463071243249 0.13502650593175414 0.10474662653321722 0.17254883346993025 0.09158319532762454 0.16203180711810491
0.11649068577486997 0.09307310913071697 0.1600395920635007 0.09402862563515385 0.1468872338287104 0.13686653544275415 0.13977986736210932 0.11283435076218461
0.12325336979905854 0.08654300248683022 0.16918589168150075 0.09172043707496215 0.158033212226234 0.12485097220166529 0.1363485900397945 0.11006452448995457
0.09700047340567204 0.1453878794307869 0.13364988269288683 0.15565491467909698 0.09405975611587115 0.15497669212774082 0.07918097833675802 0.14008942321118725
0.10575465355146921 0.0843236915853298 0.22952689299505305 0.13224179618077578 0.0945282681100683 0.08716734706380043 0.14743973395080523 0.1190176165626982
0.10479705603112381 0.07447222373058507 0.26866946243740164 0.12844496548522902 0.09190579819222258 0.07290347411588698 0.14320655107084487 0.11560046893670611
0.10312992378136242 0.07221918608501977 0.28373213369380623 0.12650569702639586 0.09007409359251885 0.06943942703636784 0.14104441146077268 0.11385512732375627
0.10218712250040349 0.07154261082340542 0.289463160437663 0.12575465605969924 0.08920008546244444 0.06846611743191572 0.1402070568307393 0.1131791904537293
0.08123506350508587 0.12476818534623442 0.14551013171507754 0.13721026473853642 0.09455476479867539 0.15900491873531336 0.0930643534748334 0.1646523176862437
0.10184005329037454 0.08171239118463033 0.2351491981120948 0.13231079040758953 0.09459047791856373 0.08780072035503686 0.14751665736487965 0.11907971136683056
0.12028686080213197 0.08587860184818802 0.19642402051864408 0.09296644512889816 0.1419390678552451 0.11274440499313648 0.13820086469907847 0.11155973415467779
0.10818674721540618 0.07441001511606929 0.2532494780879036 0.12763436400205855 0.1020869490602788 0.07725872800667312 0.1423027909097578 0.11487092760185268
0.12128457541812132 0.08425932694063853 0.20165992336888852 0.09224661066280634 0.1435206588363972 0.1092021895596387 0.13713078241814197 0.11069593279536762
0.1081908178183001 0.0740356217242 0.2552603632053563 0.12731171994565232 0.10221177704756931 0.07646608544305522 0.14194306686477953 0.1145805479510871
0.1212317174304571 0.08416487621068235 0.20227976999439043 0.092196022828026 0.143497626389667 0.10893917954909517 0.1370555802040506 0.11063522739363119
0.10815454266248894 0.07400708771589705 0.25550712646368823 0.12728114010080693 0.10218493258645471 0.07640317176008304 0.14190897261985488 0.11455302609072625
0.12121649221210136 0.08415684428613186 0.20235769252605476 0.09219117526621975 0.14348257508168802 0.10891743633049739 0.1370483739778431 0.11062941031946372
0.10814812938782038 0.07400415178654017 0.25553858727531464 0.1272776496156016 0.1021791043029183 0.07639741198842866 0.1419050809893349 0.11454988465404142
0.13853326154294646 0.09618022023741737 0.2312821212700745 0.10536286498244356 0.12298531330943469 0.09335790861843143 0.11747173155505274 0.0948265784841992
0.08691765855789653 0.1278847597857341 0.13044300442870407 0.13462401164639848 0.10079352898973991 0.16647802341220458 0.0913101992036442 0.16154881397567816
0.13546778423344383 0.10773615606620808 0.18684527340087764 0.10846506033519278 0.12594027637693322 0.11699644741941882 0.12093044786625223 0.09761855430167349
0.08615396934331594 0.13011002668510668 0.11969540577783894 0.13453960010031715 0.10124792969289247 0.1755526021251507 0.09125294615499771 0.16144752012038055
0.11731365860014414 0.09378456949784413 0.15834709652352638 0.09410412141278066 0.14583303463206 0.1378004767321444 0.1398920969061635 0.11292494569533677
0.10884754010820409 0.07637670533792892 0.23778434446942837 0.12936677579960373 0.1042459397652011 0.08271429552043236 0.14423430077955818 0.11643009821964334
0.10503486499770827 0.07311942634857925 0.2715203909021649 0.12769838026641409 0.09354447338902129 0.07177975758915853 0.14237416426718108 0.11492854223977268
0.10304678571402677 0.07195007206635219 0.28475746984726236 0.126303008614574 0.0902989697917249 0.069152557205351 0.1408184290075922 0.1136727077531166
0.11951391193385054 0.08364888573619426 0.2119972315438506 0.0919350162860997 0.13920035234086986 0.10671500616662863 0.13666757644918703 0.11032201954331963
0.08343091170900885 0.12549196133861928 0.12594391007758177 0.13499950490840135 0.10454233863151213 0.17202708585474885 0.09156488159004612 0.16199940589008158
0.08875977655847699 0.15543833725790404 0.12224906078252029 0.15706344573761624 0.0839237952377987 0.17131099129965055 0.0798974919621787 0.1413571011638546
0.10430626256388106 0.08605441437675505 0.22513363068458966 0.13305158405217907 0.09280206233850462 0.09056303334164002 0.1483425869954892 0.11974642564696114
0.10465455499513769 0.07483625271030295 0.2670407597259639 0.12872983655627543 0.09171556288197541 0.07364201917367025 0.14352416105602647 0.11585685290064789
0.13742390860775677 0.09632828178301339 0.23571930596596846 0.10540169582984629 0.12001331643652892 0.09273694007794202 0.11751502505208236 0.09486152624686167
0.08671200849464705 0.12792109527094858 0.13148926916920575 0.13463070443352224 0.10012660201572407 0.16624873663646722 0.09131473865925856 0.16155684532022666
0.13538448305780706 0.10772848456701785 0.1872426423223568 0.10845116614068107 0.1257312462856658 0.11694097122360672 0.12091495687625185 0.09760604952661295
0.09927704621006668 0.14995321705957376 0.13805979371091817 0.15505939972466443 0.08747786924334014 0.15174117183060498 0.07887804246863364 0.13955345975219796
0.12077274397844245 0.09644089458929744 0.16450225943772945 0.09389306989791078 0.1409737542349799 0.13116723932993946 0.13957835465420768 0.11267168387749292
0.10948094848274527 0.07655937258095537 0.24032828259606678 0.12911782746451753 0.10297447658520678 0.08137630560827155 0.14395674196417102 0.11620604471806577
0.10509486751691162 0.07307608741030605 0.27250909569232357 0.12757983179794177 0.09319088599661964 0.07148539139601459 0.14224199157173506 0.11482184861814759
0.1030255332216747 0.07191892172639634 0.2851350460922984 0.12625530169714075 0.09019250951969043 0.06907767686050095 0.14076523935487184 0.11362977152742666
0.11950069590597587 0.08363878795275784 0.21211706742906805 0.09192807218889024 0.13915639200112614 0.10668804431322321 0.13665725358229058 0.11031368662666827
0.12327880466627532 0.08460470335805155 0.18614391770401748 0.09101592798030231 0.15446342687688366 0.1159728158852993 0.1353012899528076 0.10921911357636277
0.1430564785978742 0.09749369390817088 0.20387023611808996 0.10469608219229 0.13769756684876655 0.10223114985780625 0.11672831850394122 0.09422647397306098
0.11293436713754312 0.07523461720946974 0.25530340600082485 0.12643423565014292 0.10047372571263037 0.07486409884507113 0.14096473735918919 0.11379081208512862
0.10529325380347103 0.07245558315917953 0.2781568611800933 0.1267238519298576 0.09210262909228345 0.06992871620032734 0.14128763789791585 0.11405146673687186
0.10285703640389908 0.07168503402976163 0.28726729141658247 0.12595923263576186 0.08977096182033945 0.06866198987532941 0.14043514444614044 0.11336330937218567
0.1019885391085603 0.07137861889102748 0.29079264848225655 0.1255682117289053 0.08901742105987236 0.06824398485770312 0.13999918531566005 0.11301139055601475
0.11910371641372194 0.08347670395933597 0.21390932392955117 0.09182374083092706 0.13863552971115783 0.10636033814684524 0.13650215801134827 0.11018848899711246
0.09607601596880014 0.14460033334724215 0.14568560475766285 0.15559627682327298 0.09026436969671664 0.14858960075091202 0.07915114951444757 0.14003664914094566
0.10514794899491318 0.08392209095321888 0.23460070925924648 0.13176089095886928 0.09335189002500315 0.08572810742893776 0.1469035605168289 0.11858480186298238
0.08188179536941427 0.12761707374685877 0.13258061698223444 0.13764484708464123 0.09561384794145335 0.16612888869902837 0.09335911367480013 0.16517381650156943
0.1024357981155679 0.08241974374690209 0.22978337839513438 0.1329001477067626 0.09522858873434611 0.08944846359363093 0.14817374677156964 0.11961013293608634
0.10403875476120185 0.07426836097697144 0.2688572084640393 0.12850080018664073 0.09208696187389777 0.0733283909731221 0.14326880259615016 0.11565072016797665
0.1371684477904952 0.09619029530394298 0.23634535864865752 0.1053459322272436 0.1200639193544236 0.09262185487407457 0.11745285279664323 0.09481133900451923
0.08666186158383185 0.1278874951962562 0.13163455417602477 0.13462402179424018 0.1001353428009282 0.16619769220910244 0.09131020608652812 0.1615488261530882
0.1034459139480176 0.08231983838014638 0.2290112881502323 0.13260178449823312 0.09608339295780075 0.08935508195718961 0.14784109405997037 0.11934160604840982
0.10427897804812643 0.07425296985584903 0.26850263609758424 0.12848910144295986 0.09226939542277504 0.07331096846405495 0.1432557593699866 0.11564019129866389
0.10301523955495309 0.07219832435750888 0.28367408853172077 0.12651555648470214 0.09015860029767915 0.06951878591620037 0.1410554040210037 0.11386400083623191
0.13634754063622412 0.09548068333865355 0.2414339496926207 0.10489866838575186 0.11907484076472287 0.09140132864357169 0.11695418699127857 0.09440880154717667
0.1273030815421296 0.0857593730970596 0.1954869937536051 0.09037321708253086 0.14702667394839275 0.1112569430411245 0.1343458570361205 0.10844786049903704
0.09780102711266862 0.1450482330986441 0.14067026834505772 0.15544821700155914 0.09185713289820528 0.15019589411558174 0.07907583212688009 0.13990339530140322
0.10571286953563928 0.08409114930614414 0.23245779412433423 0.13193642463369729 0.09382932328125664 0.0861303894838666 0.14709926746473415 0.11874278217032758
0.10468104740075758 0.0743656333353759 0.26981291009140623 0.12830297295292353 0.09166241380008722 0.07265410676803648 0.14304823999378188 0.11547267565763115
0.08178661575036356 0.1255355847731569 0.14094350680719994 0.13745847766479963 0.09521418148238409 0.16087875373429833 0.09323270659003803 0.16495017319775956
0.10212809643934839 0.08193097729586532 0.2332548822689563 0.1325182663926841 0.09487727111561609 0.08827608912913638 0.14774797760497765 0.11926643975341569
0.08130834560960679 0.12719461134994497 0.13223770253050024 0.13764766438529016 0.09594550975430068 0.16712794456842084 0.09336102453958812 0.1651771972623482
0.10230603418219415 0.08237582355177625 0.22964115689961032 0.1329129142537194 0.0953124570844109 0.08964201068124261 0.14818798051869908 0.11962162282834744
0.12052314692166613 0.08605524689412378 0.19466882825288526 0.09306593847379593 0.14230705923391884 0.11335188581639707 0.13834876823865783 0.11167912616855512
0.12386191209197243 0.08517272852369792 0.1805077571800735 0.0912848211119619 0.15587736058499874 0.11805261751993518 0.13570101765300605 0.10954178533435428
0.08408185105298022 0.12555446303826642 0.11834718512258999 0.1347110940295145 0.10808460627876357 0.17619822386592768 0.09136926377654028 0.1616533128354174
0.10321639317694217 0.0823505170009916 0.22335551357758013 0.13311771557063332 0.09822919553632713 0.09150840242057791 0.14841631870337774 0.11980594401356999
0.10442057907627404 0.07440101711411773 0.2662778904910114 0.128748920052642 0.0929055835591637 0.07382654392907975 0.14354543773033365 0.11587402804737779
0.12029566611009358 0.0843057830403449 0.20618919757709017 0.09231319121351955 0.14054247745729648 0.10834809626682654 0.13722975887860522 0.11077582945622348
0.10782494292110105 0.07395520901434774 0.2571466495459234 0.12716503988130354 0.1014441734027518 0.07623591980209528 0.1417795295393041 0.11444853589317319
0.13839265085736674 0.09614374280284475 0.2318580202704098 0.10532957527130343 0.12274222869180831 0.09330254835065563 0.11743461601143831 0.09479661774417308
0.08688824635131424 0.12787160680757048 0.13057481354182013 0.13461691598635325 0.10073513694575537 0.16646759468847086 0.09130538649509178 0.16154029918362392
0.1035308760228558 0.08234112360961042 0.2285550582901208 0.13263876914206701 0.096243420723328 0.08943353080636059 0.1478823291777971 0.1193748922278603
0.10431409728936988 0.07426642129452082 0.26832120587643565 0.12850858264035694 0.09231695380297782 0.0733375352687539 0.14327747945126362 0.11565772437632124
0.1372626403711963 0.0961952702147994 0.23614700473985972 0.10535177611249974 0.12013566501123714 0.09263167675656492 0.117459368292593 0.09481659850124977
0.1459757363903327 0.0982670436084098 0.2216051828674399 0.10344248612772128 0.1264977496492727 0.09578291139798219 0.11533065244389222 0.09309823751494914
0.11300109541675427 0.07489060589636767 0.26243583353353417 0.12566940341036373 0.0974784993867449 0.07331009279803981 0.1401120064888682 0.11310246306932736
0.12238838311099183 0.08414820068639382 0.20453750814428687 0.09202598191949393 0.14172527046029673 0.10794067440228453 0.13680280297285963 0.11043117830339273
0.1425500792012834 0.09728526390802188 0.21083802482232872 0.10457162602145986 0.13382863560234198 0.10022234786401045 0.1165895591612396 0.09411446341931388
0.08756092231898861 0.12793853929583376 0.12548699410594283 0.13442008700465324 0.10310699897823614 0.16901046879195322 0.09117188509880828 0.16130410440558388
0.07737845952419976 0.13468035427274175 0.10542668652860315 0.13557405822582919 0.09627909720337213 0.19601789575152276 0.09195457862273632 0.162688869870995
0.07520936325295002 0.13551774263802463 0.10041160648103145 0.13509117050317773 0.09439138160558352 0.20564227613935093 0.09162705477606838 0.16210940460381326
0.11461830215611675 0.09484902778482149 0.15208589496167407 0.09442381170935117 0.143981444922988 0.14636560641007518 0.1403673380037519 0.1133085740512214
0.10845042868784312 0.07669995224792386 0.2352808234716181 0.1297007955155977 0.10408731024756393 0.08444326602936827 0.144606707836047 0.11673071596403795
0.12172670111713146 0.08486551167989435 0.19596699978655885 0.0925878625657038 0.14462525465244494 0.11148415882771918 0.13763807629170294 0.11110543507884453
0.09672719085426731 0.1450863509430177 0.1409474749630197 0.15578654306224443 0.09150453055245027 0.15049208374601278 0.07924793712296783 0.14020788875602
0.10546245065843672 0.08410651818453077 0.23261738590487777 0.1319616560852365 0.09376330445820254 0.08619579558174671 0.1471273986502562 0.11876549047671285
0.08194543461240685 0.12766640509883792 0.13211979244723185 0.13766124952028896 0.0957122774658759 0.16633110262594625 0.09337023880506555 0.16519349942434672
0.10246592377266261 0.08243757832142914 0.22958912310599397 0.13291932565622505 0.0952637904168537 0.089501736882203 0.14819512875403001 0.11962739309060255
0.10405250594714599 0.07427535282542079 0.2687805727141243 0.12850947295788034 0.09210035385149716 0.0733447439529784 0.14327847208886063 0.11565852566209232
0.1371747297066338 0.09619285640827811 0.2363182323283089 0.10534759285066338 0.12006944097390757 0.092629609898782 0.11745470426782917 0.09481283356559703
0.11055435456712452 0.07443614092381542 0.26866491787451774 0.12537075881202975 0.09580671338199308 0.07255439146105655 0.13977904004863617 0.11283368293082678
0.10428907490711731 0.0720434085054295 0.28337925138522646 0.12615017347527985 0.09072051055570082 0.06923439581060767 0.1406480292328866 0.11353515612775185
0.08164779483021974 0.12490819906932545 0.14409728941918187 0.1372571682634907 0.0949198238206333 0.1593649563805056 0.09309616630045456 0.1647086019161888
0.07651439918588664 0.13445051388084597 0.10998568043157829 0.13603805188759488 0.09474351926629143 0.19275288571545068 0.09226928736723827 0.16324566226511383
0.08714750274382532 0.15730319237726664 0.11779920021833248 0.1568770684042533 0.08190888138385867 0.1779721106856025 0.0798026826230332 0.14118936156382794
0.13594099628238815 0.11288916320896389 0.18228968732950682 0.10879433622749646 0.120825528324535 0.1200478201090197 0.12129756591334306 0.09791490260474679
0.1473140725602301 0.10225267947918958 0.20262429460640516 0.10488780523661008 0.12824297609191973 0.10333707192202794 0.11694207539066825 0.09439902471294906
0.13074096544172822 0.08699394108750923 0.1826092204201732 0.09067915731557932 0.1505393836333685 0.11482168558217477 0.13480065774077166 0.10881498877869519
0.08540240184379028 0.1259738663270644 0.11889077292255215 0.1347412656107054 0.10693061835158546 0.17498182823202102 0.09138972797943497 0.16168951873284645
0.1352054535724981 0.10760203371225009 0.18250376353989547 0.10864232398100103 0.1279320599452131 0.1192081900635432 0.12112808360269815 0.0977780915829009
0.08608086869778445 0.13004820683339866 0.11864669641586112 0.13450833951762778 0.10166642369950735 0.17640771408966752 0.09123174332499974 0.16141000742115333
0.10372630513383507 0.08292898793879122 0.22353347406781493 0.1331493845149193 0.09681691022982988 0.09155886483847972 0.1484516272129026 0.11983444606342739
0.10454344199386098 0.07447298747503613 0.2663605607790862 0.12875353295478315 0.09260273512926442 0.07383798123668944 0.14355058077197463 0.11587817965930484
0.10315445208620401 0.07228125850215018 0.2828528074096869 0.1266195137241455 0.09029728111217773 0.06966581622892454 0.14117130858498014 0.11395756235173096
0.10222383451534073 0.07157273500405145 0.2891284921693427 0.12579637224341178 0.08927499249964731 0.06853327128670444 0.14025356726243074 0.1132167350190706
0.1017802463413749 0.07132191242668132 0.29151318058620573 0.1254889787780749 0.0888601902141889 0.06818456426481581 0.13991084648839097 0.11294008090026741
0.08114595594113533 0.12469736091433674 0.14598050185376424 0.13717749548308045 0.09446294391860119 0.15888061993825264 0.09304212737113282 0.16461299457969653
0.1158810469669824 0.09298815657465284 0.1674323134296237 0.09411422043865172 0.14350985991365792 0.13323022836363568 0.1399071097864136 0.11293706452638207
0.14171938013631785 0.09963288154112827 0.19775522362795508 0.10560928996295914 0.13549894181352948 0.10698944493304317 0.11774647701840368 0.09504836096666322
0.12920939945155388 0.0866432854780372 0.18094330390315916 0.09070646216590474 0.15298049985112702 0.11582804631644406 0.13484124823468824 0.10884775459908569
0.11063425025080448 0.0746653354939899 0.2464462869484091 0.12785298832283779 0.10477682432930802 0.07801008445191807 0.14254654071217884 0.115067689490554
0.10508992169288264 0.07263743871219792 0.27477488465643124 0.12718689368456254 0.09332726817400046 0.07071149386476192 0.14180389489905704 0.1144682043161063
0.13721444887563453 0.09571005040180777 0.23826778506215085 0.10508374772853829 0.12016147253914382 0.09182658579044613 0.11716053664659418 0.09457537295568445
0.11048316258407465 0.07431889518494653 0.2694161666639796 0.1252650588850175 0.09575563775758186 0.07236133340981246 0.13966119251807171 0.11273855299651572
0.1042436657317526 0.07200827300775425 0.2836648155371537 0.12611118177721364 0.0906844548800998 0.06918298906716258 0.14060455639937103 0.11350006359949229
0.10242105749716753 0.07149324586863824 0.2893829717015147 0.1257048250571541 0.08930393792421584 0.06840812041823781 0.140151498981633 0.1131343425514387
0.11924654803405758 0.08351096075739661 0.21345802931762614 0.09184554255733306 0.1387583387233759 0.10643136179946532 0.13653456774194586 0.11021465106879966
0.08337698579056761 0.1254547979365179 0.1262826801142304 0.13498759678945732 0.10443868505805032 0.17191733338489124 0.09155680477893627 0.16198511614734876
0.11642726206268739 0.0930336770037609 0.16049482215660915 0.09401104029094036 0.14676293845465466 0.1367032861153883 0.13975372556683077 0.11281324834912843
0.10855072954335006 0.07622491194222203 0.23866431867972207 0.12926318726541053 0.10437530411575902 0.08246587262024634 0.14411880729442036 0.11633686853886947
