0.125 0.125 0.125 0.125 0.125 0.125 0.125 0.125
0.099626400996264 0.07845579078455792 0.199252801992528 0.15691158156911583 0.08685378548392246 0.06839735606858895 0.17370757096784492 0.1367947121371779
0.0745303753200788 0.12421729220013136 0.1056354961590544 0.1490607506401576 0.0931629691500985 0.15527161525016417 0.11179556298011822 0.186325938300197
0.07346369166295703 0.1224394861049284 0.09668129484448348 0.14692738332591407 0.09182961457869628 0.17480376283119256 0.11019553749443556 0.18365922915739255
0.07247781985622614 0.12079636642704358 0.09475108737829516 0.1449556397124523 0.09059727482028268 0.18651053238079557 0.10871672978433923 0.18119454964056536
0.07177203479818078 0.11962005799696797 0.09373326637553647 0.14354406959636157 0.08971504349772597 0.19452738854250423 0.10765805219727118 0.17943008699545193
0.07062413619037035 0.1310373437072284 0.0922698155817474 0.1412482723807407 0.08828017023796293 0.19404371714046886 0.10593620428555553 0.17656034047592586
0.10638429698201135 0.09422652171559413 0.13887269772512412 0.10053316064800073 0.1329803712275142 0.14176005541873757 0.15957644547301703 0.1256664508100009
0.08769198837691987 0.1551473640514736 0.07644942576449425 0.13525667635256675 0.10523038605230385 0.18617683686176836 0.0917393109173931 0.1623080116230801
0.08399240839030495 0.16090424734514594 0.10821184242611563 0.1679848167806099 0.08064510326211813 0.1639442989017263 0.0878689810852421 0.14644830180873683
0.07510376282888975 0.13380317183084967 0.09208122263338359 0.13889783710687706 0.09359800413010223 0.18872032725614363 0.1041733778301578 0.1736222963835963
0.06523643018654428 0.11107806644931031 0.05782483424971323 0.0884392997743216 0.12867391698950043 0.2657416930727811 0.10612715972918592 0.1768785995486432
0.0703014736252383 0.12437953026003697 0.08787684203154786 0.15547441282504623 0.08436176835028594 0.18558446707993173 0.10545221043785744 0.18656929539005546
0.07596734475878582 0.1290937282233453 0.08999796434397893 0.1381621135057716 0.09668075294995729 0.19377386920661793 0.10362158512932872 0.1727026418822145
0.0938848699724681 0.15905439125068294 0.08295881861494904 0.12702120446409657 0.12049308661503468 0.24510900305623823 0.09526590334807244 0.07621272267845795
0.08319696518987206 0.1471946307205429 0.07253068760142693 0.12832352421790919 0.11098209515978692 0.21674704292725877 0.08703682512171232 0.153988229061491
0.07564779322752643 0.1290111734780023 0.08686557079781713 0.13502527896704214 0.09795584353744641 0.20544378205808125 0.10126895922528162 0.1687815987088027
0.07670908134778248 0.12763016456916795 0.08849052934826997 0.13579379204424366 0.09685695906236629 0.20293188953968236 0.10184534403318275 0.16974224005530456
0.09474699009170015 0.15719668252307387 0.08196041005760728 0.12557582090829056 0.119275074149011 0.25171766404412493 0.09418186568121792 0.07534549254497433
0.06862188443520598 0.12140794938536444 0.08577735554400748 0.15175993673170554 0.09157456534881117 0.19581355782404983 0.10293282665280899 0.18211192407804663
0.13789330064983535 0.10884223897133398 0.16063423562561852 0.11660206412266709 0.12444426965907823 0.12084753127899331 0.12908327814963552 0.10165308154283796
0.08623246069010651 0.12604638766143847 0.09499951389013839 0.13638346264070236 0.10363753355413813 0.17993371628207142 0.1022875969805268 0.17047932830087797
0.07891808740620551 0.12712679960799528 0.08901300917859653 0.13551228386203842 0.10146375402425799 0.19694149819682927 0.10163421289652884 0.16939035482754805
0.0657434103547707 0.10728671442566738 0.05597470274014986 0.08566154212168028 0.13642099920986986 0.27479569635848494 0.10279385054601632 0.17132308424336057
0.05741854959800669 0.10158666467339646 0.05005719708544174 0.08856273330501231 0.1297788650184054 0.2953561295388292 0.10011439417088348 0.17712546661002462
0.0925107009138727 0.07467731278589723 0.1850214018277454 0.14935462557179446 0.09366862087956795 0.10382891336153638 0.16651926164497086 0.13441916301461504
0.14437252233805226 0.10393870181847176 0.17438793193882535 0.11619642569007375 0.12736046219366534 0.10381028825325232 0.12863421973015898 0.10129944803750021
0.10926479672187643 0.15507075803773482 0.08912300584618334 0.12632273416838236 0.1328913568894563 0.2167916572090506 0.09474205062628677 0.07579364050102941
0.08016942764246383 0.14183821813666678 0.07584996645260283 0.12365383119606849 0.10843322205153691 0.23780118201326306 0.083869555072116 0.14838459743528218
0.09191515228558265 0.07419656871245829 0.19722161751270612 0.14839313742491658 0.09133838634365177 0.09793403992421082 0.16544727411404878 0.13355382368242494
0.08211562650732858 0.12394862345621005 0.09931129916254272 0.13861801630687356 0.10254408150684252 0.1762263204464555 0.10396351223015518 0.17327252038359195
0.09795940549909045 0.1561251610139568 0.08245723246015309 0.12499764222237007 0.126017442980566 0.2436962988236639 0.09374823166677757 0.07499858533342205
0.06656137911527346 0.11776243997317612 0.09287221120721828 0.14720304996647016 0.08962682943584147 0.20948836166934603 0.09984206867291019 0.17664365995976417
0.06980481185376025 0.11385788355346184 0.13357989662667955 0.20366857585908332 0.0630462365708397 0.13195104356863357 0.1065343319878282 0.17755721997971366
0.09788005096892984 0.15820085573369183 0.09152531545495808 0.1280017826080423 0.12022346494096016 0.23136612377256072 0.09600133695603173 0.07680106956482538
0.0726187093293011 0.11724997144051924 0.09363160887055853 0.14656246430064906 0.0888810691287485 0.20577363528726533 0.09940758448217936 0.17587495716077886
0.07731045557841357 0.12460509622535428 0.09125003805710123 0.1337088540895626 0.09887800076870663 0.20682984710173666 0.10028164056717195 0.1671360676119532
0.0657552458011342 0.10574345645452958 0.057519770294103656 0.08449298066771882 0.1357344955540268 0.2803765130917866 0.10139157680126258 0.16898596133543764
0.07168849721607096 0.11590033520701745 0.08864316935211487 0.14487541900877182 0.08913335227227376 0.21764539645771025 0.0982633276755148 0.17385050281052616
0.11545865780649468 0.08796362241752355 0.13562504501620912 0.09446877783339447 0.1490355568147601 0.14941192681448712 0.14995044100538804 0.11808597229174309
0.07788286577371245 0.1183249109372231 0.09975598129865065 0.14790613867152888 0.09197178581075426 0.18635200487291123 0.10031894622938482 0.17748736640583465
0.11760793376969522 0.08838389813618236 0.13793190834899163 0.09475102900777732 0.1501539727760743 0.14233401295905385 0.15039845874250368 0.11843878625972165
0.080190193792997 0.11822400729465445 0.09999591177597413 0.14778000911831807 0.09201742749592413 0.1842230420912045 0.10023339748894616 0.17733601094198168
0.10631919669263563 0.079542558266954 0.2069762259521514 0.14212164036297933 0.09475652610126785 0.08904843730256062 0.1573344980819307 0.12390091723952044
0.08407011306802681 0.1224109916258991 0.11113429696179819 0.1359559362673881 0.10290002874045481 0.1716167608016568 0.10196695220054108 0.1699449203342351
0.0793311058060825 0.12512753679214525 0.09579265107854766 0.13353277835357416 0.10268166857225548 0.19646870269024666 0.10014958376518061 0.1669159729419677
0.07815132182710008 0.12466512424111899 0.09306530229427157 0.1326578048660722 0.10246797899039549 0.20367685804889732 0.09949335364955415 0.16582225608259024
0.09570627578347063 0.1529396258738964 0.08531632909110812 0.12208781740287375 0.1261184906172637 0.2530129077375079 0.0915658630521553 0.07325269044172425
0.07572066234398095 0.11489882984357726 0.0912704557485318 0.14362353730447158 0.09225300422023627 0.21247104047167287 0.09741422530216334 0.1723482447653659
0.07748973040565382 0.1233185468761758 0.09228274219156676 0.13246220517856794 0.10060594403687198 0.20891642095402774 0.09934665388392597 0.1655777564732099
0.09571748966368192 0.15244929822963865 0.08504851453136587 0.12182826293027259 0.1254378954344259 0.255050384254747 0.09137119719770444 0.07309695775816355
0.07551257864748445 0.11454015339739934 0.09097918855147333 0.1431751917467492 0.09192369837204642 0.21494882913443134 0.09711013005431685 0.171810230096099
0.10504614136924822 0.07873424709663404 0.207812380765086 0.1409807602390958 0.09499353657682773 0.09345513326833661 0.15607149688658548 0.12290630379818608
0.08378361796311778 0.12154454051537814 0.11388190295834903 0.13501348010922518 0.10330874234609691 0.17244075588938265 0.10126011008191889 0.16876685013653148
0.09700724295599213 0.16003672048065526 0.0895269772176993 0.12184625629105529 0.12655030004401696 0.24054005701765643 0.09138469221829147 0.07310775377463319
0.08946417729612202 0.13546585392202556 0.075470504616035 0.11809843675253512 0.10884617540503909 0.25083517949913375 0.0801015484060673 0.14171812410304216
0.11536861953675852 0.08061576154223836 0.13856971536054916 0.10076970192779794 0.14247229348311144 0.15147933580620696 0.1498009300299802 0.12092364231335752
0.07888365325559554 0.11629332669181036 0.0987575071548705 0.14536665836476298 0.10043803373507253 0.18722431465189862 0.09859651610827402 0.17443999003771554
0.0780092293475877 0.12906788413040118 0.09455129849630102 0.13194643921086013 0.10217040786539369 0.20036186252773616 0.09895982940814511 0.16493304901357514
0.07740084106331421 0.13037421774951502 0.09332564362457318 0.13102278521400226 0.10209062692455186 0.2037403149960389 0.0982670889105017 0.16377848151750285
0.11561922490433028 0.09228195695170165 0.1392896676718242 0.09257478600670314 0.15266579425663038 0.1449059829278868 0.14694410477254466 0.1157184825083789
0.07889359948920727 0.11623778663554342 0.09882063845932654 0.14529723329442926 0.10196535984275576 0.1858792745257227 0.09854942779969986 0.1743566799533151
0.10489473153081873 0.0819948811416313 0.2119156669021677 0.13970231282956422 0.09639345822955045 0.08865098641252689 0.15465620305104383 0.12179175990269701
0.10342274703375573 0.15569797190044996 0.1082496831421933 0.12480763960537383 0.12827120778588297 0.2110604370650893 0.0936057297040304 0.07488458376322431
0.08856908546335264 0.15352253649934464 0.0757677194038749 0.11536802094625605 0.11242990926816081 0.237651489076478 0.07824961420702582 0.13844162513550726
0.1013240094711399 0.0818058605535831 0.19492094950390557 0.14139703762485983 0.09619073032005233 0.09945693373009994 0.1576471449339855 0.1272573338623738
0.1068032898232369 0.07647541641836801 0.24384575374462003 0.13629580996215193 0.09296727844477329 0.07390539908915231 0.150885064345565 0.11882198817213245
0.08352583865245669 0.12431343893421981 0.12349334638319458 0.13377872710336444 0.10252466925779191 0.16480652546224392 0.10033404532752332 0.16722340887920553
0.11675944793356598 0.09137712954015526 0.14928697380060876 0.09236990475971654 0.15266296388547793 0.13546230268683537 0.1466188964439945 0.11546238094964568
0.07809372595716177 0.12522420782263688 0.10226607724115012 0.14318311930370564 0.1008628441973375 0.18143477530756974 0.09711550700599166 0.17181974316444676
0.10418530276264908 0.08250343669658707 0.21611098895962216 0.1388937603439169 0.09579763666895233 0.087660904363908 0.15376110221223196 0.12108686799213268
0.10301571923664046 0.15532803987970212 0.11133578145056675 0.12435606651235588 0.12790422330691584 0.21017947982213867 0.09326704988426691 0.07461363990741353
0.08813632593208913 0.15279754917663196 0.07780415664363215 0.11475112601181803 0.11343406658965535 0.23754422591962832 0.07783119851236353 0.13770135121418162
0.07316049451403647 0.12946316411086065 0.08999564310844216 0.13983870782419508 0.09397485763446262 0.21091355985125387 0.09484712356771494 0.1678064493890341
0.07641189542736672 0.13001923600030693 0.09440887557215401 0.13055043257106644 0.10037155300104147 0.20713714228593152 0.09791282442829984 0.163188040713833
0.0944526120327611 0.15940598633224348 0.08747798522561634 0.1198905678185853 0.12455155140789567 0.25236903062780797 0.08991792586393897 0.07193434069115118
0.07423637525794656 0.1288654987456375 0.09039702705892409 0.13810308476766134 0.09483922214118198 0.21416517194330223 0.09366991836415291 0.16572370172119358
0.10364947327116339 0.08289402141382785 0.21263745409002457 0.13878074544809837 0.09469460285832768 0.09271937065618377 0.15363599007685289 0.12098834218552167
0.10299696221599441 0.15501692371905437 0.1113248108818879 0.12401379391385406 0.12732275636201495 0.21190613112349133 0.09301034543539055 0.07440827634831243
0.08930986975489154 0.1522553551731248 0.07755654670790962 0.11431586135032758 0.11298502186504379 0.23886233600373963 0.07753597552457 0.1371790336203931
0.1021351587081415 0.08108821200801354 0.1976793149756408 0.14014225975430744 0.09674611413503054 0.09983274539153028 0.15624816124845922 0.1261280337788767
0.10638104628056477 0.07570204985417482 0.25020832422148725 0.13494194189280248 0.0923582029109265 0.07338046516857263 0.14938627673928478 0.11764169293218676
0.08342143131057517 0.12364076738565223 0.1274776536174043 0.1331003621621688 0.10210527261593574 0.16405378858392627 0.0998252716216266 0.166375452702711
0.07863439008262131 0.12980982243981173 0.10260467458418794 0.13125365933971384 0.10259588510173394 0.19259424977250356 0.09844024450478536 0.16406707417464228
0.09515321236874237 0.1598313668569369 0.0897522713429088 0.12023448143115571 0.1254665501892081 0.2472455678789878 0.0901758610733668 0.07214068885869343
0.07423470957665732 0.12875461950133607 0.09194995126322997 0.13788292143892908 0.09488359285771099 0.21331410944206086 0.0935205901933606 0.16545950572671492
0.0765799903016935 0.12960373196016917 0.0951863700345458 0.13017971948351945 0.1003300561392633 0.20776069311376982 0.09763478961263959 0.16272464935439931
0.07691959916644876 0.1297058269858682 0.0957635575612927 0.13010453283180742 0.10139586386156355 0.20590155392940457 0.09757839962385557 0.16263066603975926
0.07698994522998161 0.12975251433508378 0.09589310425304992 0.13013349683100928 0.10163279158450961 0.20533115410434732 0.09760012262325697 0.1626668710387616
0.11512201533599983 0.09166561719850759 0.14340374038409695 0.09192808410589216 0.1521365833882445 0.14491626063601734 0.14591759381887645 0.1149101051323652
0.11862154321363924 0.08538016599761179 0.15503262162200065 0.0974951572296975 0.1548362575749651 0.12670696628230158 0.1449330994041473 0.11699418867563698
0.11920221842556165 0.08481624232836994 0.15769006055618398 0.0974333068546749 0.15664426237856685 0.12245278656348625 0.14484115466754655 0.11691996822560986
0.07942138311202832 0.12366272426176426 0.10539395777591515 0.142123753706874 0.10521138248266015 0.17724131343741223 0.09639698077509715 0.17054850444824876
0.11602702870929854 0.09122796899193351 0.1464458051516079 0.09227508464935148 0.15371833017454906 0.13849353817926618 0.14646838833230394 0.11534385581168935
0.07840240156501513 0.12822547599584455 0.10282624203018013 0.14084069103907673 0.10392485992667772 0.18124477062198346 0.0955267295743303 0.16900882924689206
0.10423825177693138 0.08244629334983979 0.21824904190960323 0.13816595813034527 0.09609142828188831 0.08740125755271937 0.15295539524401267 0.12045237375465997
0.08316802267545222 0.12462698786038243 0.12169676356241517 0.13297208723955878 0.10286464628974179 0.168727317893332 0.0997290654296691 0.16621510904944847
0.0786396508761373 0.1297873330830879 0.10166031403292394 0.13104251643246315 0.10279281139258163 0.19399234131787987 0.09828188732434735 0.1638031455405789
0.07754401804790559 0.13000128764434526 0.09739415333357591 0.130371052849065 0.10228176927338549 0.2016656131535926 0.09777828963679876 0.16296381606133123
0.09480798245103299 0.15934164992279612 0.08876939026018313 0.11980049851074148 0.12520856572773204 0.2503412401380134 0.08985037388305611 0.07188029910644488
0.0622349834303048 0.11502895874227488 0.053698028804429664 0.08048869519762443 0.1355729577454645 0.30101176502646865 0.09098722065818414 0.16097739039524886
0.09683589373584447 0.081693847554598 0.1907067428294793 0.1388889085697217 0.10233158049917507 0.10969224088711535 0.15485076821131658 0.12500001771274952
0.11952145004976573 0.08577335890331386 0.16967133263591536 0.09162652512190439 0.15189836504570328 0.12153688307608923 0.1454389287649276 0.11453315640238047
0.07891592261488387 0.12737978332999875 0.10842723800725436 0.14088595012389082 0.1037130445745726 0.17605749416017863 0.09555742704055203 0.16906314014866897
0.09404956375783169 0.1568785307839372 0.11941538588397493 0.15789299441753704 0.08649080741160825 0.16503223322423854 0.08259018169532707 0.1376503028255451
0.08041868387581383 0.13482921762603103 0.10102408444474652 0.13069252096794623 0.09925297084219384 0.19239748030737608 0.09801939072595967 0.1633656512099328
0.09532122387250891 0.16501416831020393 0.08914437710589608 0.11935899078968747 0.1241038906080303 0.24592271174759536 0.08951924309226561 0.07161539447381249
0.06230543027126502 0.11587415422397862 0.054297416839936996 0.0804896848024129 0.1353460418775557 0.29971956303816705 0.09098833934185806 0.1609793696048258
0.09670179903435826 0.08166393129661162 0.19188371382050406 0.1386613901848812 0.10215064462265805 0.10954616768339025 0.15459710219120334 0.12479525116639305
0.08878733033233062 0.06485318963461432 0.21000184225322246 0.11305771240554939 0.11249784367988594 0.09002325482944563 0.17945668635801493 0.14132214050693676
0.08091515157385022 0.12374816383648693 0.12044652949580356 0.13299267236313467 0.10627846462408404 0.16963367338037122 0.09974450427235101 0.16624084045391835
0.09606577706681635 0.1634502630446267 0.09332467794099956 0.12019067804609561 0.12669555971212068 0.23801562882711197 0.09014300853457172 0.07211440682765737
0.11322255407459139 0.0957694744065181 0.14344775020266806 0.09555757686366569 0.14809506563492345 0.14718573052718834 0.1420527560540463 0.1146690922363988
0.11714914920976069 0.08831658388800696 0.15759900500783475 0.09635296475185526 0.15520095164262018 0.126522634226281 0.1432351535714147 0.1156235577022263
0.0784290089169739 0.12749090137603988 0.10734449267352124 0.1404868303699431 0.10487751405633147 0.17750033643408009 0.0952867197291788 0.1685841964439317
0.10398237149863115 0.0844839393296401 0.220032185432784 0.13734060014946597 0.09589367350897599 0.08649270914981352 0.1520416900311548 0.11973283089953443
0.12089100480009073 0.087412960937582 0.17802463083114375 0.090988262886593 0.14916843955095904 0.11535355827968696 0.14442581410570315 0.11373532860824123
0.09329043526113247 0.15387083658849382 0.09153613550780954 0.1157459492721365 0.12271880716219531 0.20543674887969773 0.07850594820197082 0.1388951391265638
0.10092949548363278 0.08781694704071648 0.2048600504753601 0.13710872612438743 0.09934089052785358 0.09368003920189578 0.1528659976342051 0.1233978535119487
0.12037480192198576 0.08802899333949976 0.17397935168774867 0.09117112584099277 0.15050015698434357 0.11726559016070788 0.14471607276348059 0.11396390730124095
0.07861977630028476 0.1298964898711654 0.11096346857026854 0.13993801768866065 0.10376377923276085 0.17397836554772345 0.09491448156274374 0.16792562122639274
0.10386945911462396 0.08465835512676749 0.2215664895207238 0.13712532848905115 0.09558773480082443 0.08584409932417253 0.1518033754538946 0.11954515816994202
0.08305216085016223 0.12715333755331085 0.1228593723922072 0.13230749455662638 0.10248202768433883 0.16753061785010162 0.09923062091746981 0.165384368195783
0.07845626453429332 0.13357754268426605 0.10192404142431852 0.13028784796159013 0.10233409378481713 0.19284451368753455 0.0977158859711926 0.16285980995198768
0.09485012911796281 0.16456975709342775 0.08959293188681935 0.11922540548168362 0.1248609845687737 0.2459464944510598 0.08941905411126272 0.07153524328901018
0.07276337051056515 0.14066882383741464 0.09222843131932279 0.1346795790292001 0.09573890829814088 0.2109575037852935 0.09134788838502268 0.16161549483504012
0.10301149547160389 0.08634148865535789 0.214607161276252 0.13756551590229862 0.09444252485970513 0.09181222152018088 0.15229068101516166 0.11992891129943983
0.08284280240176119 0.12738422050204853 0.12154807534528457 0.13220315195631557 0.10215917589293474 0.16945626998902422 0.09915236396723667 0.16525393994539447
0.07845091937870392 0.1335572741760827 0.10171213655931377 0.1302149929776617 0.10221857955477281 0.1934161113981416 0.09766124473324629 0.16276874122207713
0.06576062120468038 0.11400355179370894 0.06208810973928011 0.08258881761032835 0.13838686454920496 0.27288781874974655 0.09910658113239401 0.1651776352206567
0.06965606876217764 0.13145394961082577 0.08794444638022415 0.13593991952414503 0.09898478027995697 0.22069020398862416 0.09220272802507229 0.163127903428974
0.09774807626051861 0.08569719988818736 0.20625712000779045 0.1385697824010714 0.0958410384327179 0.0966790125000929 0.15449496634865723 0.12471280416096427
0.09807660064472042 0.1520993613327064 0.1432490588805069 0.15805946352995667 0.08540137499800073 0.1426414530236052 0.08267725784643888 0.13779542974406478
0.08105910813683889 0.13858701579577376 0.10607042429720122 0.1302763763232084 0.09892188165433968 0.18453244114622108 0.09770728224240631 0.1628454704040105
0.09565624153702885 0.166041728306557 0.09054573215234757 0.11942007959521952 0.12424348691791914 0.24287562403738142 0.08956505969641465 0.07165204775713171
0.08524910014555906 0.16493090426030751 0.07569501143576457 0.10988408512730179 0.11212301775279856 0.2457269039956844 0.07453007512982207 0.13186090215276214
0.0648173236634466 0.1273720143384269 0.13047176650220516 0.19545344006654808 0.06354750598841935 0.1430035382167732 0.09942631516428752 0.1759080960598933
0.10167243999602081 0.08478782654454216 0.23134498960428534 0.13836515368071142 0.08852408041476198 0.08150356543911702 0.15317591290660768 0.12062603141395355
0.08291412194855827 0.12729306177690625 0.12518453025458823 0.13243299545296336 0.10113210529052752 0.1661771943705295 0.09932474658972251 0.16554124431620418
0.07855053560914166 0.1336023666491697 0.10253677024946463 0.13027532798876185 0.1020932340000863 0.19239110952585214 0.0977064959915714 0.1628441599859523
0.07743868957923489 0.13414694367467284 0.09762203432134638 0.1295626392846885 0.10176963631956049 0.20033477825111992 0.09717197946351638 0.16195329910586065
0.07713587874016233 0.1340417742510746 0.09651638787390937 0.1293416567908058 0.10154896992032963 0.20273201884210684 0.09700624259310436 0.16167707098850725
0.06539188885955435 0.11368911386480056 0.06126927383298717 0.08228594495625834 0.13777379274361393 0.2762749618827591 0.09874313394750998 0.16457188991251667
0.06951596974961971 0.13122293865439413 0.08810902398134564 0.13573544690836334 0.09875674886723235 0.22171329329811892 0.09206404225088992 0.162882536290036
0.0712021013985177 0.13681622799823565 0.09457823520872997 0.1382803259614023 0.09307366721549855 0.20632291693359064 0.09379013413034243 0.16593639115368275
0.10286144218861355 0.08589171504516395 0.21598275542646683 0.1376822940207753 0.09401668435331739 0.09111443190867909 0.15241995919271825 0.12003071786426565
0.10292373662391761 0.1579060447926472 0.11355258176972768 0.12298587456459374 0.12668566019228164 0.2099151713946306 0.09223940592344532 0.07379152473875626
0.06352618492110673 0.11997191551760227 0.05845128004140521 0.08090595875918609 0.1381581952364484 0.2857156381041904 0.09145890990168863 0.16181191751837218
0.09626522937902347 0.0839993825538468 0.19471673183261767 0.137625394068354 0.10303327490519248 0.10705508876502852 0.15344204383441856 0.12386285466151861
0.10518490275338668 0.07703421265292554 0.2522392703985634 0.13374889282352073 0.09316389101276303 0.07396170911018056 0.14806552237687276 0.1166015988717873
0.09267408452435456 0.1543586795106116 0.10738895152538061 0.11816698909939831 0.11276016804546272 0.19270269559505285 0.08014804478046145 0.14180038691927796
0.08553870961627807 0.1634104130248813 0.11368702287775692 0.1593318254319942 0.0828660220170418 0.17071595729306452 0.08105140685018836 0.14339864288879478
0.07872584261562601 0.14027234103181535 0.10007335078931931 0.12983517679803816 0.098064433723465 0.19335850144565983 0.09737638259852864 0.16229397099754772
0.06584198584878484 0.11512709158522293 0.06197286532941854 0.08259032654990384 0.1372964935897098 0.27288219213726783 0.0991083918598846 0.16518065309980767
0.10851228292344714 0.09285922006985609 0.13676917844787145 0.09582867590440593 0.15271123594895944 0.15586923263392174 0.1424557629862512 0.11499441108528712
0.08939771561170112 0.06839834035222465 0.19333776664977662 0.11692643941329055 0.11990603577141971 0.09790296944946361 0.17381900545617518 0.14031172729594865
0.09938833523088925 0.07574392129715359 0.2453187683902662 0.13495110826424017 0.09718481617957431 0.07549663846366111 0.1504604147363991 0.12145599743781615
0.0994972706244322 0.07534963012338494 0.26297216875265417 0.13258737822436867 0.09151178736478283 0.07092809236873888 0.14782503213970655 0.1193286404019318
0.09893633394002195 0.07485292027777841 0.2691877904348428 0.13175489047110198 0.08995907206090747 0.06983272097058973 0.14689687042076593 0.11857940142399177
0.07749604985612399 0.1285222175875231 0.13337891365719587 0.14148155144791302 0.09375301916817518 0.15962898643307585 0.09596140011249753 0.16977786173749562
0.07787583532121753 0.13418066322317682 0.10447561382966203 0.1306775836426748 0.10085501399336701 0.19058012270455213 0.09800818773200609 0.16334697955334349
0.09495289615086201 0.16477839423695337 0.09027734745731039 0.11926479618935275 0.12460768754501418 0.24511140356488115 0.08944859714201456 0.07155887771361163
0.062377740500464955 0.11933824359289943 0.055360596125069605 0.07957652223938062 0.13593604175547572 0.2983017426895182 0.08995606861843027 0.15915304447876125
0.09660380084410419 0.08377954417056022 0.1939190986920903 0.13729309799722147 0.10277707652945982 0.10899203505574453 0.15307155851332005 0.12356378819749932
0.08177867376169055 0.1265513763685805 0.11743527188415655 0.13186961077991266 0.10367478175526494 0.17495106389056947 0.09890220808493451 0.16483701347489083
0.07826430561116059 0.13321858712861326 0.10094020272451394 0.13002194369456743 0.10245370933273765 0.19505736411927233 0.09751645777092559 0.1625274296182093
0.0657502727996962 0.11385104228782679 0.06202544431332873 0.082508535933946 0.13839358460194837 0.2734438050746268 0.09901024312073518 0.165017071867892
0.07004469047026396 0.13115073532009278 0.08863528014047048 0.13557715182929642 0.09910710979321159 0.22083577335859486 0.0919566768929141 0.16269258219515573
0.09820153226542143 0.08532079181882897 0.20851321642583012 0.13791553628831496 0.09570638202397136 0.09645302776087909 0.15376553075727056 0.12412398265948348
0.10526148227384534 0.07690942624263378 0.2572612981160499 0.13325978463847554 0.09146571553636285 0.07214303681808301 0.14752405951023748 0.11617519686431202
0.06930517574025741 0.11404146566090963 0.08097807986697726 0.08726830917891125 0.13874649267831554 0.23647272640151543 0.09865113211529096 0.1745366183578225
0.0976306312508248 0.0828542041176397 0.20450910108943246 0.1371101103983349 0.10291723769234941 0.09871207509656493 0.15286754099635247 0.12339909935850141
0.08206251521836624 0.12654274862067377 0.11975304009580368 0.13204714090276792 0.10385256869660414 0.1716477046602483 0.09903535567707596 0.1650589261284599
0.09630109152576573 0.1638214268304171 0.09354160462047488 0.11992206647971994 0.126037489275939 0.23848153152006152 0.08994154985978996 0.07195323988783196
0.07364828970888058 0.14036133444568524 0.09424684205514972 0.13439067003510544 0.09632634539474944 0.20860578159884027 0.09115193271946281 0.1612688040421265
0.11452410955246718 0.09560172565144277 0.14354060888813 0.09141420792621022 0.15026474367884574 0.14528492705195054 0.14510191734319083 0.11426775990776278
0.09233432573692069 0.15386681527345358 0.08793911561412988 0.11413453861881512 0.1222004907999205 0.21515027620315974 0.07741299141102242 0.13696144634257815
0.11374463843652595 0.09813480582982204 0.14487870895960298 0.09560960404293124 0.14859981158788935 0.14217080834132356 0.1421300979503873 0.11473152485151747
0.10362860383040665 0.07921079437046182 0.2272806124129777 0.13427494143169932 0.10279075452790237 0.08226030695969526 0.14970653917832744 0.12084744728852939
0.11631827868412645 0.08790958281511678 0.1866480889356148 0.09613079137767941 0.14342180966447826 0.11130962094115911 0.14290487792860998 0.11535694965321529
0.10378379875117479 0.07701904841275829 0.24208713907845955 0.13263683527586048 0.10061810875043864 0.07660174492173855 0.14788017306129522 0.11937315174827447
0.10077715252539665 0.07525277014121459 0.26287822387569415 0.13207305094951563 0.09202492700161792 0.07087653404111913 0.14725159561087786 0.11886574585456407
0.09968940923975611 0.07463435595542901 0.2700757091703471 0.13134293941260297 0.08996806802283783 0.06964329699452844 0.14643757573315586 0.11820864547134266
0.07810523874055088 0.128282971917715 0.13401118934348866 0.14122204876504185 0.09378006889336127 0.15934663422463308 0.09578538959715883 0.16946645851805026
0.10326082540171345 0.08389258010352914 0.23089647727986912 0.13620759688687364 0.09311647653196262 0.08309355048551904 0.15078740884505343 0.11874508446547959
0.1031892162722769 0.15757710620382595 0.11667308913356486 0.12308356977418464 0.12660620231001263 0.20670799711098567 0.0923126773306385 0.07385014186451079
0.08870587407836475 0.1641143803503852 0.08133382066207473 0.11058999137389634 0.11395169780350642 0.23358738236862803 0.07500886371446883 0.1327079896486756
0.07363614042947844 0.1412342783160846 0.09250522655944436 0.13548221282015427 0.09477878061882883 0.20789242239380668 0.09189228347801767 0.1625786553841851
0.07647388037467992 0.13527519068596866 0.09554099084125793 0.12921340461450026 0.10002375229317854 0.20504597196141416 0.0969100534608752 0.16151675576812533
0.09427085431321659 0.164345744032164 0.08835327743006918 0.11872913367124777 0.12388098105546533 0.2501356790416527 0.08904685025343581 0.07123748020274864
0.06261007967804641 0.11895550492063565 0.05509555209022888 0.0793282264157612 0.13561419404208488 0.3000646036386861 0.08967538638303439 0.1586564528315224
0.06940838344762769 0.1311001609423385 0.08663342541624845 0.13431300878071867 0.09801689360669019 0.22825325913998293 0.09109925812953093 0.16117561053686238
0.098395330661438 0.08685946567052037 0.20744439742279275 0.13745089657914458 0.09540770358573152 0.09748890700299172 0.15324749215615074 0.12370580692123014
0.10529051858221519 0.07708387326580382 0.25706228111261165 0.13323179887147932 0.09140164861236755 0.07228600242360038 0.1474930781157606 0.11615079901616147
0.06972483817662287 0.11527552553101855 0.08101496215110665 0.0870118985695456 0.13859015212218417 0.23599754966659664 0.09836127664383415 0.1740237971390912
0.09802636464439805 0.08434402045339588 0.20422148524956005 0.13667449714885416 0.10285303378245232 0.09849168655573814 0.1523818647316329 0.12300704743396872
0.08210448043096122 0.12680044002300014 0.11976208717041147 0.13199896458299543 0.10381236259909984 0.17152373602754098 0.09899922343724658 0.16499870572874428
0.09633633155609075 0.163868536764537 0.0935845202779648 0.11990728275171031 0.12601614912748854 0.2384123478073997 0.08993046206378276 0.0719443696510262
0.07391661625645315 0.14330840642518974 0.0939417665844062 0.1336829260412791 0.09610566832479951 0.20795320745555676 0.09067189766278062 0.1604195112495349
0.07646539859951271 0.13554914920954803 0.0957360786447803 0.12904797339891821 0.10019462582273023 0.2049108275266741 0.09678598004918866 0.16130996674864775
0.08571791211125983 0.1647556843634805 0.07918178228412497 0.11286187335552125 0.10984557244164209 0.23565313505447047 0.07654979236287528 0.1354342480266255
0.07301664721435737 0.1444903650963654 0.09184167725042587 0.13506059012907215 0.09380826057464642 0.2081034382753105 0.09160631330493589 0.16207270815488656
0.11455808761604196 0.09626817254974543 0.14304451177919705 0.09151999398073646 0.14964740608737562 0.1452920037955282 0.1452698317154547 0.11439999247592056
0.09284334033144795 0.1559162601394914 0.08767980711702128 0.11364522757289496 0.12197672833239268 0.2144832525437491 0.07708111087552873 0.13637427308747394
0.10183200795571482 0.08947828973156059 0.20585028742283515 0.13567178357830675 0.09914139220927863 0.09465771995198456 0.15126391392984348 0.12210460522047606
0.12071141107154613 0.08802923839051424 0.1750504854210153 0.09089675389355992 0.15019378947371076 0.11721681764689434 0.1442805617358094 0.11362094236694989
0.09454064839670048 0.15481226162610418 0.09360373758554397 0.11442730082227068 0.12297620761080191 0.20471552241414018 0.07761156055771402 0.13731276098672482
0.10200805901325141 0.08919088970606874 0.20810619591059346 0.1354889288527892 0.09922460479788796 0.09298124119513244 0.15106004455676647 0.12194003596751028
0.12072077801177933 0.08796459427152334 0.17566074383489524 0.09086821015754075 0.1501796946215702 0.11678546218744668 0.14423525421831868 0.11358526269692594
0.06943344881396263 0.11368316991688979 0.06882321141764867 0.08403504906699742 0.1505933503471112 0.2503655298798332 0.09499614242356232 0.16807009813399484
0.12722282692622502 0.10926445021464982 0.1615131403075306 0.11086338759096853 0.13678893990675642 0.1309658024452016 0.12360440377679624 0.09977704883187166
0.1215708664911591 0.09241471685380523 0.16541733385610843 0.0943982580404237 0.15148965740227213 0.12110190694912285 0.1403293507586 0.11327790964850844
0.10571469517807158 0.07891908214987106 0.2341204920662419 0.13278876438549472 0.10261657231273807 0.0782809432800933 0.14804956268054412 0.11950988794694525
0.10175216994029442 0.07648237623187638 0.2600421147608432 0.13201965516178138 0.09255959941963392 0.07113433154765299 0.14719206329231446 0.11881768964560324
0.08791248766948706 0.06628440030728748 0.235697186955009 0.11488679063629408 0.10526048163755969 0.08130757347297571 0.1707869305578342 0.1378641487635529
0.09871803845816624 0.07507993290758232 0.26126685518884707 0.13259687024813477 0.09333805682186909 0.07182744811423343 0.14783561503784576 0.11933718322332129
0.07826959024099367 0.12976616623066417 0.13214581436606415 0.14092392231923567 0.09439970825014937 0.15980290971502412 0.09558318209478593 0.1691087067830828
0.1034064197484406 0.08409496103615101 0.23024835912727867 0.1362309282129642 0.09325678421503363 0.08318388548209682 0.15081323758211745 0.1187654245959175
0.08318580251640097 0.1268978527971633 0.12517530895633788 0.13211394269762136 0.10195605323061986 0.166443154406614 0.09908545702321603 0.1651424283720267
0.07867371235415675 0.13345398290126678 0.10268602685596713 0.13018379594800317 0.10223384378585015 0.1924010462587496 0.09763784696100239 0.16272974493500394
0.0659288292552487 0.11398748538557142 0.062350350058394344 0.08257710531698575 0.1384552576243784 0.2724542353450669 0.0990925263803829 0.1651542106339715
0.07050092480892735 0.13315788071740095 0.08849860326783669 0.13501519300798978 0.09916172599231347 0.2200719183818292 0.09157552221411482 0.1620182316095877
0.09894166256017356 0.08707047992193583 0.20812966946613295 0.137332764253211 0.0956770132164584 0.09613313932561837 0.15311578342858 0.12359948782788992
0.08240869320028121 0.12743203711038392 0.12063798858512666 0.13210194048154553 0.10239407747981538 0.17082138217975643 0.09907645536115917 0.1651274256019319
0.06684291035659597 0.11593507663639835 0.06498249169652143 0.08304595848156472 0.1393369626560577 0.26410953303185475 0.09965515017787765 0.16609191696312944
0.07074019319160539 0.13378665335374174 0.08914960125943454 0.13523581371965693 0.09948879686728385 0.21759080453483484 0.09172516060985426 0.1622829764635883
0.09897928504527265 0.0871475128762339 0.20838897481659754 0.13732435948910843 0.09572950871103263 0.0957320227777304 0.15310641274382686 0.12359192354019759
0.08227961955899266 0.12906524987786835 0.12052799522661736 0.13183013920565254 0.1022358180582218 0.17040089966134228 0.09887260440423941 0.16478767400706565
0.07826102186342844 0.13613151400111395 0.10145041381465596 0.12967397781359769 0.10195716178717808 0.19317795509283053 0.09725548336019829 0.1620924722669971
0.09464489308943373 0.1679092112423565 0.08937630121157535 0.11857823473856259 0.12428197420228482 0.24512876861872746 0.08893367605392194 0.07114694084313757
0.07392270848602943 0.14389169456954193 0.09291654650129376 0.1333240897360126 0.09573021779993772 0.2097973221856305 0.09042851303833897 0.15998890768321508
0.10319096006141472 0.08837684588550489 0.2148027942568611 0.1369754513915502 0.09418709465568352 0.09141490231808731 0.15163745534595707 0.1194144960849412
0.10285028720404675 0.16029863856233947 0.11327289919813865 0.12250861867696626 0.12632376038684648 0.2093591607577579 0.0918814640077247 0.07350517120617975
0.08866995857174428 0.16786397890360577 0.08036673598177965 0.10983840683523947 0.11345851880419232 0.23349721936942353 0.07449909333172763 0.13180608820228737
0.07368517995368509 0.1449642305782125 0.09192594203273785 0.13474201386607468 0.09443313864139581 0.20716884279683212 0.09139023549177239 0.1616904166392896
0.1032352810728987 0.08859955127591607 0.21456853197359804 0.137132570556438 0.09402147405826584 0.09107972657554042 0.1518113927201918 0.11955147176715106
0.08296805704869586 0.12934969692368262 0.12178264229452894 0.1317606357550294 0.10186065318081523 0.16875704328718913 0.09882047681627204 0.1647007946937867
0.09629401842739144 0.16733542657795175 0.09372286518654387 0.11949236401812477 0.1251777244778074 0.23666290988771246 0.08961927301359358 0.07169541841087487
0.0745744017454484 0.14396246896502066 0.09390001114137189 0.1335098597717445 0.09603093571526769 0.20725597735073983 0.09055451358431367 0.16021183172609338
0.10330471923700309 0.08836066100766654 0.21519158061316548 0.13694014084066294 0.09421847572784679 0.09100234493128508 0.15159836511461264 0.11938371252775747
0.10288048618593178 0.16030436965050981 0.11336691049507873 0.12251530301748548 0.12634135850676828 0.20919591307062055 0.09188647726311412 0.07350918181049129
0.07597192928605458 0.1431904025652451 0.09831049452376513 0.1343154828899691 0.09679756891329204 0.19913460613268852 0.09110093622102254 0.16117857946796293
0.10349862486427105 0.08815422685915043 0.21689600977569767 0.13680623955123866 0.09426061177353617 0.0896671782228611 0.1514501308829341 0.11926697807031063
0.08301537244409454 0.1292546877778884 0.1222691365216669 0.13175694424250467 0.10191531087961775 0.16827465964921842 0.0988177081818785 0.16469618030313082
0.0784024019544788 0.13621017792378176 0.10183714251208938 0.12970738750562538 0.10192066736581165 0.19250744772696232 0.09728054062921904 0.1621342343820317
0.09468780587711909 0.16795614915564624 0.08947255279668657 0.11859695095854077 0.12429342490961577 0.24488723250836153 0.08894771321890559 0.07115817057512447
0.07421500921101036 0.14387008008037633 0.09291063543805354 0.1332723537907774 0.09572341931397921 0.20968825504573435 0.09039342257113597 0.15992682454893287
0.07629318988313596 0.1381969099528278 0.09523998010417109 0.12851727619259568 0.09978470302037616 0.204933388461702 0.09638795714444677 0.1606465952407446
0.06513450668874082 0.11642124724943505 0.061003655322534295 0.08193172555101072 0.1368271164410569 0.27650022698398785 0.09831807066121286 0.16386345110202144
0.07049218555626824 0.13350655412467613 0.08810610224035997 0.1347934441875908 0.09875949979852644 0.22116496240110375 0.09142511866636592 0.1617521330251089
0.09922216312965004 0.08709724999445782 0.2079091665190517 0.13727946014786316 0.09559415097196346 0.09628994177490147 0.15305635332903547 0.12355151413307683
0.08230963101293175 0.12903764774212506 0.12044849401802861 0.13181139212893664 0.10219744474984188 0.17057260609026284 0.09885854409670247 0.16476424016117078
0.09613501749304482 0.16718381494743495 0.09344907494826293 0.11944352322703163 0.12521300892311685 0.237326804104616 0.08958264242027372 0.07166611393621898
