Action: 0
[0.09953282139179857, 0.09801407512089683, 0.3123167253976337, 0.0980140700013537, 0.09808009754857269, 0.09801407053703702, 0.0980140700013537, 0.0980140700013537]
[0.09689813464142624, 0.09665475009427518, 0.3106586180343422, 0.09665475009427518, 0.10916949685285576, 0.09665475009427518, 0.09665475009427518, 0.09665475009427518]
[0.10155568127561355, 0.09771651987456527, 0.3121660732623198, 0.09771234314767081, 0.09771235299681807, 0.09771234314767081, 0.09771234314767081, 0.09771234314767081]
[0.125, 0.125, 0.125, 0.125, 0.125, 0.125, 0.125, 0.125]
[0.12228385266037876, 0.08967035417714041, 0.24599549116685768, 0.08967035417671376, 0.17680661789872165, 0.09623262156676027, 0.08967035417671376, 0.08967035417671376]
[0.13493245220000122, 0.0944956914435289, 0.2955910302927027, 0.09449246030701668, 0.09525488522778666, 0.09624855991493052, 0.09449246030701668, 0.09449246030701668]
[0.125, 0.125, 0.125, 0.125, 0.125, 0.125, 0.125, 0.125]
[0.125, 0.125, 0.125, 0.125, 0.125, 0.125, 0.125, 0.125]

Action: 1
[0.0948776063532673, 0.0948776063532673, 0.0948776063532673, 0.0948776063532673, 0.1365628282807312, 0.294171533599665, 0.0948776063532673, 0.0948776063532673]
[0.10207621938911493, 0.10207621938911493, 0.10207621938911493, 0.10207621938911493, 0.10207621938911493, 0.28546646427619554, 0.10207621938911493, 0.10207621938911493]
[0.15226631834745352, 0.09142748956158167, 0.09142748956158167, 0.09142748956158167, 0.15909113385146967, 0.2315050999931685, 0.09142748956158167, 0.09142748956158167]
[0.125, 0.125, 0.125, 0.125, 0.125, 0.125, 0.125, 0.125]
[0.09905970212101375, 0.1981194042420275, 0.09905970212101375, 0.09905970212101375, 0.09905970212101375, 0.20752238303188997, 0.09905970212101375, 0.09905970212101375]
[0.1113526640844608, 0.09211719379681751, 0.09211719379681751, 0.09211719379681751, 0.16667776786858915, 0.2613835990628625, 0.09211719379681751, 0.09211719379681751]
[0.125, 0.125, 0.125, 0.125, 0.125, 0.125, 0.125, 0.125]
[0.125, 0.125, 0.125, 0.125, 0.125, 0.125, 0.125, 0.125]

