Action: 0
[0.23519847248198464, 0.10919929114517146, 0.10921003742140863, 0.10919929114517146, 0.10959503437074936, 0.10919929114517146, 0.10919929114517146, 0.10919929114517146]
[0.10914002144690106, 0.10866684582472669, 0.23576773127613163, 0.10866684582472669, 0.11175801815333399, 0.10866684582472669, 0.10866684582472669, 0.10866684582472669]
[0.21840299977784564, 0.10959296109032111, 0.1259965364042905, 0.10920149988892282, 0.1092015031718514, 0.10920149988892282, 0.10920149988892282, 0.10920149988892282]
[0.125, 0.125, 0.125, 0.125, 0.125, 0.125, 0.125, 0.125]
[0.10877424926293454, 0.10877424957612077, 0.22034012063118366, 0.10877424919981545, 0.12701438373049398, 0.10877424919982072, 0.10877424919981545, 0.10877424919981545]
[0.10877334502756594, 0.10877310676510821, 0.22050259362895194, 0.10877310676510821, 0.12685852751794002, 0.10877310676510922, 0.10877310676510821, 0.10877310676510821]
[0.125, 0.125, 0.125, 0.125, 0.125, 0.125, 0.125, 0.125]
[0.125, 0.125, 0.125, 0.125, 0.125, 0.125, 0.125, 0.125]

Action: 1
[0.10925321740049998, 0.10925321740049998, 0.10925321740049998, 0.10925321740049998, 0.21850645094056095, 0.12597424465643914, 0.10925321740049998, 0.10925321740049998]
[0.10882742255075409, 0.10876211336088182, 0.10876211336088182, 0.10876211336088182, 0.1270297424345408, 0.22033226821029606, 0.10876211336088182, 0.10876211336088182]
[0.127032813619501, 0.1088285667833346, 0.10875897188381167, 0.10875897188381167, 0.21752974969595018, 0.11157298236596758, 0.10875897188381167, 0.10875897188381167]
[0.125, 0.125, 0.125, 0.125, 0.125, 0.125, 0.125, 0.125]
[0.10919931667552782, 0.1095950529515899, 0.10919927632413076, 0.10919927632413076, 0.21840932794344878, 0.12599919713291047, 0.10919927632413076, 0.10919927632413076]
[0.10920568683096539, 0.10920568683096539, 0.10920568683096539, 0.10920568683096539, 0.10957431370556683, 0.23519156530864097, 0.10920568683096539, 0.10920568683096539]
[0.125, 0.125, 0.125, 0.125, 0.125, 0.125, 0.125, 0.125]
[0.125, 0.125, 0.125, 0.125, 0.125, 0.125, 0.125, 0.125]

