0.125 0.125 0.125 0.125 0.125 0.125 0.125 0.125
0.099626400996264 0.07845579078455792 0.199252801992528 0.15691158156911583 0.08685378548392246 0.06839735606858895 0.17370757096784492 0.1367947121371779
0.0745303753200788 0.12421729220013136 0.1056354961590544 0.1490607506401576 0.0931629691500985 0.15527161525016417 0.11179556298011822 0.186325938300197
0.07450967669499871 0.12418279449166453 0.09799683982351215 0.14901935338999742 0.1010241357052516 0.15522849311458065 0.11176451504249807 0.18627419173749676
0.07400827849317469 0.12334713082195783 0.09679086004047413 0.14801655698634938 0.10762014615789796 0.15418391352744726 0.11101241773976205 0.1850206962329367
0.062048343165036435 0.10341390527506072 0.060895464114927786 0.09307251474755465 0.14610413793074378 0.23663358757450162 0.11168701769706557 0.1861450294951093
0.08769198837691987 0.1551473640514736 0.07644942576449425 0.13525667635256675 0.10523038605230385 0.18617683686176836 0.0917393109173931 0.1623080116230801
0.12793728972337817 0.10075061565716031 0.1646897198153089 0.12090073878859238 0.13121942806357073 0.11525947616927233 0.133842087710611 0.10540064407210617
0.08602973917479084 0.15220646161693765 0.07500028543443304 0.13269281269168925 0.10323568700974901 0.2016032963210536 0.09000034252131965 0.1592313752300271
0.10165233962124054 0.07392265947851533 0.20130921877094288 0.14784531895703065 0.09618922099190833 0.08651960572570896 0.16367084556903677 0.12889079088561647
0.06686617295585924 0.10141232073009779 0.07367567158275592 0.09127108865708801 0.14177697503448522 0.23293028733703222 0.1095253063885056 0.18254217731417602
0.08319449005845284 0.1471902516418781 0.07252852979454862 0.12831970655958602 0.11296136060262855 0.21478777771794433 0.08703423575345834 0.15398364787150323
0.07369421804503082 0.11349928877152304 0.09203834547448463 0.13619914652582765 0.10186546768638292 0.21030524044509563 0.10214935989437074 0.17024893315728454
0.0947842280245846 0.1399087119558283 0.08773406643834439 0.12591784076024545 0.12365959568323398 0.2580064721114318 0.09443838057018411 0.07555070445614728
0.08024443803733225 0.14197092883528012 0.06995668957100759 0.12376952770255191 0.10760498813484938 0.24398196699070715 0.08394802748520913 0.1485234332430623
0.06683661041690288 0.11824938766067433 0.08354576302112861 0.1478117345758429 0.08848486353598949 0.21744264367309604 0.10025491562535432 0.17737408149101147
0.07565110455177851 0.11285193565570104 0.09316330840964157 0.13542232278684124 0.10158724065232684 0.21047944237002825 0.10156674209013093 0.16927790348355154
0.0643867138523663 0.09462896576258295 0.059533354331917095 0.08516606918632466 0.14346991052491884 0.2802835649456514 0.10219928302358959 0.17033213837264932
0.06518034489569373 0.11531907173853506 0.08147543111961716 0.14414883967316883 0.09773324372671859 0.22539394389492343 0.0977705173435406 0.17297860760780256
0.10082827397841726 0.07113241224407377 0.2069072486005995 0.14226482448814753 0.09884103544700952 0.09850745202182012 0.15749300879436764 0.12402574442556452
0.07969693800630596 0.11243886419718412 0.11981335829636097 0.13492663703662094 0.10627288501288862 0.17699804337739755 0.10119497777746572 0.16865829629577617
0.07590718176718865 0.11062178210176384 0.10183317221077064 0.13274613852211659 0.10622912508152137 0.20717032327240556 0.09955960389158744 0.16593267315264573
0.07728071620134568 0.10932402155633164 0.0975265878406662 0.13118882586759795 0.10519337333890169 0.21710882345996088 0.09839161940069847 0.16398603233449743
0.09456657552899264 0.13331019773062514 0.0885477051220212 0.1199791779575626 0.12813697583425643 0.2734874775838325 0.08998438346817197 0.07198750677453757
0.05412817928485857 0.09576524027321134 0.04718866912013313 0.08348764536638938 0.13250575097392236 0.3255718860084402 0.09437733824026626 0.16697529073277875
0.0988781417735976 0.07981729516663903 0.123597677216997 0.09977161895829878 0.1468309758345853 0.1830611356395275 0.1483172126603964 0.11972594274995856
0.09128521893952754 0.07368806830058247 0.18257043787905508 0.14737613660116494 0.10904472327610587 0.0990834979713661 0.16431339409114956 0.13263852294104844
0.14204571883192005 0.09224307867467459 0.2003488434066278 0.1106916944096095 0.1315589117070833 0.10407104551403208 0.12254025591947001 0.09650045153658263
0.06714205344729542 0.11878978686829188 0.10030443497175667 0.14848723358536484 0.10404748285607907 0.18233124779783114 0.10071308017094312 0.1781846803024378
0.10426624706501088 0.06972136420297913 0.21848631544846447 0.13944272840595826 0.09843704262220296 0.0937120142986204 0.1543688324233644 0.1215654555333995
0.10538066442434159 0.13703065965386804 0.11767871593361816 0.12332759368848123 0.13010716673682293 0.2199829480834184 0.09249569526636092 0.07399655621308875
0.075709462217245 0.13394751007666428 0.07382815532406282 0.11677475237452781 0.12158476025067996 0.2588219118185766 0.07920374508881016 0.14012970284943338
0.088637169685914 0.07155048637296672 0.19056920610401765 0.14310097274593345 0.10520119633407352 0.11260318785110927 0.15954690543464517 0.12879087547134008
0.10509658674946303 0.06683490189980554 0.25671465115889547 0.13366980379961108 0.09491795077680609 0.07825548857280233 0.14797796757628903 0.1165326494663276
0.08461132813496682 0.10953168435091001 0.1379437952511916 0.13143802122109202 0.10347700188997033 0.17012212670968505 0.09857851591581901 0.164297526526365
0.11770066606254843 0.07540175923984505 0.16071802616544015 0.09048211108781405 0.1554889188603991 0.1434834811720999 0.1436223985520858 0.11310263885976757
0.06480509543057035 0.11465516883870139 0.10423031414876612 0.14331896104837674 0.1093403417855574 0.19445972234412065 0.09720764314585553 0.17198275325805207
0.10211867211853098 0.06846798313054792 0.22596664882118553 0.13693596626109583 0.10042381337347953 0.09511309946103415 0.15159374368342718 0.11938007315069894
0.10393418319675718 0.1353271204604363 0.12303667465226657 0.12179440841439267 0.1323330811949785 0.21915208072173858 0.0913458063107945 0.0730766450486356
0.09715138396306047 0.07842340633162713 0.1484755470341177 0.09802925791453392 0.160179246363114 0.15437897295151537 0.14572707594459072 0.11763510949744067
0.09419534015179779 0.0691152988549618 0.21745007463359634 0.1382305977099236 0.11209338804441292 0.09039096193605849 0.1541168007303178 0.12440753793893124
0.10397216636679824 0.06511244318130054 0.27381257039309653 0.13022488636260107 0.09645042892916116 0.07273381429290073 0.14416430236315625 0.11352938811098555
0.10657871164938955 0.07774370273876056 0.19726373876930495 0.0971796284234507 0.14704760198439065 0.11310701768513452 0.1444640446414282 0.11661555410814084
0.09272759614138462 0.06739375150328387 0.24475726979353105 0.13478750300656775 0.10780815587810764 0.08093896388777222 0.15027800708344197 0.12130875270591099
0.07067117341760454 0.11409580308572696 0.13325369552822425 0.1426197538571587 0.10194593111386265 0.16953654010049893 0.09673339826833373 0.1711437046285904
0.10213976594681487 0.06754106968021782 0.2408584613067381 0.13508213936043564 0.09748869916827775 0.08958446707295001 0.14954148109905774 0.11776391636550798
0.11259891141024979 0.0765137549626247 0.19534382718328022 0.09564219370328086 0.14669349096447895 0.1162586446627934 0.14217854466935484 0.11477063244393705
0.1306494185972863 0.08711759747188706 0.20704955280840168 0.10889699683985882 0.140927528544061 0.10593958374774502 0.12141202483488739 0.09800729715587293
0.08264812762957142 0.11088655036459326 0.12324615567029841 0.1386081879557416 0.10815215685946228 0.17611648588172274 0.09401251009172039 0.16632982554688988
0.10103385118099806 0.06819889736527637 0.22498222397399617 0.13639779473055275 0.10109894383791455 0.09345691146910368 0.15207336218466105 0.12275801525749748
0.10071587438605181 0.06544888068474294 0.26804851556198767 0.1308977613694859 0.09571213659359225 0.0754276107342797 0.14594123543732232 0.11780798523253731
0.09868265784728748 0.0640410880007176 0.28761936515100595 0.1280821760014352 0.09268069219399226 0.07081799453401291 0.14280206787025684 0.11527395840129168
0.13056108547990394 0.08497001781238352 0.24902302536529874 0.10621252226547939 0.12223440545507952 0.09298863756454553 0.11841903601837778 0.09559127003893145
0.10682470278484393 0.06302165858195827 0.2792919575093381 0.12604331716391654 0.09771638990279866 0.07313409618955152 0.1405288924200681 0.11343898544752488
0.10135022315492759 0.0630541835322043 0.29390917018860313 0.1261083670644086 0.09197821437127693 0.06950089312596519 0.14060141820464658 0.11349753035796774
0.09968186008100477 0.06274311241079854 0.3004334407683776 0.12548622482159708 0.09027318921041473 0.0685367943359328 0.13990777603243731 0.11293760233943737
0.09191692944573604 0.12723050122854082 0.17591217658029037 0.15903812653567603 0.08319594933012484 0.13866999949894052 0.08090200349858304 0.14313431388210843
0.10517342735063755 0.06628191906023255 0.259439186147118 0.1325638381204651 0.09166425003133048 0.0825552869248514 0.14675361810649779 0.11556847425886703
0.09849392805473901 0.13289425776973623 0.11927518983579762 0.11585653241464186 0.11610642500940702 0.19976487559774234 0.07858095242036577 0.13902783889757023
0.10646719339925848 0.06657826370848449 0.22711642295970225 0.13315652741696898 0.1012606745186251 0.09712045230605298 0.14845959101563555 0.11984087467527209
0.10466904526263078 0.06428196009970295 0.27369334783781907 0.1285639201994059 0.09443012416436339 0.075314897556678 0.14333917669993465 0.11570752817946534
0.10246376108637342 0.06308266139786285 0.2926208683085158 0.1261653227957257 0.0913017845733714 0.07015189172736028 0.14066491959463745 0.11354879051615313
0.13569482406937444 0.083892472225488 0.2515266083585414 0.10486559028186 0.1205916738577971 0.09213249257931057 0.11691730737395435 0.094379031253674
0.12793398602027942 0.0724072158903704 0.20399578746379823 0.09050901986296299 0.14951540874919494 0.11248002118752343 0.13454773699031514 0.10861082383555559
0.1101032715365015 0.06344125399621613 0.26139736323325 0.12688250799243225 0.10493629153421269 0.0775805269465165 0.14146452756768194 0.11419425719318903
0.10473447622286501 0.06310337859488084 0.2871608080408249 0.12620675718976168 0.09386722198004713 0.0706301606489665 0.1407111158518686 0.1135860814707855
0.12039114820989914 0.0734248958315299 0.2183348334249226 0.09178111978941238 0.14181622603217456 0.10767563399423717 0.13643879897052943 0.11013734374729486
0.14264937684323595 0.08365045651507763 0.22129720415719978 0.10456307064384704 0.1360642026809616 0.10108890502655336 0.11658002055366229 0.09410676357946232
0.1306466243971269 0.07239367555785887 0.19307598887102548 0.09049209444732359 0.15528558387267033 0.11499294329402106 0.1345225762231855 0.10859051333678832
0.11162431413883403 0.06358390607770867 0.25653209044416964 0.12716781215541734 0.10662254645699255 0.07823567936894726 0.14178262041805484 0.1144510309398756
0.08433520062990507 0.11046628082210255 0.1421742675576748 0.1380828510276282 0.10044174940699627 0.1651440347124958 0.09365619461004349 0.16569942123315384
0.10402690591463451 0.0667215918545313 0.23876750969578178 0.1334431837090626 0.09770906759135185 0.09045368450742212 0.14877919138905937 0.12009886533815635
0.08301335594252307 0.11092950792269363 0.13778889748759757 0.13866188490336703 0.09854671876032219 0.17061644246934618 0.09404893063010981 0.16639426188404044
0.10389657053836927 0.06686457913096883 0.23695010915610876 0.13372915826193765 0.09747435266768271 0.09163095613505844 0.1490980316741305 0.12035624243574387
0.10491830593013535 0.06399352426101981 0.2777882818665307 0.12798704852203963 0.0934040439553041 0.0740244439653384 0.14269600782979638 0.11518834366983564
0.10348227935804802 0.06283940812772089 0.2940845036531702 0.12567881625544178 0.09098531657324083 0.06969624029380155 0.1401225011086791 0.1131109346298976
0.10248382360269878 0.062394338266306464 0.30054332428581837 0.12478867653261293 0.08986970668060269 0.06848026000654661 0.13913006174606246 0.11230980887935163
0.10199092580306945 0.06222250681852761 0.30310209852096287 0.12444501363705522 0.0893994241088296 0.06809261557420525 0.13874690326400038 0.1120005122733497
0.10177372296221851 0.062155564247616694 0.3041166771411858 0.12431112849523339 0.08920836342645527 0.06795689675928289 0.13859763132229752 0.11188001564571003
0.10168268988950466 0.06212927927940294 0.30451931102986013 0.12425855855880588 0.08913191964397545 0.06790651912921516 0.13853901976631045 0.11183270270292531
0.10164546831413289 0.06211890454754088 0.3046791928554669 0.12423780909508177 0.08910151507078158 0.06788719626869692 0.13851588566272546 0.11181402818557358
0.10163044372539294 0.06211479679697107 0.3047427054339205 0.12422959359394214 0.08908944521765993 0.06787965500551352 0.13850672599205188 0.11180663423454792
0.10162442064387586 0.06211316745941664 0.3047679421365802 0.12422633491883328 0.08908465527130961 0.06787668533054417 0.1385030928124902 0.11180370142694994
0.09444669545516719 0.12652195423315302 0.17703639467468843 0.15815244279144125 0.08279280544427252 0.13826104886029084 0.08045146002868969 0.14233719851229712
0.10560611496533222 0.06617304922820784 0.2601553843119434 0.13234609845641568 0.09144904342492875 0.08237908832904785 0.14651257134776174 0.11537864993636239
0.0998221060173252 0.13246650359119197 0.11940015873852057 0.11548361851539814 0.11601613877966009 0.1999031126246344 0.07832801951479178 0.13858034221847776
0.10804918173267354 0.06635900104541 0.22686348956094468 0.13271800209082 0.1012710978324913 0.09732235785317232 0.14797066800275005 0.119446201881738
0.106391989222781 0.06408244871868259 0.2733296330553825 0.12816489743736517 0.09444174758268636 0.07534658019139652 0.14289429609807727 0.11534840769362865
0.09605007131629123 0.1270872185472033 0.16835277850312858 0.15885902318400413 0.0841783243960047 0.14168856878546676 0.08081089440229776 0.1429731208656037
0.14379370176111572 0.08980500151687586 0.20828179570665226 0.10776600182025103 0.12450063347544499 0.11260162402244375 0.11930139395648465 0.09394984774073167
0.13206696543852314 0.07275846993005015 0.18899515971226893 0.09094808741256268 0.15192690602034356 0.11896626619876957 0.1352004403924066 0.10913770489507521
0.11256961056759834 0.06364374275646567 0.25472935999033636 0.12728748551293134 0.10604886437616932 0.07924615255402549 0.14191604728083537 0.11455873696163821
0.14164427658966403 0.08413781075085308 0.23667881054972456 0.10517226343856637 0.12568517063700024 0.09476740588185643 0.11725922505762548 0.09465503709470972
0.113278019731055 0.06257325252273638 0.2748774422680089 0.12514650504547276 0.09839194812639172 0.07357196393112893 0.13952901383428082 0.11263185454092549
0.10578468671270069 0.06263804418498578 0.2923763399772788 0.12527608836997156 0.09192491697298501 0.06957795467840415 0.1396734895706996 0.1127484795329744
0.10343309995480529 0.06234703183126709 0.2996877357392682 0.12469406366253417 0.09004955497563506 0.06853928108362285 0.13902457545658659 0.11222465729628077
0.08295338166635717 0.11018956612584623 0.1529303169423224 0.13773695765730778 0.09638572889317107 0.16109811085431297 0.09342158867191311 0.16528434918876933
0.07874952970146865 0.11066490527430586 0.11562311493982376 0.13833113159288235 0.09770545009898195 0.19910391687894968 0.0938245936021289 0.16599735791145878
0.10386251854702887 0.06730845635501069 0.22707222753711026 0.13461691271002138 0.09797438522864907 0.09792246654974861 0.15008781163341187 0.12115522143901923
0.14047243481496785 0.0853447544816608 0.22737963964146668 0.10668094310207599 0.12473131208440302 0.10043677678915303 0.11894129029440413 0.09601284879186839
0.11342564922751999 0.06286527110679174 0.27115755600113284 0.12573054221358348 0.09857406603109604 0.0749092557357898 0.14018017169186098 0.11315748799222512
0.09769976555066116 0.12677707110292583 0.1676119418758439 0.15847133887865728 0.08491532746496203 0.1412866690544066 0.08061368108175174 0.14262420499079154
0.10801058958913291 0.06624981415485366 0.25592761638873235 0.13249962830970732 0.09205594325601663 0.08306137661991408 0.1466825352065136 0.11551249647512946
0.07416604834414602 0.09763630117479746 0.08737548345132906 0.08511882666520804 0.14276854941941358 0.2464758552974982 0.09622128231719171 0.17023765333041607
0.13310534363440021 0.08684410803182732 0.17211881654284103 0.10855513503978415 0.1411016260280385 0.13954447474742454 0.12103087443987873 0.09769962153580572
0.1137367670471501 0.06410398358288648 0.24766287389063207 0.12820796716577296 0.10424044267340807 0.0837184795598616 0.14294231563109314 0.11538717044919566
0.10701468998050646 0.0633331933155375 0.28137761352246193 0.126666386631075 0.09418279074506027 0.07220200945916315 0.14122356837822836 0.11399974796796748
0.12206731895851315 0.07335803632326404 0.21618863265916685 0.09169754540408005 0.14201438789065265 0.1083224642458993 0.13631456003352796 0.11003705448489605
0.10935006425722053 0.06318556500193018 0.2666666233374238 0.12637113000386035 0.10299480956010042 0.0768034115630295 0.14089437927296072 0.11373401700347432
0.08419117260152727 0.11025515748317975 0.14460046917283959 0.13781894685397467 0.09951116147955154 0.16476315744841824 0.09347719873573936 0.1653827362247696
0.07895482409153552 0.1105493687054214 0.11348021590833816 0.13818671088177673 0.09834909422410265 0.2009290944456623 0.09372663868503119 0.16582405305813208
0.10325884865362431 0.07456731634654326 0.22464505241082844 0.13328791725342135 0.09751595610711024 0.09815970282232499 0.14860608087806826 0.11995912552807919
0.10522610145690717 0.0690009545848623 0.2719564405559417 0.1276808812153485 0.09340154365693776 0.07546663130504677 0.1423546541311423 0.11491279309381365
0.0952286968408353 0.13525272269073105 0.16688557792470812 0.1572086330594256 0.08326974340829753 0.1406955082009857 0.07997134812153388 0.14148776975348298
0.14541926888220902 0.08973429272870449 0.2076373398736175 0.1076811512744454 0.12414887545726065 0.11229573539941057 0.11920746091432292 0.09387587547002932
0.10617938978231423 0.13971406420779475 0.10540602191126644 0.11071673707451717 0.12138124001765387 0.20864763215344734 0.07509483036358554 0.13286008448942058
0.1225941393039264 0.0848722375517619 0.1529643583398573 0.09193857530396746 0.15252556623562377 0.1481059657318162 0.13667286716828594 0.11032629036476094
0.11138941972992225 0.07019288579111335 0.23860000989877508 0.12830905372832008 0.10726320627297058 0.08571225661885074 0.14305501960455985 0.11547814835548807
0.10641224692237561 0.06803925266711627 0.27707803253386076 0.12639099165281595 0.09483335819419583 0.0725777020127674 0.1409165235293336 0.11375189248753434
0.10384255568303123 0.06700645804891227 0.2929940740372756 0.12471971416900884 0.09085425168917731 0.0692820297633978 0.13905317385708893 0.11224774275210796
0.13726974007506393 0.08899550536833602 0.2503246261872571 0.10362272421507594 0.11965068810816883 0.09134465979184073 0.11553160446068915 0.09326045179356833
0.11127455996143858 0.0679309129629576 0.2798009464964016 0.1235478824241592 0.09613300610304053 0.07237292895854726 0.13774666891171183 0.1111930941817433
0.10478312686140802 0.06677827359554901 0.29380258761595424 0.12427853660597948 0.09089968027308513 0.0690458183046326 0.13856129379800997 0.11185068294538154
0.10279688394712501 0.0664712523896522 0.29969783994459614 0.12385806665150469 0.089407366512723 0.06820382939091936 0.13809250117712538 0.11147225998635422
0.10210751473037757 0.06631647754467423 0.30209953978974685 0.12360347888025063 0.0889019485423903 0.0679192547090703 0.1378086548112645 0.11124313099222556
0.08215157072133669 0.1171116398457416 0.15278061194740059 0.1364418964926966 0.09540717896011613 0.15983362688120878 0.09254319936026378 0.16373027579123592
0.10272173537629971 0.07403896228997996 0.24201762994570267 0.13150791940946183 0.09553888846841677 0.08919622092391015 0.14662151611771343 0.11835712746851566
0.08245743486120792 0.1185417464549422 0.13773341359115843 0.13714374736223234 0.09723461407076885 0.16929730948367136 0.0930192373413402 0.16457249683467878
0.13560306469953154 0.09780693067096616 0.19307875516347592 0.10844416611250747 0.1265798188793394 0.11998036260569427 0.12090715236722846 0.0975997495012567
0.11323330642087621 0.07013516028495444 0.256025314592109 0.12652677959771297 0.09982216517068866 0.07931525534125211 0.14106791695446502 0.11387410163794165
0.1062154775359195 0.06758355285903254 0.28421814505054177 0.1255322215547908 0.09256020806767347 0.07095233657537385 0.13995905895735627 0.1129789993993117
0.13831535445892917 0.08923071846346545 0.24706180223798946 0.10384352560211267 0.12038763021856232 0.09192401444751981 0.11577778152951963 0.09345917304190139
0.1292383516974076 0.07873292949489184 0.20141432903229006 0.08947740677817119 0.14877588358691277 0.11197403642419487 0.13301417485232614 0.10737288813380542
0.11109319259464111 0.06842411716464177 0.25923681372334323 0.1258040863107355 0.10449539531454097 0.07746054934061557 0.14026216787182003 0.11322367767966195
0.14043642551109112 0.08963214146728678 0.23746280694505784 0.10422532722108403 0.1244060505491354 0.09383099196535447 0.11620346184201456 0.0938027944989756
0.1125324554358624 0.06826362450447572 0.2743612237262849 0.12408293832787133 0.09761280545908818 0.07312909173652757 0.1383432163148058 0.11167464449508421
0.09673778076599787 0.1347801838709738 0.1674267646870367 0.1567262009980115 0.08397607850176146 0.1395734732485851 0.07972593702942325 0.14105358089821032
0.10857282098683242 0.06624629737706565 0.25591963196606154 0.1324925947541313 0.09184122912248932 0.08274631236460958 0.14667474877136227 0.11550636465744782
0.09982624669061967 0.14032439384694906 0.1176150613651931 0.11409777794105551 0.11500930903747517 0.1988218195076816 0.07738805808175937 0.1369173335292666
0.09273990431491817 0.14305418627965058 0.12097513037155232 0.15495810005392852 0.08656809447618437 0.18341578268866687 0.07882651176656363 0.13946229004853564
0.10648388763669178 0.07660020653080421 0.22773930386619107 0.1327491938095221 0.09438139007997248 0.09456629920688586 0.14800544444136268 0.1194742744285699
0.10592799965531423 0.06905733651207159 0.27321006572323114 0.12752313437730453 0.09257831872537371 0.07475354588825539 0.14217877817887534 0.11477082093957408
0.10393216447520179 0.06723050375288658 0.2915423284614261 0.12502129239665472 0.09053278322031626 0.0698323534614491 0.13938941107507624 0.11251916315698926
0.10271016273596825 0.06659350786904984 0.29885828720160357 0.1240370262041933 0.08943495599776534 0.06844070868446316 0.13829202772318264 0.11163332358377395
0.10212555959882556 0.06635142657909861 0.3017744459409209 0.12365504237050329 0.08894174181979654 0.06799610130252773 0.13786614425487456 0.11128953813345295
0.10187043753921478 0.0662571771317704 0.3029375442007543 0.12350553769436555 0.0887345829795056 0.06784027883141401 0.13769945769804634 0.111154983924929
0.1017636933352671 0.06622006588942271 0.30340178685970504 0.12344653584657313 0.0886500312871566 0.06778232947907879 0.13763367504088075 0.1111018822619158
0.08207445419549486 0.11708000006977176 0.15309649908896444 0.13641625583707928 0.09533501686045232 0.15977245863685355 0.09252580830688856 0.16369950700449512
0.10269052480992205 0.07402632797327542 0.24215163005969795 0.13148819864066186 0.09550964616230208 0.08919476464534452 0.1465995289322006 0.11833937877659567
0.08245010362300627 0.1185342305119884 0.1377625988385911 0.13713621681787258 0.09722358154446512 0.16931567881485482 0.09301412966777445 0.1645634601814471
0.1033504025303003 0.07454346229077306 0.23546719793189577 0.1322410592106523 0.09647150209395466 0.09147051036872156 0.14743891228411532 0.11901695328958707
0.10484039671172993 0.0687079781658513 0.27640110062637413 0.12712875713855232 0.09279182903455464 0.07397497990943674 0.14173907698880384 0.1144158814246971
0.13823025225528832 0.08961022435042845 0.2443422448485029 0.10418184751961916 0.12078746790670793 0.09292931513216089 0.1161549852196351 0.09376366276765724
0.11175518206350014 0.0681284044327963 0.2773208829682536 0.1238389166961495 0.09659762395364434 0.07283281445311611 0.13807115040600548 0.11145502502653454
0.10499891500202882 0.06685572701526772 0.29279806694757915 0.1244008656281018 0.09108659397400781 0.06920137083907826 0.13869768152864484 0.11196077906529162
0.10288971315523336 0.06650171299653068 0.2992930657424795 0.12390622755267675 0.08948214967322533 0.06826532909461011 0.13814619698783512 0.11151560479740909
0.102147131321338 0.0663279469300898 0.3019358165020195 0.12362134767511275 0.08893176007925865 0.06794820740053632 0.13782857718404362 0.11125921290760149
0.10186857815697932 0.06625028392626746 0.30299965163098785 0.12349525964687949 0.08872591426904344 0.06782658024553306 0.13768799844211788 0.11114573368219152
0.10176073437170034 0.0662177663859815 0.3034261299797915 0.1234429995442524 0.08864584222406356 0.06777809557668717 0.13762973232769635 0.11109869958982715
0.10171832721689275 0.0662045213481056 0.3035968122109314 0.12342181236359752 0.0886141744935855 0.06775861103725056 0.13760611020239902 0.11107963112723776
0.10170152162647465 0.06619918579710488 0.3036650727790477 0.12341329399271107 0.0886015659099795 0.06775078244668233 0.13759661285455993 0.11107196459343996
0.10169483526380546 0.06619704607887464 0.3036923635439 0.1234098805812397 0.0885965325968675 0.06774764225669541 0.13759280715550157 0.11106889252311573
0.11956701253660314 0.0778317610087567 0.22317901438092735 0.09068782964437613 0.1388895172891528 0.10620591982693474 0.13481354973999796 0.10882539557325135
0.10802702841146652 0.0680144879910162 0.26889493579308127 0.1251821034110301 0.10165687513856626 0.07599197282962993 0.1395687033552828 0.11266389306992707
0.10441667782603103 0.0670933017731356 0.28945845669495646 0.12487144947187874 0.09253698243456142 0.07001647987848705 0.1392223473962588 0.11238430452469085
0.08267014266726118 0.11731845718422237 0.14965172982923586 0.1365903946740482 0.0963484441842645 0.1608684379862337 0.0926439198658762 0.16390847360885785
0.10296395914662751 0.07413088403269506 0.24063955820209026 0.13164778388372975 0.0958560568248496 0.08950129784577616 0.1467774545688748 0.11848300549535676
0.13899193099797325 0.09112342152772518 0.2314394309356331 0.10541438511486594 0.12294623692077415 0.09768247524173135 0.11752917265791771 0.09487294660337935
0.11247319487338488 0.06858284835649746 0.2719844196529368 0.12449583889642482 0.09755035004123802 0.07406352353746809 0.13880356963526766 0.11204625500678232
0.10538527758472543 0.06703053432675918 0.2906455888562367 0.12467630997236484 0.09148279738566284 0.06956603148217262 0.13900478141695005 0.11220867897512837
0.10306748209976405 0.06657104209862082 0.29843105520497315 0.12401648501450765 0.08964275819221373 0.06838721504725595 0.13826912582960776 0.11161483651305688
0.13682941510437063 0.08881881770323669 0.2523057468415735 0.10345598858731593 0.11912404316171546 0.09100989219450943 0.11534570667869402 0.09311038972858432
0.0880904749104541 0.11795118852221433 0.13907683791621356 0.1340963304611642 0.10144367080996752 0.16747360712249523 0.09095229370409398 0.16091559655339704
0.07863058122544266 0.12244688025370142 0.11075595502897935 0.13578387382363596 0.09748995952457178 0.19985521322275251 0.0920968883325531 0.16294064858836316
0.10328250855653139 0.07549466815527651 0.2234303523519175 0.13342295520475883 0.09740830993373782 0.09812390799714449 0.1487566381163505 0.12008065968428296
0.13969448219247402 0.09167895630434203 0.22509222387380662 0.10593193355277894 0.12394652944335602 0.10021093389256837 0.11810620054317295 0.09533874019750105
0.13009501857328437 0.07926088866505147 0.19396359748291997 0.08988057775743444 0.15056246642578075 0.11476724219495897 0.1336135155916488 0.10785669330892134
0.11159750219499118 0.06864661724903477 0.2560469812732866 0.1261523161460436 0.10517322642877627 0.0781958540255409 0.1406504181508874 0.11353708453143924
0.10575757790243627 0.06743885802615353 0.28414596834585204 0.12544554073269534 0.09372683886048858 0.07072181316351044 0.1398624163094379 0.11290098665942581
0.1034037022809219 0.06676908173485441 0.29582008869558996 0.12434249471402983 0.09036069304965541 0.06876309196682864 0.13863260231549296 0.11190824524262685
0.10240490045581732 0.06643779545124942 0.30054740052076223 0.12379730857781397 0.08924290433887104 0.0681273524763086 0.13802476045914483 0.11141757772003258
0.13654710310472268 0.08876162067565674 0.25309036004532637 0.10340133401182432 0.11894954296925225 0.09090406767685538 0.11528477090572053 0.09306120061064187
0.14698714964328538 0.08984852975231833 0.23254336447383434 0.10215216215305499 0.1269799173285825 0.09565989320620183 0.11389203750497325 0.09193694593774948
0.11421801474127456 0.06825019417995837 0.2719869444957231 0.12400227389512887 0.09821156001526223 0.07347568467500518 0.13825328149203173 0.11160204650561599
0.14100737314914888 0.0892750589479495 0.2420865225884811 0.10381209120756152 0.12209638042869855 0.09254895706590972 0.11574273452544545 0.09343088208680536
0.11249243194878876 0.06811666898239531 0.27627755548595795 0.12385358843936031 0.09692317844089204 0.07278083880240205 0.1380875083047793 0.11146822959542428
0.10521204919852359 0.0668734091148607 0.29235536136330514 0.12443538784101157 0.09118483014037539 0.06921094206525859 0.1387361712197547 0.11199184905691043
0.10295723204791113 0.06651282889362019 0.2991113288518269 0.12392509487552772 0.08951683043678667 0.06827686686154755 0.13816723264480477 0.11153258538797496
0.12002761138580707 0.07792685749652038 0.22163866985456573 0.09077367669222074 0.13932126110761667 0.10644234429013893 0.13494116714246546 0.10892841203066489
0.14278034291584774 0.08980935117882756 0.2212313566934515 0.10330122852602105 0.13434507757276679 0.10038837668005784 0.11517316075960855 0.09297110567341896
0.11361389447444459 0.06855131743029637 0.26728782233619214 0.12457058518829776 0.10031238528361343 0.07466356244506335 0.13888690617262453 0.11211352666946799
0.09703852172237706 0.13490949387201975 0.16546154806620458 0.15683763780189322 0.08458115561332295 0.14023514445542845 0.07978262444705003 0.1411538740217039
0.10871758498786706 0.06629006089693137 0.25510845662838366 0.13258012179386275 0.09203301818161322 0.08291644242719043 0.1467716448023226 0.11558267028182907
0.09985566083617024 0.14032588055838577 0.11743849157326608 0.11409462943732297 0.11505847781417847 0.19892738188100903 0.07738592257487992 0.13691355532478755
0.10748988369357639 0.07564513860900783 0.22423620205819553 0.1311028709598686 0.10034086767008465 0.09702253582147194 0.14616991732391318 0.11799258386388174
0.10617478548396501 0.06895816883547606 0.2715168102183245 0.12744006154571566 0.09392555771990227 0.07520240263435367 0.1420861581711188 0.1146960553911441
0.10403657035517196 0.06724954968720538 0.29082300479046996 0.1250681033901412 0.09087297060356006 0.06994690628286845 0.13944160183945595 0.11256129305112708
0.08260291412517752 0.1173556567165362 0.14999988429384797 0.13661443647158222 0.09595959761567152 0.16086996053490832 0.0926602264763775 0.16393732376589865
0.10293753123233135 0.07412712127580372 0.2407985473120687 0.13163661464812446 0.09575759043108423 0.08950464021257562 0.14676500170469994 0.11847295318331201
0.08250358968370976 0.11855637669652919 0.13742813040204246 0.1371498997442942 0.09728874900571968 0.16946996451320429 0.09302341026134738 0.16457987969315302
0.10337483578455293 0.07455258347367981 0.23531728407966673 0.13225437826206063 0.0964975417459283 0.09152067418578054 0.14745376203247654 0.11902894043585455
0.13931249314343705 0.09129504225926574 0.22947549829758865 0.10557472986292843 0.12330411744704059 0.0983129170271225 0.1177079450859814 0.09501725687663559
0.11263070912702736 0.0686445737158525 0.27116082052685386 0.12458885714754576 0.09769994971131991 0.07423784029500238 0.138907278043607 0.11212997143279117
0.10545530613555772 0.06705576490470314 0.2903105452511602 0.12471640864320102 0.09154428271450278 0.06962343612949998 0.13904948844249426 0.11224476777888091
0.12091107387888136 0.07808561259139013 0.2186490402745387 0.0909149293238717 0.14021559998112093 0.10697468009501956 0.13515114866653166 0.10909791518864603
0.12471334626483228 0.0782986393892654 0.19173312120070188 0.09004836033102749 0.1564515833494382 0.11683398141122807 0.1338629356562737 0.10805803239723298
0.14483792386195057 0.0901231557723754 0.20936220228823993 0.10361427606545108 0.14000813896158257 0.10327926918717804 0.11552218540431636 0.09325284845890597
0.13137387056307118 0.07893594358943609 0.18791226000714564 0.0896260177351777 0.15594555341292307 0.11542003838878387 0.13323509502124925 0.10755122128221324
0.08686548042727518 0.1167157748595525 0.12269300290929669 0.1340950603357485 0.11012583223985954 0.17763934459764436 0.09095143222772507 0.16091407240289818
0.07824428184287724 0.12206881035163515 0.10655229849772943 0.13551949935266058 0.09934466345984752 0.20372947379807876 0.09191757347397848 0.1626233992231927
0.0763009079952281 0.12230999763828848 0.10224707265907677 0.13514205372310073 0.09647767200091452 0.2136902646426109 0.09166156687305962 0.16217046446772088
0.07497853627300598 0.13152231961204786 0.10000778186728657 0.13312004715902412 0.09466586703983068 0.21567127251533338 0.09029011894264244 0.1597440565908289
0.10201433039255081 0.08310085421795466 0.2172808079529038 0.13265195781632189 0.09650354654635517 0.10116470747386225 0.14789703356536185 0.11938676203468969
0.10482923342452168 0.07385622785938693 0.26830985752606806 0.12734052800044504 0.09308442738726702 0.07599806490589205 0.14197518569601858 0.11460647520040054
0.10350500747792281 0.0712439820160584 0.2890745112235431 0.12462607076700669 0.09050139560560558 0.06993680076738731 0.13894876845217016 0.11216346369030603
0.10236065166053115 0.07033534891908787 0.29740128003176375 0.12352801298890144 0.08920203012285703 0.06827294861265429 0.1377245159741931 0.11117521169001131
0.10175787170071807 0.06999427036706517 0.3007327294140449 0.12309805817058038 0.08863055681035191 0.0677531127457716 0.13724514843794558 0.11078825235352235
0.10148311581334901 0.06986228137727128 0.3020662296133424 0.12292920420115175 0.0883926141775622 0.06757338217321186 0.13705688886307515 0.11063628378103657
0.10136538737940753 0.0698104132656146 0.30260043611761145 0.12286239697783263 0.08829582964545962 0.06750697553933686 0.13698240379468798 0.11057615728004935
0.10131644654147155 0.06978984955929159 0.30281457955443897 0.12283581266332476 0.08825684290594844 0.06748147311061657 0.13695276426791583 0.11055223139699229
0.10129642057884362 0.0697816543537984 0.3029004578848967 0.12282519577822769 0.08824119658883431 0.06747147138165686 0.13694092723333742 0.11054267620040494
0.10128829610985739 0.06977837848043253 0.3029349066671919 0.1228209467939359 0.08823492461237009 0.06746750528872943 0.13693618993294046 0.11053885211454231
0.1012850156340338 0.06977706676861714 0.30294872734844264 0.12281924428361653 0.088232410797134 0.0674659235519135 0.13693429176098737 0.11053731985525488
0.10128369457541522 0.06977654103440013 0.30295427261599717 0.12281856166077086 0.08823140306396919 0.0674652908672971 0.13693353068745648 0.11053670549469378
0.10128316338357084 0.06977633020808349 0.3029564976509508 0.12281828786324372 0.08823099898248053 0.06746503741110467 0.13693322542364636 0.11053645907691936
0.10128294997789548 0.06977624563920984 0.30295739046946285 0.12281817802216785 0.08823083691727567 0.06746493579499359 0.13693310295904385 0.11053636021995106
0.13548948395532615 0.09334197826821053 0.253297962377452 0.10268621021777882 0.1180292622943873 0.09025005244803722 0.11448746124280713 0.09241758919600093
0.14584485126495939 0.09612515853203095 0.23170894657339824 0.10129808088714726 0.12598849405887122 0.09492639525426644 0.11293980063089405 0.09116827279843254
0.11354542607563708 0.0734221231389115 0.27093745218968496 0.1231952485435726 0.09762796335426976 0.07304255455788977 0.13735350845081898 0.11087572368921533
0.10531131895310682 0.07088145059177348 0.2896429423846876 0.1240032571133734 0.09118394792203631 0.06911977392598637 0.1382543777069999 0.11160293140203606
0.1371963314673132 0.09378985624817085 0.2483245626625026 0.10300387247761567 0.11923708175823035 0.09090317919992666 0.11484163095638643 0.0927034852298541
0.1283252439795151 0.08431708597391582 0.2012364048782432 0.08879435026404067 0.14765568757505665 0.11111924154523863 0.13199876546714107 0.10655322031684882
0.0857279790730746 0.12411672739323315 0.12535818335513457 0.1329235913526798 0.10750530901325805 0.17470302953280384 0.0901568706566002 0.15950830962321574
0.07725067159026454 0.13264963700078009 0.10623553645799913 0.13382543319616463 0.09780317708923734 0.20087647014058407 0.09076855468957255 0.16059051983539757
0.1019515469208801 0.08761318528177123 0.2192515650038482 0.13157527600065097 0.09665382618593561 0.09784023851604996 0.14669661369027803 0.11841774840058589
0.10442788465005297 0.07720144565358093 0.2686231969485379 0.1266613117697998 0.09277037165077968 0.07510269844780122 0.14121791028662753 0.11399518059281981
0.09390351060560727 0.14791435645137807 0.16436113543570427 0.1548060869286242 0.08211150209356735 0.13882874689870903 0.07874918335064796 0.13932547823576175
0.09049929221595336 0.16809413058661624 0.13301972744930549 0.15322940468129362 0.07905189230128294 0.16025195660581296 0.07794713194657112 0.13790646421316424
0.1464767252917613 0.09087365799676451 0.1953259842006447 0.10904838959611741 0.12427014261728303 0.11821622353050877 0.12072104993953577 0.09506782682738442
0.08886050721058682 0.13021403625934772 0.12325403138158385 0.131910582690913 0.10131779412322739 0.17668056258445244 0.08946978652079317 0.15829269922909558
0.07689719109014427 0.14464310250413773 0.10450752587817928 0.1317280463526044 0.0951925147206131 0.19961198456595114 0.08934597926524472 0.15807365562312528
0.10154980789320477 0.09257863462496509 0.2177631608239172 0.13098125737999022 0.09576719942226611 0.09744248095567629 0.14603432725798912 0.11788313164199121
0.10418012416758891 0.07983957917838871 0.26767723972214025 0.12635372133418474 0.09243389721253402 0.07492211927897033 0.14087496990542683 0.11371834920076625
0.08163065165579042 0.13226390473821867 0.14283772437713163 0.134534059226327 0.09514282400129191 0.16090077693266083 0.09124918799698702 0.1614408710715924
0.10144177972787125 0.09070023522118717 0.2349710635328994 0.12922854696439579 0.09448523433392296 0.08878726200788126 0.14408018594388602 0.1163056922679562
0.11984400373686081 0.09272217904824308 0.198982701115976 0.09076874428667764 0.1413532085191737 0.11247283535871093 0.13493383479034465 0.10892249314401317
0.08331025046679238 0.13562000434699395 0.12383963426554892 0.13145788206734602 0.105112850153795 0.1737471828165087 0.08916273740219992 0.1577494584808152
0.10231262883618318 0.09177374523758174 0.22602172332841122 0.12967625007733047 0.09726089484677877 0.09166679109998917 0.14457934150412813 0.11670862506959741
0.10391351569837051 0.08043256626319463 0.2708720359324845 0.1256743690600409 0.09236362069167237 0.07351941738251284 0.1401175428176874 0.1131069321540368
0.10264018849632664 0.07697390616090609 0.2893244945081042 0.12348346758811762 0.08975983341711197 0.0690081378235249 0.13767485117660277 0.11113512082930586
0.10162869851649765 0.07579035915788437 0.2967932600094876 0.12256221192097366 0.08856170959454485 0.06771005021357543 0.13664771985816018 0.1103059907288763
0.10110004612695611 0.07535656284871113 0.2998055505061137 0.12219320647681894 0.08804924617975332 0.06728519570686249 0.1362363063256474 0.10997388582913704
0.1346334514428744 0.10037084813819763 0.25114066716074573 0.10182294005785804 0.11725223799362296 0.08961422971698733 0.11352497943764174 0.09164064605207223
