0.125 0.125 0.125 0.125 0.125 0.125 0.125 0.125
0.07575757575757576 0.12626262626262627 0.09090909090909091 0.15151515151515152 0.0946969696969697 0.15782828282828282 0.11363636363636365 0.1893939393939394
0.09495469861172676 0.1582578310195446 0.08545922875055409 0.14243204791759015 0.12879064023740694 0.19782228877443078 0.1068240359381926 0.08545922875055409
0.07295173961840629 0.12906846240179573 0.09118967452300786 0.16133557800224466 0.08754208754208755 0.15488215488215487 0.10942760942760943 0.19360269360269358
0.09843902635373937 0.07752073325356976 0.19687805270747874 0.1550414665071395 0.09773691133401105 0.0675821777082403 0.17163727671934043 0.1351643554164806
0.0734343787904695 0.12239063131744919 0.10420078320376011 0.146868757580939 0.10637964479869273 0.15298828914681145 0.11015156818570428 0.18358594697617378
0.09067170436331054 0.15111950727218426 0.08955503760293597 0.13600755654496585 0.13311581515761062 0.21592017772328898 0.10200566740872438 0.0816045339269795
0.061553146829038854 0.10890172131291491 0.05366171774839286 0.09493996217023351 0.12310629365807771 0.2606337984440895 0.10732343549678572 0.18987992434046702
0.09451898512539708 0.0762984578723085 0.18903797025079416 0.152596915744617 0.09479037152500396 0.0852859020860094 0.17013417322571475 0.1373372241701553
0.0941017768400883 0.07410514926156954 0.22170783339640662 0.14821029852313908 0.09488417630300318 0.07370689452418461 0.16407489295194883 0.1292089781996597
0.08911781212637356 0.1485296868772893 0.11021783480336197 0.13367671818956037 0.12923634122569652 0.2087580372218119 0.10025753864217027 0.08020603091373621
0.06946246428656848 0.1228951291223904 0.09578059719408705 0.15361891140298797 0.0934323724894705 0.1762741353910574 0.10419369642985271 0.18434269368358555
0.0931064089645615 0.07332129705959219 0.21631988934095822 0.14664259411918437 0.09748686637791826 0.08294130286490216 0.1623393797330816 0.12784226153980177
0.0875889801699936 0.14598163361665603 0.11624413303251438 0.1313834702549904 0.13290433806854302 0.20852976001306547 0.09853760269124281 0.07883008215299425
0.06818489258433201 0.13741399359627035 0.09467105455696029 0.15079351244611888 0.09218303460152463 0.17352395840295312 0.10227733887649804 0.18095221493534266
0.10287491493577412 0.08101399551192212 0.14896258279619717 0.09721679461430656 0.15447092918498986 0.13962741728526584 0.1543123724036612 0.1215209932678832
0.10427348489209859 0.0906898090916668 0.14889826595937874 0.10521571517726815 0.14360106804425823 0.12465257128445988 0.15641022733814786 0.12625885821272176
0.09065077319057553 0.07958021925191848 0.20735322380574617 0.14635185069321832 0.10141963821706942 0.07975623747453964 0.16317139174303594 0.1317166656238965
0.07520944653489513 0.11497880404299385 0.12097275928448482 0.13797456485159262 0.10569071320803007 0.16922458237481836 0.10348092363869446 0.17246820606449073
0.07305239194046904 0.11324851390530256 0.10356369597686942 0.13589821668636307 0.10739108054112903 0.1950496675771407 0.10192366251477232 0.16987277085795385
0.08828866374884621 0.1527399908709634 0.09136830082445943 0.12328603342426588 0.1308064227403357 0.24707444326837044 0.09246452506819942 0.07397162005455954
0.06506667928298993 0.13264832876239657 0.0943306120883601 0.14389746379892002 0.0959431081669193 0.19783683241722516 0.09760001892448487 0.172676956558704
0.12767970662293032 0.10703789943818669 0.17455944661216105 0.11315899311646065 0.12994271084022527 0.12369815646233083 0.1252716570113036 0.09865142989640159
0.06633207404267132 0.12979523330721454 0.10805662077785172 0.14669593297898462 0.10249892850339776 0.1710879797510915 0.09949811106400697 0.17603511957478155
0.08566062232578657 0.15141881559737116 0.12284781387164946 0.16047061212934263 0.08825576829438413 0.16751043701643423 0.08393847403688692 0.13989745672814488
0.09380453041100804 0.15650130419142289 0.0963025881699476 0.12181148183203554 0.12467417520459086 0.24246041971774715 0.09135861137402665 0.07308688909922131
0.07491302916604639 0.15366737825347504 0.07654760614691053 0.11554632900956269 0.1154225431473045 0.2468769658761311 0.07837055358909469 0.1386555948114752
0.07391039725537153 0.1512804575804941 0.10505456656201467 0.1634556862378409 0.08404697543881263 0.1919926023991163 0.08314919691229299 0.14711011761405682
0.13350217357404562 0.10720545555074207 0.17969919301981294 0.11124665869075955 0.1249672103108541 0.12324041811122445 0.12315462419164264 0.09698426655091859
0.07720206083395921 0.15141123546702692 0.09467970389282025 0.11907694590168857 0.11884700792256951 0.21512547802745982 0.08076523287244963 0.14289233508202628
0.08673322723626752 0.08088299450084983 0.2111198219998694 0.140027137947709 0.0993289352359967 0.099763649901088 0.1561198090252815 0.1260244241529381
0.07960239971968416 0.11967835645743484 0.1232340920249914 0.1324593751842037 0.10423268147326013 0.17587434477201852 0.09934453138815277 0.16557421898025462
0.11662456784483427 0.08550408511061112 0.15319031775740488 0.09118673151339601 0.15356665794576524 0.14120338176418631 0.14474084367205714 0.11398341439174502
0.07613643790823435 0.14649468054389042 0.09245103497696892 0.11743332237522536 0.12348186084899877 0.2234322491462587 0.07965042735015286 0.14091998685027043
0.09692898516322983 0.09009202617213782 0.1501638128243853 0.09780484948699396 0.1495104510597676 0.15274057816424788 0.14539347774484473 0.11736581938439275
0.08465521288158881 0.07469557324887263 0.23509346511763943 0.13667227139919158 0.10566325959520677 0.08783579031136844 0.15237938318685984 0.1230050442592724
0.11103053602758466 0.09649290454503792 0.22726804504161258 0.11203382400373756 0.12705137185828516 0.10038352388934561 0.12490935303103275 0.10083044160336378
0.07066262111352352 0.12330572822814041 0.12910773796881947 0.1399217357759307 0.1013535955478696 0.17283906025614187 0.09490343817845735 0.1679060829311168
0.10240179703652115 0.076821116411598 0.23125700855786918 0.13609598294365102 0.09644081679419554 0.08767165063222072 0.15066384762178706 0.11864778000215731
0.1036757828242152 0.14697479883054673 0.1208521598726388 0.12234279669592496 0.12943364462775603 0.21155804160941954 0.09175709752194372 0.07340567801755497
0.08037924282760689 0.14810629058701286 0.08456139478505273 0.111668119192504 0.1168265051624857 0.24871658878811287 0.0757401156262201 0.1340017430310048
0.09190747713970569 0.07909336372513573 0.20950266535877807 0.13674289440562437 0.10116223653451871 0.10606463530251684 0.1524581225686588 0.12306860496506192
0.10383811030305913 0.07128120562146405 0.2647569345622828 0.13158063486113777 0.09339036579529399 0.07477625447546303 0.14566517168184562 0.11471132269945346
0.07082160827406543 0.12145342153476396 0.13983234643887563 0.1412901217233259 0.09645296497659293 0.16476983016334673 0.09583156082103843 0.16954814606799104
0.09286721202270404 0.14711469676737987 0.13137242559836076 0.15657179185689035 0.08652474441433386 0.16715155300661738 0.08189909112514265 0.13649848520857108
0.10009139850866398 0.1530374694960066 0.09847041671088462 0.11919796921001088 0.12335339684069857 0.2449320908002208 0.08939847690750816 0.07151878152600652
0.07902616909825984 0.14697431529388297 0.08003000973274023 0.1100922371011746 0.11635165723483547 0.2607436705490747 0.07467125646862277 0.13211068452140953
0.0916140569115047 0.0788845705394575 0.2080692700353513 0.13643703912683944 0.10160650804509201 0.10847810336976506 0.1521171167578344 0.12279333521415549
0.10450471620692094 0.07095468557997649 0.26586377633288827 0.13095477304573647 0.09368124195993284 0.07490279037134177 0.144972316924869 0.11416569957833433
0.0624741113220463 0.10702803040579047 0.08667648879190007 0.08684766007013324 0.14262085376928116 0.24248191976912734 0.09817561573145497 0.17369532014026648
0.11728009544161049 0.09887421936891926 0.17226340301142865 0.11097414105377021 0.14019617518137942 0.13680735337186242 0.12372788562263631 0.09987672694839317
0.09932597467682452 0.07264990867733984 0.2453682407551622 0.131367977637144 0.10349401451420216 0.08309721238090288 0.14646549148499485 0.11823117987342958
0.08636247414287125 0.1389269833074245 0.15657104269085073 0.16126222212148267 0.08537535632736838 0.144332530247566 0.08203339125310206 0.1451359999093344
0.10517863462146636 0.07652797474971196 0.24647863648059762 0.13348184428155738 0.09195406691224496 0.08224016696869425 0.14776988866334392 0.11636878732238336
0.07890062748075381 0.12076210532277233 0.13604871237322674 0.13959790677708236 0.09609045265879605 0.16639890961476186 0.09468379764010805 0.16751748813249884
0.10411839092197503 0.07576320474467174 0.23839764414992995 0.13440135812729012 0.0948626333379912 0.08649852565144081 0.14878782828906353 0.11717041477763755
0.07871492797351808 0.12064043085928278 0.1341106708654193 0.13956908639988588 0.09669999162557519 0.16811773869044627 0.09466424990600958 0.16748290367986307
0.1041170358554438 0.07578481140526945 0.23773008116954353 0.13445213403970574 0.09503224927766263 0.08682496798332742 0.14884403931135515 0.11721468095769219
0.09393301812422823 0.14396775472775997 0.11148782339829331 0.11616014927813531 0.11544016922587229 0.20083202225373498 0.07878688385821352 0.13939217913376237
0.11454263044119879 0.08711728632641469 0.1554793806812026 0.09433699943637316 0.15034336608185028 0.14473765198001784 0.14023828572929503 0.11320439932364779
0.10623934188266945 0.07159320086176339 0.23758647927398824 0.13083251230930637 0.10559371930815183 0.08453699768118993 0.14586848760455498 0.11774926107837573
0.11907230779067848 0.0805497069460611 0.1975024442852535 0.0935244980719538 0.14574854449195226 0.11234265284765774 0.1390304478800985 0.11222939768634455
0.10702869918691853 0.06997780768443451 0.2544694167800094 0.1286663448929406 0.10301856986818497 0.07758607859427359 0.14345337258959195 0.11579971040364653
0.0817615541241844 0.11925570846689693 0.1378814278408737 0.13864019445962356 0.09812090349632104 0.16393775940967684 0.09403421885087512 0.16636823335154827
0.11726610709673936 0.08464663184989837 0.16089126661572178 0.09020789158284905 0.1528981201309218 0.1381429887487224 0.14318712949658577 0.11275986447856129
0.08229245094046614 0.11889727424530566 0.11429963561352961 0.1360908046299052 0.10759355562756956 0.18521224589922786 0.09230506748810961 0.1633089655558862
0.1026905287530036 0.07583889576865849 0.22305143112468018 0.13467815853494747 0.09864370077269956 0.09373084620693754 0.15015609615762054 0.12121034268145273
0.10366423098978787 0.07013799674931476 0.2670319815934499 0.1297792950707146 0.09326200724358912 0.07462889380767397 0.14469422898182654 0.11680136556364312
0.11936959508228957 0.08005262771647136 0.2071560025966134 0.09305695982436694 0.14112489964133026 0.10923614247645023 0.138335420873238 0.11166835178924031
0.14077186288059737 0.09191429085840312 0.21310408745193957 0.10566674343235052 0.13435487002525795 0.10127754291313334 0.11781053334920275 0.09510006908911547
0.08728319442863236 0.11975250622361124 0.12685870192430285 0.13595957907281148 0.10388156287026738 0.17089689826535476 0.09221606232764605 0.16315149488737374
0.13619031389574354 0.09900540968915363 0.18696336356223686 0.10978488853641448 0.12789531664648618 0.11895235017121984 0.12240195781597257 0.09880639968277302
0.0867036725778448 0.12065567815193798 0.12059994991762263 0.13609721092826482 0.10246014025552058 0.1778572824252857 0.09230941262960572 0.16331665311391777
0.07787517163778253 0.12388449323898043 0.10521853145503199 0.13725225647608127 0.09696410405891004 0.2010099005346613 0.09309283482725514 0.1647027077712975
0.07602588491388497 0.12388831867181598 0.10136443050946752 0.13687069943000085 0.09548075074627957 0.20929103679915817 0.09283403961339189 0.164244839316001
0.11560761848418127 0.08628708712677613 0.15340097439569728 0.0953234275470481 0.14526496292558666 0.14802313909580544 0.14170467736844763 0.1143881130564577
0.10900061905941684 0.07135956256758469 0.23661204673088884 0.13046865789866655 0.10467522725591422 0.08499927728872297 0.14546281709000583 0.1174217921087999
0.09553094701710797 0.13735536704505727 0.15386084599795696 0.15946121039945174 0.08518349570745683 0.14397582005287213 0.08111722442059068 0.14351508935950658
0.10774841964768513 0.07625802735033745 0.24556953582349575 0.13314838826996322 0.09174285416803298 0.08205395350785973 0.14740073915111923 0.1160780820815064
0.0828864481686389 0.12010195711297819 0.13586864765138826 0.13877692408759715 0.0958885429302342 0.16581821393680699 0.0941269572072398 0.16653230890511658
0.10543514488598019 0.07559587151744021 0.2383481743100217 0.13415768758722801 0.09468788719610646 0.08629917546817972 0.14851807498463987 0.1169579840504039
0.09830356246388484 0.14311653791801862 0.11155133088190752 0.11541911017411086 0.11511028671541554 0.19971197360659357 0.07828426603113604 0.13850293220893303
0.10668876706859325 0.07678732914070777 0.2199946700703654 0.13299413606095764 0.0997866163753899 0.09577522205668346 0.14827853677244082 0.11969472245486187
0.12218257352945416 0.08103600666368496 0.1918799805554031 0.09359964887605698 0.14436834831296266 0.11547169881332991 0.13914216459783993 0.11231957865126839
0.10914009260542254 0.06997082726645634 0.2520609749193478 0.12856185858274205 0.1030850338546291 0.07813866189572782 0.1433368781512064 0.11570567272446783
0.1048927625054513 0.0686394537945187 0.27757430607375977 0.12765198864846533 0.0931396473784531 0.07089261074050356 0.14232244107522926 0.1148867897836188
0.10310793561933015 0.06801767172678937 0.2875753872684527 0.1266528408666064 0.09033346323706215 0.06911667864008979 0.1412084658617238 0.11398755677994575
0.10235100430251559 0.0677373013615379 0.2914095623813904 0.12619855778299596 0.08944162416564738 0.06858127387599557 0.14070197412522084 0.11357870200469637
0.10204059593607245 0.06762354288120268 0.2928693068435177 0.126017176055625 0.08913587059632616 0.06839830220204153 0.14049974703515206 0.11341545845006254
0.10191687696195922 0.0675793659108501 0.29342388162026767 0.12594728468739635 0.0890262977396738 0.06833191348584519 0.14042182337535086 0.11335255621865672
0.08161204798758555 0.1186336092456713 0.1470284731704856 0.1381907999200615 0.09505500503067413 0.15992169262175404 0.0937294121196939 0.16582895990407379
0.07984040049296642 0.12133439380562176 0.1111827152718614 0.12936011177107098 0.10292197389039778 0.19664018122593957 0.09702008382830325 0.16170013971383873
0.06515464140610211 0.10531082796926905 0.06107871582484818 0.08130747477556355 0.13753942392847968 0.2950811689722342 0.09191279757237619 0.1626149495511271
0.09988175267931568 0.07507922241446192 0.19774616049793012 0.1347001583083723 0.10637843465580973 0.11480350470336012 0.15018062426321507 0.12123014247753505
0.10480531535747432 0.07049224104938798 0.25670279243925426 0.1305088763089545 0.09575643019601021 0.07876869835475674 0.14550765761610301 0.11745798867805907
0.1038789806440676 0.06870987931800948 0.27968338401038284 0.1277370464234341 0.09159255353345115 0.0710175401428399 0.14241727414672425 0.11496334178109067
0.10282210387556358 0.06799229822746351 0.288430463240899 0.12659757175061478 0.08996588312833499 0.06910702027961674 0.1411468449219541 0.11393781457555333
0.10225803982637814 0.06771757287300315 0.2917432013389845 0.12616439231356108 0.0893425984371141 0.06856235995229111 0.14066388217646283 0.11354795308220496
0.13643425468985654 0.09043343353885593 0.24492591890688473 0.1053290304414538 0.11917917085441304 0.09146805560441269 0.11743400856681491 0.0947961273973084
0.11045491100605925 0.06918082707152448 0.27277582481926493 0.12582979471354028 0.09574016184151012 0.07248083448350509 0.1402908308224098 0.11324681524218626
0.10443619019471206 0.06804453150556035 0.28548625822800927 0.12661692914465267 0.09089937183509408 0.0693930558900594 0.1411684269717247 0.11395523623018741
0.10271387682109125 0.0677725703939317 0.29057708296367496 0.12626052379446462 0.08960740028207222 0.06866301272606802 0.1407710616036792 0.11363447141501813
0.09386029851771131 0.13622403631978655 0.16800206149140326 0.15865449251529928 0.08195548607158137 0.13780773128005752 0.08070685054039138 0.14278904326376934
0.11993087093855898 0.0931907694256343 0.16968933859645488 0.08897513367680314 0.14582674615867464 0.12993785319230952 0.14123037091556054 0.11121891709600391
0.09906882002002425 0.14162143172060201 0.09593987064466722 0.11207395187637086 0.12574659672774702 0.21504521070366597 0.07601537605527763 0.13448874225164503
0.10719598322286551 0.07686599444850381 0.2128644224045382 0.1332455540540753 0.10246958988972509 0.09887860825939415 0.14855884907223021 0.11992099864866776
0.10600007041204464 0.07021970172573326 0.2625838722582611 0.12976269396379894 0.09439565776755673 0.07557585931868206 0.1446757199865042 0.11678642456741904
0.08252015166986264 0.1192346659032475 0.1398651143943244 0.1385702809286635 0.09642683205102028 0.16311181869991387 0.09398679923857178 0.1662843371143962
0.10480022392693362 0.08127913032441442 0.23885161953247971 0.13281135927923346 0.09411316651980521 0.08533260427727506 0.14702763420411677 0.11578426193574197
0.09816105652683532 0.1438932445451027 0.11164068222182245 0.11539357542281826 0.11495139526285833 0.19922080870466086 0.0782669468085202 0.1384722905073819
0.12011347315412689 0.08652848403242301 0.1548616405697547 0.09359934589775953 0.14977357302288644 0.14366255404548658 0.1391417142002515 0.11231921507731146
0.10995901666206803 0.07120764367127082 0.2369258680047952 0.13013147957290785 0.10549600517211197 0.08407476688188255 0.1450868884193465 0.11711833161561706
0.10566115622721871 0.06910764802921582 0.2717254569012513 0.12838203038008492 0.0941462835464589 0.0722972144484348 0.14313638312525884 0.11554382734207644
0.10352195951241863 0.0681972877951051 0.28534534432329156 0.12693542613202197 0.09073319635311677 0.06950137502101654 0.14152352734420956 0.11424188351881977
0.08197645658719123 0.11879517457027657 0.14516836250225781 0.13830448728610506 0.0954956349695079 0.16048797752989008 0.09380652181144516 0.16596538474332603
0.14011858092954732 0.10873690093353554 0.19401012222519634 0.1066710899786082 0.1257269032780592 0.11365181190373334 0.11808928153919995 0.09299530921211999
0.10376178063825964 0.14398649627831758 0.10088061047550921 0.11215610586108316 0.12069664300776228 0.20785993881738157 0.07607109788838684 0.1345873270332998
0.10821745181040178 0.07693175671433336 0.21501805188427922 0.13307502546442135 0.10119184770685356 0.09742962108095131 0.1483687224207802 0.11976752291797921
0.1061732716337112 0.07016949661151134 0.2634243650194166 0.12965959790928636 0.0940511872494332 0.07526766787882576 0.14456077557945804 0.11669363811835771
0.09488281855796739 0.137022684533068 0.16097391646621068 0.15924927724088941 0.08304935862930421 0.14048818011148104 0.08100941494427853 0.14332434951680045
0.14361622646660596 0.1111648197618426 0.19935897558789828 0.10601425352847214 0.12148814491223028 0.10857276059137103 0.1173621365882964 0.09242268256328341
0.07711047147186455 0.10645422995790907 0.0751731910452862 0.08272271001785192 0.1469912205066011 0.2525901282489507 0.0935126287158326 0.16544542003570384
0.07435289477717603 0.11903381556302796 0.09250239136948045 0.1333595724319158 0.10450822255749641 0.2257590368200876 0.0904525795625168 0.16003148691829894
0.10223448025654984 0.07620265988666039 0.21348984500937468 0.13523237363029672 0.09875452928105095 0.10160297103920088 0.15077400462959945 0.12170913626726702
0.10494505455190659 0.07027474680762606 0.2630936163163527 0.12996967457859598 0.09370295211857492 0.07613476058051888 0.14490648792568836 0.11697270712073639
0.1037201580087682 0.06853954947560621 0.28214157913787064 0.12744172427865327 0.09095993481919175 0.07041149043486235 0.14208801199425966 0.11469755185078795
0.10272440356045576 0.06791580929526779 0.28935890903385303 0.12647308474400032 0.08975286497617296 0.06894110092099578 0.14100805119965407 0.11382577626960026
0.10222856520415642 0.0676857811132758 0.292088879590909 0.12611306078928627 0.0892662790293105 0.06850902820509719 0.14060665135760722 0.11350175471035763
0.08170049802970268 0.11865832984337688 0.14672044734157766 0.1382062760476954 0.09511919873016188 0.1600078097787708 0.09373990897148035 0.16584753125723445
0.14012728555265277 0.10866400949717245 0.19455868518253697 0.10661579603086369 0.12556277495554297 0.11349627568312008 0.11802806886607618 0.092947104232035
0.08765715880950317 0.12161696322010794 0.12231333129100316 0.13583686791026992 0.10191818341357259 0.17552042171538398 0.09213283214783526 0.1630042414923239
0.10668860194456592 0.08189273523141968 0.23099972197597377 0.1332588986165527 0.09566697856549042 0.08779556058350707 0.14752307864754713 0.11617442443494339
0.09853248055065435 0.1439030728629706 0.11003341917443941 0.11533745080254647 0.1152958700414885 0.2002638859300743 0.07822887967477064 0.13840494096305578
0.13921752200332538 0.10019175281108697 0.17866641687343832 0.10837695982263415 0.13016894530960824 0.1250069169701216 0.12083222236941449 0.09753926384037073
0.11358855072737603 0.07146626456234881 0.24634291104342854 0.12880286364309007 0.1002540551187599 0.08001719681817329 0.1436055808080422 0.11592257727878105
0.10616491232430955 0.06887019160761203 0.2753248018371648 0.1278946290166436 0.09270290828781912 0.07134442383321378 0.14259296697825788 0.11510516611497927
0.10351142958640148 0.06808489320991325 0.28670530906946684 0.12675101077860196 0.09030842735670411 0.06924510231068465 0.14131791798748605 0.11407590970074175
0.09409866991929339 0.1363365275373996 0.16700554150187702 0.15874186895152198 0.08212780852688935 0.1380706029530486 0.08075129855360032 0.14286768205636977
0.10667260325502985 0.08247123193571854 0.24978950631800267 0.13119428896676336 0.0900265683135773 0.0802338219856727 0.1452374708952366 0.11437450832999885
0.08267866522476906 0.12077956859559812 0.1368305360899038 0.13869668854689934 0.09547671935933529 0.165029259347579 0.09407253657963607 0.16643602625627918
0.10512534266222869 0.08155053288930295 0.2375759669882686 0.13294131479799268 0.0940006933752003 0.08573709249097897 0.1471715003054701 0.11589755649055773
0.08238973580258918 0.12070368856424142 0.1339337416266394 0.138754698936747 0.096373287134496 0.1672273264540925 0.09411188275709796 0.16650563872409638
0.10515512028428302 0.08162044459368342 0.23634883990689834 0.13307267224269936 0.09428384990246125 0.08619008143627335 0.14731691839647626 0.11601207323722508
0.09824046296415467 0.14392941545653118 0.11113203537913799 0.11538696967066324 0.11498260272191939 0.19960168381747845 0.0782624663853194 0.1384643636047959
0.10672100958965629 0.07685844699011679 0.21982918056907463 0.13301765497305781 0.09978139137460616 0.09577166842344638 0.14830475860428982 0.11971588947575203
0.10568023156008734 0.07006892998161401 0.26537092909949916 0.1294822388581634 0.09362185500843455 0.07487876704664835 0.14436303347320606 0.11653401497234707
0.1383992541287653 0.09127414836315513 0.23582665034549435 0.10608874820631498 0.12114463479005987 0.09350565360124731 0.11828103717927953 0.09547987338568346
0.11128793391481528 0.06945436891716508 0.269178474767243 0.1262326863977852 0.09644567199509786 0.07305142126608764 0.1407400249837993 0.11360941775800668
0.10478905435166576 0.06814874641071476 0.28409646340805716 0.12678007791357862 0.09115832906681032 0.06957493305315668 0.14135032567379585 0.11410207012222078
0.13745480134865912 0.09060598615375405 0.2422116352493257 0.10548959214309427 0.11985698047078339 0.09182734882367098 0.11761302288192747 0.09494063292878482
0.11082626104964433 0.06924845207577629 0.27168464217729077 0.12593280633126197 0.09596205785139585 0.07260057372775972 0.14040568108873536 0.11333952569813577
0.08330275205039761 0.11882845094557966 0.14189893821897143 0.13818844892395807 0.09661315490764057 0.16161429871367058 0.09372781753103243 0.16582613870874965
0.14081559411227507 0.10874757165816393 0.19271703449380115 0.10666875224266445 0.12605427462553728 0.11391680811223273 0.11808669356941282 0.0929932711859126
0.087787857805269 0.12162894118387475 0.12188185982043268 0.1358402353433578 0.10202918905578787 0.175688518233319 0.09213511614592963 0.16300828241202933
0.08027086002238203 0.13032578180625182 0.10412160696236243 0.12723925659369545 0.10316814589991351 0.20039583552800388 0.09542944244527159 0.1590490707421193
0.08980422205385614 0.14619289878712488 0.0827575509491318 0.11191892684089531 0.11366754570233195 0.24544591481767394 0.07591022863991159 0.13430271220907436
0.07676868992329643 0.12382548350403262 0.09435642420338483 0.13359750180084934 0.09733915599313467 0.22318178467109806 0.09061395774318476 0.16031700216101916
0.10284943470100409 0.07656573201108882 0.21442956077210307 0.13528505432072385 0.09715956752770369 0.10112136211069403 0.15083273966803093 0.12175654888865146
0.10507203060807666 0.0702870805232875 0.2634829773281936 0.12994727677897394 0.0933410376627792 0.07603553194702517 0.14488151605058736 0.11695254910107654
0.1210045033302473 0.07993757420043594 0.20579676836903715 0.0928956206371217 0.14132825953402658 0.1094669498294013 0.1380955793351839 0.11147474476454604
0.08425975403634152 0.11850411437235663 0.12517725985144357 0.13622007698004704 0.10567987934852469 0.1743020751705027 0.09239274786472758 0.16346409237605644
0.10578749702260874 0.08143292434460975 0.23225480610967184 0.13314423899283467 0.09639398375649826 0.08751593928001922 0.14739614573077342 0.11607446476298408
0.08250346421332201 0.12067784307139835 0.13266893871694876 0.13874324615190503 0.09689787379660592 0.1679126238862417 0.09410411478129212 0.16649189538228604
0.07950200743793985 0.1305061490289497 0.10685353220308942 0.12766850655193626 0.10225908732280709 0.19787370435140508 0.0957513799139522 0.15958563318992033
0.09562820615720108 0.16049551132639875 0.09176550214682842 0.11589653315850337 0.12578186894386767 0.2539720585032212 0.08692239986887754 0.06953791989510202
0.07705603390795897 0.12409064586351914 0.0954387746171654 0.1318106837982827 0.09907190067898304 0.2249571115651422 0.08940202901100916 0.15817282055793927
0.10279272955355004 0.07647974780728913 0.21471287142741377 0.13507031588407947 0.09743254856996061 0.10135518012560654 0.15059332233642891 0.12156328429567152
0.08188350973473832 0.12005304304799624 0.12842160567034014 0.13873089160380914 0.09706175740522767 0.17327638743856022 0.0940957351747575 0.16647706992457095
0.11747070101939981 0.09116025362703753 0.15670205660282327 0.0892423717737194 0.15180090201781554 0.14041619187107213 0.14165455837098317 0.11155296471714925
0.07166699052335149 0.1027864340343475 0.06795979957029097 0.08150419760105934 0.15433694378740861 0.26660205938457365 0.09213517989684969 0.16300839520211868
0.10119085055288449 0.07462740374940713 0.20051366108694524 0.13421610833998074 0.10981816805787181 0.10919836603533749 0.14964094467159048 0.12079449750598269
0.1050077092453899 0.07035667530899244 0.25770601788331665 0.1303093902762219 0.09637108713298703 0.07768542332786897 0.1452852455766235 0.1172784512485997
0.10390997428307593 0.06866429318813934 0.2800419935409537 0.1276667938052356 0.09168082367800433 0.07079705935971344 0.14233894772016564 0.11490011442471205
0.13736343146424215 0.09079200244149906 0.24088364957506722 0.1056595641144486 0.12016881167120172 0.0922364040850255 0.1178025289455121 0.09509360770300374
0.1108582372956112 0.06929807307657461 0.271172346149981 0.12600233547808146 0.09607588357162854 0.07270782159915319 0.1404832008986968 0.11340210193027331
0.12212807373759056 0.07948487837013421 0.2078385857215859 0.09243083309194085 0.14166930432236136 0.10812668361385946 0.13740464143219866 0.11091699971032902
0.1085590290172743 0.06944591539848949 0.2584052783847239 0.12777494340167084 0.10193903632492651 0.07641882196208591 0.14245952644932552 0.11499744906150375
0.13920908234275728 0.09112013896345326 0.23301574754678495 0.1059605035661901 0.12341134148144561 0.09378067891376184 0.11813805397603584 0.0953644532095711
0.11155408561405383 0.06948578920523474 0.26801263719864177 0.12630709485662855 0.09699567230576506 0.07314535058617083 0.1408229848625396 0.11367638537096571
0.13980582106928283 0.09087116080802117 0.2362890028004266 0.10565456850482131 0.12170288095039022 0.09279049499913439 0.11779695921358435 0.09508911165433918
0.11157319419631576 0.06938554736864389 0.2692942868576812 0.1261515487022174 0.09651949145484412 0.07288997508000873 0.14064956250829314 0.11353639383199565
0.08345449789248703 0.1188666760996096 0.14134869961943522 0.1382165414265918 0.09675238817288542 0.16175447550078387 0.09374687157629705 0.16585984971191012
0.10508779897461769 0.08109596752590231 0.23927265751847754 0.1325338787178599 0.09441819125499253 0.08532869838656483 0.14672045181627144 0.11554235580531375
0.12154208493773587 0.08120569581300201 0.19820010854888137 0.0933874922291524 0.14231835486907957 0.1124544934342766 0.13882677949288924 0.11206499067498286
0.14327433933346437 0.09196230949235286 0.20955283000197908 0.1055842853098833 0.13489080095947187 0.10199097942771038 0.11771859869624304 0.09502585677889497
0.11324343369644904 0.06998364022897308 0.2584208480448419 0.1271023444513953 0.10010140149189825 0.0750465932664667 0.14170962881371982 0.11439211000625575
0.10560873389816959 0.06843074391999791 0.27991085817855055 0.12724691934390114 0.09224958446769511 0.07016011375248203 0.14187081902969273 0.11452222740951101
0.09460747197844765 0.1364782880320539 0.16524716884012303 0.1588586434523178 0.08255377767733202 0.13847116967819983 0.08081070123443992 0.142972779107086
0.12060576666571553 0.09310829514352238 0.16860124107467753 0.08882964193631092 0.14637515100245532 0.1304434201119916 0.14099943164493797 0.11103705242038867
0.09920397873174996 0.14155997779318685 0.09570341344213168 0.11203171758562161 0.1258572098525633 0.21521891130349202 0.07598673018850856 0.13443806110274592
0.12014622093620561 0.08610672968248938 0.14896154149414104 0.0932943927162368 0.15310199599833463 0.1477474670991207 0.13868838081398782 0.11195327125948414
0.11014038745110802 0.07127703423962117 0.23439646287524007 0.13030697435618221 0.10639113108542592 0.08492918106578674 0.1452825520060718 0.11727627692056397
0.14046124233986115 0.0918337864335903 0.22464665344581455 0.10661951838355221 0.12534907006461535 0.09625935647018526 0.11887280631718432 0.09595756654519697
0.11215742610932039 0.06973773713469573 0.2646966912811242 0.12668551563460076 0.09767964867006373 0.0737811213094323 0.14124489578962202 0.11401696407114068
0.10514892186622748 0.06827551291538998 0.28236423936168986 0.12698489305256097 0.0915560517100801 0.06980529807769739 0.1415786792690493 0.11428640374730487
0.12055815093320249 0.07941631687288667 0.21165428471988806 0.09245169230286927 0.14018127523984217 0.10736059911763277 0.1374356500502355 0.11094203076344311
0.10807289474687884 0.06937194233264557 0.2599830454743311 0.12764777959532292 0.10151497062935252 0.0762086172905946 0.1423177482950839 0.11488300163579063
0.13901647569167755 0.09108492486041568 0.23357797724313292 0.10592622774447034 0.12325588168316197 0.09370506881440266 0.11809983899271545 0.09533360497002331
0.11148915754363296 0.06947091176680216 0.2682379840385581 0.1262839450094498 0.09694569246820288 0.07311958415431351 0.14079717451053583 0.11365555050850483
0.08344268685645786 0.11888620792183185 0.14110271213124265 0.1382290333108256 0.09685348023522504 0.16185569523886645 0.09375534433255996 0.16587483997299068
0.11773598001560673 0.09085588953278356 0.16075358077332796 0.08908804921510455 0.15170267372064147 0.13709416329491764 0.14140960192873736 0.11136006151888067
0.09751110293394574 0.14906366723539144 0.0932403466256589 0.11054676645278634 0.12595891465521575 0.21604353641176827 0.07497954594188987 0.1326561197433436
0.10617805552331214 0.08501118545236011 0.21021615703122254 0.13197876035239536 0.10197472428465901 0.09871376440719447 0.1471464686317005 0.11878088431715583
0.10547140235102791 0.07496153677724236 0.26087908960517897 0.1291399844043308 0.09401637887774623 0.07532417672201616 0.14398144529855986 0.11622598596389773
0.10355330786689618 0.07246991235674081 0.2807179759918605 0.12685471925451966 0.09075634141437174 0.07004495058784757 0.1414335451986958 0.1141692473290677
0.10239097198073766 0.07164902684232635 0.28830982481504897 0.12589512649940493 0.08943684931297471 0.06864891581190051 0.1403636708881425 0.11330561384946441
0.13600046151916756 0.09527828807154985 0.24303052230600958 0.10476284812163096 0.11873673092014964 0.0911018282194002 0.11680275753262438 0.09428656330946786
0.14537867624297643 0.09797488429159461 0.2240497190986483 0.10327708181479461 0.12592525486193243 0.09529877107815399 0.11514623897858445 0.09294937363331514
0.11277103050848067 0.07479486569943168 0.2634182668555053 0.1255640043892069 0.09727929128259732 0.07317044286861524 0.13999449444587694 0.11300760395028621
0.10496848627730855 0.0721957666761727 0.2812984835743875 0.1263453704089083 0.09116934481467814 0.06944605563358018 0.140865659246947 0.11371083336801746
0.10266992123251063 0.07157269617585539 0.2884689974919745 0.12580938360546284 0.08947546371792772 0.06850701857123188 0.1402680739601205 0.11322844524491654
0.13607284615892282 0.09525417156616794 0.24307180184251856 0.104748396456356 0.11873401556876433 0.09105856659222464 0.11678664500432526 0.0942735568107204
0.11004555310778937 0.07414804195669479 0.2713317279226585 0.12506181163768063 0.09530447881952185 0.07211816907674615 0.13943458700499614 0.11255563047391254
0.13860603311479694 0.09580938969841023 0.23673190463155605 0.10489857834600258 0.1205684452897228 0.09202284180443147 0.1169540866036775 0.09440872051140232
0.11084870964853438 0.07435030885545266 0.2687639366561406 0.12529355975818052 0.09587052372622457 0.07241578870838705 0.1396929688647177 0.11276420378236247
0.10434911341867671 0.07202549571448255 0.28340587550765606 0.12613528012716368 0.0907255082769322 0.06920555057946041 0.140631424261181 0.1135217521144473
0.08165863057062263 0.12490342586749639 0.14410351156725906 0.1372556617453874 0.09492038562958055 0.15935644603701346 0.09309514448817578 0.16470679409446481
0.1045464380502881 0.0817726672601368 0.2404400577425043 0.1324018872578663 0.09399284874359311 0.08484448277396056 0.14657433184428015 0.11542728632737063
0.07206650443415726 0.11206256178872928 0.08235279691294096 0.08457927066257061 0.14065427688705232 0.24351469854476318 0.09561134944464504 0.16915854132514122
0.10061215498431905 0.08094176586824801 0.206391854690666 0.1332090128625102 0.10605639682985699 0.10438259481755088 0.14851810837058974 0.11988811157625917
0.08084833955800684 0.12671908005134125 0.12568120351141246 0.13736735582260368 0.09823449611874545 0.17313779574065213 0.0931709022101138 0.16484082698712438
0.11714312846420896 0.09205802926500739 0.15572888762212375 0.08919378845072055 0.15246309033198782 0.14034339831728024 0.14157744198527072 0.1114922355634007
0.09728919855184838 0.14922289091465493 0.0921902124638246 0.1104520420372574 0.12603803984197648 0.21734986766828512 0.07491529807744415 0.1325424504447089
0.07751513555761108 0.13612773801316388 0.09572745861684648 0.13205135473064522 0.09933177487766214 0.21121964584042455 0.08956526668687242 0.15846162567677427
0.1018831334963572 0.08868624312805033 0.21286199370107944 0.1332356445248881 0.09659793889986558 0.09827516549065653 0.14854780068670356 0.11991208007239927
0.12030030134502141 0.09027091532113753 0.18883614880292254 0.09288525995722155 0.14260199270649174 0.11556289242989343 0.13808017748864576 0.11146231194866585
0.10817700518731542 0.07796223739366479 0.2496786057526987 0.12742889406314867 0.10223905269813723 0.0777544929867505 0.1420737072614508 0.11468600465683378
0.13828152320737824 0.10002851408067248 0.2287255436416514 0.1050502597335782 0.1227652059892133 0.09348051955596835 0.11712320003131779 0.09454523376022037
0.1276012306513893 0.09005202653892212 0.19086483343506605 0.09004607931771812 0.14795610331883335 0.11156488678002234 0.13385954477678694 0.10805529518126175
0.1437513290152388 0.10184148349267683 0.20489801898476323 0.10400617902126232 0.13521602490552684 0.10072227550783941 0.11595912795355665 0.09360556111913608
0.11275729426142188 0.07891709069058674 0.2551640174244318 0.1257751301657075 0.09961915639273738 0.07433980998495777 0.14022988393102015 0.11319761714913673
0.10500375930620785 0.07530423513764578 0.2777101672817792 0.1262511895753808 0.0916926379445665 0.06965128549059274 0.14076065464598425 0.11362607061784273
0.10256328051729127 0.07431561721214557 0.2867416165885992 0.12552847801079084 0.08947628402789407 0.0684442082484019 0.1399548851851653 0.11297563020971177
0.11902088868199819 0.08654460535362782 0.21230317653612116 0.0915396230599538 0.138491639406015 0.10617272142807986 0.13607979786225968 0.10984754767194456
0.14084180517499684 0.10100790767528615 0.21312632794746206 0.10392963054394116 0.1323293061088334 0.09935457294601686 0.1158737821139165 0.09353666748954705
0.1282970656080719 0.09020676410545243 0.1854562400352768 0.09000197237761438 0.1511205486214339 0.11312106555109697 0.13379397684791633 0.10800236685313726
0.10997462352503438 0.07781619750997032 0.24778686490334334 0.12711119504494345 0.10397912502061596 0.07721242189060944 0.14171949656503394 0.11440007554044909
0.1046379377029235 0.07535711943285262 0.2749086078488948 0.12665481281974236 0.09288924040249501 0.0703522858130139 0.14121066444230973 0.11398933153776812
0.08141183710998968 0.12941792592706217 0.1417031281879946 0.13662201844069938 0.09504868463471072 0.15918461454136032 0.09266536902934393 0.16394642212883923
0.10455563113098294 0.08239151859622534 0.23940103433129648 0.13248914526159655 0.09411429256180204 0.08487409066922315 0.14667093004132786 0.11550335740754573
0.09682893246267059 0.15625106976858918 0.1105497434012248 0.11349745995912296 0.1134092022231609 0.19628575434896575 0.07698088588531816 0.13619695195094753
0.10515812249211269 0.09069879723222511 0.21716853097215116 0.13073805142073414 0.09836845564729148 0.09444062519370762 0.145763170763117 0.11766424627866072
0.10471178518579845 0.07828521130829737 0.26318940376453376 0.12830652201124848 0.0927740157312923 0.07420499525974686 0.14305219692895912 0.11547586981012363
0.10304481761026266 0.07519012583526478 0.28123609596222654 0.1262810369616358 0.09019305808375319 0.06960800002714317 0.14079393225424172 0.11365293326547224
0.1359915111350412 0.09896075499436424 0.24008713866488782 0.10449830051256699 0.11875226493419455 0.09115375260675786 0.11650780669087693 0.09404847046131029
0.14490043371287722 0.10254541944914311 0.2223427900601077 0.10274324080745788 0.1254956873268006 0.09495246582261627 0.11455104609428512 0.09246891672671208
0.12929401559353315 0.09038082717948205 0.18848899685801254 0.08987604250264787 0.1486889549101803 0.11181313832216475 0.1336067736308019 0.10785125100317744
0.11011090923140715 0.07776718905957335 0.24902648361428945 0.12698235913633077 0.10334678522676573 0.07690629636738483 0.14157585414155086 0.1142841232226977
0.13883618485189123 0.099943253710075 0.22839712547621913 0.10499391005296223 0.1230295421282809 0.09324509039027452 0.117060374342631 0.09449451904766598
0.12774972077135488 0.09003221511110707 0.1907444848042487 0.09004031766457053 0.14803759761959404 0.11149630313923384 0.1338509796924063 0.10804838119748462
0.1252050494414394 0.08866940637931582 0.1783624643959228 0.09055760718510207 0.1570034198403937 0.11691295882770124 0.1346199653080025 0.10866912862212248
0.10948758455269161 0.0777671782618269 0.24491424626799513 0.12744466063297247 0.1055212794710542 0.07807357043358981 0.14209128581019465 0.1147001945696752
0.10462555409363906 0.07542678124230096 0.273793334509873 0.12679228518775743 0.09331237316794629 0.07057267925598697 0.14136393587351462 0.11411305666898168
