0.125 0.125 0.125 0.125 0.125 0.125 0.125 0.125
0.5924447701601664 0.12716741790840524 0.03098760972625545 0.0061106153564007455 0.19035648266057878 0.04250638105296255 0.008660990338870923 0.0017657327963599694
0.6349558143724153 0.14261677293076813 0.07193275506957465 0.01565457402940407 0.098669541689628 0.022943634501877853 0.010802414484154844 0.0024244929221769454
0.5462134745393994 0.2179605281275261 0.03195134343713066 0.012221104096726934 0.12899570207292294 0.0528702921221852 0.007044058480101184 0.0027434971240077283
0.5389980783019348 0.22777897232820687 0.021582991700803432 0.008620108253113714 0.1371865880271922 0.05983668023000949 0.005014865844221264 9.817153145180648E-4
0.6288115718446572 0.12662066690993065 0.03292656319999615 0.0062574459988224826 0.16238835355410808 0.03376066185362115 0.007734037439974144 0.0015006991988901555
0.5385929932234489 0.2166332536401649 0.03005923644085204 0.011595229366178728 0.13672704599372648 0.056639308864692185 0.00699929706370272 0.002753635407233956
0.5304265835146312 0.22469284809859988 0.028118659227374065 0.011248231814993171 0.13651730631444509 0.05972145432941695 0.006584348067779878 0.002690568632759669
0.5363899436298107 0.2284121831810028 0.021166711965091047 0.008501136919090041 0.1386104174357147 0.060971231816592725 0.004969585855984723 9.787891967133061E-4
0.5290371904311154 0.22569859066877254 0.02764144293028314 0.011125890481180985 0.13697693958634513 0.06034254222448084 0.006504147582815503 0.002673256095006538
0.5361525832207773 0.2285024085981358 0.021125656283158566 0.00849016246366987 0.13871522243849663 0.06107142502429134 0.00496415902825364 9.78382943216905E-4
0.5359840397133273 0.22868659883487427 0.020999035394880555 0.008452924367883257 0.13880529418409002 0.06115518619285106 0.0049418850393194965 9.750362727742321E-4
0.6283704260489313 0.12669709969628548 0.032815725223393606 0.006242281223357533 0.16276237021920234 0.03388777352661493 0.007724007309768137 0.0015003167524465955
0.5461265265178731 0.21969811393613048 0.022851702687638385 0.008815912376683586 0.13870856529758835 0.05747095451153414 0.005322915983521755 0.0010053086890301954
0.5302451055333512 0.2249177872956869 0.027931772428261666 0.011194105604599384 0.1366453189055049 0.05983250009366386 0.006552460607413847 0.002680949531518331
0.5293107458446672 0.2254371835853885 0.0278396252846487 0.011182864135705196 0.13681640131447534 0.060192600768708644 0.006537626419889349 0.0026829526465168567
0.5362154056889283 0.2284797717274883 0.021137406362766575 0.008493348376576703 0.1386851749824529 0.061044750337796376 0.004965644750290878 9.78497773699875E-4
0.47634989881412115 0.20323699702710465 0.01866368595398716 0.007512702004169279 0.19736706625409609 0.08695379093061645 0.007027373378717864 0.0028884856371871703
0.6438613545853752 0.15537875504589044 0.04849489486384225 0.011239285547823101 0.10519551991778975 0.02639183299616461 0.007610285463812671 0.0018280715793019592
0.6414355112496857 0.12212598356439405 0.036698641663695665 0.006692492911847115 0.15335545407644782 0.02999567935305096 0.008178051311849564 0.0015181858690292004
0.5482942904346143 0.21932349885629412 0.023198403976683817 0.00891438190906122 0.1373686252936024 0.056543115634359556 0.005351549304228841 0.0010061345911559015
0.53765251118906 0.22787105671797223 0.02127948390464383 0.008523219109941345 0.13823900388657 0.06047236707422609 0.004984148245065335 9.782098725211385E-4
0.5361953048536554 0.22862639662080558 0.02103123183638549 0.008461958210934038 0.13870006089547002 0.061064037813827875 0.0049457170504422 9.752927184793445E-4
0.528997768997715 0.22571722367802927 0.027630994685837552 0.011123178495839403 0.1369950586069529 0.060359969437388764 0.006502762096043215 0.0026730440021938756
0.4765161348567834 0.2030900447712645 0.018775122504862705 0.007545622337534695 0.19726481334075824 0.08685062165971767 0.007059105399728319 0.002898535129350731
0.6438888018930491 0.15535988450969979 0.04850433406439723 0.011239638289570319 0.10518403372133515 0.026384834999696887 0.007610610139968395 0.0018278623822831003
0.6578669913062203 0.12525259456907337 0.06273268472847487 0.011440029489462341 0.10969295209987255 0.021455121451421644 0.009749698874489225 0.001809927480985545
0.5548248901015037 0.2196803884527941 0.024335399423135062 0.00926812913192548 0.13188475199786107 0.053604464361891264 0.005397701447289348 0.00100427508360016
0.531656631957641 0.22485932266336123 0.02821036798313448 0.011283625302586222 0.13557942251502295 0.059158370623290955 0.006570277328056649 0.0026819816269064573
0.5295464969189121 0.22542120000336904 0.027887030599913654 0.01119795812492203 0.13664312107447898 0.06007991469826051 0.006541029927694505 0.002683248652449328
0.5292314096686399 0.22548397385198682 0.027822017310951734 0.011178651268535447 0.13684024604135633 0.06022646291106053 0.006534734787252708 0.0026825041602165757
0.5291804883660489 0.22549165639351662 0.02781143469546507 0.011175427357818292 0.1368743657339399 0.06025042595262149 0.006533802434893878 0.002682399065695606
0.5361942953702705 0.22848500158401183 0.021134063571698482 0.008492390764705265 0.13869654833950118 0.061053956483339014 0.004965271317561015 9.78472568912635E-4
0.529008507352119 0.22570599285578583 0.027635353607137366 0.011124139265783376 0.13699362158966744 0.060355717144948466 0.006503495608526508 0.0026731725760316158
0.4765180074348984 0.20308931345597978 0.018775425914618667 0.0075456982474724115 0.19726415643679765 0.08684966907745179 0.00705918108838633 0.0028985483443951052
0.6438890003121542 0.1553597574050095 0.04850439530527262 0.011239640945409864 0.1051839497320017 0.026384783336878416 0.007610612086877899 0.0018278608763955548
0.6578670080565969 0.1252525848953802 0.0627326964017272 0.011440030782365085 0.10969293683314894 0.021455115959270153 0.009749699602907544 0.001809927468603873
0.49676523044841875 0.19669192860064832 0.02178882158939875 0.008298265711067138 0.1889338675580081 0.07679203618175051 0.007732574254963913 0.002997275655744722
0.6459806995002969 0.15407208260781075 0.049150044617307695 0.011271314771785435 0.10424948884284836 0.02583652826325399 0.007628038430289915 0.001811802966407025
0.6580461083294633 0.12515320649022338 0.06285599118310048 0.01145385087856685 0.10952734778438081 0.021396621163588536 0.009757107175518379 0.0018097669951584125
0.4968109439476185 0.19668871475813515 0.021795440099492053 0.008300128256450942 0.18890382318534496 0.07676998862809253 0.007733570760552421 0.002997390364313327
0.6269826076623135 0.14953750612538855 0.06840142259665474 0.015685815136520134 0.10118044981062498 0.025075318449163612 0.010615543460133171 0.0025213367592012304
0.6421501193293823 0.12169182097903608 0.03728966322339309 0.006763921840610195 0.1526020276391602 0.02972113880735427 0.008255904816580477 0.001525403364483318
0.5407392914492315 0.21619583073987272 0.03053629318943894 0.011729616083557428 0.1353304446018072 0.055674153112091895 0.0070386003429695814 0.002755770481030785
0.629836432591946 0.12595290829884984 0.03345311002692421 0.006319123600600052 0.1617159319069384 0.03339297902194881 0.007820594888156254 0.0015089196646365577
0.5463956907509067 0.21963369769621835 0.022897353122556106 0.008828468339397693 0.1385550243894617 0.05735690455400644 0.005327349080426238 0.0010055120670270728
0.4777687463477367 0.20263649390508295 0.018879858292234035 0.007565828123584546 0.19694174891609081 0.08622364483180345 0.00708506403293975 0.0028986155505277716
0.588702517835316 0.14194467776129974 0.044372147402271016 0.010275719045257476 0.1601752224320827 0.040149364965211175 0.011596949420302252 0.0027834011382597444
0.6520979510977041 0.1252325983498911 0.060318699014038524 0.011051424829387518 0.11653276686918976 0.02308868511067058 0.009837219300909358 0.00184065542820916
0.6420710638429481 0.12034939819306333 0.03735725680239039 0.006731353570355277 0.15397855099564625 0.029646515012674537 0.008336407890923206 0.001529453691998902
0.5406959705620911 0.21607048145317678 0.0305370809470175 0.011725881244002735 0.13546569233463898 0.055703144423500425 0.007044505180354867 0.0027572438552178643
0.5307648070475058 0.2246313245696827 0.02819028358378171 0.011269582111901108 0.13629795157493416 0.059563820586122876 0.006590925435588662 0.002691305090482751
0.5294121416710265 0.22540958712220988 0.027863688186318594 0.011189734542442249 0.13675552470097196 0.06014578967904126 0.006540216876064903 0.002683317221924685
0.5362328510304757 0.22847696271784626 0.021140109360209967 0.008494158286750271 0.1386745092970711 0.061036994152942614 0.0049659018382585286 9.785133164455413E-4
0.5290143789443991 0.22570504528263788 0.027636554639510178 0.011124503175834407 0.1369897633731344 0.06035296662058852 0.006503603436738686 0.0026731845271569395
0.4765191807295876 0.20308933384188393 0.018775571459839668 0.0075457442229143155 0.19726333945075925 0.08684907446164145 0.007059203661525394 0.002898552171848439
0.6438891155410706 0.15535970021253057 0.048504431364451324 0.011239643795814516 0.10518388492136048 0.026384751907741734 0.007610612298560198 0.0018278599584706807
0.6578670186462556 0.1252525800846002 0.0627327033052152 0.011440031600678083 0.10969292641172863 0.0214551125572911 0.009749699942241383 0.0018099274519898974
0.5467409008066698 0.21647956619444159 0.031974433413451596 0.012177452653506445 0.12996314082709742 0.05282342584088756 0.0070920734800304815 0.002749006783914821
0.6309119520587456 0.12590667269794034 0.03369537748735319 0.006355935619415147 0.16068980020028575 0.03309817140750385 0.007833260062052004 0.0015088304667041723
0.5465728743462405 0.21963364699424878 0.02292351660080245 0.00883660980873385 0.13842093100807898 0.057278456232981244 0.005328511767898267 0.001005453241015867
0.5373754275505042 0.2279042215235267 0.021238373130987604 0.008510639235779393 0.13841641896266743 0.06059625826603663 0.004980630903991386 9.780304265066381E-4
0.5361501969363947 0.22863055799467658 0.021024637676336246 0.008459899567863501 0.13872985977416308 0.06108440534174954 0.004945177559694228 9.752651491222216E-4
0.5289907422943576 0.22571790845852968 0.027629595602353323 0.011122739261505133 0.13700002363602237 0.06036330354523085 0.006502653434164715 0.0026730337678366
0.5291256955243037 0.22551272124218658 0.027797134380968792 0.011171541962658677 0.13690346928962457 0.06027526292473447 0.006532048386671872 0.002682126288851495
0.5361849305661253 0.2284870196085057 0.021132572488693893 0.008491957429860504 0.13870187778351167 0.06105806444141635 0.004965115194360551 9.784624875260619E-4
0.5290070811634516 0.2257062277903541 0.027635061223574224 0.011124050869074946 0.13699455544666284 0.060356384646873214 0.006503469216606282 0.002673169643402834
0.5361475050484261 0.228503203733548 0.02112487810084028 0.008489928315911466 0.13871833407223458 0.06107368696112279 0.0049640852800115366 9.783784879051453E-4
0.5359832167716575 0.2286866907294686 0.020998914021832373 0.008452886886613744 0.13880582507004705 0.061155556185497076 0.004941874623237896 9.750357116458008E-4
0.6283703004195679 0.12669711268132638 0.03281569625861495 0.006242277009885502 0.16276248285853928 0.03388780885692915 0.0077240052118567664 0.0015003167032803652
0.4862033111197973 0.19559195468093998 0.02034431929722311 0.007848594205748594 0.19758226791479566 0.08186402960164821 0.007582182569719232 0.00298334061012782
0.644957763506376 0.1545377232200911 0.04882570951418866 0.011242951402724397 0.10486921443600397 0.02611754963226962 0.0076289249636068285 0.001820163324739609
0.6579497589401212 0.1251938469799807 0.06279426473869815 0.011446402773970766 0.1096240703660044 0.021427393872690347 0.009754320323023064 0.001809942005511372
0.4967863602244204 0.1966892945372272 0.021791991796125895 0.008299131841015299 0.18892096615621315 0.07678181488172184 0.007733099402791487 0.002997341160484736
0.6459828271981046 0.1540709266071139 0.04915071116606517 0.011271358980111076 0.10424838360087407 0.025835959207089247 0.0076280471316212016 0.0018117861090206449
0.6580462988180151 0.12515311287559788 0.06285611801596369 0.011453865591153613 0.10952716442999406 0.0213965596093249 0.009757113920382384 0.0018097667395681354
0.5548641671131698 0.21967210917704416 0.024342280558236257 0.00927001398375567 0.13186094138139529 0.05358791301140094 0.0053982826433610345 0.0010042921316367464
0.5316626730381919 0.22485839130988994 0.028211610946544643 0.011284000803037778 0.13557539751984635 0.0591555502494294 0.006570383993222704 0.002681992139837538
0.529547483695077 0.2254210758710589 0.02788723383274237 0.011198020821689218 0.13664244021204472 0.06007944833621804 0.006541046804980554 0.002683250426189063
0.5292315722815728 0.22548395576411615 0.027822050633543205 0.01117866163458341 0.1368401319816864 0.06022638579981691 0.006534737469854525 0.0026825044348266678
0.5362031156854966 0.22848408764370726 0.021135388279668134 0.008492801202182501 0.13869076630287858 0.061049978867836745 0.004965383297553445 9.784787206766647E-4
0.4763477318191923 0.20323716761265712 0.01866340691966921 0.007512618825300724 0.1973683830967212 0.086954892758965 0.007027322081867925 0.00288847688562634
0.6251026557385789 0.15085200618182038 0.0675072246127332 0.01564564084769006 0.10213082612765047 0.02562298040472402 0.010593896684657149 0.002544769402145561
0.5784353543598089 0.2322531703293938 0.03352908932103442 0.012881917256340436 0.09604728569312788 0.03964041148219096 0.0051838681159857665 0.0020289034421180265
0.48639866680706534 0.20453108272314988 0.01987172119141945 0.007919369054065248 0.18927988268161414 0.08192177916883003 0.007166337627157642 0.0029111607466982795
0.6259575372420909 0.1504073040580457 0.06792294444242944 0.015681613982626415 0.10154595859903223 0.025359729925978774 0.010591419220731953 0.0025334925290645552
0.6420123569143793 0.12174541425179063 0.03724537563727916 0.006759102832579894 0.15269966503908208 0.029761867504896344 0.008250939880552675 0.0015252779394397964
0.540717395667841 0.21620055087047008 0.030531418900846437 0.011728253487489638 0.13534448021951176 0.05568396039534137 0.007038192241667798 0.0027557482168317424
0.5378915274594078 0.22765504226892255 0.02142674184523227 0.00856598803225978 0.1381116247696702 0.06035806717647442 0.005009180128126796 9.81828319906143E-4
0.5292499931692383 0.22562572478773535 0.027688019042407613 0.011138700070887301 0.13686723799396613 0.06024649605372274 0.006509791391234092 0.0026740374908083967
0.5291665484868024 0.22550310846001906 0.02780594077398462 0.011174105480293513 0.1368787364376539 0.06025636253107845 0.006532955388633186 0.0026822424415349727
0.5361918805836563 0.22848600384406204 0.021133635110810633 0.008492278917578871 0.13869755802661224 0.06105496144567112 0.004965213728208212 9.784683434006186E-4
0.529008154543663 0.22570609206504294 0.02763527777054281 0.0111241177518932 0.13699382085819073 0.06035587828677912 0.006503487235375859 0.0026731714885124803
0.5291284575845885 0.22551162837323485 0.02779778533211345 0.011171715855720358 0.13690211537267571 0.06027402897363882 0.006532130452298275 0.0026821380557299134
0.5291637016298365 0.2254947337309138 0.027807866391165746 0.011174360785443075 0.13688523693094487 0.060258272302493 0.006533468766697518 0.0026823594625052403
0.5361914089671536 0.22848534642417118 0.021133626852242272 0.008492256687097603 0.13869840444785564 0.06105525313286276 0.004965233084229951 9.784704043870702E-4
0.5359901592475905 0.22868501885478362 0.021000005273328282 0.008453199433343748 0.13880204485205302 0.06115253563447063 0.0049419933865702936 9.750433178601567E-4
0.5359468593317649 0.22870189489205867 0.0209918877902154 0.00845104146996678 0.13882171150871017 0.06117069042729384 0.004940949130723048 9.749654492670147E-4
0.6283653171785616 0.12669823875034505 0.032814385881334396 0.006242105396875345 0.1627665021117795 0.033889268113697996 0.007723871624648152 0.0015003109427578986
0.5385231729484892 0.21663982456684602 0.030044613284393326 0.011590866448758395 0.13677818923087046 0.0566712733499883 0.006998410494639887 0.0027536496760142844
0.5375150361470065 0.2277015880378668 0.02136949811458723 0.008548538486334042 0.13835311806442288 0.060526426077751806 0.00500423031147289 9.81564760557783E-4
0.5361841356661233 0.22861379666678924 0.021031495139783137 0.008461640793284212 0.13871688585006822 0.06107056657191768 0.004946139356959161 9.753399550749958E-4
0.5289957054517465 0.2257163074849846 0.027630688718704544 0.011123042166778866 0.13699736662646733 0.06036105823173872 0.00650278057757058 0.002673050742008846
0.5361455924205677 0.2285040808752523 0.02112453489833229 0.008489840778503944 0.13871906570824 0.0610744733676423 0.004964037043976023 9.783749074852664E-4
0.5290012025897716 0.22570789444657832 0.027633781835812513 0.011123688908530443 0.13699788517902037 0.0603590670368804 0.006503328536249299 0.0026731514671570196
0.5361465164972994 0.22850337300088086 0.02112472551634147 0.008489882798405388 0.13871892856599313 0.06107412561613142 0.004964070429364857 9.78377575583432E-4
0.5290013270912518 0.2257078304544441 0.027633811027914283 0.011123696240672085 0.1369978373118265 0.06035901297671573 0.006503332790545134 0.0026731521066302956
0.536146536486345 0.22850336704332372 0.02112472875736686 0.008489883701024391 0.13871891857950494 0.061074117011956655 0.004964070817778787 9.783776026995716E-4
0.5359830601995006 0.22868670920059408 0.020998890869278298 0.008452879762918244 0.13880592528565142 0.061155626472211594 0.00494187260812573 9.750356017199293E-4
0.5359457314217284 0.2287020703946446 0.020991718620621352 0.008450990523532995 0.1388223991594907 0.06117119216864767 0.004940933190084716 9.749645212493905E-4
0.5289607530292396 0.2257252773447187 0.027623271851468206 0.011120908061356303 0.1370177368157972 0.06037711402246224 0.0065019890868428555 0.002672949788114758
0.5291208905726323 0.22551356561546357 0.02779612529179108 0.011171238658780992 0.1369065968174828 0.06027751285183488 0.006531954922704466 0.0026821152693101273
0.529162482785617 0.22549495270764203 0.027807609223885896 0.011174283699663676 0.13688602765486818 0.06025884247908129 0.006533444818572986 0.0026823566306688525
0.5291691982278491 0.22549310909825243 0.0278091040037922 0.011174709116066918 0.13688213263399526 0.060255761748385116 0.006533607042605425 0.0026823781290534
0.6284994692424604 0.1265447599603021 0.033029351130276004 0.006271192955975898 0.16257510323687288 0.03381475413426346 0.007760039377103997 0.0015053299627452114
0.5385673246853688 0.21662514085363635 0.03005671659341392 0.011594081568121858 0.13675175791270172 0.056651496548053216 0.006999683522009745 0.002753798316694323
0.6294932139544314 0.12599676231718313 0.0333696794724607 0.0063073198723878785 0.16202003367445636 0.03349011842668212 0.007814128120167976 0.0015087441622302228
0.5463390863127395 0.2196364698403082 0.022888804982580762 0.008825875461932538 0.13859562946866666 0.057381745955157756 0.005326869122438901 0.0010055188561756175
0.530277113255867 0.22491130055111475 0.027938466479432284 0.011196079973416925 0.13662523909064964 0.05981767836517317 0.006553100401954352 0.00268102188239171
0.4767366294339608 0.20304280239600098 0.01880637192413805 0.007554237029575352 0.19715631906337805 0.08673793643430937 0.007065960549297405 0.0028997431693398956
0.6251468782470005 0.15081970244599863 0.06752971110075641 0.015646590529333395 0.10210830652485725 0.025610116081776678 0.010594480958080616 0.002544214112196583
0.657903185388921 0.12481273040132743 0.06356188319149142 0.011538482881908266 0.10923785711247343 0.02130172769726601 0.009826880198216956 0.0018172531283956088
0.5549472929684672 0.21963843818943746 0.024362355049197922 0.009275080333821515 0.13181800265124435 0.053553860138111156 0.005400535005200992 0.0010044356645194138
0.5388061499968695 0.22787076492647274 0.021444624505649757 0.008577115181010331 0.1373858506019641 0.05994292040465751 0.004994095881775239 9.78478501600667E-4
0.6287685539735343 0.12662761361519012 0.032914202681645084 0.006255754431315475 0.162427217676486 0.03377303006134164 0.007732973580538212 0.0015006539799490484
0.5461919009117031 0.21969311812061157 0.02286167960222597 0.008818897790697736 0.13866315301576262 0.05744240105978153 0.005323540669491737 0.0010053088297256557
0.530255326124399 0.22491693484005248 0.02793380402065578 0.011194745176625668 0.1366379645660437 0.059827655212546925 0.006552608799821331 0.0026809612598552267
0.4767323925563335 0.20304290696411534 0.018805832354802727 0.00755407106113886 0.19715911340071446 0.08674008592972009 0.007065870023365797 0.002899727709809109
0.6251465076183146 0.15081991986877885 0.06752953268971515 0.01564657773956249 0.10210853514007527 0.025610228075854034 0.010594479982046202 0.0025442188856533866
0.6579031473068809 0.12481274896868451 0.06356185665593941 0.011538479788832384 0.10923789507737089 0.021301740180629556 0.009826878838834716 0.0018172531828275153
0.54685475310744 0.21643555718033863 0.032009452002614576 0.012186434480917148 0.1298957689223582 0.052772913306146356 0.007095708622331509 0.0027494123778535494
0.5390286478334441 0.2276490746635026 0.02159353881160843 0.008620120595830172 0.1372706871306934 0.05983630374478845 0.005019480068701416 9.821471514314365E-4
0.5294314308459 0.2256166601153001 0.027723553320372466 0.011150141376868 0.1367321476047714 0.060159646377224985 0.006512201956332847 0.0026742184032302386
0.5291967642534913 0.22550090726561373 0.027812024127549424 0.011176038483692193 0.1368566563500041 0.06024192712709725 0.006533399854284057 0.002682282538268158
0.4765730442044804 0.20307847832851714 0.018784309188029178 0.007548173318168107 0.19723427437452257 0.08682179869041266 0.007061031406268837 0.0028988904896012167
0.625132110575882 0.15082952148789666 0.06752269141280942 0.015646213725451535 0.10211624125953668 0.02561447625787837 0.010594346299069331 0.0025443989814760075
0.6579017342434769 0.12481352702635408 0.06356083861947792 0.011538365015250457 0.10923925212013995 0.021302208425023304 0.009826819963135187 0.0018172545871421406
0.5468544544853887 0.21643562645372025 0.03200937968012644 0.01218641470616063 0.12989596344713886 0.052773046423247205 0.007095702714996592 0.00274941208922121
0.4797473688013372 0.2026127161952675 0.019218719903693733 0.007672095786599266 0.19547836142367048 0.08520904620378585 0.00714791619428074 0.0029137754913653594
0.6254160977783773 0.15064904935289458 0.06765861299003834 0.015654421632803787 0.1019548729790184 0.02552993019432518 0.010596216224254681 0.0025407988482877538
0.6419204564075941 0.12176183977853496 0.03722033493285394 0.006755909152045323 0.15277971184342132 0.029787267725821333 0.008249176967979546 0.0015253031917494835
0.548428602913195 0.21929106523655023 0.02322341393403793 0.008921180111279722 0.1372892213490841 0.05648633840419684 0.005353931445916696 0.0010062466057394195
0.5376743365428359 0.22786782727371832 0.021282790542573714 0.008524212654021831 0.13822547580042563 0.06046268390011651 0.004984447370431465 9.78225915876777E-4
0.5361988402628076 0.2286260193158239 0.021031751999721404 0.008462119215788235 0.1386977659098913 0.06106244720076012 0.004945761055812653 9.752950393947576E-4
0.5289983179518893 0.2257171658865639 0.02763110433432804 0.01112321276920322 0.1369946740652517 0.06035970937502246 0.0065027707777555845 0.00267304483998575
0.4765162463030823 0.20309004932228922 0.018775136127509456 0.007545626705274209 0.19726473343826845 0.08685056522565861 0.007059107409985828 0.0028985354679320514
0.6991167348851337 0.07696440566287334 0.07551184792050303 0.00798360596467603 0.11420591941413223 0.013070896587518447 0.011848244228190011 0.0012983453369730807
0.6612364682247722 0.12014369064937978 0.06645674418557419 0.011722604420005672 0.10826685066867277 0.02014394021345795 0.010200702549283718 0.0018289990888535762
0.5556645888039758 0.21922364838379593 0.02450668512795207 0.009308345062597291 0.13159363667921606 0.053276314212983684 0.005421024090403867 0.0010057576390752427
0.5317773267737986 0.2248166094110192 0.028237240358713136 0.011290925762750748 0.13551769730697888 0.05910428324301456 0.006573505419198059 0.0026824117245270946
0.5295654609072092 0.2254167497809403 0.02789111323434456 0.011199146472475203 0.13663163445925533 0.060071143832185155 0.006541449306747271 0.0026833020068430004
0.5362599490131991 0.22847670368589162 0.021143999844003575 0.008495431407084275 0.13865473417997537 0.06102450232789065 0.0049661560703540076 9.785234716014396E-4
0.5360013395601021 0.22868394955770344 0.02100164369271984 0.008453710044618805 0.13879468803601788 0.06114748997330402 0.004942128786807954 9.750503487258307E-4
0.5359486893317715 0.22870174811999927 0.02099215396328573 0.008451125180460003 0.13882048509222608 0.061169861495446155 0.004940970310759172 9.749665060520803E-4
0.47629039931441824 0.2032488521452468 0.018654594947203996 0.00751018496490207 0.19739845768558245 0.08698387869426356 0.0070254794774780895 0.002888152770904821
0.5885222332015932 0.1420287002515012 0.04432549237718162 0.010273275538770159 0.16026290264290824 0.040208674094275476 0.011593704473517388 0.00278501742025255
0.6744840659119048 0.1295429379701924 0.03742807628823994 0.006857880925537667 0.1205525329917497 0.02388742700638927 0.006104736984085548 0.001142341921901049
0.49440087558583234 0.1969540746034388 0.021246996580031707 0.008147157616449864 0.19066849814868025 0.07796968487307898 0.007634575783350441 0.002978136809137536
0.5906964295240469 0.14106742647131362 0.04488574959689078 0.010305548715412617 0.15915435898145508 0.039496281294517877 0.011628724258986452 0.002765481157376706
0.6522811949028399 0.12515072552297282 0.06043450519475926 0.011065450368333148 0.11635486392243125 0.02302925155341805 0.009843511575736687 0.001840496959508871
0.5537295054805373 0.2196406185938497 0.02416801858714023 0.009215831579242691 0.1327583903709396 0.05409052816853133 0.005392200504947179 0.0010049067148118873
0.47925884719365636 0.20276898046471675 0.01905567817682133 0.007623656023903111 0.1958082637078933 0.08547510037227245 0.007107424082583818 0.0029020499781531326
0.5888792973861822 0.14189398975435333 0.044416877340082206 0.01028005378760307 0.16005795839476514 0.04009209417318719 0.011597881743088685 0.0027818474207382585
0.6521153664208875 0.1252268070791694 0.06032897386756172 0.01105275037576084 0.11651468821306646 0.023083174451566116 0.009837616311965792 0.0018406232800223937
0.4953816370465677 0.1965147412546451 0.02161729061172682 0.008243736950000828 0.19007542240223463 0.07745206226341361 0.007718226193553378 0.002996883277858079
0.6268623004963217 0.1495996609663451 0.06834277094369264 0.015680766817661472 0.10126332782845704 0.025112248489185775 0.010615985522521205 0.002522938935815027
0.658067409130748 0.12471629650738414 0.06368250778575704 0.011551820695882233 0.10908357468694968 0.02124698347722654 0.009834279542507006 0.0018171281735454568
0.554984267136651 0.21963035058137534 0.024368891306712617 0.009276862511921499 0.13179577326115996 0.05353830656090782 0.005401095655864246 0.0010044529854076085
0.5388121345878083 0.22786994793808088 0.02144552408855683 0.008577387171718713 0.13738208934623844 0.059940259198376464 0.004994175073281636 9.784825959387713E-4
0.536389231352598 0.22862034395066946 0.021058915046656922 0.008470906009418085 0.13856235758594107 0.06097524395245255 0.0049476307906739314 9.753713115901683E-4
0.4763723385346462 0.20324900688137437 0.018664653550483842 0.007513336659608709 0.19734282361436958 0.08694233244557657 0.007027086116418613 0.0028884221975221027
0.6438632801679982 0.15537822500823684 0.04849550072837084 0.011239366397860703 0.10519403701748421 0.026391269396050573 0.0076102660229805585 0.0018280552610179294
0.6578648567645538 0.12525394803858403 0.06273113027072173 0.011439862588765596 0.10969484945358601 0.021455828989743447 0.009749595368134086 0.001809928525911357
0.5548244156259952 0.219680502635837 0.024335314998573273 0.00926810635419534 0.13188502872284616 0.053604662961339325 0.005397693878453176 0.001004274822760969
0.53165655940142 0.2248593350659368 0.02821035295057761 0.011283620802696617 0.13557946991572334 0.05915840438227937 0.006570275991736286 0.0026819814896299524
0.5365885568515875 0.22841892194388244 0.021193408815368537 0.008510153437833812 0.13846025143042784 0.060878881498141704 0.004971010756784403 9.788152659737696E-4
0.47641981280141105 0.20323781315987846 0.018672217723102413 0.007515392219769254 0.19731899429236588 0.08691834985390422 0.00702871045396836 0.0028887094956005074
0.588537825179242 0.14202325829456508 0.044329477475998705 0.010273598785764105 0.1602535065505651 0.040203599245813494 0.011593855153582381 0.0027848793144690125
0.6328420222087414 0.12154424698595535 0.035117747835246654 0.006434533163324761 0.16217691063338213 0.0321350300865438 0.008212721228823548 0.001536787857982472
0.5392599241332325 0.2161617161319718 0.030240472316279264 0.01163638765919943 0.1365528567587859 0.05636122585556926 0.007029098498540114 0.002758318646421572
0.53763259546014 0.22765824197613907 0.021389225952161542 0.008553820071163894 0.13830078701957896 0.060476776261295696 0.0050068026852064795 9.817505743142255E-4
0.4765796578079562 0.20318952878041566 0.018695410388651332 0.00752147630974017 0.1972534952297933 0.08683646731644376 0.007034281204583502 0.002889682962416196
0.5885572119177267 0.14201498130262252 0.044334470710211495 0.010273908079924505 0.16024332903070615 0.04019724223262861 0.011594150438310977 0.002784706287869145
0.6328447005679527 0.12154366704208527 0.03511845620581402 0.006434622645301192 0.16217471186848825 0.032134269626180934 0.00821278332538555 0.0015367887187920407
0.487032710373467 0.19522630191979776 0.02048381076797157 0.007882065974778904 0.19732379836043837 0.08144390530994432 0.007617998379792756 0.002989408913809182
0.6261548831104916 0.14995515127839543 0.06799521936992449 0.015649779289049634 0.10176272046011633 0.025330330488016865 0.01061949026038601 0.0025324257436196975
0.6579911735048144 0.12474880916131294 0.06363109604802158 0.011545629217063466 0.10916231251142869 0.021271701979541032 0.00983200628936613 0.0018172712884517506
0.554967371314892 0.21963296783224873 0.024365992835302372 0.00927604666265446 0.13180677786356418 0.05354551295938832 0.00540088116498315 0.0010044493669667594
0.5316786552455568 0.22485455193634157 0.028215073086546336 0.011284996696331217 0.13556573780966963 0.0591482220803159 0.006570730919835146 0.0026820322254033665
0.5365923225995903 0.2284184100999767 0.02119398209604012 0.008510327723110177 0.1384578793358302 0.06087719729674014 0.004971062591556259 9.788182571558949E-4
0.4764205274314681 0.20323783074966945 0.01867230439465366 0.007515419761016445 0.19731849441684365 0.08691798789206619 0.0070287236599739095 0.002888711694308565
0.5885379102740049 0.14202323184285504 0.04432949906347987 0.010273600748863684 0.16025345214878672 0.04020357160486445 0.011593855751740791 0.0027848785654046525
0.6520830740093951 0.1252396973934295 0.060309128618285954 0.011050283757779084 0.11654694678430831 0.023093543177711617 0.009836662014297823 0.001840664244792498
0.5456611197267782 0.21646400396121818 0.031747349887563704 0.012106978453978495 0.13086069577603063 0.053324301076211514 0.0070846406009491955 0.0027509105172698685
0.5388151965556485 0.22765651424687197 0.021562130529736063 0.008610080504048543 0.13742306142261573 0.059933600088634846 0.005017348981762439 9.820676706819085E-4
0.5364006828480905 0.22860344163398344 0.021062657961093387 0.008471614288420188 0.13856596015000422 0.06097180215319821 0.004948401251410266 9.754397137996855E-4
0.5290297857044448 0.22571380159297438 0.027637410654152046 0.011125180603690712 0.13697264660249062 0.06034481116802079 0.006503270741446658 0.002673092932779986
0.5291321285774202 0.22551207098177437 0.027798444914881745 0.011171952023334144 0.13689890928140142 0.06027220628702655 0.006532151397751561 0.0026821365364100426
0.5361860512789508 0.22848693095011624 0.02113273908902893 0.008492009763378328 0.13870112110743513 0.06105755617302922 0.004965128463467671 9.784631745938155E-4
0.6284060166346134 0.12668465988081173 0.03282764171276934 0.006243727112974307 0.16273524243560156 0.03387685884923835 0.00772545329634237 0.0015004000776489396
0.5461326506412687 0.21969708956184106 0.022852691485741768 0.008816193911624757 0.13870473829503635 0.057468328039142424 0.0053229969983318425 0.0010053110670130067
0.53024604724349 0.22491766206857977 0.027931963633130177 0.011194164166011114 0.13664467741171057 0.05983205803833999 0.006552476396714152 0.002680951042024384
0.4767304936992445 0.2030428077910877 0.018805601842104433 0.007553996647895475 0.19716049423661838 0.08674104665928209 0.007065836942116113 0.0028997221816512223
0.6251463439761644 0.15082001060115274 0.06752945361759044 0.015646571491957105 0.10210864132072525 0.025610277997046748 0.010594479979677024 0.00254422101568611
0.6579031301994402 0.1248127569065685 0.06356184488855393 0.011538478399502554 0.10923791236402093 0.02130174576567505 0.009826878266213498 0.0018172532100253645
0.6432723519142057 0.12029659146447433 0.037653133563939886 0.006773316343758772 0.1527980847167296 0.029331602663204066 0.008346774233244038 0.0015281451004436407
0.637056105211744 0.12024421674104406 0.036012227762884985 0.006532247351028583 0.1593717293524312 0.030950342022703928 0.008298841085639054 0.0015342904725240596
0.5475591544732583 0.21912523637130268 0.023102308871452367 0.00887981030229062 0.1380879252449071 0.05688371898548946 0.005354579086896433 0.0010072666644029215
0.537523403100232 0.22785769904649583 0.021262023875052608 0.008517145405601974 0.13834494652174784 0.06053304614926237 0.004983510137861629 9.782257637457434E-4
0.5291816969690847 0.22564474014945526 0.027671935987945477 0.011134139690550262 0.13690776601616883 0.06027785061940708 0.0065080652323337845 0.0026738053350544855
0.5361761663513172 0.2284971513085817 0.021129351921957102 0.008491235621191702 0.13870205098947616 0.061061079082723964 0.004964555644397454 9.784090803545494E-4
0.5290058378206107 0.2257070978718484 0.027634733693788167 0.011123975693627391 0.13699487752010825 0.06035690019852363 0.00650341585430987 0.00267316134718368
0.5361473102970327 0.2285032819167107 0.021124845092395823 0.008489919625491765 0.13871841555459255 0.06107376855391597 0.004964080801450341 9.783781584101396E-4
0.5290014505188378 0.22570781696596315 0.02763383575503392 0.0111237039510016 0.13699775119322347 0.060358954549231715 0.00650333476696884 0.002673152299739585
0.5361465578693405 0.2285033652561072 0.021124731937026343 0.00848988469759642 0.1387189042261419 0.06107410732369158 0.004964071073977679 9.783776161183865E-4
0.5359830637190978 0.22868670894150958 0.020998891380504245 0.008452879924263294 0.13880592290723012 0.06115562487561728 0.004941872648101717 9.750356036758561E-4
0.5359457320005656 0.22870207035479215 0.020991718704430427 0.00845099055006309 0.13882239876627017 0.061171191905756754 0.004940933196559985 9.749645215618958E-4
0.535939885641539 0.22870350703502995 0.020990800942357574 0.008450728379925812 0.1388255550756769 0.06117373239999213 0.004940832473603989 9.749580518746692E-4
0.535938958771928 0.22870365525671196 0.02099066172094946 0.008450686552620948 0.13882611688802277 0.061174144295079065 0.004940819238768213 9.749572759198034E-4
0.5289597306722637 0.22572545751140743 0.02762306173100481 0.011120844913369054 0.13701839651821815 0.060377591414712696 0.006501969658642294 0.0026729475803820967
0.5291207244826457 0.22551358858468404 0.02779609093590332 0.011171228123321409 0.13690670975067512 0.06027759119735409 0.006531951978598457 0.0026821149468178895
0.5361840758684941 0.228487118279966 0.02113244348405104 0.008491917724565501 0.13870242998299012 0.0610584488118776 0.004965103991181642 9.784618568740085E-4
0.5290069482569361 0.2257062423581609 0.02763503459080576 0.011124042566359203 0.13699464814978612 0.06035644755630434 0.006503467086482328 0.002673169435165056
0.5291282595852238 0.22551165038551244 0.027797744828297218 0.011171703251162634 0.1369022541694874 0.06027412286963174 0.006532127189325027 0.00268213772135967
0.5361853548343763 0.2284869176438841 0.02113264005183546 0.008491976824180092 0.13870164573298754 0.0610578793392519 0.004965122595307577 9.784629781768445E-4
0.5359891971271097 0.2286851788664925 0.020999860060117392 0.008453155981666264 0.13880262358882295 0.061152962459146976 0.004941979424178744 9.750424924654965E-4
0.5289672177917227 0.2257235909987289 0.027624658153373664 0.011121305233587305 0.13701397257417403 0.060374150089668024 0.006502136726925804 0.002672968431819874
0.47651011812703425 0.20309006359291276 0.01877436692586044 0.00754538666593892 0.19726889358666444 0.08685367348726865 0.007058983310945367 0.002898514303375218
0.6438882087178521 0.15536018361163384 0.048504148608627035 0.01123962398370002 0.10518436279502108 0.026384996401070008 0.007610608787588196 0.0018278670945075638
0.6812282424371048 0.1297004258471663 0.038976197134021486 0.007107761056686371 0.11358827903471633 0.02221702557728547 0.0060575493144584295 0.0011245195985607468
0.5539511536226357 0.22028143359602742 0.02392115189875565 0.009161688335798598 0.1323550621301535 0.053990884149478106 0.005340317851492804 9.983084156582687E-4
0.4792909202790396 0.2028215483280393 0.01905359510477102 0.007624389886646829 0.19574370018823456 0.0854591077317969 0.007105125500146403 0.00290161298132544
0.6441575643057584 0.155214046154714 0.048586831791057404 0.011245212105420083 0.10504624574573182 0.026312518879728627 0.007611819926265177 0.0018257610913242361
0.641475256103945 0.12211577726099293 0.036709745304089096 0.006693827774988959 0.15332372672816505 0.029984436898306835 0.00817903791994802 0.0015181920095640512
0.5405828308765092 0.21623546823775855 0.030497161083004876 0.011718928004516425 0.13543068285167728 0.0557443951796121 0.0070350539881440044 0.002755479778777428
0.5378680627695568 0.22765853102462508 0.021423100457240857 0.008564895512055273 0.13812626080197565 0.060368490033079834 0.005008849494129301 9.818099073373087E-4
0.5362417763865991 0.22860843985466395 0.02103993620878911 0.008464274147241935 0.13867882024596725 0.06104454725836317 0.004946830600775983 9.753752975995956E-4
0.5359861784974824 0.22869428953449542 0.02099786566504396 0.008452804694888042 0.13879895110570517 0.061153351654206316 0.004941555955893576 9.750028922849478E-4
0.4762973389225369 0.20324881948589912 0.01865545014765333 0.007510451823607224 0.19739378660202692 0.08698035914604292 0.007025617853642773 0.002888176018590625
0.6250980326314423 0.15085508231296574 0.06750500572313561 0.015645522476328343 0.10213332987116641 0.025624343254295894 0.010593856055897136 0.002544827674768361
0.5446685648649893 0.2186957294100029 0.03157165124753109 0.012129890853332636 0.12967621518519623 0.05351982902463506 0.006998848559461528 0.0027392708548515626
0.5315884182299532 0.22481955812846133 0.02834159861609588 0.011325769557791406 0.13549425791886618 0.05914881022115025 0.006591643730766036 0.0026899435969156447
0.5295577867386799 0.2254184954021725 0.02789146659542552 0.011199233999453918 0.13663379341080026 0.06007444340938175 0.006541456905171436 0.0026833235389145524
0.5292335390229995 0.2254836775962875 0.027822486285422512 0.011178793222642642 0.13683876057345012 0.06022546165082983 0.006534773522089749 0.0026825081262782033
0.5362034599542991 0.22848405458022275 0.021135440111778845 0.008492817295674757 0.13869053801352318 0.061049823529091704 0.004965387568822395 9.784789465872709E-4
0.5290099363205183 0.22570584564807153 0.027635639200910826 0.011124228624075277 0.13699261751549974 0.06035503987639592 0.006503518085190779 0.002673174729337975
0.5361479974971284 0.2285031566101214 0.02112495170260161 0.008489951226704985 0.13871800828774658 0.061073464471073875 0.004964091387420417 9.783788172027291E-4
