Action: 0
[0.18879940898254194, 0.07382509583294289, 0.3216421916829582, 0.07381696318005707, 0.11267535334173755, 0.08160706061964827, 0.07381696318005707, 0.07381696318005707]
[0.1877730860230707, 0.07266343375339632, 0.23747703896441316, 0.07266343375339632, 0.1173059580025505, 0.1667901819963803, 0.07266343375339632, 0.07266343375339632]
[0.10056735365784729, 0.07565864077576466, 0.341000288482804, 0.07565817646951188, 0.12535151764335856, 0.1304476700316898, 0.07565817646951188, 0.07565817646951188]
[0.125, 0.125, 0.125, 0.125, 0.125, 0.125, 0.125, 0.125]
[0.19650787373671633, 0.10902414104794872, 0.299366968786441, 0.07416742352077522, 0.09617214290334912, 0.07642660296321922, 0.07416742352077522, 0.07416742352077522]
[0.2989609938336421, 0.07349745073154035, 0.15507978963098365, 0.06873900100172764, 0.12809815854090087, 0.13814660425775022, 0.06873900100172764, 0.06873900100172764]
[0.125, 0.125, 0.125, 0.125, 0.125, 0.125, 0.125, 0.125]
[0.125, 0.125, 0.125, 0.125, 0.125, 0.125, 0.125, 0.125]

Action: 1
[0.08292935181781641, 0.14919359674070104, 0.08292935181781641, 0.08292935181781641, 0.2784269764251173, 0.15773266774509972, 0.08292935181781641, 0.08292935181781641]
[0.1111111111111111, 0.1111111111111111, 0.1111111111111111, 0.1111111111111111, 0.1111111111111111, 0.2222222222222222, 0.1111111111111111, 0.1111111111111111]
[0.07847947382146282, 0.07847947382146282, 0.07847947382146282, 0.07847947382146282, 0.30675290062453925, 0.22237025644668387, 0.07847947382146282, 0.07847947382146282]
[0.125, 0.125, 0.125, 0.125, 0.125, 0.125, 0.125, 0.125]
[0.14608349918511832, 0.0744275098655893, 0.0744275098655893, 0.0744275098655893, 0.26027461905111177, 0.2215043324358234, 0.0744275098655893, 0.0744275098655893]
[0.1367452976523497, 0.07940458297939859, 0.07940458297939859, 0.07940458297939859, 0.12178796527959618, 0.34444382217106123, 0.07940458297939859, 0.07940458297939859]
[0.125, 0.125, 0.125, 0.125, 0.125, 0.125, 0.125, 0.125]
[0.125, 0.125, 0.125, 0.125, 0.125, 0.125, 0.125, 0.125]

