Action: 0
[0.16391392935246715, 0.09722791979560148, 0.1554846614171612, 0.09722791979560148, 0.1944607041083068, 0.09722902593965897, 0.09722791979560148, 0.09722791979560148]
[0.19205852836921314, 0.09562439389232621, 0.19629559606160327, 0.09562439389232621, 0.11085734596925366, 0.11829095403062519, 0.09562439389232621, 0.09562439389232621]
[0.1374581731441, 0.09628360585772618, 0.182479399229081, 0.09628321658270736, 0.19860782210658862, 0.09632134991438217, 0.09628321658270736, 0.09628321658270736]
[0.125, 0.125, 0.125, 0.125, 0.125, 0.125, 0.125, 0.125]
[0.09895721680686229, 0.0984287632793784, 0.29092796147686717, 0.09829687943633805, 0.09832688551694871, 0.11846853461092928, 0.09829687943633805, 0.09829687943633805]
[0.10542233203269985, 0.09570518305292804, 0.15333120007005338, 0.0956151397202819, 0.26308070156491226, 0.09561516411856077, 0.0956151397202819, 0.0956151397202819]
[0.125, 0.125, 0.125, 0.125, 0.125, 0.125, 0.125, 0.125]
[0.125, 0.125, 0.125, 0.125, 0.125, 0.125, 0.125, 0.125]

Action: 1
[0.09656439981845093, 0.22886869556203296, 0.09656437946092254, 0.09656437946092254, 0.10336303844396069, 0.1849463483318652, 0.09656437946092254, 0.09656437946092254]
[0.10285105474385359, 0.10285105474385359, 0.10285105474385359, 0.10285105474385359, 0.10285105474385359, 0.28004261679302495, 0.10285105474385359, 0.10285105474385359]
[0.09924982214732092, 0.09924979690639488, 0.09924974208497069, 0.09924974208497069, 0.11070687477511922, 0.2937945378312822, 0.09924974208497069, 0.09924974208497069]
[0.125, 0.125, 0.125, 0.125, 0.125, 0.125, 0.125, 0.125]
[0.10119176705298782, 0.11945408133612036, 0.09539138964077046, 0.09539138964077046, 0.11061966593311243, 0.28716892711469766, 0.09539138964077046, 0.09539138964077046]
[0.0975537583838723, 0.09826208463114698, 0.0975537583838723, 0.0975537583838723, 0.22652350184811643, 0.18744562160137493, 0.0975537583838723, 0.0975537583838723]
[0.125, 0.125, 0.125, 0.125, 0.125, 0.125, 0.125, 0.125]
[0.125, 0.125, 0.125, 0.125, 0.125, 0.125, 0.125, 0.125]

