0.125 0.125 0.125 0.125 0.125 0.125 0.125 0.125
0.099626400996264 0.07845579078455792 0.199252801992528 0.15691158156911583 0.08685378548392246 0.06839735606858895 0.17370757096784492 0.1367947121371779
0.0745303753200788 0.12421729220013136 0.1056354961590544 0.1490607506401576 0.0931629691500985 0.15527161525016417 0.11179556298011822 0.186325938300197
0.07295173961840629 0.12906846240179573 0.09118967452300786 0.16133557800224466 0.08754208754208755 0.15488215488215487 0.10942760942760943 0.19360269360269358
0.0735570797657792 0.12259513294296534 0.09562443946294065 0.1471141595315584 0.09194634970722398 0.1749345195264155 0.11033561964866881 0.18389269941444797
0.09789610320590676 0.15277406763983226 0.08978905976978414 0.137496660875849 0.11458055072987419 0.22184306559635758 0.10312249565688676 0.08249799652550942
0.07718516506159934 0.11770151989090336 0.09196987361788041 0.14124182386908402 0.08827613991817751 0.20114182990418722 0.10593136790181303 0.17655227983635502
0.07532105863372546 0.1169298649811479 0.09157206082456547 0.14031583797737748 0.08769739873586091 0.20753210289256774 0.1052368784830331 0.17539479747172182
0.11287549394155343 0.08289421825587445 0.13742165570211787 0.09947306190704935 0.13157812421567375 0.1535223695351111 0.15789374905880846 0.12434132738381168
0.07716147397022496 0.11591092965388959 0.09458091716400081 0.13909311558466753 0.0980290112182648 0.1970383212396173 0.10431983668850064 0.17386639448083438
0.09181315887676583 0.14234893949485014 0.08393295203429497 0.12811404554536512 0.11693125033522979 0.26390569222725113 0.09608553415902384 0.07686842732721906
0.0839163227764173 0.14846734029673828 0.07315781985636378 0.12943306589972056 0.10069958733170074 0.22121680093175816 0.08778938382763654 0.15531967907966465
0.0946848948938268 0.07643238503477585 0.1893697897876536 0.1528647700695517 0.08521640540444413 0.0934206509382632 0.17043281080888825 0.13757829306259653
0.07740318033690592 0.11832328243976274 0.10057486945194502 0.14198793892771527 0.09595282406200135 0.18178202692623927 0.10649095419578647 0.1774849236596441
0.10696274364622643 0.08634341956984544 0.14623783966323356 0.1079292744623068 0.12835529237547172 0.13421218545880834 0.16044411546933965 0.12951512935476814
0.11669119349217329 0.08559283395695666 0.1507559400758137 0.10699104244619584 0.12723949644944604 0.12529087208217193 0.15904937056180754 0.128389250935435
0.1104167656266452 0.07255079874301 0.2113679931339254 0.14510159748602 0.0902912667449115 0.08313931657357528 0.16063343311435668 0.1264988285775559
0.08274243468619019 0.11595808129415809 0.11373746643948689 0.1391496975529897 0.09469069998667527 0.17542222493452053 0.10436227316474228 0.17393712194123712
0.07364646706029203 0.1207830900513862 0.09457619871699857 0.15097886256423276 0.08930763951738399 0.1871300524038433 0.10240305460878397 0.18117463507707932
0.10291132996443392 0.07189406770193435 0.212425731970762 0.1437881354038687 0.09187129824544107 0.09257630104664533 0.1591793765968754 0.12535375907003937
0.08061682419907774 0.11383352873916641 0.1202817570410247 0.13660023448699968 0.09911940409274134 0.17634778246699057 0.10245017586524977 0.17075029310874962
0.08630790541863839 0.14170602843729443 0.07790786927950975 0.12353858889405156 0.10528069426345911 0.23322121630604556 0.0837913907281393 0.14824630667286187
0.1291154913850719 0.09610092687358754 0.16016986581190337 0.12012615859198442 0.11819526081817036 0.13424705159513486 0.13393170219136172 0.10811354273278596
0.07515440204550364 0.11800757570462442 0.10622501403599234 0.14750946963078054 0.08932721588154124 0.1867150580037439 0.10004990114087724 0.17701136355693664
0.0958888177701225 0.07207582015501907 0.21109903768982974 0.14415164031003813 0.09266643226000186 0.09366345417535968 0.16071832136059475 0.1297364762790343
0.10158343139624743 0.07340851186444687 0.25510205273411596 0.13682563153583974 0.08812895456886645 0.07419593539040896 0.15147159860703463 0.11928388390303979
0.07308578099078705 0.11739102829693004 0.12922096086753834 0.14673878537116256 0.09184144464847033 0.16610828121492807 0.09952717616478851 0.17608654244539504
0.07521153854407746 0.12422314898476715 0.10529897750361158 0.1331500099345964 0.09678486492571454 0.19903144023804015 0.09986250745094731 0.1664375124182455
0.07006219579735691 0.1152867331212505 0.10022717672828256 0.14410841640156313 0.09476076265977411 0.20488151578970623 0.09774309982019065 0.17293009968187575
0.09408768871602097 0.07096933760712994 0.2144855793734189 0.14193867521425987 0.0955698926043955 0.09695298836649015 0.1582510304254509 0.1277448076928339
0.10358597956455749 0.07223663496756762 0.2620385320798395 0.13465753153983337 0.08728824145028018 0.07372791216565913 0.14907142278727992 0.11739374544498293
0.08241427553736856 0.119503722671318 0.13503314788387852 0.13339074814590393 0.09655066010299573 0.1663259493667275 0.10004306110942794 0.16673843518237988
0.07053788823101215 0.11525182652629726 0.10813579901481642 0.14406478315787158 0.09477749887066664 0.19664095931150746 0.09771350509838246 0.1728777397894459
0.0934902928364326 0.07046916680842866 0.22048444380307375 0.14093833361685731 0.09496305121490914 0.09567448726842177 0.1571357241967051 0.1268445002551716
0.07160170875883896 0.11571909999983142 0.1278451364137786 0.1446488749997893 0.09502038096237374 0.1734764771266534 0.09810967173898752 0.17357864999974712
0.08105904417966077 0.13377119066356738 0.12520282365565835 0.1672139883294592 0.08229784977987983 0.1749014850494059 0.08506102884585534 0.15049258949651326
0.10348520630666118 0.07839670561358382 0.2319050916737401 0.13782500513379106 0.08754745334612925 0.08810745898409554 0.15257794626125828 0.12015513268074092
0.11966095199476481 0.08251250119438992 0.18816635828179704 0.09157330838533045 0.14028824887488647 0.11797753803267542 0.1453544577544928 0.11446663548166305
0.07799736388908027 0.11342790483807255 0.1196562503660895 0.14178488104759068 0.10147228692674674 0.17935231896477155 0.09616713671053977 0.17014185725710881
0.07327964787955796 0.11387545058466716 0.10520737644807869 0.14234431323083396 0.09653690260353426 0.20139655570671824 0.09654657766960913 0.1708131758770007
0.0975752800570847 0.06968468545594372 0.2194180069802405 0.13936937091188745 0.09700372784453062 0.09613004706218169 0.1553864478674327 0.12543243382069869
0.11793913048495243 0.08149915652254759 0.18375864642208373 0.09118905511785237 0.1472669104055505 0.11961625021659894 0.144744531933099 0.11398631889731546
0.06705071382099437 0.09761654036519057 0.0719011665977253 0.08510159929273026 0.1532890953114339 0.25863587813033523 0.09620180789612985 0.1702031985854605
0.10206267451684338 0.0756903904985126 0.20834225356895403 0.13718920498019066 0.102943372984649 0.10229716872814497 0.15187408935535962 0.1196008453673457
0.09122330226079675 0.13638426550118554 0.10432059176761001 0.11889910325744382 0.117276320846943 0.20857288329117 0.08064460916591841 0.14267892390893258
0.07379308943279284 0.11211564364068641 0.1011950271339888 0.140144554550858 0.09932473263484456 0.21019891971130483 0.095054567434495 0.1681734654610296
0.07126937050149572 0.12418492612940417 0.0998313625190144 0.1390367794229507 0.09508703615610112 0.20944318305053525 0.09430320691295788 0.16684413530754086
0.10313216467315996 0.07777400596241144 0.222016400941203 0.13775886553663583 0.09275884852572452 0.0939575148333425 0.1525047270084043 0.1200974725191184
0.07599843369014193 0.12243851393877561 0.12757241457254015 0.14158946302805137 0.09589691778540604 0.17056230903674494 0.09603459231467831 0.16990735563366163
0.08368095530670633 0.14669920939443523 0.12323536426316543 0.1627364340776338 0.08328232021188567 0.1711196096107242 0.08278331646557893 0.1464627906698704
0.07929302235780182 0.12585538375520738 0.10482268637100021 0.13106196047777102 0.09742247591310049 0.19942055016957688 0.09829647035832827 0.16382745059721376
0.07730544579150884 0.13197564560527839 0.09936910858671484 0.1286168853522421 0.09846708254655559 0.20703206141321603 0.09646266401418159 0.16077110669030265
0.07663017076648176 0.13259615623581952 0.09779147312811018 0.12793226947284747 0.10012103900161698 0.20906435244942922 0.0959492021046356 0.15991533684105932
0.0764407548107725 0.1325854443166967 0.09736130116449439 0.12778227066849543 0.1003597781828821 0.20990590951966803 0.09583670300137156 0.15972783833561927
0.06430055729792683 0.11726398618552372 0.06141510552296603 0.08054236930792391 0.1352383242238646 0.2835040756764385 0.09665084316950869 0.16108473861584782
0.10830129274442542 0.08551643177237858 0.13753177461946461 0.0950035764862481 0.1552734454206551 0.1631399898892961 0.1412291972840345 0.11400429178349772
0.1055328105950536 0.07263262872894509 0.22729110099000935 0.13307940176807168 0.10616800629508691 0.08715098835880844 0.14837360167276048 0.1197714615912645
0.1030864424354738 0.0705915124078074 0.26347821753527745 0.13113159200608046 0.0943373772339002 0.07315448642891058 0.14620193914707777 0.11801843280547242
0.08023534696837924 0.12072747438084903 0.1369557382342097 0.14041915098677174 0.09591582944173214 0.16200266335203473 0.09524081545189736 0.16850298118412607
0.1026116650532693 0.08582221494770591 0.23462223493274545 0.13398014410069356 0.09325192970799186 0.08458708166151246 0.14832152704675886 0.11680320254932261
0.0821990342177614 0.13005033114575987 0.12889297998800225 0.12999659887160378 0.10164930543299373 0.16721855260067148 0.09749744915370286 0.16249574858950472
0.07737402418292662 0.1387416284341482 0.10408654303960205 0.12764211037508535 0.1020667184541604 0.19480475476390663 0.09573158278131401 0.15955263796885666
0.07608044199389034 0.14001486250139583 0.09816477182357389 0.12676178483305245 0.10169115009133113 0.20376341909065146 0.09507133862478934 0.15845223104131556
0.07570591959931898 0.14004201149405374 0.0967047470998007 0.12646978609093878 0.10147781360102935 0.20666014993298093 0.09485233956820409 0.15808723261367347
0.056531055855893686 0.10466565970807697 0.07203993652096617 0.09450742974930314 0.12128572729445994 0.24854641567352997 0.11340891569916375 0.18901485949860627
0.07124286524065601 0.12166428683173192 0.09270439657710394 0.13699308097952773 0.09893043007924916 0.22115619688670518 0.09291704622959271 0.16439169717543325
0.10184919375765353 0.08702440485858885 0.2164645245006954 0.1354814147975555 0.0956242211506329 0.09546074286986983 0.14998349542098122 0.11811200264402273
0.06207252410893082 0.09859237517959601 0.09452256156181514 0.09832996474944292 0.12442585005277589 0.20740083714922194 0.11799595769933148 0.19665992949888583
0.07281992528008147 0.12210374463389984 0.09834414281262682 0.13833761009864906 0.10053107995183323 0.20802937738544702 0.0938289877190837 0.16600513211837883
0.10205784307282198 0.0869658359158182 0.21887909955699447 0.1353221014480856 0.09585033008934148 0.09314454683977416 0.14980712899421766 0.11797311408294643
0.0819913736022622 0.13015883793110097 0.12534399733884347 0.12982194172228445 0.10276241140970849 0.17027755455123136 0.09736645629171335 0.16227742715285556
0.07725549014124182 0.1386243008999036 0.10325066198381921 0.12748405790167397 0.10250813766611776 0.19590923560389562 0.09561304342625548 0.15935507237709245
0.07601454869894245 0.13990670927510857 0.09795247265243892 0.126672137437294 0.10184683580311558 0.2042630212585125 0.09500410307797051 0.1583401717966175
0.07539259727791535 0.14310763464467355 0.09631672129267475 0.1258674865543301 0.10116878664484598 0.20641180047690003 0.0944006149157476 0.15733435819291264
0.07520968336103798 0.14383932188802404 0.09586991206428237 0.12571588270475287 0.10091487069748994 0.20701856387490702 0.09428691202856465 0.15714485338094106
0.05627363949056764 0.10781811549855738 0.07169023517481249 0.09409877182688374 0.12079299295328426 0.24821017520986655 0.11291852619226048 0.18819754365376748
0.07118776475788055 0.12200549091669896 0.09261407660717191 0.13696613995902457 0.09890297415400166 0.22106541246479347 0.09289877318959928 0.16435936795082948
0.10163183142524025 0.08893777210326854 0.21607100217982414 0.13512751281941926 0.09548080511253416 0.09535589226202686 0.14959171138332125 0.11780347271436552
0.10101228455037523 0.16397799012418587 0.11541507606862425 0.11998792125398786 0.12661009220340794 0.21101294210653537 0.08999094094049088 0.07199275275239271
0.0778079014678946 0.12705291344767386 0.10100469072940167 0.13490385048871306 0.09926960897003202 0.2065764113696584 0.0915000029401706 0.16188462058645567
0.13655816558974138 0.11898288865224262 0.1749307225691382 0.10735068842801126 0.12657348504007054 0.1231746451066362 0.11884162495897053 0.0935877796551893
0.08527180377223614 0.12413567841191875 0.11584810454376782 0.13754911753245752 0.10110245558754792 0.17773971504762998 0.09329418406549295 0.16505894103894903
0.1046787569358933 0.08853155932704859 0.22525418718972307 0.13394124740953908 0.09510308367512744 0.0874434060385012 0.14827846681072296 0.11676929261344432
0.08298536938954923 0.13250758620672698 0.12651965919839314 0.12932623278034472 0.10231991504627856 0.1676887718180179 0.09699467458525854 0.1616577909754309
0.07772155227604818 0.1421430817546356 0.10315278563033553 0.12686159777032666 0.10203716101039947 0.19436062601760112 0.095146198327745 0.15857699721290833
0.0765485888639934 0.14385120461651882 0.09750901338074547 0.12593834132210394 0.10129786258728878 0.2029783065851418 0.09445375599157796 0.1574229266526299
0.06462742789942877 0.12218173571117812 0.06114842147429666 0.07994509757466556 0.13698751574782067 0.27928548935368064 0.09593411708959866 0.15989019514933112
0.07144245966045619 0.12168470142287677 0.08898035950355215 0.1345064846708376 0.1008457850033509 0.2299019428789183 0.0912304852550029 0.1614077816050051
0.1009151924978092 0.07724012160876897 0.21098052718053567 0.13694738675512214 0.09745462423989731 0.10052338336053107 0.15268611627772571 0.12325264807960992
0.10575821826725787 0.07821064525675156 0.2630132103751471 0.1304083904371907 0.0917747262306308 0.07277799449381915 0.14436744891703654 0.11368936602216628
0.09720919012509038 0.1451560202276525 0.114080305851643 0.11685019223101627 0.11398103310454842 0.193248114791358 0.0792549129914719 0.14022023067721953
0.07805707025512051 0.12642131633065853 0.10185820709739292 0.1368659041052068 0.09776341234953485 0.20196421780361096 0.09283078713222723 0.16423908492624814
0.10381167241280258 0.08932506415152712 0.2195638310109847 0.13449787250974019 0.09482795300007993 0.09182437771569714 0.14889467367785644 0.11725455552131196
0.1209124924364214 0.09116359754061483 0.1821211752418974 0.08882488569864318 0.14864483601717454 0.1163100238806064 0.14099188206133836 0.11103110712330397
0.08316461861822973 0.12105945153251897 0.1176832196533514 0.13780222268170375 0.1059536239585307 0.17550834095350892 0.0934658553841121 0.16536266721804446
0.07809941419665432 0.13911251535651917 0.1013483049183766 0.12703396335525333 0.10294978805264339 0.1973880874100465 0.09527547251643999 0.15879245419406665
0.07660001906648788 0.14299355126248478 0.09710716604089517 0.1259161296218366 0.10149594347903504 0.20405493128558727 0.09443709721637746 0.15739516202729575
0.11433611897097543 0.10195758880430578 0.14409824701384658 0.08909257828747645 0.15155229396792202 0.14618065916362608 0.14141679093250228 0.11136572285934555
0.08172058931158811 0.12192386718837109 0.10894815850047344 0.13736906169980226 0.10614481996841493 0.1858785700517216 0.09317205923986589 0.16484287403976272
0.10440274595408638 0.08830671704583017 0.22237338423889158 0.1341559141015146 0.09634637085385747 0.08894231820811396 0.1485161116630523 0.11695643793465373
0.08324796347097482 0.13238327984532375 0.1258500189256147 0.12925417444904883 0.10257911680915174 0.16817709760178848 0.09694063083678663 0.161567718061311
0.07800920310185976 0.14205965129354625 0.10297549330670465 0.12679622414523825 0.10208425022500063 0.1944827296371742 0.09509716810892868 0.15849528018154777
0.05750842570400486 0.10782694336050748 0.07307301409059175 0.09440630358918835 0.12155018678840956 0.24353495498189512 0.11328756430702602 0.1888126071783767
0.06045745660889144 0.10306119283115216 0.0547497321046075 0.08069141346928103 0.1395151540924923 0.30892584351147845 0.09121638044353508 0.16138282693856207
0.09852751507816583 0.07568943994790465 0.19473348453539036 0.13625674969379162 0.10570108280251402 0.1145445457233998 0.1519161074944214 0.12263107472441245
0.08018222103741786 0.12089040019918111 0.12145210807236705 0.13994636591341955 0.09798991290675407 0.17668320893782902 0.09492014383692805 0.16793563909610346
0.10394100514128446 0.08789859880482959 0.22774421712748824 0.13388297242126052 0.09441062542126437 0.08719013830317741 0.14821395400318624 0.11671848877750918
0.07248922985023427 0.11507397119855695 0.0828881849756867 0.08432879267199246 0.14218393853440597 0.23318374621874777 0.10119455120639094 0.16865758534398492
0.06234287291406626 0.10315786125821753 0.055713267305708344 0.0801025057480817 0.14491454050562383 0.3030132821003942 0.09055065867174454 0.1602050114961634
0.0989742210552226 0.07560522051271289 0.1949797380438098 0.1360785818865355 0.10674375479250055 0.11343029632590097 0.15171746368543582 0.12247072369788194
0.08039637290628059 0.12086730045460896 0.1215219455556624 0.13992598283730945 0.09820425303602617 0.17626664701134015 0.09490631879400119 0.16791117940477132
0.10398580595349448 0.08788981579195843 0.22776515745721604 0.13387503420257413 0.09444985698743705 0.08711759525936887 0.1482051660687837 0.1167115682791672
0.0833296890755318 0.13226750486954064 0.1270374770895839 0.12924033026394197 0.10215332753417725 0.1674910106393404 0.09693024769795647 0.16155041282992744
0.06673634333129781 0.12129517986960922 0.06612036468565431 0.0812099430459548 0.13936114649030115 0.2654052048301273 0.09745193165514576 0.1624198860919096
0.07233437992982487 0.12192906083387232 0.09032339597563634 0.13490304491502755 0.10164801653665809 0.22547899135988575 0.09149945655106216 0.16188365389803303
0.07445159171078895 0.12404994024608211 0.0969411624423781 0.13742589816043868 0.09537609494458592 0.21363362551611972 0.09321060918708014 0.1649110777925264
0.07616474200211164 0.13899970779878293 0.09627090043050013 0.12616811886623916 0.09993531230456354 0.21012498086532452 0.09462608914967938 0.15771014858279891
0.07616639116412335 0.14259221115922338 0.09577249843627791 0.12555087779930849 0.10057310375958166 0.20824316208286822 0.09416315834948137 0.15693859724913561
0.07614226011033544 0.1435350988869734 0.0956379614909727 0.1254982823828812 0.1006844165495645 0.20750541581351034 0.0941237117871609 0.15687285297860148
0.0760087353567842 0.14530702225005895 0.09545438438073481 0.12523888606327724 0.10054761063839472 0.20696558918419553 0.09392916454745794 0.15654860757909653
0.07596906950898871 0.14578539886618014 0.09539596036528437 0.12520659998837397 0.10049709612943779 0.20673267516498703 0.09390494999128048 0.15650824998546745
0.07590058289479852 0.1466111741624776 0.09530972106724055 0.12508368864413133 0.10040900878641784 0.20651844715667148 0.0938127664830985 0.15635461080516413
0.09237796641255326 0.1787623141433388 0.08699798715635802 0.1141943175928623 0.12220334076386423 0.25130174518065923 0.08564573819464673 0.06851659055571738
0.0750784509650292 0.14108104802565472 0.09274958994842353 0.13121647872824818 0.09625147040241361 0.21716418449282557 0.08899900296350746 0.1574597744738978
0.10313413119044731 0.09343741965637098 0.21501143665853717 0.13414008886569823 0.09445779315204891 0.09437789642519835 0.148498592476475 0.11694264157522409
0.10243759643433822 0.16686000405329263 0.11480852313532214 0.1193357621900659 0.12580917449473142 0.20964566073566065 0.08950182164254944 0.07160145731403955
0.09068456762169282 0.16375533255449934 0.081276091162417 0.10814142759773375 0.11453208134258434 0.23849268788532937 0.07334809871846287 0.1297697131172805
0.10426124843225965 0.08776787057557171 0.2041976704431029 0.1339092138910444 0.0989429165493635 0.10110400734312071 0.14929878026359725 0.12051829250193997
0.09913632778629011 0.15908895986832833 0.14495806996709873 0.15366092942416618 0.08555313314043492 0.1432652833861268 0.08037648616033308 0.13396081026722179
0.0694181247052255 0.13064568050514602 0.06891211653245087 0.08138407199562175 0.13484946242199755 0.2543615134535687 0.0976608863947461 0.1627681439912435
0.08427028889182217 0.15544357957838267 0.07341119659940812 0.10873388819656905 0.11678668842637696 0.2571237509121461 0.07374994155941204 0.13048066583588286
0.07427515165396371 0.1373780410186003 0.09057901448799639 0.13258464636184253 0.09582397021715061 0.22033062309385523 0.08992697753238017 0.15910157563421104
0.1030920701260317 0.09286738332151914 0.21426889001127886 0.13436752596855314 0.09450044737283095 0.09501238842603547 0.14875037469860172 0.11714092007514887
0.10243319872583745 0.16665973170176318 0.11466073850125276 0.11934776219995687 0.125827542933858 0.20995154696739013 0.08951082164996764 0.07160865731997412
0.0775105508149149 0.1398767041562814 0.09954298991678472 0.13248174266705973 0.09786358520869742 0.2038891540529149 0.0898571819828753 0.15897809120047166
0.07633838012979677 0.14518158289236424 0.09639318530354964 0.12540201615243982 0.10003741312551169 0.2058433900914583 0.09405151211432987 0.15675252019054978
0.09252857336278324 0.1783595086813998 0.0872606462732809 0.1142712573864486 0.1221766012070728 0.251137215617309 0.08570344303983646 0.06856275443186916
0.05471173177522868 0.10268136645964353 0.06758626311815531 0.09555556668828154 0.11682592246102363 0.2635086798647861 0.10801933625631827 0.19111113337656307
0.10881791292227103 0.09079578419696531 0.14026846908240675 0.09532115785424318 0.15016845464557801 0.15854152855579265 0.14170130331765107 0.11438538942509181
0.08033429637171735 0.12734628315295288 0.1072548360794342 0.13589115086011497 0.10502343872606727 0.18891096362897575 0.09216965014859971 0.16306938103213792
0.10407756239387472 0.09056393376093186 0.22127961505348256 0.1338515096590462 0.09598947490373774 0.08936772109409476 0.1481791234320739 0.11669105970275821
0.08317712552624754 0.13435555853512318 0.12540977942692916 0.12892487828640925 0.10229203926644849 0.16799086238602381 0.09669365871480694 0.16115609785801158
0.07795584352053894 0.14460732585724084 0.10262357416944126 0.12636487688161752 0.10175212192857185 0.19396650387935463 0.09477365766121314 0.15795609610202188
0.06503538300584767 0.12465994447189982 0.06190744798552741 0.07997936760012578 0.13730916696076928 0.2751747136554276 0.09597524112015092 0.15995873520025156
0.07112361548418253 0.131321950845135 0.08824161642194837 0.13284326433901 0.10009131264646232 0.22686393506999072 0.09010238798645896 0.15941191720681197
0.10069172320332849 0.0844167773238557 0.20939523389841624 0.1357096989310714 0.09671941068514418 0.09962224020154756 0.15130618671867213 0.12213872903796426
0.08268924562506985 0.13263149624564916 0.12284688431326651 0.12911025112437227 0.10252841306879168 0.171973207374106 0.09683268834327921 0.16138781390546536
0.07785985860542191 0.14404111741827297 0.10203213922228892 0.1263153964610101 0.10176193760382118 0.19535875776716471 0.09473654734575757 0.15789424557626258
0.07650318025217001 0.1464689147459402 0.09696676048982356 0.1254329051621194 0.10094696740680462 0.2028154616189033 0.09407467887158957 0.15679113145264928
0.07611384374080246 0.14690330465447332 0.09570495418381303 0.12516710741231613 0.1005734708183607 0.20520310436560213 0.0938753305592371 0.15645888426539514
0.07600038329476815 0.14694807591516162 0.09538181741583045 0.12508748848768064 0.10043321929719462 0.2059740386140032 0.0938156163657605 0.1563593606096008
0.07596684407000162 0.1469364313629077 0.09529655541665358 0.12506342968614156 0.10038479804157971 0.20622508205043255 0.0937975722646062 0.15632928710767696
0.07595678471410597 0.14692548549806028 0.09527335249632102 0.12505606308948714 0.10036874164621387 0.20630744637683746 0.09379204731711535 0.15632007886185892
0.09246532478350221 0.178858923851339 0.08698269565624583 0.11417943905018342 0.12218158503481563 0.25118978890616644 0.08563457928763757 0.06850766343011006
0.0751313218621108 0.14109625345324725 0.09274648544015594 0.1312089131357016 0.09625170054226141 0.2171207582855532 0.08899387151812804 0.15745069576284187
0.13687570631884236 0.12388469162690956 0.17103646601059466 0.10670274850005053 0.12523305786404493 0.12512009190697126 0.11812432882382476 0.093022908948762
0.08522335081813674 0.1340591189000313 0.11399426689921456 0.13560542516250623 0.0998278758185895 0.17658759861803183 0.09197585358848248 0.16272651019500745
0.07831103560331547 0.144428684212019 0.10012325394556638 0.12632479116250825 0.10114568957689277 0.19701696317468154 0.0947435933718812 0.1579059889531353
0.0765757081910321 0.14654151113595545 0.0965340338059494 0.12539789741913554 0.10078277177481985 0.20337228283483666 0.09404842306435165 0.1567473717739194
0.09270363668863764 0.17888756111835544 0.08730965874881792 0.11429562131291124 0.1224084551658912 0.25009597819295626 0.08572171598468344 0.06857737278774675
0.07518946238003626 0.14113407318804394 0.0928379384155134 0.1312421232228167 0.09632004437031827 0.21676941393519825 0.08901639662069308 0.15749054786738004
0.11407813582118062 0.103226607171329 0.14253420301000286 0.08890326111512718 0.14963116074862556 0.14938126825549705 0.14111628748432886 0.11112907639390895
0.08122999953223249 0.12983719917314343 0.10772770581831577 0.13577981978021783 0.10489360375498327 0.1855017495713068 0.09209413863353906 0.16293578373626139
0.10436830174473544 0.09098948895138603 0.22141427088719368 0.13378750681910606 0.09592300463186575 0.0887738949533022 0.1481082696572928 0.1166352623551181
0.1030047066056717 0.16619616297413337 0.11627169175463123 0.11948926115088751 0.1263972913589263 0.20733038360205178 0.08961694586316564 0.07169355669053251
0.07766259300405118 0.13984757745717824 0.09993747128732786 0.1325441010129153 0.0980302896304767 0.20302556918379233 0.08989947720875996 0.15905292121549838
0.10365852008387932 0.0930058704273789 0.21801786458510924 0.1338949151335268 0.09463418431012557 0.09183257001056734 0.14822717507659458 0.11672890037281823
0.08316418589506687 0.134990400629587 0.12462122227807385 0.12883349600024177 0.10191727407534919 0.1688064291211977 0.09662512200018133 0.1610418700003022
0.0953134873554927 0.1769494958790501 0.09390641120928192 0.11581605464113116 0.12424730431435241 0.23741557283516457 0.08686204098084839 0.0694896327846787
0.07584213143362341 0.14112124266893555 0.09450529421551544 0.1316302379373259 0.09696130017260163 0.21270386840275976 0.08927963964444714 0.15795628552479107
0.10337291787514753 0.09338912595920867 0.21573211255136251 0.13406956524829716 0.0945523197174935 0.09358227926826246 0.14842051993299482 0.11688115944723343
0.10263945424941902 0.16684700393330473 0.1149625728454356 0.1193317198448489 0.12583978053833714 0.2092816467981086 0.08949878988363669 0.07159903190690935
0.0775720725121545 0.13992601739011168 0.0996173652502677 0.13249097434140397 0.09787901693821206 0.20366194089182188 0.08986344346634359 0.15898916920968478
0.10364605057642234 0.09302930242174383 0.21788408042334512 0.1339055935503485 0.09461116136286227 0.09194660538046133 0.1482389965229743 0.11673820976184228
0.10274078623149609 0.166779897816746 0.11544353823003194 0.11937392712588668 0.12590530077669537 0.2086017481991968 0.08953044534441501 0.07162435627553201
0.0775993102357183 0.13992998413596572 0.0997333687441174 0.13250854226998393 0.09790480990379022 0.20343837488158506 0.08987535910485867 0.1590102507239807
0.10364926088059595 0.09302688571997729 0.2179326381444981 0.13390172184372512 0.09461345922746152 0.09190648937129128 0.1482347103845878 0.11673483442786292
0.08316169750672088 0.13499534278965708 0.12460136567317397 0.12883244507148944 0.1019116023800742 0.16883265643590548 0.0966243338036171 0.1610405563393618
0.06659320553997769 0.1236322391523606 0.06560777555194282 0.08091829145736995 0.13889277249189408 0.26541718314287105 0.09710194974884392 0.1618365829147399
0.08349837216294588 0.15334798685836187 0.07262346366389562 0.1083855935471281 0.1174345064566493 0.26113365812684836 0.0735137069276173 0.1300627122565537
0.13310587458511586 0.11212422289214374 0.16222449845596837 0.10852847417359515 0.12914355552083706 0.13619659805240925 0.12100114956369488 0.09767562675623562
0.08455673235371619 0.13163666285151182 0.11204449672126728 0.1356567205784387 0.10063943691727723 0.18066724062176479 0.09201064526189755 0.16278806469412643
0.10500540089693251 0.09118668400080676 0.22314358699110404 0.13358303584388528 0.0948932691925251 0.08784910558472979 0.14788191188252664 0.11645700560748973
0.07260409274747168 0.11703384038682423 0.08209008118844378 0.0841029883969969 0.14202650016689367 0.2330129342429797 0.10092358607639626 0.1682059767939938
0.07315820344148379 0.1311188262191012 0.09347577569501717 0.1343299679281719 0.1020391360321862 0.21357136831460385 0.09111076085562964 0.16119596151380625
0.09112949996057769 0.17178349060724457 0.11455060007943259 0.15109622494903893 0.08481069595418456 0.17586962595650332 0.07903494843488192 0.13172491405813652
0.07871685447353499 0.1543520595537701 0.09945762377687205 0.12503344899428417 0.0969927927053812 0.19538032250758927 0.09377508674571312 0.15629181124285518
0.07655183647704765 0.14926175853999782 0.09627343878921224 0.1252066560161165 0.09973884896882419 0.20255414917656867 0.09390499201208738 0.15650832002014559
0.05708505790711765 0.11075345560146822 0.07164526750266101 0.09384007903495682 0.12032913353187515 0.24605875351005935 0.11260809484194817 0.18768015806991364
0.10948251416922504 0.09195699772791742 0.14163072025936813 0.09535155345661478 0.15130232135101404 0.1541075404658507 0.14174648842207213 0.11442186414793773
0.10686741043670248 0.07731902641375148 0.22856365222352507 0.13176753271957312 0.10486246850361339 0.08511816467085882 0.1469109655843599 0.11859077944761581
0.12087587187186581 0.08600828402778349 0.19056686269542458 0.09398903926225935 0.14442813862835413 0.1116239368395862 0.1397210195600154 0.11278684711471121
0.08299225554780702 0.12717984258989748 0.11899774388349407 0.13672410914077324 0.10454172152032269 0.17276078319242708 0.09273461315635055 0.16406893096892786
0.10445745075729143 0.09020234890872159 0.22606997259519462 0.1333856101614742 0.09554131283910805 0.08639506029169518 0.14766335353651192 0.11628489091000314
0.08337865162236155 0.13426648305887892 0.12648464014879507 0.12892395116749328 0.10220595994824602 0.16689241171923858 0.09669296337561996 0.16115493895936658
0.0666791933522035 0.12354606974335695 0.06591680163926444 0.0809831641461284 0.13909090687561385 0.2646377389758221 0.09717979697535406 0.1619663282922568
0.08353597494360547 0.1533630190395609 0.07269417770408296 0.10841221556847269 0.11750845191852326 0.26085973854062333 0.07353176360296408 0.1300946586821672
0.10289987651492295 0.08667259903866789 0.20067075224935818 0.13422669930299258 0.09984255498366881 0.10523073573271793 0.14965275280497828 0.12080402937269333
0.10660342199868551 0.08075738506445965 0.25854987270103735 0.13032303713940954 0.09231923016299823 0.0735591381707684 0.14427295930777123 0.11361495545486988
0.08151601018775993 0.12787307391882713 0.13522022383119148 0.13891110268626092 0.09481209608353022 0.16075620476867064 0.09421796530024654 0.1666933232235131
0.10373280282540878 0.08999186473727254 0.23291488070812438 0.13296253091737387 0.09318076853241297 0.08410611226301687 0.14719498742175696 0.11591605259463364
0.0832589350717549 0.1342208759567739 0.12799954695197246 0.12892886757255492 0.10168482431445088 0.16604921498738298 0.09669665067941619 0.16116108446569363
0.06668821393641233 0.1235851023602946 0.0661513237589833 0.08101633518769799 0.1389890172864365 0.2643177348695418 0.09721960222523758 0.16203267037539598
0.07159468098568879 0.13144491342123082 0.0893792350944539 0.1332218641984679 0.10068721642153608 0.22344667538410876 0.09035917745635216 0.1598662370381615
0.11322310865992696 0.09483189762454386 0.14736784120330626 0.09527279943919642 0.1450372786597308 0.1483102998005291 0.14162941528573084 0.11432735932703571
0.08124358070268001 0.12839141653952713 0.10897712283826141 0.1361287528958425 0.1041319254602169 0.1854418917764984 0.09233080631196275 0.16335450347501101
0.10435406437824696 0.09070260832093018 0.22196855253883324 0.1337722199650683 0.09574582614047014 0.08874344682081352 0.14809134648147565 0.11662193535416211
0.10300910321022896 0.16610071671847246 0.11639068279614694 0.119495953119489 0.126355391499141 0.2073286159452116 0.08962196483961676 0.07169757187169341
0.07766686312449715 0.1398276271896434 0.09996362965413777 0.13254295952893586 0.0980239837173005 0.203024682365919 0.08989870298484345 0.159051551434723
0.07646047516787215 0.14518256854154263 0.09649205725432894 0.12541123878168417 0.10008314811041703 0.2055480345807867 0.09405842908626315 0.1567640484771052
0.07609566776401534 0.14647888197165243 0.09557081788954093 0.12512189216566547 0.10034757093408626 0.20614138494370857 0.0938414191242491 0.1564023652070818
0.07600121026209786 0.14680303508049192 0.09533865955417822 0.12506606123253752 0.10036794832486708 0.20629096308075237 0.09379954592440315 0.1563325765406719
0.09249507926366772 0.17881758090957653 0.086996178775379 0.11417998229587094 0.12218258900391252 0.2511856136521676 0.08563498672190321 0.06850798937752257
0.11590635801561158 0.09929778614848382 0.14307084183669516 0.09234439761618307 0.14848190063836922 0.15280928931312057 0.13727614929211693 0.11081327713941969
0.10813380257901352 0.07805477808461876 0.22880258484757385 0.1314056081840155 0.10408498038459267 0.08474575181806514 0.1465074467365068 0.11826504736561394
0.10471219093312276 0.07439132767375799 0.26353791785423325 0.1299102453675808 0.093424348453496 0.07226452009656431 0.14484022879042216 0.1169192208308227
0.10290680444949916 0.0731946026533043 0.2764361214060185 0.12855467742702975 0.09035792199263229 0.069521790688695 0.14332887169849434 0.11569920968432677
0.09283628715511352 0.14498249438350913 0.15977486330728763 0.15943168634174804 0.08127617111187438 0.13710777433209184 0.08110220566080226 0.14348851770757323
0.1186481171961099 0.10388989323595102 0.16369026632276973 0.08884799227314934 0.144477800221678 0.12835738124517648 0.1410285591637291 0.11105999034143667
0.09713663566817163 0.15391057103930852 0.09276992634201578 0.11213769986316952 0.12294727775440888 0.21047403567688558 0.07605861382023671 0.1345652398358034
0.10553145156567342 0.08626036335509049 0.20901506208930268 0.13359750507263826 0.10042638893706768 0.09598022622192638 0.14895124819292652 0.12023775456537444
0.08355785632977128 0.13307788620589506 0.12272223690158053 0.12895535511006778 0.10329401877271689 0.1704819364598326 0.09671651633255086 0.16119419388758474
0.07804110877230135 0.14418986760360336 0.1020181554910015 0.1263246460556207 0.10194450056729445 0.1948324293989373 0.09474348454171552 0.15790580756952585
0.0650580368008404 0.12451406383931769 0.061803735785710315 0.07994924701331209 0.13731943873384594 0.27551788738437477 0.09593909641597449 0.15989849402662418
0.059683482177990466 0.11016486074326265 0.051627032382460795 0.07773916237705045 0.13998731558405972 0.317440768859192 0.08787905312188311 0.1554783247541009
0.09790631789990885 0.0817086249710702 0.19196989410530277 0.13508448258761072 0.1053532460364519 0.11579228291715629 0.15060911715364958 0.12157603432884966
0.13700046679011302 0.10013514662042246 0.20639791904749202 0.10870792263288095 0.1253040811216138 0.1034161122137625 0.1212012212041225 0.09783713036959285
0.11071488654959506 0.07653720556634494 0.252904260656939 0.12858852647703847 0.09725652412981972 0.07490231192772266 0.14336661086320557 0.11572967382933463
0.10445148142661397 0.07359035599634542 0.2723104653133359 0.1287787274620813 0.09130582563561497 0.07008361868271026 0.14357867076742495 0.11590085471587316
0.08117306625154795 0.1264298285469301 0.13832063401818556 0.13894440763827692 0.09463713043260046 0.159521089200565 0.09424055474596174 0.1667332891659323
0.10356040013818309 0.08964682899837687 0.23417573008209844 0.13284532007496067 0.09306202802477147 0.08383059369729572 0.14706523020101464 0.11581386878329902
0.12084862431046148 0.09201493514352574 0.1862589746464398 0.08845245972380218 0.1476082153372357 0.11385048646346156 0.14040072972032092 0.1105655746547527
0.08285481489366749 0.128191787891372 0.11788486887224262 0.13644140558679166 0.10504849524871299 0.17330607440506532 0.09254286639799784 0.16372968670415
0.07800184998789311 0.1428969365959432 0.10108343513204146 0.12651250957437868 0.10243963648077198 0.19604061308021425 0.09488438218078402 0.15814063696797337
0.07655213159861676 0.1461462213449264 0.09677287848188308 0.12544792268919314 0.10110561591407873 0.20307938459291566 0.09408594201689485 0.15680990336149142
0.0761107224842601 0.14711408916086408 0.0956296016560677 0.12511054494247378 0.10057319241432652 0.20524075945706044 0.09383290870685533 0.1563881811780922
0.075983828790055 0.14730948447955206 0.09532674503706934 0.12502246748079088 0.10039254471731532 0.20591999453363546 0.09376685061059317 0.1562780843509886
0.07594763508112594 0.1473417117783966 0.09524550714209136 0.12499780618568258 0.10033484605344045 0.2061368813878978 0.09374835463926195 0.15624725773210324
0.07593720858581215 0.14734380347462345 0.0952232993261969 0.12499061083715562 0.10031688547266474 0.2062069706292358 0.09374295812786672 0.15623826354644452
0.07593415534816056 0.1473422034512454 0.09521709382448208 0.12498845373636076 0.10031135021064862 0.20622983595638097 0.09374134030227059 0.15623556717045095
0.07593324480678913 0.1473410554983691 0.095215319449275 0.1249877936906899 0.10030964684561049 0.20623735232788673 0.09374084526801743 0.15623474211336236
0.07593296832345618 0.14734050729550052 0.0952148003554464 0.12498758829077224 0.10030912078579926 0.20623983836748114 0.09374069121807918 0.15623448536346526
0.07593288294096524 0.14734027965085925 0.09521464514337945 0.1249875234421937 0.10030895723330496 0.20624066470490984 0.09374064258164529 0.15623440430274216
0.09242922539711988 0.1793497631529299 0.08692493570332097 0.1141057242182955 0.12210095794572012 0.25104666588791474 0.08557929316372163 0.06846343453097731
0.07512709088848034 0.14119245350569573 0.09273292621346595 0.1312053978930664 0.09623906598992552 0.21706510077108485 0.08899148726660155 0.15744647747167964
0.07574334782541968 0.14543347692524644 0.09462605424928681 0.12493064463365562 0.09934340542244326 0.21006178167663692 0.09369798347524173 0.15616330579206952
0.0758630614308617 0.146712304642988 0.0950443891248631 0.12492638029270858 0.10004776597912261 0.2075533379440389 0.09369478521953145 0.15615797536588574
0.07590580704786681 0.14712878796563508 0.09516024225993285 0.12496184931567739 0.10023201392904255 0.20668760085049045 0.09372138698675805 0.15620231164459672
0.07592279575202228 0.14726845979493794 0.095196531096076 0.12497821676601535 0.10028504755123685 0.20639251550768092 0.0937336625745115 0.15622277095751916
0.07592924853965312 0.14731577790700684 0.09520849945879328 0.12498428081977338 0.10030125362918475 0.20629237800604192 0.09373821061483004 0.15623035102471672
0.05691688465699688 0.11055669059252878 0.07136998140303415 0.0936843341079701 0.12030144149051387 0.24738079860345202 0.11242120092956409 0.1873686682159402
0.07089016084385001 0.13051453612756975 0.0916855706475347 0.13536761746022152 0.09800498101746871 0.21928143502154782 0.09181455792954156 0.1624411409522658
0.10247567013552669 0.09193182259446239 0.21496210858693623 0.13452512081822157 0.09502747720120924 0.09487465153129006 0.14892483867544268 0.1172783104569111
