Action: 0
[0.5195670480000001, 0.13645195200000002, 0.11482495200000001, 0.030156047999999994, 0.129080952, 0.03390004799999999, 0.028527048, 0.007491951999999998]
[0.49034272320000005, 0.16519567680000002, 0.09549087679999999, 0.032170723199999994, 0.1357332768, 0.045728323200000004, 0.026433123199999995, 0.008905276799999999]
[0.5309832844800001, 0.12487551551999998, 0.13191719552000006, 0.03102400448, 0.11750631552000002, 0.027634884479999993, 0.02919320448, 0.006865595519999997]
[0.5022481464000002, 0.15377085360000003, 0.1109974536, 0.0339835464, 0.1247782536, 0.038202746399999994, 0.027576146399999998, 0.0084428536]
[0.4903427232, 0.1428477768, 0.09549087679999997, 0.027818623199999993, 0.15783007680000002, 0.04597942320000001, 0.030736323199999995, 0.0089541768]
[0.46131224039999985, 0.1702762596, 0.07823423960000002, 0.028877260400000014, 0.1631797596, 0.06023174040000002, 0.02767376040000001, 0.010214739600000007]
[0.5022481464, 0.13190355359999997, 0.1109974536, 0.029150846399999996, 0.14639985360000002, 0.038448446399999996, 0.032354546399999996, 0.008497153599999998]
[0.473626494, 0.159564006, 0.09223550599999998, 0.031073993999999994, 0.152449506, 0.051359994000000006, 0.029688493999999996, 0.010002005999999999]

Action: 1
[0.47222730719999995, 0.1821896928, 0.08008533280000002, 0.03089766720000001, 0.14474069280000001, 0.05584230720000001, 0.02454666720000001, 0.009470332800000005]
[0.430752168, 0.22190263199999996, 0.062663832, 0.032281368, 0.145427832, 0.074917368, 0.021156168000000006, 0.010898632000000002]
[0.48457398528, 0.17096441472000004, 0.09436745471999998, 0.03329414528, 0.13413641471999999, 0.04732518528000001, 0.02612214527999999, 0.009216254719999999]
[0.4434329591999999, 0.21098404079999994, 0.07520208080000002, 0.035780919200000004, 0.1359150408, 0.0646679592, 0.023049919200000008, 0.010967080800000003]
[0.3993004224, 0.16788767759999995, 0.05808837760000001, 0.024423522399999998, 0.21529157760000003, 0.09052032239999999, 0.03131962240000001, 0.013168477599999999]
[0.3616859109599999, 0.20133698903999997, 0.044246649039999995, 0.02463045096, 0.21069248904000001, 0.11728461096000002, 0.025774950960000004, 0.014347949040000006]
[0.41182613999999995, 0.15888636, 0.06984186000000002, 0.02694564000000001, 0.20514186000000004, 0.07914564000000002, 0.03479014000000002, 0.013422360000000006]
[0.374344146, 0.19284395399999998, 0.054457854000000014, 0.028054046000000003, 0.20183585400000004, 0.103976046, 0.02936214600000001, 0.015125954000000002]

