Action: 0
[0.09630852243513183, 0.08785979815376434, 0.33550557585533686, 0.08785979159662219, 0.12843748897845034, 0.08830923978744996, 0.08785979159662219, 0.08785979159662219]
[0.09017530472233441, 0.09017530472233441, 0.2997715964039195, 0.09017530472233441, 0.15917657526207404, 0.09017530472233441, 0.09017530472233441, 0.09017530472233441]
[0.21267566122888032, 0.08361496440263415, 0.17115673382716648, 0.08359986159959809, 0.19815277925576646, 0.08360027648675833, 0.08359986159959809, 0.08359986159959809]
[0.125, 0.125, 0.125, 0.125, 0.125, 0.125, 0.125, 0.125]
[0.22661892189813332, 0.08516495898238166, 0.1915904852004499, 0.08516495898238166, 0.15585468627440327, 0.08527607069748692, 0.08516495898238166, 0.08516495898238166]
[0.10951706620301761, 0.08439431034847075, 0.2936449109265561, 0.08439431034847075, 0.15299926714444675, 0.10626151433209646, 0.08439431034847075, 0.08439431034847075]
[0.125, 0.125, 0.125, 0.125, 0.125, 0.125, 0.125, 0.125]
[0.125, 0.125, 0.125, 0.125, 0.125, 0.125, 0.125, 0.125]

Action: 1
[0.08819726717278724, 0.08819726717278724, 0.08819726717278724, 0.08819726717278724, 0.16359904045866056, 0.30721735650461596, 0.08819726717278724, 0.08819726717278724]
[0.10109951515280109, 0.10109951515280109, 0.10109951515280109, 0.10109951515280109, 0.29230339393039245, 0.10109951515280109, 0.10109951515280109, 0.10109951515280109]
[0.08915721535185875, 0.08897428845585147, 0.0889635246308269, 0.0889635246308269, 0.12995874965637513, 0.336055648012607, 0.0889635246308269, 0.0889635246308269]
[0.125, 0.125, 0.125, 0.125, 0.125, 0.125, 0.125, 0.125]
[0.08768431751896365, 0.09106471243028298, 0.08768431751896365, 0.08768431751896365, 0.3218059196851233, 0.1487077802897754, 0.08768431751896365, 0.08768431751896365]
[0.08763791241504092, 0.08763791241504092, 0.08763791241504092, 0.08763791241504092, 0.282386488014092, 0.19178603749566261, 0.08763791241504092, 0.08763791241504092]
[0.125, 0.125, 0.125, 0.125, 0.125, 0.125, 0.125, 0.125]
[0.125, 0.125, 0.125, 0.125, 0.125, 0.125, 0.125, 0.125]

