0.125 0.125 0.125 0.125 0.125 0.125 0.125 0.125
0.06578947368421052 0.10964912280701754 0.05921052631578946 0.09868421052631579 0.13157894736842105 0.21929824561403508 0.11842105263157893 0.19736842105263158
0.07295173961840629 0.12906846240179573 0.09118967452300786 0.16133557800224466 0.08754208754208755 0.15488215488215487 0.10942760942760943 0.19360269360269358
0.0986809039440685 0.07771121185595395 0.197361807888137 0.1554224237119079 0.08602950600252127 0.07723866263839801 0.17205901200504253 0.135496471953971
0.07372086564863402 0.12286810941439004 0.10447312636606589 0.14744173129726804 0.09215108206079253 0.1644616226183135 0.11058129847295105 0.18430216412158507
0.07207586956085517 0.12012644926809195 0.09488931263838163 0.14415173912171034 0.09009483695106896 0.19035831421647112 0.10811380434128276 0.18018967390213791
0.08820265260892869 0.14700442101488115 0.08648712047405337 0.13230397891339304 0.11025331576116087 0.25713813969450233 0.09922798418504479 0.07938238734803583
0.08678587514711074 0.15354424064488822 0.07565948089748115 0.1338590815878513 0.11447595796640371 0.18425308877386587 0.09079137707697738 0.1606308979054215
0.09544587299399807 0.07516362498277349 0.20453793327026548 0.15032724996554697 0.08320922261015215 0.09384312534596992 0.1664184452203043 0.13105452561098965
0.053339908427185646 0.08889984737864273 0.08582331097819511 0.10667981685437129 0.10667981685437129 0.21720188557324582 0.12801578022524554 0.21335963370874259
0.08615432721932083 0.15242688661879839 0.07510890065274124 0.13288497807792682 0.12091998901185315 0.18291226394255808 0.09013068078328947 0.15946197369351217
0.12458506777009826 0.10056866916381425 0.15573133471262282 0.12571083645476783 0.13420315339885108 0.10590298444919423 0.14015820124136052 0.11313975280929102
0.10448544759131632 0.07552377513308069 0.1871186070461402 0.15104755026616137 0.10275609600071672 0.07471898238151324 0.1684067463415262 0.13594279523954525
0.07165926445095674 0.11943210741826125 0.11258712608918606 0.1433185289019135 0.08957408056369592 0.17679183477215946 0.10748889667643512 0.17914816112739185
0.05122421528047001 0.09529533397896534 0.0732637115514739 0.10244843056094002 0.10244843056094002 0.24748490027220252 0.12293811667312803 0.20489686112188005
0.08584479422645581 0.1448532351347821 0.07632863648744848 0.12628230755339978 0.11494139681036791 0.2145585129915951 0.08565234773187114 0.15153876906407973
0.11157368554206427 0.08315258037132932 0.1382804564860608 0.10394072546416164 0.14771152548590738 0.13609728659750514 0.15451486949597762 0.12472887055699396
0.10674384275869767 0.07232577263813891 0.2034611043735016 0.14465154527627783 0.10106763874890118 0.08028802736422141 0.16127567809161125 0.13018639074865007
0.10345315635909381 0.07054647065020817 0.2360088197968828 0.14109294130041633 0.09233924684368743 0.07226761765335026 0.15730810022598654 0.1269836471703747
0.07870144421914056 0.1178941058283187 0.12698838201512389 0.1473676322853984 0.09288628716426284 0.15936729132561597 0.09995369841966152 0.17684115874247805
0.06890120674148814 0.12799022650793856 0.10055014344487423 0.13780241348297628 0.08612650842686016 0.20302467442991012 0.10335181011223221 0.17225301685372033
0.05705608071115072 0.11626125839349488 0.06033044864333375 0.08558412106672607 0.11411216142230143 0.29278674234946966 0.10270094528007129 0.17116824213345214
0.06080513614981235 0.09780372557189604 0.054660636609797135 0.08526478639601193 0.13862458405414088 0.2959252781525652 0.09638628027375261 0.17052957279202385
0.09700402771640644 0.07059840980742475 0.19671124361963732 0.1411968196148495 0.10358623791391655 0.10640220687993436 0.15742391679446655 0.12707713765336456
0.09894363200408189 0.06811367408453818 0.2524699445622947 0.13622734816907636 0.09371662853748891 0.07604083230184372 0.1518833269885075 0.12260461335216873
0.09693036005994052 0.06642312550559813 0.2760496277004126 0.13284625101119626 0.08991063875814564 0.07016471507647572 0.14811365597815462 0.11956162591007663
0.09551269075039229 0.06558544571575933 0.28663181493290735 0.13117089143151867 0.08824595378669385 0.06855364602071316 0.1462457550736484 0.11805380228836679
0.09477480530273896 0.06518725003875775 0.2915318284236275 0.1303745000775155 0.08748401801572923 0.06795270992574169 0.14535783814612546 0.11733705006976393
0.0944164126030776 0.06499874349274391 0.2938328511277902 0.12999748698548783 0.08712855186570745 0.06769071895443411 0.14493749668382 0.11699773828693903
0.0942455315207038 0.064909482282893 0.29491939760305697 0.129818964565786 0.08696128469775825 0.06756981371217335 0.1447384575084211 0.11683706810920741
0.09416447818790145 0.06486721966626649 0.2954333433284263 0.12973443933253298 0.0868822937560149 0.0675130121483811 0.14464421818119721 0.1167609953992797
0.09412610131923906 0.06484722100398635 0.2956764724152881 0.1296944420079727 0.08684494836897093 0.06748619292818 0.14459962414918748 0.11672499780717545
0.12675026894946417 0.08732741748865448 0.24899360575806959 0.1091592718608181 0.11694424072156231 0.0908774086362008 0.12170444191049422 0.09824334467473628
0.09973264123650688 0.06531456427958482 0.27721599792885254 0.13062912855916964 0.09266710844927659 0.07123261394231227 0.14564172990104438 0.1175662157032527
0.08778373746170583 0.13146104108542742 0.16597186342526288 0.16432630135678425 0.08118839103624788 0.13778291937544965 0.08359207503801634 0.1478936712211058
0.13477934398679847 0.0907688788916097 0.20542394412994852 0.11346109861451215 0.11979119490084295 0.1071598930142116 0.12650065770901575 0.10211498875306091
0.08630227255024404 0.11291934580773934 0.12693941827436842 0.14114918225967418 0.09807146026643636 0.16950333503206275 0.09573596709786597 0.16937901871160901
0.13709080361738585 0.09076790114962933 0.19045651313326034 0.11345987643703667 0.1264067594950248 0.11320496230199237 0.1264992950723379 0.10211388879333298
0.08762119237804938 0.11239946209058718 0.12318504121122502 0.14049932761323397 0.10156283576945373 0.1708377516812894 0.09529519612028045 0.16859919313588076
0.10559176334394427 0.06870726064397381 0.22904249697099477 0.13741452128794762 0.0964183689947379 0.08594558317820858 0.1532069364210401 0.12367306915915288
0.10551423100760464 0.06576843932792417 0.2694830382354748 0.13153687865584834 0.09165285187421704 0.07100756659237073 0.1466538035162966 0.1183831907902635
0.08308234673795381 0.11329910086507954 0.14215362843459262 0.1416238760813494 0.09525956718399686 0.15857489605727593 0.09605793334213264 0.16994865129761927
0.10391324147958073 0.06828618002254454 0.2367219959087761 0.13657236004508908 0.09559790693047712 0.08372520208984534 0.15226798948310677 0.12291512404058015
0.10476459889350676 0.06549611207013185 0.27224215100192906 0.1309922241402637 0.09212280567397184 0.07044255211668064 0.14604655437727906 0.11789300172623733
0.1385641437423294 0.08630990031126974 0.23864879885106363 0.10788737538908717 0.12067771544030699 0.09052705615360337 0.12028637226216136 0.09709863785017844
0.1116087954965127 0.0642451115902582 0.2705873032163956 0.1284902231805164 0.09585818143253265 0.07031217419766936 0.14325701002365035 0.11564120086246474
0.10519869321873068 0.06433388102636403 0.2842935617690252 0.12866776205272806 0.09075688317051206 0.06749328029818778 0.1434549526169968 0.11580098584745527
0.10337623160347277 0.06411094142449442 0.28962220448218795 0.12822188284898883 0.08943443997208186 0.06687677452528908 0.142957830579395 0.11539969456408994
0.10279040512849612 0.06399525037507803 0.29163119218123607 0.12799050075015606 0.0890231422276798 0.06667820185569627 0.14269985680651726 0.11519145067514044
0.12051175609845881 0.07512017224658868 0.21466357591570875 0.09390021530823583 0.13921339286998366 0.1043216524045698 0.13958897678657148 0.11268025836988299
0.12518519296753441 0.07484241771159524 0.18853337917533067 0.09355302213949405 0.1544794696958543 0.11207004092050585 0.13907285082229265 0.11226362656739287
0.11051663777548132 0.065372907944692 0.2511201815533424 0.130745815889384 0.10430217927406163 0.07449921569636941 0.14577182756622364 0.1176712343004456
0.10584423804905543 0.0648069973379923 0.2769864385647095 0.1296139946759846 0.09305108152086465 0.06853472326545446 0.144509931377553 0.11665259520838615
0.10395895765648974 0.06427884867095485 0.28688090364609653 0.1285576973419097 0.09010501105535124 0.06718441534326058 0.1433322386782187 0.11570192760771873
0.10318653873284882 0.0640463805221027 0.29058134558221926 0.1280927610442054 0.08922387416364484 0.06677174561217702 0.14281386940301705 0.11528348493978485
0.12082857033990113 0.07511456670769219 0.21430816417079912 0.09389320838461523 0.13926921094401742 0.10433586886744124 0.1395785605239952 0.11267185006153826
0.12537913319955019 0.07483235547156424 0.18840016693987394 0.09354044433945528 0.15448340763982332 0.11206180612462938 0.13905415307775743 0.11224853320734633
0.08621073606576306 0.11166745671942348 0.122295130522994 0.13958432089927936 0.10839009305387391 0.16967649478871524 0.09467458287081557 0.1675011850791352
0.105455175641779 0.06849890676148217 0.2281824950707348 0.13699781352296433 0.09919903545990219 0.08562620301179141 0.15274233836067813 0.1232980321706679
0.083544035554917 0.1135239259394479 0.13264624442136724 0.14190490742430986 0.09842281315094308 0.163423638694659 0.0962485459051841 0.17028588890917185
0.137632290995063 0.08989317649270577 0.19136757714241606 0.11236647061588222 0.1275064321048642 0.11482399991557467 0.12528022917920004 0.101129823554294
0.11335014141637852 0.065236825377546 0.25212589130204416 0.130473650755092 0.09929529068842546 0.0766235310286121 0.14546838375231902 0.11742628567958281
0.1063507790759577 0.06462387298049457 0.2771136365208044 0.12924774596098915 0.092349143795933 0.06989025890860419 0.1441015913923267 0.11632297136489024
0.10395564322377253 0.06411999798983192 0.28669337330959915 0.12823999597966385 0.09025471609309231 0.06834225165397138 0.14297802536837145 0.11541599638169746
0.08271430721987624 0.1123804762309298 0.1455853289473352 0.14047559528866224 0.09580444075916034 0.15919003779446195 0.09527909941317961 0.16857071434639467
0.1037448361994367 0.06785760341983117 0.23741844113491312 0.13571520683966234 0.09574349202288979 0.0860644066018576 0.1513123276257131 0.12214368615569611
0.10495476139413026 0.06524269634077137 0.27210831854750495 0.13048539268154274 0.0923639207753952 0.07192658172321865 0.1454814751240484 0.11743685341338848
0.1389005363677966 0.08597063190134778 0.23813769647493196 0.10746328987668474 0.12097423428424003 0.09202310164197758 0.11981354856400521 0.09671696088901625
0.11179114264820976 0.06402469963986046 0.2700006695516551 0.12804939927972092 0.09630590323550796 0.07181820202172771 0.14276552427156944 0.11524445935174882
0.10532054807151141 0.06416270097627409 0.28378057108751353 0.12832540195254818 0.09114760358063816 0.06869706591966387 0.14307324665455742 0.11549286175729337
0.12127552525168564 0.07495047593654502 0.21181372413262092 0.09368809492068128 0.1403211621175963 0.10625165815247364 0.13927364558357994 0.11242571390481752
0.10874395450759812 0.06473780399597696 0.2601156318666558 0.12947560799195393 0.10127924398937788 0.07476406990345552 0.14435564055222325 0.11652804719275853
0.08363232296237598 0.11247157952629286 0.13945041107648065 0.1405894744078661 0.09823480199204268 0.16155770158190644 0.09535633916359613 0.16870736928943927
0.09177996340196477 0.1313007224264111 0.129381199793538 0.1641259030330139 0.08497144696260209 0.16723731837074626 0.08349013328201142 0.1477133127297125
0.10657311167924796 0.06833801458619364 0.2311040660820527 0.13667602917238728 0.09406792529061384 0.08784885411081379 0.1523835728235422 0.12300842625514855
0.0834787658161102 0.11305711152712217 0.13294366730765864 0.1413213894089027 0.0969811294120469 0.16677950076882894 0.09585276846864707 0.16958566729068325
0.07900534929346031 0.11308865822624475 0.10993051847399797 0.14136082278280593 0.09729131019869998 0.19381083910230315 0.09587951458312055 0.1696329873393671
0.10396236827928709 0.06856970093265868 0.2228133584434091 0.13713940186531737 0.09708352303653875 0.09410598696789582 0.15290019879610756 0.12342546167878564
0.14028579835922816 0.08717052147960841 0.22151265033647416 0.1089631518495105 0.12376183587081195 0.09875342270609955 0.12148578273370798 0.09806683666455945
0.08857949193890868 0.11088426291714365 0.12947426528095216 0.13860532864642955 0.1020558156961734 0.17006387041057716 0.09401057073410006 0.16632639437571545
0.10537303027812547 0.0679390652835761 0.23033012623956695 0.1358781305671522 0.09727635339879709 0.08941900129896808 0.15149397542337714 0.12229031751043698
0.10548880373361313 0.06531886929112621 0.26925409415564916 0.13063773858225242 0.09281045550418958 0.07326474457489968 0.14565132943424258 0.11757396472402715
0.13904304865190717 0.08593396091456842 0.2370419327548461 0.10741745114321055 0.12106999710778936 0.09305546160180636 0.1197624417969825 0.09667570602888947
0.1293451862608869 0.07401781348188365 0.19485298498593487 0.09252226685235455 0.14854474071997256 0.1121497236180149 0.13754056385812707 0.11102672022282548
0.14630558309919758 0.0855171463662822 0.20843690657324915 0.10689643295785273 0.13618833686343085 0.10126725907565731 0.1191815454022627 0.09620678966206747
0.1314310581837917 0.07407424256449316 0.18534573856808753 0.09259280320561644 0.1534916907485965 0.11430768199790785 0.13764542088476714 0.11111136384673972
0.11172060590192176 0.06500465278127573 0.24903233879025322 0.13000930556255147 0.1049334865016097 0.07734056194082907 0.1449506735152626 0.11700837500629634
0.12327356554006755 0.07512770007035001 0.20049671837470592 0.09390962508793751 0.1453866191042513 0.10951125666106463 0.13960296505609812 0.112691550105525
0.109447248343125 0.06483571719835782 0.2553887479420344 0.12967143439671563 0.10305944950129155 0.07631913928180964 0.14457397237962175 0.11670429095704407
0.09628161445226012 0.1292301149366987 0.15908604082995323 0.16153764367087334 0.08533999957750026 0.14096721023113618 0.0821734969977921 0.14538387930378602
0.14056727770824673 0.08910867337713631 0.20031622382875958 0.11138584172142038 0.12331049015526742 0.1108773345167553 0.12418690114313587 0.10024725754927835
0.11356658510610165 0.06487932411355968 0.2553515416544946 0.12975864822711936 0.09841891665679632 0.07657099154549382 0.1446712092920271 0.11678278340440741
0.08440302771512154 0.11226969247435803 0.13819235958009554 0.14033711559294754 0.09782839135672956 0.16337970051486367 0.09518517405434704 0.16840453871153707
0.13732183522231728 0.08941171550910582 0.19280884732135928 0.11176464438638226 0.12733004551671065 0.11616549425066791 0.12460923784571276 0.10058817994774404
0.11307927353013877 0.06504931523019178 0.2524194147197389 0.13009863046038356 0.09958307449388464 0.07763126004100876 0.14505026411030825 0.11708876741434521
0.10617366637939411 0.0645112199597307 0.2770563536237368 0.1290224399194614 0.09268964184120915 0.07057609037904548 0.14385039196990698 0.11612019592751528
0.10382441575389874 0.06402856465041666 0.2865301159676546 0.12805712930083332 0.0905982210332883 0.06893599425491595 0.1427741426682425 0.11525141637074998
0.1378533900808864 0.08543551127580593 0.24274082154807008 0.1067943890947574 0.12034158197197506 0.09165158173309863 0.11906777411012504 0.09611495018528166
0.11126184607882077 0.06379632666462644 0.271569751357457 0.12759265332925288 0.09639450026464462 0.07229524768655446 0.14225628662231626 0.1148333879963276
0.10504357586002169 0.06402767629395634 0.28421920962237124 0.12805535258791267 0.09140080612208876 0.06923140041860132 0.1427721617659265 0.11524981732912142
0.10330522391244164 0.06384998682774724 0.2891931430336742 0.1276999736554945 0.090102972386624 0.06854278311697731 0.1423759407770961 0.11492997628994503
0.10275130139845229 0.06374796595134707 0.29108209069493474 0.12749593190269415 0.08969955139013987 0.06832837050028702 0.1421484494497202 0.11474633871242473
0.10256093018757191 0.06370502313497751 0.29179057120726093 0.12741004626995503 0.08956070455698428 0.06825098962169919 0.14205269337859167 0.11466904164295955
0.10249289735242835 0.06368833388461909 0.29205503624800044 0.12737666776923817 0.08951062062694055 0.06822196428523376 0.14201547884122523 0.11463900099231436
0.12020041463275727 0.07470231925042936 0.2141945778874049 0.09337789906303669 0.13997200379636465 0.10668678788722212 0.1388125186071411 0.11205347887564401
0.10827489713867601 0.06455171203159533 0.26082206962408655 0.12910342406319067 0.1015721605899053 0.07554197164910222 0.14394068324657228 0.1161930816568716
0.13978426999346108 0.08580813973691291 0.23370045252892052 0.10726017467114116 0.12387744226372092 0.09344827333414109 0.11958709026767526 0.09653415720402701
0.11201202999504108 0.06397982203820415 0.2680358586196052 0.1279596440764083 0.09739829443409723 0.0727852172498511 0.14266545391802538 0.11516367966876749
0.09668375674689714 0.1289656758861274 0.16227686204811956 0.16120709485765922 0.084180590012 0.1395942868236246 0.08200534825367882 0.14508638537189328
0.10632842092631307 0.06733663737916892 0.2437443679568314 0.13467327475833785 0.09298906321291815 0.08357163737276484 0.15015065111116177 0.12120594728250408
0.08322283158889046 0.11264529257017317 0.1356169604982442 0.14080661571271647 0.0968780703648827 0.16635867279599065 0.09550361761384248 0.16896793885525976
0.10404175167923287 0.06793494530628758 0.23311943469034385 0.13586989061257515 0.09652753081485077 0.0887387568564467 0.1514847884889457 0.12228290155131762
0.10506651545122424 0.06523908596532615 0.27029866034024563 0.1304781719306523 0.0929387313281842 0.07307505572111288 0.14547342452566758 0.11743035473758709
0.10386191210992576 0.06423826922207801 0.28410132140108435 0.12847653844415602 0.09091006217504159 0.06954125948411632 0.14324175256385752 0.11562888459974041
0.10306927819481033 0.0638805900105597 0.289206195102641 0.1277611800211194 0.09003432331086042 0.0686191900338729 0.14244418130712863 0.11498506201900748
0.1204170512212585 0.07474886225673952 0.21331771304992392 0.09343607782092439 0.14021400074623278 0.10684399628154197 0.1388990052382697 0.11212329338510926
0.10835267117717709 0.06456830081252869 0.2604721378126496 0.12913660162505738 0.10168324298747118 0.07558643037044808 0.14397767375211623 0.11622294146255163
0.10479359919243615 0.06431765380158856 0.2801107844647418 0.12863530760317712 0.09290062095704514 0.07005148881043045 0.14341876832772138 0.11577177684285941
0.0827569974867824 0.11218791290961243 0.14390390720151977 0.14023489113701557 0.09665209487145261 0.1608664878232228 0.09511583920597577 0.16828186936441863
0.10363349668240152 0.06772957709921301 0.2364224665978483 0.13545915419842602 0.09622981864216926 0.08758539996221783 0.15102684803914065 0.12191323877858343
0.13963875731587408 0.08677308126024764 0.22603198110165665 0.10846635157530954 0.12357999870707362 0.09695822611943863 0.12093188750262125 0.09761971641777858
0.11230362021227282 0.06419781516998911 0.265162406398433 0.12839563033997822 0.09765363676469195 0.07357927774303703 0.1431515460656175 0.1155560673059804
0.12313284652230642 0.07490060459377249 0.20554597151926687 0.0936257557422156 0.14297596370808846 0.10828697681586069 0.13918097420783096 0.11235090689065871
0.14426233710375494 0.08547028611221527 0.21243874443792096 0.1068378576402691 0.135360780979091 0.10035968355605726 0.11911623829444927 0.09615407187624218
0.13073831977477746 0.0739712357149349 0.18652192163295492 0.09246404464366861 0.15394454153004022 0.11394907049675293 0.13745401263446858 0.11095685357240234
0.11148412333202906 0.0649495637434248 0.249443154978133 0.1298991274868496 0.10525742396234417 0.07722955857595533 0.14482783318309947 0.11690921473816462
0.12315803626964668 0.07508736099960578 0.20056850704381782 0.09385920124950721 0.1457338308777009 0.10943401542671718 0.1395280066335958 0.11263104149940864
0.08528240624944562 0.11074715608486964 0.12442714372619663 0.13843394510608706 0.10729540014371526 0.17379888657738324 0.09389432798499818 0.16612073412730444
0.10469477302314242 0.06799915822015391 0.22816913531253388 0.13599831644030783 0.09896616596543022 0.09014599253930405 0.15162797370285067 0.12239848479627705
0.10536337658718989 0.0653306854949386 0.26835414411349773 0.1306613709898772 0.09361364488786657 0.07340386623060886 0.14567767780513174 0.11759523389088948
0.10399228051392172 0.06427916401673282 0.28336032715170206 0.12855832803346565 0.09113826441111661 0.06963619879070486 0.14333294185223708 0.1157024952301191
0.1031213913580805 0.06389499331497359 0.28892341979804037 0.12778998662994717 0.09013361299979444 0.06864930940598693 0.14247629852622468 0.11501098796695246
0.08240820058028413 0.11210426641070768 0.14590368729222547 0.14013033301338462 0.09600161033433033 0.16025058123088445 0.09504492152212175 0.16815639961606152
0.10348498701644061 0.06768470573062914 0.2372302206158706 0.13536941146125828 0.09604153919730357 0.08742987407894749 0.1509267915844178 0.12183247031513246
0.10478336727080298 0.06513300950882207 0.2718511842031309 0.13026601901764415 0.09273522624094716 0.0727548867828025 0.1452368898599704 0.11723941711587972
0.10373689022531131 0.06419638794343185 0.2846752592471453 0.1283927758868637 0.09084834901131941 0.0694484758243372 0.14314836356341373 0.11555349829817735
0.10301648007606351 0.06386326016071195 0.2894139395151214 0.1277265203214239 0.09003281708364946 0.06858757622523518 0.1424055383285129 0.1149538682892815
0.10267876731295765 0.06374387354632882 0.29116798589087867 0.12748774709265764 0.0897119452220147 0.06833138455443438 0.1421393239973362 0.11473897238339188
0.10253859191842167 0.06370053057374822 0.29181849030954976 0.12740106114749644 0.089590306511811 0.06824738886864423 0.14204267563758186 0.11466095503274679
0.10248341417371196 0.06368463671611942 0.2920600582410834 0.12736927343223883 0.08954486653175554 0.06821817010878872 0.14200723470728716 0.11463234608901494
0.10246225367741481 0.06367877133394419 0.29214983913232445 0.12735754266788837 0.08952797982716076 0.06820766917970139 0.14199415578046656 0.11462178840109953
0.137256048509128 0.08530635347297034 0.24464526359616018 0.10663294184121294 0.11993057102651863 0.09137140142619293 0.11888777247072548 0.09596964765709164
0.11105211111176265 0.06375039794306778 0.27229950459945124 0.12750079588613555 0.09629026577294097 0.07220233596084628 0.14215387242827351 0.11475071629752202
0.10496611201173311 0.06400719296822799 0.2844882885759569 0.12801438593645598 0.09138816043978275 0.06919642571826776 0.14272648700676507 0.11521294734281039
0.08276294005747854 0.11213108265151951 0.1448950023094349 0.14016385331439937 0.09629653814233216 0.16048630251692023 0.09506765703063612 0.16819662397727925
0.10359919492512926 0.06770459902758096 0.2368164236389915 0.1354091980551619 0.09613759887111888 0.08749355656490025 0.15097115066747155 0.1218682782496457
0.1048233596267021 0.06514197247009887 0.2716911845706054 0.13028394494019774 0.09277251639345771 0.07277459562689799 0.14525687592586223 0.11725555044617797
0.10375110912371101 0.0641996846698007 0.2846141300379321 0.1283993693396014 0.09086552367345854 0.06945503597868737 0.1431557147711675 0.11555943240564125
0.10302133968327022 0.06386424039640122 0.28939022317172125 0.12772848079280244 0.09004267962760704 0.06858967950687946 0.14240772410779615 0.1149556327135222
0.10268017534181377 0.06374396463071016 0.29115828559925566 0.12748792926142033 0.08971909740696687 0.06833188432264296 0.1421395271019119 0.1147391363352783
0.10253871991475298 0.06370028708592264 0.2918140221883774 0.12740057417184528 0.08959644879700142 0.06824729839136735 0.14204213269607224 0.11466051675466075
0.10248306638877497 0.06368426815943247 0.29205754075862167 0.12736853631886494 0.08955063218720755 0.06821786061923624 0.14200641288088373 0.11463168268697846
0.10246172886270453 0.06367835612785896 0.29214804853382115 0.12735671225571793 0.08953360505206714 0.0682072782048165 0.1419932299328676 0.11462104103014614
0.10245365775757007 0.06367616621910709 0.2921817030048601 0.12735233243821417 0.0895272854580435 0.06820340916460949 0.14198834676320293 0.11461709919439272
0.1024506269668016 0.06367535339375364 0.29219422038854226 0.1273507067875073 0.0895249396968112 0.0682019823738454 0.141986534283982 0.11461563610875654
0.10244949343566427 0.06367505136517006 0.29219887675671363 0.12735010273034011 0.08952406853065424 0.06820145391883202 0.1419858608053195 0.11461509245730611
0.1201781306792699 0.07469404178830469 0.21422914591315495 0.09336755223538085 0.14002139480555825 0.1066715345429798 0.1387971373528945 0.11204106268245702
0.10826230582192144 0.06454531073263951 0.2608245802937612 0.12909062146527903 0.10163513574658721 0.0755340773157419 0.14392640930531855 0.11618155931875113
0.10475841841964605 0.0643075332835486 0.28024093001315137 0.1286150665670972 0.09289515842332059 0.07003313229983135 0.1433962010830173 0.11575355991038748
0.12101387630062758 0.07485440665138024 0.21049063573625712 0.09356800831422529 0.14136608801546502 0.10733024622740955 0.13909512877756477 0.11228160997707036
0.08487895220775951 0.110719632812536 0.12670767750542747 0.13839954101566998 0.10635149028044667 0.17299226392264103 0.0938709930367153 0.16607944921880397
0.10452850337944045 0.06795299414941476 0.22911210619300013 0.13590598829882952 0.09870729522474775 0.08995268857035867 0.15152503471526216 0.12231538946894656
0.1400974425590937 0.08689685110879788 0.2234653916792878 0.10862106388599736 0.12445988830952713 0.09759602477655521 0.12110438018334332 0.09775895749739762
0.11249687131530416 0.06425013088835367 0.26415350258358467 0.12850026177670734 0.09794043928187501 0.07374035624588411 0.14326820230925433 0.11565023559903663
0.1055903295937717 0.06420402324173087 0.2814272744549155 0.12840804648346174 0.0919961316236839 0.06964156362829686 0.14316538913902377 0.11556724183511558
0.10352553494061223 0.06391400521560478 0.288144916313869 0.12782801043120956 0.09035073063415267 0.0686729008494282 0.14251869222703512 0.1150452093880886
0.13770040662513616 0.08539048215698875 0.24327597792540234 0.10673810269623595 0.12027331585829769 0.09155240333507562 0.1190050189762511 0.09606429242661232
0.11120154769508851 0.06377897569581319 0.2717662713713928 0.12755795139162637 0.09641337202941275 0.07226212901264324 0.14221759655155955 0.11480215625246372
0.10501791533467933 0.06401863147725383 0.28428515960715 0.12803726295450765 0.0914377901449878 0.06921771064771193 0.1427519931746525 0.11523353665905688
0.10329245057805479 0.06384431519820674 0.2892103797462075 0.12768863039641348 0.09014559928155849 0.06853556355305422 0.14236329388973265 0.11491976735677215
0.10274329324328135 0.06374355348947298 0.2910813165578962 0.12748710697894597 0.08974429488375246 0.06832342824728227 0.14213861031831737 0.11473839628105137
0.10255467656274164 0.06370107305812783 0.2917831536907636 0.12740214611625567 0.08960626672026348 0.06824686705043723 0.14204388529678055 0.1146619315046301
0.08228332157169314 0.1120633735094466 0.1465452869211889 0.14007921688680827 0.0958688770031791 0.1600546123898528 0.09501025145366127 0.1680950602641699
0.10343250424578869 0.06766874803007823 0.23748591906007782 0.13533749606015646 0.09600128307648381 0.08737909477933858 0.15089120829393565 0.12180374645414083
0.10476112561633272 0.06512593238102238 0.27194696879179137 0.13025186476204476 0.09272674914567469 0.07273957209602909 0.14522110892126483 0.11722667828584028
0.10372742764269917 0.06419321482115783 0.2847096198801718 0.12838642964231567 0.09085125958274008 0.06944297377848836 0.143141287974343 0.1155477866780841
0.10301217436340385 0.06386160427222334 0.2894252643923471 0.1277232085444467 0.09003984354686871 0.06858517124637738 0.14240184594433086 0.11495088769000202
0.10267647173222161 0.06374278723927174 0.29117073971676743 0.12748557447854347 0.08972046653816139 0.06833004156961119 0.14213690169473428 0.11473701703068911
0.13735139089194445 0.08532754926355685 0.24431176087105722 0.10665943657944607 0.12002097728008511 0.09141808006577268 0.11891731212663613 0.09599349292150144
0.08794204503204132 0.11062559302058145 0.134666550091292 0.13828199127572682 0.10168104046694067 0.16707312693466117 0.09379126364788429 0.16593838953087217
0.10427097325304385 0.07496260327554284 0.230996415145527 0.1342256205395284 0.09681389724913525 0.08827588198742661 0.14965155006422048 0.1208030584855756
0.10473337979902803 0.07003660250578608 0.2687389885700183 0.12971924170994567 0.09268946358860015 0.07270773232150718 0.14462727396616332 0.11674731753895112
0.13799949916006293 0.09164329095302742 0.23591298726147725 0.10655718201400094 0.1208452904234533 0.09233698045827478 0.11880330591710254 0.09590146381260085
0.10050125744846518 0.13849389938469558 0.15165994153676768 0.15734667933430946 0.08716602863663286 0.14317861059688466 0.08004157166136612 0.1416120114008785
0.1066520731702307 0.07647703853153802 0.23776006464509308 0.13340304133985567 0.09311724741701996 0.08379336204729967 0.1487344356430928 0.1200627372058701
0.10505073262638402 0.06997457495325565 0.2713132259849461 0.12940500693847234 0.0917010335630765 0.07181399404291348 0.14427692564632663 0.11646450624462512
0.103405378837714 0.06861255555069634 0.283851363308826 0.12765008020117818 0.0902802372062689 0.06899499941533076 0.14232031329892553 0.11488507218106037
0.10256413529358223 0.06818762278000401 0.2885148758329834 0.1270119834056169 0.08957736243263334 0.06822435219908639 0.14160888299103852 0.11431078506505518
0.13666886022769548 0.09098309734184447 0.24258211004017413 0.10595960448972694 0.1193929617173011 0.09091267056962898 0.11813705157287466 0.09536364404075423
0.11048219024363944 0.06960321918606235 0.27066558274701147 0.12659827482180575 0.09578454397286416 0.07178011289512753 0.14114762879386403 0.11393844733962519
0.10449713210762555 0.06843965274516832 0.28327864857663093 0.1273473087849777 0.09097919910971122 0.0688627350046624 0.1419827457647438 0.11461257790647994
0.10280787321228571 0.06816589418109073 0.2882502020141416 0.1269901969753284 0.08971445813617952 0.06819560545605854 0.14158459274711985 0.11429117727779554
0.08178680198624291 0.11926460534755554 0.14502853937615817 0.13889920528723795 0.09524239677678262 0.15888950912129765 0.09420989576003967 0.16667904634468553
0.10264090854966634 0.07547941125215663 0.23556834247459932 0.13409205919040287 0.09527551129892799 0.08675827483567379 0.14950263912721037 0.12068285327136259
0.13858533420070057 0.09305905087046704 0.22483944660108854 0.10767007908849074 0.12266655418906008 0.09623236076741316 0.12004410310313818 0.09690307117964167
0.14741737972695163 0.0927334809893522 0.217829963345537 0.10522501044993185 0.12821461944547907 0.09655900259885578 0.11731803403895387 0.09470250940493867
0.13087850705174878 0.08074761889182558 0.18752121962708213 0.09163034591131265 0.1507887693144823 0.11226246063584283 0.13621466347413047 0.10995641509357519
0.14596750279906393 0.0922430329500595 0.20460495678243634 0.10598097282725967 0.136973261876908 0.10068652154516715 0.11816087567457162 0.09538287554453372
0.11382381798720526 0.07041522863570718 0.2554379383166365 0.12792045684431702 0.1005217219941056 0.07413066198347937 0.1426217630786639 0.11512841115988531
0.10577452921226776 0.06884322224037556 0.27745197293498197 0.12800947943893096 0.09241031297971389 0.0695809350705109 0.1427210166281812 0.11520853149503786
0.10330106543538702 0.06833401682195937 0.2860545398121853 0.12725933547265453 0.09018673038279038 0.0684462480629583 0.141884662086676 0.11453340192538908
0.08189136276774095 0.1193110720289749 0.14453464020925294 0.1389331659235818 0.09536351122999799 0.15901351880137624 0.09423292993077724 0.16671979910829815
0.07751041702418854 0.12490230620087839 0.11104326451664615 0.13867826562708058 0.0959344731920953 0.19145731365259447 0.09406004103401987 0.16641391875249667
0.13461623020196672 0.10052936192620898 0.18154936355434126 0.11105532932119214 0.12640738753994746 0.12207412658528453 0.12381840448198586 0.09994979638907292
0.14768244570586078 0.09448485000269169 0.20297177532637573 0.10648711622045044 0.130600589947125 0.10320963041300647 0.11872518778608429 0.0958384045984054
0.15053682929645418 0.0930251218606319 0.20973643813890935 0.10539829484440857 0.13068557076233994 0.09824804653016433 0.11751123320712416 0.0948584653599677
0.11470425495005764 0.0703379804261529 0.25742575626610154 0.12767482263188326 0.09900578115572306 0.07359616493867499 0.14234789926271163 0.11490734036869493
0.1059051281563713 0.06878592922488233 0.2781968600024732 0.12791011601212723 0.09202842750378226 0.06944420086697302 0.14261023382247617 0.1151191044109145
0.08240609176161436 0.11943126905340634 0.14275492946441518 0.1390182630689206 0.09581380584134697 0.15946307713301958 0.09429064799457224 0.1668219156827047
0.1028613209308217 0.07554518887470306 0.23464008140856696 0.1341905028716592 0.09546614442848299 0.08691291241600523 0.14961239648526778 0.12077145258449327
0.08198074284190046 0.120604370118231 0.1327230883427735 0.1395324802151639 0.0967472605763394 0.16633366028406635 0.09463942136332856 0.16743897625819668
0.10311371113880421 0.07589435097935023 0.23060757283693276 0.13467659815666033 0.09599491484931565 0.08834955724566605 0.1501543564522765 0.12120893834099429
0.1045156103225992 0.07014418707111707 0.268660508272553 0.12980612898809893 0.09256567246346627 0.07275822999569749 0.14472414679717896 0.11682551608928904
0.08220675230295159 0.11972521453183162 0.14058120457816342 0.13919535796914995 0.09600459297513114 0.16084168354419526 0.09441076453559735 0.1670344295629799
0.10289431467114402 0.075626976223477 0.23377579873773208 0.1343029144381966 0.09558170001251799 0.08720794592952105 0.14973772699303414 0.12087262299437695
0.10434832352379753 0.07004251745447226 0.2698654305881204 0.12964738116955543 0.09237550908394514 0.07249104030115444 0.14454715482635508 0.11668264305259989
0.10330091305706258 0.06865923436324309 0.2833231295909293 0.12773088104508398 0.09047340870559047 0.0691442400875484 0.14241040020996676 0.11495779294057556
0.13706677759546604 0.0911532038328637 0.24082956776023035 0.10611428057857482 0.11979463003497189 0.09122918380822762 0.11830950386894835 0.09550285252071734
0.11063729709723708 0.06965691271699845 0.2699863288230392 0.12667698774034727 0.09592469671810346 0.07187310011402262 0.14123538782393943 0.11400928896631254
0.10455655711244663 0.06845988665636457 0.2830216026979325 0.12737899884768514 0.0910300836092292 0.06889369429369271 0.14201807781973252 0.11464109896291662
0.10283039459170745 0.0681735399982847 0.28815357912913936 0.12700220456817518 0.08973372270702697 0.06820659457725364 0.141597980317055 0.11430198411135767
0.11982422739592793 0.07972002608016443 0.2124343227185245 0.09284375470706648 0.13953838647360567 0.10620829982960704 0.13801847714662419 0.11141250564847976
0.12384237044935224 0.08009681499787083 0.18623720330879567 0.09213028638327309 0.15503462132968945 0.11514450130729997 0.13695785856379103 0.11055634365992768
0.12500081451932252 0.08015897979771094 0.17745233706741378 0.09216153880093948 0.16017589693616882 0.11745226893562208 0.1370043173816951 0.11059384656112736
0.11001014815612212 0.07037434007309748 0.24505193553555968 0.12945181645263415 0.10656314606610338 0.07771286414774276 0.14432911476136973 0.11650663480737075
0.13999087444456307 0.09190774296967731 0.22734293486143275 0.10682767844896733 0.12502958522960042 0.09365138418589937 0.11910488925578895 0.0961449106040706
0.11176886081957596 0.07000257603245308 0.2646797172277814 0.12722197463590112 0.09742097809945484 0.07256310847070431 0.14184300754181814 0.11449977717231104
0.08345280432092268 0.11951670997634276 0.13958856624241514 0.1389444751404012 0.0969660566676147 0.16055741695381068 0.09424060053001126 0.16673337016848144
0.10319794004015968 0.07561388479213386 0.23331778932963548 0.13430118328456414 0.09579448369412176 0.0871678570173528 0.14973579688592448 0.12087106495610771
0.08204686567222584 0.12062153697997695 0.13242329947740308 0.1395443624858082 0.09682498286770863 0.16643823689135942 0.09464748064254817 0.16745323498296985
0.10313905253630871 0.07590263344225039 0.230484318685911 0.1346894033426644 0.09602058461242981 0.08837491109297753 0.15016863327906016 0.12122046300839796
0.1389037284145011 0.09321900041225875 0.22309897388023675 0.10781643188756454 0.12302234455008272 0.09669745660429334 0.1202072755522548 0.09703478869880808
0.08752844056656084 0.12062017142921146 0.12884408426038438 0.13684906847423364 0.10151508483188504 0.16760490008612058 0.0928193681825237 0.16421888216908037
0.13696611202672707 0.0995013513062621 0.18751324871317324 0.11031890243545558 0.12724386923713507 0.11617216062771714 0.12299734346161986 0.09928701219191001
0.11264564535787719 0.07162349667997782 0.2493350436795284 0.12927014695563915 0.09930001706216919 0.07735595117508764 0.14412656682964542 0.11634313226007523
0.09620864862834029 0.13780739338414136 0.15646659405467253 0.15998030039458397 0.08404262404402486 0.14013088589491005 0.08138128324420142 0.1439822703551256
0.10560599106305278 0.07642845734539268 0.23996532514187022 0.1334381741201841 0.09243301643842584 0.08326107311159912 0.14877360607130974 0.1200943567081657
0.10474849881610442 0.0699326699996299 0.2721911944143045 0.12933386721588858 0.09150762297931904 0.07168805591587359 0.14419761016458024 0.11640048049429973
0.10330748325463557 0.0685901394468264 0.28418697589632885 0.12761288928035217 0.09021635769159662 0.06895570588029709 0.14227884819764638 0.11485160035231697
0.08190545934862868 0.11936945876494758 0.14411176552087823 0.138969878954753 0.09538715852842049 0.15923459319344474 0.09425783094322376 0.16676385474570354
0.07751271079955491 0.12490926281992759 0.11094672964954992 0.1386792437272559 0.09593966195270376 0.19153659413720564 0.09406070444109531 0.16641509247270705
0.1027780295888109 0.07675317609344166 0.22172960595152605 0.1356626138060941 0.09651150333412659 0.0932150284823782 0.15125369031813776 0.1220963524254847
0.10477133635398406 0.07044292789591915 0.2652965054835992 0.13026216557621859 0.09297246863333365 0.07378605347799758 0.14523259356035115 0.1172359490185967
0.10356661794127986 0.06880699032146287 0.2816161354255347 0.1279618019504623 0.09074637779074284 0.06946859502854111 0.1426678597865602 0.1151656217554161
0.10268261156459127 0.06825932367022983 0.28768450758143344 0.127124272960571 0.08974706465354106 0.06835629644012457 0.14173407746499483 0.1144118456645139
0.10226009733309473 0.06806477251815764 0.2899421233475446 0.1268221169287556 0.089346326980807 0.06802746161728203 0.14139719603847825 0.11413990523588005
0.10208289300224045 0.06799417703272012 0.29078331873072794 0.1267119418479494 0.08919266540277386 0.06791989727503345 0.14127435904540028 0.11404074766315446
0.10201263411455606 0.0679682474028302 0.29109713557895944 0.12667137123130207 0.08913480344188635 0.06788244828679757 0.1412291258354965 0.11400423410817186
0.08162327628911552 0.11920870966307068 0.1456693471617426 0.13885776341573333 0.09509464530721774 0.15873515470400354 0.09418178736023654 0.16662931609888001
0.10252127428137657 0.07540800391955979 0.23572466715025173 0.13395143460428205 0.09517328327754536 0.08731919241507292 0.14934585320805774 0.12055629114385386
0.10415503327185696 0.06994338246864493 0.2705568062893825 0.12948053821886915 0.09219433738316997 0.07277628058378773 0.14436113738730635 0.11653248439698224
0.09429128594700212 0.1373855489139126 0.1619135183130278 0.15974823208351785 0.0825824915052797 0.1390422832587393 0.08126323110335473 0.14377340887516604
0.13830052418564687 0.10047329149785343 0.19943207735859533 0.10965868507852009 0.12115973369605477 0.1100216212340726 0.1222612503785888 0.09869281657066807
