Action: 0
[0.10877437131586527, 0.10877421854469324, 0.22034011713388466, 0.10877421854469324, 0.12701441882678396, 0.10877421854469324, 0.10877421854469324, 0.10877421854469324]
[0.11172990039909977, 0.10877308558735098, 0.2356315860767944, 0.10877308558735098, 0.10877308558735098, 0.10877308558735098, 0.10877308558735098, 0.10877308558735098]
[0.21850708584264092, 0.10925308960799894, 0.12597437650936535, 0.10925308960799894, 0.10925308960799894, 0.10925308960799894, 0.10925308960799894, 0.10925308960799894]
[0.125, 0.125, 0.125, 0.125, 0.125, 0.125, 0.125, 0.125]
[0.11172984680693393, 0.10877309003244522, 0.2356316134431667, 0.10877308994348192, 0.10877308994352647, 0.10877308994348192, 0.10877308994348192, 0.10877308994348192]
[0.10918983666368805, 0.10918960315510003, 0.23519154329844666, 0.10918960315240447, 0.10960143881741431, 0.10925876860813752, 0.10918960315240447, 0.10918960315240447]
[0.125, 0.125, 0.125, 0.125, 0.125, 0.125, 0.125, 0.125]
[0.125, 0.125, 0.125, 0.125, 0.125, 0.125, 0.125, 0.125]

Action: 1
[0.10925224490235999, 0.10925224490235999, 0.10925224490235999, 0.10925224490235999, 0.10925914647769217, 0.235227384108148, 0.10925224490235999, 0.10925224490235999]
[0.1111111111111111, 0.1111111111111111, 0.1111111111111111, 0.1111111111111111, 0.1111111111111111, 0.2222222222222222, 0.1111111111111111, 0.1111111111111111]
[0.10920157091521851, 0.10920157091521851, 0.10920157091521851, 0.10920157091521851, 0.10959255927270853, 0.23519801523598044, 0.10920157091521851, 0.10920157091521851]
[0.125, 0.125, 0.125, 0.125, 0.125, 0.125, 0.125, 0.125]
[0.10877424929757255, 0.10877424929757216, 0.10877424929757216, 0.10877424929757216, 0.12701438351557753, 0.22034012069898906, 0.10877424929757216, 0.10877424929757216]
[0.1092532033739531, 0.1092532033739531, 0.1092532033739531, 0.1092532033739531, 0.10925331798290495, 0.23522746177337656, 0.1092532033739531, 0.1092532033739531]
[0.125, 0.125, 0.125, 0.125, 0.125, 0.125, 0.125, 0.125]
[0.125, 0.125, 0.125, 0.125, 0.125, 0.125, 0.125, 0.125]

