0.125 0.125 0.125 0.125 0.125 0.125 0.125 0.125
0.099626400996264 0.07845579078455792 0.199252801992528 0.15691158156911583 0.08685378548392246 0.06839735606858895 0.17370757096784492 0.1367947121371779
0.0745303753200788 0.12421729220013136 0.1056354961590544 0.1490607506401576 0.0931629691500985 0.15527161525016417 0.11179556298011822 0.186325938300197
0.07346369166295703 0.1224394861049284 0.09668129484448348 0.14692738332591407 0.09182961457869628 0.17480376283119256 0.11019553749443556 0.18365922915739255
0.07192424083312794 0.11987373472187991 0.09407486375025562 0.14384848166625588 0.08990530104140992 0.19267641465455884 0.10788636124969192 0.17981060208281985
0.08805006906659688 0.14675011511099484 0.0862841238761111 0.13207510359989533 0.11006258633324612 0.2584766121532969 0.0990563276999215 0.07924506215993721
0.08769198837691988 0.15514736405147364 0.07644942576449426 0.13525667635256677 0.10523038605230386 0.1861768368617684 0.09173931091739311 0.16230801162308012
0.09483864935557153 0.07468543636751258 0.20348801207583225 0.14937087273502517 0.09096627617495281 0.09107029613290778 0.16535969631227854 0.13022076084591938
0.07077571621452294 0.11795952702420491 0.11403806843323101 0.1415514324290459 0.09618312627073819 0.17638926477016528 0.10616357432178442 0.17693929053630736
0.05886460630320775 0.09810767717201292 0.0632926228138156 0.08829690945481164 0.1370615221469975 0.27182655185375737 0.10595629134577395 0.17659381890962328
0.08656502084397222 0.15315349841625855 0.07546694124859116 0.13351843451673823 0.11672945595653436 0.18378419809951024 0.09056032949830939 0.16022212142008585
0.12496687291740935 0.09841141242245983 0.1693676613693253 0.11809369490695183 0.13075391112307216 0.1247183949052262 0.13073457474436667 0.10295347761118877
0.0626195265545699 0.11078839313500831 0.05459138212449685 0.09658475298949443 0.1514868886984313 0.22157678627001662 0.1091827642489937 0.19316950597898885
0.10584573458232502 0.08544173755440693 0.13230716822790625 0.10680217194300867 0.1587907002868084 0.12388127920044675 0.1587686018734875 0.12816260633161042
0.10256386619106225 0.07528493793375145 0.18652686114929462 0.1505698758675029 0.10600280264104933 0.07566459290222165 0.16787417503436514 0.13551288828075259
0.09942949212432137 0.07117213191175085 0.23861093508311682 0.1423442638235017 0.09312261578499444 0.07364461063744894 0.1575809514041207 0.12409499923074507
0.07563567992524281 0.11467726228060197 0.12678927067553364 0.13761271473672237 0.1000570332685366 0.17000260963991776 0.1032095360525418 0.17201589342090295
0.09011964028727508 0.13961845956977478 0.0969304474114342 0.12565661361279729 0.12831902533017553 0.2497193854112667 0.09424246020959796 0.07539396816767838
0.08804867238527193 0.14338045051530227 0.07722208069237167 0.12499834147487891 0.11828904431371495 0.2132819170656442 0.08478148378296133 0.14999800976985467
0.09883424584463017 0.07350735634136658 0.1957569591950806 0.14701471268273317 0.09846979420566025 0.09019325692203718 0.16391043339403236 0.13231324141445985
0.10999507581960338 0.07882819892395661 0.17300528095008103 0.09459383870874793 0.15283538690892 0.12235096997141022 0.1501489503313459 0.1182422983859349
0.06444608395557248 0.10285003408656133 0.06589178900327355 0.08966413228059193 0.14709488750535493 0.24936535472505367 0.10135945388240827 0.17932826456118386
0.09472531446798033 0.07183581502008882 0.19858730171377484 0.14367163004017763 0.10079170382795924 0.10090062216249707 0.1601831457313622 0.12930446703615983
0.09572167484631953 0.06880827428475553 0.25343749875616184 0.13761654856951105 0.09575704629882484 0.07633837965184972 0.1523471762755678 0.11997340131700963
0.07265034179752301 0.11729939993319366 0.13013436343229912 0.1466242499164921 0.09295582002064733 0.16493723375234667 0.09944949124770769 0.1759490998997905
0.07204380085448499 0.11186507983714032 0.1073193313822722 0.13423809580456839 0.10382236093360107 0.2022351395787963 0.10067857185342628 0.16779761975571045
0.0825181422636123 0.13617412037064933 0.08330727196440231 0.11871589981030967 0.10922717083334292 0.24707796554875405 0.08052034943655785 0.1424590797723716
0.09482640657401378 0.07062706132698585 0.20827974410736116 0.1412541226539717 0.09409490305122575 0.10630124649112571 0.15748780540674157 0.12712871038857454
0.12863134146336844 0.0923617619215695 0.2163896072218062 0.11083411430588341 0.12854502504020332 0.10391561697626749 0.12269792059910577 0.0966246124717958
0.07337905982925985 0.11472682715385951 0.12644679288809688 0.14340853394232442 0.09579661336244426 0.17688353515843197 0.09726839693479394 0.17209024073078927
0.09459578114830809 0.06931551252122502 0.2367577029104922 0.13863102504245003 0.09678659548504051 0.08958532275557249 0.1534702434332373 0.12085781670367439
0.07162341844269424 0.11562738519938368 0.13130229750024378 0.14453423149922962 0.09195031249146055 0.1734893635293048 0.0980319135386079 0.1734410777990755
0.10578312399496928 0.07764092315787627 0.16191000092193392 0.09316910778945153 0.15415766741822892 0.14299031929905656 0.1478874726816691 0.11646138473681439
0.07131221042491123 0.11383910554534762 0.11415323342312365 0.14229888193168455 0.09862581103664361 0.1924963359231252 0.09651576339714256 0.17075865831802142
0.11038180236219666 0.0770036964991848 0.15529691314866353 0.09240443579902176 0.15543667531217764 0.1472972245124835 0.14667370761749485 0.1155055447487772
0.08434516810955119 0.1339366435614539 0.09280917476284124 0.11676527900229315 0.12367956856997925 0.22914851152000887 0.07919731967112056 0.1401183348027518
0.09359545094835706 0.06950741153529817 0.2139024654034321 0.13901482307059634 0.09971944866845787 0.10415590612713453 0.15499115348318726 0.1251133407635367
0.08070702435905595 0.11025809329349884 0.12830051869478132 0.13230971195219857 0.10578488630976458 0.1780203414863037 0.09923228396414895 0.16538713994024823
0.07789155965391839 0.109205052161253 0.10754679692188134 0.13104606259350357 0.10604873128612195 0.20616967219631446 0.0982845469451277 0.1638075782418795
0.08121814481774496 0.13308268157216369 0.08491794402158291 0.1160207993193222 0.11229745682126208 0.25454564603076274 0.07869236823397505 0.13922495918318661
0.09319303972663771 0.06938812266857539 0.21244704443458073 0.13877624533715077 0.097605626610392 0.10896614330452369 0.15472515711470394 0.1248986208034357
0.10209164211120998 0.06592378935647485 0.2701291496861948 0.1318475787129497 0.09354845375599581 0.0755546538975812 0.14596068949907332 0.11494404298052027
0.08563733943221868 0.13703314654747617 0.11954975711049515 0.11946479442600488 0.11317835901731446 0.2007505548054729 0.08102829534981199 0.14335775331120584
0.092534480871491 0.06861647897810638 0.22796051316586885 0.13723295795621276 0.09916356724784471 0.09797783276422668 0.15300450685565808 0.12350966216059146
0.09014200181776615 0.06641541905393485 0.2728676304244829 0.1328308381078697 0.0932388348112582 0.07686104974644328 0.14809647174116217 0.11954775429708273
0.08836687766273132 0.06521588622908964 0.2906735187982095 0.13043177245817927 0.09055293003075891 0.07194872703216294 0.14542169257650733 0.11738859521236132
0.08753955554679292 0.06469290463182815 0.29771322831218316 0.1293858092636563 0.08938533135562816 0.07058042088105151 0.14425552167156902 0.11644722833729068
0.08719052214319968 0.06447632550326492 0.30052434621134877 0.12895265100652983 0.08889466693218508 0.0701315197574788 0.1437725825401161 0.11605738590587684
0.06979624546311654 0.11315364251250126 0.15117694113928035 0.1414420531406266 0.09482034038251963 0.1639457036369527 0.09593460995625107 0.1697304637687519
0.09994036308845798 0.06767839951384151 0.24725863871340234 0.13535679902768302 0.09524478611478093 0.08667210964578423 0.14984554064114686 0.11800336325490314
0.070935591677601 0.11371527906370715 0.13866782809351888 0.14214409882963394 0.09639954464763185 0.17115395901659486 0.09641078007575173 0.1705729185955607
0.10056785800196505 0.06795482548965812 0.2424388258034396 0.13590965097931623 0.09595888723324102 0.0882270452634686 0.15045757047771272 0.11848533675119878
0.10506053565035696 0.07679099909907296 0.203636778312382 0.09598874887384119 0.14462016738980324 0.11602254981944801 0.14269372220648632 0.11518649864860941
0.09062437044190685 0.0658628497327708 0.2623189120865598 0.1317256994655416 0.10427382254284975 0.07977689158338445 0.14686432462799937 0.11855312951898744
0.0883497072248286 0.06514713704681499 0.2867602301153382 0.13029427409362998 0.09445260237394722 0.07246281030006718 0.14526839216110687 0.117264846684267
0.08043948905478508 0.13025621801947412 0.17037233322372233 0.16282027252434267 0.08433572432213385 0.14241175286472876 0.08282596471890474 0.1465382452719084
0.07846283847275573 0.1101141163192064 0.11884406860053093 0.13213693958304767 0.10249442978868364 0.19367372806968014 0.09910270468728577 0.16517117447880958
0.061465124717159925 0.09511282919285857 0.06327092720300936 0.08291887673223568 0.1390927331653512 0.29856737313195186 0.09373438239296206 0.16583775346447135
0.094329623408522 0.06826443047385432 0.20153703941283735 0.13652886094770864 0.10729589820309514 0.11694868146531592 0.15221949123572887 0.12287597485293777
0.11098464237386257 0.07633475279723746 0.1889109189067263 0.09541844099654684 0.1486293387853235 0.12337385570181947 0.14184592124262782 0.11450212919585617
0.10235990584868417 0.06517683796276974 0.25421204716010953 0.13035367592553948 0.10460312736669332 0.08064147663250479 0.1453346207707134 0.11731830833298552
0.11577604063502976 0.07510092640162926 0.20524872138862235 0.09387615800203657 0.14582214111821395 0.11197140886690707 0.13955321398511705 0.11265138960244389
0.1051943404912584 0.06451050277207138 0.26022366985305223 0.12902100554414275 0.10314438477773101 0.07793839882354636 0.1438487927484696 0.11611890498972847
0.10188059149662587 0.06404350292294293 0.283604965073959 0.12808700584588587 0.09307809849708687 0.07122007811581894 0.1428074527863832 0.1152783052612973
0.1345675165210342 0.0851573995655799 0.24518812991235753 0.10644674945697488 0.12099011236297527 0.09316783581254677 0.11868018185725407 0.09580207451127737
0.10928727331576499 0.06335216866187807 0.27568876048643787 0.12670433732375613 0.09627625478409252 0.07339142126826347 0.1412658805684266 0.11403390359138052
0.10339878803983736 0.06350736629887752 0.2892778200399364 0.12701473259775503 0.09097200240748121 0.06990408314302396 0.14161194813510897 0.11431325933797953
0.10171429749401081 0.06329161014953928 0.29474385584693674 0.12658322029907856 0.08955119946115342 0.06906007435561562 0.14113084412449503 0.1139248982691707
0.11879831420210135 0.074188596579552 0.21790548738427296 0.09273574572443999 0.1395139875424178 0.10771705915827257 0.13785791453961527 0.11128289486932799
0.10671268850743801 0.06402182779409243 0.26493672698876625 0.12804365558818487 0.10159222538483832 0.07669446522317318 0.14275912048414044 0.11523929002936639
0.08227482164624143 0.11141547222778718 0.14206625601990922 0.13926934028473398 0.0985703549149596 0.16481960271938983 0.09446094384529784 0.16712320834168076
0.10171344643893773 0.07489297297471599 0.24227284217782416 0.1340195102025279 0.09546091945061098 0.08643768010064547 0.14836510693971341 0.11683752171502432
0.08210077047633209 0.11189480705581475 0.13677598473159458 0.13986850881976842 0.09742900201866023 0.16922137989722133 0.09486733641688642 0.16784221058372212
0.07727873755261316 0.1205271358376531 0.10930135374745222 0.12935938138504746 0.10375607654104882 0.20105855216609037 0.0970195360387856 0.16169922673130932
0.07659932879263735 0.11074671230467978 0.10369860575334841 0.13843339038084973 0.09815331006074363 0.21235463251414513 0.09389395173657634 0.16612006845701965
0.10300451347720214 0.06805796786993673 0.22065915805471167 0.13611593573987346 0.09796950802867453 0.09992946421940889 0.15175911044430668 0.12250434216588613
0.10484612352418037 0.06502671265887702 0.2681093062744443 0.13005342531775405 0.09380528132253366 0.07611120436643753 0.14499986374979443 0.11704808278597865
0.12083992774554642 0.07449580337569754 0.20919561182713317 0.09311975421962192 0.1421551038281768 0.11002132498095937 0.13842876895931858 0.11174370506354632
0.10816983785821352 0.06411210597637741 0.26117722993816217 0.12822421195275482 0.10271981857350691 0.07723457758722556 0.14296042735628037 0.11540179075747935
0.12154283279185848 0.07432770034947223 0.206527585564406 0.09290962543684028 0.1449560317117489 0.11012827521087935 0.13811639841058646 0.11149155052420834
0.10839240716948993 0.06413799754213557 0.26001759561447724 0.12827599508427115 0.10341683908428295 0.07729260824599088 0.14301816168350828 0.11544839557584403
0.10434162782977471 0.0637773480769857 0.28297749121292426 0.1275546961539714 0.09345385127148222 0.0708817917117851 0.1422139672045024 0.11479922653857423
0.0710790622264008 0.09607121383411261 0.20216552468872584 0.19214242766822523 0.06276416818686971 0.10510740094129634 0.09774201755296674 0.17292818490140272
0.07721985221633001 0.12139486551086619 0.12665615022735316 0.13246430406332638 0.09786418918797336 0.17947203066749803 0.09934822804749478 0.16558038007915796
0.09381159879029678 0.14906499370946083 0.09834026313057954 0.11891614149196016 0.12791353171001746 0.25141668015353896 0.08918710611897011 0.07134968489517608
0.06528784872360156 0.09024714999059802 0.057885422265497206 0.07867700255590597 0.14201810500049344 0.3195912460715026 0.08893922028058936 0.15735400511181194
0.07142100618227519 0.10566360160126315 0.08798285135583622 0.13207950200157892 0.10303558576927858 0.25173769280854136 0.0895843578793318 0.1584954024018947
0.07450421228431975 0.109065250879583 0.09741423800765679 0.13633156359947876 0.09685174473592006 0.22976674929749893 0.0924683648761682 0.1635978763193745
0.08833057902091451 0.12848356980996448 0.11717343563632354 0.1606044622624556 0.08425124485452459 0.19491390070696693 0.08169879167264046 0.14454401603621003
0.1037326223723308 0.07668337851490208 0.23154550386345685 0.1350241373743714 0.09353900905406083 0.09228472777318031 0.1494772705161946 0.1177133505315033
0.07262222752682608 0.09822321546702799 0.08214585834859373 0.08563049553535773 0.1423033119532629 0.2510142094930291 0.096799690605187 0.17126099107071546
0.08715611715668628 0.1266064056141356 0.1118069385777096 0.1582580070176695 0.09228339967313902 0.20095176555316024 0.0805051600915971 0.14243220631590253
0.10352784565665904 0.07656416271493245 0.22896631796063643 0.13500819242193282 0.09537437166275638 0.09340004098095124 0.1494596187983953 0.11769944980373631
0.12200802953918397 0.0751974548013992 0.19675518268825395 0.09399681850174899 0.1438944941423956 0.11561925420291663 0.13973258392200297 0.11279618220209879
0.10946752522408121 0.06435894521354144 0.25603048420228164 0.12871789042708287 0.10353487060081377 0.07853334093434537 0.143510842013479 0.1158461013843746
0.08371100892695892 0.11129182253801052 0.1398773274898166 0.13911477817251314 0.0992592224280597 0.16545199622496426 0.09435611041266109 0.16693773380701576
0.1143280378107592 0.0839263037574716 0.16234561380648405 0.09011059516435231 0.1545101145770795 0.13910840019134574 0.14303269073706718 0.11263824395544039
0.12371911665042465 0.07406171937353759 0.1718219694905209 0.09257714921692198 0.16229908173359198 0.12680623429551094 0.1376221501791855 0.11109257906030638
0.12574923999073656 0.07360119908747523 0.17439939088148185 0.09200149885934403 0.1642069329663345 0.12287353232385283 0.13676640725956216 0.11040179863121284
0.12630373248527613 0.07349961844298407 0.17513482891389293 0.09187452305373009 0.1646876472774096 0.12167257296593986 0.13657764919629128 0.11024942766447611
0.12648405378926364 0.07347274880247287 0.17534790836093594 0.09184093600309108 0.164806442545055 0.12131106750580248 0.1365277197896697 0.11020912320370928
0.1111898375284345 0.06454557737680146 0.24658204823680013 0.12909115475360292 0.1086165148196217 0.07986582412449474 0.14392700388200205 0.11618203927824262
0.0841709362563484 0.11130630115954514 0.1376203415716004 0.13913287644943143 0.10043489130540253 0.16600681575265297 0.09436838576570133 0.1669594517393177
0.10347006130688263 0.07450869871317836 0.23361359361874287 0.13321326907430164 0.0967858137860903 0.08999376760482337 0.14852285372910942 0.11989194216687148
0.1046204909476952 0.06937123002337402 0.27236620432597414 0.1284532146619827 0.09271872900741975 0.07364648955045466 0.14321574828731506 0.11560789319578443
0.10338894354076585 0.06794372545055438 0.28737047944450755 0.12639712077294601 0.0904965685250634 0.06972239652962975 0.1409233570408816 0.1137574086956514
0.08210039491653572 0.11836462341067816 0.14671053702859896 0.13779481941707525 0.09557550133702779 0.1606395065501863 0.09346083403940757 0.1653537833004903
0.11396652166690893 0.08449057627772039 0.16469040841577953 0.09011416090909816 0.15326173590639772 0.13779554503836047 0.14303835064936216 0.11264270113637267
0.0977577497746735 0.13961273984280123 0.09515846753276301 0.11140106352643458 0.12790727406861244 0.21892244680506423 0.07555898221792955 0.13368127623172152
0.10705269995314609 0.07648320988901691 0.2128252779901087 0.13274348743783357 0.10326379073623267 0.10016331303683311 0.14799908226277864 0.11946913869405022
0.08278925582012424 0.11956014979163769 0.12865758680261016 0.1380948711884494 0.09850232551967399 0.17301761803659083 0.09366434741477438 0.16571384542613926
0.0932042021017042 0.14620925577845842 0.12944088839126996 0.15577909185106553 0.08790433414118155 0.17017036628252624 0.08148444804517274 0.1358074134086212
0.09882381572381531 0.15217981428772517 0.09882549193974437 0.11855484055814677 0.12490453166210742 0.24666247107496278 0.08891613041861007 0.07113290433488806
0.0909859865566967 0.14362994497246215 0.07933707361555663 0.1071810608750416 0.11601777773216455 0.2615341636480003 0.0726967195500282 0.1286172730500499
0.10581720917830567 0.07710334532765563 0.2057060983515498 0.13324564780734005 0.10102280808939525 0.10862485461902374 0.1485589536001239 0.11992108302660603
0.10609336018822577 0.07015628196001804 0.2610397242028965 0.1295789025694759 0.09444891244934571 0.07759100001990014 0.1444708062976097 0.1166210123125283
0.13879218916877778 0.09099440695975101 0.23566986403580945 0.10572679224892152 0.12157561288978294 0.09420953837450366 0.11787748329842444 0.09515411302402936
0.1116347918768203 0.06913618520654376 0.27052511682897856 0.12563460938297988 0.09670672736570615 0.07321820714938514 0.1400732137449044 0.11307114844468187
0.10493790614167618 0.067791855032472 0.2862810492549503 0.12611504432105106 0.09122450126468234 0.06953724124872203 0.14060886284750018 0.11350353988894595
0.10291161497992071 0.06742902761159913 0.29265417070270705 0.12561254545542316 0.08967545438420971 0.06861728184401898 0.14004861411224043 0.11305129090988084
0.1022202799332232 0.06726056949732398 0.2951551457363782 0.1253389595790787 0.08916016337646639 0.06831623197938587 0.1397435862769728 0.11280506362117083
0.10196927576947626 0.06718839416129896 0.29612649532416263 0.12522275034108307 0.08897365567364508 0.0682049317744202 0.13961402164893888 0.11270047530697477
0.10187531755219943 0.06715929476853626 0.29650228007094603 0.12517636404521745 0.08890354224790017 0.06816216928379235 0.1395623043907126 0.11265872764069572
0.1018396194557604 0.06714786501427052 0.29664743082801687 0.12515822955391107 0.0888767634263541 0.06814559933694095 0.1395420857862262 0.11264240659851996
0.11949841808653801 0.07879653747468426 0.21762374832478473 0.09179492607012682 0.13905298768556926 0.10662014814004564 0.136459322934099 0.11015391128415217
0.08416289348032582 0.11789669179721428 0.12866067183085322 0.13561207669008235 0.10548716315466929 0.1734656459593961 0.0919803650593602 0.1627344920280988
0.10365094734031073 0.07508255397817339 0.22955914863008064 0.1333679791584026 0.09808632739523425 0.09152651832788283 0.1486953439273533 0.12003118124256232
0.12149202287076946 0.08056022587928084 0.19612818927451436 0.09318102471055961 0.14391574399020923 0.11438571196271526 0.13851985165927969 0.11181722965267152
0.10907877052086372 0.06955548162544543 0.2549165100918516 0.12780824593101245 0.10314119560805832 0.07797571860057924 0.14249665628427804 0.1150274213379112
0.12210740886216594 0.0794118239653659 0.20381860438911328 0.09231027645674109 0.14452985341108604 0.10982427527055164 0.13722542589688677 0.11077233174808931
0.08467112299082563 0.11799796736805067 0.12535665116536743 0.13565372201904977 0.10674709251681015 0.17478036606063777 0.09200861145639896 0.16278446642285968
0.10388247788267178 0.07516463723150275 0.22813158325262156 0.13350195401710985 0.09846706908498017 0.09185580401902681 0.14884471589668813 0.12015175861539887
0.06244583620525889 0.09071334689636427 0.16078660008415221 0.16786805680641073 0.07399657279138852 0.12888958486699287 0.11385833418173946 0.2014416681676929
0.11307867941161266 0.083720855189094 0.1716103090062371 0.09183882819756502 0.14783040760874647 0.13134646756587587 0.14577591777391272 0.11479853524695627
0.08284925983252565 0.11849441540091041 0.11746681922379154 0.13569942754953787 0.10734461816072222 0.1832665350438151 0.09203961172925178 0.16283931305944543
0.10370472962695695 0.07540345859081496 0.22478292104505554 0.13386565879218026 0.09886614315544921 0.09364777629783658 0.14925021957874426 0.12047909291296224
0.10501092162877454 0.0696514563872679 0.2688463742922236 0.12886632635699546 0.09345230398768485 0.07451658662773449 0.1436763369980233 0.11597969372129592
0.08250544059915418 0.11874835410199748 0.14231279780405565 0.13803474220302936 0.0963532534562373 0.1627801569150535 0.09362356427683731 0.1656416906436352
0.1404284174184146 0.10085420291034485 0.19490688607619702 0.10746607503641695 0.12787528594556838 0.11581139682670924 0.11896936267767769 0.09368837310867119
0.1300140218479738 0.08106694040090044 0.1817390685519903 0.09119658861656262 0.15176582256767882 0.11921179755248702 0.13556985412253192 0.10943590633987514
0.11147153265684502 0.06973562787214505 0.24853445237453803 0.12804528078015584 0.10516743790952326 0.07904398325274756 0.14276093245190508 0.11524075270214024
0.1057038890282433 0.06838373359818294 0.27765390387206507 0.12716527592649476 0.09376287543917655 0.07110178108991506 0.14177979271207697 0.11444874833384527
0.1034160933787908 0.06768921262218013 0.2893117153895814 0.12603353807841192 0.09049747849641689 0.06910378829453521 0.14051798946951297 0.11343018427057071
0.10246983973368053 0.067363045171643 0.2938638274870932 0.12550148165324695 0.08944247468479637 0.06848321152046019 0.13992478626115742 0.11295133348792226
0.1197416834479847 0.07885621108525924 0.21672709894504275 0.09184715202477194 0.139309507305602 0.10676480443822055 0.13653696032339233 0.11021658242972633
0.09718584500813673 0.13606743233533658 0.1482302986497113 0.15650472850585354 0.09135294121728896 0.1501912236928183 0.07961327493558637 0.14085425565526818
0.08224589631604665 0.12286001469229928 0.11183308427604692 0.1287574763474342 0.10265787592044798 0.19413069975285666 0.09656810726057567 0.16094684543429275
0.1170987588106049 0.08561527040540158 0.156872178006973 0.09459912939302141 0.1474716226951969 0.14419612590158062 0.14062795951559598 0.11351895527162567
0.09517880386267831 0.061648419183912125 0.2075783823093812 0.11273627529250062 0.1221048499891804 0.09787969394965917 0.16759004506168748 0.13528353035100074
0.10350890432568892 0.0690922551667794 0.2618763022445738 0.12961249622319898 0.09907179806374893 0.07567873666060904 0.14450826071452183 0.11665124660087908
0.09453024140742251 0.13647035402628818 0.16168306675686095 0.15873229854728546 0.08419936115465858 0.14077917928435182 0.08074643013057564 0.14285906869255688
0.10662020687606025 0.07574389911923912 0.24984244934395364 0.1322776864308636 0.09179152459786981 0.08196838852543704 0.14643683642325966 0.115319008683317
0.08285457388629049 0.1196086594353724 0.13774274174390783 0.13822559302321646 0.0960287395565023 0.16591596980675624 0.09375301092009465 0.16587071162785974
0.10477630785309414 0.07524971826523541 0.23986814336187148 0.13352985666722808 0.09526132313731368 0.08708096609333518 0.1478230403479285 0.1164106442739937
0.09835256438217747 0.142548008252224 0.11251735196750075 0.11496021913512965 0.11542730718215294 0.20026926792265876 0.07797301819600096 0.13795226296215554
0.1068745198478584 0.07648033023608111 0.22090194967620702 0.13245313523888064 0.10006704843573958 0.09633983362122006 0.14767536122902064 0.11920782171499256
0.10582326698349592 0.06973745485596354 0.26712306655828966 0.12887424438193656 0.09375052627134968 0.07501945600028642 0.14368516500493525 0.11598681994374291
0.12125546326852304 0.07948378316190022 0.20815210644407237 0.0923852532393087 0.14144089019205455 0.10908331588704319 0.13733688391992757 0.11086230388717044
0.0845183603547442 0.11802257747948772 0.12640401834608783 0.13567348428145665 0.10605056585013606 0.17450079712465613 0.09202201542568364 0.16280818113774795
0.10381542370878596 0.07514533278598405 0.22859082724094668 0.13346493362362974 0.09828252859060352 0.09177907286810945 0.14880344092067377 0.12011844026126679
0.10489467869846153 0.06953226130197551 0.2703500566007247 0.12867375447576243 0.0931967178121364 0.0740845183612689 0.14346163372148438 0.1158063790281862
0.1035455694693448 0.06800362920084681 0.2865803914082189 0.12649031059149424 0.09066196090531846 0.06984960215833323 0.1410272567340988 0.11384127953234481
0.102610407123899 0.06746319470056047 0.2928280857153408 0.12565334464998806 0.08957436605303179 0.06868848940272622 0.1400941021694643 0.11308801018498926
0.11980617427278399 0.07888297902426343 0.21639819440481634 0.09187026880475176 0.13938300491098957 0.10684373104724096 0.13657132496945187 0.11024432256570212
0.08422960109094743 0.11791416766401872 0.12837063144623115 0.13562159619256806 0.10556678506634248 0.1735644813434164 0.091986821765394 0.16274591543108166
0.09011514611058545 0.1430474383988064 0.1246365774089986 0.15880562918409283 0.08527747496369525 0.17440893456144732 0.0807837331066907 0.14292506626568352
0.11957008682578803 0.08632891709217094 0.15703611298898776 0.08992806561209607 0.14946262654228404 0.14252114763451165 0.14274296128904138 0.11241008201512008
0.1247878838523533 0.08041363284282607 0.16921488343146676 0.09183217868436885 0.1598787546645697 0.12715935065596182 0.13651470144721103 0.11019861442124262
0.11064700944670948 0.06999563456264371 0.2433546545052988 0.12861540807983093 0.10742336880899045 0.08081347548044933 0.1433965818442294 0.11575386727184785
0.12270748276829126 0.07956473224783796 0.19998267902211592 0.09245380085209465 0.14616228200318238 0.11074567753368622 0.13743878455027803 0.11094456102251356
0.10917654939710641 0.06933904001916398 0.2563737515662079 0.12752528255636292 0.10345191624292754 0.07717953267929113 0.14218117323821358 0.11477275430072663
0.08322106433899443 0.11855944560990934 0.13923613339857133 0.13784279449501965 0.0985506830720488 0.1636851520339414 0.09349337365749158 0.16541135339402355
0.1047670116115106 0.07510111597203918 0.24042688775986618 0.1333878667544503 0.09574434693091459 0.0866200610973333 0.14766585167769833 0.11628685819618743
0.08248247684824815 0.11952746105686822 0.13543883477624188 0.13823170412541075 0.09691434123531063 0.16776998116584457 0.09375715584158295 0.16587804495049288
0.10476393459005764 0.07529940366170071 0.23887487761616283 0.13362772334125855 0.09553799513835617 0.08746871893484136 0.14793138277908965 0.1164959639385331
0.07260020729268023 0.10523399513060333 0.0829113309320425 0.08486429584947844 0.1421041337837038 0.24662389348268962 0.09593355182984518 0.16972859169895688
0.10134873037398227 0.07450370816464005 0.2079624158615498 0.1336990938388993 0.1071840029777075 0.10590835224215552 0.14906451208605637 0.12032918445500934
0.13893546517280234 0.0925682622227924 0.2167480939129933 0.10713378983460495 0.12673953887712047 0.1020082585219004 0.11944618060664164 0.09642041085114444
0.08787529942073068 0.11946531986086942 0.12847198885282768 0.1354944968602968 0.10264749957543658 0.17155138393571626 0.09190061526176654 0.16259339623235616
0.07833561030478753 0.12344916485009129 0.10742203952697277 0.13685074075871181 0.09732215656103092 0.19957889666030337 0.09282050242764803 0.16422088891045417
0.10308659292967755 0.07615127914133486 0.22081383555475667 0.13459975650169573 0.09707851971924293 0.09706155156032334 0.15006868374144283 0.12113978085152616
0.10504524495846372 0.06983707864419701 0.2673414065848978 0.12912381236957132 0.09322593431615005 0.0752516773074345 0.14396341468667131 0.1162114311326142
0.12106471141527755 0.07951414757151037 0.20826261530606477 0.09241331549432699 0.14129740335363408 0.10917322791920314 0.13737860034679056 0.11089597859319239
0.1085226049602732 0.06917530210820744 0.2598516465329992 0.12722992275170092 0.1021399462544274 0.07672177781806912 0.1418518690977919 0.11450693047653084
0.10461636657971037 0.06808738406146801 0.2821702041837038 0.12667608339738384 0.09277038873228671 0.07043671843877838 0.14123437954902346 0.11400847505764544
0.12054834818904109 0.07906933181878217 0.21291909507502724 0.09203765099271069 0.14067201425283782 0.1074882286464081 0.13682014983394006 0.11044518119125282
0.10821892258187606 0.06902264909043289 0.2617311144911948 0.12699964891666127 0.10183739600325406 0.07629545393524852 0.14159513095633725 0.11429968402499514
0.0916969778308598 0.05970838327482829 0.24830668222083827 0.1111017600726186 0.10841731414552036 0.0822865419617326 0.16516022840645986 0.1333221120871423
0.10133924541410784 0.0680408549305521 0.27829479608818597 0.12786844005077547 0.09483822755037682 0.07197307168458868 0.14256376823571532 0.11508159604569791
0.13675855441265028 0.09040749233131508 0.2417790638711125 0.10525025113470728 0.12120911922128431 0.09252411748884895 0.11734617551884526 0.09472522602123654
0.0874755239781698 0.11916131001544844 0.13453939478012297 0.13540859542000258 0.10138945145696583 0.16769305816911179 0.09184235167617566 0.16249031450400306
0.10428372368457087 0.07503101226557125 0.2320576249029392 0.13311794941192415 0.09698042986506601 0.0903065259802308 0.14841657941896616 0.11980615447073172
0.10488055525926204 0.06943482269129823 0.27172170730424794 0.12850395510727655 0.09279880777573375 0.07373427216841545 0.1432723200972173 0.1156535595965489
0.10349139772506667 0.06796100319433769 0.2871118251611434 0.12642147214864025 0.09053112641448613 0.06975334341503606 0.14095050700751383 0.11377932493377621
0.10257799329178448 0.0674464344456387 0.29303287691484653 0.12562675865203385 0.08952906381148001 0.06865832933161094 0.14006446076577503 0.11306408278683046
0.10214164137804976 0.06725581019256603 0.2953096601075078 0.12532791087862813 0.08912099471586014 0.0683175951361226 0.1397312678005003 0.11279511979076533
0.08183038249551472 0.11818430611091288 0.14857678485133688 0.13766703816815923 0.09520113127222421 0.15996574628165736 0.09337416501840366 0.16520044580179105
0.10411882665018644 0.07484785267216278 0.24447115827326948 0.1329803598584487 0.09471619653367373 0.08571928544580491 0.14721472479242179 0.11593159577403217
0.09821941751660582 0.14249742381540328 0.11346373049743903 0.11495922582073392 0.11529638520282148 0.19964040169240047 0.07797234446971518 0.1379510709848807
0.10680946884970419 0.07645406123430436 0.22131472278987857 0.132413692390584 0.10000795491273724 0.0961963912746001 0.147631385396666 0.1191723231515256
0.10579251092156561 0.06972515354121667 0.26728825399802086 0.12885436631171157 0.09372433571918362 0.07498344738768893 0.14366300244007243 0.1159689296805404
0.10386070959518212 0.06808507162340315 0.2853676570258463 0.12661949588752267 0.09086360085346133 0.07007463001733734 0.14117128869847675 0.11395754629877039
0.10272789492289289 0.06749836308443197 0.2923561246240148 0.12570996898583287 0.08965491745100956 0.06875652476633383 0.14015723407823455 0.11313897208724959
0.09405064019158997 0.1356923057716509 0.16969821604210303 0.15802785688891863 0.08205776594837025 0.13786006023558622 0.08038808372175427 0.14222507120002675
0.1061982696668757 0.07546527636770495 0.25321410657772714 0.13187192646009185 0.0910623446597984 0.0812351635901599 0.14598764345602355 0.11496526922161857
0.09878873602767166 0.14269735056126004 0.11533451845928765 0.11504011412971447 0.11440688655814876 0.19765704946375814 0.07802720784450198 0.13804813695565735
0.10689464364154506 0.07642764487481932 0.22213662980042462 0.13234552816100545 0.09975088741894546 0.09577830339078668 0.14755538736756874 0.11911097534490489
0.12239811863580996 0.08065041422300859 0.1935306055252957 0.0931547241531118 0.14446564456241548 0.11553406980244614 0.13848075411417815 0.11178566898373415
0.1093823511322996 0.06961179658316258 0.2538209862942276 0.12789989101704344 0.10333811830354162 0.07823812103836891 0.14259883371601711 0.11510990191533911
0.09575419381210303 0.1363998817296875 0.15941221550006127 0.15854691303919077 0.08498205288628288 0.14156039596877096 0.08065212532863184 0.14269222173527168
0.120667449415479 0.08548122354212108 0.16842630666097236 0.0895734347579947 0.14883642997869853 0.13286830702582075 0.14218005517142016 0.11196679344749337
0.07261892419936167 0.10220884260098208 0.0701402873826957 0.08147024310112808 0.15448159019010319 0.2640428297743718 0.09209679654910131 0.16294048620225615
0.13118740736830176 0.09610014036137973 0.16295524014242635 0.10803636406551728 0.14253841492055075 0.1414972219650356 0.12045248351782299 0.09723272765896554
0.1124399784511821 0.07122004095209625 0.24069493094105782 0.12881030168614624 0.10373887256550747 0.08355273021550645 0.14361387367097198 0.1159292715175316
0.08384799603823759 0.1188305178421793 0.13544516824167996 0.13791580753154517 0.0986223712236798 0.16629627454168885 0.093542895543135 0.1654989690378542
0.10505261899977718 0.07521747939773374 0.23879768810189975 0.1335626708300394 0.09588696555020886 0.08718395865243266 0.14785936697505375 0.11643925149285485
0.08253995221090407 0.11955022810364632 0.1350499364676156 0.13824436218762964 0.09695090207453694 0.1680056430206414 0.09376574130987055 0.16589323462515557
0.10479116029273351 0.0753106816557147 0.2387079488800754 0.13364505305446633 0.09556276135453977 0.087520755384849 0.14795056748398389 0.11651107189363732
0.0983471012045744 0.14254726892748887 0.11227435132683576 0.11495389924900916 0.11549947558451258 0.2004644929442228 0.07796873166454533 0.13794467909881097
0.10688090889989271 0.07648575361404665 0.22079525338954545 0.13246248682224174 0.10009079128683535 0.0963827803008316 0.14768578754658893 0.11921623814001754
0.0828069832350886 0.11960142155060537 0.1306127162963852 0.13813840840226424 0.09781741129814736 0.17156309213151721 0.09369387700327489 0.1657660900827171
0.10500162219727206 0.07541863991363479 0.23677195967839243 0.1338288513641336 0.09588930483417221 0.08826427592675487 0.14815403976819022 0.11667130631744982
0.0825298768171626 0.11958071159135425 0.13455820766725107 0.13825556987405624 0.09695157860978847 0.16844402854650775 0.09377334304501206 0.16590668384886745
0.07943245200987512 0.12082347994316099 0.10845347849902764 0.12864337291367844 0.1038647470998595 0.20149572370704133 0.09648252968525885 0.16080421614209806
0.11627073260359014 0.08542460226178185 0.15563867963987263 0.09456357451377628 0.1478496268150316 0.14620138994983212 0.14057510479958385 0.11347628941653154
0.10932805200945155 0.070931754286695 0.23827324173750625 0.12973632846980368 0.10547637260644376 0.08484523083900285 0.14464632442827363 0.11676269562282329
0.10562605223708274 0.06877992095871652 0.2737285305808199 0.12776864593787512 0.09422365178339444 0.07242891191087042 0.14245250524715328 0.11499178134408762
0.0948651370145328 0.1361870337436558 0.16479023118394678 0.15842829926113863 0.08312189457311588 0.13943014787313665 0.08059178701544878 0.14258546933502475
0.10656781451117932 0.07562625189965042 0.2511370864908107 0.1320977435324759 0.09145097214193616 0.08172036379883646 0.14623763223782432 0.11516213538728666
0.08233778881568983 0.12552585016787246 0.1374139172709696 0.13711013710571873 0.0953429993988765 0.1647407018944793 0.09299644081953096 0.16453216452686245
0.07942437444589218 0.12154195029260396 0.10915450994476611 0.12868681950707567 0.10351083704175354 0.200307869753757 0.09651511463030676 0.16085852438384457
0.06442317968623988 0.11284157872918986 0.060281594728694564 0.07990387503335165 0.1364998007889999 0.29591610136390156 0.09032611960291927 0.1598077500667033
0.0991957084873244 0.08123526399235902 0.19624655616623637 0.13321510579864787 0.10607344365704485 0.11561542513991811 0.14852490153968648 0.11989359521878307
0.10446842766911149 0.07465050363759468 0.2566147405370562 0.12932232874216504 0.09554204748626233 0.07882711043240292 0.14418474562745864 0.11639009586794855
0.10359169189074635 0.07227755132672233 0.2806968048412879 0.1264982331528758 0.09129166820270034 0.07075955094927579 0.1410360897988033 0.11384840983758822
0.13673931052277535 0.09517922683508816 0.24186064852752337 0.10448142144707329 0.1195182496774983 0.09169887589519252 0.1164889877924832 0.09403327930236595
0.1104942856937992 0.0738820162809332 0.27230665799650416 0.12450314631925323 0.09566172157256028 0.0722876235832307 0.1388117168663913 0.11205283168732792
0.10426494421949496 0.07159332115324883 0.28646336354855534 0.12537288333578386 0.09062374581394134 0.06906473819269478 0.13978140873407544 0.11283559500220548
0.13671328381654937 0.09488512109100208 0.24381723924079152 0.10426100218630724 0.11911079692351736 0.09113441800822855 0.11624323676592761 0.09383490196767649
0.14586509102638556 0.09748652869906603 0.2254827476813007 0.10272036824569064 0.1261724073500601 0.09529898068155326 0.11452554489482224 0.09244833142112155
0.13023744673663537 0.08566481210644834 0.1908975893442891 0.08985605927056411 0.14961248967639237 0.11232726452684157 0.13357706721415202 0.10782727112467694
0.08555875249415272 0.1253042699711265 0.12143733120783451 0.13417981471327128 0.10711318913308614 0.17438194701908022 0.09100891780552313 0.16101577765592553
0.07703475702748121 0.13369457407089394 0.10468254487562442 0.13497138249808427 0.09727995485568658 0.19882532041495823 0.09154580725957022 0.16196565899770113
0.10218899637241008 0.08369014534691535 0.21836504316709412 0.13352051710855506 0.0965790286503407 0.0966223915986408 0.14886541235834422 0.12016846539769956
0.10452877098787833 0.07447689217700103 0.26573421039471945 0.12851445877887993 0.09284431977754398 0.07495430407578635 0.14328403090719896 0.11566301290099193
0.08193237631439414 0.12522315152880617 0.14094122896618283 0.13699969921229388 0.09563813415298383 0.16194423565268282 0.09292153511790367 0.16439963905475263
0.11624655480886192 0.09285766937796786 0.1662617510264223 0.09381185154204409 0.1441679954639338 0.13462233781706948 0.13945761811324764 0.11257422185045292
0.10855001350584201 0.07583382039275792 0.24200833232018162 0.12851692072129242 0.10395239230639428 0.08218651631510675 0.14328677578926186 0.11566522864916318
0.08262786124140091 0.12539965592008956 0.13514633195770825 0.1368851506401537 0.0980997139092629 0.16473526425944374 0.09284384130375642 0.1642621807681844
0.10260447816757995 0.0818433659632544 0.23150292718159254 0.13225668912456587 0.09582980205983223 0.08947537881934842 0.14745633847171746 0.1190310202121093
0.104134636573902 0.0738863780365846 0.27093719455060566 0.12785292721769814 0.09223900077466857 0.07333575576610457 0.1425464725845082 0.11506763449592831
0.10299804137016876 0.07181177452326741 0.2863022013052917 0.12581556208123582 0.09012104923269752 0.0694424031146994 0.14027496249952712 0.11323400587311226
0.10214960772934482 0.0711383367094085 0.29223461425434666 0.1250305457282715 0.0891548161773718 0.0683648603965305 0.13939972784928178 0.11252749115544435
