0.125 0.125 0.125 0.125 0.125 0.125 0.125 0.125
0.07575757575757576 0.12626262626262627 0.09090909090909091 0.15151515151515152 0.0946969696969697 0.15782828282828282 0.11363636363636365 0.1893939393939394
0.07408784041121591 0.12347973401869318 0.08890540849345908 0.14817568082243182 0.09260980051401987 0.1763901740953166 0.11113176061682387 0.18521960102803975
0.11178451178451179 0.09023569023569024 0.13973063973063973 0.1127946127946128 0.13414141414141414 0.10828282828282829 0.16767676767676767 0.13535353535353534
0.09606017261420216 0.07754254897772947 0.19212034522840432 0.15508509795545894 0.09691864227877152 0.06978829407995651 0.1729083107055639 0.13957658815991303
0.08968967773522998 0.14948279622538332 0.10762761328227598 0.17937935547045997 0.08505427676713254 0.13855507699149194 0.09382920132300984 0.15638200220501636
0.06333106226219991 0.11204726400235368 0.060609300267032824 0.09768223015589808 0.1364477643849968 0.22409452800470736 0.11042339061101522 0.19536446031179616
0.07213842605987913 0.12023071009979859 0.09145880659122597 0.14427685211975827 0.10164674850354798 0.18169475238627333 0.10820763908981872 0.18034606514969784
0.05106412572324458 0.09034422243343272 0.06924483062801949 0.1129302780417909 0.11175678649259815 0.21113888628922098 0.12766031430811145 0.2258605560835818
0.071834682847438 0.11972447141239667 0.09180398471508548 0.143669365694876 0.10631599768911622 0.17931276625133566 0.10775202427115703 0.17958670711859503
0.06865489978639862 0.12146636116055139 0.09324475411179468 0.15183295145068923 0.0906419015500569 0.1889772405200842 0.10298234967959792 0.1821995417408271
0.08687875721643991 0.1447979286940665 0.11338762924730321 0.17375751443287982 0.09016233955650091 0.14864637482335685 0.09088854601104482 0.15148091001840805
0.057992666584795335 0.08930821255407709 0.0712050930221599 0.10716985506489253 0.1276259439733549 0.20375469259306422 0.12860382607787102 0.21433971012978506
0.06366321635587034 0.10051859819016018 0.057984221816523206 0.09046673837114416 0.15757877635782294 0.24029488612081784 0.10856008604537298 0.18093347674228832
0.09208976017312098 0.1445294968102347 0.08244949711592998 0.1300765471292112 0.15234639331315344 0.22290496683391461 0.09755741034690842 0.07804592827752672
0.0742505978128074 0.11335337743038411 0.08831702804209948 0.1360240529164609 0.11912705668365363 0.19687978128167258 0.1020180396873457 0.17003006614557614
0.07409831759739162 0.11512565510699835 0.09005986473113438 0.13815078612839804 0.11368135087745333 0.1925824533018282 0.10361308959629853 0.17268848266049752
0.07422839589252289 0.11535985060642852 0.09036976479706496 0.1384318207277142 0.1129350807835395 0.19181144573730138 0.10382386554578567 0.17303977590964276
0.07328242126233535 0.11379117202185998 0.08924565218656544 0.13654940642623198 0.11151426560821803 0.2025182696423252 0.10241205481967398 0.17068675803278996
0.06774660980105911 0.11985938657110459 0.09191554794239262 0.14982423321388075 0.09651482176521989 0.19273040614809747 0.10161991470158868 0.17978907985665685
0.121107411157737 0.09776140418757083 0.16470891225572204 0.12220175523446353 0.13152134034554464 0.11647175955549091 0.13624583755245412 0.10998157971101717
0.10204422485218521 0.07176536275758987 0.2119467562548923 0.14353072551517973 0.10801253826530811 0.0786766286369759 0.15889441326873782 0.12512935044913104
0.0760643320154906 0.11510353575284858 0.11349048350039158 0.1381242429034183 0.11194075062441601 0.16902816939659823 0.10359318217756372 0.17265530362927287
0.072450623655837 0.11939025085985495 0.09361952790596388 0.1492378135748187 0.10059950061801076 0.18439473788846392 0.10122216920726834 0.17908537628978244
0.09694440303598252 0.07308811439730648 0.1976301683836924 0.14617622879461295 0.09937756853079552 0.0922493245102556 0.1629755864322028 0.13155860591515167
0.11034897384351357 0.0813176348243196 0.1688900614860107 0.1016470435303995 0.14732251158162232 0.11739216524947896 0.15110515724817597 0.12197645223647938
0.09826773641346673 0.06960043878691584 0.229850140022177 0.13920087757383168 0.10886151600605568 0.07876358636891273 0.15410109361042817 0.12135461121821221
0.10832304946291005 0.07757459773558294 0.1798113812612725 0.09308951728269953 0.16071132037704242 0.11636709873315064 0.1477611385439675 0.11636189660337441
0.09179474655050983 0.1376091984753078 0.10513866853243937 0.12384827862777702 0.15066362164300703 0.22375031002345985 0.09288620897083277 0.07430896717666621
0.10545413399328274 0.07578338709534845 0.14381824257937384 0.09094006451441813 0.1727461902071394 0.15323359221437025 0.14434930875304464 0.11367508064302266
0.0729438656304374 0.10955181876096921 0.10527093924758836 0.13146218251316305 0.12317155000651482 0.1946752788150012 0.0985966368848723 0.1643277281414538
0.1106055365908035 0.07697351230922247 0.1456827074765672 0.09236821477106698 0.16514716623274447 0.14714638023343302 0.14661621392232854 0.11546026846383371
0.09219077656484118 0.1361850939776368 0.0845785132169919 0.11872546654460649 0.12711985797396153 0.21820289369035334 0.0805268381780809 0.14247055985352777
0.10308445549300951 0.0695255693985068 0.21118103173274627 0.1390511387970136 0.10514203811484223 0.0968563701142356 0.15393532662917256 0.12122406972047342
0.07796559395210252 0.11674969532503152 0.11315568957324205 0.14593711915628943 0.09787082671638916 0.17421309494861048 0.0989834373407876 0.17512454298754726
0.11233569119328725 0.07763881836600253 0.15249241706383385 0.09316658203920304 0.1574002987021018 0.14262450153227726 0.14788346355429055 0.1164582275490038
0.07751709084323423 0.11410223552276759 0.10271622133591418 0.1426277944034595 0.10530386900321757 0.1898405837509961 0.0967388518562595 0.17115335328415138
0.09981055023245902 0.07085377606163765 0.2074466924932656 0.1417075521232753 0.0977535629765552 0.09689772377486448 0.15799334542699497 0.12753679691094777
0.0996882621968626 0.06832508441609893 0.2490044267071208 0.13665016883219785 0.09308230160710984 0.07790986381752463 0.15235474047410716 0.12298515194897808
0.09739088660766322 0.06663670756999439 0.27096297952806747 0.13327341513998878 0.09019137212774722 0.0730086532967107 0.1485899121038382 0.11994607362598989
0.11209374434519226 0.07686430573843958 0.20747799916755408 0.09608038217304946 0.13816476972898442 0.11119239897888615 0.14282994126023474 0.11529645860765934
0.08280322515730111 0.10905080554119691 0.1217438827758583 0.13086096664943628 0.11504888706896049 0.17877029950837428 0.0981457249870772 0.16357620831179534
0.09661675056247582 0.13509915401468148 0.09601534920202195 0.12158923861321333 0.13491042386104804 0.25162361161872127 0.09119192895991 0.072953543167928
0.09535407431908753 0.12911413444072628 0.08764220837973385 0.11620272099665366 0.1356405617207129 0.2791726267976032 0.08715204074749025 0.0697216325979922
0.07209432477330051 0.10824664949252084 0.09537438373665891 0.13530831186565107 0.10001469215820173 0.23481733046948763 0.09177433326539812 0.16236997423878127
0.12694215676937706 0.09059724840023639 0.1769549073369098 0.11324656050029548 0.1286919090040167 0.13538384981692736 0.12626146372197125 0.10192190445026593
0.10951134920160296 0.06628624952975437 0.24748358779328222 0.13257249905950874 0.10121835333688743 0.08058873013580944 0.14676320612204463 0.11557602482111018
0.0803382214014285 0.11305254737994382 0.1347899483349961 0.1413156842249298 0.09824076618947027 0.16683511253371122 0.09584889886560455 0.16957882106991573
0.0781726187561157 0.10986871797522692 0.10827492174780802 0.13184246157027227 0.10567953677409321 0.20247682003593923 0.09888184617770422 0.16480307696284036
0.11262060265952732 0.08566335041917046 0.15473151204692076 0.09597924973585396 0.14771770667475576 0.14543287768088048 0.1426796010998665 0.11517509968302475
0.11798837606659845 0.08187845962453266 0.16708167987595282 0.09373471176894572 0.1594101835048732 0.1280819903768549 0.1393429446595074 0.11248165412273485
0.10691726478867782 0.0711989708708735 0.23945548525003998 0.13081911741690683 0.10703052666461271 0.08098787603452459 0.14585355329914834 0.11773720567521613
0.11950635152198794 0.08073422049676657 0.1967246758738559 0.09379530770796983 0.1461017015718496 0.11115034898526317 0.1394330245927432 0.11255436924956379
0.1214732178760527 0.08051769892715237 0.18097736370407744 0.09255060955111691 0.15794900638704054 0.11788867490976827 0.1375826971834514 0.1110607314613403
0.1068771677173703 0.07051837462872472 0.2463547061061224 0.1296972764547001 0.10658333411669019 0.07863880782139962 0.14460278434576265 0.11672754880923011
0.08092801300088238 0.1196968555483958 0.13559453133003918 0.1391236716684661 0.09929024332971759 0.16405613659738 0.09436214252295962 0.1669484060021593
0.10110527559643802 0.07572741785641049 0.23206398283735286 0.1344765444450675 0.09673425107774886 0.08893232669318968 0.14993131149323194 0.12102889000056075
0.10201054342010908 0.07009469561939564 0.2704142041814408 0.1297374635028654 0.09296029849607057 0.07337148772210607 0.14464758990543353 0.11676371715257888
0.1176974146919091 0.08019182171529038 0.2082779907044606 0.09323845336623778 0.14150126285147824 0.10860168941804492 0.1386052232130938 0.11188614403948532
0.10638261879290542 0.0697356135463556 0.2588539438382241 0.12826659054852427 0.10206294119632434 0.07625068425601303 0.14300767632798153 0.11543993149367185
0.102999491581223 0.0686230673400339 0.2803880130829854 0.1276730554652203 0.09282893737194156 0.07023575623613718 0.1423459290037605 0.11490574991869826
0.10158738749157263 0.06809787521969789 0.2888683088811054 0.12682730525162692 0.09028963781976389 0.06878192997847779 0.1414029806312915 0.11414457472646422
0.10098248157757121 0.06785544984150574 0.29214221560908665 0.12643238950547842 0.08949628966250427 0.06833934420326278 0.14096267904566026 0.1137891505549306
0.11813424116665719 0.07946089933143664 0.2150558117071067 0.09255436923177575 0.13952114043353817 0.10662000885008804 0.13758828620126665 0.1110652430781309
0.140224951868235 0.09174357049208269 0.21598933244892432 0.1055318376077107 0.13390571360023623 0.09996581671354333 0.11766012342232819 0.09497865384693963
0.12834395144043284 0.08042818486275613 0.187751114139477 0.09133267337807476 0.15296986227325698 0.11380285259177156 0.13577215326054098 0.1095992080536897
0.12597287847834313 0.07983110287644886 0.178504759087166 0.0917174712592532 0.15976617818612673 0.11780246344601174 0.13634418115554656 0.11006096551110384
0.14444281933543063 0.0919606865391014 0.20204633300824756 0.10571979547024726 0.1400786683369594 0.10273419897444089 0.1178696824123503 0.09514781592322254
0.1136211252338073 0.07018541867638256 0.25541727862667835 0.12748599250143636 0.10146830025977474 0.0749471236915637 0.14213736775906413 0.11473739325129274
0.10569824072472468 0.06856052393762582 0.2788083236813631 0.12747520632783324 0.09266212255203157 0.06994255510093678 0.14212534198043497 0.11472768569504993
0.08237067290775067 0.11900184712749798 0.14374185427274766 0.13850937287070642 0.09602736011237738 0.160192157577854 0.09394548768621826 0.16621124744484767
0.1028052942923033 0.07524419744468515 0.23564303982651064 0.13364031485807124 0.09555718313919334 0.087834709158048 0.1489989779089242 0.1202762833722641
0.10427857142528778 0.069702634591123 0.2718155834387079 0.12902311887233053 0.09234750276824097 0.07286063296752449 0.1438511489516879 0.11612080698509747
0.08220021178061589 0.11923177632338115 0.14210944380933568 0.1386366645248799 0.09600457005623593 0.16142151144142924 0.09403182463426636 0.16636399742985586
0.13517315874797572 0.09899738711657137 0.19306810242862066 0.10987107746361983 0.12569559740200448 0.11581265508615285 0.12249805203779705 0.09888396971725785
0.08684562909053296 0.12081388010208854 0.12218270978026013 0.13628393526989654 0.1021607562841216 0.1757363067052946 0.09243606044392982 0.16354072232387581
0.10445318555563973 0.07576628950111118 0.22637089762772725 0.13431097328286723 0.09744023956107352 0.09103182651356499 0.14974671200343556 0.12087987595458051
0.08231028095181558 0.12021516858539945 0.13141079726886595 0.13901514672606224 0.09726132741206704 0.16868056868335976 0.09428853430115526 0.16681817607127467
0.11647622449037942 0.0926202614978014 0.16278275838524142 0.09443885339504246 0.14484296379944145 0.13512261587824848 0.14038969847979446 0.11332662407405096
0.14208615993934023 0.09974996626517535 0.19618452268437095 0.10582428924206083 0.13608202030442904 0.10684499607688906 0.11798618516987974 0.09524186031785474
0.11306036692582704 0.07579770180536252 0.2523892231479834 0.12696605806428088 0.10045985365422903 0.07549966448175127 0.14155767966271313 0.11426945225785277
0.1401288831773706 0.09652306218896162 0.23012899318416993 0.10543044617389657 0.1225547720738837 0.09279936210506032 0.11754707954015037 0.09488740155650692
0.11146958864666508 0.07463267970945607 0.2661836378468382 0.12565393250972914 0.09652989442428013 0.0723469700150697 0.14009475758920545 0.11308853925875621
0.10460865101809654 0.07215312535963926 0.2824497541671825 0.12631682246176296 0.0909705211120304 0.06898215524937792 0.14083383041632375 0.11368514021558666
0.12000388456115507 0.08373182247212235 0.2112909678013209 0.09200234900166261 0.13949976953098867 0.10630071677753737 0.13676767105321785 0.11040281880199515
0.0963631533615947 0.144836964239648 0.14510764219490005 0.15581219319480774 0.09052147946404701 0.14786660843579497 0.07926098523388046 0.14023097387532696
0.10529687108770054 0.08401828661970352 0.23447174447303804 0.13190931164075548 0.09348155840608693 0.08503480879507384 0.1470690385009617 0.11871838047667993
0.10454910218295087 0.07434165241934462 0.2706646414078651 0.12828953144427124 0.09156231081066972 0.0720989297203221 0.14303325371473224 0.11546057829984413
0.1030279021930244 0.07217934051741873 0.28453903611947234 0.12647040284226568 0.08996617851978428 0.0689887161706336 0.1410050610793619 0.11382336255803913
0.10216002120670262 0.0715429364204268 0.2898077816738075 0.12577228222326411 0.0891778216357535 0.06811739415137888 0.1402267086877288 0.11319505400093773
0.1017669091551166 0.0713269052889086 0.2918079875964009 0.125512967757596 0.08884407769699519 0.0678418891128118 0.13993759241033463 0.11296167098183638
0.08119471763503269 0.12479091025147111 0.1461249608050632 0.1372899340965557 0.0945223031001063 0.15821086311302288 0.09311839008288128 0.16474792091586687
0.11601592130065856 0.09310075081583696 0.16763207552408416 0.09424246657112682 0.14367410807921707 0.1321459615478402 0.14009775627588406 0.1130909598853522
0.10828798038742242 0.07613360812591285 0.24177049896455535 0.12912450615461052 0.103534087026493 0.08097307559664142 0.143964188205215 0.11621205553914947
0.10479754790749608 0.07302238033182065 0.2731341229886176 0.12758706193116814 0.09330044117388088 0.07108003729824505 0.1422500526307203 0.11482835573805132
0.1202572507245494 0.08400533981688874 0.20834904245976543 0.09218626087244113 0.1405056342607686 0.1070318904172374 0.13704106840141994 0.11062351304692934
0.10777467172028236 0.07389806364688567 0.2580708734373507 0.12714375125029168 0.10139505790569368 0.07553241160980367 0.14175579430442967 0.11442937612526251
0.10406781478108203 0.07230540576969348 0.2794002370936194 0.12676409244970746 0.09229988021315766 0.06974238341347867 0.14133250307452458 0.11408768320473671
0.10256364266039421 0.07167005406397592 0.28780330475987215 0.12597452434458478 0.08981034981979974 0.06834885888094128 0.1404521935603057 0.11337707191012629
0.09328891921900491 0.14320334424834463 0.16647700829449458 0.15746660912014462 0.08148829865794881 0.13625329282994583 0.08010257942198662 0.14171994820813016
0.10449128399626109 0.06770844707105365 0.25009212850715945 0.1354168941421073 0.09248231153032244 0.08184111248247103 0.14991206840314686 0.11805575386747816
0.08194858715359504 0.12453644168819349 0.13649386375185096 0.13799013385431427 0.0956413020202168 0.1642082027272043 0.09359330817944794 0.16558816062517712
0.10239183447819021 0.08198691567740873 0.23154050439747287 0.13285857698396622 0.09517511752363242 0.08834693313581536 0.14812739851794446 0.1195727192855696
0.1205813048957 0.08603118728868081 0.19535896141653952 0.09310757851577571 0.142303381991974 0.11247782271461908 0.13841066895778 0.11172909421893083
0.08370942640859264 0.12615707091133477 0.12212444546475655 0.1352364209442074 0.10532770492493886 0.1734356537466151 0.0917255724665059 0.16228370513304888
0.10311293183450879 0.08241861800446017 0.22516288414825644 0.13316135396662607 0.0975968934243842 0.09023712779348808 0.14846497225831295 0.11984521856996345
0.10437823417624763 0.07440331425236778 0.26705873765192395 0.12875350815695288 0.0927544152302206 0.07322308006678507 0.14355055312424447 0.11587815734125759
0.10312151575659581 0.07228264992062944 0.28316217858279014 0.12664685289079144 0.09033592086249717 0.0692669246694297 0.14120178971555403 0.11398216760171229
0.08149700199629759 0.1250813195004212 0.14412818932303958 0.13741258602658046 0.0949153160983147 0.1588689037358562 0.0932015800875937 0.16489510323189654
0.10201717289367461 0.08184281875793666 0.2346923274637242 0.13250008933710988 0.09477106231871184 0.0871987372809349 0.1477277115445091 0.1192500804033989
0.10379961217744707 0.07410067905091965 0.2708254704463983 0.1283359592300073 0.09186566891535632 0.07248522964179688 0.1430850172310678 0.11550236330700657
0.10285395704090326 0.07215013737638945 0.28461281145125306 0.12647026416452836 0.09003151764290443 0.06905316811191219 0.14100490646403385 0.11382323774807554
0.09338479931884075 0.14337953422489494 0.16565239338578977 0.15754550765144917 0.08156137608181258 0.13654271768908452 0.08014271476182415 0.14179095688630425
0.14129603403348012 0.09151844023578444 0.20425707264347512 0.10982212828294131 0.12505775223280347 0.11072859385289086 0.12157761047195782 0.09574236824666679
0.08742736773043867 0.12696945725285794 0.12403741804304112 0.13477208554839196 0.10125988926765109 0.1723966475623787 0.09141063193717021 0.16172650265807034
0.10390563760503564 0.08242109378065206 0.22585398529420705 0.13297021291476133 0.09658263222138874 0.09034138231092857 0.14825186424974135 0.1196731916232852
0.10451792748378913 0.07436344725216018 0.2672898218719966 0.12867305753801828 0.09249184223668709 0.0733972951452223 0.1434608566879099 0.11580575178421644
0.10312929017068372 0.07225648099077607 0.2832274576199459 0.12660257614765608 0.09025723392923546 0.06943221815761988 0.14115242445119264 0.11394231853289045
0.10221859533887306 0.0715726219901334 0.28928893133507383 0.12580568609386497 0.08926757273766031 0.06835752350929344 0.14026395151062257 0.11322511748447847
0.10178723961227942 0.07133026217880861 0.2915915230772923 0.12550837492265926 0.08886633723120572 0.06802625380523242 0.13993247174212903 0.11295753743039331
0.11905889164419789 0.08347950277057749 0.2141929192622736 0.09183666621370215 0.1385984934951231 0.10610815469671708 0.13652137246096618 0.11020399945644258
0.10726742508091798 0.07367276931190389 0.26039621075345937 0.12684805114882727 0.10077922260821258 0.07544696430426584 0.14142611075846862 0.11416324603394455
0.10385158613314459 0.07220453658303476 0.28028101342450623 0.12662365235892145 0.0920824411287541 0.06981956039470753 0.141175922853902 0.11396128712302933
0.08160450922502442 0.12501428844245965 0.1434111336901747 0.13735099293113048 0.09527369594212524 0.15936438435061426 0.0931598039011146 0.16482119151735658
0.10162446555070588 0.08578700250427049 0.2335955451991488 0.1317250519832607 0.09448202479674757 0.08736976044735628 0.14686360273357574 0.11855254678493464
0.0928916038348243 0.15196539325022354 0.15149305881752287 0.1572337621439437 0.08222370797074571 0.14269795687561923 0.07998413117757136 0.14151038592954931
0.09903411791589856 0.13304212898608714 0.13651814960536546 0.15965055478330453 0.08604134400638727 0.16302164880009137 0.0835095209635747 0.13918253493929114
0.06829547571489752 0.12306847791469816 0.06473029658540856 0.08107639139319438 0.1324631918672336 0.27656181085891585 0.0916515728792632 0.16215278278638875
0.0712203581835998 0.13584223642779725 0.08821785363995414 0.13013549812825373 0.09941834930606268 0.230737290438656 0.08826581612177209 0.15616259775390445
0.07288632523150705 0.14117695147847292 0.09496812696452907 0.13257452361945207 0.09361125641648162 0.2157732762738908 0.08992011167232401 0.15908942834334247
0.07346622356463228 0.14306361886987537 0.09685423125230531 0.13314929148993618 0.09268381064671309 0.21069372016065777 0.09030995422795672 0.1597791497879234
0.13128743901858633 0.11687359417293704 0.17359598550109986 0.10841879321058188 0.1237710983157519 0.12759731241643762 0.12087886347508162 0.09757691388952369
0.08472939147178593 0.13761091905516223 0.11576666018847519 0.1332779415495915 0.09999447642159646 0.1782898689245906 0.09039721252928815 0.15993352985950976
0.1030439871544673 0.08837050803870666 0.22147311654555463 0.1324563646327384 0.09614466926814237 0.09162166442875347 0.14767896176217254 0.11921072816946458
0.12047801273784324 0.0901018505276911 0.19161669662747943 0.09275637898024736 0.14227952824977508 0.11357129084047855 0.13788858726018863 0.11130765477629682
0.0959341176273316 0.15142067674311835 0.1390832304692879 0.15473601597531028 0.09056966010623332 0.15028034613958582 0.07871353856135349 0.13926241437777923
0.07835945935801043 0.14704822401434972 0.1078722958365819 0.13426237407656896 0.09284702128520905 0.18743086194633293 0.09106491459106417 0.16111484889188277
0.13219675854395624 0.12086271656084643 0.1771934267948494 0.10778462673861777 0.12319978725147429 0.12158470486080225 0.12017181518469773 0.097006164064756
0.11104545976517845 0.08503774083364721 0.24410276886506452 0.12707544621563613 0.09796034624958468 0.0787306971886373 0.14167963928817937 0.11436790159407252
0.13904178177464266 0.1034490371845089 0.2264012456559745 0.10486286509002736 0.1214132454065933 0.09354097731879511 0.1169142689884335 0.09437657858102462
0.11084966093192537 0.08055496018886654 0.26384685481185577 0.1248113904098835 0.09593738615291345 0.07251411011150653 0.13915538602415367 0.11233025136889514
0.10412605996392416 0.07671808688652025 0.28090468726305534 0.1256159773685568 0.09052686327834619 0.06900150516862455 0.14005244043927156 0.11305437963170116
0.11935418007931138 0.08854040683399529 0.21023201186453308 0.09141011590676436 0.13871719533755672 0.10616667410892001 0.13588727678080195 0.10969213908811724
0.09532669933014856 0.15355978501688375 0.14364396283459288 0.1539235888178119 0.08955029947705616 0.14716417418884986 0.07830026039862607 0.1385312299360307
0.1042607824970267 0.09271720492489935 0.232324996817654 0.13041509974570842 0.09255411520604405 0.08495110729119547 0.1454031037463346 0.11737358977113757
0.10387603478188406 0.0798493398466927 0.26902275058335634 0.12743709767019168 0.0909680159373725 0.07207051960623598 0.14208285367109427 0.1146933879031725
0.09292644800297441 0.15227030221861987 0.16050596007875997 0.15615861937359263 0.08113807972909082 0.13702062243590146 0.07943721072482755 0.14054275743623335
0.08936321693300328 0.17470616721480037 0.1296128035250835 0.1540614698313394 0.07817764141161714 0.15705297836522622 0.07837039987072483 0.13865532284820545
0.08243332978118414 0.11048524986358978 0.10838415175795604 0.13258229983630773 0.10142143237374976 0.19952893671459715 0.0994367248772308 0.16572787479538464
0.05521269518789472 0.10172841585401982 0.07335004640135438 0.09774692848362584 0.11549945623214322 0.25047207302265506 0.11049652785105529 0.1954938569672517
0.0972513460770855 0.08590327084105641 0.2036272122215373 0.13458632802033602 0.10117425068128895 0.10627618495354134 0.15005371198685225 0.12112769521830241
0.10331450448926822 0.07953563519289682 0.2579013966731988 0.12895851119665847 0.09383390955548165 0.07661426660072164 0.14377911621478187 0.1160626600769926
0.10277946466372664 0.07689469267342527 0.27902160525050523 0.1263005557215513 0.09047409669573138 0.07004339063074042 0.14081569421492357 0.11367050014939614
0.0808579717794184 0.13193656634164108 0.1424038570445663 0.1361762029517456 0.09425919789767581 0.1585917706147177 0.0923629898281405 0.16341144354209466
0.11497250271100537 0.10138928462305234 0.16522843226451137 0.09319656478832739 0.1424639021606659 0.13237048267782672 0.13854295302861802 0.11183587774599286
0.10756798403926118 0.08215734534871176 0.23977329582297682 0.12816548437658118 0.10287596737114614 0.08121603661089816 0.14289495049150167 0.11534893593892304
0.10425604353668455 0.07769102441736653 0.27165903409496234 0.1268422918610323 0.09282193544432954 0.07115191838832083 0.1414196895823748 0.11415806267492906
0.10247249017815123 0.07616898530802463 0.28423846237767114 0.12557430812774478 0.08978804871344996 0.06873484563457717 0.14000598234541095 0.1130168773149703
0.10162755933351648 0.0755850980161351 0.2890944458249084 0.12500931833738838 0.08876918614515811 0.06802994494666326 0.13937606089258078 0.11250838650364955
0.11853862610697108 0.08821503661150053 0.21287307414630138 0.09129671719892712 0.1379860903719766 0.10581569294033996 0.13571870198527075 0.10955606063871255
0.10674131498102803 0.07853909269933645 0.2591111352742902 0.12604624248823654 0.10030011042260724 0.07528833195671152 0.14053215393837715 0.11344161823941289
0.08153243866358045 0.1323145904459646 0.13762451695269703 0.13605375726281052 0.09638976049844314 0.16054048775244253 0.09227993970868889 0.16326450871537262
0.10146693681776953 0.08940146200051194 0.2305774221554816 0.1313786800793097 0.09461516186728484 0.08784210109894372 0.14647742390931992 0.11824081207137875
0.09250805861187629 0.15573744649414914 0.15021561996414864 0.1565034784198116 0.08193593522573667 0.1426336916841952 0.07961263902225199 0.14085313057783044
0.12222391565025607 0.07638394531037322 0.1655540305118799 0.09166073437244787 0.14985545292885277 0.13425277409801464 0.14549322916261564 0.1145759179655598
0.0832840935661411 0.12973603541367792 0.11420131582398767 0.13380010965091352 0.1061217001107513 0.1815452351336822 0.09075137871975006 0.16056013158109622
0.11558871788998677 0.10090402033240914 0.1553105052486289 0.09309514442324275 0.14638242840705062 0.13861282554668644 0.13839218484410415 0.11171417330789131
0.08168638704339001 0.136404854020694 0.11133881290582659 0.13312871028201048 0.104893474753856 0.1824973138558379 0.09029599479997233 0.15975445233841257
0.10216752147795731 0.0907431277445978 0.21907994675264025 0.13215615963117952 0.09714372307571524 0.09242472206105559 0.1473442555887927 0.11894054366806156
0.10386983029789447 0.07989179456907092 0.2638637479630428 0.1281023042721309 0.09239758394654313 0.07375815571642713 0.14282450938997282 0.11529207384491781
0.10268588160576332 0.07678296159083808 0.2812948366538743 0.12599362896843075 0.08996748555206034 0.0694074457672697 0.14047349379017576 0.11339426607158766
0.10178495122705337 0.07577252164390413 0.2879763151152193 0.12515515862049337 0.08890176467312974 0.06823098403711653 0.13953866192463962 0.11263964275844404
0.10133809995095126 0.07541985908996383 0.29053034358360025 0.12483723183318142 0.08846877455952129 0.06786798505025209 0.13918419728266646 0.11235350864986328
0.10114438756254288 0.07529178490862036 0.2915068469173737 0.1247171905099448 0.08829896933316557 0.06774498914383699 0.13905036016556532 0.11224547145895032
0.10106523291827443 0.07524420380139041 0.29188045467797213 0.12467168496201678 0.08823340851211545 0.06770087378685383 0.13899962487556197 0.1122045164658151
0.08048513663746447 0.13134281511244644 0.14539406291470047 0.13602670212514748 0.0936907820588459 0.15756686933372707 0.09226158926749133 0.16323204255017693
0.13193436727630373 0.11804600705816151 0.1910345842941774 0.10698537493941926 0.12256657059046007 0.11386554932175276 0.11928070907424804 0.09628683744547732
0.1445168496302148 0.1115899190377523 0.20423345936999648 0.10331717908528407 0.12737324491611568 0.10079294234103449 0.11519094444284654 0.09298546117675564
0.08700138023437101 0.14118520599426218 0.12275454484395115 0.13245218705317416 0.10054248181571329 0.16728444002821855 0.08983713556650073 0.15894262446380894
0.1339708628375674 0.12139448852359842 0.1819004102962879 0.10682313855164761 0.12451057529285008 0.1161598721924899 0.11909982760907577 0.09614082469648286
0.08479225397316051 0.1449055741298748 0.11717398216765716 0.1322148981382996 0.09963157478648645 0.17294764725780223 0.08967619178075974 0.1586578777659595
0.10250059776947591 0.09410636663304771 0.22109632824652123 0.1314618650447291 0.09556963889954945 0.09037935592849117 0.1465701689379293 0.11831567854025618
0.10372823587846593 0.08166941610527835 0.2644127375559379 0.12772781829677554 0.0918575235250189 0.07324224669725915 0.1424069854741662 0.114955036467098
0.10250960219288967 0.07814695455990012 0.2813205655123988 0.12573691539039267 0.08972206348274155 0.06921339770193068 0.14018727730839303 0.11316322385135341
0.10162616693755044 0.07702877623194924 0.2878170499674086 0.12493697454654358 0.08874213272650261 0.06811021953357711 0.13929540296457918 0.11244327709188923
0.1011919227176288 0.07664616586415836 0.29030556893613474 0.1246318385817853 0.08833492362642444 0.06776572641504736 0.13895519913521434 0.11216865472360678
0.10100406625788788 0.07650898675884399 0.29125885439275306 0.12451618040350924 0.0881731630874108 0.06764793783879275 0.1388262488976439 0.11206456236315832
0.10092729587326066 0.07645838871894164 0.2916242463146976 0.12447221296889642 0.08811020729060472 0.06760542867238972 0.1387772284892024 0.11202499167200679
0.08030337193402147 0.1333403098777596 0.14513382617164963 0.13568693867456993 0.09347632489364563 0.15720376102481382 0.09203114101405613 0.1628243264094839
0.10073896156108739 0.09122696126070848 0.23340124505707888 0.13071905365902445 0.09358399763536278 0.08694064285706189 0.1457419896765541 0.11764714829312199
0.11923456386609373 0.09363201898892452 0.19503412860193314 0.09212044176676244 0.14070022904227128 0.1117908637337576 0.13694322388014238 0.11054453012011492
0.10740127693517516 0.08123184602781212 0.2516720228328627 0.12657832124753565 0.10135962231863846 0.07671103946756803 0.14112538204762554 0.11392048912278209
0.10366131949149623 0.07827085238726185 0.27608392639475965 0.1260357287602925 0.09199939678042644 0.06999618838517406 0.1405204319163261 0.11343215588426324
0.10205646336288973 0.07717265990581208 0.28576153114734626 0.12514097269439484 0.0893657529933419 0.06835289879556895 0.13952284567569093 0.11262687542495534
0.08053856886872987 0.13361562885640996 0.14377383857369258 0.13575106991283165 0.09378790283028908 0.1575570683391631 0.09207463872348581 0.16290128389539796
0.10083961027848552 0.09131849942936465 0.23282843923580498 0.13077635290755263 0.09369258327459534 0.0870399231947999 0.14580587406259968 0.11769871761679734
0.13631491447593116 0.10704276687028753 0.22269094743393772 0.10529368463609493 0.1206445023506776 0.09585426742899934 0.11739460063158641 0.09476431617248542
0.11021553794638163 0.08275835396130134 0.2621889320583864 0.12474159751370603 0.09578489751578789 0.07296567108876044 0.13907757215334088 0.11226743776233543
0.10391479430375333 0.07823449426807974 0.28008592342002014 0.12546531973607777 0.09043581727959488 0.06906039480783988 0.13988446842216434 0.11291878776247001
0.11915434308001746 0.09003773421717243 0.2098124658772774 0.09124830479453733 0.13851432595055585 0.1060881266324288 0.13564673369456595 0.1094979657534448
0.08257972037177573 0.13574625854871622 0.12443930121199832 0.1332968182063934 0.1034448235087699 0.1701268804777291 0.0904100158269451 0.1599561818476721
0.07528070359828669 0.1493831492856178 0.10369447854252833 0.13300161269190752 0.09492753923837013 0.19390079193501109 0.09020978947798944 0.159601935230289
0.1006831527429326 0.09549102234249111 0.2155558649235091 0.13220138366245832 0.09502998354307075 0.09466267048058473 0.14739467700874084 0.11898124529621248
0.10351542087800812 0.08210971623340968 0.2622823118811136 0.12802994890986985 0.0919403011115166 0.07415150840649357 0.1427438385607056 0.11522695401888286
0.08085014407094503 0.1352989165849026 0.13823446589194616 0.13592436387130294 0.09441851461034938 0.15997218109054148 0.09219217723444896 0.1631092366455635
0.13207106204808827 0.11993550750472352 0.1882060556340039 0.1069726938562399 0.1227994808752605 0.11447320499821556 0.11926657061285253 0.0962754244706159
0.1261695558600847 0.09847037582711492 0.17728174730412283 0.09014267320464696 0.14830049518642624 0.11746080669467214 0.13400313807735575 0.10817120784557635
0.08364320951440668 0.13804944585330295 0.11649191628527301 0.13284358129781437 0.10533405602076214 0.17412289050385035 0.09010260296721323 0.15941229755737724
0.10226111504289914 0.09280053090727244 0.22084873174989883 0.1315377797041829 0.09688636766723233 0.09062666507680256 0.1466548081179472 0.11838400173376462
0.08049359915312006 0.13855979523646306 0.12825286129113667 0.13585196391239873 0.09538988018946021 0.16628647234717658 0.0921430711753661 0.16302235669487847
0.07503477578769628 0.1505076813983117 0.1047343001843852 0.1333181948568795 0.0933177149137553 0.1926809842582245 0.09042451477249219 0.15998183382825543
0.10061101262217251 0.09569784497887955 0.21604777960170857 0.1321960793215092 0.09465692203001146 0.09442512699193144 0.14738876306442894 0.11897647138935831
0.10348399958492531 0.08213773334568063 0.2624833975436158 0.12801241550566017 0.09184706153398656 0.07409992840756259 0.14272429012347485 0.11521117395509416
0.10252602985822784 0.07829250995956966 0.2805891879627435 0.1258381731577468 0.0897856224912267 0.06941394856607033 0.1403001721624431 0.11325435584197213
0.10165666810211142 0.07707651656993032 0.28753901548082833 0.12497315014350346 0.08877914743946287 0.06816393107949238 0.13933573605551805 0.11247583512915311
0.10120883294862358 0.07666255556602765 0.29019942855649933 0.12464498168895234 0.08835135219043179 0.06778251281053146 0.1389698527188767 0.11218048352005712
0.11824934186948532 0.0895720997262159 0.21307172451313766 0.09110661083401003 0.13763700550396027 0.10559918844689527 0.13543609610548357 0.10932793300081203
0.1065347135027448 0.07997659504072205 0.2589718343951387 0.12578749712670742 0.10010464576832723 0.07517229458269561 0.1402436721696275 0.11320874741403666
0.08132488079157886 0.13444033732421085 0.1373760836023794 0.13568628216205703 0.09614339409200687 0.1601747877059903 0.09203069572730824 0.1628235385944684
0.10121641982494438 0.09164487626724642 0.230094694749105 0.13101176771640108 0.09438566894664978 0.08766763754469602 0.14606834400619642 0.11791059094476097
0.10313173060454793 0.08097650571467256 0.2680110336805721 0.12735578827278787 0.09134583430993981 0.07256669821111608 0.14199219976085453 0.11462020944550909
0.13596378727588454 0.10361954337835527 0.23496884691211822 0.10436542725474267 0.1190213263040062 0.0917725214213072 0.11635966292431756 0.0939288845292684
0.10968907485252755 0.08177178836229039 0.2670872063282568 0.12419962369323138 0.09504622407204516 0.07195310957842119 0.13847331178931918 0.11177966132390825
0.10361825475764609 0.07791809751894722 0.2819839579771592 0.1252381855226983 0.09012721753251475 0.06876868899604519 0.13963123072456063 0.11271436697042846
0.10183511959650275 0.07694362407708552 0.2880173891937985 0.12485435726802187 0.08878071521672179 0.06799658224215377 0.13920329086449604 0.11236892154121968
0.08048788455293056 0.1335239773150389 0.14429779477458413 0.13572494165754864 0.09364475596068449 0.15739379879981769 0.09205691695033735 0.1628699299890584
0.10081029665886936 0.09128572468700807 0.23304842766025213 0.13075371010806341 0.09364529347378428 0.08699757928383536 0.1457806290309304 0.11767833909725707
0.1362993426769163 0.10702958671122224 0.2227689492792295 0.10528815602507108 0.1206254119867855 0.09584077625533365 0.11738843664287776 0.09475934042256397
0.12678670366671047 0.09520159070667297 0.18853975483185942 0.08968834170971265 0.1469137964468839 0.11191605879117149 0.13332774379533402 0.10762601005165517
0.1092325069301779 0.08151196833497037 0.24857550134837178 0.1264479162987853 0.1027254988760855 0.07672349328122095 0.1409799902614815 0.11380312466890677
0.10417056894609208 0.0783776316955252 0.2748076812564577 0.12611925255807263 0.09235678412408303 0.07004719939977233 0.14061355471773174 0.11350732730226538
0.11931826168810888 0.09014286126139898 0.2081176751594948 0.09133626127908441 0.13926253912388645 0.10644140103675494 0.13577748691637026 0.10960351353490129
0.10695419983609016 0.08020749141307824 0.25694942520446856 0.12598817685349667 0.1006089208447096 0.07543501159111107 0.1404674150888985 0.11338935916814699
0.09334551429900417 0.1542505224206103 0.15697884878729249 0.15560052073508343 0.08278358574135186 0.13784723098114887 0.07915330837393375 0.14004046866157507
0.07740709703892398 0.1555953300555402 0.11140813602406074 0.13316903758744653 0.09055427591847379 0.18173993103739455 0.0903233472332246 0.15980284510493584
0.07403343369871664 0.15504137362499823 0.10030275582497257 0.13246780372098743 0.09172101436888104 0.19762452655506765 0.08984772774119147 0.1589613644651849
0.07314671246921972 0.15494032997458787 0.09741475258716661 0.13194292543272093 0.0916423134611633 0.20308973221890061 0.08949172333697594 0.15833151051926508
0.11270075868278731 0.10914721675739665 0.14941250801939113 0.09294898591842049 0.14148670729952448 0.1445901298103054 0.13817491041006988 0.11153878310210459
0.08077233935578777 0.141322610026501 0.10947979403164733 0.13238677711621546 0.10333593913412617 0.18404563723048278 0.08979277056578094 0.15886413253945858
0.13224173492536773 0.12215312416527824 0.17692587412156682 0.10703636492073801 0.12559551484133633 0.12037709949885274 0.11933755909819595 0.0963327284286642
0.12628943938602133 0.09935166796149204 0.17345395933214763 0.09018130711091693 0.1493209495724656 0.11912453813001557 0.13406056997384067 0.10821756853310031
0.10961652806358305 0.08293283218677885 0.2423322635585795 0.1270431200171656 0.10373081654285489 0.07836203362630131 0.1416435979892876 0.11433880801544906
0.10446123009601699 0.07899265030055855 0.2723340288526127 0.12636982297137261 0.0927496204463317 0.07046688462959533 0.14089292202927664 0.11373284067423538
0.13614677805184808 0.10318672828045196 0.23633963342837502 0.10414614252135315 0.1192090336194773 0.091124979018156 0.1161151768111206 0.09373152826921784
0.09807214184910867 0.16049185267277807 0.14957377404384958 0.15201866495672603 0.0849805646237998 0.14071496947991508 0.07733123391276933 0.13681679846105343
0.10440191199146269 0.09632082044596553 0.23418316103590392 0.1295401758148787 0.09105860895697952 0.08348153466512878 0.14442762885629012 0.11658615823339082
0.09270862671604878 0.1605383944650164 0.15061932199284628 0.15559420834505555 0.08086658140570475 0.14048798227620643 0.07915009728857174 0.14003478751054999
0.13494598248874182 0.12606470924760807 0.1919722826690488 0.10606832434879546 0.1180223937553479 0.1092065494742282 0.11825826610231376 0.09546149191391591
0.11093105362128071 0.08750980391190398 0.24968413428300126 0.12594754995190144 0.09612243727748708 0.07603010687223596 0.14042211912547817 0.11335279495671131
0.13853785704775426 0.10559485280375813 0.22801022908259405 0.10439909169251226 0.12047016168272447 0.09263142890723641 0.11639719626015921 0.09395918252326103
0.14533301540462304 0.10855861659121538 0.21718042774185942 0.10225702108194835 0.12563617044619968 0.09499448237500445 0.11400894738539614 0.09203131897375351
0.11233264966213137 0.08323998391034115 0.2594778859360362 0.12451212623822673 0.09680466976433993 0.0727500420686172 0.13882172880590354 0.11206091361440407
0.08235241164387533 0.13572469654945998 0.13744267173918986 0.1355250308010945 0.09532757965466286 0.15907624741140075 0.09192132523900323 0.16263003696131337
