0.125 0.125 0.125 0.125 0.125 0.125 0.125 0.125
0.07575757575757576 0.12626262626262627 0.09090909090909091 0.15151515151515152 0.0946969696969697 0.15782828282828282 0.11363636363636365 0.1893939393939394
0.07408784041121591 0.12347973401869318 0.08890540849345908 0.14817568082243182 0.09260980051401987 0.1763901740953166 0.11113176061682387 0.18521960102803975
0.1099239186907271 0.0963939355864676 0.13190870242887254 0.10387810316273713 0.13740489836340888 0.1257569347782746 0.16488587803609067 0.1298476289534214
0.08044777022277168 0.13255952921712139 0.08764539245283583 0.1460756540880597 0.09129728380503731 0.1698230620380546 0.10955674056604478 0.18259456761007462
0.0764136264506857 0.13317291426934544 0.08523088105903047 0.14205146843171745 0.08878216776982341 0.1902460051559626 0.1065386013237881 0.17756433553964682
0.07459498714818008 0.13063233750859804 0.08340014673658772 0.13900024456097954 0.0868751528506122 0.20749664207308346 0.10425018342073467 0.1737503057012244
0.09023653559170665 0.15804599321615573 0.0757125670419919 0.12618761173665313 0.10515634311387763 0.2743076734551333 0.09464070880248987 0.0757125670419919
0.07295173961840627 0.1290684624017957 0.09118967452300783 0.16133557800224463 0.08754208754208752 0.15488215488215484 0.10942760942760942 0.19360269360269358
0.10170918017847785 0.08413505272843438 0.19008300711442114 0.14969036810260666 0.08285669540885024 0.09531301038057002 0.16571339081770048 0.13049929526893916
0.0961901845957722 0.15785173581000772 0.09326542642370597 0.13144460242870232 0.10953716869058527 0.23426066877247842 0.09858345182152674 0.0788667614572214
0.07232764797326123 0.12796430026038522 0.09040955996657651 0.15995537532548154 0.09534803381136348 0.1535571603124623 0.10849147195989184 0.19194645039057784
0.0885979223429085 0.15514753082860566 0.10806883931164961 0.16552029468475427 0.07214987204207236 0.17963595025537799 0.08657984645048684 0.14429974408414473
0.07730779954740757 0.12852050392638414 0.08875786887411241 0.13348005439564292 0.08342503399727683 0.22154863046789017 0.1001100407967322 0.16685006799455365
0.07462834923790668 0.12333889444973269 0.0856340912712956 0.13093039132896184 0.08183149458060116 0.24177599647357823 0.0981977934967214 0.1636629891612023
0.07006958479471655 0.12396926540603696 0.08758698099339567 0.15496158175754618 0.09042777777480873 0.18192653397236558 0.10510437719207481 0.18595389810905544
0.07512650325635646 0.12509478039819888 0.08715955921659453 0.13359529168462894 0.08349705730289309 0.22833622477207033 0.10019646876347171 0.16699411460578617
0.07667274630577453 0.12189873685450131 0.08474163582339896 0.1296506389585647 0.08103164934910295 0.24670331479152807 0.09723797921892356 0.1620632986982059
0.06965900306168599 0.12324285157067522 0.08707375382710748 0.154053564463344 0.09482120092683134 0.18179684420181422 0.10448850459252898 0.1848642773560128
0.07702761301677323 0.12369070294000617 0.08615326815469482 0.13193677608886623 0.09039095333633698 0.22692713428559008 0.0989525820666497 0.1649209701110828
0.09301141492720877 0.14702295202317836 0.07664903628290808 0.11725445877850958 0.1068871390241099 0.3008814796130974 0.08794084408388218 0.07035267526710574
0.07857299264835457 0.13901375622401194 0.06849953205241167 0.12119147978503605 0.11167620534117233 0.2534168197440762 0.082199438462894 0.14542977574204324
0.06584773680945519 0.11649984204749764 0.08230967101181899 0.14562480255937205 0.0943782740645999 0.22181830522182694 0.09877160521418278 0.17474976307124643
0.11443639431028003 0.08693256698406333 0.12829218788554708 0.09311217731670166 0.1351733571795731 0.17786598782605031 0.1477971068519074 0.11639022164587705
0.08772641366383585 0.13965845078282935 0.06881720763211881 0.12175352119528714 0.11695180859786897 0.2364077235351729 0.08258064915854257 0.14610422543434456
0.12824888029568002 0.09521724436189342 0.1474446134708424 0.11902155545236678 0.12819444898522 0.1420537054031092 0.13270015212375819 0.10711939990713008
0.10052864525651067 0.07202468475207066 0.20444116808418755 0.14404936950414132 0.09844570502320948 0.09026169778198373 0.16060429704416948 0.12964443255372718
0.12967205075754076 0.08547369132174644 0.14630448731379972 0.09568975670723365 0.13901025496331362 0.13234906034242905 0.15188850270989468 0.11961219588404204
0.11231744756691582 0.08024839531329762 0.1567379589389723 0.10031049414162202 0.1489142228960115 0.13198060135971845 0.14911828681351574 0.12037259296994642
0.07232748542519776 0.11487441506330112 0.10418679630561303 0.1435930188291264 0.10584515165358989 0.18946798431368228 0.0973935258145379 0.17231162259495167
0.1430837735433686 0.10422397533342566 0.15724208783057497 0.11173406824423798 0.12330144246738067 0.13931125827759924 0.12369420660330782 0.09740918770010491
0.06346843031794418 0.09798731396648394 0.06210225666519366 0.08542483781693472 0.14973433019142685 0.27386594744117737 0.09656720796696969 0.17084967563386944
0.09157844052346623 0.06927216568787155 0.19175331435898726 0.1385443313757431 0.11145815104900612 0.11823710841201038 0.1544665903547464 0.12468989823816881
0.10547219043309902 0.07780925435698942 0.17688925220645496 0.09726156794623676 0.15276234941168004 0.1285056508646052 0.14458585324545048 0.1167138815354841
0.0754263214311122 0.11130412201809327 0.11353255529124893 0.13913015252261657 0.10958947222702707 0.18969465525003085 0.09436653823273125 0.16695618302713988
0.09691668239432691 0.06860477268021199 0.21773478173714894 0.13720954536042398 0.10353392222856762 0.0995333012163767 0.15297840355856224 0.12348859082438157
0.086652994960431 0.12967527652600233 0.15042084773045925 0.16209409565750288 0.0882331175742331 0.15458241975558468 0.08245656170403408 0.1458846860917526
0.10894422024452208 0.07772071997270841 0.22262649056398556 0.13685753204270024 0.08824097090460459 0.09479145789068599 0.15150691377946462 0.1193116946013284
0.08055885311485374 0.11189010487636543 0.1311864545369138 0.1398626310954568 0.09783281116340012 0.17597063811197824 0.09486334978648374 0.16783515731454815
0.1134087793711675 0.07616996366671197 0.16365118526669176 0.09521245458338995 0.15181238157169344 0.14395058143571587 0.14153970860456178 0.11425494550006793
0.103850080311712 0.06475151413036029 0.24082616416888436 0.12950302826072058 0.11343945014902779 0.08669082543903703 0.1443862121056093 0.1165527254346485
0.09919419401099373 0.06313919666655436 0.2832691469305209 0.12627839333310872 0.10026720092091404 0.07341032933239085 0.1407909848057197 0.11365055399979783
0.07754415458386701 0.1089353003941334 0.1562021831707365 0.13616912549266674 0.10194936850287799 0.16343872779992696 0.09235818946459136 0.16340295059120008
0.12774826914674867 0.08603492139624559 0.2072998669860256 0.10754365174530701 0.13220264889915329 0.12247820920537897 0.11990314605036466 0.09678928657077629
0.12339379710903674 0.07102080665424633 0.19467692039110257 0.08877600831780791 0.15962418384878008 0.1240055747655127 0.1319714989321443 0.10653120998136947
0.08302841489390207 0.10551921113288228 0.1289367911320752 0.13189901391610284 0.11741407022587363 0.18546174212630984 0.08946193987353063 0.1582788166993234
0.10113777239419543 0.06506337169400458 0.23641378937226404 0.13012674338800917 0.10554691716558809 0.09951572901009934 0.1450816079266311 0.11711406904920826
0.09217944119142521 0.1240468854961861 0.16688056595903375 0.15505860687023265 0.0892732135027969 0.15413090165008464 0.07887763914703139 0.13955274618320937
0.11909335408931325 0.07323790083260587 0.1847318075939082 0.09154737604075731 0.1465080302901727 0.13893335671538704 0.1360913231889467 0.10985685124890879
0.11037955844694963 0.061437125425696876 0.2630280468459633 0.12287425085139375 0.10913214053665538 0.08556643214799554 0.1369956199790912 0.11058682576625438
0.12263943907147712 0.06999490837207613 0.22299801876403638 0.08749363546509514 0.14970266014036945 0.11211381007176471 0.13006516555706682 0.10499236255811419
0.11037182806694565 0.05978151429386836 0.2838078439465408 0.11956302858773672 0.10764370095490747 0.07792150415978527 0.1333038542612527 0.10760672572896306
0.10482731430902269 0.05890608489586765 0.31731335479973927 0.1178121697917353 0.09440468820447785 0.06935365782178018 0.13135177736481532 0.10603095281256177
0.12045720122494288 0.06862521552153641 0.24824004567131766 0.0857815194019205 0.14137287730460535 0.10506532755708484 0.1275199900362878 0.10293782328230461
0.12616870464712954 0.06791355653805467 0.21673359209710696 0.08489194567256833 0.16016139358547032 0.11606289371247155 0.12619757894011652 0.10187033480708202
0.1281296219765641 0.06782811385062044 0.20260379503654355 0.08478514231327555 0.1692299672215057 0.1196423802523923 0.12603880857316782 0.10174217077593065
0.11293819794070446 0.05944456037941153 0.2753248605257216 0.11888912075882306 0.1144047662670908 0.07944578812166461 0.13255249732364302 0.10700020868294076
0.10620564032791821 0.05862886661618068 0.31527126810253414 0.11725773323236136 0.09690490635972096 0.0694660034751834 0.13073362197697602 0.10553195990912523
0.10250209110544788 0.05759271760218018 0.33581608359404463 0.11518543520436036 0.09057146682278934 0.0662421496623919 0.12842316432486145 0.1036668916839243
0.10043896259279864 0.056956646412799204 0.3462646821903702 0.11391329282559841 0.08798486958280986 0.0649147623440447 0.1270048205085403 0.10252196354303857
0.0993144751463613 0.05660838927130756 0.35162817291213794 0.11321677854261512 0.08682296921641884 0.06428585516111392 0.12622825906169177 0.10189510068835363
0.08289680681883169 0.10385054769374291 0.1860374506994575 0.12981318461717867 0.0965929307965188 0.15698605435417828 0.0880472034794777 0.15577582154061437
0.13514938312253175 0.08206537195149888 0.22590124695918518 0.1025817149393736 0.12767771975799036 0.11993006301844371 0.11437095680554041 0.09232354344543622
0.09069951999683042 0.10273492996394186 0.14438740607875244 0.1284186624549273 0.10779538773637354 0.18476034515818052 0.08710135366508114 0.15410239494591277
0.08043461191765418 0.10454785705684817 0.11859144255554985 0.1306848213210602 0.10252154027773656 0.2177595407376814 0.08863840054819738 0.15682178558527227
0.1179350228112221 0.07186454615602449 0.16639510932671855 0.08983068269503061 0.15193539261603642 0.16070308393070637 0.13353934323022462 0.10779681923403672
0.08680596189467858 0.10219475077903184 0.12456067018465676 0.1277434384737898 0.11457360509069348 0.20418607174811831 0.08664337566048352 0.15329212616854776
0.13893845711137148 0.08261494122329667 0.19502329538712287 0.10326867652912083 0.13592711166557153 0.13614884149498957 0.1151368677123183 0.09294180887620875
0.11806612652816446 0.059510088440307043 0.2736846339933193 0.11902017688061409 0.10539450198066698 0.084507697865243 0.13269861511913242 0.10711815919255269
0.14500711210319364 0.07777039308177489 0.26352545308382397 0.0972129913522186 0.12580569146860926 0.09480143603650641 0.10838523065687655 0.08749169221699674
0.11645630375659193 0.05731800561205647 0.308764336547791 0.11463601122411295 0.09920572710971404 0.0726366080593568 0.12781059758867516 0.10317241010170165
0.14294227273348623 0.0766451541626185 0.2793215077447954 0.09580644270327314 0.1220543773960139 0.09018741294724764 0.10681703387961944 0.0862257984329458
0.11514952563805952 0.056836028030066814 0.3167763351309746 0.11367205606013363 0.09744619687379918 0.07107914829505525 0.1267358595177908 0.10230485045412029
0.10592317827239948 0.05690095022407495 0.3372316795833412 0.1138019004481499 0.09018910133676383 0.0666508534113864 0.12688062632054922 0.1024217104033349
0.10237489657970042 0.05651005829842882 0.3475401911078726 0.11302011659685764 0.08759040898866909 0.06523722782286275 0.1260089956684368 0.10171810493717189
0.10086344460808061 0.05624392156984132 0.35259032281350317 0.11248784313968264 0.0865109258217321 0.06464893273585935 0.12541555048558647 0.10123905882571438
0.10018099015620234 0.05610107576913115 0.3550394910068489 0.1122021515382623 0.08602384967211367 0.064373479802734 0.12509702567027153 0.10098193638443607
0.0998630584798654 0.05602927322830503 0.3562242561132937 0.11205854645661006 0.08579524734889235 0.06424000984105792 0.12493691672102644 0.10085269181094907
0.13482150198869308 0.07570961952389815 0.30151778831185805 0.09463702440487269 0.11585637805686028 0.08677114600250715 0.10551321974692522 0.08517332196438542
0.1311483829256155 0.06606061489594998 0.24081358090098728 0.08257576861993746 0.14848354805098424 0.1090727560753501 0.12275442618725034 0.09909092234392494
0.13075911449396746 0.06665157522007134 0.21417473596166292 0.08331446902508917 0.16371617801079266 0.11755401050459481 0.12385255395371465 0.099977362830107
0.1309178327415965 0.06684660364132777 0.20232540367524968 0.0835582545516597 0.1711067774183473 0.12076026499721117 0.12421495751261652 0.10026990546199163
0.09079642380255501 0.10154832767804388 0.13640443691644652 0.12693540959755487 0.12080814429672992 0.1850894448993494 0.0860953212922546 0.1523224915170658
0.08118242456171851 0.1037788114757885 0.11571104498529988 0.12972351434473564 0.10604360067436398 0.2199060031018942 0.08798638364251636 0.15566821721368276
0.10586363970023893 0.06369572758257559 0.23476553823750404 0.12739145516515119 0.10241130909778128 0.10918805488398164 0.14203196568413126 0.11465230964863608
0.12504913727857184 0.0694656380766813 0.21581690286559427 0.08683204759585163 0.14811058433174581 0.12144556198210299 0.12908167075443017 0.10419845711502193
0.1296266716255858 0.06739864965031157 0.2039842179665802 0.08424831206288948 0.16511781671172582 0.12328558315723401 0.12524077435020584 0.10109797447546737
0.11474113402859462 0.05874955395780045 0.27774747902162156 0.1174991079156009 0.11330516477888118 0.08120562643770866 0.13100273673575202 0.10574919712404081
0.0880264939991091 0.10375829988723827 0.16229259485041567 0.12969787485904782 0.10497206429586416 0.16764622889480899 0.08796899338265854 0.1556374498308574
0.10593168482910661 0.06236164754786456 0.2603545354132742 0.12472329509572912 0.10011390424463838 0.09520680096008215 0.13905716632314874 0.1122509655861562
0.14187702333255592 0.07864177044620196 0.25848547168158914 0.09830221305775245 0.12525468280131163 0.09936721535526687 0.10959963157334492 0.08847199175197722
0.13482553754291074 0.06666076091597048 0.222324887605423 0.0833259511449631 0.1540979250270468 0.11490417349363567 0.1238696228960944 0.09999114137395572
0.11547684266666362 0.05819908398173604 0.2873524496958525 0.11639816796347208 0.10921528017886561 0.07882455349745894 0.1297752708488263 0.10475835116712487
0.1075499888722377 0.05766175630988644 0.32273567750068044 0.11532351261977287 0.09482940510461615 0.06953138789624903 0.1285771103387617 0.1037911613577956
0.10367473710981134 0.05685534287511678 0.3405032976393766 0.11371068575023356 0.08959454934657486 0.0665428413642372 0.1267789287394395 0.10233961717521019
0.08506229023481222 0.10333310928191211 0.1825170880271877 0.12916638660239013 0.0975479245230737 0.15976503171222178 0.08760850569553419 0.15499966392286815
0.08027773641213228 0.10448553291075965 0.13076301462808698 0.13060691613844957 0.09987187024386124 0.20868106978927456 0.08858556051129624 0.15672829936613947
0.10428844964159004 0.07019237110528977 0.24212297557037954 0.12535970828831208 0.09950824226456052 0.1059377961310301 0.1397667195393569 0.11282373745948088
0.10650323727082338 0.06405549156418001 0.30066835088645727 0.11844634758505802 0.09429180214305954 0.07737421944620049 0.13205883827766915 0.10660171282655223
0.10420507674171162 0.061635989036558314 0.329589288324003 0.11461640964155431 0.09017691059847484 0.06883281369337205 0.12778874328692694 0.10315476867739888
0.13726462994892644 0.08138621608884224 0.2887796137109143 0.09479319239235164 0.11805938504820844 0.08871575425900359 0.10568733539863684 0.08531387315311646
0.1127609148259174 0.061644550418496 0.32112833323258977 0.11217042673243141 0.09580113495979192 0.07047960089229251 0.1250616548792929 0.10095338405918826
0.10481726903786447 0.06051048753537016 0.33900859703359865 0.1127333515253136 0.08941271483639579 0.06636828964463148 0.12568927401404364 0.10146001637278222
0.1017531427870922 0.060086744207294054 0.34801774876037117 0.11208826216526427 0.08712923719219096 0.06507538142046371 0.12497004751858568 0.10087943594873784
0.08401584648221964 0.10967101680848725 0.18424361913736567 0.12791485845627817 0.09611716393858317 0.1577800219026653 0.08675964312686694 0.15349783014753382
0.10308069457603287 0.0688964645526337 0.27129928848833695 0.1223598670669529 0.09611177532282711 0.09170590918666956 0.13642212044628926 0.11012388036025761
0.10470568066062409 0.06302655940125482 0.3153490751193028 0.11665787601814498 0.0920683748114144 0.07313551962434002 0.1300648259485885 0.10499208841633048
0.08499356211087136 0.11055276208121412 0.17376492532761373 0.12860225178857232 0.09790435406636988 0.16263356735290968 0.0872258751261621 0.15432270214628677
0.07937795009557932 0.11605159908635794 0.1268773844950668 0.12872039801117943 0.09897599084374757 0.20822619076881013 0.08730600908584345 0.1544644776134153
0.09009220812769789 0.13487801275757186 0.1296769753851121 0.14881588457071687 0.08602794953933358 0.20087268005038403 0.07570199345553857 0.13393429611364516
0.1402860507320265 0.09443494549528601 0.1967557464384052 0.10225875311306151 0.12451717888180171 0.1357035690668326 0.11401087847083125 0.09203287780175534
0.15525613882606865 0.08582196158037568 0.22413742237036807 0.0963918839621007 0.13346134331055542 0.11070879719107468 0.107469757193566 0.08675269556589063
0.15938634546187022 0.08348534424032296 0.23569082558925902 0.09452239882867962 0.1349040139213189 0.10155549222912016 0.10538542078361743 0.08507015894581166
0.09768030207022071 0.11048169275835319 0.14664011095320612 0.12536055813184577 0.10946002095206851 0.1749174842084041 0.0850271611676867 0.1504326697582149
0.10885784099239626 0.06976290317369588 0.25001343500618395 0.12374491968159759 0.10136404481052337 0.0969200778726824 0.13796635074948269 0.11137042771343784
0.08619671280667407 0.11194576236480348 0.15262394578039726 0.12940516928298232 0.10105025468578517 0.17572148929566903 0.08777046264410976 0.15528620313957878
0.10524193927901294 0.07005465956039582 0.2541533371603185 0.12417281791394495 0.0990147397662968 0.09716354485163442 0.13844342534584608 0.11175553612255046
0.12384527236620532 0.07421352961270967 0.22352170775705696 0.08576637990394095 0.14571439751249002 0.11652157280715869 0.12749748415570925 0.10291965588472915
0.1119305395444811 0.06331229094714051 0.288120253864017 0.11626381469539136 0.1069438765519868 0.07916631418985161 0.12962547698127963 0.10463743322585223
0.08676503542394125 0.11045944911364634 0.16490050233458106 0.12844729134539937 0.10247764858253221 0.16569255206419312 0.08712077152122741 0.15413674961447923
0.0797365975134423 0.11590061485165074 0.12399652599515089 0.12855360324388868 0.10028009172362831 0.21007536405763091 0.0871928787219419 0.1542643238926664
0.10442740884815696 0.07122723367616335 0.23832295904871045 0.12574418622421146 0.10007369638986435 0.10683936446560159 0.14019538374550145 0.11316976760179032
0.0849902716264891 0.11210969863253624 0.1486611378980333 0.12942571097084302 0.10059805898150803 0.18111987345839808 0.08778439526718049 0.15531085316501161
0.10443502732590539 0.07594472897655481 0.2509645321935403 0.12325277039222043 0.09856948400318163 0.0984883227362131 0.13741764101938606 0.1109274933529984
0.08451543220327598 0.11893996330815729 0.15215899411669281 0.12825958865589546 0.09956590433118326 0.17565515086589606 0.08699346013182475 0.15391150638707454
0.1041157987974533 0.07669613623699949 0.2528912275714299 0.1230524359695574 0.09811102341890639 0.09719190254460525 0.13719428308844683 0.11074719237260165
0.10554420319508405 0.06792366125007405 0.30556505528081096 0.11702931837570084 0.09321306374456774 0.07491935515794722 0.13047895645768434 0.10532638653813076
0.1033356085261711 0.06501076320752307 0.33157041731721115 0.1136339241861092 0.08948040058243435 0.06800500908913702 0.12669334532391577 0.10227053176749826
0.10138969523170617 0.0637868236837558 0.34418655442351564 0.11201090588624414 0.08733385593910208 0.06559854849772148 0.12488380104033488 0.10080981529761972
0.0834808067246758 0.11546331483790233 0.18239187825157338 0.12696674443988692 0.09578151320855373 0.15743907471988106 0.08611657448966245 0.15236009332786432
0.11697575807543555 0.08593367705545664 0.19233077643861504 0.0866197191173773 0.14581349105363972 0.13961688510831302 0.12876603021031013 0.10394366294085275
0.11098811775315524 0.06957646886752474 0.2712562036098865 0.11744028509502569 0.10833376856206535 0.08577174584624582 0.1309371536805734 0.10569625658552313
0.08603231359113711 0.11709289904812786 0.15873279013168037 0.12754630166047598 0.10239301354412889 0.16863745455781687 0.08650966547406197 0.15305556199257117
0.07811609048968872 0.1331520582572765 0.12023812488258782 0.12545870001412404 0.09859055029830352 0.20880030907496902 0.08509372696610153 0.15055044001694884
0.10250839287692766 0.0886705063331446 0.23338613312689882 0.12303106221638409 0.09843345832657871 0.10607203817660552 0.1371704529487148 0.11072795599474568
0.0831330748274971 0.13097718344721826 0.14531084948252673 0.12649474561581023 0.0984938094446894 0.1780002062864754 0.08579643615681043 0.15179369473897228
0.10308735005240276 0.08728388165183197 0.24757456523405844 0.12175239011975969 0.09735227587407021 0.09762755697582381 0.13574482898426937 0.10957715110778371
0.1388937426820885 0.0992908826801664 0.24996410077109826 0.09618118785618643 0.12278707704758218 0.09908509313324881 0.1072348467590616 0.08656306907056778
0.09096951063604754 0.13176301090990739 0.14927758576807554 0.12250105737649025 0.10417578036702986 0.17122411239182414 0.08308767369883686 0.1470012688517883
0.07853154506498672 0.14240968070460397 0.11627303648554492 0.12369331633646113 0.09814451570565777 0.2086195898012184 0.08389633629777364 0.14843197960375334
0.11489124338267022 0.10137030808136652 0.16141862382176192 0.08602494306977083 0.14670750813838826 0.15847558615441926 0.12788185566789811 0.10322993168372499
0.11120155572757248 0.07934794402802035 0.253327933711648 0.11789017139546765 0.10956809319439496 0.09112440435501386 0.13143874333196168 0.10610115425592087
0.08535343655806023 0.12771922711865194 0.15195864313476917 0.12610231802321234 0.10190254024383767 0.17011078541700034 0.0855302678766136 0.1513227816278548
0.10345010533580698 0.08631487525648385 0.25112565273091497 0.12126815435740132 0.09802964328956869 0.09546528786192617 0.135204942246237 0.10914133892166118
0.08344345734887085 0.13025527386101174 0.1511642544455516 0.12646210034064675 0.09846123542697222 0.17268486402408004 0.08577429414409084 0.1517545204087761
0.10292035030775765 0.08691035462889365 0.2508224738199403 0.12142106636927118 0.09710404549072241 0.09616732192294303 0.13537542772812772 0.10927895973234404
0.08330033929094628 0.13044620677856453 0.15104183995577788 0.1264619630760592 0.09817621165544882 0.17304488250903977 0.08577420104289234 0.15175435569127102
0.10288144603763344 0.08695599644616224 0.2507615752494553 0.1214318558035686 0.09703132129668446 0.09626167780109664 0.1353874571421877 0.10928867022321175
0.10468381925407994 0.07481346465642537 0.3036997497165681 0.11603223081370989 0.09252803862808555 0.07444641096320818 0.129367278235584 0.1044290077323389
0.08383161081975811 0.12633650145062614 0.16844957255470125 0.1261541421653799 0.0968569157950633 0.16142086845167083 0.08556541816434463 0.15138497059845585
0.13348695484500445 0.11156300489613818 0.21239805538579876 0.09827501482756044 0.1251780445786819 0.12108210454561236 0.10956930757639946 0.0884475133448044
0.08920434785013183 0.13543154452997072 0.13658312399865521 0.12222677656028297 0.10450284714832897 0.1824775882863597 0.08290163975393106 0.14667213187233955
0.10514048553858486 0.08822337723616212 0.2419799752056802 0.12156854644983515 0.09922824296780744 0.09890782378509819 0.13553985701198037 0.10941169180485162
0.10576040641797556 0.07531449722578455 0.2990808406577574 0.11643887677547636 0.09347830389714445 0.07531142779169298 0.12982065813624005 0.10479498909792873
0.1377410828095759 0.09453549642568718 0.2733961212523677 0.09428633890451442 0.11933235036586422 0.09072867364334218 0.10512223158458546 0.08485770501406296
0.11269237026946709 0.07375515083693601 0.3119787804513389 0.11096178361243847 0.09613069899691895 0.0709015025839573 0.12371410799774854 0.09986560525119462
0.13946888208925529 0.09323096655429985 0.27846280251814204 0.09319871653498572 0.11928679503086603 0.08856337858255432 0.10390961380840946 0.08387884488148716
0.11292639171522507 0.07327412856337055 0.3144419576065742 0.11055934816259355 0.09584074411148723 0.07018859399074746 0.12326542250366775 0.0995034133463342
0.08571527063716873 0.12531723018287572 0.17184135413333182 0.12541882621324474 0.09758840558148738 0.15854963966875363 0.08506668212724428 0.1505025914558937
0.11682136436869334 0.09681598040880324 0.18638414873666412 0.08545492799608514 0.14552272852322085 0.1394204463949613 0.12703448997626987 0.10254591359530216
0.1254439222749974 0.08795084006269854 0.18925924606804084 0.0825817423033285 0.16338368432556663 0.12951916773254504 0.12276330646882865 0.0990980907639942
0.11285442312393988 0.07531370869820789 0.26768804672130164 0.11558675684313449 0.1127969453268669 0.08286143012500953 0.1288706080027186 0.10402808115882105
0.10654225159063459 0.07156474660611398 0.31138876518737424 0.11416902250970173 0.09586967682054157 0.0704234770048916 0.12728994002201074 0.10275212025873157
0.0961460753676348 0.14275132418262013 0.19509222744602833 0.14369987986760793 0.08371993997841091 0.13616115717028496 0.07309950410656578 0.12932989188084715
0.1048060531082064 0.08749310399249595 0.27427570568149384 0.11848396221966971 0.09066962135270158 0.0855352118595309 0.1321007757881989 0.10663556599770274
0.10413427419277714 0.07405584999989677 0.3155348935886972 0.1145711455961436 0.08969282679454188 0.07115870153720619 0.12773827725420786 0.10311403103652925
0.09538582650576764 0.14365231990305202 0.1964390859690408 0.1436631701099171 0.08204836858132444 0.13643354581953657 0.0730808300124361 0.12929685309892539
0.13699106453171658 0.11486654727604269 0.22531478319259332 0.09702550189157351 0.11815126071127809 0.11215169679437158 0.10817619390000807 0.08732295170241616
0.1149277528458559 0.07945802651068196 0.28720395039729696 0.11374477178959297 0.09792818540809055 0.07755008630825708 0.12681693212959097 0.10237029461063367
0.1063269416114059 0.0717482564064103 0.32132357653841415 0.11314041551096 0.09086715166246472 0.06862416433035091 0.12614311998013003 0.101826373959864
0.10226276157332442 0.06933988151376702 0.33856636249558403 0.11158771015900154 0.0876976103205234 0.0657047654084682 0.12441196938623007 0.1004289391431014
0.10025267162082445 0.06835261677082072 0.34704525860382907 0.1106620656674812 0.08616135624202537 0.06455022713815411 0.12337994485613203 0.09959585910073308
0.09925870026335203 0.06789910850211893 0.35117303366984093 0.11019108135769726 0.08540903182815458 0.06404223865810296 0.12285483249880574 0.09917197322192751
0.09877080683298131 0.06768324651910153 0.35317446665298485 0.10996041599491771 0.08504192726787398 0.06380710450357521 0.12259765783313958 0.09896437439542592
0.09853276382059246 0.06757944818935 0.3541432387599951 0.10984858238106103 0.08486353576744711 0.06369573523911803 0.12247297169948147 0.09886372414295491
0.09841707165948986 0.06752938351884617 0.35461180985328045 0.10979450218109743 0.08477707725070073 0.06364242726123967 0.12241267631235787 0.09881505196298769
0.09328295517827034 0.140315143653645 0.21032460053050425 0.1426016221288517 0.08036066381991455 0.13223272960295349 0.07254082516989413 0.12834145991596652
0.07953094024814004 0.14602455361326425 0.13606443602536056 0.12420499214137627 0.09155098177656797 0.1893347196514887 0.08424338597415086 0.1490459905696515
0.07540329903511418 0.14651187280582587 0.11168629425441716 0.12336971959628712 0.09404097363305643 0.21726732386836 0.08367685329139475 0.14804366351554454
0.0738731088381326 0.14567551816344515 0.10346238303454547 0.12248344782686435 0.09413065122009791 0.23031902369428248 0.08307572983039496 0.1469801373922372
0.10170808405447868 0.09181615486316268 0.22351950267973816 0.12368839251479827 0.09772992239551885 0.11231506305203816 0.13790332717694673 0.11131955326331847
0.12207713844554234 0.08868552227694107 0.20925814268956044 0.08498990673879382 0.14471489835909662 0.12194329875897779 0.1263432046445353 0.10198788808655258
0.08668604416468079 0.12838035507399614 0.13607043606932032 0.12305358778083537 0.11093062194556395 0.1837522161772517 0.08346243345134922 0.14766430533700245
0.07727422670468241 0.14094043237116666 0.11188872508283006 0.12339208865651594 0.09993761329529963 0.2148043821520492 0.08369202534963689 0.1480705063878191
0.10246411787829088 0.09048483348956277 0.22834112902673895 0.12323223493523645 0.09911562634947779 0.10805830136163479 0.1373947455173457 0.1109090114417128
0.08307648012906972 0.13151618243995958 0.14362670631631466 0.1264358446573267 0.09867563488628231 0.17918965204076398 0.08575648594149116 0.15172301358879203
0.10313167082201034 0.08744584313016643 0.24660835796790356 0.12181811136705385 0.09749556152214832 0.09804605168993727 0.13581810327043167 0.10963630023034848
0.09552160837031028 0.14970379755507826 0.1715320716851658 0.1449543662592651 0.08449490323140164 0.1495966673857272 0.07373765587971313 0.1304589296333386
0.07990911600436072 0.1487831909374329 0.12355960825152772 0.1240876942918787 0.09259394243914443 0.19799738749264867 0.08416382743275251 0.14890523315025442
0.08726992570290791 0.17040281675678537 0.12464501665255556 0.14261198881171872 0.08179794899438363 0.19237541449470577 0.07254609865639605 0.12835078993054685
0.1051163327234485 0.09587558992963738 0.23538474538117127 0.12229777984087643 0.09294746472383135 0.1019571877216573 0.1363528978225891 0.1100680018567888
0.12312892664082449 0.08943066054743608 0.21447628657706083 0.08479124369296402 0.14232317017096116 0.11805234125532779 0.1260478786838689 0.10174949243155681
0.11124325696430769 0.07508029227862523 0.2819391940032919 0.1149083156300162 0.10574036318612323 0.07955689719058816 0.128114196680033 0.10341748406701459
0.1054334602393148 0.07110533611237638 0.3187204878934209 0.11347889055066947 0.09332536318785029 0.06928496613069089 0.12652049439007476 0.10213100149560253
0.10210169886086651 0.0693021191013917 0.33729165568752756 0.11173206554853246 0.08849155368497341 0.0659491332502624 0.12457291487276678 0.10055885899367921
0.10025782211224717 0.06838478079412379 0.3464252631460164 0.11072980257240148 0.08643232883871317 0.06465771377121139 0.1234554664501252 0.0996568223151613
0.09928594647061928 0.06792331919142927 0.3508719116147337 0.11022221491443004 0.08550813609416338 0.06409893420047424 0.12288954409116304 0.09919999342298703
0.08222890206879525 0.12349732789661459 0.18365269671993464 0.12539057884097737 0.09442316733393612 0.15529110949060196 0.08504752303996727 0.15046869460917284
0.11503991596439622 0.09899573605861983 0.19133367819347474 0.08497061331823498 0.143534166132611 0.13784663067173356 0.1263145236790478 0.10196473598188197
0.08426474478184551 0.13436877133999647 0.129451981214051 0.12200598462418266 0.10976592540379644 0.19098352586375011 0.08275188522335868 0.1464071815490192
0.0761152588188048 0.1465831369057246 0.10910791622775454 0.12226170094014556 0.09890343189021729 0.217389186494993 0.0829253275941857 0.14671404112817465
0.11353600691594327 0.10555552004231511 0.1575226692395943 0.08550501017159844 0.14658884496775335 0.16157699596297886 0.1271089404938986 0.10260601220591814
0.1107090607889092 0.082387147004962 0.2507498032958791 0.11762035025592336 0.10955637782675713 0.09198103269996245 0.13113791289727572 0.10585831523033101
0.10662396327395846 0.07514809007171273 0.3027581873204295 0.11501857591280054 0.09562997127350774 0.07306736515911223 0.12823712866695822 0.10351671832152048
0.0840973270188576 0.12873574020638187 0.16790352110587037 0.12560072824083046 0.09753837253598012 0.1602133778484327 0.08519005915465022 0.15072087388899655
0.10208868603282202 0.08847588922221111 0.25957436211871376 0.11994449101465232 0.09587790344816394 0.09235946985033132 0.13372915639991834 0.10795004191318709
0.13761115363004073 0.10131742517087336 0.2551071804950645 0.09537369314385584 0.12149058937530627 0.09692908393977655 0.10633455041561239 0.08583632382947025
0.131223229967791 0.08984428343193131 0.2186953231443392 0.08072611138168997 0.1502675646995242 0.11236736724481085 0.1200047864718854 0.09687133365802797
0.12927399218718527 0.08732274205754852 0.20230546314994408 0.08113944108749682 0.16363816955348423 0.1183336338188273 0.12061922884051768 0.09736732930499618
0.11318077196443428 0.07633589577782722 0.2742273995331077 0.11433071539452276 0.11199791594943709 0.0795594420036475 0.12747021552195298 0.10289764385507048
0.08565442910055641 0.12898305328431728 0.1585809055209789 0.12537776567910244 0.10242208245256557 0.16348961277390436 0.0850388323736521 0.15045331881492294
0.10295023370732566 0.08883134649311751 0.25428035062466997 0.12033909509640853 0.0976608904268488 0.09346378756185111 0.1341691105030107 0.10830518558676769
0.09505625838062084 0.15314536870181308 0.17380262441548547 0.14404323036485064 0.08416695322892831 0.14687249256825116 0.0732741650116849 0.12963890732836558
0.07938200568721869 0.15457102462043434 0.12375753926326102 0.12316824665850301 0.09200198556049713 0.19577710013846283 0.08354020208141945 0.14780189599020363
0.11486416193678173 0.1076424145792359 0.16454896886968196 0.08562263901707774 0.1435617656768779 0.15372907942670302 0.1272838036731484 0.1027471668204933
0.11083818005437204 0.08262141591097157 0.2547046785110015 0.11730620246756407 0.10833896564364491 0.08982731363451814 0.13078766155711993 0.10557558222080765
0.12382084781405596 0.08728851070707677 0.2215147035529351 0.0834343901612274 0.1474720086127096 0.11231744618153333 0.1240308247769888 0.10012126819347289
0.11083507729053914 0.07598742661914121 0.2851818009112672 0.1139590277549642 0.10667068371213977 0.07774704719075193 0.12705581154172874 0.10256312497946779
0.1049664605636489 0.07254812330835578 0.32009854588782793 0.11293037835031348 0.09328568584058013 0.06862452131356755 0.12590894422042412 0.10163734051528212
0.08361933029836258 0.12762395541049168 0.17352121328914072 0.12536658822745558 0.09674678862313418 0.15765096713288987 0.08503125114557858 0.1504399058729467
0.10168228417978589 0.08801678537787141 0.2626669330639603 0.11963648609906564 0.0954107440151817 0.09152817587049523 0.13338575390448065 0.10767283748915907
0.13731946727887204 0.10109537009041042 0.25654733077397185 0.09527355725517521 0.12120618212683591 0.0965889845725159 0.10622290637256102 0.08574620152965769
0.11321852836946562 0.07753174652298166 0.30308716945914604 0.11152358224699398 0.09723510380332477 0.07269217402578658 0.12434047155000671 0.10037122402229458
0.08558717196574482 0.12924761382933161 0.1678494604746945 0.12506677530346388 0.09778580166437992 0.15955514662718362 0.08482789977104507 0.15008013036415666
0.10253206021742044 0.08855053015290024 0.2594488937593708 0.11985833497125711 0.095907957179885 0.09219662340394705 0.13363309884108815 0.1078725014741314
0.08292377817968251 0.13365723689722192 0.1534836586017144 0.12578464839292458 0.09748918284353793 0.17040511201646905 0.08531480499694015 0.15094157807150946
0.08814631693631429 0.17013354393454616 0.1354353949866464 0.14243283178823876 0.08308487817525316 0.180122523312091 0.07245496225749537 0.1281895486094149
0.10455666037531929 0.09877432866504288 0.2408590232445878 0.12103564901161061 0.09257197750541232 0.09832456095075198 0.13494571613682557 0.10893208411044955
0.12249174881214299 0.09209358614451817 0.21652838649593212 0.08433156596759994 0.14163733234309728 0.11635496420435147 0.1253645368712381 0.10119787916111993
0.11075232559234187 0.07729552934941208 0.2827408502948771 0.11441551572715189 0.10528746617268323 0.0789695871446457 0.12756476156445143 0.1029739641544367
0.10508154466585214 0.07292990649586666 0.3189216707128635 0.11311521396569399 0.0930182953831953 0.06901465406953296 0.12611502213787076 0.1018036925691246
0.09532946467831638 0.14561415480625875 0.19730414327757667 0.14288752431179058 0.08262260991143784 0.13495706876670624 0.07268626236730216 0.1285987718806115
0.10413508294393506 0.09079949927884468 0.2749963752402078 0.11776839656851196 0.08997999381641567 0.0850261217528442 0.13130297348757974 0.10599155691166078
0.09516545548548047 0.15356342728158834 0.1810595660611554 0.14349694219187747 0.08194455441551833 0.14262653599843078 0.07299627059325942 0.1291472479726897
0.10483961606860569 0.09320638653397664 0.26622977446022655 0.11868256310950485 0.09043871026550597 0.08746644180422271 0.13232220095940317 0.10681430679855437
0.12194107427210199 0.09019474011659649 0.22733926356526887 0.08376020788484694 0.13991215437791893 0.11182513561502119 0.12451517470642917 0.10051224946181632
0.0864903532102751 0.1317845427366899 0.14169693719251292 0.12253291439133324 0.10928565605903814 0.17806081807512505 0.08310928106542603 0.1470394972695999
0.10373717198442114 0.08991511390726498 0.2443966496307659 0.1207851566168634 0.10022395023887276 0.09756888085649003 0.13466643581014473 0.10870664095517707
0.10499503130609669 0.07723122103835481 0.30004254067581393 0.11589857245163533 0.09348337384614781 0.07482228633910408 0.1292182591363755 0.1043087152064718
0.08367995951242861 0.12953929256429533 0.1669641063996901 0.12566672377602145 0.09688245784785708 0.16123257002474542 0.08523482134373629 0.15080006853122574
0.10199993190736693 0.08869623235400959 0.2590753517275927 0.1200047709965977 0.09572877834974308 0.09269427668647086 0.1337963640812813 0.10800429389693793
0.08278361992430383 0.13370561031394804 0.15334775262267916 0.12578635662797671 0.0974290165122338 0.17068805241935434 0.08531596362593202 0.15094362795357202
0.10230954459419776 0.09014981719831426 0.2515406593721607 0.12073898849251226 0.09646088771548456 0.09552005118719394 0.13461496179687563 0.10866508964326105
0.1042665219525698 0.077080555742035 0.30382877467920566 0.11559550624923928 0.09215919571119666 0.07415312710385345 0.1288803629375847 0.10403595562431536
0.09522397988422344 0.14766678274020836 0.19182848346016018 0.14329794173505642 0.08252159607941299 0.1375980286132939 0.07289503992609392 0.12896814756155076
0.11958390359222658 0.10481715927743834 0.1948409926734627 0.0845709501811693 0.13777479299087808 0.13120666348466867 0.12572039758275316 0.10148514021740314
0.08548601766290854 0.13664215055418172 0.13067665557309935 0.12209248508033005 0.10811039941367226 0.1876707545214491 0.08281055509796299 0.14651098209639607
0.07646253737938476 0.14749384996332646 0.10954908684617828 0.1223418396646451 0.09846970727248269 0.21589308872125804 0.08297968255515059 0.1468102075975741
0.07344915154706037 0.15339389464279948 0.10195580862992797 0.12095867897237493 0.09461650323690471 0.2284340094228196 0.082041538781263 0.1451504147668499
0.07237716834607849 0.15498384026164141 0.09918369907880362 0.12034987595239843 0.09306302433903475 0.23399392936362537 0.08162861151553981 0.1444198511428781
0.11187968157659527 0.11014883646600496 0.15256855156881233 0.08516964009939867 0.14367788187985991 0.1677414499333325 0.12661039035671803 0.10220356811927842
0.12373866639372194 0.09551175433728232 0.17377072210564387 0.08246845766292517 0.1628139544242666 0.1401393946384508 0.12259490124219921 0.09896214919551019
0.11275285678504261 0.08051170384915358 0.2586946805836985 0.1157753282099385 0.11314190785899574 0.08584487632001112 0.129080851004215 0.10419779538894465
