Action: 0
[0.1120869917831797, 0.10610795700884987, 0.2823979961785207, 0.08787119984944271, 0.13952140445740657, 0.09627205102371504, 0.08787119984944271, 0.08787119984944271]
[0.19690703582291902, 0.09389976689695073, 0.17377781639831988, 0.09389976689695073, 0.1598163132940075, 0.09389976689695073, 0.09389976689695073, 0.09389976689695073]
[0.1640933942488825, 0.09404009690367918, 0.2672381815631421, 0.09404009660883175, 0.09439088085777513, 0.09811715660002565, 0.09404009660883175, 0.09404009660883175]
[0.125, 0.125, 0.125, 0.125, 0.125, 0.125, 0.125, 0.125]
[0.1539039282515814, 0.09133748194632808, 0.23069850918914228, 0.09133748194508691, 0.09138009805866351, 0.15866753671902403, 0.09133748194508691, 0.09133748194508691]
[0.09758990751141473, 0.11842115603162255, 0.306489852703057, 0.0949648390125342, 0.0976396749156924, 0.09496489180061078, 0.0949648390125342, 0.0949648390125342]
[0.125, 0.125, 0.125, 0.125, 0.125, 0.125, 0.125, 0.125]
[0.125, 0.125, 0.125, 0.125, 0.125, 0.125, 0.125, 0.125]

Action: 1
[0.09741529677569695, 0.09741529677569695, 0.09741529677569695, 0.09741529677569695, 0.10360413602949978, 0.3119040833163185, 0.09741529677569695, 0.09741529677569695]
[0.09259739392486456, 0.1350968011703696, 0.09259739392486456, 0.09259739392486456, 0.2559679060731804, 0.14594832313212716, 0.09259739392486456, 0.09259739392486456]
[0.09811640196947921, 0.0981164004324457, 0.0981164004324457, 0.0981164004324457, 0.09896578902632293, 0.31233580684196943, 0.0981164004324457, 0.0981164004324457]
[0.125, 0.125, 0.125, 0.125, 0.125, 0.125, 0.125, 0.125]
[0.0946336875447262, 0.0946336875447262, 0.0946336875447262, 0.0946336875447262, 0.13780857188695608, 0.29438930284468673, 0.0946336875447262, 0.0946336875447262]
[0.11008413861375886, 0.09506503241880634, 0.09506503241880634, 0.09506503241880634, 0.21384262398426143, 0.2007480753079479, 0.09506503241880634, 0.09506503241880634]
[0.125, 0.125, 0.125, 0.125, 0.125, 0.125, 0.125, 0.125]
[0.125, 0.125, 0.125, 0.125, 0.125, 0.125, 0.125, 0.125]

