0.125 0.125 0.125 0.125 0.125 0.125 0.125 0.125
0.09592326139088728 0.15987210231814547 0.08633093525179857 0.14388489208633093 0.11990407673860912 0.19984012789768185 0.10791366906474821 0.08633093525179857
0.07295173961840629 0.12906846240179573 0.09118967452300786 0.16133557800224466 0.08754208754208755 0.15488215488215487 0.10942760942760943 0.19360269360269358
0.07411886857043971 0.12353144761739955 0.08894264228452767 0.14823773714087943 0.09264858571304965 0.176045244391945 0.1111783028556596 0.1852971714260993
0.07849440771150824 0.12252111309885662 0.08821520143117675 0.14702533571862791 0.09189083482414244 0.17780243577843205 0.11026900178897095 0.18378166964828488
0.07731906532867802 0.12010504551432433 0.08647563277031352 0.1441260546171892 0.09007878413574323 0.1936433083993732 0.1080945409628919 0.18015756827148646
0.07638242910299058 0.11866171404456925 0.08543643411208987 0.1423940568534831 0.09654769905264736 0.1957895531272536 0.10679554264011235 0.17799257106685387
0.09426072004136035 0.1464605613224414 0.07908870311411836 0.13181450519019727 0.12754122238866716 0.24288470593644917 0.09886087889264795 0.07908870311411836
0.06337017072253967 0.11211645589372406 0.05524578986067562 0.09774255129196456 0.14131543813836764 0.2242329117874481 0.11049157972135124 0.19548510258392912
0.0813860876333877 0.14399077042830133 0.10173260954173463 0.17998846303537666 0.08283789640996335 0.1565152076318363 0.09155934858756118 0.161989616731839
0.1029594243006344 0.07526302648909589 0.1911441942580213 0.15052605297819177 0.09481861553711791 0.08742231705152222 0.16663852832750572 0.13122784105791077
0.0778764675447469 0.1181327919376515 0.10064306614326317 0.14175935032518178 0.10272917598536101 0.17534044741343205 0.10631951274388633 0.1771991879064772
0.11094181542013562 0.08119734004426299 0.135878460339765 0.0974368080531156 0.15776823517512203 0.14031973081689367 0.15466160008431046 0.1217960100663945
0.07734539202709932 0.12402844836346462 0.08762879503940435 0.15503556045433078 0.09648270247555449 0.1682818750476644 0.10515455404728523 0.1860426725451969
0.1050888869562602 0.07306718650258867 0.20146158835861736 0.14613437300517734 0.0979448378312228 0.0871271722988514 0.16177675806840958 0.12739919697887256
0.0817139489288196 0.11509878556192685 0.11198284070546773 0.1381185426743122 0.1051154488548778 0.17173334792597136 0.10358890700573417 0.17264817834289026
0.09628741315250279 0.14038734043366302 0.0906776011373284 0.12634860639029674 0.13296872156873835 0.2427596986905701 0.09476145479272255 0.07580916383417803
0.08727573075445445 0.1413620593469685 0.06965666692459317 0.12323871840504946 0.10810254071396667 0.23888982145939658 0.0835880003095118 0.14788646208605935
0.09997952426471086 0.07444683211185915 0.18445036015774058 0.1488936642237183 0.09816697721432435 0.09405302008433375 0.1660053241419665 0.13400429780134646
0.10459704262686724 0.07010454211609164 0.23551281847142305 0.14020908423218328 0.09664559292276685 0.07548013919237949 0.15521721982561598 0.1222335606126726
0.08051982186044013 0.11307811047798508 0.1250604509782527 0.13569373257358208 0.10570831761548953 0.16855210134708645 0.10177029943018656 0.1696171657169776
0.06480003963221853 0.09443782785084578 0.06549464621947014 0.0849940450657612 0.14383307249481617 0.27445942452645244 0.10199285407891344 0.1699880901315224
0.08293276871792109 0.1379381291899783 0.07234678584823004 0.12025375365280161 0.11677023678091347 0.243890405905763 0.08156341552103064 0.1443045043833619
0.09747478885290586 0.07272373237029019 0.19306446128662622 0.14544746474058037 0.09749667004541301 0.10072709554032866 0.16216306889733362 0.13090271826652233
0.13860848263726147 0.09300758581411445 0.20384048877408492 0.11160910297693734 0.12849213587602432 0.10358609538520412 0.1235558649154536 0.09730024362091973
0.09023677884032355 0.14031403588257893 0.09372025929713924 0.12232505692327397 0.11649678094005213 0.20714872033030887 0.0829682994783945 0.14679006830792873
0.07102857098436996 0.11529110944779779 0.09481083124994971 0.14411388680974727 0.0941342306277512 0.20993789652468478 0.09774681018400248 0.17293666417169667
0.07678877927772067 0.11010120493129612 0.09645698244738089 0.13212144591755534 0.10248554379330363 0.21780315179763265 0.09909108443816651 0.16515180739694416
0.08154137032595882 0.14877122128455214 0.07724705896434624 0.11671530880410363 0.10729850452249914 0.2492047386925716 0.07916342684104419 0.14005837056492434
0.06813945255838208 0.12823734844403253 0.0895318455102559 0.1390449793411487 0.09003677341650748 0.2238468569236895 0.09430876859660522 0.16685397520937845
0.1044273602545783 0.06998003673085844 0.21423669494789693 0.13996007346171688 0.095399602643889 0.09903820299448837 0.15494155466661372 0.12201647429995832
0.10519220280512472 0.1378329817014924 0.11595944699661147 0.12404968353134316 0.12905966372576405 0.22043894847235085 0.09303726264850738 0.07442981011880591
0.058870081600701646 0.1073455975214978 0.056054359294236904 0.08183675519500701 0.13800502136758871 0.30170356006268506 0.09251111456826878 0.16367351039001402
0.09171318243036025 0.07758721913692923 0.19059417344704624 0.13943566477412067 0.10295119170089478 0.11676610963742078 0.15546036057651957 0.1254920982967086
0.08217421717971658 0.11057741517943862 0.11908679807158501 0.13269289821532634 0.10637738910676842 0.18370548581651225 0.09951967366149476 0.1658661227691579
0.06901035843632093 0.12537381813648132 0.10127692899072678 0.14076239495048992 0.0950009835260461 0.20418701761814528 0.09547362440120186 0.16891487394058788
0.10369037112012568 0.06930748802397614 0.22204427010081076 0.13861497604795228 0.09711498518725933 0.09493160771070029 0.1534524765366016 0.12084382527257378
0.08415103213161156 0.11023875073062388 0.12822038375829595 0.13228650087674865 0.10551982087094718 0.17501050987827554 0.0992148756575615 0.1653581260959358
0.07996079720594054 0.10928815146417788 0.10645804912539922 0.13114578175701344 0.10670664165203023 0.20414901528141172 0.09835933631776009 0.16393222719626682
0.06843176287266933 0.12444805668387975 0.0983979463394944 0.13983205627872303 0.09450543358974314 0.2117436646163237 0.0948426120846991 0.16779846753446762
0.10330266401695244 0.06909707349813816 0.22272204343351706 0.13819414699627633 0.09716998394095092 0.09605053797338538 0.1529866014773592 0.12047694866342039
0.08391762613142896 0.10994563800968565 0.1294756565885824 0.13193476561162276 0.105753501287856 0.17510328114757862 0.09895107420871709 0.16491845701452845
0.0689953833230099 0.1250796475470825 0.10304666659457433 0.14045156790032357 0.09699422475728384 0.20162782582146593 0.09526280257587166 0.1685418814803883
0.13832294100009224 0.09239374008085496 0.18156193252198866 0.11087248809702596 0.13068620389821323 0.12676422589236616 0.12274040196333356 0.0966580665461252
0.08621169328304586 0.1461540147021215 0.09346242050332562 0.11623726931428251 0.12124786590548854 0.21836282175360544 0.07883919136099159 0.139484723177139
0.0678512862647618 0.12694764928137017 0.09480296790107226 0.13764536154921678 0.09841017285792465 0.21580866567060386 0.0933594626159905 0.1651744338590601
0.09229889228803183 0.07875519454654493 0.21027121954685976 0.13925604188049465 0.09738975202120753 0.10143836756959591 0.15526009445482014 0.12533043769244517
0.10520752580355602 0.06598277799747684 0.26773988973184065 0.1319655559949537 0.0936466167680161 0.07431944353424827 0.1460912951999487 0.11504689496995962
0.052725439072315264 0.08986338240791593 0.10073981709608479 0.10513775975956716 0.11820162314673546 0.20420507840047564 0.11885138059777156 0.2102755195191343
0.11871325665873492 0.09931641193722622 0.17741954265368498 0.11359663407484301 0.1323217132662835 0.12974370110917044 0.1266517696326981 0.1022369706673587
0.09307460445017347 0.07377220444709585 0.24703610179342506 0.13361421872029197 0.10040082092127221 0.08287937015670548 0.1489698826627733 0.12025279684826279
0.08942459839222618 0.07086313586558989 0.2768884489106044 0.13161358381662058 0.09258773867515115 0.0734309448585574 0.14673932404629192 0.11845222543495855
0.08804346058529441 0.06980858980450869 0.2892527065919456 0.12997629634824126 0.09004624312510617 0.0709801661268058 0.14491387070468092 0.11697866671341711
0.08742636710812193 0.06933629987892784 0.29443776994560494 0.1292029762596711 0.08908227308749131 0.07017995857009934 0.14405167651637954 0.11628267863370399
0.0694679975029676 0.1207640228784638 0.14778566721453354 0.14069789480921763 0.09425517232748744 0.16276189501697333 0.09542987647929543 0.16883747377106115
0.10241750410463013 0.06773166200144835 0.24457388242095582 0.1354633240028967 0.09527527018391552 0.08647865793650614 0.14996346816763492 0.11809623118201253
0.07062594829878499 0.12086426172997262 0.13623644146794764 0.14109867047758784 0.09670646069608049 0.16944810582389627 0.0957017069326248 0.16931840457310537
0.10303438235126904 0.06795993320656141 0.24010411942248622 0.13591986641312281 0.09612250917713462 0.08789606753255882 0.15046887938286285 0.11849424251400452
0.08453202276563461 0.14461326049642378 0.11277289495110036 0.11772280573349872 0.11588567458052443 0.20335920200815957 0.07984677258445998 0.14126736688019842
0.09154905880583591 0.07819994488920172 0.22354360365992834 0.1357053236927606 0.1000953847442567 0.09747058423006633 0.15130130865446592 0.12213479132348455
0.08971582216173338 0.0715011774335179 0.2697858161495211 0.13222318686500534 0.09404711347987119 0.07630702977937015 0.1474189859524761 0.1190008681785048
0.08805983018827976 0.06984335960278794 0.2875164084906197 0.12994304323353187 0.09132972222787465 0.07148210138337173 0.14487679596335565 0.11694873891017868
0.1173695833563192 0.09308205440190331 0.24717359077898382 0.10838695044588459 0.12124064898798104 0.09435555545886196 0.12084336116876984 0.09754825540129612
0.09696729313087406 0.07049319178169958 0.27615231943384516 0.12814529495589205 0.09609044949783326 0.07394824494544647 0.14287244079410652 0.11533076546030284
0.07459685688081738 0.12015240780137278 0.14337002846632318 0.13972871314066043 0.09627857688367523 0.1634264425803452 0.09477251847801316 0.1676744557687925
0.07918059696410125 0.10949857208439968 0.11144223842424976 0.1313982865012796 0.1048641975090857 0.20081953551432494 0.0985487148759597 0.1642478581265995
0.08400201626774213 0.1446052250309803 0.08472647658627006 0.1130356846332473 0.11428955800387192 0.2470305361667455 0.07666768175124597 0.13564282155989674
0.08237527478689599 0.145369616471787 0.11136057649981335 0.1573606266181135 0.08529436238493428 0.19656631269815694 0.08004866658399687 0.14162456395630213
0.08021728611604308 0.10901488587937369 0.10368070499379102 0.13081786305524842 0.10185882786686434 0.2127747059781826 0.09811339729143632 0.1635223288190605
0.06258742725835713 0.1037999462807694 0.05984833367613063 0.08112777433807873 0.13598593433121067 0.3026853774919028 0.09170965794739336 0.16225554867615746
0.0689612656775905 0.11785745600917162 0.08834562740412044 0.13242051599273086 0.10059891624681119 0.24309594515279395 0.08981565432550441 0.15890461919127702
0.09804161134985774 0.07651781366918574 0.2124351639156928 0.13601287902282178 0.09780359816842162 0.10513313285788684 0.15164420989559382 0.1224115911205396
0.08966484336312201 0.13918494255660138 0.14784756241539762 0.1609425360828568 0.08390213620496986 0.15173892854728877 0.08187076835519237 0.1448482824745711
0.12059581588567204 0.07620519314512164 0.16555937543342789 0.09144623177414597 0.15022589295236516 0.13650695224373396 0.14515274884785073 0.11430778971768246
0.07061914518464354 0.10188288313705193 0.06952271674946058 0.08203871334594542 0.15342559412307252 0.26569410568121427 0.09273941508672093 0.16407742669189085
0.09940499033201125 0.0747634618641049 0.20177515520576184 0.13464241638887525 0.10896769649773223 0.10915185862945251 0.15011624633207435 0.12117817474998772
0.11809453487818057 0.08135431929344993 0.18636562306799404 0.09419699935113293 0.1472841185674627 0.11963783942082577 0.14003016619959466 0.11303639922135952
0.14108053514859514 0.09253516446591141 0.20582308966309676 0.10626675790451662 0.1359853799203529 0.10418948607499362 0.11847950470846852 0.09564008211406495
0.08737005739429217 0.11991144298640437 0.12518661957214014 0.13607791464082028 0.10372424377200518 0.17213989935244928 0.0922963247129042 0.16329349756898434
0.09055312779719528 0.14391454993722114 0.12353224523802804 0.15956976405611822 0.08435307238558828 0.1732920077415782 0.08117244519376449 0.1436127876505064
0.099194979638389 0.13241606869058897 0.12923397391458466 0.15889928242870674 0.08611333405636323 0.172498233986197 0.08311654773193893 0.1385275795532315
0.06824731602979782 0.11669241012741086 0.06379507327142518 0.08136187560756081 0.13207251929078007 0.28313276029283496 0.09197429416506875 0.16272375121512161
0.12912996511679586 0.10586702564416835 0.1599157821317525 0.1080447149854815 0.13430085800805955 0.14503961645642885 0.12046179417038012 0.09724024348693334
0.11111030313842878 0.0776594898418155 0.2380402280563708 0.1288942598040979 0.10076233173371928 0.08382107289492267 0.14370748070695694 0.11600483382368812
0.10531877654027008 0.07332031504614757 0.27172847792923155 0.127793974283911 0.09232842295593968 0.0720147119261719 0.14248074446280826 0.11501457685551991
0.09375789585008751 0.14386182069769943 0.16228648718478397 0.15781119476278593 0.08167576490315816 0.1382988926747778 0.08027786864019981 0.14203007528650735
0.08350600272128068 0.11004343031933418 0.11632641911750219 0.132052116383201 0.10202039266962099 0.19194740602265872 0.09903908728740077 0.16506514547900125
0.07642159833299739 0.13080399377609986 0.10314129059043105 0.13540628928074322 0.09533909365115707 0.20455939971952325 0.09184078751215628 0.16248754713689187
0.07485858299346171 0.13455247947686302 0.09976060752602302 0.13491130817045247 0.09382115872196804 0.2086972321128166 0.0915050611938721 0.16189356980454292
0.07450202732920828 0.13518271811279228 0.09889311383125594 0.1347782928872203 0.09340124248913284 0.21009381175352432 0.09141484213220159 0.16173395146466435
0.08644165584368589 0.1571327989985548 0.11461325355175678 0.15650582172457503 0.08137592132591044 0.1834614779522027 0.07961383105119688 0.14085523955211754
0.10807680356429544 0.06846208474919786 0.231149581749957 0.13692416949839573 0.09356001879795439 0.09087686866453831 0.15158068418218817 0.1193697887934732
0.08248499648159846 0.12459517229750111 0.13190539917352287 0.13790238860768303 0.09567667502384289 0.16841870807446438 0.09353379401216763 0.16548286632921963
0.1342956050610627 0.10746070411106007 0.18783881041250883 0.10879851041862483 0.1246762174049804 0.11770927339005643 0.1213022198249444 0.09791865937676233
0.11164607652988616 0.0771579292319401 0.2494815814376588 0.1277249878788162 0.0983842194537296 0.07824888660766788 0.1424038297693667 0.11495248909093457
0.10519983765457346 0.07290255526601178 0.2760444354707177 0.12712949221209363 0.09185159896851712 0.07071564089625583 0.14173989654094618 0.11441654299088429
0.08180592183044694 0.12517205980636964 0.14240290386279858 0.13737313119774086 0.09516917209005803 0.16005423435422042 0.0931748194210764 0.16484775743728902
0.10206175275100633 0.08184972630744178 0.2338681079767255 0.13245987006111148 0.0947687685769245 0.08809502121858069 0.14768287005320938 0.11921388305500034
0.10377720644177653 0.07409566170689484 0.2704623614659783 0.1283141350221566 0.0918082314604356 0.07299899751483081 0.14306068486798654 0.11548272151994093
0.0815887924749742 0.12547647097867226 0.14108766421830546 0.1374575453890692 0.09518785711550495 0.16102054109270056 0.09323207426389041 0.16494905446688302
0.1020574080740835 0.08192692051875211 0.2333320928658144 0.13252664780893827 0.09481788221411429 0.08830774323163058 0.1477573222586222 0.11927398302804444
0.10379644097918396 0.07412014672446252 0.270255452656472 0.12834178567097074 0.09183677816112798 0.07305027542597611 0.14309151327793304 0.11550760710387367
0.08159319183633501 0.12548332373720145 0.14103951309742996 0.137460029854003 0.09519526553155484 0.16104288073943535 0.09323375937923681 0.16495203582480356
0.0885087740410631 0.15572421651510687 0.1264583826323865 0.15743762050030288 0.08223086992988216 0.1678584448938752 0.08008783303711059 0.14169385845027258
0.14554427342534515 0.09177056884014373 0.19073012223587402 0.11012468260817247 0.12565870783241997 0.11825296095510009 0.12191255054710179 0.09600613355584267
0.07664385120839275 0.11038712292120169 0.07326463110003863 0.08167980238197878 0.14675730455865232 0.25557399341658504 0.09233368964919339 0.16335960476395756
0.07347835899762381 0.12777997620593792 0.09110170112488769 0.13167528020883187 0.10342974614547537 0.22521441101195905 0.08931019005468596 0.15801033625059824
0.10140768932244144 0.08331864372578282 0.21165983993226603 0.1341523226580741 0.09795271649437166 0.10120186907840728 0.14956982839639008 0.1207370903922667
0.10440377209848985 0.07485007809337291 0.2617495456733664 0.1293465706886891 0.09318901262999522 0.0758373336075339 0.14421177358873247 0.11641191361982019
0.10326906788970999 0.07246028709985776 0.28111252473391124 0.12686719672925595 0.09052762708070129 0.07013536275836131 0.14144745665187194 0.11418047705633037
0.10229124689434137 0.07164867661697495 0.2884837614020986 0.1258989445821767 0.08933579907240055 0.06866459354254736 0.14036792776550144 0.11330905012395903
0.13593956328380283 0.09528875305440798 0.2431133261496399 0.10477627112487338 0.11865094573654306 0.09111477345882367 0.116817723179523 0.09429864401238604
0.14532270617541154 0.09799281051019558 0.2241067416833833 0.10329761262844338 0.12582687358663494 0.0953162747466798 0.11516912930365256 0.09296785136559904
0.08808548714414549 0.12809414027590332 0.12864919454965823 0.13440129789063687 0.1012464301979636 0.16708275129493108 0.09115914117799719 0.16128155746876424
0.07749260913425104 0.13476135728982366 0.10619005248573374 0.13562654730823043 0.0958430599487306 0.1953443371499456 0.09199017991340848 0.1627518567698765
0.11521865908465027 0.09472028215853658 0.15406936458851622 0.09441296669804637 0.14439301797364182 0.14353893329290213 0.14035121616605103 0.11329556003765565
0.0822652233111523 0.1273386637333724 0.11187314418028355 0.13461094095981221 0.10521995684609044 0.18585760794912007 0.09130133386839437 0.16153312915177465
0.10299589515867354 0.08276864703440903 0.2206724712781264 0.13343449716962522 0.0978058378162254 0.09346209754444168 0.14876950654583587 0.12009104745266269
0.0814420869948884 0.12735935780812843 0.1292506774211983 0.13765927166327302 0.09656973020060969 0.16915885261392857 0.09336889730204605 0.16519112599592758
0.1024217146402298 0.08247337857719562 0.22838492258307788 0.13303877092618654 0.09552585268620208 0.09009216543732915 0.14832830131621094 0.11973489383356788
0.10407206588920956 0.07431364358704626 0.2683150966915919 0.1285713488261636 0.09218423777753287 0.07348193422051429 0.14334745906439436 0.11571421394354726
0.102964779027523 0.07221667217644819 0.28361590572263046 0.12653710676166885 0.09014062167320017 0.06956208758143546 0.14107943097159198 0.11388339608550196
0.08139766522163214 0.12496852773944732 0.14415560229333776 0.13729198598468859 0.09478998211656844 0.1595260716643889 0.09311978179831051 0.1647503831816263
0.07645818141769994 0.13446159691223578 0.10999720271279466 0.13603848505359037 0.09470737587171212 0.19282139480087562 0.09226958116678304 0.16324618206430844
0.10180865551525012 0.08386819834532906 0.22024882494135706 0.1338237754106509 0.09570187368502105 0.09490375149884141 0.1492035227339645 0.12044139786958581
0.13810036330792372 0.0989861831136465 0.21957735718607993 0.106807887210775 0.12256267259175375 0.09875561459796095 0.11908282350216257 0.09612709848969749
0.08681917699970187 0.12849679564053157 0.12765105072669256 0.13469351399842525 0.10068864888341252 0.16866125702375906 0.0913573399293667 0.1616322167981103
0.1036098934748636 0.08250128099823179 0.22733889581460376 0.13277491779987802 0.09632646505370997 0.08991699606791395 0.1480341247709088 0.11949742601989025
0.10437095359011214 0.07431976154817116 0.2678491695537726 0.12857038988228883 0.09237387979133223 0.07345610482672618 0.14334638991353696 0.11571335089405996
0.13728713906008733 0.0962164984449456 0.23598552676147505 0.10536680352405274 0.12016475452592387 0.09267303177684212 0.11747612273502596 0.09483012317164746
0.08667688071885565 0.12789457665567427 0.13155034754506853 0.13462646591231037 0.10015697529112004 0.16623113094602304 0.09131186383617572 0.1615517590947724
0.10344873442311106 0.08232253924666638 0.2289750777925285 0.13260450016257233 0.09608873748963852 0.08937223891612107 0.14784412182304707 0.1193440501463151
0.08154796986055035 0.12727187052131816 0.1312288543358492 0.13764583497266739 0.09621077241353951 0.16755991220828279 0.09335978372059178 0.16517500196720084
0.11618996391055976 0.09351350332723325 0.16256030651677011 0.09429119295514428 0.14433518281666502 0.13579022760906106 0.1401701913183936 0.11314943154617313
0.1419461494843172 0.09981290873509456 0.19598180354919179 0.10571460872613654 0.13585526199286393 0.10768222007913597 0.1178638995797373 0.09514314785352286
0.11301195055703563 0.07576921763113041 0.25223205836252943 0.12688179390806148 0.1003798271403995 0.07606780646668976 0.14146373141689841 0.11419361451725533
0.10543226373817967 0.07260895353448293 0.2769886539380405 0.12688821762639918 0.09218804564510624 0.07022357627056919 0.14147089338346297 0.11419939586375925
0.10293265050534722 0.07173534873077314 0.2868241431083064 0.12601837129621074 0.08982586196986514 0.06874601058369958 0.14050107963920808 0.11341653416658967
0.10202166956161314 0.07139624576584364 0.2906242625748677 0.12558965975132005 0.08904157105006216 0.06827279926005148 0.14002309826005382 0.11303069377618803
0.08119597831775367 0.12472246418221868 0.1457764466732138 0.1371900617622291 0.0945084883267984 0.15892783603655605 0.09305065058655539 0.1646280741146749
0.10181961245924676 0.08169806994823649 0.23525644455806088 0.13229523860517126 0.0945691581709504 0.0877964432479146 0.14749931826576554 0.11906571474465413
0.08124406445961775 0.12713220144308143 0.13270098985723622 0.13762737232011585 0.09586689585416232 0.16692836805582972 0.0933472612258177 0.165152846784139
0.10227443487072842 0.0823554102443982 0.2298344622066615 0.13289159930776162 0.09527986440943988 0.08959757363940128 0.14816421594462378 0.11960243937698546
0.10399825273440247 0.0742590553787517 0.26887821436615084 0.12849775590683912 0.09209564375247323 0.07335768909387115 0.14326540845135646 0.11564798031615521
0.10293980949061698 0.07219286802211293 0.2838269844996694 0.12650476952900916 0.09011319876086687 0.06952469975121368 0.14104337737040276 0.11385429257610825
0.1021395034589943 0.07153743500407304 0.2895017026412707 0.1257507968531988 0.08920568781821687 0.06848640295287572 0.14020275410349178 0.11317571716787893
0.0812240635900431 0.12476388046191404 0.14551646807525515 0.13720638303355473 0.0945534080969977 0.15902641643573245 0.09306172066623714 0.16464765964026568
0.10183522762260852 0.08171025524783 0.23514880845134412 0.13230714472482719 0.09458826605399945 0.08782127494638084 0.14751259270066552 0.11907643025234446
0.10370079150947355 0.07403752421535995 0.270947861584906 0.12823695944545294 0.091776082435646 0.07291287744892043 0.14297463985933334 0.11541326350090764
0.081591288073827 0.1254476155943892 0.1411937736439431 0.13743517947460704 0.09522592301000439 0.16096710049440213 0.09321690433929869 0.16492221536952842
0.10207156043488753 0.08191308965540789 0.23335900526248463 0.1325059469571367 0.09487164219860322 0.08828916087635386 0.1477342423537031 0.11925535226142302
0.12038377122897687 0.08593239491578573 0.19585121937126054 0.09299692327945314 0.1420714538871968 0.11292175686506492 0.1382461725169184 0.11159630793534375
0.09643574941158721 0.14535481848877793 0.14090348620332743 0.1558146892515134 0.09100449932668743 0.15099128202467024 0.07926225496707422 0.14023322032636207
0.08377079281577345 0.1097067088359291 0.11120537794563991 0.13164805060311494 0.1039616422881671 0.19641132630514563 0.09873603795233621 0.16456006325389366
0.06527747273480461 0.1114698182940068 0.06064506582143145 0.08049884655392621 0.13686335195432933 0.29324905542921087 0.09099869610443834 0.16099769310785242
0.09936338567282132 0.08124483524287504 0.19637616070968644 0.13367902039937238 0.10577334679253036 0.11421000112427747 0.1490421316990017 0.12031111835943512
0.08050575742394324 0.12661603818942516 0.12317169903451858 0.13719792389721291 0.09803644772541224 0.17677864188776643 0.09305598316506616 0.16463750867665547
0.10237093993115301 0.08251464774927732 0.2257734943132256 0.13323937290616883 0.09602236512632624 0.09161178680470264 0.1485519575535942 0.11991543561555196
0.10416346766634126 0.0743828866178791 0.26728577330536324 0.12868568080522716 0.09238203523955701 0.07380811295211484 0.14347493068881295 0.11581711272470445
0.08169088966295773 0.12554748474018163 0.14034093398238381 0.1374748732134501 0.09537841002502913 0.1613537334707349 0.09324382704912268 0.1649698478561401
0.1021242199205159 0.08194819813458298 0.23300398670091557 0.1325439832560202 0.0949316145449814 0.08838176252413726 0.1477766499884285 0.11928958493041818
0.1377991632504894 0.09835801870838806 0.22401459402596163 0.10643861357348322 0.12197089647898493 0.09695285079224157 0.11867111095431637 0.09579475221613488
0.14652922863921689 0.09889601714027467 0.21733506512339976 0.10376252389011051 0.12735897608290708 0.09704444695745043 0.11568747066554111 0.09338627150109945
0.14908154120251976 0.09879468962752791 0.21443556421072385 0.10351439021177819 0.1286987541452106 0.09690128928000014 0.1154108201316393 0.09316295119060038
0.10214239359664751 0.14752254434483217 0.145345538782592 0.1545881465440247 0.08796071932861536 0.14467300748909703 0.0786383180245691 0.13912933188962223
0.11038558336893738 0.0674415551834126 0.24338258224159648 0.1348831103668252 0.09368729731970747 0.08330831978834302 0.149321147821638 0.11759040390953994
0.09887061038633471 0.14816273042709766 0.1120509305038962 0.11453072360466689 0.11417616646456122 0.19709026210380823 0.07768170818403491 0.13743686832560023
0.10611011114857397 0.08457414170700883 0.2187777125560881 0.13160255332151136 0.09892567803467378 0.0948404793753675 0.1467270258674164 0.11844229798936023
0.08193980860816791 0.12756225326745163 0.12869659118210602 0.13743740373487717 0.09671943102190009 0.16950121473564086 0.09321841296800365 0.1649248844818526
0.11630551219925366 0.09355843200897562 0.1616863631115774 0.09429145409472718 0.1445141797866851 0.1363237343651854 0.14017057951992282 0.1131497449136726
0.1085103680257672 0.07628676803198818 0.2392164008304148 0.12926641872882405 0.10386785931044552 0.08238999808164597 0.14412241013497248 0.11633977685594164
0.12166275029413585 0.08474564050986068 0.19721477952752103 0.09251397850753902 0.14445621586216273 0.11086161841285493 0.1375282426768789 0.11101677420904682
0.12405538516023427 0.08489343267917526 0.18122941850081617 0.09117088554721296 0.15644307789643333 0.1172710927758545 0.13553164478361807 0.10940506265665556
0.12463133839024196 0.08483373350783704 0.1755990569404547 0.09106025050086392 0.16033052659612895 0.1189056151069286 0.13536717835650813 0.1092723006010367
0.08420648385219313 0.12544859430565583 0.1171758051481659 0.13466634946349476 0.10906135005184918 0.17650288253416407 0.0913389152882834 0.1615996193561937
0.10327694863972803 0.08236089142868992 0.2228422004601183 0.13315416356317772 0.09847497473758766 0.09159511846877312 0.1484569554950653 0.11983874720685994
0.10445147439297013 0.07441426253950853 0.2660726732530947 0.12877030620774402 0.09297309669677012 0.07385562962565227 0.14356928169729072 0.11589327558696963
0.10314118157202147 0.07228021100575956 0.28273930117367907 0.12663022865499415 0.09038355943765412 0.06967505743314212 0.14118325493325468 0.11396720578949474
0.11959110629004875 0.08373507585854892 0.21137298329235102 0.09198336429925343 0.13928925876257464 0.1069087253201246 0.13673944901799465 0.1103800371591041
0.10747222733280126 0.07375446362071043 0.2592287274742446 0.12693059313105756 0.1010019062367417 0.07585640947768675 0.14151813890880596 0.1142375338179518
0.10392488218177708 0.07222960536168396 0.27980652604257245 0.1266467945453425 0.09215180132134863 0.07005655079173452 0.1412017246647326 0.11398211509080826
0.09359272830863657 0.1433568193869099 0.16433364247814772 0.15749171174975596 0.0819517642421642 0.13741544423907712 0.08011534902052803 0.14174254057478033
0.10037297582818372 0.13229405502597652 0.1405606592605306 0.1587528660311718 0.08561526589337583 0.16096428277881947 0.08303996069322833 0.13839993448871388
0.06889955557577808 0.1171489754151403 0.06563288851142193 0.08167315210584321 0.1331095358861604 0.2778634163482338 0.0923261719457358 0.16334630421168642
0.1002260536105884 0.08193043237725661 0.19879902906341393 0.13366570860606386 0.10482533535943046 0.11122701319490912 0.14902729004288015 0.12029913774545747
0.12022584393063528 0.08619826768196141 0.18441357995486007 0.09329842471361738 0.14579982385560428 0.11941157555808087 0.13869437464889986 0.11195810965634084
0.09640688693069907 0.14543509074838953 0.1378194479854959 0.15584235557630105 0.09173207983238227 0.15322969020185612 0.07927632870620532 0.14025812001867094
0.10956976695610378 0.06761203428857064 0.24028704000515877 0.13522406857714128 0.09474476807592395 0.08497606999207073 0.14969860257624104 0.11788764952878981
0.07299321672709676 0.10962309119653361 0.08242551088033145 0.0847189667152387 0.14109750186093448 0.24393451246781353 0.09576926672157417 0.1694379334304774
0.07315057891922047 0.12818755797187892 0.09358669776525988 0.13235957922243535 0.10267287773178511 0.22143689002380268 0.0897743232986953 0.15883149506692243
0.10130277844980264 0.08333077968462994 0.21279552006057756 0.1341056158369932 0.09779675074780213 0.10045574719043224 0.14951775377646853 0.12069505425329387
0.13813850506587627 0.09902906465137411 0.21689653870611644 0.10695101485082488 0.12332337655672504 0.10016318666368978 0.11924240013965103 0.09625591336574241
0.08682115436389279 0.1284889605862863 0.12700089224588887 0.1346791234693422 0.10084917307266515 0.16919816870211668 0.09134757939659731 0.1616149481632106
0.10322243587708609 0.08661569760040899 0.22628606626845718 0.13203975368858242 0.09601742515000357 0.08976837144593007 0.14721447164980755 0.11883577831972417
0.10403728296271876 0.07749847951539171 0.26697409850929554 0.1280840092307295 0.09208177569565204 0.07324463399444418 0.14280411178411181 0.11527560830765653
0.13676394610749393 0.09978604815744736 0.23515907031166286 0.10490727044637035 0.11969563900904437 0.09230770491932447 0.11696377764692334 0.0944165434017333
0.09889846369621672 0.1534025518268739 0.1501594801791772 0.15346114122743068 0.08569431827597816 0.14220400236959485 0.07806501532004081 0.1381150271046876
0.10185455794632815 0.13230161147136568 0.13667829997534583 0.1587619337656388 0.08637451945565955 0.16257653387666823 0.0830447038158726 0.138407839693121
0.058532022557815436 0.10464615051935276 0.07905931178334694 0.09894436518950123 0.11287178851380275 0.23620747910382922 0.11185015195334921 0.19788873037900245
0.127486047873892 0.10964167482688254 0.16770618968543488 0.10942154989701024 0.13064977289286822 0.13461850756874227 0.12199686234786067 0.0984793949073092
0.11048205808462018 0.0814121454434337 0.24066747934998975 0.1279540462507797 0.1001312911727373 0.0815351253125401 0.14265921276019766 0.11515864162570172
0.10504398490787577 0.07612769302484092 0.27219998061624995 0.12703887458717766 0.0923173067597233 0.07129830832399828 0.14163886465167422 0.1143349871284599
0.10277934297281166 0.07459795225625208 0.28465212435245935 0.12581056203558652 0.08979155153828325 0.06886957319081344 0.14026938782176587 0.11322950583202789
0.08103395892862951 0.12915773485723583 0.1439700903978967 0.13653967925728294 0.09431498496011527 0.15852641490689964 0.0926095215832006 0.16384761510873952
0.10141161149650955 0.08638997778486485 0.2337337506752329 0.13159777268480083 0.09420573483398756 0.08750146129403555 0.14672169581424807 0.11843799541632075
0.10336764472798192 0.07728428706423478 0.26994672290947874 0.12777633218269416 0.09148183877477635 0.0726834005398832 0.14246107483652617 0.11499869896442474
0.08118591887752144 0.1299672491304013 0.14051843397892858 0.1366895137569744 0.09474920080820401 0.1601511184783488 0.09271114846125221 0.16402741650836927
0.1015641841536135 0.0866165029579973 0.2322969132080278 0.13175302945798092 0.09440830281169954 0.08788854536848073 0.14689479553001752 0.11857772651218283
0.1034552342419197 0.07735856839276953 0.26938427414320093 0.1278453311829534 0.09157088356719241 0.0727869068346698 0.1425380035726361 0.11506079806465806
0.13651547897567512 0.0997076892012973 0.23601052949959223 0.10485026530833612 0.11949308432352494 0.09215749274194172 0.11690022117212996 0.0943652387775025
0.0860983204908249 0.13359862005853565 0.13099688248331218 0.13366866606211603 0.09947893760215364 0.16509394835160482 0.0906622256769135 0.16040239927453925
0.1028856353223832 0.08730282199235936 0.2279212641605955 0.13181727695355103 0.09556757138156828 0.08890345423835762 0.14696642669298896 0.1186355492581959
0.08104993785627403 0.13260917639348244 0.13047750468701888 0.13678616332838558 0.09562123302337723 0.16653588663379826 0.09277670208360067 0.1641433959940627
0.101616141871161 0.08968615370199065 0.22764073813677538 0.13174620458173525 0.09469256182900787 0.08915942945344568 0.14688718630232273 0.11857158412356171
0.08058381519330289 0.13570291818056432 0.13011357605855983 0.13629626641367298 0.09515085083740694 0.166152629443855 0.09244442417623037 0.16355551969640758
0.13253704383020992 0.11783856959232251 0.18563908581687974 0.1075101138007178 0.12351165082654769 0.11633867996769699 0.1198657537449794 0.09675910242064602
0.12656472538185792 0.09623461565703656 0.17670404316547395 0.09043912452300984 0.14885942383938336 0.11822728513261477 0.13444383287301165 0.1085269494276118
0.143520989444098 0.10557067478484108 0.19943135543764087 0.10400336473007281 0.13558156293202614 0.1023330341853536 0.11595599022890207 0.09360302825706553
0.11272050088309704 0.08149184957103459 0.2526253339433892 0.1256526624545444 0.09971133668202405 0.07461757868436622 0.1400933415724547 0.11308739620908995
0.08264634564154585 0.13318190641783606 0.1361020569588882 0.13602889744337018 0.09624820092354146 0.16029483741683592 0.09226307826593805 0.16323467693204421
0.11550369470198173 0.10167122875409301 0.16307248937942362 0.0932180730458565 0.14317059448195896 0.13292730548363907 0.13857492649801953 0.1118616876550278
0.10776203759830462 0.08225625384219667 0.23885833795470493 0.12824059737339213 0.10309307252316388 0.08139446719468643 0.1429786958774984 0.11541653763605293
0.12092401514282004 0.0900920610231019 0.1965257858556544 0.09191103946008508 0.14355758253471235 0.11006433534459177 0.13663193328693246 0.11029324735210211
0.12329263634477322 0.09061481028619843 0.18035550050010332 0.09052728425002163 0.15549255001765502 0.116509589272832 0.13457488822839034 0.10863274110002595
0.10881979470780069 0.07963460210169741 0.24549921687712786 0.12709399764199258 0.1050122044164247 0.0778552636330313 0.141700322744132 0.11438459787779331
0.104303227977354 0.07705951068122431 0.2737999933966282 0.12649393483876092 0.09305563772570567 0.07041185652610696 0.14103129749933493 0.11384454135488481
0.13630004204848503 0.10115458983190118 0.23713383691027595 0.10436961170318906 0.11948041738567108 0.09126452331554448 0.11636432827206303 0.09393265053287014
0.10982922657307156 0.0798865190506522 0.26817444192028417 0.12437617403428251 0.09520457507163456 0.07192035447502808 0.13867015224419257 0.11193855663085424
0.10373425604284307 0.07648914279717633 0.28258623722506976 0.1254162429773614 0.09023881146734285 0.06883093931194105 0.13982975149864024 0.11287461867962525
0.1019568324175266 0.0756623050537337 0.2884159194830411 0.12504162099456678 0.08889186034720777 0.06808192686412531 0.13941207594468866 0.1125374588951101
0.08066684200080747 0.1314949552332202 0.14459202068124125 0.1360647916265521 0.09385674935764327 0.1577594672628379 0.09228742388583534 0.16327774995186253
0.13222963359014106 0.11656020643496127 0.1910017957115686 0.10723045789783392 0.12282685741269678 0.11408967856164058 0.11955395828310736 0.09650741210805051
0.08475521300161072 0.14095764856689164 0.11966711668307962 0.13281411124649498 0.09959855976878161 0.17274780265276818 0.09008261458457921 0.15937693349579396
0.1337342652825642 0.11897090026145178 0.18126723551858653 0.1073121051643557 0.12467693911961608 0.11781267111330596 0.11964498889219959 0.09658089464792013
0.08498196782631956 0.14158613401006018 0.11731768238726946 0.13273664343763733 0.09994966720788395 0.17411386180448468 0.09003007120118012 0.15928397212516482
0.1160779263192882 0.1033357415583625 0.1564266237347195 0.09309200280897806 0.14432786449913276 0.1366419230852496 0.13838751462349574 0.11171040337077368
0.12256342295235341 0.09376905737165377 0.16725654375237764 0.0910374605474538 0.15652118527806483 0.12427407788105639 0.1353332995600955 0.10924495265694456
0.10911470757891725 0.08054833331603495 0.24013129435922378 0.1276771112243056 0.10569169261949311 0.07957700992767819 0.14235045087247208 0.11490940010187507
0.08199916918556772 0.13296769177614778 0.1331678063344069 0.13615467306714749 0.0976297818955623 0.1623468831106994 0.09234838694989135 0.16338560768057697
0.10171865635640566 0.0896384027176674 0.22868646877116308 0.13155799966562148 0.09501760619902588 0.0883013147250584 0.14667735186599887 0.11840219969905932
0.09257163793904284 0.15583577478979865 0.14971974895299406 0.1565268724162431 0.08202228199706078 0.14282495928371794 0.07962453944652369 0.14087418517461878
0.10859625627847584 0.06756597271990988 0.24574682642978518 0.13513194543981977 0.0925027999677051 0.08305224363788845 0.14959661847631653 0.11780733705009928
0.07258604536062624 0.11447369615725551 0.08303214263258533 0.08428694198829292 0.13985494590448258 0.241911453036884 0.09528089094328766 0.16857388397658585
0.10011523771492328 0.08703223595381875 0.20549686713892928 0.13209193513394749 0.10536481730085591 0.10374351506972067 0.14727265006725188 0.11888274162055273
0.10378386240247074 0.07955498344275577 0.258364108500004 0.1285995285830469 0.09454416457151454 0.07603489938511354 0.1433788773903523 0.11573957572474224
0.10285152131230513 0.07686643955582538 0.27915942737759886 0.12623853490739984 0.09059055612821484 0.06993229366643242 0.1407465456355637 0.11361468141665985
0.10189734977170153 0.07584274278459253 0.2871560976342456 0.12525346356830616 0.08909887727773268 0.06837508714668517 0.13964826460526075 0.11272811721147553
0.10139246531116244 0.07545315641135357 0.2902158532484023 0.12487471731912694 0.08853517155388717 0.06791539976678197 0.13922599080207138 0.11238724558721425
0.10116760820690028 0.07530541456151398 0.29138602518087375 0.12473108878717548 0.08832222039422193 0.06776380725336408 0.13906585570749266 0.11225797990845796
0.08050598257110075 0.1313643141598044 0.1452788002845228 0.1360314568329093 0.09371282549139193 0.15760405826106738 0.09226481419971239 0.16323774819949113
0.13216264128660166 0.11651653276796982 0.1912568913187808 0.10721723944167293 0.12277115557725557 0.11404080341927382 0.11953922069093982 0.09649551549750562
0.0847426812691964 0.14094450562738606 0.11972682352739918 0.13281341881043635 0.09958602741913422 0.1727282958416281 0.09008214493229595 0.1593761025725236
0.10263993533898737 0.09130957820980372 0.22263011875827984 0.1317817917851323 0.09568861645199044 0.0904194834708384 0.146926863378349 0.1186036126066191
