0.125 0.125 0.125 0.125 0.125 0.125 0.125 0.125
0.07575757575757576 0.12626262626262627 0.09090909090909091 0.15151515151515152 0.0946969696969697 0.15782828282828282 0.11363636363636365 0.1893939393939394
0.09326190608043523 0.1554365101340587 0.08393571547239172 0.13989285912065286 0.11657738260054405 0.22204026677903616 0.10491964434048964 0.08393571547239172
0.08945379572317905 0.14908965953863176 0.08050841615086116 0.13418069358476856 0.11181724465397382 0.25380625400914797 0.10063552018857645 0.08050841615086116
0.06982432376693042 0.11637387294488404 0.08378918852031651 0.13964864753386083 0.08728040470866302 0.22378626745762348 0.10473648565039564 0.17456080941732605
0.05898947334985519 0.0983157889164253 0.05309052601486966 0.08848421002478277 0.12777146464824865 0.2901990649665136 0.10618105202973932 0.17696842004956553
0.06736621231128535 0.11227702051880892 0.08083945477354243 0.1347324246225707 0.09477515659002571 0.24054488193862547 0.10104931846692804 0.16841553077821336
0.07295173961840629 0.12906846240179573 0.09118967452300786 0.16133557800224466 0.08754208754208755 0.15488215488215487 0.10942760942760943 0.19360269360269358
0.11061850770622819 0.08929445802791915 0.13827313463278523 0.11161807253489893 0.1431730288634446 0.10715334963350298 0.1659277615593423 0.13394168704187873
0.0865377647561295 0.1442296079268825 0.10384531770735539 0.173075529512259 0.0933181737828064 0.1575754318154162 0.09053181543718164 0.15088635906196937
0.06424135762196267 0.09887603380674978 0.05339305825564488 0.08898843042607481 0.13724948851988997 0.27248865400623856 0.10678611651128976 0.17797686085214962
0.07157389829758493 0.12663074314188102 0.08946737287198116 0.1582884289273513 0.1047757028317456 0.15195689177025723 0.10736084744637739 0.18994611471282152
0.1361725474089288 0.10034867055342106 0.15291225989092733 0.12041840466410528 0.13066979408679466 0.12119005173246099 0.13330812400747513 0.10498014765588665
0.07285623329567838 0.09850253110106078 0.053191366794572814 0.08865227799095471 0.14460080637653105 0.25850949487014724 0.10638273358914563 0.17730455598190942
0.062024820226523905 0.09155101604588517 0.04943754866477799 0.08239591444129665 0.13802157086303207 0.3129022035463349 0.09887509732955597 0.1647918288825933
0.07158552931435935 0.1072386556122389 0.07721183204081201 0.1286863867346867 0.1061058851834743 0.2517989376450553 0.09651479005101503 0.16085798341835833
0.08256447560928042 0.14607561069334227 0.07197928642860343 0.12734796829675993 0.11630867936427615 0.21653127393730176 0.08637514371432412 0.15281756195611193
0.06799479084893763 0.12029847611735119 0.08499348856117205 0.150373095146689 0.09741862134598717 0.19648162753042966 0.10199218627340646 0.18044771417602676
0.09275829402808666 0.08349264837696539 0.18551658805617333 0.14975435421401945 0.09712828033140337 0.08960598695017824 0.16696492925055598 0.1347789187926175
0.1094950766347256 0.07459851868503202 0.18945655539055747 0.14919703737006404 0.10183154729891736 0.08018479913708469 0.16516725341740907 0.13006921206620964
0.06874812373794673 0.13025565195906677 0.10141018979943042 0.1520391198050745 0.09650549883886479 0.16547228648660725 0.10312218560692009 0.18244694376608936
0.06659510753395637 0.13274193906292295 0.09145069289479928 0.14727764166163426 0.09306664406415198 0.19224214348763946 0.09989266130093455 0.1767331699939611
0.10246184903616073 0.07228302738315331 0.2002870059055666 0.14456605476630663 0.09858885284204519 0.09574069957682738 0.1600405653090574 0.1260319451808827
0.08054160298882385 0.11370159403134161 0.11076564601145998 0.13644191283760992 0.10643540005537118 0.17923001840017358 0.10233143462820744 0.1705523910470124
0.06579616935221674 0.12941701217250345 0.09119861412876341 0.14551075914432549 0.09344422804177821 0.20132605215889704 0.09869425402832512 0.17461291097319057
0.08980217465653911 0.08179552803530732 0.19584968193167304 0.14498182414429206 0.09757024912619788 0.09787298599435736 0.16164391438177036 0.13048364172986285
0.0664648747864608 0.12707818138961427 0.11123357866339119 0.146989626931596 0.09691933466571798 0.17522953906561345 0.0996973121796912 0.1763875523179152
0.10072040665877546 0.07100137499418528 0.21566650476572408 0.14200274998837056 0.09776974977687987 0.09183906304542669 0.15720288155000728 0.12379726922063077
0.07964228011329562 0.11246932448089017 0.12080484794228646 0.13496318937706822 0.10542106015663734 0.17677291917568588 0.10122239203280116 0.16870398672133524
0.06414400859610539 0.09354593482532855 0.06446362574032093 0.0841913413427957 0.1442436553611644 0.27999914183733887 0.10102960961135482 0.1683826826855914
0.062442139549938734 0.12116900095573047 0.08718678903751546 0.13809319323544142 0.10294680943572984 0.2287870265782063 0.0936632093249081 0.1657118318825297
0.08775607866632061 0.0795722505029782 0.20282387566121518 0.1416784884492405 0.09970162516580344 0.10299610035074853 0.1579609415993771 0.12751063960431647
0.10014492798866365 0.06816232313212112 0.2531771521021412 0.13632464626424223 0.09574674401972312 0.07668009166333835 0.150916987317354 0.1188471275124163
0.07903200644012087 0.1114444656524583 0.13293760916148198 0.13373335878294995 0.10549764584643644 0.16988819655065254 0.10030001908721248 0.16716669847868743
0.05505223315193645 0.10842312963248343 0.06248147698065404 0.08491291188326293 0.13965147841375372 0.28366443708595585 0.09598850908542766 0.16982582376652586
0.07011907353648093 0.10606965513155862 0.08896637914796536 0.12728358615787033 0.110510176776637 0.2424839569337471 0.09546268961840275 0.1591044826973379
0.06273442669043192 0.12312841215074041 0.09449956043979103 0.13873959748845519 0.09676420322435804 0.2235446429844295 0.09410164003564786 0.1664875169861462
0.07289314425960527 0.1091249589013368 0.09771658604739124 0.13094995068160414 0.10396947840258987 0.22344598034426433 0.09821246301120312 0.1636874383520052
0.0631155477690099 0.12416727183988678 0.09657882748057055 0.13958246141223343 0.09597429134253488 0.21840932480756944 0.09467332165351486 0.1674989536946801
0.08683296057654463 0.07900273236509564 0.21205303061866537 0.14018815321996364 0.09738008418172332 0.10207437210225984 0.15629932903778032 0.12616933789796725
0.0974469491599483 0.08498420866260545 0.18763019727087202 0.09832749388127313 0.1459541562623173 0.12149357836553357 0.14617042373992245 0.11799299265752776
0.09138808947423288 0.07289816768097594 0.2474274867171036 0.133891060796211 0.10318995079183788 0.0814247489054821 0.14927854091756657 0.1205019547165899
0.10143410333818723 0.06584567724435815 0.2753274849079374 0.1316913544887163 0.09418474143613903 0.0709210482207472 0.14578774286093132 0.11480784750298345
0.06263296999892955 0.10709360829275551 0.08686388713976137 0.08736562775846007 0.14115094149926502 0.24140056537130142 0.09876114442260704 0.17473125551692015
0.0902585760749491 0.07607417169631332 0.21044434714549076 0.136660993527959 0.10627218809620796 0.10492802008184882 0.15236680920206772 0.12299489417516309
0.1019011891542337 0.06628126784483504 0.26613004624773884 0.13256253568967008 0.09547010647545312 0.07533533951962149 0.1467521762620686 0.11556733880637904
0.08466156095577781 0.1447430222518736 0.11708129358779648 0.11800562157189465 0.11604915803698482 0.19781400220846168 0.08003859550093724 0.14160674588627356
0.09157965198144942 0.07821979414258462 0.22443077511025675 0.1357498812546486 0.1001270207616739 0.09636699660942327 0.1513509870107798 0.12217489312918371
0.10147432515519864 0.06581295655591989 0.2736399357774075 0.13162591311183977 0.09356793756728758 0.07341283921949963 0.14571529656662763 0.11475079604621928
0.07053347737121242 0.12057261440359034 0.14251716022081853 0.1409868049014176 0.09634609340955731 0.16423385092204565 0.09562583288965715 0.1691841658817011
0.10053028406328121 0.06806379206673335 0.24288779031754518 0.1361275841334667 0.09572850458015653 0.08728788364349159 0.1506988314379444 0.11867532975738122
0.06203469100224209 0.10638917537141618 0.08303054130381056 0.08660036406300745 0.14194526571818433 0.2489031706919247 0.09789606372339972 0.1732007281260149
0.09006289671113195 0.07591284182668663 0.2099278491979771 0.13641955863950012 0.10634752651573964 0.10645409701444947 0.15209762731896506 0.12277760277555012
0.08998328935820289 0.07165790925000197 0.26403097220472366 0.13280926607836752 0.09573221003521053 0.0781855930648426 0.1480724205381202 0.11952833947053076
0.088290189455963 0.07001994853964476 0.2851323254932357 0.13026064016942523 0.09187326540022271 0.07195816194341298 0.1452308928456129 0.11723457615248271
0.08741871002825992 0.06932624835504402 0.2931808188944863 0.12914292316098355 0.09038464636992406 0.07033330055349953 0.1439847217929175 0.11622863084488519
0.08705643717131026 0.06904804562956444 0.2962405457303514 0.12869730006090074 0.08980637602256916 0.06983584003871295 0.1434878852917804 0.11582757005481067
0.06932835032408499 0.12052508903903697 0.14827034854545793 0.14043452836892292 0.09527591943267373 0.16239308491862897 0.09525124532848687 0.16852143404270753
0.11785658991713227 0.1083937009836314 0.19683589478569677 0.1108372358522895 0.12506272726805154 0.11768509238634663 0.12357524653979143 0.09975351226706054
0.11280850268168092 0.08972635559465372 0.183421670575473 0.09302975254565754 0.15019731840078845 0.12088572172087526 0.13829497542608196 0.11163570305478905
0.09777957869016621 0.0760815231247753 0.2499306009577217 0.1300135810782881 0.10445222721392676 0.07977482556842197 0.1449554403962406 0.1170122229704593
0.0742438980650095 0.12684378671913749 0.13661327019705205 0.13878402755146424 0.09808942633604188 0.1647529828607186 0.09413177520881923 0.16654083306175707
0.09451147186636057 0.08285221862138394 0.2329716705148224 0.13406660874669293 0.09583594989912676 0.08962786869782918 0.1494742637817606 0.12065994787202362
0.10997573359037405 0.08713578558249999 0.19729310881632312 0.09435387477076702 0.14320754605063354 0.11454592941719227 0.14026337204728948 0.11322464972492043
0.09698012531157556 0.07547744293769519 0.25569134660239706 0.12953165378375245 0.10295495588785099 0.07836785964379471 0.14441812742755683 0.11657848840537721
0.07411128452564694 0.1266474392172886 0.13793617422570592 0.13868530523340394 0.0980039362936417 0.16412867850070206 0.09406481572352615 0.16642236628008472
0.12332835489850202 0.11387567188783901 0.19085950409260724 0.10924769199994232 0.12551709712724915 0.11704573342681232 0.12180302376709985 0.09832292279994807
0.09875881195926535 0.08241543344150422 0.252335769687914 0.1289791702047474 0.09897442826812512 0.07865298378708716 0.14380214946708403 0.11608125318427266
0.07396856598797719 0.1321743011925131 0.13668408524213865 0.13792600431834834 0.09669627474794576 0.16348975170444 0.09354981162461888 0.165511205182018
0.0939688549422603 0.08767425711454195 0.23214495273353383 0.13320509608689812 0.09550762387658715 0.08910088730989121 0.14851374145807897 0.11988458647820834
0.09430196984501525 0.0782816133537462 0.2709935940063549 0.12943300890136245 0.09252454408579482 0.07366741605124998 0.14430814574525036 0.1164897080112262
0.08437494572255166 0.150586868952586 0.16204484520648474 0.15843660255407035 0.08219761778608897 0.1391701666150931 0.08059601086446187 0.1425929422986633
0.10271636561287846 0.06771036895092103 0.25143994643094203 0.13542073790184206 0.0922083813941264 0.08252877126860814 0.1499163236031788 0.1180591048375033
0.0686614928100957 0.11327492852451951 0.08409865415756934 0.08491986729061683 0.1403142101331429 0.24289474078299425 0.09599637171982774 0.16983973458123366
0.06966814154209466 0.1347981257451509 0.09364686488303693 0.13187496165610574 0.10199133655144287 0.220324989468092 0.08944562616674998 0.15824995398732686
0.07161773420485106 0.14138302404083536 0.09653654370485731 0.1331591703402013 0.09436979797811039 0.21282607065737533 0.09031665466552784 0.15979100440824154
0.09891671576016628 0.08975377560981689 0.213807398667946 0.13370591809750207 0.09566920645963761 0.09873953849205379 0.14907212062512543 0.12033532628775187
0.10139524586190791 0.07856906800522068 0.26262239722260183 0.1291776335318611 0.09261382770354393 0.07533853623006993 0.14402342126611975 0.11625987017867498
0.07909220638015438 0.1306129423802879 0.1389054698620547 0.1371302437784907 0.09513717194983291 0.1615555947261011 0.09301007838888935 0.1645562925341888
0.09939794751937744 0.08693972623687878 0.2320470882269458 0.13219934562628016 0.09471227335552382 0.08833180322084755 0.14739240475049445 0.11897941106365215
0.10085712278463936 0.07763064619245937 0.2697621867150253 0.12830750796418128 0.09185332677087922 0.07305915621215187 0.1430532961929006 0.11547675716776315
0.07898499600703049 0.13032759008338982 0.14058229612052614 0.13706824435669202 0.09497619998844781 0.1606107536087358 0.09296802660714762 0.1644818932280304
0.12968824703905613 0.11671251693181658 0.19005387979987162 0.10773731280720716 0.12358505990429516 0.11514033830920159 0.12011906368206529 0.09696358152648644
0.10860440910119301 0.08409194131344351 0.24970921186254147 0.12683090438134786 0.09776152568725285 0.07744720031866972 0.1414069933923386 0.11414781394321309
0.1029952173205315 0.07784854737014593 0.27573376558650364 0.12656575752709248 0.09148306622884175 0.07035308975557904 0.1411113744369225 0.11390918177438324
0.10097215106706216 0.07619657783263231 0.28604036081548884 0.12561083792115088 0.08947154498527428 0.06861206291040108 0.14004671033895474 0.11304975412903578
0.13361686766254252 0.10090358096915603 0.24176474773441917 0.1043304817645243 0.11836391509139714 0.0908022718792925 0.11632070131059646 0.09389743358807184
0.1083596992129127 0.07980827624449031 0.27021540650436776 0.12435721222952684 0.09488255775830376 0.07180634579687423 0.13864901124695006 0.11192149100657417
0.1367043465835866 0.10173279615604301 0.23568636713572264 0.10429198462002416 0.11990917641110302 0.09153476306809875 0.11627777986740008 0.09386278615802174
0.12645099424617 0.0923364940623385 0.1929587020843295 0.08974847387831174 0.14662270481077333 0.11076732796141847 0.13341713430268431 0.10769816865397408
0.10898321508017592 0.07961899116747612 0.25067036266096776 0.12656528684765445 0.10261469552186712 0.0765278408944952 0.14111084966447443 0.113908758162889
0.10403339334272406 0.07693478795488484 0.27585135393165133 0.12628643131370834 0.0923673143804813 0.07006898433997354 0.14079994655423897 0.1136577881823375
0.08099530531539348 0.13196969450454532 0.14167415650430995 0.13620331584161363 0.0946723120719218 0.15865985731188068 0.09238137944039883 0.16344397900993637
0.10112412793332852 0.08925087000703111 0.2323392967354286 0.1312597608487379 0.09411439615433624 0.08743292571547173 0.1463448378418018 0.1181337847638641
0.08039397373052483 0.13558535760508797 0.1312293143325521 0.1362999985050103 0.09500280949523422 0.16548159261783207 0.0924469555077461 0.16355999820601233
0.10136743428921384 0.09019334925660365 0.22794406562484656 0.1316963434360005 0.09449758469643793 0.0889429187586875 0.14683159484580952 0.11852670909240046
0.10333475560103485 0.07958140936251769 0.2674212128525094 0.12774795618168178 0.09155337176775569 0.07295869595797752 0.14242943771300937 0.11497316056351357
0.10238077824021313 0.07664470247639925 0.28269131841579176 0.12584842540430188 0.08966337045337046 0.06919621949379301 0.14031160265225895 0.11326358286387168
0.11881473616206958 0.08854217622006628 0.21086717507852376 0.09143266200318252 0.13841580054548325 0.10628746251943783 0.1359207930674176 0.10971919440381903
0.1068069215097936 0.07865505117318847 0.25831675787413744 0.1261477956472577 0.10044589384367573 0.07544918573732337 0.14064537813209177 0.11353301608253194
0.10334728307593478 0.07658317247479253 0.2788704025620516 0.1259677572993947 0.09170003679661656 0.06971571741183254 0.1404446488099221 0.1133709815694552
0.10194365782251724 0.07578978084682905 0.28701893761906305 0.12524228032418055 0.08931828369850409 0.06833321127451251 0.13963579612263113 0.11271805229176249
0.09233740321436434 0.1506681535696887 0.1652335555344003 0.15586889944371043 0.080703391704488 0.13561675557786043 0.07928983145614836 0.14028200949933936
0.10293273797165221 0.09168799016969612 0.24159773685033445 0.12975247113070723 0.09009292550327665 0.08249459206619192 0.1446643222905049 0.11677722401763649
0.10322268738957101 0.0794344830594728 0.2726988601262989 0.12703936639124314 0.09015921859259746 0.07147054171219239 0.1416394129765054 0.11433542975211884
0.10219362354054035 0.07646931245061846 0.28470515701065074 0.12558180123241813 0.0892072393701718 0.06880490868848924 0.14001433659793486 0.11302362110917634
0.10152311725691156 0.07563184199777202 0.28929129572858714 0.12500264016191642 0.08862784147881807 0.06805227200496916 0.13936861522530083 0.11250237614572478
0.10120422183588156 0.07536491848750604 0.29104175187811016 0.12478377195427928 0.08836295679115465 0.06781239078698306 0.13912459350723375 0.11230539475885135
0.08049241141194696 0.1313906773682512 0.14520151004138995 0.1360435101225699 0.09371493497322175 0.15763175446109765 0.09227298947443872 0.16325221214708388
0.11463924890663012 0.10260589152403499 0.16596343057148907 0.09298438198859688 0.1420213168110549 0.13197694276614275 0.13822752904573504 0.11158125838631623
0.14022403896778152 0.10882092984714499 0.19589659499141426 0.10447598642031951 0.13412874049789372 0.10594239335390676 0.11648292814325174 0.09402838777828754
0.11197979526003507 0.08319097948628242 0.25111791065826006 0.12569186480584854 0.09945641291591917 0.07530330927978073 0.14013704926861023 0.11312267832526368
0.12166275371749345 0.09088196526894683 0.20025461626494862 0.09149955289497563 0.14184818514590788 0.10803323236301705 0.1360202308707399 0.10979946347397077
0.1077967917288647 0.08011997895979829 0.2537735417607817 0.12636036870087505 0.10142640326873532 0.0759162025269429 0.14088238122321445 0.11372433183078756
0.10370717921144705 0.07764831321035628 0.276949673266848 0.1260030081676656 0.09197166328714783 0.06983350460825379 0.1404839508973824 0.11340270735089904
0.13587899382735633 0.10209999260921578 0.23808708492310707 0.10414839276785122 0.11896453277861088 0.09096976393475556 0.11611768566803711 0.0937335534910661
0.10959812731299391 0.08094164673369754 0.26840304684665367 0.12415312434970449 0.09497102827707324 0.07177374607375625 0.13842146849138692 0.11173781191473403
0.10358873620264455 0.07737476824366644 0.2825564703437184 0.1252562693389223 0.09010309605040613 0.06873862458550012 0.13965139283011185 0.11273064240503006
0.1356708215928324 0.10189656037854718 0.24003033209699792 0.10399165850880228 0.11827885527888664 0.0905963408202275 0.11594293866578402 0.09359249265792204
0.14428677411210156 0.10655573953914733 0.2217181781491158 0.10219383765785559 0.12488817476439813 0.09444433930259799 0.11393850258271361 0.09197445389207003
0.14713889950681233 0.10776159141650725 0.21467825332404503 0.10221188686210779 0.12686834676146813 0.09539169785466307 0.1139586260984993 0.09199069817589701
0.11290678456294216 0.08240865716198377 0.2585452789155204 0.12472428647200105 0.09718762230332631 0.07291724112571679 0.13905827163370862 0.11225185782480095
0.12179125272477324 0.09059946267702747 0.20262323397454954 0.09136193645172323 0.14091971220001895 0.10725442344488996 0.13581565478494975 0.10963432374206787
0.09569630359698221 0.15572747068908568 0.14139328285094263 0.1535963903764503 0.08982818739354828 0.14738779778007832 0.07813381597410732 0.13823675133880525
0.1184782359368313 0.10750199906900304 0.16411432806615345 0.09247387328552648 0.1401902744606498 0.12880401766848132 0.13746862357072293 0.11096864794263175
0.10830765371617294 0.0842131394714311 0.23901114446964464 0.12792374810627996 0.10226222635166486 0.0805252819990185 0.142625432590136 0.11513137329565197
0.1043659742354055 0.07880383919430281 0.2712077915113985 0.12670379789046388 0.09262230757072677 0.07099759235572307 0.14126527914056194 0.11403341810141747
0.10243393332793449 0.07706007128174444 0.28394444725355084 0.1254454525648219 0.08967980038135456 0.0686730698734154 0.13986231800883872 0.11290090730833971
0.10155140934756135 0.0764169625280174 0.28887019873476083 0.12487900855439249 0.08867849511698882 0.06798204281017481 0.139230775209151 0.11239110769895325
0.10117601836774147 0.07617187706304968 0.29076300277764855 0.12465375011743439 0.08831857935644565 0.06774876834971545 0.13897962886227386 0.11218837510569094
0.10102320371971162 0.07607800184460056 0.29148910769886727 0.12456677863049126 0.08818554318166445 0.06766460201248098 0.13888266214474174 0.11211010076744211
0.08037501481094278 0.13267903490109112 0.14517029986901991 0.13580460407726602 0.09355153793339879 0.15734303466315563 0.09211094885240652 0.1629655248927192
0.13188394088238126 0.11836498417699712 0.19092768458086454 0.10696851008301388 0.12250904259728138 0.11381227258682192 0.11926190601792741 0.0962716590747125
0.12615434283174856 0.09749024211769906 0.17826619214124964 0.09019918282537334 0.14824324400893296 0.11732063326056053 0.13408714342398784 0.10823901939044801
0.08371238581198857 0.13705243230535233 0.1168133644466262 0.1329965294659437 0.10540332629387632 0.17421978459235338 0.09020634172472704 0.15959583535913244
0.1023410858469074 0.09196246600096131 0.22112487340761627 0.13165790998426116 0.09695216056510629 0.09068064079402433 0.1467887444152882 0.11849211898583505
0.08057592404229749 0.13764953190559973 0.12840336365551724 0.135998206836539 0.095482203818657 0.1664506595092816 0.09224226202826125 0.1631978482038468
0.10140063033028215 0.09190334755413342 0.22645883516608414 0.13153379857702857 0.09457540576598877 0.08909719442888826 0.14665036945826915 0.11838041871932573
0.09232646281920248 0.1580453147689856 0.1488807462826701 0.15616562964980188 0.08177580906394362 0.14281619390871894 0.07944077682185574 0.14054906668482167
0.11772964925721909 0.10815665696558387 0.1669798307427477 0.09267714717326633 0.1377222255409797 0.12775110985471158 0.13777080385757204 0.11121257660791961
0.10805430199382073 0.08428270245450155 0.2402572607301593 0.12785108453834515 0.10165799368746128 0.08028626237665831 0.14254441813454302 0.11506597608451065
0.08166958147408654 0.13525604022216017 0.13301334754615102 0.13589413831109987 0.09656542114924216 0.16235682890423786 0.09217167641970254 0.16307296597331983
0.10150887270753989 0.09130416364022301 0.22837741551783958 0.13131966468978462 0.09466804685023046 0.0882225122194434 0.14641162615413297 0.11818769822080613
0.10330944345679707 0.08055675678376635 0.2674104281413463 0.1275251653122688 0.09150273269735472 0.07274178230762675 0.14218104251979818 0.11477264878104192
0.1193438209960606 0.09037802472546191 0.20591248239881882 0.09159127772534212 0.13929301372229347 0.10741526116990995 0.1361565859917026 0.10990953327041052
0.10708778344385335 0.07991076179921752 0.25614712891255004 0.12618073685559358 0.10073038848312824 0.07569843221453584 0.1406821051210872 0.11356266317003424
0.10346975387932975 0.07755168929468098 0.2778872326153117 0.12590266821577095 0.09176036538757189 0.06974380987406487 0.140372079339076 0.11331240139419387
0.10198753266094507 0.0766522146827309 0.28651274621937034 0.1251295279196108 0.08929460613064631 0.06829671165315242 0.13951008560589445 0.11261657512764973
0.10135674694870203 0.0762742129515735 0.28985394725111874 0.1247578407082646 0.0885230596197738 0.06785645378003419 0.139095682103095 0.11228205663743814
0.08044438687403463 0.13275366178854814 0.1447914029775131 0.1358227998089996 0.09364127695251276 0.15743582152235772 0.09212329030523451 0.1629873597707995
0.07524632006459155 0.14801231686547944 0.10882808092143093 0.13374100000303984 0.09320290927336536 0.18976888590986152 0.09071128695858356 0.1604892000036478
0.10062743841830231 0.0944065480598105 0.21798737452398662 0.13219385545323897 0.09459015558825001 0.09383387443122865 0.1473862836172679 0.11897446990791506
0.10347136707032098 0.08142269013427791 0.2633359091591574 0.1280182500580465 0.09181807121551042 0.07398649209647361 0.14273079521397125 0.11521642505224187
0.1025348454647454 0.0777797261144588 0.28098177862789475 0.12587608768384412 0.08979056324061728 0.06940607592338066 0.1403424440295993 0.1132884789154597
0.10168433179382792 0.07663173458696951 0.2877468449649475 0.12502791123003593 0.08880349183435628 0.0681837749024772 0.13939679058035348 0.11252512010703233
0.08051400636998621 0.13288231810462467 0.14430089523664738 0.13584671533337858 0.09371460452117045 0.15758589076454269 0.0921395112695959 0.16301605840005426
0.11466971760578357 0.10292370875270113 0.1656455649255308 0.09297557362916813 0.14203516014812612 0.1319651517558505 0.138214434827838 0.11157068835500177
0.12196142947224699 0.09467679507307003 0.17020317430595874 0.09082955974862521 0.1555016564144832 0.12280767222811523 0.1350242410591503 0.10899547169835024
0.12354324903888927 0.09255935831319978 0.1712066212431675 0.09042029477083811 0.15944954528014496 0.11990073644703098 0.13441584118172353 0.10850435372500573
0.10908206453760187 0.08103374890597964 0.24150929610962676 0.1272625131256265 0.10608756122885768 0.07860034934664226 0.14188820493260146 0.11453626181306384
0.1383211384040783 0.10348059147512072 0.22527505081894553 0.10474648629089443 0.12363608763429904 0.09348429240247173 0.1167845153123853 0.094271837661805
0.1106100033137936 0.08150953518257745 0.26321311633763467 0.12465217057154085 0.09635741795825421 0.07249293533533326 0.1389778677864791 0.11218695351438675
0.10400523732222823 0.07760965067031533 0.2805278810570823 0.1254823676858778 0.09055675713124717 0.06898049960200273 0.1399034756139563 0.11293413091729003
0.08096516259424259 0.13322079918226376 0.14261730168072326 0.13589041911917474 0.09412931715061541 0.15793934349261723 0.0921691538373533 0.16306850294300967
0.07533837567592393 0.1481486522857449 0.10832297033309084 0.13373680581580272 0.09330638082950564 0.18995420587546782 0.09070844220550098 0.16048416697896323
0.11346451246479412 0.10645519942762036 0.15341025850849355 0.09313988465789823 0.14221285025010025 0.14109073889375487 0.13845869420786064 0.11176786158947787
0.10750325824884534 0.08435166080021887 0.23467441497794023 0.12846283751566556 0.10312241689953616 0.08304238074264679 0.14322647705104802 0.11561655376409902
0.10433821333378492 0.07895610083315337 0.26953182141953846 0.12692281377061945 0.09296093867188268 0.07155011407499669 0.14150946550246676 0.11423053239355752
0.10248775882982748 0.07713422784213292 0.28330255742976307 0.1255267150807812 0.08981134963935943 0.06881042795566615 0.1399529196497665 0.11297404357270309
0.11878231188883735 0.0893880465850589 0.21092576461408577 0.09128287262785215 0.13833573750392816 0.10604769852630651 0.13569812110050858 0.10953944715342258
0.08257007703159104 0.13490049271953197 0.12477616937429754 0.13342645089969263 0.1034769238188827 0.17024020446614654 0.09049794061022631 0.16011174107963114
0.1017763198129557 0.091982032344813 0.22447495002904605 0.13127252235747774 0.0962623973340059 0.08972744202827634 0.14635906597169535 0.11814527012172998
0.13681284812957933 0.10736758467360344 0.21968261461234634 0.10546286233500965 0.12155686145916425 0.0966174315481133 0.11758322114067493 0.09491657610150867
0.11043743990986385 0.08289731558509503 0.2609688963810746 0.12486389904195595 0.09607213063123893 0.07316888008265138 0.13921392923035983 0.11237750913776035
0.10400879323368445 0.07829216834384563 0.27960920600534334 0.12551955756834743 0.09053346063222638 0.06912427284749441 0.13994493955754558 0.11296760181151269
0.10200909319942572 0.07707629842819606 0.2871036009444959 0.12496418543239504 0.08893901064585563 0.0681143033888358 0.13932574107164042 0.11246776688915552
0.10130185111120636 0.07666988875109117 0.29002265175624675 0.12465669776918277 0.08839381804293542 0.06778114930307368 0.13898291527399928 0.11219102799226448
0.13471305973878772 0.10202282986592412 0.242614497452918 0.1037690285793263 0.11758649673197953 0.09020723900107853 0.11569472290859216 0.09339212572139366
0.10912228320352467 0.08126750826429038 0.2701407885422508 0.1238717309393233 0.09450327438923602 0.07150212097766366 0.13810773583832014 0.11148455784539095
0.12052607315672945 0.09063838228876424 0.2063360130930472 0.0911557687451268 0.1397783404022123 0.10666932717795856 0.1355091726420094 0.10938692249415215
0.12287603908469405 0.09200323696221248 0.1833838436673326 0.09021154403088064 0.1538672649223844 0.11529869930923456 0.13410551918620464 0.10825385283705677
0.12354122870966185 0.09230409475420122 0.17545424413154775 0.09018731294248633 0.15858873751169197 0.11763010837358198 0.13406949804584536 0.1082247755309836
0.10888704809876644 0.08129143966445275 0.24317805982791837 0.12699197091250172 0.10571615231366531 0.07805598480675913 0.14158657055468474 0.11429277382125155
0.1042749046597028 0.07847938383129216 0.2726914598775036 0.12636514682146388 0.09316586996384023 0.070406894235785 0.14088770847109483 0.11372863213931751
0.10231294471315118 0.07729709973251356 0.28444127064364644 0.1252886224983525 0.08971250190660501 0.06850033606875247 0.13968746418846162 0.11275976024851724
0.10146502299566819 0.07678161785587784 0.289001013463147 0.1247802880914962 0.0886388657649166 0.0679102232863272 0.13912070926022038 0.11230225928234658
0.10111197215798662 0.07656773483529936 0.29075674584111566 0.12457471235986718 0.08827600414685695 0.06770408187406726 0.13889150766092653 0.11211724112388045
0.10096947117841389 0.07648222102737497 0.2914311689908696 0.12449472744498681 0.08814676860249025 0.06762805760551796 0.1388023304498584 0.11204525470048811
0.08031186158317635 0.1333491377527705 0.14508876661616288 0.1356886334985666 0.0934852728524847 0.15721767695170508 0.09203229054685387 0.16282636019827992
0.07509595050090251 0.14958960985109593 0.10873809830424298 0.1334637971159863 0.0930178607211268 0.1894148558800973 0.09052327108736463 0.16015655653918356
0.10047252387606187 0.09574780011012508 0.21772081815563948 0.1319804738181818 0.09444683647077541 0.09370074211467098 0.1471483790181818 0.11878242643636362
0.13659520710240972 0.10876710156981731 0.2173014355890255 0.10562426728573147 0.12121293353977157 0.09767403874050189 0.1177631756155842 0.09506184055715833
0.08555414750244492 0.1417130555290802 0.1258617443142961 0.13255465317600715 0.09920331235863362 0.16614086898025518 0.08990663432807441 0.15906558381120856
0.10239330575305769 0.0935624306648123 0.2247685985675055 0.1310731597023098 0.09519885172384056 0.08890101836740218 0.14613679148899314 0.1179658437320788
0.0923905651111607 0.15970421733134443 0.14823584012776872 0.1558475634745747 0.08176533462236411 0.142514694264256 0.07927897794141409 0.14026280712711722
0.10325289504865892 0.09636436367119945 0.23401686660304524 0.129956909308742 0.09057216180439735 0.08398332958365595 0.14489225560243324 0.11696121837786783
0.10341854792579903 0.08193519326157175 0.26944361205470146 0.12705960271165598 0.09034464104052303 0.07178278560166586 0.14166197496359256 0.11435364244049037
0.10223791981161051 0.07823427759319306 0.2832297078051772 0.12545897462982508 0.0892234045347008 0.0688252443564427 0.13987739410220798 0.11291307716684258
0.11864863797124593 0.09021855318236943 0.21084163585436388 0.09120768661979314 0.13806183077702586 0.10598607960172769 0.13558635204972233 0.10944922394375177
0.08245324437406668 0.1361159785453348 0.12463977696591275 0.13322784849139446 0.10330487840758668 0.17002161865795498 0.09036323636807625 0.15987341818967335
0.07521259320970017 0.14996297489960497 0.10368401795064222 0.13290314986413676 0.09484272019636437 0.1937677580477816 0.0901430059948058 0.1594837798369641
0.07346708719710528 0.1535346690105831 0.09832356343782012 0.13214400715970867 0.09245596627047925 0.20187378912867682 0.08962810920397633 0.1585728085916504
0.1003395890622354 0.09681462192624161 0.21312233691933172 0.1323060577354296 0.09458325513693257 0.0962473064693367 0.14751138078860584 0.11907545196188665
0.10349554456596433 0.082641406884384 0.2612836380512299 0.1280979936179746 0.09189901786550318 0.07447450142648773 0.14281970333227914 0.11528819425617715
0.10255070017350024 0.07859743917120221 0.2800954032716781 0.12585645230359013 0.08981539358679144 0.06949325237406359 0.14032055204594304 0.11327080707323114
0.08061997277037267 0.1343822393612282 0.14240960298418917 0.13574704974937551 0.09387696519683546 0.15799579823482404 0.09207191200392426 0.1628964596992506
0.0751400864351997 0.1498956023042904 0.108104485331135 0.13344348127332079 0.09308860558293162 0.1896860698988853 0.09050949164625237 0.16013217752798492
0.10050153762889263 0.09582610546828718 0.21744412448514272 0.13200358658795686 0.0944797171382585 0.09376755273065351 0.1471741480316474 0.11880322792916116
0.10338398773464533 0.08233138656521272 0.2629962680519797 0.1279012743604991 0.09174265364177761 0.07393290668070095 0.14260037604073558 0.1151111469244492
0.10246351639825116 0.07849144948118994 0.2807562564688186 0.12577511658426357 0.08972838913425464 0.06935779821866118 0.1402298687887237 0.11319760492583722
0.08060178003833132 0.13434381459434402 0.1425643236393786 0.13574090789787802 0.09385503512200828 0.15793730300421924 0.09206774622638682 0.1628890894774536
0.11456334867322868 0.10445449333245094 0.16488987178207115 0.09282739363236266 0.14192886325944135 0.13194900165141135 0.13799415531019882 0.1113928723588352
0.10728328617384998 0.08448277745346128 0.23927358453994918 0.12780331088249833 0.10260055635691592 0.08104235072560484 0.14249115407347202 0.11502297979424851
0.10404598471830157 0.07949652513932134 0.2712105015542906 0.12656419062521315 0.09263369620419104 0.0710317027377305 0.14110962745826003 0.11390777156269184
0.08090455438689373 0.13484587068329837 0.14031417102608698 0.13577473656003183 0.09451741786166248 0.158622874725793 0.09209069088419551 0.1629296838720382
0.11466883349220022 0.104585849778508 0.1641313733715011 0.09284486329349562 0.14217695394747545 0.13215816502981642 0.13802012513480838 0.11141383595219473
0.10733349244168067 0.08452784583618071 0.23895488759497352 0.12783311402283085 0.10267851142810559 0.08109796370485302 0.1425243823508278 0.11504980262054774
0.10406875486390185 0.07951351670999944 0.2710845130067857 0.12657835712850618 0.09266008380407718 0.0710488310188439 0.14112542205223003 0.11392052141565556
0.10229977824023992 0.07779417241446848 0.2837967394147004 0.12532326244236547 0.0896353558054376 0.06863367034369339 0.13972608514096566 0.11279093619812892
0.11863138281929198 0.09019781930719295 0.21099251618758383 0.0911739716141595 0.13815738548470777 0.10590192622066538 0.13553623242940727 0.10940876593699139
0.10666385238100516 0.08044341033505188 0.25807170425617054 0.1258124247646501 0.10025415092427808 0.07525181042499708 0.14027146462566212 0.1132311822881851
0.10323258613622191 0.0782083085545836 0.27853057077654186 0.125682730641526 0.09153645962945628 0.06956802132725222 0.14012686535704463 0.11311445757737339
0.10184176139249819 0.07734465841261914 0.28666178421034266 0.12497341496018727 0.08916619364161021 0.068200082612216 0.13933603130635802 0.11247607346416855
0.13492562475963368 0.10258074631955642 0.24137845480453685 0.10379768638669518 0.11784207978489357 0.09033081597149269 0.1157266742251661 0.09341791774802564
0.1260401145916933 0.09436147734507949 0.19451169295564136 0.08936228949150572 0.14555381310170673 0.11009281985062655 0.13284304527393984 0.10723474738980686
0.10881248746072908 0.08150644596412036 0.2509660055331788 0.1261310988465917 0.10220707203813299 0.07623213874993523 0.1406267624453791 0.11351798896193255
0.1378370275550279 0.1041814713944025 0.2284655651170317 0.10437557300442915 0.12217412083451276 0.0926572517125373 0.11637097467807248 0.09393801570398623
0.14507716080240324 0.10833374865979048 0.217318273891752 0.10222494480473666 0.12609331822487435 0.09497691856212308 0.11397318473005713 0.09200245032426299
0.14732496239818615 0.1093374163445902 0.21286978707728582 0.10210845763773156 0.1271597175056175 0.09545873693071187 0.11384331023191863 0.0918976118739584
0.11292379208145577 0.08359662417481577 0.25764624983046014 0.12461498814018658 0.09722904307816148 0.07289940121842495 0.13893641215032743 0.11215348932616793
0.0824539878187566 0.13599182013627908 0.13699952966368137 0.13550723657125432 0.09541214258254574 0.1591173432327791 0.0919092561091986 0.1626086838855052
0.0754194303944813 0.15070010845691012 0.10678894694771691 0.13332295606124608 0.09335744900848174 0.18999581774656246 0.09042774411110605 0.1599875472734953
0.11330499139524515 0.10845196932955571 0.15265356921009854 0.09293711979139918 0.142016768424381 0.1409537674843675 0.138157270615274 0.11152454374967902
0.10738648653609109 0.08566153036632947 0.23416432752719363 0.1282970831882933 0.10301508461416171 0.08296643955271282 0.14304167334575388 0.11546737486946397
0.10424731083819767 0.07990766123233424 0.269201698809165 0.12679388310300566 0.09288062664979642 0.07148860714502689 0.141365717429769 0.1141144947927051
0.10240371780123102 0.07796103693908957 0.2830647027011066 0.12540355706290363 0.08973669607560679 0.0687514804127192 0.13981560765072987 0.11286320135661325
0.10150263468513508 0.07723067082733541 0.2884284556033211 0.1247854895096143 0.08865712503633143 0.06796217532635335 0.13912650845325653 0.11230694055865287
0.10110799007899866 0.07695089917464377 0.2904909815086299 0.12454069022733927 0.08826738178660502 0.06770186049705504 0.13885357552212302 0.11208662120460534
0.10094499541122208 0.0768435731062646 0.2912828714045186 0.12444630531473835 0.08812302520520378 0.06760921138656485 0.1387483433882232 0.11200167478326453
0.11811198193238046 0.08992176168163411 0.2133721617677888 0.09103859434742298 0.13748349818316616 0.10549070384079953 0.13533498502990043 0.10924631321690756
0.1064545636528945 0.08037652750996199 0.25903138325885916 0.12570385175330995 0.10002971760481763 0.07512007582169634 0.14015041382048138 0.11313346657797896
0.081261639163855 0.1350492981974719 0.13732865713210105 0.1355810186907001 0.09606872351089919 0.16005414124244052 0.09195929963369223 0.16269722242884008
0.10113933244002864 0.09232550459370445 0.22995977251366295 0.1308991139869336 0.0943151125243901 0.0876092178482052 0.14594274350483494 0.11780920258824025
0.10307400441855226 0.08147589391168285 0.2678876618939338 0.12727986335961833 0.09129481696010158 0.07252833328374585 0.1419075491487088 0.11455187702365649
0.10219887622016935 0.07834038004158769 0.28261373947479623 0.12550931684152208 0.08946345455537724 0.06898232579780893 0.13993352191136865 0.11295838515736988
0.08052425637796208 0.134511552662792 0.14297027146676256 0.1356740661191193 0.09376158995060829 0.1577269740164101 0.09202241006340267 0.16280887934294316
0.07508813873353518 0.15032639614732368 0.1081905925663903 0.13336650917564508 0.09302202419861483 0.18950924368336625 0.09045728448435057 0.16003981101077405
0.07347582669093265 0.1542171841510532 0.09939379339940839 0.13219859264885464 0.09209721930749275 0.20031394021832277 0.08966513240531011 0.15863831117862556
0.07296742368093163 0.1550433628211698 0.09710873446671159 0.13178060765257635 0.0916299707462715 0.20395154191097853 0.08938162953826918 0.1581367291830916
0.10020893106317776 0.09744641036030315 0.2125122431422042 0.13227449918108947 0.09439536455852741 0.09663930707608498 0.1474761953556326 0.11904704926298053
0.1034643009441805 0.0829575603965596 0.26100761450717236 0.12808589283515787 0.09185810057451163 0.07454301532829403 0.142806211862482 0.1152773035516421
0.09257676236222755 0.1559623355495958 0.15798184466564222 0.1556334300105682 0.08107746998169472 0.1375280212414709 0.07917004917928905 0.14007008700951137
0.1346999714626836 0.1251254152333642 0.1946513384099737 0.1058942399819479 0.11790370387541241 0.10835634002821566 0.11806417502464936 0.09530481598375311
