Action: 0
[0.1496387929241483, 0.10381539493764907, 0.2274687837746308, 0.10381536658216356, 0.10381536660727596, 0.10381556200980512, 0.10381536658216356, 0.10381536658216356]
[0.10590165226926498, 0.10590165226926498, 0.2586884341151452, 0.10590165226926498, 0.10590165226926498, 0.10590165226926498, 0.10590165226926498, 0.10590165226926498]
[0.2117485784055557, 0.10587355840165814, 0.1528144994298302, 0.10587355840165814, 0.10590162141126987, 0.10604106714671162, 0.10587355840165814, 0.10587355840165814]
[0.125, 0.125, 0.125, 0.125, 0.125, 0.125, 0.125, 0.125]
[0.11048184719707664, 0.10273784782486038, 0.22646805631642064, 0.10273784782485956, 0.14936085736195934, 0.10273784782510427, 0.10273784782485956, 0.10273784782485956]
[0.10750467226066468, 0.10465133867514118, 0.25812285163770465, 0.10465133867514118, 0.11111572793981148, 0.10465139346125449, 0.10465133867514118, 0.10465133867514118]
[0.125, 0.125, 0.125, 0.125, 0.125, 0.125, 0.125, 0.125]
[0.125, 0.125, 0.125, 0.125, 0.125, 0.125, 0.125, 0.125]

Action: 1
[0.103925285171349, 0.103925285171349, 0.103925285171349, 0.103925285171349, 0.1505774195983818, 0.22587086937352427, 0.103925285171349, 0.103925285171349]
[0.10505392214496026, 0.10505392214496026, 0.10505392214496026, 0.10505392214496026, 0.1115129108796, 0.25816355625063847, 0.10505392214496026, 0.10505392214496026]
[0.11129635537525336, 0.10267122242175175, 0.10267122213636153, 0.10267122213636153, 0.12258058926990989, 0.25276694438763875, 0.10267122213636153, 0.10267122213636153]
[0.125, 0.125, 0.125, 0.125, 0.125, 0.125, 0.125, 0.125]
[0.10398210537978488, 0.10398210535366141, 0.10398210535366141, 0.10398210535366141, 0.12124630885283848, 0.2548610589990696, 0.10398210535366141, 0.10398210535366141]
[0.10393419021081374, 0.10393447031080252, 0.10393419021081374, 0.10393419021081374, 0.22576536099571604, 0.15062921763941273, 0.10393419021081374, 0.10393419021081374]
[0.125, 0.125, 0.125, 0.125, 0.125, 0.125, 0.125, 0.125]
[0.125, 0.125, 0.125, 0.125, 0.125, 0.125, 0.125, 0.125]

