0.125 0.125 0.125 0.125 0.125 0.125 0.125 0.125
0.06578947368421052 0.10964912280701754 0.05921052631578946 0.09868421052631579 0.13157894736842105 0.21929824561403508 0.11842105263157893 0.19736842105263158
0.06477779486390896 0.10796299143984828 0.05830001537751806 0.09716669229586346 0.14493310779640164 0.21592598287969655 0.11660003075503612 0.19433338459172692
0.07254615194605382 0.12091025324342305 0.0870553823352646 0.14509230389210764 0.10285327421932643 0.18135802657960914 0.10881922791908075 0.18136537986513454
0.07174648304136072 0.1195774717356012 0.08609577964963286 0.14349296608272144 0.0982847613833233 0.19381660594191769 0.10761972456204108 0.17936620760340177
0.059700196912178344 0.09950032818696392 0.05373017722096051 0.08955029536826753 0.13048660738827822 0.2804714497448954 0.10746035444192102 0.17910059073653506
0.08769198837691987 0.1551473640514736 0.07644942576449425 0.13525667635256675 0.10523038605230385 0.18617683686176836 0.0917393109173931 0.1623080116230801
0.09593269979774083 0.07743964923432091 0.19186539959548166 0.15487929846864182 0.08633942981796675 0.08147329482813687 0.1726788596359335 0.13939136862177764
0.09770079568438188 0.07693937660145074 0.19540159136876376 0.15387875320290148 0.09192988045242009 0.07964878947375859 0.17035010529584532 0.13415070792047823
0.07098894878369594 0.12559583246346204 0.1046346772803288 0.15699479057932753 0.08518673854043513 0.16172184048201363 0.1064834231755439 0.18839374869519304
0.09357091470514865 0.07553314801499951 0.205332529941161 0.15106629602999902 0.08421382323463378 0.08589597517779142 0.16842764646926756 0.1359596664269991
0.10517844469135665 0.08490308185928791 0.1761018455918789 0.10612885232410986 0.12621413362962797 0.11635135207777195 0.157767667037035 0.12735462278893184
0.08974259053417884 0.07244281404566244 0.23254064965857632 0.14488562809132488 0.09052258279219945 0.07793200663434383 0.16153666296152192 0.1303970652821924
0.08707381084513278 0.07028849791113129 0.2619223778859766 0.14057699582226257 0.08524305001387777 0.0716431117603436 0.156732859521239 0.12651929624003633
0.08505439371272511 0.06865836600906726 0.27988839217977446 0.13731673201813452 0.08296751340356893 0.06943163517750353 0.15309790868290518 0.12358505881632106
0.06674607564241744 0.1180892107519693 0.14475627045246028 0.14761151343996165 0.08669509587626065 0.15884890424535061 0.10011911346362616 0.17713381612795395
0.09391876119726998 0.07396102444285012 0.21382417210536173 0.14792204888570024 0.08866198674950569 0.08899853422115406 0.16375578875421432 0.1289576836439438
0.059172019288517806 0.10468895720276226 0.08022592259492836 0.09126729602292095 0.12864739620408538 0.25029209070198916 0.10317172593895413 0.1825345920458419
0.08225082341716658 0.13708470569527764 0.11241413976236059 0.16450164683433316 0.08081260441097327 0.19347737250071645 0.08604701526718965 0.14341169211198274
0.0658767285560257 0.11655113513758392 0.10640967469879299 0.1456889189219799 0.08533267905587698 0.20649906808932605 0.09881509283403855 0.17482670270637587
0.0915317952124457 0.07208128872980099 0.22576825534028935 0.14416257745960198 0.08647314045934183 0.0947088477197311 0.1595938993447771 0.12568019573401198
0.08679717278062461 0.14466195463437437 0.12169085862802419 0.13019575917093693 0.11775035587328407 0.22313962403199097 0.0976468193782027 0.07811745550256216
0.08279284181760228 0.13798806969600383 0.09726245261631125 0.12418926272640345 0.11569636950874454 0.27441549895428996 0.09314194704480258 0.07451355763584205
0.06572616589305776 0.10954360982176294 0.0983398882829796 0.1314523317861155 0.09178828911092288 0.24024505153293024 0.09858924883958664 0.16431541473264438
0.06456326514912628 0.11422731526383881 0.10165558864451277 0.1427841440797985 0.08457582385926249 0.22400799238401348 0.09684489772368941 0.1713409728957582
0.11661053362258328 0.09413139461100097 0.184755004618455 0.11766424326375123 0.11378291669250622 0.13597123792892093 0.1311868503254062 0.1058978189373761
0.08775206627484927 0.0691047521914438 0.2570447064959266 0.1382095043828876 0.09183203344859353 0.08256299731635225 0.15300360273563463 0.12049033715431229
0.06804624119660868 0.11341040199434782 0.13760795099400805 0.13609248239321736 0.0988722904335382 0.17378566820184504 0.10206936179491304 0.1701156029915217
0.06957643522906885 0.11525195788260698 0.11106533539313493 0.1440649473532587 0.08590214402640686 0.20354762682592467 0.09771361646568853 0.17287793682391045
0.08976057340157598 0.07068645155374109 0.23226685821767004 0.14137290310748218 0.09005053239061148 0.09610889422734085 0.1565056151617222 0.12324817193985627
0.07116227675823653 0.11538420375273702 0.13236824715525075 0.14423025469092127 0.09081612501534017 0.1751368490341317 0.09782573796427704 0.1730763056291055
0.0890852126803886 0.07015460498580603 0.24217104169038772 0.14030920997161206 0.09003674518686695 0.09059427263106075 0.15532806313503655 0.12232084971884129
0.08509182114200237 0.1418197019033373 0.12801174994708936 0.12763773171300355 0.12331818956856336 0.22180986791344925 0.09572829878475267 0.07658263902780213
0.08080084878471248 0.13134189621452017 0.08748298922489751 0.11450319157163298 0.11460888112125767 0.2561953289136511 0.07766303428336845 0.13740382988595956
0.09316047832374391 0.06939685013895162 0.2131134376883906 0.13879370027790325 0.09789877423997864 0.10797781100988377 0.1547446180710354 0.12491433025011289
0.11868469269610021 0.09346419549817891 0.2264141819470455 0.11215703459781473 0.12136336031238827 0.10597615960676496 0.12416244774361254 0.09777792759809488
0.0719628708964929 0.113349702444115 0.1311794715546604 0.14168712805514375 0.0985440894708651 0.17715134923167017 0.09610083468088011 0.17002455366617247
0.06896981917064539 0.1136978350808677 0.10942903417990228 0.14212229385108463 0.09440716370425774 0.20443111077990062 0.09639599061204002 0.17054675262130156
0.12835166458134575 0.09447794311884013 0.1878085124191691 0.11337353174260816 0.1221330057184761 0.1295077187595848 0.12550916008949703 0.0988384635704789
0.06262534493899266 0.09775893785406979 0.07368564396671803 0.08522574069329161 0.1456442418875901 0.2682664676194684 0.09634214165328617 0.17045148138658323
0.09830962357388258 0.06947866772112073 0.2136208388379613 0.13895733544224145 0.09735834617034489 0.10730141335816168 0.15383148245946143 0.12114229243682588
0.0620155416355219 0.09964726726817758 0.07836946513453229 0.0868719765927702 0.14088993048788892 0.2602587617211329 0.09820310397443588 0.1737439531855404
0.098171017207774 0.06946598569115828 0.2160935979576906 0.13893197138231655 0.096628817880066 0.1057850262990561 0.15380340340248308 0.12112018017945546
0.06204808657666782 0.099711346634959 0.07876249897860566 0.0869278406561181 0.1407721848303367 0.25965610635633435 0.0982662546547422 0.1738556813122362
0.0981566937679575 0.0694522380322972 0.21636560361475893 0.1389044760645944 0.09659297222758606 0.10565884143482533 0.15377296495551354 0.12109620990246693
0.07867531286140776 0.1113695018853032 0.12981274925476208 0.13364340226236382 0.09810809314051845 0.1811041360709169 0.10023255169677286 0.16705425282795475
0.08189969852755717 0.13410592702389712 0.08989604263443414 0.11691285945673081 0.11382584618693355 0.24376677710389186 0.07929741771847829 0.14029543134807698
0.1006688069255875 0.06895468420822085 0.22066550410245225 0.1379093684164417 0.09657791076312036 0.10232370554317628 0.1526713398830775 0.12022868015792353
0.07868169215953981 0.11083116330940251 0.13055419389214112 0.13299739597128302 0.10174507062020258 0.17919569210486486 0.09974804697846225 0.16624674496410374
0.05913334489419151 0.09682125188034105 0.06501423857186236 0.08440827087004091 0.13800778262287638 0.2923805240892554 0.0954180453313506 0.16881654174008182
0.07033583562722116 0.10563325755051729 0.09059110910898709 0.12675990906062073 0.10819994650349993 0.24496012402791237 0.09506993179546556 0.15844988632577592
0.06733981040496972 0.11105744227038188 0.09842358629410296 0.13882180283797735 0.09644917802975554 0.22716462004974203 0.09415739670749769 0.1665861634055728
0.09206336673646676 0.06951069882877604 0.21944595386933438 0.1390213976575521 0.09672109236886064 0.10311974899021122 0.15499848365700208 0.12511925789179687
0.09065726493593729 0.06684946076071477 0.2683823712314048 0.13369892152142954 0.09310951222323707 0.07790911999305286 0.1490643199649371 0.12032902936928658
0.08883907066417274 0.06555310936859794 0.2873322298262192 0.13110621873719588 0.09075640185502838 0.0722437228395104 0.146173649845799 0.11799559686347631
0.07019009135903777 0.11367184043268348 0.14690505226822892 0.14208980054085435 0.09534155140559197 0.16491995167339016 0.09637395167118819 0.17050776064902523
0.11932598099980192 0.10037346076681987 0.19778300625344464 0.11223196626486848 0.12490511462056676 0.11924143459065879 0.12513026686545786 0.10100876963838164
0.13119725524385034 0.09584187646321797 0.2124947117654934 0.10821275771755841 0.12874099439790426 0.10547177319002952 0.12064914927614347 0.09739148194580255
0.10025471662422056 0.07158785684976689 0.2625136029440435 0.12984514080885295 0.09738780311324259 0.07678261086591602 0.14476764206598977 0.11686062672796765
0.07515455233683654 0.12060272367304738 0.14030449489397073 0.14014489896915824 0.09565887995394957 0.16490577037009674 0.09505480103995081 0.1681738787629899
0.09527789253084569 0.07611641604719319 0.2357560935295184 0.13517619651363486 0.09529769147963846 0.09000576170005453 0.15071137133684362 0.12165857686227137
0.09520696136216014 0.07059122048760848 0.2736178299688265 0.1307087410030073 0.09219433867500082 0.07431254976599404 0.1457304918346962 0.11763786690270658
0.07449568134233443 0.12036026719157225 0.14287426132025607 0.13998184654687207 0.09557160585126687 0.16379391292922546 0.09494420896222627 0.16797821585624648
0.10844108184337135 0.08670471284467762 0.1688078774485673 0.09625553984591671 0.14474878847934355 0.1364450268177502 0.1430903249052732 0.11550664781510005
0.10238923485547727 0.0716704805712372 0.2443895125053335 0.13111606551631208 0.10317555945444538 0.08307005986283432 0.1461846282696793 0.11800445896468087
0.09955246419646295 0.06954545194586848 0.27586420898784486 0.1292325881480931 0.0929616160924588 0.07244964973386052 0.14408469156212766 0.11630932933328379
0.11470224875166 0.080367220560825 0.21069937655529028 0.09351600229632578 0.14039857422799432 0.10907955651329813 0.13901781833901564 0.11221920275559091
0.10447164675302037 0.0698951092195227 0.2605314208936105 0.1285766826589094 0.1005524756048574 0.07690024458720264 0.14335340588985865 0.11571901439301845
0.10148187037186876 0.06876863231177131 0.28155691170303465 0.12795234005933134 0.09165418954945788 0.07077163946707735 0.14265731048406047 0.11515710605339823
0.10021079245543213 0.0682465333432338 0.2897403273752284 0.12711283291262193 0.08928886012889295 0.0692777814979644 0.14172132266526655 0.11440154962135975
0.09149219257857252 0.13683779622119355 0.168026584134763 0.1593628747205664 0.08130359467193356 0.13848316893617305 0.08106720148828812 0.14342658724850973
0.10029330593298523 0.06779874582577783 0.25479344711872237 0.13559749165155566 0.09076353886933423 0.08242827548161522 0.1501119972699354 0.11821319785007417
0.08074827274039513 0.11938901112184505 0.1381701507801045 0.13915836987194033 0.09486552979513928 0.16629294488762683 0.09438567695662041 0.1669900438463284
0.11593162773178971 0.08598814191609544 0.16623540155560715 0.09544276511653123 0.14359576130476526 0.13639290355467953 0.1418820806806942 0.11453131813983747
0.10753815544348726 0.0712242448604826 0.2423197868303568 0.130297302994973 0.10333409255179388 0.0827470754633639 0.14527176916006693 0.11726757269547572
0.0942521345688763 0.13754828563102406 0.15551105435933724 0.15973520276322586 0.08455338385303021 0.14338165319283167 0.08125660314477143 0.14376168248690324
0.07785675707281138 0.11093245535936415 0.11531012677092221 0.133118946431237 0.10128832041021543 0.19525550109297576 0.09983920982342774 0.16639868303904623
0.07585659822433867 0.12253403322549715 0.10380381769938832 0.13703711942395275 0.0960449928458413 0.20733197948903562 0.09294691578320273 0.16444454330874328
0.08770182678761146 0.1439133466023372 0.11752075335529218 0.1592092508820798 0.08269495547565277 0.18468248739357496 0.08098905370957973 0.14328832579387182
0.07656849887933502 0.11022081908593442 0.10594631806604365 0.1322649829031213 0.10022886783558221 0.21024054742374085 0.09919873717734098 0.1653312286289016
0.06429818881805796 0.10386034264321928 0.06015127536417766 0.08105160104652508 0.1354752147249089 0.3014366263009457 0.09162354900911529 0.16210320209305015
0.09959572002047468 0.07504939712542508 0.197471471514683 0.13484766167553847 0.10526817167846121 0.1160596029675416 0.1503450795098914 0.12136289550798462
0.12037105464543969 0.08122150367193494 0.18468910678808353 0.0939961192475095 0.1458761532076686 0.12131917490874097 0.13973154443361116 0.1127953430970114
0.14295089911877998 0.09231633121795506 0.2048515997963643 0.10600656596423516 0.13588207347654285 0.10439721094594731 0.11818941011236368 0.09540590936781165
0.11320359306850404 0.0701738966203234 0.25664960787632296 0.12742022345214515 0.10018118285798701 0.07562925484054447 0.14206404017724242 0.11467820110693062
0.1229086133463295 0.07979219188918305 0.2032603113401739 0.09272279325782554 0.14301057272725598 0.10919950570179056 0.1378386598280511 0.11126735190939065
0.10886773336246493 0.06961255912898623 0.25663897994069296 0.12805469965346258 0.10205493928630437 0.07675042514723168 0.1427714337927411 0.11524922968811632
0.10465277417742079 0.06852155722399178 0.27938479185273424 0.1274770016106321 0.09254729337245024 0.07055993672642262 0.14212734358677936 0.11472930144956892
0.10297988341675605 0.06798773653475641 0.2883122533171746 0.12661404244776983 0.08995147436208727 0.0690367631983375 0.14116520852012546 0.11395263820299285
0.10228846707608215 0.06774062313337995 0.2917351289661679 0.12621189585951395 0.08914521203493972 0.06857112157119416 0.14071684508515958 0.11359070627356256
0.10200819031360722 0.06763943367541421 0.2930377298997615 0.12605024897390416 0.08887251422390399 0.06841003796599009 0.14053662087090504 0.11344522407651374
0.11949291530004164 0.07927331759241049 0.21513747536880254 0.09233978824084692 0.1388072348513492 0.10687222561143822 0.13726929714609482 0.1108077458890163
0.14214597835472212 0.0914874482543411 0.21567029591842898 0.1052325649933371 0.1330305320965281 0.1003974150975604 0.11732645679107882 0.09470930849400339
0.12963412859201004 0.08028483789573819 0.1874832324068971 0.09117606780522733 0.15205450736528744 0.11441659601034862 0.13553934855821853 0.10941128136627278
0.11091980872649694 0.06984370897386599 0.24988479537114025 0.12839430005273922 0.10433965567237995 0.07791279826129123 0.14315006289462118 0.11555487004746529
0.10540380009376442 0.06867428310759913 0.2767047879848505 0.12773466190849106 0.09320856336552688 0.07089809223161456 0.14241461559051166 0.11496119571764195
0.10329926482063802 0.06805583216617479 0.28726853606045066 0.1267234771146435 0.09016312340785523 0.06915141702013532 0.1412872200069234 0.11405112940317914
0.1024510913761077 0.06776521810856158 0.2913253051392929 0.12624948331397315 0.0892150748048529 0.06861053998278811 0.14075875229184767 0.11362453498257584
0.1365766838879088 0.09047746441157045 0.2448250075253509 0.10537852769267322 0.11889705620038898 0.09151539105060201 0.11748919430809984 0.0948406749234059
0.11055176162224856 0.06921031434055219 0.2727822160225483 0.1258840223300561 0.09541255858613511 0.07251221643342125 0.14035129056798792 0.11329562009705049
0.10450803415452273 0.06806675745814286 0.28552626699373007 0.1266584033448514 0.09061722000157557 0.06941608742695454 0.1412146676098567 0.11399256301036625
0.10277566327231949 0.0677920709797278 0.29062677757926697 0.1262975268639206 0.08934523013122125 0.0686826397313159 0.1408123172646995 0.11366777417752853
0.11980740401950413 0.07931221132125053 0.21436145324028633 0.09237231800562584 0.13900379434332052 0.10697838263698796 0.13731765482627364 0.11084678160675102
0.10783636211556807 0.06933776198494088 0.26114464885861277 0.12760319311261764 0.10086102800435187 0.07610609442833587 0.14226803769421698 0.11484287380135587
0.1043148465365365 0.0683894839655476 0.2811234353745543 0.12726028615323434 0.09215360705894418 0.07033836134869599 0.1418857220245762 0.11453425753791091
0.1028962604410831 0.06792982534999072 0.28896506001151645 0.1265196838929891 0.08980942050072198 0.06895202852678037 0.1410600057732281 0.11386771550369018
0.11987909989495225 0.07934947926019398 0.21383709461928624 0.0924046777515305 0.1391957665231427 0.10708250888708094 0.13736575976197668 0.11088561330183659
0.10787377876752562 0.06935259117568353 0.26093428831401283 0.12762622319045727 0.10091875187965148 0.07613705128891204 0.14229371451234563 0.11486360087141154
0.13897729357468655 0.09110675723457572 0.23397739244745006 0.10595672339068057 0.12277854324085283 0.09370839969769636 0.11813383936244537 0.09536105105161251
0.11149711622372561 0.06949240363519793 0.26845493259817094 0.12632701217032663 0.09655356455178558 0.07313546868655302 0.14084519118094624 0.11369431095329395
0.13982339889971912 0.09090297623065487 0.23650439808431983 0.10569415273292622 0.1212937727961559 0.092815471122716 0.11784109267387445 0.09512473745963358
0.11160037645342448 0.06941136471553219 0.26943634675629846 0.12620128461753685 0.09615104193122795 0.07291341502795795 0.14070501434223884 0.11358115615578318
0.08347827057026846 0.11890779738387745 0.14140149191784043 0.13826542888973997 0.09644158982272677 0.1618068767182962 0.09378003002956277 0.16591851466768795
0.10313626494991193 0.07523375850358384 0.23455164517680985 0.13361288860332782 0.09542526530088945 0.08882017804086118 0.1489683996816207 0.12025159974299504
0.10443569252711588 0.06970462693376497 0.27135759165613244 0.12902306226590862 0.09210607037673875 0.07340111436126973 0.14385108583975184 0.11612075603931778
0.10332492131434495 0.06830878135718875 0.28533152398316536 0.12707796804684918 0.09015121928503399 0.06975296382946793 0.14168245094178558 0.11437017124216427
0.10254169255431368 0.06783918890541961 0.29060704275504673 0.12635905119871418 0.08928150891456678 0.06876745728647012 0.1408809123066261 0.11372314607884276
0.1366381777092381 0.09050229456447219 0.24457932912548005 0.10540054318670601 0.11893716481993713 0.0915682617851319 0.1175137399409991 0.09486048886803541
0.11058386349072091 0.06921725512589345 0.27268402850988555 0.12589370476021122 0.09542799690067422 0.07252673117338301 0.14036208575504144 0.1133043342841901
0.10452577069163523 0.06806893512382761 0.28548704619091847 0.12666157667257916 0.09062271625964248 0.06942033042261818 0.14121820563345766 0.11399541900532127
0.09433447189961143 0.1363639264271737 0.1666944807114222 0.1587794492358086 0.08199913702694744 0.1381566149059845 0.08077041548082438 0.14290150431222776
0.10419200270664575 0.08247837508407707 0.24359944561278946 0.13115534494006495 0.09086335012087406 0.08344324919362685 0.14622842189586344 0.11803981044605844
0.08171223387168401 0.12732401018058215 0.13470966639618498 0.13764423513089827 0.09482923104928993 0.16524884260376027 0.09335869861052232 0.16517308215707793
0.10235118160759166 0.0823487152046841 0.23072570866298509 0.1328537385898398 0.09477138299061164 0.08925890414386428 0.14812200406956766 0.1195683647308558
0.08137120544762888 0.12732586015272435 0.13166265828959298 0.1377111209562353 0.0957017563966175 0.16756998896114164 0.09340406464857699 0.16525334514748236
0.13405769903055148 0.10794745881929857 0.18780280916999742 0.10884651651959687 0.12448100085682631 0.11754690769110882 0.12135574304498337 0.09796186486763717
0.1465890872654188 0.10136299456963271 0.20465113659916714 0.10479646134538774 0.12876870646019772 0.10267456478068339 0.11684023376866365 0.09431681521084896
0.14956576830413426 0.09953415895465045 0.21002451043353337 0.10390655984333763 0.129084485568951 0.09852055303195185 0.11584806000443762 0.09351590385900387
0.11428680079220226 0.07533860100287713 0.25778104307496064 0.12618585998797932 0.09808012609269876 0.07407247802872637 0.14068781703137395 0.1135672739891814
0.12287576772220528 0.08431411587189074 0.20311137956629643 0.09215095610003693 0.14170515755719618 0.10827289037630516 0.13698858548602505 0.11058114732004432
0.14277643063916923 0.09736740519444739 0.21036503355841157 0.10463835415382919 0.13366003218496061 0.10035426948161573 0.11666395604912 0.09417451873844628
0.14814921121188707 0.0987357219999297 0.21202071069545558 0.10373003794682749 0.13051363112119482 0.0978424016094557 0.11565125126310467 0.09335703415214473
0.08863894010572693 0.1282709095668167 0.12580698283613007 0.13443886176363593 0.10222308642583813 0.16810996590232732 0.09118461928316177 0.1613266341163631
0.13536134957732127 0.11304683428150465 0.18418018860614702 0.10774958406316809 0.12560002292112382 0.11695464967718762 0.12013274521669635 0.09697462565685126
0.14635193766334936 0.10668689873952328 0.20241989494570128 0.10407388538916891 0.12870951451811927 0.10205675639282734 0.11603461550105845 0.093666496850252
0.13005874475893972 0.0914015570695063 0.18205366558765992 0.09018768087773267 0.14994471733502324 0.11405837231155783 0.13407004500630113 0.1082252170532792
0.08487724402872901 0.13144417198335395 0.11825944566552793 0.13388240409898974 0.10622688566896386 0.17384376781198532 0.09080719582366262 0.1606588849187877
0.10274998889351925 0.08965824785987639 0.22205601490826074 0.13190510618730256 0.09717532720520182 0.09067636964306575 0.1470643497342015 0.11871459556857228
0.13745093774565437 0.10532741504939626 0.2191270641780665 0.1058002401692184 0.1220386686966776 0.09707608576032298 0.11795937224836738 0.09522021615229655
0.14563608147432242 0.1066457680628089 0.21448745216060017 0.10288024048140941 0.12656984870877777 0.09648460217192789 0.11470379050688481 0.09259221643326845
0.11269180143361479 0.08128269268707865 0.25872579996746986 0.12500539480079725 0.09719274595295256 0.07322502339528641 0.13937168644208292 0.11250485532071754
0.1047188572239456 0.07695952538225467 0.27887253684782176 0.1258115790024857 0.09087422854963681 0.06926233022765299 0.1402705216639654 0.11323042110223713
0.10231849544287892 0.07584168761850918 0.28698802087287817 0.1252167160238152 0.08908808835501747 0.06824465342996011 0.13960729383550738 0.1126950444214337
0.10149736934432081 0.07545733498214022 0.2901490152301362 0.12488301220034738 0.088486366439344 0.06789695184778757 0.1392352389756112 0.11239471098031265
0.13498552060576344 0.100455272278163 0.24290196119895824 0.10399314332361646 0.11773578443674765 0.09038989504200147 0.11594459412349477 0.0935938289912548
0.09812393607085444 0.15663669774079045 0.15173939660348768 0.1526405352774343 0.08490217031752462 0.1409332055990881 0.07764757664112962 0.13737648174969083
0.10463218169124955 0.09299354423393236 0.2356208550041502 0.12998664605855784 0.09119307309354113 0.08366030860654952 0.14492540985931746 0.11698798145270206
0.10384461386882704 0.07980354886876116 0.27030904994395444 0.12727519308033447 0.09051572375807838 0.07180185457190778 0.14190234213583558 0.11454767377230103
0.10245316402099452 0.07659419751825214 0.28377739222584136 0.1256892717521519 0.0893135121863701 0.06891795951220327 0.14013415820724995 0.11312034457693672
0.10164814574164352 0.07567784648307173 0.2889347363376117 0.1250463978461515 0.08863911405318342 0.06809459969907763 0.13941740177772416 0.11254175806153636
0.0806112975180841 0.1315043709507485 0.14471481659921231 0.1360720191431747 0.0937485336952594 0.1577702130941666 0.0922923260275446 0.16328642297180965
0.10103472973275363 0.08907534357836697 0.23359726410833767 0.13111229807093872 0.09381154085694773 0.08718732753956975 0.14618042784924062 0.11800106826384485
0.11950266243862205 0.09181690855410916 0.19530033044685788 0.09232932327211323 0.1409600354978811 0.11204181159667952 0.13725374026720114 0.11079518792653588
0.14118196200513605 0.10450085793903116 0.20668366759565693 0.10401493007251243 0.1331947937278343 0.10084146687193093 0.115968884722637 0.09361343706526119
0.1119319473659915 0.0811433059819273 0.2556490920305869 0.12540647237181288 0.09897615050572643 0.07420834860671995 0.13981885800260332 0.11286582513463161
0.08249124225408386 0.13306344528414327 0.13680567634931265 0.13600755803879785 0.09605960066673258 0.1601148031775355 0.0922486045828368 0.1632090696465574
0.08750827740706274 0.16884937227162589 0.12378046301394165 0.15484740754985846 0.08133496945927057 0.16554664053235313 0.07877020297101495 0.1393626667948726
0.10309588643060524 0.09615290353236638 0.22417574267223445 0.13142061255086593 0.09139742577905847 0.08895470225327404 0.1465241754858162 0.11827855129577934
0.13749980701916403 0.10677742956958478 0.21988450029872517 0.10574367558087952 0.12039346349966622 0.09663550905558117 0.11789630695360745 0.09516930802279154
0.11075185931216591 0.08134643049344767 0.2613192475433504 0.1251622324306878 0.09593975918774487 0.07328791314987411 0.13954654869511013 0.11264600918761901
0.10419775811865045 0.07692687881386097 0.2799390548178995 0.1257426201930699 0.09059779978918825 0.06923389235592142 0.14019363773764656 0.1131683581737629
0.08111071137861071 0.13191874157135994 0.14261596545077346 0.1361323736778994 0.09425706227969227 0.15827303508143578 0.09233326214674915 0.16335884841347925
0.10121999277769186 0.08920414441223523 0.23270717614623293 0.13119472201707452 0.09399597039900635 0.08733042003425064 0.1462723243981413 0.11807524981536707
0.10318691734760295 0.07926969876732125 0.26927215474365945 0.12750516043526613 0.09130031099528922 0.07255237474427993 0.1421587385748415 0.11475464439173953
0.10233782127499232 0.07653327605392123 0.28338786124106635 0.1257441581704622 0.08955664842878455 0.0690751400096927 0.14019535246766457 0.11316974235341598
0.1016314650175283 0.07567519456237008 0.28878141715270306 0.1250590863443091 0.08873950693122414 0.06812860377572022 0.13943154850626702 0.1125531777098782
0.10127522595352671 0.07538282404803591 0.2908404436890721 0.1248014017667992 0.08839887167643475 0.0678357218434761 0.1391442494325358 0.11232126159011929
0.10111991353290989 0.07527810957915274 0.2916272437332011 0.12470443305381936 0.08826373847913768 0.06773643531930745 0.1390361365540344 0.11223398974843742
0.13481759492902837 0.10037580875704878 0.24341046514923828 0.10394826782484308 0.11768125403742064 0.0903186069687818 0.11589456129128026 0.09355344104235876
0.1262182499501947 0.09194591992148475 0.19543701067821426 0.08961279696314386 0.1457312041366385 0.11030402053889266 0.13321544145565867 0.10753535635577265
0.1089955343256824 0.07947083590435988 0.25164891344098506 0.12642580282984803 0.10234542901302163 0.07637492654536468 0.1409553353938753 0.11378322254686322
0.10413031417523637 0.0768684766481063 0.2762017010235697 0.12620997525867317 0.09227809666504744 0.07000775473801077 0.14071470375855052 0.11358897773280587
0.10227501141946536 0.0758989539379237 0.28596894296127884 0.1253454901144864 0.08951137954084397 0.06843841358636511 0.139750867336599 0.11281094110303776
0.10151920531828698 0.07549141824980786 0.2897544076109254 0.12492486395853708 0.08864381960839106 0.06795200712864105 0.13928190056272713 0.11243237756268337
0.08058057584544984 0.13143610770866054 0.144902781122938 0.13605402509774864 0.09378313843528677 0.1576984203019711 0.0922801213706469 0.16326483011729834
0.114856533083721 0.10125516225982491 0.1660503654864763 0.09316139895720255 0.14224772452559636 0.13214446027976912 0.13849067665876677 0.11179367874864303
0.10750946227670158 0.08211005600651727 0.2401111382993492 0.12812578667412988 0.10279536206310402 0.0811842961576977 0.1428506905157836 0.11531320800671689
0.13810768900559175 0.1029194695475879 0.22508324449873296 0.10502922617638905 0.12295007102419378 0.09428424700403383 0.11709974918472033 0.09452630355875015
0.11067318700992121 0.08049810032716408 0.2633247787349666 0.12486963503616583 0.0963098136011617 0.07272148932222665 0.1392203244358446 0.11238267153254924
0.09427238855147638 0.15227537058368207 0.1588750958834088 0.1558518620243706 0.08206242875245913 0.1371150137876637 0.0792811645950059 0.14026667582193353
0.11830563564858684 0.10519614819237343 0.17048186116878983 0.09275298504474476 0.13786214794184848 0.12621409800284988 0.1378835419471131 0.11130358205369371
0.08231585238997968 0.13788322028977196 0.11504118908832453 0.1333183221296707 0.10314500799128555 0.17788982045871649 0.09042460109664621 0.15998198655560483
0.10221582577134827 0.09091255116446953 0.2206841613019551 0.13202294573478005 0.09664583253302943 0.09150230029747289 0.14719573203564282 0.11882065116130203
0.10382570108345074 0.07987804601240245 0.2644984503968875 0.128029027120256 0.09223729248008086 0.07356254766461583 0.14274281083407644 0.11522612440823038
0.10265307980636422 0.07676348227853896 0.2815398730161521 0.12596356996724165 0.08991061438093662 0.06936218733319019 0.14043998024705895 0.11336721297051747
0.10176862684042187 0.07576260505263807 0.2880703104907276 0.12514347334752798 0.08887927142473 0.06822095311386088 0.1395256337173185 0.11262912601277517
0.10133095209906405 0.07541562247769966 0.2905663670972861 0.12483267478335773 0.08845829040497721 0.06786756932040212 0.13917911651219136 0.11234940730502195
0.10114140794023165 0.07529005447701771 0.2915206727101691 0.12471534886306845 0.08829281680131275 0.06774757836470409 0.13904830686673453 0.11224381397676161
0.11835550568071343 0.08811724249973203 0.21364117356623386 0.0912508722475305 0.1377657816534921 0.10571782726938021 0.13565055038588117 0.10950104669703661
0.08260672448452777 0.13324105452305005 0.12556191460991956 0.133674127154459 0.10348510477817248 0.1703561921423654 0.0906659297221548 0.1604089525853508
0.07555463088271205 0.1458203543202247 0.10429005817452233 0.13358941050883788 0.09525676269746594 0.19457302106920246 0.09060846973642918 0.16030729261060545
0.10097295204463627 0.09274105917634441 0.21627186364170373 0.13261025332466778 0.09529258383712737 0.09491152381387648 0.14785053616944302 0.119349227992201
0.08041292146079293 0.13652962228770713 0.12735942648490522 0.13624522436327136 0.09522277257118403 0.16832595924547297 0.09240980435074059 0.1634942692359256
0.10153803148564386 0.09046368405351454 0.22628555571978953 0.13183774575032992 0.09467585967430313 0.08955590426724663 0.1469892478738753 0.11865397117529693
0.09253427941833225 0.15612196231856182 0.14906980579207266 0.15654221884426184 0.0819552226496056 0.14325616790959697 0.07963234610773319 0.14088799695983562
0.10354681233560423 0.09313517764769665 0.23488773631684684 0.13044959095949038 0.0908490377471727 0.08428545425391759 0.1454415588757303 0.11740463186354134
0.1036346556466151 0.07986758195620605 0.2700662276970859 0.12734952879586817 0.09053630524516763 0.07194590383156144 0.1419852209112142 0.11461457591628137
0.09285971958027468 0.15225061387322436 0.16076616940724014 0.1561272790995984 0.0810387149674725 0.13702168381884253 0.07942126806370875 0.14051455118963854
0.10323494209016731 0.09209710328036234 0.23974159326210273 0.12994123178197006 0.0903024580116419 0.08286078663993555 0.1448747763300472 0.11694710860377305
0.0808697681818439 0.13638275694732768 0.13295638599802714 0.13620552022083496 0.09414224040067518 0.16361382940172314 0.09238287458456632 0.16344662426500192
0.1150930709048281 0.10239689081363051 0.1620894815101114 0.09329391358906264 0.14256479078332912 0.1339214875328997 0.1386876685592633 0.11195269630687515
0.1077047407948038 0.0824193997415589 0.2384698183506708 0.12829715017236265 0.10299555416128325 0.08160415359620182 0.14304174802799235 0.11546743515512638
0.10433346781241348 0.07777051930307771 0.27114684630083874 0.12690067737086377 0.09288430816345057 0.07126878634686913 0.1414847850687093 0.11421060963377741
0.1364062098980035 0.1013926566190274 0.2362313486097861 0.10445617201196558 0.11951382658379438 0.0915283949100296 0.1164608365566243 0.09401055481076902
0.10988846032504081 0.07995341045291468 0.26781835196976944 0.1244187054143767 0.09523747387192136 0.07198919153402392 0.138717571559014 0.11197683487293902
0.09407087026591131 0.15202988950168417 0.16004443314061276 0.15577649545942948 0.08182526901382854 0.13681137075394606 0.07924282595110109 0.14019884591348653
0.10352930385164041 0.09205786414064425 0.23939082702310382 0.1299287445388184 0.09047310953921853 0.08282342683582115 0.14486085398581694 0.11693587008493657
0.08092607948959736 0.13637324049084878 0.13287706443883662 0.13620725234064518 0.09418199852874867 0.16360161248889407 0.09238404941365501 0.16344870280877422
0.10148779425900088 0.09027836212736697 0.22861544107012768 0.131606879629084 0.09427995475528306 0.08855352711546086 0.14673184937750108 0.11844619166617558
0.10339555523015961 0.07956929433681628 0.26766618359788064 0.12769851326257056 0.09149982295336613 0.07286765613492303 0.14237431254797045 0.1149286619363135
0.10244305690198813 0.07662764007345746 0.2827679647876347 0.12581918674965276 0.08965792320097761 0.0691679564772874 0.14027900373431434 0.11323726807468748
0.10167689653531749 0.07570707955400129 0.28854225884022194 0.12508657867714792 0.08878842085041663 0.06815864432774603 0.1394622004057157 0.11257792080943314
0.0806143275019643 0.13150891901260342 0.14461979038968606 0.13606674494660062 0.09383065655707663 0.15779071890975835 0.09228874874639 0.16328009393592072
0.10103539114723482 0.08907638275947391 0.2335515900381481 0.13111090909168266 0.09385554082289987 0.08719148871702095 0.1461788792410253 0.1179998181825144
0.10311297956026229 0.07922421984314675 0.26960406266629805 0.12746474087554358 0.09125498595000482 0.07250707053461934 0.14211367378213588 0.1147182667879892
0.13613156308600569 0.10181249366108094 0.23577920705300925 0.10455813855797047 0.11915178988424932 0.09188996140953483 0.11657452164597604 0.09410232470217342
0.08576638208470413 0.13697909772132527 0.13061299231924164 0.13310578036738624 0.09908908882215171 0.16443927990818716 0.09028044233614024 0.15972693644086347
0.10255130107407626 0.09029185839923448 0.22726702735065524 0.13134785182782174 0.09525759276006117 0.08862824923358494 0.14644305270952662 0.11821306664503957
0.1036687345606902 0.0795849532492274 0.26708185412426033 0.127712357158869 0.0917280844347144 0.07289314757003995 0.14238974745921662 0.1149411214429821
0.13637514596131903 0.10194815403310552 0.23488837781641442 0.10461803999721814 0.11934661743016058 0.0920261214838055 0.1166413072804805 0.0941562359974963
0.10993424181409556 0.08009068702910176 0.26729459983887205 0.12448675260815464 0.095249930835377 0.0721122714251323 0.13879343910192762 0.11203807734733918
0.10379122033247506 0.0765487496726632 0.28224832919358134 0.12545932567211665 0.09027524042578731 0.06888595611030553 0.13987778548816587 0.11291339310490497
0.09280980410800013 0.15095513607083344 0.16397353050528343 0.1559007678612611 0.0809121790354481 0.13583184856244068 0.07930604278159804 0.140310691075135
0.10311160101694275 0.09176912187000254 0.24106035552667543 0.12979395811625338 0.09017822529199272 0.08256159869015989 0.14471057718334515 0.11681456230462803
0.10331075479624778 0.07945856328511672 0.27247798526320455 0.12705478436490183 0.09019982470544302 0.07149217879013464 0.14165660286653978 0.11434930592841164
0.10224921850278489 0.07647516524380767 0.28461115654926866 0.1255833827089583 0.08922888779396393 0.06881104493689758 0.14001609982625648 0.11302504443806248
0.13538394619091262 0.10081355625507123 0.2409717345107061 0.10413636055061777 0.11815572590274391 0.09071168145064389 0.11610427064374845 0.09372272449555598
0.08562419135365759 0.1366715963879501 0.13183929351960091 0.13308195947471016 0.09886107144917992 0.16395925088848923 0.09026428555675994 0.1596983513696522
0.10247751728888026 0.09020279999759878 0.2277878768740603 0.13129731736570283 0.0951710815100649 0.08850911077906772 0.14638671055549254 0.11816758562913254
0.10363305045943144 0.07955542181513577 0.2672877051423609 0.12768832002329336 0.09169342697667153 0.07285963971527723 0.14236294784686587 0.11491948802096402
0.10250804303056925 0.07663167340880085 0.28261335298542756 0.12582940168899429 0.08970829538113546 0.06917237935560669 0.1402903926293712 0.11324646152009485
0.10169669426798643 0.07571112854709788 0.28848123295487055 0.12509232532676715 0.08880449266794607 0.0681624259500547 0.13946860749118664 0.11258309279409044
0.1185689930795872 0.0882491286737779 0.2126782973255924 0.09130688435890104 0.13800903705829387 0.1058855821217254 0.13573381615144092 0.10956826123068124
0.10675323151159516 0.07854825156189792 0.259029223618389 0.1260504158533441 0.10030847954698627 0.07532821671075095 0.1405368069290269 0.11344537426800967
0.10336967661650107 0.07653830644202884 0.2791313964492133 0.1259187032470588 0.09165323937932446 0.06967188774120285 0.1403899572023178 0.11332683292235295
0.1358574465948241 0.10092036194639867 0.23900829944235155 0.10423874197153708 0.1189501373062311 0.09099172667660523 0.11621841828766898 0.09381486777438337
0.10965954781582234 0.07979855670988364 0.2689269682059607 0.12429855258869826 0.09503368153943681 0.0718303856853586 0.13858361012501136 0.11186869732982846
0.10366868975973585 0.07645480089533227 0.2828793148544559 0.12538274538802635 0.090179388851 0.06879818521587401 0.13979240418635178 0.11284447084922372
0.10193148725098547 0.07564889547612205 0.2885289748944695 0.12502837174338824 0.08886988529374551 0.06806954675386534 0.13939730401837463 0.11252553456904942
0.0806615992187014 0.13149002798962808 0.14461817085127568 0.13606350434710612 0.09385050904241962 0.15775343255978286 0.09228655077455894 0.16327620521652733
0.07545858353746478 0.14578713761867454 0.1090050980672962 0.13411928988080435 0.09345649411449718 0.19026238274427404 0.09096786618002382 0.1609431478569652
0.10083234288896907 0.09262263260414418 0.21836209112380686 0.13247111907007075 0.09477997549698464 0.09401241979424009 0.14769541185872068 0.11922400716306368
0.10360577012976871 0.08026468108590945 0.2636445823774575 0.12818465698516657 0.09193710431873463 0.0740806872970305 0.1429163265192827 0.1153661912866499
0.10263729948427014 0.07685830127286139 0.2812235926368853 0.12601393382771547 0.08988134213663872 0.06947685800369488 0.1404961321929902 0.1134125404449439
0.1356099601061926 0.1009818809381639 0.23979559609468956 0.10422879026790112 0.11843403468633981 0.09093650378482275 0.11620732288077931 0.093805911241111
0.10957723566004782 0.07979265017600524 0.26924993152162907 0.1242723178615315 0.09490267708652518 0.07180574125684688 0.13855436036203586 0.11184508607537835
0.10363888528457642 0.07644602869722619 0.2830061801561408 0.12536932878682752 0.09014277337479089 0.06878696211503939 0.13977744567725395 0.11283239590814477
0.119173957249693 0.08844972023437758 0.21089400779126763 0.09136710881245227 0.13853509730344296 0.10611623418725324 0.13582334384657085 0.10964053057494273
0.10695503824778564 0.07862484643708408 0.25829714149183064 0.1261189827735253 0.1004756301507675 0.07540802247473948 0.1406132539280946 0.11350708449617275
0.10344171959309002 0.07656978880980286 0.27884388366209484 0.12595051079885897 0.09171099501013211 0.06970222215817104 0.14042542024887708 0.11335545971897305
0.1020241446096824 0.07578057183172751 0.28699263535006875 0.12522757548565708 0.089325315980531 0.06832553748018831 0.1396194013250535 0.11270481793709138
0.13523061619982624 0.10059034679319973 0.24178539933681215 0.10406207017031831 0.11811139497016537 0.09054286696261891 0.11602144241377281 0.09365586315328647
0.09817861535835816 0.15668558530082446 0.1514420718728812 0.15264164714444037 0.08503849011655203 0.14098796553390605 0.07764814224304141 0.1373774824299963
