Action: 0
[0.1821478959725476, 0.09839707299497703, 0.1982315586660329, 0.0952319633011285, 0.1311201134943697, 0.10440746896868736, 0.0952319633011285, 0.0952319633011285]
[0.11616912976622042, 0.09925929719328773, 0.18901578988076537, 0.09925929719328773, 0.09925929719328773, 0.19851859438657546, 0.09925929719328773, 0.09925929719328773]
[0.12331905121270226, 0.11008549882909861, 0.18557376039648865, 0.09516129606904526, 0.20037416479033254, 0.09516363656424212, 0.09516129606904526, 0.09516129606904526]
[0.125, 0.125, 0.125, 0.125, 0.125, 0.125, 0.125, 0.125]
[0.09897265480274249, 0.09734444433476107, 0.26797145038653875, 0.09734444433475666, 0.14633367267492065, 0.09734444479676709, 0.09734444433475666, 0.09734444433475666]
[0.2554805666773998, 0.09521523688783687, 0.13141868348220442, 0.09521522963768275, 0.1370243477484057, 0.09521547629110491, 0.09521522963768275, 0.09521522963768275]
[0.125, 0.125, 0.125, 0.125, 0.125, 0.125, 0.125, 0.125]
[0.125, 0.125, 0.125, 0.125, 0.125, 0.125, 0.125, 0.125]

Action: 1
[0.10082588492572372, 0.10082588492572372, 0.10082588492572372, 0.10082588492572372, 0.10361115637393524, 0.29143353407172234, 0.10082588492572372, 0.10082588492572372]
[0.10142204076381724, 0.10142204076381724, 0.10142204076381724, 0.10142204076381724, 0.29004571465327933, 0.10142204076381724, 0.10142204076381724, 0.10142204076381724]
[0.10017717281478017, 0.1049400529771831, 0.09986519611713217, 0.09986519611713217, 0.20423939571017918, 0.1911825940293288, 0.09986519611713217, 0.09986519611713217]
[0.125, 0.125, 0.125, 0.125, 0.125, 0.125, 0.125, 0.125]
[0.1954708066547536, 0.09773520287973038, 0.09773520287973038, 0.09773520287973038, 0.15095273157001388, 0.16490044737658044, 0.09773520287973038, 0.09773520287973038]
[0.10460157674187975, 0.10038400907521325, 0.10038400907521325, 0.10038400907521325, 0.10218037733086724, 0.2912980005511868, 0.10038400907521325, 0.10038400907521325]
[0.125, 0.125, 0.125, 0.125, 0.125, 0.125, 0.125, 0.125]
[0.125, 0.125, 0.125, 0.125, 0.125, 0.125, 0.125, 0.125]

