Action: 0
[0.10685129303187597, 0.10683234561249177, 0.14532227372008036, 0.10683234561247804, 0.21366470518563968, 0.10683234561247804, 0.10683234561247804, 0.10683234561247804]
[0.21341034604588413, 0.10670517302294207, 0.14635861581646345, 0.10670517302294207, 0.10670517302294207, 0.10670517302294207, 0.10670517302294207, 0.10670517302294207]
[0.1446989201407647, 0.10439074600156216, 0.22386686876339337, 0.10439074600130918, 0.10948048108904301, 0.10439074600130918, 0.10439074600130918, 0.10439074600130918]
[0.125, 0.125, 0.125, 0.125, 0.125, 0.125, 0.125, 0.125]
[0.10682570832944409, 0.10679361952539995, 0.2521537826465702, 0.10679361952539995, 0.10679390548408126, 0.10705212543830461, 0.10679361952539995, 0.10679361952539995]
[0.10704972719462881, 0.10679800848460543, 0.14535580308786336, 0.10679800848460543, 0.21360442729421283, 0.10679800848487334, 0.10679800848460543, 0.10679800848460543]
[0.125, 0.125, 0.125, 0.125, 0.125, 0.125, 0.125, 0.125]
[0.125, 0.125, 0.125, 0.125, 0.125, 0.125, 0.125, 0.125]

Action: 1
[0.10526077529108781, 0.10526077529559118, 0.10526077529108781, 0.10526077529108781, 0.22368638688029674, 0.14474896136867302, 0.10526077529108781, 0.10526077529108781]
[0.10527380889060113, 0.10527380889060113, 0.10527380889060113, 0.10527380889060113, 0.1183115731686238, 0.25004557348776946, 0.10527380889060113, 0.10527380889060113]
[0.10993663907822003, 0.10626471057731705, 0.10626471057731429, 0.10626471057731429, 0.25198388190271764, 0.10675592613248813, 0.10626471057731429, 0.10626471057731429]
[0.125, 0.125, 0.125, 0.125, 0.125, 0.125, 0.125, 0.125]
[0.10683255185041846, 0.10683255127450933, 0.10683255127450933, 0.10683255127450933, 0.10685007176985353, 0.2521546200071814, 0.10683255127450933, 0.10683255127450933]
[0.10516863174903546, 0.1051686230059105, 0.1051686230059105, 0.1051686230059105, 0.11925135468422997, 0.24973689853718217, 0.1051686230059105, 0.1051686230059105]
[0.125, 0.125, 0.125, 0.125, 0.125, 0.125, 0.125, 0.125]
[0.125, 0.125, 0.125, 0.125, 0.125, 0.125, 0.125, 0.125]

