Action: 0
[0.14942450211766467, 0.10379046521514122, 0.22771166245491523, 0.10379046521514122, 0.1039115093515042, 0.10379046521535101, 0.10379046521514122, 0.10379046521514122]
[0.1111111111111111, 0.1111111111111111, 0.2222222222222222, 0.1111111111111111, 0.1111111111111111, 0.1111111111111111, 0.1111111111111111, 0.1111111111111111]
[0.25349918235405283, 0.1038175610629701, 0.12359545126812631, 0.1038175610629701, 0.10381756106297033, 0.1038175610629701, 0.1038175610629701, 0.1038175610629701]
[0.125, 0.125, 0.125, 0.125, 0.125, 0.125, 0.125, 0.125]
[0.11151295917399154, 0.10505391286064826, 0.25816354834917377, 0.10505391285943158, 0.10505392808859698, 0.10505391294929473, 0.10505391285943158, 0.10505391285943158]
[0.2118070254744478, 0.10586255735618427, 0.15282535847062198, 0.10586255569427837, 0.10605483592163262, 0.10586255569427837, 0.10586255569427837, 0.10586255569427837]
[0.125, 0.125, 0.125, 0.125, 0.125, 0.125, 0.125, 0.125]
[0.125, 0.125, 0.125, 0.125, 0.125, 0.125, 0.125, 0.125]

Action: 1
[0.10587513844114535, 0.10587513844114535, 0.10587513844114535, 0.10587513844114535, 0.21193634476487477, 0.15281282458825302, 0.10587513844114535, 0.10587513844114535]
[0.1111111111111111, 0.1111111111111111, 0.1111111111111111, 0.1111111111111111, 0.2222222222222222, 0.1111111111111111, 0.1111111111111111, 0.1111111111111111]
[0.10381638048626726, 0.10381638048626726, 0.10381638048626726, 0.10381638048626726, 0.1493237905710891, 0.22777792651130735, 0.10381638048626726, 0.10381638048626726]
[0.125, 0.125, 0.125, 0.125, 0.125, 0.125, 0.125, 0.125]
[0.10398254761920987, 0.10398254761920987, 0.10398254761920987, 0.10398254761920987, 0.12124115929193191, 0.25486355499280894, 0.10398254761920987, 0.10398254761920987]
[0.1493105103401469, 0.10273884183459225, 0.10273884183459225, 0.10273884183459225, 0.21326696158748173, 0.1237283188994101, 0.10273884183459225, 0.10273884183459225]
[0.125, 0.125, 0.125, 0.125, 0.125, 0.125, 0.125, 0.125]
[0.125, 0.125, 0.125, 0.125, 0.125, 0.125, 0.125, 0.125]

