Action: 0
[0.7371000000000001, 0.08189999999999999, 0.07289999999999998, 0.008099999999999996, 0.08189999999999999, 0.009099999999999997, 0.008099999999999994, 8.999999999999992E-4]
[0.69564, 0.12276000000000002, 0.05235999999999996, 0.009239999999999995, 0.09486, 0.016740000000000005, 0.007139999999999995, 0.0012599999999999994]
[0.7532960000000001, 0.06550399999999998, 0.093104, 0.008095999999999996, 0.06550399999999998, 0.0056959999999999945, 0.008095999999999996, 7.039999999999992E-4]
[0.71253, 0.10647000000000001, 0.07046999999999998, 0.010529999999999998, 0.07916999999999999, 0.011829999999999999, 0.007829999999999995, 0.0011699999999999994]
[0.69564, 0.09486, 0.05235999999999996, 0.0071399999999999944, 0.12276000000000004, 0.016740000000000005, 0.009239999999999995, 0.0012599999999999992]
[0.6544549999999999, 0.13404500000000003, 0.03444500000000003, 0.007055000000000008, 0.13404500000000003, 0.02745500000000001, 0.0070550000000000074, 0.0014450000000000018]
[0.7125300000000001, 0.07916999999999999, 0.07046999999999998, 0.007829999999999995, 0.10647000000000001, 0.011829999999999997, 0.010529999999999998, 0.0011699999999999994]
[0.671925, 0.11857500000000001, 0.05057499999999996, 0.008924999999999995, 0.11857500000000003, 0.02092500000000001, 0.008924999999999994, 0.0015749999999999994]

Action: 1
[0.47222730719999995, 0.16764709280000004, 0.08629109280000001, 0.03063450720000001, 0.1517516928, 0.05387390720000001, 0.027729907200000004, 0.009844492800000005]
[0.430752168, 0.20739919199999998, 0.06820783200000002, 0.032840808000000006, 0.15197533200000002, 0.073173308, 0.02406466800000001, 0.011586692000000004]
[0.48457398528, 0.15639689472000004, 0.10087241471999997, 0.032556705279999994, 0.14116721472000002, 0.045561905280000016, 0.029386385279999993, 0.00948449472]
[0.44343295920000003, 0.19644144079999998, 0.08102944080000002, 0.03589615920000001, 0.14249854080000002, 0.0631270592, 0.026039059200000006, 0.011535340800000002]
[0.3993004223999999, 0.15528349759999996, 0.06322757760000002, 0.024588502400000004, 0.2222755776, 0.0864405024, 0.03519642240000001, 0.013687497600000004]
[0.36168591096, 0.18882536904000002, 0.048807689040000005, 0.02548103096, 0.21719678904, 0.11339193096000001, 0.029309610960000003, 0.015301669040000002]
[0.41182614, 0.14620386000000005, 0.07525386000000002, 0.026716140000000013, 0.21215285999999997, 0.07531714, 0.038767140000000005, 0.013762860000000005]
[0.37434414599999993, 0.18023977399999996, 0.05927585400000002, 0.028540226000000005, 0.20838335400000002, 0.10033272600000001, 0.03299664600000001, 0.015887274000000007]

