Action: 0
[0.2097419708398648, 0.09792403227905064, 0.18384239942172562, 0.09792402680152672, 0.11679549025325119, 0.09792402680152762, 0.09792402680152672, 0.09792402680152672]
[0.13565246238236237, 0.09351691558960283, 0.20957709538736644, 0.09351691558960283, 0.12008782707638542, 0.16061495279547447, 0.09351691558960283, 0.09351691558960283]
[0.10490433794790302, 0.100864935553303, 0.287378815019117, 0.10086448570616854, 0.10339391656220688, 0.10086453779896451, 0.10086448570616854, 0.10086448570616854]
[0.125, 0.125, 0.125, 0.125, 0.125, 0.125, 0.125, 0.125]
[0.1311322274699652, 0.09868456897014653, 0.27617006670084215, 0.09868456897014653, 0.09927486097845571, 0.09868456897015088, 0.09868456897014653, 0.09868456897014653]
[0.1261058794987208, 0.09595107456334528, 0.23535338397965022, 0.09595107456334528, 0.158785360389872, 0.0959510778783758, 0.09595107456334528, 0.09595107456334528]
[0.125, 0.125, 0.125, 0.125, 0.125, 0.125, 0.125, 0.125]
[0.125, 0.125, 0.125, 0.125, 0.125, 0.125, 0.125, 0.125]

Action: 1
[0.09851693195846274, 0.09851693195846274, 0.09851693195846274, 0.09851693195846274, 0.2603629090900706, 0.14853549915915296, 0.09851693195846274, 0.09851693195846274]
[0.1111111111111111, 0.1111111111111111, 0.1111111111111111, 0.1111111111111111, 0.2222222222222222, 0.1111111111111111, 0.1111111111111111, 0.1111111111111111]
[0.09786815798280232, 0.10343308654409099, 0.09786815798280232, 0.09786815798280232, 0.1320727028513897, 0.27515342069050763, 0.09786815798280232, 0.09786815798280232]
[0.125, 0.125, 0.125, 0.125, 0.125, 0.125, 0.125, 0.125]
[0.10030100596886683, 0.10030100596886683, 0.10030100596886683, 0.10030100596886683, 0.1856459082253002, 0.21254805596149884, 0.10030100596886683, 0.10030100596886683]
[0.09716094476818268, 0.1313435745844495, 0.09716094476818268, 0.09716094476818268, 0.10907413078085523, 0.2737775707937817, 0.09716094476818268, 0.09716094476818268]
[0.125, 0.125, 0.125, 0.125, 0.125, 0.125, 0.125, 0.125]
[0.125, 0.125, 0.125, 0.125, 0.125, 0.125, 0.125, 0.125]

