Action: 0
[0.1072878512298766, 0.10384274301579577, 0.2696399876508539, 0.10384273987605466, 0.10385845859925501, 0.10384273987605466, 0.10384273987605466, 0.10384273987605466]
[0.10431595303915404, 0.10431595303915404, 0.26978832872592157, 0.10431595303915404, 0.10431595303915404, 0.10431595303915404, 0.10431595303915404, 0.10431595303915404]
[0.1124696220059604, 0.10309936907799037, 0.26871093411327795, 0.10309936907799037, 0.10332259849080963, 0.10309936907799037, 0.10309936907799037, 0.10309936907799037]
[0.125, 0.125, 0.125, 0.125, 0.125, 0.125, 0.125, 0.125]
[0.16501218506965312, 0.10280508482557843, 0.21815728099396497, 0.10280508482557843, 0.10280510980833711, 0.10280508482573104, 0.10280508482557843, 0.10280508482557843]
[0.11340691073226959, 0.10203953903043964, 0.2678444515341425, 0.10203953903018531, 0.1085509425822637, 0.10203953903032861, 0.10203953903018531, 0.10203953903018531]
[0.125, 0.125, 0.125, 0.125, 0.125, 0.125, 0.125, 0.125]
[0.125, 0.125, 0.125, 0.125, 0.125, 0.125, 0.125, 0.125]

Action: 1
[0.10162607543181884, 0.10162607543181884, 0.10162607543181884, 0.10162607543181884, 0.13190677815640597, 0.2583367692526811, 0.10162607543181884, 0.10162607543181884]
[0.10181420568108683, 0.10181420568108683, 0.10181420568108683, 0.10181420568108683, 0.13149230398485556, 0.25762246192862337, 0.10181420568108683, 0.10181420568108683]
[0.1030070775638348, 0.1030070775638348, 0.1030070775638348, 0.1030070775638348, 0.16541732195191136, 0.21654021266507986, 0.1030070775638348, 0.1030070775638348]
[0.125, 0.125, 0.125, 0.125, 0.125, 0.125, 0.125, 0.125]
[0.10314650827258014, 0.10314650827258014, 0.10314650827258014, 0.10314650827258014, 0.11238777083030227, 0.2687331795342168, 0.10314650827258014, 0.10314650827258014]
[0.10162833989587002, 0.10162833989587002, 0.10162833989587002, 0.10162833989587002, 0.15651644628725797, 0.233713514337522, 0.10162833989587002, 0.10162833989587002]
[0.125, 0.125, 0.125, 0.125, 0.125, 0.125, 0.125, 0.125]
[0.125, 0.125, 0.125, 0.125, 0.125, 0.125, 0.125, 0.125]

