Action: 0
[0.11910092792021124, 0.09412696831228681, 0.30475881759780493, 0.0941220988376999, 0.1052954173321938, 0.09435157232440355, 0.0941220988376999, 0.0941220988376999]
[0.2438721575019283, 0.08826088380388092, 0.16336045833749271, 0.08826088380388092, 0.1329669062976555, 0.10675694264739971, 0.08826088380388092, 0.08826088380388092]
[0.285354960973032, 0.09080615955145023, 0.14068121591846008, 0.09080615955108505, 0.1111998728606401, 0.09953931204316252, 0.09080615955108505, 0.09080615955108505]
[0.125, 0.125, 0.125, 0.125, 0.125, 0.125, 0.125, 0.125]
[0.22060723703017465, 0.09080659659096493, 0.1875714693541413, 0.0908065965870026, 0.0925942699470717, 0.13600063731663958, 0.0908065965870026, 0.0908065965870026]
[0.10558408200231864, 0.09686763341009104, 0.3114931162927968, 0.09686763341009104, 0.09858463370695411, 0.09686763435756619, 0.09686763341009104, 0.09686763341009104]
[0.125, 0.125, 0.125, 0.125, 0.125, 0.125, 0.125, 0.125]
[0.125, 0.125, 0.125, 0.125, 0.125, 0.125, 0.125, 0.125]

Action: 1
[0.0939930195772992, 0.11129062607045129, 0.0939930195772992, 0.0939930195772992, 0.11304023779982592, 0.30570403824322684, 0.0939930195772992, 0.0939930195772992]
[0.1111111111111111, 0.1111111111111111, 0.1111111111111111, 0.1111111111111111, 0.1111111111111111, 0.2222222222222222, 0.1111111111111111, 0.1111111111111111]
[0.11900175771877468, 0.0953241200951496, 0.09474957399324296, 0.09474957399324296, 0.10068071176792075, 0.3059951144451831, 0.09474957399324296, 0.09474957399324296]
[0.125, 0.125, 0.125, 0.125, 0.125, 0.125, 0.125, 0.125]
[0.09741171674680318, 0.09741171674680318, 0.09741171674680318, 0.09741171674680318, 0.10367433788935848, 0.3118553616298225, 0.09741171674680318, 0.09741171674680318]
[0.1892239943124598, 0.0946119971562299, 0.0946119971562299, 0.0946119971562299, 0.2027534095823553, 0.13496261032403542, 0.0946119971562299, 0.0946119971562299]
[0.125, 0.125, 0.125, 0.125, 0.125, 0.125, 0.125, 0.125]
[0.125, 0.125, 0.125, 0.125, 0.125, 0.125, 0.125, 0.125]

