Action: 0
[0.1167302335223083, 0.09986683548648655, 0.2289634862734983, 0.09986683548648655, 0.09986752695546881, 0.15497141130277833, 0.09986683548648655, 0.09986683548648655]
[0.11234905350292157, 0.10308568797755491, 0.16565274790299278, 0.10308568797755491, 0.20617137595510981, 0.1034840707287561, 0.10308568797755491, 0.10308568797755491]
[0.2558719013809247, 0.09962181023562657, 0.12820781278088023, 0.09962181023562657, 0.10035086262030926, 0.11708218227537959, 0.09962181023562657, 0.09962181023562657]
[0.125, 0.125, 0.125, 0.125, 0.125, 0.125, 0.125, 0.125]
[0.10430686120164355, 0.10437130156261468, 0.2697882868567285, 0.10430663463995608, 0.10430701181918765, 0.10430663463995739, 0.10430663463995608, 0.10430663463995608]
[0.10431483687005058, 0.10433651876935206, 0.2697883320642064, 0.10431177117382433, 0.10431322564548408, 0.10431177312943415, 0.10431177117382433, 0.10431177117382433]
[0.125, 0.125, 0.125, 0.125, 0.125, 0.125, 0.125, 0.125]
[0.125, 0.125, 0.125, 0.125, 0.125, 0.125, 0.125, 0.125]

Action: 1
[0.10311382743242843, 0.10311533813135032, 0.10311382743242843, 0.10311382743242843, 0.1126483361824151, 0.2686671885240923, 0.10311382743242843, 0.10311382743242843]
[0.10431605282002142, 0.10431605282002142, 0.10431605282002142, 0.10431605282002142, 0.10431605282002142, 0.2697876302598501, 0.10431605282002142, 0.10431605282002142]
[0.10437130089101508, 0.10430658682991209, 0.1043065868296235, 0.1043065868296235, 0.10430747811046655, 0.2697882868501123, 0.1043065868296235, 0.1043065868296235]
[0.125, 0.125, 0.125, 0.125, 0.125, 0.125, 0.125, 0.125]
[0.10313592384685676, 0.10313589361760528, 0.10313589361760528, 0.10313589361760528, 0.16557614501371415, 0.21560846305140277, 0.10313589361760528, 0.10313589361760528]
[0.10212028855115643, 0.11374005772718601, 0.10187333456111877, 0.10187333456111877, 0.1657106528574903, 0.21093566261969224, 0.10187333456111877, 0.10187333456111877]
[0.125, 0.125, 0.125, 0.125, 0.125, 0.125, 0.125, 0.125]
[0.125, 0.125, 0.125, 0.125, 0.125, 0.125, 0.125, 0.125]

