Action: 0
[0.12967280393694636, 0.10149780893505946, 0.2678463368063719, 0.09829974079247127, 0.1077840871517373, 0.09829974079247127, 0.09829974079247127, 0.09829974079247127]
[0.16023313415513432, 0.09856800672177732, 0.20667020969943906, 0.09856800672177732, 0.14025662253654003, 0.09856800672177732, 0.09856800672177732, 0.09856800672177732]
[0.10626421957728138, 0.09905095178513501, 0.2409833035272416, 0.09905094662137409, 0.15749769599392988, 0.09905098925228985, 0.09905094662137409, 0.09905094662137409]
[0.125, 0.125, 0.125, 0.125, 0.125, 0.125, 0.125, 0.125]
[0.1745629613247602, 0.09977231258685823, 0.21881884596840845, 0.09977231258685823, 0.10775564140574091, 0.0997733009536574, 0.09977231258685823, 0.09977231258685823]
[0.15735763940687864, 0.09800726755524376, 0.23676279457327057, 0.09800726755455827, 0.11584322824637402, 0.09800726755455827, 0.09800726755455827, 0.09800726755455827]
[0.125, 0.125, 0.125, 0.125, 0.125, 0.125, 0.125, 0.125]
[0.125, 0.125, 0.125, 0.125, 0.125, 0.125, 0.125, 0.125]

Action: 1
[0.10522766960702805, 0.10156525641108034, 0.10156525641108034, 0.10156525641108034, 0.10836480408163326, 0.278581244255937, 0.10156525641108034, 0.10156525641108034]
[0.10033908127665908, 0.10033908127665908, 0.10033908127665908, 0.10033908127665908, 0.2379456324707991, 0.16001987986924626, 0.10033908127665908, 0.10033908127665908]
[0.1573924155156982, 0.09892292675616624, 0.0989088856894859, 0.0989088856894859, 0.10732314194834662, 0.24072597302184534, 0.0989088856894859, 0.0989088856894859]
[0.125, 0.125, 0.125, 0.125, 0.125, 0.125, 0.125, 0.125]
[0.10630471259483781, 0.0990185060799519, 0.0990185060799519, 0.0990185060799519, 0.25670332096440374, 0.14189943604099897, 0.0990185060799519, 0.0990185060799519]
[0.10118294698708338, 0.09984087100605958, 0.09984087100605958, 0.09984087100605958, 0.15810986108842096, 0.24150283689419783, 0.09984087100605958, 0.09984087100605958]
[0.125, 0.125, 0.125, 0.125, 0.125, 0.125, 0.125, 0.125]
[0.125, 0.125, 0.125, 0.125, 0.125, 0.125, 0.125, 0.125]

