0.125 0.125 0.125 0.125 0.125 0.125 0.125 0.125
0.09592326139088728 0.15987210231814547 0.08633093525179857 0.14388489208633093 0.11990407673860912 0.19984012789768185 0.10791366906474821 0.08633093525179857
0.06430745814307458 0.11377473363774733 0.056062912227295786 0.09918822932521562 0.12861491628614916 0.22754946727549466 0.11212582445459157 0.19837645865043124
0.09567579728864391 0.0772322701004716 0.19135159457728781 0.1544645402009432 0.08610821755977952 0.08393305897246617 0.17221643511955903 0.13901808618084885
0.09911585817060184 0.07805373830934895 0.19823171634120368 0.1561074766186979 0.08640869686667853 0.07317142239509339 0.17281739373335706 0.13609369756501868
0.10950308785101365 0.08623368168267326 0.15527776671493085 0.10348041801920792 0.13687885981376707 0.11502103161787686 0.1642546317765205 0.12935052252400986
0.06231566990472317 0.1102508006006641 0.0620570504808445 0.09611608257493794 0.12463133980944634 0.2437439285687087 0.1086529629107994 0.19223216514987587
0.09338255295604729 0.0753810969645201 0.1976579589396471 0.1507621939290402 0.08404429766044257 0.09499732969328135 0.16808859532088513 0.13568597453613618
0.09494223068456084 0.07476700666409167 0.22470377487365223 0.14953401332818334 0.08922369663750915 0.07092599217845487 0.1655402996551317 0.13036298597841622
0.07198519217554496 0.11997532029257492 0.11850074302059381 0.14397038435108991 0.09758489808826125 0.16004269336975535 0.10797778826331743 0.17996298043886239
0.08994550129625245 0.14990916882708744 0.09679567637602327 0.1349182519443787 0.13055419494909307 0.21573756648225373 0.10118868895828403 0.08095095116662722
0.0589901365060029 0.10436716458754361 0.059657800872789886 0.09098675887119187 0.1179802730120058 0.28318975142325664 0.10285459698482559 0.18197351774238374
0.10354870871351522 0.08358751185307856 0.14248574206091755 0.10448438981634818 0.12425845045621826 0.16093086625003158 0.15532306307027283 0.12538126777961783
0.09881974133757093 0.07252507479918929 0.22284574889216738 0.14505014959837859 0.0808600460820812 0.08763401248790953 0.1617200921641624 0.13054513463854073
0.090857794775139 0.07155051338542197 0.24977762571817602 0.14310102677084394 0.08997447972847478 0.07156509923942778 0.15841871909511415 0.1247547412874024
0.06995172041349412 0.11658620068915687 0.1292632674907161 0.13990344082698825 0.10090513898872358 0.16358334993694457 0.10492758062024118 0.17487930103373528
0.05891652266506997 0.09819420444178328 0.06782083909122413 0.08837478399760496 0.1381563884988551 0.26573795251312676 0.10604974079712594 0.1767495679952099
0.05954765889786961 0.09963037404209052 0.05625651962051416 0.08685724916489942 0.11262564022149361 0.3131816041456214 0.0981864555777124 0.17371449832979885
0.0681613628621583 0.1138549867147306 0.0903652534720199 0.14231873339341325 0.07722338229346945 0.24076457332527593 0.09652922786683682 0.17078248007209587
0.07301017051398767 0.11556524295401348 0.09774514126241958 0.14445655369251686 0.07838338217750479 0.21951241724665638 0.097979227721881 0.1733478644310202
0.09136718370724314 0.07195165716945398 0.22161325199555323 0.14390331433890796 0.0904144522512016 0.09598908465006563 0.15930688441262908 0.12545417147494542
0.06883386823401957 0.11472311372336597 0.12706981168908874 0.13766773646803915 0.09952638252090776 0.17684361442850052 0.10325080235102936 0.17208467058504892
0.10123679252272448 0.07972397411164554 0.1590000830753906 0.09566876893397465 0.14838488703411373 0.14454434437059602 0.15185518878408674 0.1195859611674683
0.07717329289899774 0.11595040674616765 0.11077179864056562 0.14493800843270957 0.09035833404410779 0.18857676948557972 0.09830577963262041 0.17392561011925148
0.09025098067389672 0.07107264728069368 0.22918875080077553 0.14214529456138736 0.09427941190787026 0.09178069167506502 0.1573606842519225 0.123921538848389
0.05904021744832079 0.09840036241386799 0.0845175881696262 0.08856032617248119 0.14274344023284094 0.24334502181092305 0.10627239140697742 0.17712065234496238
0.06021905484000841 0.09651402536796283 0.05649049127809509 0.08414043237207017 0.12478820493497605 0.3144516550856245 0.09511527137712279 0.16828086474414033
0.10877371528837831 0.07927351914807938 0.1384075591633853 0.09909189893509922 0.13288782277577552 0.17534844277409056 0.14730676319307287 0.11891027872211908
0.10230221515203401 0.0691283423590008 0.22483572656052433 0.1382566847180016 0.09539714181943797 0.09150298734726701 0.1541458857975331 0.12443101624620143
0.07718727548297283 0.11555113893490367 0.12736520525283374 0.1444389236686296 0.0916628392826192 0.1725006390091369 0.09796726996654877 0.17332670840235548
0.08936483734865656 0.07037480941206704 0.2371123663134107 0.1407496188241341 0.09538249467353233 0.08849546369155299 0.15581561383868323 0.12270479589796306
0.06627647729839796 0.10110936375950973 0.07941392667401616 0.08814662481598283 0.13890504561715367 0.2502113015414281 0.09964401066154581 0.17629324963196566
0.09647887981793966 0.06953711157238791 0.2070015891791195 0.13907422314477583 0.10215066717717577 0.10553334814524697 0.15505738013305603 0.12516680083029824
0.1303773788585503 0.08972288065679046 0.21468955205071472 0.11215360082098808 0.12317427620585555 0.10390117542451296 0.12504289524369863 0.10093824073888925
0.10649571069881446 0.06601352785355998 0.2582417386180538 0.13202705570711995 0.09461709133362664 0.07658021130432983 0.14720031434808745 0.11882435013640794
0.1181295712726953 0.076598903837252 0.20230522696942438 0.095748629796565 0.13864505026028828 0.11133749303718253 0.14233676907071455 0.11489835575587799
0.10414243756564127 0.0659193486849439 0.2548111170937802 0.1318386973698878 0.09984891685066141 0.07779434594352053 0.14699030885866593 0.11865482763289902
0.10052266693678157 0.06541499707242401 0.27646649162270426 0.13082999414484803 0.09159322299749408 0.0715599524562782 0.14586568003910666 0.11774699473036322
0.09915205742180497 0.06493539637181725 0.284886337320011 0.1298707927436345 0.08942536846399354 0.07005009215052006 0.1447962420589477 0.11688371346927104
0.09859055504422437 0.0647158911995507 0.2881334281662088 0.1294317823991014 0.0887465755947414 0.06958638515022288 0.14430677828675934 0.11648860415919128
0.09836228732474654 0.06462621103467418 0.2893933349235395 0.12925242206934837 0.08850907676586522 0.06942268311522876 0.14410680490418393 0.11632717986241353
0.09827052303246779 0.06459035016372647 0.2898874903780591 0.12918070032745294 0.08842059663641363 0.0693608686528332 0.1440268405143393 0.11626263029470765
0.07853961918728229 0.11315842663853791 0.14495447592887709 0.1414480332981724 0.0942220166688904 0.16200112225732471 0.09593866606310823 0.16973763995780686
0.07548768797655794 0.11335152432007038 0.11193897100653448 0.14168940540008798 0.0951261204350809 0.19627662506672047 0.09610237931484229 0.17002728648010557
0.1001707790753794 0.06903488029974846 0.22357478085565188 0.1380697605994969 0.09540777875124241 0.09554175652397237 0.15393747935496144 0.1242627845395472
0.07900583843421652 0.11365876242111081 0.1301095785718877 0.14207345302638852 0.09581700997208606 0.1724843501508329 0.09636286379181133 0.1704881436316662
0.10183306624302028 0.0685410295751361 0.2305541068403082 0.1370820591502722 0.09489080475409996 0.09088881425377886 0.1528362659481393 0.12337385323524497
0.10290276102357655 0.0659042019837772 0.2681816335273316 0.1318084039675544 0.0913080486592075 0.07431085329198796 0.14695653397576583 0.11862756357079894
0.09309828980940797 0.13022037227385835 0.1612077182264829 0.16277546534232293 0.0818114493701394 0.14158561466947273 0.08280317150022515 0.14649791880809063
0.06797129667661231 0.11328549446102053 0.11598018246378687 0.13594259335322462 0.10195696901645437 0.19297827732245196 0.10195694501491849 0.16992824169153078
0.07456605354664132 0.11260300517892839 0.10493788660166643 0.1407537564736605 0.09603179490735789 0.2067352302629568 0.09546776526039583 0.16890450776839258
0.11496194670326709 0.07808446218268494 0.15585965988959008 0.09760557772835618 0.14425205592621163 0.14701235740415688 0.1450972468917056 0.11712669327402742
0.14225444665809342 0.0874640935359645 0.19517279246013797 0.10933011691995562 0.1340461518881563 0.11144037190793075 0.12189492140180126 0.09839710522796007
0.1485464244998434 0.08626455723460645 0.20789958489474455 0.10783069654325807 0.1299050649379929 0.10228286542179592 0.12022317957882651 0.09704762688893223
0.10292242006629673 0.12847342724798058 0.1447330267927745 0.16059178405997573 0.08763389000350402 0.1494205038493287 0.08169234232616157 0.14453260565397816
0.08885782059102232 0.06997553371543008 0.24504815412175154 0.13995106743086017 0.09486306563532149 0.08436415099692818 0.15493158462024406 0.12200862288844222
0.07987079667381035 0.11342341277579479 0.13490676501145024 0.1417792659697435 0.09561050777989014 0.16811080440266252 0.09616332822295647 0.17013511916369217
0.10301762198444929 0.06823719876783549 0.23201125168281736 0.13647439753567098 0.09538848708371324 0.08988531656766924 0.15215876859574062 0.12282695778210388
0.10456075109569657 0.06562517176894676 0.2682229053969013 0.13125034353789353 0.09196434341711444 0.07391683735634846 0.14633433824299472 0.11812530918410419
0.1035442453304575 0.0646764819839292 0.28137754199463916 0.1293529639678584 0.09008624187353183 0.07032595566061554 0.14421890161789583 0.11641766757107255
0.10283860294643753 0.06434285250338229 0.28613775531792335 0.12868570500676457 0.08929807720755562 0.06940491484012755 0.14347495767172108 0.11581713450608813
0.10251230169335555 0.06422506278426816 0.28786211753308427 0.12845012556853633 0.08899587277301481 0.06913710245740651 0.1432123041786517 0.11560511301168269
0.10237930664465078 0.06418306618593463 0.2884877468972466 0.12836613237186925 0.08888402443393613 0.06905154629916337 0.14311865803251692 0.11552951913468233
0.10232799453707038 0.06416797196123875 0.2887150070490397 0.1283359439224775 0.08884319170351342 0.06902254113211613 0.14308500016431444 0.11550234953022973
0.1023087253995203 0.06416251823358876 0.2887976220618222 0.12832503646717752 0.08882835457748259 0.06901237127430468 0.1430728391656442 0.11549253282045976
0.10230159095646355 0.06416054153351312 0.28882766833064244 0.12832108306702625 0.08882296907808696 0.06900874085443887 0.14306843141950537 0.11548897476032362
0.08187426023895499 0.11254522295883214 0.14448121217453516 0.1406815286985402 0.09478303101245265 0.16139813449160076 0.09541877598683596 0.16881783443824822
0.1030758705797858 0.06794397403996325 0.23560223142086284 0.1358879480799265 0.09526221125806654 0.0884236901319909 0.15150492121747028 0.12229915327193384
0.10439620711013536 0.06549303599313255 0.2694660079863583 0.1309860719862651 0.09218393927430013 0.07354757767748354 0.1460396951846866 0.11788746478763859
0.10342012445842994 0.06460740285598143 0.28175910016006567 0.12921480571196287 0.09043799327012814 0.07020238292977553 0.1440648654728899 0.11629332514076655
0.12028400477606631 0.0752641822003223 0.2093935615307117 0.09408022775040287 0.13999457997242357 0.10823059309734906 0.1398565773722407 0.11289627330048344
0.12405564996280126 0.07466067143154154 0.18485205499133442 0.09332583928942693 0.15507384397546242 0.11730580494500281 0.13873512825711823 0.11199100714731232
0.09822084555162952 0.12834166599942073 0.13868132253338553 0.1604270824992759 0.09405155588180714 0.1542845939268055 0.08160855935832731 0.1443843742493483
0.0941728163445878 0.1310292858545566 0.1281309690100836 0.16378660731819572 0.08387739160788743 0.16827744825123042 0.08331753502708217 0.14740794658637613
0.08930108723740254 0.0703246061994545 0.23907699468328697 0.140649212398909 0.09458365245893176 0.08774272513211057 0.15570445979854802 0.1226172620913566
0.07994854657185074 0.1132173437412338 0.1334276882126936 0.14152167967654225 0.09692435443433033 0.16914575423175687 0.0959886175197417 0.16982601561185068
0.07775563817768617 0.11268472765785002 0.1089763246772867 0.14085590957231253 0.09674249516153823 0.19842076155663504 0.09553705170991633 0.16902709148677503
0.07697136730633256 0.11208471575068761 0.10306755352395773 0.14010589468835952 0.09629783703125525 0.20831721211083637 0.0950283459625395 0.1681270736260314
0.11672008380790751 0.07766870264094046 0.15460112971672085 0.09708587830117557 0.14614078386355972 0.146955688920269 0.14432467878801622 0.11650305396141067
0.08339258112629085 0.11074126346231845 0.11269048835336506 0.13842657932789806 0.10625979389306628 0.18848806657770498 0.0938893320658787 0.16611189519347766
0.11809002318621024 0.07741423448609136 0.15736960630268437 0.0967677931076142 0.14889786794480603 0.1414872994596004 0.14385182378385633 0.11612135172913704
0.10947426276562344 0.0661240535685513 0.23729367189305212 0.1322481071371026 0.10488913830588088 0.08350069971025462 0.14744677019614275 0.11902329642339235
0.10566695329898365 0.06518521801458585 0.26953107486519234 0.1303704360291717 0.094086529487056 0.07247308884324666 0.14535330703550933 0.11733339242625454
0.12121558836159214 0.0753547700529276 0.2055493505831077 0.0941934625661595 0.1416907036188392 0.10893906120679601 0.14002490853118635 0.1130321550793914
0.10848872467096851 0.06502443802056675 0.25585618919420644 0.1300488760411335 0.10178233304248452 0.07676065894775934 0.14499479164586077 0.11704398843702016
0.10478327599231786 0.06473479105567104 0.2763775832700889 0.12946958211134207 0.09286312685318004 0.07090009467215859 0.14434892214503361 0.11652262390020787
0.10335957424147602 0.06436041719335155 0.2841197650632128 0.1287208343867031 0.09053734705228411 0.06953918680618275 0.143514124308757 0.11584875094803276
0.12034310793932564 0.07515340717917654 0.20998942883842261 0.09394175897397065 0.1402544690382212 0.10793698302618598 0.1396507342359325 0.1127301107687648
0.10813672147857617 0.06492540755146592 0.2575589633331 0.12985081510293184 0.10140303193871963 0.07648535852213466 0.14477396848043295 0.11686573359263866
0.10464157830836729 0.06469170422526242 0.27700209037196305 0.12938340845052484 0.09277170547748984 0.07081160061682745 0.14425284494409263 0.11644506760547237
0.10330226335881149 0.064342093813167 0.2843419777241724 0.128684187626334 0.09053355051359996 0.0695068921944362 0.14347326590577833 0.11581576886370058
0.12031610716110323 0.07514412486820708 0.21004690773350249 0.09393015608525884 0.14029568970495526 0.10791734138209859 0.1396334857625639 0.1127161873023106
0.08433637992348199 0.1109844390957253 0.12556579230930456 0.13873054886965663 0.10548862686109262 0.17432205158555766 0.09409550271159321 0.16647665864358796
0.11825768289951236 0.07735961509504694 0.16152808857755507 0.09669951886880868 0.14863539756362068 0.1377299448105972 0.14375032954228872 0.1160394226425704
0.10936613832171842 0.06602889588134689 0.23891260616039112 0.13205779176269378 0.10479482219099115 0.08275315034011746 0.1472345827563168 0.1188520125864244
0.10557908539493333 0.06513932205152548 0.27011724996597763 0.13027864410305096 0.09407929399504883 0.0723046589086894 0.14525096588802844 0.11725077969274585
0.082629237655464 0.11259669341771451 0.1402795275813448 0.14074586677214312 0.09666783092621892 0.16272338953595894 0.09546241398458405 0.16889504012657175
0.10347336912912519 0.06798132679007146 0.2338234373114938 0.13596265358014292 0.09606899702946547 0.08873561566239829 0.15158821227517424 0.12236638822212861
0.10467365856249597 0.06548247973316916 0.2686977507224989 0.13096495946633832 0.09268773039625518 0.07360880129900854 0.14601615630052944 0.11786846351970451
0.08248250963328137 0.11264041795600578 0.13996366814894762 0.14080052244500724 0.09639181451592985 0.1632609555780319 0.09549948478878752 0.16896062693400865
0.07823556303203177 0.1126943053819968 0.11046150687470839 0.140867881727496 0.09682474442745508 0.19632936852901506 0.09554517195430165 0.1690414580729952
0.07708497857386525 0.112110598035811 0.1034202645480412 0.14013824754476378 0.09641259319363497 0.20761713141111007 0.09505028963905716 0.1681658970537165
0.1167417878694234 0.07765712942162387 0.1546991891811643 0.09707141177702983 0.1462683602717366 0.1467732540183449 0.14430317332824136 0.1164856941324358
0.0833954978260724 0.11072445807850519 0.11270342458659811 0.1384055725981315 0.10639066462721543 0.18841861114263905 0.0938750840230805 0.1660866871177578
0.10432718568404276 0.0683850966356034 0.22243926290993948 0.1367701932712068 0.09876126474329466 0.09373526404527223 0.15248855876655446 0.12309317394408613
0.105242114234232 0.0657299621386571 0.2644101137314111 0.1314599242773142 0.09357439075835644 0.07470155788335131 0.14656800512709509 0.11831393184958278
0.13876874381149654 0.08636811679946331 0.23353370423988587 0.10796014599932913 0.12172135182570598 0.09411629986278439 0.1203675060619386 0.09716413139939621
0.08775289141282391 0.11100288858907902 0.1310423877479225 0.1387536107363488 0.10161605002468502 0.1692166939321726 0.0941111446733496 0.16650433288361852
0.11914330569550886 0.07734381397448781 0.16331503831034203 0.09667976746810976 0.14739426297346814 0.1363871228577886 0.14372096775856316 0.1160157209617317
0.10951329544255554 0.06599114590429343 0.23961270770120466 0.13198229180858687 0.10448636003262253 0.0824797305411963 0.1471504059418125 0.11878406262772817
0.10558839056714382 0.06512169400696903 0.2703744711685645 0.13024338801393806 0.09399996706034061 0.07224138199078076 0.145211657979719 0.11721904921254425
0.0826305371093338 0.11259293138993226 0.14033613985725582 0.1407411642374153 0.09665523681781087 0.16269536906406323 0.0954592244392904 0.16888939708489836
0.10347261995198287 0.06797960531483452 0.2338447480374993 0.13595921062966904 0.09606717384842196 0.08872897900855788 0.1515843736423325 0.12236328956670213
0.1046738604554729 0.06548153011894531 0.2687048025377735 0.13096306023789062 0.09268914558540246 0.07360680804787002 0.1460140388025437 0.11786675421410156
0.08248347094839371 0.1126396699654903 0.1399649098827839 0.14079958745686288 0.09639462257852617 0.16325938359679193 0.09549885062291569 0.16895950494823544
0.07823654926180687 0.11269392019580288 0.11046156575688948 0.14086740024475364 0.09682640709704195 0.19632843176660275 0.09554484538339811 0.16904088029370432
0.0898234411367622 0.13063601903488448 0.12050979355980597 0.1632950237936056 0.08425959230239313 0.18144314013286067 0.08306746862544284 0.14696552141424502
0.10587273041131454 0.06847698809746401 0.22612332234503085 0.13695397619492802 0.09411230594195871 0.09250863542250866 0.15269346301136005 0.12325857857543522
0.08278691107220784 0.11295118322071172 0.1303808056238699 0.14118897902588964 0.09681893698794983 0.17068344955117834 0.09576295968712517 0.16942677483106758
0.11812429012386576 0.07758637851587316 0.16347208253533788 0.09698297314484146 0.1462257993498349 0.13705720519485196 0.14417170336158522 0.11637956777380976
0.08376787143078818 0.11088672676666604 0.11483171265137558 0.13860840845833255 0.10654294223163929 0.18501958866119989 0.09401265964999946 0.16633009014999903
0.10435696603920425 0.06835039199929993 0.22331294566709242 0.13670078399859986 0.09873786475656636 0.09309916933310315 0.15241117260739417 0.12303070559873987
0.09519423904803347 0.1302969686861582 0.14969606551789935 0.16287121085769776 0.08463058208513836 0.1478749672055334 0.08285187682761147 0.146584089771928
0.10029982788415293 0.07898611445877043 0.16823144064692214 0.09478333735052452 0.15258984571871204 0.1361805204265329 0.1504497418262294 0.11847917168815564
0.0955596443380503 0.13157076060485698 0.09582223477337301 0.11470271437346506 0.12793035478545 0.21897267108420954 0.07779836279243715 0.13764325724815807
0.10682569189677006 0.06791589606936345 0.21377609611887136 0.1358317921387269 0.10306103442109694 0.0988985648965424 0.15144231153377463 0.12224861292485423
0.12249130015041004 0.0760701611311804 0.1884742796969665 0.0950877014139755 0.1457946641556824 0.1166223971157317 0.14135425463928297 0.1141052416967706
0.12509824244075307 0.07479972498815203 0.17821331198908538 0.09349965623519003 0.1575228135979725 0.11967314444535149 0.1389935188212676 0.11219958748222805
0.11011696658650087 0.0654366943003616 0.2449054961635763 0.1308733886007232 0.10588270905473482 0.07908463393443717 0.14591406161901527 0.11778604974065086
0.08341562210805747 0.112574048501897 0.13454456152062325 0.14071756062737126 0.09918572849034765 0.16525819096464064 0.09544321503421703 0.1688610727528455
0.11818714362960131 0.07750921644150403 0.16471875723124568 0.09688652055188003 0.14685378677586106 0.13555243060366298 0.14402832010398883 0.11626382466225603
0.10926769815817572 0.06598281221878662 0.24021140719403147 0.13196562443757323 0.10435018138376255 0.08232139154688846 0.14713182306696593 0.11876906199381589
0.12250064162293325 0.07559191431337207 0.19635258908433384 0.09448989289171508 0.1454423458024601 0.11176917269550332 0.1404655721196242 0.1133878714700581
0.14388879037597047 0.0860120236336549 0.20799736486490347 0.10751502954206862 0.13579300585123524 0.10215902471456617 0.1198712344297392 0.09676352658786175
0.08856965449720557 0.11085002282272655 0.12514502533987343 0.1385625285284082 0.10453386082131469 0.17208233266754833 0.09398154108883339 0.16627503423408985
0.13688830758156295 0.0987880411180832 0.1852157958061559 0.11055259044903078 0.12763226214448 0.11816778333920723 0.12325788815735224 0.0994973314041277
0.11224423414270522 0.07186785001938499 0.24695583486735875 0.1298422312025727 0.09908340574630942 0.0783840378672313 0.1447643980721221 0.11685800808231543
0.08323406874892772 0.12014979542270222 0.134288173376135 0.13948862252725688 0.09704419414537713 0.163799124337101 0.09460967440979164 0.16738634703270827
0.07739755377173306 0.1250277622460775 0.10798765670044513 0.138744991627221 0.09579605078939928 0.19444669624356117 0.09410529866889773 0.1664939899526652
0.11593430951939433 0.08699485270849365 0.15513956292650702 0.0961050519901157 0.14502311018222638 0.14261043568489232 0.1428666146002317 0.11532606238813883
0.1423679936632262 0.09426711710658565 0.19300873078998615 0.10773211944164905 0.13617041762251825 0.10938144041151794 0.1201132734670326 0.09695890749748415
0.14862527378469972 0.09360144248666678 0.20510249101068043 0.10612162728797428 0.1320602669213286 0.10066173904780641 0.11831769490166684 0.09550946455917685
0.11396474809731155 0.0707874196503374 0.2540651822828743 0.12847121176229737 0.09911870430935041 0.0747328296006628 0.1432358137110987 0.11562409058606762
0.09604044067353085 0.13793392769400387 0.15625831613791127 0.16028758618518207 0.08367387588071112 0.1400094276721434 0.08153759818985348 0.14425882756666386
0.09234380687166555 0.14733635933597358 0.13081864952506633 0.1607988110732299 0.08083399586645407 0.16135179129401717 0.08179765606768652 0.1447189299659069
0.08929852396675887 0.07032258762382262 0.24051246915062863 0.14064517524764525 0.09429466510014062 0.08661284588127204 0.1556999905061437 0.12261374252358816
0.07934973944361928 0.12047523032064546 0.13298518138237062 0.14017253752244468 0.09629171246851698 0.16744500664633294 0.0950735471891364 0.1682070450269336
0.10225385289277962 0.0760645545864035 0.2296771150812759 0.13502630555367792 0.09560611578491003 0.08930412700025862 0.15054425410238417 0.12152367499831013
0.10412534798013161 0.07044999499766028 0.26648331684081633 0.13038404445964347 0.09234570135757991 0.07349747493055828 0.14536847941993083 0.11734564001367913
0.10318469211336939 0.06907698768076095 0.2799480899943651 0.12849551536003812 0.09046394442644072 0.06992189619211309 0.1432629104088783 0.11564596382403432
0.10248764891624931 0.06863328883603877 0.284849886150495 0.12782383692622284 0.08965221132596729 0.06899763553099567 0.1425140390804305 0.11504145323360054
0.11955280468771404 0.0801387594994626 0.20965028091259724 0.09331838273378358 0.13939508938896694 0.10723857991059427 0.13872404358634097 0.1119820592805403
0.10750440273459333 0.07008914982167494 0.2566306186487083 0.12897878068288446 0.10087885391353753 0.07603557640472969 0.14380171517927565 0.11608090261459601
0.08234401056417573 0.11985546192552987 0.13643017581512637 0.13937982336094012 0.09738396449721924 0.162814895611243 0.09453588019263764 0.1672557880331281
0.11693989537919759 0.08633950787307763 0.1642061691653011 0.09583659053522504 0.14514134759846564 0.13406505218991943 0.1424675286165435 0.11500390864227006
0.10853478993887769 0.07165704687556182 0.23916012385488272 0.13110697983998537 0.10361246246324105 0.08175781675285379 0.14617449841861055 0.11799628185598683
0.13950899117215715 0.09262535439633522 0.2238903690448954 0.10756643305035703 0.1242149650915875 0.09545555199394837 0.11992854550539805 0.09680978974532133
0.11139297865396104 0.07044559756857087 0.2616356586231006 0.1279903150567905 0.0970850223287643 0.07355949444542877 0.1426996497722724 0.11519128355111145
0.10480309154111887 0.06902759412079856 0.27780897721861025 0.1283810767745236 0.09139998318099381 0.06990098814066095 0.14313531992622258 0.11554296909707126
0.10289689241233223 0.06865751065223183 0.2840116591796025 0.1278740592461445 0.08988034098486829 0.06902285098408178 0.14257003321920886 0.11508665332153006
0.11967103710378145 0.08014824130737594 0.20938852111838807 0.09332754986101585 0.13947940329431505 0.10725451634523021 0.13873767113667432 0.111993059833219
0.08356936625988914 0.11938625319373947 0.12459298777022909 0.1373087481408972 0.10455015640270918 0.17269083955050288 0.09313115091295636 0.1647704977690766
0.07725318048592837 0.12458724801481351 0.10559235159735084 0.1383181630914329 0.09713529290614367 0.19731617061955237 0.09381579757505885 0.1659817957097195
0.10256495479736362 0.07695431971011883 0.21854421694354476 0.13606830108821466 0.09654348592248276 0.09515724919635014 0.15170600136253184 0.1224614709793932
0.10458472042090257 0.07078808224581798 0.2623157745289069 0.13090837699302332 0.09288457335631767 0.07474786209595463 0.14595307106535585 0.117817539293721
0.10343499228514699 0.06920500040240776 0.27841784847513634 0.12869622674816417 0.09070322368385904 0.07022941570376104 0.14348668862817707 0.11582660407334774
0.10259717323325457 0.06868016577283849 0.28429027633872805 0.12789699043589875 0.08974769367795771 0.06908480936451153 0.14259559978450204 0.11510729139230887
0.08146390420519779 0.11966225659681656 0.14269354803469875 0.13933625411414532 0.09498237061700662 0.1601518326177402 0.09450632887742032 0.16720350493697436
0.1023988115179144 0.07574137643685568 0.23345641970032197 0.1345393050080788 0.09500624952690061 0.08777117846529203 0.1500012848373655 0.12108537450727094
0.10402040637664867 0.0703280535753929 0.26788235557166207 0.13019392874567862 0.092099399761575 0.07314480551133208 0.1451565145865999 0.11717453587111078
0.13754966651670508 0.09208932043727695 0.23383249836583725 0.10707532824356554 0.12055260440828969 0.0931517863136785 0.11938100029543798 0.09636779541920898
0.11062344341538208 0.07019714317737451 0.26546965805055883 0.127598860300484 0.09604805594481843 0.07296065790891441 0.14226320693203215 0.11483897427043559
0.13927445520475287 0.09185481834722901 0.2325947771616544 0.10679554170647682 0.1213822162447759 0.09291314461310556 0.11906905918617638 0.09611598753582913
0.12816068305579284 0.08101085440967959 0.19113370362891502 0.09205283844566305 0.14809931561051157 0.11223647171183569 0.13684272700280656 0.11046340613479566
0.1256845752574224 0.08050120028115516 0.1779992551957157 0.0924954056376319 0.1571722257051781 0.11765221829940811 0.1375006328583304 0.11099448676515826
0.10978070680552496 0.0706546923615959 0.2439378763575539 0.12996194582294346 0.10540500640384677 0.07839615006797752 0.1448978709399086 0.11696575124064912
0.10504152751312708 0.06946679394261042 0.2712353260139177 0.12919069120824667 0.09363982441130435 0.07111623522253546 0.14403797960083622 0.11627162208742202
0.10317634392748026 0.06884879233665632 0.28159927534232004 0.12818282913041038 0.09053568260083639 0.06937824184729076 0.14291428859763664 0.11536454621736933
0.11979133295947285 0.08019942242709592 0.20865591322712146 0.09337174316826775 0.1397425092824246 0.10738961967758459 0.13880336745611146 0.11204609180192131
0.12349501716412944 0.08047931148221867 0.18382589882001307 0.0925568198354285 0.1545429636411556 0.11643987606635135 0.13759192918818922 0.1110681838025142
0.08411887611352284 0.11921080152541814 0.11867344266702298 0.13705124526865936 0.10762450276057015 0.1759031405514986 0.09295649679091679 0.1644614943223912
0.10358389856405607 0.07610909533132537 0.2234614475380146 0.1352131789031982 0.09821317383389234 0.0909747408753082 0.15075260394132695 0.12169186101287838
0.08176736685585592 0.12090919056842415 0.129014655354859 0.13985262239830926 0.09696794632636543 0.1688085103393621 0.09485656127885324 0.1678231468779711
0.11691453966756825 0.0865240937504784 0.16190277205294828 0.09595466495522395 0.14516487633496106 0.13575040112030798 0.14264305417224338 0.11514559794626875
0.10861145424287216 0.0717269898350747 0.2382616736017126 0.13121326545303375 0.10369538541358808 0.08210629360059105 0.14629299894539732 0.11809193890773038
0.10502893128305095 0.0697274200133776 0.26922749442494076 0.1295520721164635 0.09351642246760068 0.07190990244497569 0.1444408923447735 0.11659686490481717
0.10325265270052206 0.06892442955808763 0.28088003741930245 0.12829435742001988 0.09058079019372853 0.06956417671277683 0.14303863431754454 0.1154649216780179
0.10246401249709516 0.06859402322381886 0.28517803913048034 0.12776791938802443 0.08964136029537817 0.06891182281769113 0.1424516951982899 0.11499112744922198
0.13650878329095326 0.09150490154815508 0.2395245525573582 0.10655746703561594 0.11937705210383576 0.09182189943709441 0.118803623694933 0.09590172033205434
0.11018581631349651 0.07002083602227593 0.26762542076433626 0.12734395450068858 0.09563095432856494 0.07260445303193691 0.1419790059880811 0.1146095590506197
0.10432914114876968 0.06885720376848513 0.28003433496916763 0.12811124648473857 0.09092689239247129 0.06960658011040204 0.14283447928970103 0.1153001218362647
0.1371854596644864 0.09161142408891713 0.23776113925030343 0.10665665732166515 0.11982689525613269 0.09205321936737881 0.11891421346161772 0.09599099158949864
0.14605738697580886 0.0926981156911455 0.22073549866216782 0.10535650713747556 0.1267091788333803 0.09615781324391445 0.11746464303237947 0.09482085642372799
0.10162681862153246 0.1389216804005532 0.14640935631520782 0.1577052794996601 0.08784970270031336 0.14532842090669013 0.08022399000634883 0.14193475154969407
0.1403290537802183 0.10098040326824793 0.1926164476345979 0.11007940249331 0.12248513846907394 0.11170777321131534 0.12273031889925758 0.09907146224397899
0.0872336777589446 0.12181137833379105 0.120766155319985 0.13725168127362222 0.10083943056283923 0.1743032145325362 0.09309244468993508 0.16470201752834665
0.07790346441932847 0.12488372213809462 0.10475472407773612 0.1383405378488589 0.09635701002634449 0.1979209225735199 0.09383097349748691 0.16600864541863067
0.11605679328688306 0.08697121445455583 0.15404559678304935 0.09608688068394851 0.14518924302393718 0.14350641321373453 0.1428396017331533 0.1153042568207382
0.10868216412100909 0.07194144181607467 0.23517057895970736 0.1315506771488575 0.10395872840093767 0.08363161231317862 0.14666918780626348 0.11839560943397175
0.10515514619847105 0.069820018393035 0.26807937552685357 0.1297003603656194 0.09366886402372243 0.07223968848694595 0.14460622267629508 0.11673032432905747
0.10332162424866974 0.0689597275149709 0.2804594033901064 0.12834984838504992 0.0906476190175177 0.0696464112947041 0.14310050260243626 0.11551486354654496
0.13690729093718584 0.09164217773004203 0.23795203093129577 0.10668361137099254 0.1197744251021696 0.09208094847929951 0.11894426521512154 0.09601525023389328
0.08665441597303064 0.1206127765022074 0.13107836968587563 0.13707933269187172 0.10028048465964887 0.16682387386611106 0.09297554739100866 0.16449519923024608
0.10382319121236079 0.07594896429914018 0.22851606730608529 0.13475676172850676 0.09632146422530291 0.08910873282041881 0.15024373285252918 0.1212810855556561
0.10449267605397144 0.07044452290208955 0.26598875933979094 0.13038565770106134 0.09250017032734759 0.07347084368106332 0.1453702780637206 0.11734709193095517
0.12048199164784311 0.08059121764395513 0.2039700323992048 0.09369678192606855 0.140773900548532 0.10876337812257043 0.1392865594005437 0.11243613831128227
0.10791164604328357 0.07025372443744794 0.2544433986783413 0.12922962519577896 0.1013444883073015 0.07642906657023253 0.14408138809141324 0.11630666267620106
0.10428945828939205 0.06921267629688964 0.2752082812932144 0.12876146954747203 0.0925167457087753 0.07056661679099216 0.14355942948053968 0.1158853225927248
0.10287561743353096 0.06873848971938315 0.2830700123977112 0.12800525374117705 0.09019151867477262 0.06919807437582956 0.1427163052905362 0.11520472836705933
0.0815193929748304 0.11967957690721666 0.1424244779519435 0.13934955230777324 0.0950847565252874 0.160207432041827 0.09451534852179404 0.16721946276932786
0.10241992079756192 0.07574869982617484 0.23334862126300396 0.13455037335242462 0.09503531545403018 0.0877881080743073 0.15001362521531522 0.12109533601718216
0.10402876755045383 0.07033108769695608 0.26784166738365284 0.13019873173993063 0.09210852294485976 0.07315049455145071 0.14516186956675847 0.11717885856593757
0.1203279289120069 0.08055821885449281 0.2045383686761244 0.09366748306217486 0.14061227721243352 0.10865173893662607 0.13924300467153158 0.11240097967460981
0.12370592733986867 0.08055956122101449 0.1825524370936725 0.09261951121631112 0.1549033905413135 0.11683063499176007 0.13768512413648637 0.11114341345957335
0.10920322607888568 0.07058580570546916 0.24579367281384332 0.12982953085021112 0.10481660131111896 0.07817434734825535 0.1447502381270264 0.11684657776519
0.10485299900248342 0.0694225255266541 0.27194115072735653 0.12911576001899455 0.09346828760385088 0.07104065618686567 0.14395443691669987 0.11620418401709508
0.10311073068721978 0.06882944211159354 0.2818614575467654 0.12815164030752768 0.09048044597300516 0.06935029170946692 0.1428795153876465 0.1153364762767749
0.0815683591260993 0.11970358477004046 0.14215877739088284 0.13936656942896847 0.09515528578306064 0.16028064961697286 0.09452689056921341 0.16723988331476217
0.10243986371069139 0.07575679843471708 0.23324305118346195 0.13456207428813619 0.09505799126304211 0.08780768337519933 0.15002667088542943 0.12110586685932256
0.09392739683204736 0.13917438526336504 0.1511119289055379 0.16102590644435252 0.0831652103023337 0.14475867795684083 0.08191317849560542 0.14492331579991727
0.10498902468360521 0.07688145842273053 0.23666784351175993 0.1341123832288413 0.09222975145104781 0.08489309488270809 0.14952529891334995 0.12070114490595718
0.10449921721898336 0.07032884286180344 0.2690683951913058 0.13004778248069335 0.09143002785502895 0.07258915775198185 0.14499357240757899 0.11704300423262404
0.10317725225000604 0.06900276964969738 0.28089106659711194 0.12836940789063356 0.09019584719273217 0.06970887932675139 0.1431223099914974 0.11553246710157021
0.1024528084232396 0.06860434601756288 0.2851931732172774 0.1277780348378096 0.08956839464295702 0.06894003833720883 0.14246297316991607 0.11500023135402865
0.10213905003851317 0.06846863729447611 0.2867616616341688 0.12756957552931175 0.08930810663370974 0.06870979429583414 0.14223055659760578 0.11481261797638057
0.10201445354071235 0.06842055049968072 0.2873345701295279 0.12749501648563943 0.08920769019374465 0.06863477548560068 0.14214742882801887 0.11474551483707547
0.10196687986192599 0.06840323148449419 0.287544085814331 0.1274680666614941 0.08917009666731161 0.06860899772982072 0.14211738178527775 0.11472125999534469
0.11936046567408186 0.08007813552775181 0.21046384827540002 0.0932664140739918 0.1391770293466102 0.10708762153024581 0.13864678868312813 0.11191969688879017
0.10743307872650312 0.07006633060753382 0.2569447586733281 0.12894371646726296 0.10080854191715279 0.07599160759209228 0.1437626211955902 0.11604934482053668
0.10409586006603096 0.06913948457499655 0.27613891781758776 0.12864613269738098 0.09233150752421213 0.07043574039223277 0.1434308374999158 0.1157815194276429
0.10280029745441745 0.06871085886285862 0.2834125159142877 0.12796188392693994 0.09012590726611097 0.06915488985692425 0.14266795118421513 0.11516569553424594
0.10227478809943392 0.06851671108208697 0.28610429212111044 0.127647526687806 0.08947192798249186 0.06878451368596912 0.14231746632207623 0.1148827740190254
0.10206686242203304 0.068439460990281 0.2870931514836841 0.12752496391745552 0.08926019597920067 0.06866207970202469 0.14218081797961085 0.11477246752570998
0.10198678428569039 0.06841033599480961 0.28745558788841435 0.1274792181601579 0.08918789768393852 0.06861906476876059 0.14212981487408646 0.1147312963441421
0.10195652763613619 0.0683995691112881 0.28758834063841904 0.12746237298065297 0.0891624447821675 0.06860357541270724 0.14211103375604142 0.11471613568258766
0.0813294158488758 0.11959052178938354 0.14341858379912525 0.13928664194439513 0.0948324615273967 0.1599257258735249 0.09447267888402452 0.16714397033327413
0.10234373844063624 0.07571845914912335 0.23374347426461506 0.13450660118490973 0.09495293639433326 0.08771402698484777 0.14996482251511575 0.12105594106641875
0.08154413848949263 0.12084554114897905 0.13133072697553166 0.13982384402578102 0.09626542930643497 0.16756466518796598 0.09483704203487757 0.16778861283093724
0.10218968117049086 0.08203080457383057 0.22784278758446436 0.13395902325996284 0.0950927457667087 0.08896752271775189 0.14935431399282423 0.12056312093396655
0.12019735346642782 0.08663938083060845 0.1919388987453082 0.09391280534990955 0.14197622407179825 0.11303227838693702 0.13960769272911927 0.11269536641989146
0.09590571254284173 0.14646089216342414 0.13842509737094927 0.15713399303074815 0.09036813666315766 0.1503521954377381 0.07993337906346755 0.14142059372767332
0.10500951388135467 0.08476565110323413 0.23003488115941345 0.13308924008341946 0.09333550487841925 0.08560032215891085 0.14838457066017063 0.11978031607507753
0.1208979265245513 0.0869837143101999 0.19260898874920585 0.09386263629368385 0.14135872949837328 0.11211972801408877 0.1395331130574763 0.11263516355242062
0.10801584936701725 0.07519079956639563 0.24938275865647275 0.1289992427531697 0.10149638283970762 0.07699111947876083 0.14382452886062352 0.11609931847785274
0.0819718394478887 0.12635153587834314 0.13419707929145835 0.13838701771456294 0.0969613351739598 0.16220427226469497 0.09386249897161662 0.16606442125747553
0.10176439102851768 0.08643701998774028 0.22818521558390947 0.1330543050801646 0.09477251130213835 0.08769206170674997 0.14834562073863128 0.11974887457214814
0.11971800697977887 0.0901411397757203 0.19165315270252137 0.09350489183665356 0.14143135497318599 0.11234428163366757 0.13900130189448798 0.11220587020398429
0.1228899271651902 0.08948645299023848 0.17756359045310538 0.09182364117741262 0.15440830202983624 0.117137706901616 0.13650200986970593 0.11018836941289514
0.10852821015188781 0.0783710751343171 0.24264657404236997 0.1287832528991476 0.10431390582717158 0.0778683380438385 0.1435837162920347 0.11590492760923284
0.10421624625194781 0.07604917097298866 0.2698225040447573 0.12815232434185006 0.09292656536184257 0.0706158190840799 0.14288027803486866 0.11533709190766507
0.10245985898825312 0.07512533524992769 0.28020568089012454 0.12717258518213984 0.08990430140618667 0.06888896963278789 0.1417879419866544 0.11445532666392584
0.10173145044177673 0.07473691150184897 0.2840768706186047 0.12672990114230642 0.08899583164912896 0.06837774129989599 0.14129438231836253 0.11405691102807579
0.13528079103382595 0.09946340746661207 0.23797293588718457 0.10548623224307715 0.11828933269521974 0.0909604148111638 0.1176092768441472 0.09493760901876942
