0.125 0.125 0.125 0.125 0.125 0.125 0.125 0.125
0.125 0.125 0.125 0.125 0.125 0.125 0.125 0.125
0.1232638888888889 0.1232638888888889 0.1371527777777778 0.1232638888888889 0.1232638888888889 0.1232638888888889 0.1232638888888889 0.1232638888888889
0.12138310185185186 0.12138310185185186 0.13662229938271606 0.12138310185185186 0.12138310185185186 0.13507908950617284 0.12138310185185186 0.12138310185185186
0.11975523171859935 0.11975523171859935 0.1349354872055678 0.11975523171859935 0.11975523171859935 0.14653312248283604 0.11975523171859935 0.11975523171859935
0.125 0.125 0.125 0.125 0.125 0.125 0.125 0.125
0.11914441659117313 0.11914441659117313 0.133033305480062 0.11914441659117313 0.11914441659117313 0.15210019497289926 0.11914441659117313 0.11914441659117313
0.1233452164362337 0.1233452164362337 0.1233452164362337 0.1233452164362337 0.13658348494636402 0.1233452164362337 0.1233452164362337 0.1233452164362337
0.11787858937111509 0.11787858937111509 0.142330373463646 0.11787858937111509 0.11787858937111509 0.15039809030966356 0.11787858937111509 0.11787858937111509
0.11535290562186366 0.11535290562186366 0.1528777715807135 0.11535290562186366 0.11535290562186366 0.15500479468810452 0.11535290562186366 0.11535290562186366
0.12124503194013933 0.12124503194013933 0.12124503194013933 0.12124503194013933 0.13406202145367974 0.13846778690548428 0.12124503194013933 0.12124503194013933
0.11457898937904024 0.11457898937904024 0.1465447845990765 0.11457898937904024 0.1294747695405602 0.15108549896516196 0.11457898937904024 0.11457898937904024
0.11969322802068716 0.11969322802068716 0.11969322802068716 0.11969322802068716 0.14536012619239422 0.13648050568348294 0.11969322802068716 0.11969322802068716
0.11383413750034209 0.11383413750034209 0.15102734197527096 0.11383413750034209 0.12998526263283033 0.1498167078901883 0.11383413750034209 0.11383413750034209
0.11863544688219606 0.11863544688219606 0.11863544688219606 0.11863544688219606 0.15290557094794022 0.13528174775888366 0.11863544688219606 0.11863544688219606
0.11718189518433618 0.11718189518433618 0.11718189518433618 0.11718189518433618 0.16469542840310408 0.13221320049087879 0.11718189518433618 0.11718189518433618
0.11513904335073359 0.11513904335073359 0.12815925392677094 0.11513904335073359 0.16631613035873 0.12982939896083123 0.11513904335073359 0.11513904335073359
0.12615081038847514 0.11335758334950474 0.12759750045247928 0.11335758334950474 0.16503828363809622 0.12778307212293044 0.11335758334950474 0.11335758334950474
0.12591760022648146 0.11190084351665089 0.13719559447623586 0.11190084351665089 0.16318446858925822 0.12609896264142095 0.11190084351665089 0.11190084351665089
0.12463077997905425 0.1106399355094452 0.14681103636150916 0.1106399355094452 0.16134751026316388 0.12465093135849198 0.1106399355094452 0.1106399355094452
0.1234160567383868 0.10956819229626967 0.15518792354477512 0.10956819229626967 0.15970495475121282 0.12341829578054656 0.10956819229626967 0.10956819229626967
0.1324623178589683 0.10799649048350074 0.15621923681500463 0.10799649048350074 0.15762284893290687 0.12170963445911703 0.10799649048350074 0.10799649048350074
0.13345219016060356 0.10719304456691817 0.16088688014994937 0.10719304456691817 0.15617241413717645 0.12071633728459785 0.10719304456691817 0.10719304456691817
0.1411311788685124 0.1059470124406018 0.16124515539893752 0.1059470124406018 0.15447567716458568 0.1193599388055571 0.1059470124406018 0.1059470124406018
0.1425144422034027 0.10530573937506313 0.1643874816301526 0.10530573937506313 0.1533071638682895 0.1185679547979028 0.10530573937506313 0.10530573937506313
0.14242790059975635 0.10485450561215112 0.16763252522794944 0.10485450561215112 0.15249282891177185 0.11802872281191809 0.10485450561215112 0.10485450561215112
0.14207214055569514 0.10452156193537447 0.17029890661065963 0.10452156193537447 0.15190684062211526 0.11763586447003203 0.10452156193537447 0.10452156193537447
0.14173639761365364 0.10427961378668615 0.17231207805489776 0.10427961378668615 0.15148280379023646 0.11735026539446748 0.10427961378668615 0.10427961378668615
0.147419112321321 0.1033762629040313 0.17221296612522127 0.1033762629040313 0.15044768865613833 0.11641518128119437 0.1033762629040313 0.1033762629040313
0.1484023184379153 0.10259363503327233 0.17139074417280625 0.10259363503327233 0.15430374208056186 0.11552865517562727 0.10259363503327233 0.10259363503327233
0.1528386316290651 0.1018315351356791 0.17030017601483777 0.1018315351356791 0.15486699943596535 0.11466805237741545 0.1018315351356791 0.1018315351356791
0.15411307376948624 0.10158117997240766 0.1704298912049902 0.10158117997240766 0.1548102404548836 0.11432207468100937 0.10158117997240766 0.10158117997240766
0.15755827575397377 0.10108979532080375 0.1699909476246656 0.10108979532080375 0.15429934727500746 0.11379224806313812 0.10108979532080375 0.10108979532080375
0.158645722431311 0.10091488757167393 0.17018741525102074 0.10091488757167393 0.1539488413411724 0.11355847068980038 0.10091488757167393 0.10091488757167393
0.1589564037290685 0.10082711817398178 0.17054979737321663 0.10082711817398178 0.15374060017338378 0.11344472602840405 0.10082711817398178 0.10082711817398178
0.15764760296392125 0.11060749398826758 0.16927562140137348 0.09940448085782515 0.15224638865642562 0.1120094504165367 0.09940448085782515 0.09940448085782515
0.15721055588968932 0.11173671225401037 0.16904394884675555 0.09944699069975842 0.1517753257197847 0.11189248519048471 0.09944699069975842 0.09944699069975842
0.1570676998316769 0.11187946305280316 0.1691325479319676 0.09946427280235756 0.15163069961962383 0.11189677115685585 0.09946427280235756 0.09946427280235756
0.15914913968982375 0.11159752674707778 0.16887126486825316 0.09916647529676632 0.15128319293479592 0.11159944986975032 0.09916647529676632 0.09916647529676632
0.16134322365845577 0.11129440074463806 0.16849178223543182 0.0988946755505183 0.15089195228498456 0.11129461442493499 0.0988946755505183 0.0988946755505183
0.16212738095486678 0.1111839405287409 0.16837032613145073 0.0988178960015589 0.15068070010926893 0.11118396427099611 0.0988178960015589 0.0988178960015589
0.16198744980982713 0.1107240404601667 0.1678725630451544 0.0983702692903066 0.15358109571573675 0.11072404309819506 0.0983702692903066 0.0983702692903066
0.1618356620983417 0.11057606033817385 0.16764510156010118 0.09827338917593312 0.15454694784429585 0.11057606063128812 0.09827338917593312 0.09827338917593312
0.16276035432391076 0.11039508831036748 0.16738657551023572 0.09810885938390372 0.15473631536083907 0.11039508834293574 0.09810885938390372 0.09810885938390372
0.16377546172842983 0.1102410597328881 0.16714582154717447 0.09797493880951394 0.15467178082645905 0.1102410597365068 0.09797493880951394 0.09797493880951394
0.16414794917665215 0.11018604672719749 0.16705860105143297 0.09793704009020993 0.15461023604648821 0.11018604672759957 0.09793704009020993 0.09793704009020993
0.16475229033633665 0.11010372042015745 0.16694631809611218 0.09786082633935775 0.15451147170911836 0.11010372042020214 0.09786082633935775 0.09786082633935775
0.1649761804248145 0.11007218979371122 0.16691121047914065 0.0978384430803604 0.15445290026753625 0.11007218979371619 0.0978384430803604 0.0978384430803604
0.16505855284470922 0.11005982199736687 0.16691049235291547 0.09782957868695452 0.15442257474677748 0.11005982199736744 0.09782957868695452 0.09782957868695452
0.16508778753429215 0.1100541151367594 0.1669211135847716 0.09782524602594087 0.15440713052959462 0.11005411513675947 0.09782524602594087 0.09782524602594087
0.16509724551318872 0.11005102567481292 0.16693331490156788 0.09782279065961744 0.15439901625676528 0.11005102567481292 0.09782279065961744 0.09782279065961744
0.16509958117518442 0.11004916386917363 0.16694375012512935 0.09782127212752775 0.15439452457875566 0.11004916386917363 0.09782127212752775 0.09782127212752775
0.16480135663956233 0.10974978066728007 0.16664889472857222 0.09752209579292745 0.1564838999185229 0.10974978066728008 0.09752209579292745 0.09752209579292745
0.1646182782836207 0.1096549661436065 0.16646988840631016 0.09746054606946428 0.15722026281446333 0.10965496614360651 0.09746054606946428 0.09746054606946428
0.1645293572687315 0.10963011592186968 0.16638456095957077 0.09744623079480229 0.15748715754355147 0.10963011592186968 0.09744623079480229 0.09744623079480229
0.16448975575684435 0.1096239892241552 0.16634795354986362 0.09744286523283635 0.15758571654647271 0.1096239892241552 0.09744286523283635 0.09744286523283635
0.1644728194532423 0.10962251007586071 0.16633340301832905 0.09744206682873235 0.15762255689051027 0.10962251007586069 0.09744206682873235 0.09744206682873235
0.16446569781509227 0.10962212575282088 0.166328104217609 0.09744184685550301 0.1576364058951478 0.10962212575282088 0.09744184685550301 0.09744184685550301
0.16477572356666584 0.10957736381103249 0.16628119050304677 0.09739712761627461 0.15759697545939863 0.10957736381103249 0.09739712761627461 0.09739712761627461
0.16510349500656443 0.1095319135303713 0.16622128466008304 0.09735665088470102 0.15754144061850694 0.1095319135303713 0.09735665088470102 0.09735665088470102
0.16522834679266282 0.10951695343951223 0.1661872015232528 0.09734674082502653 0.15751032232998016 0.10951695343951223 0.09734674082502653 0.09734674082502653
0.16527687449047918 0.10951248661947721 0.16617070959553107 0.09734393623730919 0.1574956339631078 0.10951248661947721 0.09734393623730919 0.09734393623730919
0.16543851071140347 0.1094908182946674 0.16614270741807013 0.0973227642258366 0.15746885260368187 0.10949081829466739 0.0973227642258366 0.0973227642258366
0.16550009311015618 0.1094833777819889 0.16612636527588415 0.09731773130480363 0.15745359213557103 0.1094833777819889 0.09731773130480363 0.09731773130480363
0.1655240576024785 0.10948113552655804 0.16611837524961148 0.09731631577300372 0.15744634877578265 0.10948113552655804 0.09731631577300372 0.09731631577300372
0.165533504963471 0.10948045723454891 0.1661147672530868 0.09731588662048692 0.15744315345288368 0.10948045723454891 0.09731588662048692 0.09731588662048692
0.16533063380269136 0.10927361715634688 0.16590650826814946 0.09710912190806367 0.1588882578922745 0.10927361715634687 0.09710912190806367 0.09710912190806367
0.1652031109603718 0.10920672160561873 0.16577643080417626 0.09706520858824685 0.15941138925947382 0.10920672160561873 0.09706520858824685 0.09706520858824685
0.16514005030329176 0.10918878424378511 0.16571211270271535 0.09705470406538304 0.15960615631027344 0.10918878424378511 0.09705470406538304 0.09705470406538304
0.16496996510059558 0.10904269526129516 0.16554137899199997 0.09691060812309682 0.16067144101552366 0.10904269526129517 0.09691060812309682 0.09691060812309682
0.1648683256382539 0.10899492109805223 0.1654391659486458 0.09687906606901943 0.16106546800993754 0.10899492109805223 0.09687906606901943 0.09687906606901943
0.16481861205931575 0.10898178806610609 0.16538903548284703 0.09687124127743363 0.16121505249332416 0.10898178806610609 0.09687124127743363 0.09687124127743363
0.16479617275799668 0.10897837805291213 0.16536634067099393 0.09686929049001147 0.16127285899515076 0.10897837805291215 0.09686929049001147 0.09686929049001147
0.1635995871394559 0.11728567484669658 0.16416960376885223 0.09568195280627513 0.16010861434734902 0.10779066147882092 0.09568195280627513 0.09568195280627513
0.16319373256625197 0.11891132118646143 0.1636527860158103 0.09566077218782384 0.1596223313158675 0.10763751235213728 0.09566077218782384 0.09566077218782384
0.16312372669641298 0.11925831060364492 0.1634634658011004 0.0956854957364214 0.15945279035847418 0.10764521933110333 0.0956854957364214 0.0956854957364214
0.16315081571048107 0.11933415529533709 0.1633921154745428 0.09569255372882757 0.15939211867865044 0.10765313365450571 0.09569255372882757 0.09569255372882757
0.16316535047662267 0.11935252300412898 0.1633659094589188 0.09569588609146333 0.15937121339953117 0.1076573453864084 0.09569588609146333 0.09569588609146333
0.1632013243402447 0.11935318159421043 0.16335207344953875 0.09569290349250943 0.15935987938081186 0.10765483075766592 0.09569290349250943 0.09569290349250943
0.16323504550589302 0.11934998154839685 0.1633430125626432 0.09568957288871441 0.1593520209662464 0.10765122075067729 0.09568957288871441 0.09568957288871441
0.16324824733990614 0.11934859255397245 0.16333851329060126 0.0956888182669198 0.15934812699776563 0.10765006501699505 0.0956888182669198 0.0956888182669198
0.163253505472524 0.11934811138278723 0.16333644943418296 0.09568861244805668 0.1593463655830575 0.10764973078327834 0.09568861244805668 0.09568861244805668
0.16325562058808982 0.11934795488511062 0.1633355371732429 0.09568855133708638 0.15934560080706917 0.10764963253522841 0.09568855133708638 0.09568855133708638
0.16325647691956308 0.11934790479244972 0.1633351427140316 0.09568853226830716 0.1593452762190348 0.10764960254999918 0.09568853226830716 0.09568853226830716
0.16325682511756223 0.11934788864320885 0.16333497476087802 0.09568852604936567 0.15934514033088823 0.10764959299936558 0.09568852604936567 0.09568852604936567
0.16325696709121695 0.11934788330389454 0.16333490416303528 0.0956885239114544 0.15934508390721755 0.1076495898002728 0.0956885239114544 0.0956885239114544
0.1632570250627715 0.11934788145718823 0.1633348748754923 0.09568852312320637 0.15934506057835876 0.10764958865657001 0.09568852312320637 0.09568852312320637
0.16316164070962272 0.11925247274478756 0.16323945439952878 0.09559311477689415 0.16001290763219891 0.1075541801831797 0.09559311477689415 0.09559311477689415
0.16310197751417307 0.11921337336464766 0.1631797501149521 0.09557292908715564 0.16026271819280705 0.1075233935519534 0.09557292908715564 0.09557292908715564
0.16307223404480325 0.11920057218532483 0.1631499733078369 0.09556787891455165 0.16035866107583358 0.10751492264254647 0.09556787891455165 0.09556787891455165
0.1629938740634442 0.11913198468996411 0.1630715912166523 0.09550182910716924 0.16084913108542379 0.10744793162300774 0.09550182910716924 0.09550182910716924
0.1629602321696189 0.11910228435903836 0.16302302505548036 0.09548572546589601 0.1610328974830555 0.1074243845351191 0.09548572546589601 0.09548572546589601
0.16294226276155607 0.1190923539195832 0.1629988685598339 0.09548168277872066 0.16110374091801985 0.10741772550484502 0.09548168277872066 0.09548168277872066
0.1629337342868599 0.11908929563681753 0.16298777443414 0.09548059309245605 0.1611315204384868 0.10741589592632772 0.09548059309245605 0.09548059309245605
0.16292990555073916 0.11908839116012276 0.16298288161493768 0.0954802948854817 0.16114254258490393 0.10741539443285143 0.0954802948854817 0.0954802948854817
0.1629282399115817 0.11908813119907377 0.16298077462733485 0.09548021422663425 0.16114695352960026 0.10741525805250662 0.09548021422663425 0.09548021422663425
0.16292752929994936 0.1190880585770786 0.16297988096119614 0.09548019313895575 0.16114872993345203 0.10741522181145649 0.09548019313895575 0.09548019313895575
0.16293599253682417 0.11908678723881264 0.16297825390100212 0.09547893619717304 0.16114819688895154 0.10741396084289043 0.09547893619717304 0.09547893619717304
0.16293921897226107 0.11908625760305475 0.16297730246553466 0.09547865858974416 0.16114770206207404 0.1074135431278431 0.09547865858974416 0.09547865858974416
0.16294048122062893 0.11908607901270901 0.16297683484623932 0.09547858499365416 0.16114742682049032 0.10741342311897006 0.09547858499365416 0.09547858499365416
0.1629409828237359 0.11908602260229487 0.162976620185343 0.09547856398674168 0.1611472936506627 0.10741338877773836 0.09547856398674168 0.09547856398674168
0.16294707915820972 0.11908516311028561 0.16297568297266496 0.09547771567745443 0.16114639107371767 0.10741253665275868 0.09547771567745443 0.09547771567745443
0.16294941556853199 0.11908480481227358 0.16297510691503225 0.09547752776394249 0.16114583535364144 0.10741225405869345 0.09547752776394249 0.09547752776394249
0.1629503330136696 0.11908468378588707 0.16297481834496513 0.09547747776605536 0.16114555889584634 0.10741217266146574 0.09547747776605536 0.09547747776605536
0.16295466408213635 0.11908407895660181 0.16297411799436418 0.09547689692887257 0.16114486540013356 0.10741158278014654 0.09547689692887257 0.09547689692887257
0.16295899569627673 0.11908344855445271 0.16297331743737273 0.09547638642723949 0.1611440722940346 0.10741100673614465 0.09547638642723949 0.09547638642723949
0.16291686775240988 0.11903940183717737 0.1629290641335695 0.09543246468000907 0.16145025125279092 0.10736702098402515 0.09543246468000907 0.09543246468000907
0.1628899163911114 0.11902116469448627 0.16290123092345987 0.09542295929726717 0.16156618180364865 0.10735262829549219 0.09542295929726717 0.09542295929726717
0.1628763063545606 0.1190151004207378 0.16288725462945297 0.09542051032931191 0.16161122746739054 0.10734858013992216 0.09542051032931191 0.09542051032931191
0.1628699979482401 0.11901322601484514 0.16288079401359995 0.09541983809660974 0.16162900962132895 0.10734745811215665 0.09541983809660974 0.09541983809660974
0.1628671979385924 0.11901266685598465 0.162877930724023 0.09541965051736549 0.16163610706614298 0.10734714586316067 0.09541965051736549 0.09541965051736549
0.1628659863061385 0.11901250391362359 0.16287669277694575 0.09541959842187898 0.1616389626643139 0.10734705907334127 0.09541959842187898 0.09541959842187898
0.16286547036153437 0.11901245742747403 0.1628761658879516 0.09541958423719636 0.16164011836610562 0.10734703524534539 0.09541958423719636 0.09541958423719636
0.1628652529828564 0.11901244449586802 0.16287594395713267 0.09541958052093996 0.16164058811978907 0.1073470288815339 0.09541958052093996 0.09541958052093996
0.16286516205670346 0.11901244102679451 0.16287585113758513 0.09541957961541002 0.1616407796637733 0.1073470272689138 0.09541957961541002 0.09541957961541002
0.16286512421380941 0.11901244015043633 0.16287581250721048 0.09541957942675618 0.16164085794719527 0.10734702690107992 0.09541957942675618 0.09541957942675618
0.16286510851906374 0.11901243995342091 0.162875796484989 0.09541957940346878 0.16164088999519774 0.1073470268369221 0.09541957940346878 0.09541957940346878
0.1628668954013606 0.11901218372438302 0.16287553365928614 0.09541932321348695 0.1616406469346978 0.10734677063981163 0.09541932321348695 0.09541932321348695
0.16286757886625627 0.11901207639053932 0.16287536826881097 0.09541926667413117 0.16164049081788953 0.10734668563411026 0.09541926667413117 0.09541926667413117
0.16286784692738618 0.11901204012961279 0.16287528478796748 0.0954192516909165 0.16164041187646666 0.10734666120581764 0.0954192516909165 0.0954192516909165
0.16286795366557502 0.11901202866692741 0.16287524593942815 0.09541924741654675 0.16164037526123612 0.10734665421719317 0.09541924741654675 0.09541924741654675
0.16286799661112036 0.11901202513647935 0.16287522859194287 0.0954192461584455 0.1616403590025429 0.10734665218257808 0.0954192461584455 0.0954192461584455
0.16286801401951093 0.11901202405989555 0.16287522103065794 0.09541924578173282 0.1616403519649402 0.10734665157979704 0.09541924578173282 0.09541924578173282
0.16286802111459403 0.11901202373219524 0.1628752177848274 0.09541924566745298 0.16164034896748297 0.10734665139854155 0.09541924566745298 0.09541924566745298
0.16286802401777714 0.1190120236321181 0.1628752164054359 0.0954192456323387 0.1616403477043651 0.10734665134328775 0.0954192456323387 0.0954192456323387
0.16286923156828848 0.11901185126431162 0.16287504348618342 0.09541907328437135 0.16164017483892137 0.10734647898918111 0.09541907328437135 0.09541907328437135
0.16286969362085324 0.11901177905199187 0.16287493382804116 0.09541903524200575 0.16164006597673722 0.10734642179635921 0.09541903524200575 0.09541903524200575
0.16287068637203395 0.11901163872721138 0.16287476240280335 0.09541890923249503 0.16163989536837567 0.1073462894320905 0.09541890923249503 0.09541890923249503
0.1628710690498154 0.11901158244360828 0.16287466293996838 0.0954188807666812 0.16163979700742864 0.1073462462591357 0.0954188807666812 0.0954188807666812
0.16284163925509823 0.11898198300696464 0.16284503346764242 0.09538929248762074 0.16184681362435216 0.10731665318308026 0.09538929248762074 0.09538929248762074
0.16282301370168586 0.11896967792424026 0.16282632487191834 0.09538285515603402 0.1619254903021218 0.10730692773193183 0.09538285515603402 0.09538285515603402
0.16281417499955342 0.11896548992012931 0.16281682790760685 0.09538110649440193 0.16195608922488813 0.10730409846461657 0.09538110649440193 0.09538110649440193
0.16281003417439283 0.11896417941486391 0.16281241438875077 0.0953806262132446 0.16196818956183445 0.10730330382042422 0.0953806262132446 0.0953806262132446
0.16280818374075184 0.11896378410912153 0.16281045098441682 0.09538049070024271 0.16197302905135832 0.10730308001362318 0.09538049070024271 0.09538049070024271
0.16280774604542472 0.11896361493715485 0.16280954701894815 0.09538039989313639 0.16197492797996857 0.10730296433909452 0.09538039989313639 0.09538039989313639
0.16278759210076318 0.11894360872850335 0.16278919996275673 0.09536042722090018 0.16211533873114323 0.1072829788141329 0.09536042722090018 0.09536042722090018
0.1627748818847713 0.11893527930742441 0.16277640966149964 0.09535606380278909 0.16216884295580036 0.10727639478213719 0.09535606380278909 0.09535606380278909
0.16276872640848358 0.11893245447867251 0.16276993884814678 0.09535489018688294 0.16218972009692775 0.1072744896071204 0.09535489018688294 0.09535489018688294
0.1627658516952245 0.11893156908920031 0.16276693351379884 0.09535456478753224 0.16219799881752284 0.10727395252165672 0.09535456478753224 0.09535456478753224
0.1627645684381445 0.11893130088716944 0.16276559614879546 0.09535447210387846 0.16220131805241492 0.10727380016184032 0.09535447210387846 0.09535447210387846
0.16276401040761723 0.11893122115444354 0.16276501570450339 0.09535444553915001 0.16220265944774215 0.10727375666824338 0.09535444553915001 0.09535444553915001
0.1627637717113634 0.11893119776254957 0.16276476772343657 0.09535443795336064 0.1622032046927365 0.10727374424983215 0.09535443795336064 0.09535443795336064
0.16276367071249043 0.11893119098346121 0.16276466287834 0.09535443581144883 0.16220342726326506 0.10727374072809684 0.09535443581144883 0.09535443581144883
0.16276362829071964 0.11893118904688059 0.1627646188632677 0.09535443521874526 0.16220351839880687 0.10727373974408935 0.09535443521874526 0.09535443521874526
0.1615952990008276 0.1177628769422212 0.16159628891334707 0.09418612349799094 0.16103524423784712 0.11545192041178423 0.09418612349799094 0.09418612349799094
0.16111888048812448 0.11753872188092954 0.16111986596644903 0.09419357300282032 0.16056121158239914 0.11708060107363677 0.09419357300282032 0.09419357300282032
0.16094720687616434 0.11751992261992701 0.16094818882133738 0.09421920992929479 0.16049794650620078 0.1174291053884861 0.09421920992929479 0.09421920992929479
0.1608891412489209 0.11752904190433622 0.16088993349130354 0.09423205595304918 0.16048467707355984 0.11751103842273203 0.09423205595304918 0.09423205595304918
0.16086954339364945 0.1175353000113047 0.1608702569301235 0.09423650626576431 0.16048364984146904 0.11753173102616025 0.09423650626576431 0.09423650626576431
0.16086284523277086 0.11753795899796514 0.16086352612566504 0.09423792465400639 0.16048464419426398 0.11753725148731572 0.09423792465400639 0.09423792465400639
0.16086051237409385 0.11753892732970778 0.16086117973136307 0.094238365871933 0.16048549587525515 0.11753878707378101 0.094238365871933 0.094238365871933
0.16085979283324695 0.11753923977260108 0.16086032843704123 0.09423848635408892 0.16048596792638284 0.11753921196846132 0.09423848635408892 0.09423848635408892
0.16085953352414772 0.11753934040372693 0.16086001456011073 0.0942385250469703 0.16048620147923093 0.11753933489187296 0.0942385250469703 0.0942385250469703
0.16085951245651298 0.11753936182922635 0.1608598860421938 0.09423852652349536 0.1604862993650166 0.11753936073656408 0.09423852652349536 0.09423852652349536
0.160859505253029 0.1175393675983968 0.1608598343373614 0.0942385280453046 0.16048634129351022 0.11753936738178895 0.0942385280453046 0.0942385280453046
0.16085950284821754 0.11753936932062582 0.160859813501981 0.09423852862386131 0.1604863591799058 0.11753936927768578 0.09423852862386131 0.09423852862386131
0.16085055239723903 0.11753042020702731 0.16085085541784405 0.09422957916885048 0.16054901427282342 0.11753042019851492 0.09422957916885048 0.09422957916885048
0.1608450296303892 0.11752677319366685 0.16084527240780425 0.09422770621531865 0.16057303293020428 0.11752677319197938 0.09422770621531865 0.09422770621531865
0.16084229093183008 0.11752556041793666 0.16084247036621013 0.09422721641844284 0.1605824686110924 0.11752556041760213 0.09422721641844284 0.09422721641844284
0.16084101622735356 0.11752517954531821 0.16084116942640606 0.09422707596479776 0.16058622736127695 0.1175251795452519 0.09422707596479776 0.09422707596479776
0.1608404689516768 0.11752505887160217 0.16084058546254873 0.09422703079473971 0.1605877354583639 0.11752505887158904 0.09422703079473971 0.09422703079473971
0.16084022893721123 0.11752502159301786 0.16084033025322245 0.09422701743834495 0.16058834530849836 0.11752502159301526 0.09422701743834495 0.09422701743834495
0.16084012551677473 0.11752501018620574 0.1608402205396433 0.09422701342158751 0.16058859330640826 0.11752501018620523 0.09422701342158751 0.09422701342158751
0.16084008147332257 0.11752500671378421 0.1608401738898057 0.09422701221043654 0.160588694577994 0.1175250067137841 0.09422701221043654 0.09422701221043654
0.16084006286848102 0.11752500566148019 0.16084015420549588 0.09422701184650056 0.16058873606356086 0.11752500566148016 0.09422701184650056 0.09422701184650056
0.1608400550545843 0.1175250053443021 0.16084014594452328 0.09422701173792973 0.1605887530984992 0.1175250053443021 0.09422701173792973 0.09422701173792973
0.16084005178637312 0.11752500524939431 0.16084014249114975 0.09422701170589888 0.16058876010599177 0.1175250052493943 0.09422701170589888 0.09422701170589888
0.16084005042352584 0.11752500522128528 0.16084014105161507 0.09422701169660426 0.16058876299247565 0.11752500522128528 0.09422701169660426 0.09422701169660426
0.16084004985646302 0.117525005213083 0.16084014045279113 0.09422701169397427 0.16058876418265713 0.117525005213083 0.09422701169397427 0.09422701169397427
0.16084006481905438 0.11752500303957653 0.16084013803290337 0.09422700952209381 0.1605887625026077 0.11752500303957653 0.09422700952209381 0.09422700952209381
0.1608400705610885 0.11752500215387368 0.16084013657585908 0.09422700906726383 0.16058876135351355 0.11752500215387365 0.09422700906726383 0.09422700906726383
0.1608400728206122 0.11752500185971243 0.1608401358538327 0.0942270089486831 0.16058876076008077 0.11752500185971243 0.0942270089486831 0.0942270089486831
0.16084007372204676 0.11752500176703498 0.16084013552043683 0.09422700891431977 0.16058876048048712 0.11752500176703498 0.09422700891431977 0.09422700891431977
0.16083404915746533 0.11751897681074575 0.16083411044444149 0.09422098397640279 0.1606309348473935 0.11751897681074575 0.09422098397640279 0.09422098397640279
0.16083029634059268 0.11751652473136719 0.16083035741442606 0.09421972627597633 0.160647117954318 0.1175165247313672 0.09421972627597633 0.09421972627597633
0.16082841563780287 0.11751571218768185 0.16082847662252883 0.09421939982909533 0.16065348387701867 0.11751571218768186 0.09421939982909533 0.09421939982909533
0.16082755288360692 0.1175154555796418 0.16082760214820505 0.09421930429858494 0.16065602091314954 0.1175154555796418 0.09421930429858494 0.09421930429858494
0.1608271739511819 0.11751537523495566 0.16082721050315935 0.09421927482351963 0.16065704060518843 0.11751537523495566 0.09421927482351963 0.09421927482351963
0.1608270081774674 0.1175153504714384 0.16082703946438134 0.09421926598742117 0.16065745345301108 0.1175153504714384 0.09421926598742117 0.09421926598742117
0.16082693684386035 0.11751534288513397 0.16082696595019283 0.09421926331020196 0.16065762150507296 0.11751534288513399 0.09421926331020196 0.09421926331020196
0.16082690648818423 0.11751534056889092 0.1608269346914057 0.09421926249785734 0.16065769018905635 0.11751534056889093 0.09421926249785734 0.09421926249785734
0.16082689829558855 0.11751533920306259 0.16082692083868932 0.09421926159119781 0.16065771768600332 0.11751533920306262 0.09421926159119781 0.09421926159119781
0.16082689780141843 0.11751533827541616 0.1608269144445983 0.09421926093431127 0.16065772840021705 0.11751533827541616 0.09421926093431127 0.09421926093431127
0.16082689744548595 0.11751533794025254 0.16082691164517013 0.09421926078304299 0.1606577326797097 0.11751533794025254 0.09421926078304299 0.09421926078304299
0.1608268972568186 0.11751533783255486 0.160826910444511 0.09421926074178767 0.16065773440819778 0.11751533783255484 0.09421926074178767 0.09421926074178767
0.1608268971665931 0.11751533779911744 0.16082690993516166 0.0942192607297001 0.16065773511091 0.11751533779911744 0.0942192607297001 0.0942192607297001
0.15986609732948465 0.12424093636165044 0.15986610992446998 0.09325846092995926 0.15969693560176906 0.11655453799274801 0.09325846092995926 0.09325846092995926
0.15941948501247452 0.1259654226365276 0.15941949511440237 0.09320976851914607 0.15925091371404845 0.11631537796510888 0.09320976851914607 0.09320976851914607
0.15925290988751603 0.126438469577606 0.159252918943277 0.09322816116024704 0.15908485825577875 0.11628635985508094 0.09322816116024704 0.09322816116024704
0.15919488197521853 0.1265741470160257 0.1591948905926111 0.09323912155743207 0.15902714800134066 0.11629156774250779 0.09323912155743207 0.09323912155743207
0.1591752402686443 0.1266143088395789 0.15917524870271002 0.0932435125362496 0.15900767345463496 0.11629699112568292 0.0932435125362496 0.0932435125362496
0.15916868794509573 0.12662647978609035 0.15916869630263503 0.09324509496950967 0.1590012023747719 0.11629964868287793 0.09324509496950967 0.09324509496950967
0.15916652162254774 0.12663023438823243 0.1591665283559102 0.0932456407475243 0.15899907209940334 0.11630072129133337 0.0932456407475243 0.0932456407475243
0.1591658086123402 0.12663140846310406 0.1591658146729933 0.0932458249357071 0.15899837533251715 0.116301118111924 0.0932458249357071 0.0932458249357071
0.1591655756024894 0.126631779221031 0.15916558031347477 0.09324588615322382 0.15899814840873097 0.11630125799460253 0.09324588615322382 0.09324588615322382
0.15916549997108384 0.12663189712084785 0.1591655034026427 0.0932459063041121 0.15899807471745084 0.11630130587563835 0.0932459063041121 0.0932459063041121
0.15916547528216912 0.12663193483907784 0.1591654781838434 0.09324591293850021 0.15899805087751265 0.1163013220018964 0.09324591293850021 0.09324591293850021
0.15916145419264077 0.12662793391891405 0.15916145687485922 0.0932419020740674 0.15902613445707325 0.11629731433431054 0.0932419020740674 0.0932419020740674
0.15915898392301106 0.1266260741855784 0.15915898651430285 0.09324109716823767 0.15903694891836007 0.11629571495403457 0.09324109716823767 0.09324109716823767
0.1591577586626954 0.1266253812093226 0.15915776073170948 0.09324089450365913 0.1590412206547598 0.11629519523053541 0.09324089450365913 0.09324089450365913
0.1591571931784548 0.12662514014911455 0.15915719470518963 0.09324083614402638 0.1590429296935225 0.11629503384163928 0.09324083614402638 0.09324083614402638
0.15915424073560183 0.12662235835110702 0.15915424203774536 0.09323811790063317 0.15906252156891032 0.11629228360473585 0.09323811790063317 0.09323811790063317
0.1591524699106907 0.12662107689158217 0.15915247111980566 0.09323756985165746 0.1590700821703262 0.11629119035262286 0.09323756985165746 0.09323756985165746
0.15915159823329825 0.1266206005431325 0.15915159918462 0.09323743135517662 0.15907307284205507 0.11629083513136423 0.09323743135517662 0.09323743135517662
0.1591511972669591 0.12662043500092998 0.1591511981115114 0.09323739140044562 0.15907427066119748 0.11629072475806515 0.09323739140044562 0.09323739140044562
0.15915101907586235 0.12662037908093246 0.15915101972870976 0.09323737912502522 0.15907475413702424 0.1162906906023955 0.09323737912502522 0.09323737912502522
0.1591509414999716 0.12662036046189307 0.15915094197421592 0.0932373752490822 0.15907495036119282 0.11629067995548006 0.0932373752490822 0.0932373752490822
0.15915090813856825 0.1266203543202765 0.15915090853884267 0.0932373740163051 0.15907503034132417 0.11629067661207325 0.0932373740163051 0.0932373740163051
0.15915089392724105 0.1266203523066061 0.15915089429688026 0.09323737362184874 0.15907506304890168 0.11629067555482456 0.09323737362184874 0.09323737362184874
0.15915088791497403 0.12662035164916824 0.15915088827192542 0.09323737349530746 0.1590750764593142 0.1162906752186958 0.09323737349530746 0.09323737349530746
0.15915088544271402 0.12662035142686953 0.1591508857276783 0.09323737344633982 0.1590750819606241 0.11629067510309445 0.09323737344633982 0.09323737344633982
0.1591508844040939 0.12662035135354582 0.15915088465924415 0.0932373734316243 0.1590750842227809 0.11629067506546228 0.0932373734316243 0.0932373734316243
0.15915088396934 0.1266203513296126 0.15915088421214257 0.0932373734270226 0.15907508515443664 0.11629067505340043 0.0932373734270226 0.0932373734270226
0.15915088378782544 0.12662035132184468 0.15915088402551414 0.09323737342556458 0.1590750855385706 0.11629067504955129 0.09323737342556458 0.09323737342556458
0.15915088371218677 0.12662035131933363 0.1591508839477575 0.09323737342510152 0.15907508569709222 0.11629067504832519 0.09323737342510152 0.09323737342510152
0.15915088371999095 0.12662035131291385 0.15915088390979631 0.09323737341934377 0.15907508575694312 0.11629067504232438 0.09323737341934377 0.09323737341934377
0.15915088372204828 0.12662035131004648 0.15915088389289958 0.09323737341816893 0.15907508578053928 0.11629067503995996 0.09323737341816893 0.09323737341816893
0.159150883749021 0.1266203513052167 0.15915088388182783 0.09323737341409519 0.15907508578623142 0.11629067503541747 0.09323737341409519 0.09323737341409519
0.1591508837771179 0.1266203513005586 0.15915088387385767 0.09323737341071041 0.15907508578520252 0.11629067503113219 0.09323737341071041 0.09323737341071041
0.1591508837880254 0.1266203512986015 0.15915088386982773 0.09323737340998137 0.15907508578404767 0.11629067502955366 0.09323737340998137 0.09323737340998137
0.1591508837923501 0.12662035129789279 0.159150883867966 0.09323737340978867 0.15907508578337698 0.11629067502904802 0.09323737340978867 0.09323737340978867
0.1591508837940843 0.12662035129764906 0.15915088386713805 0.09323737340973175 0.1590750857830425 0.1162906750288909 0.09323737340973175 0.09323737340973175
0.15915088380673922 0.12662035129585933 0.1591508838650697 0.0932373734080063 0.15907508578117863 0.11629067502713428 0.0932373734080063 0.0932373734080063
0.15915088381967246 0.1266203512938896 0.1591508838627152 0.09323737340650842 0.1590750857789093 0.11629067502528817 0.09323737340650842 0.09323737340650842
0.15915088382470927 0.12662035129305071 0.15915088386142048 0.09323737340618883 0.1590750857776505 0.11629067502460261 0.09323737340618883 0.09323737340618883
0.15915088383212037 0.12662035129197288 0.1591508838600276 0.09323737340533217 0.15907508577627286 0.11629067502361004 0.09323737340533217 0.09323737340533217
0.15915088383864795 0.12662035129098873 0.15915088385875076 0.09323737340463222 0.1590750857750027 0.11629067502271331 0.09323737340463222 0.09323737340463222
0.1591508838411999 0.12662035129057778 0.15915088385807044 0.09323737340448074 0.15907508577432553 0.11629067502238406 0.09323737340448074 0.09323737340448074
0.1591508838422167 0.1266203512904293 0.15915088385774856 0.09323737340444056 0.15907508577400511 0.11629067502227866 0.09323737340444056 0.09323737340444056
0.1591508838426259 0.12662035129037824 0.15915088385760331 0.09323737340442868 0.1590750857738606 0.11629067502224585 0.09323737340442868 0.09323737340442868
0.1591508838427917 0.12662035129036106 0.15915088385753948 0.09323737340442498 0.1590750857737971 0.11629067502223564 0.09323737340442498 0.09323737340442498
0.1591508838428592 0.1266203512903554 0.1591508838575119 0.0932373734044238 0.15907508577376966 0.11629067502223248 0.0932373734044238 0.0932373734044238
0.15915088384288675 0.1266203512903535 0.15915088385750006 0.09323737340442344 0.1590750857737579 0.11629067502223144 0.09323737340442344 0.09323737340442344
0.15915088384289808 0.12662035129035293 0.15915088385749507 0.0932373734044233 0.15907508577375293 0.11629067502223114 0.0932373734044233 0.0932373734044233
0.15915088384290269 0.12662035129035268 0.15915088385749296 0.09323737340442326 0.15907508577375082 0.116290675022231 0.09323737340442326 0.09323737340442326
0.15915088384290457 0.12662035129035262 0.15915088385749204 0.09323737340442326 0.1590750857737499 0.11629067502223098 0.09323737340442326 0.09323737340442326
0.15915088384290535 0.12662035129035262 0.15915088385749165 0.09323737340442326 0.1590750857737495 0.11629067502223098 0.09323737340442326 0.09323737340442326
0.15915088384290568 0.12662035129035262 0.15915088385749152 0.09323737340442326 0.15907508577374938 0.11629067502223098 0.09323737340442326 0.09323737340442326
0.15915088384535325 0.126620351290003 0.15915088385714182 0.09323737340407363 0.1590750857733997 0.11629067502188137 0.09323737340407363 0.09323737340407363
0.15915088384794285 0.12662035128960525 0.15915088385669146 0.0932373734037681 0.15907508577294943 0.1162906750215065 0.0932373734037681 0.0932373734037681
0.15915088384895035 0.12662035128943538 0.15915088385643994 0.09323737340370306 0.15907508577269808 0.11629067502136717 0.09323737340370306 0.09323737340370306
0.1591508838504579 0.1266203512892153 0.15915088385616044 0.09323737340352778 0.15907508577241875 0.11629067502116425 0.09323737340352778 0.09323737340352778
0.15915088385104542 0.12662035128912041 0.15915088385600784 0.09323737340349093 0.1590750857722663 0.11629067502108718 0.09323737340349093 0.09323737340349093
0.15915088385127915 0.1266203512890858 0.15915088385593507 0.09323737340348132 0.1590750857721936 0.11629067502106227 0.09323737340348132 0.09323737340348132
0.159150883852118 0.12662035128896745 0.15915088385579565 0.0932373734033721 0.15907508577205426 0.11629067502094811 0.0932373734033721 0.0932373734033721
0.1591508838524432 0.126620351288914 0.15915088385571569 0.09323737340334982 0.15907508577197432 0.11629067502090326 0.09323737340334982 0.09323737340334982
0.15915088385257217 0.1266203512888942 0.15915088385567688 0.09323737340334413 0.15907508577193555 0.11629067502088866 0.09323737340334413 0.09323737340334413
0.15915088385312506 0.1266203512888158 0.15915088385558765 0.09323737340327096 0.15907508577184634 0.1162906750208126 0.09323737340327096 0.09323737340327096
0.1591508838533391 0.1266203512887802 0.15915088385553572 0.09323737340325602 0.15907508577179447 0.11629067502078257 0.09323737340325602 0.09323737340325602
0.1582000968417678 0.12566956427711082 0.15820009684385425 0.09228658639159602 0.15812429876011305 0.12294618410236596 0.09228658639159602 0.09228658639159602
0.15776595045782976 0.12537852192674565 0.15776595045986358 0.09224621544958925 0.1576904177879523 0.12466051301884101 0.09224621544958925 0.09224621544958925
0.15760663798544577 0.12532228215812374 0.15760663798707275 0.09226670789855398 0.15753133635513222 0.12513298181856364 0.09226670789855398 0.09226670789855398
0.1575516655512478 0.12531846275439204 0.1575516655524489 0.09227771589762986 0.15747650401493454 0.12526855443408702 0.09227771589762986 0.09227771589762986
0.15753308483184153 0.12532164230184084 0.15753308483269354 0.09228190241646207 0.1574579966227441 0.12530848416149382 0.09228190241646207 0.09228190241646207
