Action: 0
[0.2059223381499785, 0.10264380196526036, 0.1255457113438526, 0.10264380196296033, 0.15531267716267488, 0.10264406548935268, 0.10264380196296033, 0.10264380196296033]
[0.15949840298530762, 0.1038850611773262, 0.2171912299507352, 0.1038850611773262, 0.1038850611773262, 0.1038850611773262, 0.1038850611773262, 0.1038850611773262]
[0.11352091673862517, 0.10116274968347289, 0.25535584461133143, 0.10116274968347289, 0.12530949023267907, 0.10116274968347289, 0.10116274968347289, 0.10116274968347289]
[0.125, 0.125, 0.125, 0.125, 0.125, 0.125, 0.125, 0.125]
[0.10413195986614596, 0.10263871145690907, 0.15639630057013876, 0.10263852363461085, 0.20527969579931918, 0.12363776140365451, 0.10263852363461085, 0.10263852363461085]
[0.10599146370927422, 0.1049202174638168, 0.26448723150782044, 0.1049202174638168, 0.10492021746382146, 0.1049202174638168, 0.1049202174638168, 0.1049202174638168]
[0.125, 0.125, 0.125, 0.125, 0.125, 0.125, 0.125, 0.125]
[0.125, 0.125, 0.125, 0.125, 0.125, 0.125, 0.125, 0.125]

Action: 1
[0.10392156011306453, 0.10392156011306453, 0.10392156011306453, 0.10392156011306453, 0.11300414490909196, 0.26346649441252096, 0.10392156011306453, 0.10392156011306453]
[0.10524550698090472, 0.10524550698090472, 0.10524550698090472, 0.10524550698090472, 0.21049101396180944, 0.15803594415276226, 0.10524550698090472, 0.10524550698090472]
[0.10388573132568288, 0.10388573132568288, 0.10388573132568288, 0.10388573132568288, 0.15949952593784308, 0.21718608610805973, 0.10388573132568288, 0.10388573132568288]
[0.125, 0.125, 0.125, 0.125, 0.125, 0.125, 0.125, 0.125]
[0.1051598599979786, 0.10505257438716921, 0.10505257438716921, 0.10505257438716921, 0.1050756607407525, 0.2645016073254228, 0.10505257438716921, 0.10505257438716921]
[0.10268382891202854, 0.10268382891202854, 0.10268382891202854, 0.10268382891202854, 0.15266909970670503, 0.23122792682112359, 0.10268382891202854, 0.10268382891202854]
[0.125, 0.125, 0.125, 0.125, 0.125, 0.125, 0.125, 0.125]
[0.125, 0.125, 0.125, 0.125, 0.125, 0.125, 0.125, 0.125]

