0.125 0.125 0.125 0.125 0.125 0.125 0.125 0.125
0.07575757575757576 0.12626262626262627 0.09090909090909091 0.15151515151515152 0.0946969696969697 0.15782828282828282 0.11363636363636365 0.1893939393939394
0.07515215834697218 0.12525359724495364 0.09018259001636662 0.15030431669394437 0.10193170775368249 0.15656699655619205 0.11272823752045827 0.18788039586743044
0.055788345048540765 0.09298057508090127 0.06694601405824892 0.11157669009708153 0.12970181724276417 0.18596115016180254 0.13389202811649784 0.22315338019416306
0.05513945384972234 0.09189908974953723 0.0661673446196668 0.11027890769944468 0.13982451994433154 0.18379817949907445 0.1323346892393336 0.22055781539888936
0.07178690243773557 0.11964483739622597 0.0861442829252827 0.14357380487547114 0.11628081482134273 0.17542174779299952 0.10768035365660338 0.17946725609433894
0.07200700144425863 0.1200116690737644 0.08640840173311036 0.14401400288851726 0.11483690249512893 0.17469401658818579 0.10801050216638795 0.18001750361064656
0.10546824047401661 0.0830562393732881 0.12656188856881995 0.09966748724794572 0.1682960400002309 0.13416338456474164 0.15820236071102495 0.12458435905993213
0.08769198837691987 0.1551473640514736 0.07644942576449425 0.13525667635256675 0.10523038605230385 0.18617683686176836 0.0917393109173931 0.1623080116230801
0.10536139329659551 0.08297209722106896 0.12643367195591462 0.09956651666528277 0.16710141997292982 0.13606466511171156 0.15804208994489327 0.12445814583160346
0.052282548433050524 0.09249989338155094 0.06535318554131317 0.11562486672693868 0.10456509686610105 0.2077183045145419 0.13070637108262634 0.23124973345387737
0.09507089250498227 0.07486832784767355 0.19014178500996454 0.1497366556953471 0.10577452084337795 0.08810353645812656 0.16576463308561012 0.13053964855491798
0.06091994780398361 0.1015332463399727 0.06479989488090261 0.09137992170597542 0.15581344373891118 0.23313779607113314 0.1096559060471705 0.18275984341195084
0.06888152402622333 0.12186731173870283 0.08610190503277916 0.15233413967337853 0.082657828831468 0.2020340370500588 0.10332228603933499 0.1828009676080542
0.10352117253346706 0.08152292337010532 0.1346202401874744 0.09782750804412639 0.1580490300992961 0.14689298191017217 0.1552817588002006 0.12228438505515796
0.06966327733678385 0.1232504137496945 0.08707909667097981 0.15406301718711812 0.08359593280414063 0.1929777256215656 0.10449491600517577 0.18487562062454174
0.07348108002222925 0.11465592000770837 0.08958355443195637 0.13758710400925003 0.10536977787150832 0.20414835563884742 0.10319032800693755 0.17198388001156253
0.07651705120640553 0.11299615704875035 0.088616586811137 0.13559538845850042 0.10925945276907482 0.20582458678913101 0.10169654134387532 0.1694942355731255
0.07672059525616864 0.11272742852393809 0.08834832655759937 0.1352729142287257 0.11033350177442705 0.20605140520168977 0.1014546856715443 0.16909114278590712
0.06455286375546107 0.09481114375268529 0.05571956660911936 0.08533002937741677 0.14908636378898107 0.2774439387086028 0.1023960352529001 0.17066005875483353
0.10415406278295729 0.08407617116214625 0.13019257847869659 0.1050952139526828 0.12498487533954876 0.16915174736631314 0.15623109417443592 0.12611425674321936
0.09343933634799106 0.07542693416042652 0.18687867269598213 0.15085386832085304 0.09404967799289739 0.09539222356669826 0.16819080542638393 0.13576848148876774
0.11864451788140165 0.08045454239465093 0.1451059967963749 0.09654545087358112 0.16091230668351847 0.12440862436011375 0.1532467474183827 0.12068181359197638
0.080994277831191 0.14329756847056868 0.08039260016573739 0.12492608533331631 0.11212477495402444 0.22362091557562883 0.08473247526955366 0.14991130239997955
0.09061379135523986 0.07314607253977194 0.19551663336403102 0.14629214507954388 0.09731116718648539 0.10235243546390664 0.16310482443943175 0.1316629305715895
0.10887727481270137 0.07132992776885454 0.2162758053324283 0.14265985553770907 0.10040758508177874 0.0781490965929661 0.15793032440478982 0.12437013046877202
0.06383833885268217 0.08524913698247413 0.08501647184603349 0.10229896437896897 0.13158978938178542 0.204650612545355 0.12275875725476275 0.20459792875793795
0.06556811430351699 0.11600512530622235 0.09405050077645896 0.14500640663277795 0.09664683157582944 0.21036316199058544 0.09835217145527547 0.17400768795933352
0.10306319536891875 0.0705625997945958 0.20938246498935678 0.1411251995891916 0.09976284802990039 0.09684006976053587 0.15623139718461582 0.12303222528288496
0.08292586968469619 0.1115500463291351 0.11931248160723391 0.13386005559496209 0.1078857723087227 0.17674566328532593 0.10039504169622158 0.1673250694937026
0.07877724296854939 0.11014219008161504 0.10121552229627956 0.132170628097938 0.10852775011324976 0.20482541024649215 0.09912797107345352 0.1652132851224225
0.06509950541330532 0.09167996738248381 0.06117650515237507 0.08251197064423542 0.14493550677647435 0.2905582385695727 0.0990143647730825 0.16502394128847084
0.06314012323093195 0.1117094487931873 0.08756133543742504 0.13963681099148412 0.09541003084418564 0.24026789266660709 0.09471018484639793 0.16756417318978092
0.08897610650508479 0.07182408597398411 0.2052766540787489 0.14364817194796822 0.09347666513166972 0.10735796990022019 0.16015699170915262 0.1292833547531714
0.08061408534550114 0.11141869017953442 0.11832421870448508 0.1337024282154413 0.10626217706598003 0.18227354405817556 0.10027682116158097 0.16712803526930162
0.1155891939401854 0.07666757393142272 0.1489423070014782 0.09200108871770726 0.15948926904767927 0.1462757323093022 0.14603347415509088 0.11500136089713407
0.06526483588366865 0.11546855579418298 0.1089653645352181 0.14433569474272873 0.10031696896027137 0.19454849256715265 0.09789725382550298 0.17320283369127445
0.07695187866331628 0.10960498564553002 0.09884272543317875 0.13152598277463604 0.1062441378846027 0.21377832404946415 0.09864448708097702 0.16440747846829504
0.06437283987345827 0.11389040900688771 0.09846295790433374 0.14236301125860962 0.09581815581546747 0.2176977528207243 0.09655925981018741 0.17083561351033152
0.1387915372113602 0.09273883169741513 0.17371015061880057 0.11128659803689818 0.13147630939645713 0.1317786488813973 0.12319883868960643 0.09701908546806508
0.09805435918729517 0.07915231404275634 0.17096461327990514 0.09894039255344543 0.15722388089489994 0.1298544301966206 0.14708153878094277 0.11872847106413453
0.11275379451968626 0.09101812328697566 0.1962538925036188 0.11377265410871958 0.14511464568853696 0.11184348235996795 0.12684801883464705 0.10239538869784762
0.07179083186053688 0.11377085339582255 0.11700194815365658 0.14221356674477817 0.10813856611664778 0.17997005619054013 0.09645789744428433 0.17065628009373382
0.14130967867138608 0.09236833615337589 0.17907362295806392 0.11084200338405108 0.13462604405347112 0.12244217051703243 0.12270665413293401 0.09663149012968555
0.08739810204358588 0.13493808348052455 0.09413652891952255 0.1176383291881496 0.12658670128587216 0.21834678460721202 0.07978947544935364 0.14116599502577953
0.0938990624817178 0.06951955635430536 0.20991676540759271 0.13903911270861072 0.10545106777978412 0.10202099921332596 0.15501823461691375 0.12513520143774964
0.09160720375084594 0.06745143830639784 0.25813810431595996 0.13490287661279568 0.09762087211618735 0.07846027590188172 0.15040664004441545 0.1214125889515161
0.08145910104416272 0.1316373945860222 0.15958381784285755 0.16454674323252771 0.08561190432555281 0.14536475719783779 0.08370421286176412 0.14809206890927495
0.1072000113555709 0.06838148712260189 0.23786969290846338 0.13676297424520378 0.09458812412451746 0.08456621623461501 0.15140223441064476 0.11922925959838276
0.07676944193483032 0.11353687536978377 0.13348444562937298 0.14192109421222973 0.09792561338019068 0.16979769164888278 0.09625952477003406 0.17030531305467564
0.11830562855782942 0.07617683133601122 0.15681962411576608 0.09141219760321347 0.15573104519551922 0.1421906998333368 0.14509872635430707 0.11426524700401682
0.0906677661172033 0.1314221098151595 0.09362831118589816 0.11457312137731855 0.1303044198978242 0.22420606101963278 0.07771046493418125 0.13748774565278224
0.09875405888174284 0.06826130747483587 0.21381191849831094 0.13652261494967174 0.1053007157608015 0.10226650356589549 0.152212527414037 0.12287035345470458
0.087214895338611 0.1306162759307028 0.14911122003531915 0.1632703449133785 0.08687854445095204 0.15291049432262507 0.0830549145863708 0.14694331042204062
0.10801310331237651 0.0678826085665535 0.23990828054812796 0.135765217133107 0.09433812622929567 0.0854355678730685 0.150297676272711 0.11835942006475994
0.0955939581425274 0.13466355352790849 0.11258728193131044 0.11739899538330481 0.11671269283345805 0.20253757902676184 0.07962714469476326 0.1408787944599658
0.11596364156531923 0.07629377696794304 0.15684716533762463 0.09536722120992878 0.15247715021193692 0.14684059966564778 0.14176977958968517 0.11444066545191454
0.10449790526364007 0.06592698054257351 0.23902583995112386 0.13185396108514702 0.10731227266346605 0.08570714875532048 0.14700732676209674 0.11866856497663231
0.07919756154440429 0.11219609256900741 0.13535586447734715 0.14024511571125928 0.10043960810856313 0.1691488446013144 0.09512277413459325 0.1682941388535111
0.08054542804256308 0.1090343846146221 0.10824060501577709 0.13084126153754652 0.10606429122446014 0.20359150648993798 0.09813094615315991 0.16355157692193315
0.08796667423524691 0.13082884991827926 0.08488147279229052 0.11405592044157681 0.11655866014728072 0.2514816501576683 0.07735966777776512 0.13686710452989215
0.10187384957187545 0.06794656857730713 0.21080424081695887 0.13589313715461426 0.10226562723773995 0.10740204655384872 0.15151070664850275 0.12230382343915282
0.11663257647933353 0.07582908740432494 0.19089149931074928 0.09478635925540616 0.1470587730329767 0.12015178412955084 0.14090628928117097 0.11374363110648739
0.1033287681573401 0.06507177569194786 0.2542918981711468 0.13014355138389572 0.10498081371666813 0.07995364904577858 0.1451003475877166 0.11712919624550615
0.11590490278674115 0.07503208454572811 0.204869611689153 0.09379010568216013 0.14674681025309172 0.11168306679254647 0.1394252914319873 0.11254812681859214
0.13897100222659128 0.08517508594365816 0.21441512979695487 0.1064688574295727 0.13759508454584282 0.10284803777391281 0.11870483059685194 0.09582197168661542
0.08720119492849925 0.10975412220784067 0.1287019370520061 0.13719265275980083 0.10601194547703321 0.17345455630423753 0.09305240795882143 0.16463118331176096
0.07831547020420812 0.11124502687739182 0.10861734896341509 0.13905628359673977 0.09925244094577243 0.20232945326555288 0.09431643583083218 0.1668675403160877
0.1032992434000731 0.06798853780021583 0.22266307816485523 0.13597707560043165 0.09815189571107803 0.0979365095314317 0.151604291751526 0.12237936804038847
0.13938408197733143 0.08638819233545604 0.22328062475429608 0.10798524041932005 0.12474866417638263 0.10063099549231529 0.12039548446751056 0.09718671637738803
0.11239597440712382 0.06369157787950402 0.2664159216590341 0.12738315575900805 0.09834177467628635 0.07510404297029621 0.14202271246564033 0.11464484018310725
0.12297956736139634 0.07421000876474661 0.20810227159011918 0.09276251095593327 0.1433404265738987 0.10939249875289125 0.13789770285389483 0.11131501314711992
0.10905099126039657 0.06406761771796714 0.2604998355997686 0.12813523543593427 0.10298689535792178 0.07707648755560667 0.14286122518006403 0.11532171189234086
0.10480012682990558 0.06373331743854062 0.28304952332697586 0.12746663487708124 0.09332141723899318 0.0707932234466233 0.14211578545250697 0.11471997138937311
0.10310957129170875 0.06329964467140738 0.2920379216405631 0.12659928934281475 0.0906300283396946 0.06923542439619974 0.14114875990907852 0.1139393604085333
0.10240282951841655 0.06309191946022577 0.29553796412697914 0.12618383892045154 0.08977908133450037 0.06875334791911382 0.14068556369190643 0.1135654550284064
0.10211194650673665 0.06300654985632552 0.29689134702251185 0.12601309971265104 0.08948625510790834 0.06858380983553997 0.14049520221694078 0.11341178974138595
0.08212915489700787 0.11113764528440036 0.14967898000909027 0.13892205660550044 0.09596213332646761 0.16123816703589786 0.0942253949150351 0.16670646792660052
0.10309255707054295 0.06705628845175941 0.24013033420528448 0.13411257690351883 0.09610110673640838 0.08928030257315704 0.14952551484616203 0.12070131921316694
0.10443714788928563 0.06449962425472189 0.2756811749967352 0.12899924850944378 0.09277222679813532 0.07368671861473916 0.14382453527843955 0.11609932365849941
0.10334301955621343 0.0635260063740376 0.28931170990647676 0.1270520127480752 0.09079561784547925 0.06997130937583486 0.1416535127206152 0.11434681147326768
0.10256370446968623 0.0631657891708989 0.29451715839815823 0.1263315783417978 0.0899085510337168 0.06896451595674645 0.14085028212137754 0.11369842050761801
0.10218657025645947 0.06303181176920693 0.29650676315696517 0.12606362353841385 0.08954658749156769 0.06865585009058298 0.14055153251223157 0.11345726118457249
0.10202505037270086 0.06298145380432978 0.2972683218816444 0.12596290760865955 0.08940445941784289 0.06855194830035921 0.1404392417666697 0.11336661684779362
0.10195945925692308 0.06296236576652353 0.2975601523750574 0.12592473153304706 0.08934952709494383 0.06851482730244006 0.14039667829132263 0.11333225837974235
0.11971288120507509 0.07393579640168738 0.21849524958178343 0.09241974550210923 0.13987893389766345 0.10726553982392524 0.13738815898522505 0.11090369460253105
0.08470652200412257 0.10963269054585777 0.12969360928574472 0.13704086318232223 0.10644954388329746 0.17507828025185884 0.09294945502800986 0.16444903581878664
0.11838768192751675 0.07639004042747104 0.16406605172408006 0.0954875505343388 0.14962014324469883 0.1395148142884471 0.14194865721224095 0.11458506064120655
0.08430218936953239 0.10948417034048992 0.11632242120546048 0.13685521292561242 0.10836852963958063 0.18761768528513045 0.09282353572345886 0.1642262555107349
0.13732317335638747 0.08862575554652419 0.1848872173804347 0.11078219443315523 0.13076964948556594 0.12439415534306743 0.12351387946502532 0.0997039749898397
0.08808009523285307 0.10965152687751004 0.12155061247848291 0.13706440859688754 0.1042993228643944 0.18191131867223992 0.0929654249613672 0.16447729031626504
0.10552380598762605 0.06747596946971576 0.2278194235232618 0.13495193893943153 0.0986434441876435 0.09366733196958632 0.1504613408772468 0.12145674504548837
0.10571027483094331 0.06474821939931447 0.2707110995925854 0.12949643879862893 0.0936767580866518 0.07473154902598193 0.14437886534712807 0.11654679491876603
0.12165669498174729 0.07435278738630442 0.20988098783881406 0.09294098423288052 0.14200134758792232 0.10947500152578682 0.13816301536708805 0.11152918107945664
0.10903413676399543 0.06401380347478064 0.26127872871856345 0.12802760694956128 0.10262869184046397 0.07705095854829538 0.14274122744973472 0.11522484625460515
0.10506393698650524 0.06368009325701927 0.2833336064660629 0.12736018651403855 0.09318975933816769 0.0707511461039497 0.14199710347162206 0.11462416786263468
0.10344245642000163 0.06325755152546018 0.29210326157249034 0.12651510305092037 0.09056195661398866 0.06920117959513525 0.1410548984761754 0.11386359274582832
0.08264309448964456 0.11115215952096698 0.14854282757933593 0.13894019940120875 0.09622571762539896 0.16153006163856581 0.09423770046342853 0.16672823928145045
0.07850677251875489 0.11148325077319172 0.11359205885134313 0.13935406346648965 0.0972707609435709 0.1980498090226344 0.09451840826422778 0.16722487615978757
0.10366236548682056 0.06784098113532203 0.22488540419174566 0.13568196227064405 0.09752353394922735 0.09701672451046492 0.15127526241219566 0.12211376604357965
0.12217863420222487 0.07514848929321523 0.1952699389893718 0.09393561161651903 0.14455778441902847 0.11654521176361912 0.13964159577619845 0.11272273393982285
0.10973100042906934 0.06436603299295762 0.25536849251025207 0.12873206598591524 0.10370573521058726 0.07871116678019516 0.14352664670369952 0.11585885938732372
0.10546607701426752 0.06382660985006303 0.28102759590890086 0.12765321970012605 0.09361728000204432 0.07119750618852332 0.1423238136059614 0.11488789773011346
0.10363690261437072 0.0633135089065055 0.29121103229321144 0.126627017813011 0.0907268879100525 0.06934065934708024 0.14117967508405851 0.1139643160317099
0.10284755510859349 0.06307658336212628 0.2951621545714989 0.12615316672425256 0.08979474480607869 0.06877657889350818 0.1406513664821144 0.1135378500518273
0.08252153610916163 0.11111141842794411 0.1492581585613424 0.13888927303493015 0.09602477258887906 0.16132455453387393 0.09420315910195262 0.16666712764191619
0.1034431542461264 0.06703720255697694 0.23989241740757414 0.13407440511395388 0.0961060162207041 0.08929688370266783 0.14948295614943813 0.12066696460255849
0.1048261117749869 0.06447185946761422 0.2755189333760413 0.12894371893522844 0.09275350934693621 0.0736738961102999 0.1437626239471875 0.11604934704170558
0.10373829991932307 0.06349560524551318 0.28917995604581986 0.12699121049102635 0.09076803972038479 0.06994907639452147 0.14158572274148756 0.1142920894419237
0.10295480522363187 0.06313490505607168 0.29439837700877536 0.12626981011214336 0.08987812826804865 0.06893973007551768 0.1407814151548822 0.11364282910092903
0.10257352638827157 0.06300090168636778 0.2963937412068254 0.12600180337273556 0.08951534728966108 0.06863044937973117 0.14048260764094544 0.11340162303546199
0.1024095992956498 0.06295056862054794 0.29715789171237855 0.1259011372410959 0.08937299621113014 0.0685264109856464 0.14037037241656508 0.11331102351698628
0.10234284018475746 0.06293149514345435 0.29745088122497754 0.1258629902869087 0.08931800103217002 0.06848925946008007 0.140327841409434 0.11327669125821781
0.1023163726761967 0.062924225528333 0.29756330485012145 0.125848451056666 0.08929687855747889 0.06847553012747383 0.1403116312527306 0.11326360595099941
0.10230602633583916 0.06292144526995164 0.2976064628847144 0.12584289053990327 0.08928878016249552 0.06847036162967893 0.14030543169150408 0.11325860148591294
0.10230201278580586 0.06292037988241807 0.297623035080029 0.12584075976483614 0.0892856757286491 0.0684683969335921 0.1403030560363173 0.11325668378835253
0.10230046246309911 0.06291997118560293 0.297629399560684 0.12583994237120585 0.08928448525050757 0.06846764633139614 0.14030214470341906 0.11325594813408527
0.10229986504810663 0.06291981431073274 0.29763184401538023 0.12583962862146547 0.08928402852685205 0.06846735882227117 0.14030179489587272 0.11325566575931895
0.13710993786353134 0.08432995444524682 0.24931914660154295 0.10541244305655854 0.11966517331368809 0.09176513856069485 0.11752700740783467 0.09487119875090266
0.11122924714965882 0.06299366396996398 0.27679924932071104 0.12598732793992795 0.0963068513289179 0.07282859653126396 0.14046646861362114 0.11338859514593516
0.12278817080528048 0.07398563150188496 0.21142625388876424 0.09248203937735619 0.14233513012159235 0.10852356403759787 0.1374807630146967 0.11097844725282743
0.10923666340831514 0.06394173377195607 0.26182772117795045 0.12788346754391214 0.10261481467373594 0.07681995586550137 0.14258052276910801 0.11509512078952093
0.10510351714538448 0.06365835505506043 0.2835307830713506 0.12731671011012086 0.09316140755563203 0.07069555743758103 0.14194863052576162 0.11458503909910879
0.10346032681806287 0.06324910242331978 0.29217236231500165 0.12649820484663957 0.09054685319350324 0.06918870780203497 0.1410360582394623 0.11384838436197559
0.12057578486444144 0.07397366127703285 0.21670088702735163 0.09246707659629105 0.14035682557629825 0.10750675290735505 0.13745851983568044 0.11096049191554927
0.1434576996951164 0.0843903482838418 0.21810562895190574 0.10548793535480225 0.13485866086208742 0.10114940934630152 0.1176111756866228 0.09493914181932202
0.11374694755195683 0.06354228380078461 0.263952560014681 0.12708456760156922 0.10048246303235389 0.0751252582044479 0.14168980895279432 0.11437611084141229
0.1060525130540655 0.06355972090773955 0.28424674722219 0.1271194418154791 0.09258054999603678 0.07030483827180722 0.14172869109875058 0.11440749763393118
0.08318940857971996 0.1112128094396134 0.14668769622829828 0.13901601179951675 0.09672824140780405 0.16205749733899863 0.09428912104662876 0.16681921415942008
0.1036953301045851 0.06709337265547677 0.2388093016155722 0.13418674531095354 0.09634042137544159 0.08949855107261663 0.14960820708549594 0.12076807077985816
0.08287749554866056 0.11165264018625659 0.13579759579190656 0.13956580023282075 0.09777062070691403 0.17019486622657837 0.09466202102747842 0.1674789602793849
0.1040059259223765 0.06735448155763683 0.2342787404957753 0.13470896311527367 0.09693202337995008 0.09129135775940622 0.15019044096583498 0.12123806680374632
0.13997154999059327 0.08598963876271423 0.22733454713026144 0.1074870484533928 0.12392753207298529 0.09871130237799286 0.11984003760400659 0.0967383436080535
0.10248933332436969 0.12654292460914085 0.15227094582866132 0.15817865576142606 0.0890461650016105 0.1486463908369567 0.08046479445255152 0.14236079018528341
0.12473780028361263 0.07555553775326662 0.16434411070282037 0.09066664530391995 0.1516076223835513 0.1358396669367071 0.14391531000622212 0.11333330662989993
0.1011929613280324 0.12937619833046876 0.09598898884760251 0.11278950623681894 0.1286867361588362 0.22011749303604206 0.0765007085780163 0.13534740748418272
0.10869690656722088 0.06709460229698905 0.2147631777655958 0.1341892045939781 0.10408223422790071 0.10079264141119544 0.14961094900253977 0.12077028413458028
0.10685727252631669 0.06493499650584966 0.2652674262077862 0.12986999301169933 0.0951623087058705 0.07622965891442682 0.14479535041752148 0.11688299371052942
0.12209922243712601 0.07440417752317821 0.20808084535622126 0.09300522190397276 0.14258875974363533 0.10995699777146192 0.13825850897963712 0.11160626628476732
0.10922348656080198 0.06404778165109691 0.26053128207072684 0.12809556330219382 0.10281415348430718 0.0771847322473482 0.1428169937115504 0.11528600697197443
0.1051540561702036 0.06369463079382803 0.2830339637586277 0.12738926158765607 0.09325248319620034 0.07079574905566986 0.142029520008924 0.11465033542889047
0.08302337391197734 0.11123031947356453 0.14639571691068698 0.13903789934195565 0.0968908502378022 0.1622723944034706 0.09430396651019601 0.16684547921034676
0.10366589388651555 0.06710103886648669 0.23869000762351095 0.13420207773297338 0.09638726600239995 0.08954654433659988 0.14962530159183748 0.12078186995967605
0.08287236480411665 0.1116532947082321 0.1357688701913363 0.1395666183852901 0.09778174672588112 0.17021458717451196 0.09466257594828374 0.16747994206234815
0.11830328786421884 0.0766139426642651 0.16654415204830644 0.09576742833033138 0.14701452780608612 0.1384710329366481 0.14236471435374634 0.11492091399639766
0.10991655075882394 0.06508966081150498 0.24371505151373296 0.13017932162300996 0.10532106145206377 0.08347673564524719 0.14514022873490814 0.11716138946070896
0.10596527291045857 0.06412908250773498 0.2764994325741682 0.12825816501546997 0.09437083695476302 0.07234657903608509 0.1429982824873971 0.11543234851392298
0.10393092057228942 0.06342925573579931 0.2894698875698928 0.12685851147159863 0.0910410882490995 0.06965990283914412 0.14143777323773757 0.11417266032443878
0.10298595583844075 0.06311982609622993 0.29449304000433607 0.12623965219245986 0.08992002112281956 0.06887802644747379 0.14074779132502613 0.11361568697321388
0.08255552894119833 0.11111870713277454 0.1491005415764439 0.13889838391596818 0.09605994532360267 0.16137949375480246 0.09420933865604797 0.1666780606991618
0.10345993297953204 0.06703984578870968 0.23982453377908022 0.13407969157741936 0.09611887885325077 0.0893165444406407 0.14948885016168995 0.12067172241967741
0.10483665220213345 0.06447259304201197 0.2754904326982522 0.12894518608402394 0.09275861187910243 0.07368159691024867 0.1437642597086058 0.11605066747562155
0.10374596846864216 0.0634954352022099 0.2891673510112398 0.1269908704044198 0.09077017460514575 0.06995307337406378 0.1415853435703009 0.11429178336397783
0.08273395682510087 0.11118955110652433 0.14784833474651085 0.13898693888315541 0.09629591503796382 0.1618915747158616 0.09426940202509672 0.16678432665978649
0.07852519572682556 0.11147638667869018 0.1134219022179209 0.13934548334836272 0.09728256163806305 0.19822130166625632 0.09451258870584602 0.16721458001803527
0.13600801764202114 0.08899759721057446 0.1843183696955479 0.11124699651321807 0.1279446880607022 0.12732993491846703 0.12403209909757297 0.10012229686189626
0.12983327658904045 0.07389173886475829 0.17929511468864504 0.09236467358094787 0.1530755218655821 0.12339577523833045 0.13730629087555832 0.11083760829713743
0.1471377823288701 0.08478342994983384 0.20397418481291107 0.1059792874372923 0.13920820636528558 0.10537675382171052 0.11815899659053337 0.09538135869356307
0.11512989960840446 0.06382448425253874 0.25812137060534474 0.12764896850507748 0.10186775514577086 0.07620437638755836 0.14231907384073564 0.11488407165456975
0.10659008195415523 0.06369442198487793 0.28195008746645106 0.12738884396975586 0.09306089671258787 0.07063665394326103 0.14202905439613078 0.11464995957278028
0.09576084118246622 0.12787095962384845 0.16799947824576014 0.15983869952981056 0.08350187725885566 0.13986406308248242 0.08130925149994711 0.1438548295768295
0.08425665970732481 0.10955501806403686 0.11600438273800084 0.13146602167684426 0.10247788326334337 0.1933079911967614 0.09859951625763319 0.1643325270960553
0.05680884073435108 0.08031121153034868 0.0763877570313932 0.10038901441293584 0.11855511949889816 0.25328679428201306 0.11348323368418835 0.20077802882587167
0.07222978066843072 0.1092112831298222 0.09481142948478966 0.13651410391227775 0.10037303234917327 0.2304512709333152 0.09259217482745796 0.1638169246947333
0.10256650747890615 0.06810280305454854 0.21651321088335432 0.13620560610909707 0.09869220800572444 0.10347553275600982 0.1518590862141724 0.12258504549818736
0.12200821393785866 0.07523740854999099 0.19250973802449337 0.09404676068748873 0.14510424834581703 0.11843069129393365 0.139806826335431 0.11285611282498648
0.10979510721070886 0.06442744935708103 0.25423997426063744 0.12885489871416206 0.10392360741739289 0.07912595816819877 0.14366359602907322 0.11596940884274584
0.08390765771677171 0.11127766205770126 0.1394377627583408 0.13909707757212658 0.09934083162518897 0.1656784103952676 0.09434410478805108 0.1669164930865519
0.1370513907829818 0.08852502857962857 0.19396937167224623 0.1106562857245357 0.12787967347976395 0.11895409195767474 0.12337350065108683 0.09959065715208212
0.12996009763770813 0.07377791856263936 0.18246963828182927 0.0922223982032992 0.15285523475684634 0.12095304574284402 0.13709478897087465 0.11066687784395904
0.11187880023000361 0.06444397994838102 0.2496529413524525 0.12888795989676205 0.10577180565187581 0.07966489223301944 0.14370045678041976 0.11599916390708584
0.12346362969284037 0.07435385834634288 0.20259292971772855 0.0929423229329286 0.14610260631120767 0.11084886004481558 0.13816500543462223 0.11153078751951433
0.12576279745592794 0.07351893564119119 0.18499271991731359 0.09189866955148898 0.15854786428638862 0.11838706509891313 0.1366135445869896 0.11027840346178677
0.11073796830706858 0.0643723180714092 0.2506693518095104 0.1287446361428184 0.10693581171420055 0.07912907993588118 0.1435406614905751 0.11587017252853654
0.14096985574413168 0.0851129846235428 0.23233530509505787 0.10639123077942848 0.12577490896587223 0.09504532441550648 0.11861828267497475 0.09575210770148565
0.11275479813055388 0.06335119946030177 0.26993820547028646 0.12670239892060353 0.09815431559982753 0.07380320399631511 0.14126371939356844 0.11403215902854319
0.08443209587094784 0.1111404505935969 0.14320256078934904 0.13892556324199612 0.09796005734413162 0.16340082294022942 0.09422777332935389 0.16671067589039534
0.1040969294948354 0.06715185164971914 0.23730177180612788 0.13430370329943828 0.0967023037420463 0.08983150052389023 0.14973860651444834 0.12087333296949444
0.08295772136615927 0.11166072512770737 0.13544002917224765 0.13957590640963422 0.09785760545269309 0.17034804912824553 0.09466887565175192 0.16749108769156107
0.11833042419616581 0.0766159087310782 0.16643210549369472 0.09576988591384775 0.14704382586497103 0.13851561898692022 0.14236836771670502 0.11492386309661728
0.08439119206242696 0.10952335893659945 0.11691512506664119 0.13690419867074932 0.10781722441270705 0.18730710160842512 0.09285676083755173 0.1642850384048992
0.09133740478377901 0.12907941801288408 0.12302595004105601 0.1613492725161051 0.08679540358743348 0.1811205323838812 0.08207767341036651 0.1452143452644946
0.08284478867858638 0.1088466757775812 0.10535416035582176 0.13061601093309744 0.10259977854300484 0.2085065638457136 0.09796200819982308 0.16327001366637178
0.06604353376977559 0.09365923138858476 0.0606807804710904 0.08165163762081747 0.13833738534639478 0.3040223049381691 0.0923018512235328 0.16330327524163493
0.11141680142545025 0.07478437010088905 0.13736548756144693 0.0934804626261113 0.15836038676796596 0.17345095013455403 0.13896498623224904 0.11217655515133355
0.1229996563634411 0.07390981555940973 0.16290236255022647 0.09238726944926216 0.1634955090416823 0.13610078254542313 0.13733988115144047 0.1108647233391146
0.08509779850024937 0.10911601089548692 0.1158708754321982 0.13639501361935866 0.11137158794426762 0.18596329672338285 0.09251140054182588 0.1636740163432304
0.1049486910276945 0.06754677696388031 0.2252816721753538 0.13509355392776062 0.10036456072868305 0.09456131562069202 0.15061923102095104 0.12158419853498457
0.10569550237866483 0.06479961272983162 0.26968668174564886 0.12959922545966324 0.0941265941571738 0.0749596158117857 0.14449346480353498 0.11663930291369688
0.10416044850273859 0.06363647807559521 0.2869134060199697 0.12727295615119041 0.09124943248516841 0.07032177010249133 0.14189984812677497 0.11454566053607139
0.08282651543099326 0.11121708290266988 0.14731902331783517 0.13902135362833737 0.09642219569796662 0.16207546046810303 0.09429274420008969 0.16682562435400483
0.1035886486230437 0.06708187969144666 0.23908186119028776 0.13416375938289332 0.09625639761336166 0.08949749056328636 0.14958257949107656 0.12074738344460398
0.13967808742004506 0.08587609623949248 0.2290334386454566 0.10734512029936562 0.12358929615986183 0.09818555466242981 0.11968179830391955 0.09661060826942904
0.11263053962046218 0.06348509330183921 0.2687428627167552 0.12697018660367843 0.09784440406185164 0.0744914630760613 0.14156228267604146 0.11427316794331059
0.10564281115992678 0.06347153361998419 0.28617121114587357 0.12694306723996837 0.09188678457803982 0.07010378513089806 0.14153204660933788 0.11424876051597153
0.10348749571357418 0.06317833527996261 0.29317585239516974 0.12635667055992522 0.09018296971604231 0.06901941475935713 0.14087825807203605 0.1137210035039327
0.10274268031890756 0.06302517695723527 0.2959115244889567 0.12605035391447053 0.08961433753523335 0.06867387039036786 0.14053673787180523 0.11344531852302349
0.1024701216329223 0.06296060374575314 0.2969690523261911 0.1259212074915063 0.0894085584051135 0.06854862040816519 0.14039274924799283 0.11332908674235566
0.08243981291635541 0.11108456524125106 0.14967878616773977 0.13885570655156382 0.09592166146897106 0.16121222752248593 0.09418039226975633 0.16662684786187656
0.07846867992329264 0.11147024972086932 0.1138513983850557 0.13933781215108665 0.09719706650263209 0.19796203310284854 0.09450738563291095 0.16720537458130397
0.1172469949213746 0.07673139608699554 0.15906695221413908 0.09591424510874443 0.1470522713983416 0.14630807878422566 0.14258296735568576 0.11509709413049331
0.09762146182652835 0.12701174031338208 0.13354420387529795 0.1587646753917276 0.0937694266085119 0.1656373840414229 0.08076290009057449 0.14288820785255485
0.14842923640153563 0.09076358818047633 0.19014980351594024 0.10891630581657159 0.12844302410810282 0.1177705373456391 0.12057482776600519 0.0949526768657291
0.09030596668784281 0.10956872092019422 0.12285232129175286 0.1369609011502428 0.10378214559322287 0.17928164306585387 0.09289521991059946 0.16435308138029134
0.10604597178051567 0.0674278117500455 0.22832151557700756 0.134855623500091 0.09846539000830401 0.09315966988385299 0.15035395635010143 0.12137006115008189
0.10584944299810276 0.06472623928414481 0.2708873202134186 0.12945247856828962 0.09361325075314966 0.07463418450051998 0.1443298529709139 0.11650723071146064
0.121731699815946 0.07434167929166384 0.2099258153159371 0.0929270991145798 0.14196682632050558 0.10945198699772055 0.13814237420615147 0.11151251893749575
0.08525070021806433 0.10965103560186333 0.12764079714120566 0.13706379450232917 0.10694337368066245 0.1760087370080221 0.09296500844505803 0.16447655340279496
0.10465443955721491 0.06734537825322995 0.23041831067542978 0.1346907565064599 0.09905013105816608 0.09244916113797556 0.15017014195570977 0.12122168085581392
0.08305408031680703 0.11166106927543516 0.13377207910137026 0.13957633659429397 0.09838345387818515 0.17139220949158246 0.0946691674291733 0.16749160391315274
0.07850098517159342 0.1113743424600055 0.10999618665963629 0.13921792807500685 0.09764533660632616 0.20177763438220156 0.09442607295522205 0.16706151369000824
0.1037755270738914 0.06790767883854812 0.22331939160521597 0.13581535767709624 0.09771112560693022 0.09781310895342263 0.1514239883355088 0.12223382190938663
0.10553554144014136 0.06489073837137099 0.2690105574955851 0.12978147674274199 0.09365932883627476 0.07562236666209225 0.14469666138332576 0.11680332906846778
0.08316972539422518 0.11141450045533698 0.1430673766813206 0.1392681255691712 0.09707637282518969 0.16442202844048695 0.09446011995126395 0.16712175068300544
0.11828964313881458 0.07654430299340298 0.16898699580543716 0.09568037874175372 0.14665603743033845 0.13679087810643714 0.1422353092937115 0.11481645449010447
0.10982391639679527 0.06503396673210068 0.24472824768695312 0.13006793346420137 0.1051564190322727 0.08311233731950977 0.14501603925038567 0.11706114011778122
0.10590494058207978 0.06410355518056342 0.2768964399379439 0.12820711036112684 0.09430109060081206 0.07225910365460665 0.14294136035785335 0.11538639932501416
0.10390160178023027 0.06341898003430857 0.2896227447137807 0.12683796006861714 0.09101283928909812 0.06963685009510977 0.1414148599571 0.11415416406175541
0.10297318407231744 0.06311573669297955 0.29455144281415907 0.1262314733859591 0.08990879033654837 0.06887237408453697 0.14073867256613648 0.1136083260473632
0.10257474051571495 0.0629947757234168 0.2964479638015809 0.1259895514468336 0.08951558270488985 0.06861784184752587 0.1404689476578876 0.11339059630215023
0.1202433542531713 0.07390838689233742 0.21807541996109284 0.09238548361542177 0.13990960586741147 0.10727794268256634 0.13733722638949267 0.11086258033850611
0.14331449943017727 0.08436435063357353 0.21860705703949737 0.10545543829196691 0.13469485257394195 0.10107896368135762 0.11757494388671533 0.0949098944627702
0.11369439056532805 0.06353065692638804 0.26415623684657036 0.12706131385277608 0.10043080523259769 0.07510753135059701 0.14166388275824437 0.11435518246749848
0.0846199177316773 0.11116427538308989 0.14181727643691416 0.13895534422886238 0.09849376506641651 0.16395503547100262 0.09424797260740231 0.16674641307463484
0.07885802801282275 0.11144556650545237 0.11197885969651179 0.13930695813181546 0.09775141080873961 0.19900436852750894 0.09448645855897049 0.16716834975817854
0.09015757977261009 0.12919631517756425 0.12169222678651699 0.1614953939719553 0.08483631034272895 0.18512431461421786 0.08215200475964683 0.14534585457475976
0.10935001548160629 0.06802205628151999 0.2315911700191298 0.13604411256303997 0.09420872915552887 0.09157493185061981 0.15060642497821272 0.11860255967034256
0.07374497110944607 0.09808745887892319 0.08212923894623467 0.0855121436380356 0.14242090516676265 0.2504150934806603 0.09666590150386634 0.1710242872760712
0.10229951312704773 0.06743796944194042 0.2088640852422719 0.13487593888388083 0.10779044668384988 0.10696709513856296 0.1503766064869537 0.12138834499549275
0.10556174095327508 0.06510846557651026 0.2630101233719268 0.13021693115302052 0.096208666001463 0.07751667435189738 0.14518216055418853 0.11719523803771847
0.0831758697221795 0.11143174135167183 0.14161735206159287 0.1392896766895898 0.09766408463036358 0.1651989262841555 0.09447473723293917 0.16714761202750775
0.11830283313674568 0.07655216109691564 0.16849142799409067 0.09569020137114453 0.14686913045233474 0.13701609301136541 0.1422499112920298 0.11482824164537346
0.10984390779046029 0.06504416292873892 0.24452002040218962 0.13008832585747784 0.10521980397695714 0.08316551052537767 0.14503877524706854 0.11707949327173006
0.10591724748665493 0.06410852015019354 0.27681421672456014 0.12821704030038708 0.09432153741455662 0.07227367015421103 0.14295243149908826 0.11539533627034837
0.1039075307732419 0.06342100585688637 0.2895909026560964 0.12684201171377274 0.09101988131025726 0.06964147990826289 0.1414193772390869 0.11415781054239546
0.08276101736407412 0.11117872827055608 0.1479496547179529 0.1389734103381951 0.09634827909934289 0.16176059166161677 0.09426022614242799 0.16676809240583412
0.11810175202795184 0.07649119483537553 0.17061149785982846 0.09561399354421943 0.14632109492933398 0.1359870513113581 0.14213662323886947 0.1147367922530633
0.12493401550049157 0.07401071686136022 0.17464630603700296 0.09251339607670027 0.15945430311074657 0.1258978102673396 0.13752737685431862 0.11101607529204031
0.08562500993737254 0.10932537385154069 0.11888515537904466 0.13665671731442586 0.11065211818836343 0.18217866063433108 0.09268890391761059 0.163988060777311
0.1049949706492399 0.067496706995879 0.2265993448162505 0.134993413991758 0.1001195741538469 0.09379433433500586 0.15050758246543763 0.1214940725925822
0.10565885317900915 0.06476817776810549 0.2702086564847151 0.12953635553621098 0.09403048528013919 0.07479138223855906 0.14442336953067106 0.11658271998258989
0.13912717960506332 0.08500468853539632 0.2397523165916151 0.1062558606692454 0.12186430002278922 0.0938980248692022 0.11846735510436764 0.09563027460232085
0.11207367268006918 0.06321582704992758 0.27298407822946075 0.12643165409985516 0.09709609253310678 0.07344832759443967 0.14096185912327133 0.11378848868986964
0.1053499340316339 0.06336401151590453 0.28781205774575375 0.12672802303180905 0.09158501091205187 0.06981345366890335 0.14129228836531546 0.11405522072862813
0.13835229442582908 0.0845141865030729 0.24580319369567724 0.10564273312884111 0.12055939505904391 0.09226597371897537 0.11778376365260344 0.095078459815957
0.08851124400801613 0.10957703778338636 0.13643965450627152 0.13697129722923296 0.10211204019626291 0.169120898437575 0.0929022711641754 0.16436555667507954
0.10516584574855539 0.06715174306154759 0.23413350725937115 0.13430348612309517 0.09768870351651883 0.09094521240109339 0.14973836437903296 0.12087313751078563
0.12237237264550299 0.07496755319641493 0.19818950482274572 0.09370944149551867 0.14432977657458365 0.11467464276981079 0.13930537870080087 0.11245132979462238
0.1096668216998219 0.06428942709458146 0.25653789572383917 0.12857885418916293 0.10354876605680942 0.0783014394815016 0.1433558269840369 0.11572096877024664
0.12276446412189346 0.07429813617164172 0.2048885457594637 0.09287267021455214 0.14526056695099754 0.11040695053340113 0.13806146199058794 0.11144720425746256
0.10946811234911578 0.06409123063744307 0.2591692908834695 0.12818246127488614 0.10348073845820414 0.07733007278330474 0.14291387846617906 0.11536421514739754
0.14034647141567677 0.08496619316562007 0.23541620784441544 0.10620774145702509 0.12458450468767004 0.09447820834454211 0.11841370577372798 0.09558696731132257
0.11249555600665485 0.06328534808252645 0.27118565104910525 0.1265706961650529 0.09779955607373343 0.07363268542468628 0.1411168806496933 0.1139136265485476
