0.125 0.125 0.125 0.125 0.125 0.125 0.125 0.125
0.099626400996264 0.07845579078455792 0.199252801992528 0.15691158156911583 0.08685378548392246 0.06839735606858895 0.17370757096784492 0.1367947121371779
0.06509140612911068 0.10848567688185116 0.06919289235371703 0.09763710919366604 0.13018281225822137 0.21697135376370233 0.11716453103239925 0.19527421838733208
0.07295173961840629 0.12906846240179573 0.09118967452300787 0.16133557800224468 0.08754208754208756 0.1548821548821549 0.10942760942760946 0.1936026936026936
0.09735095341516589 0.07666387581444316 0.21080372170226994 0.15332775162888632 0.0916080521750172 0.06683517378695043 0.16974012390336618 0.13367034757390087
0.0637667529657854 0.10627792160964236 0.07719117389996409 0.09565012944867812 0.13847776462087544 0.21255584321928472 0.11478015533841374 0.19130025889735625
0.06159524708691426 0.10897620638454063 0.05369842053730988 0.09500489787370209 0.12319049417382852 0.26012809712168067 0.10739684107461976 0.19000979574740418
0.10686111580242165 0.08626138263568976 0.13357639475302707 0.1078267282946122 0.128233338962906 0.14755729189417627 0.16029167370363248 0.12939207395353466
0.09449703547631697 0.07628073948088238 0.18899407095263393 0.15256147896176475 0.09517592558662379 0.08509075461881946 0.17009466385737051 0.13730533106558826
0.09265192931415972 0.07296339433490079 0.24296526276652025 0.14592678866980158 0.08801788167146082 0.06870956354735891 0.16154695367597077 0.12721822601982702
0.10374763418732463 0.08170126192251816 0.18877498897033648 0.09804151430702178 0.14067705719173448 0.10888419925630023 0.15562145128098695 0.12255189288377723
0.08265091281776511 0.14622853806219982 0.08488636501243367 0.12748128959268704 0.11234336356682076 0.20696641310443797 0.0864655703324312 0.15297754751122442
0.07113677288631899 0.11856128814386499 0.10057506672941166 0.14227354577263798 0.10552525918688895 0.17738097573560146 0.10670515932947851 0.17784193221579747
0.08890848368560049 0.14818080614266751 0.09699507466765743 0.13336272552840076 0.13587595176568817 0.21663727874664443 0.10002204414630057 0.08001763531704045
0.06683793087379089 0.11825172385363002 0.09136846642157498 0.14781465481703754 0.09072342510327787 0.2073693168395574 0.10025689631068634 0.17737758578044502
0.12489096468662472 0.09835163469071696 0.17921916018970735 0.11802196162886036 0.1300514207449821 0.11591875409512026 0.1306551630567766 0.1028909409072116
0.10351867698686057 0.08356326937493565 0.1516495377787416 0.10445408671866954 0.1513056708339473 0.12488583876415099 0.15527801548029083 0.12534490406240345
0.09023743813274503 0.0728422693360713 0.20705016392915007 0.1456845386721426 0.10754208070294766 0.08310003578307414 0.16242738863894104 0.1311160848049283
0.10985954378348063 0.07941104734031795 0.17581001019639086 0.09529325680838154 0.1556998878076799 0.11355054526219036 0.1512591377910818 0.11911657101047692
0.07935999912175724 0.14040615229233974 0.09017890516948107 0.12240536353691157 0.12755156472442167 0.2101888105988026 0.08302276831199218 0.14688643624429387
0.07665748713747411 0.13562478493553112 0.11079563879157729 0.1695309811694139 0.09036419412138354 0.17820935776248917 0.08623967302965838 0.1525778830524725
0.10259992477250983 0.07136908862345644 0.22496245334364545 0.14273817724691287 0.09454723475961718 0.0813276805641999 0.15801702975645213 0.12443841093320607
0.10121241917709627 0.1428228975893095 0.12004537683224023 0.12854060783037854 0.12969283508430995 0.20415604291565434 0.0964054558727839 0.07712436469822712
0.08451764882792505 0.13566339520967233 0.08100968759316082 0.11827065223407333 0.12153017576896116 0.2368653022569912 0.08021835542832799 0.14192478268088798
0.09546555706906522 0.07098433840431913 0.20109163823599263 0.14196867680863826 0.1030046504009497 0.10142884998900281 0.1582844799642579 0.12777180912777444
0.10111843852238075 0.06811106335815055 0.25935344155175444 0.1362221267163011 0.09277932295177316 0.0728543614398697 0.1508034939635079 0.1187577514962625
0.08700447446807448 0.1396671949627109 0.10859982537568501 0.12176114432646593 0.11646822302264499 0.19779994502253484 0.08258581963012471 0.1461133731917591
0.09458679075004142 0.07016358598448473 0.21607615416794113 0.14032717196896946 0.10193716540720978 0.09416035238089272 0.15645432456838831 0.12629445477207252
0.10684006243319306 0.07869174229582238 0.18727981323838488 0.09836467786977797 0.1480363517640748 0.11652403871874634 0.14622570023626696 0.11803761344373356
0.0715599785858712 0.11404631606852084 0.11866703561083854 0.14255789508565106 0.10829904702959947 0.17710881163255693 0.09669144188418072 0.17106947410278125
0.10002037995558744 0.06995423568880114 0.23217652185643092 0.1399084713776023 0.09608699925262329 0.08499747496301177 0.15488442903828986 0.12197148786765327
0.07966529414397013 0.1126314715872821 0.13161333675898323 0.1351577659047385 0.10280339007661439 0.16781320971893468 0.10136832442855388 0.16894720738092314
0.07650213720252992 0.1117130967460036 0.1086173703901129 0.1340557160952043 0.10308531353058417 0.19791493384515657 0.10054178707140324 0.1675696451190054
0.08231608314932581 0.13516482942063282 0.08454253966004609 0.11783600513593631 0.11701050759098222 0.24180327757036166 0.07992355130959157 0.14140320616312355
0.09381208171579114 0.06981836489570938 0.20980648548463007 0.13963672979141875 0.10263403549975171 0.1029347127344673 0.15568453306595495 0.1256730568122769
0.10614764599634241 0.07819252912581211 0.18768282138351064 0.09774066140726513 0.14849678610207762 0.11915270444308572 0.14529805785318817 0.11728879368871815
0.09227648437011308 0.06709190914688486 0.2511757726394019 0.1341838182937697 0.10534063693840172 0.07956099846726614 0.14960494367977012 0.12076543646439275
0.07087504861107788 0.11450144168275278 0.1363511993986324 0.14312680210344098 0.09998820783975935 0.16632782858743886 0.09707730925276867 0.17175216252412914
0.09890382292799478 0.06917974638991592 0.23952944297290907 0.13835949277983184 0.09375846116738891 0.08647829143573144 0.15316964605663108 0.12062109626959698
0.08557278062243628 0.13744182263036123 0.11181248615348656 0.11982107613928929 0.1169752744362381 0.20332132135656697 0.08126994729447447 0.14378529136714716
0.09309369842121909 0.06906348595556352 0.22325386513688897 0.13812697191112705 0.1015476391776052 0.09659879897965366 0.1540012656979282 0.12431427472001434
0.09088157460709434 0.06695969840392202 0.2670431246313942 0.13391939680784404 0.09526711525537146 0.07609149971140464 0.14931013345590968 0.12052745712705965
0.08929276595508241 0.06589333461538725 0.28323771350625165 0.1317866692307745 0.09260529287826746 0.07164392014028813 0.14693230136625157 0.11860800230769704
0.0704834996118911 0.11414091599664025 0.14374967068011438 0.1426761449958003 0.09708173562243297 0.1638850129270961 0.09677164617106455 0.17121137399496036
0.09852914951468479 0.06895082156814204 0.24292183092260403 0.13790164313628409 0.09297110845658135 0.08584071342302516 0.1526627876803796 0.12022194529829895
0.07131641063266826 0.11456681782730009 0.13486050936197017 0.14320852228412512 0.09745873016983862 0.16960604612956715 0.09713273685358051 0.1718502267409501
0.09893840602289837 0.06915116634176102 0.23966107602996492 0.13830233268352204 0.09329541054377356 0.08697397650698364 0.15310636748033368 0.1205712643907628
0.08548994485930599 0.13728994595403388 0.11208437766325516 0.11968867083172186 0.11690634029580076 0.20373417344238767 0.08118014195542873 0.14362640499806623
0.09300243174348044 0.0689954041782488 0.2235950299633143 0.1379908083564976 0.10161483109369837 0.09676031364793704 0.15384945349597567 0.12419172752084785
0.10536818555762598 0.07763437447574219 0.19392216819815386 0.09704296809467773 0.14752265183742866 0.11779720023872976 0.14426088988402838 0.11645156171361327
0.0756618346570133 0.11211483054878746 0.12238596486964336 0.14014353818598435 0.1075322324724695 0.17893547536894872 0.09505387807397199 0.16817224582318122
0.09684228153244187 0.06881703625223463 0.22775159215535953 0.13763407250446927 0.09933190036522108 0.09230073229320877 0.15345171964304258 0.12387066525402232
0.096593927451458 0.06633167158022307 0.2679258984928473 0.13266334316044615 0.09425385642668771 0.07492456666952843 0.14790972737440786 0.11939700884440153
0.08702613122588221 0.13091169326189672 0.16149639510693045 0.16363961657737092 0.08404474635258066 0.14236300107939032 0.08324276147631478 0.14727565491963382
0.10051900208453933 0.06855787829725643 0.2502915280403633 0.13711575659451286 0.09020965228563557 0.0819765902831538 0.15179277897316848 0.1195368134413702
0.09454029628598866 0.13577687252864482 0.11361925798378372 0.11836958117881856 0.11523101890531855 0.20013402064244706 0.08028545506041605 0.14204349741458228
0.10281887065566299 0.06813069152593441 0.22233294178799348 0.13626138305186883 0.10035303183838067 0.09554656305057327 0.15192127334290448 0.12263524474668194
0.13471695784846208 0.08791098687211836 0.22049977062994827 0.10988873359014795 0.125388305652009 0.10017764787492664 0.1225177373012545 0.09889986023113313
0.08517749156652088 0.11139739057624543 0.12822653258892483 0.13924673822030678 0.10254726217840329 0.17186288525580515 0.09444561374942548 0.16709608586436814
0.07738776078954365 0.11257601715971978 0.10774670983247125 0.14072002144964973 0.09799798063588647 0.1992626002794738 0.09544488411367547 0.16886402573957968
0.10192420401494397 0.06878569155650427 0.22113165194808096 0.13757138311300854 0.09742982766892501 0.09596117124695282 0.15338182564987668 0.12381424480170768
0.10306703532770603 0.06596802882761586 0.2643674219433515 0.13193605765523173 0.09354485136368391 0.075275294681571 0.14709885831113148 0.11874245188970856
0.10173135374666335 0.06486830890592417 0.28018758367476676 0.12973661781184834 0.0913322733191393 0.07073425948793383 0.14464664702306074 0.1167629560306635
0.10089024629452238 0.06447054354110711 0.28592327419302066 0.12894108708221422 0.09037637992970511 0.06959180095795409 0.14375968962748362 0.11604697837399282
0.08033654640949822 0.11268627915946824 0.14386458529936963 0.1408578489493353 0.09591212159700647 0.16177483273265753 0.09553836711346221 0.16902941873920235
0.10221181648720605 0.06798664518104092 0.23543020529691683 0.13597329036208183 0.09588124916121968 0.08854076069241444 0.15160007149324647 0.12237596132587365
0.08146714984380203 0.1130016729166299 0.1325116130426271 0.14125209114578738 0.09722294835477233 0.16923624915298932 0.09580576616844709 0.16950250937494485
0.10282147578787917 0.0682293248259422 0.23093429266111423 0.1364586496518844 0.09648859023879615 0.09011367126715401 0.15214121088053378 0.12281278468669597
0.10383595951140077 0.06563866377383393 0.26780888470008035 0.13127732754766785 0.09294352589506401 0.07398162037889101 0.146364423400161 0.11814959479290106
0.08167910095786343 0.11276509693551616 0.13981008372061104 0.1409563711693952 0.09650569765259315 0.1635308132806354 0.09560519088011153 0.16914764540327423
0.10263016585370736 0.06806616054433752 0.23380782479653484 0.13613232108867504 0.09612366412572024 0.08894339572578429 0.15177737888543322 0.12251908897980755
0.10369199291860633 0.06556818201831145 0.2688732035122438 0.1311363640366229 0.0927853258098358 0.07371494446640824 0.1462072596050109 0.11802272763296061
0.1198531966404548 0.07551614078466422 0.20557425565757567 0.09439517598083028 0.14161402798783715 0.10944822270163114 0.14032476907001037 0.11327421117699632
0.10723474705550619 0.0651210372624698 0.2560791455276913 0.1302420745249396 0.10196747915200982 0.0769274558674302 0.1452101935375073 0.11721786707244566
0.1036657355093248 0.06481518751911726 0.2766412355671008 0.12963037503823452 0.0930560143327887 0.07099592023997625 0.14452819425904653 0.11666733753441107
0.10230336993577045 0.06443555371655342 0.28438570468478913 0.12887110743310684 0.0907197403279123 0.0696188596709809 0.14368166754109074 0.11598399668979614
0.08132849858723755 0.11257223957767269 0.14348023101483515 0.14071529947209085 0.09593314942633456 0.16167054117424973 0.09544168138107034 0.16885835936650903
0.07781023604447736 0.1127423680098767 0.11127151741948339 0.1409279600123459 0.09675938469798331 0.19578906109699243 0.09558592070402591 0.16911355201481504
0.10299326898664823 0.06862855828953643 0.2223617807382039 0.13725711657907286 0.09699033846442498 0.09520609010368344 0.15303144191726478 0.12353140492116556
0.10461046059871415 0.06580041104773104 0.2645327447948496 0.1316008220954621 0.09328474932308774 0.0750049765746721 0.14672509567956746 0.1184407398859159
0.09460202014014896 0.12976571672144396 0.16006694272384223 0.16220714590180493 0.08337294332621842 0.14148473000312922 0.08251406987178772 0.14598643131162442
0.10166029268936357 0.0685296508862737 0.2496408214303726 0.1370593017725474 0.09006911606507137 0.08182293957471681 0.15173028116456203 0.11948759641709263
0.081945224785338 0.11299706997152835 0.1357697755892351 0.14124633746441045 0.09601391448767509 0.16673020907300728 0.09580186367151318 0.16949560495729252
0.1034270229489066 0.06810975011168982 0.2321120651901013 0.13621950022337964 0.09609985340931061 0.08955968080084709 0.15187457711472327 0.1225975502010417
0.08227720067628148 0.11292484193390478 0.13172953818265112 0.141156052417381 0.09723752309423576 0.16954695393768232 0.09574062685700624 0.16938726290085715
0.103650531284567 0.06817887437969994 0.23047067016967615 0.13635774875939988 0.09645808353059246 0.09013340407727366 0.15202871391533088 0.12272197388345987
0.10480030568476272 0.0655677728377807 0.2674621069754215 0.1311355456755614 0.0928791667205271 0.07392676380444214 0.14620634719349906 0.11802199110800528
0.10367694307842683 0.06460854623447346 0.2809351100592714 0.12921709246894691 0.09091890497381519 0.07028060492674029 0.14406741503627365 0.11629538322205224
0.10293706664623634 0.06426996572086226 0.2858204330509773 0.12853993144172451 0.09008983067900037 0.06934440313832145 0.14331243102532568 0.11568593829755207
0.10259866364486907 0.06415022357009363 0.28759343272738846 0.12830044714018726 0.08976957420487942 0.06907183238533901 0.14304542390107444 0.11547040242616853
0.10246117415991825 0.06410747101474983 0.28823789177343995 0.12821494202949965 0.0896503460782516 0.06898463503395486 0.14295009208363618 0.1153934478265497
0.10240815533854433 0.0640920819197905 0.28847242095590014 0.128184163839581 0.08960662459915657 0.06895502919264786 0.1429157766987567 0.11536574745562292
0.10238823239784975 0.06408651248770278 0.28855783452555883 0.12817302497540556 0.08959068341821859 0.06894463202093988 0.1429033576964596 0.11535572247786498
0.08194039347787314 0.1124139052475567 0.1443573997582241 0.14051738155944588 0.09559887615259087 0.16124374452743692 0.09530744140553721 0.16862085787133504
0.07812467215869269 0.11269853067602578 0.11144376457965895 0.14087316334503225 0.09666773601315844 0.19559558294458862 0.09554875426880448 0.1690477960140387
0.10333385122247195 0.06859602052738896 0.2223646256345221 0.13719204105477792 0.09693640893910067 0.09514532810837996 0.15295888756405834 0.12347283694930013
0.08229181722450665 0.1129223886963222 0.12949094304483208 0.14115298587040276 0.09739317521455687 0.17162655996671 0.09573854693818623 0.1693835830444833
0.11798698411950591 0.07758708806029771 0.1631791449627938 0.09698386007537213 0.146410330382928 0.13729893846526697 0.144173021843389 0.11638063209044655
0.10927731466098949 0.06602216179698714 0.23962412510593273 0.13204432359397428 0.10431321453400594 0.0826594023202519 0.1472195667532818 0.11883989123457686
0.09599324415265346 0.1298324458773151 0.15371235973442565 0.16229055734664385 0.0854719215486273 0.14408146881723619 0.08255650091111884 0.14606150161197948
0.07859305216979665 0.11189620921752398 0.11417090110885318 0.13427545106102878 0.10002394784753868 0.1924895364732012 0.10070658829577159 0.16784431382628595
0.06587647561518034 0.09571330263465684 0.06208109729419316 0.08344236639944443 0.13817972062650505 0.2934961513100201 0.09432615332111109 0.16688473279888885
0.10060590459291312 0.06840030751907096 0.19938762451863992 0.13680061503814192 0.10622657827364651 0.11293593975685388 0.152522476766406 0.12312055353432773
0.10508898786790218 0.06617108195424115 0.2555855286983966 0.1323421639084823 0.09574507328555897 0.07840758029071576 0.14755163647706904 0.11910794751763407
0.104180189406363 0.06488056773538162 0.2765620233762615 0.12976113547076323 0.09185955274515056 0.07129752695931826 0.14467398238307483 0.11678502192368692
0.10323322756150484 0.06437126272265707 0.28422024233000037 0.12874252544531414 0.09041202098182757 0.06961413983754072 0.14353830822037264 0.11586827290078273
0.10275117682649439 0.0641850901938588 0.28700418521575366 0.1283701803877176 0.08988079463468429 0.06915223912444843 0.14312317126809707 0.11553316234894584
0.13727529998147167 0.08583280047211743 0.24097408914031077 0.10729100059014679 0.12006224527582962 0.09238120514206685 0.11962145886692484 0.09656190053113209
0.11081903913746965 0.0641400468533771 0.2690279029950336 0.1282800937067542 0.09619882686239278 0.07305927476718442 0.14302273134170954 0.11545208433607877
0.08347349977375762 0.11239756272678898 0.13993777385910225 0.14049695340848622 0.09701149950533249 0.16279278084624532 0.0952935857901037 0.16859634409018345
0.07840275776348682 0.11267452433775366 0.11044839873861047 0.14084315542219208 0.0969475601561831 0.1961434160061782 0.09552840106896507 0.1690117865066305
0.10343722788909683 0.06861150770600236 0.22194992618471854 0.1372230154120047 0.09701883120930704 0.09526535606721935 0.152993421660847 0.12350071387080422
0.1050910230492989 0.06577079395455024 0.2642942302762195 0.13154158790910048 0.0932628403643584 0.07499304134604598 0.14665905398223592 0.11838742911819043
0.08257398639327296 0.11267971099842745 0.13898048921673356 0.1408496387480343 0.09653772523263246 0.16382608445806973 0.0955327984551885 0.16901956649764113
0.10350790181205843 0.06801334793082092 0.23331968390907504 0.13602669586164184 0.0960869080562242 0.08896182151493105 0.15165961463977082 0.12242402627547766
0.13937587684385128 0.08718550561738661 0.22339839529786218 0.10898188202173327 0.12341367466324432 0.09805430625840003 0.12150666547796232 0.09808369381955992
0.129088066519844 0.07443967864239394 0.18914623790595297 0.09304959830299242 0.14983765954755873 0.11445476364038273 0.13832447747728424 0.11165951796359089
0.11066239237275349 0.06519946856218219 0.24914067814604052 0.13039893712436437 0.10391984824818196 0.07793454850484773 0.14538508362970176 0.11735904341192795
0.14050266338432887 0.08640077014290762 0.22798087897159303 0.10800096267863453 0.12461638332309392 0.09488446147532767 0.12041301361334326 0.09720086641077105
0.0880662424019128 0.11100569615136817 0.12979174120174428 0.13875712018921021 0.10224284195494374 0.16951428887586936 0.09411352499789911 0.16650854422705225
0.1048952286082816 0.06804690281671542 0.22930947033292273 0.13609380563343085 0.0973893484361409 0.09004638207529715 0.15173443702712364 0.12248442507008775
0.12191008385838376 0.07603177847298685 0.19348770619183953 0.09503972309123357 0.14391084891627978 0.11428926011969381 0.14128293164010244 0.11404766770948026
0.0846230629764106 0.11103291129552394 0.12182632113640096 0.1387911391194049 0.10628249004909204 0.17675810977280693 0.09413659870707464 0.16654936694328587
0.10434527688360973 0.06821439618735364 0.22613611638785266 0.1364287923747073 0.09848093389232998 0.09150064889227384 0.15210792224463632 0.12278591313723655
0.13980121298670942 0.08730214422763996 0.2209297753978392 0.10912768028454994 0.12421980575076769 0.09873524943586325 0.12166921966053555 0.09821491225609495
0.1014976479355577 0.12817598023215385 0.14794499439189493 0.16021997529019227 0.08843356189273349 0.14802665767476228 0.0815032048215326 0.14419797776117305
0.09527943805158631 0.13447901642449608 0.13579184121564894 0.1613748197093953 0.0843408383881766 0.1636368617955401 0.08441144415568369 0.14068574025947284
0.08094459558214422 0.11100863973886611 0.10957237597303512 0.13321036768663932 0.09912294103620116 0.19972034460983557 0.09990777576497949 0.16651295960829915
0.07741334131502131 0.11184456810901412 0.10304295467134961 0.13980571013626766 0.0967216678973911 0.20858016318022735 0.09482474252720764 0.1677668521635212
0.07578464161731088 0.12308969884970068 0.10033723787761537 0.1376404561180061 0.09499599675974078 0.20962728598206679 0.09335613545395197 0.1651685473416073
0.1017308280858616 0.08304510587641895 0.21515469611276086 0.1351056414205438 0.0956746394822549 0.09706130407031788 0.15063270767335252 0.1215950772784894
0.10411555353086303 0.07525624825357058 0.2603878048664891 0.1303281962298486 0.09245052748680511 0.07486008021407198 0.1453062128114879 0.11729537660686373
0.08134069390354287 0.1264922280361895 0.13674474804491132 0.13855098016265702 0.0950955266005221 0.16154093877275186 0.09397370828423694 0.1662611761951884
0.10194786625778915 0.08257720178574555 0.22996984648184715 0.13368953613206433 0.09466576014018223 0.0877753507273167 0.14905385595619708 0.1203205825188579
0.10365108120175974 0.07481722144617842 0.2659526357227942 0.1296385303104868 0.09178443285520585 0.07294413440513138 0.14453728677900546 0.11667467727943814
0.11980201945975559 0.08502122902808204 0.20348440227809309 0.09318456601273925 0.1399905552540422 0.10817063270918245 0.13852511604281834 0.1118214792152871
0.08305281455320344 0.1265872579638751 0.12257901576914984 0.13615009026882796 0.10400872789373797 0.17189670661149403 0.0923452786171181 0.16338010832259356
0.07636259365298767 0.13505150538918576 0.10414448753788043 0.13656890644542302 0.09605855834249591 0.1953019156562763 0.09262934524124344 0.1638826877345076
0.10174425286563636 0.08444684514748303 0.21669930886141267 0.13494985581566055 0.0957843009525833 0.09446154777343037 0.15045901834969913 0.1214548702340945
0.12029135622360629 0.0871426178058304 0.18853382418885034 0.09410761684936178 0.14244964647729477 0.11464850512841293 0.13989729310740945 0.11292914021923414
0.1080187580830216 0.07531377843201092 0.24780954038467576 0.12918310881141595 0.10185915532792737 0.07752133523645358 0.14402952579422046 0.11626479793027435
0.08197460173926677 0.12638363378669767 0.13384245205327444 0.13839783943930503 0.0970423135848586 0.16241191314538117 0.09386983892405036 0.166077407327166
0.10216610087071276 0.08261957002335645 0.22876199929109495 0.1337756728558392 0.09514303668689424 0.08798562272675485 0.14914989197509235 0.12039810557025528
0.10373836151614467 0.07484992586611526 0.2654903402317715 0.12968799587866756 0.09191619768056639 0.07300554533986722 0.14459243719606665 0.1167191962908008
0.10277835099491683 0.07293014891006669 0.27904420249876216 0.12788610587144705 0.0900834787321118 0.06959675340097377 0.1425834643074193 0.11509749528430235
0.08104421091223987 0.12588123147313662 0.1409228882251523 0.138362226489224 0.09451382048490245 0.1593952665747152 0.09384568405356063 0.1660346717870688
0.10174376905598403 0.08239248201813508 0.2316364656732905 0.1335065473570871 0.09441879003817563 0.087296216107973 0.14884983712797623 0.12015589262137842
0.10354710720072148 0.07475203837371015 0.26657898034001587 0.12956051437035296 0.09168284689480868 0.07282374505923199 0.1444503048278413 0.11660446293331768
0.0812253929108081 0.12635480992461512 0.1381367417240026 0.1385000842578638 0.09491315623824248 0.16073052625143677 0.09393918758359458 0.16620010110943656
0.10187680730856076 0.08252454159740998 0.23052704787776127 0.1336301750341775 0.09458679288913881 0.08759980500020591 0.14898767276198596 0.12026715753075976
0.10361577246239717 0.07479662032050394 0.26616224305298586 0.1296126542459239 0.09175148495621588 0.07290139924257438 0.1445084368980674 0.1166513888213315
0.10272828961214882 0.07290730260762943 0.2792940844139911 0.12785587725492786 0.09003021546864583 0.0695641794573545 0.1425497616558673 0.11507028952943507
0.1020624046714124 0.07233478033291815 0.2840991736668421 0.12721498156579325 0.08926797255107982 0.06869199301222165 0.1418352107905187 0.11449348340921389
0.10174578258220693 0.07214275429401687 0.28585854888097184 0.12698593741541675 0.08896607444627148 0.06843371505154511 0.14157984365569598 0.11428734367387508
0.10161443102840799 0.0720753364464714 0.2865037804642111 0.1269035301179789 0.08885183691908478 0.06834994224881376 0.14148796566885105 0.11421317710618098
0.06982362001619244 0.1085663687325209 0.19713150692760675 0.19117267807843755 0.06105563252092605 0.10294607330077832 0.09724871015294433 0.17205541027059382
0.09984502306618555 0.06801677032684735 0.2647178097695833 0.1360335406536947 0.08669688634667547 0.07550190526303568 0.1505947214399876 0.11859334313399024
0.0714848978763553 0.1109299118922648 0.0851514216919366 0.08579677296930464 0.13879281573388041 0.2392629774975655 0.0969876564000835 0.1715935459386093
0.07293836942071584 0.1294005778814749 0.09415977106861757 0.13366536358701997 0.1016477293122524 0.21712976668821224 0.09065998573728311 0.16039843630442396
0.10107471526432107 0.0838635627467594 0.2122858224709283 0.13505783835585403 0.09713809608616882 0.09844849973208337 0.1505794108236163 0.12155205452026861
0.10405138806888076 0.07541886545128898 0.2592826467735789 0.13043828115594355 0.09283100425107277 0.07515441197009504 0.1454289492887908 0.11739445304034919
0.10306562627132533 0.07315870107255823 0.27675654177146203 0.1281808310880063 0.0904618484047135 0.07010164248326527 0.1429120609294637 0.11536274797920566
0.10222577482228835 0.0724294761049383 0.28316747893190347 0.12733445221922052 0.08943280674026678 0.06884059253071437 0.1419684116533697 0.11460100699729846
0.1018143016815089 0.07217754263228639 0.2855165451805445 0.1270293868535341 0.08902752527055616 0.06847996367668786 0.14162828653670148 0.1143264481681807
0.10164141739473005 0.07208804049569786 0.2863781620964358 0.12691935665690707 0.08887450402381224 0.06836548726252982 0.14150561107867102 0.11422742099121636
0.10157333674743874 0.07205578003110419 0.2866945398385474 0.12687941172236752 0.08881775365254113 0.06832663200024547 0.14146107545762465 0.11419147055013076
0.10154735933920944 0.07204405270407194 0.2868107993184144 0.12686483283897254 0.08879685530702446 0.06831292984661638 0.14144482109061562 0.11417834955507526
0.11881006522942314 0.08429437759896456 0.20978118610671925 0.09277464362869739 0.1385240159685725 0.10657040022634658 0.1379157388868397 0.11132957235443686
0.10694187624520994 0.0744347075145978 0.25601687990915395 0.12823401529481074 0.10035640306307635 0.07563414685674154 0.14297135735108002 0.11541061376532966
0.10366684467763403 0.07298020984281116 0.2752513142971301 0.12803591035254472 0.09195002285106495 0.07013289353712038 0.14275048512440433 0.11523231931729024
0.10238926715502324 0.07242596867406192 0.28257127001782995 0.12736312555497267 0.08975986759573869 0.068863307719966 0.14200038028293221 0.11462681299947541
0.10186777315647152 0.07218903646898153 0.285290933742635 0.12705082115844693 0.08910860573498165 0.06849490650877679 0.14165218418710426 0.11434573904260226
0.10166049768290568 0.07209455932834864 0.28629420246586074 0.12692878931707313 0.08889716704855692 0.0683727459810627 0.14151612779082628 0.1142359103853658
0.1015803612455952 0.07205856630895602 0.2866635028332787 0.12688311342635272 0.0888247575934218 0.06832969392735651 0.14146520258132164 0.11419480208371746
0.08079156326731325 0.1256257598583644 0.14260817420470787 0.13826111479430223 0.09419631640416358 0.1588266297705463 0.09377710394743977 0.16591333775316264
0.10163034349166178 0.08231700197337322 0.23230837535574966 0.13343223507234642 0.09430181488000382 0.08715423318557013 0.14876698447618325 0.12008901156511179
0.10349833312934907 0.0747258293816152 0.2668320362197464 0.12952937739144008 0.0916384704789554 0.07278392432658923 0.14441558942000854 0.11657643965229607
0.11974436152845713 0.08499505475648021 0.20375167241766168 0.09316841080380026 0.13992409904064662 0.10811320824871452 0.1385011002396792 0.11180209296456031
0.10736122324300626 0.07466712272788259 0.2536861735158036 0.1284974371863685 0.10083693513615608 0.07603836162123448 0.14326505310181678 0.11564769346773163
0.08183981768707771 0.12621166263663902 0.13515440572653267 0.13834277451779414 0.0968014650477188 0.16180605442038096 0.09383249054250387 0.16601132942135297
0.1020928188454301 0.082564578625068 0.22928821448857992 0.13371930715449332 0.09505357166136506 0.08784708436153221 0.1490870484244873 0.12034737643904397
0.10370366408189353 0.07482988081085065 0.26568865140473163 0.12966363347184853 0.09188186441565731 0.07296976075980113 0.14456527493055352 0.11669727012466367
0.08125728093894347 0.12637848825908407 0.13793984055564598 0.13851034853452449 0.09496071891620442 0.1607947551133602 0.09394614944080792 0.16621241824142938
0.07577656722947826 0.1413077840745846 0.10719433980430203 0.13594616409229873 0.0938268504424964 0.19060593397478326 0.09220696347129828 0.16313539691075848
0.10084671972406879 0.09178636667419969 0.21668298030295857 0.13362879269097627 0.0946373835906112 0.09316571204283043 0.1489861315524765 0.12026591342187863
0.10342503671936397 0.08039692183220785 0.2602439089781164 0.1294517105231207 0.09179456631866191 0.07385231949985321 0.14432899665786741 0.11650653947080865
0.1025131030872281 0.07729594750373352 0.2765319858608463 0.12743463042527955 0.08987534021869548 0.06957772264432556 0.14208010287714004 0.11469116738275159
0.08944068899378614 0.06710940008307603 0.24837483752355632 0.1113518595654173 0.10430073398953268 0.0802682302658985 0.16553201810023227 0.13362223147850075
0.10003003286575739 0.07561278987553907 0.27264657130137027 0.1285203548308091 0.09308104437272423 0.07115028284097552 0.1432906045650961 0.11566831934772816
0.10134887844164692 0.07618953310280158 0.28117541396955414 0.1269129527063368 0.08979232302637215 0.0688607701658934 0.14149847115169192 0.11422165743570313
0.11839130509240997 0.08884286511972189 0.20758257482351683 0.09234918069718251 0.1383929817896845 0.10633881597759096 0.1372832596632743 0.11081901683661899
0.08222739131065561 0.13378321039815055 0.12278019826726028 0.1348894605884529 0.10297771393243606 0.16998442996299415 0.09149024283390718 0.16186735270614344
0.1151640308385632 0.1017556312132703 0.1575712190232023 0.09391787556858257 0.14488536285558942 0.13438919986877937 0.1396152299497138 0.11270145068229907
0.14035693500951887 0.10788933895047526 0.19175898693189236 0.10586476156002994 0.13455295524150862 0.10626742811845503 0.11803130878409308 0.09527828540402694
0.11167740521154981 0.0823510835653772 0.24737506005940968 0.12735313301641957 0.09928917088338234 0.0753470882009265 0.14198923934815733 0.11461781971477762
0.08208383364760552 0.1337556349169768 0.13306316225220446 0.1371825260525069 0.0958311920968669 0.16041908036130473 0.09304553940952641 0.16461903126300825
0.11527798307920568 0.10186798935267723 0.16120428558082156 0.0940850588686067 0.1427621678265242 0.13203668549590775 0.13986375915392876 0.11290207064232803
0.12193494246810324 0.09372839004746834 0.16775999549739226 0.09195223797903908 0.1551355698750246 0.12245300090570325 0.13669317765242225 0.11034268557484689
0.10849097783751341 0.08076637116808243 0.23850982136485632 0.12891356989053795 0.10466058188130464 0.07890745494393492 0.14372901001228633 0.11602221290148416
0.08154106523462822 0.13335543333988284 0.13108386107513376 0.13728621976544167 0.09702464778726333 0.16184943828169035 0.09311587079743 0.16474346371853
0.10149979962162066 0.08973533005446213 0.22644781562648147 0.1327139657860177 0.09464753574804133 0.0875468161318484 0.1479661678241123 0.11944256920741594
0.10323373672181482 0.07977967799098516 0.2639180314540347 0.12899381169790244 0.0914925744065088 0.07266926356133868 0.14381847363930314 0.11609443052811219
0.10234175550775221 0.07709327542776401 0.27788966932749226 0.12726064969337644 0.08970045963558404 0.06929347833928752 0.14188612734470477 0.1145345847240388
0.08046814162618612 0.13232048468694158 0.14002582223295457 0.1372779461587914 0.09383523433992146 0.15822857643086627 0.09311025913378897 0.16473353539054972
0.08697555353756498 0.1686138502448002 0.12385438734165058 0.15617120010956126 0.08072375083116379 0.16366356734613796 0.07944361049051596 0.14055408009860512
0.10503727165731816 0.06918648135717685 0.2348767302648025 0.1383729627143537 0.09202040972716401 0.08668874716189233 0.15318455782785595 0.12063283928943658
0.1205539628601185 0.08840730319733121 0.19380073666740458 0.09349228345701951 0.14051586879106423 0.11205654618730804 0.1389825586913305 0.1121907401484234
0.10749239052490701 0.07935335333835854 0.24913188890026502 0.1281745592388826 0.10093089369463415 0.07665474270221924 0.14290506828573926 0.11535710331499432
0.10365289722745283 0.07727116669053162 0.2720930929128506 0.12765333918975955 0.09193702557423658 0.07018052630639954 0.14232394682798563 0.11488800527078358
0.10212938665595098 0.07643244953336373 0.28085827793538015 0.12683326229622993 0.0895188997931756 0.06866816542782433 0.14140962229146828 0.11414993606660694
0.08042032453139975 0.13210797080538278 0.1406909837483376 0.13724624269142705 0.09378380411376451 0.15796642696752972 0.09308875591244618 0.16469549122971247
0.08696635818650439 0.1685451882541988 0.12402465632507255 0.1561709953416829 0.08071490643681228 0.1635804933222279 0.07944350632598653 0.1405538958075146
0.07990329774074238 0.11138999930209235 0.10724589932377072 0.13366799916251085 0.1003692594856636 0.20008754666019846 0.10025099937188313 0.16708499895313852
0.07493545214165157 0.13949582600739985 0.09965644317331887 0.1347678421274733 0.09422465839422858 0.20379061381215194 0.09140775379080797 0.16172141055296793
0.10082618111413891 0.09164060942245772 0.21348037612889564 0.1338375209139936 0.09489666711895123 0.09564602853456093 0.14921884794440773 0.12045376882259423
0.10352641146497771 0.08045503029727044 0.25902428829864216 0.12959095545728902 0.09194279538584206 0.07434441481636646 0.14448424436805204 0.11663185991156011
0.11940723256063458 0.09002617895205993 0.2008590356077854 0.09275473244056717 0.1395985582601723 0.10816244368173436 0.1378861395683655 0.1113056789286806
0.10697059254253578 0.07943903316354321 0.25184993130145356 0.12783880921366547 0.10050232276515561 0.07581365065775314 0.14253073206359418 0.11505492829229894
0.13729926952948493 0.10248877812347182 0.226565476399417 0.10579422432507563 0.1218032486039811 0.09288153609490964 0.1179526650310918 0.09521480189256806
0.10990351609139283 0.08063754424668343 0.26113015053164024 0.1261282630843414 0.09568512590870731 0.07237636257923334 0.1406236007820941 0.11351543677590727
0.1037528402454894 0.07714200364305783 0.27649329184447213 0.12703291611242878 0.09045874663241288 0.06915835562396173 0.14163222139699147 0.1143296245011859
0.1019986974933083 0.07629277411236612 0.2824755806582255 0.126622863431159 0.0890809735684369 0.06839349039013908 0.14117504325832203 0.1139605770880431
0.10142252161271001 0.07601453372518543 0.28472446157922926 0.12638774878585093 0.0886430171458045 0.06814583526928121 0.14091290797467262 0.11374897390726585
0.10122057722043817 0.07591315767556238 0.28556079011276253 0.1262912491572492 0.08849078664180893 0.06805599686040807 0.1408053180902465 0.11366212424152428
0.11827285846525595 0.08872165649261468 0.20891922122573028 0.09226890622874562 0.13787833232864027 0.10605241151014426 0.1371639262743741 0.11072268747449475
0.10644100313621477 0.07901339189908027 0.2549867974320829 0.12749764457683135 0.09989489373544255 0.0752680301476282 0.14215035895357164 0.1147478801191482
0.10321631020956185 0.07706354887156598 0.2742888747601539 0.12738878425706007 0.0915490503106237 0.06981453793874932 0.14202898782093112 0.11464990583135405
0.11897968355589401 0.08908729054999119 0.20543773756722064 0.09243323406100164 0.13906246267573455 0.10667150008298948 0.1374082106339666 0.11091988087320195
0.10671410839823868 0.07915832204933806 0.2536216403444521 0.12763567476569662 0.10024401858209739 0.07544987625765429 0.14230425231339605 0.11487210728912693
0.10332282287072683 0.07712175745666189 0.27377426989491577 0.12744788038688282 0.09166012749124272 0.06987517395585095 0.14209487559552456 0.11470309234819454
0.08065079755375149 0.1323408014651992 0.13910607366473143 0.1372951830944904 0.09426569022191732 0.158465284013737 0.0931219502727848 0.16475421971338847
0.10106289446784758 0.08935756725295234 0.22973090008415087 0.13241701764406535 0.09384989870489556 0.08677131316028486 0.1476350928061445 0.11917531587965882
0.10302671043803432 0.07963204667262751 0.26516854981015414 0.12885081820173058 0.09123276945364427 0.07246432248002378 0.14365904656222797 0.11596573638155754
0.09244243396990641 0.15264365207847036 0.15728047544280305 0.15753048891268068 0.08101285557844737 0.13717757920156792 0.08013507479471149 0.1417774400214126
0.08230468704979013 0.11131586442763569 0.11466209447628023 0.1335790373131628 0.10048299040657943 0.19049725170022605 0.10018427798487213 0.1669737966414535
0.0886049695364283 0.1639972942053882 0.08305609030647516 0.1105151951058918 0.11081938773661944 0.2354306966494352 0.07495813233269182 0.13261823412707016
0.11534094952963855 0.10661405009748853 0.1423011054273409 0.0922135758524314 0.14561558397860513 0.1501767701378141 0.1370816739537637 0.11065629102291767
0.08101033529842032 0.13781997524756187 0.10725601288444017 0.1337950038467841 0.1036730910278002 0.18514366142625105 0.09074791565260142 0.16055400461614094
0.11490482554614172 0.10262752111431975 0.1524558708372838 0.09395510148214715 0.14520110423372543 0.13843888623733006 0.13967056877047548 0.11274612177857657
0.12188912230439972 0.09391977213918144 0.1649120207471111 0.09198936222858523 0.15598778230833224 0.12416634025529567 0.13674836534279236 0.11038723467430225
0.10857116973078355 0.08086769632776492 0.23736991785409503 0.1290235476075686 0.1049283503603354 0.07926649831315759 0.14385162695948317 0.11612119284681173
0.10427138567415606 0.07780983702595498 0.26762375646579784 0.12813978719102737 0.09309230182503679 0.07087082329879284 0.1428663000473096 0.11532580847192461
0.0926950571125432 0.15202094260958723 0.15793292562243372 0.15749406583230177 0.08135290644741362 0.1366428965945649 0.08011654653208394 0.1417446592490716
0.10653064350029852 0.06802449744979144 0.247575996655041 0.1360489948995829 0.09146491431287719 0.08113630719064185 0.15061182992546412 0.11860681606630301
0.0814762821783562 0.1301620849894733 0.13345163972997678 0.1379528118804071 0.09453056058603433 0.16331525223429214 0.09356799414497176 0.1655433742564885
0.07548076373387325 0.1453627233190674 0.10578063877329442 0.1352291108552687 0.09333279992108481 0.190818416051863 0.09172061431922574 0.16227493302632243
0.1007878771871115 0.09251945036171144 0.21604105469781004 0.13362939237428625 0.09454427951332371 0.09322469257428473 0.14898680015461466 0.12026645313685762
0.10343135009388611 0.08053760867984931 0.25999710198075376 0.12947720865613543 0.0917929152428744 0.07387690238264595 0.14435742517333305 0.11652948779052187
0.10252293661291588 0.07732616999626013 0.27644037210029 0.12744597660594087 0.08988241885703471 0.06958799386036409 0.1420927530218475 0.11470137894534681
0.10175008506348117 0.0763488875661086 0.28250917802496545 0.12667439126545116 0.08899096735432795 0.06848704563856263 0.14123249294819706 0.11400695213890605
0.08034556250998229 0.13207140822722602 0.1410559802450066 0.13722951833897906 0.09366187477305206 0.15788282146036736 0.09307741243861187 0.16467542200677485
0.10093318705184022 0.08925995747602881 0.2305218711340332 0.13233955479659149 0.09366827082207538 0.08662283189047797 0.14754872751202064 0.11910559931693233
0.08016875370473317 0.13582029569362297 0.12917673153339404 0.1373812247182873 0.09464359771015816 0.16477161803849957 0.09318030893936008 0.16485746966194473
