0.125 0.125 0.125 0.125 0.125 0.125 0.125 0.125
0.09106475716064757 0.15177459526774598 0.10927770859277709 0.18212951432129515 0.0793897882938979 0.13231631382316314 0.09526774595267748 0.1587795765877958
0.07078850095907666 0.10906238251654031 0.05889368655893176 0.09815614426488628 0.13087485901984838 0.21812476503308062 0.11778737311786353 0.19631228852977256
0.07295173961840627 0.1290684624017957 0.09118967452300783 0.16133557800224463 0.08754208754208752 0.15488215488215484 0.10942760942760942 0.19360269360269358
0.14221367429534135 0.10505704892397694 0.16008693169367913 0.1260684587087723 0.12551688799108748 0.09158819649782605 0.1395629660919254 0.10990583579739126
0.090698045730937 0.12275727773347002 0.08838523996809841 0.14730873328016403 0.1027866395601649 0.1534465971668375 0.11048154996012301 0.184135916600205
0.0761825326836532 0.10700391038658623 0.05778211160875656 0.09630351934792762 0.14054884328653547 0.21400782077317246 0.11556422321751313 0.19260703869585524
0.08653627587982776 0.1531026419412337 0.0754418815362601 0.133474098102614 0.11702275664393498 0.1837231703294805 0.09053025784351211 0.16016891772313682
0.1132814422139095 0.0754738786195046 0.19167969173207516 0.1509477572390092 0.09274886703495545 0.07716751021139548 0.167105372279245 0.13159548066990545
0.11190924654250423 0.15021453642982982 0.09595001178500473 0.13519308278684683 0.12263016491056064 0.20159229578301063 0.10139481209013514 0.0811158496721081
0.0837948864844061 0.14825249147241082 0.07305195231973864 0.1292457617964607 0.11192431383446294 0.21097333715308147 0.08766234278368638 0.15509491415575283
0.11040928590562889 0.07358946297169028 0.2001209894191186 0.14717892594338056 0.09030024871564239 0.08715813306134189 0.1629331211094811 0.1283098328737164
0.08699057326737283 0.11672848218872432 0.1129749377813199 0.14007417862646918 0.09529788676838535 0.16778558411479016 0.10505563396985189 0.17509272328308648
0.08252647463376751 0.11548365826399162 0.09933219225177943 0.13858038991678992 0.10083323749353604 0.18608326760655547 0.10393529243759246 0.17322548739598742
0.08065464837336056 0.11358977948638889 0.09595049520764769 0.13630773538366664 0.10017141732313382 0.2007104534584692 0.10223080153775 0.1703846692295833
0.0794988304245526 0.11219568820585532 0.09442435621505413 0.1346348258470264 0.09898389641575284 0.21099275119770594 0.1009761193852698 0.168293532308783
0.09709444215269501 0.13720442176182737 0.08647911103733422 0.12348397958564464 0.12094074260414296 0.2680939304177354 0.09261298468923349 0.0740903877513868
0.10507198931402503 0.08481714800047803 0.1313399866425313 0.10602143500059755 0.14059410731386307 0.14732162775675042 0.15760798397103754 0.12722572200071705
0.09357105439007221 0.07553326077270889 0.18714210878014442 0.15106652154541778 0.10377420516249115 0.08452508205615958 0.16842789790212995 0.135959869390876
0.14598035362522835 0.09517344924091226 0.19233567752682817 0.11420813908909472 0.12441987346195779 0.10188333235057453 0.12643310473029612 0.09956606997510821
0.06874539165562799 0.12162646215995722 0.10165247330606558 0.1520330776999465 0.09962089666046146 0.1707639177945633 0.10311808748344199 0.1824396932399358
0.07935837747718706 0.11285759221668705 0.09572721443872811 0.13542911066002447 0.0994146136738517 0.2063548702134727 0.10157183299501836 0.16928638832503057
0.09849817995806534 0.136631568347006 0.08634091235154352 0.12296841151230538 0.12058988424202098 0.26896368804744647 0.09222630863422904 0.07378104690738321
0.05511460322447902 0.09751045185869366 0.0521456098604667 0.08500911187680985 0.13325776392512662 0.31084697859658467 0.09609725690421984 0.1700182237536197
0.06360215157305477 0.11252688355232768 0.08368212386450886 0.1406586044404096 0.09430948217043474 0.24102720171119066 0.09540322735958216 0.1687903253284915
0.09019585018743123 0.072808698344071 0.19529775597572185 0.145617396688142 0.09807923731006234 0.10459287413786751 0.1623525303373762 0.13105565701932778
0.08368174277989932 0.11368836522825969 0.11000418562703083 0.13642603827391162 0.09999159649945387 0.1833559950436214 0.1023195287054337 0.1705325478423895
0.081126695966294 0.11156967508994126 0.09600112384317794 0.13388361010792948 0.09851536677593511 0.21113630800086333 0.10041270758094713 0.16735451263491188
0.07975902745283958 0.1100595044172867 0.09289065158350479 0.13207140530074402 0.1011394361036635 0.2199371645404733 0.09905355397555803 0.16508925662593002
0.07707230029409115 0.13635868513569974 0.07805881768939008 0.11887680242599466 0.1132464429984947 0.2531053051605483 0.08062948338458767 0.14265216291119356
0.09923089807270055 0.08010205025145707 0.141150937524869 0.10012756281432134 0.14945478172720805 0.16093434712320734 0.14884634710905081 0.12015307537718561
0.09552037967203458 0.07006076533708412 0.21714545662824414 0.14012153067416824 0.1045682334528874 0.09024920675777988 0.15622504987105026 0.12610937760675142
0.14668704110830916 0.09291159010756438 0.19641852801661672 0.11149390812907727 0.13025133203131153 0.1016094437802696 0.12342833948355317 0.09719981734329812
0.07486427095505654 0.11523494929469258 0.11783637749469034 0.14404368661836572 0.1013448019041741 0.1761242936498295 0.09769919614115241 0.17285242394203887
0.08003579302047004 0.11100757172128 0.0967562138350381 0.133209086065536 0.10478571922967382 0.2077874439969301 0.09990681454915201 0.16651135758191998
0.07326656148265605 0.11341676725137294 0.09777717069806471 0.1417709590642162 0.09527187729071386 0.2122138193619268 0.0961576939739901 0.1701251508770594
0.07891538138817157 0.10971078585099067 0.09289826138480503 0.1316529430211888 0.1035582282525962 0.21995851405986996 0.0987397072658916 0.164566178776486
0.11160869962204578 0.07892390237549039 0.1481667749565282 0.09865487796936298 0.1450990047752993 0.15250378456268635 0.14665710217535155 0.11838585356323558
0.13353984095398697 0.08956719178658429 0.18646222614746197 0.11195898973323036 0.13759099048869336 0.11529175172607158 0.1248259184040643 0.10076309075990732
0.13616676920151538 0.08826859663870221 0.2035227426460516 0.11033574579837777 0.13392334408096163 0.10546450786154067 0.12301612255431073 0.09930217121853997
0.09695182690295791 0.1297494279493832 0.14109744308104533 0.16218678493672897 0.08942028095385714 0.15212241739559187 0.08250371233737953 0.14596810644305608
0.10185723905248456 0.13453230327135224 0.12135426702341795 0.16143876392562267 0.08781447026495699 0.16781657806334843 0.08444489189955648 0.14074148649926077
0.08369492423972234 0.12419563487163632 0.09582247070598197 0.13071570008270372 0.1019787261809819 0.2021611437535662 0.09803677506202779 0.16339462510337963
0.07972499715127483 0.12191216489021021 0.09134516520848712 0.12946977259296288 0.10464564956613853 0.2139627054050008 0.09710232944472218 0.1618372157412036
0.06476247799084503 0.0949522626716716 0.05786925122147489 0.08277889566248293 0.13646042008075157 0.30404275812500137 0.0935761429228068 0.16555779132496587
0.07151334688558612 0.10789286039972439 0.0879906290302999 0.13486607549965549 0.0998057809888766 0.24461763495302621 0.0914743816432446 0.16183929059958657
0.10148082724290292 0.06902823042622266 0.21032009207466282 0.13805646085244533 0.09701843035811356 0.10592249314893448 0.1539226511295174 0.12425081476720079
0.103911951063485 0.06627263517343011 0.2596423784440238 0.13254527034686023 0.0926574943996849 0.07790144226167811 0.14777808499866357 0.11929074331217421
0.11952504397388727 0.07570762476907608 0.20432759784601848 0.0946345309613451 0.14008490854000585 0.11147827043142668 0.14068058632462643 0.11356143715361411
0.14262235222321643 0.08601638229744071 0.21229127019388794 0.10752047787180088 0.13193890500655278 0.10296487341168165 0.1198773089107989 0.09676843008462079
0.11334058651922496 0.06455789869262847 0.25927865100256536 0.12911579738525694 0.09761841085185764 0.07592995932444145 0.14395447857729393 0.11620421764673124
0.10582732796835048 0.064377112980682 0.280309632548583 0.128754225961364 0.09043289506087067 0.070868648692327 0.14355135342259537 0.11587880336522759
0.10342043083400913 0.06393758722831039 0.2890884109699822 0.12787517445662078 0.08847454165566952 0.0695449212487839 0.14257127659566526 0.1150876570109587
0.10253419797009695 0.06370658224588033 0.29272005233477566 0.12741316449176066 0.08780968987879799 0.06908829507290204 0.1420561699632018 0.1146718480425846
0.1021837483433292 0.06360297536480303 0.29423477039925794 0.12720595072960605 0.0875540208970909 0.06890803652715431 0.14182514208211303 0.11448535565664546
0.10203975389681598 0.06355790892723018 0.29487521757927726 0.12711581785446036 0.08744947438787937 0.06883294063266289 0.14172465065265955 0.11440423606901433
0.1019790934734876 0.06353827568478786 0.2951501765138676 0.1270765513695757 0.08740528697479395 0.06880084829852134 0.14168087145234784 0.11436889623261814
0.09412910184108936 0.12855467234181675 0.17038179480563972 0.1606933404272709 0.08068013254818047 0.13919294804280374 0.0817440036086552 0.1446240063845438
0.10943667201502777 0.07763377226981069 0.2278926342705519 0.13700535672439737 0.09326839835060338 0.08365203719011356 0.15167056177873864 0.11944056740075669
0.10693399951214297 0.14788198114179057 0.11327900950331082 0.12308153109110938 0.13011302745784434 0.2125503843208043 0.09231114831833204 0.07384891865466563
0.0811528307126849 0.10923689479975801 0.10317861635220577 0.1365461184996975 0.09992503220381861 0.21349127616283822 0.09261388906936006 0.163855342199637
0.10424351370398534 0.06821130666725003 0.21978585545584467 0.13642261333450006 0.097103162169521 0.09935216359192114 0.15210103307592768 0.12278035200105009
0.12217783321853377 0.07570944557220947 0.19292722872658682 0.09463680696526185 0.14308162261235025 0.11721892478942891 0.14068396975731462 0.11356416835831419
0.12560083632256366 0.07433164949924698 0.18163206225452197 0.09291456187405872 0.15555114098818648 0.1203485380564882 0.1381237367560634 0.11149747424887045
0.08556182939660362 0.11003384275595549 0.12021921294087631 0.13754230344494434 0.1087228560226899 0.17957962896842622 0.09328956233657096 0.16505076413393321
0.11872018092479839 0.07679750025859708 0.16057193013039836 0.09599687532324634 0.14990832195321602 0.14010313830251483 0.1427058027193334 0.11519625038789562
0.10987595629279767 0.06552639561211483 0.24042401988474985 0.13105279122422966 0.10547803637575982 0.08358120635257206 0.14611408215596947 0.11794751210180669
0.10584242254936295 0.06454489407960208 0.27383049771621626 0.12908978815920416 0.09419117306047745 0.07239493486062126 0.14392548023123208 0.11618080934328376
0.10380794715016685 0.06383757609910017 0.28682459540227484 0.12767515219820033 0.09085834074556767 0.069740484721749 0.14234826670456066 0.11490763697838031
0.10288025192702253 0.06353012577538875 0.29177106789009305 0.1270602515507775 0.08976302946769411 0.06897834862253216 0.1416626983707922 0.11435422639569973
0.1024889721145682 0.06340967180173444 0.29364195478881705 0.1268193436034689 0.0893802270619617 0.0687283173985796 0.14139410398774815 0.11413740924312199
0.10233147789927848 0.06336381908373795 0.2943483514865601 0.1267276381674759 0.0892418967517533 0.06864008299016092 0.1412918592703052 0.11405487435072831
0.08219887393860657 0.11159094894166012 0.14799717796421277 0.13948868617707516 0.09558247177886213 0.16114570020612032 0.09460971758097271 0.16738642341249016
0.10571618974843114 0.07573211129626564 0.23193947763765174 0.1355959875320719 0.09585418586803725 0.08683982920328373 0.150110332147837 0.11821188656642165
0.0831531130817044 0.11235786118182829 0.1335679115302903 0.14044732647728536 0.09758440763844864 0.16909266253310695 0.09525992578459357 0.16853679177274242
0.14163234712108516 0.10127842367898539 0.1866327365130228 0.10867113313727299 0.12874544468843896 0.117997566748284 0.12030341153169821 0.09473893658121235
0.10519447219958461 0.13079546340108192 0.10057164554426667 0.11402681424709707 0.12281948850638445 0.2124200128200815 0.07733992618498756 0.13683217709651646
0.08107199744607756 0.1094758246768021 0.10041527258477355 0.13684478084600263 0.10114554491484055 0.21401638246422924 0.09281646005207136 0.16421373701520314
0.10438213244860348 0.0681757488540307 0.21840707637269416 0.1363514977080614 0.09831906488736454 0.09962638733240549 0.15202174445958488 0.12271634793725528
0.10565411191901203 0.06528072808657139 0.26573797639669305 0.13056145617314277 0.0937319392484961 0.07596219737945363 0.14556628024080243 0.11750531055582848
0.1216065623070396 0.07478916588288471 0.2071004284222752 0.09348645735360588 0.14191706696576134 0.10994267244680547 0.13897389779730068 0.11218374882432705
0.12498927021155418 0.07391084787491414 0.18580705251485255 0.09238855984364268 0.1566868381924646 0.11800936014084534 0.1373417994093554 0.1108662718123712
0.09898768099551679 0.12723105012481062 0.14026832878350629 0.15903881265601325 0.09522548597071182 0.15521135755401397 0.08090235252501543 0.14313493139041192
0.10951195336422724 0.076191279659273 0.2339547285326506 0.13429781623164583 0.09504933358269252 0.08524153799122755 0.14867320315428434 0.11708014748399893
0.08391998431700162 0.11225730586287876 0.1340111037495569 0.14032163232859843 0.09741546560465074 0.1685138769809895 0.0951746723620059 0.1683859587943181
0.10596807103023997 0.07523967692135554 0.234796175741668 0.13451772241809476 0.09565440320509372 0.0876354417715511 0.14891664834237595 0.11727186056962108
0.08320493949679503 0.11218215109929044 0.13412664503269572 0.14022768887411308 0.09751911323737508 0.16935528141791822 0.0951109541928767 0.16827322664893568
0.10561738132236223 0.07510069738875884 0.23617177629552424 0.1342594846030303 0.09552199642186797 0.08765116533600494 0.14863076846570714 0.11704673016674438
0.09928053563997252 0.13395036018183865 0.11198066870577082 0.11677723708160294 0.11643319233820586 0.20223989118629435 0.07920543036839155 0.14013268449792352
0.08034616486410066 0.10992479855011134 0.10336160684932948 0.13740599818763918 0.10019174499027286 0.21068537691915454 0.09319711181422484 0.16488719782516703
0.1034419459873962 0.07536354649719057 0.21829476244789056 0.13493823823079273 0.09751282409921037 0.09855820272025073 0.15044606560955548 0.12144441440771345
0.08202089543698186 0.11995596875680571 0.12930800744278123 0.13876815604482381 0.09709940040746286 0.17220477447043198 0.094121010186924 0.16652178725378858
0.11780782363903441 0.08461494854767951 0.15744966106867891 0.0900947864756984 0.15304569311392513 0.14136100647988703 0.14300759758047363 0.11261848309462298
0.12399030417375828 0.08055161863475478 0.1687321313385199 0.09217939977874932 0.1604860249093591 0.12641437250553209 0.13703086892482735 0.11061527973449918
0.08457450065315575 0.11822241259431746 0.116173969114899 0.1358038187542191 0.10965493443925357 0.1804953657405783 0.09211041619851383 0.1629645825050629
0.10401129541745113 0.07560657817379594 0.22358176290907483 0.1343149459257186 0.09915218865589932 0.09269863638116446 0.14975114120374894 0.12088345133314674
0.09469716151498027 0.13831621910968042 0.15051659885907392 0.15996138281734512 0.08427620789993898 0.14689552530846034 0.08137165995491034 0.14396524453561058
0.10795929572997962 0.07640683120104148 0.24343577023548701 0.13327331143040022 0.0919887125015914 0.08321005522441195 0.14753903422494447 0.11618698945214379
0.08294311747725422 0.12010974092795448 0.13536107762938723 0.13876675405327998 0.09593411332614271 0.16624503245112504 0.09412005927092033 0.16652010486393598
0.10563215502945883 0.07553159928005174 0.23763995658411585 0.1340100479320112 0.0950205170883233 0.08698181971264124 0.14835463181728548 0.11682927255611233
0.09834661134374346 0.14305687188963 0.11139009110647276 0.11537631314337836 0.11516245910317202 0.19996083916169283 0.07825523847985662 0.13845157577205405
0.1067301743658912 0.07678206255704768 0.21992262929188613 0.1329907669949334 0.09978970155057007 0.09581819442898477 0.14827478051524665 0.11969169029544008
0.09520160455749616 0.1383313318881176 0.14943392756369614 0.15977817852855597 0.08432644499291053 0.1478496870637797 0.08127846472974369 0.14380036067570037
0.145239275502955 0.10266849438109953 0.19638755350790701 0.10743783530807549 0.12362451433934891 0.1120404729647399 0.118938100137552 0.09366375385832221
0.10398293758273065 0.1524538733229191 0.10052578144875686 0.11078498851241446 0.11901702664574884 0.20515228362932994 0.07514112264320284 0.13294198621489736
0.10756136750848895 0.08525670034009772 0.21339707050106999 0.13171279705737193 0.10017831314845502 0.09650229468712522 0.14684993940575647 0.11854151735163473
0.13982345881699396 0.09910262033305897 0.2167472041165852 0.10665926057940467 0.12372555389550467 0.09903145183726408 0.1189171158997243 0.09599333452146419
0.08714695958609686 0.12851438956095784 0.12698505278701866 0.1346829596751051 0.10094259550053448 0.16875830993530724 0.0913501813448539 0.16161955161012612
0.07731536308805614 0.1348224202726798 0.10578620055662934 0.13560805957851618 0.09581121745780405 0.19594942714231894 0.0919776404097762 0.1627296714942194
0.07464879346937688 0.14211771732377165 0.09980624878603765 0.1338860978884939 0.09362312503983145 0.20444499884975217 0.09080970117654369 0.16066331746619264
0.07395186918355001 0.14361756434071818 0.09816919294664876 0.13347371058364324 0.09288446283527951 0.20720475240523048 0.09052999500455802 0.1601684527003719
0.11364984701149558 0.10115120921514234 0.15055517296788798 0.09374469666033355 0.14274932721937975 0.14629832306217813 0.13935778787118241 0.11249363599240025
0.10795121378689512 0.08072975321670957 0.23405481913850154 0.12916147282466436 0.10359233559833661 0.08425967660907649 0.14400540328361833 0.11624532554219792
0.09418618983937395 0.1502781595108331 0.15161021086709903 0.1569887412560832 0.08392183747263311 0.1418655038062777 0.07985949011722494 0.14128986713047487
0.1078552402343342 0.07716370977630307 0.24438965364722898 0.1331118437955191 0.0918101870203033 0.08226285981454333 0.14736028291567438 0.11604622279609358
0.08210028498856688 0.13010018911559046 0.13454696039656236 0.13695556670302492 0.09491647388302286 0.16414224310581166 0.09289160176379083 0.1643466800436299
0.10174981900454606 0.08912527860830297 0.22936577378781287 0.1315867076358685 0.09441630574228985 0.08861871923845989 0.14670935911043845 0.11842803687228164
0.10343121825473739 0.07934784948069727 0.2679594099985491 0.12766366437971424 0.09150553168034968 0.07285956961996089 0.14233545864424857 0.11489729794174283
0.10244020952147567 0.07658110320227966 0.28287968006834585 0.12580440601960935 0.08964951921023864 0.06915859223704719 0.14026252432335548 0.1132239654176484
0.11888900705841299 0.08851444923943766 0.2109087374337994 0.09141405538746246 0.13842361177061377 0.10626013956186707 0.13589313308345166 0.10969686646495494
0.09521321314761112 0.15352913655818085 0.14380880756295036 0.1538987237266464 0.0894796920843876 0.1472739639313827 0.07828761163485927 0.13850885135398175
0.12162560351250877 0.08705494354784461 0.162442694033666 0.08981197062316704 0.1500307833325454 0.1342103581424728 0.14255868352883652 0.11226496327895877
0.09769297453678155 0.1560814618298185 0.09297286971764913 0.10953829938572417 0.12470491740664416 0.21326797566845693 0.07429554219205639 0.131445959262869
0.11776786507638327 0.10481340757925472 0.14555049940611464 0.09110452514047838 0.1504363050011091 0.14556897204612101 0.1354329955819649 0.10932543016857406
0.08186901484111883 0.13717550428289885 0.10878795596487516 0.1326724166522567 0.10552321532353995 0.184778484266724 0.08998650868587847 0.15920689998270804
0.1152051535055696 0.10243826193771384 0.153439680524592 0.09308756568199025 0.1462012576122515 0.13954208338328222 0.13838091853621237 0.1117050788183883
0.10799428834120038 0.08262632627238764 0.23479945907079638 0.12859930897094687 0.10405490205978164 0.08280770467178505 0.14337863253924973 0.11573937807385219
0.10452699261367358 0.0779008946889575 0.26969809523224325 0.12706291002219225 0.09322493491042265 0.07156389114451146 0.14166566236802627 0.11435661901997302
0.08120384376491419 0.13227449183683837 0.14022265986249 0.13623545147271923 0.09489980728451299 0.15927802822976567 0.09240317578149652 0.16348254176726307
0.10119459720673539 0.09055832327093245 0.23147511281464347 0.13106986423195713 0.09411102306656101 0.08749508431492853 0.14613311728548056 0.11796287780876143
0.11945710855370038 0.09305654999461914 0.1944796689684956 0.09222193344877395 0.14098923315361309 0.11203508766021125 0.137094098082058 0.11066632013852876
0.14101931723769295 0.1058659556201015 0.2061825898358292 0.10385136361373909 0.13309649750620112 0.10073152860651415 0.11578652032755686 0.09346622725236517
0.12808537976822032 0.09433734980720322 0.1827652320259696 0.08966034578495581 0.15105624707930554 0.11321690461953893 0.1332861259728597 0.10759241494194699
0.10975873140294044 0.08104064102712495 0.24621350149222168 0.12672133450327955 0.10382843841024099 0.07710332095609174 0.141284831155149 0.1140492010529516
0.12115653966619298 0.09049744216472193 0.19866425707858165 0.09159220894420003 0.14341664556596181 0.10860428553622221 0.13615797031107943 0.10991065073304003
0.10773652243507448 0.08008859425041708 0.2531246283011166 0.12642644409925755 0.1018278550554499 0.0760561058079415 0.140956050361411 0.11378379968933178
0.12051683460760898 0.09023338298154987 0.2009360623141978 0.09152344613710343 0.14265697215850762 0.10824941665657524 0.13605574977993287 0.10982813536452413
0.09543659534171406 0.15562068960007058 0.14095729561043044 0.1536286686454442 0.09018578602184042 0.14775492721039635 0.07815023578920423 0.13826580178089978
0.14556281624477355 0.10426847710317919 0.19304003787122145 0.10736781088752623 0.12529203614300058 0.11200553459720472 0.11886058022550726 0.09360270692758697
0.07616034474415662 0.12132455304682152 0.07316335923204063 0.08076258934151369 0.14569089447728495 0.25007624034996584 0.09129684012518939 0.16152517868302738
0.10091629685090547 0.08948672835321367 0.20031370939838755 0.13176734855203398 0.10668080039797649 0.10533374249935455 0.1469107602512976 0.1185906136968306
0.13714590645396318 0.10664539310722732 0.2109895977421072 0.1059655061304906 0.12508201136053193 0.10065899822633305 0.1181436314619052 0.09536895551744154
0.09848295497790417 0.16063193932342312 0.14297880611400215 0.15249128147020455 0.08629597378970594 0.14430523912325452 0.07757165187832145 0.1372421533231841
0.12273075321187675 0.08767394527449729 0.16225681139388545 0.08987089990263261 0.14900913804400714 0.13346760522713913 0.1426522220676708 0.11233862487829077
0.08310737931890533 0.13406496703349707 0.11309040070808664 0.13322043395283667 0.10560348417220368 0.18069060669435985 0.09035820737670662 0.159864520743404
0.13313531831640735 0.11906588259950214 0.17854484217037767 0.10720724617349926 0.12637172091613721 0.1196603893252346 0.11952807894269245 0.09648652155614933
0.11107091264284555 0.08572977183257484 0.24436503944058213 0.12672364906496314 0.0984738233597863 0.07829810778208367 0.1412874117186977 0.11405128415846683
0.10479353050171711 0.0789009538484399 0.2732246232085367 0.12637923816995314 0.09160746613475476 0.0704494545105734 0.14090341927306715 0.11374131435295783
0.08113304163466176 0.1336693292460994 0.14090704366909587 0.13595860963868014 0.09439133599095954 0.15857490345567812 0.09221540479840915 0.16315033156641615
0.10114308439366225 0.09079363031925236 0.23174085097255973 0.13101845925084654 0.09396857220975306 0.08734298496042947 0.14607580456773486 0.11791661332576188
0.10310732991301201 0.08037283553117786 0.2687407470582437 0.12737309175666858 0.09125071535796742 0.07250800594785195 0.14201149185407674 0.11463578258100172
0.08082220688089539 0.13415078700385777 0.13983063424788086 0.13600580414014604 0.09431994429598184 0.15941624348105085 0.0922474149820121 0.16320696496817524
0.0869178255038658 0.17130815190426246 0.1242757582485555 0.15435015566896684 0.0807998239309215 0.1649158915401876 0.07851725310117008 0.13891514010207012
0.10726715111891093 0.07947620811267604 0.23325810005609315 0.13456198768724326 0.09208704528573064 0.08707340512014504 0.14896565181493757 0.11731045080426333
0.08170435621049482 0.13408664131314216 0.1315417509591089 0.13639003690410895 0.0946431656048271 0.16545797969277418 0.09250802503061303 0.16366804428493073
0.11516508463523525 0.10332293584211702 0.16140217684874347 0.09311817617677266 0.1425459660379202 0.13427742595444905 0.13842642309263517 0.11174181141212719
0.14054261092454268 0.10907673223375075 0.19420869565647364 0.10455517508006135 0.13438906013735424 0.1065568508064997 0.11657121758926242 0.09409965757205521
0.1467894221455328 0.1090177596107187 0.2048813752672576 0.10288767464263164 0.1303440383743905 0.09876874373924086 0.11471207904185945 0.09259890717836847
0.11317864940385884 0.08290772535011018 0.25458274999833225 0.1251494897488667 0.09826499077635417 0.07374951239267184 0.139532341555826 0.11263454077398002
0.10488563330945007 0.07806865473363085 0.2771104076474905 0.12582566779269444 0.09120102142169008 0.06937928446797306 0.14028622961364587 0.113243101013425
0.11952200058519424 0.08964600477314087 0.20890579850854268 0.09134984724083602 0.13888739898253363 0.1062714498597452 0.13579768336100398 0.10961981668900322
0.08271101329474952 0.1349865888364023 0.12430561568619918 0.13343402038488614 0.10360361705740682 0.17033524558265684 0.09050307469583581 0.16012082446186335
0.10188873897102955 0.09138275890267686 0.2243910252498914 0.13140667175562665 0.0963591459908094 0.08979702201041997 0.14650863253948224 0.11826600458006398
0.10352051709150567 0.08066498548368668 0.26580412729985825 0.1276762097729687 0.09197482684496719 0.07310129888983773 0.14234944582150388 0.11490858879567183
0.10245327672821525 0.07756942453204667 0.28192118244270703 0.12574932734394564 0.08974228424626157 0.06918899438693332 0.14020111571033939 0.11317439460955109
0.10163104123679345 0.07656731228650542 0.288104424120576 0.12498158353360254 0.0887638509063068 0.06812322407985245 0.13934513865612103 0.11248342518024229
0.08050262124129258 0.13285927963004726 0.14438419430559568 0.13584257726542084 0.09370461716043715 0.15755891309867667 0.09213670458002458 0.163011092718505
0.10088017055877017 0.09054488093235369 0.2332091589359162 0.13087522042180405 0.09371684136814226 0.08706992544057265 0.14591610396281732 0.11778769837962365
0.10299444832153191 0.08028781770646592 0.2693213150808626 0.1273063194008673 0.09115223467443664 0.07242513169468515 0.14193704566036996 0.11457568746078058
0.13595705451245227 0.1029678563467892 0.23551388712361185 0.1044109983736717 0.11900015614735317 0.09176967763872354 0.11641047132109365 0.09396989853630452
0.10971726887927412 0.08117422431904205 0.26738706727758926 0.12427247539792075 0.09507017528882246 0.07197902497586925 0.1385545360033534 0.11184522785812867
0.1207958436303253 0.09024956296357067 0.20551223466522114 0.0912636094446651 0.14009305938772804 0.10689987348998638 0.13566948508490514 0.10951633133359812
0.14107967905372787 0.10489670249728864 0.21006986627559796 0.1035419385766074 0.13250202866709163 0.09928050570816399 0.11544153450257572 0.09318774471894666
0.11167986861387696 0.08206094525830579 0.256830789624424 0.12505104826819838 0.09863919869319453 0.07376961944936185 0.13942258665125998 0.11254594344137854
0.08232512542586473 0.13449174263128436 0.13693498839857246 0.13574359477009218 0.09585523324512009 0.15968743317828443 0.0920695686266712 0.1628923137241106
0.10153752927677702 0.09104111275839495 0.23001648781684614 0.13114279795715653 0.09438751866173703 0.08763160242138487 0.14621443294626257 0.11802851816144089
0.0804413697975373 0.13738423031614755 0.13051443690856704 0.1360043595522218 0.0949288757377661 0.1652750610505438 0.09224643517455043 0.16320523146266613
0.13222894240945504 0.11981793775187997 0.1854794897306207 0.10723715778746637 0.1232126255074528 0.11594897664434957 0.11956142816005579 0.09651344200871972
0.08456567510612813 0.14358102378465143 0.1181325094069609 0.13243215900598812 0.09945910252891688 0.17308738803436818 0.08982355132580064 0.15891859080718573
0.11576735319608861 0.10522221177557455 0.156478080020937 0.09287941031539491 0.14393373877522303 0.13619243193512395 0.13807148160318408 0.11145529237847392
0.08158562021384033 0.13918197407536234 0.11144244991704064 0.1328335281474157 0.1041862737247408 0.18127413583601956 0.09009578430868195 0.15940023377689883
0.10199539171950096 0.09253535332777094 0.2188503370454156 0.13189001744023884 0.09685754061083142 0.092122817252776 0.14704752690725134 0.11870101569621494
0.11986142055528443 0.09362207620767887 0.19036296958302795 0.09238352390869718 0.1421227068477577 0.11345276105329276 0.13733431315382447 0.11086022869043662
0.10775552213736121 0.08092699915371063 0.2498357889619631 0.12685981825062334 0.10185717804532586 0.0771516268266256 0.14143923019882929 0.114173836425561
0.12059676393498867 0.09047016384876609 0.19990327104017697 0.0915917503213985 0.14275701897946438 0.10861364295204522 0.13615728853748196 0.1099101003856782
0.10756622326002513 0.08005793104927378 0.2536456310453644 0.12638597538073063 0.1016523028483926 0.07603362781324886 0.1409109307603071 0.11374737784265757
0.13754138520045708 0.10301255428049963 0.22961842403289093 0.10449190560183495 0.12210560825998881 0.09268673074003429 0.11650067684264283 0.09404271504165145
0.1451184286079399 0.10700523302448439 0.21793079564844614 0.1023781848088027 0.1261970557751066 0.09508589990852837 0.11414403589876958 0.09214036632792243
0.08718483159306264 0.1398393237188352 0.12608269925562687 0.1325094355063513 0.10035544151381143 0.16514098085255707 0.08987596495213394 0.15901132260762157
0.13407825522178546 0.12016929166322725 0.1832931580407663 0.10689214608912692 0.124496766641079 0.11569068500025174 0.11917676586354897 0.09620293148021422
0.11112296742374919 0.08579813554912519 0.24629875577770322 0.12650714837603075 0.0979034257325449 0.07746710399511335 0.14104602960730592 0.11385643353842766
0.10473607154214738 0.07885980786695285 0.27397697917161035 0.12628702965860142 0.09142374571468796 0.0702574256891166 0.14080061366414218 0.11365832669274128
0.10241785427487526 0.07699008443623698 0.28499785309293424 0.12530350709066448 0.08933860389882638 0.06847488142676557 0.13970405939809905 0.11277315638159803
0.11873008931936017 0.0893314202245537 0.21146515544085134 0.09125192056867645 0.1381399644429342 0.10592703653553798 0.13565210878567427 0.10950230468241175
0.0950121272166948 0.1552253572585662 0.14374114508528088 0.15354805532762195 0.08927477761417577 0.14689605955787996 0.07810922814492073 0.13819324979485975
0.10831025392631533 0.07759469015173219 0.24096301096286682 0.13321141417250784 0.09307802114326406 0.08323907048713426 0.14747051141604448 0.11613302774013504
0.09739758735288734 0.15874185941463803 0.11062498200552878 0.11308066759320905 0.11281278009713012 0.19494713049197068 0.07669819193278525 0.13569680111185084
0.10484589847734865 0.09546458105205127 0.21631633844198292 0.1298937509928824 0.09783541370070359 0.09391780264788008 0.14482183879355692 0.11690437589359413
0.10438322420465679 0.08153303567684471 0.262383666039535 0.1278131000718223 0.09242748391992524 0.07392563173354412 0.14250206828903172 0.11503179006464007
0.10276217547252582 0.07780712262981387 0.2805725586079184 0.12588221720616583 0.08993048638780719 0.06940216622065867 0.140349277989561 0.11329399548554925
0.11891825247061653 0.08957812441172255 0.21006942969852727 0.09133823102173874 0.13844671054436933 0.10626295955581683 0.13578041507112207 0.10960587722608649
0.08259518947280194 0.13496048830443544 0.12457398112559498 0.13342885339939925 0.10350122728800196 0.170326066198721 0.09049957013176643 0.16011462407927907
0.07537238927257425 0.14819621115944065 0.10383684279512896 0.13319658961847858 0.09504677689629511 0.19417324801815763 0.09034203469775069 0.15983590754217428
0.13097812828761438 0.12289666077223865 0.1752624321234631 0.10749540236874708 0.12362317353025579 0.1231489891896085 0.1198493515962001 0.09674586213187236
0.11069341259875279 0.08656782871367145 0.24308251365992048 0.12691111772662972 0.09800257432472041 0.0790261217360812 0.1414964252862573 0.11422000595396674
0.12154261736409867 0.09176978560484216 0.19777704361838297 0.09169564649165844 0.14163187367203503 0.10923652028631826 0.13631173717267434 0.11003477578999012
0.08306503680450066 0.13562040287135935 0.12165890996294403 0.1334145901878408 0.10418805072844435 0.17146560526600996 0.09048989595349202 0.16009750822540894
0.07544222355796346 0.1483677659333867 0.10314643809882823 0.13316770075772533 0.09517732640480497 0.1945748638240854 0.09032244051393544 0.1598012409092704
0.08524791307787212 0.1753436612114324 0.11386892804154976 0.15331520844992658 0.08047186927412299 0.17577795238954727 0.07799077995061483 0.1379836876049339
0.10722288889816915 0.08004352494286017 0.22889258822776629 0.1350342070982732 0.09233867094386226 0.0892575725094171 0.14948841811449048 0.11772212926516126
0.08168607677826957 0.1342526638342686 0.13049503994762937 0.13639144872486822 0.09468948009218814 0.16630656953954545 0.0925089826133889 0.16366973846984187
0.10162646507153812 0.09121198078751044 0.22737749185905268 0.13148012368953946 0.09435602571476881 0.08902527559269745 0.1465905259643074 0.1183321113205855
0.10337745403333705 0.08057124204150821 0.2670259317430154 0.12757971281203478 0.09147162146612384 0.07291043746182106 0.14224185891132834 0.11482174153083133
0.08087756994984129 0.13422284004471996 0.13943005835439284 0.13602160949582776 0.09437580925902411 0.15958804636490012 0.09225813513630056 0.1632259313949933
0.10113123559380491 0.09094369125258021 0.23112799411094592 0.13108671780577666 0.09401260783973853 0.08756779960939495 0.14615190776255996 0.117978046025199
0.1365428384955341 0.10647571304758338 0.2221898636589142 0.10542830869820133 0.12085760619776334 0.0960754956593592 0.11754469641426328 0.09488547782838119
0.11033845855820688 0.08218649916640906 0.26207319990116357 0.12486286298531006 0.0958930564876413 0.07305657210997264 0.13921277410451732 0.11237657668677904
0.1039896762265677 0.07777092747272639 0.2801043359867758 0.1255495337752656 0.09050081982357316 0.06911176552612337 0.13997836079122894 0.11299458039773902
0.08096259753550925 0.13327291614237383 0.14251607073185488 0.13589362294377805 0.09411748099396657 0.15799363725376925 0.0921713268662147 0.1630723475325337
0.11481435075915779 0.10302429626889831 0.16504785785946186 0.09299210573298064 0.14219443123367823 0.13209742035572608 0.1382390109105205 0.11159052687957677
0.08147911508277259 0.13861513269074435 0.11353134348068973 0.132952980020678 0.10388782513401681 0.1798132237261729 0.09017680384011205 0.1595435760248136
0.10190991447233143 0.09237263002998107 0.21976125560038356 0.13181689246214992 0.09673423932168398 0.09180386688376503 0.14696599801377014 0.11863520321593495
0.08048375142802935 0.13775867894791619 0.12806300346487168 0.1359841131879555 0.09542285089117229 0.16687396339659075 0.09223270285791765 0.1631809358255466
0.07511877144287085 0.14928744313981132 0.10479788240147839 0.13350846984849474 0.09342787353929327 0.193095824956096 0.09055357085376164 0.16021016381819367
0.1007113986140439 0.09476188782618952 0.2162305790168699 0.13234020151331546 0.09475098616005113 0.0945493169546408 0.14754944855290544 0.1191061813619839
0.08022864318247303 0.13845502332326057 0.12717688157301138 0.135950786409979 0.09494237970481625 0.16789524350597726 0.09221009860850751 0.1631409436919748
0.10135504259516831 0.0920932742756274 0.22594282586324316 0.13158497222892174 0.09449608707247811 0.08939389869733093 0.1467074242612008 0.11842647500602957
0.10336299419853655 0.08077319152798385 0.2664624983028917 0.12764626590553868 0.09154678620107694 0.0730105639050511 0.14231606064393643 0.11488163931498481
0.102396812673312 0.07757455104937332 0.2821829333182533 0.12572491564747443 0.08963412145407054 0.06916034328424721 0.14017389849054238 0.11315242408272698
0.13536512507296206 0.10199654606458095 0.23996981640045253 0.10405443289768726 0.11821178877852949 0.09074037375313426 0.1160129274247349 0.09364898960791852
0.08548443729647226 0.13848680750984046 0.13142991158414546 0.1327891820002331 0.09871275014840755 0.16368418700828946 0.09006570605233202 0.1593470184002797
0.1023132037694466 0.09181752636273617 0.2273494016429437 0.13105268734233164 0.09502589682986058 0.08837989910917735 0.14611396633540555 0.11794741860809846
0.11980414957992676 0.09335329982729329 0.19310889272700918 0.09225028812659146 0.14133932599998883 0.11230744877222841 0.13713624921505235 0.11070034575190973
0.0952725757542015 0.15674419260097425 0.13881799846647355 0.15365739831441333 0.0899180073588884 0.14913331857517975 0.07816485044689722 0.13829165848297198
0.10855985807597107 0.07783711787129095 0.23893628353355809 0.13345093701969712 0.09337655293339142 0.08376173498214046 0.14773567305395854 0.11634184252999237
0.09744307686069935 0.1588190560057141 0.11021555794240402 0.1130767512592104 0.11288167716463912 0.19517624361959884 0.07669553563668183 0.13569210151105246
0.11775867334626178 0.10722700327114747 0.15168819395998503 0.09117216260389654 0.14652038663275424 0.14069344184712826 0.13553354321415068 0.10940659512467585
0.08179022946749556 0.1395175119407441 0.11012030135237348 0.1324801115924211 0.10456292648740136 0.1826967095598865 0.08985607568877257 0.1589761339109053
0.08677798076067371 0.17259296534495347 0.11596856131650504 0.15362395372152285 0.08243862484298578 0.1721885183360835 0.0781478373279051 0.13826155834937057
0.12004235825566995 0.08907141787835018 0.15392510872894213 0.0903751718419888 0.14838273631055693 0.14178158846456343 0.14345265371744254 0.112968964802486
0.0711587007867172 0.11586908779328697 0.06677437005709269 0.08005343539383199 0.15141005944927496 0.2641322878956266 0.09049518783650572 0.16010687078766397
0.07140510330810317 0.13888700875107504 0.08826023297074102 0.1293107711151342 0.10319036909268384 0.226067153363402 0.08770643606069972 0.15517292533816102
0.07241582757479377 0.14763507045110194 0.09434919387009082 0.13144830352202183 0.093831603288453 0.2134257964173935 0.08915624064971915 0.15773796422642616
0.10028687669265363 0.0947069952177601 0.21156487036581473 0.1326157381521473 0.09508747431484038 0.09852722957708417 0.1478566513427672 0.11935416433693258
0.1036133246727307 0.08165520107445233 0.26079314962818395 0.12830984622961555 0.0921257029824463 0.07496801062155474 0.1430559031843624 0.11547886160665399
0.11956141449124262 0.09071663503850226 0.2038144769516348 0.09171390867748723 0.13965947820425928 0.10813851108541563 0.13633888513847356 0.11005669041298466
0.14079227919672277 0.10509384144129849 0.2095354139737427 0.1036380103533739 0.13247447288131367 0.09964312547137719 0.1155486473641348 0.09327420931803651
0.08636939332224909 0.13924453442038304 0.12409092063089891 0.13256438478409685 0.1017697320075103 0.16697053819690602 0.0899132348970396 0.15907726174091621
0.10273822073366368 0.09214799871862316 0.22417311752768307 0.1313098686825183 0.09589932889433436 0.08915187929183468 0.14640070433707636 0.11817888181426647
0.10372182940089486 0.08080378403039805 0.26569765567722003 0.12767028850703696 0.09187332657693646 0.07298701209930505 0.14234284405187553 0.11490325965633325
0.08094562116156188 0.1343027348086235 0.13912184554908547 0.13603105958623107 0.09447046602891267 0.1596264565992731 0.09226454476283501 0.16323727150347728
0.11485621947571462 0.10328601625774349 0.1639244108799679 0.09303297171118023 0.14237012801205737 0.13259092667807607 0.13829976093184404 0.11163956605341627
0.10747843905816151 0.08346681290973439 0.23903783387770444 0.12801799324113952 0.1028068848605008 0.08124533325344827 0.1427305088822854 0.11521619391702556
