Action: 0
[0.17699019597457522, 0.09513279003068906, 0.23848841421046124, 0.09513279003068906, 0.10859378556228495, 0.0953964441299224, 0.09513279003068906, 0.09513279003068906]
[0.28654418049825076, 0.09814094534856062, 0.12461014741038556, 0.09814094534856062, 0.09814094534856062, 0.09814094534856062, 0.09814094534856062, 0.09814094534856062]
[0.1612490777392656, 0.09747774512550697, 0.25388378411790224, 0.09747774512550697, 0.09747841251529733, 0.09747774512550697, 0.09747774512550697, 0.09747774512550697]
[0.125, 0.125, 0.125, 0.125, 0.125, 0.125, 0.125, 0.125]
[0.10644991021003357, 0.09972897513692161, 0.29475465123953976, 0.0997289694817107, 0.10015058548666221, 0.0997289694817107, 0.0997289694817107, 0.0997289694817107]
[0.1345002471178047, 0.09674921908074832, 0.28088850010017274, 0.09674921908074832, 0.10086515737166714, 0.0967492190873621, 0.09674921908074832, 0.09674921908074832]
[0.125, 0.125, 0.125, 0.125, 0.125, 0.125, 0.125, 0.125]
[0.125, 0.125, 0.125, 0.125, 0.125, 0.125, 0.125, 0.125]

Action: 1
[0.11659985941320414, 0.09862460695045427, 0.09862460695045427, 0.09862460695045427, 0.19724921390090855, 0.19302789193361586, 0.09862460695045427, 0.09862460695045427]
[0.1111111111111111, 0.1111111111111111, 0.1111111111111111, 0.1111111111111111, 0.1111111111111111, 0.2222222222222222, 0.1111111111111111, 0.1111111111111111]
[0.0985217875473116, 0.09859066677598427, 0.0985217875473116, 0.0985217875473116, 0.11745704309412967, 0.291343352393328, 0.0985217875473116, 0.0985217875473116]
[0.125, 0.125, 0.125, 0.125, 0.125, 0.125, 0.125, 0.125]
[0.09664763982668134, 0.09958650459111265, 0.09664763982668134, 0.09664763982668134, 0.13921028767702054, 0.27796500859846024, 0.09664763982668134, 0.09664763982668134]
[0.09753249968550591, 0.09753249968550591, 0.09753249968550591, 0.09753249968550591, 0.13273070810987023, 0.28207429377709425, 0.09753249968550591, 0.09753249968550591]
[0.125, 0.125, 0.125, 0.125, 0.125, 0.125, 0.125, 0.125]
[0.125, 0.125, 0.125, 0.125, 0.125, 0.125, 0.125, 0.125]

