Action: 0
[0.10836920588370907, 0.10061052047023858, 0.282572223921051, 0.10061052047023844, 0.10600581048475798, 0.10061067782952808, 0.10061052047023844, 0.10061052047023844]
[0.2034970406158039, 0.09497937405597712, 0.12116339429407234, 0.09497937405597712, 0.15703814026298424, 0.138383928603231, 0.09497937405597712, 0.09497937405597712]
[0.11008308518472594, 0.19485388849907367, 0.17305390899457818, 0.09742694424953684, 0.0994712951244203, 0.13025698944859138, 0.09742694424953684, 0.09742694424953684]
[0.125, 0.125, 0.125, 0.125, 0.125, 0.125, 0.125, 0.125]
[0.11511454210283821, 0.10058325080607956, 0.28109547978916033, 0.10058325080588097, 0.10087341006821403, 0.10058356481606506, 0.10058325080588097, 0.10058325080588097]
[0.13932781647731918, 0.15947045994216827, 0.21761043265990987, 0.09671211601784983, 0.09673996049467948, 0.09671498237237366, 0.09671211601784983, 0.09671211601784983]
[0.125, 0.125, 0.125, 0.125, 0.125, 0.125, 0.125, 0.125]
[0.125, 0.125, 0.125, 0.125, 0.125, 0.125, 0.125, 0.125]

Action: 1
[0.09927920266438188, 0.09927920266438188, 0.09927920266438188, 0.09927920266438188, 0.13293482117241642, 0.2713899628412924, 0.09927920266438188, 0.09927920266438188]
[0.1111111111111111, 0.1111111111111111, 0.1111111111111111, 0.1111111111111111, 0.1111111111111111, 0.2222222222222222, 0.1111111111111111, 0.1111111111111111]
[0.11577970583799092, 0.09705089102609553, 0.09705089102609553, 0.09705089102609553, 0.14209235768110426, 0.25687348135042715, 0.09705089102609553, 0.09705089102609553]
[0.125, 0.125, 0.125, 0.125, 0.125, 0.125, 0.125, 0.125]
[0.0987657138823563, 0.10255636427625495, 0.0987657138823563, 0.0987657138823563, 0.15893023086706123, 0.24468483544490233, 0.0987657138823563, 0.0987657138823563]
[0.10256069358369514, 0.10229961615370835, 0.10229961615370835, 0.10229961615370835, 0.10240562525338665, 0.2835356003943766, 0.10229961615370835, 0.10229961615370835]
[0.125, 0.125, 0.125, 0.125, 0.125, 0.125, 0.125, 0.125]
[0.125, 0.125, 0.125, 0.125, 0.125, 0.125, 0.125, 0.125]

