Action: 0
[0.10544376699469434, 0.10383682141842188, 0.26375226696812964, 0.10383682141842188, 0.11161985894506674, 0.1038368214184219, 0.10383682141842188, 0.10383682141842188]
[0.10372574769328152, 0.10247825927066746, 0.23128115864942075, 0.10247825927066746, 0.10247825927066746, 0.1526017973039606, 0.10247825927066746, 0.10247825927066746]
[0.10494843987256479, 0.10494843930181369, 0.15954375955921477, 0.10494843930181369, 0.21076560405915198, 0.10494843930181369, 0.10494843930181369, 0.10494843930181369]
[0.125, 0.125, 0.125, 0.125, 0.125, 0.125, 0.125, 0.125]
[0.21076566295224683, 0.10494842802224402, 0.1595437691226706, 0.10494842794400835, 0.1049484281268052, 0.10494842794400835, 0.10494842794400835, 0.10494842794400835]
[0.1240738998458405, 0.10271599657867836, 0.25884229477638493, 0.1027159965781091, 0.10350382248665985, 0.1027159965781091, 0.1027159965781091, 0.1027159965781091]
[0.125, 0.125, 0.125, 0.125, 0.125, 0.125, 0.125, 0.125]
[0.125, 0.125, 0.125, 0.125, 0.125, 0.125, 0.125, 0.125]

Action: 1
[0.10288651386727948, 0.1026031403546212, 0.1026031403546212, 0.1026031403546212, 0.2560653569886397, 0.12803242737097476, 0.1026031403546212, 0.1026031403546212]
[0.10524550698090472, 0.10524550698090472, 0.10524550698090472, 0.10524550698090472, 0.21049101396180944, 0.15803594415276226, 0.10524550698090472, 0.10524550698090472]
[0.11348416737009974, 0.10136113451579706, 0.10108911675543775, 0.10108911675543775, 0.15409173788447586, 0.22670649320787625, 0.10108911675543775, 0.10108911675543775]
[0.125, 0.125, 0.125, 0.125, 0.125, 0.125, 0.125, 0.125]
[0.10403737084322118, 0.10408482971560225, 0.10403737084322118, 0.10403737084322118, 0.15966613165429921, 0.21606218441399275, 0.10403737084322118, 0.10403737084322118]
[0.10501910216108135, 0.10501910216108135, 0.10501910216108135, 0.10501910216108135, 0.10538533631484323, 0.26450005071866856, 0.10501910216108135, 0.10501910216108135]
[0.125, 0.125, 0.125, 0.125, 0.125, 0.125, 0.125, 0.125]
[0.125, 0.125, 0.125, 0.125, 0.125, 0.125, 0.125, 0.125]

