Action: 0
[0.11479740606786736, 0.10279606217548184, 0.1652280383331692, 0.10279606217548184, 0.20560127831405467, 0.1031890285829814, 0.10279606217548184, 0.10279606217548184]
[0.16505578037793905, 0.1028171813921933, 0.11522394987670784, 0.1028171813921933, 0.2056343627843866, 0.1028171813921933, 0.1028171813921933, 0.1028171813921933]
[0.2078438304180723, 0.10262250017160414, 0.16577551496750265, 0.10262250017160414, 0.10263453753496916, 0.11325611639303924, 0.10262250017160414, 0.10262250017160414]
[0.125, 0.125, 0.125, 0.125, 0.125, 0.125, 0.125, 0.125]
[0.2344113153210187, 0.10166307287115245, 0.1556277108087141, 0.10165950533536987, 0.10165987308381884, 0.10165951190918639, 0.10165950533536987, 0.10165950533536987]
[0.11604988207900843, 0.09989596766408179, 0.22973265847179408, 0.09987712164879783, 0.15481300518497462, 0.09987712165374751, 0.09987712164879783, 0.09987712164879783]
[0.125, 0.125, 0.125, 0.125, 0.125, 0.125, 0.125, 0.125]
[0.125, 0.125, 0.125, 0.125, 0.125, 0.125, 0.125, 0.125]

Action: 1
[0.12883247210029297, 0.15505561826056644, 0.09987660751963101, 0.09987660751963101, 0.09987671454912438, 0.21672876501149216, 0.09987660751963101, 0.09987660751963101]
[0.20375792439096183, 0.10187896219548091, 0.10187896219548091, 0.10187896219548091, 0.12606580898181347, 0.16078145564982016, 0.10187896219548091, 0.10187896219548091]
[0.09997677150516186, 0.11411846415356196, 0.09996147040021068, 0.09996147040021068, 0.12791673484490243, 0.25814214789553097, 0.09996147040021068, 0.09996147040021068]
[0.125, 0.125, 0.125, 0.125, 0.125, 0.125, 0.125, 0.125]
[0.10447786102668301, 0.10141241450596503, 0.10141237201660885, 0.10141237201660885, 0.12578965677802234, 0.2626705796228943, 0.10141237201660885, 0.10141237201660885]
[0.1016608477017258, 0.10166029537128317, 0.10166029492016443, 0.10166029492016443, 0.15562436152341522, 0.23441331572291813, 0.10166029492016443, 0.10166029492016443]
[0.125, 0.125, 0.125, 0.125, 0.125, 0.125, 0.125, 0.125]
[0.125, 0.125, 0.125, 0.125, 0.125, 0.125, 0.125, 0.125]

