0.125 0.125 0.125 0.125 0.125 0.125 0.125 0.125
0.07575757575757576 0.12626262626262627 0.09090909090909091 0.15151515151515152 0.0946969696969697 0.15782828282828282 0.11363636363636365 0.1893939393939394
0.06430745814307458 0.11377473363774733 0.056062912227295786 0.09918822932521562 0.12861491628614916 0.22754946727549466 0.11212582445459157 0.19837645865043124
0.09610220552809057 0.07757647916122974 0.19220441105618113 0.15515295832245948 0.09652348224615571 0.06981883124510677 0.172983969950563 0.13963766249021353
0.09316187250450353 0.07520295732291249 0.2192119342301464 0.15040591464582498 0.09127796601664259 0.06768266159062124 0.16769137050810637 0.13536532318124248
0.07011824261179757 0.12405535231318032 0.11928048490558497 0.15506919039147538 0.0913499146146786 0.14886642277581638 0.10517736391769636 0.18608302846977046
0.0919889864655646 0.07425616979750395 0.21999639826610232 0.1485123395950079 0.08986601207108122 0.07613881253121671 0.16558017563801625 0.1336611056355071
0.06870116173154317 0.12154820921734559 0.12638716643621445 0.151935261521682 0.08954625978820424 0.15650788488167736 0.10305174259731475 0.18232231382601838
0.07518516752483731 0.12530861254139553 0.09022220102980477 0.15037033504967462 0.10153724807819421 0.1566357656767444 0.11277775128725598 0.18796291881209326
0.06912693320268418 0.10785883668840837 0.058243771811740515 0.09707295301956755 0.1413463822381666 0.21571767337681674 0.11648754362348103 0.1941459060391351
0.057233646139914406 0.0896095446019915 0.06451887211343388 0.1075314535223898 0.1217134180726875 0.21529241427793547 0.12903774422686776 0.2150629070447796
0.06321996996915008 0.10610894199847565 0.05941699260398054 0.09250523148585056 0.13375240312281864 0.2554148666031488 0.10457113124487456 0.18501046297170112
0.10096258712450282 0.07496981185516849 0.1903995221718565 0.14993962371033698 0.09362377906080119 0.0933987540261911 0.16598932702161848 0.13071659502952457
0.06782879138416731 0.10318620539177492 0.06576334282389629 0.09286758485259743 0.1347973784355642 0.2383804255836882 0.1114411018231169 0.18573516970519485
0.07307073851803611 0.1142245302146126 0.08751913507217683 0.1370694362575351 0.09693654140431075 0.21704074601825843 0.10280207719315133 0.17133679532191887
0.06196815579995498 0.10238449133025451 0.06001964639615661 0.0892582744930424 0.12661365769914626 0.28033856717279076 0.10090065812256967 0.1785165489860848
0.12459908101639802 0.0947455245819881 0.1662802274703164 0.11843190572748513 0.11892520554927165 0.13838660381557807 0.13204273668422595 0.1065887151547366
0.07806024030231443 0.11606596124078238 0.09705256604826863 0.13927915348893882 0.09709598508130295 0.19388778686051522 0.10445936511670413 0.17409894186117353
0.06595447064080998 0.09694587059830564 0.05731776975312663 0.08725128353847508 0.12737775971515014 0.2859487384310122 0.1047015402461701 0.17450256707695017
0.06098059874845973 0.09668710145015535 0.05375697291938337 0.08429131921295596 0.12323914623805964 0.317176383894776 0.09528583911029803 0.16858263842591192
0.1012532845120803 0.07192315361675757 0.19263421178332257 0.14384630723351513 0.08958719421542706 0.11610760046252368 0.15924377520356578 0.12540447297280807
0.077731633220659 0.11680661486210739 0.11802264139675403 0.14600826857763424 0.08631298233905473 0.18087624210145134 0.09903169520917801 0.1752099222931611
0.11578909833718215 0.08035166139645035 0.14750270260231357 0.09642199367574042 0.13842569951609807 0.1479305687652536 0.15305078361228636 0.12052749209467553
0.06749896602004564 0.09894810940127527 0.06513722800689638 0.08626245434982974 0.1395224620876984 0.27259179260435284 0.09751407883024231 0.17252490869965947
0.0976513468080969 0.07026147430835757 0.20018372287430442 0.14052294861671513 0.09807626489336432 0.11016098782369087 0.15667260092042715 0.1264706537550436
0.09894002791158661 0.068014408601764 0.25447333632028957 0.136028817203528 0.08910352875607552 0.07935196594591618 0.15166197977766477 0.12242593548317521
0.10308189305926338 0.06918895214015884 0.25402447540942913 0.13837790428031768 0.08854685379682449 0.07295274564819282 0.1531900283445112 0.12063714732130261
0.09260915396837428 0.13821072758331784 0.11502577700820003 0.12049140353417452 0.10867918574815817 0.19866946378054298 0.0817246041362227 0.14458968424100943
0.07443526292172337 0.11289123323801152 0.10462965113911808 0.14111404154751442 0.09153521596890193 0.21034561279983402 0.09571213252787934 0.16933684985701727
0.10134186174655702 0.07050567725525443 0.22138336589792842 0.14101135451050886 0.09071475243606975 0.09600464642389157 0.15610536600267969 0.12293297572711027
0.06012112401421123 0.08484003678730616 0.09558505282578958 0.10180804414476739 0.11830916434170928 0.21355083662296065 0.12216965297372087 0.20361608828953479
0.08565825301681965 0.13323921970142513 0.08261729044206875 0.1161572684576527 0.10954456331240313 0.25460975301003946 0.07878492991040789 0.13938872214918321
0.10237831553024185 0.06980819717009464 0.21511635311826946 0.13961639434018927 0.09259145009265911 0.1042113453928273 0.15456108775145086 0.12171685660426756
0.05985341170435573 0.08424936152039275 0.09601898970678692 0.10109923382447132 0.11792802899863024 0.21733342600705488 0.12131908058936558 0.20219846764894264
0.07232001204018017 0.1125220053743987 0.10017930377050854 0.1406525067179984 0.09249576252036905 0.21764831000186988 0.09539909151307718 0.16878300806159807
0.11319448112561421 0.07833003404315533 0.15438215254510765 0.09791254255394416 0.1412429216492454 0.15188924629621764 0.14555357072198266 0.11749505106473299
0.08181793561441454 0.11139766670335403 0.11263571907659722 0.13924708337919256 0.1007571801659593 0.19260206714825978 0.09444584785719147 0.16709650005503104
0.10093964529254684 0.06930197820024576 0.229695140332479 0.13860395640049153 0.09442335588584537 0.09276142815408554 0.15344027733387747 0.12083421840042852
0.0711567361646277 0.09958773934933127 0.08102802431628264 0.08682008045839136 0.13740778987256946 0.25221503014296376 0.0981444387790511 0.17364016091678272
0.08621483746600538 0.12842977735186054 0.11174858802235786 0.16053722168982565 0.08646790371989908 0.20045358554351442 0.08166458668569393 0.1444834995208431
0.1015864374457133 0.06926596360864799 0.2305720512182812 0.13853192721729599 0.09186980622334301 0.09404185249164611 0.15336053806717342 0.12077142372789908
0.08190106893489091 0.11309320934552888 0.13225394762565135 0.1413665116819111 0.09320552954793135 0.1726565457050185 0.0958833731407745 0.1696398140182933
0.10353859989745347 0.06828874504327005 0.23197875596334347 0.1365774900865401 0.09254261230923169 0.09188034652578947 0.15227370909648574 0.12291974107788609
0.1045189055626726 0.06554789073772575 0.2709901608630698 0.1310957814754515 0.08894245997875998 0.07475658497655982 0.14616201307785412 0.11798620332790635
0.11411452259421746 0.07543862352479566 0.20423717666899655 0.09052634822975479 0.1445814085936929 0.11425136886364316 0.14369261623770602 0.11315793528719349
0.08304847195229295 0.10895710291425376 0.1250999839309665 0.1307485234971045 0.10970903011220695 0.18093984059896623 0.0980613926228284 0.16343565437138063
0.07826837375251179 0.10936126978337996 0.1068460026598626 0.13123352374005592 0.10542464867536647 0.20639913390871148 0.09842514280504196 0.1640419046750699
0.07660098319471195 0.11151476204124541 0.10299958646544091 0.1393934525515568 0.09418505365212114 0.21348889469373894 0.09454512433931678 0.1672721430618681
0.1352309562251289 0.09020312971521957 0.18095401017640017 0.11275391214402446 0.12254771489693336 0.13111955834313982 0.12571219756953175 0.10147852092962201
0.11034499729980438 0.06574861192456509 0.2553062715683764 0.13149722384913018 0.0978757994057052 0.07901565828271148 0.14557283226277332 0.11463860540693399
0.0837275320764652 0.11247543470097507 0.13884710024364774 0.14059429337621884 0.09396290425510508 0.16631997561486384 0.09535960768126148 0.1687131520514626
0.07871751642361839 0.10990017054471385 0.1105664033624682 0.1318802046536566 0.10362178890494511 0.2015535068032846 0.09891015349024247 0.16485025581707075
0.11730786136183596 0.07747458218681218 0.15812456029091101 0.09684322773351522 0.1429350333841939 0.14713889934075045 0.14396396242176293 0.11621187328021826
0.14393869127576814 0.08667212208423669 0.19698184049585862 0.10834015260529588 0.13364743410699076 0.112122437018194 0.12079118506888957 0.09750613734476628
0.11439592589357432 0.06471976767292346 0.25458039689241346 0.12943953534584693 0.09822450463818216 0.07782886550199493 0.14431542224380248 0.11649558181126224
0.08454989339087166 0.1120904776860115 0.13868281441330682 0.14011309710751438 0.09593263223228254 0.16546213755937736 0.09503323108161844 0.16813571652901724
0.08026766631853058 0.10965741951813704 0.11039489760968908 0.13158890342176444 0.10391196086935138 0.20100134541899858 0.09869167756632334 0.16448612927720554
0.06598255885869761 0.09475812698000766 0.06163191965642725 0.08260964916205796 0.13626225977396192 0.3001513664528401 0.0933848207918916 0.16521929832411592
0.10095329684048093 0.06817582600627303 0.19982107527696005 0.13635165201254607 0.10379127594240048 0.11616847061247794 0.15202191649757 0.12271648681129145
0.08199858142168183 0.11207559235245829 0.12553083589264213 0.14009449044057287 0.09686558982301474 0.1803009106334236 0.095020610907519 0.16811338852868743
0.11816880389819602 0.07714315330953231 0.16289824644366385 0.09642894163691539 0.1453248165232378 0.14097320991017448 0.14334809831398168 0.11571472996429846
0.10975223314638932 0.06555210363435027 0.24145579406584103 0.13110420726870053 0.10410039003940764 0.08387007809494426 0.14617140720853625 0.11799378654183049
0.14086245583576953 0.08593342410162237 0.22816426968920486 0.10741678012702796 0.12464172618305613 0.09654454828497915 0.11976169366401476 0.09667510211432516
0.08871720378857331 0.11022458293081427 0.13147322206378503 0.13778072866351784 0.10221472743652184 0.1708013838879193 0.0934512768326469 0.1653368743962214
0.10529915180562621 0.06756463382947994 0.2314611728106863 0.13512926765895988 0.09722038808725822 0.09104999574889112 0.15065904916603437 0.1216163408930639
0.10545478551112439 0.06498665249060027 0.27080432931730775 0.12997330498120055 0.09271783130245384 0.07417658636056583 0.14491053555366684 0.11697597448308047
0.10398358636137181 0.06395500921358085 0.28574796852984286 0.1279100184271617 0.09045127236987865 0.07022300349119656 0.1426101250225221 0.11511901658444554
0.08264691319490138 0.11170955511273914 0.14601448612971937 0.13963694389092393 0.09566959301739664 0.1620479009983233 0.09471027498688754 0.1675643326691087
0.11806338184610335 0.07686240837681281 0.1695375864300236 0.09607801047101602 0.14566882935861003 0.1356697553863464 0.1428264155658686 0.11529361256521921
0.10956050668032079 0.06534109625206896 0.24411944445446282 0.13068219250413793 0.10427743159445486 0.08270446302114245 0.1457008922396881 0.11761397325372415
0.10574747911554899 0.06443996053280919 0.27522994686901425 0.12887992106561838 0.09380417999787241 0.07221508937647304 0.14369149408360737 0.11599192895905655
0.08301138304088293 0.11175894985824525 0.1435579511033508 0.13969868732280658 0.09669243977041533 0.16289001097624503 0.0947521531406862 0.16763842478736787
0.10368654276228069 0.06743264287948617 0.23678805154799126 0.13486528575897233 0.09606805233908203 0.08941593848142224 0.15036472904769005 0.1213787571830751
0.10490019597455154 0.06485172060145242 0.27289269292133217 0.12970344120290483 0.09255448927066279 0.07375470536652687 0.14460965757995506 0.11673309708261435
0.10377591221650903 0.06387943054756615 0.28651560712285723 0.1277588610951323 0.09056710311549548 0.07007851503911358 0.1424415958777072 0.11498297498561906
0.1378848361265099 0.08504065960105775 0.2440062986466799 0.1063008245013222 0.12008041712299405 0.09249873552862291 0.1185174864216234 0.09567074205118996
0.11139747468975551 0.06345498169028944 0.2732833922394255 0.1269099633805789 0.09615273900349634 0.07308734367737724 0.14149513827655588 0.11421896704252102
0.10508282054806226 0.06368610949283096 0.2862991058401215 0.12737221898566192 0.09111597386523777 0.06979825540145335 0.14201051877953652 0.11463499708709574
0.10328336910826112 0.06350131011545039 0.2914930187820634 0.12700262023090078 0.0897901121753532 0.069028767630186 0.14159844374997443 0.11430235820781068
0.09478074780548094 0.12822903327974866 0.1692911225966152 0.1602862915996858 0.0824802990265424 0.13913790361236963 0.08153693963984017 0.14425766243971722
0.10631194420957898 0.06714571554339695 0.25351266670885314 0.1342914310867939 0.09118905864491306 0.08180846832254378 0.14866613453645883 0.11707458094746133
0.09953620705463109 0.1339850497383122 0.11551427279414077 0.11680747925904143 0.11509721585851732 0.19966485773054887 0.07922594245395852 0.1401689751108497
0.10775548958345568 0.06722298916384628 0.22337411039690952 0.13444597832769256 0.10013036719296041 0.09617245228679966 0.14989723255341245 0.12100138049492332
0.10623158325480815 0.06506468719125684 0.26746929866373287 0.13012937438251368 0.09372896422527237 0.07517511404899306 0.14508454128916076 0.11711643694426231
0.08314510080005975 0.11184445734723876 0.1417453980931703 0.13980557168404845 0.09671621164443675 0.16415192578970295 0.09482464862048502 0.1677666860208581
0.09125646924580029 0.13002780773498843 0.12972195351626836 0.16253475966873554 0.08463692698355267 0.17286007357817526 0.08268072557061765 0.14628128370186197
0.10700255498218628 0.06811498656023711 0.23752655396420969 0.13622997312047422 0.09290972385640173 0.08863943530983845 0.15081218025547 0.11876459195118266
0.08336805118244492 0.11210765044417177 0.13471187352333638 0.1401345630552147 0.09676383908184541 0.16970475645275743 0.09504779059397173 0.16816147566625764
0.1413703261215371 0.09147052391332545 0.19358508428877896 0.10976462869599056 0.12819771469371033 0.11840552581945918 0.12151395606556543 0.09569224040163278
0.0770021855304079 0.09554927247168914 0.07453568423069508 0.08329936574454949 0.14960694663174415 0.2592433134949331 0.09416450040688205 0.16659873148909898
0.10301598811454404 0.06760274660564196 0.20479881400881073 0.13520549321128392 0.10897592096159703 0.10797205823956517 0.1507440349684016 0.12168494389015552
0.140126026037523 0.08675744908605175 0.21548476013151818 0.10844681135756468 0.12773004437917726 0.10294267716829604 0.1209101016180609 0.0976021302218082
0.13001501391431328 0.07376332704374555 0.18849307898990178 0.09220415880468195 0.15180231303719532 0.11600944276474785 0.13706767487979585 0.11064499056561831
0.11141619186830297 0.06459655217176112 0.25107349942306584 0.12919310434352224 0.10491984848551456 0.07848633973207969 0.14404067006658375 0.11627379390917002
0.09678479414904921 0.12863604694861785 0.15870713502268904 0.16079505868577232 0.08578749600034373 0.14277816913183125 0.08179574724450159 0.14471555281719506
0.10817017013329254 0.06726294591256737 0.24919638876362912 0.13452589182513475 0.09204792725194912 0.08259200128485371 0.14892569221178936 0.11727898261678416
0.09905212061502616 0.14205010741590704 0.11382339037225159 0.11550095077928768 0.1144729963904058 0.19815951818080751 0.07833977531116902 0.1386011409351452
0.09208615406421236 0.14482076841586392 0.11904685346564317 0.15692084948419804 0.08577869490738242 0.1802929612588733 0.07982495386804858 0.14122876453577823
0.08225548965446125 0.10942320863887921 0.1058470701619568 0.13130785036665504 0.10139795280593959 0.20715272763879808 0.0984808877749913 0.1641348129583188
0.0901913327757992 0.14326880709282852 0.08304569049463435 0.11186293789192052 0.11309221781064002 0.248431234937179 0.07587225352669391 0.13423552547030462
0.10556436485444955 0.07740043840403417 0.20755040766098815 0.1339689923093854 0.10009959375418576 0.10547868119953877 0.14936542873897146 0.12057209307844684
0.08231477583903123 0.12002029046321888 0.12663895132165315 0.13855737870319415 0.09749551869453717 0.17472618237062687 0.0939780481639056 0.16626885444383296
0.07728017472454253 0.12402649031137397 0.10676023735855673 0.13752615989378558 0.096048605539684 0.2000483275019905 0.09327861279752414 0.16503139187254268
0.08842359810183922 0.14416614710307138 0.1183557419462026 0.1592548631511007 0.08314456198442609 0.18231345440485283 0.08101225647251645 0.14332937683599062
0.10837479187636387 0.0683320363258801 0.23275401451084868 0.1366640726517602 0.0929019388201307 0.09053736183745922 0.15129274628115089 0.11914303769640631
0.12217525889135912 0.08406467524806122 0.19568727546353767 0.09305728017990829 0.14143842574535065 0.11357245115262647 0.13833589710326663 0.11166873621588992
0.10865533366251531 0.07419282418949376 0.2529221523846725 0.12764348013361815 0.10196950164710532 0.07742462114620018 0.14231295471613845 0.11487913212025634
0.1387832032213992 0.0962783058400035 0.23038065541272532 0.10544295289231975 0.12298789080766159 0.09366731062494779 0.11756102359785502 0.09489865760308779
0.11112239867340322 0.07457051306227065 0.2662491461861026 0.12558241819710922 0.09657863083453459 0.07285769220165823 0.14001502446752326 0.1130241763773983
0.10450400097806568 0.07211778650114016 0.2824388481458315 0.1262564455658855 0.0909425809838567 0.06934302213276468 0.1407665146831589 0.11363080100929694
0.13679817936785538 0.09545234003152124 0.24093343732005787 0.10487798726160379 0.11926433060556706 0.09135240779673039 0.11693112908122091 0.09439018853544338
0.11029167955615263 0.0742231839010613 0.2704781836951185 0.1251518660174364 0.09546575559293845 0.0722176609036524 0.13953499091794774 0.11263667941569276
0.13870954934423718 0.0958411205212296 0.23643400114262242 0.1049219059671755 0.12062007993022768 0.09206353256363169 0.11698009516041805 0.09442971537045794
0.110885328621296 0.07436277049120252 0.26864765870245305 0.12530924916445518 0.09587552176264369 0.07243068562807713 0.13971046138186272 0.11277832424800967
0.08283423155078902 0.1253056338932072 0.1405678483338686 0.13714949579923594 0.0960056509591444 0.16053460822345086 0.0930231362812209 0.1645793949590831
0.10237131624588285 0.08189122909574306 0.2330478218408123 0.13249157345351364 0.09502664614136458 0.08821078014470846 0.147718216969813 0.1192424161081623
0.13786985120413373 0.09834304171312046 0.2240214685672049 0.10643171137903754 0.12197415521538568 0.0969078161573853 0.11866341552259857 0.09578854024113378
0.12805141545597296 0.08640980869949957 0.18990130194294835 0.09066440109837096 0.148350970907632 0.11304609894472885 0.1347787216328022 0.10879728131804513
0.11007535119288273 0.07444838396316057 0.25017738063789774 0.12752987095413493 0.10348196288896254 0.07732387754492832 0.14218628895931162 0.11477688385872147
0.09504235708788716 0.1441041881811626 0.15652653334800856 0.1577522104131742 0.08424714897574555 0.14010270906415911 0.08024786355800599 0.14197698937185674
0.10850578584364202 0.0673883091863938 0.24850881421533727 0.1347766183727876 0.09186936671671558 0.08225028412320538 0.14920325680666757 0.1174975647352507
0.07293774580321033 0.10975504607233422 0.08375286065996275 0.08484793174887617 0.1403587732682401 0.2427367256682858 0.09591505328133829 0.16969586349775234
0.13058776849279577 0.10444667827370493 0.16763213148198297 0.107828249631493 0.13724049452480527 0.13499880147206042 0.12022045145481385 0.0970454246683437
0.08494805700408804 0.12895931083162857 0.11481702196558477 0.13402978088497092 0.10340635349169065 0.182096583029396 0.09090715573067594 0.16083573706196508
0.10354483207960918 0.082870293032506 0.2218604048364993 0.13325841911525818 0.09728331188299053 0.09267696919403444 0.14857319265536995 0.11993257720373236
0.10455868468697153 0.0745086502475213 0.265703790633303 0.12882994627546707 0.0927419103234849 0.07407429026328143 0.14363577592205057 0.11594695164792035
0.10318275116800302 0.07230380513775823 0.28260320808371747 0.12665326355998804 0.0903362023884864 0.06972389532475745 0.1412089371333001 0.11398793720398924
0.10224066116189298 0.07158307624247677 0.28903555806846426 0.1258107464789812 0.08928007809137618 0.06855061466333914 0.1402695934623865 0.1132296718310831
0.10178876107466212 0.07132666408238482 0.2914799030760441 0.12549574140821812 0.08885331477110026 0.06819106200386763 0.13991838631632675 0.1129461672673963
0.10159634530718113 0.07123231623638492 0.2924093753838822 0.12537781590042393 0.08868701942799441 0.0680701852582047 0.13978690817554726 0.11284003431038153
0.10151865024873559 0.07119704477481509 0.2927631059313481 0.12533339850199537 0.08862321121070683 0.06802714458957265 0.13973738609103065 0.11280005865179585
0.10148809650359632 0.07118374600223955 0.2928978081288958 0.12531658729010434 0.08859887504514587 0.06801131562458397 0.1397186428443402 0.11278492856109391
0.10147624746498224 0.07117870779534888 0.29294912322165334 0.12531020510919036 0.08858961157095661 0.06800539305069382 0.13971152718890328 0.11277918459827133
0.13557321008845383 0.09509713222058341 0.24464154160686455 0.10463742521407017 0.11835715445569242 0.09085693337105984 0.11666292035061257 0.09417368269266316
0.1270370981572291 0.08566641284026848 0.19652590718311358 0.09032739955489655 0.14670229157289336 0.11107026502172769 0.13427774620399546 0.10839287946587585
0.10959728843832126 0.07419351166799418 0.25287267352149084 0.12723979434282595 0.10290610851326282 0.07681193342235133 0.14186287518521043 0.11451581490854335
0.13902796266163328 0.09623653653191265 0.23029364706855707 0.10539108768085431 0.12320649094091841 0.09348909844574635 0.11750319775760922 0.09485197891276888
0.1466359778819107 0.09834271983778975 0.2194382662384238 0.10351639378187676 0.1274387837790874 0.09605005011444351 0.115413053962779 0.09316475440368907
0.11323100326269436 0.0749481960208985 0.2615526922807044 0.12575294592372935 0.0977264730610822 0.07340588796277991 0.14020515015675494 0.1131776513313564
0.10514237298817297 0.07226134368341897 0.2805744265971636 0.12643186491649044 0.09130847558019602 0.06953074364162956 0.14096209416808708 0.11378867842484139
0.10273712072518576 0.07159995301806593 0.2881930226337365 0.12584543295177206 0.08951580212380739 0.06853951259983208 0.14030826629100554 0.11326088965659485
0.10192881988343316 0.07134530762084375 0.29114702468753384 0.1255256182486857 0.0889235702585208 0.06820490611333252 0.13995169676383315 0.11297305642381712
0.10163973585969811 0.0712421794845447 0.29228037745601654 0.12539179778188095 0.08871108056442163 0.06807971391979742 0.13980249692994787 0.11285261800369285
0.11898040079694677 0.08343648351809106 0.21438310519158987 0.09179828245884455 0.13848326072255168 0.10629621593000564 0.13646431243135698 0.11015793895061347
0.10722345615592604 0.07364554499170216 0.26044380224545355 0.12680146573505774 0.10071336934571133 0.07567687086595806 0.14137417149863898 0.11412131916155197
0.10382535711413927 0.07218705097198662 0.28028077327237877 0.12659308242925674 0.0920405025229623 0.06999761983928138 0.14114183966366384 0.11393377418633106
0.08157237998388638 0.1249641829055998 0.14337336476747817 0.13729462468920015 0.09521881138384258 0.1597015151146257 0.09312157152832705 0.16475354962704014
0.11603240181574731 0.0930522040260012 0.16656801916313416 0.09414379379166075 0.14379251072668905 0.133487445364843 0.1399510725619315 0.1129725525499929
0.12309945020053031 0.08652266466363687 0.17141349170631473 0.09170398739759131 0.1569538307470986 0.12393765391816493 0.13632413648955366 0.11004478487710957
0.1095544090772268 0.07494254539638456 0.24268573185324413 0.12837938541458702 0.10602270251415102 0.07974034468516387 0.14313343418611416 0.11554144687312831
0.09498589433365315 0.1443259462495 0.15457253516051164 0.1578849526213287 0.0847964434334839 0.1410223819001726 0.08031538894215418 0.14209645735919582
0.10856667106539149 0.06743743175888495 0.2477203673829675 0.1348748635177699 0.09204553324584668 0.08245990045958423 0.1493120182207302 0.11758321434882504
0.08263440835584905 0.12434120667742025 0.13584588398342615 0.13781511973806804 0.09544467195692588 0.1650659626498525 0.0934746029527766 0.16537814368568166
0.11643023788090819 0.09304555572137348 0.1640824719660825 0.09423507042438521 0.14399239408305933 0.13504542400793254 0.14008676140699652 0.11308208450926224
0.0826084381832234 0.12714456795011256 0.11434802943710329 0.1347625671893919 0.10527675470693634 0.18274038589924418 0.09140417600671799 0.16171508062727027
0.10301514213728478 0.08268111410431722 0.2217268998994275 0.13333548892054575 0.0977511486775788 0.09282914649556724 0.14865911973678758 0.12000194002849118
0.0814600556650941 0.12734248062785755 0.12950333604962047 0.13765774415717508 0.09656711553957509 0.16891211371763568 0.0933678612544318 0.1651892929886101
0.10242861623524918 0.08246301220569448 0.22848701461463689 0.13302456214979597 0.09552283340430828 0.09003939586460678 0.14831245959089193 0.11972210593481637
0.13803829224894568 0.0985490811035924 0.22243427708341423 0.10656448078055979 0.12225842105090017 0.09743597153295243 0.11881144349713157 0.0959080327025038
0.11128234803122547 0.07509357842027727 0.26318716791276725 0.12602657658802158 0.09672807455407126 0.07374810763717579 0.14051022792724197 0.11342391892921942
0.10465949249371707 0.0722672128457016 0.28127494713995455 0.12641650931011952 0.09108481008070726 0.06957719593776811 0.1409449738129243 0.11377485837910759
0.08172796151680317 0.12497642892860722 0.14361123423907748 0.13728626615757666 0.09500874176334097 0.1595299457421026 0.09311590226339983 0.16474351938909199
0.10201934192319095 0.08178539382395765 0.23435213840633692 0.13238903733459767 0.0947384876230604 0.08796157043854767 0.1476038968491708 0.1191501336011379
0.10377288847942755 0.07406748502558662 0.27063572961835924 0.12827499581359028 0.09182733654856026 0.07295702071097328 0.14301704757127154 0.11544749623223124
0.09364971143462314 0.143971602795883 0.16194779635366122 0.15772251842155288 0.08196568905561259 0.13855965598830583 0.08023275937096386 0.14195026657939758
0.10799413356974165 0.06727685743310313 0.2508033171011004 0.13455371486620626 0.09125302312415909 0.08185922184240314 0.1489564934619784 0.11730323860130802
0.08251683955634596 0.12428571024561255 0.13655947786239525 0.1377848384405833 0.0952536333641661 0.16480363006858387 0.09345406433361304 0.16534180612869998
0.10245181384196687 0.08189075237186126 0.23142894820604365 0.132710484320526 0.09501334868438761 0.08910293043684128 0.1479622862498999 0.11943943588847343
0.10398001865346339 0.07415730101405993 0.269493966357115 0.1284148802569926 0.09197878093137091 0.07322865226917735 0.14317300828652757 0.11557339223129334
0.10291328151026415 0.07216407435103989 0.284062115592249 0.12647422426759947 0.09006319828415903 0.06948698247042082 0.14100932168342803 0.11382680184083953
0.1195041870248547 0.08370010472914667 0.21179481342134063 0.09196081392861744 0.1391455000191709 0.1068356777850616 0.13670592637746712 0.11035297671434091
0.08342862984338913 0.12550274964838867 0.12589506613801474 0.1350004845786914 0.10451969032084668 0.1720872519141707 0.09156554606206896 0.16200058149442967
0.10284505338706276 0.08217639524664963 0.22661525382714337 0.13285455958153178 0.09723007003242999 0.0905866448877677 0.14812291941403619 0.11956910362337861
0.10422221241885869 0.07429931200799449 0.26756920752885116 0.12860411380731032 0.09258655484354572 0.07359090739363529 0.1433839895732251 0.1157437024265793
0.08170153714570337 0.12552804483616228 0.14040943213439863 0.13747113979069983 0.09541755950044914 0.16126562402918532 0.09324129481456163 0.1649653677488398
0.10212475514535732 0.08194409288094263 0.23303269863913048 0.1325413740306417 0.09493191574051786 0.08836418603898277 0.14777374089684975 0.11928723662757754
0.12040574495662215 0.08594233891154945 0.1957481975431567 0.09300364096704615 0.14209085420666556 0.11294869544379114 0.1382561588107134 0.11160436916045538
0.10823871018850786 0.07443428878228328 0.2529749690178008 0.12766342841380723 0.10213246607736229 0.07732385638794038 0.14233519555987165 0.11489708557242653
0.10433209047651648 0.07247665091270131 0.27739212686778525 0.12695053382702587 0.09258738547999897 0.07046536069495005 0.14154037129669897 0.11425548044432327
0.10266941658801393 0.07171712113913215 0.2869994531257141 0.12601520218121712 0.08990258852763088 0.06878499016270513 0.1404975463124913 0.11341368196309541
0.10195630726898341 0.07139140980035855 0.2906958883877729 0.12558501586314394 0.0890500275604277 0.06827691617118777 0.1400179206712963 0.11302651427682955
0.11909759042230394 0.08348065675090138 0.2138797825609188 0.09182637207493884 0.13864055727815972 0.10637732489055357 0.13650606953229713 0.11019164648992659
0.10726719382576773 0.07366179170715967 0.26023804259552874 0.1268204489221724 0.10077661093554324 0.07570217164825706 0.14139533633561607 0.11413840402995513
0.12089216774094816 0.08404710215164134 0.2038792850605675 0.09211745107181324 0.14291641296689953 0.10866786171072151 0.1369387780112328 0.11054094128617588
0.10801837934808996 0.07395412064595755 0.2561569353754568 0.12721230293741176 0.10200574920569525 0.07632921552394721 0.141832224319771 0.11449107264367056
0.1211662822086335 0.08413958385164742 0.20256467226247593 0.09217926852348791 0.1434057725386164 0.10889862458188788 0.13703067380506562 0.1106151222281855
0.10812817075560131 0.07399627010469063 0.25562141210243067 0.12726700286420603 0.10215297432056676 0.07640065661865662 0.14189321065606253 0.11454030257778544
0.10420176341699193 0.07234678904145785 0.2783982383756685 0.12680758092663683 0.09250400261954965 0.07023381330483003 0.1413809894808921 0.11412682283397314
0.13683436756748665 0.09558787291117596 0.23954159625000002 0.10499471897335089 0.11983714931278368 0.09164777168068987 0.1170612762284972 0.09449524707601581
0.08659339954892344 0.12774373090544186 0.13238557276540178 0.13459514192602096 0.1000743574476814 0.16580300909330867 0.09129061800199684 0.16151417031122514
0.10340267995353149 0.0822807603399384 0.22932335549178473 0.13256606564539777 0.09604477210191124 0.08927163718193343 0.14780127020464495 0.11930945908085798
0.08154119212476506 0.12726080261609818 0.13130970069702722 0.13764223693214775 0.09620041768971142 0.16751762231117287 0.09335734331050023 0.1651706843185773
0.07641646089925935 0.13479508746315122 0.10693242977367128 0.13591812468630518 0.09492628629997098 0.1957219158146689 0.09218794543940699 0.16310174962356622
0.10146118645774599 0.0883202594586385 0.21809008422297185 0.13314449848866008 0.09545478298287477 0.0952529600910624 0.14844617965825233 0.11983004863979406
0.10394559356185382 0.07801703597664665 0.26382944865712304 0.12853324847229786 0.09225431700986408 0.07443545268400235 0.14330498001314404 0.11567992362506808
0.11989789557911062 0.08759560647139093 0.20509254150535447 0.0920014733384013 0.14000058322551936 0.10824376255317517 0.1367663693209667 0.11040176800608155
0.1413200312750704 0.10137469708068837 0.21053937403020084 0.10409717153279305 0.13294524933036445 0.0999754445579417 0.11606057781342745 0.09368745437951373
0.11200510672776978 0.07872981613555265 0.25752363136218437 0.1255954051682966 0.09897972156659196 0.07410095041691772 0.1400295039712202 0.11303586465146691
0.10474923291376789 0.07521942729708643 0.27864186431980364 0.12615295223753575 0.09148907231315401 0.06955866655943851 0.14065112734543164 0.11353765701378217
0.11974649129608429 0.08680110389266431 0.20968814918191728 0.09165063491415992 0.1393028952594775 0.10658513911914758 0.13624482443955713 0.10998076189699191
0.08309684800706973 0.13047281509785943 0.12492424330871993 0.13418072720418706 0.10411054194007632 0.1711884150846579 0.09100953671240514 0.16101687264502443
0.10236047861601523 0.0869840098794207 0.2253939296395721 0.1321036357462905 0.09679790255463255 0.09018107601557308 0.1472856953768343 0.11889327217166146
0.12019462910344814 0.08977892011167571 0.19284333536051962 0.09267085341497017 0.14238430684659972 0.1131614833016726 0.1377614477631497 0.11120502409796419
0.10800604752932857 0.07777763001016332 0.2512978428974586 0.12724600849115694 0.10205511540037171 0.07722614453262253 0.14186980349685707 0.11452140764204123
0.10408637524242167 0.07529226236681236 0.2763530761393369 0.12655888165805038 0.0924033679489734 0.07029933479609492 0.14110370835606512 0.11390299349224534
0.1024062246392837 0.07435935307451988 0.2862454409778654 0.1256123230798212 0.08968021541011298 0.06859698586651833 0.14004836618003944 0.11305109077183909
0.10168143458859169 0.07397067368194267 0.2900634545952694 0.12517454481632992 0.08881236095516286 0.06808016494174021 0.13956027608626634 0.11265709033469692
0.10138080933436182 0.07381347184370124 0.29152709225946605 0.12499891256385984 0.08851382192383303 0.06790241153565754 0.13936445923164673 0.11249902130747387
0.10125995530937057 0.07375168913704555 0.2920870488415984 0.12493090956950001 0.0884063992435383 0.06783753831861151 0.13928864096778582 0.11243781861255
0.11856252511719154 0.08636647183018131 0.21400531474704615 0.09144780201195116 0.13801984188648683 0.10591738228548331 0.13594329970731844 0.10973736241434137
0.12263717734710333 0.0880099427163878 0.1863638728614523 0.0905863701434608 0.15363583361682914 0.11540043576517042 0.13466272337744323 0.10870364417215297
0.10862590612770326 0.07749489449722849 0.24828136667563308 0.12716906377750528 0.10455522863808904 0.07763736700080795 0.14178401588327827 0.11445215739975474
0.10431011566195562 0.07530292616838923 0.27512441111864094 0.12664806640920018 0.09300661422672613 0.07042146394878922 0.14120314269801867 0.11398325976828017
0.10249730120734972 0.07438936147632667 0.28576480957426986 0.12566225892080335 0.08984220393433551 0.06864399094201253 0.14010404091617926 0.11309603302872302
0.1017187793285618 0.07398717796264123 0.2898780869949915 0.1251958446532992 0.08886072293956877 0.06809910411802116 0.139584023814947 0.11267626018796928
0.10139585922814848 0.07382070486769829 0.2914559797330173 0.12500737778259005 0.08852958814277605 0.06790995292264052 0.13937389731879815 0.11250664000433105
0.13516046799475867 0.09844090682293014 0.24363418219622096 0.10421919691357491 0.11800406753597145 0.09054727430769885 0.11619662700662756 0.09379727722221742
0.14454308652305617 0.10236817627342958 0.22361276411646408 0.10266525644315776 0.12519934252645884 0.09474854397077252 0.11446409934781916 0.09239873079884196
0.08749298829411889 0.13410157754704924 0.12794780714655246 0.13339690192509968 0.10062736258608418 0.16587918149395164 0.09047789869702415 0.1600762823101196
0.07681087899818012 0.14250788951802734 0.1052968112818886 0.13434916551385104 0.095066276780885 0.19362619746376078 0.09112378182678592 0.1612189986166212
0.10154497034438079 0.08955907686872157 0.21725968659418377 0.13309746629864888 0.09547665013762555 0.0948806878114005 0.1483937422762548 0.11978771966878399
0.1039909796872222 0.07822909726024968 0.26349365930966834 0.12856565166504685 0.09228169809169964 0.07438872033266077 0.14334110715491044 0.11570908649854215
0.10288375319178626 0.07519041896784803 0.2813904563049468 0.12630194487561752 0.09009701186446138 0.06964742138924507 0.14081724301803925 0.11367175038805578
0.10197236179809901 0.074232950159756 0.2882232046485914 0.12541928017002613 0.08905831541028744 0.06838339791841128 0.13983313774180525 0.11287735215302352
0.11883739856501863 0.08651397885295553 0.21278404604830878 0.09152104658108402 0.1383287886227295 0.106137302753857 0.1360521826787458 0.10982525589730081
0.10697318958794902 0.07674504873700227 0.25934102621294536 0.12635119931584762 0.10051380051477996 0.0754874982040217 0.14087215804319128 0.11371607938426284
0.10355734601995269 0.07492059354280138 0.2794758302203998 0.12617953727213763 0.09182100250541818 0.06980333921931162 0.1406807676750549 0.11356158354492386
0.08118933715724852 0.12926365549013313 0.14275780731474733 0.13656998359753492 0.09478378284063486 0.15892137745128798 0.0926300758313715 0.16388398031704188
0.10148680024282052 0.08643825737529764 0.23322245874567568 0.1316468668325601 0.09434359311212293 0.0876034114169618 0.14677643212525732 0.1184821801493041
0.10340303719739183 0.07730508795776446 0.2697450825615127 0.12779966320931793 0.09152689795754475 0.072713447037992 0.14248708719009026 0.11501969688838615
0.08119341765786499 0.12997447573904455 0.1404718341483545 0.13669189368472265 0.09476032500020996 0.16016501867501987 0.09271276267311623 0.16403027242166715
0.10156754204254907 0.08661893587241938 0.23227739243907314 0.13175507791147978 0.0944121265081334 0.08789227570321434 0.14689707940279909 0.1185795701203318
0.0808105105389847 0.13243732465059926 0.13150704850409986 0.13679333651396175 0.09537002530862453 0.16614818329228878 0.0927815673746871 0.16415200381675407
0.101767904308947 0.08726327591658302 0.2285255869576558 0.13214497911467393 0.09482063513968901 0.08921534721198879 0.14733179014725586 0.11893048120320655
0.13730983702018926 0.10276118086553318 0.2218425167070946 0.10601324231347203 0.12159763472549044 0.09686681654256774 0.11819685374352777 0.09541191808212483
0.12752440642337312 0.09069270426143015 0.18873583030794228 0.0902183930905574 0.1477956116746234 0.11265528175997906 0.13411570077342563 0.10826207170866887
0.10970890868747213 0.07784064149515961 0.24920052132799836 0.12703379390289718 0.10317636059747562 0.0770761594085326 0.14163320006785698 0.11433041451260745
0.10453148125960647 0.07532918998987045 0.2754723758913872 0.12659977045503037 0.09267880081451517 0.0702992918667679 0.14114929631329506 0.11393979340952734
0.10253651128615783 0.07438352896764766 0.2858960334317395 0.12564455100320548 0.08976099861970019 0.06861398287912047 0.14008429790954402 0.11308009590288494
0.08098327631304461 0.1290901054530663 0.14425966462831427 0.13652439615773682 0.09430169839976432 0.15841242800397673 0.09259915565481282 0.16382927538928418
0.1013895422994603 0.08637107641731899 0.23385431337752957 0.1315847296761768 0.09419389217762371 0.08747303551034039 0.14670715383299113 0.11842625670855912
0.1370260990867803 0.1024507464975555 0.22371381633862386 0.1058691949367848 0.12127281312479977 0.09634880290402373 0.11803625166832575 0.09528227544310632
0.11068445856585467 0.07871511125112553 0.2631702314800494 0.1253579254148415 0.09619764254556322 0.07328776610072095 0.13976473176848742 0.11282213287335734
0.10426690767840646 0.07509389346837367 0.28088557021022714 0.12594065220322703 0.09074701812105115 0.06930494268534651 0.14041442865046355 0.11334658698290435
0.10228499796488447 0.07420541367384148 0.28797243751526763 0.12538955283230957 0.08918353215480225 0.06831347433110659 0.13979999397870932 0.11285059754907861
0.08092657742934237 0.12902411292312543 0.14474015579917343 0.13649850916842293 0.0941598831670077 0.15827095298789032 0.09258159752293034 0.1637982110021075
0.10136003258086371 0.08634739759132168 0.2340551204999749 0.1315636484549303 0.09414815079722089 0.08743471662172443 0.14668364984452673 0.11840728360943725
0.10334410835815509 0.07726910044709606 0.27007296530060904 0.1277612114822948 0.09145946727059225 0.07266384042319614 0.14244421638399132 0.1149850903340653
0.10249428643946326 0.0748642586182307 0.28391539632246127 0.12598187134639785 0.08971313889942113 0.06918697924322405 0.14046038491904358 0.11338368421175808
0.11907219969936465 0.08669813481609935 0.21142653333510064 0.09160593579132834 0.1386537669595333 0.1064379302576916 0.1361783761912881 0.109927122949594
0.10707666421225158 0.07680841066658584 0.2587936831216219 0.1264109474588061 0.10062819271610875 0.07557347634792695 0.14093877276377334 0.11376985271292547
0.10360082107886498 0.07494451398182866 0.2792628889933249 0.12620482257370622 0.09186244153324996 0.0698312126233486 0.1407089588993411 0.1135843403163356
0.10218980468335717 0.07422943778360702 0.28736235103441554 0.12547452673551485 0.08947546226439576 0.06844660989729912 0.13989473353944712 0.11292707406196335
