0.125 0.125 0.125 0.125 0.125 0.125 0.125 0.125
0.11178451178451179 0.09023569023569024 0.13973063973063973 0.1127946127946128 0.13414141414141414 0.10828282828282829 0.16767676767676767 0.13535353535353534
0.099626400996264 0.07845579078455792 0.199252801992528 0.15691158156911583 0.08685378548392246 0.06839735606858895 0.17370757096784492 0.1367947121371779
0.0745303753200788 0.12421729220013136 0.1056354961590544 0.1490607506401576 0.0931629691500985 0.15527161525016417 0.11179556298011822 0.186325938300197
0.07450967669499871 0.12418279449166453 0.09799683982351215 0.14901935338999742 0.1010241357052516 0.15522849311458065 0.11176451504249807 0.18627419173749676
0.09337943973746307 0.1556323995624385 0.09159313605937859 0.14006915960619462 0.13569200011311439 0.1945404994530481 0.10505186970464597 0.08404149576371678
0.10997788830446395 0.08877733152288055 0.13747236038057992 0.11097166440360068 0.14813512782000152 0.10653279782745664 0.1649668324566959 0.1331659972843208
0.10629174681000877 0.08370475061288193 0.14406078225031144 0.1004457007354583 0.16537561140528237 0.1151266620517211 0.15943762021501318 0.1255571259193229
0.07124457151512227 0.11874095252520378 0.09726383777732163 0.14248914303024454 0.120526607614058 0.16475660147756052 0.10686685727268341 0.1781114287878057
0.07174296877212641 0.12692986782760826 0.089678710965158 0.15866233478451033 0.10266102135786499 0.15231584139312992 0.10761445315818961 0.19039480174141238
0.0947603187783964 0.07649326937533203 0.1895206375567928 0.15298653875066406 0.09946046025336287 0.07852231660874065 0.1705685738011135 0.13768788487559766
0.08114500659530391 0.14356424243784538 0.11940226954308286 0.17945530304730672 0.08494270055625405 0.13869257265791388 0.09128813241971691 0.16150977274257602
0.09944556553463221 0.0745868676428828 0.2055359129662653 0.1491737352857656 0.09480536612102222 0.07587860821691907 0.16631758247532374 0.13425636175718905
0.10574628637092734 0.08327520051710528 0.1515900096323161 0.09993024062052634 0.1587129507108793 0.11721308181619665 0.15861942955639102 0.12491280077565792
0.0930578580551284 0.14056331073071932 0.1162057748560189 0.16867597287686317 0.09903697144767466 0.14717875499509914 0.08823050888943612 0.1470508481490602
0.06926435282900299 0.09964876220917283 0.05988060082700203 0.08968388598825555 0.14528426225994148 0.2492497007242074 0.10762066318590664 0.1793677719765111
0.07495897749006009 0.11129961332384027 0.08497272213344212 0.1335595359886083 0.11080866561003956 0.21728141347679297 0.10016965199145625 0.16694941998576038
0.0760568749516594 0.11201601297069536 0.08751199279237422 0.13441921556483444 0.10484931598153384 0.21630815660923386 0.10081441167362583 0.168024019456043
0.07340334464085684 0.12106673434116239 0.09808691521695513 0.151333417926453 0.09655043312862265 0.17531551759713393 0.10264353563707247 0.18160010151174358
0.07229258135573254 0.1194297206183232 0.09841193794412718 0.14928715077290403 0.09426444471749297 0.18591395096579177 0.1012556326981436 0.17914458092748478
0.0960220330909186 0.07238991246375455 0.20965859831862946 0.1447798249275091 0.09377164786870651 0.0916574405660978 0.1614187003296258 0.13030184243475817
0.10633947179962376 0.07188523350616495 0.22004630441712872 0.1437704670123299 0.09591852384407248 0.07754182660263047 0.15915981696114662 0.12533835585690298
0.07375502515695102 0.11803166672151187 0.12411668189314938 0.14753958340188986 0.09342669936087927 0.1660125172498951 0.10007032613345573 0.17704750008226783
0.09437882359450803 0.07099392729283026 0.22429262976352674 0.14198785458566052 0.09201472344032612 0.09023711044159359 0.1583058617544603 0.12778906912709445
0.12388348782336797 0.09133495811990691 0.2213287405759224 0.11416869764988365 0.11835923143751563 0.10088347868095136 0.12728957782755684 0.10275182788489527
0.11776521417385596 0.07767796511630812 0.18896258642131655 0.09709745639538514 0.14016577899574995 0.11747216082022992 0.14434189040269194 0.11651694767446218
0.08139029299660511 0.1120279464386721 0.10795102549477505 0.1344335357264065 0.11089823317502229 0.184431894715706 0.10082515179480489 0.16804191965800813
0.07653425453652854 0.11144806029720142 0.0956261355555597 0.1337376723566417 0.10709172874742041 0.20808680379336483 0.10030325426748128 0.1671720904458021
0.07537379739099812 0.1105286925942041 0.09315961246964764 0.1326344311130449 0.10551506116332565 0.21751954304268967 0.0994758233347837 0.16579303889130614
0.11510762709002041 0.07932525102666325 0.15197995254125238 0.09915656378332907 0.14011552195126256 0.14792431523434935 0.147402891833128 0.11898787653999487
0.07956959785172626 0.11865242284117752 0.10078773828277657 0.13154143010891556 0.11219302504564502 0.19417292565192804 0.09865607258168667 0.1644267876361444
0.0897129525325799 0.1343149158375373 0.0832505021565766 0.11709505483272485 0.11444306706980671 0.2412484480588739 0.07942099371263076 0.1405140657992698
0.07593934913680736 0.1111753331138814 0.095572036788001 0.13896916639235177 0.0954609361028522 0.22186283115525443 0.09425734764002991 0.16676299967082212
0.10285409858279738 0.06942966672412189 0.21441770482216652 0.13885933344824378 0.09442006764865768 0.1002279345126261 0.1548177941579673 0.1249734001034194
0.08147343918089708 0.11370633942223782 0.12766235895229805 0.14213292427779728 0.09404066326344065 0.17402156495546628 0.09640320081450598 0.17055950913335674
0.11837871377759147 0.07822297127859684 0.16319209660892683 0.09777871409824604 0.14143731866981576 0.13830110291481884 0.14535462573410904 0.11733445691789525
0.10947226673246845 0.06632780931070645 0.23961765126632198 0.1326556186214129 0.10176474008603217 0.08287074213394248 0.1479011150898439 0.11939005675927158
0.10794663009766661 0.07255728210287386 0.24700476552773926 0.13585892769111207 0.09488975728384365 0.07290010313551636 0.15040141771258642 0.11844111644866182
0.0832330661412494 0.11328374141079899 0.1364092586792413 0.14160467676349872 0.09602504332024321 0.1634736903726577 0.09604491119611218 0.16992561211619847
0.07826524213337888 0.11276905656593848 0.11021556491054042 0.14096132070742312 0.09553765992238973 0.19748902295334342 0.09560854795807829 0.16915358484890772
0.10321125890616593 0.06859032692627809 0.22266808528003573 0.13718065385255618 0.09545728137571152 0.09648361350857945 0.15294619168337234 0.12346258846730057
0.10532032066607436 0.07166897566452607 0.2577811932168088 0.13380489923184333 0.0924585554073697 0.07418810706888357 0.1481275237731436 0.11665042497135059
0.08243682657873481 0.11843648551248179 0.13310343509529407 0.1321712524883733 0.10270779080226176 0.16680170454610782 0.09912843936627999 0.16521406561046664
0.07915296878793696 0.12191136067293747 0.10537135894173713 0.13013692596835977 0.10327038225920195 0.199883151433107 0.09760269447626985 0.16267115746044974
0.07797435304812599 0.12132303107015587 0.09891615102356056 0.1290448692337427 0.10259133534951254 0.21206052180741705 0.09678365192530704 0.16130608654217837
0.07646533192359802 0.11137256419990858 0.10096019039893576 0.13921570524988575 0.09575437076648242 0.21474842586140405 0.0944245652999225 0.1670588462998629
0.11547172294865027 0.08454893192501244 0.14601310178680657 0.09081350943239316 0.15213506027357257 0.15335235917260825 0.14414842767046532 0.11351688679049143
0.1489275440792945 0.09627892507310402 0.18747010237762657 0.10588350764789266 0.1400431770648089 0.11187064925826888 0.1172173955239186 0.09230869897508591
0.11336942595564409 0.14498458677059897 0.10707773965809038 0.11811252522392847 0.13808568232919832 0.21891813101023638 0.08858439391794636 0.07086751513435709
0.08337410272280357 0.12044734787557808 0.09681741647184304 0.12474093378568711 0.10912134485037743 0.21601698672233655 0.09355570033926534 0.1559261672321089
0.07912115232951743 0.11990117803636706 0.09626901978733429 0.12753421027508388 0.10482840630687523 0.21727761271465434 0.09565065770631292 0.15941776284385484
0.07643231763110647 0.11095722342879613 0.10007537072809805 0.13869652928599516 0.09706707221042411 0.21626322301318915 0.09407242855919672 0.16643583514319418
0.10275863335562747 0.06850093925308919 0.21843047404962582 0.13700187850617837 0.0973703985702223 0.09988911509609154 0.15274687051360483 0.12330169065556054
0.10440611286715017 0.06550808746081326 0.2656672960577521 0.1310161749216265 0.09339009814117291 0.07602441541089427 0.14607325771112686 0.11791455742946387
0.10294632467157304 0.06424545511886552 0.2838262590080033 0.12849091023773104 0.09092854237983548 0.07066291332886199 0.14325777604117176 0.11564181921395793
0.11944108542577303 0.07471797189144808 0.21297556764368253 0.0933974648643101 0.1403137387978557 0.1082356090549035 0.13884160448485502 0.11207695783717211
0.10704695482189963 0.06443906884231264 0.26158499029588733 0.12887813768462528 0.10175270040938 0.07661831828284427 0.14368950574688816 0.11599032391616274
0.08233036771688992 0.11188181408504572 0.14032858054953032 0.13985226760630717 0.09851801039040596 0.16440991788693088 0.09485632063732138 0.16782272112756857
0.08007171835900347 0.12075337342484649 0.10658478544805057 0.1296186599998578 0.10384072570949483 0.19989341705903124 0.09721399499989337 0.16202332499982228
0.11664394550018214 0.07710034336812836 0.15633666453503184 0.09637542921016044 0.14899765889070204 0.14562689494611045 0.14326854849749227 0.11565051505219254
0.08286183108904334 0.11010522140913391 0.11410680912875439 0.1376315267614174 0.10783668560270453 0.18895001487445803 0.09335007902078746 0.1651578321137009
0.10353965860578561 0.06798725121842124 0.22434844004784507 0.13597450243684248 0.09952490910562016 0.09464676352617583 0.15160142286615122 0.1223770521931582
0.1042188503043483 0.06524024900461835 0.26822478274026446 0.1304804980092367 0.0939639623063141 0.07496319149720387 0.14547601792970122 0.11743244820831303
0.10271579926039337 0.06410074597665531 0.2849414510664827 0.12820149195331063 0.09129910984363813 0.07042496288911802 0.14293509625242243 0.11538134275797955
0.10176015363270266 0.06366971563475696 0.2912453319466002 0.12733943126951391 0.09018435738877534 0.0692215590622126 0.14197396292287595 0.11460548814256254
0.10131740559777214 0.06350929377794981 0.29361919413291604 0.12701858755589962 0.0897450959858471 0.06885744802354878 0.14161624612575674 0.11431672880030964
0.10113324788885264 0.06344947153308947 0.2945138062468616 0.12689894306617894 0.08957651736615606 0.06873611369088885 0.14148285144841144 0.11420904875956103
0.1186158911337581 0.07444529710811255 0.21629468740938418 0.09305662138514069 0.14008295427868456 0.1075016852621539 0.1383349177605972 0.11166794566216881
0.10668034679579096 0.06430728780782066 0.2629237544497734 0.12861457561564132 0.10185037653299853 0.07647488703511565 0.14339565370878218 0.1157531180540772
0.0822176396824547 0.11179233406889746 0.14062839023138418 0.13974041758612182 0.09871880703474965 0.16443345314767643 0.09478045714536959 0.16768850110334618
0.08002295190793778 0.12069528341525633 0.10661411710113908 0.12955942427699513 0.10414092971265973 0.1998484450320217 0.09716956820774635 0.1619492803462439
0.07676431871385024 0.11120310926075315 0.10292507061057479 0.13900388657594145 0.09823569524389517 0.2107823587219126 0.0942808969819429 0.16680466389112975
0.1026167591604356 0.06833538750557838 0.21995443984685212 0.13667077501115676 0.09791262310648703 0.09912860303357737 0.15237771482587176 0.12300369751004107
0.08162287772796831 0.11222837247968609 0.13053436710095936 0.14028546559960764 0.09798955767190606 0.17384665881539213 0.09515014188495126 0.16834255871952913
0.14180127630960707 0.10123686249179081 0.18550234980325 0.10862836279026616 0.12884147656510495 0.11903195942855495 0.12025606299939925 0.0947016496120269
0.08761736358235485 0.11039321844583852 0.12135947163247292 0.13799152305729814 0.10375153331171988 0.17970281188008633 0.09359425042147179 0.16558982766875777
0.10766771539981645 0.07546560545687007 0.2268163726582201 0.13514349577952642 0.09751047951230321 0.08996951943906864 0.1496094051771721 0.11781740657702305
0.08262245487844311 0.11234909088135098 0.13231803963058952 0.1404363636016887 0.0980227347002632 0.1704751898905797 0.09525249009505844 0.16852363632202644
0.10595228509958707 0.07527855861452397 0.23409545683715813 0.13457296848103376 0.0958297543844949 0.08797314477417233 0.14897780800505162 0.11732002380397817
0.08230461394159937 0.11231231439521146 0.13401310107445466 0.14039039299401435 0.09763033133029608 0.16965946464088424 0.09522131003072279 0.1684684715928172
0.1181467478985003 0.08399307906651152 0.15842720238110392 0.09008202137412306 0.15320030458302308 0.14056078246460316 0.14298733551448103 0.11260252671765382
0.0831076124541801 0.11003074380455764 0.11460208189231082 0.13753842975569705 0.10880552801330153 0.18758255340838276 0.09328693496473366 0.16504611570683644
0.10354426300226456 0.06794492192558142 0.2245210538516176 0.13588984385116284 0.09974056439884516 0.09455145864355845 0.15150703486092335 0.12230085946604656
0.09440899926299297 0.1295170022108629 0.15193494653807105 0.16189625276357864 0.08520052787072921 0.1489797239824632 0.08235591988408131 0.14570662748722077
0.10805615278060697 0.0758057231209119 0.24326000468240977 0.13331256601173203 0.09221189626578219 0.08354995508359539 0.14758249066011844 0.11622121139484329
0.07281392176753 0.09888512944492486 0.08364672827997495 0.08620754874685757 0.14213183757433992 0.2464477250657751 0.09745201162688247 0.17241509749371514
0.10118546089900954 0.06775541193824743 0.20954248041348678 0.13551082387649485 0.10738505479046621 0.10557657071920874 0.15108445587424127 0.12195974148884536
0.1040913072756185 0.0654812326174436 0.26227968118813805 0.1309624652348872 0.09606318514358486 0.07724253441033115 0.1460133754185981 0.11786621871139849
0.12003989671403538 0.07493932322734967 0.20613699990444123 0.09367415403418708 0.1430599511677581 0.11048776859172606 0.1392529215194781 0.11240898484102449
0.10800098783585914 0.06446699540485495 0.25873237524231646 0.1289339908097099 0.10277669100390832 0.07729659016139845 0.14375177781321385 0.1160405917287389
0.10427753242191201 0.06410131452649587 0.2808871910412575 0.12820262905299173 0.09327467443251898 0.07093792834342265 0.14293636403370866 0.11538236614769255
0.08226594710868768 0.11172996970553027 0.144874000988641 0.13966246213191283 0.09678784459476124 0.1623572379009611 0.09472758301121045 0.1675949545582954
0.11805160428377695 0.08377658326184662 0.1623172619337314 0.08988357432071008 0.1526255995094359 0.1383185685980081 0.1426723401916033 0.1123544679008876
0.0989116301890054 0.1300683726844168 0.09527728605512925 0.11339294028897874 0.12857095449927786 0.22079729365345815 0.0769099942829595 0.1360715283467745
0.07943151004096118 0.10923707156253715 0.09899836099243302 0.13654633945317143 0.1023495317282279 0.21696753994540804 0.09261403893345542 0.16385560734380572
0.10383990521425038 0.06819306271802107 0.21778557266394657 0.13638612543604214 0.09874034851914743 0.10024712076402985 0.1520603517921246 0.12274751289243793
0.10533760210210175 0.06530269660215997 0.2655164515186606 0.13060539320431994 0.09396269988503922 0.07611503605214845 0.14561526675168204 0.11754485388388794
0.10387451036121066 0.06406777472968485 0.28373137636773904 0.1281355494593697 0.09133020479180894 0.0706770144839942 0.14286157529275995 0.11532199451343274
0.13765189057257193 0.08511585661314207 0.24306963494608985 0.10639482076642758 0.12067723812935312 0.09271293504006127 0.11862228524256926 0.09575533868978481
0.11118856081894152 0.06346771219236515 0.2729046985435812 0.1269354243847303 0.09659288392197128 0.07314531279604346 0.14152352539610974 0.11424188194625727
0.12255398589223973 0.07440789505002393 0.208945972481999 0.09300986881252991 0.14244891977285923 0.10875609849399907 0.1382654169213131 0.11161184257503588
0.10892322291899192 0.06431193663796324 0.25965325141638185 0.12862387327592648 0.10247329054799865 0.07684691934825892 0.14340601990614488 0.11576148594833384
0.12219006112006374 0.07460347240766524 0.20473585259974247 0.09325434050958155 0.14469757969773087 0.10998464453499704 0.1386288405187212 0.11190520861149784
0.1251015675830074 0.07387089384949413 0.1849334189033746 0.09233861731186767 0.1576696658428817 0.11801193925361061 0.13726755648152267 0.1108063407742412
0.11028628923534932 0.06468136299502836 0.2496633979016686 0.12936272599005672 0.10641200930965185 0.07893797563305614 0.14422978554413787 0.11642645339105104
0.10558252316914958 0.06423509001619102 0.27722191322655376 0.12847018003238203 0.09426022040142155 0.07137224771592021 0.14323466340923788 0.11562316202914383
0.10364642853932211 0.0637089048404744 0.28802982644839553 0.1274178096809488 0.09094686192685371 0.06951279084866087 0.14206134900249065 0.11467602871285393
0.10282883565706666 0.06346344391520908 0.29216184146422847 0.12692688783041817 0.08992548625239084 0.06894529805820246 0.141514007775108 0.11423419904737638
0.10249383271340765 0.06336484009501418 0.2937284770113959 0.12672968019002837 0.08958301640088936 0.06874930544517746 0.14129413597306148 0.11405671217102555
0.12009705262087232 0.07429987982231326 0.21582463943788174 0.09287484977789157 0.13995167920794224 0.10743737734174846 0.1380647020578806 0.11144981973346987
0.1244085869818586 0.07378844659403029 0.18859163387180222 0.09223555824253786 0.15595934274574877 0.11721940941989081 0.13711435225308613 0.11068266989104542
0.11000092415231572 0.06460871048654164 0.2511659517626233 0.12921742097308328 0.10592955180638931 0.07871398064940133 0.14406778129387043 0.11629567887577492
0.10546341360293252 0.06420049896307614 0.2778057636978218 0.12840099792615228 0.09411293354583572 0.0712979636070092 0.14315753052363545 0.11556089813353705
0.10359789599501804 0.06369479796137406 0.2882523280408169 0.12738959592274812 0.0908989889453618 0.06948586403660653 0.14202989276760125 0.11465063633047332
0.08249364545405208 0.11159913351535805 0.14656010626732566 0.13949891689419755 0.09619067455324488 0.16164216636672046 0.09461665667606443 0.16739870027303705
0.10524590173555244 0.07463747537653133 0.24189375679890504 0.13347606478580623 0.09478092078641 0.08583864120519959 0.14776349052396942 0.11636374878762593
0.08298739298642539 0.1120895453076413 0.1357506667297659 0.14011193163455163 0.09729864561080592 0.16859505918243464 0.09503244058691329 0.16813431796146194
0.08016336801988368 0.12023710647619676 0.10816190451962128 0.1289597233400318 0.10365208316111009 0.2009063678030928 0.09671979250502387 0.16119965417503976
0.117401227864867 0.07685886847908525 0.15654052951697753 0.09607358559885656 0.14877445004532863 0.1462431980800466 0.14281983769621065 0.11528830271862789
0.10974198927673402 0.06557125013490658 0.23870194552692528 0.13114250026981317 0.10571266281069062 0.0848873006910083 0.1462141010470902 0.11802825024283187
0.08368334641379008 0.11178460211776485 0.13486969201803023 0.13973075264720605 0.09958055018155745 0.16790025164950786 0.0947739017954963 0.16767690317664727
0.14202449903942527 0.1004544866810548 0.19097057973628134 0.10776709738711095 0.1285767024131852 0.1169532250986066 0.11930260679403411 0.09395080285030186
0.13094548770361777 0.07408554874095302 0.18064160158867712 0.09260693592619128 0.15273871794529195 0.12018695486072523 0.1376664301231142 0.11112832311142952
0.11188119302221451 0.06477034747911145 0.24789567855947245 0.1295406949582229 0.10547599056153902 0.07942126229466209 0.14442820766237688 0.11658662546240062
0.10605135925625246 0.06427148715556245 0.2765225801979549 0.1285429743111249 0.09411348481725319 0.07149361378421232 0.1433158235976273 0.11568867688001241
0.13878349788176791 0.08518853608780173 0.24043413270599442 0.10648567010975216 0.12157094982606048 0.09297653480927177 0.11872357548057444 0.09583710309877694
0.12917175578732934 0.07345960242767618 0.19651965326035178 0.09182450303459523 0.14937749550063273 0.1129542952696067 0.1365032910782938 0.11018940364151426
0.12691302527088236 0.07372777030848791 0.18191793157062508 0.0921597128856099 0.15903826962116982 0.11865003184457161 0.13700160303592157 0.11059165546273188
0.08581806098607436 0.10980143293987565 0.12016984246167822 0.13725179117484457 0.11021987209227971 0.1789443317038004 0.09309251923163371 0.16470214940981348
0.10487864898443168 0.06771253827654376 0.22658413265150684 0.13542507655308753 0.09977088768252626 0.09275729294642913 0.15098885400769607 0.12188256889777876
0.10549118867119182 0.06504667050583003 0.2688308872150898 0.13009334101166006 0.09385637729221227 0.07455316162380535 0.14504436676971652 0.11708400691049407
0.08298835629952946 0.11181482164028024 0.14205511209788663 0.1397685270503503 0.09697312798708581 0.16387829976942686 0.09479952269502022 0.16772223246042037
0.10553731513330344 0.07472854679782984 0.2403428618996358 0.13360974942782908 0.09507848497618071 0.08631126247417323 0.1479114849180688 0.11648029437297919
0.1222492531734235 0.07524659129946666 0.19919322164642594 0.09405823912433332 0.143255546689886 0.11330337131452427 0.1398238898027403 0.11286988694919999
0.1093878539664589 0.06456330793239773 0.2558221045273575 0.12912661586479546 0.10300600389075126 0.07791361916529309 0.14396654037463014 0.11621395427831589
0.10523946778633628 0.06411065256899075 0.27964175484141535 0.1282213051379815 0.09336638652368695 0.07106407204267123 0.1429571864747346 0.11539917462418335
0.10353711884448019 0.06364798682054865 0.2889455205434619 0.1272959736410973 0.09068237490537603 0.06939913805775033 0.141925510910298 0.11456637627698757
0.1028229295402888 0.06343560865582556 0.29249733376657155 0.12687121731165113 0.0898379297487549 0.06889894609522301 0.14145193930119906 0.114184095580486
0.08236616156729348 0.11153979121883288 0.14753204237387496 0.1394247390235411 0.09591736547682864 0.16134386878236925 0.09456634472901049 0.16730968682824932
0.11803665066613783 0.08367599852607896 0.16350788690088827 0.08978223061017478 0.15232905381914258 0.13792891405585156 0.14251147715900758 0.11222778826271847
0.08409497671502981 0.10987047582065196 0.11572147778107947 0.13733809477581496 0.10859197603445635 0.18642622955491508 0.0931510555870745 0.1648057137309779
0.10462654510014356 0.06782392396485634 0.22476944165653823 0.13564784792971268 0.09957331923635936 0.09423863150774477 0.15123722746790355 0.12208306313674143
0.10550404337138242 0.06509596463950308 0.2681408488911792 0.13019192927900616 0.0938792721686345 0.07486091996871513 0.14515428533047403 0.11717273635110555
0.1215434868979298 0.07471826673316731 0.20780322175894164 0.09339783341645914 0.14202943554338388 0.1095882031879893 0.13884215236237807 0.11207740009975097
0.10890004959369629 0.0643532230369165 0.2592315762566852 0.128706446073833 0.10244059675013718 0.07703422440862052 0.14349808241366158 0.11583580146644971
0.08353804018200967 0.11164085396803174 0.13969646046845652 0.13955106746003965 0.09879423114434266 0.16466603746087155 0.09465202836420082 0.16746128095204757
0.1057363752359225 0.07473603306996002 0.2394563758565358 0.133638568358574 0.09550581227640897 0.08647802797452098 0.14794338865906437 0.11650541856901322
0.0824779276614177 0.11984181445567216 0.13435449854458548 0.13868657752207572 0.09668138715906902 0.1674682229635421 0.094065678667147 0.16642389302649083
0.10570285542289411 0.07548881974463735 0.23738364522204977 0.13395667135501646 0.09525156501408401 0.08713816235890473 0.14829554175239915 0.11678273913001436
0.08248346703725308 0.11995907391027967 0.13387675388474066 0.13872412695711814 0.0966392105138314 0.16775726836862465 0.09409114697961057 0.16646895234854175
0.11830245452877913 0.084495405885256 0.1592750233081135 0.08995386376091671 0.15283639903590973 0.13991061304826524 0.1427839107316138 0.11244232970114587
0.07181144073901544 0.1021160159485738 0.06833495024576168 0.08150761518457104 0.15470345545698083 0.2663722488038313 0.09213904325212378 0.1630152303691421
0.1012034073967926 0.07456185101790891 0.20066047359481076 0.1341843399215057 0.10988057418972837 0.1091379226941302 0.14960552525576826 0.12076590592935513
0.10500029741280713 0.07034699887412546 0.2577613252623613 0.1302994916150244 0.09637828919654834 0.07766984587751713 0.14527420930809437 0.11726954245352196
0.1039026616037223 0.06866226908345266 0.28006338863076313 0.12766419698723175 0.09168061097067347 0.07079304297376424 0.14233605246188374 0.11489777728850856
0.10283712666811137 0.06797482020621361 0.28856484130448784 0.12656983794325175 0.08996893575741478 0.06905566017516264 0.14111592379643143 0.11391285414892657
0.08183370209064833 0.11873413898980253 0.14590938332036094 0.1382598843246174 0.09530293016818245 0.16027183054884625 0.09377626936800136 0.16591186118954082
0.08006643058603574 0.12106740632581657 0.11071660884924213 0.12902540460916423 0.10329847488661373 0.19777486552479914 0.09676905345687316 0.16128175576145526
0.07639474258976044 0.12334671485104991 0.10250055350532175 0.13657344869684107 0.09677272443915996 0.20789125140901757 0.09263242607264005 0.16388813843620928
0.10263497360492904 0.07645747470864737 0.2181839259785335 0.13520257432605187 0.09690794861465517 0.09819000524454123 0.15074078062919513 0.12168231689344668
0.10489710706850783 0.07019657203992416 0.26497412349653876 0.12979268477224162 0.09317830369302914 0.07543863513494332 0.14470915749979774 0.11681341629501744
0.10364357899558717 0.06848853766005411 0.28286429124124424 0.12735487595202238 0.09079113940758418 0.07024700579540308 0.14199118259128465 0.11461938835682016
0.10268073027033536 0.0678940842591544 0.2896335177975098 0.12643814506597276 0.08969477773957321 0.06889531824198689 0.140969096066092 0.1137943305593755
0.08179993524649601 0.11871255967691835 0.14615560494032911 0.13824437285574587 0.09523390931407055 0.16019462199390863 0.09376574854563634 0.16589324742689504
0.10511223413628515 0.07509291589582633 0.24236176764357564 0.1333836186499677 0.09456053571410866 0.08554462438834295 0.1476611488514091 0.11628315472048467
0.0823624127086695 0.11987982910631863 0.13503791469519136 0.13867935072987606 0.09646866645193888 0.16709582841536882 0.0940607770167855 0.16641522087585123
0.14175492515865057 0.1012528965396781 0.19136768871823365 0.10780038057774934 0.1277142611191846 0.11679057626704209 0.11933945265424427 0.09397981896521736
0.08792658765146343 0.12067415634938042 0.12152145597201575 0.13576333226986573 0.10235964294039777 0.1767558702926074 0.09208295580043067 0.16291599872383886
0.10732370467402551 0.07569741773825316 0.23158999471374844 0.13417601282999506 0.09673152118633037 0.08896902717289532 0.1485383617816795 0.11697395990307263
0.0827826629807365 0.11998205334252972 0.13250816491635165 0.13872502530017414 0.09696556517959964 0.16847474162984657 0.0940917562905529 0.16647003036020894
0.11840223540393506 0.08449688969468594 0.15884075881199308 0.08995283492148243 0.15297428516278955 0.1401096747001142 0.14278227765314672 0.11244104365185302
0.0834295315265415 0.11860821621054175 0.11370337291124848 0.1357419203297058 0.10784403205247062 0.18571418965456618 0.09206843291927871 0.16289030439564695
0.1038234311709555 0.0757023733741343 0.22256741164949687 0.1344354558202158 0.0988560632509376 0.09373785375322817 0.14988550074283763 0.12099191023819422
0.1049807249901067 0.06999907245300087 0.2666041308951807 0.1295140271980822 0.09341801768184256 0.07452292720356178 0.14439847509995132 0.11656262447827398
0.08233498838956377 0.11919351101548709 0.14080871529696357 0.1385495598101473 0.09620152009126888 0.16267948870968382 0.09397274491470861 0.16625947177217676
0.10543577913764252 0.07526503113521597 0.24015463839774645 0.1336347420880578 0.09494812589962051 0.08612044767540149 0.14793915282031633 0.11650208284599912
0.0725895388978773 0.10560033252279342 0.0826218952195759 0.08518662250547974 0.14172657808499997 0.2456038666651632 0.096297921093151 0.1703732450109595
0.06671711086187701 0.10794415050147234 0.13674311209159465 0.19372976330177588 0.07030449112214535 0.15165509686124176 0.0985494882882947 0.17435678697159832
0.11593060624785856 0.08514440769669714 0.16269738939503833 0.09188285741926384 0.14617822867560798 0.13746713336405136 0.1458458054274029 0.11485357177407979
0.08311495369844585 0.11895388748028707 0.11477753979295541 0.13608369772764659 0.10649606410027432 0.18497317277281095 0.0923002471544038 0.16330043727317592
0.10313976429479621 0.08164995936560408 0.22193597961380093 0.13334305636210164 0.0980285834662326 0.09322634930218507 0.14866755686938793 0.12000875072589148
0.10445537585467739 0.0743553088574668 0.26572984539854444 0.1288201574124198 0.09291053778390715 0.07416577095154148 0.14362486207026506 0.11593814167117783
0.08174832085640237 0.1255490590843595 0.1399777551898368 0.13748547503677885 0.09550168571241062 0.16150411622504462 0.09325101785103262 0.16498257004413464
0.10533578722074527 0.07575116131677026 0.23983926440141998 0.13370342372729957 0.09483999471013603 0.08595322325849634 0.1480151862182559 0.11656195914687656
0.12109704463545307 0.08491987230473172 0.19782935349044903 0.09282336867467537 0.14183746574337497 0.11211668080144176 0.1379881719402637 0.11138804240961044
0.09658110964060568 0.1450919253493164 0.1414315895727956 0.15578583322717612 0.09095308841208838 0.1507016278606045 0.07924757603295482 0.1402072499044585
0.10874411296705704 0.07690332789789497 0.23995502432778956 0.13324690957032842 0.09358571910640646 0.08389112740405347 0.1475098062805426 0.11616397244592735
0.09835427535039007 0.1502798927020517 0.11122505174102071 0.11434185517166374 0.11397380519687175 0.1970612875155729 0.07755360611643279 0.1372102262059965
0.07814157538553271 0.13710523300473007 0.10062800375003124 0.13292122139497892 0.09720783043750947 0.2043354071462138 0.09015526320702918 0.15950546567397472
0.10237833804555016 0.08432196039289723 0.21593453516170036 0.13393211943515243 0.09640551728514136 0.0971643039520125 0.14932431823590878 0.1205389074916372
0.10451738155919954 0.07486278917485491 0.263430658894315 0.12915248213821817 0.09277852976090156 0.07502554520893688 0.14399537933917755 0.11623723392439635
0.10325930031922073 0.07241057044691082 0.28174192142527277 0.12677169964056845 0.09043324757616225 0.06994774639071968 0.14134098452463376 0.1140945296765116
0.10228887856372652 0.07161837835929352 0.28870775239682694 0.12585222828798753 0.08933980801163188 0.06861010633757361 0.14031584258377114 0.11326700545918877
0.10181019066925498 0.07133850136927693 0.2913535613961944 0.12550959556573546 0.08888719325030028 0.06820848907200971 0.13993383266806622 0.11295863600916192
0.10160416506889801 0.07123593529887629 0.29235934079636317 0.12538163812540057 0.08870890430969515 0.06807537241675085 0.13979116967115554 0.1128434743128605
0.10152056526536189 0.07119767995003995 0.29274204873847215 0.12533351306682655 0.08864014428897836 0.06802837310790931 0.13973751382226782 0.11280016176014389
0.1189356218978081 0.08342128742486048 0.2145261235860438 0.09178740406104681 0.138464771706533 0.10627176548805967 0.13644814096239197 0.11014488487325615
0.10720544182627251 0.07363856886867969 0.26049809606220314 0.12679176987595786 0.1007222697824519 0.07566789935675852 0.14136336133931418 0.11411259288836206
0.12086929008563797 0.08403970550231621 0.20396160297263788 0.09211245739754867 0.14289698452345792 0.1086536560623004 0.1369313545790425 0.1105349488770584
0.09650423964110537 0.14481618379480315 0.14306292510143415 0.1556927949961047 0.09113584817005523 0.14946424491068042 0.07920024788932283 0.14012351549649418
0.12201578729460189 0.08628117670580487 0.1621245101615591 0.08971828873303109 0.15065257388915476 0.1346498201836371 0.14240998211592235 0.11214786091628885
0.08362377748922666 0.12566749301390687 0.11387428217308193 0.1346443374169107 0.10675354161103802 0.18253937801711642 0.09132398537842641 0.16157320490029287
0.13475693749132775 0.10765158278045227 0.18065123308741027 0.10874004491989057 0.12800038739205372 0.12109673874401139 0.12123703515695261 0.09786604042790151
0.08597321464432364 0.13002443256386492 0.11818052267177746 0.13447578165321264 0.10165377018699967 0.17711167969639605 0.09120966059957032 0.16137093798385516
0.11726585565147747 0.0937744904405564 0.15782298537087694 0.09410435254887593 0.14597281368115525 0.1382418387429137 0.13989244050549318 0.11292522305865112
0.10885258218528172 0.07638709133489015 0.23756466061806628 0.12938615603598932 0.1042929225643536 0.08281313853218651 0.14425590829684182 0.1164475404323904
0.1393469001659944 0.09700632577604724 0.22504688302606363 0.10588293390899359 0.12411494195493959 0.09525580505282515 0.11805156959704209 0.0952946405180942
0.11145169357907782 0.07479587769189103 0.26412935396259746 0.1258233664187862 0.09700925668887328 0.07326575812838407 0.14028366375348253 0.11324102977690757
0.08295689673596178 0.12543104853949874 0.13951821837616601 0.13719806881497962 0.09629527691926949 0.16090672657903218 0.09305608145711661 0.1646376825779755
0.1183882747187204 0.08488248889085437 0.16112409176026035 0.08989868984543105 0.152678728746132 0.13795803064382706 0.1426963330879858 0.11237336230678882
0.08290068207604173 0.12530623983822062 0.11357610477842454 0.13457018013008176 0.10714537080286284 0.18374351882569326 0.0912736873925772 0.16148421615609812
0.07633160135368434 0.13380537270636386 0.10243778105446898 0.13522951314174567 0.09692682083714979 0.20127260796209104 0.09172088717440141 0.1622754157700948
0.07493380691661786 0.13518814174613403 0.0996197686103054 0.13492649859108735 0.0944286793309774 0.20747594223379204 0.091515364261781 0.16191179830930483
0.10173617333626732 0.08420414837061392 0.21574257670377378 0.1341827108243835 0.09592305014788025 0.0978431919410846 0.14960370893405142 0.12076443974194513
0.0811917193595957 0.12762701638117707 0.12803758742445145 0.1376444205443026 0.0961305556004913 0.17083657166763955 0.09335882436917915 0.1651733046531631
0.10564589746196193 0.07622147972543065 0.23483661559477712 0.1342829297864278 0.09537667567650952 0.08791250895000419 0.14865672324749027 0.1170671695573986
0.08198554799361445 0.12602709331501236 0.13265403113269153 0.1376615095150948 0.09608025734445388 0.16702733413165063 0.09337041514936863 0.1651938114181137
0.08004814087703473 0.12181321487231775 0.1076164978254252 0.128949466764624 0.10341221302570548 0.20026153310564482 0.096712100073468 0.16118683345578
0.07558371380725439 0.13269485340019802 0.1007761325176965 0.1348101369418852 0.0958232579622142 0.20710330033208038 0.0914364407084091 0.16177216433026223
0.1018318506747968 0.08383495558615361 0.216182365864099 0.13408440791662452 0.09617452972406548 0.09772181458136037 0.14949410852793804 0.12067596712496206
0.10438876854280232 0.0748054761416099 0.26354974473915915 0.1291579386053223 0.09273050385379095 0.0751239604797257 0.14400146289279964 0.11624214474479008
0.1032265793781855 0.07240175869531994 0.2817911027083433 0.12676833013781236 0.09042066388526857 0.06996284029052312 0.14133722778051613 0.1140914971240311
0.11963708641859482 0.08376956307648394 0.211077700660433 0.09200444448970017 0.13932825515383376 0.10700683067638675 0.1367707861369274 0.11040533338764019
0.10749392925841415 0.07376631568254755 0.25911072362926474 0.12694431086586624 0.10102025390470112 0.07588115372052046 0.14153343315940609 0.11424987977927963
0.10393420802999578 0.0722340977682128 0.2797609036518509 0.12665243164477052 0.09215945530251098 0.0700637055124497 0.1412080096099158 0.11398718848029347
0.1024910112412609 0.07162565211952455 0.28790400851328973 0.12589979327425802 0.08974301327118822 0.06865783363980926 0.14036887399383693 0.11330981394683223
0.0812971001119464 0.1247955462975406 0.14514764007920325 0.13722385002105633 0.09468359929581982 0.1591100763287974 0.09307356784036865 0.16466862002526755
0.11789229091156414 0.08480367311415302 0.16296901012871318 0.0898672494439805 0.15206615979305038 0.13742112711470525 0.14264642768885794 0.11233406180497564
0.08281114230203306 0.12529323423173527 0.11400999300150595 0.13457272781406954 0.10701242565736618 0.18353778822947253 0.09127541538693412 0.16148727337688346
0.11632436299734544 0.09305435570778701 0.15629340596081118 0.09404665360105635 0.14769730114960386 0.13992126911787173 0.1398066671442569 0.11285598432126762
0.10866631318112428 0.07632678830467642 0.23691465419708374 0.12943258412143605 0.10471642480765635 0.08314623753139837 0.1443076721473324 0.11648932570929242
0.08247441613398815 0.12587861819598867 0.13310031037359157 0.13741172366430834 0.09808208108130358 0.16495778697264052 0.09320099518100915 0.16489406839717002
0.11831930616396379 0.08496234601099809 0.15903823069071782 0.08994901337416175 0.15338181390828176 0.13913681142915604 0.14277621170501864 0.11243626671770217
0.08287542887309807 0.12530539007311248 0.11307290563096424 0.13455305177838883 0.10728594778915412 0.18418154381935187 0.09126206990186375 0.1614636621340666
0.1030922223421409 0.0824580246002431 0.2211259123468132 0.1333367478731552 0.09821815771132895 0.09310533866548354 0.1486605233749954 0.12000307308583968
0.10447345646606727 0.07447489656278938 0.26541060754455803 0.12885856728439765 0.09297689063809475 0.07416518473702295 0.143667686211112 0.1159727105559579
0.10317129562713087 0.07230588470140686 0.28248802770058373 0.126664115505757 0.09040641072030571 0.06974552554664863 0.1412210362429858 0.11399770395518133
0.13643286591691706 0.09552525938920414 0.24102241910776687 0.10493095441336157 0.11917712361274896 0.09148333508531768 0.11699018350265834 0.0944378589720254
0.11020547217400908 0.07423335904673507 0.27052239777661835 0.12515484749611108 0.09546448107984254 0.07224176463601238 0.13953831504417158 0.11263936274649998
0.10414074609004592 0.07197097264180888 0.2840943631279441 0.12606172384095501 0.0905897569813711 0.0691374713696822 0.1405494144913334 0.11345555145685951
0.10238210611623932 0.07147797369778554 0.28954781584539213 0.1256848919868212 0.08927090151731888 0.06839063295254956 0.14012927509575435 0.11311640278813906
0.08126865328678191 0.1247484462801298 0.14552812313294394 0.13720171883065682 0.09456729670740403 0.15898514204537126 0.09305855711992378 0.1646420625967882
0.10501716221123268 0.07554375563861124 0.24215911229485693 0.1334293777746114 0.09445556848990584 0.08536017021668314 0.14771180608341186 0.11632304729068685
0.060775608654563086 0.09344134100328297 0.09976557675227353 0.10216874270367399 0.11861908088859893 0.20539706414262796 0.11549510044763146 0.20433748540734797
0.09857301860994812 0.07920739382695488 0.2164846590917207 0.13480881453209492 0.10162611101309643 0.09767030200330719 0.1503017678439924 0.12132793307888545
0.11969247537992482 0.08576765886097534 0.19038845075626704 0.09325905368481588 0.14464447561737176 0.11570117430860243 0.1386358469702636 0.11191086442177904
0.12367175322482273 0.08516210894970952 0.17907913557226854 0.09131988145141343 0.1567038638069601 0.11872626205072993 0.13575313720239965 0.10958385774169611
0.08403848727596962 0.1255412976481765 0.11800181483226056 0.1347001371872912 0.10825986681215961 0.1764563994401869 0.09136183217920621 0.16164016462474942
0.1166343916148586 0.0930637418152875 0.15764076378313718 0.09402359164907488 0.1480726854207327 0.13796413173431998 0.13977238400369937 0.11282830997888985
0.10869129178173946 0.07629192070677952 0.237463872036893 0.12937085862162445 0.10475022371756383 0.08275920755451457 0.14423885282142307 0.11643377275946201
0.08248137669670046 0.12587368606915378 0.13323420559331894 0.13741298918397649 0.0980923394319411 0.1648079624706579 0.09320185353347969 0.16489558702077176
0.080158515109934 0.12181746250937116 0.10777344815055727 0.12896784448408108 0.10391345546398655 0.19943358531390792 0.09672588336306082 0.16120980560510131
0.08874287761246157 0.15575656300714855 0.0825287665198393 0.11036160658705114 0.11260501384317216 0.24271728527551817 0.07485395925034771 0.13243392790446135
