Action: 0
[0.10189817529439262, 0.1002725149277183, 0.18046630355476195, 0.10027251492770387, 0.2162729465122852, 0.10027251492773036, 0.10027251492770387, 0.10027251492770387]
[0.13008369683136042, 0.09874821579806964, 0.27268848935765777, 0.09874821579806964, 0.10339740858170497, 0.09883754203699817, 0.09874821579806964, 0.09874821579806964]
[0.2084699246676484, 0.09906291683391824, 0.18019375823535205, 0.09906291683357053, 0.09906295503337038, 0.11602169472899929, 0.09906291683357053, 0.09906291683357053]
[0.125, 0.125, 0.125, 0.125, 0.125, 0.125, 0.125, 0.125]
[0.2059690925302627, 0.09768276129045363, 0.14421878098688365, 0.09768276128699581, 0.16139832003908897, 0.0976827612923236, 0.09768276128699581, 0.09768276128699581]
[0.15868078834168883, 0.0964590474855285, 0.22259810234355168, 0.09645882735582129, 0.09876407278591723, 0.13412150697584999, 0.09645882735582129, 0.09645882735582129]
[0.125, 0.125, 0.125, 0.125, 0.125, 0.125, 0.125, 0.125]
[0.125, 0.125, 0.125, 0.125, 0.125, 0.125, 0.125, 0.125]

Action: 1
[0.0990937294522959, 0.0990937294522959, 0.0990937294522959, 0.0990937294522959, 0.2619925919099105, 0.1434450313763141, 0.0990937294522959, 0.0990937294522959]
[0.1111111111111111, 0.1111111111111111, 0.1111111111111111, 0.1111111111111111, 0.2222222222222222, 0.1111111111111111, 0.1111111111111111, 0.1111111111111111]
[0.10110690886719143, 0.10110690886717728, 0.10110690886717728, 0.10110690886717728, 0.11099122268902391, 0.2823673241078983, 0.10110690886717728, 0.10110690886717728]
[0.125, 0.125, 0.125, 0.125, 0.125, 0.125, 0.125, 0.125]
[0.10195997849445687, 0.10352811562405517, 0.10195997849445687, 0.10195997849445687, 0.10317745803130801, 0.28349453387235235, 0.10195997849445687, 0.10195997849445687]
[0.10552268275274938, 0.10043603501242925, 0.10043603501242925, 0.10043603501242925, 0.2104844058970284, 0.18181273628807604, 0.10043603501242925, 0.10043603501242925]
[0.125, 0.125, 0.125, 0.125, 0.125, 0.125, 0.125, 0.125]
[0.125, 0.125, 0.125, 0.125, 0.125, 0.125, 0.125, 0.125]

