Action: 0
[0.09839326384529033, 0.09435544895142094, 0.1598881501943094, 0.09410014851727666, 0.20297155035060227, 0.16209114110654718, 0.09410014851727666, 0.09410014851727666]
[0.09653145741550627, 0.09622024024129205, 0.2414666549937328, 0.09622024024129205, 0.18067015328159017, 0.09645077334400251, 0.09622024024129205, 0.09622024024129205]
[0.1928800904593317, 0.09642305286930278, 0.18813373697521182, 0.09642303403437154, 0.09950519933211882, 0.13378881826092026, 0.09642303403437154, 0.09642303403437154]
[0.125, 0.125, 0.125, 0.125, 0.125, 0.125, 0.125, 0.125]
[0.19285024861859476, 0.09619691972602151, 0.17834835647362934, 0.09619201226056334, 0.14783642611708644, 0.09619201228297798, 0.09619201226056334, 0.09619201226056334]
[0.2561814098129181, 0.09604428112299557, 0.16079860074524124, 0.0960438151760235, 0.10239048834988738, 0.0964537744408872, 0.0960438151760235, 0.0960438151760235]
[0.125, 0.125, 0.125, 0.125, 0.125, 0.125, 0.125, 0.125]
[0.125, 0.125, 0.125, 0.125, 0.125, 0.125, 0.125, 0.125]

Action: 1
[0.09698784219706995, 0.09698784219706995, 0.09698784219706995, 0.09698784219706995, 0.1307629528567117, 0.28730999396086854, 0.09698784219706995, 0.09698784219706995]
[0.09787051707615745, 0.09787051707615745, 0.09787051707615745, 0.09787051707615745, 0.26419748710478713, 0.1485794104382682, 0.09787051707615745, 0.09787051707615745]
[0.09808818715713244, 0.096256437381096, 0.0962560338415942, 0.0962560338415942, 0.23532134530334178, 0.18530989479205284, 0.0962560338415942, 0.0962560338415942]
[0.125, 0.125, 0.125, 0.125, 0.125, 0.125, 0.125, 0.125]
[0.09753860829848454, 0.09753317763641021, 0.09753317763641021, 0.09753317763641021, 0.12212042750775955, 0.29267507601170484, 0.09753317763641021, 0.09753317763641021]
[0.1934358551721849, 0.10004800817747782, 0.09671792758609245, 0.09671792758609245, 0.12603086891488863, 0.19361355739107886, 0.09671792758609245, 0.09671792758609245]
[0.125, 0.125, 0.125, 0.125, 0.125, 0.125, 0.125, 0.125]
[0.125, 0.125, 0.125, 0.125, 0.125, 0.125, 0.125, 0.125]

