0.125 0.125 0.125 0.125 0.125 0.125 0.125 0.125
0.13585418317672365 0.10698516925166987 0.16302501981206838 0.12838220310200385 0.11843698020534883 0.0932691219117122 0.14212437624641858 0.11192294629405464
0.07326493705501909 0.10877172100293205 0.0587367293415833 0.09789454890263884 0.13052606520351845 0.2175434420058641 0.1174734586831666 0.19578909780527767
0.08769198837691987 0.1551473640514736 0.07644942576449425 0.13525667635256677 0.10523038605230386 0.18617683686176836 0.0917393109173931 0.1623080116230801
0.142939440488477 0.10418858492058397 0.15876355797422317 0.12502630190470077 0.11534104639152967 0.1063345238106543 0.1384092556698356 0.10899728883999554
0.09061960772008486 0.12217777567043639 0.0879679984827142 0.14661333080452363 0.09163333175282727 0.16776129396036651 0.10995999810339274 0.18326666350565454
0.07172963614494625 0.10388659152851684 0.05609875942539909 0.09349793237566516 0.13531640276300222 0.24027729416034205 0.11219751885079818 0.18699586475133032
0.07218010518189359 0.12770326301411944 0.09022513147736698 0.1596290787676493 0.09719345364800792 0.1532439156169433 0.1082701577728404 0.19155489452117913
0.10765109211789314 0.07561144097005569 0.19202905643188745 0.15122288194011138 0.09136142986729176 0.08287881906640278 0.16740994663292752 0.13183533297343042
0.10588303086960302 0.1491190026763487 0.09529193095714565 0.13420710240871384 0.12159757992999831 0.2127217649064268 0.10065532680653538 0.08052426144522831
0.07012951197081259 0.12407529040989917 0.08766188996351573 0.155094113012374 0.09360242274850203 0.17812956832382892 0.10519426795621888 0.18611293561484876
0.07857508125183528 0.11686835562819749 0.09125286940970244 0.14024202675383698 0.1017559070668173 0.1908217063819365 0.10518152006537776 0.1753025334422962
0.09647454802111584 0.14130791200056694 0.08315453754011251 0.12717712080051025 0.12490401793170448 0.2552927506253011 0.0953828406003827 0.07630627248030615
0.08022598136807649 0.14193827472813536 0.06994059914140001 0.12374106001940005 0.10769655077586439 0.2440395429741637 0.08392871896968002 0.14848927202328002
0.06659950722144671 0.11782989739179034 0.08324938402680838 0.1472873717397379 0.08820214036442953 0.22018759233593146 0.09989926083217007 0.1767448460876855
0.10295928877165085 0.07253258292308322 0.19941926963592585 0.14506516584616644 0.09696374230233494 0.09599978106863635 0.16059310179144187 0.1264670676607605
0.06994317455392339 0.09848650297317879 0.0720985143913589 0.08863785267586091 0.14536620555431964 0.24182662128860352 0.10636542321103308 0.17727570535172182
0.06576387595193409 0.11635147283803722 0.0822048449399176 0.14543934104754652 0.09896594352042878 0.21810149851717878 0.09864581392790113 0.1745272092570558
0.10093454491201545 0.07103620886837547 0.20723400744297488 0.14207241773675094 0.09736143470837047 0.10022337451381512 0.15728000661129937 0.12385800520639828
0.09906008017225587 0.13940726909671547 0.11316435925661344 0.1254665421870439 0.12927578078416943 0.22424613655069262 0.09409990664028293 0.07527992531222634
0.0776895180054799 0.1374506857020029 0.06772932338939273 0.11982880291969483 0.12126000605676471 0.25097191235575983 0.08127518806727127 0.1437945635036338
0.06508126341377372 0.11514377373206118 0.08135157926721713 0.14392971716507647 0.10436733418258298 0.21978877652053608 0.09762189512066058 0.17271566059809176
0.09945000438681818 0.06994735834504676 0.21298056773688884 0.1398947166900935 0.09719547914770099 0.10370317505802862 0.1548692020338031 0.12195949660161998
0.07833268195170617 0.11017863953317988 0.12857663927830154 0.13221436743981585 0.10249726851024543 0.18377166840711934 0.09916077557986192 0.16526795929976984
0.07754784699009588 0.10819634987832538 0.10722227903629361 0.12983561985399045 0.10180505599975587 0.21572160853355796 0.09737671489049284 0.16229452481748807
0.06604455917837031 0.11684806623865517 0.08255569897296289 0.14606008279831895 0.10368312585124183 0.21046952883491266 0.09906683876755547 0.1752720993579827
0.10194564069501068 0.06900506844556295 0.21744589488934293 0.1380101368911259 0.09949110703828559 0.1010027277164335 0.15278289472684672 0.12031652959739182
0.081776867201683 0.10832482191879303 0.13399221794845212 0.12998978630255162 0.10537271621436191 0.18056401780905496 0.09749233972691373 0.16248723287818953
0.09469470076054531 0.13076409476206488 0.10182633181229625 0.1176876852858584 0.1288954207425769 0.26725339150074934 0.08826576396439381 0.07061261117151504
0.06324551410948864 0.11189590957832606 0.0790568926368608 0.13986988697290756 0.1067184996443081 0.2365011615263867 0.09486827116423296 0.16784386436748908
0.06380723464064746 0.11288972282576087 0.07975904330080931 0.14111215353220108 0.10204203702231723 0.23534437247865156 0.09571085196097119 0.1693345842386413
0.08976885510492429 0.07246401556662563 0.17953771020984857 0.14492803113325126 0.10819967739358155 0.11308254338297881 0.1615839391888637 0.13043522801992613
0.079643572790891 0.10827116244604769 0.12388894951176285 0.12992539493525723 0.10727299181129792 0.19114713863422886 0.09744404620144292 0.16240674366907154
0.07571770291387314 0.13396208977069862 0.07425932918135039 0.11678746287701933 0.12328299388641022 0.25663309979294263 0.07921236612528268 0.14014495545242317
0.07330021267039803 0.1296849916476273 0.09868691156910789 0.16210623955953413 0.09498180950365115 0.21288148019190306 0.0824627392541978 0.1458956156035807
0.10424998884842818 0.06735425348534838 0.2268160267574342 0.13470850697069675 0.0957121273641898 0.10459305632501074 0.14912785468469478 0.11743818556419716
0.12096252174545857 0.0722716509985594 0.19998912405289837 0.08672598119827127 0.14821500305625165 0.12576795483441805 0.13766028761630358 0.10840747649783908
0.08527673213869504 0.13418511616329964 0.0797164273085941 0.1169818961423638 0.13868331478056595 0.22543399549473733 0.07934424260090761 0.14037827537083655
0.09412177134693589 0.06973071922168167 0.18723433737409076 0.13946143844336334 0.11667585977172715 0.11177148294885722 0.15548909629431704 0.125515294599027
0.1186251662402036 0.07266659021048764 0.1849006832141227 0.08719990825258517 0.16050646397518548 0.12868875000980268 0.13841255278188122 0.10899988531573146
0.0706873970747994 0.11113950381272815 0.10587799620737606 0.1389243797659102 0.11929738251875113 0.19313711427750793 0.09422697062383475 0.16670925571909223
0.09675878059273016 0.06899298517743876 0.20475851520796975 0.13798597035487753 0.10995674498249247 0.10351557087988733 0.1538440594852142 0.12418737331938978
0.08458786463128172 0.10626427113938995 0.13289795809359828 0.12751712536726795 0.10928624472389749 0.1844122853100288 0.09563784402545096 0.15939640670908492
0.08466242148457401 0.12913677211785124 0.08489469662694996 0.11258077569248572 0.12244921335403298 0.2548200550756113 0.07635913481751204 0.13509693083098284
0.06964305893527774 0.10581906185734521 0.09115379616414722 0.13227382732168153 0.10464685992510792 0.2480186418704996 0.08971616113992313 0.15872859278601784
0.06847431738649354 0.1068642762393544 0.09306752789713013 0.133580345299193 0.1012944267223511 0.24582037093699363 0.09060232115945265 0.16029641435903158
0.12342848659649915 0.08807719356810849 0.1687396702703475 0.11009649196013563 0.1366141396674503 0.15120780279390206 0.12274937237943478 0.09908684276412205
0.07545906343103811 0.10754085885528707 0.11528955634174518 0.13442607356910882 0.11221959671390004 0.2025776172547684 0.09117594555122165 0.16131128828293062
0.06962851585732423 0.10758159666644501 0.10241689341859649 0.13447699583305628 0.10469314989109736 0.22861996920356634 0.09121048413024686 0.16137239499966752
0.09741153834719506 0.06666838773467196 0.2165713652484439 0.13333677546934392 0.10472325380992334 0.11262502732532571 0.14866055414268645 0.12000309792240955
0.09859660577403499 0.0635474346503798 0.27264971738934773 0.1270948693007596 0.09998705244004043 0.08203764349614566 0.14170129457860808 0.11438538237068366
0.12820232168204518 0.0821789696830405 0.25407184087761175 0.10272371210380062 0.128131308021282 0.09771123369172627 0.11452927304707324 0.09245134089342055
0.10531445532055482 0.06029794328684643 0.29249038557276924 0.12059588657369286 0.10263354533144632 0.07567607216172724 0.13445541383663964 0.10853629791632358
0.08029378133520815 0.106525885060791 0.1609504263154632 0.13315735632598874 0.1024471482083722 0.16652115087231958 0.09031542429067062 0.15978882759118648
0.13021471408239574 0.08425193102992855 0.21004524141438405 0.1053149137874107 0.13208618099965186 0.12588532672652084 0.11741826955103848 0.09478342240866962
0.08624215033690595 0.10423656641586289 0.13486424296495825 0.13029570801982862 0.1093599855862427 0.1902720168302625 0.08837448022214463 0.15635484962379434
0.10308036560924522 0.06415881158437116 0.24097106108453853 0.12831762316874232 0.10321227743915311 0.10170942637096152 0.14306457389112015 0.11548586085186809
0.119134317312805 0.0707201865249719 0.21468081824547708 0.08840023315621487 0.14968491063196918 0.11988637042529798 0.131412883915806 0.10608027978745785
0.08367769875658743 0.10369540824633013 0.1377246794952291 0.12961926030791265 0.11514248310612543 0.18668168550947484 0.08791567220884511 0.1555431123694952
0.1018911637184534 0.06378465820441909 0.24399610396428875 0.12756931640883817 0.10470145418387297 0.10101465105455826 0.1422302676976151 0.11481238476795436
0.10173247124008009 0.06050104170832644 0.2989909529598143 0.12100208341665288 0.09682185417050129 0.07714142842629441 0.1349082930033428 0.1089018750749876
0.09892213494035086 0.05864480305029206 0.3269436052381411 0.11728960610058412 0.09206574054672649 0.06980430678690758 0.13076915784647214 0.10556064549052571
0.09675151012090084 0.057655075681504415 0.3413451072287095 0.11531015136300883 0.08943436777654529 0.06716243806804482 0.1285622135345785 0.10377913622670795
0.0795553334005615 0.10437425417966467 0.18182406213845304 0.13046781772458085 0.09783389460990109 0.16089204117719144 0.08849121550015049 0.15656138126949698
0.09873131307957055 0.06246256088012529 0.27109390541267053 0.12492512176025058 0.09766011387065239 0.09341218742010629 0.13928218799239878 0.11243260958422552
0.09922582715343552 0.05935343445954225 0.31586840142519856 0.1187068689190845 0.09329884620045532 0.0743611396918897 0.1323493001232181 0.10683618202717605
0.11507767132622794 0.06852924357856116 0.2501314002477675 0.08566155447320145 0.14225123954406696 0.10821337134993224 0.12734165411240098 0.10279386536784174
0.08390340233711195 0.10250533215915877 0.1517736164020284 0.12813166519894847 0.11236179100777426 0.1806594999995619 0.0869066946566781 0.15375799823873815
0.10213419552221085 0.06281355856662502 0.25459360674411263 0.12562711713325003 0.10263265860816326 0.09906959756013453 0.14006486044557875 0.11306440541992502
0.11938409951243001 0.06951792460295433 0.22442116913493956 0.08689740575369291 0.14795491353712253 0.11836877050864082 0.12917883004578828 0.1042768869044315
0.10831050926454909 0.05890074679365393 0.2895669989812812 0.11780149358730786 0.10773643985641572 0.08032259309460471 0.1313398741936104 0.10602134422857709
0.1030801247113599 0.05801951428951303 0.32430059848153625 0.11603902857902607 0.09449715083220354 0.07025360014862211 0.12937485723661563 0.10443512572112346
0.1188134465942407 0.06779072172855465 0.2533164009147523 0.0847384021606933 0.14166605729566267 0.10601956251617423 0.12596932619709034 0.10168608259283195
0.10755875287332156 0.057922246248001866 0.3044115019484841 0.11584449249600373 0.10448105364791777 0.07636394551820368 0.12915796402166385 0.10426004324640335
0.10288187687190764 0.05745586440759745 0.3315824152121741 0.1149117288151949 0.09284505304556301 0.06878450358709554 0.12811800212679192 0.10342055593367541
0.10043597511484802 0.05681570919526656 0.34508938259504857 0.11363141839053312 0.08869409976160478 0.06637458684237085 0.12669055154884812 0.10226827655147981
0.11819354710163303 0.06728799403018647 0.2620445416023594 0.08410999253773309 0.1383672169196454 0.10402956367721954 0.1250351530859435 0.10093199104527971
0.10752351592659995 0.05760201661556946 0.308893411600618 0.11520403323113892 0.10309161942143218 0.07555787355980934 0.12844389973680714 0.10368362990802503
0.10315421383119096 0.05725200486228822 0.3337704680001651 0.11450400972457644 0.09220141713353 0.06840085192858035 0.12766342576755013 0.10305360875211879
0.09618238206381807 0.11844783440239406 0.20623934524179052 0.14805979300299255 0.08424258218953018 0.1382568764343894 0.07531737296239187 0.1332538137026933
0.14041252197221996 0.08116930686797973 0.2351154863428927 0.10146163358497468 0.12216895626890652 0.11523447505300291 0.11312214968354636 0.0913154702264772
0.11644942226492552 0.058327383578372166 0.29489640675110035 0.11665476715674433 0.09963673626527915 0.07898463374237726 0.13006135980013137 0.10498929044106989
0.10710441648481721 0.057593016477601844 0.32672952126447136 0.11518603295520369 0.09174760691253614 0.06954814547324292 0.1284238307724435 0.10366742965968331
0.10293967212387725 0.056822793519951655 0.3425820648868831 0.11364558703990331 0.08844569309358633 0.06657681246435143 0.12670634853553397 0.10228102833591297
0.1009789808724744 0.05638112022804272 0.3502844318888821 0.11276224045608545 0.08693579880952851 0.06544992831854612 0.12572148301596392 0.10148601641047691
0.10004093447057115 0.05615739411640166 0.3539906991877094 0.11231478823280332 0.08622276197426457 0.0649675054297655 0.1252226071789613 0.101083309409523
0.09959082390175172 0.05604831023162706 0.35576731221241925 0.11209662046325412 0.08588273970887343 0.06474786866805493 0.12497936639709079 0.10088695841692873
0.0953775250077637 0.11779106180555479 0.21392045520024316 0.1472388272569435 0.08227204269313604 0.13598539224831663 0.074899751256793 0.13251494453124915
0.12232072130480015 0.07057047707265006 0.2081848243601823 0.08821309634081258 0.14083894111616985 0.13288153172559009 0.1311346924708199 0.1058557156089751
0.11253553759783824 0.05917032135284374 0.2811294620567976 0.11834064270568748 0.10626799916317214 0.08410847346294736 0.13194098522559483 0.10650657843511874
0.12535536912917955 0.06803485452775583 0.23454910712739846 0.08504356815969479 0.1472694961880571 0.11127234712545081 0.12642297595082985 0.10205228179163373
0.10324998844366833 0.11752576140968729 0.16957854597496028 0.1469072017621091 0.09828159556207358 0.15750937045218255 0.07473105480942072 0.1322164815858982
0.08478900407315447 0.1044862665334704 0.1268227000815892 0.130607833166838 0.0998845102384377 0.2080941036105364 0.08858618249576838 0.1567293998002056
0.07854595083261744 0.11431534182103673 0.11122993612652114 0.12760063158231655 0.09833176041801174 0.2303091059866236 0.08654651533409297 0.15312075789877982
0.11683808296521915 0.07991613122139073 0.16147189081907848 0.08830310844525364 0.14850606441605377 0.16773249048903927 0.13126850150966063 0.10596373013430437
0.08599299238875738 0.10983362833684315 0.12165345045171039 0.1253584153880125 0.11238733775998193 0.20931836938068837 0.0850257078283911 0.150430098465615
0.10610463092778752 0.07050154247644153 0.2361949116571353 0.12512953380987785 0.10314079219049369 0.10680191633627145 0.13951009217310262 0.11261658042889006
0.08529001091878903 0.11194685728673742 0.14794768411802348 0.12932901476988182 0.10121351418851829 0.1813592909763587 0.08771881001783288 0.15519481772385815
0.1050433222160018 0.07017355743837365 0.25155610818622665 0.12437280035975211 0.09901933784460862 0.09923296278240228 0.13866639084885793 0.11193552032377688
0.1411323922566026 0.0847252633813092 0.25374697951768865 0.09790411365761213 0.1244606359629852 0.1007611324808523 0.10915578045109887 0.0881137022918509
0.1156649580797303 0.0629548159109861 0.3033871213397975 0.11420152503039399 0.09901482133739363 0.0746692078673226 0.12732617790702136 0.1027813725273546
0.10649278292581693 0.061143964834991675 0.3303187184129135 0.11377785078409462 0.09093812152592559 0.06807468307069382 0.1268538127398786 0.10240006570568516
0.08525828326737549 0.10998386156642181 0.17855626062964589 0.12815594942568917 0.09728226107805187 0.16005307902456492 0.08692316569742398 0.153787139310827
0.07933653725147985 0.1158572889044507 0.12830372274557944 0.12855325799749207 0.09864583474013129 0.20784680420905532 0.0871926445548207 0.15426390959699046
0.13549201217615953 0.09257250787288933 0.1959566174313771 0.10213877711849838 0.12934613803332023 0.13869193377078118 0.11387711419032581 0.09192489940664854
0.11699895359972029 0.06540530118205884 0.27351502816655315 0.11775155744373053 0.10337121250996398 0.08569734627851609 0.13128419912009953 0.10597640169935747
0.08800477940786638 0.11078174613500283 0.1600953301547248 0.128553015403912 0.10132186450042335 0.16978716590028806 0.08719248001308816 0.1542636184846944
0.10533099656413965 0.06963246805217992 0.25802858539788187 0.12353005252934408 0.09866848224357362 0.09590557802688916 0.13772678990958212 0.11117704727640967
0.10595354990150385 0.06344723961839921 0.3085920954236502 0.11735592892022242 0.0934140027393963 0.0747737445277232 0.1308431028409047 0.10562033602820019
0.1035780917337238 0.061303551233610414 0.33341501148037794 0.11405242465464085 0.08966520913325025 0.06817858746026974 0.12715994211495033 0.10264718218917676
0.10163734184902641 0.060349026731982905 0.34541267005388304 0.11249314537824545 0.08756516919572338 0.06587735386482346 0.12542146208589455 0.1012438308404209
0.11970819235571392 0.07137218985868245 0.2614954421260237 0.08322180606256083 0.13739448908715976 0.103226908998502 0.12371480423628443 0.09986616727507297
0.10867219963631032 0.06192462372778908 0.3077422985386551 0.11400701839127451 0.10283676503983376 0.07510146059416618 0.12710931751982396 0.10260631655214708
0.12281893288288655 0.07186771320453328 0.24509084727588695 0.08367105960697624 0.14477897943910692 0.1069845462584352 0.12438264980380348 0.10040527152837148
0.10164391848883708 0.12588630203844875 0.17216340259554877 0.14478584618773382 0.09725432786637754 0.15430701080207243 0.07365193045202113 0.13030726156896044
0.12424065687021266 0.07990709429646833 0.1881617012442114 0.08719228183273 0.14706141602000578 0.13918892839470906 0.1296171831423867 0.104630738199276
0.0883755180803711 0.11027877565319115 0.13075456434431226 0.12582780786407693 0.11295278205558237 0.19547310418819983 0.08534407837737393 0.15099336943689232
0.10652552781019502 0.07023770380959589 0.24125375397702217 0.1246041787325297 0.10320674842359437 0.10310396592032395 0.1389243604674622 0.11214376085927673
0.08546891780792087 0.11187013282483874 0.14960626405037228 0.12925981422691993 0.10154219118826738 0.1794690288319877 0.08767187399738917 0.1551117770723039
0.10505877015726875 0.07008150583946228 0.25239319059521476 0.12420817055204167 0.09930309612001906 0.09868507234008873 0.13848284089906734 0.11178735349683751
0.10617486808899002 0.06366299341996641 0.3057625881935189 0.11770795906833276 0.09390784509170112 0.0756109927908502 0.13123559018514117 0.1059371631614995
0.12253628006257902 0.07248347273143811 0.24496488762608373 0.08426559664480333 0.14161934836870355 0.10774522955050286 0.12526646904212557 0.101118715973764
0.11037464521516459 0.06247996268587045 0.2991841518492855 0.11491003807048115 0.1048313404442531 0.07668471039890115 0.12811611707261106 0.10341903426343303
0.1050939369335952 0.061231157057027 0.3282798662826999 0.11400261135126866 0.09302601750348967 0.06865965665667668 0.12710440399910103 0.1026023502161418
0.10229394787921028 0.06043580922951514 0.342810474449155 0.1126617602154414 0.08870465215124608 0.06608831683536358 0.12560945504617121 0.10139558419389726
0.08412821114481737 0.10970072182037435 0.18251335378635908 0.12790275377709995 0.09676221667375515 0.1587580052684323 0.08675143299664172 0.15348330453251993
0.10310922104277516 0.06888602769647596 0.2702580975712554 0.12231710746359607 0.09649428225914677 0.09247542056995256 0.13637444667956156 0.11008539671723647
0.09712528737728623 0.1281101580737347 0.1825006981318655 0.14819168598187177 0.08567383421169034 0.14964135249256683 0.07538446634729999 0.1333725173836846
0.10731763236196074 0.07018159550282263 0.2701442743761458 0.12233388065477104 0.0932331322223874 0.09029584475662744 0.136393147535991 0.11010049258929393
0.08575700524799282 0.11186469047315188 0.15905937620905125 0.12922360247908024 0.09859864499588737 0.17278104463412927 0.08764731298581095 0.15506832297489628
0.10475040027335711 0.06980602200352429 0.25761911963651035 0.12371765018660033 0.09806500216159929 0.09675997327287077 0.13793594729759767 0.11134588516794029
0.10583220607462264 0.0634773782653515 0.3084066791478575 0.11739064935959749 0.09334656912776705 0.07501312006143569 0.13088181353973033 0.10565158442363774
0.10357424795777445 0.06130267532824341 0.33331445461896597 0.11404557441242467 0.08971994192959444 0.06824978417572336 0.12715230460609137 0.10264101697118219
0.08453019593527655 0.10996449206791137 0.17947056160558722 0.12810946814138832 0.09716615869734505 0.16013612252170992 0.08689163926111557 0.15373136176966598
0.13589171991736745 0.09069659833249227 0.22067904351335707 0.10062979664913746 0.12716778996667094 0.12217352105927987 0.11219471357747116 0.09056681698422371
0.09146657933290503 0.11154596747015887 0.14135506400854805 0.1257192425501539 0.10708712580289205 0.18669248700200963 0.08527044277314787 0.15086309106018467
0.12082748865131471 0.0790004313727099 0.17431738240076275 0.08748068241532433 0.15197553846571318 0.15137574781718433 0.13004590997860155 0.10497681889838918
0.12823447755264572 0.07364486362190303 0.1851428389458432 0.08411156770539384 0.16775692574121995 0.13513795050805552 0.12503749467846606 0.10093388124647261
0.08919755610544476 0.10898678657864 0.12960226396917934 0.12511580445650228 0.1190941498630034 0.19300331935240855 0.08486115432701893 0.15013896534780272
0.10618148383326173 0.075740080179681 0.23934004687607024 0.12337253964668994 0.10453588643120128 0.10224350255095928 0.1375511748001155 0.11103528568202095
0.10671946188514568 0.06813831941809043 0.2984297871928166 0.1175999157644111 0.09556997020191779 0.0765874913854467 0.13111512996420163 0.10583992418796999
0.0850557962600607 0.11693160076371568 0.16766202572320843 0.1277024558620555 0.09863794604112383 0.16415164955675782 0.08661557875861155 0.15324294703446656
0.11717933922372982 0.09138657171945919 0.1851177191091213 0.08612797866590004 0.14670573875426882 0.14209405312659543 0.12803502500184544 0.10335357439908006
0.08544859551766937 0.12478319863267438 0.1282942116240689 0.12343964829376779 0.11149531654314712 0.1946871682455956 0.08372428319055554 0.14812757795252132
0.07725202898773377 0.13404900581391668 0.10981228668888368 0.12411666409489838 0.10042771162278326 0.2212188293613665 0.08418347651653976 0.14893999691387802
0.102948669400201 0.085307478934255 0.22789170623654376 0.1240910924774979 0.09969276355892617 0.11003399857970715 0.13835230758312078 0.11168198322974812
0.10606062576278322 0.07301308692934483 0.29233450412857703 0.11788438386736892 0.09450993113211378 0.0786692320291433 0.1314322906700367 0.10609594548063205
0.10384898916100467 0.06872503910233554 0.3247162342352674 0.11388115082208962 0.09019530355721762 0.06917126280891953 0.126968984573285 0.10249303573988067
0.10159730969011463 0.06692768552206502 0.34056270453799653 0.11189146083660811 0.08761297595419101 0.06595491998227712 0.12475062872380037 0.1007023147529473
0.10016218988171152 0.06611724839089979 0.3482449223070449 0.11094621362662518 0.08624747324608241 0.06473361165816756 0.12369674862550598 0.09985159226396267
0.09937038538610282 0.06574061641868001 0.3519564059723356 0.11049844178900031 0.08556309363043912 0.06422494275097884 0.12319751644236303 0.09944859761010028
0.09896038357319296 0.06556288633678281 0.353747331470357 0.11028527086014016 0.08522816193845836 0.0639993752819804 0.1229598467649622 0.09925674377412615
0.11779596790700078 0.0781033614907336 0.26436563009584213 0.08214257664396549 0.13529037828754895 0.10162053638216582 0.12211045721998451 0.09857109197275858
0.10734964353120731 0.06910150291847202 0.3083492970068154 0.11255983706297484 0.10163803964010619 0.07420200814637042 0.1254958183373764 0.10130385335667735
0.10318012268906836 0.06728659917550998 0.3321545764867105 0.11235052020783073 0.09124898745123115 0.06740128013805016 0.12526244566455158 0.10111546818704767
0.10098555766790165 0.06640198357083028 0.34409210908130594 0.11134323932679503 0.08755058270199909 0.06527820960464076 0.12413940265241177 0.10020891539411553
0.09980155309065408 0.06590959031985602 0.34993429044909846 0.11071935942241545 0.08607910737971644 0.06446485274085534 0.12344382311723034 0.09964742348017389
0.09918168061861356 0.06565177491720832 0.35276815706776465 0.11039689893418854 0.0854479987924392 0.06411197689194326 0.12308430373707288 0.09935720904076968
0.08246533814687218 0.1197851019178797 0.18461877443029337 0.12595699872716662 0.09471511627031379 0.1558785685503614 0.08543170348451301 0.15114839847259992
0.13298796112484812 0.1052018440544696 0.22100259730837338 0.09850208173579234 0.12441104767977335 0.11942012430074395 0.10982247023378637 0.08865187356221309
0.11416246101800058 0.07485878671953904 0.28546113314277666 0.11462458891804546 0.10023403664431599 0.0796990009612605 0.12779786256982084 0.10316213002624092
0.10638931660852192 0.06896200165139361 0.320745976481926 0.1136786461717904 0.09179471027243964 0.06937536025882836 0.1267432070004887 0.10231078155461136
0.10250731859623398 0.06704001380187022 0.33851210095379697 0.11201041653937907 0.08816174832695846 0.06607577144122141 0.12488325545509876 0.10080937488544117
0.11948819045849571 0.07867610892677054 0.257956794891813 0.08249333390424171 0.13704174320850898 0.1027199464793714 0.12263188144570858 0.09899200068509005
0.10817665344887631 0.06938846826616739 0.30500992088051704 0.11289178026177742 0.10240878936303799 0.07465587531186352 0.1258659102321608 0.10160260223559968
0.12199205858088061 0.0794169675057439 0.2432512377862191 0.08282981333037794 0.14382858287476138 0.106153483213539 0.1231320807120245 0.09939577599645351
0.1095991729753486 0.06991668458310148 0.2972357272653779 0.113570107459315 0.10495776482900766 0.07588525173848328 0.12662219443598255 0.10221309671338351
0.09740266987727972 0.13858376915686807 0.19048070333384537 0.1443873715237846 0.08643492490623621 0.13931269870761104 0.0734492281229687 0.12994863437140614
0.10579018249897126 0.08297702891467906 0.2723603446162783 0.11945172975166347 0.09198506125644924 0.08674933182054732 0.13317976436491435 0.10750655677649713
0.10477641825366263 0.07106090471337252 0.3148764276830952 0.1151607569003453 0.09036735703260818 0.07171780434905618 0.12839564985754917 0.10364468121031079
0.10237213996721527 0.06764798045216423 0.33579909151768866 0.1125183247016477 0.08808710021645898 0.0668593357609079 0.1254495351524341 0.10126649223148294
0.10062765304057564 0.0663917896132303 0.34594713824898643 0.1112359695817217 0.08657713691129607 0.06508813508878052 0.12401980489185985 0.10011237262354954
0.09962015345951258 0.06585861132621243 0.35084836492024585 0.1106330789612438 0.08574760550488517 0.06437478792091637 0.12334762684186436 0.09956977106511944
0.09908825233186189 0.06561660325954642 0.3532126471237286 0.11034849314281758 0.08532397503273484 0.06406605038870809 0.12303033489206676 0.09931364382853583
0.13308767052693674 0.08821864168812059 0.2982723345855739 0.09277058081233536 0.11463053818338172 0.08609443704446852 0.10343227442808138 0.08349352273110183
0.11028233540157757 0.0693941272178142 0.32499254606085987 0.11012945826201688 0.09399906952851854 0.06929982374753722 0.1227861273458606 0.09911651243581518
0.08527770797123947 0.12081335625958949 0.17558329776299028 0.12590526932101842 0.09730693595211114 0.15863049209531238 0.08539661745251684 0.15108632318522208
0.10272449608797211 0.0807042471259692 0.2647430338726747 0.12064589380152692 0.09600244473769995 0.09208741178899099 0.13451116816379197 0.10858130442137422
0.10419293248720267 0.0709679758326257 0.3111047689336633 0.11564336283971116 0.09185225071444249 0.07322596317204126 0.1289337194645735 0.10407902655574006
0.10236986596651032 0.06775983703107158 0.33396410706048973 0.11274390017469224 0.08866124348861489 0.06733050115051012 0.12570103497088822 0.10146951015722303
0.10071131902801742 0.06646915633853341 0.3450604412494465 0.11134272013981492 0.08681092657607427 0.06525816474460576 0.12413882379767424 0.10020844812583343
0.09968558676380791 0.06589879975862699 0.35042059419254157 0.11068312412064159 0.08584710116661828 0.06444655882930675 0.12340342345987951 0.09961481170857743
0.08261084198653985 0.11988771170341742 0.18386863847237392 0.12599995853464718 0.09485876135347523 0.1561132962670786 0.08546084144089114 0.1511999502415766
0.11596605857083041 0.09171263921845806 0.1922717420399441 0.08585433988019894 0.14464960547901035 0.13889216438714314 0.12762824256817634 0.10302520785623873
0.11031251654834617 0.0738108758996649 0.2706501110267681 0.11672517286497205 0.10773944973264643 0.08556936143847958 0.13013985691064794 0.10505265557847486
0.10592165098502726 0.0693154301758514 0.3133922226929665 0.11460870182713283 0.0945934229394835 0.07124059008606182 0.12778014964905704 0.10314783164441954
0.10271022059314175 0.06734179423616114 0.3349254501918974 0.11244987489511747 0.08925482202421856 0.06673973192751054 0.12537321872634738 0.10120488740560572
0.13529740077212019 0.08910485863973149 0.2899703382035932 0.09337215207376957 0.1167229804897014 0.08739435146348865 0.10410298149120278 0.08403493686639261
0.11135869943769375 0.06978972242757155 0.32075953439465077 0.11055581652292232 0.09492167812722169 0.06985282923032025 0.12326148498898949 0.09950023487063007
0.1389420566760404 0.08961625646784259 0.2828847468250492 0.09331709474442794 0.11887262541370389 0.08834023792520818 0.10404159667774279 0.08398538526998514
0.10444862763349676 0.14216574037248583 0.18349803477630872 0.1405879862926251 0.0886866993127493 0.14256722657402757 0.07151649737494407 0.12652918766336257
0.10815025066343226 0.08361286111945206 0.26810262911731886 0.11935211669722484 0.09268479109692773 0.08761174303511658 0.1330687032430253 0.10741690502750237
0.0972751315459678 0.14378088578613277 0.1798674592039993 0.14541820777320638 0.08348866882617507 0.1453196498274801 0.07397361004115281 0.13087638699588575
0.08098190780069124 0.14073794123773628 0.1269977894142133 0.1253954935867481 0.0930464175740098 0.19731500156279635 0.0850508565197074 0.15047459230409768
0.10357600200276945 0.08593666595861318 0.2379675620325834 0.12344205077390129 0.09685147883224524 0.10349972018381788 0.1376286745195586 0.11109784569651115
0.10579991507210668 0.07278891794092054 0.2975564242229712 0.11733304208675188 0.09328190604556265 0.07682247102405255 0.13081758572955768 0.10559973787807668
0.10352457793516286 0.06851669896706461 0.32730541457460005 0.11357622918687724 0.08963700500123417 0.06859244836150273 0.12662901970536908 0.10221860626818952
0.10137840358039284 0.06680927023563742 0.34182407081805155 0.11173834369633245 0.08735459566775604 0.06575089213608525 0.12457991453904528 0.10056450932669922
0.08310430514499452 0.1202716554147202 0.18112656038475425 0.12616619159988543 0.09539757223832589 0.1569606944731872 0.08557359082427012 0.15139942991986252
0.07743616198547582 0.1341189830240329 0.12732392206074533 0.1254608540397464 0.0965963093202684 0.2034155567646423 0.08509518795739321 0.15055302484769567
0.10234669848820448 0.08476496237184988 0.23811927708701827 0.12335229677727763 0.09788718899424356 0.10498390367047357 0.13752860551138266 0.11101706709954985
0.10539213883683109 0.07258280948428675 0.2976362198916222 0.11730206237079728 0.09356747136699468 0.07716439625756287 0.1307830456581874 0.10557185613371756
0.103391637658845 0.06847901274275213 0.3273483479301274 0.11356668743174453 0.08971373611006017 0.0686721780774333 0.1266183813604674 0.10221001868857009
0.09545488066158474 0.13791532902008072 0.2012569204432737 0.14417650012333705 0.08230484380981325 0.13579071707251406 0.0733419587583932 0.12975885011100335
0.10471024878162735 0.08251411669545998 0.27824013507381373 0.11893007004408941 0.09038864310058436 0.08558157054394663 0.13259815272079817 0.10703706303968047
0.10416995260227552 0.07079620325078677 0.3178603000125339 0.11483144195037676 0.08968389051886676 0.07128142564574447 0.12802848826407676 0.10334829775533907
0.13669993045373047 0.09043338072866351 0.2823736846870302 0.09405946438598486 0.11758572990432001 0.08932500846552519 0.10486928342735925 0.08465351794738638
0.13079980006468114 0.08192197929075731 0.23095613625400085 0.0808834134479491 0.14845944413599618 0.10968050411063275 0.12023862655844374 0.0970600961375389
0.1478652488305759 0.09243311361389606 0.2379322057250426 0.09322239920124299 0.13981637024519797 0.10089448488900268 0.10393601821392315 0.08390015928111869
0.11754079029236486 0.07167840469609021 0.29324561236520036 0.11268288352587046 0.1034451458574988 0.07435956212875862 0.1256330059609332 0.10141459517328343
0.10693074858929298 0.06806578686066986 0.3243520411807656 0.11296922485310064 0.09224708281110887 0.06781055816523252 0.12595225517203906 0.10167230236779058
0.13734259319639572 0.08946191441905196 0.2849876606733569 0.09359911439454452 0.11809644180196537 0.08791704501821518 0.10435602754138024 0.08423920295509006
0.11221900207059196 0.06998577841242212 0.31817641378646944 0.11078454289691099 0.09549636295735635 0.07011531344217485 0.12351649782685446 0.09970608860721987
0.1393877510139766 0.08972033020402961 0.28168314344088097 0.09338814179588913 0.11916528885273554 0.08848520823808466 0.10412080883810326 0.08404932761630021
0.1316903993727589 0.08170127044835801 0.2305052926171563 0.08077709898398183 0.14903539952117903 0.10927743730855506 0.1200805829672327 0.09693251878077819
0.11304170072654396 0.07044405384679904 0.29001294245255577 0.1137261648263983 0.10678452865969881 0.07684087439003755 0.12679618675420826 0.10235354834375847
0.08610641202755476 0.12141436463860648 0.1643357962545198 0.12634730644869846 0.10140099957054924 0.16308191938251604 0.08569643393911722 0.15161676773843813
0.1034818538667699 0.08118758967606349 0.2585408292131873 0.1212403112839887 0.0976701240797462 0.09358911242743138 0.1351738992972232 0.10911628015558983
0.13899913188745067 0.09457508303248982 0.2554667419769297 0.09623203430038439 0.12289241519387978 0.09793422598868821 0.10729153674983156 0.08660883087034595
0.09138161472512911 0.12593033429374934 0.1515563645769871 0.12327299134612836 0.10470044117686404 0.17161941796145755 0.08361124630433053 0.14792758961535402
0.10555275376187499 0.08220263326503098 0.2510168278129328 0.12148474322817818 0.09897180837054187 0.0959885419822762 0.13544642267380463 0.10933626890536037
0.096670388348991 0.1436050369716102 0.17379903734596633 0.145798743140575 0.08527748869248711 0.14946324994582139 0.07416718672803163 0.13121886882651748
0.10640317057056853 0.08449865931370829 0.2634772989801801 0.12051694832966757 0.09239400200954136 0.0898772637141682 0.13436740358546517 0.10846525349670082
0.14003715849368775 0.09515425587471586 0.25774248669939576 0.09608247698675897 0.12072208309969981 0.09666251805152606 0.10712479150613276 0.08647422928808306
0.11446552493929144 0.0718557019308806 0.304327517221541 0.11239037897760251 0.09745044458022792 0.0730522060523023 0.12530688521831204 0.10115134107984226
0.1243488983087463 0.07990279800787363 0.24303049208790983 0.08284310008733128 0.14168141634251696 0.1056297426921946 0.12315183236862978 0.09941172010479754
0.08773702648709035 0.12196955623197524 0.14762074240392756 0.12368631398096702 0.11060373620743116 0.17606746103740112 0.0838915868740472 0.1484235767771604
0.11793503012565036 0.09214642151229446 0.17547881972053792 0.08581439340798855 0.15180727603482794 0.14627192765485103 0.12756885945426358 0.10297727208958624
0.08554467445486508 0.1248448099586195 0.12510890033032532 0.12327154525156434 0.11292495273293289 0.1967689974948416 0.08361026547497408 0.1479258543018772
0.07722760697846648 0.1339784851083677 0.10876017033210995 0.12402400103250723 0.10079499577913287 0.2222653127431413 0.08412062678726578 0.14882880123900868
0.1029753494359562 0.0853232793883239 0.22725893503655886 0.12412265375703259 0.09984413514001414 0.11037776280630239 0.13838749605448258 0.11171038838132934
0.12272990960339941 0.08448284180507062 0.2111103713049597 0.08524873132001219 0.1458800059867289 0.12152169762755752 0.12672796476825693 0.10229847758401463
0.08720354049716035 0.12324042704885167 0.1371177021529344 0.1237838830497239 0.11171321166966103 0.18444281176653507 0.0839577641554649 0.14854065965966864
0.1360101640797916 0.10673332572437 0.19702364323719876 0.09914603712465264 0.13195838857869982 0.12935657540710663 0.1105404324359933 0.08923143341218737
0.11625893389513954 0.07585649976778548 0.27247460110902055 0.11579458921912672 0.10343865745019998 0.0828592626694425 0.12910232559207113 0.10421513029721405
0.10764900687355061 0.06953422914332504 0.31416934588968853 0.11439718979802299 0.09323248415515453 0.07051594380095828 0.12754432952107936 0.10295747081822068
0.10319720384353238 0.06733922094356061 0.3352695192877085 0.11238086076959088 0.08882889717482613 0.06654525016145676 0.1252962731266931 0.10114277469263179
0.11982195566147476 0.07879265495811998 0.25658683284589096 0.08256480579630053 0.13743762946139737 0.10298022510765084 0.12273812921360498 0.09907776695556064
0.10834254084447612 0.0694464574977034 0.3042909790594021 0.1129572504804595 0.10258579859707169 0.07477654344831965 0.1259389046401541 0.10166152543241354
0.08485910320338806 0.12103579002859695 0.1688891579160506 0.1262212791984419 0.10005911754702441 0.16185906248159873 0.08561095458676928 0.15146553503813023
0.10288291961350607 0.08097526361191291 0.26107761661100576 0.12101035549262172 0.09709680861072247 0.09313020036614238 0.13491751575072897 0.10890931994335956
0.10441388881925931 0.07113407487740725 0.3092420387685725 0.11585569721669718 0.0923196063792874 0.07359410999468498 0.1291704564490639 0.10427012749502748
0.12104275425290423 0.08010148186413328 0.24575103198077025 0.08327173401590897 0.13989738679075878 0.10622050478412727 0.12378902549230648 0.09992608081909077
0.09984504228069714 0.1402406491271033 0.1705998397117016 0.14217320076872253 0.09484525886630982 0.15201723946691728 0.07232288908669798 0.12795588069185027
0.12213619363749643 0.09539374915167226 0.18582065042912 0.08547772806988656 0.14431436192452904 0.1372156592861082 0.1270683838173239 0.10257327368386387
0.11256890487978741 0.07458513284707598 0.2669768666123397 0.11696541884969842 0.10786848743766422 0.08535859915389277 0.130407713254813 0.10526887696472857
0.12461762190654116 0.08115780376333578 0.2271734437081581 0.08372404861310476 0.14745424245528885 0.11094255969746897 0.1244614215203766 0.1004688583357257
0.08778025046566329 0.12234004233349524 0.14246472732448553 0.12374530547589367 0.11233476475394956 0.17890894457874726 0.08393159849669311 0.1484943665710724
0.07811704716633683 0.1338589802201317 0.11461445005761417 0.12456945599111313 0.10105466931396322 0.21381146251970673 0.08449058754179847 0.14948334718933573
0.07517074410291004 0.1360797647090416 0.10517613164332403 0.12378312752686561 0.09696981688596061 0.23032341038578513 0.08395725171387407 0.14853975303223874
0.07412146150077877 0.13610042688658208 0.10183527197798244 0.12321821582834665 0.09535065223573888 0.23793801836254638 0.08357409421400902 0.14786185899401594
0.10225360477427016 0.08596943236751634 0.2233071132683715 0.12449590734772642 0.09850864560833388 0.11461533406746714 0.13880364595336064 0.11204631661295379
0.10607883482851362 0.07329386646860381 0.2900057475849665 0.11817798005955432 0.09438714866435882 0.07993661182624422 0.13175962851415982 0.10636018205359889
