0.125 0.125 0.125 0.125 0.125 0.125 0.125 0.125
0.13585418317672365 0.10698516925166987 0.16302501981206838 0.12838220310200385 0.11843698020534883 0.0932691219117122 0.14212437624641858 0.11192294629405464
0.08426352317527296 0.12510061158807748 0.09007244034341579 0.15012073390569297 0.0938254586910581 0.15637576448509685 0.11259055042926974 0.1876509173821162
0.06968616188285405 0.10789874264661839 0.05826532102917393 0.09710886838195655 0.14049504194389933 0.21579748529323678 0.11653064205834786 0.1942177367639131
0.07295173961840629 0.12906846240179573 0.09118967452300786 0.16133557800224466 0.08754208754208755 0.15488215488215487 0.10942760942760943 0.19360269360269358
0.10388451936172961 0.07665760456788422 0.194685979854944 0.15331520913576843 0.09170656560132714 0.07636446953772556 0.16972623884789992 0.1336594130927212
0.06913901982967352 0.10500510069519271 0.06705200323491864 0.09450459062567346 0.13683945322777977 0.22504514238460685 0.11340550875080814 0.1890091812513469
0.0844655741428036 0.149439092714191 0.07363665438090569 0.13028023467391012 0.10135868897136432 0.21611948825104632 0.08836398525708684 0.1563362816086921
0.10202907656906728 0.07433970260428778 0.2021018828267458 0.14867940520857556 0.09027868953862352 0.08835908691403745 0.16459421333631477 0.1296179430023479
0.07773372666368852 0.11795280035014855 0.11400539141788117 0.14154336042017823 0.09616491045203696 0.16951308985571015 0.10615752031513367 0.1769292005252228
0.0936607182724676 0.14516562348463113 0.09360793268088353 0.130649061136168 0.12670336107637323 0.2338370708156496 0.09798679585212601 0.0783894366817008
0.08330522419845575 0.14738616588957557 0.0726250672499358 0.12849050359604025 0.11169483810573458 0.21515951594508695 0.08715008069992294 0.1541886043152483
0.1337585934210473 0.09733535567273247 0.1669942399423797 0.11680242680727898 0.12861883443683572 0.1253577051381262 0.12930508787781797 0.10182775670378166
0.06057318156660307 0.1071679366178362 0.05280738905806422 0.09342845756426747 0.1355553503814104 0.2579959915671553 0.10561477811612845 0.18685691512853495
0.06707051490716491 0.11866321868190713 0.08383814363395613 0.14832902335238393 0.09894411607921821 0.2045543829617616 0.10060577236074737 0.1779948280228607
0.108809548123785 0.08037053504684087 0.14524168838418688 0.09644464205620906 0.1494500779114335 0.14604097248472936 0.15308673342255405 0.12055580257026131
0.06816277385929803 0.12059567682798882 0.08520346732412254 0.15074459603498602 0.10223106985280059 0.18992474006987364 0.10224416078894705 0.18089351524198322
0.10844271556124603 0.08000171493694015 0.14502205239417768 0.09600205792432817 0.15587649628216607 0.14226817156822671 0.15238421892750503 0.12000257240541021
0.05776775884688682 0.10220449642141513 0.05036163591779877 0.08910135585456705 0.1544277051378389 0.2672110642767617 0.10072327183559754 0.1782027117091341
0.06424771874558997 0.11366904085758225 0.08030964843198746 0.1420863010719778 0.10394596830717344 0.2288661831809307 0.09637157811838497 0.17050356128637337
0.11154547901819392 0.07888901801960235 0.14203370437035123 0.09466682162352283 0.15464187852523478 0.14962477518587727 0.150264796227814 0.11833352702940352
0.07915639276442038 0.14004592566012836 0.06900813728180238 0.12209131980626578 0.12701025197251617 0.23336862400918515 0.08280976473816286 0.1465095837675189
0.11843022175838591 0.0956002994917091 0.1480377771979824 0.11950037436463638 0.13675844656503183 0.14088854421589755 0.13323399947818415 0.10755033692817274
0.13301955260609546 0.09623837233558402 0.14902583775846034 0.12029796541948003 0.1395448303444958 0.1194820186757379 0.1341232539826143 0.10826816887753202
0.11137926070070392 0.0730847117133026 0.18107555439415268 0.1461694234266052 0.1066636543465234 0.08710691538003006 0.1629679989547374 0.13155248108394468
0.14822226606986635 0.0931270177889708 0.20036822297947146 0.11175242134676495 0.12811336728850034 0.09727699244340969 0.12371452424224691 0.09742518784076944
0.08330921528838182 0.1168850756474134 0.09916382421328027 0.14610634455926674 0.10216479041036057 0.1779449201004135 0.09909821630976355 0.1753276134711201
0.08185465600690821 0.11252267503851361 0.09922548796781418 0.13502721004621632 0.10393390268864862 0.19738164815946638 0.10127040753466224 0.1687840125577704
0.10115475268917681 0.13789193169611833 0.09132781693078373 0.12410273852650648 0.12795575691465555 0.25002830623197536 0.09307705389487986 0.07446164311590389
0.08729653465705557 0.13048821074985015 0.07036456001084138 0.11375895296140785 0.11480945310759026 0.26961329860313227 0.07715824635643315 0.1365107435536894
0.10148283678485243 0.07073310099720755 0.18796295944811395 0.1414662019944151 0.09985210196067268 0.11345895897524534 0.15772425804451948 0.12731958179497357
0.11035519671917489 0.06795101547581732 0.24740255529236413 0.13590203095163464 0.09471713543342855 0.07474423768360505 0.1504491347938324 0.11847869365014302
0.08740295290536834 0.11134115942505285 0.13248587954766017 0.1336093913100634 0.1043710866806527 0.16357074751107564 0.10020704348254757 0.16701173913757927
0.08229987472812654 0.11047366796086881 0.10704635474423103 0.13256840155304256 0.10542652030999723 0.19704837759764854 0.09942630116478193 0.1657105019413032
0.08055780686763359 0.10927609028745258 0.10077228917595395 0.13113130834494308 0.10462288376513477 0.2113770048689957 0.09834848125870732 0.16391413543117886
0.0731050887758426 0.11303576863690915 0.09427187303669744 0.14129471079613645 0.09504540870109454 0.21785882368840265 0.09583467340955341 0.16955365295536373
0.10571380110425305 0.06921142126833708 0.21918325515949777 0.13842284253667417 0.09569667708750966 0.09785590173941028 0.1532397768415766 0.1206763242627416
0.12377524129174138 0.07512804363931484 0.18507777650926116 0.09015365236717782 0.14956539233674077 0.12050679289333492 0.14310103550345685 0.11269206545897226
0.06799798871538554 0.09831756456633249 0.06464606657519507 0.08571274859628988 0.14957250573926528 0.26543495628871117 0.09689267232624071 0.17142549719257977
0.07001222630104911 0.11015677065377151 0.08703776133310467 0.1376959633172144 0.10089097480259548 0.2355773637964535 0.09339378381515412 0.16523515598065724
0.09837346836072985 0.07054316183895815 0.2020891897161181 0.1410863236779163 0.09687961435118007 0.10674982867422145 0.1573007220707514 0.12697769131012465
0.10726154649706984 0.06620184943810262 0.2634338290712794 0.13240369887620523 0.09320298579088186 0.0754908872592611 0.1465763373802516 0.11542886568694816
0.05723346400936048 0.08484831379268912 0.09638610404896535 0.10606039224086139 0.11654285377066026 0.2069137312095494 0.11989435644619115 0.21212078448172278
0.070143952812459 0.11249973383787283 0.09714671933027956 0.14062466729734108 0.09936869790392067 0.2160864189379037 0.09538020912341394 0.16874960075680925
0.1094867292762069 0.07843966482586028 0.14874601021603484 0.09804958103232533 0.1485247679146907 0.15333646187191835 0.1457572876241732 0.11765949723879039
0.13230569376109097 0.08887293156847319 0.18588298167694348 0.11109116446059147 0.14161380276086138 0.11639301976935514 0.12385835798815198 0.09998204801453232
0.10842627881087585 0.06657845213982014 0.23786828171132157 0.13315690427964028 0.10486734470814321 0.08080151330913281 0.14846001118938998 0.11984121385167625
0.11860719011953028 0.07626520268416369 0.19253460883360385 0.0953315033552046 0.14769773632950717 0.11344927205206755 0.1417166825996773 0.11439780402624551
0.10467516476804838 0.0658071975486891 0.24760452586473755 0.1316143950973782 0.10562167443394145 0.07948385813577168 0.14674022856379332 0.11845295558764041
0.10065523326935943 0.06508617859333618 0.27414085356531787 0.13017235718667236 0.09517045479733119 0.07248733721185226 0.14513246390812573 0.11715512146800511
0.09876132858536918 0.06429721702154634 0.2868849107970104 0.12859443404309268 0.09189818455053672 0.07045573700516837 0.14337319735849285 0.11573499063878338
0.09777771884127787 0.06384561385221567 0.2931103175401693 0.12769122770443134 0.09063249886808274 0.06965432856549122 0.1423661896943436 0.11492210493398819
0.0780676693978728 0.11189538827866068 0.14857032707995804 0.13986923534832585 0.09638638268622729 0.16250008559818696 0.09486782919277753 0.167843082417991
0.14087299205236034 0.09108188826923262 0.1980236515556388 0.10929826592307913 0.1279702216687028 0.11646963949801498 0.12099767330515883 0.09528566772781258
0.12366830417229206 0.07446165458211901 0.18441128965416972 0.09307706822764876 0.15326934410104465 0.12105454402426645 0.13836531336528085 0.11169248187317851
0.08097802395130309 0.11025297942087449 0.12142994045735218 0.1378162242760931 0.10951515676639256 0.181152853878975 0.09347535211769793 0.1653794691313117
0.10014105024379179 0.067911962558946 0.22835820432736886 0.135823925117892 0.10019150980495062 0.09389827494831293 0.15143354039263485 0.12224153260610283
0.10003038793173952 0.06524447942432644 0.27165074802442474 0.1304889588486529 0.09446075788221313 0.07519915379061118 0.14548545113424433 0.1174400629637876
0.09839037989186047 0.06409992081125401 0.2885195859747101 0.12819984162250803 0.09172800477233775 0.07074915321033577 0.14293325625673656 0.11537985746025722
0.09744665568706687 0.06364714593457939 0.2950400698286242 0.12729429186915878 0.09056158907072492 0.06952174906751113 0.14192363586009193 0.11456486268224289
0.09702339816054623 0.06347101505349775 0.29756336736633554 0.1269420301069955 0.09008798164917242 0.0691334902836854 0.14153089028347113 0.11424782709629597
0.09684835071008607 0.06340242722196977 0.2985442212529294 0.12680485444393955 0.08989977541895236 0.06899805229642386 0.1413779496561535 0.11412436899954558
0.09677807010610388 0.06337554147139471 0.2989279122505961 0.12675108294278942 0.08982552276851806 0.06894789736691774 0.14131799844516968 0.11407597464851048
0.1137338015826593 0.07448811450225445 0.21973760500169562 0.09311014312781807 0.1407456309543234 0.10803805165203632 0.13841448142583104 0.11173217175338168
0.10168975253634654 0.06434073298397706 0.2664505314909536 0.12868146596795413 0.10253705322418416 0.07701691296563216 0.1434702314597936 0.1158133193711587
0.09869592173895285 0.06406261683227821 0.2863983110572151 0.12812523366455641 0.09349833586457433 0.07105679659294374 0.14285007395137858 0.11531271029810079
0.09754102077432397 0.06366832878107585 0.2942705915168934 0.1273366575621517 0.09100867719736597 0.06960086191609238 0.14197087044616016 0.11460299180593653
0.09705565556231636 0.06347998337610684 0.2973021067288835 0.1269599667522137 0.09023002401536781 0.06915740518378574 0.14155088830433377 0.11426397007699232
0.09685658117578168 0.06340318029897908 0.29845986779285005 0.12680636059795816 0.08996500764684065 0.06900364904394336 0.14137962890548467 0.11412572453816235
0.12996999938659315 0.08510898707461709 0.2508859897757603 0.10638623384327135 0.12069382931679672 0.09259463867995169 0.11861271146406523 0.09574761045894423
0.1065037296214503 0.0633315397430824 0.2782072844172685 0.1266630794861648 0.0968243258305991 0.07325338820543131 0.14121988115845532 0.11399677153754831
0.10143377136647241 0.06352902778030799 0.2904400562862668 0.12705805556061597 0.09163095246142619 0.06989563653471419 0.141660250005642 0.1143522500045544
0.08034555840526898 0.11148780533900832 0.1482517120351271 0.1393597566737604 0.09662688825785601 0.1621743015365248 0.09452226974394184 0.16723170800851248
0.1010577919766059 0.0672685317500168 0.23993705937649532 0.1345370635000336 0.0964720209339662 0.0896453895896802 0.14999878572317182 0.12108335715003027
0.08045792141930544 0.11197007626867526 0.13619132225646555 0.1399625953358441 0.09795960722432037 0.17057221147328205 0.09493115161909425 0.1679551144030129
0.06714012649221457 0.10929546079272796 0.15565310166524665 0.1953746166214888 0.06431880745351407 0.13299451399497172 0.09938621802049648 0.1758371549593399
0.11657666157243339 0.07757668603413387 0.17064315591862625 0.09309202324096065 0.14477184905433285 0.13320947887281903 0.14776511625549307 0.11636502905120079
0.07016691964010234 0.10192944389157982 0.07067181242412 0.08194854528606091 0.1536196334521135 0.2651290687583547 0.09263748597554712 0.16389709057212182
0.10985712421507302 0.08255674105457671 0.14017718388618117 0.09287056201834622 0.16284016100045345 0.16219522538802147 0.13805832801533258 0.11144467442201546
0.11899035500448066 0.08032735182167162 0.1636105085430584 0.09210119929443435 0.16472829584809334 0.13280623168231873 0.1369146186526218 0.11052143915332122
0.08148698604202004 0.11798682162609149 0.11548951955797379 0.13556933533807308 0.11111711384980452 0.18371564590756942 0.09195137527278001 0.1626832024056877
0.11459870534186828 0.0853886813750973 0.15839636211693192 0.0948233835567652 0.15056908762444132 0.14147439132492998 0.14096132839184797 0.11378806026811823
0.0818688872918807 0.11860587665851591 0.11419583534475539 0.1356208080704646 0.10784361555774027 0.1871337201790748 0.09198628721301078 0.1627449696845575
0.10306155601239782 0.07553665773309774 0.22348598762171792 0.13410009791352512 0.09913034896162948 0.09448366193187245 0.14951160170358696 0.12069008812217262
0.08166464204969966 0.1197179701951682 0.13138661798591586 0.1384318942930582 0.0977412606649021 0.1710464046608162 0.09389293699876992 0.16611827315166983
0.10264193407177868 0.07536491077551823 0.23121848856006685 0.13370458625555126 0.09648954734782612 0.09117576963852116 0.1490706357207415 0.12033412762999615
0.0816067770963019 0.11971708932359361 0.13326965288134127 0.13844927051586683 0.09716287142440609 0.16975049152868835 0.09390472261076185 0.16613912461904018
0.10257020819017247 0.07532259428535241 0.2320276019689624 0.13362988013288393 0.0963059781730551 0.09088950116092695 0.1489873439690512 0.12026689211959554
0.08159282049400267 0.11970921858964502 0.1334634249469053 0.13844497288057728 0.09712063885364627 0.16963314908561736 0.09390180769291329 0.16613396745669273
0.1025604702821842 0.07531732702393065 0.2321100542776881 0.13362141913280295 0.09629083320909129 0.0908627082694013 0.14897791058537882 0.12025927721952268
0.1038882272936229 0.06954417267679597 0.27193867922383863 0.12868627156664209 0.09274329576436634 0.07390611972105222 0.14347558934370394 0.11581764440997788
0.0817777447814437 0.1187962879268465 0.1430782666818511 0.13811365657146027 0.09622719821525672 0.1625933691323988 0.09367708880499043 0.1657363878857523
0.089065311732168 0.065139169481276 0.20510718245285786 0.11565083030125897 0.11091461477372536 0.10341916806130172 0.1719227268359014 0.13878099636151078
0.10212995800638269 0.06966864700392657 0.26147535246889425 0.13028210663472087 0.0969812319278358 0.0769539816345486 0.1452548263524425 0.11725389597124877
0.10294031690970971 0.06830164688977855 0.2832570645835034 0.1270488204234583 0.09183275594727235 0.07062550334826474 0.14164995351690055 0.1143439383811125
0.13670161041380813 0.09034708251966285 0.24357100550623184 0.10514980043342874 0.12023671022326038 0.09212479003028158 0.1172341804832407 0.09463482039008587
0.11065049604369828 0.06892075335500081 0.2737464477495959 0.12531894844179656 0.09618386191846721 0.07267116354155287 0.13972127535227166 0.1127870535976169
0.1044367663259882 0.06771380613668403 0.28757678548103444 0.1259960105702977 0.09102837267439554 0.06937570019980623 0.1404761490985259 0.11339640951326792
0.12021446420145586 0.07897573674819382 0.2146926947585795 0.09195962375368759 0.13998515063412723 0.10711662429703409 0.13670415710249678 0.1103515485044251
0.10789631318292847 0.06899279161772072 0.26249591570858877 0.12695868026733925 0.10164693116318063 0.07619710184993167 0.1415494539697051 0.11426281224060532
0.12144555898931378 0.07927304760177088 0.2062998338553178 0.09219583945899472 0.14387677240413146 0.10921863272600807 0.13705530761366977 0.11063500735079367
0.10846980863703733 0.06919381057818776 0.2590239257165081 0.12729455469809653 0.1027631935135687 0.07676567873357124 0.14192392889474342 0.11456509922828687
0.10447057392628106 0.06812222690620019 0.2818714114800116 0.1267418014511182 0.09294548170943115 0.07047323294634644 0.14130765027460493 0.1140676213060064
0.10282326477101703 0.06758436517871785 0.2909922546588788 0.12586913470387684 0.09020886661818905 0.06890520086001643 0.1403346919758149 0.11328222123348915
0.10212152016858558 0.06733017884366814 0.2945484799537119 0.12545403783973277 0.08934552797310702 0.06841973121576284 0.13987188994967223 0.1129086340557595
0.09375486282468079 0.13565358986007198 0.17028595101310912 0.15800895227761205 0.08198782908150748 0.13772229086499121 0.08037846702817657 0.14220805704985084
0.10722716626868091 0.06690691255441829 0.2542971859408255 0.13381382510883658 0.09153077228132069 0.08142852625488695 0.14813740508589152 0.11665820650513957
0.09900145100625785 0.14157238737044148 0.11561543795733513 0.11511757865797075 0.11460605791019894 0.19786624370543332 0.07807974900279753 0.13814109438956487
0.07927737315592716 0.12413501199163368 0.10306141510859318 0.13448981750458913 0.09871220403730036 0.20771721662811954 0.09121918056833002 0.1613877810055069
0.10328668966585379 0.07620972603558769 0.218705899792202 0.13458009073161775 0.09743037780974231 0.09861837643113983 0.15004675787540067 0.12112208165845599
0.10508248608590368 0.0698914392494851 0.2664970896910753 0.1292180834133838 0.09336828965279768 0.0755778169699393 0.1440685198653697 0.11629627507204543
0.10366362673287369 0.06814227963859598 0.2851141135365016 0.1267100380157353 0.09083932545954876 0.07021934598802428 0.1412722364145586 0.11403903421416176
0.08211733985071544 0.11842028341162582 0.14617983485139918 0.13783679244473515 0.09567328893301517 0.16087900687318074 0.09348930270164646 0.1654041509336822
0.10267731313274224 0.07484914458830363 0.23733911737574973 0.13292691691615338 0.09550414180695668 0.08886554851321819 0.1482035924423382 0.11963422522453805
0.10425159287396471 0.06931751405254306 0.2738811336354138 0.12830883697207604 0.09233890367965664 0.07336928757395378 0.14305477793752355 0.11547795327486841
0.10319142858166912 0.0679092746834685 0.28797660958559884 0.12633913714752795 0.09037514792791675 0.06964446901536692 0.1408587096256767 0.11370522343277518
0.09413117229029254 0.13585108636705048 0.16855568445244662 0.15815752111495054 0.0822504359421865 0.13825828747983868 0.0804540433497792 0.14234176900345547
0.10732241314522609 0.06690758040485183 0.2540409836587174 0.13381516080970365 0.09159138293472452 0.08152422432281255 0.1481388837616581 0.11665937096230575
0.08297239955383096 0.1185736010287005 0.13878443962092463 0.1382434078719482 0.0960029270700474 0.1657660413733239 0.0937650940348866 0.16589208944633782
0.0899733655789965 0.14343339127544422 0.12765812195213508 0.1591893559064059 0.08355055855377211 0.17194585319552663 0.0809789332219543 0.1432704203157653
0.10795455050726874 0.06797752377783123 0.23734887716275976 0.13595504755566246 0.09327030007455474 0.08846096131442183 0.1505078263538469 0.11852491325365445
0.08313038002410733 0.11878646750443637 0.13477024496690637 0.13836781658730568 0.09641762073856644 0.16863661467556468 0.09384947559834646 0.1660413799047668
0.07758285762329566 0.12363934150369014 0.10907654101778282 0.13719581678832096 0.09609934683853305 0.19871656208683536 0.09305455399555684 0.16463498014598518
0.10285754275676588 0.07615014360284901 0.22159062534062968 0.13458065897397878 0.09677807470677688 0.09687297011919177 0.15004739142322707 0.12112259307658088
0.10494746492981913 0.06982300070357364 0.2676645009964452 0.12909803935110994 0.09314135122769612 0.07520272768091059 0.14393467969444645 0.11618823541599896
0.0824811596166471 0.11878178651159302 0.1420271122177732 0.1380531036157047 0.09628760352541245 0.1630694920694588 0.09363601810456493 0.16566372433884563
0.10235963663464873 0.08086370303456111 0.23450213544703605 0.13201982741725557 0.09524302255533909 0.08900157489131628 0.1471922553443133 0.11881784467553003
0.10394776701149432 0.07368860305860293 0.27213501560807307 0.1277102454621594 0.09201580098756329 0.07317595388118889 0.14238739307497472 0.11493922091594345
0.10289072170213558 0.07175764042072387 0.28677316679588233 0.1257599539689794 0.09003608202825758 0.06938551290771942 0.1402129636042203 0.11318395857208147
0.0898310289855582 0.06258188365407348 0.2573106782618208 0.11000152017176924 0.10456356962918209 0.08018484719433544 0.16352464789713758 0.1320018242061231
0.1002748088490676 0.07101934881955603 0.28142848743079635 0.12691590495584715 0.09346372943814454 0.07117164335674699 0.1415017626895788 0.11422431446026243
0.08105412370350569 0.12438880624137189 0.14468186111507286 0.1368414181359386 0.0957196616159169 0.16029024816764847 0.09281417925741922 0.1642097017631263
0.10189964413359905 0.08148152340971117 0.2356016317697532 0.13187185165237097 0.0950199069790819 0.08841350215891519 0.1470272734094345 0.11868466648713388
0.08140136721881219 0.1267389816584397 0.13359978243132803 0.13714131531519164 0.09612883232413945 0.16740255489485967 0.09301758777899954 0.16456957837822994
0.11617867798157804 0.09315542669487346 0.16379304060028727 0.09390200524114165 0.14446077865563553 0.13623602689505865 0.13959163764205534 0.11268240628936999
0.07338065838817237 0.112444973200702 0.16280944171594672 0.1904749088017684 0.07033508546524853 0.12223375655088799 0.09689375795568221 0.17142741792159158
0.10363423991158423 0.06793523944981185 0.25390233993716893 0.1358704788996237 0.09013572513595015 0.07965658455761106 0.15041420537524477 0.11845118673300528
0.0819628130649953 0.12425849246807058 0.1383122983302532 0.13754064290079798 0.0952737507518984 0.16431479494857276 0.09328843605445428 0.16504877148095753
0.1023702739287149 0.08165356170989305 0.23294040703896077 0.13219525328674195 0.09513670698365233 0.08934022699666139 0.1473878420973078 0.11897572795806775
0.09372566250762883 0.14579963676351887 0.1529035691737324 0.15772979574548981 0.08293605522728581 0.14471200309739338 0.08023646131401006 0.14195681617094083
0.12179514274777942 0.07604544571610339 0.16807182294000364 0.09125453485932407 0.14941399930982063 0.1345024178221406 0.1448484680306731 0.11406816857415507
0.08389747293384592 0.12333301900978226 0.11587760277491758 0.134333270198531 0.10698498694893822 0.18326072323935297 0.09111300065639495 0.1611999242382372
0.07660786900220579 0.1330936150495076 0.1032310821046435 0.1347696952405906 0.09710850567533909 0.2020565879540825 0.09140901068492233 0.1617236342887087
0.10211587979185155 0.08364616556015401 0.21771688260843405 0.13356365058178649 0.0965778837623093 0.09725874920977544 0.14891350296208133 0.12020728552360785
0.08142380710337015 0.1271719156652055 0.12924618061463147 0.13716271290440632 0.09645040595925083 0.17091762134138117 0.09303210092646691 0.16459525548528758
0.1341636808304419 0.1076281242906568 0.1873279702615467 0.10842038606106308 0.12519021660568067 0.11881063511115549 0.12088063938449868 0.09757834745495675
0.11198816168769962 0.0769245031632235 0.2503175060763577 0.12715992065613863 0.09879218337700651 0.07859997446377236 0.1417738219852769 0.11444392859052474
0.12259601707104162 0.0843614312953271 0.20191385146919505 0.09190395333571705 0.14266237670170537 0.10965622683702793 0.13662139928712563 0.11028474400286047
0.08422133431738625 0.1252628514597961 0.12421343838332378 0.13448136235700622 0.10566578340484666 0.17356414947665552 0.09121344577257813 0.16137763482840745
0.10320052442137032 0.08198045434475125 0.22650560081412222 0.13243816947098688 0.09773187391173681 0.0912903489984768 0.14765867551466746 0.1191943525238882
0.10443751079492386 0.0740172750618302 0.26890547247134544 0.1280545104525206 0.0927962786905934 0.07376867027370775 0.14277122284781027 0.11524905940726854
0.10314062354403905 0.07187873708813244 0.28550339575268746 0.1259092100968465 0.0903038234423887 0.06956654794046883 0.1403793730482751 0.11331828908716184
0.10221136496773577 0.07116703114566521 0.29192392204054973 0.1250686654795443 0.08921912099333038 0.06840586791439127 0.13944222852719343 0.1125617989315899
0.10175481630354326 0.07090947142097936 0.294403774812133 0.12474958034478784 0.08877877448129359 0.06804248791269049 0.13908647241426345 0.11227462231030906
0.10155656226528494 0.07081311413295636 0.29536220230919935 0.12462820707508641 0.08860540973469792 0.06791796783894402 0.13895115027625304 0.11216538636757777
0.08124368010189899 0.12419586635314951 0.1479823799032325 0.13663203050883002 0.09451458538740769 0.1588008613115048 0.09267215982338035 0.163958436610596
0.07651394417819736 0.1339716285994576 0.11127428080667033 0.13554728421138953 0.09480095246950745 0.19329874982468961 0.09193641885642073 0.16265674105366743
0.10188545207631523 0.08358365177298636 0.22131727143405222 0.13331293855067128 0.09585087872384983 0.09543418498927987 0.14863397775724094 0.11998164469560416
0.10435355794202593 0.07438996184757429 0.26692738838529423 0.12838238565574284 0.0925945735800364 0.07467120626805342 0.14313677923110432 0.11554414709016855
0.103202684474151 0.07198445576965325 0.2847505174808675 0.12602245964160672 0.0903325434399266 0.06978148767712454 0.1405056378392242 0.11342021367744604
0.10225572064623986 0.07120118222889582 0.2916356840203366 0.12510859506207098 0.08925094143283316 0.06846339402186864 0.1394867470318911 0.11259773555586389
0.08139855547659751 0.12431804138589417 0.14710547727347428 0.13668680808365968 0.09468831013433125 0.15906932463673468 0.09270931330891702 0.16402416970039163
0.1015064718577873 0.08542337810275784 0.23588263159010167 0.1310085139493327 0.09434758506971504 0.08785904057717256 0.1460647162987336 0.11790766255439941
0.11994159618554052 0.08914171743325254 0.19731676123551586 0.09212871880168635 0.14150643582462807 0.11245477970887605 0.13695552824847704 0.11055446256202363
0.10799319103411749 0.07735460945959141 0.25425173408967905 0.1264690079764072 0.1019930622371422 0.07711278211627194 0.14100350590802413 0.11382210717876648
0.10409817152233229 0.07491678447433325 0.27906173557477115 0.1258240724622013 0.09238019195286223 0.07019292785831822 0.14028445093920053 0.11324166521598115
0.10240237489893876 0.07398869728428492 0.28902065589249354 0.12487751425870529 0.08962409192582628 0.0684677937259421 0.13922910918097442 0.11238976283283476
0.08110121836577024 0.12868243528281542 0.1460574932371281 0.1359813298764536 0.09438448212192015 0.15838463021753005 0.09223081504663809 0.1631775958517443
0.1153705222641826 0.0979589183895442 0.16732067628499211 0.09312380998297726 0.14298102585373934 0.1330616771210437 0.13843479812394827 0.11174857197957269
0.10798180374606994 0.07958779973848748 0.24188295704269164 0.12786687345640924 0.1033826647780261 0.08165569352764021 0.14256202159990702 0.11508018611076831
0.09434629287491812 0.14953162055137637 0.15463398408291099 0.15628686196052644 0.08400405853214589 0.14103655906242404 0.07950244717122433 0.1406581757644738
0.10793132928764276 0.0672921577526856 0.24877406966421364 0.1345843155053712 0.09269892108476431 0.0823989209962811 0.14899036962743573 0.11732991608160565
0.08241890517332551 0.12740452091325585 0.1366254543830528 0.13671505684143498 0.09541395801258305 0.16463556313069622 0.09272847333592982 0.16405806820972196
0.10209939111566341 0.08620210919584849 0.23139920927262203 0.13145049057876934 0.09482382297711435 0.08916204808186495 0.14655748725722492 0.11830544152089241
0.10373184377541896 0.07711145217258081 0.2704468445330614 0.12732433620570782 0.09176386743859619 0.07307262023626854 0.14195713305322943 0.11459190258513702
0.11983528513764305 0.08706946860255287 0.20845032236677577 0.0914571055100108 0.13976002759329834 0.10772213419566036 0.13595712998204587 0.10974852661201293
0.08331083478699959 0.13025373081875294 0.12529103126189314 0.13363668816991342 0.10453881979354014 0.17196433304106343 0.09064053632394127 0.16036402580389608
0.10250265156723432 0.08682239130673514 0.22616123338538577 0.13159513174656098 0.09706642108672177 0.09069780097026153 0.1467187513651956 0.11843561857190489
0.1039945150844248 0.07733161244837364 0.2683097173548731 0.12753268012028515 0.09240176437497263 0.07346087753888439 0.14218942096992984 0.11477941210825662
0.10280457296241567 0.07468497726007473 0.2848978149777803 0.12546569847038952 0.09000683928982875 0.06933607773350227 0.13988489068265814 0.11291912862335055
0.10190955075459675 0.07381862740614452 0.2913398513636968 0.12464215758161196 0.08895062524918505 0.06819454177136779 0.13896670404994646 0.11217794182345076
0.08099675032004983 0.1286173860661465 0.14660442546273683 0.1359548254624295 0.09421725449190721 0.1582507295020799 0.09221283813973481 0.1631457905549154
0.10139936863633424 0.08610813915526237 0.23562870453064808 0.13098751882674678 0.09423641685980057 0.08770977674328528 0.1460413083038505 0.1178887669440721
0.10341015242998518 0.0769815256669521 0.2721363776484525 0.12712186831795433 0.09150066766846644 0.07270833031410247 0.14173139646792815 0.11440968148615888
0.10253007553318214 0.07453064122091327 0.2864027465140284 0.12528703452986448 0.08969337893977103 0.06911209846326008 0.13968569372210263 0.11275833107687804
0.10179080768411468 0.07375520738219069 0.29192668092757046 0.12457086906385775 0.08883629691866032 0.06811913319344509 0.13888722267268916 0.11211378215747196
0.10141364379082946 0.07348551116490575 0.29406474136271293 0.12429918975107271 0.0884749603212116 0.06780836231979281 0.1385843205135094 0.11186927077596542
0.1186752412197651 0.08601918505668375 0.2160340481539717 0.09098382653655009 0.13804599832190625 0.1058075398666604 0.13525356900060279 0.1091805918438601
0.12282460452174622 0.0876537667266835 0.18790349515887267 0.09011275577655149 0.15395486351603144 0.11545654355714047 0.13395866381111238 0.1081353069318618
0.14258846868152042 0.10112513069209146 0.20467849907188318 0.10359119898216423 0.13743681286884174 0.10185135444092919 0.11549645617862192 0.0932320790839478
0.0873836138083069 0.13347985159365283 0.12409324590961225 0.13286087555752737 0.10367641345483432 0.16895861602018863 0.09011433298684467 0.15943305066903282
0.11672753351335895 0.10154654042817883 0.15900483465192786 0.09261909459490834 0.14565268181901034 0.13562189667793653 0.13768450480078911 0.11114291351389
0.10837675100646431 0.08221455901431036 0.23792595052368415 0.1277814550223699 0.10405764016773279 0.0821735483248424 0.14246678642046315 0.11500330952013292
0.1046305967148807 0.07758469951048827 0.27235367795163884 0.12631520223368511 0.09322097453535005 0.07137914306071093 0.1408320239829295 0.11368368201031659
0.13656761203178336 0.10107398906986172 0.238028090102947 0.10390183124176271 0.11961364798241167 0.09146039348708476 0.11584278796656232 0.09351164811758644
0.11009913802998197 0.07970605449394626 0.26994260936137865 0.12370098923780833 0.09534871861265734 0.07195422836715096 0.13791737158304898 0.11133089031402749
0.12110174928300461 0.0888999935410841 0.20767052053144494 0.09089616288739459 0.14033512033405182 0.10689780685987023 0.13512325109827614 0.10907539546487349
0.12337619058644617 0.09006381480275152 0.18482516756498588 0.0899307593293283 0.15457907870153917 0.11561996395108175 0.1336881138686731 0.10791691119519395
0.09637710381205297 0.15378649912871306 0.13737011349455158 0.15311347251243068 0.09291766237472132 0.1507448656600194 0.07788815775632343 0.1378021252611876
0.10468522654169322 0.0944755029581907 0.23002336138442028 0.12981386477050713 0.0934323904770846 0.08600440395738093 0.14473277161726691 0.11683247829345643
0.10406622958717368 0.08097922519571625 0.2693268742576205 0.12675230391440376 0.091187296344675 0.07229163744004502 0.1413193597374024 0.1140770735229634
0.08114448350313892 0.13426209855214244 0.1409245974021853 0.13545382063364103 0.09441868525560086 0.1593787037240178 0.09187302616890437 0.16254458476036923
0.06709315347932804 0.13220022619695757 0.15409922113505908 0.18958522477155065 0.062373590611501425 0.1275807019535057 0.09644117955770186 0.1706267022943956
0.13954547492881572 0.09289274900163136 0.204447924970102 0.11147129880195765 0.12108653388772131 0.10997260173288226 0.12340331002902921 0.0971801066478605
0.08665534446777502 0.13583976138694648 0.12381337681552958 0.1327018932793315 0.09975597001446425 0.17198488057216524 0.09000650152859006 0.15924227193519777
0.07614728501831294 0.14854089244601576 0.10386628966167027 0.13258013646979067 0.09431533577455088 0.19552997821683543 0.08992391864907541 0.15909616376374877
0.0853931389080182 0.1755565818450533 0.1141960408484824 0.1526186883455665 0.08037176608831556 0.17687050125167916 0.07763646320187513 0.1373568195110098
0.07535352024228306 0.15987698136212067 0.10089753565648824 0.1314740707607707 0.08930195470341708 0.1961533348025162 0.08917371755947927 0.15776888491292482
0.07349885291959836 0.15494526153185118 0.09780303372574264 0.13159882754535435 0.09130692583103123 0.20367017018732175 0.08925833520467513 0.15791859305442518
0.07299416582965944 0.15448799867337545 0.09687937044682292 0.13127115775783438 0.09155787183859553 0.2062479565346494 0.08903608960966158 0.15752538930940121
0.10034035346498298 0.09693107287084998 0.21288371947499782 0.13189135913385416 0.0945742285381635 0.09762802050117679 0.14704902279550605 0.11870222322046875
0.08017110524952813 0.13980630564786156 0.12691325884051216 0.1351860445827178 0.09489210979256493 0.16911651823579776 0.09169140415175642 0.1622232534992613
0.07494961999197465 0.1510438276469088 0.10459853096071826 0.13264250828437066 0.09323856190377844 0.19438971826073578 0.0899662230102688 0.15917100994124478
0.06594841379910699 0.1379224924567344 0.14179122446241543 0.18910376409112564 0.062100085535342874 0.13674436937038467 0.09619626260287696 0.1701933876820131
0.10342369106524461 0.06874019092397217 0.245879122977335 0.13748038184794434 0.08952993444842336 0.0828955527522596 0.15219643411738243 0.11985469186743866
0.08136697556083669 0.13162710051559734 0.13564903850058505 0.1363507204101172 0.09446256154965632 0.16444138077985673 0.09248135819120994 0.1636208644921406
0.10141762758727979 0.09134795764560881 0.2301616549655875 0.13066929852741552 0.09424249585486914 0.08887208032668563 0.1456865164178797 0.11760236867467398
0.1032829445402762 0.08089598094317263 0.26943322255925833 0.12676915174521877 0.09137798188913672 0.07281033794078033 0.14133814381146032 0.11409223657069688
0.08093191476848392 0.13486773251069928 0.14086585784914463 0.13532109225436398 0.0943874390012557 0.15945765120785574 0.09178300170295992 0.16238531070523674
0.10108655669567121 0.09179632344714217 0.23230567227865206 0.13035419528733339 0.09402212295685373 0.08778115375539222 0.14533519982035525 0.11731877575860004
0.10312035207782101 0.08091713201581877 0.2702836520059751 0.12665767752586626 0.09125677306550496 0.07255864515988043 0.14121385837585387 0.11399190977327964
0.10224053766385885 0.07776965583754489 0.28525553590866604 0.12484005846489919 0.08943683055270914 0.06891398018782352 0.1391873487660891 0.11235605261840928
0.08070515328800461 0.1337780018645478 0.14467376247229904 0.13519939805293482 0.09390502683892056 0.15779891853169378 0.09170046128807753 0.16223927766352175
0.07523000513881825 0.14946605622344658 0.10900689598197175 0.13296047615762283 0.09324137144055641 0.19036073549196236 0.09018188817647461 0.15955257138914736
0.11331695131029927 0.10769187650567898 0.15373944203342765 0.09259831056183714 0.14217106440892344 0.14171077456594283 0.13765360793968623 0.11111797267420455
0.14021739944099035 0.11092320680810888 0.19180979142549037 0.10406021714958055 0.1346953136044434 0.10862049970282872 0.11601937643393533 0.09365419543462249
0.1123649736890024 0.08421491842801293 0.2503892147788926 0.12511514762891693 0.09989260224358239 0.0759254577106408 0.13949405265492676 0.11260363286602523
0.12189047691513694 0.09145500427053835 0.20106014915851786 0.09099005504130069 0.1420441476326519 0.10810927284104647 0.13526282809124698 0.10918806604956083
0.1079718218677031 0.0805765265573417 0.25513905212063986 0.12560318288616376 0.10166460539278876 0.07596377103160007 0.1400381755462154 0.11304286459754737
0.10376688971166526 0.07796580930518689 0.2789560888962222 0.12522828620043217 0.0920127597518392 0.06974451483527615 0.13962019371898926 0.11270545758038894
0.10205071133757239 0.07694184632229248 0.28857736635729053 0.12436588382331477 0.08929512031067252 0.06818109698098425 0.13865867942688975 0.1119292954409833
0.0923203740472839 0.15278386438424238 0.1665016768430736 0.15470588029751847 0.0805722630014842 0.13518244048554548 0.07869820867308548 0.1392352922677666
0.10277416452473558 0.09431078723432545 0.24260553583913366 0.12869631614004756 0.08985580660349518 0.08244391683876387 0.14348678829345599 0.11582668452604278
0.11973435979406985 0.09413369943021344 0.19906869660421103 0.09150671899470088 0.13929988688466527 0.11041769173921176 0.1360308837592867 0.10980806279364107
0.10756004917950504 0.08119241304736935 0.25441922514288695 0.12577303028268305 0.10116544278441184 0.07646656959057352 0.14022754271815557 0.11319572725441475
0.10370240894446033 0.07811070933702663 0.2786909568244883 0.12527761800951887 0.09193538057475621 0.06985787509653996 0.13967519500464265 0.11274985620856698
0.10204645026909594 0.07697803209153467 0.28847761699716834 0.12438145936563245 0.08928831924952801 0.06820876360375137 0.13867604499422007 0.11194331342906921
0.11860128746773853 0.08956228740732113 0.21386596284618406 0.09068120129078 0.13801093602338538 0.10565718716846562 0.13480369624718938 0.108817441548936
0.14030731131168622 0.10501874689615591 0.21399369684873817 0.10277360085532732 0.13194044793345763 0.09888506010285589 0.11458489528198432 0.09249624076979457
0.09779953764754892 0.07227323680412578 0.227525544156767 0.10882045128564309 0.11518435354070071 0.08604342535005377 0.16176890967238886 0.13058454154277171
0.10256516576345613 0.07737507865607238 0.2684532851080081 0.1270510469797487 0.09612735959458923 0.07242968565534819 0.14165243596100338 0.11434594228177383
0.10217150190381628 0.07714861431921699 0.2845265643659899 0.12493254289544749 0.0905540537352944 0.0689369721700048 0.1392904620043273 0.11243928860590276
0.10149591661415328 0.07665721202518827 0.29079977327431566 0.12414698529197327 0.08882900035025777 0.0679242017811805 0.13841462390015527 0.11173228676277594
0.10111235958573357 0.0763937154666621 0.2932443291275197 0.12384848364435752 0.08826043990488096 0.06759522015161828 0.13808181683930607 0.11146363527992177
0.10093514114206315 0.07627833206491995 0.2941968607717208 0.12373368018497478 0.0880625049649259 0.06747934915540149 0.13795381954951663 0.1113603121664773
0.08042336109919553 0.1332247808638625 0.14680151275429176 0.13510284788365057 0.0935492437365354 0.15713986111578138 0.09163497508630214 0.16212341746038067
0.07518309470990601 0.14930092119727031 0.10951474296660331 0.13296777359244705 0.0931689549156612 0.1901163465662116 0.09018683774096409 0.15956132831093645
0.13069987499839686 0.12418370220907177 0.17755391026909648 0.10681577185184542 0.1229781990230448 0.12254273269333382 0.11909161428855004 0.09613419466666087
0.12618831458468216 0.09958580680467406 0.1744023491490406 0.0897983453696083 0.14878908702540541 0.11998681099898495 0.13349127162407445 0.10775801444352996
0.0965863400652066 0.15949297563532736 0.1339638786098941 0.15233815678810236 0.09139324055067065 0.15162730922321124 0.07749375801829556 0.13710434110929212
0.104739003766224 0.09647449063018014 0.22834294272024525 0.12974559014882023 0.09308564186592214 0.08618464922546297 0.14465665050920704 0.11677103113393822
0.1040815229585397 0.08186735048766525 0.2685600767850251 0.12672206866369176 0.0911109700720639 0.07232249954647117 0.1412856496892205 0.11404986179732259
0.10252298430974827 0.07798842272052928 0.2845569366929074 0.12490388028009783 0.08944912928995732 0.0689066491274583 0.13925850532721354 0.11241349225208805
