0.125 0.125 0.125 0.125 0.125 0.125 0.125 0.125
0.099626400996264 0.07845579078455792 0.199252801992528 0.15691158156911583 0.08685378548392246 0.06839735606858895 0.17370757096784492 0.1367947121371779
0.11030863736668604 0.08686805192626526 0.1563457528399143 0.10424166231151831 0.13788579670835754 0.10858506490783158 0.16546295605002906 0.13030207788939788
0.0739055172347121 0.1231758620578535 0.1014283117167123 0.1478110344694242 0.10408737801013272 0.15396982757231686 0.11085827585206814 0.1847637930867802
0.07396548067552303 0.1232758011258717 0.09702057234528391 0.14793096135104605 0.1078505103928437 0.15409475140733964 0.11094822101328455 0.18491370168880755
0.07363819903266829 0.12273033172111383 0.0962794835058014 0.14727639806533657 0.11210987689301427 0.15341291465139228 0.11045729854900244 0.1840954975816707
0.09839732572843346 0.15346432239376845 0.0903061122054091 0.13811789015439158 0.1414247948173582 0.19183040299221057 0.10358841761579371 0.08287073409263496
0.07295173961840629 0.12906846240179573 0.09118967452300786 0.16133557800224466 0.08754208754208755 0.15488215488215487 0.10942760942760943 0.19360269360269358
0.10143979971204173 0.0747453349311576 0.20614214376825818 0.1494906698623152 0.09769113663064084 0.07467339907174572 0.16549231665669406 0.1303251993671466
0.11329067475909126 0.08122711684450096 0.16689542660832882 0.09747254021340115 0.15566985670233785 0.10888539180653911 0.15471831779904946 0.12184067526675142
0.07186130438634716 0.12713923083738343 0.08982663048293393 0.15892403854672926 0.08623356526361659 0.16751442764739374 0.10779195657952075 0.19070884625607512
0.0999782972999136 0.0736871894980993 0.21506119613856658 0.1473743789961986 0.09777507151248245 0.07449414303845237 0.16314949567344736 0.1284802278428398
0.09648743718031044 0.1463899800959703 0.11572822969400665 0.13175098208637326 0.1353593364758074 0.19642020865092805 0.09881323656477996 0.07905058925182396
0.08376382330581224 0.14819753354105242 0.07302487159993888 0.12919784975373805 0.1130735908469581 0.21007506532808815 0.08762984591992666 0.15503741970448562
0.10002166362638275 0.07285704997840124 0.21368184198234205 0.14571409995680248 0.10294291162005074 0.0764381292177979 0.16131149852767712 0.12703280509054574
0.076367373452944 0.11576776427504949 0.1261466937875749 0.13892131713005937 0.10924821967372132 0.15570599742053215 0.10419098784754455 0.17365164641257422
0.10873514104956432 0.07960377455745937 0.15795504912412298 0.09552452946895125 0.16088005322305407 0.12626955348835528 0.15162623725230356 0.11940566183618906
0.08321934908367559 0.14723423299419525 0.07255020176525563 0.12835804927699077 0.11477532698999691 0.21277293863919022 0.08706024211830676 0.1540296591323889
0.098632549564742 0.07175731524059269 0.21389738813900366 0.14351463048118537 0.10266534580423196 0.08554085648472408 0.15887659540448684 0.12511531888103342
0.06535563550367651 0.09908930670268179 0.08257714162304014 0.0891803760324136 0.15050286071101057 0.22791747612345375 0.10701645123889633 0.1783607520648272
0.06713374052052797 0.11877507938247255 0.08391717565065995 0.14846884922809067 0.09217614960651982 0.2106657757572283 0.10070061078079194 0.17816261907370878
0.07221798041927649 0.11281141927096613 0.0983754721353009 0.13537370312515937 0.10460651176348568 0.20586750703549267 0.10153027734386953 0.16921712890644922
0.08933109266797935 0.13880734660206517 0.09366276426048804 0.12492661194185864 0.13249228750932657 0.25212897089677294 0.09369495895639399 0.07495596716511518
0.07805876233015384 0.13810396412257986 0.06805122869808283 0.1203983276966081 0.10569319152327922 0.26355505795566714 0.08166147443769939 0.1444779932359297
0.0920522190325211 0.07430721295396284 0.1841044380650422 0.14861442590792567 0.09135944335036483 0.11011528311451226 0.16569399425853798 0.1337529833171331
0.07427885897373004 0.11329106137465156 0.11974999831713581 0.13594927364958187 0.1052468078818017 0.1795854525039352 0.1019619552371864 0.16993659206197734
0.06417186726547464 0.09450260462404823 0.06672418826776014 0.08505234416164341 0.14489497038980234 0.2724865239740124 0.10206281299397207 0.17010468832328682
0.06492046443945686 0.11485928323903903 0.0864979310503208 0.1435741040487988 0.08905211931523077 0.2314264763894099 0.09738069665918528 0.17228892485855857
0.09948020382185965 0.07024414634680708 0.21806310467656118 0.14048829269361415 0.09605302520355977 0.09766793907023484 0.15552631506985368 0.12247697311750977
0.07898652474159062 0.11170342123989209 0.12685898844233512 0.1340441054878705 0.1052590373576391 0.17505971175493157 0.1005330791159029 0.1675551318598381
0.07493529904534041 0.12194756819079772 0.10531650301163437 0.1311371003837971 0.10517155516495091 0.19921777343588543 0.09835282528784783 0.16392137547974636
0.07409271495401257 0.12250931766565791 0.10031573073037259 0.13047999586306136 0.10473744435778988 0.206904804702983 0.09785999689729602 0.1630999948288267
0.09059418392930967 0.15007152238143107 0.09117230477017224 0.11978910226332917 0.1281436624778287 0.2585139361224347 0.0898418266974969 0.07187346135799752
0.0767772673482713 0.13583670377001847 0.07294940363531598 0.11842174174822123 0.1037703332902259 0.2698176265765056 0.08032083353357614 0.14210609009786548
0.0906012613614886 0.07313595796650285 0.19421987917089845 0.1462719159330057 0.08987385499314093 0.11117013578457886 0.1630822704506795 0.13164472433970514
0.07738402973595825 0.11926560488570273 0.12101796585209006 0.1330692533217089 0.10325317393550364 0.1798714656256187 0.09980193999128169 0.16633656665213611
0.09176232104761466 0.15076086567875038 0.09585893453871812 0.12072178816695656 0.1286926151051965 0.24922906143737245 0.09054134112521743 0.07243307290017394
0.054883038428329554 0.09710076029627537 0.055783380840165354 0.08465194487367597 0.12379045239631718 0.3187930305172076 0.09569350290067717 0.16930388974735194
0.08843354324778546 0.07138611322411598 0.19436897125049157 0.14277222644823195 0.09706770264727253 0.11829606153267998 0.15918037784601383 0.12849500380340875
0.07681719215615782 0.11855539792787206 0.12067408579923013 0.13245978203548087 0.10447476383806445 0.18209921417223313 0.09934483652661066 0.1655747275443511
0.09415427039078772 0.15000336108875437 0.09544288566965622 0.12012284206941878 0.1285378677002752 0.24957293628739233 0.0900921315520641 0.07207370524165127
0.0639761060784668 0.11318849536959508 0.09684944641556467 0.14148561921199385 0.0941449153132987 0.2246085154389879 0.09596415911770019 0.16978274305439262
0.10019752793523115 0.07697484531767924 0.2202781765281831 0.13768790228476024 0.09569539202147535 0.09670438102113475 0.15242616777148874 0.12003560712004739
0.08113174229043027 0.11880898782942192 0.12654862109003198 0.13192520086989737 0.10397787090471013 0.17375717527571366 0.09894390065242305 0.16490650108737173
0.06569929666215837 0.10381972771337682 0.06697629862469862 0.08311309696283535 0.14221793888579454 0.2722117308700632 0.09973571635540242 0.1662261939256707
0.07437545932289841 0.13158735110974334 0.0745466474106395 0.11471717789054549 0.11762078948060935 0.2716837884868002 0.0778081728301091 0.13766061346865457
0.0877932796049558 0.07086927389797637 0.20470855135816124 0.14173854779595274 0.09969104876440876 0.10960670227326703 0.15802790328892044 0.12756469301635748
0.09498742155375356 0.14160459818878246 0.14755023370110693 0.1582156131247244 0.08769270654876743 0.14925893062683931 0.0827589360960097 0.13793156016001615
0.09678989076359551 0.16676158256605178 0.10032570726504678 0.11895414179225561 0.12316893793510232 0.23341164825840308 0.08921560634419172 0.07137248507535338
0.07543905418765205 0.13346909587046132 0.08195622327410107 0.11635767332296627 0.11530847035249436 0.25891941831614496 0.0789208566886206 0.13962920798755954
0.08746944779873571 0.07060786750018425 0.2101421741311869 0.1412157350003685 0.09891233152156276 0.10711327650990585 0.15744500603772427 0.12709416150033165
0.07874965129951789 0.12338369302874803 0.12374292786973061 0.1310859842194787 0.10416769495247698 0.17669808019109035 0.09831448816460903 0.16385748027434835
0.09334020909101984 0.16150466327102234 0.09516681599345858 0.11840496016355935 0.1270508652883992 0.24468578997173548 0.08880372012266953 0.07104297609813562
0.07497152559044545 0.13264192989078813 0.08136823097249299 0.115636554263764 0.11548833132218353 0.26269781299534317 0.07843174984846601 0.1387638651165168
0.08727591453208693 0.07045164185120271 0.21104643131777207 0.14090328370240543 0.09877104372295331 0.1076420833836581 0.15709664615775648 0.12681295533216486
0.10066575032286398 0.0745307128218438 0.26416498562705365 0.1320001893122472 0.09288262738316581 0.07454901070859038 0.14612963570586582 0.11507708811836935
0.08070324115721558 0.12402285954149729 0.13579784883697069 0.13076874101828842 0.10278464463588728 0.16438518277356387 0.09807655576371632 0.16346092627286052
0.09537017250898665 0.16190159234051088 0.09778170415117006 0.11852173933836187 0.12687563061691787 0.23954481293726398 0.0888913045037714 0.07111304360301712
0.05377974929308472 0.09514878721084219 0.05890542266957236 0.0829502247479137 0.13802310657596 0.31152244072654944 0.09376981928025029 0.1659004494958274
0.08690570926524148 0.07015280145507445 0.20104676654768583 0.1403056029101489 0.1026643016524357 0.11621949887284486 0.15643027667743467 0.126275042619134
0.10239481086306786 0.07451759608175489 0.26022678606404104 0.13198749398906137 0.09372809231881112 0.07596361882131163 0.14611558146123194 0.11506602040072016
0.08245219301447099 0.12378540005892563 0.1349039299600757 0.1304709478714993 0.1028090203674638 0.16463661298456606 0.09785321090362449 0.16308868483937414
0.0664993254640792 0.11243238347412014 0.0678379939778571 0.0823309635148425 0.14103762771015305 0.26640262261145187 0.09879715621781099 0.164661927029685
0.053037053098217525 0.09383478625069255 0.05455714714012107 0.0818046854493217 0.13958022575538986 0.32110186959533704 0.09247486181227672 0.1636093708986434
0.06205098135131853 0.1097825054677174 0.08894087769382561 0.13722813183464674 0.09805590351450044 0.24619136990943727 0.09307647202697779 0.16467375820157606
0.06381149385135843 0.11289725835240336 0.09841517219791064 0.14112157294050423 0.09497394219448237 0.22371743215769851 0.09571724077703765 0.16934588752860502
0.07432240492316368 0.12866526110594273 0.0974844852954546 0.12779157020457485 0.10081197667432809 0.21534116138738638 0.09584367765343116 0.15973946275571857
0.0753346578998012 0.13708107912414386 0.09645355301759137 0.12633251601422749 0.10123191404588755 0.21090124786989353 0.09474938701067062 0.15791564501778435
0.06388799694579145 0.11776727317834292 0.06107830313933031 0.08016285659555031 0.13719274056968916 0.2833896884655348 0.09619542791466036 0.16032571319110062
0.0626579331688245 0.11085634329868949 0.09111626263210823 0.13857042912336187 0.10203920891212333 0.23448840816362157 0.09398689975323675 0.16628451494803423
0.07345752634155503 0.13270170659310185 0.09512197034729104 0.12646084365343793 0.1015139671935542 0.21782229856418425 0.09484563274007846 0.15807605456679738
0.06348882015538224 0.11659686624285458 0.060766660305958474 0.0799858027046789 0.13697889223777096 0.28622838969838216 0.09598296324561466 0.1599716054093578
0.09677362045911697 0.0781184647079619 0.14065807808286715 0.09764808088495236 0.15838978976357526 0.16607383835090808 0.14516043068867546 0.11717769706194282
0.08508526858961153 0.0686832891024575 0.23389487235909817 0.137366578204915 0.10886765516619405 0.08931893273199948 0.15315348346130073 0.1236299203844235
0.10061701265493718 0.07541210683307456 0.2722130643218638 0.13001771770021528 0.09372387181333901 0.07073248900524472 0.1439349581378044 0.113348779533521
0.08182259918211979 0.12730750231558752 0.13720179249368641 0.12976996258586163 0.1023976788166626 0.16196053943435887 0.09732747193939623 0.16221245323232703
0.07733142996905859 0.13810206760965713 0.10591828834483256 0.12764953822622416 0.10259300445990487 0.19310659493787435 0.09573715366966812 0.15956192278278017
0.07606787636082941 0.13985128080274015 0.09856504463260055 0.12674249254305223 0.1019472566567102 0.20334106391796294 0.09505686940728919 0.1584281156788153
0.09237440284626353 0.17083586053722086 0.08859243056110117 0.11573279229421918 0.12397212162488251 0.252253122539117 0.08679959422066438 0.0694396753765315
0.06315172597497193 0.11172997672495032 0.0976291649597773 0.1396624709061879 0.10079866135976971 0.2247054460244594 0.09472758896245789 0.1675949650874255
0.10004353060589617 0.08543304194992782 0.2188113485752877 0.1355039525840716 0.09605192555100409 0.09601610408596721 0.1500084456771163 0.1181316509707291
0.10100155727326686 0.1605197879051742 0.11626893456808003 0.12043644994983614 0.12720013902541155 0.21198392384595235 0.09032733746237713 0.0722618699699017
0.09569202077112902 0.09020531056429468 0.15744145342364319 0.0965567077058079 0.1544146420066099 0.1462837851248523 0.14353803115669356 0.11586804924696949
0.08411423603026212 0.07424929120673779 0.23968260365548527 0.1357988870850015 0.10723900419623592 0.08529135459530443 0.15140562485447182 0.12221899837650137
0.10016713772648371 0.07606677241204465 0.2743929852208963 0.12966894007641733 0.09318077079730051 0.06992982980611655 0.143548846971044 0.11304471698969717
0.06467474177846641 0.12337017039655475 0.14026505479649315 0.1430306789331469 0.0969508555442168 0.16305957116364617 0.09701211266769962 0.17163681471977624
0.09922366735414233 0.08624038376536981 0.23636274576184407 0.1340184498423256 0.094123578320072 0.08483064458042743 0.1483639330773812 0.1168365972984377
0.07097797801399434 0.11316514920561585 0.08436065234656812 0.08475168748450487 0.14265702403163835 0.2328821089672629 0.10170202498140583 0.16950337496900975
0.07247266922269995 0.15482863054188073 0.0777965495272576 0.11178230243027883 0.12093285299886879 0.2522306707143166 0.07581756164836302 0.13413876291633456
0.09505767333542717 0.09866177994261267 0.1443356927356906 0.09591662821496416 0.1520829415172016 0.1562588203930061 0.14258651000314074 0.11509995385795699
0.10371193375573998 0.08991485080898531 0.16471009379277177 0.09507680789351006 0.16046485572434566 0.13069122786297854 0.14133806068945676 0.11409216947221205
0.06946014336578174 0.12910915212803709 0.11380934260161517 0.13840593963664283 0.10837661402375859 0.18087634770925298 0.09387533297094035 0.16608712756397134
0.1345026626814679 0.11692300623722048 0.18025889206176599 0.10779608634780287 0.12945433287530875 0.11775424575369196 0.11933469876517046 0.09397607527757175
0.07768891475939364 0.13383561241154654 0.11672606643675769 0.13724839029134325 0.10146402664800964 0.1752487085579046 0.09309021254543283 0.16469806834961193
0.1024607938653601 0.0882409255388869 0.226215245139183 0.13442577301162134 0.09544291176966005 0.08720779455705387 0.14881485656964183 0.11719169954859296
0.11925102211499772 0.0895923147636845 0.1845123733575641 0.08912570401652543 0.14924325320042614 0.11539883107134323 0.1414693714548023 0.1114071300206568
0.1183441436432505 0.08709030710952277 0.17531258421243984 0.09316065574941287 0.15730747662281014 0.11850247393279788 0.13848957183047045 0.11179278689929542
0.10369487453769737 0.07613044051582853 0.2419921680509239 0.13082826099067543 0.10522514037018214 0.07851993294154062 0.1458637477015441 0.11774543489160788
0.09995246832808756 0.07416963135064135 0.26905693745996784 0.13001052238892985 0.09360851902837841 0.07124042110809148 0.14495203018586655 0.11700947015003686
0.09849808166958322 0.07336584041226804 0.2791254069210852 0.12899163828392823 0.09058476554009391 0.06952574227258901 0.143816050444917 0.11609247445553542
0.09791149998152628 0.07302793184571225 0.2827837113387529 0.12854667533356698 0.08969365884211992 0.06902456489665679 0.14331994996145453 0.11569200780021027
0.09768375895411803 0.07289629840318763 0.28410385421309936 0.12837751875375927 0.08940816122228723 0.06885928857657062 0.1431313529985943 0.11553976687838335
0.09759808731638754 0.07284719155266431 0.2845794507658073 0.1283154848621816 0.08931188673922691 0.06880177254888867 0.14306218983888008 0.11548393637596346
0.1304066737024555 0.097343047001156 0.23787250918274233 0.10717219909180703 0.11932895197169546 0.09193263580545792 0.11948900406205949 0.09645497918262633
0.13759355941191262 0.1004109958869097 0.21975591433865377 0.10599974739851326 0.12647290022806337 0.09618530215685353 0.11818180792043192 0.09539977265866191
0.10576463767064967 0.07656038490109521 0.25863507781526646 0.1286742155922676 0.09741675144339029 0.07367999071231411 0.14346214783197594 0.11580679403304084
0.09978854734647512 0.07380180446706779 0.27515565553004767 0.12924126494933755 0.09153731669404051 0.07006390701063478 0.14409436554799276 0.11631713845440382
0.09826637685560922 0.0731676424884236 0.28134353397538403 0.1287067190918334 0.08998837509193006 0.0691929185058122 0.1434983868083575 0.11583604718265006
0.09779478141436435 0.07294762907938987 0.28358924505747957 0.12844162927854702 0.0895078970708991 0.06891852029926267 0.14320283144936513 0.11559746635069233
0.11421339924197974 0.08523847060340829 0.2079291997077516 0.09383167272466474 0.13935678274941654 0.10734538407069481 0.13948708363248669 0.11259800726959768
0.10408110291256922 0.0750900799717989 0.25441378212890614 0.12937105307064886 0.10049892589388948 0.07587203864102916 0.14423906961757418 0.11643394776358398
0.10143960142575069 0.07356916705274684 0.2732834110212235 0.12909988912031742 0.09210724197676413 0.07037404714584138 0.1439367420490703 0.11618990020828568
0.10038324962511014 0.07301119055853869 0.28029654358362815 0.12843147275439853 0.08996720129162698 0.06913050902484986 0.1431915076828891 0.11558832547895867
0.11682166739732516 0.08506765058538232 0.20661993429365852 0.09360136045623164 0.13923788300711992 0.10718516273607796 0.13914470897672646 0.11232163254747797
0.10562022482456943 0.07499162711727797 0.25367186546951637 0.12920263266846108 0.10039887002288822 0.07578111705785034 0.14405129343782153 0.11628236940161499
0.09281873455018354 0.14565681291681062 0.15420342158446987 0.15974332740316527 0.08321184989661753 0.13933612287212035 0.08126073611378408 0.14376899466284876
0.07935652769903365 0.14305608903759337 0.10986419461610027 0.12798080090521965 0.09858026127967881 0.18520052465193487 0.09598560067891476 0.15997600113152458
0.09352541640292965 0.17269284205519195 0.09127144930984873 0.11637681100542538 0.12370690734844225 0.2453178790208379 0.08728260825406904 0.06982608660325523
0.07524634090213624 0.14014529540345863 0.0938672668814407 0.1315383971209409 0.09675813969438112 0.21538113584004923 0.08921734761246426 0.15784607654512905
0.10243177602522466 0.08971908044026454 0.21647207601308546 0.1349771356425551 0.09496484225039441 0.09433747729876357 0.14942523766697186 0.11767237466274033
0.10146791624906783 0.16181311876841709 0.11578164045782485 0.12039656682268376 0.12686154020838708 0.2111438522829964 0.09029742511701283 0.07223794009361025
0.07714720856596781 0.13895348601691773 0.099830460265102 0.1325660877736564 0.09811876324032753 0.20439029884142182 0.08991438996821911 0.15907930532838765
0.11377746624354736 0.0990300047505675 0.14556963748953164 0.08960210974851113 0.15106733904497868 0.14672523450784206 0.1422255710293827 0.11200263718563888
0.09541656430042263 0.15214188369284692 0.08916063785014941 0.11172597883269665 0.12407042653754001 0.21763397463101858 0.07577935955608989 0.13407117459923598
0.11748514774193583 0.09644881705241354 0.14525717003544825 0.09360064448352458 0.15045758202431858 0.14528622064691998 0.13914364463520967 0.1123207733802295
0.10831108509611051 0.07770189421102122 0.2297667645747096 0.1314401245795925 0.10447023797057153 0.0834678515046365 0.14654592994172477 0.11829611212163325
0.10458060624203351 0.07433891130919273 0.2639193151972121 0.12989714084477588 0.09348543095663549 0.07204555046440793 0.14482561822544415 0.11690742676029829
0.10273221139239339 0.07319212555912777 0.2766021525387327 0.12856475517810106 0.09037125037094827 0.06948911766153786 0.1433401076388679 0.11570827966029096
0.1019165780909399 0.07275243318591651 0.2812097859047291 0.12800915880731004 0.08938816913723492 0.06879497279943891 0.14272065914785165 0.11520824292657904
0.08059099617038698 0.12621220301773417 0.1402563887026619 0.13888505976501778 0.09420350629514138 0.1589894729251983 0.09420030140583814 0.1666620717180213
0.09275965681617045 0.16573042471382926 0.12814023144150508 0.15361323853282557 0.0845124358008783 0.16097323894643978 0.08035154015563185 0.13391923359271973
0.0793724880841666 0.14693917825470443 0.10346505762249446 0.12678315478966048 0.09806031718770533 0.19181349448194776 0.09508736609224537 0.15847894348707559
0.11511053136603452 0.10037384057876368 0.1466399288390649 0.08952779721018572 0.15095687848765332 0.14337366238622315 0.1421076146193424 0.11190974651273214
0.09537283848118001 0.15780408099125212 0.08890830235470888 0.11096342462096181 0.12343710114056161 0.2150959939928334 0.075262148873348 0.13315610954515417
0.13543553286667476 0.11859252240008268 0.1670625748845924 0.10749557821793117 0.1297597468978536 0.12505847668181022 0.11984954765491729 0.09674602039613805
0.12661086539177127 0.09469682630118055 0.16872720166782898 0.09211452231260674 0.15026686922231677 0.12011186411520292 0.13693442421396465 0.1105374267751281
0.10932447850353143 0.07958579474151216 0.23812688921136863 0.12975963863016804 0.10334596299326834 0.07840124763548452 0.14467231351751572 0.11678367476715124
0.10433812640767078 0.07658360555374727 0.2665327127223796 0.12901396841384222 0.09275966232674995 0.07081840612980855 0.14384094687334348 0.116112571572458
0.10243027459352186 0.07553732768325669 0.2771684116490286 0.12799406169306266 0.08992643917701032 0.06904500268824734 0.14270382699211612 0.11519465552375639
0.1187145207125922 0.08771879480829514 0.20509618684662376 0.09307508982118219 0.13865675189181453 0.10668617580288334 0.13836237233119025 0.11169010778541863
0.08224924355624379 0.13157399591773306 0.12176534586705587 0.13594633524912245 0.10292206358409567 0.1702003339665278 0.09220707956027437 0.16313560229894694
0.13870932032927338 0.11693555642808688 0.18251581046747328 0.10725270478392801 0.1273892793083923 0.11496181762893576 0.11873315303715269 0.09350235801675776
0.0852493218310427 0.13827498285166281 0.11616252155501296 0.1348674672037158 0.09993599354197848 0.17219342679047756 0.09147532558165074 0.161840960644459
0.10508395230484205 0.08875086941879103 0.22547180159732097 0.13402057826297883 0.09491624650862365 0.08655180973625794 0.1483662893265374 0.11683845284464824
0.10344824155937585 0.16154564903546953 0.1176969835398706 0.1203575197792619 0.12689051250673583 0.2075784418772826 0.09026813983444644 0.07221451186755715
0.09016732386608596 0.17096850026140722 0.0811166567009603 0.10698638792101918 0.11387392639848455 0.2359388588438677 0.07256468050295213 0.128383665505223
0.08687211962136679 0.1723997535797809 0.10635917609252248 0.15260718845559698 0.08242327497674726 0.1843614044061012 0.07763061325784716 0.13734646961003727
0.10555083576174505 0.09424054530543012 0.22102902504985933 0.1339930998897558 0.09135488632337525 0.0886812406922223 0.1483358696378249 0.11681449733978712
0.10345399083581822 0.16311466198571506 0.11668583349274184 0.12025198799342697 0.12577512597604762 0.2083782159251238 0.09018899099507025 0.0721511927960562
0.07681203547392297 0.15041339358634712 0.09887338070773347 0.13052079429526195 0.09679495680637741 0.20143333854099543 0.08852714743504725 0.15662495315431435
0.07647977653319324 0.1423692871536637 0.09670103806924285 0.12615430902497243 0.10027023581631321 0.20571673535266982 0.09461573176872932 0.15769288628121553
0.06304887387441163 0.1258854456949432 0.05754871323997446 0.08000708320244199 0.13306708042875015 0.2899858474474866 0.09044278970710834 0.16001416640488397
0.09815167064719227 0.08954408689759773 0.1936963468343441 0.13420158170626956 0.10337069945214522 0.11062944236772887 0.14962474855907965 0.12078142353564261
0.10334470490874335 0.0806460179388408 0.25005688791294606 0.13092221612047134 0.09408625676299806 0.07714542118788648 0.1459685006596897 0.1178299945084242
0.10270873557850789 0.07774946458978656 0.2710307607185519 0.12854440627404337 0.09058632558712215 0.0703729214759305 0.1433174201294185 0.11568996564663904
0.10186921394760493 0.07672893964881024 0.27865117028646313 0.12759616766925638 0.0892661854666793 0.06879156722969935 0.142260204849156 0.11483655090233076
0.10143120750265099 0.07636553920944093 0.28140741716770784 0.1272514633885154 0.08877986464443136 0.06836230573725968 0.14187588530032985 0.11452631704966386
0.1012441157794583 0.07623592447969471 0.2824043372778381 0.1271279960879363 0.08860327694116066 0.06823092448060743 0.1417382284741618 0.11441519647914265
0.1011703751850908 0.07618956512564852 0.2827651930216967 0.12708370440854086 0.08853952657406812 0.06818745516028304 0.14168884655698513 0.11437533396768679
0.10114241039893045 0.0761729244054969 0.28289589813039717 0.12706775718439292 0.08851653957729876 0.0681724222453786 0.1416710665921515 0.11436098146595364
0.134799486858791 0.10152337289379396 0.23571051065518986 0.10585107605271847 0.11797318586383483 0.09086034876347794 0.11801605046474731 0.09526596844744663
0.10878234635418256 0.08038569971649538 0.26315555697775267 0.12649017738969356 0.09449053841374833 0.07182741327337183 0.14102710822403147 0.1138411596507242
0.10330905453055783 0.07721875801963113 0.2754781714368932 0.1276341148356916 0.09011484092760166 0.06907184378964884 0.14230251310785313 0.11487070335212242
0.08047025499509629 0.1325001681088419 0.1383882076913735 0.13784868296675748 0.09378869992369265 0.1580881991766765 0.09349736757745289 0.16541841956010894
0.10358045296501601 0.08737655343658374 0.23477325716609146 0.1333854431143732 0.09315037394905176 0.08378600548118227 0.14766316860850429 0.11628474527919716
0.11966566064385821 0.09184677697035586 0.1922379086686539 0.09357259076028343 0.1403513357832868 0.1109366773698155 0.13910194089140643 0.1122871089123401
0.10709619055346822 0.08008827169920274 0.2472982849083051 0.1288640392931748 0.10063702444564346 0.07636476664380842 0.14367378709253967 0.11597763536385734
0.08110599583389749 0.13328878235893782 0.13212190928762352 0.1378431308515284 0.09597318677319537 0.16076163607803362 0.09349360179494971 0.16541175702183408
0.10391713627848648 0.08765757771324179 0.23223024077877677 0.1336274500014817 0.09376936777557095 0.08437142162940438 0.14793108018072051 0.11649572564231742
0.08053764579790387 0.13546475660837962 0.12872419173837965 0.13793475152186396 0.09452091722135118 0.16374029077540328 0.09355574451048164 0.1655217018262367
0.10390920050298119 0.08810337118237195 0.23089718977470897 0.13379452830920358 0.09358240728340325 0.08495587655769016 0.14811604273546344 0.11664138365417749
0.08053402667804418 0.13558972715915613 0.12842525652541004 0.13793671286835596 0.09447937893661443 0.16395376757533336 0.09355707481505883 0.16552405544202714
0.10391837462049822 0.08813139130827058 0.23077763350873973 0.13380765723264737 0.093582834114325 0.08499870283980415 0.14813057699340693 0.11665282938230796
0.08053557730502478 0.1355977422785104 0.12839873431423113 0.1379370706558786 0.09447943853375455 0.1639696346372112 0.09355731748833504 0.16552448478705428
0.10391960485771035 0.08813337568916543 0.23076697220161901 0.13380879101969437 0.0935836235499863 0.08500198272750864 0.14813183214227454 0.11665381781204123
0.09575873901862965 0.1612292311228613 0.10647473131995021 0.11438653333570957 0.11233822490990777 0.19496479072326087 0.07758390956682909 0.13726384000285147
0.10422884080239353 0.09428037122981706 0.2134938585172471 0.132029781043493 0.09730966779016033 0.09262732478298523 0.1472033528947601 0.11882680293914372
0.08344070264030912 0.13169482077626027 0.12398482266734655 0.1294255589260444 0.10288763381370038 0.1697153433242505 0.0970691691945333 0.1617819486575555
0.09599598280359223 0.17001660705383348 0.09445740709238899 0.11687861057668335 0.12544081140434524 0.23942445679063412 0.08765895793251251 0.07012716634601
0.07500163168111448 0.15132484368950655 0.09342754830016749 0.129523256334282 0.0960572010745656 0.21138705484901674 0.08785055647020866 0.15542790760113837
0.11313594765409013 0.10519688325977762 0.1474985541481875 0.09420910802541488 0.14243061870453874 0.14442979202030934 0.1400481665571839 0.11305092963049784
0.10705820118519029 0.08349776808591186 0.229999056144308 0.130671783113146 0.10244629387507527 0.08303300624898481 0.14568928654555233 0.1176046048018314
0.10406870554602261 0.0786203935832102 0.26339631992052615 0.12918777016542815 0.09273430511982755 0.07168878966001825 0.14403472285608185 0.11626899314888536
0.10241107398458563 0.07705171107351164 0.27584268818948926 0.1279065743024313 0.08990168762324909 0.06916406287407309 0.1426062850804719 0.1151159168721882
0.10164653939162457 0.07648689091726227 0.2803836642733633 0.12737126348683486 0.08898486257988328 0.06848318874322996 0.14200945346965022 0.11463413713815138
0.08017082177248826 0.13227490774049777 0.13946108009698757 0.13782656716465405 0.09354132045224435 0.157851054881256 0.09348236729428709 0.16539188059758483
0.10347797341436162 0.0873144018708177 0.23520795323113894 0.13334310760739407 0.09307055754023441 0.08372186747274458 0.14761630146199095 0.1162478374013179
0.07100513264465723 0.11945674113268054 0.07963111780714968 0.08488933739113251 0.13880499962641263 0.24047213695616135 0.09596185965954108 0.16977867478226502
0.09964486719919192 0.08799302475812201 0.2033709590977704 0.13381266680085296 0.10409119560570233 0.10146474895455226 0.14919113746304052 0.12043140012076765
0.1190155115216444 0.09226227226435833 0.18254528243823032 0.09391094521776851 0.14421556467611157 0.1157523621028072 0.13960492751775735 0.1126931342613222
0.12237344612110891 0.09171999429830055 0.17368068135484538 0.09216400323190023 0.15473826851143369 0.11771882168029134 0.13700798092383973 0.11059680387828026
0.08254954533759 0.13446764567238426 0.1144112915691014 0.13521334917156877 0.10585759203421521 0.17353463342332437 0.0917099237859336 0.1622560190058825
0.10465957944397455 0.0881935163369285 0.22474373809202516 0.13407958641918513 0.09618964552767093 0.08681242454648412 0.14843161378110845 0.11688989585262294
0.07106870898195998 0.11947805813576771 0.07807936583112907 0.08475913576289708 0.13953024284079077 0.24175154171142973 0.09581467521023147 0.16951827152579416
0.09969712936872528 0.08802808776673353 0.20270798483454028 0.13385398198163453 0.1042833010088251 0.10172373044968078 0.14923720080638955 0.12046858378347111
0.10340738379324277 0.08015619494647033 0.2534280722039977 0.13053292116186324 0.09400139840681107 0.0754599346092338 0.1455344658327042 0.11747962904567692
0.10261711050145918 0.07757732841880119 0.2722504041749736 0.12838518083447328 0.09046559807152511 0.0700178196009484 0.14313989564679336 0.11554666275102596
0.09215254479013396 0.1520839824743236 0.15787249205633355 0.15812116538289653 0.08073681218077124 0.13628840492398267 0.08043554934695171 0.14230904884460685
0.08023207242583218 0.14446506301174902 0.11051575735454308 0.12769874839212897 0.0978688510662312 0.18382201096525755 0.09577406129409674 0.15962343549016123
0.09476956144138515 0.1729539993924211 0.0913078519583484 0.1162036871194633 0.12338568223283178 0.24450424024427497 0.08715276533959747 0.06972221227167798
0.08691949782001887 0.17682165745955958 0.07517549797614034 0.1049657965605603 0.11114007605956407 0.2478243258017132 0.07119419244977132 0.12595895587267236
0.07371399647892428 0.15359442057424064 0.08964041046860591 0.13025388420898507 0.0934117099256427 0.21473480452498603 0.08834611276783336 0.15630466105078208
0.10327617189607922 0.09186541116386658 0.214440978994981 0.13491308779018732 0.09426509270320702 0.0942683853165991 0.149354334061583 0.11761653807349665
0.10303112537263084 0.1622020325106085 0.11522654768788686 0.12013774195032347 0.12645564927571076 0.21076095156990274 0.09010330646274259 0.07208264517019408
0.06557640557368953 0.1282995413346666 0.05873292618687385 0.07777631414780359 0.13804286707579053 0.2880982666097908 0.08792105077577798 0.15555262829560718
0.10903947782386496 0.09936838516979327 0.13404141116402918 0.0925563916047354 0.1538053189335033 0.16253005278388924 0.1375912925945022 0.1110676699256825
0.10642995878262282 0.08272841771469334 0.22446265910209884 0.1309833197293367 0.10513520080077775 0.08633882949046388 0.14603662662360373 0.11788498775640303
0.13776115578231402 0.10404040816537226 0.21613340708262035 0.10703010319831202 0.12363863427092447 0.09573862087699236 0.11933057774498369 0.09632709287848082
0.14480121734015863 0.10691332458633772 0.21024039796201913 0.1046227148097457 0.12652794721299845 0.09608743541238725 0.11664651934758215 0.09416044332877112
0.0992178277786018 0.1591828739399975 0.14054081739278862 0.1547566980009422 0.08597506919432094 0.1423216260746305 0.0787240594178706 0.13928102820084795
0.09711523335602319 0.17430964023808615 0.1272950774852581 0.1521077903889723 0.08231637851339818 0.15468501342441354 0.0795640749726932 0.13260679162115535
0.08061942385761045 0.1490494525286413 0.10326073062498549 0.1266951321409099 0.09753583703795066 0.18944915952808264 0.09502134910568243 0.15836891517613735
0.09467135334570352 0.17390761788976353 0.08966240700189412 0.11588508453527761 0.12298097358890159 0.24644769951583473 0.08691381340145822 0.06953105072116658
0.07463857940965475 0.15214306263724797 0.0922274590569677 0.1292594276761809 0.09537620205714122 0.2135723441362418 0.08767161181514879 0.15511131321141708
0.0731510924477719 0.14943013123060755 0.09519085317644076 0.13360772282738795 0.09202802434974515 0.20564201830964846 0.09062089026553269 0.16032926739286552
0.10318054307897953 0.09115697009877048 0.21703277630965345 0.13495123477895593 0.0939426381370068 0.09268947882769474 0.14939656434625967 0.11764979442267952
0.08338590589579022 0.1310160859702861 0.12483179901568567 0.12955970282123347 0.10220970327121015 0.1698773973833273 0.0971697771159251 0.16194962852654182
0.07845304458585527 0.1387002708165687 0.10305122980947781 0.12728827828288342 0.10230893537707259 0.19562168456237547 0.09546620871216256 0.15911034785360426
0.1140964768566824 0.10272471266123895 0.15071197294711927 0.09429585804982407 0.14444909027626415 0.14038973325411983 0.14017712629496237 0.1131550296597889
0.1399715026400768 0.10837917136308745 0.18875330248580213 0.10655212453950214 0.13420425146801485 0.10744506820750484 0.11879766721045981 0.09589691208555191
0.11137855001865826 0.08260190107406204 0.24505940324220635 0.12815923032673252 0.09905420325803763 0.07551542709360336 0.14288797769264056 0.11534330729405927
0.10446805321133251 0.0780259151988197 0.2688027964626745 0.12839556207676678 0.09153760385197553 0.07006259337210988 0.14315146995723102 0.1155560058690901
0.1192681558916792 0.08953217212798166 0.2023822221831505 0.09299613450682616 0.13909595457251647 0.1068849993562234 0.13824499995343112 0.11159536140819139
0.10667519898834511 0.0794387924228081 0.25115469384798983 0.1284313878239027 0.10006608125110959 0.07545418363260796 0.14319141299172433 0.11558824904151242
0.1032753612454996 0.0773927735937202 0.2711558295203558 0.12822843805014136 0.09161794859766716 0.06995891560800287 0.14296513913948594 0.11540559424512722
0.08048490639061867 0.13258186789463614 0.13744931866436572 0.1378960821369022 0.09412589299749027 0.15845711677189256 0.09352951657981193 0.1654752985642826
0.10367624056950356 0.08740976191082306 0.23438494457457648 0.13341512377609085 0.0932415237178456 0.08386575840217637 0.14769602632110992 0.11631062072787408
0.09562032560869532 0.16212909289285177 0.10705744253335968 0.11423198810866389 0.11214053334066361 0.1942631441986232 0.07747908758674593 0.13707838573039666
0.10406078568806414 0.09558513826422159 0.2134887408487 0.13177972539284952 0.09714334549735104 0.09241595195008698 0.14692455950516206 0.11860175285356457
0.10651398844611859 0.07959488654124253 0.2636743981717414 0.1300388384689353 0.09152527025156548 0.07132708591202765 0.1439583396969898 0.11336719251137947
0.07179603707133028 0.11888967966957496 0.08391236014132208 0.08517318591041272 0.13892718864575213 0.23467244484205504 0.09628273189872741 0.17034637182082543
0.11115921393508196 0.09890267866122018 0.1429349847407112 0.0930977392514971 0.15459207344235523 0.14919998063675416 0.13839604223058374 0.11171728710179651
0.10658577199246728 0.08314012329014664 0.22787850869887594 0.13054768114255094 0.10497321590471037 0.08383086383327312 0.14555092210967993 0.11749291302829584
0.08091276078485449 0.13504304760998317 0.12768071714847137 0.1376801433927843 0.0967566035405129 0.16332750167259888 0.09338305377945372 0.16521617207134118
0.10406875920505422 0.08804121597389339 0.23041479093402 0.13378819048099513 0.09404735753991725 0.08489480099896571 0.14810902649910732 0.11663585836804702
0.070993962963869 0.12043942767160119 0.07887858648356244 0.08474759422995164 0.1388970561234167 0.24074655580775037 0.09580162825994533 0.16949518845990327
0.12883997745416476 0.11522744376579999 0.1640636393120466 0.10809989560183972 0.13464273586704112 0.13131308551778895 0.12052331643966309 0.09728990604165573
0.14325733088193854 0.11141248674757886 0.19231828923958025 0.10543915450439012 0.13050282975273242 0.10461788114105361 0.11755678867877525 0.0948952390539511
0.14659301855423088 0.10974852816937633 0.20160458257239203 0.10463356813408872 0.12849647523391441 0.09809499602104285 0.11665861999427503 0.09417021132067985
0.12865729286031122 0.09532447886872357 0.17878195303630967 0.09118579528035703 0.14871687104816952 0.11235684546636387 0.13555380910333673 0.10942295433642844
0.1092868059501332 0.08147572759855613 0.24153332653206025 0.1288675189216932 0.10249287671964223 0.0766853106297271 0.14367766661866394 0.11598076702952391
0.08141603530319674 0.13458191589019403 0.1307572977215089 0.13767332151756542 0.09626964127037572 0.16071537570764508 0.09337842676843569 0.1652079858210785
0.13913650478474654 0.11747759543139696 0.1857922334029371 0.10719907645187432 0.12546040276874884 0.11280479777933866 0.1186737842690672 0.09345560511189042
0.10026583597457922 0.16806660566977752 0.09580877528168537 0.1103436624241649 0.11693074969004251 0.20133018762392774 0.07484178842682489 0.13241239490899787
0.11799612259205723 0.10852296527319034 0.14602370974804962 0.09234182811809671 0.14687699777220906 0.1401558531940476 0.13727232956063332 0.11081019374171605
0.1080008084277859 0.08474520320429625 0.22896226890071636 0.13031684714974284 0.10321058268900053 0.0821855677595734 0.14529355943411626 0.11728516243476857
0.09322973250941473 0.15567568200432594 0.146945612420136 0.1581460408817716 0.08303972667037804 0.14018356531530413 0.08044820340507511 0.14233143679359442
0.11930474625530303 0.10178056582019739 0.16029209533934385 0.08941333536331389 0.14579184769483106 0.12972481117475132 0.14192592914811727 0.11176666920414235
0.08174612028111186 0.13818466550683076 0.11111799244410998 0.1347692533367273 0.10363862706240455 0.17741152640591912 0.09140871095882373 0.16172310400407275
0.10466602385429641 0.0888616612732761 0.22338442480821172 0.1341928188983448 0.09581822339195374 0.08753126963645186 0.14855696679019043 0.11698861134727497
0.09572582439370508 0.1624797471329719 0.10493936874725679 0.11413386839260907 0.11266683767279059 0.19568117476672262 0.07741253682281311 0.1369606420711309
0.10414363127791795 0.09570362035684846 0.21261367882475327 0.13185048333713187 0.09730902430791454 0.09271067755942199 0.1470034493325933 0.1186654350034187
0.10659735734121695 0.07963274613078919 0.2633347323620069 0.13007173708882033 0.09158130223310822 0.07139149166300647 0.14399475982156748 0.11339587335948441
