Action: 0
[0.11465749510771617, 0.10135700129904575, 0.1757908983893841, 0.10135700129904575, 0.10140959870839386, 0.2027140025983229, 0.10135700129904575, 0.10135700129904575]
[0.109324539393701, 0.10201763417172258, 0.27856965557596364, 0.10201763417172258, 0.10201763417172258, 0.10201763417172258, 0.10201763417172258, 0.10201763417172258]
[0.2623048662114428, 0.09984047343946062, 0.13863374363091027, 0.09984047343945625, 0.0998590229603466, 0.09984047343947101, 0.09984047343945625, 0.09984047343945625]
[0.125, 0.125, 0.125, 0.125, 0.125, 0.125, 0.125, 0.125]
[0.1303149243519259, 0.10002524211214008, 0.26903291677906344, 0.10002515753392696, 0.10052628662116243, 0.1000251575339273, 0.10002515753392696, 0.10002515753392696]
[0.11688495467661333, 0.10076934361835066, 0.27624793374, 0.10076934361835066, 0.10076934628325668, 0.10302039082672734, 0.10076934361835066, 0.10076934361835066]
[0.125, 0.125, 0.125, 0.125, 0.125, 0.125, 0.125, 0.125]
[0.125, 0.125, 0.125, 0.125, 0.125, 0.125, 0.125, 0.125]

Action: 1
[0.09994234465580608, 0.09994226442974061, 0.09994226442974061, 0.09994226442974061, 0.15954922222329382, 0.24079711097219705, 0.09994226442974061, 0.09994226442974061]
[0.10033908127665908, 0.13760655119414003, 0.10033908127665908, 0.10033908127665908, 0.16001987986924626, 0.20067816255331816, 0.10033908127665908, 0.10033908127665908]
[0.2043047040214395, 0.10215260257525456, 0.10215235201071975, 0.10215235201071975, 0.10831400549163683, 0.17661927986879017, 0.10215235201071975, 0.10215235201071975]
[0.125, 0.125, 0.125, 0.125, 0.125, 0.125, 0.125, 0.125]
[0.1003638411407954, 0.10018349416120562, 0.10018349416120562, 0.10018349416120562, 0.12885405441413703, 0.2698646336390394, 0.10018349416120562, 0.10018349416120562]
[0.10377767747039929, 0.10278524547919742, 0.10278524547919742, 0.10278524547919742, 0.10307436809165732, 0.2792217270419563, 0.10278524547919742, 0.10278524547919742]
[0.125, 0.125, 0.125, 0.125, 0.125, 0.125, 0.125, 0.125]
[0.125, 0.125, 0.125, 0.125, 0.125, 0.125, 0.125, 0.125]

