0.125 0.125 0.125 0.125 0.125 0.125 0.125 0.125
0.07575757575757576 0.12626262626262627 0.09090909090909091 0.15151515151515152 0.0946969696969697 0.15782828282828282 0.11363636363636365 0.1893939393939394
0.06994484476470064 0.10916140319663138 0.05894715772618094 0.09824526287696825 0.13099368383595764 0.21832280639326276 0.11789431545236188 0.1964905257539365
0.07295173961840629 0.12906846240179573 0.09118967452300786 0.16133557800224466 0.08754208754208755 0.15488215488215487 0.10942760942760943 0.19360269360269358
0.09477774721673843 0.14810917951176175 0.10663860924846845 0.17773101541411407 0.07747249389845998 0.14735897423538533 0.09296699267815199 0.15494498779691995
0.07289861421404194 0.10545552955832015 0.056945985961492876 0.09490997660248814 0.12654663546998418 0.23953133306571064 0.11389197192298575 0.18981995320497627
0.07223032590789005 0.12779211506780547 0.09028790738486255 0.15974014383475682 0.09656530825977531 0.15335053808136656 0.10834548886183507 0.19168817260170817
0.10818498663141327 0.0762705756860287 0.1937030493613427 0.1525411513720574 0.08443466254212374 0.08301165581894172 0.16886932508424748 0.1329845935038449
0.06384025095963132 0.09032021322198167 0.07692390512400313 0.10838425586637801 0.10838425586637801 0.20531750018921807 0.1300611070396536 0.21676851173275602
0.057800044810881995 0.08704845888140775 0.06729645981519543 0.10445815065768932 0.1153109833321161 0.23381982039810367 0.12534978078922715 0.20891630131537864
0.06995588544433785 0.12376810501690541 0.0874448568054223 0.15471013127113176 0.09289878112603356 0.18063625464430408 0.10493382816650679 0.18565215752535813
0.14111343912225877 0.09944308378000292 0.1643006350213278 0.1193317005360035 0.11994226007580953 0.11973101902827311 0.1321050978664752 0.10403276456984921
0.08591418040158177 0.11516470522450577 0.10641265518067979 0.13819764626940692 0.09662368978329162 0.1812918306017205 0.1036482347020552 0.17274705783675864
0.06694408202934748 0.09724438863207467 0.06209583157167889 0.0875199497688672 0.12778831167650181 0.27834359706115486 0.10502393972264064 0.1750398995377344
0.06740168657247095 0.11924913778206399 0.08425210821558869 0.14906142222757998 0.09074079928687372 0.20931860938362015 0.10110252985870644 0.178873706673096
0.0759770311538091 0.11348769667235081 0.09353776132969052 0.13618523600682098 0.0927281784661092 0.21571362435757743 0.10213892700511573 0.17023154500852622
0.07618508788830042 0.11212437082066332 0.09389349887814377 0.13454924498479595 0.09768704475950232 0.2164622626990023 0.10091193373859697 0.16818655623099496
0.07601821316633882 0.11180693579316459 0.09371380581540144 0.1341683229517975 0.0981746233281056 0.2177814530415971 0.10062624221384812 0.16771040368974685
0.06369294113945421 0.09363741082897604 0.058897117164031815 0.08427366974607844 0.13673201031052157 0.2930911076234869 0.10112840369529412 0.1685473394921569
0.06581996569285326 0.11645070853350961 0.08227495711606657 0.145563385666887 0.08949251804692682 0.2269924536042124 0.09872994853927988 0.1746760628002644
0.13556812471459267 0.09571991255308807 0.16688745848023642 0.11486389506370569 0.12683890158132793 0.1328248993857481 0.1271590535503783 0.10013775467092291
0.0687776262091941 0.1216834925239588 0.08597203276149262 0.15210436565494848 0.09972998170694018 0.18604082304373654 0.10316643931379114 0.18252523878593815
0.10451035002416004 0.07152960525026565 0.2088878518838231 0.1430592105005313 0.09647842566540299 0.0924438438334958 0.1583724267649349 0.12471828607738625
0.10400488781323979 0.14060830426995383 0.11125784504728653 0.12654747384295842 0.12811937996712236 0.218623019371445 0.09491060538221884 0.07592848430577506
0.06642034110635385 0.11751291118816451 0.08302542638294232 0.14689113898520564 0.09696722714665204 0.21328307674890423 0.09963051165953078 0.17626936678224675
0.11428783009314314 0.07845642322173974 0.14154358391238528 0.0941477078660877 0.1512878622149698 0.15315115172241772 0.14944080613664712 0.11768463483260959
0.1040838951395028 0.08401952981140587 0.13010486892437848 0.10502441226425732 0.1564558129967688 0.13815634343732353 0.15612584270925417 0.1260292947171088
0.06749405322695827 0.11941255570923386 0.08436756653369784 0.14926569463654232 0.10770458080578772 0.19139563568349197 0.1012410798404374 0.17911883356385078
0.10466713599421187 0.07076304596832926 0.21325329428735998 0.14152609193665852 0.09700033327205734 0.09273317587307485 0.1566752014927599 0.12338172117554844
0.08465345077921554 0.11195855733858961 0.12334344344025444 0.13435026880630752 0.1023102226825598 0.17468351934045798 0.10076270160473066 0.16793783600788442
0.11893024266250621 0.07744391739075471 0.15400814960484452 0.09293270086890565 0.15110239659432248 0.1419044931910968 0.14751222360143754 0.11616587608613205
0.06740146632239788 0.1192487481088578 0.08425183290299736 0.14906093513607224 0.1066582373979098 0.1934034584848815 0.10110219948359683 0.17887312216328669
0.13950701399627732 0.09425678125769185 0.17335317575339051 0.11310813750923022 0.13168322652706568 0.12426921295395223 0.125215357763576 0.0986070942388161
0.10445710960146046 0.08432079931684158 0.13057138700182555 0.10540099914605199 0.15980870158865648 0.1322741399677109 0.1566856644021907 0.1264811989752624
0.09192488657563413 0.07420442651286129 0.18384977315126827 0.14840885302572257 0.11364064054153433 0.08893865663368752 0.16546479583614143 0.1335679677231503
0.10674302786174601 0.06793323803091567 0.2509833291845177 0.13586647606183133 0.09634331010299624 0.073273147609184 0.15040977406926379 0.11844769707954526
0.12291104665384295 0.07557037756167816 0.19119165880890387 0.09068445307401378 0.14907267008873912 0.1132706511623465 0.1439435763079584 0.11335556634251721
0.05733878544146979 0.10144554347336963 0.05936343237031783 0.08843970456652737 0.15521045010729592 0.261347356702325 0.09997531820563964 0.17687940913305475
0.08876707520648126 0.07165534986547284 0.18822631455167083 0.14331069973094568 0.11029471389131021 0.10898548162460193 0.1597807353716663 0.1289796297578511
0.09908284873603256 0.1336340773427355 0.143415613391244 0.1603608928112826 0.0891450375515162 0.15067864378427184 0.08388108239359397 0.13980180398932326
0.08394661354311087 0.11082973580644093 0.11010448770247896 0.1329956829677291 0.10156556984483574 0.19456654419994623 0.09974676222579684 0.16624460370966138
0.08054818654367346 0.10977842566110065 0.10214741536566481 0.13173411079332076 0.10320164330344904 0.20912199674614965 0.09880058309499058 0.16466763849165095
0.07961494070403094 0.10925399925079271 0.10006302206758207 0.13110479910095127 0.10404147784019369 0.2137121628345467 0.09832859932571344 0.16388099887618907
0.06491683052682617 0.11485285400900014 0.09526665033778664 0.1435660675112502 0.09744466928247292 0.21429840152892451 0.09737524579023928 0.17227928101350024
0.0771444907957718 0.10974351259356997 0.09891203289724693 0.13169221511228396 0.10311101569781933 0.21601230267873994 0.09876916133421297 0.16461526889035494
0.06487502912715133 0.11477889768649849 0.09504754525807477 0.14347362210812312 0.09721357171554217 0.21513044388413538 0.09731254369072699 0.17216834652974772
0.10342041250864677 0.06952081935035788 0.22092365815369974 0.13904163870071576 0.09637110962065731 0.09558176444863303 0.15392480963205 0.12121578758523939
0.10557871981789935 0.13774779408535423 0.11883336670072575 0.1239730146768188 0.12952056174713095 0.2169829731583657 0.09297976100761411 0.07438380880609129
0.06425205372231688 0.1136767104317914 0.09713108118492073 0.14209588803973924 0.10150084008894478 0.21445028030112445 0.09637808058347533 0.1705150656476871
0.10304219859609001 0.0693384760502281 0.22180482016783246 0.1386769521004562 0.09740936744634997 0.09530924338734675 0.1535210865743756 0.1208978556773208
0.10540915296196889 0.1375970373537774 0.11910000100220845 0.12383733361839967 0.13020000041467453 0.21667607426413157 0.09287800021379976 0.0743024001710398
0.06416425062447885 0.11352136648946257 0.09706838153331264 0.14190170811182823 0.10261926912924266 0.21419659844076294 0.09624637593671828 0.17028204973419384
0.10299150497607254 0.06931455234238021 0.22188034816242894 0.13862910468476042 0.09761065413740279 0.09524957563293182 0.1534681175183347 0.12085614254568858
0.08471511887684054 0.11059139620426743 0.12773376417794785 0.1327096754451209 0.1046948441901779 0.17413585021540354 0.09953225658384068 0.1658870943064011
0.060179943644007076 0.08183840859357362 0.07923707808439232 0.09820609031228836 0.12558477257520756 0.2406942177912082 0.11784730837474604 0.19641218062457672
0.053885993681288775 0.09533675805151091 0.053533483851466605 0.08311409676285568 0.1422838769705656 0.3116625312507642 0.09395506590583684 0.16622819352571136
0.08736037298140012 0.07051981915366035 0.1915978901504504 0.1410396383073207 0.10840563571629222 0.11689229784776736 0.1572486713665202 0.12693567447658863
0.10470242036429743 0.06683352218710237 0.25791498609038566 0.13366704437420474 0.09562241544804109 0.07675445494362729 0.14797491277893235 0.11653024381340925
0.08499199063564215 0.11040366501426235 0.13570365901336043 0.1324843980171148 0.10438484115055308 0.1670626501348376 0.09936329851283611 0.1656054975213935
0.08090478893303611 0.10994095452804246 0.1081904299670055 0.13192914543365095 0.10566591263843361 0.19951047763252933 0.09894685907523823 0.1649114317920637
0.07973129891594435 0.10930265007230866 0.10172731423276421 0.13116318008677036 0.10535301396312703 0.21039618255554451 0.0983723850650778 0.16395397510846296
0.06457436759475142 0.11424695805225253 0.09879122915214388 0.14280869756531567 0.09859472483885838 0.2127520343261723 0.09686155139212714 0.17137043707837876
0.07698566161449512 0.10956406324771872 0.09982841590291837 0.13147687589726245 0.10389512474567966 0.2152961067974006 0.09860765692294686 0.16434609487157809
0.04650226706892208 0.08227324173732369 0.07090803310732983 0.10284155217165461 0.11800088201913762 0.2575352518800177 0.1162556676723052 0.20568310434330922
0.08779003321318445 0.07086665331666696 0.20329016299065603 0.14173330663333392 0.10338455418847975 0.10735325390394622 0.15802205978373202 0.12755997597000052
0.0820235310556994 0.11071815699608788 0.12366226167666286 0.13286178839530544 0.10630232624034563 0.1787083588452881 0.09964634129647909 0.16607723549413178
0.0991223566788046 0.13537449395672493 0.09753049978790418 0.12183704456105243 0.13067596072425944 0.2509796341338336 0.09137778342078934 0.07310222673663147
0.06306398278855567 0.11157473877975234 0.09795360652808399 0.1394684234746904 0.1018485114548745 0.2241326546215811 0.0945959741828335 0.1673621081696285
0.09863969045144019 0.07962481036441557 0.1528058564117266 0.09953101295551947 0.14996414481685455 0.15203773377625987 0.14795953567716028 0.11943721554662334
0.12292714706249286 0.09005648695589413 0.19264061117901976 0.11257060869486767 0.14072519719003568 0.11425857318922517 0.1255078279030838 0.10131354782538088
0.07815951491931178 0.11298931493026766 0.1186614795458448 0.1412366436628346 0.10585121224349003 0.177822573557623 0.09579528874522693 0.16948397239540147
0.07983427308248184 0.11003296472337669 0.10453998667916214 0.13203955766805203 0.10603262206327141 0.20344148044755186 0.09902966825103902 0.16504944708506503
0.06392922272694267 0.09584946338070044 0.059521742107149625 0.083561070639585 0.1390347184942846 0.2965213006491585 0.09446034072300913 0.16712214127917
0.0981935223547491 0.06906507167261423 0.19709015739419214 0.13813014334522847 0.10629203460017989 0.11290714001205353 0.1540048016102771 0.12431712901070563
0.10161471228176076 0.06707799717823497 0.2518759295019224 0.13415599435646994 0.09615273445330598 0.07880831524138882 0.14957392206609407 0.12074039492082295
0.10037424255043571 0.06577271017736079 0.2729803855219032 0.13154542035472158 0.09238836364451744 0.07188467255871173 0.14666332687310005 0.11839087831924945
0.09934471662510401 0.06520106749369732 0.28118641515261067 0.13040213498739464 0.09091595992337295 0.07019913532083116 0.14538864900833404 0.11736192148865518
0.09883148022655011 0.06496762895118574 0.2844247783233204 0.12993525790237148 0.09033256919359718 0.06969843739073421 0.1448681159001067 0.11694173211213434
0.07861923114756354 0.11336409135644657 0.14237857790396508 0.1417051141955582 0.09578219109249925 0.1619916232931797 0.09611303397611776 0.17004613703466984
0.1048987694697068 0.06825079875948138 0.23975763369848963 0.13650159751896276 0.09502069135221208 0.08545623686203575 0.15111287963027217 0.11900139270883933
0.08112732794495539 0.11346024829249546 0.13253120138001165 0.14182531036561932 0.09677716910982127 0.1678938121334119 0.09619455833494181 0.17019037243874316
0.10578065562743923 0.06844679580667848 0.23584910889972963 0.13689359161335696 0.09549358978282482 0.08664629391338101 0.15154683320648388 0.11934313115010609
0.09714607322269445 0.13563486730354984 0.10976923829985848 0.1182457817518127 0.11588650647522367 0.20122110809128207 0.0802014867534034 0.14189493810217524
0.11888969390090998 0.07705628057491296 0.15501232719514588 0.09632035071864119 0.1507212295763252 0.14322902655114828 0.1431866706205472 0.11558442086236943
0.12340295813307048 0.0755360661578533 0.16717865692892453 0.09442008269731662 0.159157166390537 0.12663917587861148 0.1403617945769065 0.11330409923677993
0.10949856810672698 0.06604111765177324 0.23965535830536358 0.13208223530354649 0.10620327090987024 0.08038360246930491 0.14726183548022273 0.11887401177319185
0.10508338566560624 0.0654456918820027 0.26873985281096463 0.1308913837640054 0.09420843807382645 0.07189487753283738 0.14593412488315227 0.11780224538760484
0.09450186923217073 0.13015225261441568 0.15986087625603074 0.1626903157680196 0.083330224129763 0.14028332152638998 0.08275985628199259 0.1464212841912176
0.10794695233801027 0.0678555352572568 0.24648948230051876 0.1357110705145136 0.0919499844362324 0.08149702609300218 0.1502377337401208 0.11831221532034517
0.08281983480063411 0.11326535330316205 0.13401890488430587 0.14158169162895257 0.09614055265943958 0.16624631148999477 0.09602932127876784 0.16989802995474307
0.08084469539478638 0.11029597305116083 0.10807645985552881 0.132355167661393 0.10411547215567901 0.19960189655866603 0.09926637574604476 0.16544395957674124
0.07716929121297038 0.11215532515640556 0.10240536132315019 0.14019415644550695 0.09748761967310414 0.20726704799556278 0.09508821045869167 0.16823298773460832
0.07661000571796871 0.1122360617776059 0.10120336186859154 0.14029507722200737 0.09613926181401522 0.21000547786108434 0.09515666107231804 0.16835409266640886
0.10310156720556213 0.06900402803937378 0.21763524978824356 0.13800805607874755 0.09688497041718318 0.09729019458087607 0.1538686834191409 0.12420725047087278
0.10495611648688187 0.0661746014325549 0.26122835200967576 0.1323492028651098 0.09326365073605587 0.07535430950270962 0.14755948438841346 0.11911428257859884
0.08232066032926809 0.1131398300043364 0.13725250408313167 0.1414247875054205 0.09637925481902582 0.16385031890081023 0.09592289935150262 0.1697097450065046
0.10587365780839561 0.0683215482600877 0.23766717368337267 0.1366430965201754 0.09524775972634303 0.08585248834794498 0.15126952484121978 0.11912475081246059
0.12173057525356808 0.07624491861271394 0.19482028444955463 0.09530614826589243 0.14287127316233308 0.11298043178040582 0.141678990556461 0.11436737791907091
0.12452180980848097 0.07514985420655579 0.17941224624581326 0.09393731775819474 0.15609792153209195 0.11851193706863879 0.13964413207039097 0.11272478130983367
0.0980959351683164 0.12888229467825651 0.1365865871395754 0.16110286834782064 0.09408257359867095 0.15430483087303895 0.08195232868128267 0.14499258151303857
0.12285275365906687 0.07661000429896117 0.15973753650098835 0.09193200515875342 0.15241783455377794 0.13561104166770346 0.145923817712307 0.11491500644844176
0.09979403252911997 0.13163541740590518 0.09366017623609724 0.11475908184104554 0.12710416461290577 0.21749963452565804 0.07783659464001348 0.13771089820925464
0.10762252021998138 0.06818528921574551 0.21242013826288306 0.13637057843149103 0.10257620497189164 0.09804873026739133 0.1520430180422743 0.12273352058834192
0.08277066872238956 0.1131806616747364 0.12636934031504454 0.1414758270934205 0.09827765346116131 0.1721973387143014 0.09595751750684173 0.16977099251210456
0.1063868218996388 0.06853957729819171 0.23332623872349867 0.13707915459638342 0.09594000117872728 0.08747104323981725 0.15175225905663933 0.1195049040071035
0.08264168853647466 0.11327831671852107 0.1310922934195082 0.14159789589815133 0.09698698617131192 0.16844503217776577 0.09604031200048525 0.16991747507778157
0.10621583832418667 0.06845069006457975 0.23522694210804457 0.1369013801291595 0.09554945722578641 0.08675031559636127 0.15155545541364016 0.11934992113824162
0.08261056994451386 0.11327127800842071 0.13151094299389623 0.1415890975105259 0.09690316763659024 0.16817368249497835 0.09603434439844366 0.16990691701263108
0.10619500553044207 0.06844180698573665 0.2353934106309924 0.1368836139714733 0.09552019317673029 0.08669574946477865 0.15153578754676733 0.11933443269307929
0.12190914237636252 0.07626930350165205 0.19413487034871466 0.09533662937706505 0.14299803716522203 0.11322375920304775 0.14172430277545792 0.11440395525247805
0.12464006538361136 0.07514919008691792 0.179193773055457 0.0939364876086474 0.15613988247463462 0.11857391826302216 0.13964289799733254 0.11272378513037686
0.10972323593211333 0.06574007225143831 0.24422332048326853 0.13148014450287662 0.1051914623159564 0.0787190852921327 0.14659054916962516 0.11833213005258898
0.10527674062700002 0.06529753158965448 0.27036288121437346 0.13059506317930897 0.09384738507449895 0.07148109190909384 0.14560374954469224 0.11753555686137807
0.10354920844338301 0.06481906434535642 0.280046537495425 0.12963812869071284 0.09092670978884759 0.06980919641170459 0.14453683900292907 0.11667431582164155
0.12031027374996492 0.07557015875394833 0.207282086518463 0.0944626984424354 0.14047403596116742 0.1081203626988214 0.1404251457442771 0.11335523813092249
0.12403178230083896 0.07499727143067007 0.1831714472275428 0.09374658928833758 0.15510198950287685 0.11709441171390134 0.13936060138982723 0.1124959071460051
0.08462001730546312 0.11124582507066148 0.11873525273270807 0.13905728133832687 0.10808089154067345 0.17707488184626624 0.09431711255990867 0.16686873760599225
0.1042821243343273 0.06851309411811947 0.22421535202796172 0.13702618823623894 0.09869753466951202 0.0911681631527621 0.1527739740484634 0.12332356941261505
0.08230200148903984 0.11334561047963888 0.12909741903579572 0.14168201309954861 0.09759128418367616 0.16986589058619203 0.09609736540665036 0.1700184157194583
0.11895299135790538 0.07671785768125207 0.1575498750634856 0.0920614292175025 0.15374208483843949 0.13976972259334242 0.14612925272619443 0.11507678652187811
0.08356205719035546 0.11111322994678567 0.11287370527576066 0.1388915374334821 0.10756127771597722 0.18512365256257676 0.09420469495488351 0.1666698449201785
0.13683978468760774 0.09010964882283813 0.18210610285141554 0.11263706102854765 0.1296737768583101 0.12167835352958002 0.12558191729600762 0.1013733549256929
0.11255003007958615 0.06582262283411916 0.24561890468900663 0.13164524566823832 0.09983471015516812 0.07927314082444613 0.1467746246480209 0.1184807211014145
0.0836456578956471 0.11303464661856606 0.13375736467227062 0.14129330827320757 0.09769731853684238 0.1651860119424852 0.0958337221331321 0.16955196992784907
0.10636291811178676 0.06836941542481796 0.2362208503393553 0.13673883084963592 0.09558901564357374 0.08613525144160372 0.15137550667928762 0.11920821150993902
0.08264453215311394 0.11326450876927352 0.13173265515402424 0.1415806359615919 0.09691035900106279 0.16794194054611764 0.09602860526090581 0.16989676315391025
0.0808615143759032 0.11025440017343398 0.10755233601847629 0.13230528020812077 0.1042506397384735 0.20016526906935073 0.09922896015609059 0.16538160026015097
0.09119688996134688 0.1323800710256563 0.08421748020025432 0.11540826704800806 0.1151205848347187 0.24490987490940955 0.07827691156299676 0.13848992045760966
0.1383430150317501 0.08931058608182192 0.17027988192484336 0.1116382326022774 0.1310510906723317 0.13443448620477494 0.12446829814015109 0.10047440934204965
0.11320800261555945 0.0659828724584157 0.24094648738023935 0.1319657449168314 0.10039494514851542 0.08160081966294273 0.14713195739234786 0.11876917042514828
0.14133918329723388 0.0870323790245514 0.22395785326807183 0.10879047378068925 0.12379102837531174 0.0958843962781261 0.1212932595733953 0.09791142640262031
0.11200585398840632 0.06482192552804117 0.26107727870652897 0.12964385105608234 0.09726284685325033 0.0739655589039429 0.14454321901327388 0.11667946595047411
0.12261067378309459 0.07564036016609076 0.20135529773121696 0.09455045020761345 0.14256713993136416 0.10925994329449429 0.14055559463698955 0.11346054024913613
0.0845126672842588 0.11146728842711198 0.12290878770252008 0.13933411053388997 0.10561658022751796 0.17445475821322096 0.09450487497081234 0.167200932640668
0.07826594228865413 0.11273312883902929 0.10609409072153618 0.1409164110487866 0.09827847358856114 0.19903417276092916 0.09557808749395962 0.1690996932585439
0.1033937424242351 0.06891945256718786 0.21959934091822964 0.13783890513437572 0.09720053138394191 0.09531292021172035 0.15368009273937114 0.12405501462093817
0.10500768297321991 0.06612073591266994 0.2619340845832719 0.13224147182533988 0.09326194317933649 0.07497738456465616 0.14743937231869983 0.11901732464280589
0.08237648619012829 0.11312711626401753 0.1374084613993113 0.14140889533002193 0.09637746465665682 0.1636987814530402 0.09591212031079747 0.16969067439602628
0.14279112742509553 0.09204423759273744 0.19218395473878158 0.11045308511128495 0.1283236724392042 0.11563538390125312 0.12227610561770248 0.0962924331739407
0.1044692520856948 0.13220780141746938 0.10004545723059724 0.1152580832870246 0.12174712970949388 0.209787528530613 0.07817504779467754 0.13830969994442951
0.08062094853261875 0.11083607523750068 0.09982495097751232 0.13854509404687584 0.10031265253840757 0.20963644984860513 0.09396971596222885 0.166254112856251
0.08995165498186292 0.13066066696246645 0.11723357448284043 0.16332583370308307 0.08449582882519724 0.18425604921933741 0.08308314149243791 0.14699325033277474
0.14577044518306578 0.0924334976450469 0.18528275512450762 0.11092019717405628 0.1255644296216965 0.12053579830402351 0.12279321787278512 0.0966996590748183
0.08847949181100342 0.11133101150624135 0.11925755461674184 0.13916376438280167 0.10192500107932392 0.1784573235022776 0.09438933584224811 0.16699651725936202
0.10781677985659398 0.0685273799492146 0.23011604668489513 0.1370547598984292 0.09672864679089596 0.0885474968622329 0.15172525312321017 0.119483636834528
0.12239394303264645 0.0763042949888278 0.19250653346666632 0.09538036873603475 0.14343366546845135 0.11373542755384718 0.14178932427028448 0.1144564424832417
0.14375074499615834 0.08657359958545988 0.20582658330242395 0.10821699948182484 0.13502314517367686 0.10255974940006274 0.120653878526751 0.09739529953364236
0.11303613943192373 0.06508935311942055 0.2540575520048869 0.1301787062388411 0.09996197459134869 0.07537589637113808 0.145139542627484 0.11716083561495698
0.10565732752139867 0.06505039868245459 0.2738745537926791 0.13010079736490918 0.0924816309454485 0.07069189401754666 0.145052680047145 0.11709071762841826
0.12094507898492914 0.07563267146751777 0.20541412131668213 0.0945408393343972 0.14105622410367608 0.10842075016307387 0.14054130742844717 0.11344900720127664
0.1081989765903477 0.06533751055028475 0.2544731133644629 0.1306750211005695 0.10145846605468344 0.07655649668925044 0.14569289665988866 0.11760751899051254
0.104622443794853 0.06508302153494143 0.2741285944180986 0.13016604306988286 0.09281474763564358 0.07091028664457766 0.14512542413910823 0.11714943876289459
0.10328596905347262 0.06473359647634187 0.28140315491697904 0.12946719295268375 0.09061167440911225 0.0696316801225701 0.14434625841142498 0.11652047365741536
0.13747940382525278 0.08639466681659459 0.23749515109040578 0.10799333352074326 0.12036824319668 0.09267069371002001 0.12040450767163464 0.09719400016866891
0.1107102349396155 0.06455203559186312 0.26615102783034017 0.12910407118372624 0.09619550104641902 0.07315206060500538 0.14394140473767686 0.11619366406535363
0.10475805352080439 0.06479351320552483 0.2782897742283625 0.12958702641104966 0.09139238268749167 0.07007106240211473 0.1444798637747076 0.11662832376994468
0.12063340194549198 0.07557218679057183 0.2067279067315099 0.09446523348821478 0.14062413911676871 0.10818993748149279 0.14042891426009244 0.11335828018585774
0.14283862585723675 0.08630862530083998 0.21059195330110067 0.10788578162604998 0.133911851184553 0.10108136393146211 0.12028459533531244 0.09709720346344497
0.11267006455196828 0.0649885764642241 0.25585108921387556 0.1299771529284482 0.09959408859705855 0.07502476488113409 0.14491482572768777 0.11697943763560337
0.10551618330537539 0.06500970230419598 0.27452602279480004 0.13001940460839195 0.09235522340983666 0.07059406623213256 0.14496193319771458 0.11701746414755275
0.12089613512447395 0.07562314091982286 0.20560695663684406 0.09452892614977856 0.14100214563944796 0.10838438647052605 0.1405235976793723 0.11343471137973428
0.10818175318234782 0.06533345456224722 0.2545459595316693 0.13066690912449444 0.10144173193312811 0.07654612104213172 0.14568385241193635 0.117600218212045
0.10461624151829003 0.06508138406477607 0.27415511893036326 0.13016276812955213 0.09280927124713689 0.07090695196824665 0.14512177282503796 0.11714649131659692
0.10328373214997708 0.0647329864268395 0.2814126944703488 0.129465972853679 0.09060980600492376 0.0696305344338338 0.1443448980920869 0.11651937556831111
0.10276048134705619 0.06457691692415449 0.28403497171704073 0.12915383384830897 0.08997060396029397 0.06926785534461269 0.14399688639505492 0.11623845046347805
0.10255911669557052 0.06451740174832665 0.2849752318925093 0.1290348034966533 0.08976775726707346 0.06915018931705795 0.14386417643582092 0.11613132314698796
0.08183625316154373 0.11287822522633789 0.1423937713396034 0.14109778153292238 0.09550419944499482 0.161271327458848 0.09570110399624299 0.1693173378395068
0.10568984348036155 0.0681922958944586 0.23965747070484503 0.1363845917889172 0.09490105939434997 0.0852920015463003 0.15098334947735237 0.11889938771341499
0.08251643041905364 0.1132385651500156 0.1324767924477145 0.1415482064375195 0.09675207775753569 0.16760347047942878 0.09600660958370888 0.16985784772502338
0.0808544323854258 0.11025454226723319 0.10771353930002296 0.1323054507206798 0.10421702326687356 0.20004411061840516 0.09922908804050987 0.16538181340084976
0.0772442747360325 0.11212749245153415 0.10231381847207267 0.14015936556441771 0.09750161362045998 0.20739758331275052 0.09506461316543115 0.16819123867730124
0.10323996474309967 0.06896256338316151 0.2180395391968789 0.13792512676632301 0.09711928064907596 0.09680468774722786 0.15377622342454222 0.12413261408969072
0.10502590414287635 0.06615522283420087 0.26136341443747196 0.13231044566840175 0.09329223070385584 0.07525710810521956 0.1475162730064121 0.11907940110156158
0.10385428389473288 0.0650714452330048 0.27690699983150313 0.1301428904660096 0.09113174460722612 0.07066442383451903 0.14509961071359576 0.11712860141940863
0.12046909106031942 0.0756266409360366 0.20637077462671244 0.09453330117004576 0.14062578399395778 0.10840434536802893 0.14053010144084416 0.1134399614040549
0.10806654231204367 0.06532209915560595 0.2548453053734406 0.1306441983112119 0.10134758092987095 0.07653596388777313 0.1456585315499631 0.11757977848009073
0.08282549069683091 0.1129569094874979 0.13575624840064562 0.14119613685937238 0.09797448662564175 0.1640875491332773 0.09576781456548736 0.16943536423124686
0.10612313769373 0.06832417122118101 0.23700869461723345 0.13664834244236201 0.09558514200957433 0.08590585554267367 0.15127533229272475 0.11912932418052075
0.08260057065102422 0.1132578665604109 0.13190305913163225 0.1415723332005136 0.09690607275020303 0.16785032404264266 0.09602297382295706 0.1698867998406163
0.10622382071573439 0.06842869250071607 0.23553779746021217 0.13685738500143213 0.09550430828660032 0.08662967862506366 0.1515067509987364 0.11931156641150492
0.08262040806343644 0.1132672300817621 0.1315791206539794 0.1415840376022026 0.09689210489045993 0.16812534112489208 0.09603091246062438 0.16990084512264314
0.10623960465884023 0.06843605001951171 0.2354105634471887 0.13687210003902342 0.09551144363643962 0.08668280214293955 0.15152304115024162 0.1193243949058153
0.0987258226531067 0.13534271662451897 0.10962938609170263 0.1179910862880422 0.11577749422177103 0.20091545378853568 0.08002873678667209 0.1415893035456506
0.1209240500030838 0.07685323336481568 0.1547054983363541 0.0960665417060196 0.1504391567509449 0.14292230331514713 0.14280936647641124 0.11527985004722353
0.10985064321857195 0.06637752864922007 0.23513416732781148 0.13275505729844014 0.10493330000753616 0.08345777013589152 0.14801198179393252 0.11947955156859613
0.1056476985888795 0.06552962091786535 0.2671091670954889 0.1310592418357307 0.0940971251653631 0.07248255463811054 0.1461212741064042 0.1179533176521576
0.13858195097929238 0.08668621926194592 0.23282075168090846 0.1083577740774324 0.12165427697685682 0.09356619865858844 0.12081083169528656 0.09752199666968914
0.11111114063980632 0.06465060154460701 0.2644130194419126 0.12930120308921403 0.09658969060644468 0.07340206979676325 0.14416119210095954 0.11637108278029264
0.10490412012917763 0.06483259406346539 0.27766025948270007 0.12966518812693079 0.0915214450565905 0.07015071557194688 0.14456700825495117 0.11669866931423771
0.08227959520188778 0.11294003761727944 0.1408163146376865 0.14117504702159933 0.09591203304393564 0.16171340589791172 0.0957535101537804 0.16941005642591916
0.10584349590022675 0.06822584085449669 0.23903234022151246 0.13645168170899338 0.09502879709196652 0.08540234708437294 0.15105762077674484 0.11895787636168656
0.08254614650190267 0.11324443759904543 0.13234260975857245 0.14155554699880676 0.09678235068231708 0.1676506636615968 0.09601158839919069 0.1698666563985681
0.11903752213818376 0.07669210008347453 0.15852796623874119 0.09203052010016943 0.1534328110226462 0.13916073965638348 0.14608019063518957 0.11503815012521178
0.08358333925192196 0.111119221873066 0.11309500728934645 0.1388990273413325 0.10750403622419638 0.18491076014424251 0.09420977506629509 0.166678832809599
0.07795725809721157 0.1125070878966685 0.10378715054747956 0.14063385987083565 0.09848249391354359 0.20248507374295252 0.09538644408630591 0.16876063184500276
0.10337787781106517 0.06895196395783891 0.2186571236917108 0.13790392791567782 0.0972958287607263 0.09594715445079421 0.1537525882880766 0.12411353512411004
0.10503556039606293 0.06614152465204011 0.2615877609402337 0.13228304930408022 0.09330891317646402 0.07510271905274851 0.14748572810469834 0.11905474437367218
0.13864862470457961 0.08686992529296225 0.2311291167500008 0.10858740661620282 0.12166549905503841 0.09430390678737463 0.12106685483925897 0.09772866595458253
0.11119146088679169 0.0646941754232547 0.2638016933682945 0.1293883508465094 0.0966495487301164 0.07356689963639498 0.1442583553467799 0.11644951576185848
0.14005077904134475 0.08654132616975237 0.2314095008589609 0.10817665771219047 0.12217995208726228 0.09367389172532942 0.12060890046418848 0.09735899194097142
0.08766247607391586 0.11145606742533601 0.12969057517200344 0.13932008428167 0.10141810600373619 0.1687732283925498 0.09449536151278487 0.16718410113800397
0.12012098762847338 0.07648490061791334 0.1573801395653474 0.09178188074149601 0.15462457040628716 0.1391946451271111 0.1456855249865016 0.11472735092687
0.0837593773861466 0.11109066470932547 0.1128294331515569 0.13886333088665687 0.10773902246357529 0.1848966107808444 0.09418556355790639 0.16663599706398818
0.09081783389148944 0.1310154102897016 0.12079578018490664 0.163769262862127 0.08605593463321089 0.1768447295849595 0.08330871197769069 0.1473923365759143
0.08232251571712829 0.1102716275879622 0.10519057889079456 0.13232595310555462 0.10183568660881007 0.20340173187864105 0.09924446482916599 0.1654074413819433
0.0774616239676444 0.11207818727088399 0.1017275556331741 0.140097734088605 0.09696827224801471 0.20852653493829787 0.09502281094705382 0.16811728090632597
0.08941176881015876 0.13083728295631916 0.11781863841471416 0.16354660369539897 0.08397452165975677 0.1840237949101336 0.08319544622765947 0.14719194332585905
0.1083556509651263 0.06878521653587921 0.23006349250798264 0.13757043307175842 0.09334160571535456 0.08965427861745623 0.15229612452388397 0.11993319806255863
0.07293144882907401 0.09955387580461011 0.07989693502856289 0.08679055839376267 0.14124547308191712 0.24788952606420755 0.0981110660103404 0.17358111678752533
0.10186615211752229 0.06848381114558684 0.2069849006710663 0.13696762229117368 0.10603446854429081 0.10368350777799543 0.15270867739030852 0.1232708600620563
0.13927931366162796 0.0879665049727309 0.21319108205690568 0.10995813121591362 0.12646747486703325 0.10158006465641047 0.12259511047505592 0.09896231809432225
0.1288567567348896 0.07491547283498405 0.18498507482594498 0.09364434104373007 0.15064865240945816 0.11536789039171827 0.13920860250679873 0.11237320925247607
0.1262642919676166 0.07498256337053756 0.1760027490677377 0.09372820421317195 0.15829038503900741 0.11892469054534756 0.139333270740775 0.11247384505580635
0.11016553276172894 0.06577427436028792 0.24292963776446644 0.13154854872057584 0.10569692666726685 0.0788245711095885 0.14666681476756738 0.11839369384851824
0.14035231332368353 0.0869685294044661 0.22457242344977957 0.10871066175558264 0.12512641963795393 0.09522578172698712 0.12120427512152271 0.09783959558002436
0.11176181565201179 0.06480667157140593 0.2613022525967116 0.12961334314281187 0.09751218794909358 0.07384251529274738 0.1445092049666873 0.11665200882853069
0.12254137479148237 0.07563564367391014 0.2014184608871228 0.09454455459238767 0.1426365972821098 0.10922307285313963 0.14054683040898228 0.1134534655108652
0.08450055535947502 0.11146683005311381 0.1229225586833562 0.13933353756639225 0.10563105808280016 0.17444072882581277 0.0945044863493791 0.16720024507967068
0.07826407475809295 0.11273323999978761 0.10609718501406926 0.14091654999973452 0.09828158374710073 0.19902932474258322 0.09557818173895037 0.16909985999968144
0.07697015230949572 0.11244983643932244 0.10217463918156812 0.14056229554915303 0.09648048985975641 0.20734992719446907 0.09533790480725163 0.16867475465898366
0.10320990592233073 0.06899064279408625 0.2180405640945199 0.1379812855881725 0.0969368517174657 0.09681875653412216 0.15383883631994752 0.12418315702935524
0.1050230074234605 0.06615860648392756 0.26137068345367287 0.13231721296785512 0.09325899578408016 0.07526218417565395 0.14752381804028022 0.11908549167106959
0.13865332468659358 0.08687599523524264 0.23106111109917993 0.10859499404405332 0.12165970370198363 0.09434406233821267 0.1210753142550863 0.09773549463964798
0.11119506866617451 0.06469584477786176 0.26377699610831323 0.12939168955572353 0.09665062675217044 0.07357517578120912 0.14426207775839622 0.11645252060015118
0.12235852352088729 0.0756082788699563 0.2021664752173367 0.09451034858744536 0.1423262945058054 0.10912168010841725 0.1404959808852173 0.11341241830493445
0.14342697779236363 0.08635513399138736 0.20900148922797515 0.10794391748923421 0.13443770956434659 0.10133583371011666 0.12034941248426557 0.09714952574031077
0.11285068194511308 0.06501775324162615 0.2552421091691539 0.1300355064832523 0.09974329964185866 0.07509880809751754 0.14497988558655142 0.11703195583492705
0.10557561618125334 0.06502272704875227 0.2743029280662079 0.13004545409750454 0.09240210326806286 0.07061928621638154 0.1449909764340834 0.11704090868775407
0.08241519703040369 0.11297578702952357 0.14009507324399847 0.14121973378690447 0.09611928330660476 0.1619274256202053 0.09578381943807435 0.16946368054428534
0.08089124593024288 0.11031681633742443 0.10941751703262981 0.1323801796049093 0.10415914078184349 0.19807474110313145 0.099285134703682 0.16547522450613664
0.07727784482171171 0.1121690046077686 0.10271488410485881 0.14021125575971075 0.0975237152042038 0.20674998033568115 0.09509980825441251 0.1682535069116529
0.11668737041524063 0.07794022677770517 0.15414366045081548 0.09742528347213145 0.14635485850438779 0.1457090328426499 0.14482922737051182 0.11691034016655773
0.10903608007531493 0.06650530515620386 0.23518059846820583 0.1330106103124077 0.10423035243138834 0.08403059994192649 0.1482969043333859 0.11970954928116695
0.08303238082957477 0.11308114582917174 0.13143612463989263 0.14135143228646468 0.09862776938701626 0.16697628290721575 0.0958731453769065 0.16962171874375762
0.10631902889270643 0.06841845441921392 0.23530257344343924 0.13683690883842783 0.09586085690537227 0.08648437905866031 0.1514840830445762 0.11929371539760375
0.12194780829385321 0.07626287339605896 0.1940965489293655 0.0953285917450737 0.14309449191305773 0.11316302133284059 0.14171235429566179 0.11439431009408843
0.10881398904743358 0.06559235126909531 0.2502363548382785 0.13118470253819062 0.10223344916132644 0.07761176743439611 0.146261153426908 0.11806623228437155
0.10490363047116869 0.06518220427781475 0.27259572697871914 0.1303644085556295 0.09309853971973009 0.07118093544455001 0.14534658685232124 0.11732796770006655
0.08230516317636377 0.11299666520007046 0.13972264977635396 0.1412458315000881 0.09627641172411103 0.16215676032719503 0.09580152049571192 0.16949499780010568
0.14272441131575206 0.09199117244581125 0.19296083448759577 0.11038940693497351 0.12824707260354595 0.1152445720870299 0.1222056112589043 0.09623691886638716
0.08797731064241054 0.11134878287156551 0.12098913326179823 0.1391859785894569 0.10252470851072976 0.17654650894732005 0.09440440286937077 0.16702317430734825
0.14459707481392792 0.09200127397876796 0.18602111444692326 0.11040152877452157 0.13004722863531912 0.11846526209302148 0.12221903063357697 0.09624748662394189
0.08827164753464477 0.11130614512951925 0.11942076010834234 0.13913268141189908 0.1028638693535053 0.17767742528843525 0.09436825347937504 0.16695921769427888
0.07792512004721992 0.12398457270660555 0.10410393795982678 0.13875482335282793 0.09652219392225451 0.19809159684421446 0.0941119671436572 0.1665057880233935
0.10263492419756104 0.07716862468772837 0.21738604283763974 0.13658652707862493 0.09624466217910475 0.09476755998032094 0.15228378466825793 0.12292787437076243
0.10448502635734888 0.07112410806863445 0.2604096306905422 0.13154748610839764 0.09274746812567775 0.07462791311755305 0.1466656300342881 0.11839273749755787
0.10335299642605549 0.06959258131918256 0.27592161936163145 0.12941867252279957 0.09067303730794911 0.07027212603883055 0.14429216175303175 0.11647680527051961
0.10255816114843273 0.06909394234045975 0.2814677017051932 0.12866320941401996 0.08977778663550019 0.06919243351918979 0.14344987676458643 0.11579688847261797
0.11949432358036309 0.08059127264848584 0.2071501212138971 0.09383617065827247 0.13943063139145412 0.10740030560470575 0.13949377011289463 0.11260340478992698
0.08330890880278045 0.11990008201345356 0.12335086233612526 0.13789773094600413 0.1041660533420114 0.17236845052191319 0.09353063490250714 0.16547727713520494
0.11699838218781099 0.08657288314681538 0.15931147538130322 0.09611581133160707 0.1469304214392853 0.13584944383124856 0.14288260908400097 0.11533897359792847
0.08267406895799947 0.12040708015091686 0.11256632364497415 0.137714035790096 0.10547270891938926 0.18250289792218327 0.09340604166632598 0.16525684294811518
0.10273133780698619 0.08250650777588314 0.21931636054333725 0.13492593020404378 0.09721295839887488 0.09144122500899549 0.15043234307823986 0.1214333371836394
