Action: 0
[0.10631950079826817, 0.10548866290016815, 0.2586295183613652, 0.10548866290016815, 0.10760766633952587, 0.10548866290016815, 0.10548866290016815, 0.10548866290016815]
[0.2143319697934191, 0.12312874428558218, 0.14939879000777537, 0.10262809918264468, 0.10262809918264468, 0.10262809918264468, 0.10262809918264468, 0.10262809918264468]
[0.11157910062677567, 0.10261853767297982, 0.12327349149166084, 0.1026185376729155, 0.1493644159125237, 0.2053088412773135, 0.1026185376729155, 0.1026185376729155]
[0.125, 0.125, 0.125, 0.125, 0.125, 0.125, 0.125, 0.125]
[0.14998188906665594, 0.10264137411838485, 0.21390155544359496, 0.10264137411838485, 0.10272877964808873, 0.12282227936812087, 0.10264137411838485, 0.10264137411838485]
[0.11132381711059325, 0.1018910046194656, 0.22553730042706888, 0.10189100290547336, 0.10618450789552863, 0.14939036123092353, 0.10189100290547336, 0.10189100290547336]
[0.125, 0.125, 0.125, 0.125, 0.125, 0.125, 0.125, 0.125]
[0.125, 0.125, 0.125, 0.125, 0.125, 0.125, 0.125, 0.125]

Action: 1
[0.10590168300228282, 0.10589940062069632, 0.1058989230642127, 0.1058989230642127, 0.10591482248814581, 0.2586884016320243, 0.1058989230642127, 0.1058989230642127]
[0.1493217522828731, 0.10381660202135315, 0.10381660202135315, 0.10381660202135315, 0.10381660202135315, 0.22777863558900804, 0.10381660202135315, 0.10381660202135315]
[0.10269757365630448, 0.11111653312902854, 0.10267163788361583, 0.10267163788361583, 0.22549396035460365, 0.15000538132559993, 0.10267163788361583, 0.10267163788361583]
[0.125, 0.125, 0.125, 0.125, 0.125, 0.125, 0.125, 0.125]
[0.14931982194660537, 0.10366102003559467, 0.10366102003559467, 0.10366102003559467, 0.20822713206610732, 0.12414794580931396, 0.10366102003559467, 0.10366102003559467]
[0.10390722580154822, 0.10379491602766569, 0.10379491602766569, 0.10379491602766569, 0.1239739440658848, 0.2531442499942385, 0.10379491602766569, 0.10379491602766569]
[0.125, 0.125, 0.125, 0.125, 0.125, 0.125, 0.125, 0.125]
[0.125, 0.125, 0.125, 0.125, 0.125, 0.125, 0.125, 0.125]

