Action: 0
[0.11017028088796048, 0.10631126666047597, 0.1456468484200245, 0.10631126666047597, 0.21262544612989423, 0.10631235792021694, 0.10631126666047597, 0.10631126666047597]
[0.2162446081673781, 0.10635292202585965, 0.14563785967746415, 0.10635292202585965, 0.10635292202585965, 0.10635292202585965, 0.10635292202585965, 0.10635292202585965]
[0.1447581198690447, 0.1052329356476597, 0.11846500828723397, 0.1052329356476597, 0.10523293567251352, 0.21061219358056896, 0.1052329356476597, 0.1052329356476597]
[0.125, 0.125, 0.125, 0.125, 0.125, 0.125, 0.125, 0.125]
[0.10544311605269288, 0.10509183610600525, 0.11942812638806749, 0.10509183610600525, 0.24965789096344237, 0.10510352217177632, 0.10509183610600525, 0.10509183610600525]
[0.24902529635607662, 0.10434459758051798, 0.10979896944127761, 0.10434459758051798, 0.11945274630005596, 0.10434459758051798, 0.10434459758051798, 0.10434459758051798]
[0.125, 0.125, 0.125, 0.125, 0.125, 0.125, 0.125, 0.125]
[0.125, 0.125, 0.125, 0.125, 0.125, 0.125, 0.125, 0.125]

Action: 1
[0.10517019785631647, 0.10517019785631647, 0.10517019785631647, 0.10517019785631647, 0.22440756861111058, 0.14457124425099072, 0.10517019785631647, 0.10517019785631647]
[0.10670517302294207, 0.10670517302294207, 0.10670517302294207, 0.10670517302294207, 0.10670517302294207, 0.2530637888394055, 0.10670517302294207, 0.10670517302294207]
[0.10680737817084526, 0.10679778870667919, 0.10679778870667919, 0.10679778870667919, 0.2138476566926449, 0.1453560216031138, 0.10679778870667919, 0.10679778870667919]
[0.125, 0.125, 0.125, 0.125, 0.125, 0.125, 0.125, 0.125]
[0.10941165235527854, 0.20879852742969562, 0.10439926371484781, 0.10439926371484781, 0.1446848879019065, 0.11950787745372808, 0.10439926371484781, 0.10439926371484781]
[0.1068361226180404, 0.10683484877451009, 0.10683484656996896, 0.10683484656996896, 0.21366986494603593, 0.14531977738153776, 0.10683484656996896, 0.10683484656996896]
[0.125, 0.125, 0.125, 0.125, 0.125, 0.125, 0.125, 0.125]
[0.125, 0.125, 0.125, 0.125, 0.125, 0.125, 0.125, 0.125]

