Action: 0
[0.15273388711372413, 0.10243209417164026, 0.23121758722656438, 0.10243209417164026, 0.10388805480058158, 0.102432094172569, 0.10243209417164026, 0.10243209417164026]
[0.25535175655700115, 0.1026836714602568, 0.1026836714602568, 0.1026836714602568, 0.128546214681458, 0.1026836714602568, 0.1026836714602568, 0.1026836714602568]
[0.1254661299890197, 0.1027080951944523, 0.15530946800490303, 0.1027080951944523, 0.20568392603381586, 0.1027080951944523, 0.1027080951944523, 0.1027080951944523]
[0.125, 0.125, 0.125, 0.125, 0.125, 0.125, 0.125, 0.125]
[0.12878165501274083, 0.10197291248116527, 0.15299552900869173, 0.10197291248116527, 0.10638534109157574, 0.20394582496233055, 0.10197291248116527, 0.10197291248116527]
[0.26371362354950967, 0.10403177629986264, 0.11197775878561489, 0.10403177629965941, 0.10414973616637518, 0.10403177629965941, 0.10403177629965941, 0.10403177629965941]
[0.125, 0.125, 0.125, 0.125, 0.125, 0.125, 0.125, 0.125]
[0.125, 0.125, 0.125, 0.125, 0.125, 0.125, 0.125, 0.125]

Action: 1
[0.10287521660626867, 0.10287521660626867, 0.10287521660626867, 0.10287521660626867, 0.12366611981737632, 0.2590825805450117, 0.10287521660626867, 0.10287521660626867]
[0.1111111111111111, 0.1111111111111111, 0.1111111111111111, 0.1111111111111111, 0.2222222222222222, 0.1111111111111111, 0.1111111111111111, 0.1111111111111111]
[0.10505674352506554, 0.10505674352506554, 0.10505674352506554, 0.10505674352506554, 0.1051579190700887, 0.26450161977951814, 0.10505674352506554, 0.10505674352506554]
[0.125, 0.125, 0.125, 0.125, 0.125, 0.125, 0.125, 0.125]
[0.10387150089258036, 0.10395017786539539, 0.10387150089258036, 0.10387150089258036, 0.11330974495411136, 0.2633825727175914, 0.10387150089258036, 0.10387150089258036]
[0.10404844373047872, 0.10404844373047872, 0.10404844373047872, 0.10404844373047872, 0.11200002365619904, 0.2637093139609286, 0.10404844373047872, 0.10404844373047872]
[0.125, 0.125, 0.125, 0.125, 0.125, 0.125, 0.125, 0.125]
[0.125, 0.125, 0.125, 0.125, 0.125, 0.125, 0.125, 0.125]

