0.125 0.125 0.125 0.125 0.125 0.125 0.125 0.125
0.099626400996264 0.07845579078455792 0.199252801992528 0.15691158156911583 0.08685378548392246 0.06839735606858895 0.17370757096784492 0.1367947121371779
0.0745303753200788 0.12421729220013136 0.1056354961590544 0.1490607506401576 0.0931629691500985 0.15527161525016417 0.11179556298011822 0.186325938300197
0.07450967669499871 0.12418279449166453 0.09799683982351215 0.14901935338999742 0.1010241357052516 0.15522849311458065 0.11176451504249807 0.18627419173749676
0.07286027700497416 0.12143379500829027 0.09536047443885214 0.14572055400994832 0.09958894664866128 0.17359484486937715 0.10929041550746126 0.18215069251243537
0.053058345330633104 0.08843057555105517 0.06938343909331854 0.10611669066126621 0.116061306090859 0.2273762331568161 0.12734002879351947 0.21223338132253242
0.07295173961840629 0.12906846240179573 0.09118967452300786 0.16133557800224466 0.08754208754208755 0.15488215488215487 0.10942760942760943 0.19360269360269358
0.10657532854702133 0.08392807123077929 0.13888614500098564 0.10071368547693517 0.1524449208965287 0.13169674918104882 0.15986299282053199 0.12589210684616894
0.07208193243296816 0.12752957276602056 0.09010241554121019 0.15941196595752574 0.09842136818456752 0.1530354873192247 0.10812289864945224 0.19129435914903087
0.09466760116452395 0.07455073591706261 0.2055348923890229 0.14910147183412523 0.09959085354075926 0.08150708819173967 0.16506145844070844 0.1299858985220579
0.07057260008069387 0.11762100013448977 0.11409978043159281 0.14114520016138773 0.10699492652903139 0.16727609234002905 0.10585890012104081 0.17643150020173465
0.059415425779810925 0.09902570963301821 0.0638249721936821 0.0891231386697164 0.14916075765330405 0.25425595232737586 0.10694776640365966 0.1782462773394328
0.07145825418090125 0.12642614201236377 0.08932281772612656 0.1580326775154547 0.10622214386041964 0.1517113704148365 0.10718738127135188 0.18963921301854564
0.09272300066905415 0.07301936302688015 0.2135408156481997 0.1460387260537603 0.10131318895240259 0.08437822023115103 0.16167087296142776 0.12731581245712437
0.06919211694204504 0.1153201949034084 0.1218001600230524 0.13838423388409007 0.10778844833150997 0.1707463781477139 0.10378817541306758 0.1729802923551126
0.10753719118431736 0.07921715998827213 0.1531546879294054 0.09506059198592656 0.158985378930123 0.1363294214504577 0.15088982854908978 0.11882573998240818
0.08344413536535625 0.14763193180024567 0.07274616929287468 0.12870476105662443 0.12606924410057 0.19966264196493014 0.0872954031514496 0.1544457132679493
0.07318720214751392 0.11257203440426931 0.09411114814754422 0.13508644128512318 0.11192757743765655 0.20294271400764655 0.10131483096384238 0.16885805160640394
0.07188354859154394 0.11156937961714418 0.09719630547471245 0.133883255540573 0.10805001571530552 0.20965098397957507 0.10041244165542976 0.16735406942571623
0.07138327306591755 0.11089318380171108 0.09723892523317033 0.13307182056205327 0.10666685222578359 0.21460230398725752 0.09980386542153996 0.16633977570256658
0.08083428095192206 0.1430144970687852 0.07047091159911154 0.12467930513688967 0.1141526136304312 0.23266813152965884 0.08456509391893384 0.14961516616426757
0.09257002600531289 0.07472520171513208 0.18514005201062578 0.14945040343026417 0.10348851060856185 0.09349439633330238 0.16662604680956317 0.13450536308723776
0.07467109093445669 0.11388852676485638 0.11564314575538401 0.13666623211782766 0.10826623554020344 0.1775323046516164 0.10249967408837075 0.17083279014728456
0.09331734638863529 0.13729816328930353 0.09342714333764383 0.12356834696037317 0.13222514906824168 0.2533465825592987 0.09267626022027989 0.0741410081762239
0.06628495821355934 0.117273387608605 0.090435072185994 0.14659173451075624 0.10231678002924277 0.2017605487185961 0.09942743732033901 0.17591008141290745
0.10005016318446948 0.0704969078870561 0.21538700257364893 0.1409938157741122 0.09941746202985083 0.09465101310367754 0.15608594990052307 0.12291768554666192
0.11487301206854567 0.0766763805007936 0.18043088044233088 0.09201165660095233 0.15450718187709195 0.12043606918615499 0.1460502485729402 0.11501457075119038
0.0675460186730463 0.11950449457538959 0.099242583833409 0.149380618219237 0.11098776879243036 0.17276274603383393 0.10131902800956943 0.17925674186308438
0.07487994912674921 0.11144832875145524 0.1001029609928396 0.13373799450174628 0.10865668073957382 0.20369809688414325 0.10030349587630974 0.16717249312718285
0.11431249623082787 0.07689483705349376 0.14689607189627635 0.09227380446419252 0.15847227628029278 0.149341902202307 0.14646635629236907 0.11534225558024064
0.07967907154627565 0.1409706650434108 0.07943939618608033 0.12289750285835813 0.13383126575133167 0.21234852802840998 0.08335656715610378 0.14747700343002976
0.09007812834116129 0.0727136698657567 0.19428126371878354 0.1454273397315134 0.10869667969409172 0.09577768187624092 0.16214063101409032 0.13088460575836208
0.1172962840622363 0.07666419550276078 0.17420219367296982 0.09199703460331295 0.15809424732699348 0.12072271252470783 0.1460270390528777 0.11499629325414117
0.09928799117251476 0.08014813745251191 0.16181556040678763 0.10018517181563988 0.16761653228601697 0.12179241392898882 0.14893198675877212 0.12022220617876786
0.07206919635090768 0.1158794729801729 0.1052811052532763 0.14484934122521612 0.11294492106700282 0.1769111135178007 0.09824564013536398 0.17381920947025933
0.07721685330088855 0.11063562942552115 0.10077160716512962 0.13276275531062534 0.10871734303781819 0.20437030113876636 0.09957206648296903 0.1659534441382817
0.07036768861012012 0.1155806465961003 0.09603438138646461 0.1444758082451254 0.10084936433034587 0.2013288536062169 0.09799228733147637 0.17337096989415046
0.10261250620752956 0.06968563095313121 0.2198287407381552 0.13937126190626242 0.09854316891913414 0.09416582379990304 0.15428971607042483 0.12150315140545956
0.11893762567874132 0.07577448601340665 0.18358375097952534 0.09092938321608798 0.1533453613501044 0.11943530943077357 0.14433235431125077 0.11366172902010999
0.0729587903573014 0.11514543945727736 0.10792459506153303 0.14393179932159672 0.11023812525516483 0.17945978399525805 0.09762330736595255 0.17271815918591604
0.10393044845795958 0.06908405724679288 0.2257594359434243 0.13816811449358576 0.09976585556293081 0.08988005220747036 0.1529577824267616 0.12045425366107476
0.07274266617044053 0.09565214990990088 0.08384678535990041 0.0860869349189108 0.1469355319093805 0.23925773999095232 0.10330432190269295 0.1721738698378216
0.06830369412674761 0.11245594979854552 0.09139778956457022 0.14056993724818193 0.10689396502328546 0.21635165166817116 0.09534308787267991 0.1686839246978183
0.10576450264268346 0.07987174366338579 0.14362428399352753 0.09983967957923223 0.15285055953812088 0.14982322574332174 0.1484183893446497 0.11980761549507869
0.10195977095319748 0.0691408097409792 0.21559466567946975 0.1382816194819584 0.10940564800738514 0.08699034240470589 0.1541736861985417 0.12445345753376257
0.10584973939639684 0.06605185154482396 0.2674394640313543 0.13210370308964792 0.09554781921001139 0.07159586211650455 0.14624422971259352 0.1151673308986674
0.07741312351034103 0.11507381052885048 0.13072687739337063 0.14384226316106313 0.0984685514885001 0.16430207963274746 0.09756257849185151 0.17261071579327572
0.11657024703166703 0.07673764239850152 0.15893074668168056 0.09208517087820182 0.154980935427984 0.13942185608230534 0.14616693790190763 0.11510646359775227
0.05618808509964888 0.08197023606870323 0.0791637161949961 0.10246279508587902 0.13259770450851288 0.22686436538211677 0.11582750748838497 0.20492559017175804
0.0954009094239157 0.06993541740763548 0.2045133627499563 0.13987083481527096 0.10633586673919566 0.10211431483325605 0.15594554269702599 0.12588375133374388
0.08827931457360187 0.05584381815364407 0.22250919552629056 0.11168763630728815 0.11506370548351988 0.08972482217902426 0.17728196239252086 0.1396095453841102
0.08946265977952576 0.1365341600077098 0.10525429425837077 0.1190297805195419 0.12189760864426989 0.20425251772779018 0.08073324243934145 0.14283573662345025
0.0858236590087659 0.13064639471442757 0.11707791867231349 0.16330799339303445 0.08884371589360401 0.18424905805984076 0.08307406620428275 0.146977194053731
0.10621145577571636 0.06867250843343803 0.23086407933223102 0.13734501686687606 0.09475614078019984 0.09036753792153017 0.15204657951888598 0.11973668137112273
0.08006800544838787 0.11387675119211335 0.12788213424913739 0.1423459389901417 0.09748741965660764 0.17097694331691127 0.0965476803585309 0.17081512678817
0.10455246526837579 0.06841631807009554 0.23534922974412598 0.1368326361401911 0.0962267899870511 0.08785321731697815 0.1514793529919901 0.11928999048119222
0.07981821942437038 0.11385586334162973 0.12881156281571698 0.14231982917703717 0.09779723215388375 0.17008352698092682 0.09652997109399043 0.1707837950124446
0.10445896450305092 0.06839022474317633 0.2357726270510091 0.13678044948635265 0.09625691361779484 0.08767474595366441 0.15142158022095203 0.11924449442399976
0.07979711716492831 0.11384083477722824 0.12889179656101177 0.14230104347153533 0.09789055822901632 0.1700001681453965 0.09651722948504134 0.17076125216584234
0.1044474315173429 0.06838520786679585 0.2358245305695265 0.1367704157335917 0.09627037613449183 0.08765581868426575 0.15141047244418776 0.11923574704979788
0.07979203229906937 0.11383419624230984 0.1288989459480647 0.14229274530288732 0.09793338450243524 0.16998580017981038 0.09651160116195837 0.17075129436346478
0.07938178133255021 0.10999846916284864 0.10754707517048327 0.13199816299541833 0.10491971178737791 0.2021584735604848 0.09899862224656376 0.16499770374427294
0.07491980643249055 0.11218232527057756 0.1009309740586626 0.14022790658822193 0.09825299814877413 0.21010139973556932 0.0951111018598375 0.16827348790586633
0.10049577700387526 0.06928519264690873 0.21558315450904303 0.13857038529381746 0.09826772086807556 0.09858878438476706 0.15449563852907708 0.12471334676443573
0.10638332293713129 0.06587771930874463 0.2688552391724133 0.13175543861748926 0.09309272376025018 0.07331315386036819 0.1458586866257919 0.11486371571781115
0.07984061994616891 0.11328745473549899 0.13829200684112058 0.14160931841937374 0.09699782824525248 0.16399353025967467 0.09604805944966219 0.16993118210324848
0.11770995554194674 0.07639634001132078 0.16121844081116918 0.09167560801358494 0.1539751962037122 0.13891311128448347 0.14551683811680147 0.11459451001698116
0.07960099402081575 0.11911728642697705 0.11247728385258698 0.1376233995179193 0.10778964951783347 0.184898740612819 0.09334456662954527 0.16514807942150314
0.09999625404734105 0.07665109894734304 0.22019634962772866 0.13627896654948488 0.09903574187979453 0.09324964142322643 0.15194087763054506 0.12265106989453639
0.07830583316567233 0.12145503331895842 0.1279174441567248 0.14049082073325947 0.09756255693445269 0.1703899005745493 0.09528942623647166 0.16858898487991136
0.1175256342148348 0.07655799941693787 0.158122259556307 0.09186959930032546 0.1544356830535087 0.14082706453851207 0.14582476079416737 0.1148369991254068
0.11866650238232959 0.0810496473717905 0.16788707332064648 0.09361924176524175 0.1609168749274737 0.12634627937067466 0.1391712907435534 0.11234309011829009
0.10665408094622811 0.07120556010474278 0.23975032235603885 0.1309565339725316 0.1070625296238339 0.08050332991764311 0.14600676250370315 0.11786088057527844
0.10278456806881722 0.0697938928392217 0.26992123296512704 0.1297634871171142 0.09446054032988419 0.07181253598117258 0.14467660429326015 0.11678713840540278
0.11795217588780907 0.08059520264525287 0.20557806516430735 0.09377096069936029 0.14166959230577314 0.1085120193290666 0.1393968311291983 0.11252515283923234
0.10641650810883778 0.07025877118408477 0.25544000803717287 0.12924564523937535 0.10172309816220897 0.07649563930838477 0.14409924924449757 0.11632108071543781
0.11999761961281294 0.08052486869584354 0.2008541291232646 0.09363108343239823 0.14384698363446521 0.10959912120522032 0.13918889417711738 0.11235730011887787
0.10751452838084531 0.07026670693261562 0.2535863703121346 0.12925614661623835 0.10222570206539758 0.07670905624213896 0.144110957496015 0.11633053195461451
0.10387707286175683 0.06918281715027196 0.27545143049826526 0.12869982668452637 0.09280506986035171 0.0706632366401851 0.14349070228856894 0.11582984401607374
0.10242636376488674 0.0686737176677128 0.2838122331856189 0.1278825418954906 0.09030460423765863 0.0692267608024944 0.1425794907401962 0.11509428770594153
0.08117881926089031 0.11959035646522613 0.14297003843545117 0.13924721495522036 0.09518696853753496 0.16028400729935016 0.09444593710006251 0.1670966579462644
0.11626076244086002 0.0862267988018052 0.1665566493025637 0.09572686102262042 0.14450627107804917 0.1335460158007929 0.1423044083261641 0.11487223322714452
0.12285547802202791 0.0814490890200004 0.17111225985627346 0.09314373885932235 0.15718542168161453 0.12401710219243259 0.1384644237371419 0.11177248663118683
0.14305486654160288 0.09300556772971069 0.1982898987089789 0.10682460337214225 0.13890559419201465 0.10467586564601013 0.11910146077461232 0.09614214303492803
0.1127960648416501 0.07084940782008305 0.2519383495870537 0.12865522892519204 0.100899551544459 0.07563071213378723 0.14344097911510217 0.11578970603267284
0.10528839153270143 0.06918993178157119 0.27475019796249384 0.12862980059439338 0.09250442753698244 0.07045780163300551 0.14341262842389826 0.11576682053495403
0.10296343978908208 0.0686575012176488 0.28352023683692174 0.12784718904901313 0.09022979658457257 0.0691792914240039 0.14254007495464596 0.1150624701441118
0.10216087773342082 0.06842452545551177 0.28679915209333917 0.12747247169828083 0.08951852087255754 0.06877693454587626 0.14212229307256086 0.11472522452845274
0.09333537646471901 0.13721392706658855 0.16492507382783786 0.15979754188609377 0.08179626735126101 0.13782571092048082 0.08128831478553467 0.14381778769748438
0.10709901365547926 0.06751090796806199 0.2501136666116878 0.13502181593612397 0.0917362982824606 0.08133227024401525 0.14947470058862725 0.11771132671354397
0.12149161748781319 0.08053173709416948 0.19963269897966052 0.0939101151489313 0.14101121575170955 0.11112678379431859 0.13960369356467994 0.11269213817871755
0.08389523781071795 0.11932863934523799 0.12262294656153311 0.13718591232526808 0.10500866484513526 0.1742876681359521 0.093047836185834 0.1646230947903217
0.10340963151013827 0.07597881996836721 0.22534448495035045 0.1349533874002394 0.09764499974705382 0.09074767196068194 0.15046295580295346 0.12145804866021546
0.08172560704382817 0.1207691355538336 0.1297114073106559 0.1396936318896094 0.09691145538908903 0.16880768030728274 0.09474872423816985 0.16763235826753126
0.08034723773811363 0.10992174326396625 0.1076961430995693 0.1319060919167595 0.10465457540302646 0.20166202474504585 0.09892956893756964 0.16488261489594938
0.07625540910334042 0.12269114115898223 0.1014250329264338 0.13738886245188003 0.09672342165241757 0.20746400844950172 0.0931854893151882 0.16486663494225604
0.1154850078923914 0.08663561441615795 0.1529311935460981 0.09588417752616157 0.1452940669760291 0.14617065673705637 0.14253826987471183 0.11506101303139389
0.12319403098097373 0.08153846747729675 0.16668605477930903 0.0932055345300166 0.15756264140526763 0.12741034223903205 0.1385562871520844 0.11184664143601994
0.12463742299483892 0.08066073469238864 0.1705044809315297 0.09263290169566388 0.1607547755664089 0.12194517210096864 0.1377050299834048 0.11115948203479664
0.08431491505800535 0.11903000516858162 0.11579226840982379 0.13680512822500554 0.10904882841463986 0.17805313562306388 0.09278956523087332 0.16416615387000663
0.10372003979291626 0.07607815501591868 0.22247354629427238 0.13515957295649025 0.09867068399136027 0.09156154897700937 0.15069283731119137 0.12164361566084124
0.08181932559078516 0.12078152657192048 0.12905919488048548 0.139695959208771 0.09713180207597133 0.16912673785385302 0.09475030276768817 0.1676351510505252
0.10567127466845432 0.06829404329975647 0.2357040787781712 0.13658808659951294 0.09602155263113259 0.08743554397949178 0.15120862659775136 0.11907679344572922
0.08216472265549955 0.119811516370199 0.13207419366044035 0.1396230458721251 0.09654952870944422 0.16752848918116997 0.0947008485045718 0.1675476550465501
0.0971684914179367 0.1327972295321726 0.1307513235951064 0.15935667543860713 0.08811712005440726 0.16952702806791783 0.0833557994601945 0.13892633243365748
0.08333863851229593 0.10969799097461289 0.10780467542450697 0.1316375891695355 0.1024993044263771 0.20174662315360076 0.09872819187715162 0.16454698646191934
0.07680195397641026 0.12264347868347113 0.10143668907307274 0.1373586046742551 0.09625477485173092 0.2075092064833285 0.09316496664862521 0.1648303256091061
0.10254624539381829 0.07679849672951863 0.21692425970023999 0.13599941688254566 0.09650216561103057 0.0972007398747325 0.1516292006138233 0.12239947519429109
0.10464293238537212 0.07072372586752802 0.2621724969978545 0.13079646228637892 0.09296131346764473 0.07515795841818963 0.1458282945192911 0.11771681605774104
0.09421161445520758 0.13793310929003158 0.15876499047155482 0.16031055645409506 0.0826391601443784 0.14031178531026828 0.0815492830657788 0.14427950080868554
0.10795635829383878 0.06761976660227269 0.247585189975886 0.13523953320454538 0.09206157104207133 0.08192072681524837 0.14971572255448246 0.11790113151165496
0.08214506490900374 0.12495775746982754 0.13425070344660445 0.1386203525962897 0.09517091462683239 0.16449002294449797 0.0940207608913965 0.16634442311554762
0.1022185460502433 0.08238268712815497 0.22922069925177688 0.13363346015478536 0.09480833267600573 0.08847482517342159 0.14899133542630544 0.12027011413930681
0.12019415175701924 0.08657606727310393 0.19273462318563098 0.09376251592861624 0.14191519284247608 0.11291815248851295 0.13938427741030116 0.11251501911433949
0.08314269881735616 0.12677747312119073 0.1203421068966623 0.1359858108975923 0.10452222531356928 0.17381285752858636 0.09223385434793217 0.16318297307711074
0.0680477065875369 0.1202534767450691 0.14788459069655094 0.19443594136059592 0.06430095800120879 0.13117626138802507 0.09890871799647706 0.17499234722453635
0.11721240701569598 0.07810728285124441 0.16692180941170795 0.0937287394214933 0.1456671281721512 0.1324259319913274 0.14877577685951315 0.1171609242768666
0.12308037169652361 0.08503240418807945 0.1705799713152353 0.09254087690062408 0.15691866889920958 0.12323042577477082 0.13756822894480833 0.11104905228074889
0.10911522165901402 0.07523277470628091 0.240726562411309 0.12940955910664792 0.1054289042039805 0.07933637374265613 0.14428200097412835 0.11646860319598314
0.10466435590510173 0.07334586452607081 0.27001051282785354 0.128498188733908 0.09347484720584581 0.07109196991946513 0.14326589102123774 0.11564836986051721
0.08143907196656071 0.12590686576423568 0.1392613470204042 0.13827343675127285 0.09533672142660833 0.16006897152070143 0.0937854614486894 0.16592812410152738
0.0758154654072558 0.14114615436238973 0.10761909747049854 0.13578738818348882 0.09396713441800816 0.19062062235284968 0.09209927198532285 0.16294486582018658
0.07429159238628384 0.14407390395901165 0.0999038506601457 0.1347893196746583 0.09301923774445499 0.20075259079521776 0.0914223211706378 0.16174718360958992
0.07386041578205552 0.144491937885694 0.09797447087052501 0.13444851294139343 0.09260126123147665 0.20409402045980335 0.09119116529937989 0.1613382155296721
0.1008888926358714 0.09020554281922981 0.21340138786592847 0.13418554903141386 0.09486645971913135 0.09607830047706858 0.1496068733230838 0.12076699412827248
0.1037460430929758 0.07876463393521538 0.2597243867065514 0.1297132160235152 0.09212171961592866 0.07456755042917831 0.14462055577547142 0.11674189442116369
0.08099177470249007 0.13086046933276424 0.13649493883635164 0.1376552820326669 0.0946769773461138 0.16076802801869114 0.0933661912917219 0.16518633843920025
0.07570224882873035 0.142325649211617 0.10693267960691617 0.13568038833098922 0.09376021864834821 0.1907556512038889 0.09202669817232313 0.16281646599718708
0.07427899934503078 0.1443550058785514 0.09973740822653412 0.1347664511591148 0.09296117178742519 0.20077441186100647 0.09140681035139961 0.16171974139093775
0.10094564849379523 0.09014207321882348 0.21415364008827684 0.13413477792332984 0.09490202443642444 0.09545026838189447 0.14955026732645876 0.12072130013099686
0.10373318201482463 0.07873486451504572 0.2600106700561296 0.12967894466593827 0.09210598347207179 0.07444295930730865 0.14458234576933712 0.11671105019934444
0.1027575633942826 0.07574932774944071 0.2772241518592846 0.1274989097119128 0.09008967012504901 0.0697795889345342 0.14215176948477443 0.11474901874072152
0.10192997332565172 0.07483606068428307 0.2835997470006103 0.12667274195949144 0.0891401266125593 0.06858522855872733 0.14123065409513447 0.1140054677635423
0.11870198191934359 0.0871436022825748 0.20896826682025862 0.09234838130149256 0.13836054271092468 0.10637709609572424 0.13728207130789044 0.11081805756179108
0.10674372718880892 0.07731146152573493 0.25567853693462983 0.1275644871644104 0.1002075932449264 0.07546127204305048 0.14222488345046952 0.11480803844796938
0.08144558674974431 0.13030510113732238 0.13549104778154664 0.13742027659800707 0.09631978345451675 0.16090707605999754 0.09320679630125697 0.16490433191760845
0.10138772014690695 0.08910535711250864 0.22851101480502575 0.1323930186816314 0.09443842891401724 0.08740240777244375 0.14760833575399798 0.11915371681346824
0.10317528468329798 0.07958032140124117 0.26518796404357736 0.12870394418910566 0.0914142500247493 0.07260939288893505 0.14349529299889838 0.11583354977019508
0.08069244221972856 0.13305524741074332 0.13749365223912569 0.13719702635498693 0.09428250774420947 0.1595873180079263 0.09305537439729548 0.1646364316259843
0.07535717093188939 0.1462022495988513 0.10678472123352713 0.13502939703108843 0.09332222515322204 0.18968380336694257 0.09158515624717305 0.1620352764373061
0.11364762859916587 0.10452749510543284 0.15271505603543478 0.09406214399224297 0.1422263940463307 0.14011701477954602 0.13982969465115522 0.11287457279069157
0.10732570654061281 0.08318710402019037 0.23322292993763077 0.12969208110996772 0.1027077501665218 0.08254456330200724 0.1445969919240983 0.11672287299897093
0.07094607981825383 0.11683408182959312 0.18152881563302906 0.19127740339480573 0.06319996166344605 0.10676201113949361 0.09730198346605336 0.17214966305532517
0.1030236320765437 0.06805159699345206 0.25855299135933996 0.13610319398690413 0.08834036095030849 0.07660232753767322 0.15067183054309286 0.11865406655268562
0.11969098557080717 0.08783381703336333 0.20154901644464898 0.09301005286726254 0.13892846352203092 0.1091099105901371 0.13826569053103505 0.11161206344071503
0.10710104086168154 0.0790221339813822 0.2525668994445059 0.12764702703423292 0.10045154869254692 0.07601211640921089 0.14231690924562984 0.11488232433080964
0.12023026434104957 0.08954783839362375 0.1989063095342595 0.09242986825736847 0.14214902534707555 0.10841764507697635 0.13740320714080448 0.11091584190884217
0.09516994220682067 0.15428554896418092 0.13942490569092703 0.15515908734343356 0.08975878029050424 0.14762980376816642 0.07892875312687707 0.13964317860909017
0.07767133856841031 0.15187751351680706 0.10691745359784496 0.13438364260423344 0.09205278083383653 0.18468973346569878 0.09114716628808876 0.1612603711250801
0.10113511647337142 0.0948727848614557 0.2163409677450322 0.1331172237816828 0.09413552276376057 0.09217711257578419 0.14841577039539858 0.11980550140351452
0.10345021738128604 0.08162591327367512 0.26041140518807204 0.12909873708343347 0.09164298475704169 0.07364642132748402 0.1439354576139176 0.11618886337509013
0.10247369807504901 0.0780713295725044 0.27704527543571866 0.12708358311365278 0.0897866019211976 0.0694755757573533 0.14168871132223673 0.11437522480228751
0.10167795229321358 0.07699692630514504 0.28323391245016266 0.12630723234805774 0.088898652849464 0.06838567648548234 0.14082313815522257 0.11367650911325197
0.1183886043347367 0.08958584533205886 0.20858914345769405 0.09206251049636775 0.13797249981607412 0.10606927881163279 0.13685710515579447 0.11047501259564131
0.10646495679147736 0.0798264965183923 0.2551478947653779 0.12715532770606078 0.099943560627669 0.07525326746687047 0.14176870118869758 0.11443979493545468
0.10318357280912868 0.07775473269844893 0.2747859411641219 0.12703928978944065 0.09151518648474401 0.06974658867240714 0.14163932757121217 0.1143353608104966
0.08058158607702272 0.13343111135463553 0.1395584716733544 0.13690032883976358 0.09416351046435446 0.15823046090053072 0.09285413608262226 0.16428039460771626
0.10088774650764507 0.09112139923634015 0.22985369276449963 0.13191175885400258 0.0937089822559551 0.08672407045185074 0.14707176696110436 0.11872058296860231
0.10289900189337638 0.0809238632372013 0.26550894863167057 0.12842091848498946 0.09111378594628486 0.07237491470985688 0.14317974046013004 0.11557882663649052
0.1021398372937259 0.07810371058970379 0.2788992422255262 0.12678496324706418 0.08949259984519431 0.06911740742037266 0.14135577245605513 0.11410646692235775
0.10150728468989967 0.07723563801908481 0.28387579792101014 0.12616214135155832 0.08875338409323251 0.06825845418700012 0.14066137252181202 0.11354592721640247
0.09187573974996671 0.1531189046547906 0.16213177385887553 0.15662135134910782 0.08030745715876442 0.13531295654540396 0.07967260046889398 0.14095921621419702
0.11718660161161508 0.10735632339520995 0.17024706600046638 0.09316004040463506 0.1368677826406337 0.1249014803827485 0.13848865707912913 0.11179204848556207
0.14050493768430045 0.1104690673962452 0.19615584007279016 0.10518400299243581 0.13193596734109825 0.1038122680358339 0.11727231378410381 0.09466560269319223
0.11152858366769458 0.0839380614215573 0.2492414062929243 0.12669470249192363 0.09856169059309441 0.07475518484012393 0.1412551384499507 0.11402523224273128
0.10444477169416169 0.07888929265351292 0.27237102377044486 0.12712154479161186 0.0913106825838494 0.06972225843376854 0.14173103576020007 0.11440939031245066
0.13601052851791212 0.10314548848900487 0.23399456784928033 0.10511675508153218 0.11880668555774274 0.0911235575492017 0.11719733738194706 0.09460507957337895
0.1260590970257412 0.09422348715153768 0.19045602098062378 0.09035387461669861 0.1457286512615488 0.11043711626227155 0.13431710316154002 0.10842464954003833
0.10862473241729528 0.0813070603083446 0.24755762241918014 0.12747802141241635 0.10192811827118681 0.07624574531073783 0.14212848058966418 0.11473021927117473
0.10387254779269692 0.07848549057010164 0.2718073518268218 0.1272662103408405 0.09209581083307485 0.07004067227805436 0.14189232705165353 0.11453958930675645
0.08067240659636958 0.13413425508384597 0.13883593003285052 0.13683106815351068 0.09424900817833304 0.15827289090153984 0.09280715926933769 0.1641972817842128
0.1146174577480022 0.10394675107941881 0.16293810495307234 0.09363446075142458 0.14194788874179262 0.1313600690358951 0.13919391478868492 0.1123613529017095
0.10706070705001565 0.08421097882949055 0.23703410325749277 0.12897289652548705 0.1021864494418857 0.08066410323979617 0.14379515478289376 0.11607560687293834
0.08115289036737743 0.13604970801155353 0.13077673506112608 0.1367209642385464 0.0963273697646144 0.1621746953782949 0.09273248009223148 0.1640651570862557
0.13221654261773905 0.12025058732733254 0.18460564672581292 0.107887084162207 0.12325187188934277 0.11440384396565607 0.12028604756592333 0.09709837574598629
0.11014130636166232 0.08643462269788145 0.24501087875417057 0.12744129057348494 0.09722305724856639 0.07696415440273452 0.14208752844536304 0.11469716151613644
0.10428497340355923 0.07962910498630016 0.2708110911847491 0.1273328967142482 0.09117374746855267 0.0702019018183592 0.14196667738140803 0.11459960704282335
0.10222799487062689 0.07783448633906957 0.28078773120280553 0.1264558120020304 0.08930076469413241 0.06859418670813969 0.14098879338136822 0.11381023080182737
0.09201956568497698 0.15360927669343336 0.16131896061357298 0.15661270546025374 0.08040447681768834 0.13541537747302163 0.07966820234282472 0.14095143491422835
0.1025728945449013 0.09446400409417519 0.2379832512398862 0.13040175126292722 0.0898389119349505 0.08198938960233605 0.14538822118418898 0.11736157613663449
0.10294748452878924 0.08152044707150963 0.26848417096220156 0.12793280203211088 0.09000410512291754 0.07133594141179998 0.14263552704177138 0.11513952182889978
0.1020223123159391 0.07832984276699935 0.2799669747868709 0.12659647701003587 0.08914871867897704 0.06885322076423989 0.14114562436790565 0.11393682930903228
0.10142223856289537 0.0774402769365238 0.284239323114621 0.12607126080507672 0.08863016340488691 0.06817255495681171 0.1405600474946154 0.11346413472456905
0.08016490474054558 0.1340491747607949 0.141591084430693 0.13666749448178503 0.09341794719737335 0.15741218736215118 0.09269621364851506 0.164000993378142
0.10068512780599309 0.0915264456920682 0.2306063294049136 0.131752242498999 0.09345515607430889 0.08650376214513719 0.14689391812948097 0.11857701824909911
0.10280053370223068 0.08120514544772024 0.26575374694196585 0.12833693665249218 0.09101415315391051 0.07230013413024113 0.14308610698419652 0.11550324298724299
0.1020863485213764 0.07834810004607168 0.27895619176979897 0.12673082182039205 0.08944364526872543 0.0690817441295619 0.14129540880572067 0.11405773963835282
0.10147143423988286 0.07747051909944562 0.2838643928796501 0.1261185055923613 0.08872137617168498 0.06823439507714261 0.14061272190670732 0.11350665503312518
0.10116566840458849 0.07718079830934517 0.28568733983634353 0.12589348291380884 0.08842699258031438 0.06797974492031318 0.1403618384128585 0.11330413462242793
0.10103524274690952 0.07708050734098555 0.28636500982193597 0.12581091008541462 0.08831301671002073 0.06789571834650997 0.1402697758713503 0.11322981907687316
0.08008687458744145 0.133919339301701 0.14206751526628042 0.1366449414365456 0.09333915015391243 0.15728733272982465 0.09268091680043963 0.16397392972385472
0.13164587690856575 0.11973306578315197 0.18867130014013203 0.10768361270032298 0.12219353614433623 0.11309816482284013 0.12005919207036012 0.09691525143029069
0.1098593349247143 0.08637333617262764 0.2466095147762272 0.12725153173732107 0.09686761167967572 0.07663633064169763 0.14187596150414747 0.11452637856358894
0.13807043010563028 0.10561880290615618 0.22485892555517842 0.10542073319075665 0.12068794412041808 0.09292825396138064 0.11753625028879884 0.09487865987168098
0.09803368124407445 0.16143709578991874 0.14509781735110477 0.15331904104316194 0.08497765670205643 0.14115484135670772 0.07799272957413021 0.13798713693884573
0.0895636423606321 0.18129595947275048 0.12398656702952214 0.15373218915658063 0.07820406993326784 0.1566557055831943 0.07820289622313015 0.13835897024092256
0.1087183952385995 0.06877942347975095 0.23437889892913766 0.1375588469595019 0.09254967920594522 0.0858083606164101 0.15228329822134518 0.11992309734930932
0.08181834391056658 0.13197166917197892 0.13060297249209246 0.13757975680970827 0.09468260058434164 0.16493398337133838 0.09331496548832388 0.16509570817164992
0.13248765555366795 0.1195078710179625 0.18461796737543426 0.10795068074110338 0.12284783091514752 0.11507542872431197 0.12035695300537942 0.09715561266699303
0.1258487478477208 0.09871774774189196 0.1748756196005387 0.0909511333424105 0.1479003955586482 0.11736002752619447 0.1352049683717028 0.1091413600108926
0.10907340721090264 0.0828368257566894 0.24132289479166896 0.1280711838318979 0.10285700116395012 0.07778480937464877 0.14278981242153388 0.11526406544870808
0.10416097776842159 0.07916308134997091 0.26940350062126533 0.12749749335758237 0.09245286431285135 0.07042414821269027 0.14215019035539408 0.11474774402182415
0.08069634137972927 0.13472120282877018 0.1382499640118189 0.1367759683336896 0.09429305558848705 0.1583625186394447 0.09276978721763295 0.1641311620004275
0.10090528122362247 0.09179493072270603 0.22922866097054517 0.13187493272487175 0.09372956934048501 0.086748476990043 0.14703070857534206 0.11868743945238457
0.13621203882901994 0.10765891222416205 0.21943997618110755 0.10622893448510258 0.12061097106943462 0.0958057917561157 0.11843733441846512 0.09560604103659233
0.14442903043936822 0.10945579443669898 0.21250872685904315 0.10349460707091704 0.12567100235640186 0.0959069290678125 0.11538876340593286 0.09314514636382533
0.11180121723671464 0.08359695913413841 0.2555064230587068 0.12586239209225414 0.09666536190858785 0.07296431921953378 0.1403271744670356 0.11327615288302875
0.12120497704678955 0.09171525862289183 0.19957494495574243 0.09211227328446937 0.1405856143808983 0.10734112288526089 0.13693108088258432 0.11053472794136324
0.10732197363772085 0.0810162030884486 0.2514238672772811 0.1273492968851035 0.10068277572428146 0.07560655384255295 0.14198496234801833 0.11461436719659314
0.10343948975272384 0.07858047070231784 0.2732716511091336 0.1270837235394661 0.09171903333928905 0.06984141248501112 0.14168886788653903 0.11437535118551947
0.11893275686715425 0.09061275757369142 0.20539887505213564 0.09211425008060976 0.13896066580099098 0.1065095750058693 0.13693401952281692 0.11053710009673172
0.1066281174997071 0.0806861720897688 0.2537746584643218 0.1271577617983308 0.10018863267722176 0.07535125683222212 0.14177141501993 0.11444198561849774
0.09060716634059841 0.06888416338636873 0.24070081850648625 0.1114848575609927 0.1071666370484122 0.08164479953059409 0.16572972855335633 0.13378182907319125
0.078568428029774 0.13203540922783893 0.13204420572554218 0.13762162079878248 0.09786558946910166 0.16337544159646492 0.09334336019395682 0.16514594495853896
0.08628658867077131 0.17192621054250723 0.1215325466704459 0.15528091591011 0.08121075848908908 0.16501942860892158 0.07899072678905596 0.139752824319099
0.10794527810515553 0.068759646543354 0.23324436787971356 0.137519293086708 0.09318695402616343 0.08721633541483767 0.15223951045821968 0.119888614485848
0.12119114004164806 0.08933709426644167 0.19340411362624244 0.09313722678605833 0.14068987618935347 0.11202113384412901 0.13845474310285688 0.11176467214326999
0.1075788258862759 0.0807680654651097 0.24909515206519678 0.12770537014090247 0.10094461041430552 0.07659118544579428 0.14238195745560317 0.1149348331268122
0.13737215192561603 0.10423947951667517 0.22578705494137502 0.10543255493351227 0.12180983587964453 0.09292019271326424 0.11754943064975173 0.09488929944016103
0.10987667834884134 0.08241856527608102 0.26102101391532884 0.12563299396969624 0.09562034048224093 0.07228930075543859 0.1400714126796464 0.11306969457272661
0.10365811952900458 0.0785531172792649 0.2768054811372409 0.12657347419335765 0.09034282259042198 0.0690308805527507 0.14111997794393755 0.11391612677402188
0.10187055677785514 0.07756820284102893 0.2830045014259439 0.12616060157573472 0.08894053702271269 0.06825140315188606 0.14065965578667733 0.11354454141816123
0.11836372769457745 0.09027642535335387 0.20843400482880697 0.09197630844110105 0.13789192064587685 0.1059570828960123 0.13672896001095022 0.11037157012932126
0.13986075586869529 0.10588164172370775 0.20947539966300738 0.1043683879515357 0.13128358663249481 0.09883571512388277 0.1163629638802943 0.09393154915638215
0.12713722307921327 0.09521344420907192 0.1823158504553974 0.09034560746781535 0.1497975663999539 0.1124707659377009 0.1343048134894688 0.10841472896137844
0.08350279380457697 0.1374831908429516 0.1168319688508571 0.13390317551524505 0.10511308059709307 0.17166069550846802 0.09082128426251404 0.16068381061829407
0.10203364279368275 0.09276825091053334 0.22005566118352143 0.13239366909027403 0.09649529112910633 0.08949012180053897 0.14760906091109655 0.1191543021812466
0.10343723711694545 0.08173025209945878 0.26166305793124917 0.12875952543072905 0.09193654880006541 0.07303254379844133 0.1435572619354546 0.11588357288765613
0.08057018041743386 0.13555724125869092 0.13646890514088278 0.13682837458945488 0.0941892264573878 0.15938669029856492 0.09280533233023897 0.16419404950734584
0.10093188344840469 0.09200656434659596 0.2285072424872332 0.1319503889383766 0.09375980691113014 0.08697392720138108 0.14711483662233926 0.11875535004453895
0.08000960570359213 0.13865955993226503 0.1287249384901197 0.13675380318266148 0.09446190090403866 0.16453087450510673 0.09275475346302257 0.16410456381919378
0.10102886402811098 0.09281483351043358 0.22533187647053543 0.13225031924861666 0.09403309360454268 0.08806648927860776 0.14744923653539796 0.11902528732375497
0.08002217036331073 0.1389087550184826 0.12799531301051292 0.13675567902333444 0.09451554925469588 0.16493969272931355 0.09275602577234858 0.1641068148280013
0.10105359837871646 0.0928827555744935 0.22503164836566233 0.13227882089588905 0.09406485203543691 0.08815637219838329 0.14748101374511807 0.11905093880630015
0.0918883278024705 0.15952295260641483 0.14688869600336937 0.15702699555682204 0.08139956291631514 0.14207021919978052 0.07987894991368774 0.14132429600113983
0.10824351631453431 0.06806576452090976 0.24319568149365672 0.13613152904181952 0.09233386856028124 0.08264767254689102 0.15070319861365447 0.11867876890825291
0.1210644236421801 0.0890256502667354 0.19644945882595863 0.09294528703463134 0.14017095666157053 0.11064046735648157 0.13816941177088482 0.11153434444155762
0.10744414760329592 0.08062919242572435 0.2502888410873873 0.1275719313034318 0.10073729499505954 0.07628067130206685 0.1422331831099456 0.11481473817308863
0.10351215957586996 0.07854335208787204 0.27285379263089354 0.12714586971692957 0.0917700704028741 0.06998531660368791 0.14175815623663637 0.1144312827452366
0.08056949733809822 0.1345050012511109 0.13902560131145802 0.13674761885939493 0.09413300271936334 0.15817157701075465 0.09275055887854612 0.1640971426312739
0.1008519209762917 0.09173263072931999 0.22954615928306116 0.13184392250897256 0.09367382887524432 0.08669587287022523 0.1469961344988097 0.11865953025807531
0.10286984883637951 0.08130409570799879 0.2653406544370405 0.12837611080197647 0.091086918817297 0.07235408844010138 0.14312978323742748 0.11553849972177882
0.10211251154657325 0.07840603016480958 0.27879569584958924 0.12674295743579306 0.0894676080458682 0.06909759615390308 0.14130893911124984 0.11406866169221375
0.09198948403084552 0.15400097827118875 0.16078731311436847 0.15660678445192946 0.08043047794119193 0.13557366583210592 0.07966519035163368 0.1409461060067365
0.07699604646235123 0.1556519357207988 0.11154193901722081 0.13409286493579953 0.08992796758060151 0.17992786518642193 0.09094994317384664 0.16091143792295942
0.07390676692852916 0.15521933261592305 0.1000010247543089 0.1334095393796416 0.09142562009529463 0.19545979878280212 0.09048647018793082 0.1600914472555699
0.06560317008812755 0.13869643321681746 0.13944386022839522 0.19085614427963504 0.06153153688679021 0.13501063466283558 0.09708769078572739 0.17177052985167154
0.10349769891944895 0.06927888447789338 0.2425097137206872 0.13855776895578675 0.089492903287416 0.08247993228181402 0.15338914593396008 0.12079395242299357
0.09294424008669096 0.15185623037070667 0.15216678190382646 0.15814715442669652 0.08103948061218702 0.1410649037553286 0.08044876986053692 0.14233243898402684
0.10823231088133167 0.06787774443945546 0.2451690926334672 0.13575548887891092 0.0920329089346388 0.08229460851413926 0.1502869066954162 0.11835093902264028
0.08169614090696789 0.13160965706029312 0.13302520910799215 0.1374575664540339 0.09452559382552277 0.16350466434891775 0.09323208855143167 0.16494907974484063
0.10133425910813074 0.09136427878376316 0.22715332272748442 0.1321418588694736 0.0939547696311529 0.08779552659075737 0.14732831130671162 0.11892767298252624
0.08008721862140392 0.13846477470416094 0.12842391290325098 0.13676915412548984 0.09451037729076624 0.16485641199748638 0.09276516540685399 0.1641229849505878
