Action: 0
[0.11653549816069217, 0.09808792705866518, 0.29148013300498377, 0.09808792705866518, 0.10144936681404416, 0.09818329378561924, 0.09808792705866518, 0.09808792705866518]
[0.1935055083842046, 0.09879906046037432, 0.21370012885354941, 0.09879906046037432, 0.09879906046037432, 0.09879906046037432, 0.09879906046037432, 0.09879906046037432]
[0.19359261438572245, 0.13225779778282903, 0.18508839458992965, 0.09669402632385726, 0.10220911380792726, 0.09677000046201978, 0.09669402632385726, 0.09669402632385726]
[0.125, 0.125, 0.125, 0.125, 0.125, 0.125, 0.125, 0.125]
[0.1961669484768244, 0.09729687227623283, 0.1848413590828472, 0.09729687227623283, 0.13250665993050076, 0.09729754340489634, 0.09729687227623283, 0.09729687227623283]
[0.1485806340584512, 0.0970058552355739, 0.17285149275042289, 0.09692640336855454, 0.19385631318296861, 0.09692649466691981, 0.09692640336855454, 0.09692640336855454]
[0.125, 0.125, 0.125, 0.125, 0.125, 0.125, 0.125, 0.125]
[0.125, 0.125, 0.125, 0.125, 0.125, 0.125, 0.125, 0.125]

Action: 1
[0.09698018642068142, 0.09698018642068142, 0.09698018642068142, 0.09698018642068142, 0.14263781279700788, 0.2754810686789036, 0.09698018642068142, 0.09698018642068142]
[0.10096234627563154, 0.10096234627563154, 0.10096234627563154, 0.10096234627563154, 0.20192469255126308, 0.1923012297949477, 0.10096234627563154, 0.10096234627563154]
[0.09694146939906234, 0.09694146939906234, 0.09694146939906234, 0.09694146939906234, 0.1485573816404528, 0.2697938019651731, 0.09694146939906234, 0.09694146939906234]
[0.125, 0.125, 0.125, 0.125, 0.125, 0.125, 0.125, 0.125]
[0.09750911610199504, 0.09750911610199504, 0.09750911610199504, 0.09750911610199504, 0.13294406788309157, 0.2820012355049381, 0.09750911610199504, 0.09750911610199504]
[0.09953735607669217, 0.09953735607669217, 0.09953735607669217, 0.09953735607669217, 0.10842458101836144, 0.2943512825214855, 0.09953735607669217, 0.09953735607669217]
[0.125, 0.125, 0.125, 0.125, 0.125, 0.125, 0.125, 0.125]
[0.125, 0.125, 0.125, 0.125, 0.125, 0.125, 0.125, 0.125]

