0.125 0.125 0.125 0.125 0.125 0.125 0.125 0.125
0.09592326139088728 0.15987210231814547 0.08633093525179857 0.14388489208633093 0.11990407673860912 0.19984012789768185 0.10791366906474821 0.08633093525179857
0.07295173961840629 0.12906846240179573 0.09118967452300786 0.16133557800224466 0.08754208754208755 0.15488215488215487 0.10942760942760943 0.19360269360269358
0.0989510669777916 0.07792396524501088 0.1979021339555832 0.15584793049002177 0.09304369796028625 0.06793371329052232 0.17253006549973918 0.13586742658104464
0.07393724452397704 0.12322874087329506 0.10485393623767018 0.14787448904795408 0.10032068512957659 0.15403592609161884 0.11090586678596558 0.1848431113099426
0.07398309750030478 0.12330516250050796 0.09732025122285189 0.14796619500060956 0.10736145064887148 0.15413145312563495 0.11097464625045718 0.18495774375076193
0.10834260356985355 0.08531980031125969 0.1416925011374861 0.10238376037351161 0.16511797839714462 0.10664975038907461 0.16251390535478036 0.12797970046688953
0.07224801383380636 0.12041335638967726 0.09832457545967103 0.14449602766761271 0.12500927582691065 0.1505166954870966 0.10837202075070954 0.18062003458451587
0.08952616896892222 0.14921028161487038 0.08807950281258511 0.13428925345338333 0.14449371987722584 0.2131105811109457 0.10071694009003751 0.08057355207203
0.07082341396690996 0.12530296317222533 0.08852926745863746 0.15662870396528164 0.08498809676029195 0.17953798896795078 0.10623512095036496 0.18795444475833797
0.07055124046974691 0.11758540078291153 0.09180929730063514 0.14110248093949382 0.10576224520607726 0.19098437342214777 0.10582686070462037 0.17637810117436728
0.09239430787807511 0.14412302777854233 0.08476040980680151 0.1297107250006881 0.13536769776388244 0.23853435302108167 0.09728304375051608 0.07782643500041286
0.06880879300318951 0.12173863377487375 0.08601099125398688 0.1521732922185922 0.08257055160382741 0.20287659797843546 0.10321318950478428 0.18260795066231061
0.13428729598766426 0.0991570499371933 0.1636568297197085 0.118988459924632 0.13237089277268177 0.11608082609297544 0.13172511640008097 0.10373352916506379
0.078070024871931 0.11477165406832941 0.10617842592804176 0.13772598488199528 0.11534641057436801 0.17245552991134402 0.10329448866149647 0.1721574811024941
0.07351518096215576 0.11371098062273456 0.09696339040773763 0.13645317674728147 0.11048150904446584 0.19596940872106194 0.10233988256046112 0.17056647093410182
0.08936963840622414 0.13873747255174718 0.08763541359522868 0.12486372529657246 0.1337480362727783 0.25707968472707643 0.09364779397242935 0.07491823517794348
0.08023644843596525 0.14195679338670775 0.06994972427750817 0.123757204490976 0.10852385709027886 0.24312765779638298 0.08393966913300979 0.1485086453891712
0.09286026106486733 0.07495948784754351 0.18572052212973467 0.14991897569508703 0.09225997603212714 0.10220522918830098 0.1671484699167612 0.1349270781255783
0.1105490773947265 0.07972780399674814 0.16054702104318488 0.09567336479609777 0.15637317459640962 0.12567536837438123 0.15186248380332978 0.11959170599512217
0.06831066958974238 0.12085733850492884 0.09843643128444711 0.15107167313116104 0.09417332294344243 0.1833985524042714 0.10246600438461359 0.18128600775739323
0.11257905444184362 0.07918870234657188 0.14145705270743064 0.09502644281588625 0.15626437522255626 0.1458656954285737 0.15083562351727975 0.1187830535198578
0.06732181413822046 0.12819838911376663 0.09562528743584543 0.14888478126721832 0.09295320053692796 0.18737206878002852 0.10098272120733068 0.17866173752066195
0.1392534180118321 0.09538859797988784 0.16977697372429634 0.11446631757586541 0.13104773448119442 0.1235568906429364 0.12671891892810497 0.09979114865588266
0.08011496094016322 0.15477368953791884 0.08127306230649252 0.12356982141066597 0.10828121625445082 0.2198908893354926 0.08381257452201692 0.14828378569279915
0.10749954244752621 0.07044986832136572 0.20494979500564164 0.14089973664273145 0.10029572469618281 0.09708786460940104 0.15598180043476986 0.12283566784238127
0.08535929537159584 0.11184356821783012 0.11809557532668394 0.13421228186139614 0.10622080779024334 0.1758439077094582 0.10065921139604711 0.16776535232674517
0.08066794615014786 0.11062150865411385 0.10099807555539288 0.1327458103849366 0.10681922020993916 0.20265581827559645 0.09955935778870247 0.16593226298117075
0.06680553858362723 0.09244617877389655 0.06141424365832253 0.08320156089650689 0.14314601482346112 0.2867414683953636 0.09984187307580826 0.16640312179301378
0.06369622456223402 0.12315948892540869 0.08453267701671363 0.14086665047417138 0.08742742048044619 0.2357332211286694 0.09554433684335102 0.16903998056900565
0.07621469605199593 0.10944162541978429 0.0939124623183352 0.13132995050374113 0.10149791728140392 0.22494344741725725 0.09849746287780585 0.1641624381296764
0.06470286533695874 0.12694200629517421 0.08843738034021917 0.14309287526442796 0.09135593551060445 0.21670318892986384 0.0970542980054381 0.17171145031731355
0.10360390226022112 0.0701745311261 0.2138638991571413 0.1403490622522 0.09682370806626829 0.09745712315752542 0.1553721812478567 0.12235559273268717
0.0842140038226015 0.11099553122936158 0.12355498004687232 0.1331946374752339 0.10532314881504846 0.17632842366041454 0.09989597810642542 0.16649329684404238
0.09869753315492527 0.13548893003047585 0.09614517941974873 0.12194003702742826 0.13110000287215975 0.25200926750823394 0.0914550277705712 0.07316402221645696
0.05337884943323931 0.10743893226010728 0.051080866960987494 0.08233187427375374 0.13161919870779848 0.3164157154201889 0.09307081439641726 0.16466374854750748
0.1138657901856247 0.10215473933167037 0.14987041967308426 0.11489469792826588 0.1334105203763087 0.1542995904107791 0.1280990139588278 0.10340522813543929
0.09807231525620173 0.07832806678099342 0.202533501434049 0.14202355049974738 0.10273452706483434 0.09014118347960866 0.15834566003479295 0.12782119544977263
0.1444700482508241 0.09108444674530936 0.21018472938101304 0.10930133609437123 0.1294739570954205 0.09919606603467647 0.12100107211098483 0.09528834428740056
0.11198431485903589 0.08610954095125996 0.16771704653559572 0.09849310429605582 0.15132168462628418 0.11976596883191705 0.14641661474458445 0.11819172515526696
0.10846101237219578 0.08547370500464263 0.15813095248690465 0.09819299539228214 0.16121647630388933 0.1247227812667903 0.14597048270255675 0.11783159447073857
0.12497165326657585 0.09873661083526158 0.18048359203725609 0.11345515566302851 0.14444833852440261 0.1093009778151345 0.12649403176161536 0.10210964009672566
0.10369193033969858 0.07521993883657808 0.22441638734540456 0.13645338012968908 0.10549561770236972 0.07977936777300602 0.15213533575653393 0.12280804211672017
0.10085138063582268 0.13278040941157135 0.15333224424141667 0.1593364912938856 0.08990829431050303 0.14153720250712434 0.08334524159987863 0.1389087359997977
0.0841261609457224 0.11044916519392617 0.11210205496628664 0.1325389982327114 0.10348058541777591 0.1922250387781548 0.09940424867453355 0.16567374779088925
0.08581121545067386 0.146817758440995 0.08159350255686507 0.11485071107246972 0.11407258456382023 0.24113463146601571 0.07789874316219685 0.13782085328696364
0.07157350260951006 0.1262586948459511 0.09194549313917764 0.13666338789375124 0.09768208824922059 0.21918733947934357 0.09269342831054432 0.16399606547250148
0.09977894014036298 0.07823552433457424 0.2076015947603537 0.13827642911714688 0.09777967471163292 0.09971115140137954 0.15416789932911748 0.12444878620543222
0.10701480327417638 0.06645077213677068 0.2629444610254655 0.13290154427354137 0.09362338085592448 0.07407468098277538 0.14712747270005389 0.11586288475129246
0.134813188274907 0.0932266063601395 0.22665616101058603 0.108922460352648 0.12237659391235885 0.09453436102059232 0.12144041475138517 0.0980302143173832
0.10899169871658142 0.07137632764684833 0.2569794273350896 0.12975595056746117 0.09741688637983638 0.07403115224064205 0.14466820160282612 0.11678035551071506
0.12004296396195832 0.08117375158630577 0.19899381818544637 0.0943288102879266 0.14273871224468562 0.1093012593780536 0.1402261120101118 0.1131945723455119
0.10635359734558593 0.07086126306104149 0.2505930679406707 0.1303479997815627 0.1023689213203188 0.07683365845364186 0.14532829229377212 0.11731319980340643
0.10254062416219444 0.06965728616350052 0.27317922971169084 0.12956238701562264 0.09314939005301487 0.07085254189234913 0.14445239268756735 0.11660614831406038
0.10097505150382308 0.06902944324985437 0.2825716281193686 0.1285286850847445 0.0905769702713641 0.06934251301800189 0.14329989217657335 0.11567581657627003
0.10028287346459412 0.0687186381065877 0.28647859849230467 0.12801422429094908 0.08972607566677814 0.06884048133284423 0.142726306784088 0.11521280186185417
0.07972727777784469 0.11986142619512 0.14359993334672172 0.1395891265854529 0.095065623334861 0.15997181847775777 0.09467784237969849 0.16750695190254344
0.08012270944077976 0.11010574264956591 0.11034021205143602 0.1321268911794791 0.1043187665220211 0.19873189579775996 0.09909516838460933 0.16515861397434886
0.07525640033909582 0.12304924416645287 0.10219622714110882 0.13781661896185324 0.0966869821738085 0.20613896464585207 0.09347561981760481 0.16537994275422388
0.10162343037254641 0.0769364507763575 0.21744649471895747 0.13623188313400844 0.09653054861348585 0.09673411442806018 0.15188838313597655 0.1226086948206076
0.08081297689055301 0.12104213381839707 0.12792260678272768 0.13991494115906875 0.09657321619928076 0.17093736610337407 0.0948988296557162 0.16789792939088247
0.14210672174901734 0.09206182666028548 0.1892246718990921 0.11047419199234257 0.12921356225671324 0.11830871959526829 0.12229947180267473 0.09631083404460636
0.08655768902146099 0.12050051911682953 0.12007394264368569 0.13694501168487067 0.10206455744170502 0.17663982336160414 0.09288444270799923 0.16433401402184478
0.08967444992676622 0.14473542489262137 0.12156884239184577 0.16052591547141862 0.08405431556815736 0.17330889256336607 0.08165883526154774 0.14447332392427675
0.1084103767643809 0.06862515556667519 0.23194899390368126 0.13725031113335037 0.09364476831017869 0.08852454054462772 0.15194173637880057 0.11965411739830545
0.0824004428201079 0.11998683251316004 0.13125354012106155 0.1397988771088146 0.09594630217340021 0.16803524478081253 0.09482010795206558 0.16775865253057753
0.07625295995533243 0.13403128956332247 0.10644705100311473 0.13695030187823792 0.09453299429981293 0.1945570102071415 0.09288803083915267 0.16434036225388549
0.101596484798615 0.08425443213489711 0.21790921508799901 0.13482091421528905 0.0953394319459872 0.09442544093566026 0.15031525808779242 0.12133882279376015
0.13766333439180994 0.09976810019639944 0.21694110843859715 0.10775409553082538 0.12218568823805621 0.09857121206011166 0.12013777516645754 0.09697868597774283
0.11083696304930776 0.0758993446872603 0.25880593902919496 0.12739327809023307 0.09640467380250985 0.07397185295072586 0.14203399810955836 0.11465395028120975
0.0824683700717815 0.12636562145225058 0.13665390375466377 0.13818558549596746 0.09574309759592162 0.16103484365438067 0.09372587537987359 0.16582270259516094
0.10217829559557563 0.08249719109587116 0.23017866387695055 0.13353585696190778 0.09478048925893072 0.08776471679497987 0.1488825151500673 0.120182271265717
0.10366680654036274 0.07472913017506153 0.2665489406106465 0.12947063713162685 0.09177065012819394 0.07294016358172609 0.14435009841391827 0.11652357341846416
0.08124950002253284 0.12626260847177362 0.13848510919959775 0.13837281471295615 0.09492695252635015 0.16080277177984575 0.09385286563139635 0.16604737765554736
0.101459739439731 0.08630961118593404 0.2302475220693588 0.1327791355963651 0.0942250778840719 0.08743886448857957 0.14803882729923093 0.1195012220367286
0.08047878686813971 0.13281986131950546 0.12968317083130915 0.13772498892764362 0.09501695827854748 0.16559277631075864 0.0934134707509235 0.16526998671317233
0.07523899332530821 0.14607293349787334 0.10500810568252432 0.13500386868292083 0.09336364850004379 0.19173996652427816 0.09156784136754631 0.162004642419505
0.07380407679695272 0.1488789689248184 0.09887633282210648 0.1340161673752642 0.09238223900219099 0.20032489200860581 0.09089792221974442 0.160819400850317
0.10053101874085264 0.09335251828532998 0.21328714046099959 0.13369515513919222 0.09453476663619391 0.09521364038234295 0.1490601207298158 0.12032563962527301
0.10343111229280014 0.080732255592924 0.25942679166308047 0.12943256229495487 0.09188118963767833 0.07429913464066808 0.14430764781243474 0.11648930606545939
0.10249900768871033 0.0773361778702638 0.276816034359164 0.1272909442434343 0.08991197454595416 0.06966410796615063 0.14191990350723196 0.11456184981909087
0.08048841069617793 0.1323669838678808 0.14014325135198205 0.1371316858278664 0.09390402515208901 0.15839656363601134 0.09301105647455288 0.16455802299343966
0.10095851973420454 0.08935336080316839 0.23043072091408823 0.13222176194152668 0.09378390763864349 0.08683474595185964 0.14741739726913497 0.11899958574737401
0.08015920488484704 0.13582791517191678 0.1294343263816547 0.13722237070234167 0.09470919319142596 0.1649075803486331 0.09307256447637088 0.16466684484281
0.10124700203677135 0.09025078598500355 0.22606446480525433 0.13265255569565496 0.09425928378347204 0.08824090741155391 0.14789770015620038 0.11938730012608945
0.080246208237279 0.13608581507474432 0.1284369092702972 0.13722979928030377 0.09480838758131724 0.1654395184295748 0.0930776029901191 0.16467575913636454
0.1012964593535317 0.09032191945309848 0.22565301171471996 0.1326899394534693 0.09430734680300762 0.0883709974577201 0.14793938025633066 0.11942094550812235
0.08025393994852739 0.13610471636917548 0.12834185434330697 0.13722872000573547 0.09481742963447086 0.16550200473148952 0.09307687096041188 0.16467446400688254
0.11485646792598432 0.10241484148702884 0.1598776085536587 0.09403082773972694 0.14257607152118373 0.13362404854628546 0.13978314093845975 0.11283699328767233
0.14030579591696957 0.10799388944850381 0.1928531510262284 0.10569964394393945 0.1339975195578418 0.10617310559260913 0.11784721496436235 0.0951296795495455
0.11171008815072038 0.08231859817017742 0.24819648509598316 0.12711051927124145 0.09920465264529849 0.07534144619467485 0.14171874312778707 0.1143994673441173
0.10461370705659757 0.07769718010512465 0.2721553916170212 0.12738068528010268 0.09156165486752268 0.0699288062555138 0.14201995806602494 0.11464261675209243
0.10235217971286883 0.0764424641553436 0.28145842060719894 0.12660822065912433 0.0894298385611001 0.06860276005090457 0.14115871766024757 0.11394739859321189
0.10154654523974452 0.07601039406338944 0.28496535477959356 0.12622392346639721 0.08873718410812804 0.06818481225373783 0.14073025496925182 0.1136015311197575
0.10124931550665678 0.07585060034702089 0.28627550440562743 0.12607018539203182 0.08849494327845736 0.06803743572805207 0.140558848489325 0.11346316685282863
0.10113867962196338 0.07579076515158838 0.28676355352358546 0.1260117844315671 0.08840741491321907 0.06798346059297874 0.1404937357766875 0.11341060598841039
0.10109743786355646 0.07576837842735522 0.2869451860848756 0.1259899215893424 0.08837531951833043 0.06796346674696917 0.14046936033916235 0.11339092943040818
0.10108206872357417 0.07576002199080921 0.28701276088677974 0.12598177283013062 0.08836346814411415 0.06795603679671706 0.14046027508075756 0.11338359554711754
0.10107634438298434 0.07575690782095787 0.2870378987452664 0.12597873972348883 0.08835907672787267 0.06795327345508657 0.14045689339320322 0.11338086575113995
0.08024313738887998 0.13181684026322552 0.14242982427303036 0.13700256267767447 0.09352967485697959 0.15765140803257813 0.09292347729442267 0.16440307521320932
0.1008786358210677 0.08918724880561142 0.23133998555535912 0.13210868302620024 0.09363856350681031 0.08665774584410002 0.14729132271727097 0.1188978147235802
0.13640192297099718 0.10536174512783825 0.2204945152148852 0.10647572405632902 0.1207786411822905 0.09594681342371333 0.11871248637325042 0.09582815165069611
0.11000378149485475 0.08128258210436727 0.25932000759244367 0.12623350244982404 0.09573515667048832 0.07307388266225713 0.1407409348209232 0.11361015220484162
0.08181141770307022 0.13336351083322226 0.1360633430059333 0.13693773658304156 0.09508678650468165 0.15953241317929467 0.09287950829110646 0.16432528389964987
0.1014254978822003 0.08961305865446938 0.22870875574521068 0.13233575565321173 0.09413764169401052 0.08713261853233643 0.14754449175067041 0.11910218008789056
0.13663550517559667 0.10551014582318295 0.21958364405200154 0.10653349442488215 0.12098050868243126 0.09609966083654584 0.11877689602296562 0.09588014498239393
0.09803975467608923 0.15874616700628952 0.14413851157824784 0.15403861453570084 0.08532328089659298 0.1427201447437444 0.07835877348120435 0.13863475308213075
0.1094621812793439 0.06803312983647694 0.24130852559832816 0.13606625967295388 0.09311703950268894 0.08276005396372783 0.15063094273928962 0.11862186740719059
0.08205699745821 0.1301102676725426 0.1323353288373863 0.13778322166616097 0.09493269386153483 0.16398865676598465 0.09345296773878745 0.16533986599939315
0.13289144742203793 0.11657750974038149 0.18569361552460203 0.1083094708175797 0.12321075541836252 0.11508170017594294 0.12075697716527169 0.0974785237358217
0.0844656050172943 0.14107986722919785 0.11748066488761928 0.13383186138128217 0.09926257946988766 0.17250827368118005 0.09077291467600007 0.16059823365753859
0.13357196021765355 0.11907100976535302 0.1798529253820593 0.1081700938009474 0.12437247987243491 0.11700686434770251 0.12060158219299658 0.09735308442085265
0.11077340918462164 0.08472856463339362 0.24339792973398697 0.12793857669226208 0.09774065530054722 0.07763418007525741 0.14264196535689516 0.11514471902303587
0.10461139761218399 0.07825607855873594 0.2704010309967396 0.12764522662915279 0.09144422414528595 0.07044643616334005 0.14231490192832408 0.11488070396623751
0.08094483718065958 0.13264165593808053 0.13868975130744626 0.1371417236548613 0.09427329961777992 0.15872079917551987 0.09301786473981899 0.16457006838583357
0.13237262409819647 0.11700922345919294 0.18792857086994902 0.10815332026031335 0.12286807256051094 0.11374731957060882 0.12058288094694637 0.09733798823428201
0.1260151599834101 0.09622280498589264 0.17621614793533524 0.09119414002563951 0.14814679940437325 0.1172057655069149 0.13556621412766712 0.10943296803076742
0.10922217158714387 0.08093278903879193 0.24214309985223095 0.12831624317193732 0.10300120934686037 0.07783683285062451 0.14306303529766742 0.11548461885474359
0.10429991490695846 0.0776450119310771 0.2699269930672603 0.12771036216620504 0.09257835830278095 0.07051251048485706 0.14238752319127637 0.11493932594958454
0.10237619311488441 0.0764922225301172 0.2806301232653985 0.1267118539176506 0.08972217312924041 0.06875250450714411 0.14127426100967913 0.11404066852588557
0.09226656728747339 0.15135096589704292 0.16157129403948706 0.15706893208245376 0.08067665734816512 0.13580326162922554 0.07990028284194386 0.14136203887420837
0.10754851207046523 0.0676799214902328 0.2486767283531071 0.1353598429804656 0.09167393277779591 0.08120613494859946 0.14984891042200507 0.118006016957329
0.08169890723682634 0.12996651828124728 0.1339847570103165 0.1377236439199298 0.09459806182142924 0.16334718054151326 0.09341255848482195 0.16526837270391576
0.0872787940508114 0.1678974550667352 0.12247904728748867 0.15603059955438528 0.08092746038148083 0.16558701646074714 0.07937208759940469 0.14042753959894674
0.10793361929119451 0.06872999657999806 0.23351453401626315 0.13745999315999613 0.09306904833769598 0.08728202849930423 0.1521738630017051 0.11983691711384277
0.08171228023405908 0.13118709286879196 0.13044677838548546 0.1376674553397801 0.09483808838282444 0.16557291041173297 0.09337444796958999 0.1652009464077361
0.11512122681957554 0.10259084822496346 0.16038021295973307 0.09385859663685069 0.14240610625581177 0.13348558530257096 0.13952710783627356 0.11263031596422081
0.10732889858000612 0.0834575717086438 0.2361246222633136 0.1292012195203472 0.10241948966617127 0.08113738281007228 0.14404971788313334 0.11628109756831245
0.1040367375621469 0.07890718770172568 0.26761062427610344 0.1279134200532696 0.0926117404339598 0.07118429434307225 0.14261391758177971 0.11512207804794267
0.09257074359905527 0.15340383296019183 0.15812159546673382 0.15700334459410736 0.08118093726840614 0.13654961720502373 0.07986691877178506 0.14130301013469662
0.10773577361203494 0.06775952375873043 0.24752435717630733 0.13551904751746086 0.09187837543360795 0.08141295545672428 0.15002515638888625 0.11814481065624795
0.08166619832762202 0.1308510460194284 0.1336381140369769 0.13758057962092676 0.0945629190582682 0.16328892382268928 0.0933155235689764 0.16509669554511208
0.10140627717999644 0.09031697422051643 0.227584482358907 0.13229455647204624 0.09403179476489369 0.087802256440562 0.1474985577382366 0.11906510082484163
0.13654352300038783 0.10658693294201085 0.21903147724627905 0.10640904616174117 0.12085445319556823 0.09616828041169843 0.11863814549674723 0.09576814154556704
0.08524986839895711 0.13987040273991835 0.12523043918607513 0.13386156081521994 0.09889119035997394 0.16546960688170337 0.09079305863988832 0.16063387297826393
0.10229535529985137 0.09204300368438799 0.22371128012521702 0.1322406150459094 0.09500152588260595 0.08825324934713612 0.1474384170735736 0.11901655354131846
0.10344616338289049 0.08090002240349238 0.26318028995985066 0.12872776917267287 0.09157988740703843 0.07278901934105755 0.143521856077592 0.11585499225540558
0.10237446429409412 0.07786518252727892 0.2780714304918366 0.1269483127683486 0.08968585722679875 0.0692633762181046 0.1415378949820245 0.11425348149151375
0.11867569685642569 0.08984465912790787 0.2070081875644863 0.09215554305410174 0.1383436492397582 0.1063902081910766 0.1369954043013214 0.1105866516649221
0.12214660960006331 0.09158083177626107 0.18230675254068562 0.09112309814289016 0.15290787240539724 0.11512651216574399 0.13546060559749046 0.10934771777146818
0.10804475929820737 0.08070519227475131 0.244456371778767 0.12794157718954086 0.10376732076009158 0.07729204854061165 0.14264531068744332 0.11514741947058678
0.10388199181762686 0.07816694885313535 0.27069595489465964 0.12747662912395888 0.0926057681236474 0.0703168126834727 0.14212692829193624 0.11472896621156299
0.08072260919146128 0.1335849796942261 0.1386433776891419 0.13694014245761396 0.0944180206732517 0.15848155924348245 0.09288114010168598 0.16432817094913674
0.07522534015598416 0.1480009606349576 0.10686654120773532 0.134716486894332 0.09318380700759511 0.18897415828047676 0.09137292154572083 0.16165978427319838
0.11343919829519547 0.1062180845995867 0.15252969419208642 0.09387053511213143 0.1419737855119536 0.13977920497287244 0.13954485518161627 0.1126446421345577
0.08084284957892596 0.1393963529277092 0.10981410184364652 0.13380838722970045 0.10315046805809147 0.18166078260874993 0.09075699307753596 0.16057006467564053
0.10172853084118862 0.09239797422118304 0.21737978463521287 0.1328750566899615 0.09637983213849798 0.09150549829269052 0.14814577216030034 0.11958755102096533
0.10353548757698168 0.08113804855727796 0.2607719251866251 0.12902331234346945 0.09206431218689481 0.07349456838205885 0.14385136465756967 0.1161209811091225
0.10247807181615118 0.07797192579922417 0.2771724384056716 0.1270609694661217 0.08985941300917703 0.06943881019131964 0.1416634987928252 0.11435487251950952
0.11872037964961378 0.08988017680820072 0.20673195678970463 0.09217137432278387 0.13841953264353574 0.10645199205330899 0.13701893854551156 0.11060564918734066
0.1066035800708496 0.0799259495455348 0.2544184305615548 0.12723264068226947 0.10009404435955323 0.07536107877865059 0.14185489938754522 0.11450937661404254
0.1032398772507127 0.07779091741745757 0.274509604838684 0.127071439650224 0.09156770787674309 0.06978098501423484 0.14167517226674228 0.11436429568520161
0.1019169961602351 0.07699465083193323 0.28224901268638236 0.12638469678782543 0.08932046318207748 0.06847844801786826 0.1409095052246352 0.11374622710904289
0.13506450405096315 0.10214864426470796 0.23746089742739607 0.10497474579047035 0.11810639056025318 0.09072853907466435 0.1170390076201214 0.09447727121142331
0.10904179939926176 0.08107736912970728 0.2657157539857108 0.12532639619554994 0.09458778793663676 0.0717275577352343 0.13972957904190417 0.11279375657599493
0.10337555599698496 0.07766749891632395 0.27867637164849834 0.1264868271577873 0.09005201596774388 0.06888021290517968 0.1410233729654733 0.11383814444200857
0.08060148528158434 0.13337486035709253 0.14043099198540565 0.1368551682240046 0.09382663151840287 0.15786115536059697 0.09282350540410746 0.1642262018688055
0.08672857312523272 0.17165693666124832 0.12371424449739633 0.15532787495068415 0.08049132103733052 0.16327134762366616 0.07901461464882628 0.13979508745561572
0.12092639280084362 0.07710607807418922 0.1576148982855118 0.09252729368902705 0.1495425680244431 0.13975493187338853 0.1468687201413128 0.11565911711128382
0.09716708930802719 0.15497187969076864 0.09147818785678358 0.11040153551819118 0.12386715260858087 0.21475127091391558 0.07488104148190358 0.13248184262182944
0.07613169395942504 0.15186777277882396 0.09390831274465719 0.13040430974932393 0.09701845378599026 0.20573614475696242 0.08844814052562841 0.1564851716991887
0.1009087029400565 0.0956998457926304 0.21041906132715607 0.1331759895777303 0.09536578364185387 0.0960909362281312 0.14848128987248435 0.11985839061995728
0.0799601672928728 0.13925024182844847 0.1245467137193376 0.13673619341587304 0.09475702875545963 0.16792341344167314 0.09274280944728781 0.16408343209904763
0.101159849991983 0.09287640052137984 0.22364580978720403 0.13244535753870063 0.09422871513475188 0.08877635556740475 0.1476666896737453 0.11920082178483056
0.08006082511742292 0.13875684670122246 0.12763060398864365 0.13679516077645715 0.09457611744604266 0.1652434483379091 0.09278280470055354 0.16415419293174854
0.10109272293802431 0.09269779113467276 0.2249168408370459 0.13232749088407167 0.09410473142020945 0.08823040384045842 0.14753527714985304 0.11909474179566452
0.10309471845580616 0.08150253255351189 0.26359553776748307 0.1286091958606527 0.09132737759491386 0.07273270580960069 0.1433896556834441 0.11574827627458742
0.10223391200015301 0.07839631668063853 0.27815875943926066 0.12684296499557995 0.08957927913558546 0.06920965917559893 0.1414204400771615 0.11415866849602195
0.10153877801986777 0.07743931352663139 0.2835774553442949 0.12616765403453487 0.08877916284076492 0.06827922885088825 0.14066751875193662 0.11355088863108138
0.10119745296424774 0.07712251501718588 0.28559058128261466 0.12591919814843508 0.08845356412181796 0.06799890115168783 0.1403905089804194 0.11332727833359157
0.08012886232978296 0.13384167215302967 0.14190644805755503 0.13667423115588206 0.09338490624303855 0.15735401980270733 0.09270078287094609 0.16400907738705844
0.10067925832504988 0.09136906292321721 0.23075708611879814 0.1317615436989038 0.09345004574494643 0.08649332558681568 0.14690428827325544 0.11858538932901343
0.10280277266448085 0.08110040114503037 0.26582520963353157 0.12834615275645728 0.09101644720009434 0.07230109686724528 0.14309638225234864 0.11551153748081155
0.08045952157210196 0.13518734899524334 0.1374236515506024 0.13682714068020696 0.09399383480260937 0.15911143816510806 0.09280449541787951 0.16419256881624833
0.11457943912368232 0.10419250444257672 0.16248829135772058 0.09365041437331174 0.1418892476758747 0.1316019748597276 0.1392176309191321 0.1123804972479741
0.10706724665266941 0.08426985609076604 0.2368547352182862 0.12899232931366525 0.10218863992903846 0.08071727552177167 0.14381682089150438 0.11609309638229873
0.09315514623887948 0.15619024650463117 0.1500689323698692 0.15694002979118798 0.08292959733268028 0.13963531014386113 0.07983471080682171 0.14124602681206916
0.10836974418985275 0.06794023768507891 0.24432343389773492 0.13588047537015782 0.09247778278443625 0.08212315258893516 0.1504252718790514 0.11845990160475298
0.09730275641266642 0.15655756815683647 0.1103020156746034 0.11415526884824712 0.11266457010204105 0.19460444627324588 0.07742705191446324 0.1369863226178965
0.0765111374797632 0.15350605970266815 0.09851526989789841 0.13111544114093046 0.09507651097544248 0.1990065783125062 0.08893047312167458 0.15733852936911655
0.07350738278209265 0.1536265395785089 0.09672654635321061 0.13277524939630994 0.09213100696937986 0.20184671953264635 0.09005625611227978 0.1593302992755719
0.10030685102897438 0.09634275636762496 0.211834546135445 0.1332659700457058 0.09432617165517186 0.09540272034662603 0.14858161137931677 0.11993937304113525
0.10335335486932197 0.08253149127030254 0.2585917526770143 0.1291904017325392 0.09176596676576684 0.07425801426874463 0.14403765685702508 0.1162713615592853
0.08056654274476158 0.13565879820674107 0.13577602678479758 0.1368694479347478 0.09416699993160689 0.15988565610251437 0.09283319077313332 0.1642433375216974
0.10095933765567593 0.09199538483274364 0.22823786241551375 0.1319911293618745 0.09378099724926714 0.08708301290502857 0.14716025915420933 0.11879201642568704
0.10294311706228004 0.08135528968664323 0.26484866562020176 0.12844327960537966 0.09115237368462561 0.07245365125540315 0.14320467144062476 0.1155989516448417
0.10214933102877882 0.07839938327409121 0.27861662193227077 0.12677180179119826 0.08949891105582192 0.0691282308907977 0.14134109841496284 0.11409462161207844
0.10149710946004253 0.07748869601344245 0.2837376647090316 0.1261338030107716 0.08874268142598936 0.06824984528439142 0.1406297773866364 0.11352042270969444
0.08018049279852241 0.13406841289116814 0.14147887940764434 0.13667309667317118 0.0934448957036484 0.15744649312232403 0.0927000133957161 0.16400771600780537
0.10069228936328051 0.09153320268581079 0.23056065631979217 0.13175688904039007 0.09346410493138582 0.08651255884661439 0.1468990986763752 0.11858120013635108
0.10280371490536608 0.0812075998599585 0.26573625589164057 0.12833896544397938 0.0910173566319927 0.07230266943217904 0.14308836893530236 0.11550506889958144
0.10208767430907564 0.07834900369256344 0.27894961637559257 0.12673160514662168 0.08944481742139364 0.06908255626678396 0.1412962821560095 0.11405844463195951
0.0803017563693398 0.13437084887334833 0.14039968230349917 0.13671827365639416 0.09361556607128838 0.157801289162816 0.09273065517564125 0.16406192838767297
0.10075414950677831 0.09162068708997066 0.23012126023844445 0.13180125404854195 0.09353118519568723 0.08660177292724654 0.14694856234964304 0.11862112864368776
0.11907027962010394 0.09406286105956725 0.19218903042270807 0.09289181095603076 0.14056072236358075 0.11166520644240424 0.1380899159883681 0.11147017314723691
0.10711476244792534 0.08165032393499684 0.24861029036060434 0.12773763442487962 0.1009504922947207 0.07655469583002614 0.14241792972445533 0.11496387098239165
0.1372514875899424 0.10443074717641625 0.22563253496598754 0.10545133146006122 0.1218303882272678 0.09292694719064921 0.11757036507562049 0.0949061983140551
0.1264485245727982 0.09486744074904191 0.18773704145919198 0.09038918790746574 0.14676729031002927 0.11095389077246047 0.13436959874005353 0.10846702548895888
0.12410605349015712 0.09325082662354112 0.17571968636188615 0.09094069421465309 0.15547943215658097 0.11618502418844188 0.13518944990715592 0.10912883305758371
0.10862635601510054 0.08173176975256571 0.24164273017573962 0.12803167743040747 0.1044351897423834 0.07755800146432554 0.142745765732111 0.11522850968736673
0.10404758419955336 0.07891757831007037 0.26952403210935005 0.12748563351353326 0.09277183249291528 0.07037930169805541 0.1421369675143423 0.11473707016217992
0.11916085743397142 0.09070136947766673 0.20423801596846236 0.09217583915602767 0.13937640673532664 0.10671092842130658 0.13702557582000532 0.11061100698723321
0.1067217685914093 0.08069762612396952 0.25332152414926523 0.12721087388483707 0.10031360258993999 0.0754141871314293 0.14183063103279595 0.11448978649635339
0.10324629145222765 0.07844750241841587 0.2740048390464703 0.1270134131787308 0.09159366968551019 0.06977173527642634 0.14161047708136104 0.1143120718608577
0.10188070912461544 0.07759952461005648 0.2819786407134154 0.12630604833772757 0.08929073163753277 0.06844708400063414 0.1408218180720634 0.1136754435039548
0.13496394607535267 0.10290344997030645 0.23725869635972094 0.10487867714802214 0.1180170673146513 0.09065545544563337 0.11693189825309333 0.09439080943321991
0.10895816986666217 0.0818561065644273 0.2655251876050439 0.1252036022625439 0.09451310304711139 0.07166791564759305 0.1395926729703288 0.1126832420362895
0.10330540012400295 0.07830788333273372 0.27851704719272374 0.1263876549600469 0.08998948835327847 0.068830833207269 0.140912803365903 0.1137488894640422
0.10173737208698652 0.0774519037790623 0.2836506908764649 0.1260913567269296 0.08882165315269266 0.06818234937584183 0.14058245294778568 0.11348222105423662
0.11832068728923216 0.09021029201945004 0.20863737234952223 0.09197015732081615 0.1378450645289063 0.10593242174958191 0.13671981595751176 0.11036418878497938
0.10638687741249002 0.08049954973550161 0.25506165478738685 0.12703674347621455 0.09986193904498597 0.07518367779283952 0.14163648862198847 0.11433306912859309
0.10311284934084855 0.07836730342168491 0.2746662015278133 0.12693826569204397 0.0914499125941714 0.06969433505887156 0.14152669324172662 0.11424443912283956
0.08049451296623097 0.13439005532568327 0.13943599116701097 0.13673767599379105 0.09405997087633992 0.1580527674565189 0.09274381502187566 0.16408521119254924
0.07505755239308486 0.14962174820659171 0.10688266799885923 0.1344355625073279 0.09295476853915585 0.18854264381947755 0.09118238152670938 0.1613226750087935
0.10042166582423774 0.09550096562666394 0.21616620172419423 0.1329548784908887 0.09425714493856463 0.09280498524216768 0.14823476751148337 0.11965939064179983
0.10322276378990632 0.08236923361710781 0.26023440605982046 0.1289770209682499 0.09161133627153462 0.07370616719317595 0.1437997532287801 0.1160793188714249
0.13601811013838708 0.10462211017388873 0.22994059698216307 0.10544936912927963 0.11922591282794491 0.09227129130874333 0.11756817722324162 0.09490443221635166
0.08507920797634955 0.14039801200842425 0.12762534018317434 0.1336419019300005 0.09844325867177302 0.1637979243008859 0.09064407261339165 0.1603702823160006
0.07563768140526848 0.15108304554991117 0.10397040657103077 0.1339367561814021 0.09360674934840532 0.19019719281195746 0.09084406071434231 0.1607241074176825
0.07357216017906845 0.15360085102118762 0.09820552655639514 0.13323348789649286 0.09208599848981974 0.1990547290253626 0.09036706135588213 0.15988018547579141
0.1002794195128215 0.09649615474689377 0.2124569684163712 0.1332112148267853 0.0942755324965929 0.09487005325999782 0.14852056339643077 0.11989009334410676
0.10331410449838133 0.08265524471017256 0.25881090089611725 0.1291407100000932 0.09172589582319605 0.07414425078826976 0.143982254283686 0.11622663900008388
0.09234004841459771 0.15574370193329448 0.1556959074105344 0.15687518591477725 0.08094522590962056 0.1374105380850546 0.07980172500882146 0.1411876673232995
0.12203986057578563 0.07664370737110499 0.16721677047336517 0.091972448845326 0.14892098863372788 0.13225264900383302 0.14598801404019998 0.11496556105665749
0.08275866760995634 0.13192118078780213 0.11361117343076946 0.13445211956511266 0.10511560187678305 0.17960510172032126 0.0911936115311199 0.1613425434781352
0.10199461473740516 0.09183965858144957 0.21880349643158284 0.13258854807728962 0.09662590241927728 0.09099175004502401 0.14782633643841095 0.11932969326956067
0.08018580418556873 0.1386104245337558 0.12650352384664132 0.13674886348527762 0.09506379658622383 0.16603754812062002 0.09275140305957962 0.16409863618233314
0.0748784473417466 0.15073541429703163 0.10384478007259655 0.13421174134944108 0.09301389102821735 0.1912310638981035 0.09103057239353396 0.1610540896193293
0.13063526264900407 0.12461019370666367 0.1746406820876811 0.10813874314483536 0.1226865881979197 0.12139703283251133 0.12056662855103287 0.09732486883035182
0.1254891065015694 0.09996375077788178 0.1717031882710265 0.0910568255871662 0.14801329546772263 0.11914355569776898 0.13536208699226498 0.10926819070459945
0.14260326199900944 0.10872113429358658 0.19611790933458487 0.10473542095430248 0.13461170025398447 0.10217651601780348 0.11677217828785663 0.09426187885887222
0.1466235863521971 0.10990755426971152 0.20389468125038152 0.10360386992919843 0.12974467019953587 0.09747157172372496 0.11551058333897198 0.09324348293627857
0.08684878748935483 0.1418575553688108 0.12153104200038513 0.13332120991335272 0.10054891556534921 0.1654804779994066 0.0904265597673175 0.15998545189602326
0.10264769155897316 0.09347433060618078 0.22191109334353085 0.13213330421058492 0.09533650234101376 0.08825833064973206 0.1473187735004581 0.11891997378952644
0.1196684210357653 0.09459686125942109 0.1895731228554879 0.09296773023995657 0.14124880485520613 0.11218100836323486 0.1382027751029802 0.11156127628794787
0.10733047337362087 0.08186397836138987 0.24755355548898805 0.12782693197496062 0.10116687267271535 0.07669645952206135 0.14251748982879936 0.11504423877746454
0.08120083642443723 0.13549670736690608 0.13318586760353265 0.13667067203562125 0.09610398497368496 0.16063875629412916 0.09269836885894311 0.16400480644274548
0.10116114513958467 0.09209397386557276 0.22712398770400946 0.1320480680345462 0.09424461553777266 0.08726120696233916 0.14722374152508358 0.11884326123109157
0.1363408230675375 0.10779502428247009 0.21870832547163097 0.10627198408442041 0.12079791536732035 0.09595581054159447 0.11848533150904784 0.09564478567597838
0.08510125077702597 0.14139238511172797 0.12501554018484243 0.13361928086058497 0.09874497826461982 0.16515469814131736 0.09062872962717938 0.16034313703270195
0.10215467010565445 0.0933137564834364 0.22341291675286912 0.1320453818615018 0.09487774461233382 0.08813393986625297 0.14722074664259976 0.11884084367535164
0.1195180788352974 0.09454766072569962 0.19005091132318117 0.0929515974430908 0.14107960331437128 0.1121314388097576 0.13817879261689317 0.11154191693170895
0.08225041398147959 0.13752728468452455 0.11871416811535174 0.13422883851347991 0.10336696082248445 0.1717955589356219 0.09104216873088203 0.16107460621617586
0.10170326893710657 0.09277278648154719 0.22088931014868968 0.13236218787625578 0.09608894854311538 0.08948356721784467 0.14757396170681053 0.1191259690886302
0.10333588371061687 0.08172840430862303 0.26199038749176357 0.12872681278766582 0.09182967978696281 0.07301391062578733 0.14352078977968113 0.11585413150889924
0.10232785781794307 0.07858356095876347 0.2775319915258093 0.12688788174363588 0.08971670790387021 0.06928238758145784 0.14147051889924778 0.11419909356927231
0.11859476908950999 0.09059768875820395 0.20676171838659055 0.09207730265890665 0.1382700785219749 0.10632658469521404 0.13687909469891196 0.11049276319068797
0.08213323366543633 0.13634189759913604 0.1225727731692211 0.13426754813502154 0.1028244581005375 0.1696706076161723 0.09106842395244939 0.16112105776202584
0.10156162581209394 0.09245184542291497 0.2224903020662963 0.13221482847979607 0.09586465333335882 0.08901373227699558 0.14740966697672786 0.11899334563181647
0.10324900038709292 0.08163312558170263 0.2626037494309794 0.12865431829980362 0.09173468182373394 0.07289627417111298 0.1434399638357512 0.11578888646982326
0.13594475301551434 0.1044054524872038 0.23072528131027029 0.10537656798739202 0.11918749850819488 0.09203452611981404 0.11748700938295796 0.0948389111886528
0.10939923374069661 0.08236851696158506 0.26298272142538603 0.12546315595471388 0.09494399914347121 0.07204347644748489 0.1398820559674198 0.1129168403592425
0.08152063135638968 0.13556240889742793 0.13665043202217841 0.13649302314132064 0.09468495609736116 0.15871904415032007 0.09257787656541748 0.16379162776958475
