Action: 0
[0.1260799338762684, 0.09666990788984643, 0.23845746412248525, 0.08801430589256319, 0.1867354705411472, 0.08801430589256319, 0.08801430589256319, 0.08801430589256319]
[0.22739870820248928, 0.09291459790896411, 0.20770345284208291, 0.09224665521474623, 0.09594779006522203, 0.09929548533700294, 0.09224665521474623, 0.09224665521474623]
[0.10787481340465328, 0.12878628028834524, 0.293742846020268, 0.08643387793898702, 0.09484520352057124, 0.11544922294920114, 0.08643387793898702, 0.08643387793898702]
[0.125, 0.125, 0.125, 0.125, 0.125, 0.125, 0.125, 0.125]
[0.17249636278063715, 0.09151520382603828, 0.2631152749694186, 0.09043487732223676, 0.11073448486051132, 0.09083404159668454, 0.09043487732223676, 0.09043487732223676]
[0.11041879510058528, 0.0955494570071094, 0.31618559543558844, 0.09554945356779704, 0.09561897861024703, 0.09557881314307864, 0.09554945356779704, 0.09554945356779704]
[0.125, 0.125, 0.125, 0.125, 0.125, 0.125, 0.125, 0.125]
[0.125, 0.125, 0.125, 0.125, 0.125, 0.125, 0.125, 0.125]

Action: 1
[0.09447201165987518, 0.09447201165987518, 0.09447201165987518, 0.09447201165987518, 0.12158707911017338, 0.31158085093057564, 0.09447201165987518, 0.09447201165987518]
[0.10185691219185172, 0.10185691219185172, 0.10185691219185172, 0.10185691219185172, 0.10185691219185172, 0.28700161465703794, 0.10185691219185172, 0.10185691219185172]
[0.09716981098479804, 0.10594543758718813, 0.09325595966396433, 0.09325595966396433, 0.2025557667331826, 0.22130514603897397, 0.09325595966396433, 0.09325595966396433]
[0.125, 0.125, 0.125, 0.125, 0.125, 0.125, 0.125, 0.125]
[0.09196914674756516, 0.10108290156037694, 0.09196914674756516, 0.09196914674756516, 0.29467965624316866, 0.14439170845862864, 0.09196914674756516, 0.09196914674756516]
[0.0934895012213058, 0.0934895012213058, 0.0934895012213058, 0.0934895012213058, 0.1409083948551164, 0.2981545978170489, 0.0934895012213058, 0.0934895012213058]
[0.125, 0.125, 0.125, 0.125, 0.125, 0.125, 0.125, 0.125]
[0.125, 0.125, 0.125, 0.125, 0.125, 0.125, 0.125, 0.125]

