0.125 0.125 0.125 0.125 0.125 0.125 0.125 0.125
0.099626400996264 0.07845579078455792 0.199252801992528 0.15691158156911583 0.08685378548392246 0.06839735606858895 0.17370757096784492 0.1367947121371779
0.07295173961840629 0.12906846240179573 0.09118967452300787 0.16133557800224468 0.08754208754208756 0.1548821548821549 0.10942760942760946 0.1936026936026936
0.098026968376454 0.07719623759645754 0.212108241674251 0.15439247519291507 0.08545940832819066 0.06729928405845015 0.1709188166563813 0.1345985681169003
0.07346307091553395 0.12243845152588989 0.11844314901359287 0.1469261418310679 0.09182883864441742 0.15304806440736235 0.1101946063733009 0.18365767728883484
0.08548925792741896 0.1512502255638951 0.07452909665467294 0.13185917100442138 0.10258710951290277 0.20661921814577577 0.08943491598560753 0.15823100520530564
0.07429641182152226 0.12382735303587045 0.099749451597194 0.14859282364304452 0.10156412132144173 0.15478419129483806 0.1114446177322834 0.18574102955380564
0.07025494241368013 0.12429720580881871 0.08781867801710018 0.1553715072610234 0.08430593089641616 0.18612351326921295 0.10538241362052021 0.18644580871322805
0.08033709865327253 0.14213486684809756 0.10042137331659066 0.17766858356012194 0.07230338878794527 0.1768537276449307 0.0903792359849316 0.15990172520410972
0.11675327114358831 0.0855992240859342 0.15154982005209663 0.10271906890312105 0.14493460846287562 0.10699903010741775 0.16304614111606516 0.1283988361289013
0.08612478791906085 0.12015881451944979 0.10836728189102075 0.14419057742333974 0.10257886525113721 0.15019851814931223 0.10814293306750482 0.18023822177917465
0.08177799144132158 0.11922521414839092 0.10130796249231662 0.1430702569780691 0.09814692300525944 0.17033113797850394 0.10730269273355184 0.17883782122258637
0.06839088775465901 0.10016424133918622 0.06333411587685535 0.09014781720526761 0.131589136241811 0.2579007865253644 0.10817738064632113 0.18029563441053523
0.06369850236401288 0.09491919346827955 0.05687967165002838 0.0854272741214516 0.1287629316606024 0.29694514954698015 0.1025127289457419 0.1708545482429032
0.07354829633813116 0.11021154565206867 0.08730461968789217 0.13225385478248242 0.09339138232882467 0.23878259164563612 0.09919039108686181 0.165317318478103
0.06377652311506252 0.09420733600028389 0.05861965061964842 0.0847866024002555 0.12358984435120926 0.30370291583272263 0.10174392288030659 0.169573204800511
0.07009748362689762 0.1168087666353547 0.08252793294889191 0.1460109582941934 0.07922681563093623 0.231081373372024 0.09903351953867029 0.17521314995303205
0.13786257077358585 0.09678420165304202 0.1686189541155806 0.11614104198365044 0.1155818641040691 0.13518729487332473 0.12857290769048804 0.10125116480625934
0.06689922380667974 0.1046927606774409 0.05158773714540567 0.0912706118726408 0.13130147287340607 0.26853149558833395 0.10317547429081134 0.1825412237452816
0.13973963254800734 0.0957762786688272 0.15922076898617563 0.11493153440259264 0.12007828273595275 0.14282284727976893 0.12723393307897923 0.10019672229969614
0.09152174833000655 0.14288545433187094 0.0704073253229509 0.12456680634060543 0.10800931281069626 0.22864039486760243 0.08448879038754108 0.1494801676087265
0.09991873769747552 0.07405586505351332 0.18348169550571955 0.14811173010702663 0.09125277980252627 0.10474510878226725 0.16513352595514758 0.13330055709632396
0.0994805352105584 0.07329268239549301 0.21348796613041787 0.14658536479098602 0.0888545466158961 0.08294033400913942 0.1634317425356217 0.1319268283118874
0.11041226908125554 0.07004814226802007 0.2436250781691181 0.14009628453604014 0.08437074850764416 0.0742199090967631 0.1550923459251238 0.122135222416035
0.07584503401522379 0.09927241826897884 0.08274163723136178 0.08934517644208095 0.12928812049165908 0.23760304893603654 0.10721421173049714 0.1786903528841619
0.07868672329758061 0.11032456642738407 0.09416949221260003 0.13238947971286089 0.09361312302533505 0.22603765589851743 0.09929210978464567 0.1654868496410761
0.07036057768427702 0.11548991277354301 0.09488359241344338 0.14436239096692877 0.08558990339723137 0.21816339277451888 0.097915360829743 0.17323486916031453
0.11696068253232998 0.0784103273927102 0.14484285963026095 0.09409239287125223 0.14332959655096214 0.15539564537587588 0.14935300455754322 0.11761549108906527
0.07358537561028722 0.11667674856077713 0.10309191396890169 0.14584593570097143 0.09036875010767034 0.19649456203913282 0.09892159117109367 0.1750151228411657
0.10644806058827248 0.0703774238620161 0.2198807614084975 0.1407548477240322 0.09035915240430023 0.09364899714098716 0.15582140244581505 0.12270935442607937
0.08608515417689369 0.11201637689989684 0.12529174387157985 0.1344196522798762 0.09764642284229169 0.17570134536970933 0.10081473920990716 0.16802456534984525
0.07123043144420263 0.11610700242757797 0.0998479073671234 0.14513375303447248 0.09208022126034152 0.20300163528849025 0.09843854553642482 0.17416050364136695
0.10550343820921083 0.07006629609904391 0.2221626414814545 0.14013259219808782 0.09024822883572481 0.0945873879273521 0.15513253999951113 0.12216687524961502
0.08570074344755343 0.11163096352789413 0.12768307276848528 0.13395715623347296 0.09735106188890574 0.17576268966674252 0.10046786717510472 0.16744644529184116
0.08116824927560004 0.11030120521361349 0.10621224872325483 0.1323614462563362 0.10102201562737989 0.20421194239114313 0.09927108469225215 0.1654518078204202
0.05960998448475143 0.09752317237369894 0.057000710249357635 0.08502020155655805 0.13489551221787438 0.2998002229407083 0.09610979306393519 0.1700404031131161
0.09279077407479172 0.07056129390992993 0.19279732123279325 0.14112258781985987 0.10284432304839174 0.11553221699362042 0.15734115388273925 0.12701032903787388
0.07163263921974715 0.1159102916080853 0.11695575625616006 0.14488786451010663 0.09657280630929041 0.18190343571241008 0.09827176897207233 0.17386543741212795
0.0979829837230901 0.07021980696780582 0.21931736204575805 0.14043961393561163 0.09513700089643277 0.09392789091924819 0.1565796889700028 0.12639565254205049
0.11395717283691102 0.07829940394240313 0.18775195118865745 0.09787425492800392 0.14135272182899894 0.11781873576695547 0.14549665359446554 0.1174491059136047
0.10990807985852877 0.06610859694955937 0.2534386293827433 0.13221719389911873 0.09996989166145272 0.07672146794028806 0.14636986870394908 0.11526627160435994
0.10699451808946207 0.13751587034556012 0.12616463804480357 0.12376428331100413 0.1296981301615412 0.2087807775777733 0.0928232124832531 0.07425856998660248
0.082991377680998 0.1070490898485019 0.10419393616592644 0.1284589078182023 0.10741108740037307 0.21297778544959384 0.09634418086365172 0.16057363477275285
0.07966122940639994 0.10866683700022162 0.10049500278314508 0.1304002044002659 0.1038218032074593 0.21615451440197636 0.09780015330019944 0.1630002555003324
0.07267168190051485 0.11249039240383313 0.09956730160890273 0.14061299050479142 0.09622308170773139 0.2143266740565313 0.09537228921194549 0.16873558860574966
0.09765343213549128 0.06977017308658084 0.215960787320437 0.1395403461731617 0.09653096381585421 0.09938091338822388 0.15557707252440564 0.12558631155584551
0.10604538661510002 0.06620451243068881 0.2674275683739436 0.13240902486137762 0.0922296062419469 0.07366815915866144 0.14658223346477292 0.11543350885350868
0.07690679839225985 0.1141169366866929 0.13807273050040111 0.14264617085836614 0.09554778738134202 0.16478285526435466 0.09675131588654398 0.17117540503003933
0.07320016347522007 0.11388874468478685 0.1095680028618643 0.14236093085598356 0.09569312524141783 0.19789806709905378 0.0965578487544932 0.17083311702718026
0.1403146537619166 0.09254689956203353 0.18325230358054692 0.11105627947444023 0.12843198271589917 0.12463571940547767 0.12294386657325089 0.09681829492643508
0.0997257359025507 0.1329548597022568 0.0980626263895038 0.11590936486863412 0.12013671126056318 0.21550267742757867 0.07861678660655183 0.13909123784236094
0.07730424966419612 0.11120913527611305 0.09922635725030188 0.13901141909514134 0.09860598143307815 0.21354314837203445 0.09428600599496542 0.16681370291416955
0.13429929431397414 0.09067951890031084 0.17735526008234687 0.11334939862538855 0.12631670592729233 0.1296092428308746 0.12637612055696307 0.10201445876284969
0.11056435403210098 0.06618919919271715 0.2447752560688762 0.1323783983854343 0.0979796341837485 0.08138056437542676 0.14759203521480513 0.11914055854689087
0.08217065135182641 0.11321543876706952 0.1343715586229561 0.1415192984588369 0.09612172162455353 0.16679117059120302 0.09598700243295025 0.16982315815060428
0.1427941971907666 0.09196591080112103 0.19167700193259107 0.11035909296134525 0.12777944534987717 0.11704180802068467 0.12217205244398006 0.09621049129963431
0.07617824738620722 0.09690123375078465 0.07358687973677293 0.0844779986545302 0.14609619227283271 0.2583065828455603 0.09549686804425153 0.1689559973090604
0.13319711836973888 0.08909422333312429 0.1663905706462371 0.11136777916640536 0.13692505600763538 0.13862748848484813 0.12416676274224597 0.10023100124976482
0.11228955142597061 0.06605561628730443 0.24049720373016087 0.13211123257460886 0.09996908330973686 0.08288303808158855 0.14729416527348183 0.11890010931714798
0.1232059028777038 0.0759273131792519 0.19670605305919864 0.09490914147406487 0.14195564458580792 0.11231616175932073 0.14108881329577405 0.11389096976887784
0.10930639946136018 0.06547031553288865 0.25265502713285165 0.1309406310657773 0.1000475325826299 0.07774449431583656 0.14598903194945617 0.11784656795919955
0.10510656783972856 0.06500689345595273 0.2753960826596874 0.13001378691190546 0.09120576566042742 0.07130282536622025 0.14495566988536326 0.11701240822071493
0.1034724321461321 0.06455451522864764 0.28399509507423293 0.12910903045729527 0.08895276847468571 0.06977109724982924 0.1439469339576113 0.11619812741156577
0.12048486700841919 0.0754138145882603 0.21033661355829536 0.09426726823532537 0.13793352060887787 0.10830856850293302 0.1401346256154986 0.11312072188239045
0.08430123529913582 0.1112014874164596 0.1257302932601512 0.13900185927057454 0.10399248312410686 0.17469088856484055 0.09427952194004185 0.16680223112468942
0.10418901977878298 0.06823133046901891 0.22789841622500426 0.13646266093803783 0.09714745752802446 0.09110903705165249 0.15214568316524513 0.12281639484423404
0.10503073817962194 0.06568705151916995 0.26660095451456134 0.1313741030383399 0.092400817642707 0.07419732152088496 0.1464723208502088 0.11823669273450592
0.10379372529131706 0.06470207036098682 0.2807482595544947 0.12940414072197365 0.09020731695089963 0.0704048005909782 0.1442759598795736 0.11646372664977629
0.1030055283559533 0.06434741822759224 0.28588335598655085 0.12869483645518448 0.08932978250677512 0.06942858710302016 0.1434851385552579 0.11582535280966604
0.10264720932988688 0.06422094044804964 0.2877472283407246 0.1284418808960993 0.0889990222136515 0.06914291398094018 0.14320311198415844 0.11559769280648938
0.13726814777388502 0.08594251675876292 0.24140729882626047 0.10742814594845365 0.11902255869204037 0.09247163494028039 0.11977436570670878 0.09668533135360828
0.1108561753238963 0.06422565848840432 0.26937436255095804 0.12845131697680864 0.0951342169487253 0.07313845192211534 0.14321363250996422 0.11560618527912776
0.10486520297796226 0.06446781341308754 0.28143360449718186 0.12893562682617507 0.09048137729172658 0.0700207090008276 0.14375360184948174 0.11604206414355757
0.12085690282313827 0.07527803891285867 0.2093178399443957 0.09409754864107334 0.13944015731258091 0.10821012795709933 0.13988232603956574 0.112917058369288
0.10828944037332756 0.06499096749702787 0.2574018503558585 0.12998193499405575 0.1008471215940557 0.0765847863170549 0.1449201573739696 0.11698374149465018
0.10468488484309338 0.06473299633618539 0.2770151664388446 0.12946599267237077 0.09237579350778166 0.0708608526081414 0.1443449201884492 0.11651939340513368
0.1033118981818351 0.0643752179872736 0.28440894515625914 0.1287504359745472 0.0901903092869943 0.06954067316586872 0.14354712787012947 0.11587539237709249
0.1203400605584983 0.07519536049939904 0.21015128817133993 0.09399420062424879 0.13981263282914486 0.10798472429699912 0.13972869227127135 0.11279304074909854
0.10811392369987365 0.0649462648754967 0.25767026247695696 0.1298925297509934 0.10114727754734122 0.07650598767345573 0.1448204771999882 0.11690327677589407
0.13952597893251525 0.08630102265150263 0.23096529116644932 0.10787627831437831 0.1235079388779515 0.09446083972226169 0.12027399985200088 0.09708865048294046
0.1289481641773331 0.07432803429657006 0.1914461511098351 0.09291004287071257 0.1493753926259547 0.1133831445206649 0.13811701895407422 0.11149205144485508
0.11056295891340925 0.0651698287970619 0.25007188313138123 0.1303396575941238 0.10352228417221938 0.07770870417976403 0.14531899137732907 0.11730569183471143
0.105426731650536 0.06485385044413144 0.2741977409098765 0.1297077008882629 0.0932850272766269 0.07117761121988753 0.14461440681124235 0.1167369307994366
0.08259034045696075 0.11257658933085181 0.14119887064447756 0.14072073666356477 0.09633446680872616 0.16226874288385384 0.09544536921528742 0.16886488399627772
0.10580810210162907 0.06806687162228915 0.24004718894168023 0.1361337432445783 0.09463931458006762 0.08591843044376485 0.15070564982712778 0.11868069923886314
0.08274887310335823 0.1128555436909567 0.13351415861544444 0.14106942961369587 0.09673783085620116 0.16810897458505397 0.0956818739988546 0.16928331553643503
0.10610387297366344 0.0682375370206928 0.23708778174106643 0.1364750740413856 0.09495077276080388 0.08708317473498997 0.15108351705029252 0.11897826967710537
0.08280613606103805 0.1128720353288481 0.1328486579668893 0.14109004416106014 0.0968100772099186 0.16856914023929817 0.09569585603967558 0.16930805299327215
0.1061341105186754 0.06824814926034452 0.2368646959993224 0.13649629852068904 0.09498030883464663 0.0871726503756466 0.151107013421357 0.11899677306931865
0.07282598595586819 0.09926225476898679 0.08145013488981602 0.08653632467039873 0.14190353936410957 0.24712543964348554 0.0978236713665377 0.17307264934079747
0.13272455960413196 0.0888540204815092 0.1692636272129672 0.11106752560188649 0.13847881761351705 0.13581867401950046 0.12383200242478988 0.09996077304169784
0.11229688417641247 0.06571152168318202 0.24160899195439048 0.13142304336636404 0.10204347343287225 0.08210846069335855 0.14652688566369246 0.11828073902972766
0.10613672952754902 0.06506434113821272 0.2710884254537035 0.13012868227642543 0.09325977240641156 0.07212246550639284 0.14508376964252206 0.11711581404878287
0.10385477370227175 0.06449264853768175 0.28219543805590824 0.1289852970753635 0.09070328404947067 0.06987281074088507 0.14380898047059185 0.11608676736782715
0.10297420249491417 0.06424377515762189 0.28628376324519145 0.12848755031524378 0.08986595618919874 0.0692519273357717 0.14325402997833894 0.1156387952837194
0.09439365618584634 0.12930325570264664 0.16541423732456964 0.1616290696283083 0.08238075407339969 0.1391928594349168 0.08222000498483509 0.14546616266547746
0.08331003131505413 0.11053511447353831 0.1159340617922094 0.13264213736824595 0.10104510169960501 0.19124927861485527 0.09948160302618447 0.16580267171030746
0.05658104337215531 0.08130411592616786 0.07592855512707454 0.10163014490770983 0.11748185274940864 0.24892774733682704 0.11488625076523717 0.20326028981541966
0.09912726503585895 0.06913358129527881 0.2074773240520436 0.13826716259055763 0.102076815891283 0.10531983695997392 0.1541575678435023 0.12444044633150186
0.10462524696813782 0.06612089021748951 0.2589087699284555 0.13224178043497903 0.09460391804878815 0.0770420756152518 0.1474397163954169 0.11901760239148113
0.1212364602757396 0.07557916076765858 0.2024387684055871 0.09447395095957321 0.142072662479718 0.11038838259346725 0.14044187336676855 0.11336874115148787
0.09776808806027658 0.12844748575552933 0.14328173185469772 0.16055935719441167 0.09167297109422931 0.15209109764524945 0.08167584692063548 0.14450342147497047
0.10933921307140855 0.06789225693453022 0.2407320421460902 0.13578451386906043 0.09348931557712092 0.08406737698893979 0.1503190385526432 0.11837624286020654
0.12286258045795244 0.07586190525867254 0.19696668926800567 0.09482738157334067 0.14217459928619075 0.1125467145558182 0.14096727171201093 0.11379285788800882
0.0981247988949397 0.12848384228759493 0.14188425668975585 0.16060480285949366 0.09182410557556459 0.1528349061862342 0.08169896493287286 0.14454432257354427
0.08391358438754862 0.11019041569155057 0.11046487903609682 0.13222849882986068 0.10282995562651844 0.19591566876870348 0.09917137412239552 0.16528562353732584
0.09201446702690833 0.13202226354361585 0.08501565251158774 0.11509633232007536 0.11502981970285232 0.24464052766768848 0.07806533844318155 0.13811559878409044
0.07813506302811822 0.10975609659153092 0.09613822824035675 0.13719512073941365 0.09850679557905351 0.2225804690414108 0.09305408189281969 0.16463414488729636
0.10360963937755549 0.06871205855258268 0.21573934794620508 0.13742411710516536 0.09751110298968041 0.10010439359302999 0.15321763504113212 0.12368170539464883
0.13993419724142897 0.08755144900677911 0.2174968559457564 0.10943931125847388 0.12417682948363706 0.10088931199088015 0.12201666494041788 0.09849538013262649
0.11228282720623593 0.06468907873795345 0.2602010953267774 0.1293781574759069 0.09770374774238466 0.07505776128316816 0.14424699049925735 0.11644034172831619
0.0837834864309654 0.11249848474858662 0.13798877934638817 0.14062310593573327 0.09731681256437212 0.16366245373814234 0.09537915011293213 0.16874772712287991
0.10628384459762107 0.06805463441736315 0.23878754838362584 0.1361092688347263 0.09526222555742533 0.0861645599860234 0.15067855564935104 0.11865936257386396
0.07285661304894635 0.09925258280757437 0.08172899586896022 0.0865278927040392 0.14218835233178684 0.24657563825213547 0.0978141395784791 0.1730557854080784
0.10188237947129991 0.06819573864081917 0.20800297566603873 0.13639147728163833 0.10654715743584049 0.104161623250316 0.15206631870057288 0.12275232955347451
0.10509217134368495 0.06598005709738408 0.2588389878775237 0.13196011419476816 0.09550922206356226 0.07672966509033499 0.14712567955745046 0.11876410277529134
0.10407006657829604 0.06480295961844398 0.27775364766367705 0.12960591923688797 0.09167851967934575 0.07094263204454518 0.14450092786560492 0.11664532731319917
0.10317227218462424 0.06434433400331502 0.28465707277572266 0.12868866800663004 0.09031019207180584 0.06952939855648319 0.14347826119545173 0.11581980120596705
0.12028259499565845 0.07514341509573941 0.21014881402910324 0.09392926886967426 0.14022385474637966 0.10792476276282753 0.1396321668570083 0.11271512264360911
0.10811651766143347 0.0649192717176551 0.257615167976974 0.1298385434353102 0.10141537558867986 0.07648014804133704 0.14476028648683092 0.11685468909177919
0.1046343389692808 0.06468820021911548 0.27701887847318696 0.12937640043823095 0.09278889914362946 0.07080949082877741 0.14424503153337093 0.11643876039440786
0.08242634042850608 0.1125213130487472 0.14180543727226314 0.14065164131093397 0.09633897532004053 0.16207581850505923 0.09539850454132914 0.16878196957312075
0.11889320731855324 0.07636003763142304 0.16198841267129027 0.09163204515770765 0.1529358327529889 0.13820271729438227 0.14544769072652006 0.11454005644713455
0.08378871005128355 0.11066188429056373 0.11435982324559753 0.13832735536320467 0.10783357319867579 0.18521379508152516 0.09382203233330404 0.1659928264358456
0.07713013539779585 0.12330134914588194 0.10312954264771979 0.1380058145737396 0.09762010259590154 0.2016021343526332 0.09360394379784076 0.16560697748848752
0.1025847112761202 0.07689602088920762 0.21748814391247565 0.13611878189881912 0.09669177707503734 0.0959513775402717 0.15176228369913117 0.12250690370893721
0.10462275788810477 0.07080722084802192 0.2619139643470767 0.13095169107599833 0.0929419219170148 0.07490455891990627 0.1460013630354787 0.11785652196839848
0.08192235401670393 0.12012575955495419 0.13771676539333802 0.13961688400033295 0.09578617988755844 0.16259512719866112 0.09469666914805193 0.16754026080039952
0.10602208874308726 0.06813403394702346 0.23884322411185285 0.1362680678940469 0.09503036295550299 0.08605006683328266 0.1508543527357784 0.11879780277942552
0.09805678455221027 0.14304313135497262 0.11023898741243189 0.1162850704337721 0.11484472134428583 0.19911760739193798 0.07887161298986281 0.1395420845205265
0.10630313052747163 0.07729080504765881 0.2183917434792631 0.13403101328648784 0.09925678879603976 0.09466402940523 0.1494345775000096 0.12062791195783906
0.10532027562957078 0.07070720115526855 0.26202782650817025 0.1306950201112502 0.09333144093142663 0.07457752349985436 0.14571519406433417 0.11762551810012517
0.10359363335991041 0.06919131315842993 0.2782785934771881 0.12867890458298345 0.09078390368378314 0.07019526190632035 0.14346737570669946 0.11581101412468513
0.10263510140403408 0.06868044812638052 0.28423422178432395 0.12789910549468878 0.08976306698903448 0.06908090333910574 0.1425979579172127 0.11510919494521989
0.10221291409013873 0.0684974322309469 0.28641095219398316 0.12761487195767 0.08937378816049525 0.06875559786996836 0.14228105873489474 0.114853384761903
0.10204324983704381 0.06843132075966085 0.28720668918448433 0.12751194685931314 0.08922898892712323 0.06865074732778835 0.14216630493120436 0.11476075217338184
0.10197796638886125 0.06840734166247688 0.28749776772451624 0.12747457839664844 0.0891757238280025 0.06861485955848669 0.14212464188402443 0.11472712055698359
0.10195340104872201 0.06839861417257212 0.28760429874765847 0.12746096754532263 0.08915621595647695 0.06860216493792604 0.14210946680053135 0.11471487079079037
0.13628322588124012 0.09143378084754804 0.24033326016600517 0.10649271356579955 0.11917810274661456 0.09170404617513687 0.11873142840843622 0.0958434422092196
0.11010739569888471 0.06999785296798434 0.26793424621926687 0.12731019509241373 0.09556274803103613 0.07256701964002818 0.14194136676721356 0.11457917558317239
0.104301372929371 0.06884861535468735 0.2801495350281161 0.12809787297352712 0.09090119766871056 0.06959375154668973 0.1428195688227235 0.11528808567617439
0.10270511026823319 0.06858918860590596 0.284873381240214 0.12776660431907305 0.08970686384645626 0.06891867883840336 0.1424502289945486 0.11498994388716574
0.08147914808299579 0.11964232179626691 0.14282234659249496 0.1393241876198025 0.09496537775799115 0.160079448360211 0.09449814464647475 0.167189025143763
0.11666279433564779 0.08628731646728358 0.1662727355326584 0.09579664149931108 0.14430809873773684 0.1333083019366758 0.1424081416915132 0.11495596979917329
0.08286683664711067 0.11997501292895234 0.11465476392921126 0.13720115840475133 0.10536074018058723 0.18224192081872384 0.09305817700496177 0.16464139008570158
0.11703514490511738 0.08630215127343557 0.1569061420994362 0.0957610349563804 0.14764889263276634 0.13907818201124517 0.1423552101739625 0.11491324194765647
0.14258608703151882 0.09411402043688294 0.19353100573051427 0.10762503917032816 0.1367820461672474 0.10850537925463817 0.11999388695557484 0.09686253525329533
0.11304346859533028 0.07114793526834869 0.24973265431928943 0.12908126221127042 0.10052486899518882 0.07638070018487811 0.14391597443555076 0.1161731359901434
0.10557105890363774 0.0693501321659539 0.2733616961854667 0.12890302801653775 0.09244825963647073 0.07063584326756617 0.14371725660948312 0.11601272521488398
0.10322028530392506 0.06878646994523023 0.28237377424702576 0.1280787116066086 0.09022453197214894 0.0692471811505515 0.14279820532856216 0.11527084044594775
0.0936985147333995 0.13746390489619745 0.1633953640563018 0.16005018070825838 0.0819107560361495 0.13801928587632062 0.08141683105594012 0.14404516263743253
0.10793763727864557 0.0675818201969957 0.249060130956301 0.1351636403939914 0.09143904979302563 0.08135104673896244 0.1496317060934703 0.11783496854860788
0.08210520441979459 0.1250544148213306 0.13426983018392447 0.13876592131564608 0.09497399663525136 0.16419203258770906 0.09411949445756866 0.16651910557877528
0.10220284022945703 0.0824589483244149 0.22897243967894643 0.13378891497555223 0.09470838162657733 0.08829379573670063 0.1491646559503545 0.12041002347799701
0.08098875858319558 0.1280313170727013 0.12957967821677058 0.13868109777288382 0.09557647029852036 0.16666339876077257 0.0940619619676951 0.16641731732746057
0.10209708033586523 0.08295701193972792 0.22710798362085416 0.1340021160468652 0.09498153541942612 0.08885000896074186 0.14940235923434075 0.12060190444217869
0.08097291817011242 0.12814279086476446 0.1291614348922598 0.13869545123036015 0.09563907366642554 0.16688209234340123 0.0940716973562443 0.16643454147643216
0.11590775468556495 0.09419781184340106 0.16100862939217508 0.09508434783102356 0.14379817935777292 0.13455279017984978 0.14134926931298428 0.11410121739722826
0.10798486947273984 0.07690114375789675 0.23712647624707034 0.1304462771145628 0.10307292573863062 0.08162879408005512 0.1454378641859379 0.1174016494031065
0.13875399625245052 0.0978834676069832 0.22244755747734313 0.10693016875638284 0.12353567849206952 0.09499282123399944 0.11921915830002684 0.09623715188074454
0.08636879225564568 0.1290321419042217 0.12678994073335317 0.1357793050357815 0.10035491456011396 0.16664594996541612 0.09209378950253007 0.16293516604293778
0.10326811722053565 0.08300256735077194 0.22562309770908406 0.13380053205867784 0.09591290917906006 0.0887946894979674 0.14917760813109304 0.12042047885281007
0.10407847727277784 0.07495992215657495 0.2642711987349246 0.12979942073562606 0.0921523895062884 0.07320244533545718 0.14471666759628754 0.11681947866206345
0.102894331577007 0.07297185283550141 0.2785876661109184 0.12793817577280323 0.09016573184390113 0.06965636530272801 0.1426415183616179 0.11514435819552289
0.11933204131190835 0.08455306711380531 0.2072921133507014 0.09293069006711735 0.13915530546892146 0.10707224220872329 0.1381477123982819 0.11151682808054082
0.1071447540592411 0.07452554856023413 0.2550519786082436 0.12834022372797338 0.10056401421305863 0.07577750764801913 0.1430897718280539 0.11550620135517606
0.1037451481032722 0.07301476141916134 0.2748902638642296 0.1280793096833135 0.09202104635909653 0.07017921971648938 0.14279887213945547 0.11527137871498215
0.11958832899745717 0.08458251843115679 0.2061155612618145 0.09295823318437389 0.13978159523085856 0.10723522598109593 0.1381886570919946 0.11154987982124864
0.14121847537027782 0.0981766659262897 0.20953530492714026 0.1056640724818396 0.13264341143124597 0.0998568491908434 0.11780755543870772 0.09509766523365562
0.12821367158548602 0.0869739421326779 0.1829883992491025 0.09145872814967963 0.15111825014695 0.11353699281159159 0.13595954214489692 0.10975047377961557
0.10980490518623721 0.07521829913441516 0.24516461432102865 0.1289891509163711 0.10363290139903693 0.07728661600246167 0.1438132772157152 0.11609023582473398
0.10465373200209545 0.07331676669879073 0.2711313919034283 0.12847483063745888 0.09291967463224875 0.07063640806542656 0.1432398484868385 0.115627347573713
0.11989266822530446 0.08467418385925671 0.20496118528743668 0.09301775806267112 0.14014298735551614 0.10741276271308643 0.13827714482152303 0.11162130967520534
0.10734570008357702 0.0745909281559768 0.2541361094398854 0.1284296132300662 0.10083630451339606 0.0758852582180101 0.143189434452029 0.11558665190705958
0.10382046522862398 0.07304427532604466 0.27454564627892264 0.12811891839256434 0.09210318840252832 0.07021744692361188 0.14284303289439634 0.11530702655330792
0.10244743629371564 0.07245092188828552 0.2823098682363861 0.1273950012147714 0.08981164067429628 0.06889371133442368 0.14203591926482723 0.11465550109329425
0.10188959467547098 0.0721984433667336 0.285194516352508 0.12706268861921294 0.08912668000464849 0.06850624170390739 0.14166541552022693 0.11435641975729165
0.10166861369953692 0.07209804304683387 0.28625867852508596 0.12693314726652882 0.08890353807169345 0.06837716027119568 0.1415209865792493 0.11423983253987595
0.09269188811865593 0.14411203188707492 0.16347515584121244 0.15859744885193217 0.08105204512308806 0.1366558935344451 0.08067783267685245 0.14273770396673893
0.1457847865808199 0.09150008286453627 0.20228782581932545 0.10980009943744352 0.12354081058308757 0.10981000746820588 0.12155322363445109 0.09572316361213026
0.07644827525306178 0.11141619931741338 0.07437628875886033 0.08263236937963077 0.14591584133970684 0.2505357826759609 0.09341050451610435 0.16526473875926154
0.13141606231770966 0.10520122381483331 0.16346069237209615 0.10849712553359353 0.137812322651269 0.13499896216072033 0.12096619816954382 0.09764741298023416
0.08457344363825091 0.1298671159912103 0.1128720881906052 0.13512102874178192 0.10285903877249343 0.1809147437245722 0.09164730645094774 0.1621452344901383
0.1032511638045986 0.0834356390788643 0.21992400801160594 0.13431501241094476 0.09682858333202185 0.09161086686229993 0.14975121532981453 0.12088351116985027
0.1042698022956432 0.0751573318901019 0.26212319561978153 0.1300608059537058 0.0925153454389379 0.07381070083540743 0.14500809260808692 0.11705472535833522
0.1371542996731881 0.09726243948894907 0.2311668367081996 0.10654800809152802 0.12023664290350107 0.09294548817409266 0.11879307767816633 0.09589320728237523
0.12709087572002717 0.08682675087631146 0.1901015793360274 0.09145152491743369 0.14711234377226065 0.11172626142065513 0.13594883405636413 0.1097418299009204
0.08424798168481809 0.12675929959331073 0.11944090044410488 0.1358915882388472 0.10540782850171942 0.17301254884510403 0.09216994680547898 0.16306990588661663
0.07655295674993855 0.13505141999386627 0.10342913911003389 0.13652695610503876 0.09632984494959143 0.19567644379858876 0.09260089196689585 0.16383234732604648
0.10180710978487756 0.08446151708392016 0.21639702363470678 0.13497209146530012 0.09585915009971525 0.09454441617303944 0.1504838094396704 0.12147488231877011
0.12031215688404642 0.08714783914343861 0.18843915804194225 0.0941113443299034 0.14247850926500835 0.11467454488218948 0.13990283425758773 0.11293361319588406
0.10802653065859746 0.07531650086501371 0.2477720860364025 0.1291867546096811 0.10186799875965129 0.07752845933472928 0.14403359058721157 0.11626807914871298
0.10419688386578638 0.07329480493202041 0.2721788345215005 0.1284191769155327 0.09251222500391809 0.0706430167971089 0.1431777987401536 0.11557725922397942
0.10261369872094246 0.07254096671938526 0.2814377144091365 0.12750599709335708 0.08996680189797916 0.06901975238900251 0.14215967138617572 0.11475539738402137
0.1019566755483532 0.07223110060153186 0.2848738163191658 0.12710320449923912 0.08918440326383635 0.06854732801567547 0.141710587702883 0.1143928840493152
0.10169452958419906 0.07210993405694267 0.2861407733822705 0.1269479346194096 0.08892487300358815 0.06839134082194392 0.14153747337417752 0.11425314115746862
0.10159314073771877 0.07206417873404777 0.2866070393577002 0.1268900928123475 0.08883486353568958 0.0683366172155273 0.1414729840758561 0.11420108353111277
0.10155470213721253 0.07204718006969876 0.2867785494718811 0.12686875257387742 0.08880284391046607 0.06831690321785755 0.14144919130251707 0.11418187731648967
0.10154030544055914 0.07204090681879043 0.2868416322818559 0.12686090031403688 0.08879128826913095 0.06830971997420922 0.14144043661878442 0.11417481028263321
0.10153495250842905 0.07203859738739268 0.2868648353195373 0.12685801279866163 0.08878708371854457 0.06830708949401201 0.1414372172546272 0.11417221151879546
0.1015329708248339 0.0720377478581541 0.28687337021393783 0.1268569510037159 0.08878554673911665 0.06830612402439601 0.1414360334325012 0.11417125590334433
0.1355574849986959 0.09617845187093105 0.23938368319838382 0.1058552710382445 0.11853839886472703 0.09119623853404739 0.1180207275605502 0.09526974393442003
0.10954344828359769 0.07494895262042123 0.2668541032399809 0.12650981258353675 0.09506559177618902 0.07217026017123788 0.14104899999985365 0.11385883132518308
0.13826857282035454 0.09684797143193317 0.23232242877971113 0.10607962915981768 0.12049984429784404 0.09223901714354252 0.1182708701229609 0.0954716662438359
0.11038022108386197 0.07517880926882294 0.2641051430694681 0.12676674276528702 0.0956572435772103 0.07248631376798043 0.14133545797861102 0.11409006848875831
0.10413862332281514 0.07283915453783724 0.2781839534285949 0.1276080601615268 0.09071184846571821 0.06939764184759548 0.14227346409053807 0.1148472541453741
0.10239116440496299 0.07233102832877647 0.28363912061113056 0.12721847127328564 0.08941448006773717 0.06867000961420311 0.14183910155394683 0.11449662414595708
0.13590452900559752 0.09629201834215115 0.23829489557260944 0.10593416596299376 0.11878733469188374 0.09133761754410531 0.11810868951396468 0.09534074936669439
0.14485864114194957 0.0990587587213179 0.2199753131781528 0.10448607948776717 0.12569023054722567 0.09539932422435446 0.11649418116024189 0.09403747153899043
0.1121744996498089 0.07561846963359954 0.2590879502762985 0.12702289273833864 0.0969678772289582 0.07318666092559753 0.14162104608289397 0.11432060346450477
0.08268741041079064 0.1263613603816408 0.13637618117872613 0.1382644638557434 0.0959440702747348 0.16066978178670707 0.09377937548476509 0.16591735662689208
0.10224987048134246 0.08254890474343074 0.22976929693434706 0.1336621502245712 0.09483262121577517 0.08761789848535266 0.14902332271306667 0.12029593520211408
0.10372223615182698 0.07481498194597365 0.26586737162635027 0.12963999122494446 0.09182079377614048 0.07291971758271187 0.14453891558960225 0.11667599210245001
0.081260088711787 0.12637418918051385 0.13797986029450474 0.1385085535463242 0.09494685782934374 0.16077525421138714 0.09394493197055032 0.166210264255589
0.10188977914768545 0.08253084533731318 0.23046392516303932 0.13363671561160403 0.0945983719500813 0.08761235372211927 0.14899496501771375 0.12027304405044364
0.1036208044612137 0.07479891770922303 0.2661383101374342 0.12961543093434139 0.09175570445988171 0.07290541175856124 0.14451153269843736 0.11665388784090726
0.10273019673744398 0.07290813955808183 0.2792851498435484 0.12785690000903677 0.09003175210263617 0.06956574979074605 0.14255090195037382 0.11507121000813307
0.10206309849274028 0.07233506920101587 0.28409582921856374 0.12721531983022824 0.08926851543071089 0.0686927920494155 0.1418355879301201 0.11449378784720539
0.08089171075709184 0.12570935995146842 0.14204170360256294 0.13829622166605834 0.09430845566161418 0.15899616679712944 0.0938009155648048 0.16595546599927
0.13341310859875588 0.10804852347745682 0.19033541585455593 0.10945080370258987 0.12379505542322188 0.11442189145312665 0.12202947815796213 0.09850572333233087
0.11083421710182521 0.07768836722084735 0.24818062749922468 0.12877707179894582 0.09773490801703687 0.07730861891648297 0.14357682482658587 0.11589936461905125
0.09475092127950495 0.14575106616795802 0.15385417951009872 0.15898208378278825 0.08284385322240923 0.13986052583887823 0.08087349479385315 0.14308387540450943
0.10862170505203694 0.06785295307706546 0.24538163034813285 0.13570590615413092 0.09196377774480641 0.0819342979854942 0.15023201658088564 0.11830771305744746
0.07259300617635263 0.1104594922416637 0.08215545212691286 0.08545260206438222 0.13991330456355952 0.2419223450603671 0.0965985936379973 0.17090520412876445
0.10059911131182905 0.08115484401970237 0.20580005740061738 0.1342127366021773 0.10511794126325145 0.10268666102490097 0.14963718543556184 0.12079146294195958
0.10405968472804644 0.07516595447277402 0.25663497485717274 0.13054990032207867 0.09459148153643619 0.07594969746437832 0.1455533963292429 0.11749491028987079
0.10314349167592504 0.07318288533193716 0.27575033123435994 0.12827792628086243 0.09088935463296194 0.070285562367589 0.1430203148235884 0.11545013365277619
0.08112163093224771 0.12595830524052037 0.14018927940810763 0.13839668241915642 0.0947024114409712 0.15968661749345067 0.09386905416255827 0.1660760189029877
0.10178485626502458 0.08242058333269123 0.2313426538258422 0.133537649730969 0.09447984673256137 0.08736601140125763 0.14888451395378183 0.1201838847578721
0.10356637658898825 0.07476280380402434 0.26646814993366114 0.1295738983287819 0.09170421720619185 0.07284281869976227 0.1444652269426867 0.11661650849590373
0.10270652931055929 0.07289539909970529 0.279407042807479 0.12784138271633133 0.09001122714088493 0.0695475731533278 0.14253360132701418 0.11505724444469818
0.1361396634272029 0.0964889588161255 0.23690255033626254 0.1060611528616077 0.11907388195370981 0.09162848460035945 0.11825027042928499 0.0954550375754469
0.10976098368077189 0.07504646017235768 0.26590633057852886 0.12661591239428766 0.09524970522532786 0.07229899342292247 0.1411672933709446 0.1139543211548589
0.12113372185689139 0.08482068609101193 0.20311635503979525 0.09289239806631201 0.1407479973462076 0.10772717515297345 0.13809078876723396 0.1114708776795744
0.10767461047429576 0.07463606435910673 0.25338183081874893 0.12847371675272862 0.10100180282732374 0.07596702310185059 0.14323860658848994 0.11562634507745576
0.10391754861726624 0.07306570896925707 0.2742575624545957 0.1281478120146817 0.09215693369382677 0.0702461563103422 0.14287524712681673 0.11533303081321353
0.10247854723107558 0.07246019136172221 0.28220228873878694 0.12740730301984507 0.08983075786585364 0.06890470420541686 0.1420496348594392 0.11466657271786057
0.11914061569991712 0.08441802075964397 0.20837501956734145 0.0928537535200848 0.13895241548924725 0.1068023296859256 0.13803334105373802 0.11142450422410176
0.10706355223324332 0.07448230575079508 0.2554696003946582 0.12829208006055134 0.10048766203402107 0.07570583224054565 0.1430360952316893 0.1154628720544962
0.1379021453200668 0.09706386123202122 0.22857321040909845 0.10642258103276198 0.12231909189394714 0.09328555131474829 0.11865323586787045 0.09578032292948577
0.11042760556467711 0.07529899002612359 0.26267878709854897 0.1269331091784138 0.09615025231175925 0.07275051344606151 0.14152094411384344 0.11423979826057243
0.1213625069750311 0.08489628602138868 0.2021203285844508 0.09294078610503778 0.1410962325572325 0.10789219559407123 0.13816272083674275 0.11152894332604532
0.10775927011362509 0.0746679011872024 0.2529918713215804 0.12851389423995627 0.10110391414251196 0.07601724269073451 0.14328340148842886 0.11566250481596063
0.10394961111557367 0.07307891151969383 0.2741110599985622 0.12816498791609815 0.0921892516968168 0.07026329165365462 0.14289439697511241 0.11534848912448832
0.10249066449950872 0.07246536097420606 0.2821479957000072 0.1274139221658531 0.08984163942518611 0.06891087257269916 0.14205701471327203 0.11467252994926778
0.11914484633914618 0.08441954042826799 0.20835849268822246 0.09285471683379048 0.13895708957366482 0.10680488085209791 0.13803477308426168 0.11142566020054856
0.10706506476143009 0.07448287543294699 0.2554631684559683 0.1282927672544787 0.10048913175122581 0.07570664041328393 0.1430368614016352 0.11546349052903082
0.10371307902981253 0.07299936357929024 0.2750436856918508 0.1280604181865375 0.09199341415674003 0.0701578534575217 0.14277780953036343 0.11525437636788373
0.1024065937744988 0.0724333274151771 0.28249433629116727 0.12737246276005948 0.08977476427152832 0.06887250843371795 0.14201079056979765 0.11463521648405355
0.11911613259984613 0.08441003379262085 0.2084639897142274 0.09284864324223101 0.1389281597717707 0.10678892470614598 0.1380257442824807 0.1114183718906772
0.1070550269158968 0.07447927267149855 0.25550425125222515 0.128288400036231 0.10047995068008184 0.0757015461322582 0.14303199227920077 0.11545956003260786
0.10370944367183271 0.07299793816118577 0.275059096234221 0.12805859728370544 0.09199033020553833 0.0701560775285879 0.14277577935959399 0.11525273755533491
0.13653008922427282 0.09656978369337679 0.2353990196643658 0.10613516447872995 0.11968925356147014 0.09182225348780629 0.11833278785912128 0.09552164803085694
