Action: 0
[0.10941046543181648, 0.1076796665940203, 0.13682603736623872, 0.1076796665940203, 0.21536516423184335, 0.1076796665940203, 0.1076796665940203, 0.1076796665940203]
[0.21583904205230856, 0.10791952102615428, 0.1366438317907658, 0.10791952102615428, 0.10791952102615428, 0.10791952102615428, 0.10791952102615428, 0.10791952102615428]
[0.2440708964123917, 0.10682951085429428, 0.11495203819519179, 0.10682951085429428, 0.10682951112094503, 0.10682951085429428, 0.10682951085429428, 0.10682951085429428]
[0.125, 0.125, 0.125, 0.125, 0.125, 0.125, 0.125, 0.125]
[0.11497818429362534, 0.13756405247371126, 0.213575031467128, 0.10677654635310709, 0.10677654635310709, 0.10677654635310709, 0.10677654635310709, 0.10677654635310709]
[0.10942019032557218, 0.10765457995927559, 0.24450606243764325, 0.10765457995927559, 0.10780084744040674, 0.10765457995927559, 0.10765457995927559, 0.10765457995927559]
[0.125, 0.125, 0.125, 0.125, 0.125, 0.125, 0.125, 0.125]
[0.125, 0.125, 0.125, 0.125, 0.125, 0.125, 0.125, 0.125]

Action: 1
[0.10823111458072295, 0.10786760532729384, 0.10786760497264868, 0.10786760497264868, 0.10786805296193376, 0.24456280723945487, 0.10786760497264868, 0.10786760497264868]
[0.21583802068836166, 0.10791901034418083, 0.10791901034418083, 0.10791901034418083, 0.10791901034418083, 0.13664791724655345, 0.10791901034418083, 0.10791901034418083]
[0.10671719315740476, 0.10736161362432725, 0.10671719314738264, 0.10671719314738264, 0.13730103924569617, 0.22175138138304126, 0.10671719314738264, 0.10671719314738264]
[0.125, 0.125, 0.125, 0.125, 0.125, 0.125, 0.125, 0.125]
[0.10768345367029655, 0.10768336567290086, 0.10768336567290086, 0.10768336567290086, 0.217077416226757, 0.13682230173844198, 0.10768336567290086, 0.10768336567290086]
[0.10768059822991455, 0.10768705889788234, 0.10768059822991455, 0.10768059822991455, 0.21709921731272222, 0.13681073263982257, 0.10768059822991455, 0.10768059822991455]
[0.125, 0.125, 0.125, 0.125, 0.125, 0.125, 0.125, 0.125]
[0.125, 0.125, 0.125, 0.125, 0.125, 0.125, 0.125, 0.125]

