Action: 0
[0.20286864666814988, 0.1566349308851647, 0.14380961150039373, 0.09353392778269735, 0.11948616357165943, 0.09659886402654012, 0.09353392778269735, 0.09353392778269735]
[0.10178099492264647, 0.10178099492264647, 0.28753303554147464, 0.10178099492264647, 0.10178099492264647, 0.10178099492264647, 0.10178099492264647, 0.10178099492264647]
[0.20518333221483329, 0.10132669115396949, 0.18621919634644138, 0.10132669115396949, 0.10193321415937177, 0.10135749266347556, 0.10132669115396949, 0.10132669115396949]
[0.125, 0.125, 0.125, 0.125, 0.125, 0.125, 0.125, 0.125]
[0.11106554237958535, 0.09701932547178274, 0.24556610894079683, 0.0969483059601218, 0.158555799367348, 0.0969483059601218, 0.0969483059601218, 0.0969483059601218]
[0.2090025388630148, 0.10080518521239389, 0.18616634986262184, 0.10080518521239389, 0.10080518521239389, 0.10080518521239389, 0.10080518521239389, 0.10080518521239389]
[0.125, 0.125, 0.125, 0.125, 0.125, 0.125, 0.125, 0.125]
[0.125, 0.125, 0.125, 0.125, 0.125, 0.125, 0.125, 0.125]

Action: 1
[0.09864687817713223, 0.09864687817713223, 0.09864687817713223, 0.09864687817713223, 0.16039387854317402, 0.24772485239403264, 0.09864687817713223, 0.09864687817713223]
[0.1111111111111111, 0.1111111111111111, 0.1111111111111111, 0.1111111111111111, 0.1111111111111111, 0.2222222222222222, 0.1111111111111111, 0.1111111111111111]
[0.10160699423075825, 0.10160700438187244, 0.10160699242949, 0.10160699242949, 0.10275105396608948, 0.28760697770331967, 0.10160699242949, 0.10160699242949]
[0.125, 0.125, 0.125, 0.125, 0.125, 0.125, 0.125, 0.125]
[0.09985336579238187, 0.09985336579238187, 0.09985336579238187, 0.09985336579238187, 0.18457085123700184, 0.21630895400870695, 0.09985336579238187, 0.09985336579238187]
[0.1013228340585629, 0.1013228340585629, 0.1013228340585629, 0.1013228340585629, 0.10456906362391905, 0.28749393202470347, 0.1013228340585629, 0.1013228340585629]
[0.125, 0.125, 0.125, 0.125, 0.125, 0.125, 0.125, 0.125]
[0.125, 0.125, 0.125, 0.125, 0.125, 0.125, 0.125, 0.125]

