0.125 0.125 0.125 0.125 0.125 0.125 0.125 0.125
0.099626400996264 0.07845579078455792 0.199252801992528 0.15691158156911583 0.08685378548392246 0.06839735606858895 0.17370757096784492 0.1367947121371779
0.0745303753200788 0.12421729220013136 0.1056354961590544 0.1490607506401576 0.0931629691500985 0.15527161525016417 0.11179556298011822 0.186325938300197
0.09252272085186682 0.15420453475311138 0.09132283157848368 0.13878408127780023 0.11565340106483352 0.22015392074887402 0.10408806095835017 0.08327044876668013
0.08769198837691987 0.1551473640514736 0.07644942576449425 0.13525667635256675 0.10523038605230385 0.18617683686176836 0.0917393109173931 0.1623080116230801
0.0718295186473467 0.11971586441224452 0.09232861712055508 0.1436590372946934 0.08978689830918339 0.19536198962658996 0.10774427797102008 0.17957379661836678
0.07600123798867835 0.11864004450170952 0.09285119991686899 0.14236805340205144 0.08898003337628214 0.19642332401030668 0.10677604005153858 0.1779600667525643
0.06394331300481729 0.09936650162061492 0.058411657064199304 0.08942985145855342 0.11923980194473788 0.28343335023970617 0.1073158217502641 0.17885970291710684
0.0701263515370175 0.12406969887318481 0.08765793942127188 0.15508712359148102 0.084151621844421 0.18761318911732033 0.10518952730552626 0.1861045483097772
0.10076122868184359 0.07435835460321667 0.20469141798828094 0.14871670920643335 0.08231775519770015 0.09486855949074711 0.1646355103954003 0.12965046443637776
0.07722946913715055 0.1173134839547611 0.11386890894706538 0.14077618074571333 0.08798511296607082 0.18127448275781224 0.105582135559285 0.17597022593214165
0.07380550089027292 0.11435716626687989 0.09853043711477417 0.13722859952025587 0.0931605905728773 0.20846050659442789 0.10292144964019191 0.17153574940031982
0.06129776981929365 0.09521009064586364 0.06025039913739737 0.08568908158127728 0.12478355883331811 0.29856403892276273 0.10282689789753272 0.17137816316255455
0.05777417171889255 0.10221584227188682 0.05036722662672684 0.08911124710882441 0.1155483434377851 0.3060262213647818 0.10073445325345368 0.17822249421764882
0.09269310173148348 0.07482455200011316 0.18538620346296697 0.14964910400022632 0.08342379155833513 0.1124914705300011 0.16684758311667025 0.1346841936002037
0.13429551119962507 0.09696407988581922 0.19500379344728155 0.11635689586298306 0.11610464640601549 0.1110238612789337 0.12881186680802356 0.10143934511131857
0.06044127458073438 0.10693456271976085 0.06230380026559928 0.09322500339671458 0.12088254916146876 0.2643780166338329 0.10538478644845997 0.18645000679342916
0.09172357680339259 0.07404192344370246 0.19452302553421166 0.14808384688740492 0.08255121912305333 0.11069850776346388 0.16510243824610665 0.1332754621986644
0.07988980481753506 0.11480755286793727 0.11066879356789351 0.13776906344152473 0.09312813319254762 0.1881985252295126 0.10332679758114355 0.17221132930190589
0.06741069857929007 0.09506718006822144 0.061359965534178454 0.0855604620613993 0.12471242633090684 0.2920957888295262 0.10267255447367916 0.1711209241227986
0.06487629373152858 0.11478113506347364 0.08971955318894177 0.14347641882934203 0.07785155247783429 0.23980890351637627 0.09731444059729287 0.17217170259521045
0.10392209218785853 0.07122625961636994 0.20978888706586035 0.14245251923273988 0.08504981194183209 0.10567025962176942 0.15770079459220693 0.12418937574136296
0.08389685224665808 0.11281366709523509 0.1204905816947042 0.1353764005142821 0.09190171807042527 0.1847679793501312 0.10153230038571157 0.1692205006428526
0.07924997695038037 0.11055423869638463 0.10186109001074398 0.13266508643566155 0.0966282956840739 0.21371113935143235 0.09949881482674618 0.16583135804457694
0.06489719329410681 0.10155908440247259 0.061039132109774 0.0819729032561981 0.12867281745326156 0.2995455790643531 0.0983674839074377 0.1639458065123962
0.10130255715206113 0.08177435336371199 0.1401410626489596 0.10221794170463998 0.12156306858247334 0.17838565077449434 0.15195383572809168 0.12266153004556797
0.10141717228828726 0.08186687401584634 0.15755410765333827 0.10233359251980793 0.13624011882494322 0.1456620652415766 0.1521257584324309 0.12280031102376951
0.09685409614464874 0.07105196988700964 0.22443341150833224 0.14210393977401928 0.08989878362677681 0.08932896518618945 0.15843528807640656 0.12789354579661735
0.08208747902029226 0.11969593668558219 0.12246894426728606 0.13385383853651878 0.09729559722206581 0.17689052719521747 0.10039037890238908 0.16731729817064847
0.0796563085882843 0.12234359844620074 0.10101228742807168 0.13057631083799445 0.09615261080832815 0.20910626221513193 0.09793223312849585 0.16322038854749307
0.0662444681803081 0.1025050094035874 0.06085735451001696 0.08180038649578492 0.12838106847044248 0.29845047615334847 0.0981604637949419 0.16360077299156983
0.05628216202439496 0.09327525546789361 0.0524480902776675 0.08131688938226622 0.11924536921013039 0.3428750147018575 0.09192344017125748 0.16263377876453244
0.09241107084595536 0.07049038187138658 0.19620897317840474 0.14098076374277316 0.08829190272109651 0.1275511896512139 0.15718303062067393 0.12688268736849587
0.10682825892573168 0.07237532184867305 0.2505551423417508 0.1348889969096616 0.08671801445327304 0.0817110652869764 0.1493276644665362 0.11759553576739729
0.1232666541514898 0.08098870573665325 0.1926311702311743 0.09031631540530112 0.13866268308831278 0.11787984632837696 0.14335923080206525 0.11289539425662638
0.0732691724489676 0.11525299862736917 0.12239547342396803 0.14406624828421147 0.08914095966710503 0.18528115077107712 0.09771449883624776 0.17287949794105373
0.1035524162135058 0.07627940489081386 0.23007752051438402 0.13611333746059295 0.09135231403671833 0.09327903751752063 0.1506830597854346 0.11866290958102976
0.08384846960633385 0.11768819949427586 0.13107908196735496 0.13065237342949013 0.0996554360905512 0.17577169255301367 0.0979892800721176 0.16331546678686265
0.09687330992940991 0.14768888707133648 0.09807024249190836 0.11814758877341999 0.12535880701532762 0.2543619198744806 0.08861069158006502 0.070888553264052
0.08149536181031189 0.1311342518340408 0.0814173947394539 0.11432216826557404 0.10039712115626065 0.2765068470172807 0.07754025325838934 0.1371866019186888
0.09357657202411869 0.06966238018839921 0.21012857708605323 0.13932476037679842 0.0918959115602518 0.11468280397530715 0.15533671044995287 0.1253922843391186
0.08169210911596994 0.1163820893159892 0.12595390444489055 0.13004031600572585 0.10174084547356466 0.18411010363240807 0.09753023700429439 0.1625503950071573
0.05909387871799669 0.0892987313199505 0.07834227602502779 0.09533353101115385 0.12201210279858866 0.2508521808915901 0.1144002372133846 0.1906670620223077
0.0785203263181273 0.1309657331527453 0.07884215709903063 0.11417525454341897 0.10846942568851711 0.2745761903166086 0.07744060742944939 0.13701030545210277
0.10378900063964534 0.07743326645801898 0.14708382101741083 0.09679158307252372 0.14475594236453126 0.17010929759631355 0.1438871891645278 0.11614989968702848
0.09249719270014259 0.06733392621453986 0.23771510139755694 0.13466785242907972 0.10449863222337508 0.09194162223044391 0.15014460561869036 0.12120106718617175
0.08115138216704838 0.13097934023007035 0.1576631871615355 0.16372417528758795 0.08531104408474675 0.1505333371856263 0.08328577612455562 0.14735175775882917
0.10454492073398683 0.07580489889038032 0.2468412391964114 0.1331262825414974 0.0908860160729498 0.0853615649429754 0.14737626720100644 0.1160588104207926
0.08485049117420758 0.11681163294127425 0.13649184477392065 0.12961855210086284 0.10142469721818345 0.1715656775898254 0.09721391407564715 0.16202319012607858
0.07982225134159113 0.11973172613993874 0.10849889089619055 0.1277124965619138 0.10367619798071961 0.2051334439558186 0.09578437242143537 0.15964062070239227
0.07208847805887321 0.11125026850975564 0.10386767124878472 0.13906283563719457 0.0964648234743476 0.21606964048292226 0.0943208798234885 0.16687540276463345
0.09618954952040609 0.06857475499970271 0.22220660626874972 0.13714950999940542 0.09759416973475256 0.10193938186624114 0.1529114686112774 0.1234345589994649
0.09569519873836499 0.06557623477917515 0.2722659629630405 0.1311524695583503 0.09373246326176231 0.07731523203695914 0.14622521605983235 0.11803722260251528
0.10978434916140867 0.0751854440662062 0.2146073249148797 0.09398180508275773 0.14232116331387726 0.11163148189525275 0.13971026546630855 0.1127781660993093
0.10107652646498679 0.06426424089209723 0.2671389328337196 0.12852848178419446 0.1019734195800742 0.07804309932752104 0.14329966551163173 0.11567563360577501
0.09831387437154412 0.06369872755728871 0.2903448575726533 0.12739745511457742 0.09235102638182881 0.07119769421900383 0.14203865517998407 0.11465770960311968
0.09699618463515816 0.06315686528289914 0.29998959531493147 0.12631373056579828 0.08961516704118704 0.06941571646774569 0.14083038318306165 0.11368235750921846
0.09637476183948289 0.06289287063688569 0.30395405909634393 0.12578574127377137 0.08870876460783886 0.06883492087464528 0.14024171452463766 0.11320716714639426
0.07761812842668507 0.11113416399895641 0.1542677202412446 0.13891770499869552 0.0951752118986523 0.1619633810469118 0.09422244339041959 0.1667012459984346
0.138937909285004 0.09965939388826899 0.1994054300703508 0.10691033185297327 0.126214118857473 0.11731480486597241 0.11835413212864766 0.09320387905131004
0.07486943885481497 0.09533253186640164 0.07700699998171898 0.08311041239635016 0.14844549073248195 0.2610634004057448 0.09395090096978713 0.1662208247927003
0.0859405860858679 0.1257969845991176 0.11069707638875807 0.157246230748897 0.09224103650650696 0.20656600409414552 0.07999047390269977 0.14152160767400726
0.10462538111663088 0.06757670471701693 0.22517772392156785 0.13515340943403387 0.09554255894638486 0.0996001879301183 0.15068596544361684 0.12163806849063048
0.10454513649393166 0.0645403298802505 0.2734267865617647 0.129080659760501 0.0921691976433019 0.07614999312789729 0.14391530274790187 0.11617259378445093
0.10257885409954312 0.0632087727305665 0.29280706892938313 0.126417545461133 0.0897346377031797 0.07053120111719523 0.14094612904397963 0.11377579091501973
0.11914068058572393 0.0736755141306068 0.22076478442836703 0.09209439266325849 0.13878103742705603 0.1081258194308604 0.1369045001382171 0.1105132711959102
0.10773974746030651 0.06342482056399165 0.269274904571658 0.1268496411279833 0.10028442379944096 0.07683390199486224 0.14142788346657242 0.11416467701518498
0.083293537424484 0.11065282188746293 0.14542985939401 0.13831602735932869 0.09746442724908223 0.1650497448628931 0.09381434899154467 0.1659792328311944
0.10477232778761567 0.07410015901571133 0.24409869695293013 0.13252290140201126 0.09439994166018328 0.08786488786751533 0.146708299476382 0.11553278583765085
0.07294581408872573 0.09776091107942984 0.08544477394445088 0.0852274609410414 0.14238910317740378 0.24943292860568841 0.09634408628117724 0.1704549218820828
0.1132739963950445 0.07466715757141106 0.14717947943493523 0.09333394696426382 0.16052179541981348 0.16027570699710694 0.1387471808603086 0.11200073635711658
0.14229759891900112 0.08488288998283483 0.19402481442407038 0.10610361247854354 0.1432914395695793 0.11560878366174127 0.11829760973354035 0.09549325123068918
0.11447749789767611 0.06353296247050126 0.25685400290761784 0.12706592494100252 0.10355282695045252 0.07848842860834165 0.14166902377750581 0.11435933244690226
0.141778158507575 0.08417003546097851 0.23757618305690756 0.10521254432622315 0.12465976891346757 0.09460788459992094 0.1173041352413264 0.09469128989360082
0.11277976536534236 0.06263186578115847 0.27540769285863276 0.12526373156231693 0.09793385976545409 0.07358601360869567 0.13965971265231455 0.11273735840608524
0.10526019219288942 0.06269373642761758 0.29272349521741686 0.12538747285523516 0.09166332052203728 0.06962538225559861 0.13979767495949352 0.11284872556971165
0.08304785008334513 0.11034244982540731 0.15124602338603776 0.13792806228175913 0.09665057073390003 0.16172016149076812 0.09355120746067142 0.16551367473811096
0.10441377774605785 0.07386053730621049 0.24718364719938996 0.13211896736007395 0.09395878561666066 0.08702251867283652 0.14626112788742412 0.11518063821134651
0.08308795485394853 0.11090539529239309 0.13990510179864338 0.13863174411549137 0.09756372131746055 0.16951950237035754 0.09402848731311589 0.16635809293858964
0.11742328838615859 0.0831051233732327 0.16298225920712517 0.08915146182825198 0.1518060998571841 0.14258218319249127 0.14151025687024124 0.11143932728531497
0.0994821617974215 0.128266282752312 0.09649009783544024 0.11182188752765664 0.12944834093997584 0.2244605534430735 0.07584441067093231 0.13418626503318795
0.10825300524054732 0.06659102960344684 0.2159280827986471 0.1331820592068937 0.10483511934436822 0.10285879346384832 0.14848805705604418 0.11986385328620433
0.10660185811589719 0.06434261957331772 0.2687905220705068 0.12868523914663543 0.09550690783768837 0.07678169975153991 0.14347443827244277 0.11581671523197187
0.08339433149113701 0.11057126105203638 0.14526678173284308 0.13821407631504548 0.09777898792554364 0.16517247031774382 0.09374519958759608 0.16585689157805458
0.10532262531476069 0.07395426389901157 0.24471456575942907 0.13224476853402567 0.09431108083098233 0.08776198967382459 0.14640039495830273 0.11529031102966342
0.09964694227235199 0.13240917540610778 0.11600422870749157 0.11543364009763245 0.1165922945972759 0.20309922969228278 0.07829412110969851 0.1385203681171589
0.10810385311791049 0.06641169417498173 0.22529946091726133 0.13282338834996346 0.101378013435845 0.098354374672022 0.14808816581704878 0.11954104951496711
0.10646035586726903 0.0641153601963385 0.2726799793426617 0.128230720392677 0.09441035443388339 0.07572789763267207 0.1429676837810891 0.11540764835340928
0.10423132599079474 0.06291364522038104 0.29193622782557827 0.12582729044076207 0.0912306801149971 0.07032823026565273 0.14028803874514814 0.11324456139668586
0.08300710374980359 0.11030162311775296 0.15100659299699193 0.13787702889719122 0.09662027271270555 0.16221835033604784 0.09351659351287753 0.16545243467662943
0.1049818793265616 0.0737609477662622 0.24739935942525784 0.1319243758220764 0.09384612830704636 0.08703060799059152 0.1460457070557785 0.11501099430642558
0.07343721479043482 0.09752710725563984 0.08588073870724698 0.08502363196645525 0.14298935511536057 0.24898101731335057 0.09611367091860158 0.1700472639329105
0.11380409151937383 0.07444113191562841 0.1469949607019605 0.0930514148945355 0.16122492008467074 0.16049460504776544 0.13832717796262292 0.11166169787344261
0.08336308365928193 0.10786466355575576 0.11256092164910547 0.1348308294446947 0.11138087244524186 0.19675215828892825 0.09145047562335815 0.16179699533363362
0.10482147950072297 0.06707563135620585 0.2250268894855983 0.1341512627124117 0.10094621884200737 0.09767373502580629 0.1495686466360769 0.12073613644117051
0.10591744385112696 0.06418921215546894 0.2726989102946771 0.12837842431093788 0.09447758826527806 0.07566547661539741 0.14313236262726953 0.11554058187984408
0.12196178182627893 0.07357008535171217 0.2133971433204569 0.09196260668964021 0.14240290576669765 0.1096417575805091 0.1367085914371368 0.11035512802756825
0.10940800236555384 0.06326161250897004 0.2655154202960049 0.12652322501794008 0.10314922129936464 0.07720766213273493 0.1410639538632854 0.11387090251614605
0.10524490750550027 0.06289670329126998 0.2886694988401193 0.12579340658253996 0.09331342175170045 0.07061773533270735 0.14025026077187663 0.11321406592428596
0.10347190977691495 0.062437771421048935 0.29821200434718587 0.12487554284209787 0.09045927579991066 0.06892859605637579 0.13922691119857775 0.11238798855788809
0.10269239852170356 0.06221189699665365 0.3020524566404069 0.1244237939933073 0.0895229384056193 0.0683918559035558 0.13872324494477695 0.11198141459397658
0.12037723535543754 0.07305125051693212 0.22314335309530123 0.09131406314616514 0.13985430366466656 0.10693843054523289 0.13574448790086638 0.10957687577539815
0.09867168750223539 0.1254658015203068 0.1530531616141297 0.15683225190038352 0.09286655220031174 0.1521816338899185 0.07977988466236902 0.14114902671034518
0.10861885926990467 0.074550822743766 0.24783383542284051 0.13137139440980863 0.09271796331188216 0.08494468299381693 0.14543353390096847 0.11452890794701268
0.08427104670367559 0.11080744702780648 0.14005699167692437 0.1385093087847581 0.09732362536574217 0.16887496568015625 0.09394544421922724 0.1662111705417097
0.14188137099548495 0.09943657505640258 0.19542164190594707 0.10666471744567174 0.12664483662304735 0.11887887741957753 0.1180822268832833 0.0929897536705856
0.07788358891936592 0.09436292651974773 0.07599698157176438 0.08226511542747238 0.15051077986076306 0.26145502897140777 0.09299534787453399 0.16453023085494475
0.11475701179240184 0.07405439058243216 0.1427708793223397 0.0925679882280402 0.16349551835539955 0.16366409409181573 0.13760853175392246 0.11108158587364825
0.11012056289354998 0.06475810479640184 0.23486816021511803 0.1295162095928037 0.11054398522802003 0.0892274803333827 0.1444009083072005 0.1165645886335233
0.10661996053959363 0.06366169800825582 0.27617203641590937 0.12732339601651163 0.09605881968458153 0.07361694810784825 0.1419560848124391 0.11459105641486049
0.10431573629053363 0.06275614810455382 0.29320246488120266 0.12551229620910764 0.09151934033426076 0.06979610390825895 0.13993684368388568 0.11296106658819687
0.08319371234393436 0.11023094423708028 0.1513025702438687 0.13778868029635036 0.09676168950511009 0.1619193169039893 0.09345667011404633 0.16534641635562042
0.10301579338695033 0.0735721314543049 0.24133101923813383 0.13154006615542463 0.09588010190863952 0.08961747097621357 0.14665735734045102 0.11838605953988214
0.12143685003446415 0.07956436720496542 0.20246493497721552 0.09209267823550135 0.14322299365711277 0.1138050104819311 0.13690195152620796 0.11051121388260161
0.1092956963983295 0.06867760191855433 0.26016712403182574 0.12620589007661492 0.10339772638316917 0.07796051103713285 0.14071014908541993 0.11358530106895344
0.10505925979955379 0.06737292286753431 0.2859155217102668 0.12531998540436426 0.09322533908325299 0.0705965527829507 0.1397224314881494 0.11278798686392784
0.10316316095915756 0.06672695008463513 0.29655147375492263 0.1242713045488411 0.09019589203057787 0.06869381393390221 0.13855323059400643 0.111844174093957
0.09449616680647224 0.13445317043565447 0.1736663472144079 0.156590027769621 0.08237011578101973 0.13783648069996737 0.07965666630019852 0.14093102499265892
0.1073165584159287 0.07473349379467116 0.25718606718638026 0.1305992922454302 0.08990609482888144 0.08182391522293618 0.14457878506616612 0.11385579323960583
0.08336877330664767 0.11856283114705098 0.14158365569809958 0.13704349265634802 0.09587609294285786 0.16616172456402917 0.09295123849734908 0.16445219118761759
0.10344971531714743 0.0744477272654425 0.2371470358871319 0.1320663313118057 0.09602761581105389 0.09075777251049662 0.1472441037162968 0.11885969818062513
0.0950946443566646 0.1365471924600078 0.15715012660500483 0.1579188481517908 0.08405562235999202 0.1467739712787999 0.08033263145112837 0.1421269633366117
0.10814807863489218 0.07536606272971207 0.2500465632721635 0.13147725176893624 0.09084010462557958 0.08395002276986933 0.14555072234900548 0.11462119384984183
0.08355853805227856 0.11869513293897821 0.13980866968219693 0.13712143844881614 0.09612832106393575 0.16713806759688757 0.09300410607832746 0.16454572613857935
0.10356431373049099 0.07450337971333718 0.23636646487400242 0.13215013671305023 0.09614716786019241 0.09099587358263155 0.14733754048455 0.11893512304174518
0.13933820516904077 0.09126639629510512 0.22986435301817335 0.10554589055134647 0.12316531409607691 0.09815274796829054 0.11767579140575495 0.09499130149621182
0.11262082520974424 0.0686335174293413 0.27132485024187636 0.12457216713989286 0.0976529674533102 0.07419205216933458 0.13888866993059695 0.11211495042590357
0.1405734979302484 0.08938871911311644 0.24194588247219645 0.10390942125160181 0.12201774051045998 0.09279500933482096 0.11585125026111424 0.09351847912644161
0.08886011001722037 0.11806463551774689 0.1364953142925407 0.13415627698243093 0.10216316434930853 0.1682800133780998 0.09099295308373578 0.16098753237891714
0.1048368536305874 0.07435435723275269 0.234474583481881 0.13191210113846197 0.09746898549722519 0.09116007941174295 0.14707214858273296 0.11872089102461578
0.10521472969982686 0.06868936725449434 0.2759211638400378 0.12711422251726892 0.09301775594692188 0.07391708850516213 0.14172287197074607 0.11440280026554202
0.12123520122801962 0.07852073291724142 0.21393476540341005 0.09129067309624786 0.14120204070558354 0.10855806191330926 0.13570971702069085 0.10954880771549744
0.10879795460747961 0.06829506086178125 0.26498605632773237 0.12562096251095045 0.10250999005041404 0.0766731108807719 0.1400579985010149 0.11305886625985541
0.0835259650879034 0.11746072204510456 0.1434544729554384 0.13660004126578604 0.09872104603292235 0.16366724032232546 0.09265046277157662 0.16392004951894323
0.11757214924881985 0.08447857928631342 0.16908148870760217 0.09375282373309192 0.14646921921591788 0.13677248201785863 0.1393698693106859 0.1125033884797103
0.10967220175220185 0.06993636154492003 0.24601661961935575 0.12791932128664574 0.1054381026713344 0.08326950695095753 0.14262049701660354 0.11512738915798118
0.10572651968175513 0.06785059409956651 0.28017788241729635 0.1260681875327409 0.09419350061783661 0.07196532584602801 0.14055662102530964 0.11346136877946682
0.10355977369663594 0.06691407139429396 0.2942503962416142 0.12456763533761639 0.09061175548758156 0.06910187872915038 0.1388836173092529 0.11211087180385475
0.10250495542228903 0.06649144905741484 0.2999245079957536 0.12388156267088536 0.08935438863958022 0.06823103232497948 0.13811869748530053 0.11149340640379683
0.10203252187043914 0.06631477566878825 0.30219723954218664 0.12359781372601675 0.08888777759517985 0.06792950065690762 0.13780233858706645 0.11123803235341509
0.11969739584920236 0.07786581533522963 0.2226790662292291 0.09071816928703379 0.13903124545561643 0.10628785304270237 0.13485865165654576 0.10886180314444054
0.10807775295392703 0.06802890219758906 0.2686826248668269 0.12520479607704532 0.10170773215220602 0.07601987129865777 0.13959400398440722 0.1126843164693408
0.10443665909951184 0.0670996226583583 0.28937158945724545 0.12488163841639006 0.09255645783668748 0.07002685064803581 0.13923370730901993 0.11239347457475105
0.12063253939622517 0.0781050171204759 0.21833022433970886 0.09093484445924804 0.14059421670179512 0.10710059077859686 0.1351807538528523 0.10912181335109764
0.14306975095546615 0.08988516599055947 0.21996308582649687 0.10337197022176725 0.13481273451566925 0.100610486819316 0.11525203247113454 0.09303477319959051
0.11373380302451348 0.06858613365526398 0.2667456655695158 0.12462545060860326 0.10046231872429472 0.07473564584823501 0.1389480770218308 0.11216290554774293
0.10586144540250153 0.06713475913368767 0.2884512553626652 0.12487112692348404 0.09228046714242653 0.06979494402523002 0.13922198777886952 0.11238401423113564
0.08296860234760485 0.11733672403705715 0.14941601283711337 0.13660595706136336 0.09629869401021365 0.16079238600878246 0.09265447522422907 0.16392714847363601
0.10304712432728215 0.07413642170021867 0.24053129916501678 0.13165528432568785 0.09585109570984562 0.08950320187690637 0.14678581700192364 0.1184897558931191
0.10456401745899419 0.06853905929358033 0.27847009603209294 0.12686021014340434 0.09247430302288454 0.07347845778994543 0.1414396671300344 0.11417418912906391
0.10338844077476557 0.06705195970672438 0.29366062553419603 0.12474666273328064 0.09033151442499963 0.06946558087091591 0.1390832194951651 0.11227199645995257
0.12028883789125444 0.07807398286851738 0.2198373159933611 0.09090196577409046 0.13976958895902783 0.10691407210574455 0.13513187747909566 0.10908235892890857
0.10833350683151825 0.06811352277916269 0.2674796039236485 0.12533700196737071 0.10197454307949196 0.07621711596216535 0.13974140368600885 0.11280330177063365
0.09584511580806501 0.1348989619305343 0.1655250504614216 0.15690429411121612 0.08494520565041778 0.14085097511645822 0.07981653222179255 0.1412138647000945
0.1454016504838726 0.10097481680243851 0.2049569534013512 0.10583597694727202 0.12216383982463049 0.11123472350191793 0.11716477708448507 0.09226726195403201
0.08968545633393428 0.11937061500923073 0.12697655569209793 0.1341135462504608 0.10205248900323924 0.17590111171017156 0.09096397050031255 0.16093625550055293
0.1379386295400016 0.09775541236045893 0.18835254732385256 0.10826034863116056 0.12794808737644323 0.12160845140678944 0.12070220959324916 0.09743431376804451
0.10180487591906154 0.13745555486434197 0.14174898846315073 0.15498806919471056 0.08955632158935174 0.15611517075596495 0.07884175693817885 0.1394892622752395
0.10124369996160618 0.1467110370574447 0.13346111208886927 0.15337936719118925 0.08458802812492536 0.1666722023656911 0.08022920745385284 0.1337153457564214
0.1241139665483919 0.08572964922280593 0.16067005387694305 0.08885234382589094 0.14697688491629649 0.1415562054370051 0.1410354663903031 0.11106542978236368
0.09964085164991374 0.14616405880645683 0.09430494432602897 0.10900474012260777 0.12597234216482353 0.22017372496074952 0.07393364982229048 0.1308056881471293
0.13875037632496903 0.10854773310111406 0.17113630597928367 0.10530831271424701 0.13305313024745524 0.13101575034303017 0.11741090984707837 0.09477748144282229
0.1299418562192699 0.08725006627360055 0.17438949677186766 0.08974624733043451 0.15390968473200167 0.12365332748658382 0.13341382438972058 0.10769549679652142
0.1463629040710545 0.09682939383581488 0.20179754070582648 0.10321547372373582 0.13904258141850265 0.10478062933903068 0.11507755055467264 0.09289392635136225
0.08924585258138718 0.12653850257065283 0.12542362532098267 0.13259753999421198 0.10533704053137781 0.17180466822965026 0.0899357227786829 0.15911704799305434
0.10467953058111905 0.081595302966643 0.22833368529758016 0.13121599994672958 0.09800926783669561 0.09177576571737447 0.1462960477018015 0.11809439995205663
0.08232425832983947 0.12595995011325786 0.13363496604156894 0.13603814558430927 0.0971976705030507 0.1693298838087494 0.09226935091805324 0.1632457747011711
0.11661356276779465 0.09242397287364401 0.1647762931505019 0.09304756002588176 0.14522594297334282 0.13793414873631668 0.13832144744146005 0.1116570720310581
0.08323463603161177 0.12571458793176085 0.11597448609349416 0.13296657203963372 0.10668601012587937 0.18567779855535158 0.09018602277470808 0.15955988644756042
0.1034818733947113 0.08179095399367681 0.22419430359897558 0.13170621803469224 0.09868759596802762 0.09476085449225308 0.14684260428644047 0.11853559623122302
0.10489145830427121 0.07346622692413207 0.27108655941178705 0.126920435594034 0.09330661563213848 0.07459349808595692 0.14150681401304982 0.11422839203463059
0.09449340042579289 0.14242631192764416 0.16573246810845538 0.15580701030091135 0.08265425391091497 0.13940189733717123 0.0792583487182897 0.1402263092708202
0.10790604506054555 0.07546409031789544 0.253650046923571 0.1308918979610926 0.09077747516286958 0.08229684755048802 0.14490271162155954 0.11411088540197815
0.12212558812746936 0.08369564061262713 0.20610259576017478 0.09128700657237716 0.14052068233485085 0.11101981221895013 0.135704266486698 0.1095444078868526
0.10894914640665466 0.07298555141649052 0.26102927623703126 0.1252609577794891 0.10230566888649233 0.0770779171808417 0.1396566200914602 0.11273486200154016
0.10460170463936444 0.07115489688378614 0.28574304889510393 0.12461269095748302 0.09263687729431556 0.07016550850516767 0.13893385096304448 0.11215142186173471
0.10272485957079266 0.07038621660715434 0.2960000444053931 0.12363567912373966 0.0897608438052182 0.06837568959658476 0.1378445556797515 0.11127211121136567
0.13618668133202858 0.09360253870856777 0.25073553398150217 0.10287875670239169 0.11868015342844164 0.09062331861090588 0.11470213620400985 0.09259088103215252
0.11056929096688513 0.07279371161712714 0.2793019608320356 0.12268940720645527 0.09551219339871274 0.07192343638368781 0.13678953310928668 0.11042046648580973
0.10428726063780351 0.07061063318035345 0.29310943832663355 0.12365084565411584 0.09046386776231617 0.06873072812078278 0.13786146522929033 0.11128576108870425
0.08215193597553805 0.12333088883401408 0.14994980351174317 0.13550201136590745 0.09526083922932597 0.15929639538750615 0.09190571205687635 0.16260241363908892
0.10221035832020084 0.08071330469925382 0.23968951898731342 0.1305166892068937 0.0950579641072626 0.08883077597861815 0.14551636841425308 0.1174650202862043
0.10400658376037682 0.0729267888052989 0.277541397734578 0.12618736286603885 0.09197812275423434 0.07310162487178296 0.14068949262825525 0.11356862657943498
0.10294157655421046 0.07087146162313916 0.29279554123211726 0.1241461310818504 0.08993644456695687 0.06916365544844527 0.13841367151961528 0.11173151797366535
0.10207891327176542 0.07018756321874284 0.29889319661586344 0.12333725958567508 0.0889507265781322 0.06803696693778909 0.1375118401649243 0.11100353362710759
0.1016319005872207 0.06993577815297833 0.3013303429741749 0.12302249317092105 0.08852504555815814 0.06767329660021358 0.13716089910250448 0.11072024385382895
0.10142954787472919 0.06983902550557966 0.3023055947968054 0.12289907017445834 0.08834939874192685 0.06754490807736817 0.13702329167211996 0.1106091631570125
0.10134313267592039 0.0698010863772975 0.30269626252625964 0.12285024551699061 0.08827828163144245 0.06749691448412334 0.13696885582267462 0.11056522096529155
0.13551760179374112 0.093352021028737 0.253201806679144 0.10269337767728118 0.11805063805553807 0.09026506243073833 0.11449545242526724 0.09242403990955306
0.11030941523076014 0.07270064442581638 0.2803368266854885 0.12257884651234466 0.09528984291255982 0.07179719618576899 0.13666626618615144 0.1103209618611102
0.10418456451479498 0.07057242558740794 0.2935314699417503 0.12360126989758288 0.09038074567966513 0.06868218951053477 0.13780619196043942 0.1112411429078246
0.13670756690559674 0.09365591685939789 0.2497710420922519 0.10290441508885344 0.11889601907043343 0.09072032301338884 0.11473074339010973 0.09261397357996809
0.10040256678837389 0.14471533904643266 0.1580448979008722 0.15243042461197545 0.08667118554176681 0.14300750970066575 0.07754069425913535 0.1371873821507779
0.08414729058054692 0.12301062774087444 0.1151599160816314 0.12769988342884633 0.10103600851012394 0.19354650680028426 0.09577491257163476 0.1596248542860579
0.0654527510262615 0.1126479208130008 0.06155191728839961 0.07939789630190855 0.13651555249907407 0.29588402582190254 0.08975414364563575 0.1587957926038171
0.0995338759887708 0.0807351878560988 0.19695742243520778 0.13210961034716306 0.10688047359757473 0.11759242385179666 0.1472923566109415 0.11889864931244674
0.13830338862300118 0.09763418794452261 0.21403562048860225 0.10561084605959609 0.12670753375767807 0.10491044972293598 0.11774821195002728 0.09504976145363647
0.1125349075177158 0.07427555977052254 0.2639085903388522 0.12442774636384059 0.0986052624009465 0.07553531033769724 0.13872765154296854 0.11198497172745651
0.1228279301380254 0.0830110927917766 0.20900143501148286 0.09065159731405802 0.14249348277785562 0.10847285724246677 0.13475968794746535 0.1087819167768696
0.0847562571618148 0.12407378971472707 0.1274457786812625 0.13322221669109968 0.10641775863143849 0.1738581225520267 0.09035941653831109 0.1598666600293196
0.10347770286191084 0.08126525250700642 0.22933439218258234 0.1311940027234024 0.09823989343245551 0.09214263140220465 0.14627152243937552 0.11807460245106217
0.13878074699713555 0.09711030188976721 0.2263588782588888 0.10493675394753027 0.12331802896247365 0.09805556184097192 0.1169966495504554 0.09444307855277724
0.08787238134061424 0.1268485686009919 0.13174989499943962 0.13290762592342334 0.10173324582318173 0.16925309027357144 0.09014604193066976 0.159489151108108
0.10414384183973754 0.0814979458500475 0.23125468851892825 0.13100699446602293 0.09699430683968693 0.0911329052779188 0.1460630221882375 0.11790629501942064
0.1047861707690776 0.07323165028715603 0.27400087215749197 0.12656144254443877 0.09267679489346148 0.07373120750510198 0.14110656355327725 0.11390529828999489
0.09444389963131507 0.1423224325001089 0.16654006855016332 0.15574614119054903 0.08250130826109983 0.13904723792877316 0.07922738486649668 0.14017152707149413
0.09961044825545405 0.1474281474474496 0.14075845811579155 0.15342939621883475 0.08407418523797196 0.1606850274346365 0.08025537648369818 0.13375896080616365
0.10280672610160169 0.15086589028643851 0.101791057505823 0.11716842516541735 0.12326817350423785 0.2459223534631683 0.08787631887406303 0.07030105509925041
0.09069948829561526 0.15535610809739744 0.078870909125672 0.10400016054217076 0.11439757360217098 0.2613363283621137 0.07053923932425495 0.12480019265060492
0.10538513310531002 0.08550908794894788 0.2044068454158765 0.13075224522363144 0.10058358849702984 0.10990708331382766 0.14577899579410847 0.1176770207012683
0.10600229923382573 0.07435664902689217 0.2626132316778301 0.1276581743776715 0.09429775288115778 0.07785019816104569 0.14232933770167253 0.11489235693990434
0.08259058188310275 0.12435593814008132 0.14232018349831538 0.1358513718949457 0.09630467058171406 0.16341293809481233 0.09214266963309362 0.16302164627393484
0.11657137849365029 0.09209848060412039 0.16782799638064255 0.09294159068974728 0.14475992272383376 0.1361068053743565 0.13816391690595267 0.11152990882769671
0.10905378071356005 0.07511573617156858 0.2447326911875212 0.12718281675875562 0.10473749367369906 0.08291359698098492 0.1417993494310305 0.11446453508288004
0.08312437840846873 0.12439545750304994 0.13774463893639574 0.13571199608699663 0.0987157893580039 0.16540520792629132 0.09204813647639772 0.16285439530439594
0.10287252168794134 0.08117020905824023 0.23426303105801666 0.13104930751634086 0.0962484819911623 0.09034187384194023 0.14611019808165165 0.11794437676470676
0.13846648346269672 0.0970151176061485 0.22825509928120719 0.10484777975269537 0.12261715191302924 0.09753791624371745 0.11689744996307976 0.09436300177742582
0.11203578068663107 0.07383046759913464 0.26993113748958136 0.12378834624347948 0.09718941909248849 0.07380056914436059 0.13801476812519278 0.11140951161913154
0.10501067200960855 0.07099176735432002 0.28930753739293985 0.1241221479902886 0.0911548427654887 0.06931616713378755 0.13838693216230685 0.11170993319125977
0.10268838710623973 0.07026571421576198 0.2974236104612622 0.12344897475642963 0.0893054170710304 0.06812742486512677 0.13763639424336255 0.11110407728078665
0.10183146620887815 0.06997931060709173 0.30072826747200637 0.12308476064576106 0.0886464926708422 0.06772309512411098 0.13723032269012464 0.11077628458118495
0.10150003254982123 0.06985929899603809 0.30206159026900864 0.12292676069964811 0.08839494428803184 0.06756912402651943 0.13705416454124944 0.11063408462968329
0.13558952514210051 0.09337613934594162 0.25296800032299344 0.10271088801416779 0.1181030935723726 0.09029757924551876 0.11451497514415424 0.092439799212751
0.08721447386450724 0.12596483813063872 0.13844555415527046 0.13273656513854784 0.10044876755628274 0.1658759048945239 0.0900300180939716 0.15928387816625741
0.07765196958251941 0.13322143210593218 0.10958570331897952 0.13401918449962674 0.09628740882157412 0.19751131165467795 0.09089996861713813 0.16082302139955207
0.10241948262959176 0.08307172008798051 0.22167946120867665 0.13229562651260257 0.09659992513393455 0.09736796981226875 0.14749975075360316 0.11906606386134232
0.13875954777422236 0.09765587787554394 0.22362001304998963 0.10523307151672842 0.12312089660828322 0.09957380728331684 0.1173270215268599 0.09470976436505558
0.11229668741134854 0.07403868398207213 0.26799028328402763 0.12401695273321152 0.09746815405187564 0.07430433377651582 0.1382696473010582 0.11161525745989039
0.10515081697181623 0.07107058819333133 0.2885196975453905 0.12422083215043607 0.09128340120669602 0.0694589573605557 0.1384969576363817 0.11179874893539248
0.10275301364937098 0.07029673279146065 0.2971066326368534 0.12348882448655563 0.08936039485408315 0.0681736358251836 0.1376808237185926 0.11113994203790006
0.10185933376105472 0.06999161274893811 0.3006010492438136 0.12310065150941629 0.08866918914041964 0.06773953742066818 0.13724803981721487 0.11079058635847466
0.10151165598673845 0.06986419418917124 0.3020105589134173 0.12293309639738738 0.08840416280201764 0.06757531658220367 0.1370612283714155 0.11063978675764864
0.1013740318350448 0.06981170303237544 0.302577310926882 0.12286426346716188 0.0882998025975889 0.06751056622950144 0.13698448479099987 0.11057783712044568
0.11905225153892555 0.0820052243155672 0.22237655858588892 0.0902096884644769 0.13827387558943502 0.10572801458621608 0.13410276076211788 0.10825162615737227
0.14173477464270615 0.09534118256773966 0.22069188407494897 0.10253417854500067 0.13339095082870492 0.09970831137709227 0.11431795727330672 0.0922807606905006
0.10161355441893956 0.1451971130587472 0.14975703296675655 0.15250155968256218 0.08972198741842058 0.14638046838000807 0.07757688036025989 0.13725140371430594
0.11021081041411387 0.07588793087829719 0.24611204793530292 0.13123395156728251 0.09299982358952266 0.08386497060932385 0.14528137902442345 0.1144090859817335
0.12289552379626137 0.08382494932688332 0.20347603674447545 0.09136825896478121 0.14141317543839996 0.11155509134620442 0.13582505362525685 0.10964191075773745
0.10923587414109229 0.07306260270209416 0.2598878540364554 0.12536823916129983 0.1025951823820495 0.07724260150573299 0.1397762308261059 0.11283141524516985
0.10471447394416576 0.0711932466599641 0.28527130801016015 0.12466568692591379 0.09273862711525026 0.07022460159830175 0.1389929375129218 0.11219911823332243
0.10277003370063442 0.07040311869797947 0.2958084758839043 0.12365829565674116 0.0897987624958695 0.06839907604755686 0.13786977142624723 0.11129246609106705
0.09377267100742963 0.14124830520804463 0.17257121475026482 0.15524235400589195 0.08171727680246044 0.13675894910456518 0.07897111051604068 0.13971811860530273
0.10746116690447972 0.07514778377111349 0.2565625896994182 0.13046019608441595 0.09061793939360283 0.08159099432913103 0.1444247998980917 0.11373452991974724
0.08289686613231408 0.12457230389409553 0.1407903845090998 0.13593393943165297 0.09544536483816946 0.16504174191434628 0.09219867196233854 0.16312072731798352
0.13455206705701564 0.10625750633399504 0.192908425894354 0.10719697951353073 0.1249544275338813 0.1181366797220495 0.1195166323829962 0.09647728156217765
0.11250651426136926 0.07600637862221954 0.2551197149426623 0.1256017029028756 0.0990276739722502 0.07865995721073955 0.1400365254752956 0.11304153261258802
0.08380461026544316 0.12453907315903602 0.14036742732990273 0.13563273445612833 0.09733438720011268 0.1635681098283011 0.09199437641372184 0.16275928134735398
0.13405448670891404 0.11154441548661997 0.191745318552553 0.10634971858531567 0.12481291735669575 0.11720639690665359 0.11857199967646388 0.09571474672678411
0.11205722972292127 0.08039434562658104 0.2539616789426366 0.12492622602807865 0.09869993611932162 0.07824356096657104 0.139283419168619 0.11243360342527077
0.10537944272072529 0.0748387959053133 0.2824296697346919 0.12444470851947223 0.09180566956642054 0.07035491280518645 0.1387465630806653 0.11200023766752501
0.10279299482358391 0.07331686207060202 0.29430516439753335 0.12332905043287098 0.08945290028855565 0.068304195025099 0.13750268757217107 0.11099614538958388
0.10172715377248245 0.07277033036291504 0.2991367240959741 0.12277737981314492 0.08855522530241602 0.06764592882061128 0.13688761600062574 0.11049964183183043
0.11890171619658413 0.08517394958760807 0.22090622070926774 0.08990996755589563 0.13805222857119406 0.10550675081137247 0.13365720550100307 0.10789196106707476
