Action: 0
[0.12343288907687328, 0.09155891191275957, 0.2815221633257038, 0.09155891191270887, 0.09156619684149288, 0.13724310310504378, 0.09155891191270887, 0.09155891191270887]
[0.16793212711219022, 0.09323447052786417, 0.2670426783056628, 0.09323447052786417, 0.09885284194282606, 0.09323447052786417, 0.09323447052786417, 0.09323447052786417]
[0.2466903366470971, 0.09133173187312182, 0.13809972762700504, 0.09133155594254135, 0.1585519800826106, 0.09133155594254143, 0.09133155594254135, 0.09133155594254135]
[0.125, 0.125, 0.125, 0.125, 0.125, 0.125, 0.125, 0.125]
[0.1657420997117949, 0.09374241804657153, 0.21521509177633513, 0.09095307290491339, 0.16148809884564494, 0.09095307290491339, 0.09095307290491339, 0.09095307290491339]
[0.10580513670037564, 0.09213613062514006, 0.30190011561028723, 0.09213613062514006, 0.10183218862839835, 0.12191803656037846, 0.09213613062514006, 0.09213613062514006]
[0.125, 0.125, 0.125, 0.125, 0.125, 0.125, 0.125, 0.125]
[0.125, 0.125, 0.125, 0.125, 0.125, 0.125, 0.125, 0.125]

Action: 1
[0.09514074009622171, 0.16159337299872745, 0.09514074009622171, 0.09514074009622171, 0.1724214463277207, 0.19028148019244343, 0.09514074009622171, 0.09514074009622171]
[0.1111111111111111, 0.1111111111111111, 0.1111111111111111, 0.1111111111111111, 0.1111111111111111, 0.2222222222222222, 0.1111111111111111, 0.1111111111111111]
[0.09404538759052945, 0.09747260293438867, 0.09404538759052945, 0.09404538759052945, 0.13566346011326483, 0.29663699899969925, 0.09404538759052945, 0.09404538759052945]
[0.125, 0.125, 0.125, 0.125, 0.125, 0.125, 0.125, 0.125]
[0.09661861043702019, 0.09661861043702019, 0.09661861043702019, 0.09661861043702019, 0.2065867399052029, 0.21370159747267597, 0.09661861043702019, 0.09661861043702019]
[0.09469956410997696, 0.09469956410997696, 0.09469956410997696, 0.09469956410997696, 0.1408422279927187, 0.29096038734741964, 0.09469956410997696, 0.09469956410997696]
[0.125, 0.125, 0.125, 0.125, 0.125, 0.125, 0.125, 0.125]
[0.125, 0.125, 0.125, 0.125, 0.125, 0.125, 0.125, 0.125]

