Action: 0
[0.095210788159424, 0.12311819495276252, 0.28329959756554607, 0.0902109919165641, 0.13752224701258176, 0.09021619655999337, 0.0902109919165641, 0.0902109919165641]
[0.12801353243320548, 0.09913069991891121, 0.1918038082442031, 0.08915605509027016, 0.08915605509027016, 0.22442773904259955, 0.08915605509027016, 0.08915605509027016]
[0.17124227578739248, 0.08976112555379935, 0.13518208876602403, 0.0897469172054966, 0.15507737007019234, 0.17949638820610192, 0.0897469172054966, 0.0897469172054966]
[0.125, 0.125, 0.125, 0.125, 0.125, 0.125, 0.125, 0.125]
[0.1255081730372135, 0.09418536325531808, 0.30634996493740696, 0.09418536325531808, 0.09721503175024725, 0.09418537725385995, 0.09418536325531808, 0.09418536325531808]
[0.22878640959944324, 0.09060655874645279, 0.13154921254313012, 0.09060622111652587, 0.1866329346448704, 0.09060622111652587, 0.09060622111652587, 0.09060622111652587]
[0.125, 0.125, 0.125, 0.125, 0.125, 0.125, 0.125, 0.125]
[0.125, 0.125, 0.125, 0.125, 0.125, 0.125, 0.125, 0.125]

Action: 1
[0.09549797371275227, 0.09549797371275227, 0.09549797371275227, 0.09549797371275227, 0.11752026782322733, 0.30949188990025905, 0.09549797371275227, 0.09549797371275227]
[0.10196178561201524, 0.10196178561201524, 0.10196178561201524, 0.10196178561201524, 0.10196178561201524, 0.2862675007158933, 0.10196178561201524, 0.10196178561201524]
[0.1204605436266343, 0.09232480585150843, 0.09232480585150843, 0.09232480585150843, 0.11522179901004732, 0.30269362810577616, 0.09232480585150843, 0.09232480585150843]
[0.125, 0.125, 0.125, 0.125, 0.125, 0.125, 0.125, 0.125]
[0.09039745991751104, 0.13642306235775137, 0.09039745991751104, 0.09039745991751104, 0.13393506721759804, 0.2776545708370955, 0.09039745991751104, 0.09039745991751104]
[0.16412490301219235, 0.09304405532079758, 0.09304405532079758, 0.09304405532079758, 0.10146518993655783, 0.2691896304472619, 0.09304405532079758, 0.09304405532079758]
[0.125, 0.125, 0.125, 0.125, 0.125, 0.125, 0.125, 0.125]
[0.125, 0.125, 0.125, 0.125, 0.125, 0.125, 0.125, 0.125]

