0.125 0.125 0.125 0.125 0.125 0.125 0.125 0.125
0.5717420537591422 0.06581384587464671 0.2238868486773374 0.025067559628738134 0.07337752666919566 0.00887184708300999 0.027948458272637887 0.003291860035291962
0.6327735041147375 0.05785666891182892 0.19866231351740002 0.017932938222703004 0.06473101876795855 0.006115974730837751 0.02005839000502276 0.001869191729511572
0.6397175008433397 0.05815158018813288 0.16774871361216004 0.015055521442057478 0.0867076214543237 0.008107030141086768 0.022442355209854128 0.0020696771090453385
0.5537070953343332 0.05095379982035765 0.27626261728043267 0.025144535733571293 0.057489286098682556 0.005446167321982581 0.028343256103560116 0.0026532423070799193
0.586433572215205 0.052235800475183225 0.24898941052848367 0.021869111971283342 0.05843262383217718 0.005369757926622644 0.02445600672718009 0.002213716323864882
0.58652583028387 0.05253876772415195 0.2480931213387378 0.021926683385127783 0.05875173873722949 0.005421492200355733 0.024512791469713597 0.0022295748608140153
0.6405005257333877 0.05740255384389482 0.16929316025465999 0.014969514167509048 0.08558792618105898 0.007902202562741985 0.02231351468785567 0.0020306025688920162
0.5827465799068471 0.11739498263114649 0.17156715997713548 0.03416834389340805 0.06042519172691293 0.012529535458521798 0.017569989664684458 0.0035982167413436206
0.5527812309467202 0.05272000245493089 0.2747203754655786 0.025830573293887663 0.05738675246161239 0.005660232911609288 0.028164763330868564 0.002736069134792309
0.5863862492280273 0.05232300717015681 0.24885836068284636 0.021892669111211033 0.05847548941365384 0.0053843285947528475 0.024461645006346264 0.0022182507930056366
0.5756285808760542 0.051568221448505876 0.2589720420445171 0.022905778400630954 0.057665187093471876 0.005321882588626505 0.025607225418446074 0.0023310821297474003
0.5648974749875846 0.050480441362962335 0.2700625449054028 0.023837681404986218 0.05645060623137348 0.005198932781359154 0.02665017286541568 0.0024221454609157063
0.5865275668178991 0.05225197272220543 0.24888970517132644 0.02186996906772009 0.05843177190768362 0.005366672622081708 0.02444971057034925 0.0022126311207346047
0.5543381295400913 0.04965692839518177 0.280264067642025 0.024815908963632012 0.05552864817595979 0.005124184884175373 0.027743626769047267 0.0025285056298876498
0.5649160454982498 0.05019500361754836 0.2708721804828344 0.023766942383650482 0.05613220031363139 0.005143892556019216 0.026571461153952505 0.0024022739941138246
0.5756542140277463 0.05125836821684156 0.25982872569982934 0.022836187714699332 0.057319925338457436 0.005261708942005885 0.025529951939988742 0.0023109181204314104
0.5543507292567308 0.04951227290865302 0.2806800129130998 0.024776352102756284 0.0553671969566637 0.005096218478991132 0.027699560651596445 0.00251765673150878
0.6515880066619587 0.05788167998223819 0.1840664734384115 0.016136520606079154 0.06472764718856543 0.005929917339643504 0.01804030424069208 0.0016294505424115846
0.6657825777884466 0.11733994417858849 0.07240916789132112 0.01240980860748926 0.10148449907909034 0.018259256166489067 0.010489431951453496 0.001825314337121528
0.5579197781609513 0.1196410123448408 0.10538769391651145 0.0223024190024021 0.13448693605423603 0.029719766870033925 0.025080655873606802 0.005461737777417465
0.5719741328119778 0.056755696574146544 0.24719132736355554 0.0241260780248353 0.06362665670209636 0.006553178223647038 0.027037261845160986 0.0027356684545802794
0.6232039110086511 0.056157613064876336 0.1856827757104108 0.016519257698467724 0.0837583026146649 0.0077876957059986466 0.02463155310982384 0.0022588910871064937
0.5643239871461465 0.051656347828440925 0.2664440398079614 0.024102910558908466 0.058280459662523015 0.005495659528613805 0.02716732575083166 0.002529269716574229
0.5835803846911005 0.1142018069827621 0.15463652884292597 0.02984396483667068 0.07771441955361091 0.01568364458201091 0.020302652813115774 0.004036597697803058
0.5942915036118348 0.12504599116191645 0.15329091043252197 0.03172563156902699 0.06267215795636094 0.013648501882280631 0.015919499221914934 0.0034058041641432586
0.5739189406265444 0.055192197609193736 0.25244619843817934 0.023901698203879676 0.05999700393463351 0.005965056501315762 0.026033460550660758 0.0025454441355928473
0.6424645891271049 0.05769466207629371 0.19167046202044932 0.016996663241053596 0.06447658237797357 0.005971077826290375 0.018990911655044514 0.0017350516757900427
0.6593982580690895 0.05999507751289293 0.17276544866765817 0.015523871167052693 0.06708713301859369 0.006274672237492236 0.017354132372650877 0.0016014069545699954
0.6545926825430208 0.11568842712994938 0.04243028636283981 0.007291498397642795 0.14368126828357133 0.02592516133734304 0.008847045651054675 0.0015436302945782236
0.589688495074103 0.1286946605046114 0.12442488594254017 0.02683262862394592 0.0880929579530177 0.019832539381066716 0.018356103991372833 0.004077728529342091
0.6181083375871945 0.06042322980501747 0.17906729674489352 0.01724245021120375 0.08843156678627023 0.008949604796304807 0.02526211236207582 0.002515401707039842
0.5748204751995326 0.05293422465710588 0.25507211402084895 0.023190745205165307 0.059724832931442394 0.005670476233263449 0.02613949214815241 0.0024476396044889213
0.5864210144820748 0.05253489304200131 0.24816799038390602 0.021928461858186754 0.05876640743338447 0.005427620285360398 0.024522040005901868 0.00223157250918419
0.6340495242854285 0.05682387061742623 0.2003216806842335 0.017745311847308497 0.06354438868631489 0.005866957055897397 0.019839248483950862 0.0018090183394401892
0.6336066072940635 0.057511569975419494 0.19890330754852348 0.01785811672716021 0.06431123542425309 0.006002742288451522 0.019964694190235513 0.0018417265518931992
0.5755419266851003 0.052294010458837685 0.25698177478448364 0.023069523407343463 0.05847844910074723 0.005464499177328651 0.02579090617845746 0.0023789102077014447
0.5834183744989653 0.114405878602424 0.15439080234662814 0.02986412051987921 0.077832194357915 0.015731774269877263 0.020311348282069392 0.004045507122241864
0.6277200138989122 0.0602765088714072 0.1724170559902171 0.016298497132080446 0.08828093700119037 0.008773968451425588 0.023897629493880215 0.0023353891608869663
0.5748740406657912 0.05298181619508687 0.25490276814214585 0.023199921789178197 0.059769778743641054 0.005676071967068874 0.026146137269444956 0.0024494652276428395
0.6512063631633169 0.058343528141616204 0.18319270041059002 0.016199533801309222 0.06526391400669154 0.006028237378346624 0.01811577140701943 0.0016499516911099301
0.5864731167566167 0.05347350907128249 0.24553516103479314 0.02211356674830465 0.05979555750797244 0.0056024234898893795 0.024721072712194626 0.0022855926789466944
0.5755647325526699 0.05166262183642917 0.2587527882530325 0.022928948727447603 0.057774539425584526 0.005343333155114459 0.025634695981436483 0.0023383400682853903
0.5682477069464733 0.11131289923970988 0.16978129419895574 0.03285034666699206 0.07572592683134578 0.01528812207712389 0.02234237998321386 0.004451324056185464
0.5687737799643084 0.11916837294597454 0.15663694530311484 0.032296852848120707 0.07962938464766264 0.017280583506064876 0.02160528455945769 0.004608796225296339
0.5843087697098538 0.056365209953834525 0.24090940403074174 0.02284455768772449 0.06183577113499813 0.006180660893802296 0.025093176299998327 0.002462450289046768
0.575430516476188 0.051849660672526866 0.2583681713962452 0.022977164159317682 0.057959453403347086 0.005384115466481287 0.025678890565567686 0.0023520278603263826
0.6427161086408817 0.05745962603558767 0.1920130458149997 0.01695544268854088 0.06425541243250131 0.005920705839667304 0.018955996792716426 0.0017236617551049465
0.5742384912440432 0.11447577407494494 0.16011729813784853 0.031543915731146864 0.07787381199027493 0.015957909179244594 0.021452523613314397 0.0043402760291823975
0.5844968966524962 0.05610824902511001 0.2413671271859462 0.022783780150958624 0.061620579702361636 0.006125598134356426 0.025051930176855648 0.002445838971915219
0.5863362859915868 0.05281327058758457 0.24751708718766996 0.021989624454761388 0.05903788076866133 0.005482036353077406 0.02457541110245764 0.0022484035542009694
0.586494754183833 0.05258454617246206 0.2479914476369224 0.021936906323501187 0.05880332575064085 0.0054318310106271145 0.024524387191407624 0.0022328017306057026
0.5648857248316708 0.05062950598317098 0.2696412440624309 0.023874689282743743 0.05661704783708186 0.0052277974820489365 0.02669142259965485 0.0024325679211981517
0.5543431918121867 0.04939729413978169 0.2810239375039228 0.024745597319380305 0.05523984404501156 0.005074941144378687 0.027665765833124693 0.0025094282022137555
0.5649310167646415 0.05017374090461047 0.27092207976030214 0.02376111852905698 0.05610778324146595 0.005139083242119833 0.026564664423216443 0.002400513134586662
0.5543690903157198 0.049361338855554174 0.2811100139250125 0.024734859182189168 0.05519849002439298 0.005066767298228659 0.02765321824019237 0.0025062221587102878
0.5865431019320005 0.05209006872177813 0.24932778921938462 0.021837376590868096 0.05825062036964663 0.005334983116345259 0.024413246590457176 0.0022028134595195284
0.6321442249006166 0.05661158169403936 0.17777017756716018 0.015718454320721 0.08440694057421128 0.007786766944054727 0.02342978334104206 0.0021320706581548763
0.5576778981399322 0.11208403247614167 0.1741815005647685 0.034621350015983786 0.07692317141714755 0.015919280628834048 0.023738663402498545 0.0048541033546935205
0.6305795439474856 0.06033729055095618 0.19554819430241305 0.018435717098417737 0.06627662110502204 0.00657314066777072 0.02027071378032227 0.0019787785476124004
0.6144037753740328 0.05601524583333759 0.19261968526345757 0.017365822627490965 0.08348737254047268 0.007832215030471794 0.0258773270503579 0.002398556280378725
0.5642948093783907 0.051587997473324904 0.2666590873908124 0.024087017165824443 0.058209226110560466 0.005484482134003907 0.027152075910756485 0.0025253044363266358
0.5648346278155586 0.05042602762491867 0.27024955692774705 0.023825509683440122 0.05640690066354212 0.005193196845137391 0.026644028318355054 0.0024201521213009065
0.5543540520343448 0.04938122117085382 0.2810623847552956 0.024740771032055575 0.055221826501642896 0.005071374401257479 0.0276603433706377 0.002508026733911937
0.5756541804719495 0.05112474491187726 0.260207276969822 0.022806620816125903 0.05717121662856569 0.005236325940630183 0.025497208211788826 0.0023024260492406664
0.5607517695672097 0.10974605644294026 0.17746417232149483 0.03432659079400051 0.07465813029586782 0.015057478500968101 0.023346126542721807 0.004649675534796754
0.6114687774699284 0.05832035572404254 0.18981979543605518 0.017840782195814645 0.08541069508223163 0.008440582599814022 0.026154579662492967 0.002544431829620643
0.5641798076240074 0.05173101405811023 0.2663590254049521 0.024126581610702167 0.058357691748627684 0.005517385400499132 0.027191415965412653 0.002537078187688754
0.5542646961502945 0.04949345269056523 0.2807831097711115 0.024773407641765364 0.05536377978182754 0.005098474888132568 0.02770444255326787 0.0025186365230353515
0.5543643121959013 0.049243496767336706 0.28145969270620236 0.024703177559672555 0.05506822260069314 0.005044843072978663 0.027618517810407556 0.002497737286807617
0.575662188717396 0.05111328123867638 0.2602335812247913 0.022803768484592802 0.057158038960656396 0.005233728570766268 0.025493869306139016 0.002301543496981605
0.5543588039310471 0.04950093485640881 0.2807072083322192 0.024772975885907607 0.055354166903026185 0.005093642381501362 0.0276956201049678 0.0025166476049218317
0.6429560263835946 0.05711380542135051 0.1927002972875555 0.01690363930757686 0.06386890596931256 0.005851117601868341 0.018898151649645274 0.0017080563790964664
0.5865024306149809 0.05331942534628026 0.24594108840724507 0.02208225111889206 0.05962193718583975 0.00557132059467042 0.02468557328345575 0.0022759734486358903
0.5831358484885472 0.1146911999699157 0.15405237756334053 0.029892265653795796 0.07802574081483195 0.01581173855009613 0.020330343419145226 0.004060485540327612
0.5629370800709739 0.05407392094086666 0.26279754163127933 0.024869011924142367 0.0593957768879103 0.005905318534722889 0.027345831170565254 0.002675518839539214
0.640418471160323 0.05735518660411251 0.16953033734093748 0.014970401522010597 0.08548837426954066 0.007898927434359947 0.022308117704274117 0.0020301839644415584
0.613438314490509 0.05637790753896737 0.19137731518765935 0.01739705944067655 0.08480003419677414 0.008022002395808121 0.026143389762522003 0.002443976987083377
0.5858783334535038 0.0536108152220343 0.24492061119085862 0.022114561508526493 0.06051481186432659 0.005707858161933511 0.024934802767842205 0.0023182058309745277
0.5648125058261758 0.050721083630317354 0.269414285476739 0.02389854121431989 0.05673680276792301 0.005250401255104537 0.026725599064894894 0.002440780764525372
0.586513032734232 0.052272167960548156 0.24884425724189904 0.02187445285940341 0.05845549163686055 0.0053713429078433425 0.02445516174442638 0.0022140929147869788
0.5756308199996696 0.05156596732597586 0.25897539060062363 0.02290514954545512 0.0576635059912705 0.005321386849572835 0.025606860227451348 0.002330919459981026
0.5648975850787455 0.050480297619590934 0.2700628453009583 0.023837640743161637 0.056450461971708034 0.0051989008964401905 0.026650134457176622 0.0024221339322186885
0.6514872402743112 0.05803902125603652 0.18375263707856343 0.016157374200271465 0.06490325013615929 0.005961044727740087 0.01806351921327892 0.0016359131136389918
0.6506915902972937 0.05930280579404078 0.18122139524925449 0.01632461411477808 0.06631264139289317 0.006209929381426188 0.018249422037530327 0.0016876017327833608
0.5864239550113217 0.05354285447154915 0.24538178499425792 0.022128791923638896 0.05987485557542712 0.005618432882414955 0.024738776924336542 0.0022905482170535634
0.5830925441689827 0.11472422316760346 0.154019382241225 0.02989609943149797 0.07804909017235105 0.015822889207658813 0.02033316518661874 0.0040626064240619686
0.5607487331326323 0.11805958061220227 0.16360789714678362 0.03393481288752527 0.07888939285497783 0.017191483850431705 0.022700098988260052 0.004868000527187016
0.5842924377155263 0.056272622353441076 0.24118260751983644 0.022828957183097274 0.061729450918364695 0.006162652445833257 0.025074105859789003 0.0024571660041120026
0.5598175666340034 0.11053998361147604 0.1765827332661523 0.03445433624296099 0.07517031134621595 0.015302081289069795 0.023425099215079022 0.004707888395042369
0.6280157205491753 0.059956165157756564 0.17312395766680222 0.016262074339394948 0.08779794776222154 0.008685769372840747 0.023840468812660588 0.0023178963391481395
0.5748942295496479 0.05295625235733005 0.25496280936694626 0.023193917351669032 0.05973764048983686 0.005669777981938375 0.026138005078687604 0.0024473678239439784
0.5864203719625266 0.05253692737878464 0.24816321210523157 0.02192893252367115 0.058768400035562544 0.005428001285863077 0.02452245994598361 0.0022316947623770506
0.5604027996525394 0.11007712150032924 0.17705354445713398 0.03437552807061653 0.07488492577744094 0.015153725019473162 0.02337986010022875 0.004672495422238093
0.5629689297551406 0.05371639529705169 0.2637945072667403 0.024785528830170805 0.05899911624603236 0.005833098165171315 0.027252129477338592 0.002650294962354491
0.5604315877111995 0.10994037004682501 0.1773320796007705 0.034366867220001644 0.0747647859169864 0.015130607027805642 0.023366283179196912 0.004667419297214407
0.5736935557765839 0.05472992033834862 0.25310200741188893 0.023758103714045943 0.060112409357446814 0.005942098205387147 0.02612394035556309 0.0025379648407355725
0.6597747281516955 0.05922262335594523 0.17440595378017554 0.01543868010492064 0.06620241128784836 0.006128105710445448 0.017254082624833755 0.0015734149841358383
0.5864644163391729 0.053600967168807134 0.24518902641222426 0.022139118207298008 0.0599369162600443 0.00562713592727232 0.02474918670598573 0.0022932329791953854
0.5648300033748066 0.05070970401670188 0.2694526248211105 0.023896445264283188 0.05670917287344644 0.005246014076803256 0.026716830239658696 0.0024392053331894403
0.564900562113812 0.050344687546082414 0.27045189813153897 0.023804239874698527 0.05629957192932953 0.005173081775913737 0.02661314028205397 0.002412818346570794
0.5756456366646846 0.051270651968260306 0.2598005369551383 0.02283923316182138 0.05733405608541267 0.0052644993062530366 0.02553352140277811 0.0023118644556516703
0.5759554733720881 0.11274921974416056 0.16221168764784455 0.03134710095594988 0.076701615380442 0.01547382499198642 0.021319340209424015 0.004241737698104443
0.5524075345351029 0.052918849794132874 0.2737341629307106 0.0258483383610373 0.05812800639312259 0.0057654957927157 0.028421704391529152 0.002775907801648993
0.5754717371602317 0.05137986353042763 0.2596632736110337 0.022872143548495726 0.057436642553466186 0.005292423230141698 0.025562507448804256 0.0023214089173988674
0.6341688374653132 0.05665097306570358 0.20067371963188455 0.017716780538388564 0.06334985917022051 0.005832177445776457 0.01980701817883451 0.0018006345038786952
0.5864906434659127 0.0532213742770984 0.24622303824619246 0.022063193293585425 0.05951333632426077 0.0055533232186821295 0.02466468355224023 0.002270407622027794
0.5930205978298605 0.11661624562398511 0.16665116594194573 0.032353599847513556 0.059501303907256615 0.012055648438955948 0.01650343371091584 0.0032980046995667923
0.5741701522211622 0.05472510801335837 0.25341297610884544 0.023784952828089272 0.0595802594147664 0.005868912123180754 0.02594378070329779 0.0025138585872998315
0.5647605689692284 0.05068153487971881 0.26964332068532454 0.023895376454915178 0.05664063581980558 0.0052412950671170706 0.026699726887670413 0.0024375412362199677
0.5865165417421494 0.05226704907042947 0.2488576219672453 0.021873410789883745 0.05844820357750204 0.0053700767184788395 0.024453402550927976 0.002213693583383085
0.5756311552400634 0.051565537344418794 0.2589764013130631 0.02290504623008896 0.05766297000556 0.005321283106502194 0.025606722271486054 0.0023308844888176436
0.5776790030621033 0.11314262087142084 0.1827754863867418 0.03537900680122227 0.05772767080577215 0.011652402822787646 0.018046747916796255 0.0035970613331559056
0.620723590022254 0.05887811754062961 0.18233661317091213 0.01703945768636118 0.08546721525718688 0.008384182680934492 0.024778497212954095 0.0023923264287677884
0.5536385882765016 0.0508442359717744 0.2766859541146499 0.025120112049465824 0.057336144498809846 0.005426627999282444 0.028302623567280926 0.002645713522235022
0.5755532980384861 0.05125556079253503 0.25989742232987945 0.02283829015628307 0.05733496373417743 0.005267660605455184 0.02553975409462755 0.002313050248556074
0.5649141327256293 0.0504553809020071 0.27012148654153445 0.023830834329160465 0.05642232043243796 0.005193346296744491 0.026642395055539836 0.0024201037169463966
0.6342624149624542 0.0565022110297805 0.20098158734741411 0.017692482371773795 0.06318459960159742 0.005802923901038045 0.019780179674001103 0.0017936011119408124
0.5648592599606908 0.0512472006675333 0.26787809535381646 0.024027535427016338 0.05730543606181295 0.005345987681358401 0.026861212796304205 0.0024752720514675643
0.5648702825746552 0.0503883833216178 0.27034906429436717 0.02381617173695979 0.056349685968535866 0.005182947398837698 0.026627038355580408 0.0024164263494460612
0.6240288048474235 0.05558395257080163 0.1867607548639084 0.016429496686111343 0.08287683391074467 0.007610503071584908 0.024490560516308022 0.002219093533117595
0.5643621233930944 0.0516122818936533 0.26654834351679574 0.02409144971652106 0.05822435762533188 0.005484563774844711 0.027151593096838247 0.002525286982920669
0.5648338085153699 0.05042813093416197 0.2702445088988081 0.02382610171225845 0.05640897688425795 0.00519359959914379 0.026644571551993037 0.0024203019040069003
0.5838675691943446 0.11399299839183417 0.15485614329615857 0.029820861104139958 0.07754933304143047 0.015609262447141243 0.020281449378036446 0.004022383146914737
0.6305709921277689 0.06052072621886853 0.19508022759672616 0.018459022150431405 0.06648165296441542 0.006603864632760978 0.020297797092762318 0.001985717216266254
0.5863082792330523 0.053468835260303486 0.24571699525995827 0.02211968056806577 0.05976954487518103 0.005608864759946902 0.024720254165536876 0.002287545877955283
0.5678245028116012 0.11170341803255747 0.16931733839202928 0.03290282801676147 0.07599296042305362 0.01540367741600296 0.02237844905280311 0.004476825855190777
0.5611742308121817 0.11763179548800856 0.16413691846197437 0.03388474983762201 0.07859951543401988 0.017065961811079212 0.02266540716269157 0.0048414209924226
0.5521541722948906 0.05314998992937648 0.2733780725819154 0.02592586234758068 0.0583065000218952 0.005817683969449244 0.028471790546163195 0.0027959283087290597
0.6426367589152718 0.05739512813734792 0.192274364552387 0.016952171701653796 0.06415920757003676 0.00591410961086358 0.01894591697389129 0.0017223425385478645
0.6421355966424014 0.05839934816292459 0.19008934507975025 0.01709388326622135 0.06530243977100549 0.00610482635860826 0.01910966366895657 0.0017648970501322448
0.5647925455173092 0.05144189654761072 0.26736788203547734 0.02407749388270922 0.05752547093550147 0.005386666201015922 0.02691807500965733 0.002489969870718676
0.5755828002442693 0.0513607184781749 0.25959384203700586 0.022861564302598312 0.057437637350617674 0.0052849526595344105 0.02555968363281943 0.0023188012949801806
0.5543447321032098 0.04951992685123947 0.2806619761240258 0.02477862996165749 0.05537610411602826 0.005098005833883473 0.027702270454890904 0.002518354555065012
0.5543635368637977 0.049245692621409 0.2814544055432982 0.024703860428998754 0.055070266610071236 0.005045246798444611 0.027619092430425433 0.0024978987035550494
0.5841834946171808 0.11368538240747499 0.15521510232494035 0.02978986493033294 0.07733909866269313 0.015521098728582882 0.020260147036979436 0.004005811291815398
0.5629827062172637 0.05401413468813693 0.26292169758265643 0.024852609583575467 0.05933599643858946 0.005891721331275133 0.027330440088484308 0.002670694070018633
0.5863483731090837 0.05250788278525184 0.24835550285706154 0.021929182486933225 0.05869760356387139 0.005422949144609545 0.02450831040096854 0.002230195652219997
0.5680076257942307 0.11156210372059637 0.16946804117569986 0.03288207363330667 0.07589372203575329 0.015356626139286247 0.02236347216331848 0.004466335337808331
0.5845674828900419 0.055898312703223915 0.2418736785542521 0.02274144996632429 0.06139721913965313 0.006081177097767987 0.02500818923045381 0.002432490418282888
0.5863477831233157 0.05279679503784243 0.24755352768272948 0.021985958930712056 0.05901921103510174 0.0054782772577574345 0.02457121358930863 0.002247233343232309
0.5756020422332143 0.051606574320930326 0.2588834519608763 0.022915193431803652 0.0577096469679218 0.005330646122494418 0.025618400934701732 0.002334044028057346
0.5865128084600746 0.05241529227477111 0.24844714268147305 0.021902796886920938 0.05861443344474812 0.0053985996257073865 0.024486408619836985 0.0022225180064680996
0.6405162603979099 0.05739212009563821 0.16931121738990154 0.014968160229612802 0.08557194008505674 0.007898939108507391 0.022311391671265092 0.0020299710221084845
0.5537540114017835 0.05089696239588408 0.27640130861823287 0.025128318960918338 0.05741789977077928 0.005432107390048526 0.028321573605714898 0.0026478178566385615
0.5864372748575651 0.052231044918833985 0.24900002375506305 0.021868058556410084 0.058426921779699534 0.005368630682050335 0.024454681382889722 0.002213364067487952
0.623748900145064 0.05587264296257083 0.18612587121423357 0.016470790200906936 0.08330644894473188 0.0076872838373093465 0.024551858417563806 0.0022362042776197175
0.6136642230306902 0.056147397619592136 0.19189026529142975 0.017360717599843783 0.08445806522037809 0.007959871383100694 0.02609024341063572 0.0024292164443297276
0.6499274348579323 0.05944916724332991 0.1807492579817612 0.01632543404745462 0.0671024426399163 0.006326551072790375 0.018407756217112613 0.001711955939702812
0.6419125916470968 0.05863567847764485 0.18964449966311145 0.017129740138529248 0.06558741844639837 0.006157968703040137 0.019155296292842183 0.0017768066313371955
0.5816751513626526 0.11615735421613745 0.15231723253462098 0.030037262380969102 0.07902217788364337 0.01622436154391108 0.020428654168697172 0.004137805909368194
0.6109478234480298 0.05878705704414353 0.18885721528596924 0.017913873369478472 0.08608448006152652 0.008574849326512663 0.026258951118335823 0.0025757503460038167
0.6216882244654034 0.05704685173888484 0.18339454873066832 0.01662355844393302 0.08581209127362671 0.00811986518132797 0.024982061226530475 0.0023327989396251907
0.564247569768803 0.05173958448123623 0.26623145803323217 0.02412358112142576 0.05840055159734372 0.005517978976113476 0.02720198203414171 0.0025372939877040483
0.5542635138894292 0.04949543244306526 0.28077698825116276 0.024773934402191715 0.055366888467793265 0.00509896674088673 0.02770544340426934 0.002518832401201845
0.5841316632028923 0.1137244377516676 0.15517585873548329 0.029794436633914814 0.07736725172003252 0.01553436261575358 0.020263639128565807 0.004008350211690107
0.647734726994299 0.06214840136132194 0.17796404049131978 0.016809993248915578 0.06827148390856556 0.0067793212889515975 0.01848691968032035 0.0018051130263062349
0.5599948950304442 0.20972039968803569 0.03632401335948393 0.013213639962867963 0.12322028259624004 0.047144509309048586 0.007580955703622836 0.002801304350256658
0.5495291698003546 0.12750989327181197 0.15450456012031888 0.03527358539411496 0.08413148211356639 0.020234797880326786 0.02330761448946338 0.00550889693004312
0.5838603129381957 0.056845111546714386 0.24009671883613282 0.02296003731987836 0.06226771321215884 0.006291015783237815 0.02518316226956759 0.0024959280941145947
0.6316377432137517 0.05695288784546485 0.17721290127436556 0.015769841756631146 0.08488314106325603 0.007891356595818532 0.023498259462357302 0.0021538687883551734
0.5643154913819776 0.051774820449331294 0.26611034803846895 0.02413210593882233 0.05841180795120729 0.005518714993758958 0.027199184220584458 0.0025375270258493334
0.554262512043248 0.049497954312874376 0.2807712929009249 0.024774734995811596 0.05536903696748834 0.005099423968853244 0.02770603042769281 0.0025190143831067113
0.5543640395857382 0.049243851185648835 0.2814588492768371 0.024703283599212613 0.05506863696899379 0.005044925083673373 0.027618644826312905 0.0024977694735831336
0.56493994120582 0.05016127826528835 0.2709512240726774 0.023757704273233992 0.05609345169948859 0.0051362521809069995 0.026560671123762085 0.0023994771788225463
0.640854131215709 0.05706084856829357 0.16999984076793306 0.014930248750954209 0.08507792502840415 0.007809269697134798 0.022254883122952082 0.0020128528486192216
0.5726792856323143 0.11530456161224314 0.15880879180834945 0.03159295584250586 0.07912781320537542 0.016397717313735044 0.021658681860663505 0.004430192724813148
0.6275680012313636 0.0603241620422781 0.17239879301222008 0.01630821151640677 0.08835246077803191 0.008796390579666503 0.023911883828977857 0.0023400970110551787
0.64096622420546 0.05907701366293032 0.1886247182104189 0.017179000584129033 0.06664646378001339 0.006329666118415737 0.019361698025894592 0.0018152154127379554
0.5587327909242749 0.11167154219771688 0.1750537002643851 0.03460812778238759 0.07598998087124334 0.01561771931628594 0.02354382877292829 0.004782309870777933
0.576288830875081 0.12075437860348959 0.14912524808938976 0.030715886509790388 0.08067227196698526 0.0175185373399768 0.020544693847831537 0.004380152767455746
0.5626933482936805 0.054398560138066675 0.2621761271717867 0.024960949285920485 0.05967947845074455 0.005975928908506602 0.027415139118289557 0.0027004686330051415
0.5863277530008446 0.052535992455925794 0.24829652424893203 0.021935623357099608 0.05872766601381654 0.005429272969358912 0.024515003406792565 0.002232164547230035
0.5648884193751178 0.050623971796227824 0.2696559494554568 0.02387323607964137 0.05661019971535135 0.0052265901931767686 0.026689511995442103 0.0024321213895859535
0.6156556764849401 0.05486030252601583 0.19506702944087398 0.01717649604279709 0.08179861814746577 0.007514841921872746 0.025604590325822296 0.00232244511021223
0.5643685723469327 0.05149830575607565 0.26687189531590444 0.024063480084461 0.05809722598918227 0.005462414350962415 0.02712075253824668 0.0025173536182348443
0.5755639977984608 0.05137615357715261 0.2595469177832358 0.022864466524506577 0.05746915414612074 0.005290075230830589 0.025568711127676974 0.002320523812015755
0.586525123563276 0.052396279109995836 0.2484898642443568 0.0218985379522459 0.05859304856493286 0.005394363027970448 0.024481593415318467 0.002221190121903815
0.5648961311511477 0.05061481516125935 0.26967564198141974 0.02387070322033374 0.056600156302015044 0.005224444392602256 0.02668676062340956 0.0024313471678127124
0.5756302809890405 0.051292941103642326 0.2597492686317437 0.022844760129768927 0.057359649218988534 0.005269543761452265 0.025539980047523614 0.002313576117840377
0.5836165656390861 0.11425307294217106 0.1545443049494356 0.029846259780198246 0.07772476919899252 0.01568088447397823 0.020298353393931816 0.0040357896222063825
0.5845705686172974 0.05612286778094725 0.24124895767155224 0.022782037909456966 0.061649002762091884 0.006125852747841108 0.025054947077513545 0.0024457654332994297
0.6509711921782665 0.05863750060531151 0.18269741020250477 0.016242803005344583 0.06554896368800198 0.006086856423245666 0.018153136145652563 0.0016621377516722045
0.5663477617150964 0.11322264350286265 0.16740982645506675 0.033096888136989015 0.07702148858039348 0.015823437477850418 0.02250899550275758 0.004568958628983694
0.5844900469001424 0.056003046409909545 0.24166537722403378 0.022765150825103993 0.06150176245125135 0.006104827266162702 0.025030100271323633 0.0024396886520727324
0.6509838896173599 0.058626021487809994 0.18271673851168294 0.016241121109779984 0.06553538001853662 0.006084205953110116 0.01815106408494385 0.001661579216776565
0.5755533286623221 0.052497767191027535 0.2563963924510595 0.023114295637808212 0.0587040605279358 0.005502514263753476 0.025840017175846736 0.002391624090246557
0.6599478947208074 0.059066235482735006 0.17461925846744608 0.015416115797700173 0.06605455065539335 0.006093926673864675 0.017235198717989925 0.0015668194840634108
0.6592498949261277 0.060241255700313384 0.172274436120108 0.015552464403162814 0.06736243378710308 0.0063228114285361625 0.01738607492359331 0.001610628711055526
0.5864118288955921 0.05367523566417587 0.24502332304795363 0.022155301246716812 0.060022937647893466 0.005644388598684157 0.02476841709137884 0.0022985678076054127
0.6152319503441609 0.05524124157235214 0.19425168165476409 0.017238718910420597 0.08236950378671001 0.007620809867452412 0.025698176309778404 0.0023479175543613963
0.5643438662933842 0.05152815175434963 0.2668007997502485 0.02407129277676868 0.058134801547520966 0.005469791238724322 0.027131285058637048 0.002520011580366749
0.5755620951144943 0.051378569351543384 0.2595414036723512 0.02286505865178274 0.057472052577018644 0.005290649161655713 0.02556945391867567 0.0023207175524782454
0.5835987042809779 0.1142661598598423 0.1545310499342329 0.029847747934885527 0.07773459361528623 0.015685492412345632 0.020299585704395468 0.004036666258034188
0.6563215610554801 0.06301247117103848 0.16928665275086624 0.01598660811441733 0.06921692530680275 0.006877975064644882 0.01758153705396447 0.0017162694827856863
0.5753872611220864 0.05283357168928506 0.25561330243440467 0.023195381854160514 0.05905857558224548 0.005574069420132886 0.02592236042357272 0.002415477474112321
0.5755524012354615 0.05154015412595368 0.25910994837230383 0.022902367875821995 0.05763834636437966 0.005320684718845936 0.025605316490724096 0.0023307808165092974
0.5648986658767409 0.05047779635062311 0.2700691433867569 0.02383695908014381 0.056447708531829975 0.0051983913389419675 0.026649390375739334 0.0024219450592240913
0.5756380707110482 0.05128163747332899 0.25977526619796415 0.022841957074708943 0.05734667040135441 0.005266985454079715 0.025536704645925595 0.002312708041590164
0.6427717816565558 0.057411827986071653 0.1920903667692547 0.01694749701491975 0.06420098127829145 0.005909570352104791 0.018946836300237215 0.0017211386425645394
0.5542688714758546 0.050410941162171805 0.27809852494323806 0.02502242034886836 0.0563703353664048 0.0052700361574037225 0.027973748885129306 0.002585121660929252
0.6157018082335599 0.05477876872558531 0.19527244658764134 0.017164691554249184 0.0816803562003095 0.00749595036767708 0.02558798287812733 0.002317995452850278
0.6221473442175365 0.056762891644285995 0.1838802347841983 0.016578074490791125 0.08538081660445086 0.008026480720319298 0.024912137294747224 0.0023120202436708883
0.6585158075402215 0.06035656708420971 0.1718644622262384 0.015546736954290742 0.0681233386345178 0.006433291434393631 0.017527914528997067 0.0016318815971309631
0.6543910513775101 0.11571314194432805 0.042375382221128806 0.00728475345618526 0.14386928011250336 0.02597692174518022 0.008845398139245852 0.0015440710039183335
0.5632751450415134 0.12294200130268268 0.15097214043928694 0.032520080958272725 0.08415951911331816 0.01894909150906458 0.022246517941884245 0.004935503693977124
0.6185317322572028 0.05999733833062028 0.17998716566858416 0.017186494075729326 0.08780040186661416 0.008829386479309745 0.025177777995922898 0.0024897033260165855
0.5723410776601249 0.11543783728693731 0.15877422778763206 0.031618036584906785 0.07922953602441629 0.016474350340038496 0.021679010029698558 0.004445924286245547
0.6275531684841932 0.06033295653629325 0.1723862283331123 0.016309491200736492 0.08836448763197 0.00879943751228756 0.02391352693499835 0.0023407033664088724
0.5535663573884588 0.05102215000847895 0.2761890298880261 0.02516798956294908 0.05755960304927281 0.005466736091613442 0.028367009343311968 0.002661124667888735
0.5755420385702785 0.05127065793064682 0.25986247450343425 0.022842000140636493 0.057353013292206115 0.005271188197992525 0.025544381354225307 0.002314246010579966
0.5683225144122611 0.1112547106506013 0.16984310828668608 0.03284172119837176 0.07568561949219528 0.0152689729203397 0.02233630828544158 0.004447044754103363
0.5524176849271433 0.05280443663302136 0.2740599962975337 0.025818834888566195 0.05800084286340133 0.005742447884465186 0.028388511743248128 0.002767244762620666
0.5647570929931853 0.05041333135759749 0.27040167444039725 0.023828779293106995 0.05635588297324372 0.005191709324914316 0.02663182966117746 0.0024196999563773688
0.6514952745364321 0.05803140306117087 0.18376617442381768 0.016156268135362643 0.06489393522680734 0.005959319626839565 0.018062079371202897 0.0016355456183667217
0.5996659095844739 0.11978223348831327 0.15693865595245168 0.03096557224938371 0.061111850679969396 0.012542903366037084 0.015793964653615173 0.003198910025755842
0.6285516439406745 0.06014396656248577 0.17305811937393337 0.016308361753420715 0.08728805609797743 0.008630069518405756 0.02371335698439444 0.002306425768707976
0.5723064454847528 0.11554087194562922 0.15864089765712852 0.03162972886844185 0.07926710966306649 0.016487831965925546 0.021678581851649406 0.004448532563405984
0.5735355371075441 0.055145488851793746 0.25206731074815747 0.02385057860181803 0.060573692836951014 0.006032638663656195 0.026227304754121907 0.002567448435957648
0.6338488914180983 0.05693392665096684 0.2002303968408035 0.017769631281066456 0.0636451002220254 0.005895845603787107 0.019860108477535453 0.001816099505717242
0.6230526573478878 0.056561278937914655 0.18463450546988158 0.016570445442372385 0.08433106282907413 0.007872678338324182 0.024699782030889756 0.002277589603655375
0.5859322876892779 0.053669866167840315 0.24474352684225836 0.02212629404392817 0.060555505140897505 0.005714260329574102 0.024938121782364885 0.0023201380038587187
0.6235388549936236 0.055999890444197446 0.18588552017847343 0.016490540012084522 0.08352148468014944 0.007729771205424713 0.024588158380910646 0.002245780105136398
0.6219659317272108 0.056918996591957066 0.1835517380433523 0.016600670601726278 0.08562149603164836 0.008071497240528155 0.02494767039757501 0.002321999366001816
0.5642563873087325 0.05173035371925823 0.266252538486551 0.024121182763906086 0.058388818206493054 0.0055155831017404695 0.027198696097596266 0.00253644031572238
0.5648258612144793 0.0504378636308048 0.27022140433991704 0.023828702688551084 0.056421054133028344 0.0051959557457295314 0.026647999345414654 0.002421158902075167
0.5756395852508005 0.05127832200177153 0.25978289082641914 0.022841107584922544 0.0573433661356659 0.005266328474384558 0.02553591722056613 0.0023124825054698923
0.5865313365527137 0.05238820836269965 0.24850801220734836 0.02189676723008938 0.058583302951707245 0.005392442908235483 0.02447933809789782 0.002220591689308417
0.5865183141282576 0.05255148404343809 0.24806424400069768 0.021929531291942802 0.05876580049187831 0.005424261762108868 0.02451592018922951 0.002230444092447069
0.6599401834585497 0.059145949483216 0.17443001341480316 0.015424023674427936 0.0661405462982612 0.006106794996166916 0.01724326203557253 0.0015692266390026838
0.6924778040936038 0.12227681846779626 0.04495217816195143 0.007719713751270236 0.10583030404872003 0.019075936929161375 0.006528942622484168 0.0011383019250127606
0.5479857369906531 0.2164807644945999 0.03191991546291645 0.01216684139249617 0.12930134391688333 0.05234473274156913 0.0070642058952956575 0.0027364591055861315
0.6280256271357532 0.06705372091682105 0.15489007993145718 0.016237078775945917 0.09698177814560868 0.010738016732165562 0.023520251717843742 0.002553446644404663
0.5709313780891201 0.11658565818078526 0.15752417244637082 0.031755537341742975 0.08004471948093521 0.016855281441009076 0.02178059525880328 0.004522657761233195
0.5734828756786818 0.05521145919379536 0.2519336265260097 0.023866884733097095 0.06064141902577499 0.006048049155674555 0.026243190689915298 0.0025724949970509802
0.554154151700233 0.04978055710228656 0.28007931192553254 0.02485825792701486 0.05564852900492453 0.005155668543494454 0.027782671757387467 0.002540852039126679
0.5543484491270628 0.04926497551830151 0.28140987965974074 0.02470968419210569 0.055092008045545336 0.005049676760257534 0.02762569394184543 0.0024996327551408725
0.5756608922039366 0.05111496945075623 0.2602298100019384 0.02280419017750238 0.05715997983971236 0.005234119503377056 0.02549436298879358 0.0023016758339833884
0.5865405967749372 0.05237471913499865 0.24853834089252042 0.02189376587376714 0.0585677675228429 0.005389371985447266 0.02447580688896758 0.0022196309265189998
0.5756253412237202 0.051574377195980146 0.25895587073255405 0.022907222109351734 0.05767310156232184 0.005323271553005965 0.025609257735394606 0.0023315578876714534
0.5543330897975259 0.049536907901513105 0.2806209808316693 0.024783687621600495 0.05539552671192532 0.005101824141749163 0.02770813079365466 0.0025198522003618035
0.5756450913347259 0.05113764332646326 0.26017774279517913 0.022809830933796616 0.05718604854310543 0.005239254349816915 0.02550096794663328 0.0023034207702795893
0.5865392472020956 0.052376518106376536 0.2485343691584661 0.021894166063017865 0.05856986064246399 0.005389791348277938 0.024476285805894324 0.0022197616734075834
0.5756581708451217 0.11304406749319794 0.1618564848765266 0.03138092263044061 0.0769020834836031 0.015557242460997062 0.021342303110720696 0.004258725099392361
0.5609861173897398 0.11782664222598037 0.16389053059321235 0.03390693489727411 0.07873295445592614 0.017122302453281925 0.022681195644137318 0.004853322340447805
0.6474078925497726 0.06233373034068637 0.17788689727884155 0.01684812406394481 0.06837994549118986 0.006824520298554781 0.018504320786050413 0.0018145691909597565
