0.125 0.125 0.125 0.125 0.125 0.125 0.125 0.125
0.099626400996264 0.07845579078455792 0.199252801992528 0.15691158156911583 0.08685378548392246 0.06839735606858895 0.17370757096784492 0.1367947121371779
0.0745303753200788 0.12421729220013136 0.1056354961590544 0.1490607506401576 0.0931629691500985 0.15527161525016417 0.11179556298011822 0.186325938300197
0.06953327073848203 0.10855049751426352 0.06423375909769509 0.09769544776283716 0.1302605970171162 0.21710099502852703 0.11723453731540459 0.19539089552567432
0.08769198837691987 0.1551473640514736 0.07644942576449425 0.13525667635256675 0.10523038605230385 0.18617683686176836 0.0917393109173931 0.1623080116230801
0.10417042836988986 0.07587993942431305 0.20633702347417932 0.1517598788486261 0.08400221214250364 0.07754260933103731 0.16800442428500728 0.13230348412444326
0.09999515720067144 0.151704984231663 0.11011984663570688 0.1365344858084967 0.11377873817374726 0.2035452321082444 0.10240086435637254 0.08192069148509802
0.07230338959102273 0.12792138158411714 0.09037923698877841 0.15990172698014643 0.09565145019228496 0.15350565790094056 0.1084550843865341 0.1918820723761757
0.0764058474579293 0.11922744168135999 0.09872117293230714 0.143072930017632 0.08942058126101998 0.18700616661448755 0.10730469751322401 0.17884116252203996
0.0933381590286115 0.14492205503847078 0.09134809012289948 0.1304298495346237 0.1086915412788531 0.25519000812479953 0.09782238715096779 0.07825790972077422
0.07185692853327989 0.1271314889434952 0.08982116066659987 0.158914361179369 0.10123564772989913 0.15255778673219422 0.10778539279991986 0.19069723341524278
0.0750782773926263 0.11709420058008141 0.09705929069981424 0.14051304069609769 0.08782065043506106 0.20140845880412384 0.10538478052207327 0.1756413008701221
0.07330888773976438 0.1137915204200578 0.0956981433438936 0.13654982450406936 0.09270407493341264 0.2148479000506635 0.10241236837805202 0.17068728063008667
0.08595632010178478 0.1520765663339269 0.07493627906309441 0.13257957065009016 0.12294036459457001 0.1824918796007123 0.0899235348757133 0.15909548478010815
0.11048760075320628 0.09228484835550704 0.1381975804295703 0.09618043680250288 0.14279367345379268 0.14716295419831943 0.15266736000397282 0.1202255460031286
0.08464946886745832 0.14976444491934932 0.0737969728588098 0.1305638750578943 0.13627488689322423 0.1797173339032192 0.08855636743057177 0.15667665006947315
0.09834245677587378 0.08213098265915984 0.20499371495676186 0.14270499475678716 0.09813236021702594 0.0913057126500614 0.15798029537584904 0.12440948260848113
0.07470136332201989 0.12265298672668352 0.11985247755178949 0.1359409075092002 0.09976500256298489 0.17520544730892162 0.10195568063190016 0.16992613438650028
0.060686029757541976 0.10573581886489704 0.0648498380852641 0.08459015725556679 0.13886081765164615 0.27458883516727023 0.10150818870668013 0.16918031451113358
0.061499956456769894 0.10880761526966982 0.05361534665461991 0.09485792100432754 0.1666573947573784 0.21761523053933965 0.10723069330923982 0.18971584200865507
0.06811524275853321 0.12051158334202032 0.08514405344816653 0.1506394791775254 0.11778845265906315 0.17486094946386097 0.10217286413779984 0.18076737501303045
0.0710345516523654 0.1242935770277829 0.09542168080782709 0.13286095743753956 0.10872222558740616 0.2019450926119999 0.09964571807815466 0.16607619679692442
0.07383021801987792 0.12294400866168705 0.09604300869879862 0.13072119045191224 0.10542067519438965 0.20959851806951 0.09804089283893418 0.16340148806489027
0.07360214520544175 0.12185752183641572 0.09547248723922357 0.12962665027616407 0.10397935267041865 0.2162085422200081 0.09721998770712306 0.16203331284520509
0.08216206191950004 0.14536364801142315 0.07162846423751286 0.12672728288175356 0.12610779987828788 0.209983846528403 0.08595415708501543 0.15207273945810423
0.1012309903199782 0.0797563081888792 0.20578792021173797 0.13840068618718018 0.10277149697050422 0.09818034079894046 0.1532152488519048 0.12065700847087503
0.07833235711972947 0.11921586390574378 0.123158499107932 0.13206678969815552 0.10538869882975375 0.17770421194237435 0.09905009227361665 0.16508348712269438
0.09115566284938366 0.14930036171804129 0.09553351403746882 0.11945438037112525 0.12790384736970764 0.25538882015325426 0.08959078527834395 0.07167262822267516
0.07833955105441474 0.13860074417319532 0.06829601886795131 0.12083141799714466 0.1274679903799384 0.23951135328924025 0.08195522264154158 0.14499770159657357
0.0907826649307935 0.07328239217305016 0.181565329861587 0.14656478434610032 0.11102040974527393 0.10146731615627647 0.16340879687542828 0.1319083059114903
0.09960974851798078 0.07238918883521302 0.253883888222497 0.13455350766170565 0.09660647693372815 0.07669786778930965 0.1489562640780787 0.11730305796148699
0.07788056046618574 0.11786985093282441 0.1370158329366432 0.1314036735779336 0.1037398873808937 0.16928284754965214 0.0985527551834502 0.16425459197241696
0.09086362134726059 0.14872809208834942 0.09985179071690979 0.11905782861260024 0.1290977183736314 0.25167288023423817 0.08929337145945018 0.07143469716756014
0.06452609796985863 0.11416155794667295 0.08875166584990114 0.14270194743334116 0.10603645885339058 0.21579078807203828 0.09678914695478794 0.1712423369200094
0.09737284626409719 0.07670990362758233 0.21867132980879994 0.13695100779870423 0.09991400068637511 0.09937733024451868 0.1516103952838728 0.11939318628604985
0.07710996760717065 0.11757994784838668 0.1299264696617012 0.13049452374545206 0.10613236913164935 0.1777676745147359 0.09787089280908905 0.16311815468181506
0.07345276646484243 0.12033905411682078 0.10724207853068408 0.12841240721991085 0.1059503962084844 0.20777848301943572 0.09630930541493314 0.16051550902488854
0.07247945623916528 0.11976564342430235 0.10125823806696298 0.12742919553624402 0.10516617146336293 0.2190429041974743 0.09557189665218303 0.15928649442030504
0.07666136636221474 0.135631648179303 0.07357174639822285 0.11824297533580262 0.11942436373291017 0.25437674631734347 0.08019958327124004 0.14189157040296316
0.08867488529494737 0.07158093150315029 0.1905863660524736 0.14316186300630057 0.1073379734086236 0.11019751049792885 0.15961479353090527 0.12884567670567051
0.09770445372435779 0.07104683959692502 0.2636554274198735 0.1321358039126317 0.09667417367729574 0.07730821879418474 0.1462797666432064 0.11519531623152506
0.07705952119133314 0.11670542875613607 0.14183581662458103 0.13016801408957432 0.1052761212138283 0.16861906994539833 0.09762601056718075 0.1627100176119679
0.07347666185864515 0.12028566644237325 0.11067059616281379 0.1284368797165692 0.10580724981859413 0.20444918656786612 0.0963276597874269 0.16054609964571148
0.07247798439714574 0.11975168104024406 0.10250862225152386 0.12740821063882404 0.10513650716794644 0.2179005732266676 0.09555615797911803 0.15926026329853002
0.06416253843592393 0.11351833723278848 0.09484461253508417 0.14189792154098563 0.10027752627376871 0.21877775047838025 0.09624380765388589 0.17027750584918272
0.0714224581765422 0.1190820658386704 0.0988017782068618 0.12757721189503948 0.10424647993507503 0.22371558215773213 0.09568290892127962 0.15947151486879935
0.053789823462101205 0.0951666107406406 0.05517400815915518 0.08296576320978924 0.1399494690652823 0.31323541444543024 0.09378738449802262 0.16593152641957848
0.06109240820018435 0.1080865683541723 0.08418838459796586 0.1351082104427154 0.10407578157278903 0.2536801820006381 0.09163861230027653 0.16212985253125844
0.06299470989734333 0.1114521790491459 0.09071024240204832 0.13931522381143238 0.09853029464040433 0.23532701677989173 0.09449206484601501 0.16717826857371884
0.06350843743225514 0.11236108161091293 0.09229430457607316 0.14045135201364117 0.09794965849378663 0.22963088730857892 0.0952626561483827 0.16854162241636939
0.09666516925395666 0.07615215752034935 0.22181323715412204 0.13609321920145662 0.09799650240323884 0.10197355583542253 0.15066078804556857 0.11864537058588528
0.07676056556660896 0.11707247952606907 0.13178392822315604 0.12995819546150122 0.10576136871155875 0.17874707158810352 0.09746864659612592 0.1624477443268765
0.07323434325935879 0.11998649994310621 0.10829730160549621 0.12805206572283984 0.10609762554492022 0.20822803247859925 0.09603904929212989 0.16006508215354978
0.08052873512912899 0.1325459583615729 0.07806678659850338 0.11555288677675586 0.11767817440699312 0.2585889931289652 0.07837500146597354 0.138663464132107
0.09374382218986234 0.06981977876442849 0.19777119127782938 0.13963955752885698 0.10499634942154612 0.11266601325933215 0.15568768578217337 0.12567560177597126
0.09776695866217817 0.07036439506174962 0.26836606162940474 0.13103412126749522 0.09591340526966521 0.07726002449023055 0.14506015866812658 0.11423487495114969
0.10588438323560885 0.07767538520149078 0.19565367443618112 0.09709423150186347 0.14784950775414502 0.11499264368659999 0.14433709638187467 0.11651307780223616
0.0925531904448637 0.06729156272952133 0.24397328394106985 0.13458312545904266 0.1084972781931849 0.0819266049491718 0.15005014137000725 0.1211248129131384
0.10446859372298911 0.07695162240288388 0.1968892102122973 0.09618952800360484 0.15165186173649134 0.11542955644936234 0.1429921938680454 0.1154274336043258
0.09753325199248326 0.06584427769206777 0.2512262136410304 0.13168855538413554 0.10769240421783684 0.08067268547754601 0.146822911749178 0.118519699845722
0.07511115774127601 0.11249143760502701 0.1374505792123781 0.14061429700628375 0.10140509198763083 0.16881710467908012 0.09537317536078377 0.16873715640754047
0.09695379172097167 0.07493836178907524 0.24276952426951878 0.13393105354438326 0.09718835282877746 0.0891913284102402 0.1482671817829558 0.11676040565407769
0.07818700736501936 0.11218077112361131 0.1352718205440084 0.14022596390451414 0.09874239273188198 0.17201110343205125 0.09510978421349654 0.16827115668541695
0.09749301015357772 0.07495537617957661 0.24193232913457172 0.1339981401812836 0.09663561371542626 0.08982518974773304 0.1483414494477376 0.1168188914400934
0.0686463393778693 0.09838975939871003 0.08262500931836007 0.08577568768092668 0.14414870528942575 0.251899302716155 0.09696382085669973 0.17155137536185336
0.1271577901789948 0.08791776738642679 0.16937723577308442 0.10989720923303348 0.14195666825946981 0.14225865384869932 0.1225271870105612 0.09890748830973012
0.10934138671817442 0.06509026256911467 0.24286120347859944 0.13018052513822934 0.10495515919606328 0.08526741971084931 0.14514157056456314 0.1171624726244064
0.10356719900483921 0.064201422307943 0.27685982351251 0.128402844615886 0.09489177136385618 0.07335478959579232 0.14315958944487586 0.11556256015429739
0.13513532654510824 0.08473004601276349 0.24440095715520824 0.10591255751595435 0.12240158060930208 0.09401363268921833 0.11808459770808642 0.09532130176435892
0.1097254059084801 0.06288674174305751 0.276937731936815 0.12577348348611503 0.09741285282332529 0.07383960095854243 0.1402280480061611 0.11319613513750354
0.103451081044803 0.06292305656039085 0.29261507017782695 0.1258461131207817 0.0915977241940596 0.06999642846474204 0.14030902462869244 0.11326150180870354
0.10148750211593001 0.06260231230299751 0.29960291551215373 0.12520462460599502 0.0898694772066297 0.068955193303916 0.13959381280698252 0.11268416214539553
0.08136847621851395 0.11046977260625249 0.15277979236338912 0.1380872157578156 0.09609532845133321 0.16183560065758104 0.0936591550357358 0.1657046589093787
0.07794393996307115 0.11075460480161049 0.11550677885431941 0.1384432560020131 0.0972489794004701 0.20006989057473465 0.09390064320136542 0.16613190720241572
0.11652501350949195 0.07617845663578868 0.16042049471594522 0.09522307079473584 0.14731072537620743 0.14851906369839135 0.14155549031575657 0.11426768495368302
0.09750947590035872 0.12601831336033267 0.1350137363843799 0.15752289170041583 0.09428282287495711 0.1677509471233178 0.08013121012586372 0.14177060253037424
0.07594156957582024 0.12135387448625046 0.10964809255449046 0.12844023921138453 0.10355913836655013 0.20417660738273516 0.09633017940853841 0.16055029901423065
0.07654584784766448 0.10982352511974235 0.1041803757063905 0.13727940639967795 0.09838833046758316 0.2159359772212856 0.09311124955804244 0.1647352876796135
0.07646849175870864 0.10952951527276464 0.10260123068467193 0.1369118940909558 0.0970636735946865 0.22026894134911298 0.09286198033995263 0.16429427290914694
0.10333207091236024 0.06753481213589749 0.2210559453580213 0.13506962427179497 0.09813996939929612 0.10271236483766996 0.15059255124034457 0.12156266184461549
0.13999734076446343 0.08553108141766713 0.2251732855769471 0.10691385177208391 0.1249415806198012 0.10201942717394277 0.11920096608021892 0.09622246659487552
0.08922089928295579 0.10876453428237454 0.1331500468230561 0.13595566785296817 0.10370277972905982 0.1738458611057497 0.09221340950027407 0.16314680142356178
0.10482810087506482 0.0737854441089007 0.23296667521257483 0.1320796304548353 0.09788466009925764 0.09232489057171357 0.14725893126830145 0.11887166740935179
0.08268024357564302 0.11855155313368565 0.13544809690994808 0.13720190593577045 0.09774556546329832 0.17067166383272914 0.09305868402600082 0.16464228712292453
0.1356144551337734 0.097870674441243 0.19219264148575524 0.10851777283812414 0.1267313023907127 0.12041793978282808 0.12098921837325183 0.09766599555431171
0.12952992266316757 0.0803061440634787 0.1828339288401428 0.09054504826758494 0.15230782022206132 0.12122178238885888 0.1346012956336039 0.10865405792110192
0.09996535198638927 0.13519789161166254 0.14034980622441354 0.15513777304977125 0.0946459720265153 0.15616129871809217 0.0789179106383619 0.1396239957447941
0.11278917954299492 0.08556144306014905 0.1641205359334853 0.08978805823431399 0.15366024813936907 0.13932473494074138 0.14252072735605392 0.11223507279289247
0.09791948738697959 0.13860058747710566 0.09583364610250227 0.11038505277062548 0.12887579293353008 0.22105350812529956 0.07486986187920683 0.13246206332475055
0.10749802739617029 0.07586252915809223 0.2139079869164071 0.1316154651227942 0.1040768031403127 0.10184384809342911 0.1467414215622795 0.11845391861051478
0.08326239854925278 0.11858751625247566 0.13050723231248576 0.13695324716428686 0.09905009556263523 0.1744055850502901 0.09289002851142937 0.16434389659714424
0.07771973008423985 0.12262661985741159 0.10867754691191772 0.1359550010495154 0.0969047082325038 0.20275743537140872 0.09221295723358437 0.16314600125941847
0.07623175295853887 0.12244436955678072 0.10280528445083133 0.1352301755959283 0.09592241645727621 0.21336845377437919 0.09172133649115136 0.16227621071511392
0.07576140750755236 0.12212185153203792 0.10114268116661759 0.13488316675792858 0.0954838990507978 0.2172612199006087 0.09148597397494286 0.16185980010951428
0.10283872719629521 0.07569569759048574 0.2190520070512693 0.13380247717458355 0.09721896680685783 0.10179011793321337 0.14917977679016997 0.12042222945712516
0.09501726832896601 0.1368659570885563 0.15200166073904026 0.1581186549545064 0.08434764956600038 0.15090774756093037 0.08043427230294456 0.14230678945905573
0.13417619353017887 0.10275027082721792 0.20168476120362672 0.10769027236415452 0.125425685547247 0.11517143100273995 0.11921755833557193 0.09388382718926291
0.10349122553483983 0.14161506488190273 0.10410794505359508 0.11080060639373428 0.12168882903530748 0.2101838857871718 0.07515171564096758 0.13296072767248113
0.10872413417718821 0.07590285823395153 0.217774588637424 0.13132703419174352 0.102165632912964 0.09949157847530526 0.14641984259885432 0.11819433077256918
0.1067052450499812 0.0691237033317591 0.2687764667903986 0.12771654429398313 0.09452113174058978 0.07581760312630724 0.1423944158023961 0.11494488986458481
0.13906060160962294 0.08979916935442811 0.24148448996454075 0.10436357352885714 0.12147415250789714 0.09353320070038962 0.11635759615829297 0.09392721617597143
0.129566663818905 0.07886000847098575 0.19951733546163836 0.08957651472757275 0.14925903556178416 0.11256711881041098 0.13316150547561564 0.10749181767308731
0.11124845816887842 0.06847963938547484 0.2584215731874896 0.12589154483260193 0.10464922105540246 0.07764749542386525 0.14035967759694573 0.11330239034934174
0.1229550045911166 0.07845230002838562 0.20752331650969577 0.09122084169270045 0.1452018013303674 0.1095758178673447 0.13560590794914873 0.10946501003124054
0.10942986290915548 0.06840901930015081 0.26217073803322993 0.12583832107422654 0.10358879800726328 0.07700843463089069 0.14030033707827946 0.1132544889668039
0.1050120172241395 0.06728867999917847 0.2867020268800767 0.1251927133600724 0.09317370257905211 0.07037688527673806 0.13958053265667775 0.11267344202406517
0.12085667380654405 0.07816277822800984 0.21743366182469204 0.09098728867138169 0.14085249593903648 0.10726363942811647 0.13525871569656142 0.10918474640565802
0.108560273980428 0.06817373282435592 0.26644818398828024 0.12543808696631106 0.10228746046643561 0.07634387758833851 0.13985410591617067 0.11289427826967997
0.08347073441309584 0.11742957807716353 0.14381413341749685 0.13657826706330786 0.09864978672920569 0.16352788564169118 0.09263569418206967 0.1638939204759694
0.09032460065164295 0.14225916950574466 0.1300169970829262 0.15788042064815377 0.08438319085558728 0.17273015912550244 0.0803130835471043 0.14209237858333837
0.10332264930380157 0.07687621865375463 0.2388096946306908 0.13352040714953953 0.09342513387580004 0.08983091081007599 0.14781257934340555 0.1164024062329319
0.08261347314731893 0.1189541770305594 0.1369610511963739 0.13724219605419716 0.09676432226193925 0.16968813380781508 0.09308601123675982 0.16469063526503658
0.10342986255787553 0.07460144659629184 0.23512992771504201 0.13229397414405478 0.09639022575063759 0.09159207802046565 0.14749790848598343 0.11906457672964928
0.10487452571089438 0.06872208463943152 0.27626450391834056 0.1271481097544628 0.09277841494270413 0.07401840854383093 0.141760653711319 0.11443329877901652
0.12113905340032616 0.0785255844069776 0.21406264617823353 0.09129354424918575 0.14110989976179264 0.10860303372208971 0.13571398518237165 0.1095522530990229
0.10876987676356142 0.06829276074968195 0.2650424616741401 0.12561595464247108 0.10248022075073127 0.07669195113980826 0.14005241510138192 0.11305435917822397
0.0835185469145832 0.11745707792711121 0.14346563113470348 0.1365959219027595 0.09870767140630916 0.1636923756623941 0.09264766876882817 0.16391510628331138
0.07788458934690773 0.12265492930720508 0.11201143858142411 0.13612009463237296 0.09702149306452224 0.19863840775806746 0.09232493375065295 0.16334411355884754
0.11630269318238269 0.08519288820062076 0.15800752202753385 0.09408744057418722 0.14635457043030728 0.14728265717670402 0.1398672997192395 0.11290492868902466
0.12446400765575057 0.07967474369304106 0.1709354104129075 0.09102175385666375 0.15996814000041054 0.12939988924392093 0.1353099505093091 0.1092261046279965
0.08534494744183085 0.11666800969584849 0.11824169534191382 0.13396401247665335 0.11088863354318089 0.18327333893572814 0.09086254759286053 0.160756814971984
0.10451350925601134 0.07467245673857846 0.22625942691791975 0.13264430075476719 0.1000819228923283 0.09456001624795361 0.14788849651315084 0.11937987067929046
0.12212639191273675 0.07983024047454536 0.1972789013270052 0.09230899619948475 0.14499038855664714 0.11547076338171126 0.1372235227084878 0.1107707954393817
0.1096682351435815 0.06881547609122196 0.2579302077361599 0.1264281068980956 0.10398409520773597 0.078430678456893 0.14095790425802598 0.11378529620828604
0.10524309955462596 0.06743625015441083 0.28499338449998723 0.1254222748953513 0.09343266143456382 0.07075580541818875 0.13983647663705584 0.11288004740581617
0.10325043639594152 0.06675220588394841 0.29617480012226166 0.12431097935703983 0.09027336486056728 0.06876086691456397 0.1385974650443414 0.11187988142133583
0.12017602272791268 0.07799408328565208 0.22065476348995458 0.09083292812126732 0.13966199378285651 0.10665144647551912 0.13502924837131677 0.10899951374552078
0.10827189550809212 0.06808535754402537 0.26782064289581803 0.1252940358917995 0.10191908624058964 0.07615084989888521 0.13969349971817047 0.11276463230261956
0.10451633478797673 0.06712446394872763 0.2890180473636717 0.12492157205677479 0.09263118360692497 0.07008075304690034 0.1392782303379265 0.11242941485109731
0.08269101175688232 0.11732457478980679 0.14954146753904868 0.13659362901386268 0.09637320296806767 0.16091764552368557 0.09264611359201122 0.16391235481663521
0.10297098548615646 0.07413219479392634 0.24058736935292419 0.13164872801907995 0.09586440578623176 0.08953395413517695 0.14677850720933242 0.11848385521717197
0.13899338746345302 0.09112255907138947 0.23141720231428906 0.10541304736601317 0.12294916166487031 0.09770521832279422 0.11752768116777888 0.09487174262941185
0.08854954625916346 0.11834113430733656 0.13382696261678062 0.13426231614468945 0.10240271067218874 0.17043767532807658 0.0910648752981372 0.16111477937362734
0.1048566106249211 0.07444609663921839 0.23330504685276665 0.1320420772479897 0.09761894514548572 0.09167629172128135 0.1472170622451467 0.11883786952319071
0.10526549682529306 0.06872691753849565 0.27544064007681873 0.12717343709642637 0.09309292060243068 0.07405560266624357 0.1417888918075082 0.11445609338678374
0.10367320773985986 0.06714085516356051 0.2924290729540645 0.12489184386299093 0.09056705422489858 0.06965022095755438 0.13924508562037943 0.11240265947669184
0.1026101056355508 0.06656181765904891 0.29921043585747786 0.12398762148220138 0.08941216856481925 0.06839204632183936 0.13823694514508122 0.11158885933398124
0.1020863877328056 0.06633886293320058 0.30191375622590777 0.12363487687800227 0.08892495158882273 0.06798611421543549 0.13784366123562342 0.11127138919020205
0.10185453682223647 0.06625168950278762 0.30299197339023715 0.12349648263612127 0.08872630278281826 0.06784281850943547 0.13768936198385462 0.11114683437250916
0.10175675346223094 0.06621731277910319 0.30342232795378626 0.12344181300495398 0.08864645506097463 0.06778929660956627 0.1376284094249263 0.11109763170445858
0.119589054833462 0.07783629061478112 0.22308659064501415 0.09069136630602948 0.13891325653852335 0.10623499426987192 0.1348188072250826 0.10882963956723535
0.14259186119214304 0.08977197983038102 0.2217828475388644 0.10326631171938973 0.1341861007288357 0.10032698731698898 0.11513423112594645 0.09293968054745075
0.11354442470132549 0.06853447796572619 0.2675215371149378 0.12454374065187032 0.10025857208258332 0.07465090437904201 0.13885697651783152 0.11208936658668328
0.10578471375940625 0.06711077786846066 0.2887678016567069 0.12483191911674436 0.09220868737097421 0.06976909902232721 0.1391782740003105 0.11234872720506994
0.13799525731149442 0.08905531528585432 0.24869391829924223 0.10368213805607941 0.1201251147375188 0.09153648559980018 0.11559784645953927 0.09331392425047146
0.12910757558853475 0.07869024448209683 0.20196152730548808 0.08944237667891758 0.14864055182229371 0.11186477185095024 0.1329621002570178 0.10733085201470109
0.1110367427090158 0.06840470582088598 0.2594664880321379 0.12577254358001733 0.1044443884194217 0.07745284213550135 0.1402270000810044 0.1131952892220156
0.08398060386760808 0.11748733183053718 0.14208048815369512 0.13661751557369078 0.09919456578043298 0.16403616119475567 0.09266231491085114 0.16394101868842892
0.07797328588126534 0.12265603574448027 0.11167013220347846 0.1361177087002164 0.09713843422736061 0.19877983733670568 0.09232331546623374 0.16334125044025966
0.10310157731842953 0.07550586141349021 0.2238866939121807 0.13342209660735463 0.09731726293683692 0.09793094002076956 0.14875568084431923 0.12007988694661917
0.08252107454429136 0.11875035226180321 0.1331395236801892 0.13721018559167275 0.09764656804390157 0.17301577337552182 0.09306429979261283 0.1646522227100073
0.10352869309990134 0.07467474238054213 0.23342131238884037 0.13244803563828922 0.09672082835869729 0.092333480504341 0.14766967555492844 0.1192032320744603
0.10496261655535119 0.06877068096259138 0.27555789899433203 0.1272304495402555 0.09291834666805746 0.07420014626546492 0.1418524564277177 0.11450740458622996
0.1035998832788125 0.06714637933693204 0.2924892535810498 0.12489726498952977 0.0905301450107401 0.06967840554045049 0.13925112977190854 0.11240753849057679
0.13722569067782048 0.08903294635800639 0.25016234664028963 0.10365295805974364 0.11958580766302591 0.09148727540610802 0.11556531294123655 0.09328766225376926
0.11127290324946411 0.06793668478136312 0.27973357913338 0.12355348047017098 0.09612600854549658 0.0724263010817209 0.1377529103152503 0.11119813242315388
0.08397640906953224 0.11729426227096836 0.14714467004611378 0.13643126166421657 0.09713129065563769 0.16176860612422028 0.09253598617225123 0.16371751399705986
0.10336442286906766 0.07417193036689634 0.23949005773972737 0.1317202407838269 0.09609810929120077 0.0897487836385851 0.14685823860525177 0.11854821670544421
0.13915253965741078 0.09114556119129019 0.23099836720213127 0.10543620262014625 0.12304433991448516 0.09777690950827148 0.11755349754813321 0.09489258235813162
0.1485907196174734 0.09057541487694447 0.2243108989929307 0.10275902807390351 0.12886082967419515 0.09785133577982184 0.1145686477182178 0.09248312526651317
0.15150602298294424 0.09029572355169019 0.2212035560255506 0.10246804140733384 0.13038557378468782 0.0976756256807774 0.11424421930041549 0.09222123726660045
0.15248386852836443 0.09025907360100481 0.21990301784842656 0.10245146600553666 0.1308431072578536 0.09762740838944903 0.1142257389643819 0.09220631940498297
0.0911669570718548 0.11801499048090379 0.13086674124054154 0.13396133312150843 0.10419011588379323 0.17018553216447813 0.09086073029111008 0.1607535997458101
0.11966903837126538 0.08438324507827367 0.16425066934497037 0.09356662856444604 0.1482209173511527 0.13853646932570848 0.13909307768684814 0.11227995427733525
0.11035242493227818 0.07001168513251867 0.24382339365085964 0.12806564569585877 0.10597988267879382 0.08372424897027404 0.14278363781314404 0.11525908112627291
0.12306688680390286 0.07885932616704111 0.20269142456068395 0.09157081191867514 0.14614366966867035 0.11165674438309338 0.13612616219552304 0.10988497430241016
0.1255498157705583 0.07850753720432123 0.1861591454848948 0.09022577745963153 0.15879008192419689 0.11837003107081992 0.1341266781340194 0.10827093295155783
0.08566891229679069 0.11663788179926746 0.12219908663829636 0.13407279138982334 0.110759615159286 0.17883803497565062 0.09093632807309758 0.160887349667788
0.10446338721046224 0.07457476473198625 0.2280361631186432 0.13247619452591664 0.09992341032624595 0.09359643440019719 0.14770107061322346 0.11922857507332499
0.13983454190866493 0.0914037611730531 0.22666603038813277 0.10570015428937188 0.12447892642760947 0.098938662991299 0.11784778396143401 0.0951301388604347
0.08872067348356018 0.1183897750071654 0.13263493069799234 0.13428459181685268 0.10277500433855895 0.17097353046073857 0.09107998401490877 0.16114151018022319
0.09137417222023715 0.1421328779266067 0.1266742048044217 0.15755295650237186 0.08510708941969597 0.17521453431462972 0.08014650395990221 0.1417976608521347
0.10363291674105135 0.0769364920580679 0.23729976850359233 0.1336357291580493 0.09367899395396967 0.09037291066934115 0.14794024554737242 0.11650294336855581
0.08267428295713997 0.11896260336218996 0.13658073498624076 0.1372450233188292 0.09683298056441576 0.16992241796886154 0.09308792885972765 0.16469402798259505
0.10345710185886973 0.07461009669425495 0.23495836178062687 0.13230800066573656 0.09642603803183376 0.09164965335861182 0.1475135470109033 0.1190772005991629
0.10488674188025189 0.06872610098587689 0.27619175586445693 0.12715443490420755 0.09280001251945476 0.07403425665070702 0.14176770578125827 0.1144389914137868
0.08283981855986239 0.11769056336521062 0.1463624406326092 0.13682594947535254 0.09650788539327977 0.16277851573302327 0.09280368747023911 0.16419113937042304
0.10313146024833778 0.07424842357226132 0.23921324450441325 0.13181436315769027 0.09600875431172842 0.08998764933559587 0.1469631780280517 0.11863292684192125
0.10463692996902682 0.06858302902775257 0.2779314779869688 0.12692926847057318 0.09255609997530054 0.07361019093564128 0.1415166620112211 0.11423634162351584
0.13810716364119413 0.08955808746839261 0.24489887467979304 0.10413228346013727 0.12066924139110426 0.09281556925313192 0.11609972499212319 0.09371905511412354
0.11170132440110055 0.06810934219851844 0.2775508602408905 0.12380961584684355 0.09655237369536951 0.07280934720945835 0.1380384821456599 0.11142865426215919
0.10497568242289762 0.06684734013063712 0.2928897930481629 0.12438711632694256 0.09106903675135301 0.06920027454183877 0.13868235208391955 0.11194840469424831
0.10287941996222587 0.0664976995950975 0.2993285507395914 0.12389945414785708 0.0894753802817754 0.06827134139344215 0.13813864514693916 0.11150950873307136
0.10214217435208488 0.0663257204604966 0.3019487093344444 0.12361743390700625 0.08892924676793482 0.06795681103705027 0.1378242136246771 0.11125569051630563
0.10186579078516818 0.06624877621027951 0.30300350958434696 0.12349249375603069 0.08872508846003652 0.06783618214347932 0.13768491468023122 0.11114324438042764
0.10175882194382271 0.06621654594995288 0.30342638065961447 0.12344069204959618 0.08864568704022559 0.06778808986879584 0.13762715964335576 0.11109662284463658
0.10171676600138953 0.06620341552738453 0.3035956235049653 0.12341968771494792 0.08861428617406823 0.06776876075608061 0.1376037413777106 0.11107771894345314
0.11957347890985405 0.07783217623490044 0.22314431113704797 0.09068766541410994 0.1388975812772516 0.10622628292922721 0.13481330560067686 0.10882519849693194
0.10802832336485395 0.0680137904909828 0.26887771989052694 0.12518040389719684 0.10166036665030684 0.07601022367446755 0.13956680852418812 0.11266236350747719
0.10441638594165942 0.06709250048946376 0.28944976756859775 0.12486980588773189 0.09253853012425643 0.07002966976674148 0.1392205149225906 0.11238282529895868
0.1028766857607332 0.06661081033026822 0.2979658993659995 0.12408466280606298 0.08992528492279664 0.06851532130938576 0.13834513897929707 0.11167619652545668
0.10219418334509843 0.06637072692302667 0.3014079887951849 0.12368915590593917 0.08907638232165563 0.06803714409265056 0.13790417830109936 0.11132024031534526
0.08217154955987951 0.11712013258828763 0.15260537734688104 0.13644486444653112 0.09545205564848765 0.15992697066688316 0.0925452124072124 0.16373383733583732
0.13506653978942507 0.0973449863123841 0.19880280086351934 0.10806304282074218 0.12562850461717098 0.11735515871914337 0.12048222833894688 0.09725673853866797
0.11286912399838869 0.06995132557648873 0.25846125330185465 0.126245252386582 0.09940168700606188 0.0786965954591528 0.14075403512354737 0.11362072714792379
0.10602951315907047 0.06750386786211476 0.285208050706363 0.12540368619100972 0.09238169528591202 0.0707941176046895 0.13981575161893173 0.11286331757190873
0.13821832445924206 0.08919576845955206 0.24742028399916366 0.10380969003578343 0.12030271265516089 0.09188444196078803 0.1157400573981048 0.09342872103220509
0.11162069231388685 0.06801033680475554 0.27857680207005964 0.12366959708406153 0.0963733879342095 0.07256417474305225 0.13788237167431933 0.11130263737565536
0.0964821604114956 0.1346644020655627 0.16857921315361962 0.1566253558915726 0.0836792879866644 0.13933212262643513 0.07967463756223475 0.1409628203024153
0.13904674874664613 0.10147032994343891 0.2070447627558329 0.10645413347509342 0.12399664487126318 0.1113321107914031 0.11784910177136916 0.09280616764495321
0.08842169524694919 0.11945952964998736 0.12749560670138804 0.1341587436627891 0.10250059810116156 0.17597870810587735 0.09099462613650043 0.1609904923953469
0.10505110033992433 0.07468902658007677 0.2305031538341092 0.1323340277472843 0.09785383274586758 0.09292566851567256 0.14754256526450948 0.11910062497255587
0.09549198052478897 0.1366251452821913 0.15528041192203548 0.15797477553560835 0.08445922740730051 0.14763007987791407 0.08036108146811381 0.1421772979820475
0.14230644523267041 0.10164285151940286 0.20143893479942873 0.10641029388613452 0.12424339811239071 0.11338955838957956 0.1178005695442759 0.09276794851611728
0.07754513946818543 0.10401748670915435 0.07656309526435331 0.08145796385924886 0.14881155786112207 0.2566059134524612 0.09208291566697696 0.16291592771849772
0.11393647275537375 0.0818347919417747 0.14205640534371297 0.0917523909372475 0.16209536851106776 0.16182560978388955 0.1363960916022366 0.110102869124697
0.10950864590040077 0.07019788265081014 0.23372210862289616 0.1287015488443354 0.10989050604145692 0.08865529161196194 0.14349262236823665 0.11583139395990188
0.10612548675633554 0.06816385432374718 0.2750747087942041 0.1266255828690772 0.09559984787031989 0.07326941957548888 0.1411780752286577 0.11396302458216948
0.0830736654484972 0.11758627777996872 0.14608395518754635 0.13677541067229446 0.09716197141496648 0.1624188177122433 0.09276940897773016 0.16413049280675332
0.10319317618905266 0.07424118514289252 0.23907347307051377 0.13181336689638443 0.09616265080271903 0.08992205042064823 0.14696206727104352 0.11863203020674597
0.1215558040561571 0.07965982403940049 0.20171301430795496 0.09214409829336662 0.14339492734853718 0.11398102310673319 0.13697839089581065 0.11057291795203994
0.10936339594743513 0.06869981039811007 0.2598399789697017 0.12623444166071324 0.1034677028831386 0.07804169067528495 0.14074198197097432 0.11361099749464193
0.0836559260300663 0.11755109179918478 0.14217299704959774 0.1366566724564223 0.09897274864607172 0.16431368357876824 0.09268887349218208 0.16398800694770674
0.1034588405334389 0.07431998994535755 0.23731106081219747 0.13195556866700084 0.0966929117666065 0.09038100484188957 0.14712061163320836 0.11876001180030074
0.10478588331097773 0.068633699516375 0.27713768679896356 0.12701570677945076 0.09277040749365403 0.07372944572407356 0.14161303427499958 0.1143141361015057
0.12108852843062434 0.07849955724769477 0.21434760531987157 0.09127019685562306 0.14109075511591423 0.10849984308979223 0.13567927771373217 0.10952423622674765
0.08495662371085536 0.11691903457744893 0.12947239131738614 0.13441410834149659 0.10674062605433786 0.1750324559831424 0.09116783000553683 0.1612969300097959
0.0779118294621424 0.1221607125062416 0.10826017222840176 0.13560105753675894 0.09860089100540163 0.2027711770180977 0.0919728911988452 0.16272126904411074
0.10316480800149166 0.07552393848515095 0.22227743877857092 0.1335056074435007 0.09774070197090383 0.09878366942676091 0.1488487891944702 0.12015504669915063
0.10530793632770273 0.06913418937375898 0.27098444054624615 0.12780852798086298 0.09354007413298834 0.0757001857068511 0.1424969707488129 0.11502767518277668
0.10386492044075109 0.06729685615608198 0.2906534825094272 0.1251379157342965 0.09082793000852196 0.0700753335967417 0.13951943739331263 0.11262412416086685
0.10272716978318923 0.06662153606819042 0.29850401374531166 0.12408198200206019 0.08953195327601379 0.06851741124048659 0.13834215008289397 0.11167378380185417
0.10214233467109196 0.0663619152898432 0.3016323271264973 0.12367137030966448 0.08897557861545541 0.06802789202021324 0.13788434868853636 0.11130423327869803
0.1018789282496049 0.06626065651186129 0.30287964459095024 0.12351069192487124 0.0887470251048424 0.0678582266050696 0.13770520428041616 0.11115962273238414
0.13629541518977592 0.088688852527984 0.2539439287405357 0.10333235601021089 0.1187345645829715 0.09079789695779869 0.11520786558153362 0.09299912040918978
0.1108946486479694 0.0678181671145994 0.2813067870521672 0.12337564175541711 0.09580742823605982 0.07220461619406615 0.13755463341984567 0.11103807757987542
0.10463330982310076 0.066729776697152 0.2944104540192466 0.12420007487943686 0.09077783361382069 0.06899466874748222 0.13847381482826768 0.1117800673914932
0.08268769748517531 0.11721780205195233 0.15087746053107837 0.13651515765646072 0.0958947673931037 0.16039603615357292 0.09259288954090378 0.16381818918775284
0.10292172732335315 0.07408891531979575 0.24116971815747157 0.13158349390695825 0.0957084682273174 0.08939675650630746 0.14670577604253407 0.11842514451626243
0.12143416670103176 0.0796156205430789 0.20242274658487416 0.09210487892384654 0.14318498279185354 0.11379166107781691 0.13692008866888233 0.11052585470861585
0.10930600720754016 0.06867925453955999 0.26014378674956296 0.12620162894047668 0.10339472491050755 0.07798773336930277 0.140705398236621 0.11358146604642902
0.08364305050018334 0.11754563318419334 0.14224780185576688 0.13665275159406912 0.09895353431599535 0.16428771251223606 0.09268621412467297 0.16398330191288293
0.10345285509695626 0.0743176599622851 0.23734400187032378 0.13195202802741443 0.09668596949264442 0.09037399624140645 0.1471166640842964 0.118756825224673
0.10478312985094895 0.06863266437032683 0.27715128358579644 0.1270140406427408 0.09276772451217835 0.07372734380263535 0.1416111766569065 0.1143126365784667
0.08281492735892305 0.11766921097142966 0.14660117332718028 0.13681225627512825 0.09649485289897715 0.16263847172986012 0.09279439990834784 0.16417470753015387
0.10311616021998768 0.07424038479802378 0.2393171335592349 0.13180245022006623 0.09599753662321431 0.08995423338978747 0.14694989599162608 0.11862220519805962
0.12153117679483529 0.07965822032379913 0.2017993482074786 0.09214222361351476 0.14333441523262422 0.11398834343323078 0.13697560405829956 0.1105706683362177
0.10935433984755913 0.06869792670989512 0.25987785251114237 0.1262311504574879 0.10345115679329707 0.078041225743889 0.14073831252499022 0.1136080354117391
0.10509218831720189 0.06737841527965446 0.2857916488066039 0.12532728730003154 0.09324865564315396 0.07063667352642516 0.13973057255690083 0.11279455857002837
0.13788727356647007 0.08917017812898842 0.24763706589542564 0.10379229355718755 0.12054612196154298 0.09183334106620153 0.11572066162271508 0.09341306420146879
0.12909631858933363 0.07871480125667171 0.20160139656794093 0.0894611761092387 0.14881310361686353 0.11196974565602648 0.1329900468728384 0.10735341133108643
0.11104740326172048 0.0684152556003892 0.25931243521953273 0.12578910264191145 0.10449703901152492 0.07748310968793543 0.14024546219926548 0.11321019237772031
0.10549448878991208 0.06733633323308445 0.28547933723972896 0.12527971471503468 0.09346409364442619 0.07051675645946025 0.13967753267482222 0.11275174324353121
0.0829055695525809 0.11738715477207864 0.14867284537773856 0.13664150773760705 0.0965965221772091 0.16114800324084538 0.09267858785681174 0.16396980928512844
0.10246088411501957 0.0800117808728988 0.2391430473404945 0.13059572705358005 0.0954205672229683 0.08922734933185529 0.14560448971496165 0.11753615434822205
0.13816736918985295 0.09670678355861473 0.23006847335845002 0.10470651640259959 0.12222339264046655 0.09715164821791253 0.11673995186976403 0.09423586476233964
0.1474882343569179 0.09720617480924947 0.22301254708150237 0.10191194631175587 0.12791123327685353 0.09712489771466043 0.11362421476848007 0.09172075168058029
0.1314883791848758 0.08487848847778766 0.19215321312279424 0.08886396455094037 0.15086994381878566 0.11300700160348401 0.13210225178020388 0.10663675746112845
0.08635201394369899 0.12422800417522271 0.12307827676086816 0.13291965597436964 0.10826542005331155 0.17549884047979988 0.0901542014434855 0.15950358716924354
0.11750274838908102 0.09192945852448645 0.1604909174951421 0.09272825332117995 0.14880055241526122 0.13942738929048518 0.1378467765789481 0.11127390398541594
0.09647932015833421 0.14528081513203597 0.13292204570954463 0.15377457949242584 0.09329105588775204 0.16163060207405536 0.0782244600026688 0.13839712154318326
0.10803574383293839 0.07651769743185907 0.23898189087450325 0.13237091630422598 0.09485219493370985 0.08730122488847515 0.14654004572547602 0.1154002860088124
0.09882303893372871 0.1486926279976389 0.11320586382693593 0.1129372230751005 0.11483866715296938 0.1993770121943073 0.07660089912919858 0.1355246676901206
