Action: 0
[0.10677868300652943, 0.10688513159697532, 0.2521535341374307, 0.1067786830061813, 0.10706773049846628, 0.10677887174205436, 0.1067786830061813, 0.1067786830061813]
[0.11027483664343012, 0.10629639751445971, 0.25194677826981166, 0.10629639751445971, 0.10629639751445971, 0.10629639751445971, 0.10629639751445971, 0.10629639751445971]
[0.10634868958569652, 0.1063484024273586, 0.2519873612291717, 0.10634840242308931, 0.10992193706527277, 0.10634840242323261, 0.10634840242308931, 0.10634840242308931]
[0.125, 0.125, 0.125, 0.125, 0.125, 0.125, 0.125, 0.125]
[0.10757214313612666, 0.10606758906490485, 0.2519360644236925, 0.10606758906490485, 0.11015384709763595, 0.10606758908292556, 0.10606758906490485, 0.10606758906490485]
[0.14471288654718842, 0.10425605575125037, 0.20917130099993775, 0.10425577469877233, 0.11964347501609288, 0.10944895758921365, 0.10425577469877233, 0.10425577469877233]
[0.125, 0.125, 0.125, 0.125, 0.125, 0.125, 0.125, 0.125]
[0.125, 0.125, 0.125, 0.125, 0.125, 0.125, 0.125, 0.125]

Action: 1
[0.10515868764876356, 0.10515868734640064, 0.10515868734640064, 0.10515868734640064, 0.11933588116379748, 0.24971199445543563, 0.10515868734640064, 0.10515868734640064]
[0.10527235475956936, 0.10527235475956936, 0.10527235475956936, 0.10527235475956936, 0.11832388834977232, 0.2500419830928114, 0.10527235475956936, 0.10527235475956936]
[0.14468058107880913, 0.10435206514036774, 0.10435206514036774, 0.10435206514036774, 0.21409832075555624, 0.11946077246379597, 0.10435206514036774, 0.10435206514036774]
[0.125, 0.125, 0.125, 0.125, 0.125, 0.125, 0.125, 0.125]
[0.10490887329051954, 0.1446026443494779, 0.10490887329051954, 0.10490887329051954, 0.10634907415664167, 0.22450391504128273, 0.10490887329051954, 0.10490887329051954]
[0.10669015457477397, 0.10669015445100055, 0.10669015445100055, 0.10669015445100055, 0.21440800419255263, 0.1454510689776707, 0.10669015445100055, 0.10669015445100055]
[0.125, 0.125, 0.125, 0.125, 0.125, 0.125, 0.125, 0.125]
[0.125, 0.125, 0.125, 0.125, 0.125, 0.125, 0.125, 0.125]

