0.125 0.125 0.125 0.125 0.125 0.125 0.125 0.125
0.13585418317672365 0.10698516925166987 0.16302501981206838 0.12838220310200385 0.11843698020534883 0.0932691219117122 0.14212437624641858 0.11192294629405464
0.06521954917071233 0.1086992486178539 0.06736044685881355 0.09782932375606852 0.13043909834142467 0.2173984972357078 0.11739518850728221 0.19565864751213705
0.07295173961840629 0.12906846240179573 0.09118967452300786 0.16133557800224466 0.08754208754208755 0.15488215488215487 0.10942760942760943 0.19360269360269358
0.11004175475552297 0.08665788186997433 0.14305463389141657 0.10398945824396921 0.13755219344440373 0.12365462285646721 0.16506263213328445 0.12998682280496152
0.07171388179621159 0.1268784062548359 0.0896423522452645 0.15859800781854488 0.08605665815545391 0.169222261653118 0.10757082269431739 0.19031760938225384
0.09633962419694721 0.07586745405509593 0.2086441832930846 0.15173490811019186 0.09066910154489713 0.07648623338596454 0.16797678065108743 0.13228171476273137
0.05426083975398468 0.0904347329233078 0.08774906790472879 0.10852167950796936 0.11782074007290227 0.19394356541160507 0.13022601540956322 0.2170433590159387
0.08939944314794826 0.14899907191324713 0.09225304200148754 0.1340991647219224 0.1337426363833255 0.22047276945747385 0.1005743735414418 0.08045949883315344
0.06908769583281349 0.12223207724267002 0.08635961979101686 0.15279009655333753 0.08290523499937619 0.1996456159675607 0.10363154374922023 0.183348115864005
0.09360766116893075 0.07371603317053298 0.21452649094400478 0.14743206634106595 0.09303535259989495 0.08593851846573633 0.16321335793557154 0.1285305193742626
0.07003008976613705 0.11671681627689508 0.12404993333831296 0.1400601795322741 0.10155160976494783 0.16747101225688474 0.10504513464920556 0.1750752244153426
0.06882555997727004 0.1147092666287834 0.10543826379426381 0.13765111995454007 0.10113677127005831 0.1969367784660042 0.10323833996590505 0.17206389994317506
0.05020787653404089 0.08367979422340147 0.07456401995085038 0.10041575306808179 0.11815740089735428 0.25164474550840954 0.1204989036816981 0.20083150613616357
0.06729028498517735 0.11905204266608302 0.0841128562314717 0.14881505333260375 0.08074834198221283 0.22046792932556086 0.10093542747776604 0.1785780639991245
0.09128974374780251 0.07189067320139447 0.21724627987132683 0.14378134640278895 0.09083263594990135 0.10043961947946803 0.15917186089360436 0.12534784045371347
0.0854298534240317 0.14238308904005287 0.11998075277750224 0.12814478013604755 0.12388282696105395 0.2271832444776475 0.09610858510203568 0.07688686808162855
0.06715340078604584 0.11880986292915803 0.0839417509825573 0.14851232866144753 0.08058408094325502 0.22205368012473048 0.10073010117906876 0.17821479439373702
0.06682127192727112 0.11136878654545188 0.09758123417525748 0.13364254385454225 0.09885493739717523 0.22444613839121758 0.10023190789090669 0.16705317981817777
0.055428472906918824 0.09238078817819805 0.0626480457945015 0.08314270936037825 0.13958806765351145 0.3007552461532816 0.0997712512324539 0.1662854187207565
0.06481366142208857 0.11467032405446438 0.0810170767776107 0.1433379050680805 0.07777639370650628 0.24915866075642024 0.09722049213313286 0.17200548608169658
0.08981433758586706 0.07072879084887031 0.21775540319526182 0.14145758169774061 0.09425424818624237 0.10606828634339892 0.1565993578420246 0.12332199430059439
0.08385716957604994 0.1397619492934166 0.12155649839236021 0.1257857543640749 0.130789571684047 0.22843828829855028 0.0943393157730562 0.07547145261844496
0.06652991066760981 0.11770676502730967 0.08316238833451227 0.1471334562841371 0.07983589280113178 0.22927657334292015 0.09979486600141473 0.17656014754096452
0.08972670315754841 0.07065977873656938 0.22106180067087422 0.14131955747313876 0.09454317321294142 0.10304076190790194 0.15644655935162288 0.12320166548940303
0.08367257257239129 0.13945428762065215 0.12374754155095462 0.12550885885858692 0.1306713192790654 0.22750846065925714 0.09413164414394021 0.07530531531515215
0.10462133898935967 0.0844533700275554 0.13077667373669957 0.10556671253444425 0.1255456067872316 0.16542423439933684 0.15693200848403951 0.1266800550413331
0.12246753125822424 0.09885933246145813 0.1530844140727803 0.12357416557682267 0.12340724113272451 0.12961459381334742 0.1377759726655023 0.11121674901914039
0.09838296733661761 0.07747658677758638 0.1703931070351001 0.09297190413310366 0.162810347295122 0.1341757562511642 0.14757445100492642 0.11621488016637957
0.0740366163934636 0.11970462508542686 0.08457391989731246 0.1496307813567836 0.09385559202097551 0.19715282374112264 0.10148870387677497 0.1795569376281403
0.12093161533211663 0.09523364707404185 0.1809671656949477 0.11428037648885023 0.13116983746959723 0.13127523726938833 0.12651307450129123 0.09962904616976685
0.06480364739688883 0.10276583410781517 0.050638237096604574 0.08959072717091579 0.13074490680519382 0.2809987188875412 0.10127647419320915 0.17918145434183158
0.09606825650395122 0.07281767122431855 0.18041393169010267 0.1456353424486371 0.09182919660437852 0.11979125480374622 0.16237253852109237 0.1310718082037734
0.0941537817586751 0.06749088385926791 0.26338168763588266 0.13498176771853582 0.09289046607424947 0.07999463450506945 0.1494303655654934 0.1176764128828261
0.07280762840666127 0.11048458540116263 0.14352077210624462 0.13258150248139514 0.10360479372688566 0.1718377129148604 0.09943612686104636 0.1657268781017439
0.05976731131126309 0.09262363830016097 0.07177075857410951 0.08336127447014488 0.14400662089127814 0.28171431814857967 0.10003352936417385 0.16672254894028976
0.06706127858847528 0.11187303990800185 0.0847877734848223 0.13984129988500232 0.08694917318749072 0.24682899342307268 0.09484888166113202 0.16780955986200277
0.09420264743209929 0.06936440203157426 0.22142462965684498 0.13872880406314853 0.09583921303358962 0.10591875500169809 0.15357848882855676 0.12094305995248847
0.07257750795605837 0.11015348084989937 0.1330616043794297 0.13218417701987922 0.1053242979470846 0.18233057780789014 0.09913813276490943 0.16523022127484902
0.07028420474926435 0.10893594770876537 0.11025642603255334 0.13072313725051843 0.10628908003069211 0.21206492972716948 0.09804235293788884 0.16340392156314804
0.05905201019477294 0.0976859546811654 0.053384260561399784 0.08516211433742624 0.12203646190657623 0.31608475343628156 0.09627021620752532 0.17032422867485247
0.09404486057431662 0.07159770162273837 0.18706289993623154 0.14319540324547675 0.08977525147223937 0.1257958318334846 0.15965218839458378 0.1288758629209291
0.0933222062379906 0.06697897399506869 0.26677031747535374 0.13395794799013738 0.09309766747823042 0.08079207968929639 0.14829695503995668 0.11678385209396591
0.06305788055804235 0.0957252873335263 0.0943044230054166 0.08615275860017367 0.14575926452108248 0.23931155846120286 0.1033833103202084 0.17230551720034734
0.07995140398725456 0.13298122933870637 0.07653309131918182 0.11593235378246199 0.10347728598344197 0.2733734319627638 0.07863237908723508 0.13911882453895438
0.09528921034501431 0.07114182626724769 0.2004234590513382 0.14228365253449538 0.08765599840255177 0.1165149117253695 0.1586356543929374 0.12805528728104584
0.10622212565168149 0.07614022408662062 0.18692500058609188 0.09136826890394474 0.1510495986515825 0.1290554477299182 0.14502899826022972 0.11421033612993092
0.08593876075349474 0.13734055694838887 0.09667205230933502 0.11973279323705696 0.10733561415435337 0.22809080225646414 0.08121006845643862 0.14367935188446834
0.09513251132062021 0.07065522609257095 0.2139619974631131 0.1413104521851419 0.08732325404675803 0.10688654329486819 0.15755060863029996 0.1271794069666277
0.09813838620616004 0.06574634852446015 0.27708805388280433 0.1314926970489203 0.09109402928476015 0.07623800517831193 0.14556782090885761 0.11463465896572539
0.07181850061710171 0.11553826067046905 0.14096497355702484 0.1444228258380863 0.08562108920589409 0.17037060766771417 0.09795635143800636 0.17330739100570355
0.10966888629266744 0.07634545847758333 0.1664697586768174 0.0916145501731 0.15079262270130306 0.14517061505247122 0.14541992090968253 0.11451818771637498
0.07182891202758654 0.11435198252828033 0.11602583757774743 0.1429399781603504 0.08943236166671588 0.19694236036422652 0.09695059388267245 0.1715279737924205
0.1360940703582688 0.09156709487750946 0.18935855828455517 0.10988051385301136 0.12741472410015212 0.12824952434117903 0.12164224569808336 0.09579326848724065
0.07372721225828104 0.11458630314261435 0.12118015344816396 0.14323287892826797 0.08778687044252272 0.19045787005401177 0.09714925701221654 0.17187945471392152
0.07649268895461148 0.10851332195458115 0.1072752661657322 0.13021598634549736 0.10190129655511153 0.21516946733347161 0.09766198975912303 0.1627699829318717
0.07757962504417266 0.10698107036687231 0.1028011140564901 0.12837728444024676 0.10402618561705519 0.22348015159466963 0.09628296333018507 0.16047160555030843
0.06883650790705258 0.11290941331460118 0.10122444497948818 0.14113676664325148 0.0846566058840005 0.22614459522862929 0.09572754607107492 0.16936411997190173
0.10276266827085441 0.06820839571974405 0.22754753594591431 0.1364167914394881 0.09398161374435726 0.10113653986181884 0.1510189958141667 0.11892745920365629
0.12045868792442521 0.07395525916734601 0.193401790171287 0.08874631100081522 0.1497677628812555 0.1218701397850977 0.14086716031875432 0.11093288875101902
0.08587453234490591 0.13514158266355358 0.10087336480165059 0.11781573873232877 0.11662434744282814 0.22238174213488082 0.07990980540105776 0.1413788864787945
0.09377563677741026 0.06956455331918024 0.21842552778223495 0.13912910663836048 0.09393376481583862 0.10483664355983137 0.15511857113261981 0.1252161959745244
0.10356151906758237 0.06488468191771975 0.2776122321086492 0.1297693638354395 0.09222492319900032 0.07515499376338466 0.1436600202004051 0.11313226590781902
0.07146409135970015 0.11422188843279243 0.14439705456728594 0.14277736054099058 0.09047958558592192 0.16848689014936158 0.09684029671475883 0.17133283264918867
0.10183382753779549 0.06720493167532704 0.24695646659146323 0.13440986335065408 0.09448490416181907 0.08913493317423936 0.14879724392095198 0.11717782958774971
0.07239326244277135 0.0941700166502329 0.09054676350166901 0.08475301498520961 0.14553887778336516 0.24138841668408134 0.10170361798225153 0.16950602997041922
0.05657974240423926 0.09310751488123076 0.057749655345708244 0.0811706539990217 0.13327946600009122 0.32401352876407574 0.09175813060758975 0.1623413079980434
0.09094300914594988 0.06928141047603935 0.2004124516524696 0.1385628209520787 0.09636877819112918 0.12523778587292111 0.15448720485254147 0.12470653885687082
0.10352168744179222 0.06525071718812943 0.26994746881472326 0.13050143437625886 0.09329620114782779 0.0792415573978248 0.144470452382346 0.11377048125109747
0.05274219612155738 0.08428245079625502 0.1069211404630491 0.10535306349531878 0.11149620895160545 0.20940404575208602 0.11909476742949078 0.21070612699063757
0.09071683998570886 0.06948384304978997 0.22571923693443424 0.13896768609957993 0.0930329328069491 0.10206994435572765 0.15493859927818837 0.12507091748962193
0.10262225531911878 0.06472229307366847 0.2807650237604138 0.12944458614733695 0.09180755860358358 0.07448867876199461 0.14330047794902584 0.11284912638485786
0.10507145736246477 0.07664665382461781 0.2189840216651162 0.09580831728077226 0.13309664735629098 0.1129974232489616 0.1424254985248495 0.1149699807369267
0.09038628369292985 0.06571684890486704 0.2712328869113516 0.13143369780973407 0.09654002163214173 0.07986116844727253 0.14653876457294232 0.11829032802876067
0.06999355154188076 0.11315455429650224 0.1461624381248495 0.14144319287062782 0.09434325733896472 0.16923579139190892 0.0959353829905128 0.16973183144475337
0.10133446105134176 0.0670782670682553 0.24758556528762915 0.1341565341365106 0.09520355530428481 0.08916784060671411 0.14851679806728074 0.11695697847798359
0.07561659875856196 0.11264721765623692 0.1401041400309585 0.14080902207029616 0.09377658136099198 0.17257036388657226 0.09550524975202697 0.16897082648435538
0.11528426498874428 0.07533910546661379 0.16472117075645232 0.09040692655993655 0.1531347909210941 0.14460202507559297 0.14350305803164531 0.11300865819992069
0.11379651543241878 0.07556369355696131 0.17681552606310832 0.09445461694620165 0.15383710120182845 0.13177387440670107 0.14041313205733855 0.11334554033544196
0.1303686314829829 0.08667808047035717 0.2082881918357011 0.10834760058794647 0.13758723941585335 0.11041792666428188 0.12079948901372539 0.09751284052915182
0.10528876919562831 0.06439099766632846 0.2644005623454481 0.1287819953326569 0.09930104998005258 0.07835051548124858 0.14358231419924586 0.11590379579939122
0.09117976852232747 0.12848532021942638 0.16604571991324343 0.16060665027428297 0.08323646951830771 0.14420018160081344 0.08169990470474396 0.1445459852468547
0.10531420032761861 0.06648252808844575 0.25593801017222456 0.1329650561768915 0.0922668970366233 0.08391727110741629 0.14719778298784894 0.11591825410293104
0.07173744486755101 0.0983651356056237 0.08740209258075408 0.08575422078438989 0.13947580249113162 0.24881730817159006 0.09693955393017988 0.17150844156877978
0.09993656673440053 0.06727675758810968 0.21272202137290913 0.13455351517621936 0.10598691938335233 0.10840892797202967 0.15001712811438186 0.12109816365859744
0.13615683948169058 0.08620463591936721 0.2226727678657316 0.107755794899209 0.12601610561238138 0.10407397097694532 0.12013966983538676 0.0969802154092881
0.14659486137597952 0.08392487135467093 0.223189379358171 0.10490608919333867 0.12907798385872182 0.10092887394716703 0.11696246063794626 0.0944154802740048
0.11402604055391953 0.0630781153603316 0.2693267399251133 0.1261562307206632 0.09782605074145478 0.07539143244046478 0.1406547826094558 0.11354060764859687
0.1409274380754207 0.08417178727714296 0.24245124683022887 0.1052147340964287 0.1212139557007518 0.09402100066155118 0.11730657667168991 0.09469326068678582
0.08930895750436625 0.10899597121093199 0.13765207011843772 0.136244964013665 0.10109756509207231 0.17079688747833857 0.09240962776579019 0.163493956816398
0.10532385026974554 0.06671038468100904 0.23645963020274013 0.13342076936201808 0.0970852817604617 0.09216719023339207 0.14875420106481713 0.12007869242581626
0.08324909968603482 0.11092528774038894 0.13712410993942586 0.13865660967548615 0.09757545012196361 0.17203615857665705 0.09404535264946018 0.16638793161058338
0.07862059539510027 0.11062203703900932 0.11160660112846411 0.13827754629876166 0.09707305625648092 0.20407885952972712 0.0937882487939427 0.16593305555851398
0.10384338155258703 0.06741614930941914 0.22528559698861853 0.13483229861883828 0.09754705103352142 0.09939850289189374 0.15032795084816744 0.12134906875695443
0.10559079689652993 0.06428654782721416 0.27298028273146313 0.12857309565442832 0.09341552736377547 0.07608855679005429 0.14334940664754917 0.11571578608898549
0.08338631299557264 0.11056825155936663 0.14630174162225898 0.13821031444920828 0.09697075833382997 0.16496759563951144 0.09374264806120214 0.16585237733904995
0.13689807013218094 0.08774209705403785 0.19803717229357964 0.10967762131754731 0.12693419100097872 0.11971862614393106 0.12228236287195199 0.09870985918579257
0.11383076978731622 0.06369917651305745 0.2591124969874634 0.1273983530261149 0.0996840927818527 0.07957693689635192 0.14203965628434 0.1146585177235034
0.14213490547484234 0.084134440398515 0.23843578225850132 0.10516805049814373 0.12319309201945865 0.09502795595875674 0.1172545279434528 0.09465124544832937
0.08987229473049538 0.10870700433512014 0.13658025830056475 0.1358837554189002 0.10281718583536922 0.1709143607666596 0.09216463411021056 0.1630605065026802
0.10576619529344423 0.06663328861428633 0.2358611700729114 0.13326657722857266 0.09780902648857852 0.09214153445359027 0.14858228834290116 0.11993991950571539
0.1407658827248509 0.08510429963496273 0.23056258859734702 0.10638037454370342 0.12381592901253674 0.09902240961495795 0.11860617878230811 0.09574233708933305
0.11340044715784822 0.06281175806161801 0.2725295630795374 0.12562351612323602 0.0977432230850266 0.07476948239367623 0.14006084558814524 0.11306116451091244
0.10594996354637788 0.06273641949247707 0.29150954979108834 0.12547283898495415 0.09148893368126014 0.0700238875938603 0.13989285182352346 0.11292555508645871
0.10353914038571395 0.062397079799817866 0.29939774105978395 0.12479415959963573 0.08962849144302511 0.06879246911574245 0.13913617495660877 0.11231474363967216
0.10267005577011808 0.0622170904306432 0.3025861991630335 0.1244341808612864 0.08898232651957917 0.06838455895274763 0.1387348255274342 0.11199076277515775
0.08278870737631491 0.11017399481638135 0.15363290851289313 0.13771749352047669 0.09571553062498937 0.16130198601483176 0.09340838690954072 0.16526099222457202
0.13656952068850756 0.08757648142083928 0.20084225836747852 0.10947060177604909 0.1263430747375704 0.11862296987870999 0.12205155153240099 0.09852354159844418
0.14989399894272037 0.08387825373893626 0.21448443840647577 0.10484781717367034 0.13110399359522715 0.10453097100199257 0.11689749168467423 0.0943630354563033
0.13362999809292936 0.07242528790926298 0.19072006727708352 0.09053160988657871 0.15288998075705273 0.11658380563553794 0.1345813185776603 0.10863793186389448
0.08798478704223583 0.10846165140189877 0.12423917178663986 0.13557706425237345 0.10950506013578946 0.17958317078530042 0.09195661749291417 0.16269247710284815
0.1057058783194066 0.06685391750994947 0.23028656561645744 0.13370783501989894 0.09992104965610189 0.09411344450973251 0.14907425785054404 0.12033705151790906
0.10601132662220032 0.06406275853608283 0.2748644315098615 0.12812551707216566 0.09387441180539041 0.07489819915963723 0.14285038992971305 0.1153129653649491
0.10429053189695428 0.06285237214110424 0.2928002839621022 0.12570474428220849 0.09093097817111408 0.07013541076893247 0.14015140892359662 0.11313426985398765
0.10315621515295857 0.062371988979383536 0.29993578771810026 0.12474397795876707 0.08965582931430177 0.06878639454165954 0.1390802261719388 0.11226958016289038
0.10259985914054556 0.062184291094442866 0.3027684569282587 0.12436858218888573 0.08913175037343823 0.06835364840130088 0.1386616879031308 0.11193172396999716
0.10235440138052082 0.06211078566248045 0.3038932140757224 0.1242215713249609 0.08892126673774114 0.06820156486529487 0.1384977817608146 0.1117994141924648
0.10225124885241973 0.0620818522622225 0.30434009003922097 0.124163704524445 0.08883750710712683 0.06814499854590712 0.13843326459665733 0.1117473340720005
0.10220895762733521 0.06207041599963907 0.3045177294752898 0.12414083199927814 0.08880427519253675 0.06812327746856955 0.13840776343800112 0.11172674879935032
0.13708996810247956 0.08326114323335175 0.2553775764609337 0.10407642904168969 0.11911291249591274 0.0913757330443177 0.11603745148379431 0.09366878613752072
0.08887408543125577 0.10855214440112891 0.1407800759211728 0.13569018050141116 0.10203328803821665 0.16920866928677286 0.09203333981834844 0.16282821660169336
0.10538545389015841 0.06650338459238589 0.23764562422421978 0.13300676918477178 0.09778885973926509 0.09167119434018137 0.14829262176272315 0.1197060922662946
0.10564431732802182 0.06386917559762532 0.2778749078573985 0.12773835119525065 0.09324447768110426 0.07424552539494497 0.1424187288699287 0.11496451607572558
0.10407526789456052 0.0627645370988962 0.29399140765423626 0.1255290741977924 0.09077886498859232 0.06992913149872876 0.13995554988918046 0.11297616677801318
0.1030490326689462 0.06233123746413549 0.3003932273747516 0.12466247492827098 0.08966879779248117 0.06870964596071909 0.13898935637525137 0.11219622743544388
0.10254768497737261 0.062162698360809114 0.3029334071555112 0.12432539672161823 0.08920471704926689 0.06831969935604196 0.1386135393299236 0.11189285704945641
0.1023269982465284 0.062096808294923415 0.3039419561783238 0.12419361658984683 0.0890167417406985 0.06818300970148018 0.1384666143173367 0.11177425493086217
0.10223437782750543 0.06207088721447262 0.30434269852004303 0.12414177442894524 0.0889416007577554 0.06813225008847829 0.13840881417674938 0.11172759698605071
0.13708798696185395 0.08324917352791485 0.25529003474144196 0.10406146690989357 0.11926764431462775 0.09136760350194524 0.11602076982341863 0.0936553202189042
0.11153874959644353 0.062153973230160135 0.28265852939916825 0.12430794646032027 0.09620361342288744 0.07266595248589747 0.13859408359083467 0.11187715181428824
0.1051306653587453 0.062439094328136976 0.29551796627448423 0.12487818865627395 0.09106835602214414 0.06934549848563344 0.13922986108393529 0.11239036979064657
0.10321443939176773 0.06225852154635481 0.30093456647081496 0.12451704309270963 0.08964703806041074 0.06853584192278109 0.1388272107317225 0.11206533878343865
0.10256155203232283 0.06214307195943346 0.30313673082517745 0.12428614391886691 0.08917581753831555 0.06826937881473387 0.13856977538416954 0.11185752952698023
0.10232158757913049 0.06209058348487898 0.3040205660611188 0.12418116696975796 0.08900250936935362 0.06816780234296424 0.1384527339200137 0.11176305027278215
0.12027399882070873 0.07302415452267895 0.22381069856537503 0.09128019315334869 0.13951103289716035 0.10686955237501543 0.1356941378816945 0.10953623178401843
0.108626643697247 0.06301031140657126 0.2698961733863928 0.12602062281314252 0.10207914844965382 0.07644494980260097 0.14050358991256337 0.11341856053182828
0.12253230948632676 0.07332404805468626 0.21200087355260772 0.09165506006835782 0.14465058557375907 0.10959964845374871 0.13625140272848418 0.10998607208202939
0.10960653458916635 0.06325597748360128 0.2648467761103418 0.12651195496720255 0.10363144699704688 0.0772351617843973 0.14105138859776162 0.11386075947048227
0.10534852468842282 0.06290488125032812 0.2883814325878488 0.12580976250065623 0.09340475398181095 0.070653362340357 0.1402684963999854 0.11322878625059063
0.10354103383927088 0.062441339597368646 0.298089854387467 0.12488267919473729 0.09045785627202428 0.06895795773466117 0.13923486769920707 0.11239441127526356
0.09532719080271347 0.1265058318382012 0.17511900222601184 0.15813228979775149 0.08303416575262752 0.13912125047629667 0.08044120828842141 0.14231906081797632
0.14322389141834801 0.08955232744253395 0.2109113682483192 0.10746279293104076 0.12429539879057039 0.11190298013104362 0.1189657292521086 0.09368551178603553
0.09001365632721217 0.1086047487850775 0.12943086246627614 0.1357559359813469 0.10339413590992985 0.17781559816519307 0.09207793918734831 0.16290712317761624
0.13921594042121255 0.08760522011835413 0.19082069490404036 0.10950652514794267 0.12931292239358147 0.12289122097050664 0.12209160341121368 0.0985558726331484
0.11469567243426107 0.0637713949470755 0.2558560806632945 0.127542789894151 0.10085833983398736 0.08028651870916519 0.14220069261332952 0.11478851090473588
0.10696362719257183 0.0631304589506455 0.2847146196037441 0.126260917901291 0.0930818772937427 0.07144217194346322 0.14077150100337965 0.1136348261111619
0.10408063018359295 0.06253377426847574 0.29661532291879306 0.12506754853695148 0.09050642126831762 0.0691945259210564 0.13944098321955634 0.11256079368325632
0.10293646935792226 0.062249182276366916 0.3014088334886529 0.12449836455273383 0.08955601949279633 0.0684962171804969 0.1388063855535704 0.11204852809746045
0.12050235178917565 0.07305872235538083 0.22292588185207657 0.09132340294422603 0.1398371696261037 0.10700601576198214 0.13575837213798378 0.10958808353307123
0.10871856100992168 0.06302944311298286 0.2695197476077554 0.12605888622596573 0.10218220005746154 0.07649191362016083 0.14054625076238267 0.11345299760336917
0.12256906505919314 0.07332897953650495 0.21187292366023971 0.09166122442063118 0.14469453486798628 0.109619236698525 0.1362605664521622 0.10999346930475744
0.14468430570725374 0.08349179206409801 0.21842803533828495 0.10436474008012253 0.13679642071328166 0.10194754324895106 0.1163588967758978 0.09392826607211026
0.11467769727242559 0.06283018492503147 0.2669127560444566 0.12566036985006293 0.1013150366940719 0.07540768760561575 0.14010193474327912 0.11309433286505664
0.14204171064107637 0.08377705894883884 0.24103725596651016 0.10472132368604856 0.12374080872444804 0.09367618982984574 0.11675646088578845 0.09424919131744369
0.11328095385737014 0.06244197353503625 0.2766411351265331 0.1248839470700725 0.09770847711100883 0.07341167965132557 0.1392362812855883 0.11239555236306524
0.12373179686571097 0.07319640466176457 0.21425098557913388 0.09149550582720571 0.14293012503585892 0.10858636040499732 0.1360142146326819 0.10979460699264684
0.08611212938860782 0.10860589085388754 0.13025158142952026 0.13575736356735943 0.1078883334963156 0.17639695752039938 0.09207890746307858 0.1629088362808313
0.13787184910069228 0.08759437708709328 0.19115123000535308 0.10949297135886658 0.1307412937833249 0.12252811249381942 0.12207649194787067 0.09854367422297991
0.11433654276771311 0.06376049770657406 0.2559942862952567 0.12752099541314812 0.10123431820688836 0.08020807034512137 0.1421763933934651 0.11476889587183331
0.12450010337252479 0.07353995366097389 0.20734900399461403 0.09192494207621736 0.1447802054198916 0.11094326052474668 0.13665260045957087 0.11030993049146083
0.08626541825059925 0.10862818810286018 0.12851646210775464 0.13578523512857524 0.10836526569960132 0.17739933690389406 0.09209781165242495 0.16294228215429027
0.11912319190560812 0.07565434021806129 0.16445583575530648 0.09456792527257661 0.1507488934382849 0.14138673058831494 0.14058157249475567 0.11348151032709192
0.12567314624677758 0.07321199776307537 0.17373001640106142 0.0915149972038442 0.16193989199565825 0.12806876387179286 0.13604318987317737 0.10981799664461306
0.11166910834056415 0.06397005259264235 0.2481347917802047 0.1279401051852847 0.1089188887554774 0.08157728916652164 0.14264366951254875 0.11514609466675622
0.09754235706140386 0.1270941964277853 0.1611963958834597 0.15886774553473162 0.08721581890878852 0.14428718377838312 0.08081533142418956 0.14298097098125842
0.1442931003201108 0.08981093922805475 0.20551180227243102 0.1077731270736657 0.12589689864814257 0.11344879105256356 0.11930928190491277 0.09395605950011883
0.10702577277849887 0.12883755164406957 0.10595587294953072 0.11231991681790685 0.12319398145446335 0.21170079972363623 0.07618220445040637 0.1347839001814882
0.11032740531602363 0.06633170818625428 0.2200919030903212 0.13266341637250856 0.103119457423313 0.10015922587592789 0.14790980900039388 0.11939707473525772
0.08442183660478529 0.1105387738113263 0.13281660626646943 0.13817346726415788 0.09958313059351025 0.17494036868533255 0.09371765605742884 0.16580816071698945
0.1046996949976376 0.06684657049769581 0.2344959921547061 0.13369314099539162 0.09776642888349378 0.09311647046543539 0.14905787510978735 0.12032382689585244
0.10561518866294269 0.06396626832004242 0.2766206333840577 0.12793253664008483 0.09348056350953535 0.07461029535779298 0.14263523114946772 0.11513928297607635
0.1041122757729873 0.06279063169245595 0.29347817549267896 0.1255812633849119 0.09097748922277774 0.0700232904496642 0.14001373693810326 0.1130231370464207
0.10306943154423118 0.06233437650499519 0.3001712858468976 0.12466875300999038 0.08982628116911105 0.06873163824792851 0.13899635596785495 0.11220187770899133
0.10255211403307543 0.06215773886825209 0.3028266806386546 0.12431547773650418 0.08934107464612677 0.06832050371278901 0.1386024804017442 0.11188392996285375
0.12034931876170017 0.07302705107019698 0.22338493574980278 0.09128381383774621 0.1397978343142085 0.10691694938881816 0.1356995202722317 0.10954057660529545
0.10865416425405401 0.06301047132409561 0.2696978441749269 0.12602094264819122 0.10223683701549978 0.07645694569508608 0.14050394650477435 0.11341884838337209
0.10492819319392756 0.06278183358296358 0.2903490161724025 0.12556366716592715 0.09299065594178466 0.07038521502657422 0.13999411846708595 0.11300730044933445
0.1033585580735589 0.06238622492698342 0.29886942027016017 0.12477244985396684 0.09035171098290709 0.06885446081353522 0.13911197021031824 0.11229520486857016
0.1026677428590796 0.06218663755678188 0.30229996878625515 0.12437327511356376 0.08949692931771197 0.06837257860047156 0.13866692016392854 0.11193594760220738
0.12039315511307988 0.0730346869186043 0.22320741632547275 0.09129335864825538 0.13986439267210368 0.1069412506704547 0.13571370927412293 0.10955203037790645
0.10867160258099436 0.06301442947832657 0.2696225399934983 0.12602885895665314 0.10225793045471084 0.07646589287688896 0.14051277259794012 0.11342597306098783
0.10493530592447184 0.062783662614256 0.2903183294587956 0.125567325228512 0.0929978522077062 0.07038873492671915 0.1399981969338783 0.1130105927056608
0.08332075962170774 0.11022405734855965 0.1505699015526692 0.13778007168569956 0.09711409114223724 0.16220420139598657 0.09345083123030058 0.16533608602283947
0.10380028356314273 0.06644574643406428 0.2422852122787744 0.13289149286812857 0.09662028005166501 0.0901905439505332 0.14816409727237617 0.11960234358131573
0.10509095307682821 0.0637678550114824 0.27981096638380804 0.1275357100229648 0.09295605937764867 0.07386351802129403 0.14219279908530552 0.1147821390206683
0.10385928661118003 0.0627079377539899 0.29475798091503175 0.1254158755079798 0.09075180882412875 0.06980348063280502 0.13982934179770282 0.11287428795718182
0.08309814918263865 0.11020877886838985 0.15167633870489633 0.13776097358548733 0.09656550322760131 0.1619392103921581 0.09343787773624358 0.1653131683025848
0.1037081556669995 0.06642313035127048 0.24277536383132362 0.13284626070254096 0.09646073721186309 0.09011105082043476 0.14811366678328075 0.11956163463228688
0.1050500645469883 0.06375609445490225 0.2800134797956268 0.1275121889098045 0.09290420708557477 0.0738364203888406 0.14216657479943873 0.11476097001882404
0.12162240026058878 0.07343950050765984 0.21582821196645474 0.0917993756345748 0.14169316412302516 0.10899215923570467 0.13646593751050223 0.11015925076148975
0.08569438584315173 0.10862517785323449 0.13064335871088456 0.1357814723165431 0.1076438693829924 0.17657870962907793 0.09209525948426402 0.16293776677985172
0.10490650755912245 0.06671940180877613 0.23315875961025373 0.13343880361755225 0.09954517116094305 0.09336212507365746 0.14877430791389779 0.12009492325579703
0.12264539348039895 0.0742374396883471 0.20019050127343752 0.09279679961043387 0.14529190975470244 0.11553312141838003 0.1379486752417793 0.11135615953252065
0.09937249230935294 0.12572881518116166 0.14658882021292155 0.15716101897645207 0.09413919338357814 0.15561761581318395 0.079947127044543 0.14144491707880685
0.14677450002455816 0.08963534447062432 0.19916627275916682 0.1075624133647492 0.12786972764974228 0.11614336819456565 0.1190760131673251 0.09377236036926853
0.09067735012011635 0.10854902955245271 0.12643064340444102 0.1356862869405659 0.10428002537814873 0.17952242130721252 0.09203069896838383 0.16282354432867904
0.10632117892876494 0.06679314451343212 0.23123511311123304 0.13358628902686423 0.09887187163134258 0.09402599952527854 0.14893874313890682 0.12022766012417778
0.14109786011016118 0.08512403181598265 0.2287213125276683 0.10640503976997832 0.12473985411770865 0.09951368719660443 0.11863367866891611 0.09576453579298047
0.10345766187677288 0.12535056046195564 0.15463401489950426 0.15668820057744456 0.08970921384161899 0.14943436144230338 0.07970660638070007 0.1410193805197001
0.11046354888127456 0.066290751339203 0.24987286531723232 0.132581502678406 0.0936071315880744 0.08482715256764135 0.14677317349827604 0.11558387412989239
0.08457994669500116 0.11065194017288033 0.1404902386185169 0.13831492521610042 0.09746013552808835 0.168711302059172 0.09381360145092028 0.16597791025932052
0.07900101202585086 0.1105102263046135 0.11241709476071456 0.1381377828807669 0.09782314615569968 0.20265194567891404 0.09369345273652016 0.16576533945692026
0.1363254350577297 0.08822177277408058 0.18470138509890563 0.11027721596760072 0.12848982641443973 0.12978400415551083 0.12295086616089215 0.09924949437084064
0.11424916021354772 0.06395646068773415 0.2533521169099313 0.1279129213754683 0.10101244994704046 0.08178190003511049 0.142613361593246 0.11512162923792149
0.10695550290897282 0.06319844816910387 0.2837123185982265 0.12639689633820775 0.09327080121465296 0.07178571925355183 0.14092310681289727 0.11375720670438697
0.13928818682552982 0.08369034842849708 0.24767679073705084 0.10461293553562134 0.12125829799525505 0.09268618230925652 0.11663561618673006 0.0941516419820592
0.08932486823233428 0.10857153975633901 0.13885119545709687 0.13571442469542377 0.102846777627278 0.16978410089055812 0.09204978370646136 0.1628573096345085
0.10555411280528772 0.06653190062324596 0.2367615948278369 0.13306380124649192 0.09815039597111963 0.09182456514875793 0.1483562082554171 0.11975742112184272
0.10570888290897179 0.06387865717314209 0.27748663287194186 0.12775731434628418 0.0934602485772888 0.07428680984254496 0.14243987136817055 0.11498158291165574
0.1040961152664009 0.06276285051848458 0.2938142813162225 0.12552570103696917 0.09093902928865759 0.06993710257340198 0.139951789066591 0.11297313093327226
0.08315139839016272 0.11022070676734266 0.15144514208272528 0.13777588345917835 0.09661879673937845 0.16200902189006042 0.09344799052013834 0.16533106015101398
0.11831003799251438 0.07576563592164853 0.17299022578722287 0.09470704490206067 0.14672415889837626 0.13706605944786523 0.14078838316783945 0.11364845388247281
0.1446818586952515 0.08445172577042963 0.20399731764368262 0.10556465721303702 0.13887308778605853 0.10972644656676449 0.1176967148330428 0.09500819149173333
0.09023900973969456 0.10842080824759541 0.12763854835880184 0.13552601030949427 0.10689160184373464 0.17673081952806396 0.0919219896012222 0.1626312123713931
0.09294645105650866 0.1281079899111842 0.12682281219555255 0.16013498738898024 0.08706276123279243 0.17934353771920095 0.08145997184569864 0.1441214886500822
0.0827981702117964 0.10786381147568536 0.10837370398453709 0.12943657377082243 0.1024407729794198 0.21021382003609398 0.09707743032811683 0.161795717213528
0.09165777375415175 0.12865196040530166 0.08500749684285136 0.1121581193276989 0.11538157751015485 0.2564808654225983 0.07607246354400446 0.13458974319323866
0.10718207786519127 0.0668878138832197 0.21083490247190403 0.1337756277664394 0.10212935822268421 0.10964231309698955 0.14914984170377643 0.12039806498979544
0.14187664499081737 0.08542486614378583 0.22092669329014555 0.10678108267973227 0.12615936097769787 0.10367543905567417 0.11905293845038807 0.09610297441175905
0.08982592704137113 0.10866525534899153 0.13206658513920094 0.13583156918623943 0.10401479187311535 0.17446875015692764 0.09212923823066674 0.1629978830234873
0.13908199166882626 0.08756050230304242 0.1918463296805068 0.10945062787880303 0.12952559737448738 0.12200010387585046 0.12202928212756098 0.09850556509092272
0.11461271162956065 0.06373940948369294 0.2562763958725474 0.1274788189673859 0.10094670644958931 0.08008565072264036 0.1421293698039362 0.1147309370706473
0.08527774745644479 0.11032785453364254 0.14200689901810576 0.13790981816705317 0.09905400068606941 0.16639306514665414 0.09353883319156651 0.1654917818004638
0.10458359141283806 0.06662584069770583 0.2384998854127411 0.13325168139541166 0.09733065699071877 0.09121615023415813 0.14856568060055597 0.11992651325587048
0.10542753316156359 0.06386043154304483 0.27825101021527665 0.12772086308608965 0.09324217246945359 0.07414998181379402 0.14239923093329696 0.1149487767774807
0.1390735067210067 0.08390725939243211 0.24582335091132182 0.10488407424054012 0.12151195086197368 0.09346627544775661 0.1169379156084828 0.0943956668164861
0.10286421670061287 0.12510505330818295 0.15942989171659797 0.1563813166352287 0.08892368381147384 0.14700215700262503 0.07955049585357285 0.1407431849717058
0.1105384999279798 0.06613252193083866 0.2518898039652343 0.1322650438616773 0.09322878287422705 0.08421451990423699 0.1464228405794718 0.11530798695633408
0.08458505542489403 0.11062638305539599 0.1409882639196189 0.13828297881924498 0.09735721542039581 0.16842859531734664 0.09379193346000965 0.16593957458309394
0.10447616691882959 0.06667907153485154 0.23812412619668566 0.1333581430697031 0.09700113350085467 0.09165465259385289 0.14868437742248988 0.1200223287627328
0.10542169044897176 0.06387563937127831 0.27811029113639096 0.12775127874255662 0.09318647664114316 0.07424533067092567 0.14243314212043254 0.11497615086830097
0.1040068604194757 0.0627520464679036 0.29407570885489376 0.1255040929358072 0.09086223876089977 0.06991767127245319 0.13992769764634025 0.11295368364222647
0.1380172151433207 0.08348898426629861 0.2515378026659658 0.10436123033287327 0.12028100601276612 0.09203367060955334 0.11635498366963631 0.09392510729958593
0.1297214535424007 0.07213676627251565 0.20364540438689693 0.09017095784064456 0.14944216404147292 0.11263291941881512 0.1340451850884806 0.10820514940877346
0.11155022424506135 0.06326346506110425 0.26091574549278734 0.1265269301222085 0.10493478837298427 0.07786652481782212 0.14106808477804442 0.11387423710998767
0.10594370361042046 0.06296702452212079 0.2867100172056873 0.12593404904424157 0.09385806486828864 0.070839429988456 0.14040706662096783 0.11334064413981741
0.10374082830546126 0.0624727182232907 0.2973984140501374 0.1249454364465814 0.09066150172556801 0.06902537109540169 0.13930483735163626 0.11245089280192325
0.12080619152806263 0.07311017132712608 0.22156337637246148 0.09138771415890759 0.14039281175454263 0.1072205027901929 0.13585397507801783 0.1096652569906891
0.10883559416416909 0.06305160457678932 0.2689260933122597 0.12610320915357864 0.1024356709599804 0.0765592720760122 0.14059566751898991 0.11349288823822078
0.10500176873191895 0.06280056891848905 0.2900345203610755 0.1256011378369781 0.09306185797025908 0.07042322665901003 0.14003589546898904 0.11304102405328031
0.1033883764977972 0.062393983946402345 0.29874295464774686 0.12478796789280469 0.09037902775802306 0.06886924648814186 0.13912927166555983 0.11230917110352422
0.10267971174539497 0.06218971453066885 0.30224926566448956 0.1243794290613377 0.08950822774664845 0.06837838373980976 0.13867378135644667 0.11194148615520394
0.08281325918631699 0.11010401278208072 0.15351735276729384 0.1376300159776009 0.09620788000446087 0.1612224057938832 0.09334905431524236 0.16515601917312106
0.10356742088039812 0.06637739126035094 0.24357186468391614 0.13275478252070189 0.09631695597091315 0.08992060497782778 0.14801167543726015 0.11947930426863171
0.08319698144108019 0.11070136646731578 0.13885059724883225 0.13837670808414476 0.09810355367551261 0.17086323702941644 0.09385550635272426 0.16605204970097368
0.10420323953681064 0.06673602675103517 0.23721128199577537 0.13347205350207034 0.09725476479991085 0.0921864062087334 0.14881137905380082 0.1201248481518633
0.10539128686074069 0.06390138000715477 0.277743724844276 0.12780276001430954 0.09327799746482827 0.07436982689926097 0.14249053989655108 0.11502248401287858
0.12177277773849757 0.07347772561914098 0.2150712110820261 0.09184715702392622 0.14188642860592227 0.10919114374680457 0.13653696775497093 0.11021658842871147
0.10933016714616395 0.0632104189123309 0.2662006481123071 0.1264208378246618 0.10300915867236665 0.07710021550635865 0.14094979978361544 0.1137787540421956
0.1052289114457043 0.06286973593884496 0.2889302698346145 0.1257394718776899 0.09328311088004534 0.07059284773223325 0.14019012760094682 0.11316552468992092
0.08338843880487724 0.11024249080960163 0.15023002657280304 0.13780311351200206 0.09719481069803582 0.16231092378883297 0.09346645959944487 0.16536373621440245
0.09158192961699013 0.12846829838996446 0.13348402899341363 0.16058537298745557 0.08525036748590767 0.17441408579611364 0.08168908104144479 0.14452683568871
0.12204582864450163 0.07507845667238398 0.16202735228648144 0.09009414800686079 0.15024918812020696 0.14488075712311496 0.14300658413787426 0.112617685008576
