0.125 0.125 0.125 0.125 0.125 0.125 0.125 0.125
0.125 0.125 0.125 0.125 0.125 0.125 0.125 0.125
0.12326388888888887 0.12326388888888887 0.12326388888888887 0.12326388888888887 0.12326388888888887 0.13715277777777776 0.12326388888888887 0.12326388888888887
0.1216013780197479 0.1216013780197479 0.1216013780197479 0.1216013780197479 0.1216013780197479 0.14879035386176473 0.1216013780197479 0.1216013780197479
0.12009649807279307 0.12009649807279307 0.12009649807279307 0.12009649807279307 0.12009649807279307 0.15932451349044846 0.12009649807279307 0.12009649807279307
0.125 0.125 0.125 0.125 0.125 0.125 0.125 0.125
0.12014472264194997 0.12014472264194997 0.12014472264194997 0.12014472264194997 0.12014472264194997 0.15898694150635034 0.12014472264194997 0.12014472264194997
0.12333132329663957 0.12333132329663957 0.12333132329663957 0.12333132329663957 0.1366807369235229 0.12333132329663957 0.12333132329663957 0.12333132329663957
0.11970125132286892 0.11970125132286892 0.11970125132286892 0.11970125132286892 0.11970125132286892 0.16209124073991737 0.11970125132286892 0.11970125132286892
0.11637347117162071 0.11637347117162071 0.12967361020749504 0.11637347117162071 0.11637347117162071 0.17208556276278072 0.11637347117162071 0.11637347117162071
0.12099362452868886 0.12099362452868886 0.12099362452868886 0.12099362452868886 0.1339240102144245 0.14011424261344227 0.12099362452868886 0.12099362452868886
0.11543967520562678 0.11543967520562678 0.12888341126436997 0.11543967520562678 0.1303201207850073 0.16359809192248861 0.11543967520562678 0.11543967520562678
0.1191360660569393 0.1191360660569393 0.1191360660569393 0.1191360660569393 0.13361607947749565 0.15156752418086866 0.1191360660569393 0.1191360660569393
0.11368017465609631 0.11368017465609631 0.1372975426337493 0.11368017465609631 0.1285264057091514 0.16577517837661768 0.11368017465609631 0.11368017465609631
0.11775166099204643 0.11775166099204643 0.11775166099204643 0.11775166099204643 0.1320323727375077 0.16145766131021383 0.11775166099204643 0.11775166099204643
0.12475963887508662 0.11167612098708146 0.13501904643083312 0.11167612098708146 0.1263463846245823 0.16717044612117204 0.11167612098708146 0.11167612098708146
0.11635992638833428 0.11635992638833428 0.11635992638833428 0.11635992638833428 0.1414066578869108 0.16043378378308332 0.11635992638833428 0.11635992638833428
0.11505261329768134 0.11505261329768134 0.11505261329768134 0.11505261329768134 0.15233394512985413 0.15735037508405783 0.11505261329768134 0.11505261329768134
0.11319615921226703 0.11319615921226703 0.1259797829120094 0.11319615921226703 0.153358429097975 0.1546809919286805 0.11319615921226703 0.11319615921226703
0.11172656399716782 0.11172656399716782 0.13670062088230753 0.11172656399716782 0.15215893521574803 0.15250762391610512 0.11172656399716782 0.11172656399716782
0.11045440103048593 0.11045440103048593 0.14649500396201942 0.11045440103048593 0.15057053021264283 0.15066246067290828 0.11045440103048593 0.11045440103048593
0.10935790981878453 0.10935790981878453 0.14798076489560372 0.10935790981878453 0.14905526201483935 0.15617442399563425 0.10935790981878453 0.10935790981878453
0.10827370540275233 0.10827370540275233 0.15425691546512363 0.10827370540275233 0.14757156285548162 0.156802994665633 0.10827370540275233 0.10827370540275233
0.10741866684072948 0.10741866684072948 0.1604380364484445 0.10741866684072948 0.14632535260801124 0.15614327673989684 0.10741866684072948 0.10741866684072948
0.10676453199390681 0.10676453199390681 0.16555053827054625 0.10676453199390681 0.1453426591313272 0.1552841426285925 0.10676453199390681 0.10676453199390681
0.10627576639306695 0.10627576639306695 0.16949794630538464 0.10627576639306695 0.1445948101030092 0.15452841162627137 0.10627576639306695 0.10627576639306695
0.10591887441628049 0.10591887441628049 0.1724281918695701 0.10591887441628049 0.14404075055150084 0.15393668549752676 0.10591887441628049 0.10591887441628049
0.1056633963473657 0.1056633963473657 0.17454648570869571 0.1056633963473657 0.14363919677226775 0.15349733578220812 0.1056633963473657 0.1056633963473657
0.10548340594850376 0.10548340594850376 0.17604880918198634 0.10548340594850376 0.14335333823455182 0.15318082284094284 0.10548340594850376 0.10548340594850376
0.10458536016280481 0.10458536016280481 0.1757581205782406 0.10458536016280481 0.1491306540719958 0.15218442453573952 0.10458536016280481 0.10458536016280481
0.11458236974112909 0.10296177416748412 0.17401701541056075 0.10296177416748412 0.14930229820632923 0.15025121997204424 0.10296177416748412 0.10296177416748412
0.11564048190975679 0.10290910749407577 0.17382228660830454 0.10290910749407577 0.14930296784518152 0.14959783366045426 0.10290910749407577 0.10290910749407577
0.1157313768191364 0.10288243438471897 0.17409425406593707 0.10288243438471897 0.14927650281789553 0.14936812875815517 0.10288243438471897 0.10288243438471897
0.11570437666111626 0.10284533479232333 0.17442345344610247 0.10284533479232333 0.14923117954244314 0.14925965118104492 0.10284533479232333 0.10284533479232333
0.11566932338312558 0.10281328153189043 0.1746986180177047 0.10281328153189043 0.14918504262933205 0.14919388984227602 0.10281328153189043 0.10281328153189043
0.11564160687150864 0.10278945982893913 0.17490403575814978 0.10278945982893913 0.14914688444576646 0.14914963360881853 0.10278945982893913 0.10278945982893913
0.1156217603046335 0.10277269287446589 0.17505009332245317 0.10277269287446589 0.14911826030315303 0.14911911457189672 0.10277269287446589 0.10277269287446589
0.12442918872916957 0.10150849183429786 0.17384624915751587 0.10150849183429786 0.14784516466128741 0.1478454301148355 0.10150849183429786 0.10150849183429786
0.12611149943197247 0.10144483018025215 0.17333728909900362 0.10144483018025215 0.14738590413078842 0.14738598661722693 0.10144483018025215 0.10144483018025215
0.12646092999518804 0.10146076181039188 0.1731777447784004 0.10146076181039188 0.14725912617659678 0.14725915180824717 0.10146076181039188 0.10146076181039188
0.12653670358763494 0.10146726477415981 0.17314176046297738 0.10146726477415981 0.1472262344440136 0.14722624240873497 0.10146726477415981 0.10146726477415981
0.13379617105246067 0.10043524656775454 0.172094849132378 0.10043524656775454 0.14618399553460176 0.14618399800954135 0.10043524656775454 0.10043524656775454
0.1356040229374038 0.10032916724517649 0.1715712008380397 0.10032916724517649 0.1457540532373967 0.14575405400645386 0.10032916724517649 0.10032916724517649
0.1354808763890801 0.09972938736831541 0.17075464649312122 0.09972938736831541 0.14982625334748317 0.14502067429705393 0.09972938736831541 0.09972938736831541
0.1409307520620542 0.09883172924089081 0.16951895970089714 0.09883172924089081 0.15032824386532184 0.14389512740816354 0.09883172924089081 0.09883172924089081
0.14207206367564845 0.09827955874509761 0.16845525245426163 0.09827955874509761 0.15336124188613232 0.14299320700356696 0.09827955874509761 0.09827955874509761
0.14233224745906356 0.09818509392461107 0.16793079929645832 0.09818509392461107 0.15437809608098216 0.1426184814650515 0.09818509392461107 0.09818509392461107
0.14181034005430745 0.09758233759617191 0.16711090307542123 0.09758233759617191 0.15414792469813404 0.14660148178744956 0.09758233759617191 0.09758233759617191
0.14154942327982217 0.09748359715482655 0.16667960951342167 0.09748359715482655 0.15396484729620039 0.1478717312912494 0.09748359715482655 0.09748359715482655
0.14115667208195992 0.09717192264864395 0.16618934824780515 0.09717192264864395 0.15596963709657521 0.1479966519790839 0.09717192264864395 0.09717192264864395
0.14055422939233647 0.09669152258291343 0.16550594452420309 0.09669152258291343 0.15625484723525582 0.1509188885165508 0.09669152258291343 0.09669152258291343
0.13893540567893167 0.10600340306515013 0.16379134387863314 0.09525990055593753 0.15493214425432378 0.15055800145514867 0.09525990055593753 0.09525990055593753
0.13853376976172063 0.10713945017468587 0.16318732420778448 0.09536129427855808 0.15452841025761077 0.15052716276252423 0.09536129427855808 0.09536129427855808
0.13846035750207578 0.10731706881325705 0.162991643689184 0.09541268546051417 0.15442561925663006 0.15056725435731058 0.09541268546051417 0.09541268546051417
0.13845087371252757 0.10735013238844617 0.1629259880194838 0.0954260136314176 0.15439969251948396 0.15059527246580567 0.0954260136314176 0.0954260136314176
0.13845101664253306 0.10735689602046258 0.16290326702659688 0.09542910353285745 0.15439288124598646 0.15060862846584855 0.09542910353285745 0.09542910353285745
0.13845173524903853 0.10735832172788812 0.1628954591455121 0.0954297777256145 0.15439095427801644 0.1506141964227012 0.0954297777256145 0.0954297777256145
0.13816069277337792 0.10706721436599437 0.16260095977159886 0.09513851195178458 0.1540989526134008 0.15265664462027434 0.09513851195178458 0.09513851195178458
0.13801721077159784 0.1069818249860892 0.16242657281699224 0.09508546783431204 0.15393439583056406 0.15338359209182056 0.09508546783431204 0.09508546783431204
0.1379615136344529 0.10696122541459584 0.16234365717034346 0.09507435597169704 0.15386044129380871 0.153650094571708 0.09507435597169704 0.09507435597169704
0.13773982282022984 0.10675455296222458 0.1621049338726342 0.09486997236060284 0.15524328753385025 0.15354748572925267 0.09486997236060284 0.09486997236060284
0.13763181114968126 0.10669246539086721 0.16196722310021833 0.09483084839506449 0.15574677875376258 0.15346917642027733 0.09483084839506449 0.09483084839506449
0.13758945374027395 0.1066767726659991 0.16190158437162866 0.09482205428923608 0.15593554962208295 0.1534304767323072 0.09482205428923608 0.09482205428923608
0.137574125513096 0.10667286284885846 0.1618723605434383 0.0948198881081919 0.15600745526244267 0.15341353150758882 0.0948198881081919 0.0948198881081919
0.1375687963884615 0.10667186235893604 0.16185977664554155 0.09481932204239622 0.15603510425863212 0.15340649422124022 0.09481932204239622 0.09481932204239622
0.13756698538777426 0.10667159615290511 0.16185446733496975 0.09481916700191222 0.1560457984107485 0.15340365170786566 0.09481916700191222 0.09481916700191222
0.1375663778703115 0.10667152180327497 0.1618522623073601 0.09481912223072994 0.15604994991906992 0.15340252140779384 0.09481912223072994 0.09481912223072994
0.14153485253360462 0.10610454918008946 0.16128438471790488 0.09425215786861449 0.15548461456775298 0.15283512539480462 0.09425215786861449 0.09425215786861449
0.14261984966245192 0.10576255199407353 0.16077019408331067 0.09397315764073026 0.15498378234032012 0.15394414899765302 0.09397315764073026 0.09397315764073026
0.142810177125235 0.10554195733927448 0.16037464353048436 0.09379056267326631 0.1557048100637433 0.15419672392146402 0.09379056267326631 0.09379056267326631
0.1456792806633738 0.10507917206972356 0.1597725487980513 0.0933522879209153 0.15555457763536512 0.1538575570707404 0.0933522879209153 0.0933522879209153
0.1466608711886482 0.10495807547485383 0.15945353676750343 0.09328261191155124 0.15542488549014333 0.15365479534419738 0.09328261191155124 0.09328261191155124
0.14586710394474858 0.11293592351333531 0.15816798444213187 0.09212918066242418 0.15421964371321392 0.15242180239929778 0.09212918066242418 0.09212918066242418
0.1456021381923234 0.11454331904376121 0.15766145902041281 0.0921550586975136 0.15376404145136308 0.15196386619959854 0.0921550586975136 0.0921550586975136
0.1475211132675672 0.1146239462853673 0.15721365728769665 0.09191703808558421 0.15334401294979555 0.1515461559528208 0.09191703808558421 0.09191703808558421
0.14822499276842557 0.11461097084337578 0.15699924954812544 0.09188807921139575 0.15314725749609143 0.15135329170979456 0.09188807921139575 0.09188807921139575
0.1484909023897902 0.1146055033278201 0.15690756342546522 0.09188518392940732 0.1530657606620431 0.15127471840665943 0.09188518392940732 0.09188518392940732
0.14859256215974426 0.11460453086350376 0.1568697075174695 0.09188529533776765 0.15303331501786147 0.15124399842811814 0.09188529533776765 0.09188529533776765
0.14863164263512177 0.11460459565725523 0.15685429025895312 0.09188555291149218 0.15302061092804756 0.1512322017861457 0.09188555291149218 0.09188555291149218
0.14851252184583574 0.11447056324981988 0.15671385983645594 0.09175150765943367 0.1528814905374957 0.15216704155209176 0.09175150765943367 0.09175150765943367
0.14844357308026115 0.11442053518555372 0.15663224421363892 0.09172804999313432 0.15280245586728267 0.15251704167386052 0.09172804999313432 0.09172804999313432
0.1483209768157106 0.11431435230657323 0.15650217711984304 0.09163178460800847 0.15340654260191317 0.15256059733193453 0.09163178460800847 0.09163178460800847
0.1481947622399174 0.11421390653489165 0.1563689126536888 0.09155238838252062 0.1540666523305496 0.15249860109339064 0.09155238838252062 0.09155238838252062
0.14808956694581418 0.11413699915980378 0.15625672505275134 0.09149539323745781 0.15461368996873467 0.15241683916052254 0.09149539323745781 0.09149539323745781
0.14939871858819434 0.11391619733481204 0.15600470592120333 0.09128983742350003 0.15463224549521193 0.1521786203900781 0.09128983742350003 0.09128983742350003
0.15080560496830203 0.11370511509533994 0.15573301955694438 0.09112252663060626 0.15447253656299653 0.15191614392459823 0.09112252663060626 0.09112252663060626
0.15133796687197903 0.11363359734128584 0.15559082711026087 0.09109285352602024 0.15437743362254583 0.1517816144758677 0.09109285352602024 0.09109285352602024
0.15154477673579816 0.11361355713694565 0.1555260754870673 0.09108699090173902 0.15433260905858084 0.15172200887639103 0.09108699090173902 0.09108699090173902
0.1516261882578868 0.11360837774297147 0.15549805217864646 0.09108578424999073 0.154313038600737 0.15169699046978605 0.09108578424999073 0.09108578424999073
0.15229398131458974 0.11351632984212928 0.1553954249743887 0.09099476310500373 0.15421399979620676 0.15159597475767428 0.09099476310500373 0.09099476310500373
0.1525479189072912 0.11348204556657543 0.15533688480838506 0.0909787262772439 0.154157388577054 0.1515395833089626 0.0909787262772439 0.0909787262772439
0.15264734290669985 0.11347201157264503 0.15530940275923755 0.09097548875039858 0.1541309584665136 0.15151381804370806 0.09097548875039858 0.09097548875039858
0.15268682498309488 0.11346930953197132 0.15529730816462073 0.09097477583472104 0.1541194176167277 0.15150281219942238 0.09097477583472104 0.09097477583472104
0.15313396779990024 0.11340699198058951 0.15523051719663808 0.09091299393212297 0.15405290763851884 0.15143663358798448 0.09091299393212297 0.09091299393212297
0.15330511759726273 0.11338357413549166 0.1551917912690586 0.09090192983170682 0.15401459561341121 0.1513991318896555 0.09090192983170682 0.09090192983170682
0.153664269189313 0.11333496132789232 0.15513178215449883 0.09085795934513777 0.15395492938910432 0.1513401799037783 0.09085795934513777 0.09085795934513777
0.15380332542029027 0.11331724276847824 0.15509884741057192 0.09084987772106576 0.1539224036014598 0.15130854763600252 0.09084987772106576 0.09084987772106576
0.15385856244049187 0.11331199848516715 0.15508347552819082 0.09084814594032058 0.15390734659890373 0.15129417912628465 0.09084814594032058 0.09084814594032058
0.15407787426033256 0.11328238783892616 0.15504853812311153 0.09081957491350663 0.15387260699283634 0.15125986804427355 0.09081957491350663 0.09081957491350663
0.15416280707183147 0.11327128154690788 0.15502883226459288 0.09081433859480102 0.15385313849129997 0.15124092484096494 0.09081433859480102 0.09081433859480102
0.15419660017777603 0.11326795318956712 0.15501954430614412 0.09081321193333748 0.1538440359399323 0.15123223058656807 0.09081321193333748 0.09081321193333748
0.15421022094293288 0.11326702025274346 0.15501542452165268 0.0908129388054422 0.1538400336628049 0.15122848420353943 0.0908129388054422 0.0908129388054422
0.15421574948145378 0.11326676372699143 0.1550136467142237 0.09081286722378806 0.15383832242122755 0.15122691598473945 0.09081286722378806 0.09081286722378806
0.15418984977234987 0.1132385401292724 0.15498473767777562 0.0907846944793772 0.1540346722276057 0.1511981167548649 0.0907846944793772 0.0907846944793772
0.15415510300348972 0.11320884690988493 0.15494866657482081 0.09076059626673327 0.15424308113213636 0.1511625135794682 0.09076059626673327 0.09076059626673327
0.15413624735294568 0.11319839090438219 0.1549291578078727 0.09075602660372883 0.15432440326827268 0.1511437208553401 0.09075602660372883 0.09075602660372883
0.1541274820557537 0.11319530524444103 0.1549200652384509 0.09075501372777081 0.15435690577688255 0.1511352005011593 0.09075501372777081 0.09075501372777081
0.15425651336108628 0.11317545849526209 0.1548970644316273 0.09073577867552542 0.15435106602052134 0.1511125616649267 0.09073577867552542 0.09073577867552542
0.15430615783288718 0.11316799075632361 0.15488400513516973 0.09073224532853082 0.15434512592808783 0.15109998436193897 0.09073224532853082 0.09073224532853082
0.15431306306175094 0.11315295555831655 0.15486504172755072 0.09071869052470082 0.15443146300877766 0.15108140506950166 0.09071869052470082 0.09071869052470082
0.15431338033381012 0.11314744641380703 0.15485465930759604 0.09071616193692533 0.15446457386698956 0.1510714542670213 0.09071616193692533 0.09071616193692533
0.1543129571643602 0.11314580036151958 0.15484980542660723 0.09071560800978044 0.15447768791000774 0.15106692510816375 0.09071560800978044 0.09071560800978044
0.1543040315618279 0.11313672284917928 0.15483904395482936 0.09070685680855536 0.15454326664869011 0.1510563645598074 0.09070685680855536 0.09070685680855536
0.15429873479467687 0.11313330508734702 0.15483296876486655 0.09070523856013966 0.15456874817951088 0.15105052749317957 0.09070523856013966 0.09070523856013966
0.15429619913501402 0.11313227485801115 0.1548300999840518 0.09070488586315417 0.15457892547858398 0.15104784295487644 0.09070488586315417 0.09070488586315417
0.1542950671299144 0.11313198364598565 0.15482882487711494 0.09070479888235881 0.15458304416815746 0.15104668353175119 0.09070479888235881 0.09070479888235881
0.15429457728614182 0.11313190260729698 0.1548282734733407 0.09070477557313693 0.15458472286755043 0.15104619704625935 0.09070477557313693 0.09070477557313693
0.1542943687752269 0.11313187991125696 0.15482803847461626 0.09070476894209381 0.15458540994278874 0.15104599606982963 0.09070476894209381 0.09070476894209381
0.15438379889215154 0.11311908513621818 0.15481515087235678 0.09069197866628641 0.15457290359417564 0.1510331255062386 0.09069197866628641 0.09069197866628641
0.15441837355687912 0.11311420714914432 0.1548074718084811 0.09068963709761448 0.15456539389794768 0.15102564229470442 0.09068963709761448 0.09068963709761448
0.15442634281992848 0.11310693718582315 0.1547979885096819 0.09068333413966395 0.15460237918618996 0.15101634987938484 0.09068333413966395 0.09068333413966395
0.1544284445354798 0.11310430804841089 0.15479287298176986 0.09068214618966558 0.15461648614953277 0.15101144971580988 0.09068214618966558 0.09068214618966558
0.15442904911310368 0.11310352385350655 0.15479049134993203 0.09068188319130385 0.1546220569513681 0.15100922915817808 0.09068188319130385 0.09068188319130385
0.1544292331288961 0.11310330284545679 0.1547894394292779 0.09068181764096087 0.15462429515301304 0.15100827652047352 0.09068181764096087 0.09068181764096087
0.1544895744580355 0.11309462947952605 0.15478037421499075 0.0906731880873584 0.15461659118636226 0.15099926639901023 0.0906731880873584 0.0906731880873584
0.15442251435670368 0.11300091451178089 0.1546846242179917 0.09058119251560784 0.15452140971265155 0.15162695965404857 0.09058119251560784 0.09058119251560784
0.15437874540494054 0.11296627957321836 0.15462891163797154 0.09056513550186274 0.15446599130789726 0.15186466557038417 0.09056513550186274 0.09056513550186274
0.15435751395895156 0.1129562692410157 0.15460269351257075 0.09056199115169214 0.15443992920479008 0.15195762062759546 0.09056199115169214 0.09056199115169214
0.1543480920881407 0.11295363662550129 0.15459118690170898 0.0905613429705059 0.15442850328933547 0.15199455218379593 0.0905613429705059 0.0905613429705059
0.154344070512736 0.11295298666100868 0.1545862932756466 0.09056121489205005 0.15442365013247608 0.1520093547419825 0.09056121489205005 0.09056121489205005
0.1543384910630632 0.11294894024040336 0.1545803489718302 0.09055729731950143 0.15444890623974358 0.15201142152645533 0.09055729731950143 0.09055729731950143
0.1543354709855853 0.11294742365972649 0.154577172670755 0.09055658289561545 0.15445864133785114 0.15201154265923572 0.09055658289561545 0.09055658289561545
0.15433407138741936 0.1129469714345134 0.15457570560191108 0.09055643131524567 0.15446251758016627 0.15201144005025288 0.09055643131524567 0.09055643131524567
0.15433345718366195 0.11294684595265889 0.15457506217119238 0.0905563954818882 0.15446408551253937 0.15201136273428278 0.0905563954818882 0.0905563954818882
0.15437372603224475 0.11294102179808914 0.15456899641040087 0.09055059620266671 0.15445893495339358 0.15200553219787166 0.09055059620266671 0.09055059620266671
0.1543893165955223 0.11293880499065297 0.15456542199576856 0.09054953396752914 0.1544557417136438 0.15200211280182507 0.09054953396752914 0.09054953396752914
0.15439553593249203 0.1129381375419952 0.154563713633794 0.09054930597569323 0.15445419254318588 0.1520005024214531 0.09054930597569323 0.09054930597569323
0.15442533097449826 0.11293405334254832 0.15455905421774918 0.09054535409033959 0.15444959970035615 0.15199589949382938 0.09054535409033959 0.09054535409033959
0.15443693007423143 0.11293251532459925 0.1545563961143525 0.09054462571840642 0.15444697107468813 0.1519933102569094 0.09054462571840642 0.09054462571840642
0.15445992695340674 0.1129294308922463 0.15455251570344328 0.0905418461805918 0.15444310396302693 0.15198948394610143 0.0905418461805918 0.0905418461805918
0.15446892580199614 0.11292830037998014 0.1545503895440046 0.09054132712190385 0.15444098491634686 0.15198741799196056 0.09054132712190385 0.09054132712190385
0.1544848867562626 0.11292619850907329 0.154547631219689 0.09053944936217571 0.15443823041719668 0.15198470501125147 0.09053944936217571 0.09053944936217571
0.15449114262536118 0.11292543035656442 0.1545461373588186 0.09053909788163103 0.15443673928361099 0.1519832567307516 0.09053909788163103 0.09053909788163103
0.15449365532557555 0.11292520103974811 0.15454544162600772 0.09053902084229931 0.15443604529911692 0.15198259418265384 0.09053902084229931 0.09053902084229931
0.15449205440054342 0.11292251447379975 0.15454251237663938 0.0905363797357976 0.15445409431946847 0.15197968522215616 0.0905363797357976 0.0905363797357976
0.1544295709813937 0.11286016120782846 0.1544794785215684 0.09047455905092198 0.15439974373089782 0.15240736840554556 0.09047455905092198 0.09047455905092198
0.1543927726914022 0.11283686832835456 0.15444244053156111 0.09046362699614031 0.15436631715159643 0.15257072030866473 0.09046362699614031 0.09046362699614031
0.15437534656107516 0.11283005802291293 0.15442490821784866 0.09046143423871753 0.154350289861237 0.15263509462077365 0.09046143423871753 0.09046143423871753
0.15436766085356649 0.11282823613790059 0.15441717526148904 0.09046096241918057 0.1543431846953931 0.15266085579410907 0.09046096241918057 0.09046096241918057
0.15437267993076206 0.11282658747886908 0.15441268510958975 0.09045967492809905 0.15433895653096294 0.15267006616551884 0.09045967492809905 0.09045967492809905
0.15437452111662467 0.11282602378304821 0.1544105886121693 0.09045943806015076 0.15433696971787242 0.15267358258983313 0.09045943806015076 0.09045943806015076
0.15437523430581662 0.11282586291784549 0.15440967121339766 0.0904593889412233 0.1543360983002917 0.1526749664389786 0.0904593889412233 0.0904593889412233
0.15437551874916308 0.11282582018902661 0.1544092804268163 0.09045937810209839 0.15433572680041502 0.15267551952828387 0.09045937810209839 0.09045937810209839
0.15437563413218092 0.11282580933316491 0.154409116194316 0.09045937571673829 0.1543355706593495 0.1526757425307738 0.09045937571673829 0.09045937571673829
0.1543756814226173 0.11282580669939815 0.15440904769450078 0.09045937523502241 0.15433550555424833 0.15267583292416845 0.09045937523502241 0.09045937523502241
0.15437570093004335 0.1128258061050008 0.15440901925251488 0.09045937516273937 0.15433547853638227 0.15267586968784058 0.09045937516273937 0.09045937516273937
0.1543757090093806 0.11282580598982542 0.15440900747571412 0.09045937516539648 0.15433546735693326 0.1526758846719572 0.09045937516539648 0.09045937516539648
0.1543812973352719 0.11282500812344824 0.15440820475472045 0.09045857732185152 0.15433466488645792 0.152675092934547 0.09045857732185152 0.09045857732185152
0.15438346523339117 0.11282470388214473 0.15440772622852708 0.09045843124846853 0.15433418668802792 0.1526746242225034 0.09045843124846853 0.09045843124846853
0.15438433161893525 0.11282461228854342 0.15440749676215185 0.09045839996723988 0.15433395749088716 0.1526744019377627 0.09045839996723988 0.09045839996723988
0.1543884399062975 0.11282404989508965 0.15440685749089722 0.09045785573117425 0.1543333183951183 0.15267376711907443 0.09045785573117425 0.09045785573117425
0.1543900409246211 0.11282383818265723 0.1544064925076632 0.0904577555068376 0.15433295366296634 0.1526734082015793 0.0904577555068376 0.0904577555068376
0.15439320966763187 0.112823413584965 0.1544059587190551 0.0904573728787234 0.1543324200801606 0.1526728793120173 0.0904573728787234 0.0904573728787234
0.15439445057559698 0.11282325808484536 0.15440566631810868 0.09045730155025956 0.15433212791339818 0.15267259245727202 0.09045730155025956 0.09045730155025956
0.15439494894149744 0.11282321174115392 0.15440552970053956 0.09045728603269547 0.1543319914743763 0.15267246004434637 0.09045728603269547 0.09045728603269547
0.15439515155098107 0.11282319878078087 0.15440546934610316 0.09045728225943132 0.15433193123197347 0.15267240231186743 0.09045728225943132 0.09045728225943132
0.15439347174933454 0.11282143250546775 0.15440368064380214 0.09045551855336452 0.15434424436189964 0.15267061507940233 0.09045551855336452 0.09045551855336452
0.15439415340660143 0.11282051669574061 0.1544023741738065 0.09045495288759799 0.15434877595744131 0.15266932110361603 0.09045495288759799 0.09045495288759799
0.15439432216471566 0.11282022160926017 0.15440171955200338 0.09045483934996365 0.15435053836254115 0.15266868026158864 0.09045483934996365 0.09045483934996365
0.15439436596420755 0.11282013702316727 0.15440142234700371 0.09045481326140406 0.15435124185609256 0.15266839302531673 0.09045481326140406 0.09045481326140406
0.15439552114107963 0.11281995032735188 0.15440112932977865 0.09045464333381804 0.1543513631534414 0.15266810604689438 0.09045464333381804 0.09045464333381804
0.15439596788261697 0.1128198816536575 0.15440097631116156 0.09045461167044236 0.15435138170347906 0.15266795743775785 0.09045461167044236 0.09045461167044236
0.15439691526397584 0.11281975125221431 0.15440079614970897 0.09045449488277679 0.15435127259496492 0.15266778009080564 0.09045449488277679 0.09045449488277679
0.15439728581156512 0.11281970359532255 0.15440069972822568 0.0904544730764857 0.1543512056210673 0.15266768601436237 0.0904544730764857 0.0904544730764857
0.15439795197673042 0.11281961547330353 0.1544005811199753 0.09045439440190262 0.1543510992213275 0.1526675690029554 0.09045439440190262 0.09045439440190262
0.15439856124674514 0.11281953358281627 0.15440046757619416 0.09045432998060178 0.15435099075377032 0.1526674568986688 0.09045432998060178 0.09045432998060178
0.15439880126642994 0.1128195050382076 0.15440040824044876 0.09045431766984939 0.15435093354074814 0.1526673989046174 0.09045431766984939 0.09045431766984939
0.1543988979393006 0.11281949664778566 0.15440038093433445 0.09045431493807095 0.15435090712451854 0.152667372539848 0.09045431493807095 0.09045431493807095
0.1543989373033715 0.11281949431128162 0.15440036895210768 0.09045431426487249 0.15435089551580441 0.15266736112281729 0.09045431426487249 0.09045431426487249
0.1543989534287301 0.11281949367074351 0.15440036381222744 0.0904543140875197 0.15435089053279705 0.1526673562929428 0.0904543140875197 0.0904543140875197
0.154398960058127 0.11281949349481035 0.15440036163455437 0.09045431403856592 0.15435088842102976 0.15266735427578063 0.09045431403856592 0.09045431403856592
0.154397776891317 0.11281830754754524 0.15439917482026666 0.0904531281261775 0.15435918882095442 0.15266616754138415 0.0904531281261775 0.0904531281261775
0.15439627206502796 0.11281705763170272 0.15439766847708364 0.09045211331087083 0.15436799277025512 0.15266466912331816 0.09045211331087083 0.09045211331087083
0.15439545634002014 0.11281661735203849 0.15439685211587584 0.09045192081278419 0.15437144574456677 0.1526638660091464 0.09045192081278419 0.09045192081278419
0.15439507609457692 0.112816487660367 0.15439647160262687 0.09045187840154073 0.15437283311467653 0.15266349632313048 0.09045187840154073 0.09045187840154073
0.15439514236672783 0.11281641812306167 0.15439627018285412 0.09045183457413192 0.15437336375893593 0.15266330184602458 0.09045183457413192 0.09045183457413192
0.15439516097399975 0.11281639549849165 0.15439617792378074 0.09045182573454051 0.1543735746444855 0.1526632137556208 0.09045182573454051 0.09045182573454051
0.1543946299410519 0.11281585227420807 0.15439560097478588 0.09045128699532025 0.15437741670506278 0.1526626391189306 0.09045128699532025 0.09045128699532025
0.1543528137064647 0.11277414828090912 0.1543537657218385 0.09040969069004746 0.15433741139788262 0.15295278882276278 0.09040969069004746 0.09040969069004746
0.15340603545189804 0.11921270949149375 0.15340697944175535 0.08948023078802529 0.153391385289748 0.15214219796102896 0.08948023078802529 0.08948023078802529
0.152990243869358 0.12088653209366913 0.15299118116357194 0.08945655101937501 0.15297595591086366 0.15178643390441218 0.08945655101937501 0.08945655101937501
0.1521340620790234 0.12633657999256256 0.15213499511940448 0.08877257089383729 0.1521199463922063 0.15095670373529146 0.08877257089383729 0.08877257089383729
0.1517433825833151 0.12799384971312558 0.15174413345878918 0.08873630498791807 0.15172920676467713 0.15058051251633897 0.08873630498791807 0.08873630498791807
0.15159726333091766 0.12852438958772955 0.15159781883292173 0.0887518685968944 0.15158296501175977 0.1504419574459881 0.0887518685968944 0.0887518685968944
0.15154594431034463 0.12869844546342896 0.15154641866152888 0.08876106570518856 0.15153160337943072 0.15039439106970115 0.08876106570518856 0.08876106570518856
0.15152834174715984 0.12875618269915307 0.1515287824064383 0.08876471720956423 0.15151398602106267 0.1503785554974934 0.08876471720956423 0.08876471720956423
0.15152235606258715 0.1287754283561473 0.15152278273974976 0.08876602172778551 0.15150799518748057 0.15037337247067886 0.08876602172778551 0.08876602172778551
0.15152032551397115 0.12878185716539636 0.15152074639069207 0.08876647018486532 0.15150596283911474 0.15037169753622975 0.08876647018486532 0.08876647018486532
0.15151970628961153 0.12878399665420376 0.1515200448368155 0.08876661199994557 0.15150526305830953 0.15037115316122301 0.08876661199994557 0.08876661199994557
0.1515195462488755 0.1287847041276278 0.15151979693659556 0.08876665465342946 0.1515050159324149 0.150370972794198 0.08876665465342946 0.08876665465342946
0.15151949563455513 0.12878493963394064 0.15151970993450628 0.08876667032104173 0.15150492926514217 0.15037091456873064 0.08876667032104173 0.08876667032104173
0.1515194801169183 0.12878501825926236 0.15151967934657012 0.08876667576566147 0.1515048988208261 0.15037089615943866 0.08876667576566147 0.08876667576566147
0.1515194755416916 0.1287850445426235 0.15151966852985665 0.08876667761716699 0.15150488806533394 0.15037089046899313 0.08876667761716699 0.08876667761716699
0.15151947427090273 0.1287850533339277 0.15151966467410677 0.08876667824123861 0.15150488423555403 0.15037088876179303 0.08876667824123861 0.08876667824123861
0.1515194739541876 0.12878505627530829 0.15151966328681007 0.08876667845082914 0.15150488285923186 0.1503708882719748 0.08876667845082914 0.08876667845082914
0.1515195055360392 0.12878505273920834 0.151519658262153 0.08876667400073121 0.15150487783919864 0.1503708836212073 0.08876667400073121 0.08876667400073121
0.15151951787639123 0.12878505090091974 0.15151965544166537 0.08876667326124235 0.15150487502091292 0.1503708809763838 0.08876667326124235 0.08876667326124235
0.1509887599286558 0.13250039061883198 0.1509888912149626 0.08823591020266523 0.15097411079528317 0.14984011683427076 0.08823591020266523 0.08823591020266523
0.1507189276432503 0.13372736818100545 0.1507190560687667 0.08818589496922717 0.15070430598444473 0.14957265721485144 0.08818589496922717 0.08818589496922717
0.15061006029665686 0.134151976002026 0.1506101874050168 0.0881887805181986 0.15059546530453471 0.14946596943716986 0.0881887805181986 0.0881887805181986
0.15056874680015858 0.13430169186309676 0.1505688733096146 0.08819255518154002 0.15055698641814697 0.14942603606436305 0.08819255518154002 0.08819255518154002
0.15055351866195865 0.13435503256531198 0.15055364490311202 0.08819443731186355 0.15054293371365102 0.1494115582203756 0.08819443731186355 0.08819443731186355
0.15054798684251725 0.13437411705129299 0.1505480887946734 0.08819518816011197 0.15053786507111028 0.14940637776007018 0.08819518816011197 0.08819518816011197
0.15054597755200205 0.13438095829738564 0.1505460694428662 0.08819546991152687 0.1505360478017575 0.14940453717140814 0.08819546991152687 0.08819546991152687
0.15054526258064155 0.1343834106226767 0.1505453340462299 0.08819557084431101 0.15053539616892248 0.1494038840485964 0.08819557084431101 0.08819557084431101
0.15054500337290355 0.13438429040979066 0.1505450663790549 0.08819560774706799 0.1505351632181945 0.1494036533788527 0.08819560774706799 0.08819560774706799
0.1505449189376832 0.13438460478156358 0.15054496750443475 0.08819561972877933 0.15053507873060223 0.14940357085937825 0.08819561972877933 0.08819561972877933
0.15054488855092502 0.13438471741642302 0.1505449311374802 0.0881956243114767 0.15053504832538933 0.14940354163535247 0.0881956243114767 0.0881956243114767
0.15054488408971048 0.13438475689755758 0.1505449168434458 0.08819562507908439 0.15053503650162312 0.1494035304304099 0.08819562507908439 0.08819562507908439
0.15054488270263347 0.13438477092811543 0.1505449113840336 0.08819562553965182 0.15053503206574523 0.14940352630051676 0.08819562553965182 0.08819562553965182
0.15054488232091906 0.13438477594328704 0.15054490931573145 0.08819562573240539 0.15053503042151783 0.14940352480132846 0.08819562573240539 0.08819562573240539
0.1505448822360833 0.13438477774029678 0.15054490853238292 0.08819562580565943 0.15053502981386624 0.14940352426039244 0.08819562580565943 0.08819562580565943
0.1505448865574633 0.13438477776632296 0.15054490761633255 0.0881956252140386 0.1505350289706054 0.14940352344716 0.0881956252140386 0.0881956252140386
0.15054488825508047 0.13438477768315454 0.15054490714482965 0.08819562512192478 0.15053502852928127 0.14940352302187965 0.08819562512192478 0.08819562512192478
0.15054489185524442 0.13438477722323872 0.15054490651822308 0.0881956246905946 0.1505350279151904 0.14940352241631985 0.0881956246905946 0.0881956246905946
0.1505448932748974 0.13438477699378054 0.15054490618732808 0.0881956246192133 0.1505350275895025 0.14940352209685176 0.0881956246192133 0.0881956246192133
0.15054489384956993 0.13438477690162678 0.15054490603699835 0.0881956246059262 0.15053502744134184 0.1494035219526844 0.0881956246059262 0.0881956246059262
0.15054489408461832 0.13438477686699635 0.15054490597178175 0.08819562460296972 0.15053502737702926 0.1494035218906652 0.08819562460296972 0.08819562460296972
0.1505448941811662 0.1343847768542944 0.15054490594397268 0.08819562460217058 0.1505350273495971 0.14940352186445796 0.08819562460217058 0.08819562460217058
0.15054489422090148 0.1343847768496779 0.1505449059322046 0.08819562460191982 0.15053502733798613 0.14940352185347056 0.08819562460191982 0.08819562460191982
0.1505448942372723 0.13438477684800534 0.15054490592724495 0.08819562460183403 0.15053502733309201 0.1494035218488834 0.08819562460183403 0.08819562460183403
0.15054489424402173 0.13438477684739983 0.1505449059251602 0.08819562460180337 0.15053502733103458 0.14940352184697345 0.08819562460180337 0.08819562460180337
0.15054489620583544 0.13438477656731918 0.1505449056444243 0.08819562432193084 0.15053502705031005 0.14940352156631848 0.08819562432193084 0.08819562432193084
0.15054489697224344 0.13438477642496166 0.15054490548206392 0.08819562427583934 0.15053502688796522 0.14940352140524776 0.08819562427583934 0.08819562427583934
0.150544897281154 0.13438477636752927 0.15054490540631824 0.0881956242673364 0.1505350268122322 0.14940352133075707 0.0881956242673364 0.0881956242673364
0.15054466060670146 0.1343845395453992 0.1505446685725575 0.0881953874649463 0.15053668438265333 0.1494032844978495 0.0881953874649463 0.0881953874649463
0.15054452359606768 0.13438441915751298 0.15054453149593783 0.08819534847477253 0.15053733184460955 0.1494031484815542 0.08819534847477253 0.08819534847477253
0.15054446098018637 0.1343843704012757 0.15054446734671506 0.08819534109684114 0.15053759260107127 0.14940308538022806 0.08819534109684114 0.08819534109684114
0.15054427414797544 0.13438419274397234 0.1505442798794582 0.08819518019745724 0.15053881400684027 0.14940289862938205 0.08819518019745724 0.08819518019745724
0.1505441701146209 0.13438410502627468 0.15054417558309088 0.0881951535420348 0.1505392931843641 0.14940279546554497 0.0881951535420348 0.0881951535420348
0.15054401491011643 0.13438396275865425 0.15054402026965558 0.088195041423708 0.15054023670757352 0.1494026410828762 0.088195041423708 0.088195041423708
0.15054393188022586 0.1343838951092985 0.1505439371946473 0.0881950226729026 0.1505406087128126 0.14940255908430788 0.0881950226729026 0.0881950226729026
0.15054389482595718 0.13438386817780124 0.1505438991086632 0.08819501899304488 0.15054075909731104 0.14940252181113273 0.08819501899304488 0.08819501899304488
0.15054387865034913 0.134383858091914 0.15054388250576212 0.08819501816373458 0.15054082054908843 0.1494025057116825 0.08819501816373458 0.08819501816373458
0.15054387172456804 0.13438385439877754 0.15054387540301423 0.08819501793720046 0.15054084577254134 0.14940249888949736 0.08819501793720046 0.08819501793720046
0.15054386878472006 0.1343838530579313 0.15054387238987404 0.08819501786571558 0.1505408561472401 0.1494024960230877 0.08819501786571558 0.08819501786571558
0.15054386813890724 0.13438385248739515 0.15054387103228362 0.08819501775603933 0.15054086033420033 0.14940249473909567 0.08819501775603933 0.08819501775603933
0.15054386784866897 0.13438385226852706 0.15054387044725737 0.08819501773326918 0.15054086204544162 0.14940249419029744 0.08819501773326918 0.08819501773326918
0.15054386772269632 0.134383852187532 0.1505438701991961 0.08819501772750088 0.15054086274837644 0.1494024939596965 0.08819501772750088 0.08819501772750088
0.15054386766878672 0.1343838521579562 0.15054387009472261 0.08819501772576377 0.15054086303775674 0.1494024938634864 0.08819501772576377 0.08819501772576377
0.15054386804694633 0.13438385208991138 0.15054386999357477 0.08819501766788437 0.15054086309972295 0.14940249376619147 0.08819501766788437 0.08819501766788437
0.15054386819392115 0.13438385205688105 0.1505438699420409 0.08819501765824163 0.15054086311574322 0.14940249371668873 0.08819501765824163 0.08819501765824163
0.15054386825297575 0.13438385204371214 0.1505438699188816 0.0881950176564255 0.1505408631205618 0.14940249369459227 0.0881950176564255 0.0881950176564255
0.1501625340822596 0.13705319140212063 0.150162535714116 0.08781368346125148 0.1501595289273834 0.14902115949036573 0.08781368346125148 0.08781368346125148
