0.125 0.125 0.125 0.125 0.125 0.125 0.125 0.125
0.06578947368421052 0.10964912280701754 0.05921052631578946 0.09868421052631579 0.13157894736842105 0.21929824561403508 0.11842105263157893 0.19736842105263158
0.11178451178451179 0.09023569023569024 0.13973063973063973 0.1127946127946128 0.13414141414141414 0.10828282828282829 0.16767676767676767 0.13535353535353534
0.07489906733713898 0.12483177889523163 0.08987888080456677 0.14979813467427797 0.10495614532118908 0.15603972361903953 0.11234860100570847 0.18724766834284742
0.06417966621127136 0.11914622159355949 0.05776169959014422 0.09626949931690704 0.14064829476977767 0.21393222070423787 0.11552339918028844 0.19253899863381407
0.0768214136916826 0.12852970632621852 0.09080903164352395 0.16066213290777315 0.087176670377783 0.15423564759146222 0.10897083797222876 0.19279455948932778
0.09708797067547267 0.08556630280830185 0.19417594135094535 0.15291355381386948 0.09148079783307049 0.07618459157978355 0.16928158989569594 0.13330925204286057
0.05446613216799208 0.09804246656385812 0.07723058027456588 0.10893226433598416 0.11825361161808864 0.19449169916436193 0.13071871720318098 0.21786452867196832
0.06085249898828925 0.11086642191292657 0.05878513806275338 0.09127874848243386 0.14580816319132206 0.24031703421848644 0.10953449817892062 0.18255749696486773
0.07580407054458976 0.1270794747861338 0.08978441153368151 0.1588493434826673 0.09762682388994848 0.1524953697433606 0.1077412938404178 0.19061921217920072
0.10517963231964671 0.09292309597298441 0.13708295106319632 0.09939475254206614 0.1531758466192175 0.13023083232583618 0.15776944847947005 0.12424344067758267
0.11763572168218762 0.08650626947526353 0.13395560385162075 0.10813283684407941 0.14689682573063023 0.1163666135813781 0.16074672462194492 0.12975940421289528
0.10369468061261582 0.0753678027928525 0.18673216811363458 0.150735605585705 0.1044948907352395 0.07525385583054693 0.1680589513022711 0.1356620450271345
0.07786613256873115 0.12656164214584975 0.1002254882537033 0.14160841340528352 0.10418848034859791 0.16633301646726723 0.10620631005396267 0.1770105167566044
0.07372222347859825 0.12833680410541165 0.09027387054524301 0.13695518678831192 0.10106233336469546 0.19573920814111573 0.10271639009123394 0.17119398348538986
0.08898346020724081 0.15582799561817612 0.0813161562758552 0.12433660733919402 0.12201952734210188 0.2596618333095201 0.09325245550439552 0.07460196440351641
0.0880012525129518 0.14347034964105598 0.07620002226975349 0.12507671507168983 0.11735503881554467 0.21496992207609117 0.08483464152688526 0.1500920580860278
0.09882947390844425 0.07350538055444274 0.19557483472035864 0.14701076110888547 0.09839566331271365 0.09046817371307252 0.16390602768408574 0.13230968499799695
0.10071346470042485 0.0775265497061794 0.21874852089432043 0.14468910103525262 0.09362723141509767 0.07837913337473328 0.16017678258684862 0.1261392162871433
0.06541767411238437 0.10674702510559822 0.07402258781048776 0.08920404569870277 0.13843725447239374 0.2407184665645842 0.10704485483844331 0.17840809139740554
0.0834519828414789 0.1387221969285689 0.0771279646383221 0.1209372998864447 0.11667167127617431 0.2359370863814279 0.08202703818384945 0.14512475986373363
0.07060667352894419 0.11534004009323054 0.09251846206634316 0.14417505011653817 0.09424575078366153 0.21231566840978475 0.09778829486165197 0.17301006013984577
0.08572615791672653 0.14895174220862478 0.11191644348464846 0.15994621222158975 0.08494439879933006 0.18541058524460644 0.08366417254667774 0.1394402875777962
0.06440573433928425 0.1071343653338841 0.06034217264812014 0.08364119268975022 0.13361980604268417 0.28320491233907635 0.10036943122770024 0.16728238537950044
0.06751099661111172 0.12432771427630836 0.08777978240651514 0.14009874823486668 0.09428687868945404 0.22285388309712487 0.09502349880277916 0.16811849788184002
0.0938216817997868 0.08664319634905225 0.20318803776138217 0.14176172243132643 0.09235440054601111 0.09659166964633589 0.1580537412779117 0.12758555018819379
0.10262499041523462 0.07529841498478923 0.23955952151220003 0.13845588065929904 0.09292802077051834 0.07715169352791726 0.1532763514014218 0.12070512672861966
0.07944806911003802 0.12027089355510087 0.12545090738975823 0.13393848366959293 0.10193041352583622 0.1710842654104877 0.10045386275219471 0.16742310458699117
0.05576249375846459 0.0912693308575027 0.07572398231132937 0.09736354626089717 0.12395968236412289 0.2443576164128123 0.11683625551307658 0.19472709252179435
0.05711710801357507 0.11131603032001523 0.055394400977954145 0.08335307096043362 0.1321944193023836 0.29969361785384624 0.09422521065092497 0.16670614192086725
0.09135543807880643 0.08391509578136877 0.19518058362689134 0.13913951709747277 0.09655889389089722 0.11349472811920783 0.15513017801763007 0.1252255653877255
0.1355725686765281 0.09945945993524209 0.20348420927675634 0.10981790921486308 0.12742870670554865 0.10692551631614759 0.12157293979016182 0.09573869008475243
0.10891564784377891 0.0911182216418393 0.18464915638727278 0.09627422752817849 0.14134725386724614 0.11904831429777206 0.14311810540009817 0.11552907303381417
0.09923022627373546 0.07790412873150529 0.24782657458678312 0.13330823021992738 0.09377159304332869 0.07935311162695588 0.14862872831982948 0.11997740719793465
0.0958730849294831 0.07481496724292994 0.27789909893898573 0.130805618879933 0.08555048681019126 0.0714931827687613 0.14583850343777605 0.11772505699193968
0.09391604506949873 0.07328874803272672 0.2926016640711596 0.12865014807388592 0.08314554180036547 0.0691774053408024 0.14343531434506385 0.11578513326649732
0.12487821316807027 0.09749399788738071 0.2522958004792731 0.10716116409035331 0.11046269435324788 0.09178638148141065 0.11947670085894616 0.09644504768131798
0.09778686037414475 0.07562240041382808 0.2836037004592871 0.12764775859901098 0.0860631467257435 0.07207542580311281 0.14231772488576297 0.11488298273910987
0.07459632442528698 0.12734359373343024 0.148626721581218 0.13941398522800943 0.08785290633337346 0.16031063557476832 0.09455905085030206 0.1672967822736113
0.1017847313071068 0.07715228654421716 0.2339286297168305 0.13622034358816296 0.09322319293353505 0.08813309896849185 0.15080151996735988 0.11875619697429592
0.07861771212452005 0.12780054044466604 0.13638111083154475 0.13963405172880708 0.08895580701287341 0.16634160243652496 0.09470831334649524 0.16756086207456847
0.10214336955404492 0.07681678847958245 0.235526995826384 0.13547931552749518 0.09304187171657863 0.08890031494203555 0.14998117144272968 0.11811017251114965
0.05994727303260535 0.09476014479571648 0.10162121083480673 0.10352554360379222 0.10997098550274387 0.2060948796445511 0.11702887537819989 0.20705108720758444
0.09789736715873316 0.07990960648190407 0.22130365321388437 0.13591064710988135 0.09571615791390756 0.09541275678088373 0.15153022894191248 0.12231958239889322
0.10170663651867176 0.07438276507381575 0.271718757164514 0.12930912719356244 0.08884248553552224 0.0734919871537509 0.1441700268859569 0.1163782144742062
0.13438018138378124 0.0964940382392129 0.24411308306874682 0.10566389510514433 0.1147941598057464 0.09164977912580881 0.1178073576769296 0.0950975055946299
0.14478239638349916 0.09855446250278818 0.230653835791751 0.10370454521773911 0.1191716477029535 0.09417619293269017 0.11562282877261361 0.0933340906959652
0.08894025980753623 0.12881059135051276 0.13384703922010888 0.13501722371109626 0.09526209660301371 0.16452522129384717 0.09157689956056962 0.16202066845331548
0.10441859485687965 0.08243006791279536 0.23378149090269174 0.1325567999922633 0.09107358940475378 0.08864739724471245 0.1477909396928667 0.11930111999303698
0.10457381471855717 0.07393556461977903 0.27623758861844033 0.12783103379240482 0.08718188217827874 0.07267012261023184 0.1425220630491439 0.11504793041316434
0.1028941287034237 0.07163823604744057 0.2933290431911804 0.12549091293245024 0.0850364568832214 0.06875639767689905 0.13991300292617959 0.11294182163920521
0.10180650831733778 0.07085554403351668 0.3001345258611987 0.12454681767500726 0.08408046274939449 0.06762359828703784 0.13886040716900064 0.11209213590750654
0.1012782480935028 0.07056323693876558 0.3028417182804818 0.12417616961655058 0.08368658296790027 0.06724832920377935 0.13844716224412426 0.1117585526548955
0.10104650148358196 0.07045010415083862 0.3039202921006569 0.12403023348347454 0.08352860499847903 0.06711259930134121 0.13828445434650072 0.11162721013512708
0.11905497819021835 0.08303311238687432 0.2243359887988296 0.09137957711894541 0.13124743605672087 0.10545153608408032 0.13584187882159648 0.10965549254273449
0.08398778201511885 0.12564086778122666 0.13223793779306645 0.13524390725360758 0.09750964675642972 0.17135651955899212 0.0917306501372295 0.16229268870432909
0.11710084736812616 0.09309919271255175 0.16537100258110216 0.09395178499422759 0.14202675820795582 0.13604263355452959 0.13966563858843387 0.1127421419930731
0.1237749121512542 0.08626789376797017 0.17407506779156875 0.09129568580361713 0.1554359300911568 0.12387851868322276 0.13571716874686965 0.10955482296434055
0.08477733892840986 0.1253899880645879 0.11906059731370144 0.13409506007461597 0.10733292589353419 0.17747858558500249 0.0909514320506091 0.16091407208953915
0.11732333127340167 0.09271508859485236 0.15995694977454392 0.09350773824200322 0.14800923737239158 0.1372728355851867 0.13900553326721674 0.11220928589040387
0.10923741378233508 0.075649632632911 0.24178778641231527 0.12809057156611778 0.10535144631798897 0.0817902065804826 0.14281142829834323 0.11528151440950599
0.10512264784595206 0.0722189815828466 0.27824134648909027 0.12603054954847576 0.09374405738162599 0.07070026507672227 0.14051465748165876 0.11342749459362816
0.0942674513911087 0.14243746063742568 0.16802171158125895 0.15619225655352986 0.08253763355271877 0.1365161335737682 0.07945432181201302 0.14057303089817688
0.09545785327792915 0.14923775439263476 0.13904690646806783 0.15566012977605725 0.08312220717230363 0.16034922430230178 0.08142222172901457 0.13570370288169095
0.1202280862631862 0.08694702594395759 0.1608342138316751 0.0900778165686359 0.14626171047294315 0.1400732149887502 0.14298066122005698 0.11259727071079485
0.07256841896106747 0.1080705623404769 0.06950181588549223 0.08052077577443079 0.15350418464330332 0.2637692051883155 0.0910234856580522 0.16104155154886157
0.11194732497930696 0.08860502612590045 0.13906508857113822 0.09139676303149899 0.16244192607569094 0.1610003287437807 0.1358674268348851 0.1096761156377988
0.1414249466645807 0.09819753871881634 0.18883178947984364 0.10453259549231274 0.14263895898605558 0.11374879168134285 0.1165460430339666 0.09407933594308145
0.11403975245418731 0.07494986979545366 0.2529477385878094 0.1254675312782342 0.10275851184616178 0.07702888376111454 0.13988693412662828 0.11292077815041078
0.12342318939470277 0.08336764757515269 0.20541709336763148 0.09097348152193604 0.14398681445672806 0.10842540541596102 0.13523819044156463 0.10916817782632325
0.10927403462389063 0.07301796381932718 0.26081279926603324 0.12541855461034507 0.10284157698810431 0.07592604274608193 0.1398323287969071 0.11287669914931056
0.10469231819013919 0.0712350783688104 0.2857622992606372 0.12477500208556579 0.0926018443722275 0.06952114008752473 0.13911481575808604 0.11229750187700921
0.1027511643112577 0.07046440341299821 0.29611291139977874 0.1237821186699067 0.08961394605022897 0.06786372450751027 0.13800782484540342 0.11140390680291602
0.13623512072947114 0.09372827742990542 0.25092988156095486 0.10302396745908424 0.11848847707630637 0.09000866967000362 0.1148640353610984 0.09272157071317581
0.11061355767707384 0.07288755668927777 0.27952357471702366 0.12286288033696686 0.09527363260487527 0.07127926296746122 0.1369829427040511 0.11057659230327019
0.0834421793231737 0.1239111619733595 0.14661938680349665 0.1356255469487226 0.0962534879248539 0.1594080792792277 0.09198950140869881 0.16275065633846708
0.1023252073063556 0.0851409797249788 0.2376650772707606 0.13012003337806616 0.09490105988960863 0.08766548562367897 0.14507412676629167 0.11710803004025955
0.12057008791121016 0.08863282463440461 0.20051287305857363 0.0913436969693845 0.1417805662274747 0.11175897426627754 0.1357885405694134 0.1096124363632614
0.10857162872424088 0.07678296736407744 0.2583597150400189 0.12520121765904904 0.10232091366868318 0.076492447335399 0.1395900143153875 0.11268109589314412
0.12157459118271664 0.08643934843424143 0.20695460480716452 0.090542813176569 0.14335496005701776 0.10788433350971721 0.13459797302069063 0.10865137581188279
0.10854063745492161 0.0762084849945964 0.26100083502149013 0.12480108107295725 0.10240332335548669 0.07558077325205194 0.1391438918828344 0.11232097296566151
0.08275576851750373 0.1287934042194971 0.1415467805072355 0.1350587004157476 0.09759846041712913 0.1605714138376568 0.09160503158633317 0.16207044049889713
0.13338372363000733 0.11589753751473358 0.19187519913993265 0.10604445020169301 0.12432186353699831 0.11480557258516412 0.11823164820994728 0.0954400051815237
0.08591380087516128 0.14070663458992558 0.12195813388391344 0.1313126676558326 0.1006465024273027 0.17282281523169168 0.08906424414917342 0.1575752011869991
0.10334677449729464 0.09130396902316222 0.2257032072321989 0.13029917033029556 0.0962711126404218 0.09053266187976279 0.14527385109959817 0.11726925329726601
0.1381178712423266 0.10509097757999747 0.2241489798971644 0.1042650409094019 0.12187548867431823 0.09641536523754887 0.11624773964078093 0.0938385368184617
0.08711004093869557 0.13773651859051464 0.1304022976283917 0.13155454330027444 0.10034288370154976 0.16575996494614534 0.0892282989340992 0.15786545196032933
0.07683627563015992 0.1474262712841813 0.10661800709443672 0.1322949838686618 0.09507027450795089 0.1932696961743403 0.08973051079787495 0.1587539806423941
0.0744638508252726 0.1495917953735038 0.10030701595054012 0.13169415370560977 0.09338206926609274 0.20320513922322692 0.08932299120902228 0.15803298444673172
0.10116415563691716 0.09372632777730137 0.2160661029975372 0.1313759426872154 0.09534879440761235 0.09760595615350484 0.14647437192141774 0.11823834841849384
0.10421566542982968 0.08015482029528684 0.26708209744573447 0.12657017855008793 0.0922388780684033 0.07470889596794329 0.14111630354763535 0.11391316069507913
0.12022635969974563 0.08894501886910844 0.21008191248565983 0.09042615724130078 0.13972440876880057 0.10766019810800957 0.1344245561378143 0.10851138868956094
0.08368225749696892 0.13305067529164244 0.1270050078359177 0.1320375519810885 0.10474953874452947 0.17147400145059125 0.08955590482195568 0.15844506237730618
0.07604749658833897 0.1457880330847166 0.10562808549660395 0.13206483369476757 0.09594429460766521 0.19647504715338787 0.08957440894079886 0.15847780043372106
0.10136325035685824 0.09281454607470421 0.2184222237111669 0.13107480100202806 0.0957474941095562 0.09647174242816726 0.14613862141569398 0.11796732090182525
0.08098342783212925 0.13616425095179682 0.13025118640833527 0.134636958496975 0.095614616818714 0.16946622874990527 0.09131898054577435 0.16156435019637
0.10190441706674623 0.09031864585243361 0.22970926326180816 0.130154518919925 0.09505570156678474 0.0906058107324535 0.14511257557191634 0.11713906702793249
0.1038508703075644 0.07911121931325606 0.27270069716630924 0.12582762081253782 0.09178349868155687 0.07319282790246803 0.14028840708502352 0.11324485873128404
0.10268663111987636 0.07584387948192775 0.29026018128154013 0.12363872149889085 0.08957831315968483 0.06886947640807613 0.13784794770100217 0.11127484934900177
0.0813169463762873 0.13097632457442354 0.1485535455767773 0.13440352827914345 0.09431985439406894 0.15798491290108221 0.09116065396324513 0.16128423393497213
0.10135312385251126 0.08880092955725422 0.23785055200445182 0.12932049252872604 0.09421468786802407 0.08788907252667408 0.14418269838650502 0.11638844327585346
0.10339694160884967 0.07859609759325883 0.2760668223015783 0.12540911962006906 0.09136735199763618 0.07247364973369266 0.13982180948685313 0.11286820765806219
0.10244053445838533 0.07565170225517685 0.2916183427097432 0.12345951161071683 0.08941997227813406 0.068648234188638 0.13764814204956038 0.11111356044964514
0.08125745441280145 0.13089723540457796 0.14888592115518928 0.1343755153978096 0.0943232146929974 0.15786838653726035 0.0911416539219926 0.1612506184773715
0.10132250743812415 0.08877363694044521 0.23799135233527582 0.12929887293860368 0.09423095289288656 0.0878550976530005 0.14415859415692078 0.1163689856447433
0.11993992217110841 0.0911719200965641 0.20021739269104918 0.09092625717220279 0.14137433851292572 0.11209067247560502 0.13516798827390147 0.10911150860664336
0.10817570003549358 0.07893250675528235 0.2577746616570426 0.12468696636910878 0.10228731276564787 0.0769079201811609 0.13901666250406608 0.11221826973219791
0.13821799032447576 0.10096335377340572 0.23545109279149606 0.1028810405402851 0.12257491981564879 0.09261398375560659 0.11470468251282534 0.09259293648625659
0.12817213644563105 0.09155763474943246 0.19606320346222902 0.0881954597736631 0.14820665787547466 0.11086188143596741 0.13110847452920663 0.10583455172839572
0.1257972218818024 0.0900689175141854 0.18229184900936604 0.08876577030047572 0.15801161561914787 0.11658942188269975 0.13195627943175198 0.10651892436057085
0.11007547024649307 0.0789868948374707 0.2494761652952479 0.12500151710384777 0.10657788690653687 0.07801333711757602 0.1393673630993646 0.112501365393463
0.08275805095615782 0.1319071959581471 0.13824856283721917 0.1344042882446904 0.0984611805162468 0.16177440617577254 0.09116116941813783 0.16128514589362844
0.1332385862005096 0.11653003756428457 0.19029118917058221 0.10585863522178846 0.12474016212194221 0.11604413964714005 0.11802447837414325 0.0952727716996096
0.12759540062181485 0.09548705933101197 0.18060864032649315 0.08894425254503102 0.15007731723829934 0.11833262160741546 0.13222160527589685 0.10673310305403723
0.11064034295976449 0.08005330473010543 0.2488121564223981 0.1251337691392484 0.10481617532262207 0.07840904495125664 0.13951481424928142 0.11262039222532357
0.1219952138040893 0.08882017196039615 0.20326507188276877 0.0902800082780064 0.14432488144071723 0.10877134681251237 0.13420729588790203 0.10833600993360767
0.09668383480025838 0.15301689898719917 0.14418541646420557 0.15185825979511425 0.09161884220627518 0.14871467742687347 0.07724963650447117 0.13667243381560282
0.11935941491493766 0.10524419845392897 0.16687947719791338 0.0913890662229886 0.14140829803539168 0.13019668069516882 0.13585598501208454 0.10966687946758631
0.10925617559364736 0.08242703128862555 0.2432858104649428 0.1261595202766714 0.10348976962800212 0.08117967428019085 0.1406584502189157 0.11354356824900425
0.10495053963593991 0.07709891490491083 0.27784670349343055 0.12472836274272525 0.09313049798081481 0.0709266384023592 0.13906281637136678 0.11225552646845272
0.1027135126883551 0.07529464434321835 0.2922439277784827 0.12328636417943192 0.08976281516985979 0.0682859124940356 0.13745509558512783 0.11095772776148874
0.10163921086865514 0.07458835508470738 0.2981044240197815 0.12260897151433155 0.088551359677425 0.06745975115696866 0.1366998533152323 0.11034807436289837
0.10115907470593617 0.07430361225769168 0.30047360348607055 0.12232623096667654 0.08809268127087012 0.0671665707381081 0.13638461870463786 0.11009360787000888
0.1009536486355841 0.0741886119072037 0.3014294601959412 0.12221149994611931 0.0879143446893866 0.06705538249552467 0.136256702178733 0.10999034995150737
0.10086792997200139 0.07414223996927803 0.3018149117427676 0.12216524661895203 0.08784397492749638 0.06701184164176562 0.13620513317068234 0.10994872195705681
0.0808937897486201 0.13033406505752593 0.15141127431931728 0.1342341922017271 0.09393471806558143 0.1570651300370277 0.09104579992812796 0.16108103064207252
0.07572558908725702 0.14538301544275545 0.11189205540615824 0.13249037254532778 0.09392163334111575 0.19173585183137898 0.08986303529161363 0.15898844705439333
0.1313895410486696 0.12031477255608748 0.1798001092720362 0.10627219908513165 0.12387654174574875 0.1242162858969119 0.11848557121879603 0.09564497917661847
0.08523550246881528 0.1415710507991601 0.11855985552164576 0.13080554090886365 0.10048055827487454 0.17766056301520977 0.08872027992079448 0.15696664909063635
0.10315437714277954 0.09146836133097985 0.22391493976558138 0.13018702545384594 0.0964583495140903 0.09249980595288397 0.14514881793137752 0.11716832290846135
0.08133248776435255 0.13573030016866477 0.13164168571834942 0.13456746569296377 0.09599846073868182 0.16797679478933386 0.09127184629609716 0.1614809588315565
0.10191517399777066 0.09017037207604435 0.23027018992030684 0.13003353207375484 0.09518957356485014 0.090413295233588 0.14497768426730576 0.11703017886637934
0.10381007024474019 0.0790494063324943 0.27289711746322 0.1257578427856491 0.09188745265745914 0.07320544221699504 0.14021060979235803 0.11318205850708421
0.1026502727019986 0.07581122960068956 0.2903116217221679 0.12359357697058601 0.08968550603648351 0.06891595877361005 0.13779761492093695 0.11123421927352742
0.10169666679544796 0.07473479689453497 0.29733330370019956 0.12270558791830632 0.08860428018449858 0.06768276198505205 0.1368075733954848 0.11043502912647568
0.10119663226952876 0.07434637602466401 0.30015826217836533 0.12235382637872225 0.08813056914666505 0.06728050473149484 0.13641538552970972 0.11011844374085003
0.1348329401156977 0.09908583478596125 0.2514686144516731 0.10200330441000904 0.11742561690613106 0.08965464313125579 0.11372607223026382 0.09180297396900815
0.08634202260574554 0.13564214267208083 0.13715204655390603 0.13117689193892976 0.09942012565626272 0.1638823474529984 0.08897215279336106 0.15741227032671568
0.07651317262748242 0.14648857144226446 0.10805160895256326 0.1319010668237855 0.09487971395712773 0.19442125372775343 0.0894633322804806 0.15828128018854257
0.11382166807974568 0.10635192288024053 0.15405073597706806 0.09179311983914194 0.14316439250412807 0.14420977906227953 0.13645663785042592 0.11015174380697032
0.08162393762332344 0.13927377260874174 0.11197033043687393 0.1307552458584713 0.10490537039024504 0.18587888129599853 0.08868616675618053 0.15690629503016554
0.10225854622887771 0.09285880571000951 0.22060591664776488 0.13015946652616983 0.09758565659806694 0.09426999663190343 0.14511809178365503 0.11714351987355286
0.08097156621181466 0.13774286406438868 0.1305753341775832 0.13418742958142293 0.09605159165630545 0.1684322161381603 0.09101408267261729 0.1610249154977075
0.10167146483407871 0.09214618621586428 0.22945239429282807 0.12974000783343 0.09507550767374454 0.09049800545582967 0.14465042664413763 0.11676600705008702
0.1036563700495932 0.08043166389372094 0.2723649515580601 0.1255665903752809 0.09177898769512068 0.073194127463106 0.13999737762736542 0.11300993133775283
0.08138796223027031 0.133858407499811 0.143851279926372 0.13421071147241223 0.09481841763801933 0.15979049359797567 0.09102987386824483 0.16105285376689468
0.075539760024168 0.14864022309360328 0.10967674296970048 0.13189918533524186 0.09379524801460368 0.19270776201996764 0.08946205614042493 0.15827902240229025
0.1008678920076862 0.0949197221030964 0.21985221886353898 0.13048610951401432 0.0951400838021076 0.0958142008081844 0.1454822743387592 0.11743749856261286
0.11997555839624834 0.09389668798869294 0.19384371035163048 0.09103559414612251 0.14194204687381026 0.11473316423898743 0.1353305250291612 0.109242712975347
0.08331823174756967 0.135980162812039 0.12252682005112961 0.13144825725180118 0.10522766893578361 0.1746047412330764 0.08915620926643907 0.1577379087021614
0.08738640136360816 0.17192890553632204 0.1202820616833494 0.151718181407851 0.08309247426812287 0.17186723323577402 0.07717837923790682 0.13654636326706587
0.10594020150917755 0.0796014765624655 0.231037991271041 0.13465441546817936 0.09261594850960697 0.08969096464196834 0.14906797316786644 0.11739102886969482
0.08201112340103095 0.1339337450627431 0.13359512609785193 0.13480209560813247 0.09523460577912139 0.16722980273497567 0.09143098658638552 0.16176251472975897
0.10186668298568405 0.09131820636334972 0.23085404226164777 0.12965339759568825 0.09480820616242895 0.09025754410257558 0.14455386269250614 0.11668805783611944
0.13714895087374546 0.10615866116303366 0.22572099728604525 0.10378156093983014 0.12129476994091672 0.0967829593952784 0.11570869555530315 0.09340340484584712
0.08658788307090598 0.1396799946173971 0.13037414912796624 0.13084057896313767 0.10010062493141289 0.16666402967146057 0.08874404486195425 0.1570086947557652
0.07627479821884244 0.15000988549725092 0.10602864284087839 0.13130079209995568 0.09469498787012416 0.19507375352868395 0.08905618942431777 0.1575609505199468
0.10114334584352272 0.09527680792294826 0.2180987132984433 0.1305710044726392 0.09543369638658619 0.09638560216830384 0.14557692588218132 0.11751390402537529
0.10394352415576588 0.08136323588395593 0.2676239158003495 0.12611049136067867 0.09223648396811723 0.07461911997006378 0.14060378663645814 0.1134994422246108
0.10277737989753273 0.07725008043015953 0.288016861998501 0.12365783365372494 0.08984520373144271 0.06929133367292463 0.137869256327362 0.11129205028835246
0.11912082233765141 0.08886751788566971 0.216857406586663 0.08976098079837205 0.1383899883920149 0.10585438036221136 0.133435726679371 0.10771317695804648
0.10720628346430819 0.07901099110225242 0.2646557869285754 0.12364842015926553 0.10094268324225872 0.07539349597646158 0.1378587609835393 0.11128357814333899
0.12056984209771725 0.08936719187220084 0.2085436104986106 0.0898731243888503 0.14247463623161388 0.10772140998573776 0.13360243565864913 0.10784774926662037
0.12348687453454046 0.09080681230928014 0.18679925378806078 0.0887128488660136 0.15593781189073977 0.11592337180714962 0.13187760816499933 0.10645541863921631
0.14279134274402544 0.10462959233228002 0.20533199398379073 0.10181895488526703 0.13841745926853818 0.10185306112175473 0.11352053626760367 0.0916370593967403
0.08758981075559304 0.1389478020246552 0.1251240924827614 0.13054379536598912 0.10405739254029125 0.16854180423024331 0.08854274816127958 0.15665255443918694
0.10323510872438653 0.09321049414219275 0.22628835377309395 0.12933640797868276 0.09682390308734776 0.09050252218799505 0.1442004429254866 0.11640276718081448
0.12039204333542212 0.09399673170958257 0.19585045893031877 0.09076085915589405 0.14220110617828585 0.11296365668958723 0.1349221130138365 0.10891303098707285
0.12362903738679491 0.09269350363268461 0.18240074646138352 0.0888591564982174 0.15608569057130955 0.11760577336484664 0.1320951042869023 0.1066309877978609
0.10936458462621877 0.08109104658444817 0.24927486358080123 0.12469658450564214 0.1060187979601327 0.07829981067914972 0.13902738600852935 0.11222692605507792
0.0823685337464375 0.13470839402304327 0.1378763332820836 0.1338739939973818 0.09804045738696818 0.16168200318639467 0.09080149158083288 0.16064879279685815
0.07557290016132957 0.1501093017423604 0.10801555416631511 0.13156000542580568 0.09435977446644882 0.19327845384666187 0.08923200368011168 0.15787200651096678
0.07353992191553113 0.15470603738503697 0.09979117355244417 0.13021710479530937 0.09262070814573414 0.20454336172084123 0.08832116673073158 0.15626052575437124
0.11271770324669052 0.10988568298275964 0.15071823225732942 0.09152717891471535 0.14211391481408917 0.1471433742821956 0.13606129880456191 0.1098326146976584
0.12197615141938431 0.09728202505066917 0.16656718440722545 0.08932430650575883 0.15683981512052533 0.12803476867499516 0.13278658101453103 0.10718916780691058
0.1240856019822758 0.09382179221076355 0.17160529117858184 0.08877653604552828 0.16128575213804658 0.121920899755325 0.13197228343484504 0.10653184325463394
0.08380056121382252 0.1369760606731621 0.11657239786840325 0.13071314583883945 0.10944486118536169 0.17697958625354732 0.08865761196025632 0.15685577500660733
0.10247126884739166 0.09379347136114466 0.22230411867147873 0.1295985029100147 0.09833760811832212 0.09236371825803649 0.14449265921459847 0.11663865261901324
0.12015958297671178 0.09470501648265826 0.19439268489089587 0.09073984132897783 0.1427279418082496 0.11349625431525304 0.13489086860248048 0.1088878095947734
0.141658700040824 0.1071259568487666 0.2085245459736389 0.10184324244732197 0.13437721672274777 0.10126380467732059 0.1135476150867903 0.09165891820258976
0.08718462243030176 0.1416521523962988 0.12569350095378115 0.1301694259676055 0.10287430627958771 0.1679338527637052 0.0882888280475933 0.1562033111611266
0.10301925613425165 0.0944693209240477 0.2263805678611922 0.1291435679256546 0.09644688684752036 0.09032574851683549 0.14398544065740895 0.11622921113308915
0.1039463194630119 0.08195311940662517 0.27080372398069585 0.12540743340248875 0.09204337788322457 0.07315940632162578 0.1398199294800882 0.1128666900622399
0.10254690684514599 0.07813987395186588 0.28914377609800856 0.12329100304949597 0.08959408545065055 0.06886218428122182 0.1374602675790649 0.11096190274454637
0.08099419222354477 0.13438271666374632 0.1478939494806309 0.13376254882026564 0.09408419435364623 0.15764143719575427 0.09072590267809323 0.16051505858431878
0.10091727359349482 0.0924701791012705 0.23689393610380297 0.12866328799014232 0.0939124862661557 0.08789591338290659 0.14344996437109894 0.11579695919112809
0.1030641864445415 0.0812719304230754 0.2752721467320791 0.12496888896822297 0.09115487923876037 0.07246498295884156 0.13933098516307843 0.11247200007140067
0.10216722263061563 0.07788082602063906 0.2909815183753013 0.1230841001366586 0.08925397957280205 0.06862707686922331 0.13722958627176712 0.11077569012299276
0.1013550207245852 0.07674595498924092 0.297332941555685 0.12230300020433145 0.08830737421089693 0.06752428999310003 0.13635871813826209 0.11007270018389831
0.10091848609766707 0.07633868360331479 0.2998954851569923 0.12199125172711289 0.08788880879912374 0.06716401621041253 0.13601114185097513 0.1097921265544016
0.0806303734826762 0.1336775938743075 0.15057158389505823 0.1336448239776558 0.09362682488523003 0.15682895658790996 0.09064605452397526 0.16037378877318698
0.10073139443940402 0.09224095390769249 0.2380876363487316 0.12854356915708434 0.09372075525699175 0.08766999184223942 0.1433164868064806 0.11568921224137589
0.10297331258766391 0.08119074292349135 0.2757705294842149 0.12491113337998655 0.09107224488630578 0.07239542470403616 0.13926659199231337 0.11242002004198791
0.11931443903087297 0.09095291922894577 0.21262076498254717 0.08985701767557369 0.13898026086942872 0.10686768505437393 0.13357849194756924 0.10782842121068842
0.08309996197149978 0.1366931809141979 0.12713543577532604 0.1311546073504398 0.10442633669559771 0.17114791044341726 0.08895703802899395 0.15738552882052775
0.07535798082705014 0.15134803248653522 0.10493520191069076 0.13080659520308702 0.09542181512379207 0.19644146519782904 0.08872099500731119 0.1569679142437044
0.10071852379376711 0.09745951130203302 0.2171835619784367 0.13022012874705352 0.09545341519674036 0.0965810174767123 0.1451857256329089 0.11719811587234817
0.10373095700040545 0.08295556850543945 0.2670180941422972 0.12589377093859105 0.09214625704485428 0.07458879898468432 0.1403621595389963 0.11330439384473197
0.11970769391056993 0.09159565356304276 0.20965668170890428 0.09000971364657664 0.13956115421808862 0.10765196181276109 0.1338054847641647 0.10801165637589198
0.12313074652672287 0.09257998365367635 0.1871061343622703 0.0885847078637953 0.15479007674573084 0.11581958345253345 0.13168711795871657 0.10630164943655435
0.1424563865437542 0.10649321083049473 0.20520379335746702 0.10158825658941706 0.13787843752614437 0.10168715933822535 0.11326332488402172 0.09142943093047534
0.14774955949930219 0.10929088168134869 0.21122646453567726 0.10044663149490507 0.13158045484427316 0.09731354149953574 0.11199049809954342 0.09040196834541456
0.11399199092453836 0.08388192132830885 0.2607610015886514 0.12245002444796717 0.09883567683710001 0.07335172367230625 0.13652263919795743 0.11020502200317045
0.1224009709176728 0.09154930941509296 0.20697671808077103 0.08966676707897488 0.1415302383975703 0.106980203957448 0.13329567165769998 0.10760012049476984
0.10824246265465233 0.08085151514690515 0.26011756833855454 0.12377906330863732 0.10185915179051942 0.07574466343735749 0.13800441834560012 0.11140115697777359
0.10382161367685325 0.07813230428669192 0.2844125523570594 0.12344886108516163 0.09198746067521939 0.06945696543398712 0.13763626750838168 0.11110397497664545
0.1019705293252219 0.07702455659943071 0.2946015911879053 0.12255379847581763 0.0891000133515783 0.06781275293713017 0.1366383394946802 0.11029841862823585
0.10115791896714015 0.07653372542979299 0.2987699025111309 0.12209921748279684 0.0881420827930491 0.06727634147015624 0.13613151561141676 0.10988929573451715
0.13449966827562265 0.10183005572986356 0.250551314488984 0.1016544979570804 0.11714074115517342 0.08949749516632298 0.11333717906558066 0.09148904816137235
0.10940571583643145 0.08147461333906728 0.2780421712527639 0.12121764542697462 0.094478264504234 0.07113708019811706 0.1351486285581344 0.10909588088427717
0.1034121775482144 0.07771652130235056 0.29168903491594855 0.12251069247726626 0.08969050241101933 0.06813116859250012 0.13659027952316102 0.11025962322953964
0.08113351849249825 0.13430176701350766 0.1485083083616677 0.13366832595614175 0.09406545330836744 0.15725864072410747 0.09066199499633962 0.16040199114737008
0.0752662007699098 0.15129979989927897 0.11054038548646869 0.13139063666864664 0.09335196081311198 0.19136512488060423 0.08911712747960382 0.15766876400237598
0.11315582872826098 0.1094992784488497 0.15462723278406978 0.09147257648333221 0.14227552394846077 0.14322233920404462 0.1359801286229834 0.10976709177999863
0.12201570881018999 0.09748005976763803 0.16790098844493376 0.08924013086904621 0.15678705291318376 0.12682645387518252 0.13266144827697018 0.10708815704285546
0.10943744757112983 0.08305990378106881 0.24284143704046438 0.12523699289047244 0.10666640740532883 0.08041461668147923 0.1396299010286312 0.11271329360142521
0.10474441890277847 0.07905632041641587 0.27723287164292487 0.1242448656005238 0.09363675043307705 0.07074064082412007 0.13852375313968845 0.11182037904047143
0.13631196197779347 0.10298496965236431 0.24251991296061268 0.10218605655665225 0.11933641813561022 0.09076340258042898 0.1139298272355511 0.09196745090098703
0.08627778814089455 0.14064167278635806 0.1344396070867842 0.13042311683936925 0.09945301602450654 0.16379616227596785 0.08846089663887653 0.15650774020724306
0.13346669097078181 0.12258355598096296 0.18748156257838217 0.10481373262006555 0.12418697923008842 0.11627562931063189 0.11685948995102831 0.09433235935805899
0.11150685946832971 0.08759140748545627 0.251100242916237 0.12400168494104541 0.09818481174028576 0.07776085214952447 0.13825262485218048 0.11160151644694087
0.0826490257184666 0.1376174521766125 0.13813432299078768 0.13356758286459314 0.09598843644648963 0.16116841546607552 0.09059366489946319 0.16028109943751176
0.10163066928443597 0.09354828558378023 0.23243082610973217 0.1290044272436246 0.09462333170030829 0.08882816637827808 0.14383030918057846 0.11610398451926213
0.10339299008111648 0.08169922622716716 0.27338093763137594 0.12515457452131337 0.09144823220045135 0.07274691157175038 0.1395380106976434 0.11263911706918205
0.10230916780832054 0.07809117519760261 0.290193998149691 0.12315733014037873 0.08937228514791386 0.068723214168763 0.1373112322609894 0.11084159712634085
0.10141042431453293 0.07687808652808613 0.29700140429956673 0.12232471704559186 0.08835120263141369 0.06755898904416852 0.13638293079560765 0.11009224534103268
0.10093589962563185 0.07644124172885913 0.2997499385381107 0.12199144866499338 0.0879014996730714 0.06717630654882452 0.136011361422015 0.10979230379849404
0.08062277134508371 0.13382303405076884 0.15052042323411066 0.13362109888903642 0.09361664771212319 0.15682074337729562 0.09062996272473775 0.1603453186668437
0.10071649758720426 0.09239690012930553 0.23803900755204413 0.12851903175779542 0.09370709884001692 0.08766520611419537 0.14328912943742264 0.11566712858201586
0.11940198085554615 0.09428872036079575 0.1998525092455927 0.09052335744717512 0.14080289130272408 0.11193346107933759 0.13456905077221853 0.10862802893661014
0.14125092915935733 0.10701898255177177 0.2106258194727565 0.10171871132733003 0.13364974287854822 0.10078020223427259 0.11340877218136647 0.09154684019459702
0.11244371332399376 0.08351508065303136 0.26071205228992766 0.12265569136000268 0.0994330034067239 0.07409839428571828 0.1367519424566 0.11039012222400241
0.10478180579942507 0.07859050607074498 0.28451359215955124 0.1232824703581976 0.09134399862611768 0.06908264939855024 0.13745075426503525 0.11095422332237785
0.1195752653793555 0.09021655539017334 0.2154527718054217 0.08960342726731245 0.13875431922662398 0.10567203543684082 0.13320151277349732 0.10752411272077493
0.10724831702008222 0.08037619927907251 0.26384162769876723 0.12346984782899266 0.10096535594055439 0.07531612302485922 0.13765966616157838 0.1111228630460934
0.1204521446424906 0.09075368238259376 0.20811696974173277 0.08972257200376037 0.14232579881312069 0.10758311658530376 0.13337862942648557 0.10766708640451243
0.10771524617527313 0.08066870970530066 0.2606439959022293 0.12375367414526531 0.10202036319011443 0.07584359282792448 0.13797611132315402 0.11137830673073879
0.08195207174419224 0.13528237166431892 0.14062677778530616 0.13365357597635033 0.0969773395402595 0.16047158145573212 0.09065199066222022 0.1603842911716204
0.10137252333939478 0.09298585473175501 0.23356616553099643 0.12891171890731903 0.09478693665382704 0.08862930751599021 0.14372694630413033 0.11602054701658712
0.10328669231200957 0.08155205874106389 0.2738572850732961 0.12510176445998644 0.09144965309116328 0.07268182688817967 0.13947913142031323 0.11259158801398779
0.11943180921601984 0.09114950408215942 0.21195937481137034 0.08987770158751959 0.13914306664772985 0.10697606177828256 0.1336092399718948 0.10785324190502352
0.1073483328518621 0.08067369463497637 0.26236388726427423 0.12364264306391001 0.1011830702056142 0.07565767326849972 0.13785231995334446 0.11127837875751902
0.10352342130369914 0.07804106264730491 0.2853591470166984 0.12335712327584127 0.09176949503856954 0.06939435307253487 0.13753398669709466 0.11102141094825714
0.10186316295559997 0.07698112460838089 0.29499077907968757 0.12251094745618371 0.08902213055609957 0.06778143882785723 0.1365905638056257 0.11025985271056535
0.10111724236304113 0.0765143305505823 0.29892823326457507 0.12208075447858073 0.08811239697310258 0.06726343259984353 0.13611093073955194 0.10987267903072265
0.10079180163100238 0.0763134410591405 0.3005259432561462 0.12189652898397374 0.08778544024451318 0.0670744356784114 0.1359055330612364 0.10970687608557636
0.10065373107024105 0.07622930548430273 0.3011727602841744 0.12182089810913313 0.08766197762465149 0.0670013088493932 0.13582121027988425 0.10963880829821981
0.10059624154701144 0.07619466083808414 0.30143444085515353 0.12179020293230906 0.08761398378054444 0.06697229995940893 0.13578698744841022 0.10961118263907814
0.11805973389720398 0.08942648713067948 0.22123181212355086 0.08934500729481236 0.13710090227967275 0.10480469439249505 0.13281735412781062 0.10721400875377483
0.14019582296454977 0.10523537537680194 0.21879805135731878 0.10123199563500732 0.13196365565331594 0.09860018243500634 0.11286612050649322 0.09110879607150658
0.11186783378190367 0.0829172258874413 0.26423265046076394 0.1222990482784073 0.09877245140245185 0.07348733470268881 0.1363543120357765 0.11006914345056659
0.10450815683016934 0.07837115651719506 0.2859678899863423 0.12311666984618516 0.09108113088562829 0.0688840940055994 0.1372658990673139 0.11080500286156664
0.08137378055387404 0.13457220878748874 0.1470898848493244 0.13372861147992168 0.09442550106797577 0.15763279517738846 0.09070288430812079 0.160474333775906
