Action: 0
[0.10925321993753476, 0.10925321966951805, 0.12597424237583893, 0.10925321966951805, 0.2185064393390361, 0.10925321966951805, 0.10925321966951805, 0.10925321966951805]
[0.12681674316860203, 0.10914790710392475, 0.2182958142078495, 0.10914790710392475, 0.10914790710392475, 0.10914790710392475, 0.10914790710392475, 0.10914790710392475]
[0.21784169943774226, 0.10866026638068876, 0.12708478619220284, 0.10866026638068876, 0.11177218246661107, 0.10866026638068876, 0.10866026638068876, 0.10866026638068876]
[0.125, 0.125, 0.125, 0.125, 0.125, 0.125, 0.125, 0.125]
[0.12685281561837167, 0.10877766723378306, 0.2204811799445501, 0.10877766723378306, 0.10877766826816292, 0.10877766723378306, 0.10877766723378306, 0.10877766723378306]
[0.127082779090644, 0.10866101238440869, 0.10917817830564117, 0.10866101048610803, 0.22043398827487398, 0.10866101048610803, 0.10866101048610803, 0.10866101048610803]
[0.125, 0.125, 0.125, 0.125, 0.125, 0.125, 0.125, 0.125]
[0.125, 0.125, 0.125, 0.125, 0.125, 0.125, 0.125, 0.125]

Action: 1
[0.10878908597920431, 0.10877532372767416, 0.10877532372767416, 0.10877532372767416, 0.22047969775538892, 0.12685459762703585, 0.10877532372767416, 0.10877532372767416]
[0.10924598139245165, 0.10924598139245165, 0.10924598139245165, 0.10924598139245165, 0.12598330717128067, 0.21854080447400964, 0.10924598139245165, 0.10924598139245165]
[0.10920151070600578, 0.10920150997992482, 0.10920150997992482, 0.10920150997992482, 0.10959290277021337, 0.23519803662415664, 0.10920150997992482, 0.10920150997992482]
[0.125, 0.125, 0.125, 0.125, 0.125, 0.125, 0.125, 0.125]
[0.10924574915798423, 0.10924689831657705, 0.10924574915798423, 0.10924574915798423, 0.23522929482362886, 0.10929506106987294, 0.10924574915798423, 0.10924574915798423]
[0.10920151067970904, 0.10920151067970904, 0.10920151067970904, 0.10920151067970904, 0.10959289951451778, 0.2351980364072281, 0.10920151067970904, 0.10920151067970904]
[0.125, 0.125, 0.125, 0.125, 0.125, 0.125, 0.125, 0.125]
[0.125, 0.125, 0.125, 0.125, 0.125, 0.125, 0.125, 0.125]

