Action: 0
[0.15877976643990213, 0.09819733513381346, 0.24630425084356705, 0.09684421040395505, 0.10929160819602615, 0.09689440817482602, 0.09684421040395505, 0.09684421040395505]
[0.1608828887781547, 0.09657267438698564, 0.24398570829717015, 0.09657267438698564, 0.11226803098974703, 0.09657267438698564, 0.09657267438698564, 0.09657267438698564]
[0.28737380126999856, 0.10115366603064564, 0.10569185935724848, 0.10115349572880981, 0.10116669042686813, 0.10115349572880981, 0.10115349572880981, 0.10115349572880981]
[0.125, 0.125, 0.125, 0.125, 0.125, 0.125, 0.125, 0.125]
[0.2686029517413473, 0.09832241329827276, 0.1414602114577667, 0.09832241210351293, 0.09832477508856165, 0.09832241210351293, 0.09832241210351293, 0.09832241210351293]
[0.20299483226434678, 0.10123767754730272, 0.18625284676246467, 0.10123751839559401, 0.10456456984350963, 0.10123751839559401, 0.10123751839559401, 0.10123751839559401]
[0.125, 0.125, 0.125, 0.125, 0.125, 0.125, 0.125, 0.125]
[0.125, 0.125, 0.125, 0.125, 0.125, 0.125, 0.125, 0.125]

Action: 1
[0.09696799996026383, 0.15857175404294457, 0.09696799996026383, 0.09696799996026383, 0.11100157620170857, 0.2455866699540277, 0.09696799996026383, 0.09696799996026383]
[0.10330621320049065, 0.10330621320049065, 0.10330621320049065, 0.10330621320049065, 0.17355029439607486, 0.2066124264009813, 0.10330621320049065, 0.10330621320049065]
[0.13940221124634658, 0.15799322337604618, 0.09487966368224685, 0.09487966368224685, 0.19630962346053746, 0.12677628718808234, 0.09487966368224685, 0.09487966368224685]
[0.125, 0.125, 0.125, 0.125, 0.125, 0.125, 0.125, 0.125]
[0.09869074260653563, 0.09869074260653563, 0.09869074260653563, 0.09869074260653563, 0.15999524995436937, 0.24786029440641685, 0.09869074260653563, 0.09869074260653563]
[0.1356159554431513, 0.09608482849696554, 0.09608482849696554, 0.09608482849696554, 0.12818704226492567, 0.25577285980709535, 0.09608482849696554, 0.09608482849696554]
[0.125, 0.125, 0.125, 0.125, 0.125, 0.125, 0.125, 0.125]
[0.125, 0.125, 0.125, 0.125, 0.125, 0.125, 0.125, 0.125]

