Action: 0
[0.5253400152000002, 0.11610078480000002, 0.1306789848, 0.0288802152, 0.13051518480000002, 0.0288440152, 0.0324658152, 0.007174984799999999]
[0.49579097567999997, 0.14517990432000002, 0.11001422431999996, 0.032214895679999994, 0.13724142432, 0.04018769568, 0.03045337567999999, 0.008917504319999998]
[0.5368830987520001, 0.10440106124799998, 0.148616261248, 0.028899578751999992, 0.118811941248, 0.02310389875199999, 0.032888698752, 0.006395461247999996]
[0.50782868136, 0.13361211864000003, 0.12632301864, 0.03323618136, 0.12616467864, 0.03319452136, 0.031383621359999996, 0.00825717864]
[0.49579097567999997, 0.12332862432, 0.11001422431999996, 0.02736617567999999, 0.15958374432, 0.039696655680000005, 0.03541105567999999, 0.008808544319999998]
[0.46643793195999994, 0.15111526804, 0.09150217804, 0.029644621960000006, 0.16499286804000002, 0.05345393196000001, 0.03236702196000001, 0.010486178040000006]
[0.50782868136, 0.11223075864, 0.12632301864, 0.02791754136, 0.14802651864000002, 0.03271404136, 0.03682178136, 0.00813765864]
[0.4788890106, 0.14023058940000002, 0.10626373939999996, 0.031116660599999995, 0.15414338940000002, 0.04513701060000001, 0.03420386059999999, 0.0100157394]

Action: 1
[0.6699399999999999, 0.14706000000000002, 0.03526000000000003, 0.007740000000000009, 0.10906, 0.023940000000000006, 0.0057400000000000055, 0.0012600000000000016]
[0.6111, 0.2037, 0.018900000000000014, 0.006300000000000005, 0.11640000000000003, 0.03880000000000001, 0.0036000000000000034, 0.0012000000000000012]
[0.687456, 0.13094400000000003, 0.051743999999999964, 0.009855999999999995, 0.093744, 0.017856000000000004, 0.007055999999999995, 0.0013439999999999993]
[0.6290899999999999, 0.18790999999999997, 0.03311000000000003, 0.009890000000000008, 0.10241, 0.03059, 0.005390000000000006, 0.0016100000000000014]
[0.56648, 0.14161999999999997, 0.017520000000000018, 0.004380000000000003, 0.20952000000000004, 0.052379999999999996, 0.006480000000000007, 0.0016200000000000012]
[0.5131169999999999, 0.189783, 0.005183000000000004, 0.0019170000000000016, 0.20958300000000002, 0.07751700000000002, 0.002117000000000002, 7.830000000000008E-4]
[0.5842499999999999, 0.12825000000000003, 0.030750000000000024, 0.006750000000000008, 0.19474999999999998, 0.04275000000000001, 0.010250000000000009, 0.0022500000000000024]
[0.531075, 0.177025, 0.016425000000000016, 0.005475000000000005, 0.19642500000000002, 0.065475, 0.006075000000000006, 0.002025000000000002]

