0.125 0.125 0.125 0.125 0.125 0.125 0.125 0.125
0.099626400996264 0.07845579078455792 0.199252801992528 0.15691158156911583 0.08685378548392246 0.06839735606858895 0.17370757096784492 0.1367947121371779
0.0745303753200788 0.12421729220013136 0.1056354961590544 0.1490607506401576 0.0931629691500985 0.15527161525016417 0.11179556298011822 0.186325938300197
0.0941861720370306 0.15697695339505102 0.09290686415623167 0.1412792580555459 0.12770256223733997 0.19622119174381378 0.10595944354165944 0.08476755483332754
0.07295173961840629 0.12906846240179573 0.09118967452300786 0.16133557800224466 0.08754208754208755 0.15488215488215487 0.10942760942760943 0.19360269360269358
0.09639053796822279 0.07590754864997545 0.20900896460918036 0.1518150972999509 0.09082352395022068 0.0756371508548222 0.168065553380491 0.13235162328713668
0.07204887735845318 0.12008146226408864 0.11694399531870799 0.14409775471690636 0.09779542369827156 0.16083697720975962 0.10807331603767976 0.18012219339613295
0.07080393925288152 0.11800656542146917 0.10183479483723 0.14160787850576304 0.09674166579191464 0.18778939917921555 0.10620590887932227 0.17700984813220375
0.08622684480530672 0.14371140800884455 0.09123374066463275 0.12934026720796007 0.11786300068517307 0.25701537789733647 0.09700520040597008 0.07760416032477606
0.06344126805933659 0.11224224348959552 0.05530777215429344 0.0978522122729807 0.14035204819005448 0.22448448697919104 0.11061554430858687 0.1957044245459614
0.08195070305346239 0.06615297716363831 0.16390140610692477 0.13230595432727663 0.12085655423129 0.079383572596366 0.19668168732830976 0.158767145192732
0.07080928476640294 0.11801547461067158 0.10873537913518867 0.14161856953280588 0.09874240201694898 0.17884175087237028 0.10621392714960443 0.17702321191600734
0.08446739691282787 0.14077899485471312 0.0905334217326513 0.1267010953692418 0.12388843408911071 0.26258417829297864 0.09502582152693136 0.07602065722154508
0.062382987079711454 0.11036990021795104 0.058918714201898176 0.09621991301052142 0.1501585225862966 0.22073980043590208 0.10877033644667639 0.19243982602104284
0.09265498339751875 0.07479378177871995 0.19564376810866224 0.1495875635574399 0.10453411541657372 0.08137801042385573 0.16677897011553375 0.13462880720169593
0.09021084284000454 0.07104103873650358 0.24204866291191088 0.14208207747300716 0.09773423378833178 0.07572601739889462 0.15729070033641818 0.12386642651492932
0.08564718123965971 0.14274530206609953 0.12145372006747716 0.12847077185948955 0.13194257931723818 0.2163049034397249 0.09635307889461718 0.07708246311569375
0.08131972451894953 0.14387335876429533 0.0856448457219899 0.12542805635861645 0.11964107896925281 0.20850632546288592 0.08507294257367028 0.15051366763033974
0.09053987540365029 0.07308640544632011 0.20787270921472129 0.14617281089264023 0.09832860958843619 0.0894722839242853 0.1629717757265705 0.1315555298033762
0.0875811684296622 0.06897017013835899 0.261596040788736 0.13794034027671798 0.09417454352381864 0.07677642857025894 0.15270562700556484 0.12025568126688232
0.06682540401304068 0.11822956094614889 0.1349045363834625 0.14778695118268612 0.09354024148810268 0.1611308585477748 0.10023810601956103 0.17734434141922334
0.09916658824307083 0.0780936882414183 0.16445102585650065 0.09371242588970195 0.15181128998541962 0.14687456705715501 0.14874988236460626 0.11714053236212742
0.05659982822227444 0.10013815762402403 0.06862090971181661 0.08729993228761068 0.14389693529228303 0.27015749230947095 0.09868687997729904 0.17459986457522136
0.08747717743788903 0.07061410708841645 0.20407868924557787 0.1412282141768329 0.09939421541041929 0.11264328449351473 0.15745891938820025 0.12710539275914962
0.07171622177338838 0.05647652464654335 0.22736267713794642 0.1129530492930867 0.11519357107536372 0.09581609002384206 0.17929055443347094 0.14119131161635837
0.0651875461195923 0.11533181236543251 0.13401436411305379 0.14416476545679066 0.09452482089365445 0.1759976533239389 0.09778131917938845 0.1729977185481488
0.08686582554696409 0.06840683761823423 0.2478216038771688 0.13681367523646845 0.09632325419176277 0.09303698057469684 0.1514583624921425 0.11927346046256226
0.06483387485027418 0.11470608627356202 0.13830329570947583 0.14338260784195253 0.09143128217865483 0.17803291146032635 0.09725081227541128 0.17205912941034304
0.08619197829252495 0.06787618290536342 0.2536722520974838 0.13575236581072683 0.09500733954390343 0.09286821567162837 0.15028344933055635 0.11834821634781315
0.06456060258040344 0.11422260456532916 0.13930896664689862 0.14277825570666147 0.09091609245376915 0.1800386673283392 0.09684090387060518 0.17133390684799377
0.08577900178666542 0.06755096390699901 0.2567907872212786 0.13510192781399802 0.0945108189606027 0.09292194474201566 0.1495633877305961 0.11778116783784444
0.06417084383233854 0.11353303139567587 0.13966833201710732 0.14191628924459485 0.09482829218095645 0.17932739848730533 0.0962562657485078 0.1702995470935138
0.06508818039451035 0.10848030065751725 0.11820028433636098 0.1301763607890207 0.10381605854924253 0.21388609369530676 0.09763227059176553 0.16272045098627586
0.07334005612389279 0.12975548391150263 0.08593070815058607 0.11312016546130998 0.11056756258348231 0.27481684342450485 0.07672498179114938 0.13574419855357198
0.0844488705699895 0.06816957021914814 0.21215859319072833 0.13633914043829629 0.10105278365983908 0.12311784850155089 0.1520079670259811 0.12270522639446667
0.06303928758655045 0.11153104726851235 0.13296521972584413 0.1394138090856404 0.09803902922470935 0.19315610482614914 0.09455893137982568 0.16729657090276848
0.08362996008828814 0.06750852199897958 0.2394719886206245 0.13501704399795916 0.09922676722513879 0.10309645031192793 0.15053392815891864 0.12151533959816324
0.06272983700016366 0.11098355776952032 0.14403409906434642 0.1387294472119004 0.09976174606767005 0.18319122073187327 0.09409475550024547 0.16647533665428044
0.08267558718391457 0.06673812459424429 0.24835645922504312 0.13347624918848858 0.09867638002434233 0.10113251858328116 0.14881605693104621 0.12012862426963974
0.10596028999165641 0.08553420999326482 0.2533057736619898 0.10691776249158103 0.12648052113262892 0.10637013024584273 0.11920532624061346 0.09622598624242291
0.06801097347216072 0.10774115566447193 0.1491840318024838 0.1346764445805899 0.10459730182186655 0.18283259675053667 0.09134576241118272 0.16161173349670788
0.08712584725463209 0.0655308934731581 0.25201294071638586 0.1310617869463162 0.10020158714507527 0.09998722449797441 0.14612411171477344 0.11795560825168458
0.08461787670412227 0.06238170141060882 0.3044938074964382 0.12476340282121764 0.0946016045806255 0.0777526610039371 0.1391018834439546 0.11228706253909589
0.06679020040379327 0.10805572038022054 0.1687723991632676 0.1350696504752757 0.09857481298987335 0.16904117743400843 0.09161245858323047 0.16208358057033082
0.09007267463118494 0.0643634701025024 0.26476225394399544 0.1287269402050048 0.09714359908343619 0.09555588400886654 0.14352093184050538 0.11585424618450435
0.11984982641655505 0.08211988991599127 0.26293360557285866 0.10264986239498908 0.12406488881916229 0.10155011459203286 0.11444693613292065 0.09238487615549017
0.0742346250176114 0.10570452401450024 0.1563580463483909 0.13213065501812532 0.10496098468550745 0.1784353259252988 0.08961905296881544 0.15855678602175036
0.10398964572208576 0.07331189729722377 0.18480450929044898 0.09163987162152971 0.15028599716308236 0.14977140887763915 0.13622882408215461 0.10996784594583565
0.10608640682806064 0.0707974116362987 0.19357164090400808 0.08849676454537338 0.16665758426888672 0.13663769005368276 0.13155638430924163 0.10619611745444804
0.10553030562265157 0.07007439185834635 0.1962885802112219 0.08759298982293293 0.17402929410909068 0.13115998810519033 0.13021286248304656 0.10511158778751951
0.09207692422638143 0.06115714986559661 0.2762861907567034 0.12231429973119322 0.11698264781162669 0.0847286015829598 0.13637131626746468 0.11008286975807391
0.08805218490136511 0.059965604551530716 0.3193048133494688 0.11993120910306143 0.09857845918901086 0.07251529265312597 0.1337143480596819 0.1079380881927553
0.08111449870306572 0.12178784081166201 0.20147259207379908 0.15223480101457748 0.08688306373936396 0.1420547013587356 0.07744118138567638 0.13701132091311974
0.0904163362554889 0.06297779990616531 0.28408570159108654 0.12595559981233062 0.09430262246478757 0.0884708060199228 0.14043109411912086 0.11336003983109756
0.11822731836107804 0.08080318669082762 0.2733775405604248 0.10100398336353453 0.12438064811881337 0.09869183403849825 0.11261190383964223 0.09090358502718107
0.11265623537667181 0.06862471009667676 0.2313668251953511 0.08578088762084594 0.1548953787526776 0.11621984696147444 0.1275190508512874 0.10293706514501513
0.10046038760268398 0.05928313190132558 0.294316142083236 0.11856626380265116 0.10908185377772146 0.07939004749868178 0.13219253591131405 0.10670963742238604
0.09597052017163643 0.058532288346061764 0.32782728601366595 0.11706457669212353 0.09473356153372016 0.06999538137060302 0.130518266849278 0.10535811902291117
0.07766357465158964 0.10486364514053381 0.1786060735648847 0.13107955642566727 0.09913444072054423 0.16245110786248346 0.08890613392349606 0.15729546771080072
0.09658554719891747 0.06276350247756093 0.2707877362037597 0.12552700495512187 0.0981262776011684 0.09328238426583794 0.13995324283802393 0.11297430445960968
0.078066165786624 0.1056406704535779 0.1602911336055501 0.1320508380669724 0.10076744411495112 0.1751578260378373 0.0895649162541204 0.15846100568036683
0.09744842224873455 0.06327333505542529 0.2610105844022536 0.12654667011085058 0.09936042041696003 0.09737847127376359 0.14109009339224685 0.11389200309976552
0.07820861697338516 0.10564803535983186 0.15711618549470854 0.1320600441997898 0.10109771328052121 0.17782619123824506 0.0895711604137705 0.15847205303974776
0.09760652584087989 0.06335370716495455 0.25932815090193084 0.1267074143299091 0.09958042004581322 0.09811779761893444 0.14126931120065983 0.11403667289691817
0.07823886128684648 0.1056553825404498 0.1566027023658282 0.13206922817556224 0.10116164799427556 0.178211714281199 0.08957738954516398 0.15848307381067467
0.0994684569384029 0.06319889885290217 0.25870450339889217 0.12639779770580434 0.09944863342631138 0.09809957997196182 0.14092411177050124 0.11375801793522392
0.13351333091763107 0.07976442990642107 0.2594262985623606 0.09970553738302634 0.12565832479325015 0.1010328613222577 0.11116423347032937 0.0897349836447237
0.10720952646139228 0.058229835771757006 0.3084889964025446 0.11645967154351401 0.09986699540424743 0.07508742727662848 0.12984384275075367 0.10481370438916261
0.09917295945833583 0.05778023225687522 0.334491540791583 0.11556046451375045 0.09163160680208202 0.06851748409742858 0.12884129401756952 0.1040044180623754
0.09610531738234095 0.057145841344808004 0.34732052237949723 0.11429168268961601 0.0884718267632977 0.0663755980509154 0.12742669696887038 0.10286251442065442
0.09476884341404011 0.05677333165747687 0.35349118591865286 0.11354666331495374 0.08711306379565592 0.06551885895117941 0.12659605596458273 0.10219199698345836
0.09415332311641486 0.05658471655280641 0.3564303241100387 0.11316943310561282 0.08649612473906594 0.06513811614833405 0.12617547243267577 0.10185248979505153
0.0787726673205629 0.10391069480087808 0.18768340629431957 0.1298883685010976 0.09646473367551274 0.15931588944035016 0.08809819776596185 0.15586604220131714
0.0757124142013896 0.1051712288416368 0.13268474665457752 0.13146403605204598 0.09967670998225152 0.20836710959642946 0.0891669114092138 0.15775684326245518
0.09971816674785396 0.06377325856924312 0.2454928811081347 0.12754651713848625 0.10035881015203348 0.1061136526470002 0.14220484821261078 0.11479186542463762
0.0804340027438044 0.10529433343631565 0.1519642684232228 0.13161791679539456 0.10153161906293141 0.18194507668785098 0.08927128269600676 0.15794150015447347
0.07579888750580914 0.1048798690812731 0.12110711742101347 0.13109983635159136 0.10096103981643748 0.21991355719827768 0.08891988900368807 0.15731980362190964
0.10013199179889361 0.0639955586426812 0.23885222840860232 0.1279911172853624 0.10114762817060026 0.10998892593977176 0.14270054419726222 0.11519200555682614
0.10095631340806219 0.06023660057634849 0.30063009147149794 0.12047320115269698 0.09569661984095378 0.07926266376515571 0.13431862874785766 0.10842588103742729
0.11590178243432049 0.06874661703809286 0.2443210481526106 0.08593327129761606 0.14387165106486546 0.11036012503382438 0.12774557942153075 0.10311992555713927
0.0824962484085506 0.1026171607925208 0.15027544866810427 0.12827145099065101 0.11324817088187535 0.18216427318020575 0.08700150588931113 0.15392574118878122
0.0885185342081079 0.1216078410046099 0.14019905477608594 0.15200980125576236 0.09116976070277699 0.19235946193584388 0.07732672498662695 0.13680882113018614
0.0784862784149464 0.10463023929497192 0.11721884514180773 0.1307877991187149 0.09786276049864215 0.2253604722296785 0.08870824635878055 0.15694535894245784
0.1031770058412233 0.0638717766121983 0.2361631589020072 0.1277435532243966 0.10034081145371533 0.11130996732028711 0.1424245287442153 0.11496919790195695
0.08328825518963773 0.10478313859896056 0.14869601939690286 0.1309789232487007 0.10137586302787545 0.18486521426210242 0.0888378783773796 0.15717470789844082
0.1038518441199754 0.06295129739301882 0.25345528275928086 0.12590259478603763 0.09994809282627469 0.10020655533757543 0.14037199747040316 0.11331233530743388
0.12206209243983056 0.06927825458704204 0.22396661137362556 0.08659781823380254 0.14694543798701415 0.11849893042220071 0.1287334730759214 0.10391738188056306
0.1105012145173941 0.058662152717023984 0.2892652773849442 0.11732430543404797 0.10768902716900426 0.08015830287316053 0.13080784501378181 0.10559187489064317
0.10493115874256988 0.05780276880463466 0.32409107994250486 0.11560553760926932 0.09459976559669112 0.07003315830057862 0.1288915471554092 0.10404498384834238
0.10182212471783221 0.056941361135791714 0.3414146536122203 0.11388272227158343 0.08967112780363017 0.06680282379231893 0.12697073662219824 0.1024944500444251
0.08371500726107683 0.10344309348995093 0.1827890434341511 0.12930386686243864 0.09768692333248379 0.16019567220870967 0.08770175317626273 0.15516464023492638
0.10281812200580329 0.06189862986379014 0.27169365478495183 0.12379725972758028 0.09737669594146163 0.09297339792681082 0.13802470599477978 0.11141753375482225
0.1039312872771704 0.058759300845558644 0.31619807652602167 0.11751860169111729 0.0929389972902751 0.07386252400715788 0.13102447084069346 0.10576674152200558
0.10199510592315635 0.05726826439918856 0.33776268695869177 0.11453652879837713 0.08967224996720811 0.06798260592679731 0.12769968210804136 0.1030828759185394
0.10037032761048294 0.05657828149382067 0.3480964222951694 0.11315656298764135 0.08783870310160072 0.06595767261081355 0.12616112321159417 0.10184090668887721
0.0833000041349525 0.10332789565016084 0.18490006290183086 0.12915986956270106 0.09710063233018196 0.1596156065024037 0.08760408544252768 0.15499184347524125
0.10258189917300732 0.06182510998676083 0.2728065250666589 0.12365021997352166 0.0971076100969782 0.09288267008478326 0.1378607676421204 0.11128519797616948
0.1037991656404374 0.058716922397953515 0.3167474492716477 0.11743384479590703 0.092808845936506 0.07387333841355648 0.13092997322767544 0.10569046031631633
0.08435191122095323 0.10383525126037416 0.174843606069603 0.12979406407546767 0.09887878703137618 0.16450926868743435 0.08803423476423027 0.15575287689056122
0.10336257560754898 0.062113848682580554 0.26742275021609097 0.12422769736516111 0.09804882045134118 0.09451476821016143 0.13850461183847068 0.11180492762864501
0.10428647095955813 0.0588761784205116 0.314049818472775 0.1177523568410232 0.09329875343672156 0.0744742103240652 0.13128509038842437 0.10597712115692089
0.0844820807679642 0.10386386689796225 0.17397424719284763 0.1298298336224528 0.09904119118483387 0.16495448413872374 0.08805849584827234 0.15579580034694337
0.07932935173825802 0.10444254381593202 0.12795544847600487 0.130553179769915 0.10037547208887418 0.21213107515187116 0.08854911323524671 0.156663815723898
0.10389659630387386 0.06342128090130746 0.24184630629717618 0.1268425618026149 0.10056959274075865 0.10784536578482083 0.14141999054709453 0.11415830562235342
0.08446692542473845 0.10450863031511318 0.15044819020120467 0.13063578789389146 0.10142205888218433 0.18315031871694992 0.08860514309324814 0.15676294547266975
0.11848001905418118 0.07120206203736582 0.180136138980464 0.08900257754670728 0.1510248903491706 0.15104290966782316 0.13230830930823947 0.10680309305604872
0.111994789516389 0.059908931714401675 0.2661167831249897 0.11981786342880335 0.11114959394253916 0.08958798509543738 0.13358797609151657 0.10783607708592302
0.10685977761181957 0.05845777755567128 0.31251389894509624 0.11691555511134256 0.09666002235379621 0.0730168499143451 0.13035211890772075 0.10522399960020831
0.12211581836529588 0.06768525560906744 0.24812005325343656 0.08460656951133429 0.14312824419427467 0.10704282754360352 0.12577334810938648 0.10152788341360114
0.10993065829227235 0.057811142838337014 0.3014698687417088 0.11562228567667403 0.10548938025518151 0.0767063870861099 0.12891022000070967 0.10406005710900662
0.10472431288915544 0.05732762659508658 0.3299235802308999 0.11465525319017315 0.09347170434323414 0.06887574393543028 0.1278320509448647 0.10318972787115584
0.08494117272252005 0.10342632174784214 0.17906423374000313 0.12928290218480268 0.09894872387722049 0.16150962945006908 0.08768753365577922 0.15513948262176322
0.07983571080387329 0.10437004729527734 0.12956238588611618 0.13046255911909668 0.10038321717867135 0.21034335998022716 0.0884876487938221 0.15655507094291599
0.0778355521292366 0.10343833615004808 0.11301706992988289 0.1292979201875601 0.0998486457017412 0.23370725189707042 0.08769771977938859 0.1551575042250721
0.10444195644856735 0.06368993518999773 0.2331847030510784 0.12737987037999546 0.10097129643322764 0.11367130564191857 0.14201904951321884 0.11464188334199593
0.12392719173862488 0.0694259984106331 0.21506765367792288 0.08678249801329135 0.14790474753540173 0.12374490103617918 0.12900801197199732 0.10413899761594965
0.11234042750623487 0.05876924534066691 0.28433344431175667 0.11753849068133382 0.10844187982854576 0.08174522513772982 0.13104664558053186 0.10578464161320043
0.1064514488315358 0.05782772904418336 0.3214288302912451 0.11565545808836672 0.09504005900506832 0.07055935769587683 0.12894720476419394 0.10408991227953004
0.12215007723391422 0.06743450155521989 0.25174979068480885 0.08429312694402485 0.1420523245090569 0.10586103205917723 0.1253073946809683 0.10115175233282983
0.11006457244475676 0.057667195741420194 0.3032590127860044 0.11533439148284039 0.10500593275052317 0.07627870300067231 0.1285892394592265 0.10380095233455634
0.10494240611222139 0.05723889914045081 0.3307389774988733 0.11447779828090161 0.09324541953606227 0.06869227901474838 0.1276342019639306 0.10303001845281146
0.10228776224839782 0.05661572840500112 0.34441739517560704 0.11323145681000224 0.08901410786108126 0.06628061413647324 0.12624462423443533 0.10190831112900202
0.08445915016607969 0.10320212973989226 0.18368884659673168 0.12900266217486533 0.09747384137179761 0.15987271751784293 0.08749745782295214 0.15480319460983838
0.10365069672266362 0.06175750203376289 0.27195103809960425 0.12351500406752577 0.09725095067993744 0.09300129273805852 0.13771001199767424 0.1111635036607732
0.1401512694524975 0.07829460669974633 0.2638247983184977 0.09786825837468291 0.12399723657357092 0.09866659355738998 0.1091158044864002 0.08808143253721462
0.152567309575287 0.07585294044876033 0.25602523382883613 0.09481617556095041 0.13145145607561648 0.09823936658923182 0.10571295991646262 0.08533455800485536
0.11903598722786515 0.05708400540467421 0.3044021344336 0.11416801080934842 0.10128998889715897 0.07397985144732273 0.12728881205161682 0.10275120972841358
0.10760594403585826 0.057086645667580954 0.3310212876419372 0.11417329133516191 0.09202922042231931 0.06803294925166707 0.12729469944382976 0.10275596220164572
0.08595151983727871 0.10334037101868378 0.17943903836622918 0.12917546377335473 0.09849072883052845 0.16097765926049376 0.08761466238540583 0.15501055652802564
0.1044078861351932 0.061859012429293585 0.2696226570109394 0.12371802485858717 0.09770281504651304 0.09340701711784273 0.13793636502890239 0.11134622237272844
0.0854170780337575 0.10422576151376453 0.1594843986544464 0.13028220189220568 0.1005499372809153 0.17533666080998522 0.08836531954427863 0.1563386422706468
0.10521037660660221 0.06245524855773429 0.2589337726115066 0.12491049711546857 0.09918782900705253 0.0976169460928558 0.13926588260485825 0.11241944740392171
0.10622288935303445 0.059017346442876144 0.30956722917639173 0.11803469288575229 0.09395129369717788 0.07537545083914711 0.13159987400844322 0.10623122359717706
0.13951576808203464 0.07696265972048305 0.28045556377928177 0.09620332465060381 0.1210420432890988 0.09197812066011717 0.10725952763283739 0.08658299218554343
0.13324916160974087 0.06619929373325895 0.23155230026231136 0.08274911716657368 0.15186441790657887 0.11207464827700993 0.12301212044463791 0.09929894059988843
0.15061634846861116 0.07621170728541388 0.2403720013071298 0.09526463410676735 0.14274144182429224 0.1028427385837022 0.10621295772799283 0.0857381706960906
0.1571357853407795 0.07568856407553677 0.24390652420796669 0.09461070509442096 0.13855262807259855 0.09947228294381949 0.10548387567989918 0.08514963458497886
0.12109021417225638 0.057292246318802094 0.29787428600533594 0.11458449263760419 0.1037297968436268 0.07454976243914233 0.1277531582093885 0.10312604337384376
0.10861125327107347 0.05724026041742192 0.32771826840054774 0.11448052083484384 0.09294593114368892 0.06833405977266417 0.12763723740840052 0.10303246875135945
0.1036583585486906 0.05665249229101893 0.3428343994574181 0.11330498458203786 0.0890005474694873 0.06624812931440528 0.12632660221310787 0.10197448612383407
0.1015046688986299 0.056264336952040285 0.35024239668709933 0.11252867390408057 0.0873578113386252 0.06536523196503405 0.1254610737408182 0.1012758065136725
0.10052149964095954 0.056058289365536654 0.35382347933341235 0.11211657873107331 0.08662141919370484 0.06495219450106106 0.1250016183762862 0.10090492085796599
0.10006194755441222 0.055955806743183574 0.35554425868258527 0.11191161348636715 0.08627927785862302 0.06475354611274572 0.12477309742435262 0.10072045213773044
0.09984471166876463 0.05590602224916714 0.35636889102147723 0.11181204449833428 0.0861177245359277 0.06465768054461053 0.12466208543321744 0.10063084004850084
0.0997414597849572 0.055882060037147824 0.3567635779374865 0.11176412007429565 0.08604089925091205 0.0646115215714706 0.12460865327686393 0.10058770806686608
0.08382927734549007 0.10296869301736569 0.18759644905613843 0.1287108662717071 0.09642574146148768 0.1587163892418221 0.08729954407994048 0.15445303952604852
0.07981494002832408 0.10426928175762544 0.13220609464514985 0.13033660219703178 0.09960292072784428 0.20896402086525184 0.08840221714233461 0.15640392263643813
0.10464711711150888 0.0632060922785931 0.24401323713449946 0.1264121845571862 0.10010129643498479 0.1069089543456136 0.1409401520361464 0.11377096610146757
0.08547160332750209 0.10431977813623518 0.15108345079357394 0.13039972267029398 0.10122530281517356 0.1825754457634518 0.08844502928941679 0.15647966720435275
0.10493033994710009 0.06945922201174691 0.25314763331160367 0.12404236960719528 0.09913885934721971 0.09934545790989018 0.1382979852187685 0.11163813264647576
0.08505260499546194 0.11175658208115191 0.1534382448780663 0.1292249697475455 0.10034084474060616 0.17746854950960453 0.08764824035050911 0.15506996369705456
0.11874598180907421 0.07932196804009069 0.1803568538792893 0.08787488757109056 0.14938652215170417 0.14823199904432857 0.13063192241911376 0.10544986508530868
0.11245949759583364 0.06503667782163873 0.26536568906768815 0.1188177188269329 0.11027888676695714 0.0886326934786221 0.13247288949808786 0.10693594694423961
0.08683934212395526 0.1107489796053833 0.1574105005555404 0.1285789885343715 0.10357016369273891 0.1713471426756258 0.08721009657113894 0.1542947862412458
0.07959643165816856 0.11572566484635705 0.12146192838838347 0.1283148028753999 0.10053302330367642 0.2133594757011765 0.0870309097763582 0.1539777634504799
0.10441897680126618 0.07123886874416305 0.23678859999058186 0.1257669111583279 0.10027329293519063 0.10810240997682462 0.14022072035115063 0.1131902200424951
0.08491376675466626 0.11202263758103943 0.14808811910752714 0.1293189239661258 0.10065552986428142 0.18210634814650623 0.0877119658205027 0.15518270875935092
0.07899708885812365 0.11571078695583492 0.11834175440848575 0.12815568392614515 0.09949070082493404 0.21859417869563016 0.08692298561947236 0.15378682071137414
0.10436834236619646 0.07133053386683423 0.2350269437912299 0.12592683488513273 0.1000953703755521 0.1095187999465036 0.14039902337193155 0.11333415139661945
0.10684070140718252 0.06432258568014408 0.2969967549390884 0.11879722831518427 0.09493815793221222 0.0787370221358918 0.1324500441066308 0.10691750548366585
0.08555252740542112 0.11081766061078864 0.16777785777102633 0.12875589588186304 0.09901614914522229 0.16624274822496202 0.08733008590248101 0.15450707505823563
0.13676755152223266 0.09108229789652633 0.21505132238818636 0.10098644068343327 0.12829220876430247 0.12434003706974442 0.11259234506048456 0.09088779661508994
0.11643538840925731 0.06466779368032982 0.28352047760719623 0.11657639320477065 0.10232800541264951 0.08157920910901996 0.1299739786924831 0.10491875388429356
0.1007142482060012 0.12673860903047565 0.18720291765589375 0.14716121648843555 0.08691861889679671 0.14395902388651396 0.07486027099629113 0.13244509483959196
0.10817119674517706 0.06985346982256549 0.27245658611746304 0.12190102405338185 0.0933278606502889 0.0886683962349065 0.1359105447281735 0.10971092164804368
0.10617450597287442 0.06298868818423471 0.3157677560614891 0.1164548853446227 0.0913537155213346 0.07261254560911504 0.12983850649616888 0.10480939681016042
0.10333265866834 0.061030273691327366 0.33688017649048163 0.11358604494214644 0.0888572502563742 0.06744619196342327 0.1266399635399752 0.1022274404479318
0.10142878314813393 0.06020855964055988 0.3470593846079333 0.11225671311418013 0.08726522356210696 0.06559243636866309 0.12515785775566055 0.10103104180276212
0.11961465180338875 0.07130781118330325 0.26215278600632125 0.08315589195343856 0.1373046239397931 0.10306034628362164 0.12361681848600718 0.09978707034412627
0.1086493700846005 0.061886668792570446 0.3080548481187532 0.11394145047248783 0.10285412556944211 0.07503001735340166 0.12703621418350508 0.10254730542523904
0.10416026499251238 0.06091827176022869 0.3326650868651178 0.11347948104893 0.09211973845924644 0.06800447117835934 0.12652115275156822 0.10213153294403701
0.101819693073752 0.060277909098827846 0.34493735407041376 0.11239829047060897 0.0882890647832667 0.0658035211369782 0.12531570594260433 0.10115846142354806
0.10057198911674325 0.059892330223815876 0.35091187074828195 0.11174324834774477 0.08676565225540649 0.06496060293568602 0.12458538285935127 0.1005689235129703
0.09992447305915977 0.05969109193052463 0.35379417783979816 0.11140627784880651 0.08611318178548365 0.06459546157221414 0.12420968590008723 0.10026565006392585
0.11887699221229611 0.07112724308668375 0.2649589179189243 0.08298409556070081 0.13657783518046848 0.10253256975844674 0.12336143160963882 0.09958091467284097
0.12559869396763984 0.07167313190954541 0.2243643059078865 0.08248851222794013 0.15855728162871174 0.1157071459847059 0.12262471370004233 0.09898621467352815
0.12831639871921557 0.07183356131746377 0.206048660360644 0.08261771306040444 0.1686053142779364 0.12062031717668203 0.12281677941516839 0.09914125567248532
0.1136929953164158 0.0631701217678953 0.2779179395688041 0.11622826371645265 0.11410978971871824 0.08068961227408551 0.12958584029282108 0.1046054373448074
0.10706135419574384 0.0618420629332879 0.3175156239858891 0.11507154299969868 0.09647469311681027 0.07017415105275955 0.12829618301608195 0.10356438869972882
0.08550293069620714 0.11016962329547085 0.17444275951029578 0.12828868631486398 0.09934233054749919 0.1612940501225273 0.08701319593529905 0.15394642357783675
0.10392492529662843 0.06916157289903332 0.2658721593928064 0.1227587645922302 0.09759559721820825 0.09333723104958472 0.13686686141850143 0.11048288813300718
0.10517507824379785 0.06315980156871595 0.3125395320236847 0.11686868111576632 0.09286110712583187 0.07391412901730098 0.13029985790071258 0.10518181300418969
0.121997646406731 0.07229724572195019 0.24779336374852184 0.0840857352518983 0.14096581934857869 0.10695821421871261 0.1249990930013294 0.10090288230227795
0.11008839690007789 0.06237913670328293 0.3006449125864252 0.11474327537077578 0.10454033332783899 0.07640480817048392 0.12793018910741716 0.1032689478336982
0.10495369885673494 0.0611757517963268 0.328997453630209 0.11390903737386428 0.09289900022841428 0.06854684848054518 0.12700007599742777 0.10251813363647784
0.09699114274386772 0.1256051485043739 0.20347247999263848 0.14634873389416345 0.08410724091030386 0.13731442881678746 0.07444696463311792 0.1317138605047471
0.08259166794192441 0.1180488701247309 0.13661197809302647 0.12887636280697864 0.09523416735374998 0.19657352440735146 0.08741179390386378 0.15465163536837434
0.07821429287601504 0.11612543189903524 0.11444896119082983 0.12785515481385337 0.09760507942545607 0.22560574553574672 0.0867191484824397 0.15342618577662404
0.11672699827525526 0.08000054960657037 0.1628703232269262 0.0882289585081966 0.14878596715405076 0.16635418037115915 0.1311582726480057 0.10587475020983592
0.08600910156468572 0.10972980434975409 0.12203624681721792 0.1252099400618152 0.1128985171943178 0.20893945911349554 0.08492500282453554 0.15025192807417825
0.106117228620283 0.07042117781592676 0.23628262796930258 0.12498079517929499 0.10358235957774188 0.1067888354761847 0.13934425969990052 0.11248271566136547
0.14214579427614457 0.08500235743853564 0.24641362764302066 0.09820018396773121 0.1269680560491699 0.10340393830235764 0.1094858767520824 0.08838016557095808
0.09327653981073447 0.11088882319730123 0.15001588934240298 0.12567923214197044 0.10726204406982756 0.176819087588497 0.0852433052789017 0.15081507857036452
0.10727616066570575 0.06969593434486701 0.2519521742276285 0.12356277716521707 0.10069689742323751 0.09784628128820518 0.1377632754364435 0.11120649944869537
0.1068373307653712 0.06357842721768994 0.30539027082874914 0.11758843485495805 0.09427682668533731 0.07539678867148619 0.13110232960694576 0.10582959136946225
0.08552921457183385 0.11062202505228959 0.17050455368287717 0.12861218118489437 0.09877319668730328 0.16439160155178292 0.08723260984714573 0.1543346174218732
0.0920641515669411 0.13434572626706118 0.14575650304283289 0.14897711828842222 0.08630019797849761 0.18269288404994585 0.07578401234671914 0.13407940645958
0.1074958195938596 0.07186564331559833 0.250393079892605 0.12454827130266638 0.0950361342376228 0.09970557962988727 0.13886202785536086 0.11209344417239975
0.10709800979185087 0.06387936420123598 0.3047924483751277 0.11789149462517542 0.09283356498459883 0.0759625542250159 0.13144021863433739 0.1061023451626579
0.10415863210901012 0.0614478631022752 0.3315437445131748 0.11427274122851865 0.08974177624455544 0.06858419704351028 0.1274055786532887 0.10284546710566679
0.10193603443263823 0.06040329948086727 0.3444857468769581 0.11257735402495582 0.08773062585073929 0.06603197226863182 0.12551534844274925 0.10131961862246024
0.10064180661414454 0.05992378061949141 0.35071120852824983 0.11178861119681929 0.08663951778642906 0.06504936612694648 0.12463595905078209 0.10060975007713736
0.08365867305469821 0.10950935791637303 0.1850153108748703 0.12773720666674754 0.0960664264999121 0.15808922811768167 0.08663914886962007 0.15328464800009703
0.09144260222074446 0.134035955414435 0.15091054686885738 0.14877162013302145 0.08552492517482983 0.17974041573985536 0.07567947632853701 0.1338944581197193
0.12148658602441667 0.08134359128168972 0.17961559095167548 0.08813062974960371 0.14313227026216896 0.1495224756867339 0.131012100344187 0.10575675569952446
0.08755516100584211 0.11033531048288175 0.12781060765926594 0.12571987464093745 0.11163185035999493 0.20081247478636044 0.08527087149559236 0.15086384956912494
0.07910309112393284 0.11458443136078722 0.11132808713892264 0.12703459614407958 0.102071667455346 0.2272740157584868 0.08616259564554964 0.1524415153728955
0.10460885137188579 0.07136027747280468 0.23081668600382374 0.1260882640196555 0.10107559733200641 0.11199188137215974 0.14057900480997412 0.11347943761768997
0.0743299928107706 0.09800662967476692 0.2045840384518517 0.18100451028002543 0.06619248382953269 0.12090207829771227 0.09207620740331729 0.16290405925202292
0.10060486675675048 0.06881227696273405 0.28450832099977924 0.12405111055258769 0.088202602743919 0.08386709176632903 0.13830773072057165 0.11164599949732891
0.13842905291539456 0.08396927624334777 0.26932592282313605 0.09715891799232322 0.11991074958716895 0.09543811134962009 0.10832494289591857 0.08744302619309088
0.11413384638982792 0.0624341012278067 0.3113680144378959 0.11332352355215045 0.09743009747019511 0.07297197394391014 0.1263472717812782 0.1019911711969354
0.12480098968077553 0.07183546384201693 0.2466621974242605 0.08357922583732512 0.14239026007802377 0.10619065939553067 0.12424613273727736 0.10029507100479015
0.1109537104895456 0.06230508929415883 0.2999002297209051 0.11465346501828155 0.1049241611441002 0.07624516854990408 0.12783005726665123 0.10318811851645339
0.10523703388671515 0.06117332903147394 0.32858871703181863 0.113911819861035 0.0930172101370375 0.0685480739140135 0.12700317826297486 0.1025206378749315
0.10233355734450746 0.060411443846351824 0.3429426616148042 0.11262113397786357 0.08869588000357312 0.06607214280974195 0.1255641598230807 0.10135902058007722
0.1008187104706094 0.05995736497922723 0.34994406273510115 0.11185062357060159 0.08695416683723818 0.06510441197392071 0.12470509821976025 0.10066556121354142
0.08370720956278926 0.10951969321935845 0.1847699095228564 0.12774525634993816 0.09616727569323463 0.1581517393771567 0.08664460865474066 0.15329430761992577
0.09145828624151035 0.1340399943419841 0.15082405692184603 0.14877480002716165 0.08555265086194887 0.17977179765424306 0.0756810939268605 0.13389732002444546
0.08066176775840542 0.11836719326385794 0.1192241651790042 0.12824293559084873 0.09503723376319524 0.21759301672622483 0.08698216500944524 0.15389152270901846
0.104940717302713 0.0715376982720554 0.23561723180669722 0.12596764086931075 0.09876389336102247 0.10935742260675416 0.14044451899906735 0.11337087678237967
0.12416534016385385 0.07463521926576897 0.21560631659504234 0.08613324432602493 0.14625763783001566 0.12179949586877963 0.12804285275928481 0.1033598931912299
0.08855139198770866 0.10971946911929803 0.139813964780791 0.12586591245958578 0.11301677810612418 0.18662346536153118 0.0853699232334582 0.15103909495150294
0.10617558160306122 0.06991036063627375 0.24629215706814253 0.12408827470406274 0.10284735301593155 0.1006576597628498 0.13834916597602218 0.11167944723365646
0.10676459416924 0.0637718223946235 0.30252854390172046 0.117926912476776 0.095136815910971 0.07625738302182182 0.13147970689574875 0.1061342212290984
0.07364126814393109 0.09530163713304612 0.23364087253669874 0.17725033615791505 0.06396889916559806 0.10650520897079138 0.09016647534989593 0.15952530254212355
0.07836529683906074 0.11732193591127853 0.14810015587367542 0.1324757940201641 0.09112830564602421 0.18378441163714102 0.08985314724845914 0.1589709528241969
0.13507337160241606 0.09273202728339029 0.20638695985147118 0.10223545320735716 0.12651357407578243 0.13106180527819158 0.11398490081476985 0.09201190788662145
0.11642658125012112 0.06512830052821209 0.2791188995048692 0.11722777389589026 0.10228493494689664 0.08360829381512734 0.13070021955258213 0.10550499650630124
0.10800111083085444 0.0620587862493519 0.3183402110711556 0.11524543578125368 0.09319802604330077 0.07094547733051264 0.1284900604904425 0.10372089220312831
0.10367810702387854 0.060797119473137005 0.33796553064699464 0.11324885894570542 0.08917392759027942 0.0669484569517926 0.12626402631707756 0.10192397305113489
0.12066267459984346 0.07151670252060928 0.25831970156687484 0.0833550526847076 0.13840685025553945 0.10380007086127074 0.12391288428950561 0.1000260632216491
0.08771917592093649 0.10920692063000294 0.15372583481900765 0.1256394859328279 0.11071731002259767 0.17700754257470705 0.08521634698052676 0.15076738311939347
0.10528021559762801 0.06945778479263338 0.25402683160641004 0.12334141103502155 0.10156727259966512 0.09780274571598646 0.13751646872113596 0.11100726993151941
0.10610958502922407 0.06349705135738898 0.3064638594198231 0.11746352185810298 0.09444001137002608 0.07534574035582445 0.1309630609373178 0.10571716967229268
0.09764732599206964 0.12655050325606784 0.19549511979502845 0.14714123473239812 0.08480297651060378 0.1410856220908019 0.07485010636387208 0.13242711125915832
0.10684399936070449 0.06961834326239624 0.2769793105956345 0.12150926409736179 0.09242092734697628 0.08779605603627223 0.13547376161302874 0.10935833768762561
0.12380954288011037 0.07370458903509203 0.2331654282042021 0.08518283903725554 0.14219073070386196 0.11309745183043324 0.12663001146433808 0.10221940684470665
0.08853614469603041 0.1096283417668737 0.14558407703122375 0.12586609645340155 0.1118771595544195 0.18209881672470554 0.08537004802926366 0.15103931574408186
0.07966823349157481 0.1149644802693118 0.11730074689289256 0.12754670285422343 0.10256017427953203 0.21839368119931538 0.08650993758808198 0.1530560434250681
0.07698896791464468 0.11495787786918185 0.1078099048544889 0.1269151461081057 0.09914544762946448 0.23580290293410702 0.0860815773602804 0.15229817532972684
0.0759903076988489 0.11443129557875593 0.10443142488345994 0.12632035401162892 0.09770556201171471 0.24385847784592346 0.08567815315571352 0.15158442481395468
0.10387523759879858 0.07155072748688718 0.2268882741286219 0.1264259560382915 0.10006311622589835 0.11645782187718387 0.1409555062098563 0.11378336043446234
0.09758778218660981 0.12899847393116892 0.16679225896558378 0.14887750057821295 0.08682923300631798 0.16119166356105888 0.07573333725065615 0.13398975052039164
0.08247977023184348 0.11816388112577679 0.12465269933897624 0.1286355685488561 0.0957591131407093 0.2086978127742475 0.08724847258096328 0.15436268225862732
0.10530029928483367 0.07135987204187796 0.2386712159977285 0.125686723668957 0.09874774007299879 0.10698478034689962 0.1401313172846431 0.1131180513020613
0.10696728517978511 0.06420770772476124 0.29884790374659487 0.11857626520364811 0.09439323588866147 0.0780852768462136 0.13220368672705246 0.10671863868328331
0.104401816163009 0.061656059316344665 0.32863370631456573 0.1146283014831698 0.09042799302239424 0.06928465056278652 0.12780200180287737 0.10316547133485282
0.10214584444904985 0.060506160526499035 0.3430790085735907 0.11274781378414898 0.08803919354885947 0.06630354835874579 0.12570539835337208 0.10147303240573409
0.08409943126694026 0.10969847200280292 0.18258114378376122 0.12789016228853758 0.09656561749672052 0.1589540857323323 0.08674289268266029 0.1534681947462451
0.10310708853102049 0.06887609144243316 0.2702830187429295 0.12229676928827064 0.09644591285603381 0.09257225564802081 0.13635177113184802 0.11006709235944358
0.10470827687888952 0.06299883505052024 0.31476449981081595 0.11659806512607529 0.09234852012902588 0.07364540312377514 0.1299981412674302 0.10493825861346776
0.12176075703260562 0.07223359897117158 0.2487204925233598 0.08402295889976001 0.14066084620417202 0.10686802395166548 0.12490577173755371 0.10082755067971201
