Action: 0
[0.12745569264381326, 0.10117768196721158, 0.2543199668965256, 0.1011776819671217, 0.11195741366219478, 0.10155619892888974, 0.1011776819671217, 0.1011776819671217]
[0.20945706180528112, 0.10471539779751354, 0.15970480973097612, 0.10471539779751354, 0.10726113947617509, 0.10471539779751354, 0.10471539779751354, 0.10471539779751354]
[0.2171315818293181, 0.10363036367962188, 0.15966698062893947, 0.10362460433330185, 0.10507265652891311, 0.10362460433330187, 0.10362460433330185, 0.10362460433330185]
[0.125, 0.125, 0.125, 0.125, 0.125, 0.125, 0.125, 0.125]
[0.12490051953791258, 0.10203060428196266, 0.2579110154452029, 0.10203060410301411, 0.10203842639068672, 0.10702762203519299, 0.10203060410301411, 0.10203060410301411]
[0.107419796886385, 0.10469472147957908, 0.2644080835735246, 0.10469472147744813, 0.10469851211589774, 0.10469472151226929, 0.10469472147744813, 0.10469472147744813]
[0.125, 0.125, 0.125, 0.125, 0.125, 0.125, 0.125, 0.125]
[0.125, 0.125, 0.125, 0.125, 0.125, 0.125, 0.125, 0.125]

Action: 1
[0.102662366382952, 0.102662366382952, 0.102662366382952, 0.102662366382952, 0.1529809992930926, 0.23104480240919534, 0.102662366382952, 0.102662366382952]
[0.10524550698090472, 0.15803594415276223, 0.10524550698090472, 0.10524550698090472, 0.10524550698090472, 0.21049101396180944, 0.10524550698090472, 0.10524550698090472]
[0.10748874041719937, 0.20673388931827047, 0.10332421749901198, 0.10332421749901198, 0.11244805159132674, 0.16003244867715546, 0.10332421749901198, 0.10332421749901198]
[0.125, 0.125, 0.125, 0.125, 0.125, 0.125, 0.125, 0.125]
[0.10286931301000701, 0.12362169909654462, 0.10286931301000701, 0.10286931301000701, 0.10292801019067323, 0.2591037256627471, 0.10286931301000701, 0.10286931301000701]
[0.10506966291679386, 0.10500585375088882, 0.10500537159360102, 0.10500537159360102, 0.10540319617302304, 0.2644998007848903, 0.10500537159360102, 0.10500537159360102]
[0.125, 0.125, 0.125, 0.125, 0.125, 0.125, 0.125, 0.125]
[0.125, 0.125, 0.125, 0.125, 0.125, 0.125, 0.125, 0.125]

