0.125 0.125 0.125 0.125 0.125 0.125 0.125 0.125
0.07575757575757576 0.12626262626262627 0.09090909090909091 0.15151515151515152 0.0946969696969697 0.15782828282828282 0.11363636363636365 0.1893939393939394
0.06506121454980185 0.1084353575830031 0.05855509309482167 0.0975918218247028 0.14119196794261551 0.2168707151660062 0.11711018618964333 0.1951836436494056
0.06430745814307458 0.11377473363774733 0.056062912227295786 0.09918822932521562 0.12861491628614916 0.22754946727549466 0.11212582445459157 0.19837645865043124
0.09610220552809057 0.07757647916122974 0.19220441105618113 0.15515295832245948 0.09652348224615571 0.06981883124510677 0.172983969950563 0.13963766249021353
0.09832084740756161 0.07742766733345478 0.19664169481512322 0.15485533466690957 0.0988201047070385 0.0675010433163452 0.1714312211208767 0.1350020866326904
0.09268487298249109 0.15447478830415184 0.09862106541416263 0.13902730947373665 0.13441161065572343 0.1930934853801898 0.10427048210530249 0.08341638568424199
0.07159545381591366 0.12666887982815495 0.09754820828287993 0.15833609978519367 0.09645220202796895 0.15200265579378594 0.1073931807238705 0.1900033197422324
0.10760505328742982 0.08473897946385099 0.14086813071694887 0.1016867753566212 0.15565214959633014 0.12093286245189774 0.16140757993114474 0.12710846919577648
0.07000226128951288 0.12385015458913817 0.09899252525012286 0.15481269323642272 0.09619042719752668 0.16537331461930027 0.10500339193426933 0.18577523188370726
0.10681418272618642 0.08411616889687182 0.14008713508440696 0.10093940267624618 0.16018093697354643 0.12146664620815499 0.16022127408927964 0.1261742533453077
0.06906584724896009 0.12219342205585246 0.09773190448643823 0.15274177756981558 0.09539235677258846 0.1759857879091264 0.10359877087344013 0.18329013308377867
0.10073236144713028 0.0744560464372784 0.2065989418068497 0.1489120928745568 0.09889775940503467 0.07573019096521244 0.1648518081476575 0.1298207989162803
0.07765192931244984 0.11789493394600827 0.11464135570007156 0.14147392073520992 0.10719083826624727 0.1581991805695933 0.10610544055140744 0.1768424009190124
0.0950441542626991 0.14737670386038199 0.09495879195497166 0.13263903347434375 0.1386081020815432 0.2123105191756962 0.09947927510575784 0.07958342008460627
0.06691735142529506 0.11839223713706049 0.09130548578866911 0.1479902964213256 0.09103293378936408 0.20639731259475244 0.1003760271379426 0.17758835570559073
0.07367560328345052 0.11525770892622267 0.09592841466557024 0.1383092507114672 0.10534407320056703 0.1948664477897879 0.10373193803360041 0.17288656338933397
0.07307668800177493 0.11350316905383986 0.09531285888121377 0.13620380286460784 0.10698730180542113 0.2025085736639269 0.10215285214845587 0.17025475358075978
0.07275722401550953 0.1130389011613311 0.09489011119113983 0.1356466813935973 0.10807366345637646 0.2043000559948512 0.10173501104519798 0.16955835174199665
0.07215003179227338 0.11207554770497216 0.09411578276242202 0.13449065724596657 0.10755122477436073 0.21063544122807193 0.10086799293447493 0.16811332155745823
0.08838385613652645 0.1373264685275386 0.08644785443695795 0.12359382167478473 0.13178008256730395 0.2656162573959289 0.09269536625608855 0.07415629300487085
0.06521394070480857 0.11537851047773823 0.08845282190667177 0.14422313809717283 0.08840607476276419 0.2274368372770242 0.09782091105721287 0.17306776571660737
0.0966648785018775 0.07144133214309122 0.20963932358920895 0.14288266428618243 0.09762078328862116 0.09900966134957842 0.1581769828483582 0.12456437399308211
0.07455742662177987 0.113217148748246 0.11966238775810126 0.13586057849789518 0.10697653335156426 0.1780047680266229 0.1018954338734214 0.16982572312236896
0.08910794638296939 0.13810774249135513 0.09452445297960856 0.12429696824221963 0.13341215486523905 0.2527498279116118 0.09322272618166472 0.07457818094533177
0.05470255582376522 0.09678144491896924 0.052168772209603635 0.08437356736525524 0.13476468583943663 0.31308302382999714 0.09537881528246245 0.16874713473051048
0.07451136257392481 0.13182779532309774 0.098056878282757 0.1647847441538722 0.08305272958633339 0.21563493744586443 0.08382528289566542 0.14830626973848496
0.1297333151253863 0.09501272312175245 0.17650382823300598 0.11401526774610295 0.12869499108828675 0.1304223607328597 0.12621958822523402 0.09939792572737179
0.07507112392298752 0.117785920023986 0.09766776358616382 0.1472324000299825 0.09757391479506478 0.18812802193332648 0.09986197567250989 0.176678880035979
0.07567323590549987 0.1113190498169468 0.097690153632598 0.13358285978033616 0.10547621073957433 0.20909277056437253 0.10018714483525214 0.1669785747254202
0.06497249039682598 0.09239443229190386 0.060972222543377995 0.08315498906271349 0.14289274439856772 0.28951715630592784 0.09978598687525617 0.16630997812542697
0.0674491451980043 0.11193170080498367 0.08398947359087337 0.1399146260062296 0.09522301536199769 0.2386958719305584 0.09489861589987746 0.16789755120747551
0.11203633404161767 0.08090057944822611 0.13579423946105823 0.10112572431028265 0.1402823459582352 0.15817972639474626 0.15033018121349478 0.12135086917233917
0.10541150359265226 0.07106621595229058 0.20016245898372934 0.14213243190458116 0.1040004645925627 0.09084068158435633 0.15846705467570468 0.12791918871412306
0.10679025527088959 0.06787692004012902 0.25060906369807656 0.13575384008025804 0.09648210364236064 0.07385323425232572 0.15028508140753025 0.1183495016084301
0.07225581497983394 0.09668202120717363 0.08565539742728814 0.08701381908645628 0.14702610134728886 0.23292262487529894 0.10441658290374753 0.17402763817291256
0.07163885499164263 0.11218057161883584 0.09145691557696191 0.1402257145235448 0.10151563870556814 0.21960183208704973 0.09510961506814343 0.16827085742825373
0.09895797178910226 0.07089509860129796 0.20407540915825345 0.14179019720259592 0.09700276852691052 0.10158188871660924 0.15808548852289425 0.12761117748233633
0.10456034903097981 0.06716492484650327 0.2589315929791454 0.13432984969300654 0.09428338735134613 0.0749131564948682 0.14870866551281145 0.11710807409133904
0.07749132803549713 0.11553652059597244 0.12935371912270485 0.14442065074496557 0.09504651758970423 0.16689160685974208 0.09795487615745492 0.17330478089395868
0.10279468757122844 0.06884276700772529 0.23471330407342525 0.13768553401545058 0.09610674399819968 0.08739987485895222 0.1524235460000104 0.12003354247500819
0.06199083145989452 0.08350021376010508 0.09896969000486966 0.1002002565121261 0.12710587619535887 0.20759231122884217 0.1202403078145513 0.2004005130242522
0.05126862129539114 0.0816687187798823 0.0705956472061785 0.10208589847485286 0.11881849071332626 0.2559893761308296 0.11540145044983365 0.20417179694970572
0.09522040846820574 0.07039640085723468 0.20232928185230514 0.14079280171446937 0.09962871317542146 0.10794540540320893 0.15697346698613227 0.12671352154302243
0.1402134445904792 0.09059544413267472 0.21458359392231696 0.10871453295920966 0.1280773477411004 0.1026874074121851 0.12035145691862037 0.09477677232341354
0.0804144127990568 0.11329574841200597 0.12410023461237238 0.14161968551500748 0.09955296831064532 0.17501823668794142 0.0960550910449616 0.16994362261800897
0.07942527136882628 0.10991533198536467 0.10591060096548811 0.13189839838243758 0.10513913798560053 0.2039144625474077 0.0989237987868282 0.16487299797804697
0.08617857725724005 0.13350465274965845 0.08330698359707409 0.11638867162790736 0.11209060211116373 0.24992222507758238 0.07894188162588497 0.13966640595348884
0.11134390421047784 0.0777109987895494 0.1459496347187125 0.09713874848693674 0.14860747087244075 0.15827947086742594 0.14440327387013285 0.11656649818432409
0.10081685041002504 0.06759863137998796 0.23042699776887746 0.13519726275997593 0.10563143086016752 0.08791643170758189 0.15073485862940597 0.12167753648397832
0.09735653228657583 0.06645148832890337 0.26605682589104623 0.13290297665780673 0.09500923862059016 0.07443335838218341 0.14817690084086813 0.11961267899202607
0.09555123660066667 0.0655188134572513 0.28093250674025505 0.1310376269145026 0.09169218739403241 0.07123658958795102 0.1460971750822887 0.11793386422305233
0.09466629060864999 0.06506043900529442 0.28724723398631413 0.13012087801058883 0.0904660755932944 0.07025522411780608 0.14507506846852214 0.11710879020952994
0.09425867138615912 0.06485328910050554 0.2899728188303171 0.12970657820101109 0.08996910778813151 0.06989045921422642 0.1446131550987392 0.11673592038090996
0.07513159219135385 0.11335673607299218 0.1453329326082871 0.1416959200912402 0.09557788658328788 0.16276303036842224 0.09610679797492816 0.17003510410948827
0.10301287556600772 0.06811768670936962 0.24153350980976065 0.13623537341873923 0.09538982856600861 0.08612326741895825 0.15081815860763967 0.11876929990351627
0.07930195481711988 0.11329808379494827 0.1342982931869033 0.14162260474368535 0.09662993525902729 0.16884493146235038 0.0960570710435431 0.1699471256924224
0.07929264520401881 0.10998052935381446 0.10848371096005785 0.13197663522457737 0.1045926687768876 0.20172054003148934 0.09898247641843302 0.16497079403072168
0.06369689722054944 0.09535627586313461 0.06116173460556476 0.08313111229093786 0.13862229168851048 0.2977951628988017 0.09397430085062541 0.16626222458187573
0.09770840158218043 0.06860414061597676 0.19959975439721245 0.13720828123195353 0.10619932874894707 0.11421564616531601 0.15297699414965565 0.12348745310875818
0.13399646046020394 0.08825065091583162 0.2131269879353633 0.11031331364478952 0.12717016186289942 0.10486933052350031 0.12299111237710117 0.09928198228031057
0.14409497516361308 0.08601614781218282 0.21469514047370533 0.10752018476522851 0.13029632364880217 0.10073207972891811 0.11987698211884434 0.09676816628870566
0.12906580579999105 0.07442595130052046 0.18670196472812117 0.09303243912565057 0.15153356464870243 0.11530237823854998 0.13829896920768353 0.11163892695078068
0.09845172759723733 0.12831756159348034 0.13944127766106082 0.16039695199185042 0.09356238291244665 0.15387960935105716 0.08159323210020217 0.14435725679266534
0.14555045437217226 0.09164432074264367 0.19338368336554695 0.1099731848911724 0.1278511107055345 0.11397835095309701 0.12174483634675985 0.09587405862307338
0.1050851224430854 0.13165295868170604 0.10103907702852519 0.11477437423533347 0.12195422955801313 0.20991802209827562 0.07784696687266095 0.13772924908240014
0.14178762359386132 0.08850733875574872 0.1763818953624187 0.11063417344468592 0.13259343426280976 0.1271759313710338 0.12334884710922442 0.0995707561002173
0.11397673823168493 0.06546484774914421 0.24463149528797992 0.13092969549828842 0.10066026513657128 0.08052339254007843 0.14597683960779323 0.11783672594845958
0.10626448103595793 0.06490894517611766 0.2727157996643899 0.12981789035223532 0.09291935205100174 0.07180017056280844 0.1447372598404773 0.1168361013170118
0.12117190379026921 0.07522844350854771 0.2070010841846596 0.09403555438568464 0.1411899051319299 0.1087402763209503 0.13979016741513717 0.11284266526282155
0.14307421557921418 0.08576702671994214 0.21210967944973283 0.10720878339992769 0.13442122282192862 0.10140137413387784 0.11952979283544177 0.0964879050599349
0.11285061495549696 0.06455516474703248 0.2582598540305877 0.12911032949406495 0.09990483309879308 0.0751715248427001 0.14394838228666643 0.11619929654465845
0.12289470395411511 0.0752029540625475 0.20223430798698494 0.09400369257818438 0.1435271326011833 0.10958997502484777 0.13974280269831588 0.11280443109382125
0.08470711366713386 0.11088220585411236 0.12405296298611027 0.13860275731764046 0.1062968476979551 0.17512597699347984 0.09400882670239961 0.16632330878116852
0.10418370349394722 0.06810201268717046 0.2272747474079644 0.13620402537434093 0.09848498952659888 0.09130957486018668 0.15185732381288458 0.12258362283690682
0.12160661122852823 0.07597361077111284 0.19324926033486467 0.09496701346389104 0.14436529508619303 0.11470294906316575 0.14117484389557536 0.11396041615666926
0.10898655775554379 0.06521380851796166 0.2515501292094379 0.13042761703592332 0.1029310784976158 0.07808889406038855 0.14541705959079806 0.11738485533233098
0.12215667349300878 0.07531746394777002 0.20019988733645094 0.09414682993471252 0.14476566211260114 0.11048170126130352 0.13995558599249802 0.11297619592165502
0.1088282311128035 0.06502015015604441 0.25415604689671917 0.13004030031208882 0.1027633120421005 0.07717045885140776 0.14498523034795574 0.11703627028087994
0.10486597121529714 0.06467116431361566 0.27628997011260076 0.12934232862723133 0.09321260957377886 0.07100281638618922 0.1442070440067788 0.1164080957645082
0.10332650328001837 0.0642610907347571 0.28469219862841866 0.1285221814695142 0.09068892637859169 0.06954649505520132 0.14329264113093595 0.11566996332256278
0.10270451243542429 0.06407524283327998 0.2878068234267716 0.12815048566655995 0.08993162679716744 0.06911764369175791 0.14287822804913478 0.11533543709990399
0.1024589227576242 0.06400277733186109 0.2889526034770211 0.12800555466372218 0.08968423651360535 0.06897426526209892 0.14271664079671711 0.11520499919734997
0.0819701526436256 0.11228186119334398 0.1448254575101447 0.14035232649167997 0.09566428254720243 0.16128763681223918 0.09519549101174817 0.16842279179001596
0.09705305330774161 0.1326612584902207 0.13373451989474944 0.15919351018826483 0.08787471319701928 0.16742840763375771 0.08327045148309238 0.13878408580515394
0.08335625291154285 0.1097537319233557 0.10825990037584703 0.13170447830802684 0.10248220274782918 0.2010344771173446 0.09877835873102014 0.16463059788503354
0.07775167218436442 0.1115489055529601 0.10272316958459798 0.1394361319412001 0.09738093745705909 0.20926175285112927 0.09457407209924878 0.16732335832944015
0.10346076422754404 0.06863046675861537 0.21885461560266645 0.13726093351723073 0.09733855720915476 0.09788412500081654 0.1530356975184647 0.12353484016550764
0.10520968601068198 0.0657482892197714 0.26360200794677574 0.1314965784395428 0.09345604792253145 0.07553159808251347 0.14660887178259469 0.11834692059558849
0.1039424562391377 0.06460282465338152 0.2800996064041016 0.12920564930676304 0.09117507472584505 0.0706346475302785 0.14405465676440593 0.11628508437608673
0.1030556488885674 0.06418759501190395 0.28612778943289036 0.1283751900238079 0.09017804766348367 0.06940930131943517 0.14312875663848432 0.11553767102142712
0.10264104234959572 0.06403903398586097 0.28832960642296157 0.12807806797172194 0.08978541196111885 0.06905908841049524 0.14279748772369594 0.11527026117454975
0.10247038518031266 0.06398561512427521 0.28913480575206635 0.12797123024855042 0.08963735601598524 0.06894812881979055 0.14267837163532412 0.11517410722369538
0.10240394836910706 0.06396627243363727 0.28942959749504027 0.12793254486727454 0.08958254637411224 0.06891055975811129 0.14263524032217026 0.11513929038054709
0.10237878671112668 0.06395923176609478 0.28953760647929544 0.12791846353218955 0.0895624065648108 0.06889734708311575 0.1426195406843964 0.1151266171789706
0.10236939356980576 0.06395666050580309 0.2895771984217093 0.12791332101160618 0.08955502562500385 0.0688926047979102 0.14261380715771615 0.11512198891044556
0.0819858881499 0.11226668522696812 0.14496056960401094 0.14033335653371015 0.095631138398267 0.16123970981513175 0.09518262443155993 0.16840002784045216
0.1055163746298004 0.06786485369819228 0.24143523891995056 0.13572970739638457 0.09514809668103864 0.08571890028178777 0.15025836553445907 0.11832846285838654
0.09884021485066109 0.13466133865468527 0.11177244798109495 0.11739706446818718 0.11597069949164908 0.20085592216130113 0.0796258350305965 0.1408764773618246
0.10731907825500066 0.06769796869628235 0.22087123002434134 0.1353959373925647 0.10028829656300929 0.09561477939721588 0.15095636601827736 0.12185634365330822
0.10589595704456324 0.065589055072734 0.2641248958592097 0.131178110145468 0.09388899015508709 0.07500888919102493 0.14625380340099195 0.11806029913092123
0.10405920091793638 0.06457245440064284 0.28025443932718846 0.12914490880128568 0.09123044129696996 0.07052120170114726 0.14398693563367226 0.11623041792115713
0.10307299010319547 0.06418073406029476 0.2861778194934938 0.12836146812058952 0.09018298036629634 0.06938522880718122 0.14311345774041845 0.11552532130853056
0.08213447125743342 0.11230992463995443 0.14420934529569748 0.14038740579994302 0.09579555203596951 0.1614791300771961 0.09521928393387441 0.16846488695993161
0.08071006484742917 0.10982310584030151 0.1107521357275165 0.1317877270083618 0.1043562348886888 0.1989952776709787 0.09884079525627137 0.16473465876045226
0.09123933960465712 0.13169214297831747 0.08503132250175441 0.1148085349041742 0.11544125155815022 0.24614702985032372 0.0778701367176138 0.13777024188500905
0.11901196613534154 0.07629910304911189 0.1467332483160706 0.09537387881138985 0.1506760428964475 0.15567742965656134 0.1417796765614094 0.11444865457366785
0.1441534983673584 0.0866773850254751 0.1909467090038787 0.10834673128184387 0.13857756229598558 0.11298753606950444 0.12079851980229457 0.09751205815365947
0.11408190248961286 0.06497850880500988 0.25000209435017906 0.12995701761001976 0.10151444036172037 0.07761234418416459 0.14489237635027574 0.11696131584901777
0.14152382897483276 0.0862146280694839 0.22864966838603953 0.10776828508685488 0.12393856564462924 0.0947599717974819 0.12015359546250834 0.09699145657816938
0.0883490917010554 0.11085450710515131 0.1302163841913574 0.13856813388143913 0.10219170642005344 0.16955307306276202 0.09398534298045437 0.16628176065772696
0.11933357999521152 0.07723934185854969 0.16318318878325005 0.0965491773231871 0.1476518703648537 0.13665699214996763 0.14352683673715577 0.11585901278782454
0.1096342860112301 0.06589653128967567 0.23986024390840893 0.13179306257935133 0.10465635945119495 0.08260633096592356 0.14693942947279917 0.11861375632141621
0.14061153748140276 0.08652892900959885 0.2254000403797883 0.10816116126199855 0.125189508050333 0.09617215560240376 0.120591623078676 0.09734504513579871
0.10173996610154243 0.1279126125384294 0.14937115147034488 0.15989076567303673 0.08866148258042679 0.1471865952098551 0.08133573732063172 0.14390168910573303
0.08445551365443295 0.11006910375042624 0.11217264786850903 0.1320829245005115 0.10297106974949276 0.19408289147560454 0.09906219337538363 0.16510365562563936
0.06662067460656883 0.09531749097841491 0.06172675121136187 0.08309729982733607 0.13883078298448587 0.2942763226714761 0.09393607806568426 0.16619459965467215
0.10078668700702907 0.06830177512193718 0.19919819604611536 0.13660355024387436 0.1064868237003478 0.11337700843408367 0.1523027642271256 0.12294319521948695
0.10518186313485063 0.06607796664406905 0.25591593855029593 0.1321559332881381 0.09585153207343455 0.07853242311669452 0.14734400323319277 0.11894033995932428
0.10423153198480534 0.0647713153693642 0.2772335309276343 0.1295426307387284 0.09189348712811866 0.07130877027331417 0.1444303659131793 0.11658836766485559
0.10325709475015507 0.06425141106967355 0.2850667003695139 0.1285028221393471 0.09041110473609046 0.0695872700872819 0.14327105692252579 0.11565253992541238
0.10275951133046242 0.06406005454955985 0.28793210373956485 0.1281201090991197 0.08986389259083637 0.06911187005790237 0.14284436044334686 0.11530809818920772
0.1025467351843764 0.06399066625380725 0.28898029782951473 0.1279813325076145 0.08966385440578821 0.06896427966176526 0.14268963490028067 0.11518319925685307
0.10246225956574316 0.06396548901408543 0.2893640571225107 0.12793097802817086 0.08959099747328747 0.06891484515735072 0.14263349341349793 0.11513788022535376
0.0820337745178176 0.11226312631565895 0.14491103252496484 0.1403289078945737 0.09564017335211285 0.1612486888276728 0.09517960709371087 0.16839468947348843
0.08068589617540409 0.10981202485793962 0.11089968865674692 0.1317744298295275 0.10432302484576945 0.19895607597555756 0.09883082237214565 0.1647180372869094
0.09126154446371962 0.1316864097168419 0.08505593619215471 0.11480353667622115 0.11543059130313703 0.24613099102128416 0.07786674661517608 0.13776424401146536
0.13853954580274497 0.0887800266093617 0.17074760294136243 0.11097503326170215 0.13149288275052212 0.1358584983308769 0.12372888036789774 0.09987752993553191
0.11368224483806316 0.06556256283358805 0.2424599865426337 0.1311251256671761 0.1008283145949207 0.08213442276139778 0.146194729661762 0.11801261310045848
0.10645573921182358 0.06492455644426848 0.27187899650691244 0.12984911288853695 0.0931618992809646 0.07209342342939701 0.14477207063841355 0.11686420159968326
0.13886739366937567 0.08599659900078295 0.23639193791146715 0.1074957487509787 0.12134697241720624 0.09330543658776957 0.11984973778653893 0.0967461738758808
0.11142563018204603 0.06412950185399098 0.26777353934433984 0.12825900370798196 0.09665189066564972 0.07332811334184869 0.142999217566959 0.11543310333718376
0.10504373811510324 0.0643201139264357 0.28126785709296503 0.1286402278528714 0.09151300124194045 0.07001460266415228 0.14342425403894765 0.11577620506758426
0.10326950390965796 0.06412754895543774 0.2864898103694626 0.12825509791087547 0.09018044418630193 0.06925314365381355 0.14299486289466265 0.11542958811978794
0.10270810660795675 0.06402142135015301 0.28844360960757254 0.12804284270030603 0.08976848562109627 0.06901876150782124 0.14275821417481882 0.11523855843027543
0.08208459275120289 0.11227470748254055 0.14470817945567335 0.1403433843531757 0.09568602221850803 0.1613016266059782 0.09518942590911048 0.1684120612238108
0.08069323863639159 0.10980941089511374 0.11085269150560449 0.13177129307413646 0.1043312128334499 0.1989995669070308 0.09882846980560236 0.16471411634267058
0.06590241441227022 0.09509246000732706 0.06141388766165647 0.08290111898074666 0.13892594831682792 0.29624762424666035 0.09371430841301796 0.16580223796149332
0.10060956782263034 0.06829554553900893 0.199039255749165 0.13659109107801787 0.10650936261136461 0.11373432204261325 0.1522888731869841 0.12293198197021607
0.10514679873117645 0.06608101815369492 0.25585575539437166 0.13216203630738985 0.09586112348562173 0.0785966276068854 0.14735080764420927 0.11894583267665086
0.08264298370920779 0.1125663054032636 0.1373787488725647 0.1407078817540795 0.09715619835431405 0.1652617735684732 0.09543665023320175 0.16884945810489538
0.1058950714024013 0.06801022696781642 0.2386269127505496 0.13602045393563283 0.09567817915571146 0.0866069876824562 0.15058023390513686 0.11858193420029531
0.07283235004083939 0.09911154572320263 0.08186698810778527 0.08640493729715103 0.14242064759798068 0.24687851012891615 0.0976751465098229 0.17280987459430205
0.10189065810899602 0.06810484888465043 0.208128715727241 0.13620969776930086 0.1067691410596507 0.10444456234783835 0.15186364810995187 0.1225887279923708
0.08193951189218524 0.11253635348392656 0.1263174818307339 0.14067044185490818 0.09938082930184512 0.1749395951958777 0.09541125621463338 0.16880453022588982
0.14263292498244362 0.09174617569612493 0.18896259504413962 0.11009541083534992 0.1297046600236412 0.11899747335258179 0.12188014549131125 0.09598061457440761
0.08835476679071032 0.11070406256590062 0.12091221100956359 0.13838007820737577 0.10322155731912995 0.17851343808303116 0.0938577921754375 0.16605609384885095
0.0790148932278682 0.11208082019316655 0.10598416586534717 0.1401010252414582 0.0979809950987639 0.2016918268763963 0.0950250432072499 0.16812123028974982
0.10371538598111434 0.06858820795797173 0.22022897622850365 0.13717641591594346 0.0973939928761929 0.09649678001561174 0.15294146670031308 0.12345877432434912
0.10525753247116577 0.06571221111750074 0.26410788703962235 0.13142442223500148 0.09342339958474806 0.07526414454113764 0.14652842299932256 0.11828198001150135
0.13884161848504942 0.08624548832790128 0.23391910215185668 0.10780686040987662 0.1217195166842721 0.09424463550323282 0.12019660406892214 0.09702617436888894
0.1115165709697316 0.06419287578151521 0.2668517929315987 0.12838575156303042 0.09681394823870922 0.0735513521421447 0.14314053196654286 0.11554717640672738
0.09629109406941261 0.12920518405589537 0.16086715256214895 0.1615064800698692 0.08390176341587512 0.14071484955446129 0.0821576442094552 0.14535583206288227
0.14631864121586502 0.09119731708566145 0.20123714271785814 0.10943678050279373 0.12456441145374354 0.1106882683571741 0.12115101463882742 0.09540642402807659
0.07762198957373903 0.09650232173758101 0.07522168089875193 0.0841302292071219 0.14838187756267587 0.25477770524131377 0.09510373736457259 0.1682604584142438
0.13387669525911874 0.08841502194340248 0.1664047619798583 0.1105187774292531 0.14046471234901978 0.13763294218936015 0.12322018916365977 0.09946689968632778
0.11270350368768822 0.06561705479629902 0.240673689039902 0.13123410959259804 0.10282454415965983 0.08252016148503598 0.1463162386054787 0.11811069863333823
0.12341953125290607 0.07543126934792405 0.1968184142412226 0.09428908668490506 0.14495051349283347 0.11177722075210562 0.14016706020621705 0.11314690402188606
0.12526390599867643 0.0745631201078729 0.18103339536953506 0.09320390013484112 0.15720297201352496 0.11833416869985695 0.13855385751388324 0.11184468016180936
0.08515469748530981 0.11060907130431477 0.11904105682038672 0.13826133913039346 0.10911170742889839 0.17813126476839244 0.0937772561058321 0.16591360695647214
0.07843838309060125 0.11206427680239518 0.10555793647670066 0.14008034600299402 0.09922307787044231 0.20152854726428657 0.09501101728898723 0.16809641520359278
0.10358936202861352 0.0685949649139379 0.22004972841467227 0.1371899298278758 0.09766943256527937 0.09647911170091618 0.15295653370361678 0.12347093684508824
0.12182592784030671 0.076077025718814 0.1910427112496503 0.09509628214851751 0.14429965572071154 0.1161758482662813 0.14136701047749767 0.114115538578221
0.10921411843824054 0.0652528311277684 0.2506754015391666 0.1305056622555368 0.10300429594060447 0.07838852048230296 0.145504074186397 0.11745509602998312
0.10516866863119956 0.06474972971919009 0.27498745959096305 0.12949945943838018 0.09337470438848201 0.07128823160221327 0.14438223313502982 0.11654951349454216
0.10352345322497385 0.06428332991907075 0.2841950020172875 0.1285666598381415 0.09076002564737574 0.06961930430614918 0.1433422311926742 0.11570999385432736
0.1204176632617676 0.07502474699128686 0.210463001123564 0.09378093373910856 0.14043608484645687 0.10792879282827068 0.13941165672261513 0.11253712048693028
0.10820095350556984 0.06480668963288687 0.2581547433216841 0.12961337926577374 0.10155787941238373 0.0765050682814111 0.14450924524109401 0.11665204133919639
0.08309859149810105 0.1123506846459184 0.13782048206350808 0.140438355807398 0.09827457247066003 0.16423744521530179 0.09525384133023516 0.16852602696887758
0.10612259928644616 0.0679495108402517 0.23888205344867544 0.1358990216805034 0.09584329707056521 0.08638164408356722 0.1504458034069879 0.11847607018300299
0.08285031323875733 0.11268415953587324 0.1335232149941754 0.14085519941984156 0.09719339731086626 0.16833090615539253 0.09553657004128384 0.16902623930380986
0.10623552810156564 0.06806632698712924 0.23721735962834145 0.13613265397425847 0.09577036326999065 0.08719357446002307 0.15070444396010704 0.1186797496185843
0.08287316868992983 0.11269502357249808 0.13314496060789227 0.14086877946562262 0.09718099152087709 0.168648759929489 0.09554578085494403 0.1690425353587471
0.10625302511084103 0.06807413785523317 0.23707491015860802 0.13614827571046634 0.09577858473964924 0.08725595999285087 0.1507217378642525 0.11869336856809884
0.07287072183285478 0.09908986794769165 0.08162916077408812 0.08638603872362861 0.14241664925745062 0.24718170111205773 0.09765378290497147 0.17277207744725723
0.13269216326569616 0.08868421403233828 0.1692951134506389 0.11085526754042284 0.13903215270156694 0.13607599769654452 0.12359535052641174 0.09976974078638055
0.14765396287692636 0.08618913934953512 0.19866412680499282 0.1077364241869189 0.13464657671177116 0.10802891536486982 0.12011807293675883 0.096962781768227
0.1314240399145561 0.0742971456887476 0.18128771447013348 0.0928714321109345 0.15354543641928364 0.11706889139681932 0.1380596214664041 0.1114457185331214
0.12728996233706055 0.07445320770971582 0.17573864515526957 0.09306650963714477 0.1598289157072447 0.11959333057765333 0.1383496173113376 0.11167981156457372
0.12621997014502706 0.07447887451534543 0.17392980751700246 0.09309859314418178 0.1618798343877734 0.12027729691824113 0.13839731159941054 0.11171831177301814
0.12594090511471875 0.07448367149640191 0.17333481088355998 0.09310458937050238 0.16254411687650697 0.12046017362113957 0.13840622539256772 0.11172550724460285
0.12586797875454853 0.07448476202960903 0.17313838434572482 0.09310595253701129 0.16275863656100048 0.12050889089655309 0.13840825183113917 0.11172714304441353
0.08523443006433723 0.11056620303169376 0.11721843097739659 0.13820775378961722 0.1102793301321935 0.17890363619121993 0.09374091126600123 0.16584930454754063
0.09132517434645977 0.13045028146831192 0.12240834966147288 0.1630628518353899 0.08684500276039372 0.17620240951637908 0.08294936375974181 0.14675656665185088
0.09964445045276664 0.13263800278984902 0.12804152190204598 0.15916560334781882 0.0861479592275822 0.17234685145631307 0.08325585405885909 0.13875975676476512
0.08397550522310746 0.10957690027133182 0.10711289735995622 0.13149228032559818 0.10195291995764937 0.20290493621116037 0.09861921024419865 0.16436535040699773
0.09184327091711417 0.13152685748505735 0.08427250377445757 0.11466443985876795 0.11470810429696748 0.24761509315029742 0.07777240268681652 0.13759732783052153
0.10646322986204362 0.06813201624233811 0.209289442146858 0.13626403248467622 0.10075985500554145 0.10452956775956825 0.1519242272627659 0.1226376292362086
0.1061488048500964 0.06585581112763425 0.259751602586985 0.1317116222552685 0.09434948344341529 0.07679358611777592 0.14684862958908293 0.11854046002974165
0.10431286235923717 0.06467607049229972 0.27863917502320573 0.12935214098459943 0.09146137241387607 0.07092346778766365 0.14421798405297878 0.1164169268861395
0.10322540026705739 0.06421612143899018 0.28557845489051104 0.12843224287798036 0.09027784782044923 0.06948854780161856 0.14319236631321092 0.11558901859018232
0.1203165694105428 0.07500815750507696 0.21089132629698365 0.0937601968813462 0.14025634737335546 0.10787433628430214 0.13938082999077733 0.11251223625761542
0.10816392498568655 0.0647979857511706 0.2583219396972437 0.1295959715023412 0.10150772861668746 0.07648623821080988 0.14448983688395356 0.11663637435210708
0.08309099695949734 0.11234890439596872 0.13785742484864177 0.1404361304949609 0.0982626010478602 0.16422825367123142 0.09525233198788653 0.16852335659395307
0.08106933392804021 0.10971656990755299 0.10938880876344766 0.13165988388906358 0.10484689388548696 0.19999874184828131 0.0987449129167977 0.16457485486132947
0.06592282118280975 0.09503741403509429 0.0611883870174511 0.08285313018444118 0.13900567195244282 0.29662625505037993 0.09366006020849874 0.16570626036888236
0.07250072647908391 0.10785864022526112 0.08959019195959483 0.13482330028157638 0.102349139740434 0.23964467208952375 0.09144536888663443 0.16178796033789167
0.11506274646666294 0.07715479555949373 0.14956894066634263 0.09644349444936716 0.14770059617277412 0.15496750129899983 0.14336973204711895 0.11573219333924059
0.10910281516950304 0.06617621813099862 0.23447366865612299 0.13235243626199725 0.10511677457275842 0.08609780518817753 0.14756308938464466 0.1191171926357975
0.10573102177616427 0.06514732625002807 0.26897745515445803 0.13029465250005615 0.09433502934750751 0.07298051366570281 0.14526881405603273 0.11726518725005051
0.10386656409896089 0.06443176395467883 0.2819926626500095 0.12886352790935765 0.09114713083371445 0.07004795849711029 0.1436732169377465 0.1159771751184219
0.10300221278032771 0.06413123019780848 0.28679942339056563 0.12826246039561695 0.0901057971400797 0.06925959022383603 0.1430030715157102 0.11543621435605524
0.08214856326093983 0.1122958296018733 0.14434478316272698 0.14036978700234162 0.09577212506475606 0.16141783371165963 0.09520733379289258 0.16844374440280996
0.11887091903141794 0.076175003717485 0.16284126292731263 0.09141000446098199 0.15323093003943813 0.13811412907097517 0.14509524517616187 0.11426250557622747
0.12442058911469875 0.07481181300478167 0.17020302715697636 0.09351476625597709 0.1603152960653031 0.12550080801307079 0.13901598088201966 0.11221771950717252
0.0849270104855365 0.11052581862103088 0.11648749624650141 0.13815727327628857 0.10968650649606762 0.18072049463389386 0.09370667230913488 0.1657887279315463
0.10458328447023217 0.06820644909695547 0.22409727271477906 0.13641289819391095 0.09939593047598994 0.09244235525443124 0.1520902014191813 0.12277160837451985
0.10528308205067546 0.06558950818143418 0.2654883226909746 0.13117901636286836 0.09368205164054344 0.07446209058115734 0.14625481376576516 0.11806111472658153
0.08266642667376806 0.1125325763185724 0.13958863628697005 0.1406657203982155 0.09667933089402998 0.16366039111527414 0.0954080538353114 0.1687988644778586
0.1429577383744955 0.09149225710798257 0.19371547918940182 0.10979070852957909 0.12860471938527968 0.11618129323303612 0.12154282751341275 0.09571497666681254
0.0768733416898355 0.09624241467766291 0.07397471164106463 0.08390364356514203 0.14923359241738574 0.25711741180498615 0.09484759707363881 0.16780728713028406
0.11449527776601523 0.0757421230477287 0.14214506657734635 0.09467765380966088 0.16073703496107128 0.15784496793162606 0.14074469133495857 0.11361318457159306
0.10903873299862081 0.0661717335671508 0.2311493736603075 0.1323434671343016 0.10797256918638158 0.08666191355576439 0.14755308947660192 0.11910912042087142
0.1058069951913063 0.06520303017600865 0.2676822669408465 0.1304060603520173 0.09500600291802001 0.07313716460803522 0.1453930254969506 0.11736545431681557
0.12132276853959846 0.07525032038144734 0.20539582996233224 0.09406290047680917 0.14214484409789827 0.10911703675347195 0.13983081921627155 0.112875480572171
0.10857833666958983 0.06491453021241918 0.2561872892016603 0.12982906042483836 0.10207046106078431 0.07682445441051125 0.14474971363784214 0.11684615438235452
0.10482733028304952 0.06461591537545111 0.2770320113070586 0.12923183075090222 0.0930078386164634 0.07089257887048106 0.14408384712078207 0.11630864767581203
0.08252076960984132 0.11238348598898784 0.14216550027965708 0.1404793574862348 0.0964542225962319 0.1621397838909886 0.09528165116457665 0.16857522898348173
0.11902043882989218 0.07618768821408615 0.1621576060956675 0.09142522585690338 0.15348340134858876 0.13832470121166393 0.14511940612206886 0.11428153232112923
0.08387314130917062 0.11049741077396823 0.11454475406428839 0.13812176346746027 0.10808982505268572 0.18544440177615354 0.0936825873953209 0.16574611616095233
0.10440700971895583 0.06825358390224104 0.223334904360424 0.13650716780448208 0.09912552408001485 0.09332005410992576 0.15219530499992254 0.12285645102403386
0.105273383536545 0.06561045784974455 0.2652106425786937 0.1312209156994891 0.09365363608751136 0.07463061171919504 0.14630152839928112 0.11809882412954019
0.13880033893282362 0.08621172222646573 0.23427208918008013 0.10776465278308217 0.12174137715157896 0.09407208650632627 0.1201495457148692 0.09698818750477393
0.11149342851405 0.06418392227875626 0.26698354709016986 0.12836784455751252 0.09680647339215824 0.07351315707385789 0.1431205669917341 0.11553106010176127
0.10508826291298971 0.06433976785906793 0.2809775791166242 0.12867953571813587 0.09157002768466117 0.07006516518690416 0.14346807937529474 0.11581158214632228
0.12086569867685973 0.07504751006781815 0.20944589458513238 0.09380938758477268 0.14073262926431626 0.1080736594440995 0.13945395527527402 0.11257126510172721
0.10833489108813564 0.06482545078918196 0.25775324788415827 0.12965090157836393 0.10164782611073842 0.07655079130943485 0.14455107981945947 0.11668581142052753
0.12195705636630146 0.07521063921273928 0.20207376610994426 0.0940132990159241 0.1442162833222686 0.10995591384048883 0.13975708331322448 0.1128159588191089
0.1247970434248016 0.07450843530211049 0.18268025087297665 0.09313554412763812 0.15687363731405066 0.11779019428715597 0.13845224171810083 0.11176265295316573
0.12552386689223557 0.07446263129011384 0.17619917992788073 0.0930782891126423 0.16089312041759804 0.1197818371315352 0.13836712829282347 0.11169394693517075
0.11032830576511138 0.06534588062915604 0.24437657714362285 0.13069176125831208 0.10674547089030509 0.07917785849450555 0.14571156068650612 0.11762258513248086
0.10560365021015503 0.06486412833770613 0.272563497865756 0.12972825667541227 0.0943053188902308 0.07154239203296885 0.14463732497989992 0.11675543100787104
0.10370057147445874 0.06433618023028775 0.2832910269656282 0.1286723604605755 0.09101952111240116 0.0697151358435486 0.14346007949858194 0.11580512441451798
0.10291730237717253 0.0640982802287321 0.2872714834393522 0.1281965604574642 0.09003792168929081 0.06917194939369456 0.14292959800257574 0.11537690441171779
0.10260516642508907 0.0640056559530638 0.2887364218697711 0.1280113119061276 0.08971875905264536 0.06898944438543396 0.14272305969235421 0.11521018071551485
0.10248445566264058 0.0639710708718941 0.2892741830653091 0.1279421417437882 0.08960949563077036 0.06892478533289007 0.14264594012329818 0.11514792756940938
0.08203897698942145 0.11226411249970883 0.14489114403102385 0.14033014062463603 0.09564495491328263 0.161254058986089 0.09518044320627488 0.16839616874956323
0.11676666508939325 0.08553463362443116 0.16704634784142472 0.09560238067573111 0.14450244306632695 0.1337053129619228 0.1421193599298928 0.11472285681087734
0.10847049853815979 0.07143631292862333 0.24059064645101833 0.13078593845554765 0.10349408319428091 0.0816986145891024 0.14581656123327474 0.11770734460999287
0.10496273662502166 0.0695491167023091 0.2706086920398341 0.12924107577395583 0.09343790518354647 0.07178935084721304 0.14409415463155967 0.11631696819656023
0.12050663394596489 0.0802881854167665 0.20573715726074185 0.09340957320097434 0.1409274588905193 0.10817989910331094 0.13885960434055292 0.11209148784116921
0.1423006774366282 0.09241124336684342 0.21058171787576316 0.10625822523811296 0.1337126520714122 0.10063308987474363 0.1184699914221946 0.09563240271430165
0.11246437970854657 0.07051402466051553 0.2567079015487243 0.12810693509149412 0.09941928672452356 0.074661558275872 0.14282967240797925 0.11529624158234468
0.10524412376562003 0.06903084768924835 0.27649684039212763 0.1283674775641958 0.09203335362615488 0.07017646933330349 0.14312015782157353 0.11553072980777623
0.10307331849108983 0.06858314218770052 0.2841258562334168 0.12772311601790848 0.0900590252394377 0.06908299463018334 0.14240174278414572 0.11495080441611764
0.10234062810231655 0.06838438376682279 0.2869819149899126 0.12740287464300512 0.0894444197337428 0.06873849403575714 0.14204469754973853 0.1146625871787046
0.1020801933471229 0.0683036999905391 0.2880406649409317 0.1272744036566759 0.08923580863330265 0.068616804153051 0.14190146198736847 0.11454696329100829
0.10198560528338635 0.06827276125999616 0.288431733763895 0.12722563928206887 0.08916186559638796 0.06857222611158964 0.14184709334881407 0.11450307535386196
0.11939086196872074 0.07993805804953082 0.21121269211353424 0.09310487796888735 0.13917696592393347 0.10704403599927816 0.13840665441345043 0.1117258535626648
0.09648941699134168 0.13760753937313555 0.14456993708069302 0.15827589669219966 0.09055754242587226 0.14953709992252873 0.08051426049124938 0.14244830702297967
0.10921544246805949 0.067775200172038 0.24152453949403516 0.135550400344076 0.09397830631331149 0.0837241020620014 0.15005986525677115 0.11817214388970729
0.07300432562463878 0.10551061373533967 0.08200298713100809 0.08579159896131855 0.14115845625381565 0.24396701284975153 0.09698180752149055 0.1715831979226371
0.1315684316633321 0.0976598198412255 0.16799034058836806 0.10964104087541132 0.1376600926872057 0.13456175914773302 0.12224157840885412 0.09867693678787018
