Action: 0
[0.11163341195453837, 0.10409618793640177, 0.2637894592896078, 0.10409618793640177, 0.1040961883110159, 0.10409618869923098, 0.10409618793640177, 0.10409618793640177]
[0.10571890716109285, 0.10377023981679595, 0.26371427768197925, 0.10377023981679595, 0.11171561607294823, 0.10377023981679595, 0.10377023981679595, 0.10377023981679595]
[0.15637944223677583, 0.20434517163540383, 0.10666930893632229, 0.10217258581769724, 0.12391572740062681, 0.10217259233777949, 0.10217258581769724, 0.10217258581769724]
[0.125, 0.125, 0.125, 0.125, 0.125, 0.125, 0.125, 0.125]
[0.10533090058459019, 0.10502808522284421, 0.26450058799267934, 0.10502808522284421, 0.10502808530850936, 0.10502808522284421, 0.10502808522284421, 0.10502808522284421]
[0.1058174759331901, 0.10494485926060311, 0.2644921842580363, 0.10494485926060311, 0.10496604350569844, 0.10494485926066265, 0.10494485926060311, 0.10494485926060311]
[0.125, 0.125, 0.125, 0.125, 0.125, 0.125, 0.125, 0.125]
[0.125, 0.125, 0.125, 0.125, 0.125, 0.125, 0.125, 0.125]

Action: 1
[0.10334557234242202, 0.1074958001319141, 0.10334557234242202, 0.10334557234242202, 0.112409763078096, 0.2633665750778799, 0.10334557234242202, 0.10334557234242202]
[0.10273040972053009, 0.10273040972053009, 0.10273040972053009, 0.10273040972053009, 0.12792586783790103, 0.2556916738389184, 0.10273040972053009, 0.10273040972053009]
[0.10471906867520941, 0.10471906867520575, 0.10471906867520575, 0.10471906867520575, 0.10726569702816979, 0.26441989092059215, 0.10471906867520575, 0.10471906867520575]
[0.125, 0.125, 0.125, 0.125, 0.125, 0.125, 0.125, 0.125]
[0.10402961047424085, 0.10402998544228004, 0.10402961047424085, 0.10402961047424085, 0.15964661021125048, 0.21617535197526525, 0.10402961047424085, 0.10402961047424085]
[0.10462521977469108, 0.10462521977469108, 0.10462521977469108, 0.10462521977469108, 0.15974290937340732, 0.21250577197844636, 0.10462521977469108, 0.10462521977469108]
[0.125, 0.125, 0.125, 0.125, 0.125, 0.125, 0.125, 0.125]
[0.125, 0.125, 0.125, 0.125, 0.125, 0.125, 0.125, 0.125]

