Action: 0
[0.1039758031557189, 0.10397429290433766, 0.254817275569439, 0.10397429290433766, 0.12133545675315391, 0.10397429290433766, 0.10397429290433766, 0.10397429290433766]
[0.21330860445632885, 0.1027158031357502, 0.12360847688898907, 0.1027158031357502, 0.14950390297593105, 0.1027158031357502, 0.1027158031357502, 0.1027158031357502]
[0.1531111082315736, 0.10504877747742881, 0.11153631685934383, 0.10504877747742881, 0.10504877748965029, 0.21010868750971706, 0.10504877747742881, 0.10504877747742881]
[0.125, 0.125, 0.125, 0.125, 0.125, 0.125, 0.125, 0.125]
[0.25279233111133503, 0.10334650936166576, 0.12427971979536072, 0.10334650936166576, 0.10619540228497373, 0.10334650936166744, 0.10334650936166576, 0.10334650936166576]
[0.11147293587782561, 0.10463294953872561, 0.10728196879953417, 0.10463294953872561, 0.209271035196033, 0.15344226197170469, 0.10463294953872561, 0.10463294953872561]
[0.125, 0.125, 0.125, 0.125, 0.125, 0.125, 0.125, 0.125]
[0.125, 0.125, 0.125, 0.125, 0.125, 0.125, 0.125, 0.125]

Action: 1
[0.10593360711499233, 0.10559939204000664, 0.10559939204000612, 0.10559939204000612, 0.2130216673340753, 0.15304776535090117, 0.10559939204000612, 0.10559939204000612]
[0.10589369613864927, 0.10589369613864927, 0.10589369613864927, 0.10589369613864927, 0.10589369613864927, 0.25874412702945515, 0.10589369613864927, 0.10589369613864927]
[0.10377753507165142, 0.25309511575229326, 0.10377753501249164, 0.10377753501249164, 0.10400180171720048, 0.12401540740888835, 0.10377753501249164, 0.10377753501249164]
[0.125, 0.125, 0.125, 0.125, 0.125, 0.125, 0.125, 0.125]
[0.10513957630918316, 0.10513982654410443, 0.10513957447724968, 0.10513957447724968, 0.15312972458280133, 0.21603257465491232, 0.10513957447724968, 0.10513957447724968]
[0.10335891405964151, 0.1061275857243415, 0.10335891405884014, 0.10335891405884014, 0.1494347470989404, 0.2276430968817161, 0.10335891405884014, 0.10335891405884014]
[0.125, 0.125, 0.125, 0.125, 0.125, 0.125, 0.125, 0.125]
[0.125, 0.125, 0.125, 0.125, 0.125, 0.125, 0.125, 0.125]

