Action: 0
[0.1756584063876446, 0.09627559333531119, 0.2465603096728216, 0.09627476124422815, 0.09640664347417943, 0.09627476339735877, 0.09627476124422815, 0.09627476124422815]
[0.16099962107675306, 0.09700743322811191, 0.25695577955457544, 0.09700743322811191, 0.09700743322811191, 0.09700743322811191, 0.09700743322811191, 0.09700743322811191]
[0.2291927186355227, 0.09387495941323641, 0.17937384493859415, 0.09387495941323641, 0.12205668836297524, 0.09387691040996234, 0.09387495941323641, 0.09387495941323641]
[0.125, 0.125, 0.125, 0.125, 0.125, 0.125, 0.125, 0.125]
[0.2072535230014006, 0.09760681387191937, 0.19911654999117273, 0.09760681387191937, 0.10553030025316726, 0.09767237126658192, 0.09760681387191937, 0.09760681387191937]
[0.15068784993321443, 0.09630113739462566, 0.27150532568305374, 0.09630113739462566, 0.09630113741060353, 0.09630113739462566, 0.09630113739462566, 0.09630113739462566]
[0.125, 0.125, 0.125, 0.125, 0.125, 0.125, 0.125, 0.125]
[0.125, 0.125, 0.125, 0.125, 0.125, 0.125, 0.125, 0.125]

Action: 1
[0.09990847545391031, 0.09990847545391031, 0.09990847545391031, 0.09990847545391031, 0.10169205463936987, 0.2988570926371683, 0.09990847545391031, 0.09990847545391031]
[0.1111111111111111, 0.1111111111111111, 0.1111111111111111, 0.1111111111111111, 0.1111111111111111, 0.2222222222222222, 0.1111111111111111, 0.1111111111111111]
[0.09974827090404383, 0.09838734438955854, 0.09835883282356114, 0.09835883282356114, 0.11138123793171112, 0.2970478154804419, 0.09835883282356114, 0.09835883282356114]
[0.125, 0.125, 0.125, 0.125, 0.125, 0.125, 0.125, 0.125]
[0.09892384789730413, 0.09892384789730413, 0.09892384789730413, 0.09892384789730413, 0.10866491487828811, 0.29779199773788706, 0.09892384789730413, 0.09892384789730413]
[0.09635090192986227, 0.09635090192986227, 0.09635090192986227, 0.09635090192986227, 0.15557271592674302, 0.26632187249408334, 0.09635090192986227, 0.09635090192986227]
[0.125, 0.125, 0.125, 0.125, 0.125, 0.125, 0.125, 0.125]
[0.125, 0.125, 0.125, 0.125, 0.125, 0.125, 0.125, 0.125]

