0.125 0.125 0.125 0.125 0.125 0.125 0.125 0.125
0.07575757575757576 0.12626262626262627 0.09090909090909091 0.15151515151515152 0.0946969696969697 0.15782828282828282 0.11363636363636365 0.1893939393939394
0.06379183862841928 0.10631973104736547 0.057412654765577345 0.09568775794262893 0.12758367725683856 0.24300351494275768 0.11482530953115469 0.19137551588525786
0.07295173961840629 0.12906846240179573 0.09118967452300787 0.16133557800224468 0.08754208754208756 0.1548821548821549 0.10942760942760944 0.19360269360269358
0.0729064064605356 0.121510677434226 0.08748768775264272 0.1458128129210712 0.09113300807566949 0.18952378151371257 0.10935960969080341 0.18226601615133897
0.07137840763874047 0.11896401273123411 0.08565408916648855 0.14275681527748094 0.08922300954842557 0.20651003508266846 0.1070676114581107 0.17844601909685115
0.07041686927371549 0.11736144878952583 0.0845002431284586 0.14083373854743098 0.09545077545975439 0.2097694477062528 0.10562530391057325 0.17604217318428872
0.06978831981947192 0.11631386636578654 0.08374598378336631 0.13957663963894384 0.09517196557981644 0.2162499455347272 0.1046824797292079 0.1744707995486798
0.06360797636185549 0.11253718894789816 0.05545310759751504 0.09810934421098814 0.13809310136894062 0.22507437789579632 0.11090621519503008 0.1962186884219763
0.107512729822158 0.08678738431427213 0.1343909122776975 0.10848423039284015 0.145517732690383 0.12585683929800395 0.161269094733237 0.1301810764714082
0.09435523030809181 0.07616627024870062 0.18871046061618363 0.15233254049740125 0.10494034906681599 0.0765564482605804 0.16983941455456525 0.13709928644766112
0.13213068000708938 0.10405291050558288 0.15855681600850727 0.12486349260669947 0.1263067278890031 0.10700500136986062 0.13822901908433965 0.10885535252891748
0.050893977134818996 0.09004319031544901 0.07309555785226618 0.11255398789431126 0.12287707967073512 0.19819328850674936 0.1272349428370475 0.22510797578862252
0.10503459814274972 0.08478696476583412 0.1403701840847897 0.10598370595729265 0.15827545162299697 0.12081675106346113 0.1575518972141246 0.12718044714875115
0.09101925889861384 0.07347337766514611 0.20651137611426848 0.14694675533029222 0.11218495296068379 0.07377753321622757 0.16383466601750488 0.132252079797263
0.08860567732402069 0.07152506482782393 0.23884657126049594 0.14305012965564787 0.10078280132273708 0.06895441973595405 0.15949021918323725 0.12874511669008307
0.11579578963351068 0.09347370970415923 0.21933031929205365 0.11684213713019904 0.12931624281571877 0.08981361466948 0.1302702633376995 0.10515792341717912
0.11014567851202553 0.07968195601966918 0.1829656212171858 0.09960244502458647 0.15580575476416186 0.10420988618736263 0.14806572424550468 0.11952293402950377
0.09148335731676831 0.13553447735432478 0.13469585557497088 0.169418096692906 0.0953904235150237 0.13481925333513006 0.08618224918726088 0.15247628702361538
0.10523047186075839 0.07090751198760793 0.22688923635091493 0.14181502397521586 0.09713331246712197 0.07227775325906553 0.15811316852162124 0.12763352157769425
0.12056218979290975 0.07884716285534404 0.1904187443440832 0.09855895356918006 0.14529143675175754 0.10153626429191326 0.14651450411179603 0.11827074428301608
0.10885579036520511 0.06749308391511924 0.24696661639017933 0.13498616783023848 0.10263054353116478 0.06708074338477685 0.1504995035361017 0.12148755104721463
0.10474184651054559 0.06644035108250484 0.27116243351384267 0.1328807021650097 0.09311294264952563 0.06391702568638784 0.148152066443675 0.11959263194850873
0.1379546301796719 0.08812864090009598 0.23595631148379093 0.11016080112511996 0.12128337801989678 0.0845504449796157 0.12282107229920093 0.09914472101260796
0.12937747631073349 0.0763494097363157 0.19415183893514748 0.09543676217039462 0.14857078913003688 0.09971645221481915 0.1418731568980792 0.11452411460447355
0.11143331740435515 0.0666221375170574 0.2518063055235932 0.1332442750341148 0.10224140405523524 0.06617528987451748 0.1485574230604235 0.11991984753070331
0.08487723572757815 0.11549830459651385 0.13745971366570212 0.1443728807456423 0.09853530474976707 0.14808662798385103 0.09792247563617479 0.17324745689477075
0.08140264774210527 0.11800146310492698 0.11341452139065465 0.14750182888115873 0.10010949963544376 0.16252312586892556 0.10004471871939462 0.17700219465739045
0.10586398348121834 0.07050657671760595 0.22629408751193875 0.1410131534352119 0.09851191764819116 0.07367930040354133 0.15721914271060194 0.1269118380916907
0.10624012676368655 0.0667232230225896 0.266548829303332 0.1334464460451792 0.09356775627078785 0.06458898850339212 0.14878282865037143 0.12010180144066128
0.08400934884995842 0.11525907639142526 0.1409412643871031 0.1440738454892816 0.09753153103262119 0.14757666753930768 0.09771965172316491 0.17288861458713786
0.13845103333385067 0.0913435288411315 0.19480544214477497 0.11417941105141437 0.12750160794871807 0.1036559842630814 0.12730152247075605 0.10276146994627293
0.11330883687830552 0.0660965241621681 0.2523643854332122 0.1321930483243362 0.0988803897911248 0.0707976881901758 0.14738538372877483 0.11897374349190257
0.12414046139757702 0.07636079855651669 0.2007157623996987 0.09545099819564586 0.14343186040362377 0.10346460150639679 0.14189431970576608 0.11454119783477504
0.14538399652059833 0.08721255291501943 0.21058664771871088 0.10901569114377427 0.13471689624385746 0.09342573330267355 0.12154436012596923 0.09811412202939684
0.11400638182060195 0.06540363767096391 0.257712010703317 0.13080727534192782 0.09947017603355043 0.06903362035262009 0.14584035026928371 0.11772654780773505
0.12416033240914431 0.07619130525138143 0.20222727150304567 0.09523913156422678 0.14335175791917273 0.10296387774764373 0.14157936572831326 0.11428695787707216
0.1097998932680195 0.06584200482576702 0.2551540551618185 0.13168400965153404 0.10170322887648636 0.0704833559334328 0.14681784359656108 0.11851560868638064
0.14094100412929114 0.08726913680770988 0.23056235240207135 0.10908642100963734 0.12369366821125004 0.08864641988330836 0.12162321864805836 0.0981777789086736
0.11243397809429137 0.06504228692055616 0.26540998226342977 0.13008457384111233 0.0967769933353501 0.06814147705943693 0.14503459202882224 0.11707611645700111
0.08455102414926352 0.11403403205460699 0.13988449668651531 0.14254254006825873 0.09735656798491044 0.15389926379780267 0.096681027176732 0.17105104808191046
0.10442740173957679 0.06859345355279636 0.23433443484120217 0.13718690710559273 0.09591150056952633 0.08312492220242469 0.15295316359384742 0.12346821639503346
0.12228885386471383 0.07664054943919517 0.19540598287854286 0.09580068679899396 0.14298696300417021 0.10950198455440009 0.14241415530119103 0.11496082415879276
0.09859000499456956 0.1298976594083372 0.14205490577513671 0.1623720742604215 0.09160859131816182 0.14674392919825782 0.08259796821073614 0.14613486683437932
0.10745252406006446 0.06843623156097754 0.23489992455786396 0.13687246312195508 0.09457619237502944 0.08197486549628953 0.15260258201806037 0.12318521680975958
0.08356410130250834 0.11402609213501223 0.1327972622120109 0.14253261516876528 0.09679775273478512 0.16256874273862842 0.09667429550577122 0.17103913820251831
0.10422829543187097 0.0685521768136755 0.23120818102637217 0.137104353627351 0.09582879607298746 0.0868231561368116 0.1528611226263152 0.1233939182646159
0.10508785691582626 0.0658469921348244 0.26748065736389187 0.1316939842696488 0.09216937091482873 0.07236758800691162 0.1468289645513845 0.1185245858426839
0.10390225745677162 0.06488092435884052 0.2805255248580334 0.12976184871768104 0.0902370346282124 0.06923196853438734 0.14467477760016081 0.11678566384591295
0.10316122783303225 0.06454722552482227 0.2852042948975871 0.12909445104964454 0.08944285533877883 0.06843426040535866 0.1439306790060962 0.11618500594468009
0.10283001743469379 0.06443107713104883 0.2868851698212093 0.12886215426209766 0.08914309415786588 0.06820086293363403 0.1436716854235626 0.11597593883588789
0.13755506954132377 0.08624532812948284 0.24066851640940837 0.10780666016185354 0.11925320762720892 0.09124884317773434 0.12019638080732031 0.09702599414566819
0.14731327624995 0.0855613329997336 0.22286408422310233 0.10695166624966701 0.12646756611770613 0.09534244813439229 0.11924312640074815 0.0962564996247003
0.08940315083388456 0.1115562228435722 0.12864730316612077 0.13944527855446523 0.10182634425748922 0.1672070901899941 0.09458027588911556 0.16733433426535826
0.10544357758237267 0.06840627807286809 0.22906287032732206 0.13681255614573617 0.0971408731735779 0.08746675395671447 0.15253579021024613 0.12313130053116253
0.14026508887141273 0.08763973166694315 0.22178380506328468 0.10954966458367896 0.12356223854453342 0.09646507248213719 0.12213970066269876 0.09859469812531105
0.08821246211027181 0.1117280375387192 0.1284728446939967 0.139660046923399 0.10183972072455104 0.1677688868311999 0.09472594486978367 0.16759205630807877
0.10508397665357203 0.0683225586559894 0.22883149644881468 0.1366451173119788 0.09707021864648496 0.08871691829633731 0.15234910840604204 0.12298060558078093
0.10522885649094216 0.06577694263043041 0.26638107912476894 0.13155388526086081 0.09275295566797505 0.073235019478512 0.14667276461173587 0.11839849673477473
0.10387630209388887 0.06481665773830848 0.2799801775320614 0.12963331547661697 0.09066605232531243 0.06982603827644945 0.14453147262840726 0.11666998392895525
0.13793030737704173 0.08627067153063775 0.23823014806575235 0.1078383394132972 0.12018290083522636 0.09226142649752049 0.1202317008085567 0.09705450547196746
0.11105714098675065 0.06441380579680088 0.26758008752752227 0.12882761159360176 0.09592975901394238 0.07261357172113979 0.14363317292600075 0.11594485043424159
0.12251861495738076 0.0754400993140309 0.20435068507993195 0.09430012414253862 0.1417783686479754 0.10826849075878482 0.14018346812831115 0.11316014897104633
0.143745678583595 0.08616998678346618 0.21057226387689232 0.10771248347933272 0.1343217373631869 0.1004452339477073 0.12009138083442022 0.09694123513139945
0.11315439157348771 0.06485257098151721 0.256819996710646 0.12970514196303443 0.09969934198428401 0.07442237521972254 0.1446115538005772 0.11673462776673099
0.1057513772607709 0.06483789264859562 0.27607689994026435 0.12967578529719123 0.09230615352029144 0.07006486125645639 0.14457882330895797 0.11670820676747212
0.10358877501978557 0.06452550403767103 0.28337416327400006 0.12905100807534206 0.0903862727957714 0.06904612619785996 0.14388224333176194 0.11614590726780785
0.10287860739790995 0.0643724116626931 0.286058056100554 0.1287448233253862 0.08980326605666646 0.06873162427877337 0.1435408701851694 0.11587034099284758
0.08209736653852652 0.11275208453356807 0.1435030832470992 0.14094010566696008 0.09557365558507257 0.1604114190021356 0.09559415862628597 0.16912812680035208
0.10331683694308667 0.06810513483859282 0.2349784866131605 0.13621026967718564 0.09571877057306476 0.08721697290087882 0.15186428574456365 0.12258924270946707
0.08236490464778037 0.11324612120406048 0.1321966993157524 0.14155765150507563 0.09715048254485457 0.1676019431729433 0.09601301580344258 0.16986918180609073
0.09104359950645904 0.13147871807469763 0.1264565570282158 0.16434839759337203 0.0845833249431571 0.17057252972256562 0.08360331529749794 0.1479135578340348
0.10603959977223597 0.06857348814754755 0.22848616664330526 0.1371469762950951 0.0940303840551833 0.08938246270099355 0.15290864372005378 0.12343227866558559
0.10546410654626216 0.06579146104256023 0.26626563336915304 0.13158292208512046 0.09241209221433469 0.07335401636210287 0.14670513850385816 0.11842462987660841
0.08266485469165578 0.11298457843722526 0.1391693074944648 0.14123072304653156 0.09633979695343314 0.16234259869798673 0.09579127302286489 0.16947686765583786
0.09110331133732368 0.13146536027162478 0.12823069340591647 0.16433170033953096 0.08443541565383424 0.16894016720912627 0.08359482147706576 0.14789853030557787
0.10599648045327403 0.0685361250202756 0.22918548087010118 0.1370722500405512 0.09394910951810408 0.0890701995383743 0.1528253295228235 0.12336502503649607
0.10542970109295133 0.06577464139889112 0.26652336890112205 0.13154928279778225 0.09237380742485886 0.07328721065751984 0.14666763320887063 0.11839435451800402
0.08265754202780551 0.11298186170858263 0.1392259078331854 0.14122732713572828 0.09633014748385799 0.16231545153851576 0.09578896970945049 0.16947279256287393
0.11805605881949179 0.07771343618920933 0.16620564905191668 0.09714179523651165 0.14589044718563832 0.13401465616540983 0.14440780306800835 0.11657015428381398
0.14355893747303777 0.08695037072782813 0.1977227192115795 0.10868796340978516 0.13674984017617955 0.10733203377291846 0.12117896815986494 0.09781916706880664
0.11353764354497302 0.06510369627331034 0.2518912114903103 0.13020739254662067 0.1007381506943503 0.07616372643858771 0.145171525719889 0.1171866532919586
0.0839875348662924 0.11276685393166383 0.1358290934839269 0.1409585674145798 0.09801363443988109 0.16368735445888002 0.09560668050728023 0.16915028089749576
0.10391453074719044 0.06819694035537634 0.2318176813546576 0.13639388071075267 0.09641339824753983 0.08844007760013067 0.15206899834467502 0.12275449263967741
0.09504812040386929 0.13050367248927644 0.15155871259466092 0.16312959061159554 0.08413407763223262 0.14582588123290027 0.08298331348502903 0.14681663155043598
0.10603717123976954 0.06793967100125002 0.2380835252189277 0.13587934200250004 0.09314712483022032 0.08512643182169807 0.15149532608338437 0.12229140780225004
0.12210313931125259 0.0761328458566642 0.1958859001672534 0.09516605732083025 0.1424265268903294 0.11261552571114111 0.14147073595753273 0.1141992687849963
0.0846451415592937 0.11131728913067894 0.12221728735662202 0.13914661141334866 0.10589346507489146 0.17542657011487547 0.09437770165427128 0.1669759336960184
0.10432242324983955 0.06832865228335949 0.22611277534684582 0.13665730456671898 0.09832085017401522 0.09090372398359316 0.15236269628558072 0.1229915741100471
0.13975755548420862 0.08747570779909276 0.22050754467267986 0.10934463474886595 0.12413870942222438 0.09845456890133278 0.1219111076976162 0.09841017127397934
0.08785486314313161 0.11128135184838131 0.12784313153961313 0.13910168981047666 0.1020612309178205 0.17058847187915993 0.09434723308884505 0.16692202777257195
0.07900520084498017 0.11260731038638887 0.10749425687204124 0.1407591379829861 0.09777989001683983 0.19797182298959 0.09547141532759056 0.16891096557958327
0.10362772509565316 0.06876285391073522 0.22055708248845962 0.13752570782147044 0.09720688916752476 0.09521570336841793 0.15333090110841555 0.1237731370393234
0.08231786842737175 0.11312176601897164 0.12882066704387415 0.14140220752371457 0.09741211189516437 0.17133514582897014 0.09590758423347596 0.16968264902845745
0.1180179544688015 0.0777421182465207 0.16285328137400018 0.09717764780815087 0.14639457907386733 0.13674014133511975 0.1444611003237586 0.11661317736978107
0.08370571234025317 0.1111147842819405 0.11455790491823867 0.13889348035242566 0.1064758000335501 0.1843741288899054 0.09420601276077567 0.16667217642291077
0.13697893822119164 0.0898963882499858 0.18302500877616204 0.11237048531248224 0.12955036750162172 0.12176066989101784 0.12528470526630484 0.10113343678123402
0.14855145087251695 0.08643403657659457 0.20311742696301968 0.10804254572074323 0.13166979422840458 0.10448707888796985 0.12045937560208236 0.09723829114866889
0.11443098253949285 0.06493367827084019 0.2538329589988651 0.12986735654168038 0.09950976580466774 0.07575222600673963 0.14479241095020184 0.11688062088751233
0.10608018896058238 0.06484908908320391 0.27488585651430525 0.12969817816640783 0.09244967711910378 0.07070486011960507 0.14460378968702484 0.11672836034976705
0.13855414798703902 0.08622405783711529 0.23632615954560218 0.10778007229639411 0.12102680843505834 0.0929199515105342 0.1201667373215021 0.0970020650667547
0.11116929879156769 0.06436288767307315 0.2667050428188427 0.1287257753461463 0.0964718314002493 0.07319233304878131 0.14351963310980786 0.11585319781153165
0.10493306560059461 0.06457305389397935 0.2796515183460773 0.1291461077879587 0.09147110179776016 0.070005383150131 0.143988272414336 0.11623149700916284
0.12075646806031755 0.07532329757636433 0.2080681695796783 0.0941541219704554 0.1406808274538579 0.10806574290138662 0.1399664260933934 0.11298494636454648
0.10821548710350722 0.06508096547187513 0.25633234312380837 0.13016193094375025 0.10148964146856593 0.07645305461377239 0.14512083942534545 0.11714573784937525
0.12184726652030217 0.07548924437674694 0.2007801966298916 0.09436155547093367 0.14410182345082434 0.10991125706222579 0.14027478992395512 0.11323386656512038
0.08453695869109722 0.11118259825470718 0.1232384776370637 0.13897824781838394 0.10619735190183804 0.17482896109890178 0.0942635072159474 0.16677389738206072
0.10423837582175252 0.06828247390938 0.2264681936543098 0.13656494781876 0.09834444457096346 0.09093338578404933 0.15225972540390106 0.12290845303688398
0.08241581923883676 0.11307275901661967 0.13014364485298469 0.1413409487707746 0.09764212932692747 0.1699095254504888 0.09586603481843843 0.16960913852492954
0.1037157689444671 0.06829991147564693 0.22955983025764454 0.13659982295129386 0.09651972441607032 0.09006649272465828 0.1522986085740545 0.12293984065616448
0.10482933385330453 0.06569513778866018 0.26655484359561443 0.13139027557732036 0.0928811712431801 0.073907637898066 0.1464903520242661 0.11825124801958832
0.08245382888598966 0.11281861505219751 0.13910359645072076 0.14102326881524688 0.09638756143186877 0.16333464185012134 0.09565056493555876 0.16922792257829625
0.07820299718544055 0.11285410928189214 0.11013426505151386 0.1410676366023652 0.0967663942307411 0.19601277585577837 0.09568065786943031 0.16928116392283823
0.1033644732801958 0.0687111947861412 0.2216279746599027 0.1374223895722824 0.09692521040082615 0.09505289771470947 0.15321570897088796 0.12368015061505414
0.10503301408291738 0.06588724562105944 0.2636381303723479 0.13177449124211887 0.09321656946584476 0.07493478328009896 0.14691872381770563 0.11859704211790699
0.1211647828207299 0.0756158509871178 0.2033477472731694 0.09451981373389726 0.14168553988884736 0.10973243735442473 0.14051005146113682 0.11342377648067671
0.08441478540598707 0.11118549351725404 0.12380714139304803 0.13898186689656758 0.10568087071143284 0.1748856399047661 0.09426596189506321 0.16677824027588106
0.0783028433091457 0.11245006118553585 0.10647902246942272 0.14056257648191983 0.0984200871708729 0.19977222225184502 0.09533809535295432 0.16867509177830378
0.10346351917200053 0.06875380112924516 0.22009048553989746 0.13750760225849032 0.09734621870254485 0.09577081640832626 0.15331071475685415 0.1237568420326413
0.09495229138296796 0.1305226916770444 0.14853174495765797 0.1631533645963055 0.08432987678967532 0.14867659525198806 0.08299540720768585 0.14683802813667496
0.09358675341059451 0.13142697133081005 0.13059801035521426 0.16428371416351256 0.08228449626795906 0.16639430060678745 0.08357041111796075 0.1478553427471613
0.1063901355225869 0.0683885933047264 0.22992012488993963 0.1367771866094528 0.09339558994677032 0.08953254596120858 0.15249635581680782 0.12309946794850753
0.12231218263028294 0.07621541580912965 0.19337801971258572 0.09526926976141206 0.14268557724577352 0.11419224294448523 0.14162416818263643 0.11432312371369448
0.10908606395457163 0.06541755608215553 0.2507631781298058 0.13083511216431107 0.10238178947045119 0.07789331300195865 0.14587138624886622 0.11775160094787998
0.08315297978745499 0.11271948334871419 0.13550439769824338 0.14089935418589275 0.09834960687655 0.16472843458877226 0.09556651849130117 0.1690792250230713
0.10368850270280928 0.06816229516395698 0.23161411238106688 0.13632459032791397 0.09648561125418537 0.08904101213621106 0.15199174473873395 0.12269213129512258
0.12152393887583567 0.07615594855925056 0.19382385924013054 0.09519493569906319 0.14356280490977996 0.11399092427069564 0.14151366560636858 0.11423392283887583
0.10888782919209744 0.06540507359581257 0.25093025335387503 0.13081014719162515 0.10254684078252631 0.07784717124422195 0.14584355216737907 0.11772913247246262
0.10498954306686326 0.06496222438691152 0.27393519850613196 0.12992444877382303 0.09320574470554539 0.07119477213585756 0.14485606452842656 0.11693200389644073
0.10344525717217073 0.06453027313436557 0.2825366898193102 0.12906054626873115 0.09072637422031996 0.06965349003765896 0.14389287770558531 0.11615449164185805
0.10282123805495222 0.0643407095334053 0.28568100048897876 0.1286814190668106 0.08998115730617337 0.06921101922103146 0.1434701791685187 0.11581327716012957
0.10257680404970998 0.0642682013650929 0.2868222994610176 0.1285364027301858 0.08973849766239869 0.06906653549913112 0.1433084967752967 0.11568276245716722
0.10248376723041397 0.0642415309164988 0.287235676077192 0.1284830618329976 0.08965573097622963 0.06901645166137434 0.1432490256555958 0.11563475564969783
0.08192773933431316 0.11257998820234938 0.14363744562797687 0.14072498525293675 0.09556514203969535 0.1612464663719951 0.09544825086720927 0.1688699823035241
0.10316708452226402 0.06800279980988858 0.23484330366336714 0.13600559961977715 0.09568549603446821 0.08825458278799736 0.1516360939044381 0.12240503965779943
0.10452134518936743 0.0655689210673781 0.268505237294995 0.1311378421347562 0.09254884343581786 0.07348484538228096 0.1462089075741237 0.1180240579212806
0.10357025793473432 0.0646956248617871 0.28064342479844506 0.1293912497235742 0.09079830299217365 0.07018742755969576 0.14426158737837302 0.11645212475121677
0.10292101486613142 0.0643915544159542 0.28500884960725426 0.1287831088319084 0.09005932429634442 0.06934779436587529 0.1435835556678143 0.11590479794871758
0.13734894861283745 0.08603797580424495 0.23972206846535182 0.1075474697553062 0.12015393553468835 0.09248947620120801 0.11990740284658763 0.09679272277977556
0.11078246795354378 0.06428952810731652 0.26798569369692066 0.12857905621463303 0.0961955344153109 0.07309051679174589 0.1433560522273595 0.11572115059316972
0.08339727082979853 0.11256700508341917 0.1393186051224397 0.14070875635427396 0.09695253367430304 0.16276807787034667 0.09543724344029017 0.16885050762512874
0.07835797668318491 0.11283078678776928 0.11017148812535639 0.1410384834847116 0.09687411332055598 0.19582008696626782 0.09566088445050004 0.1692461801816539
0.07708933625393713 0.11227479736571079 0.10327876451253837 0.14034349670713853 0.09637204095764282 0.20703986604005908 0.09518950211440699 0.1684121960485662
0.07669366579325913 0.11200206564068566 0.10155249902993305 0.14000258205085706 0.09605099563056027 0.21073682035048635 0.09495827304319 0.16800309846102846
0.07656101484487772 0.11190024649724992 0.10109524197479354 0.13987530812156243 0.09590543298319741 0.21194043771521034 0.09487194811723365 0.1678503697458749
0.08796541300787995 0.14337969034040549 0.1161501747832144 0.1603449253443314 0.08268483610785139 0.18359776123560695 0.08156676637081206 0.14431043280989825
0.10467020679822427 0.07810904151044946 0.22252870636395516 0.13575926732343221 0.09309127161622531 0.09229671401960389 0.15136145177702068 0.12218334059108901
0.10487544637371628 0.07088217127298986 0.26327155158351045 0.1309479985101894 0.09202174574233411 0.07415064175792307 0.14599724610016637 0.11785319865917046
0.1205919404355763 0.08080815908226145 0.20267668494099797 0.09392281421328366 0.14066427827942668 0.1090061744157514 0.139622571576762 0.11270737705594039
0.08365979651072696 0.11965864427761568 0.12283290849425783 0.1375601732383455 0.10467785622106254 0.1732367306537948 0.09330168271818216 0.16507220788601457
0.08966031833921544 0.14484185366265 0.1219982935814383 0.16079411761972429 0.08452760582900956 0.1716678365819158 0.08179526852829454 0.14471470585775184
0.1048944700338583 0.07808876149248496 0.22488743690629925 0.1355553890465379 0.0933266180229131 0.0901133316429421 0.15113414271308032 0.12199985014188411
0.10484301581273035 0.07082211751250604 0.2641419292832595 0.13083745514510825 0.09199630501064456 0.0737314691075481 0.14587399849760577 0.11775370963059743
0.10338459280116814 0.06927692649262729 0.2784289046402321 0.12883869570447398 0.09044557024866141 0.07002495309635959 0.14364553088245086 0.1159548261340266
0.08156894442791707 0.11994786426753043 0.1409884547438753 0.1396116089008348 0.09511328298830606 0.16054282273605533 0.09469309125447925 0.16753393068100172
0.10184234856811497 0.08174599686904394 0.23138687455075893 0.1337224381249767 0.0944996583961537 0.08736194995555098 0.14909053922292176 0.12035019431247904
0.10352557650741054 0.07477870390291971 0.2659103136601294 0.12978513987148588 0.09167173114369968 0.07282116353151016 0.1447007454985074 0.11680662588433731
0.10267377205203052 0.07301951275605516 0.2785363708612764 0.1280969571762504 0.09000218661504163 0.06956539130361752 0.14281854777710304 0.11528726145862536
0.1361081137863847 0.09667772833607609 0.23603279724393955 0.10628149269040957 0.11907860551984484 0.09167198610684836 0.11849593289512828 0.0956533434213686
0.1096837064796929 0.07520135533644395 0.26500946840538736 0.12689481014020781 0.09521501627449502 0.07231207069320487 0.14147824354438093 0.11420532912618704
0.08214941838365525 0.1263837652404222 0.13730828507812715 0.13842231301842536 0.09548328310344231 0.16025972115871137 0.09388643839510591 0.16610677562211043
0.10205625786503768 0.0826083505684487 0.229857202751481 0.1338146102646473 0.0946511616607003 0.08738596337136588 0.1491933042801366 0.12043314923818256
0.13749214643926522 0.09940713428521689 0.2200341634165389 0.10768396378724439 0.1217333865146903 0.09667405464244731 0.12005958350607694 0.09691556740851995
0.1272645956574752 0.08740886797362515 0.1863066450202203 0.0918060901742547 0.14772750753818764 0.11284306630241857 0.13647591912471296 0.11016730820910564
0.10941083867220612 0.07532751235807991 0.2461199644726759 0.12914086125792823 0.10272724092087719 0.07706438426121305 0.14398242292488417 0.1162267751321354
0.12129947103566066 0.08523637579620369 0.19656184653808528 0.09336411354785648 0.14345027839069632 0.10925895292113699 0.13879202551293293 0.11203693625742778
0.10784289560694535 0.07494508005633108 0.25037630827155716 0.12897540321483858 0.10165306791108267 0.07633143249143615 0.14379794955445432 0.1160778628933547
0.10400609781350609 0.07328581878103853 0.2725183414290422 0.12851559655200645 0.09234489129543944 0.07037991779283478 0.1432852994393266 0.11566403689680582
0.11964590366895539 0.08477759032681331 0.2048806687367374 0.09316368853073137 0.1398997946293766 0.10734184760691343 0.13849408026359472 0.11179642623687763
0.10721366393781673 0.07471302479309119 0.2536330857204135 0.12866691965057733 0.10068461281583192 0.07583445199528513 0.14345401340146458 0.1158002276855196
0.10375936079120432 0.07318135638049508 0.27373517407509934 0.12837572098170683 0.09205471503617954 0.0702261752348608 0.14312934861691787 0.11553814888353611
0.11955948564279517 0.08474618664675859 0.2052500616578428 0.09314339710977272 0.1397826073854306 0.10728226932218994 0.13846391570348304 0.11177207653172726
0.08292523549434092 0.12667101734041245 0.12271436410446492 0.1363478675347545 0.10382805206034876 0.17141659922648741 0.09247942319748567 0.1636174410417054
0.08841892499047475 0.15665206744365393 0.12057862747969819 0.15846630337884635 0.08338027193358719 0.16927301218788665 0.08061111954489139 0.14261967304096168
0.11786745073614002 0.098345406652962 0.15803525247305503 0.09518316363280681 0.13983142340524 0.13502134110121072 0.1414961656392173 0.11421979635936817
0.0823825175595926 0.12916961208455333 0.11185640569421222 0.13609983506623433 0.10351951381905093 0.1813411212171687 0.09231119247970676 0.16331980207948116
0.11612719163860542 0.09434242896240404 0.15495309298669177 0.09507822557273528 0.14609545283055994 0.1379695691568789 0.1413401681648423 0.11409387068728231
0.12272062368710053 0.08755234496445552 0.16623837560279967 0.09283446288232018 0.15677725406476106 0.1244709191147177 0.13800466422506105 0.1114013554587842
0.10905288489993492 0.07583917006234518 0.2383342142504281 0.1300133342084771 0.10527137178540634 0.07952185885095456 0.14495516515482446 0.11701200078762938
0.10467078337382808 0.07367870474760715 0.2680148997684155 0.12903453881347585 0.0934314102151838 0.07117469681553086 0.14386388133383052 0.11613108493212826
0.10281676903070948 0.07279869513859513 0.27922558055635704 0.12792625964206977 0.09025641927084194 0.06921440991845028 0.1426282327651136 0.11513363367786279
0.13611699679586306 0.09661621533779953 0.2362428042752332 0.10624991662213462 0.11911691162441904 0.09157150244920478 0.1184607279354247 0.09562492495992114
0.08577767022996025 0.1288819248935319 0.12957611060388485 0.13593476877616237 0.09928959330939376 0.1652189751814055 0.09219923447426666 0.16312172253139484
0.11688444069021064 0.09418459708688125 0.16064399004509863 0.09495638820290478 0.14456706606453607 0.1336568033354007 0.14115904873148233 0.11394766584348572
0.08221185483679266 0.12830571126122167 0.11244320399743375 0.1360773013756563 0.10453194146740102 0.1808413166515661 0.09229590875914079 0.16329276165078754
0.10269331291133715 0.0833531626011403 0.21960755907387944 0.13457626409432316 0.09714873293794822 0.09145983923609376 0.15004249146038715 0.12111863768489083
0.12038157800607499 0.08702633402018069 0.1889781420691373 0.09417044978196625 0.1427050370119802 0.1137432208904528 0.13999069848184834 0.11300453973835949
0.12336476170302779 0.08616501003002784 0.17683424371349857 0.09242373851729638 0.15510710701050162 0.11780255793440376 0.13739409487048834 0.11090848622075564
0.12397472827146881 0.08589576392889627 0.17261303111545667 0.09223296707550785 0.15882547320659188 0.11866797560220674 0.13711050030926242 0.1106795604906094
0.12412258131597281 0.08584577976337766 0.171205274826222 0.0922161981634115 0.15998878224146593 0.11887637369829539 0.137085572195161 0.1106594377960938
0.14300555073648058 0.09886610236006947 0.1966542572332069 0.10621099603853336 0.1385212216401478 0.10273464116765135 0.11841733438923048 0.09558989643468002
0.14763645101153916 0.10014500687756474 0.20486591666460932 0.10524634314464526 0.13164987487568128 0.09839288019421229 0.11734181840156716 0.09472170883018072
0.11317252292193464 0.07619172435036 0.25269766545785677 0.1278347544257654 0.09854264714093228 0.07398319544228038 0.14252621127768172 0.11505127898318886
0.13964013051869018 0.0974536929030883 0.22697219241041236 0.1065778465927341 0.12171849384800518 0.09289123641335198 0.11882634538025727 0.09592006193346068
0.0864195616971287 0.1290831376968531 0.1275186010349111 0.13597275235618222 0.09986304745133227 0.16575059968589378 0.09222499725028012 0.16316730282741865
0.10320708726580553 0.08306747844264922 0.22565877173014 0.13395824494031944 0.0957190849124699 0.08847346603782301 0.1493534462245054 0.12056242044628748
0.10401002880601769 0.07506721221770296 0.2637323616881519 0.1300151470740287 0.09207594583912979 0.07312848564371703 0.144957186364626 0.11701363236662582
0.10285415046546645 0.07310687938802224 0.2777314401928494 0.12819388750588948 0.09014710441089775 0.06966542142053028 0.1429266178610439 0.11537449875530052
0.08099689558082518 0.1260648235358575 0.14022268279948613 0.13856975882340025 0.09447742019751584 0.15939826335983304 0.0939864451150019 0.16628371058808028
0.11574188989170718 0.0938884993632962 0.1643209812631404 0.09510193567136639 0.14318255419462111 0.13226640199130227 0.14137541481892674 0.11412232280563965
0.09484071854262092 0.14831168751013743 0.1309748017738852 0.1573737563411881 0.09040948966955328 0.1563978198385067 0.08005534561703918 0.1416363807070693
0.1049400751466147 0.08527105026094238 0.2267885869014142 0.13359700585550213 0.09351297854768101 0.08670230641481895 0.14895069160307475 0.12023730526995192
0.1043600318081884 0.07530133023854674 0.2641395683583502 0.12995651336004077 0.09158524080552978 0.07280463925612775 0.14489181414917976 0.11696086202403666
0.10291902355854213 0.0731247393921126 0.27787906827599274 0.12817539273254025 0.09003518074523334 0.0696027442673262 0.14290599756896652 0.11535785345928623
0.10211602643354077 0.0725072862310416 0.2828820019857392 0.12751534442585238 0.08929816524381085 0.06874727273240222 0.14217009296434588 0.11476380998326716
0.13580706794910857 0.096493887720192 0.23746316896328418 0.1061604180602657 0.1187697713722258 0.09140036596274655 0.11836094371793802 0.09554437625423913
0.14473415948340151 0.09926340944672545 0.21924037627497334 0.10471427577596522 0.1256363416523809 0.09541998617617574 0.11674860299200895 0.09424284819836869
0.08723252844402316 0.12928482165635538 0.12567469359377664 0.1357490944511898 0.10058586182292355 0.1665007878451489 0.09207329884515483 0.16289891334142775
0.10343659344447341 0.08312403317408906 0.2248834551659169 0.13400362352349818 0.09590816841419186 0.0886368251483938 0.14940403995828827 0.12060326117114839
0.10408564740977698 0.07509132997229126 0.263436503630194 0.13004601466370883 0.09213544553670241 0.07317204416642073 0.1449916014235679 0.11704141319733793
0.13700229842270095 0.0973668516469738 0.23106136049865478 0.10670504292864483 0.12007271085053875 0.09278903721417266 0.11896815980253383 0.09603453863578033
0.11005744067098275 0.07540654188763816 0.2631271478050992 0.12711038455788126 0.09556791777304327 0.0726126282708185 0.1417185929324437 0.11439934610209312
0.10405247389024234 0.07300601488448552 0.27718029143352324 0.12789705131068524 0.09070483537402393 0.06945631927207686 0.1425956676553461 0.11510734617961671
0.11957261604472554 0.08467156169716783 0.2062943732303553 0.0930822991272834 0.1392810760293045 0.10702622546950652 0.1383730894489168 0.11169875895274008
0.1071506521823706 0.07466680159144139 0.2541774969473362 0.12860747498934322 0.10051362074820684 0.07574948901053562 0.14338773704035726 0.11574672749040887
0.10372702655800627 0.07316246682137567 0.27393719083072565 0.1283512367505062 0.09200380315872453 0.07020011227889565 0.14310205052631061 0.11551611307545556
0.10240843460376696 0.07259183946402804 0.2814030502106513 0.1276590731392343 0.08979389853293193 0.06892019847033347 0.14233033975374332 0.11489316582531088
0.08089959478643656 0.1259214498868553 0.14102958559499512 0.13851933729895125 0.09437971825945514 0.1590748632465808 0.09395224616798434 0.1662232047587415
0.07618731912945105 0.1354551773560153 0.10836566735552602 0.1372336576967944 0.09425089199205351 0.1907466772309634 0.09308022000304317 0.16468038923615325
0.10156539341064963 0.08448462361080816 0.21828545698819937 0.1350088043655233 0.09523709189820963 0.09338596421398832 0.1505247415836506 0.12150792392897097
0.08079289213996328 0.1285696798847494 0.12683974144364094 0.13888216733938902 0.0956060738993451 0.1684525048989295 0.09419833958671604 0.16665860080726683
0.1158538605252941 0.09437719640955547 0.16010409975808573 0.09524934222894052 0.1437456490739721 0.13477609676222227 0.14159454456720116 0.11429921067472863
0.0820276065173503 0.1283476730100377 0.11231817699940937 0.13608812352192634 0.10435329156431562 0.1812561311631687 0.09230324899748048 0.16330574822631158
0.0760296479094431 0.13531979136050157 0.10163300208163006 0.1365405384045871 0.09590265931430386 0.19811561053483165 0.09261010430919822 0.1638486460855045
0.10169528074192896 0.08460809191436931 0.2154756684031248 0.13521375447411185 0.09574689337085819 0.09481468640896373 0.15075324565994264 0.12169237902670067
0.12023716255112792 0.08729465684851051 0.18777844921040268 0.09428077103112119 0.14240343488140197 0.11471390181173707 0.1401546984283533 0.11313692523734542
0.1079458695732916 0.07545341835521559 0.24708998295407977 0.12944121485684046 0.10175878953795288 0.07749633657823972 0.14431729477322358 0.11649709337115641
0.10415000134224116 0.07343663750658345 0.27131829518369355 0.12868147353617082 0.09247404489109083 0.07065598145987617 0.14347023989779045 0.11581332618255373
0.1025921859783797 0.07269046617297055 0.2804444067873906 0.12778070480254244 0.08996750805174387 0.06905614390334268 0.1424659499813421 0.11500263432228822
0.1360151738792431 0.09657270119266768 0.23664822840166858 0.10621887603375368 0.11900833195065083 0.09151358011579604 0.11842611999584181 0.09559698843037832
0.1448165743712333 0.09929046221035655 0.21896087960664434 0.10473066244939552 0.12571839723180403 0.09545855501611257 0.11676687290999767 0.09425759620445595
0.1476216585328429 0.09981097072650406 0.2125346046710314 0.10479732294886115 0.1276652594436139 0.09641139863093384 0.11684119439223774 0.09431759065397503
0.11291292461180409 0.07597272407745438 0.255659982281089 0.12752490183072018 0.09749422990587191 0.07348207688787811 0.14218074875753425 0.11477241164764815
0.13948036529774205 0.0973574540602536 0.2279661811331357 0.10650612038029009 0.12136262579227876 0.09272536898795417 0.11874637600608462 0.09585550834226109
0.11069230604243267 0.0754497609994046 0.26187958209400786 0.12718078142911382 0.09589191480020952 0.07264587115825902 0.14179708019037018 0.11446270328620245
0.09454106779813708 0.14519509739846745 0.15686405411874446 0.15896712261335982 0.08236009638720804 0.1381362672200457 0.08086588411201348 0.14307041035202384
0.07862680329783235 0.13948465233355203 0.11193871201838018 0.13723779712972362 0.09179002182424582 0.18315362922217637 0.09308302761842124 0.16468535655566832
0.1154428117259506 0.09605789643498426 0.1553815007760349 0.09537886672378092 0.14273374731850724 0.13876344552401715 0.14178709142818777 0.1144546400685371
0.1079918398573643 0.07737557701848502 0.23459567493009675 0.13092098116567277 0.10291573914346211 0.08240418105856354 0.14596712377725007 0.11782888304910548
0.12120696560383257 0.08574149976271862 0.19315249099024737 0.09362803144636336 0.14384546478509708 0.11088755248121258 0.13918435719489242 0.11235363773563604
0.14192165998454762 0.09873390305775825 0.20467473084083482 0.10611484471359736 0.13390828878551314 0.10083307953811244 0.11831013283739884 0.09550336024223761
0.11192575246918035 0.07607350034687363 0.2527495302508886 0.12794259164493413 0.09907259280359909 0.07444125827458216 0.14264644172950117 0.11514833248044072
0.10480008398122499 0.07332254888673213 0.2733006223184543 0.1283263858346664 0.09170376706207023 0.06997850105595688 0.14307434360969523 0.11549374725119978
0.10266247156177803 0.0726198822783711 0.2811516476003771 0.12767455089991112 0.08974416908782996 0.06889258645997161 0.14234759630184116 0.11490709580991999
0.13601256076327092 0.09654337690862388 0.23687828316695475 0.1061974461568032 0.11892705551352932 0.09146134866740838 0.11840222728228654 0.09557770154112287
0.12657607714759536 0.08678030390815707 0.19145896902138934 0.09153901657845431 0.1464862173760986 0.11123369978738325 0.13607889628677686 0.10984681989414516
0.10907947768831187 0.07512743930267991 0.24812003624030604 0.128922295838093 0.1023088022708532 0.07667314361285234 0.1437387387926201 0.1160300662542837
0.08208359106466694 0.12646396229278611 0.13356075646533822 0.13856405921000614 0.09705317004877465 0.16201501057615558 0.09398257929026504 0.16627687105200736
0.07636799298507038 0.1355192705409729 0.10669700942921542 0.13718943769086808 0.09477861151982654 0.1917701253016337 0.09305022730337138 0.16462732522904167
0.10165364202704658 0.08453073971321402 0.2175978621393359 0.13506863392880944 0.09539194123570961 0.09360396333813403 0.15059144708182187 0.1215617705359285
0.1039672737052863 0.07547881238440071 0.260788471993993 0.1304442175845367 0.09228604972525702 0.074199810816788 0.1454355679636551 0.11739979582608302
0.10295215871272136 0.07323672821374828 0.27666550198735 0.12834293147216014 0.09028507115100667 0.06991617937731766 0.14309279076075168 0.11550863832494412
0.11933310230804485 0.08474344292322389 0.20618850143276754 0.09313153849342892 0.1392080198320116 0.10719126174459463 0.13844628707381376 0.11175784619211472
