0.125 0.125 0.125 0.125 0.125 0.125 0.125 0.125
0.07575757575757576 0.12626262626262627 0.09090909090909091 0.15151515151515152 0.0946969696969697 0.15782828282828282 0.11363636363636365 0.1893939393939394
0.07408784041121591 0.12347973401869318 0.08890540849345908 0.14817568082243182 0.09260980051401987 0.1763901740953166 0.11113176061682387 0.18521960102803975
0.07329883021604787 0.12216471702674646 0.08795859625925745 0.14659766043209574 0.09939835167966748 0.17738652352199352 0.10994824532407181 0.18324707554011965
0.0718252218825141 0.11970870313752349 0.0861902662590169 0.1436504437650282 0.09809478319763623 0.19322969422822464 0.10773783282377114 0.17956305470628522
0.0710588136839895 0.11843135613998249 0.08527057642078739 0.142117627367979 0.10330472701733812 0.19558164463396546 0.10658822052598425 0.17764703420997374
0.08674656030266994 0.14457760050444993 0.07807190427240297 0.13011984045400493 0.12730223904456645 0.257520070808999 0.09758988034050371 0.07807190427240297
0.07295173961840629 0.12906846240179573 0.09118967452300786 0.16133557800224466 0.08754208754208755 0.15488215488215487 0.10942760942760943 0.19360269360269358
0.09592434046922169 0.07554041811951209 0.19184868093844337 0.15108083623902419 0.09585181885890988 0.09078971091248117 0.1672526962027455 0.1317114982596621
0.07099839495893448 0.1183306582648908 0.10075588901069847 0.14199678991786896 0.10302320207922919 0.18090148593264024 0.10649759243840173 0.17749598739733619
0.0687147844727885 0.11452464078798084 0.09056509635664117 0.137429568945577 0.10553069983786871 0.2083760717079899 0.10307217670918276 0.17178696118197123
0.06704109136258121 0.12450421108763397 0.08771962582726243 0.13408218272516242 0.10386951974780935 0.21461900379922566 0.10056163704387183 0.16760272840645304
0.10066698981244206 0.08919417078522716 0.13144935864884522 0.09513030537275775 0.1557037348178976 0.15794207412822 0.1510004847186631 0.11891288171594719
0.08541942114826409 0.1511266681853903 0.07446821330874305 0.13175145431546847 0.1025033053779169 0.20726733651516333 0.08936185597049165 0.15810174517856215
0.12198093605355867 0.11068844509242617 0.15736108616963312 0.11527198457061294 0.13468975593693494 0.13190344175667934 0.12761082540987675 0.10049352501027795
0.07063044753758407 0.12496156102803337 0.08828805942198009 0.1562019512850417 0.08475653704510089 0.18177343083383385 0.10594567130637611 0.18744234154205003
0.13104042244306002 0.10843302699361027 0.15984290792809516 0.11566083606995897 0.13004993897834896 0.12609904382944168 0.12804130000418734 0.10083252375329756
0.07543149017475724 0.12314826157088594 0.10286247077067338 0.1329808490942547 0.11173887863626737 0.18787635156465202 0.09973563682069102 0.16622606136781837
0.07076644804883772 0.12330387318723482 0.09348590118102407 0.13136547271576743 0.1063972926871802 0.21195006674842087 0.09852410453682557 0.16420684089470927
0.08558379974325338 0.14984666107641104 0.08399255043394384 0.11963884047149219 0.12794988012036881 0.27147583351801613 0.08972913035361915 0.07178330428289532
0.10488748962496595 0.08466821451653878 0.13110936203120743 0.10583526814567347 0.14121453407504783 0.14795157539430953 0.15733123443744892 0.12700232177480816
0.10564814952903366 0.0852822411860874 0.13206018691129207 0.10660280148260926 0.15651900187756812 0.1274920329407279 0.15847222429355048 0.1279233617791311
0.09293021239007956 0.07501595457994376 0.18586042478015913 0.1500319091598875 0.1119243010438014 0.08193409750008655 0.16727438230214323 0.13502871824389875
0.07449046744413576 0.12211019942209549 0.10864132914109748 0.13627832655790728 0.10985108030305483 0.17607194401589454 0.10220874491843047 0.1703479081973841
0.0708692698866476 0.12346782917924579 0.09451553849131705 0.13169141289091124 0.10620613327147593 0.2098669904985798 0.09876855966818343 0.16461426611363905
0.10510612333464088 0.08696045359239604 0.13775033603167344 0.09255175336421967 0.15707583162842073 0.15795826532080368 0.1469075450225709 0.11568969170527457
0.06726330828072873 0.11900431465052004 0.09534210063935714 0.14875539331315005 0.10875403939172412 0.1814794093276467 0.1008949624210931 0.17850647197578007
0.07030973312485031 0.12299211118147634 0.09252250918888832 0.13155707893120833 0.10743841914631308 0.212065990564847 0.09866780919840626 0.16444634866401042
0.08508987166980164 0.14903900901602699 0.08345191544971398 0.11895952711759472 0.13058803861862991 0.27227627651947994 0.08921964533819605 0.07137571627055683
0.06571676500275757 0.11626812269718645 0.08891698649034648 0.14533515337148306 0.10511120384425186 0.20567443704405863 0.09857514750413635 0.17440218404577967
0.06953023112338462 0.12154606438394051 0.0907791529533326 0.13022720272862204 0.10697890111718089 0.22048404223629514 0.09767040204646656 0.16278400341077756
0.06063811381010701 0.10096604593591849 0.05647241323596719 0.08060558016108348 0.1423761265125943 0.3010038638288625 0.09672669619330017 0.16121116032216695
0.07490529836237346 0.1325247586411223 0.09899187558015661 0.16565594830140284 0.09252627558554706 0.20203702940046506 0.08426846065767014 0.14909035347126257
0.1005014508345409 0.07917841124917077 0.2088055320279971 0.13918117737651486 0.09871030821411937 0.0982063989282573 0.15407928468218168 0.1213374366872181
0.11429856141423064 0.0822616984145591 0.1730160729960236 0.09120248561826692 0.15686118183932704 0.12359104250703379 0.14476585018772528 0.11400310702283364
0.06604384834506948 0.12638864767307045 0.0967338363080928 0.1460585107631344 0.11110198879050955 0.1793371826867579 0.0990657725176042 0.17527021291576128
0.1313760880988345 0.10441474422066714 0.1728115378596682 0.1107248715902771 0.13687271610498156 0.12469368247073752 0.12257698442228479 0.09652937523254926
0.05643994812527892 0.11021982884132422 0.05765666277879761 0.08705333221689965 0.15251724787126908 0.2635982010526577 0.09840811467997353 0.1741066644337993
0.11354173499935308 0.1021325724595028 0.15041502624383501 0.11456771453247976 0.14390851551407208 0.14458904129725328 0.1277344518742722 0.10311094307923178
0.06434112319604673 0.1256628039329299 0.10212571942009231 0.1422928686066418 0.10638383209627811 0.1919305256259709 0.0965116847940701 0.17075144232797015
0.10052182847245507 0.07767256788608248 0.21676884330696905 0.13723461677626267 0.1008988672020493 0.09533847913754537 0.1519243620803559 0.1196404351382803
0.10057657663831028 0.14606395922053675 0.11604479445295343 0.12146958964944204 0.13299486004792296 0.21886627396408784 0.09110219223708153 0.07288175378966522
0.07326616995803448 0.14934582838209712 0.07748458277584085 0.11300620297274747 0.1214539413498725 0.25318814549955143 0.07664768549455914 0.13560744356729693
0.08640051602567436 0.0806252865951506 0.1974591299437904 0.13948998972819718 0.10492349579835415 0.11003966230724209 0.15552092884621385 0.12554099075537745
0.07883555803992368 0.1180863626928463 0.12049525542311162 0.13059182577767328 0.10817643108264179 0.1826309154284568 0.09794386933325497 0.1632397822220916
0.06441381276346665 0.10149637433637293 0.06478262609042865 0.08116929129220156 0.14484498598292658 0.2835511773995588 0.09740314955064187 0.16233858258440312
0.06090767922949935 0.11935655238598228 0.08802727544138818 0.1346996752190851 0.10399656034275225 0.24001112827414153 0.09136151884424902 0.1616396102629021
0.08613385424948157 0.07815084300347307 0.208091756150571 0.13905947553530762 0.10136704770718748 0.10700255772313567 0.15504093764906682 0.12515352798177684
0.1368758197465389 0.09668468184087214 0.21329068810973653 0.10717524849115706 0.13005526425627081 0.10383605980043667 0.11864740573705625 0.09343483201793179
0.07577610674450116 0.1475554959154759 0.10390658217516677 0.1168775453140038 0.1259763276359376 0.21038142232078594 0.07927346551732428 0.14025305437680452
0.08478875944784213 0.07905246410422492 0.2173447630678533 0.13688787669892585 0.10506260880912201 0.10104467183688277 0.15261976700611582 0.12319908902903326
0.0826132697532108 0.07214339951797506 0.26755143519737 0.13337564032446084 0.09736975657386267 0.07820453678532643 0.14870388555577943 0.12003807629201475
0.09454119344276174 0.08206485120298856 0.21217491940870278 0.0953954813353168 0.14628984596500344 0.11324734087870399 0.1418117901641426 0.11447457760238018
0.08126490291409336 0.07129478464507473 0.2664115895641824 0.13119875892154834 0.10593821616299103 0.07953603951734854 0.14627682524536803 0.11807888302939348
0.08033045233190143 0.0696991708538188 0.2908821358074269 0.12969012786114206 0.09559944223318972 0.07248274164007036 0.14459481419742257 0.11672111507502787
0.06337926739493553 0.12036741934250601 0.15022960906814692 0.1401656875080305 0.09825369310853056 0.16433659747581056 0.0950689010924033 0.16819882500963657
0.07553705872947594 0.12098546663000802 0.10898474786102526 0.12876767394304042 0.10514910644954374 0.20304059850082576 0.09657575545728032 0.1609595924288005
0.06232428226787204 0.12419535173839698 0.10382972427398461 0.13783254732317854 0.09858178184986956 0.21435083235707597 0.09348642340180807 0.16539905678781425
0.09576060287085987 0.08733159054191282 0.1576749348008826 0.0966259095233074 0.14920986880411788 0.1538050977246608 0.14364090430628979 0.11595109142796887
0.09392430315772332 0.08282205576127716 0.174665071988305 0.09477301674047382 0.16472734185501156 0.13447413567205543 0.14088645473658495 0.11372762008856858
0.081792608021471 0.07183715927783961 0.25238758321184096 0.13205071656478448 0.11148213697425871 0.08437745660285152 0.14722669443864778 0.11884564490830604
0.06336284575453975 0.12056823750635995 0.1409430780065528 0.1401293704186937 0.10221554422605066 0.16958141095356108 0.09504426863180963 0.1681552445024324
0.10006897307630924 0.07574708846815727 0.23632581664579277 0.13433323070638303 0.09807858099205563 0.08962288003623717 0.1487124084336027 0.11711102164146216
0.07623206813861884 0.14551731817880256 0.11454642380113206 0.11758082304615373 0.11901809928532081 0.20625780861110937 0.07975047128347817 0.14109698765538448
0.08375968648381582 0.07802516498857115 0.22718666642701377 0.13522648179314845 0.10335254816874617 0.09997818285400277 0.15076743567086848 0.1217038336138336
0.09464254200318117 0.0826288337415031 0.20105795831793438 0.09549774569598102 0.14971225930744683 0.11989955309400448 0.14196381300477176 0.1145972948351772
0.08113373374992212 0.0712426959136863 0.2643683582564281 0.13098699183722368 0.10727761065610149 0.08106159618327712 0.14604072074985983 0.1178882926535013
0.10757109417947325 0.09335178985109048 0.24492847777836751 0.1085431221389263 0.12908816933075026 0.09781105584445121 0.12101748095190741 0.09768880992503368
0.08819758381825396 0.07021613644992984 0.2813388826585051 0.12757110856229237 0.10035990747316596 0.075270117516816 0.14223226581497372 0.11481399770606313
0.08625319780235985 0.06840448121346063 0.29743952540875096 0.12726850467312836 0.09336983153066308 0.07082792010488592 0.14189488506093567 0.11454165420581555
0.08561393966105463 0.06790263772021005 0.3039734790626249 0.12655057621575033 0.09131900245289007 0.06965039788558516 0.1410944484077097 0.11389551859417532
0.10055688159179509 0.07976279004203864 0.22578693235600092 0.09294807215902376 0.14240829681690811 0.10882578839805016 0.13817355204535473 0.11153768659082851
0.08812991431312538 0.06970066024024524 0.27344262292229843 0.12835138089090697 0.10401389524488544 0.07774307235462159 0.14310221123210073 0.11551624280181626
0.08647789185649905 0.06855287195791777 0.294314730855466 0.12761591246636123 0.09444368609376223 0.071458366725833 0.14228221882443556 0.1148543212197251
0.08573122038161272 0.06799124948108995 0.3027714858389806 0.1267008474854079 0.09167185596290667 0.06984058845403113 0.14126198965910403 0.1140307627368671
0.08538304904185773 0.06772514937003618 0.30612026930053965 0.12626328822632876 0.0907691373859852 0.06932800353264974 0.14077414373890684 0.11363695940369589
0.08523500912656055 0.0676121063122356 0.3074354243189033 0.12608017102979485 0.09045088150670329 0.06914427204875323 0.14056998173023394 0.11347215392681535
0.10043192695056304 0.0796691710008843 0.22694497070154765 0.09286097063979981 0.1420188948731992 0.10859683127931996 0.13804406978692632 0.11143316476775977
0.09400694622039377 0.06912789692348449 0.2728120833426869 0.12720117496361474 0.1033357000471522 0.0772153235759814 0.14181981745943315 0.11448105746725326
0.10811082147319809 0.0795639945501036 0.21420713541162154 0.09256247467196646 0.14624828389404523 0.11063198491020011 0.1376003354825054 0.11107496960635976
0.11471893569744583 0.07928778932152268 0.19137778421866478 0.09114527308462836 0.1597850702171696 0.11881724962126847 0.13549357013774607 0.10937432770155403
0.10451456652790593 0.0691361796568844 0.25590130322478816 0.1271307465311726 0.10781677526587168 0.07934146190220841 0.1417412950131133 0.11441767187805534
0.11769628381481535 0.07897763283694023 0.20728546663239744 0.09181591189972974 0.1469988183169946 0.1105562724401472 0.13649051977929974 0.11017909427967568
0.10472193988636656 0.06882346189817491 0.2628813868188113 0.12660620536426637 0.10440468915419117 0.07746026129347383 0.14115647075687604 0.11394558482783973
0.10088139134112035 0.06763473369163737 0.28769211022624885 0.12584010034480508 0.09369706808227529 0.07069618517139531 0.14030232083219313 0.11325609031032458
0.09926126002234037 0.06701247003107216 0.29790667093785145 0.12482020222086858 0.09057282796448174 0.06892317628879979 0.13916521053580422 0.11233818199878173
0.07929331742487293 0.1176449605897249 0.15187668463506812 0.13702916907436324 0.0960669790057022 0.16071236300885594 0.0929415233721768 0.16443500288923585
0.0997275703763422 0.07435228785413933 0.2421971700592098 0.1320692191304958 0.09598848867723206 0.08955564326650715 0.1472473234186274 0.11886229721744622
0.10085121371034518 0.06881560954710984 0.279799429368841 0.12739846065714708 0.09276943245229569 0.07366746338792017 0.14203977628490874 0.11465861459143235
0.13320093597252816 0.09006925713441082 0.24643743612899907 0.10474467547450814 0.12127384379989778 0.09322114717534846 0.11678249638725012 0.09427020792705733
0.10661468560842846 0.06851751433139179 0.2790617339069059 0.12457710681984221 0.09706359817775144 0.07315178771271444 0.13889417730510764 0.11211939613785799
0.10069164979906392 0.06718375881634917 0.29421558276358944 0.12501838421945985 0.09149821872214048 0.06948969120735131 0.1393861686745321 0.11251654579751387
0.11622178723830769 0.0784458161921902 0.22054165868166323 0.09135751449186028 0.14069509684781056 0.10730002791331958 0.1358090812446162 0.10962901739023233
0.12132965374490363 0.07858508846304461 0.19279002977610615 0.09037430224362963 0.1569728813347758 0.11715141154420684 0.13434747020097781 0.10844916269235556
0.10752821646825178 0.06884644935569698 0.25604559095244006 0.12664833083513868 0.10692704712996771 0.07881742999367311 0.14120343751320688 0.11398349775162483
0.08194096506594124 0.11780240467930568 0.14131172544001758 0.13696272662247425 0.09993134711627819 0.1647991010720314 0.09289645805698253 0.16435527194696908
0.1017667091246738 0.0744995493333472 0.2372516369563238 0.13228307224929553 0.09709126860282967 0.09056724502226311 0.14748575368690112 0.11905476502436597
0.1028146333485531 0.0688152579004694 0.2774668524122362 0.12735981471479674 0.09303790633025324 0.07388501310716052 0.14199668894321366 0.11462383324331704
0.10144695154008113 0.0672688151980141 0.29360708602804203 0.1251458390585934 0.0906715323017711 0.06970024941215326 0.13952827130861084 0.11263125515273405
0.1345402129281538 0.08930673805485581 0.25103397720920756 0.10398129794983232 0.1199179811195602 0.09170523716783274 0.11593138741570856 0.09358316815484907
0.10948749937833713 0.06806889543755724 0.2803828241423128 0.12378805756175701 0.09631170862128921 0.07253731678654948 0.13801444626661563 0.11140925180558131
0.12105599656722575 0.07825617680283671 0.2152023351242098 0.0910241275286979 0.14202807184261013 0.10789085996776879 0.1353134791322136 0.10922895303443747
0.10815305235116965 0.0682776317378508 0.2655932725054459 0.12562797819265345 0.10268749627453273 0.07652956810240412 0.14006582046255542 0.1130651803733881
0.10411066053302824 0.06724561470201978 0.28821281063836235 0.12513415819507917 0.09292919010039291 0.07023157543804745 0.13951524801749873 0.11262074237557125
0.08225025671295964 0.11741757614185923 0.14936935944946672 0.13669566696870997 0.09648930282104319 0.16102771559951481 0.09271532194399458 0.1640348003624519
0.10250770448963549 0.07418622722540978 0.24060892898877848 0.13174561249739328 0.09594184398440407 0.08955210539425795 0.14688652617246684 0.11857105124765396
0.10398948693338456 0.06858944604801086 0.278604835121037 0.1269560711770533 0.09254309203233756 0.07351005960008444 0.14154654502874447 0.11426046405934796
0.09447609494578041 0.13515696313093054 0.16876133343468383 0.15716030519601926 0.08307270261473307 0.1399815620538951 0.07994676394754024 0.14144427467641735
0.10560026474299278 0.07550914193165352 0.2506914961165474 0.131985895246959 0.09213109768497779 0.08290366606331039 0.14611381158800507 0.11506462662555399
0.08288977674405965 0.11880414328008909 0.14002147847605456 0.1372389281097861 0.09649916033714184 0.1667760046031834 0.09308379471794187 0.1646867137317433
0.10319968476642992 0.07453132555404464 0.23651875908304448 0.13219326743130608 0.09625548253853436 0.0909419119217702 0.14738562801669497 0.11897394068817546
0.12135693845798858 0.0797643697164091 0.20091185183258134 0.09224490922031625 0.14354925048218486 0.11435053611653599 0.13712825310960444 0.11069389106437949
0.0847739602288567 0.11713599663637683 0.12609588025437604 0.13451532678912417 0.10732850077891949 0.17749546064755706 0.09123648251784074 0.16141839214694897
0.1039443149780493 0.07457325214927353 0.22991984142799035 0.13242522831709583 0.09905143878192281 0.09325897176644521 0.1476442470938367 0.11918270548538624
0.10493151270345526 0.06885211115639546 0.27410454668857454 0.12739768831092174 0.09356193836238369 0.07445536812193444 0.1420389151765053 0.11465791947982959
0.10340846101487122 0.06721205024442325 0.29194647910550486 0.12501486300041492 0.09074575760927266 0.06977676954706502 0.13938224277807454 0.11251337670037342
0.12006727648559115 0.0781474940896939 0.219309333570092 0.0909776162076056 0.14000530905452296 0.10707549421385232 0.1352443369295152 0.10917313944912672
0.08452298439311248 0.11689199658816914 0.13072872934432767 0.13443117003334154 0.106494343670984 0.17443396964657143 0.09117940228348384 0.16131740404000983
0.0776814971413128 0.12219417700144328 0.10859202743652023 0.13564746520529558 0.09856721677926066 0.20253629048535152 0.09200436770446137 0.1627769582463547
0.10300120323886289 0.07553150446163288 0.22245899493257806 0.1335187272249562 0.09773614470545416 0.09872315416235017 0.1488634167717049 0.12016685450246056
0.10513794371887068 0.06914398036299822 0.2710895542335791 0.1278280960098025 0.09354755112045228 0.07568880050469524 0.1425187876407798 0.11504528640882225
0.10369573567622739 0.06730890487947006 0.2907248891474371 0.12516139092274065 0.09084092477058726 0.07007729229652275 0.13954561047654818 0.1126452518304666
0.10256203833071909 0.06663444318261733 0.29856071498976183 0.12410676132744264 0.08954716199577326 0.0685230177974955 0.138369777181492 0.11169608519469838
0.10198040336479308 0.06637509727783303 0.3016825310284233 0.12369653976408884 0.088991605149651 0.06803452687562878 0.13791241075190203 0.11132688578767995
0.08202817591089613 0.11713649691673116 0.1526791282049712 0.13646554657521714 0.09544081930249278 0.1599319369136316 0.09255924028579945 0.16375865589026053
0.07754660975602067 0.12267731619294879 0.11432133328832346 0.1361856781170541 0.09630727753120791 0.1971695549119782 0.0923694164620019 0.16342281374046488
0.13442510271590413 0.0986595774093505 0.18396377748198373 0.10896079191678713 0.12689644704491387 0.12754643912111643 0.1214831515848358 0.09806471272510842
0.14861246695476235 0.09246942198607658 0.20687862011319924 0.1041825043763063 0.13157184494592578 0.10636517011923201 0.11615571756582208 0.09376425393867566
0.09026195730305915 0.11830284730403802 0.12750734580089168 0.13402344464356727 0.10432081902992096 0.17385259424017033 0.09090285810607174 0.16082813357228073
0.13691388321239623 0.10516050218035475 0.18718275072221519 0.10706851422584238 0.12762974944283184 0.12030953423891616 0.11937340317418547 0.09636166280325814
0.11323805993350337 0.07598404657546398 0.2525582869070865 0.12578489047164104 0.0998014504721717 0.07918609827190146 0.140240765943755 0.11320640142447694
0.10595335186617026 0.07174315613261359 0.2822545812056681 0.12502362744835313 0.09234593255341562 0.07076607160679897 0.1393920144834624 0.11252126470351784
0.1031580302877808 0.07055502154349115 0.2945953917534053 0.1238176888388441 0.0898134739332432 0.06857699075899727 0.1380474829292784 0.11143591995495968
0.10202108803161675 0.07009492159978732 0.29960162759528913 0.12323537251979509 0.08885748596285362 0.06787942533286202 0.13739824368998046 0.11091183526781558
0.08164901524532517 0.12318418346353832 0.15155878292729127 0.13545186061580378 0.09485105468450294 0.1588911735590724 0.09187169676550168 0.1625422327389645
0.10199924913032644 0.0806559299945415 0.24041140774317268 0.1304527825986191 0.09491624199946376 0.08871176687994245 0.14544511731517681 0.1174075043387572
0.10389352906876577 0.07290416334640136 0.27784915624155776 0.12615984824097742 0.0919263562615682 0.07306426754920764 0.140658815874642 0.1135438634168797
0.12032287189226877 0.08288832958292101 0.21414505268078668 0.09075138234551182 0.1402347020521199 0.1078479775330764 0.13490802509870117 0.1089016588146142
0.14237996900963285 0.09566529100298088 0.2175749793184587 0.1027429753692303 0.13421497638564184 0.100402380931278 0.1145507501504702 0.09246867783230725
0.11321986620934968 0.07376033802317698 0.26501711260077343 0.12389317962647829 0.1000274336916023 0.07444655866093909 0.13813164952384968 0.11150386166383047
0.08391178515574144 0.12398284957998412 0.14286211802545962 0.1355009679510106 0.09753784920127599 0.1616982641959344 0.0919050043493811 0.1626011615412127
0.11689946326320172 0.09200253606940845 0.1679598818913245 0.09289048531364553 0.14513381591867947 0.13555728983543897 0.13808794533192678 0.11146858237637462
0.09634335211116393 0.1453235790539801 0.13507858418504998 0.1538078131886842 0.09254571013724595 0.1602325636145989 0.07824136583946109 0.13842703186981575
0.10683168018132051 0.07678294458686422 0.2382201908260021 0.13289805061077917 0.09502271600984977 0.08726097371940945 0.14712360507176206 0.11585983899401263
0.09856137526760225 0.14881597263625437 0.1130678660058452 0.11299056137313745 0.11492270096541236 0.19941577369437716 0.07663707640960626 0.13558867364776492
0.10659836455000413 0.08397107409278308 0.22089090384563526 0.129969104267198 0.09984294433429652 0.09684956299856469 0.14490585207104015 0.1169721938404782
0.12219016628349479 0.08523697033841313 0.19474649098556338 0.0916794162271899 0.14425293243117357 0.11559111446708795 0.13628760979444945 0.11001529947262788
0.12498491682046386 0.0839495269744465 0.18294068490504153 0.08982513557617615 0.15778514260675564 0.11919333336022529 0.13353109706547975 0.10779016269141137
0.0849970068905521 0.1239782360746798 0.12068928411497422 0.13288692162153123 0.1098449361911157 0.17800731014844481 0.09013199901286467 0.1594643059458375
0.07705885336548056 0.13253960345419025 0.10503213194596572 0.13374135536741852 0.09829143364383472 0.20213546779387193 0.09071152798833605 0.16048962644090223
0.10239435580163703 0.08309361272831971 0.21956950380035997 0.13245708719299804 0.09720398841331736 0.09839030622673 0.14767976736293958 0.11921137847369824
0.12121833091880524 0.08532334714167833 0.19458641115556014 0.09194290236283202 0.14363495612136132 0.11628326983245299 0.13667929963191147 0.11033148283539843
0.10916543359526527 0.0735038747630737 0.2561387722918495 0.12582644488228206 0.10344828350094397 0.07838629456198729 0.14028709601054434 0.11324380039405388
0.10484330172386071 0.07135383869086219 0.28375011435534614 0.12486301065439623 0.09306401214587143 0.07053607409617844 0.1392129387445283 0.1123767095889566
0.10285919873434841 0.07046507369702362 0.29519774109779273 0.12373722478460795 0.08992363465420977 0.06849585321228516 0.1379577715135853 0.11136350230614717
0.08186601349610086 0.12330328621140958 0.15047175582094188 0.1355068497146562 0.09513269135340141 0.15920219002639666 0.09190899371950595 0.16260821965758743
0.0768022202993112 0.13301849398091692 0.11277651577328 0.13444087081572262 0.09527702030655048 0.19516985190077443 0.09118598194457708 0.16132904497886713
0.10211715744579661 0.08298240492548459 0.2231848915675606 0.13220666793412988 0.09628505547244552 0.09683725293655993 0.147400568577306 0.11898600114071689
0.10463151450485429 0.07367974036395719 0.27076209213624997 0.12705127595624213 0.09283560467003951 0.07504093275533336 0.14165269125270577 0.11434614836061792
0.12073680194570706 0.08311601452751687 0.21176773434909096 0.09089384033312368 0.1407372496052938 0.10855595237415913 0.13511979846535999 0.10907260839974842
0.10837388421722532 0.07275986288029468 0.26343153357576177 0.12498409461961017 0.102152279284031 0.07646472193580284 0.13934793832962505 0.11248568515764916
0.10436592196502925 0.07106201524581549 0.2867245278934149 0.12449204119611519 0.09252130178445964 0.06999201935582897 0.1387993354828329 0.11204283707650367
0.1026290895458331 0.0703483873796598 0.2963961923361445 0.12358637915560658 0.08970255285395969 0.0683200675943653 0.13778958989438522 0.11122774124004592
0.10185583527533225 0.07001797112708495 0.3003189666739385 0.123138015518643 0.08877027576188942 0.06778502377718952 0.13728969789914375 0.1108242139667787
0.1015213101457735 0.06987520896377415 0.3018982381264294 0.12294766300124119 0.08843628247809873 0.06759093153591357 0.1370774690476525 0.11065289670111708
0.0815626011534964 0.12310631313475082 0.15212090622379934 0.13540993277216898 0.09473032514845774 0.15873474349090497 0.09184325874981895 0.16249191932660276
0.10198407072148714 0.08062739258314527 0.24065140732522328 0.13041954987721943 0.0948664464759838 0.08866547281657353 0.14540806531087 0.11737759488949749
0.12067684593440209 0.08464886458935185 0.20173557652160054 0.09155548322881563 0.1423049168631271 0.11310835791961606 0.136103375068508 0.10986657987457873
0.08430932028786418 0.12442240874971337 0.1255830637206694 0.13325741551620993 0.10634452263077852 0.17579107995127466 0.09038329052403804 0.1599088986194519
0.13505124831310228 0.10623923633301907 0.18648202084557852 0.10713882203403706 0.12833758957865993 0.12087435193149859 0.11945179113347117 0.09642493983063334
0.11284956650485078 0.07614795956334254 0.2522847844022628 0.12583778936958473 0.10000295387531753 0.07932319158473183 0.14029974426728328 0.11325401043262627
0.08387819668437106 0.12458195039541532 0.13966000510367782 0.13565238560407347 0.0975747978670976 0.1638620966020617 0.09200770501841503 0.16278286272488812
0.08932985374679911 0.1542328717686366 0.12743913678144086 0.15558446171832968 0.08318603263653161 0.1710564885798326 0.07914513922193292 0.14002601554649668
0.14147537282832226 0.10412992837291671 0.18994333510360467 0.10729448833510243 0.12486979254027435 0.11996888897148156 0.11877940914590092 0.09353878470239697
0.08815103506523875 0.12800169982302978 0.12225759935653702 0.13262275808447122 0.10181177512205629 0.17805499562479055 0.08995282722251091 0.15914730970136545
0.10453719663889033 0.08189409444079794 0.226983911241246 0.1314055466395855 0.09731147435241755 0.09309540659237545 0.14650737811906026 0.11826499197562695
0.12165442863054265 0.08500104641028271 0.1970414770188012 0.09175983026062458 0.14343755605036107 0.11458671466054564 0.13640715065609266 0.11011179631274948
0.10917626981477713 0.07339087116170712 0.2571697304663739 0.12569533805674715 0.10330596416879266 0.07799510039636533 0.14014092168416434 0.11312580425107244
0.13930870109538884 0.09478564748407751 0.23607254339271402 0.10368421389677732 0.12360896957684753 0.09362397118009126 0.11560016086700398 0.09331579250709958
0.14757694383911127 0.09667663918947357 0.22513199503116038 0.10165661529551061 0.12806934224335534 0.09605797089550933 0.11333953973992003 0.09149095376595953
0.1142267797838678 0.07365079591914593 0.26812598122034803 0.12347558662463842 0.09831361023807436 0.07341315376129577 0.13766606449045507 0.11112802796217458
0.12318169396034942 0.08281181690343167 0.21035641986318182 0.09051570919613398 0.14222161225333602 0.10773621565484898 0.1345576811333574 0.10861885103536077
0.10900091356392667 0.07271536811711188 0.2627274438670893 0.12496113900097461 0.10249667792312703 0.07631108789894138 0.13932234452795228 0.11246502510087715
0.13904849156461202 0.09452643663699983 0.23810153349896337 0.10350667338763474 0.12318511857443004 0.09307352383988678 0.11540221644860173 0.09315600604887127
0.0879272340596081 0.1262596644216463 0.13472733773236306 0.132815571865891 0.10169701094669456 0.16711088946916683 0.09008360526556085 0.15937868623906917
0.10404655906226457 0.08133599430912421 0.23256758874770916 0.13086061720924244 0.0968823566417554 0.09063250607098297 0.14589982247060312 0.1177745554883182
0.10470998406704278 0.07317410898322162 0.27454131350657696 0.12649260671416718 0.09260544685346864 0.07360337709324583 0.1410298167395267 0.11384334604275047
0.08232358503671972 0.12406696600025313 0.14533228072048493 0.135780510844917 0.09588526849342863 0.16158016853461338 0.09209460735568281 0.16293661301390036
0.07687869268028474 0.13315380109393882 0.11149505862306436 0.13442956036756235 0.09543578301622686 0.19611332126767525 0.09117831051017272 0.1613154724410748
0.10218032090681091 0.08303426865151944 0.2226027968123729 0.13226209317659524 0.09636293986980078 0.09705933313752209 0.14746236358644274 0.11903588385893571
0.13865787541473903 0.09763437524361425 0.22397606117273505 0.10521574632459316 0.12303025909799346 0.0994838058236374 0.11730770523055387 0.09469417169213383
0.1009987876314899 0.1459751505530915 0.15078047089894436 0.1528252020402818 0.08766359488314263 0.14647259633630497 0.07774151582049117 0.1375426818362536
0.10859596056361948 0.07617490039320772 0.24571922712123226 0.13170071619780957 0.0931187242699704 0.08407635580346874 0.14579810665772974 0.1148160089929622
0.12247446031144142 0.08390848791107335 0.2033970818118456 0.09142221273080225 0.14151860281675424 0.11166723961891298 0.13590525952220753 0.10970665527696269
0.10913684697077258 0.07308010710198778 0.2598663272650571 0.12538221630111668 0.10262790256353935 0.07727079083258986 0.13979181429393156 0.112843994671005
0.08312381288907077 0.12389757414941596 0.14156051031260983 0.1355935529078734 0.09818753209646876 0.1629569530523817 0.09196780110273153 0.16271226348944806
0.10273553860953899 0.08099936937973157 0.23594638021309228 0.13086892646552445 0.09599712840581415 0.08976153643606276 0.1459090866712638 0.11778203381897198
0.0819372885148562 0.12582656591554153 0.13553904144720755 0.13601955744906838 0.09671652523582525 0.16848080918533792 0.09225674331328117 0.16322346893888204
0.08887217245771438 0.15449935091683348 0.12623975762865727 0.15557228492297512 0.08299245070975685 0.1726699819943067 0.07913894493907865 0.1400150564306776
0.10673433576911852 0.07762448641684318 0.23599607750072363 0.13322665704958633 0.09303261028105067 0.08975213067291417 0.14748738590755997 0.11614631640220349
0.12219469717610415 0.0843194632102167 0.20019380127691977 0.09167091941486359 0.14180508733513345 0.113535949576681 0.13627497871224498 0.1100051032978363
0.10919735301411959 0.07322452826406142 0.2585205824603016 0.1255506058090791 0.10281738507582741 0.07771444411951135 0.13997955602892848 0.1129955452281712
0.09545485324116679 0.14229603640660596 0.16214342544484725 0.15569501293197432 0.08459196177172677 0.14049182242124555 0.07920137614365651 0.14012551163877687
0.10682774731015232 0.0756388902192756 0.251858615741318 0.1312365469460138 0.0920685865183923 0.08267401242987886 0.1452842522153673 0.11441134861960177
0.08279429613388446 0.12472793750993957 0.1396305058044044 0.13600852531970123 0.09582268766932545 0.16555655652748008 0.09224926065162344 0.16321023038364144
0.10275465536554348 0.08118753145199883 0.23516587502188574 0.13101977349363142 0.09553832713216856 0.09033877154014153 0.1460772698503622 0.1179177961442683
0.10431798849709256 0.07311205888952646 0.2756783508631838 0.12641955407744845 0.09224199392346144 0.0735040865783091 0.14094836850127462 0.1137775986697036
0.10309008326050238 0.07094520439549601 0.2920422707105739 0.12424094503260483 0.09005820655102982 0.0692870575214101 0.13851938199903852 0.11181685052934436
0.11978995331099587 0.08234720652502235 0.21885849788911643 0.09043047265321419 0.13917140988560125 0.10645492126472825 0.13443097128746467 0.10851656718385702
0.12389209855472763 0.08324614234354617 0.19126837531474586 0.08947945399838625 0.15550746143453945 0.11621390537331537 0.13301721818267567 0.1073753447980635
0.10973719490535688 0.07312174856394742 0.25425491552452284 0.12553995774754628 0.10610759541790843 0.07828494163297571 0.13996768423495085 0.11298596197279163
0.09560160695796696 0.14230462382164086 0.1609595244535864 0.15573107925203655 0.0852917701253917 0.1407337011386825 0.07921972292386208 0.1401579713268329
0.08213932535373307 0.12304454932621957 0.11596551990160976 0.12808929575923492 0.10164461465148608 0.19293810348924686 0.09606697181942618 0.1601116196990436
0.07632065377390192 0.13203299636062515 0.10362857371329894 0.13343813808086277 0.09613940148625996 0.20780860332012632 0.09050586756788953 0.16012576569703532
0.10224655326362778 0.08306581240063661 0.21892933261349415 0.13250379204745516 0.09673659423948679 0.09953266280236743 0.1477318397902224 0.11925341284270966
0.12119217593201408 0.08532966358248766 0.1943720279854909 0.09195454123866349 0.14348665651849923 0.11662288365389796 0.1366966016025505 0.11034544948639619
0.097394745958421 0.14373861243227268 0.14277010207057306 0.15378409618876024 0.09226747827030848 0.15340997740506307 0.07822930110471717 0.1384056865698842
0.1210139409593996 0.08540412738504348 0.16368273554550153 0.08876935211743461 0.15177096786502656 0.13749345246106354 0.14090373351973748 0.11096169014679326
0.061729183845399556 0.09116080083863769 0.08493134165308995 0.09752919563834257 0.13241958953907965 0.2269211021393346 0.11025039506943073 0.19505839127668514
0.07212316905529113 0.12509473407340588 0.09576915585341893 0.1330722929436765 0.10297139405842975 0.22102477335635062 0.09025772912701537 0.1596867515324118
0.10134379123986681 0.08235091884346182 0.21522926872679787 0.13273579587655174 0.09857218107018549 0.10231532120829315 0.1479905067459465 0.11946221628889658
0.1047233311021537 0.07380967026219537 0.2674324303275868 0.12741834079454817 0.09361596274207938 0.07626181690182453 0.14206194115451862 0.11467650671509336
0.08233858120711134 0.1242395107145558 0.14354025723908062 0.1358436053181156 0.09614447696043606 0.16274384031102254 0.09213740186793928 0.1630123263817387
0.1164836915075001 0.09207150694593627 0.1682613933726948 0.09293059933075941 0.1446869169462349 0.13590159518737174 0.1381475775125916 0.11151671919691128
0.10901553034843539 0.07510148564993863 0.2449234944023992 0.1271639549253622 0.10470569539144405 0.08286395995519824 0.14177831989439638 0.114447559432826
0.08311619138277472 0.12439118084578331 0.13779196954407863 0.13571014826714692 0.09870751260171415 0.1653839362654263 0.09204688317249965 0.1628521779205763
0.07698598672595493 0.13313824847264946 0.10958499891254955 0.13434558280421685 0.09603847768777833 0.1975706542167568 0.09112135181503404 0.16121469936506022
0.11523719866727417 0.09361652969816701 0.15615301086377703 0.09319917880747787 0.14507726295676523 0.14633096549391156 0.1385468389436537 0.11183901456897345
0.08284701845779956 0.12579612388312586 0.11367758112900302 0.13279791470770863 0.10650092154919283 0.18895131351782163 0.09007162910609803 0.15935749764925033
0.07648749168444954 0.1326480975101934 0.10311355574723174 0.13347840141065453 0.09731207933464932 0.20625311601107033 0.0905331766089657 0.16017408169278544
0.10230735189101779 0.08315764976358743 0.2186911130210848 0.13252926020181688 0.09703082013679482 0.0992472359223358 0.14776023488172715 0.11927633418163518
0.1212138369145164 0.08534576895824823 0.1942890729193576 0.0919584604698292 0.1435950114939987 0.11654526887734458 0.13670242780291028 0.11035015256379502
0.10917781267995108 0.07351478256886003 0.25601240271269204 0.12584076982596182 0.1034500428243704 0.07844442929107759 0.14030306725372158 0.11325669284336563
0.08314050627403186 0.12401279777395559 0.14059493017686042 0.13563000609458645 0.09839541635390094 0.1634778101403111 0.09199252587284994 0.1627560073135037
0.11670771433784403 0.09202804476481291 0.1671565033187125 0.0929143057678386 0.14547129930394798 0.13610160954847175 0.13812335603696604 0.11149716692140631
0.14271137235897471 0.09825481915893651 0.1998164753317538 0.10398691476904953 0.13723636031273403 0.10846818502643674 0.11593764974997015 0.09358822329214458
0.11403237232186438 0.07456947240410111 0.2574839144850358 0.12475181436922694 0.10135986780657807 0.07643696249609465 0.13908896318479483 0.11227663293230426
0.09653608013622804 0.14256473620920196 0.16182183853533022 0.15561764069586093 0.08426502501240271 0.13997678556115475 0.07916201722354665 0.14005587662627483
0.14507066010005534 0.10170307270817792 0.20323183876085313 0.10582925136463066 0.12371024138907917 0.11103620546359587 0.1171573315880323 0.09226139862557545
0.0775920102517574 0.11127652775894309 0.07647658799374397 0.08070186706281823 0.14774244912566745 0.25357862613216064 0.09122819754927279 0.16140373412563647
0.10223613558928524 0.0801048012941532 0.2038731946773574 0.13141587494690798 0.10896705717083369 0.10860975545828985 0.14651889341095561 0.1182742874522172
0.08160621025948012 0.1252903741707875 0.12719425088173605 0.13565191010018401 0.09952871022431088 0.175938869740547 0.0920073825027335 0.1627822921202208
0.10284634279138716 0.08157644675424452 0.22957941186148964 0.1315246729488789 0.09678758508622874 0.09267313983988065 0.1466401950638993 0.11837220565399101
0.08195431143117024 0.1259528162679665 0.13392685654563732 0.13604153127767163 0.09690021873297976 0.16970278090999133 0.09227164730137727 0.16324983753320593
0.11650343729102054 0.09242256473982627 0.16488382399394008 0.09304707748783354 0.14511972600688072 0.1380461473788566 0.1383207301162421 0.11165649298540026
0.10914927058706791 0.0752362459603054 0.24345183635275364 0.12732228302603732 0.10492935575853364 0.08336610968074934 0.14195484391111923 0.11459005472343359
0.08314482290225692 0.1244261030652762 0.13742280012580704 0.13572100620391045 0.09876353778857291 0.16560227478335338 0.09205424768613057 0.16286520744469252
0.10288903766080561 0.08118290357709622 0.23412013333886758 0.1310639162142071 0.09627012945777971 0.09038986946888607 0.14612648568957118 0.11795752459278637
0.10438508721014464 0.07313511266292003 0.27523344654729553 0.126461301124542 0.0924380836270904 0.07353688447258702 0.14099491334333264 0.11381517101208781
0.1205595645679095 0.08295778191056481 0.21325677468540144 0.0907955969915627 0.14047197790228322 0.10802983441270692 0.1349737531396962 0.10895471638987524
0.08430755972600332 0.12407227811208586 0.12851026057693324 0.13323656807794707 0.10593805098523164 0.17368225030582887 0.09036915052243366 0.15988388169353646
0.10332949089069025 0.08124102192843466 0.22982413328900356 0.13115550303077309 0.09809765822447299 0.09208364175372462 0.1462285981552052 0.11803995272769577
0.13871801151708477 0.0970967461051341 0.22654568308251422 0.10492559110691826 0.12326349610810697 0.09803323626779448 0.11698420381622081 0.09443303199622644
