Timestep: 0
Action: 0
0.5373459000000002 0.12604410000000002 0.11875410000000003 0.027855900000000003 0.12604410000000002 0.029565900000000006 0.0278559 0.006534099999999999 
0.5071215600000001 0.15578244000000005 0.09875843999999999 0.030337560000000003 0.13318344000000001 0.040912560000000014 0.025936559999999997 0.007967440000000001 
0.5491527840000001 0.114075216 0.13643121600000005 0.028340784000000004 0.11407521600000002 0.023696784 0.028340784000000004 0.005887216 
0.5194343700000001 0.14395563000000006 0.11479563000000002 0.03181437000000001 0.12184263000000002 0.03376737000000001 0.02692737 0.0074626300000000005 
0.5071215600000001 0.13318344000000004 0.09875843999999999 0.02593656 0.15578244000000005 0.040912560000000014 0.03033756 0.007967440000000001 
0.47709769499999993 0.16158730500000001 0.08091130500000003 0.027403695000000016 0.16158730500000001 0.05472769500000002 0.027403695000000016 0.009281305000000009 
0.5194343700000001 0.12184263000000002 0.11479563 0.02692737 0.14395563000000006 0.03376737000000001 0.03181437000000001 0.007462630000000001 
0.4898333250000001 0.15047167500000005 0.095391675 0.029303325 0.15047167500000005 0.04622332500000002 0.029303324999999998 0.009001675 
Action: 1
0.6699399999999999 0.14706000000000002 0.03526000000000003 0.007740000000000009 0.10906 0.023940000000000006 0.0057400000000000055 0.0012600000000000016 
0.6111 0.2037 0.018900000000000014 0.006300000000000005 0.11640000000000003 0.03880000000000001 0.0036000000000000034 0.0012000000000000012 
0.687456 0.13094400000000003 0.051743999999999964 0.009855999999999995 0.093744 0.017856000000000004 0.007055999999999995 0.0013439999999999993 
0.6290899999999999 0.18790999999999997 0.03311000000000003 0.009890000000000008 0.10241 0.03059 0.005390000000000006 0.0016100000000000014 
0.56648 0.14161999999999997 0.017520000000000018 0.004380000000000003 0.20952000000000004 0.052379999999999996 0.006480000000000007 0.0016200000000000012 
0.5131169999999999 0.189783 0.005183000000000004 0.0019170000000000016 0.20958300000000002 0.07751700000000002 0.002117000000000002 7.830000000000008E-4 
0.5842499999999999 0.12825000000000003 0.030750000000000024 0.006750000000000008 0.19474999999999998 0.04275000000000001 0.010250000000000009 0.0022500000000000024 
0.531075 0.177025 0.016425000000000016 0.005475000000000005 0.19642500000000002 0.065475 0.006075000000000006 0.002025000000000002 

Timestep: 1
Action: 0
0.5312427120000002 0.11740528800000001 0.11740528800000001 0.025946712 0.139518288 0.030833711999999996 0.030833711999999996 0.006814287999999999 
0.5013616608 0.14681113920000002 0.09763673919999999 0.028590460800000002 0.14605783919999998 0.04276936080000001 0.028443760799999995 0.0083290392 
0.5429154931200001 0.10557410687999998 0.13488162688000002 0.026228773119999993 0.12768170687999997 0.024828693119999985 0.03172117312 0.006168426879999997 
0.5135346216000001 0.1351133784 0.11349177839999999 0.0298602216 0.13486767839999997 0.03548432159999999 0.029805921599999993 0.007842078399999999 
0.5013616608 0.12471433920000001 0.09763673919999998 0.024287260799999995 0.16890793920000002 0.042016060800000005 0.032893660799999995 0.008182339199999998 
0.4716788075999999 0.1528131924 0.07999231240000002 0.02591568760000001 0.17410269240000004 0.05640530760000002 0.029526187600000017 0.009565812400000007 
0.5135346216000001 0.1134917784 0.11349177840000002 0.025081821600000002 0.15722637840000003 0.0347472216 0.0347472216 0.007679178399999999 
0.48426978600000004 0.14180621400000004 0.09430821399999997 0.027615786 0.163149714 0.04777428600000001 0.031772286 0.009303714 
Action: 1
0.6699399999999999 0.14706000000000002 0.03526000000000003 0.007740000000000009 0.10906 0.023940000000000006 0.0057400000000000055 0.0012600000000000016 
0.6111 0.2037 0.018900000000000014 0.006300000000000005 0.11640000000000003 0.03880000000000001 0.0036000000000000034 0.0012000000000000012 
0.687456 0.13094400000000003 0.051743999999999964 0.009855999999999995 0.093744 0.017856000000000004 0.007055999999999995 0.0013439999999999993 
0.6290899999999999 0.18790999999999997 0.03311000000000003 0.009890000000000008 0.10241 0.03059 0.005390000000000006 0.0016100000000000014 
0.56648 0.14161999999999997 0.017520000000000018 0.004380000000000003 0.20952000000000004 0.052379999999999996 0.006480000000000007 0.0016200000000000012 
0.5131169999999999 0.189783 0.005183000000000004 0.0019170000000000016 0.20958300000000002 0.07751700000000002 0.002117000000000002 7.830000000000008E-4 
0.5842499999999999 0.12825000000000003 0.030750000000000024 0.006750000000000008 0.19474999999999998 0.04275000000000001 0.010250000000000009 0.0022500000000000024 
0.531075 0.177025 0.016425000000000016 0.005475000000000005 0.19642500000000002 0.065475 0.006075000000000006 0.002025000000000002 

Timestep: 2
Action: 0
0.5313097881000001 0.11742011190000001 0.1247092119 0.027560888099999997 0.13199831190000003 0.029171788100000002 0.030982688099999996 0.006847211899999999 
0.50142496404 0.14682967596000004 0.10438023595999997 0.030565124039999995 0.13880098596 0.040644374040000014 0.02889381403999999 0.008460825959999998 
0.5429840430560001 0.10558743694399998 0.142515316944 0.027713203055999988 0.120162076944 0.02336644305599999 0.03153856305599999 0.006132916943999996 
0.51359946183 0.13513043817 0.12055223816999999 0.03171786183 0.12759836817 0.03357173183 0.02994993182999999 0.007879968169999998 
0.50142496404 0.12473008596 0.10438023595999996 0.02596471403999999 0.16139719596000004 0.04014775404000001 0.03359760403999999 0.008357445959999998 
0.4717383630049999 0.152832486995 0.08620174699500001 0.027927403005000007 0.16686778699500002 0.05406136300500001 0.03049210300500001 0.009878746995000005 
0.51359946183 0.11350610817 0.12055223816999999 0.02664219183 0.14970863817000005 0.03308579183 0.03513966183 0.0077659081699999995 
0.48433093117500003 0.14182411882500004 0.10082181882499996 0.029523131174999995 0.15589501882500004 0.04564993117500002 0.03245223117499999 0.009502818825 
Action: 1
0.6699399999999999 0.14706000000000002 0.03526000000000003 0.007740000000000009 0.10906 0.023940000000000006 0.0057400000000000055 0.0012600000000000016 
0.6111 0.2037 0.018900000000000014 0.006300000000000005 0.11640000000000003 0.03880000000000001 0.0036000000000000034 0.0012000000000000012 
0.687456 0.13094400000000003 0.051743999999999964 0.009855999999999995 0.093744 0.017856000000000004 0.007055999999999995 0.0013439999999999993 
0.6290899999999999 0.18790999999999997 0.03311000000000003 0.009890000000000008 0.10241 0.03059 0.005390000000000006 0.0016100000000000014 
0.56648 0.14161999999999997 0.017520000000000018 0.004380000000000003 0.20952000000000004 0.052379999999999996 0.006480000000000007 0.0016200000000000012 
0.5131169999999999 0.189783 0.005183000000000004 0.0019170000000000016 0.20958300000000002 0.07751700000000002 0.002117000000000002 7.830000000000008E-4 
0.5842499999999999 0.12825000000000003 0.030750000000000024 0.006750000000000008 0.19474999999999998 0.04275000000000001 0.010250000000000009 0.0022500000000000024 
0.531075 0.177025 0.016425000000000016 0.005475000000000005 0.19642500000000002 0.065475 0.006075000000000006 0.002025000000000002 

Timestep: 3
Action: 0
0.5432493339000002 0.13496456610000002 0.1127696661 0.0280164339 0.1200587661 0.029827333899999996 0.024922233899999997 0.006191666099999998 
0.5126929407599999 0.16502409924 0.09311225923999995 0.02997070075999999 0.12753300924 0.04104995076 0.023161790759999988 0.007455249239999998 
0.5551859316640001 0.12286234833599999 0.13031342833600001 0.028838291663999996 0.10796018833599999 0.02389153166399999 0.025340451663999994 0.0056078283359999965 
0.5251410227700001 0.15307287723000004 0.10901067722999999 0.03177542277 0.11605680722999999 0.03382929277 0.024091492769999993 0.007022407229999999 
0.51269294076 0.14192010924 0.09311225923999997 0.02577469075999999 0.15012921924000003 0.04155773076000001 0.027265580759999995 0.0075474692399999975 
0.4823392250949999 0.170617624905 0.07560088490500001 0.02674226509500001 0.156266924905 0.05527622509500001 0.02449296509500001 0.008663884905000006 
0.5251410227700001 0.13046574722999998 0.10901067722999999 0.027082552769999994 0.13816707723000002 0.03432615276999999 0.02868122276999999 0.007125547229999997 
0.495214772325 0.15939827767500003 0.08993797767499996 0.02894897232499999 0.14501117767500002 0.04667577232500002 0.02633607232499999 0.008476977674999999 
Action: 1
0.6699399999999999 0.14706000000000002 0.03526000000000003 0.007740000000000009 0.10906 0.023940000000000006 0.0057400000000000055 0.0012600000000000016 
0.6111 0.2037 0.018900000000000014 0.006300000000000005 0.11640000000000003 0.03880000000000001 0.0036000000000000034 0.0012000000000000012 
0.687456 0.13094400000000003 0.051743999999999964 0.009855999999999995 0.093744 0.017856000000000004 0.007055999999999995 0.0013439999999999993 
0.6290899999999999 0.18790999999999997 0.03311000000000003 0.009890000000000008 0.10241 0.03059 0.005390000000000006 0.0016100000000000014 
0.56648 0.14161999999999997 0.017520000000000018 0.004380000000000003 0.20952000000000004 0.052379999999999996 0.006480000000000007 0.0016200000000000012 
0.5131169999999999 0.189783 0.005183000000000004 0.0019170000000000016 0.20958300000000002 0.07751700000000002 0.002117000000000002 7.830000000000008E-4 
0.5842499999999999 0.12825000000000003 0.030750000000000024 0.006750000000000008 0.19474999999999998 0.04275000000000001 0.010250000000000009 0.0022500000000000024 
0.531075 0.177025 0.016425000000000016 0.005475000000000005 0.19642500000000002 0.065475 0.006075000000000006 0.002025000000000002 

Timestep: 4
Action: 0
0.5313753900000001 0.13201461 0.11743461000000002 0.029175390000000002 0.12464361000000003 0.030966390000000003 0.02754639 0.006843609999999999 
0.501486876 0.16141712400000002 0.09766112399999999 0.031434876 0.13170362400000002 0.04239237600000001 0.025648375999999997 0.008255624 
0.5430510864000001 0.12017691359999999 0.13491531360000003 0.029856686400000002 0.11280771360000001 0.024964286399999997 0.028025886400000005 0.006202113599999999 
0.5136628770000001 0.14972712300000005 0.11352012300000001 0.033089877000000004 0.12048882300000002 0.03512117700000001 0.026628176999999996 0.007761822999999999 
0.5014868760000001 0.13881812400000001 0.09766112399999999 0.027033875999999995 0.15405152400000005 0.042643476000000013 0.030000475999999998 0.008304523999999999 
0.4717966094999999 0.1668883905 0.08001229050000001 0.028302709500000012 0.1597918905 0.056523109500000016 0.027099209500000013 0.009585790500000007 
0.5136628770000001 0.127614123 0.113520123 0.028202876999999994 0.14235612300000006 0.035366877000000005 0.031460877000000005 0.007816123000000001 
0.4843907325000001 0.15591426750000004 0.09433176749999998 0.0303632325 0.14879976750000004 0.04789523250000002 0.0289777325 0.0093272675 
Action: 1
0.6699399999999999 0.14706000000000002 0.03526000000000003 0.007740000000000009 0.10906 0.023940000000000006 0.0057400000000000055 0.0012600000000000016 
0.6111 0.2037 0.018900000000000014 0.006300000000000005 0.11640000000000003 0.03880000000000001 0.0036000000000000034 0.0012000000000000012 
0.687456 0.13094400000000003 0.051743999999999964 0.009855999999999995 0.093744 0.017856000000000004 0.007055999999999995 0.0013439999999999993 
0.6290899999999999 0.18790999999999997 0.03311000000000003 0.009890000000000008 0.10241 0.03059 0.005390000000000006 0.0016100000000000014 
0.56648 0.14161999999999997 0.017520000000000018 0.004380000000000003 0.20952000000000004 0.052379999999999996 0.006480000000000007 0.0016200000000000012 
0.5131169999999999 0.189783 0.005183000000000004 0.0019170000000000016 0.20958300000000002 0.07751700000000002 0.002117000000000002 7.830000000000008E-4 
0.5842499999999999 0.12825000000000003 0.030750000000000024 0.006750000000000008 0.19474999999999998 0.04275000000000001 0.010250000000000009 0.0022500000000000024 
0.531075 0.177025 0.016425000000000016 0.005475000000000005 0.19642500000000002 0.065475 0.006075000000000006 0.002025000000000002 

Timestep: 5
Action: 0
0.5253400152000001 0.13051518480000002 0.10905198479999999 0.027092815199999995 0.1379680848 0.034276715199999995 0.02863991519999999 0.007115284799999997 
0.49579097567999997 0.15958374432 0.09004262431999996 0.028982655679999993 0.14443497432 0.04649030568 0.026231425679999986 0.008443294319999997 
0.5368830987520001 0.118811941248 0.12601738124800002 0.027887578751999997 0.12626302124799998 0.02794193875199999 0.029636498751999994 0.0065585412479999975 
0.50782868136 0.14802651864000002 0.10541691863999998 0.030727881359999997 0.13336914864 0.03887565136 0.02768525135999999 0.008069948639999998 
0.49579097568 0.13724142432 0.09004262431999997 0.024924975679999992 0.16703118432 0.04623641568 0.03033521567999999 0.008397184319999997 
0.46643793195999983 0.16499286804 0.07310854804000001 0.02586065196000001 0.17216821804000002 0.06090098196000002 0.02698530196000001 0.009545498040000005 
0.50782868136 0.12616467864 0.10541691864000001 0.026189721359999998 0.15547941864000003 0.03862722136 0.032274981359999996 0.008018378639999999 
0.4788890106 0.15414338940000002 0.08697298939999996 0.027994610599999994 0.1613369394 0.051930660600000005 0.029301060599999987 0.009431339399999997 
Action: 1
0.6699399999999999 0.14706000000000002 0.03526000000000003 0.007740000000000009 0.10906 0.023940000000000006 0.0057400000000000055 0.0012600000000000016 
0.6111 0.2037 0.018900000000000014 0.006300000000000005 0.11640000000000003 0.03880000000000001 0.0036000000000000034 0.0012000000000000012 
0.687456 0.13094400000000003 0.051743999999999964 0.009855999999999995 0.093744 0.017856000000000004 0.007055999999999995 0.0013439999999999993 
0.6290899999999999 0.18790999999999997 0.03311000000000003 0.009890000000000008 0.10241 0.03059 0.005390000000000006 0.0016100000000000014 
0.56648 0.14161999999999997 0.017520000000000018 0.004380000000000003 0.20952000000000004 0.052379999999999996 0.006480000000000007 0.0016200000000000012 
0.5131169999999999 0.189783 0.005183000000000004 0.0019170000000000016 0.20958300000000002 0.07751700000000002 0.002117000000000002 7.830000000000008E-4 
0.5842499999999999 0.12825000000000003 0.030750000000000024 0.006750000000000008 0.19474999999999998 0.04275000000000001 0.010250000000000009 0.0022500000000000024 
0.531075 0.177025 0.016425000000000016 0.005475000000000005 0.19642500000000002 0.065475 0.006075000000000006 0.002025000000000002 

Timestep: 6
Action: 0
0.5137292160000001 0.13491878399999999 0.127790784 0.03356121599999999 0.12050438400000002 0.031647615999999996 0.029975616 0.007872383999999998 
0.48483325439999997 0.1633395456 0.10758274559999997 0.036244454399999994 0.12732994560000002 0.04289725440000001 0.028254054399999996 0.0095187456 
0.5250171801600002 0.12347241984 0.14533161984000004 0.03417878016 0.10906153984 0.02564886015999999 0.030189660160000003 0.007099939839999998 
0.49660490880000013 0.15204309120000004 0.12353109120000001 0.0378209088 0.11648757120000001 0.0356644288 0.028976428800000002 0.0088715712 
0.4848332544 0.14124274560000002 0.10758274559999997 0.03134125439999999 0.14893570560000002 0.04338829440000001 0.0330482944 0.0096277056 
0.45612895679999993 0.16836304320000003 0.0894798432 0.033028156800000014 0.15448544320000002 0.05702255680000002 0.030305756800000007 0.011186243200000006 
0.4966049088000001 0.1304214912 0.1235310912 0.03244250879999999 0.13762869120000004 0.0361449088 0.0342353088 0.008991091199999999 
0.46830484800000005 0.15777115200000003 0.10391515199999997 0.03500884799999999 0.14385835200000005 0.048465648000000014 0.031921648 0.010754352 
Action: 1
0.6699399999999999 0.14706000000000002 0.03526000000000003 0.007740000000000009 0.10906 0.023940000000000006 0.0057400000000000055 0.0012600000000000016 
0.6111 0.2037 0.018900000000000014 0.006300000000000005 0.11640000000000003 0.03880000000000001 0.0036000000000000034 0.0012000000000000012 
0.687456 0.13094400000000003 0.051743999999999964 0.009855999999999995 0.093744 0.017856000000000004 0.007055999999999995 0.0013439999999999993 
0.6290899999999999 0.18790999999999997 0.03311000000000003 0.009890000000000008 0.10241 0.03059 0.005390000000000006 0.0016100000000000014 
0.56648 0.14161999999999997 0.017520000000000018 0.004380000000000003 0.20952000000000004 0.052379999999999996 0.006480000000000007 0.0016200000000000012 
0.5131169999999999 0.189783 0.005183000000000004 0.0019170000000000016 0.20958300000000002 0.07751700000000002 0.002117000000000002 7.830000000000008E-4 
0.5842499999999999 0.12825000000000003 0.030750000000000024 0.006750000000000008 0.19474999999999998 0.04275000000000001 0.010250000000000009 0.0022500000000000024 
0.531075 0.177025 0.016425000000000016 0.005475000000000005 0.19642500000000002 0.065475 0.006075000000000006 0.002025000000000002 

Timestep: 7
Action: 0
0.5137940808000001 0.1349358192 0.1205979192 0.03167218079999999 0.1276467192 0.033523380799999995 0.029961280799999997 0.007868619199999998 
0.4848944707200001 0.16336016928000002 0.10093912927999997 0.03400623071999999 0.13422512928000002 0.045220230720000004 0.02794127071999999 0.009413369279999997 
0.5250834702080002 0.12348800979199999 0.137817009792 0.03241151020799999 0.116200689792 0.027327830207999993 0.030498830207999993 0.007172649791999996 
0.4966676114400001 0.15206228856 0.11657798856 0.03569211144 0.12339182856000001 0.037778271440000004 0.028962571439999998 0.008867328559999998 
0.48489447072 0.14126057928000002 0.10093912927999997 0.02940582071999999 0.15607640928000005 0.04546854072000001 0.032489990719999993 0.009465059279999999 
0.4561865488399999 0.16838430116 0.08335993116 0.03076921884000001 0.16136665116 0.05956249884000002 0.029486868840000006 0.010883981160000005 
0.49666761144000005 0.13043795855999998 0.11657798856 0.030616441439999992 0.14477318856000004 0.03802124144 0.03398121144 0.008924358559999998 
0.4683639774 0.15779107260000003 0.09749802259999997 0.03284692739999999 0.15075562260000003 0.050789327400000014 0.031382377399999994 0.0105726726 
Action: 1
0.6699399999999999 0.14706000000000002 0.03526000000000003 0.007740000000000009 0.10906 0.023940000000000006 0.0057400000000000055 0.0012600000000000016 
0.6111 0.2037 0.018900000000000014 0.006300000000000005 0.11640000000000003 0.03880000000000001 0.0036000000000000034 0.0012000000000000012 
0.687456 0.13094400000000003 0.051743999999999964 0.009855999999999995 0.093744 0.017856000000000004 0.007055999999999995 0.0013439999999999993 
0.6290899999999999 0.18790999999999997 0.03311000000000003 0.009890000000000008 0.10241 0.03059 0.005390000000000006 0.0016100000000000014 
0.56648 0.14161999999999997 0.017520000000000018 0.004380000000000003 0.20952000000000004 0.052379999999999996 0.006480000000000007 0.0016200000000000012 
0.5131169999999999 0.189783 0.005183000000000004 0.0019170000000000016 0.20958300000000002 0.07751700000000002 0.002117000000000002 7.830000000000008E-4 
0.5842499999999999 0.12825000000000003 0.030750000000000024 0.006750000000000008 0.19474999999999998 0.04275000000000001 0.010250000000000009 0.0022500000000000024 
0.531075 0.177025 0.016425000000000016 0.005475000000000005 0.19642500000000002 0.065475 0.006075000000000006 0.002025000000000002 

Timestep: 8
Action: 0
0.5433164100000001 0.12744459000000002 0.11278358999999999 0.026455409999999995 0.12744459000000002 0.029894410000000003 0.02645541 0.0062055899999999995 
0.512756244 0.15751335600000002 0.09312375599999997 0.028606643999999997 0.13466325600000004 0.041367144000000015 0.024456743999999996 0.007512856 
0.5552544816000001 0.11534271840000002 0.1303295184 0.0270732816 0.11534271840000002 0.0239600816 0.0270732816 0.005623918399999999 
0.525205863 0.14555513700000003 0.10902413699999998 0.030214862999999998 0.123196437 0.03414256300000001 0.025573562999999997 0.007087437 
0.5127562440000001 0.134663256 0.09312375599999997 0.024456743999999996 0.15751335600000005 0.041367144000000015 0.028606643999999994 0.007512855999999999 
0.4823987804999999 0.16338271950000002 0.07561021950000002 0.025608280500000014 0.16338271950000002 0.05533578050000002 0.025608280500000014 0.008673219500000008 
0.5252058630000002 0.12319643700000002 0.109024137 0.025573562999999997 0.14555513700000006 0.03414256300000001 0.030214862999999998 0.007087436999999999 
0.49527591750000005 0.15214358250000004 0.08994908249999997 0.027631417499999995 0.15214358250000004 0.046736917500000016 0.027631417499999995 0.008488082499999999 
Action: 1
0.6699399999999999 0.14706000000000002 0.03526000000000003 0.007740000000000009 0.10906 0.023940000000000006 0.0057400000000000055 0.0012600000000000016 
0.6111 0.2037 0.018900000000000014 0.006300000000000005 0.11640000000000003 0.03880000000000001 0.0036000000000000034 0.0012000000000000012 
0.687456 0.13094400000000003 0.051743999999999964 0.009855999999999995 0.093744 0.017856000000000004 0.007055999999999995 0.0013439999999999993 
0.6290899999999999 0.18790999999999997 0.03311000000000003 0.009890000000000008 0.10241 0.03059 0.005390000000000006 0.0016100000000000014 
0.56648 0.14161999999999997 0.017520000000000018 0.004380000000000003 0.20952000000000004 0.052379999999999996 0.006480000000000007 0.0016200000000000012 
0.5131169999999999 0.189783 0.005183000000000004 0.0019170000000000016 0.20958300000000002 0.07751700000000002 0.002117000000000002 7.830000000000008E-4 
0.5842499999999999 0.12825000000000003 0.030750000000000024 0.006750000000000008 0.19474999999999998 0.04275000000000001 0.010250000000000009 0.0022500000000000024 
0.531075 0.177025 0.016425000000000016 0.005475000000000005 0.19642500000000002 0.065475 0.006075000000000006 0.002025000000000002 

Timestep: 9
Action: 0
0.5253400152000002 0.11610078480000002 0.1306789848 0.0288802152 0.13051518480000002 0.0288440152 0.0324658152 0.007174984799999999 
0.49579097567999997 0.14517990432000002 0.11001422431999996 0.032214895679999994 0.13724142432 0.04018769568 0.03045337567999999 0.008917504319999998 
0.5368830987520001 0.10440106124799998 0.148616261248 0.028899578751999992 0.118811941248 0.02310389875199999 0.032888698752 0.006395461247999996 
0.50782868136 0.13361211864000003 0.12632301864 0.03323618136 0.12616467864 0.03319452136 0.031383621359999996 0.00825717864 
0.49579097567999997 0.12332862432 0.11001422431999996 0.02736617567999999 0.15958374432 0.039696655680000005 0.03541105567999999 0.008808544319999998 
0.46643793195999994 0.15111526804 0.09150217804 0.029644621960000006 0.16499286804000002 0.05345393196000001 0.03236702196000001 0.010486178040000006 
0.50782868136 0.11223075864 0.12632301864 0.02791754136 0.14802651864000002 0.03271404136 0.03682178136 0.00813765864 
0.4788890106 0.14023058940000002 0.10626373939999996 0.031116660599999995 0.15414338940000002 0.04513701060000001 0.03420386059999999 0.0100157394 
Action: 1
0.6699399999999999 0.14706000000000002 0.03526000000000003 0.007740000000000009 0.10906 0.023940000000000006 0.0057400000000000055 0.0012600000000000016 
0.6111 0.2037 0.018900000000000014 0.006300000000000005 0.11640000000000003 0.03880000000000001 0.0036000000000000034 0.0012000000000000012 
0.687456 0.13094400000000003 0.051743999999999964 0.009855999999999995 0.093744 0.017856000000000004 0.007055999999999995 0.0013439999999999993 
0.6290899999999999 0.18790999999999997 0.03311000000000003 0.009890000000000008 0.10241 0.03059 0.005390000000000006 0.0016100000000000014 
0.56648 0.14161999999999997 0.017520000000000018 0.004380000000000003 0.20952000000000004 0.052379999999999996 0.006480000000000007 0.0016200000000000012 
0.5131169999999999 0.189783 0.005183000000000004 0.0019170000000000016 0.20958300000000002 0.07751700000000002 0.002117000000000002 7.830000000000008E-4 
0.5842499999999999 0.12825000000000003 0.030750000000000024 0.006750000000000008 0.19474999999999998 0.04275000000000001 0.010250000000000009 0.0022500000000000024 
0.531075 0.177025 0.016425000000000016 0.005475000000000005 0.19642500000000002 0.065475 0.006075000000000006 0.002025000000000002 

Timestep: 10
Action: 0
0.5195670480000002 0.12187375200000003 0.12924295200000002 0.030316248000000004 0.12908095200000003 0.030278248 0.032109048 0.007531751999999999 
0.4903427232 0.15062815680000002 0.10880527679999998 0.0334238432 0.1357332768 0.041695843200000006 0.030118723199999992 0.0092521568 
0.5309832844800001 0.11030087552000001 0.14698311552 0.03053272448 0.11750631552 0.024409524479999996 0.032527284479999995 0.006756875519999998 
0.5022481464000002 0.13919265360000005 0.12493485360000002 0.034624346400000006 0.12477825360000001 0.03458094640000001 0.031038746399999997 0.008602053600000001 
0.4903427232 0.12877687680000002 0.10880527679999998 0.028575123199999993 0.15783007680000002 0.04145032320000001 0.03502192319999999 0.009197676799999999 
0.4613122403999999 0.1562409596 0.09049665960000002 0.03065014040000001 0.16317975960000003 0.055267040400000016 0.03201134040000001 0.010841859600000007 
0.5022481464 0.1178112936 0.1249348536 0.0293057064 0.14639985360000002 0.034340706400000004 0.0364171464 0.008542293599999999 
0.473626494 0.145493106 0.10509600599999996 0.032284393999999994 0.152449506 0.04683089400000001 0.03382799399999999 0.010391606 
Action: 1
0.6699399999999999 0.14706000000000002 0.03526000000000003 0.007740000000000009 0.10906 0.023940000000000006 0.0057400000000000055 0.0012600000000000016 
0.6111 0.2037 0.018900000000000014 0.006300000000000005 0.11640000000000003 0.03880000000000001 0.0036000000000000034 0.0012000000000000012 
0.687456 0.13094400000000003 0.051743999999999964 0.009855999999999995 0.093744 0.017856000000000004 0.007055999999999995 0.0013439999999999993 
0.6290899999999999 0.18790999999999997 0.03311000000000003 0.009890000000000008 0.10241 0.03059 0.005390000000000006 0.0016100000000000014 
0.56648 0.14161999999999997 0.017520000000000018 0.004380000000000003 0.20952000000000004 0.052379999999999996 0.006480000000000007 0.0016200000000000012 
0.5131169999999999 0.189783 0.005183000000000004 0.0019170000000000016 0.20958300000000002 0.07751700000000002 0.002117000000000002 7.830000000000008E-4 
0.5842499999999999 0.12825000000000003 0.030750000000000024 0.006750000000000008 0.19474999999999998 0.04275000000000001 0.010250000000000009 0.0022500000000000024 
0.531075 0.177025 0.016425000000000016 0.005475000000000005 0.19642500000000002 0.065475 0.006075000000000006 0.002025000000000002 

Timestep: 11
Action: 0
0.5254048800000001 0.12324312000000003 0.13069512 0.03065688 0.12324312000000001 0.02890888 0.03065688 0.00719112 
0.495852192 0.15232060800000002 0.11002780799999998 0.033799392 0.13022380800000002 0.04000339200000001 0.028896191999999998 0.008876608000000001 
0.5369493888000001 0.11154021120000002 0.14863461120000002 0.0308757888 0.11154021119999999 0.023170188799999995 0.0308757888 0.006413811199999999 
0.5078913840000001 0.14075661600000003 0.12633861600000001 0.035013384 0.11913501600000001 0.033016984000000006 0.029634984 0.008213016 
0.4958521920000001 0.13022380800000002 0.11002780799999998 0.028896191999999994 0.15232060800000005 0.04000339200000001 0.033799392 0.008876608000000001 
0.46649552399999994 0.15799647600000002 0.09151347600000001 0.030994524000000013 0.15799647600000002 0.05351152400000002 0.03099452400000001 0.010497476000000006 
0.5078913840000001 0.11913501600000002 0.126338616 0.029634984 0.14075661600000003 0.033016984000000006 0.03501338400000001 0.008213016000000002 
0.4789481400000001 0.14712786000000005 0.10627685999999997 0.03264714 0.14712786000000005 0.04519614000000002 0.03264714 0.010028860000000002 
Action: 1
0.6699399999999999 0.14706000000000002 0.03526000000000003 0.007740000000000009 0.10906 0.023940000000000006 0.0057400000000000055 0.0012600000000000016 
0.6111 0.2037 0.018900000000000014 0.006300000000000005 0.11640000000000003 0.03880000000000001 0.0036000000000000034 0.0012000000000000012 
0.687456 0.13094400000000003 0.051743999999999964 0.009855999999999995 0.093744 0.017856000000000004 0.007055999999999995 0.0013439999999999993 
0.6290899999999999 0.18790999999999997 0.03311000000000003 0.009890000000000008 0.10241 0.03059 0.005390000000000006 0.0016100000000000014 
0.56648 0.14161999999999997 0.017520000000000018 0.004380000000000003 0.20952000000000004 0.052379999999999996 0.006480000000000007 0.0016200000000000012 
0.5131169999999999 0.189783 0.005183000000000004 0.0019170000000000016 0.20958300000000002 0.07751700000000002 0.002117000000000002 7.830000000000008E-4 
0.5842499999999999 0.12825000000000003 0.030750000000000024 0.006750000000000008 0.19474999999999998 0.04275000000000001 0.010250000000000009 0.0022500000000000024 
0.531075 0.177025 0.016425000000000016 0.005475000000000005 0.19642500000000002 0.065475 0.006075000000000006 0.002025000000000002 

Timestep: 12
Action: 0
0.5254712190000002 0.130547781 0.12333878100000001 0.030642219 0.12325868100000002 0.030622319000000002 0.028931319 0.007187680999999999 
0.4959147996 0.15962360040000004 0.10323320039999996 0.03322839959999999 0.1302402504 0.04192134960000001 0.02711174959999999 0.008726650399999999 
0.5370171854400001 0.11884161455999999 0.14094921456 0.031191985439999993 0.11155429456000002 0.024686905439999997 0.029279305439999997 0.0064794945599999975 
0.5079555117000001 0.14806348830000005 0.1192274883 0.0347535117 0.11915005830000001 0.034730941700000004 0.027966941699999998 0.0081520583 
0.49591479960000007 0.1372757004 0.10323320039999997 0.028576299599999994 0.15233984040000004 0.04216965960000001 0.0317121596 0.0087783404 
0.4665544249499999 0.16503407504999998 0.08525447505 0.030157024950000007 0.15801642505 0.05589507495000001 0.028874674950000012 0.010213825050000007 
0.5079555117000001 0.1261961883 0.1192274883 0.029620811699999996 0.14077438830000003 0.0349739117 0.0330426117 0.0082090883 
0.47900861325000005 0.15418188675000002 0.09971388674999997 0.032095613249999995 0.14714643675000003 0.04736306325000002 0.030631063249999996 0.00985943675 
Action: 1
0.6699399999999999 0.14706000000000002 0.03526000000000003 0.007740000000000009 0.10906 0.023940000000000006 0.0057400000000000055 0.0012600000000000016 
0.6111 0.2037 0.018900000000000014 0.006300000000000005 0.11640000000000003 0.03880000000000001 0.0036000000000000034 0.0012000000000000012 
0.687456 0.13094400000000003 0.051743999999999964 0.009855999999999995 0.093744 0.017856000000000004 0.007055999999999995 0.0013439999999999993 
0.6290899999999999 0.18790999999999997 0.03311000000000003 0.009890000000000008 0.10241 0.03059 0.005390000000000006 0.0016100000000000014 
0.56648 0.14161999999999997 0.017520000000000018 0.004380000000000003 0.20952000000000004 0.052379999999999996 0.006480000000000007 0.0016200000000000012 
0.5131169999999999 0.189783 0.005183000000000004 0.0019170000000000016 0.20958300000000002 0.07751700000000002 0.002117000000000002 7.830000000000008E-4 
0.5842499999999999 0.12825000000000003 0.030750000000000024 0.006750000000000008 0.19474999999999998 0.04275000000000001 0.010250000000000009 0.0022500000000000024 
0.531075 0.177025 0.016425000000000016 0.005475000000000005 0.19642500000000002 0.065475 0.006075000000000006 0.002025000000000002 

Timestep: 13
Action: 0
0.5432493339000001 0.1200587661 0.11276966609999999 0.024922233899999997 0.13496456610000002 0.0298273339 0.028016433899999995 0.006191666099999998 
0.51269294076 0.15012921924000003 0.09311225923999997 0.027265580759999995 0.14192010924 0.04155773076000001 0.02577469075999999 0.007547469239999998 
0.5551859316640002 0.10796018833599999 0.13031342833600001 0.025340451663999994 0.12286234833599999 0.023891531663999988 0.028838291663999992 0.0056078283359999965 
0.5251410227700001 0.13816707723 0.10901067722999998 0.028681222769999994 0.13046574722999998 0.03432615276999999 0.02708255276999999 0.007125547229999998 
0.51269294076 0.12753300924 0.09311225923999995 0.023161790759999988 0.16502409924000003 0.04104995076 0.029970700759999993 0.007455249239999998 
0.4823392250949999 0.156266924905 0.07560088490500001 0.024492965095000006 0.170617624905 0.055276225095000006 0.02674226509500001 0.008663884905000004 
0.5251410227700001 0.11605680723000002 0.10901067722999998 0.024091492769999993 0.15307287723000004 0.033829292770000005 0.03177542277 0.0070224072299999996 
0.495214772325 0.14501117767500002 0.08993797767499996 0.02633607232499999 0.15939827767500003 0.04667577232500002 0.028948972324999992 0.008476977675 
Action: 1
0.6699399999999999 0.14706000000000002 0.03526000000000003 0.007740000000000009 0.10906 0.023940000000000006 0.0057400000000000055 0.0012600000000000016 
0.6111 0.2037 0.018900000000000014 0.006300000000000005 0.11640000000000003 0.03880000000000001 0.0036000000000000034 0.0012000000000000012 
0.687456 0.13094400000000003 0.051743999999999964 0.009855999999999995 0.093744 0.017856000000000004 0.007055999999999995 0.0013439999999999993 
0.6290899999999999 0.18790999999999997 0.03311000000000003 0.009890000000000008 0.10241 0.03059 0.005390000000000006 0.0016100000000000014 
0.56648 0.14161999999999997 0.017520000000000018 0.004380000000000003 0.20952000000000004 0.052379999999999996 0.006480000000000007 0.0016200000000000012 
0.5131169999999999 0.189783 0.005183000000000004 0.0019170000000000016 0.20958300000000002 0.07751700000000002 0.002117000000000002 7.830000000000008E-4 
0.5842499999999999 0.12825000000000003 0.030750000000000024 0.006750000000000008 0.19474999999999998 0.04275000000000001 0.010250000000000009 0.0022500000000000024 
0.531075 0.177025 0.016425000000000016 0.005475000000000005 0.19642500000000002 0.065475 0.006075000000000006 0.002025000000000002 

Timestep: 14
Action: 0
0.5080211136000001 0.13341968640000001 0.12637088640000002 0.0331883136 0.12621248640000002 0.033146713599999995 0.0313955136 0.008245286399999998 
0.47944621824 0.16152466176 0.10638738175999997 0.03584173823999999 0.13271698176 0.04471213824 0.029449418239999994 0.009921461759999998 
0.5191836559360001 0.122100504064 0.14371682406400002 0.033799015935999994 0.114895064064 0.027020775935999993 0.031804455935999995 0.0074797040639999965 
0.49108707648000016 0.15035372352000004 0.12215852352000002 0.037400676480000006 0.12200540352000001 0.03735379648 0.03034899648 0.00929180352 
0.47944621824 0.13967338176 0.10638738175999997 0.03099301823999999 0.15432274176000002 0.044957658240000004 0.034243658239999995 0.009975941759999997 
0.4510608572799999 0.16649234272000002 0.08848562272 0.03266117728000001 0.15955354272 0.05889325728000002 0.03129997728000001 0.011553222720000006 
0.49108707648000005 0.12897236352 0.12215852352 0.03208203647999999 0.14314652352 0.037594036479999995 0.03560787648 0.009351563519999998 
0.4631014608 0.1560181392 0.10276053919999997 0.03461986079999999 0.14906173920000002 0.05021866080000001 0.03307626079999999 0.011143339199999998 
Action: 1
0.6699399999999999 0.14706000000000002 0.03526000000000003 0.007740000000000009 0.10906 0.023940000000000006 0.0057400000000000055 0.0012600000000000016 
0.6111 0.2037 0.018900000000000014 0.006300000000000005 0.11640000000000003 0.03880000000000001 0.0036000000000000034 0.0012000000000000012 
0.687456 0.13094400000000003 0.051743999999999964 0.009855999999999995 0.093744 0.017856000000000004 0.007055999999999995 0.0013439999999999993 
0.6290899999999999 0.18790999999999997 0.03311000000000003 0.009890000000000008 0.10241 0.03059 0.005390000000000006 0.0016100000000000014 
0.56648 0.14161999999999997 0.017520000000000018 0.004380000000000003 0.20952000000000004 0.052379999999999996 0.006480000000000007 0.0016200000000000012 
0.5131169999999999 0.189783 0.005183000000000004 0.0019170000000000016 0.20958300000000002 0.07751700000000002 0.002117000000000002 7.830000000000008E-4 
0.5842499999999999 0.12825000000000003 0.030750000000000024 0.006750000000000008 0.19474999999999998 0.04275000000000001 0.010250000000000009 0.0022500000000000024 
0.531075 0.177025 0.016425000000000016 0.005475000000000005 0.19642500000000002 0.065475 0.006075000000000006 0.002025000000000002 

Timestep: 15
Action: 0
0.5493532590000001 0.121407741 0.11403674099999998 0.025202258999999994 0.12886064100000003 0.028478359 0.026749358999999997 0.005911640999999999 
0.5184535356 0.15181606440000003 0.09415846439999996 0.027571935599999996 0.13615951440000001 0.03987088560000001 0.024728485599999996 0.0072411144 
0.5614239758400001 0.10917322415999998 0.13177762416000002 0.025625175839999993 0.11662430416000001 0.022678495839999993 0.027374095839999998 0.005323104159999997 
0.5310414837 0.1397195163 0.11023551629999997 0.029003483699999992 0.1245652863 0.0327737137 0.025857713699999996 0.006803286299999998 
0.5184535356 0.1289659644 0.09415846439999996 0.02342203559999999 0.15926350440000003 0.0396169956 0.028924495599999992 0.007195004399999998 
0.4877587669499999 0.15802273305 0.07645033305000001 0.02476816695000001 0.16519808305000003 0.05352041695000002 0.025892816950000015 0.008388683050000005 
0.5310414837000001 0.11736081630000002 0.1102355163 0.024362183699999998 0.14717241630000005 0.032525283700000004 0.030550583699999998 0.006751716299999999 
0.50077898325 0.14664051675000003 0.09094851674999997 0.026631983249999994 0.15383406675000003 0.04504643325000002 0.02793843324999999 0.008181066749999999 
Action: 1
0.6699399999999999 0.14706000000000002 0.03526000000000003 0.007740000000000009 0.10906 0.023940000000000006 0.0057400000000000055 0.0012600000000000016 
0.6111 0.2037 0.018900000000000014 0.006300000000000005 0.11640000000000003 0.03880000000000001 0.0036000000000000034 0.0012000000000000012 
0.687456 0.13094400000000003 0.051743999999999964 0.009855999999999995 0.093744 0.017856000000000004 0.007055999999999995 0.0013439999999999993 
0.6290899999999999 0.18790999999999997 0.03311000000000003 0.009890000000000008 0.10241 0.03059 0.005390000000000006 0.0016100000000000014 
0.56648 0.14161999999999997 0.017520000000000018 0.004380000000000003 0.20952000000000004 0.052379999999999996 0.006480000000000007 0.0016200000000000012 
0.5131169999999999 0.189783 0.005183000000000004 0.0019170000000000016 0.20958300000000002 0.07751700000000002 0.002117000000000002 7.830000000000008E-4 
0.5842499999999999 0.12825000000000003 0.030750000000000024 0.006750000000000008 0.19474999999999998 0.04275000000000001 0.010250000000000009 0.0022500000000000024 
0.531075 0.177025 0.016425000000000016 0.005475000000000005 0.19642500000000002 0.065475 0.006075000000000006 0.002025000000000002 

Timestep: 16
Action: 0
0.5313753900000001 0.12464361000000003 0.11743461000000001 0.02754639 0.13201461 0.030966389999999996 0.02917539 0.006843609999999999 
0.5014868760000001 0.15405152400000005 0.09766112399999999 0.030000476 0.13881812400000001 0.04264347600000001 0.027033875999999995 0.008304523999999999 
0.5430510864000001 0.1128077136 0.13491531360000003 0.028025886400000005 0.1201769136 0.024964286399999997 0.0298566864 0.006202113599999999 
0.5136628770000001 0.14235612300000006 0.113520123 0.031460877000000005 0.127614123 0.035366877000000005 0.028202876999999998 0.007816123 
0.501486876 0.13170362400000002 0.09766112399999999 0.025648375999999997 0.16141712400000002 0.04239237600000001 0.031434876 0.008255624 
0.4717966094999999 0.1597918905 0.08001229050000001 0.027099209500000013 0.1668883905 0.056523109500000016 0.028302709500000016 0.009585790500000007 
0.513662877 0.120488823 0.11352012300000001 0.026628177 0.14972712300000002 0.035121177 0.033089877000000004 0.007761822999999999 
0.4843907325 0.1487997675 0.09433176749999998 0.0289777325 0.15591426750000004 0.047895232500000016 0.030363232499999997 0.009327267500000002 
Action: 1
0.6699399999999999 0.14706000000000002 0.03526000000000003 0.007740000000000009 0.10906 0.023940000000000006 0.0057400000000000055 0.0012600000000000016 
0.6111 0.2037 0.018900000000000014 0.006300000000000005 0.11640000000000003 0.03880000000000001 0.0036000000000000034 0.0012000000000000012 
