Action: 0
[0.09713693559407317, 0.09384368278841991, 0.21026312116629786, 0.09266993633810902, 0.22807643450299137, 0.09267001693389064, 0.09266993633810902, 0.09266993633810902]
[0.2445600485577039, 0.08823930877412076, 0.1522302599245043, 0.08823930877412076, 0.15074776746399907, 0.0995046889573097, 0.08823930877412076, 0.08823930877412076]
[0.19489756588120605, 0.09683364308403128, 0.18378294814969318, 0.09156257872361705, 0.15814823037561757, 0.09164987633860065, 0.09156257872361705, 0.09156257872361705]
[0.125, 0.125, 0.125, 0.125, 0.125, 0.125, 0.125, 0.125]
[0.23289699145452653, 0.0867508832440276, 0.15078529356889359, 0.0867508832440276, 0.11445477719198424, 0.15485940480848526, 0.0867508832440276, 0.0867508832440276]
[0.14621680693517186, 0.08657071864458438, 0.27444681638075874, 0.0860874054161424, 0.10542680545639467, 0.1290766363346632, 0.0860874054161424, 0.0860874054161424]
[0.125, 0.125, 0.125, 0.125, 0.125, 0.125, 0.125, 0.125]
[0.125, 0.125, 0.125, 0.125, 0.125, 0.125, 0.125, 0.125]

Action: 1
[0.09380872355700916, 0.09380872355700916, 0.09380872355700916, 0.09380872355700916, 0.19930848846220875, 0.23783917019573636, 0.09380872355700916, 0.09380872355700916]
[0.1111111111111111, 0.1111111111111111, 0.1111111111111111, 0.1111111111111111, 0.2222222222222222, 0.1111111111111111, 0.1111111111111111, 0.1111111111111111]
[0.09658257137002074, 0.0996246216948528, 0.09594789523072184, 0.09594789523072184, 0.09854308862069658, 0.32145813739154266, 0.09594789523072184, 0.09594789523072184]
[0.125, 0.125, 0.125, 0.125, 0.125, 0.125, 0.125, 0.125]
[0.09229549041834428, 0.09229549041834428, 0.09229549041834428, 0.09229549041834428, 0.25329645613173873, 0.19293060135819554, 0.09229549041834428, 0.09229549041834428]
[0.09364916271477201, 0.09364916271477201, 0.09364916271477201, 0.09364916271477201, 0.16216531342181792, 0.27593971028955006, 0.09364916271477201, 0.09364916271477201]
[0.125, 0.125, 0.125, 0.125, 0.125, 0.125, 0.125, 0.125]
[0.125, 0.125, 0.125, 0.125, 0.125, 0.125, 0.125, 0.125]

