Action: 0
[0.10925402094328679, 0.10925305822077175, 0.12597440886274505, 0.10925305822077175, 0.2185062790900719, 0.10925305822080933, 0.10925305822077175, 0.10925305822077175]
[0.10957436739173489, 0.21841133810626637, 0.12598594923633283, 0.10920566905313318, 0.10920566905313318, 0.10920566905313318, 0.10920566905313318, 0.10920566905313318]
[0.12685468707099545, 0.10877746827671722, 0.2175564258862214, 0.1087771064796302, 0.11170299284754515, 0.1087771064796302, 0.1087771064796302, 0.1087771064796302]
[0.125, 0.125, 0.125, 0.125, 0.125, 0.125, 0.125, 0.125]
[0.10877541048572859, 0.1087753527265599, 0.23562994406615478, 0.1087753527265599, 0.10878893199604159, 0.11170430254583556, 0.1087753527265599, 0.1087753527265599]
[0.10878122940925113, 0.10877246286396502, 0.22034015336082965, 0.10877246286396502, 0.12701630290962593, 0.10877246286443325, 0.10877246286396502, 0.10877246286396502]
[0.125, 0.125, 0.125, 0.125, 0.125, 0.125, 0.125, 0.125]
[0.125, 0.125, 0.125, 0.125, 0.125, 0.125, 0.125, 0.125]

Action: 1
[0.10920205535544203, 0.10920205535544203, 0.10920205535544203, 0.10920205535544203, 0.23519826973337288, 0.10958939813397495, 0.10920205535544203, 0.10920205535544203]
[0.10925292290170366, 0.10925292290170366, 0.10925292290170366, 0.10925292290170366, 0.10925292290170366, 0.23522953968807436, 0.10925292290170366, 0.10925292290170366]
[0.11177217033035353, 0.10866025980662553, 0.10866025980662553, 0.10866025980662553, 0.1270848108161128, 0.21784171982040604, 0.10866025980662553, 0.10866025980662553]
[0.125, 0.125, 0.125, 0.125, 0.125, 0.125, 0.125, 0.125]
[0.10920574556546594, 0.10920574556546594, 0.10920574556546594, 0.10920574556546594, 0.21878045087523573, 0.12598507573196846, 0.10920574556546594, 0.10920574556546594]
[0.10918984619049074, 0.10960144437647135, 0.10918959821867712, 0.10918959821867712, 0.10925877237557341, 0.235191544182756, 0.10918959821867712, 0.10918959821867712]
[0.125, 0.125, 0.125, 0.125, 0.125, 0.125, 0.125, 0.125]
[0.125, 0.125, 0.125, 0.125, 0.125, 0.125, 0.125, 0.125]

