Action: 0
[0.1072214988263051, 0.1008963560112129, 0.2617556412321935, 0.1008963560112129, 0.12649504191884067, 0.10094239397780909, 0.1008963560112129, 0.1008963560112129]
[0.10825331764672093, 0.10500832686274053, 0.16615570820829126, 0.10134438649998177, 0.2152051012823202, 0.10134438649998177, 0.10134438649998177, 0.10134438649998177]
[0.1609094930639466, 0.10187756936602549, 0.12594811161180292, 0.101877418909762, 0.10187773077931203, 0.20375483844962697, 0.101877418909762, 0.101877418909762]
[0.125, 0.125, 0.125, 0.125, 0.125, 0.125, 0.125, 0.125]
[0.20618797542592338, 0.10263779587271796, 0.16510735655070072, 0.10263779587271796, 0.11551477242170646, 0.10263871211079749, 0.10263779587271796, 0.10263779587271796]
[0.20345116006674596, 0.10163121378566921, 0.13282404169985057, 0.10163121378566921, 0.15556872930503635, 0.10163121378569023, 0.10163121378566921, 0.10163121378566921]
[0.125, 0.125, 0.125, 0.125, 0.125, 0.125, 0.125, 0.125]
[0.125, 0.125, 0.125, 0.125, 0.125, 0.125, 0.125, 0.125]

Action: 1
[0.10301239629602371, 0.10301120514103404, 0.10301120514103404, 0.10301120514103404, 0.11349659162344312, 0.26843498637536295, 0.10301120514103404, 0.10301120514103404]
[0.10187896219548091, 0.12606580898181347, 0.10187896219548091, 0.10187896219548091, 0.10187896219548091, 0.2626604178453011, 0.10187896219548091, 0.10187896219548091]
[0.10563285577263248, 0.10767192617678999, 0.10337632030461516, 0.10337632030461516, 0.1036556573602967, 0.2695342794718202, 0.10337632030461516, 0.10337632030461516]
[0.125, 0.125, 0.125, 0.125, 0.125, 0.125, 0.125, 0.125]
[0.11378982151996038, 0.10193362537894773, 0.10193362533073407, 0.10193362533073407, 0.1089495279034933, 0.2675925238746624, 0.10193362533073407, 0.10193362533073407]
[0.11256150492582608, 0.10270645242728958, 0.10270645242728958, 0.10270645242728958, 0.20802970094971188, 0.1658765319880141, 0.10270645242728958, 0.10270645242728958]
[0.125, 0.125, 0.125, 0.125, 0.125, 0.125, 0.125, 0.125]
[0.125, 0.125, 0.125, 0.125, 0.125, 0.125, 0.125, 0.125]

