Action: 0
[0.6633900000000001, 0.07371, 0.14661, 0.016289999999999995, 0.07370999999999998, 0.008189999999999998, 0.016289999999999995, 0.0018099999999999991]
[0.6260760000000001, 0.11048400000000003, 0.12192399999999998, 0.021516, 0.085374, 0.015066000000000003, 0.016626, 0.002934]
[0.6779664000000001, 0.058953599999999974, 0.16843360000000002, 0.014646399999999995, 0.058953599999999974, 0.005126399999999995, 0.014646399999999995, 0.0012735999999999989]
[0.6412770000000001, 0.09582300000000002, 0.141723, 0.021176999999999998, 0.07125299999999998, 0.010646999999999998, 0.015746999999999994, 0.002352999999999999]
[0.6260760000000001, 0.085374, 0.12192399999999998, 0.016626, 0.11048400000000003, 0.015066000000000003, 0.021516, 0.002934]
[0.5890095, 0.12064050000000003, 0.09989050000000002, 0.02045950000000001, 0.12064050000000003, 0.024709500000000013, 0.02045950000000001, 0.004190500000000003]
[0.641277, 0.07125299999999998, 0.14172300000000002, 0.015746999999999997, 0.095823, 0.010646999999999998, 0.021176999999999998, 0.002352999999999999]
[0.6047325, 0.10671750000000002, 0.11776749999999998, 0.0207825, 0.10671750000000002, 0.018832500000000005, 0.0207825, 0.0036675000000000006]

Action: 1
[0.5425844059999999, 0.184545594, 0.028557074000000023, 0.009712926000000009, 0.166305594, 0.05656440600000001, 0.008752926000000008, 0.002977074000000003]
[0.49492988999999993, 0.23024210999999997, 0.015307110000000011, 0.007120890000000006, 0.16709511000000002, 0.07773289000000001, 0.005167890000000005, 0.0024041100000000023]
[0.5567706144, 0.17160538560000002, 0.04190746559999997, 0.012916534399999994, 0.1541213856, 0.047502614400000004, 0.01160053439999999, 0.0035754655999999975]
[0.509499991, 0.21763000899999999, 0.026815789000000024, 0.011454211000000011, 0.156165009, 0.066704991, 0.008219211000000008, 0.0035107890000000033]
[0.458792152, 0.17141684799999996, 0.014189448000000012, 0.005301552000000004, 0.24736784800000003, 0.092423152, 0.007650552000000008, 0.002858448000000002]
[0.4155734583, 0.21000754169999997, 0.004197711700000003, 0.0021212883000000012, 0.24208354170000004, 0.12233545830000002, 0.0024452883000000026, 0.0012357117000000013]
[0.4731840749999999, 0.160940925, 0.02490442500000002, 0.008470575000000008, 0.235705925, 0.080169075, 0.01240557500000001, 0.004219425000000004]
[0.43011764249999995, 0.20009135749999998, 0.013302607500000011, 0.006188392500000005, 0.2319073575, 0.1078836425, 0.007172392500000006, 0.0033366075000000033]

