Action: 0
[0.11281401333539563, 0.1000979237037551, 0.23189454853326183, 0.10009792370373448, 0.15471172093117663, 0.10018802238520738, 0.10009792370373448, 0.10009792370373448]
[0.15505570986710956, 0.09987664313415977, 0.2167288383928918, 0.09987664313415977, 0.12883223606919977, 0.09987664313415977, 0.09987664313415977, 0.09987664313415977]
[0.11316699924051896, 0.10257779392476245, 0.10554816260933972, 0.10257762885167393, 0.16581497446147056, 0.2051591832088866, 0.10257762885167393, 0.10257762885167393]
[0.125, 0.125, 0.125, 0.125, 0.125, 0.125, 0.125, 0.125]
[0.11282825793257846, 0.10007158464608666, 0.25516261318804284, 0.10007158464608666, 0.13165120564889998, 0.10007158464613203, 0.10007158464608666, 0.10007158464608666]
[0.20872217023490652, 0.1047828769702296, 0.16560598803468465, 0.10417694913808238, 0.10418116820783975, 0.10417694913809236, 0.10417694913808238, 0.10417694913808238]
[0.125, 0.125, 0.125, 0.125, 0.125, 0.125, 0.125, 0.125]
[0.125, 0.125, 0.125, 0.125, 0.125, 0.125, 0.125, 0.125]

Action: 1
[0.1032276100214257, 0.10278637066052024, 0.10278637066052024, 0.10278637066052024, 0.11482721027675326, 0.2680133263992199, 0.10278637066052024, 0.10278637066052024]
[0.102844385631743, 0.102844385631743, 0.102844385631743, 0.102844385631743, 0.11496378901038985, 0.26796989719915215, 0.102844385631743, 0.102844385631743]
[0.10164766579768023, 0.10167781822185673, 0.10164766038134962, 0.10164766038134962, 0.23432505387444677, 0.15575882058061774, 0.10164766038134962, 0.10164766038134962]
[0.125, 0.125, 0.125, 0.125, 0.125, 0.125, 0.125, 0.125]
[0.10431238129708334, 0.10431238150618218, 0.10431238129708334, 0.10431238129708334, 0.10433738044591809, 0.2697883315624831, 0.10431238129708334, 0.10431238129708334]
[0.10170621023435401, 0.10174476068847178, 0.10170621023435401, 0.10170621023435401, 0.159301328472899, 0.23042285966685927, 0.10170621023435401, 0.10170621023435401]
[0.125, 0.125, 0.125, 0.125, 0.125, 0.125, 0.125, 0.125]
[0.125, 0.125, 0.125, 0.125, 0.125, 0.125, 0.125, 0.125]

