0.125 0.125 0.125 0.125 0.125 0.125 0.125 0.125
0.07575757575757576 0.12626262626262627 0.09090909090909091 0.15151515151515152 0.0946969696969697 0.15782828282828282 0.11363636363636365 0.1893939393939394
0.09326190608043523 0.1554365101340587 0.08393571547239172 0.13989285912065286 0.11657738260054405 0.22204026677903616 0.10491964434048964 0.08393571547239172
0.07295173961840629 0.12906846240179573 0.09118967452300786 0.16133557800224466 0.08754208754208755 0.15488215488215487 0.10942760942760943 0.19360269360269358
0.09792904148343763 0.07711912016820714 0.19585808296687526 0.15423824033641428 0.0853740361650482 0.08426929958997016 0.1707480723300964 0.13446410695995092
0.06318614230749496 0.10531023717915829 0.06716402114667124 0.09477921346124248 0.12637228461498992 0.23989461821446714 0.11373505615349094 0.18955842692248495
0.07223132404246274 0.1277938809982033 0.09028915505307843 0.15974235124775413 0.09655282389965826 0.15335265719784397 0.10834698606369413 0.19169082149730496
0.12993560401049972 0.10232428815826852 0.1691016678113948 0.12278914578992223 0.11327719323992283 0.11959252149035753 0.13593263188790738 0.10704694761172708
0.07179667682102765 0.1270248897602797 0.08974584602628456 0.1587811122003496 0.10198925760776184 0.15242986771233563 0.10769501523154149 0.19053733464041953
0.07583225697932527 0.11836673903405473 0.09244237244285805 0.1420400868408657 0.08877505427554104 0.1984633167456238 0.10653006513064926 0.17755010855108208
0.09760660378786043 0.1439135620575487 0.08463654302056754 0.12952220585179383 0.10793517154316154 0.2615309358391463 0.09714165438884538 0.0777133235110763
0.06242610656612828 0.11044618854007311 0.05442275957047081 0.09628642077852527 0.15410778676666426 0.22089237708014622 0.10884551914094162 0.19257284155705054
0.09287872118849526 0.07497438939312269 0.18575744237699052 0.14994877878624538 0.1126554168077733 0.08164965240046064 0.16718169813929146 0.13495390090762083
0.108203721238327 0.0736197372659166 0.21996879709905234 0.1472394745318332 0.08150007544293575 0.07810542471344001 0.1630001508858715 0.12836261882262381
0.10422680389021463 0.1461683437955785 0.10916686983238137 0.13155150941602067 0.1096262578466839 0.22166567750749283 0.0986636320620155 0.0789309056496124
0.0592347627631602 0.10479996488866804 0.05700377678919686 0.09136407195422343 0.14778714100558235 0.2538010138729044 0.10328112481781779 0.18272814390844686
0.09052403041944003 0.07307361491689737 0.1911915984345661 0.14614722983379475 0.10955175283959952 0.09503601195029485 0.16294325475499205 0.1315325068504153
0.08840483309103583 0.07136293755541447 0.23544080717039675 0.14272587511082893 0.09967030477004968 0.07481325513866384 0.1591286995638645 0.12845328759974603
0.08535537578734732 0.06890132744279844 0.265236402576015 0.13780265488559687 0.09482704031899976 0.07021513317498022 0.15363967641722517 0.12402238939703719
0.0826517952749266 0.06671891907735038 0.2893482646398767 0.13343783815470076 0.09131896608963622 0.0676569309294109 0.14877323149486785 0.12009405433923069
0.0804112318622664 0.06491027150327529 0.3090764067683701 0.12982054300655058 0.08852077759203053 0.06568206320953214 0.14474021735207948 0.11683848870589549
0.07862534794560658 0.06346865436573061 0.3247818423945956 0.12693730873146122 0.08629892653666207 0.06411871586553682 0.14152562630209184 0.1142435778583151
0.09260529184434795 0.0747536693201363 0.2524116850595283 0.09344208665017037 0.13519176363294697 0.10055706174614377 0.13890793776652194 0.11213050398020444
0.0696458954584172 0.11219540721293965 0.15223604507912436 0.14024425901617457 0.10199922797637043 0.1602638613657243 0.09512219307184014 0.16829311081940948
0.08962673208386887 0.06751702686288796 0.2572280956322584 0.13503405372577593 0.0939988576196251 0.08451169298633364 0.15055289273605163 0.12153064835319832
0.08633005229198959 0.06366462196411275 0.30899586758657216 0.1273292439282255 0.08769387318269269 0.06942741671341572 0.1419626047975887 0.11459631953540296
0.08332293729343572 0.06154024973123839 0.33486235588258784 0.12308049946247678 0.08398534393105747 0.06521059239421331 0.1372255717887614 0.11077244951622911
0.08161851537813496 0.06040254175207587 0.34827260229134555 0.12080508350415174 0.08196307932114857 0.06352494979701677 0.13468865280239006 0.10872457515373657
0.06744127310949015 0.10951779401976246 0.18574972623234778 0.13689724252470306 0.09012245572489924 0.1531427746032681 0.09285204275588557 0.16427669102964368
0.07125324339090729 0.11192647641537948 0.13562825339650636 0.13990809551922437 0.09295627520875344 0.18554375492007727 0.09489418652608261 0.1678897146230692
0.07173337134130758 0.11206379988204405 0.120225952707184 0.14007974985255509 0.09660418251903607 0.196186630931335 0.09501061294347216 0.1680956998230661
0.0743931297765883 0.11173780786068574 0.1153325202740503 0.13967225982585715 0.09719054293408308 0.19933279913408194 0.09473422840362486 0.16760671179102857
0.11187020402187156 0.07610913219480517 0.17053045730377817 0.09513641524350645 0.1456355436995617 0.14512787822556422 0.14142667101870515 0.11416369829220777
0.10545511033116982 0.06327714795076347 0.2649940654602755 0.12655429590152695 0.10226217241853766 0.08245974604659029 0.14109859557976215 0.11389886631137426
0.10003090627335444 0.06084210660724028 0.3141358085266338 0.12168421321448056 0.08935585037902051 0.06876650628352589 0.1356688168227119 0.1095157918930325
0.13035754557923368 0.08005086291505457 0.28595796175266663 0.10006357864381821 0.11432611629449226 0.08762329127868304 0.11156342275661524 0.09005722077943638
0.10655718239690602 0.05881118402397105 0.3225802591210218 0.1176223680479421 0.08961955562215355 0.06780915696006236 0.13114016258479513 0.1058601312431479
0.09955044788001331 0.058447443428752695 0.34188298393734523 0.11689488685750539 0.08374099996839329 0.06394876440913604 0.13032907534709928 0.10520539817175485
0.11622768304456012 0.0694212264525091 0.2633472036638969 0.08677653306563637 0.13078560741707027 0.10031076200088619 0.12899914467667736 0.10413183967876365
0.12144673705720874 0.0694176666046252 0.22808343964757902 0.08677208325578149 0.15106462656646422 0.11009641722594331 0.12899252973546024 0.10412649990693779
0.10855355754810142 0.06005101196850844 0.29334313158244146 0.12010202393701688 0.10282691662297086 0.07312674294547918 0.13390479385216655 0.10809182154331519
0.10283011319780758 0.05897680247900863 0.32757562326973766 0.11795360495801727 0.08956132152429554 0.06543482308856108 0.13150946702035657 0.10615824446221553
0.11903977445872618 0.06920276674989945 0.2568672739760782 0.08650345843737431 0.13553274635137283 0.1004566290007673 0.12859320090093257 0.10380415012484916
0.107840556497623 0.05913870199716929 0.3081224368788893 0.11827740399433859 0.0978256699792591 0.07047508827606835 0.13187047878174762 0.10644966359490472
0.10300471908522363 0.05836311486968107 0.3346911782385292 0.11672622973936214 0.0876316690878819 0.0643884469671743 0.1301410352467217 0.10505360676542594
0.10046412824461602 0.05761304557196439 0.3476397286999348 0.11522609114392877 0.08428276067556802 0.06260227097099717 0.12846849266345492 0.1037034820295359
0.09913802074754852 0.057204134300011346 0.35383560716388046 0.11440826860002269 0.08299138661402278 0.061898459275961014 0.12755668155853275 0.10296744174002041
0.08304153188160888 0.1053614713776391 0.1880555684317063 0.13170183922204887 0.09269974661002629 0.15176943141642668 0.08932820399408532 0.15804220706645863
0.10253476732359815 0.0629608656675343 0.27648575004704545 0.1259217313350686 0.09238497798491613 0.08598901614580365 0.14039333329447198 0.11332955820156174
0.12183286312287805 0.07029668185937178 0.23585100119335323 0.08787085232421471 0.13831529885284866 0.10976235610466709 0.13062592375360874 0.10544502278905765
0.10932517996929769 0.059426770307520596 0.2971336138208496 0.11885354061504119 0.1012613016582847 0.07451857895690832 0.13251282811856085 0.10696818655353707
0.1036402768313523 0.058407688768812985 0.3291099868124332 0.11681537753762597 0.09014224473396938 0.06651015714297774 0.13024042838896505 0.10513383978386338
0.0839966028392704 0.10523592630857051 0.17987472383187297 0.13154490788571316 0.09592722813895209 0.15634495792332484 0.08922176360944023 0.15785388946285575
0.1029112898174647 0.06295543960341644 0.27172423114763367 0.1259108792068329 0.09580598590735893 0.08699114904979424 0.1403812339813495 0.11331979128614961
0.13846306174444678 0.07971042531450605 0.26558471959054986 0.09963803164313255 0.12214877359284547 0.0936917900276105 0.11108896960808957 0.0896742284788193
0.11332629294037369 0.058108334558704566 0.3113500444545506 0.11621666911740913 0.09673146965427151 0.07009927388886628 0.12957291318015612 0.10459500220566821
0.10468704418970674 0.05769580334917962 0.3355615484202545 0.11539160669835924 0.08915843784317962 0.06500008331605925 0.1286530301547378 0.10385244602852331
0.08472261099063855 0.10479263861249424 0.18184058473116527 0.1309907982656178 0.09643242856102249 0.1551860481836403 0.08884593273667991 0.15718895791874135
0.10354625731735476 0.0627362997723613 0.272453466179835 0.1254725995447226 0.09640445373142968 0.08656899899851242 0.13989258486553396 0.11292533959025033
0.1394495726163785 0.07942491216447466 0.26551791189369806 0.09928114020559332 0.12295597421251274 0.09332640043338616 0.11069106228892268 0.08935302618503399
0.11350440656719947 0.057997033945631264 0.3111266956264164 0.11599406789126253 0.09771959295346656 0.06993881248885321 0.1293247294250345 0.10439466110213629
0.10466167111162705 0.057621224735397235 0.33533074983202893 0.11524244947079447 0.09003012454038975 0.06490884480890784 0.1284867309771395 0.10371820452371501
0.10112329529528069 0.05704669553266399 0.3473066800727867 0.11409339106532798 0.08717934595602535 0.06336092351344849 0.12720561660567165 0.1026840519587952
0.08369861984496693 0.10447377953280892 0.1855001422532597 0.13059222441601115 0.09635983468853973 0.15408913427434048 0.08857559569085975 0.15671066929921337
0.0804859756219528 0.10668138656069295 0.1333535349870334 0.13335173320086618 0.09975220479402033 0.19590582247554647 0.09044726251884838 0.16002207984103942
0.10486092688636804 0.06408493962267736 0.24628380276288384 0.12816987924535472 0.09935759776771846 0.09899011195196947 0.1428998504422089 0.11535289132081925
0.10625977137414545 0.0600175988395143 0.3040940813790781 0.1200351976790286 0.0936430615247485 0.07408832373081535 0.1338302875615438 0.10803167791112572
0.0855962393613471 0.10499525167614852 0.17153610969036343 0.13124406459518564 0.0984819103774404 0.161635833407688 0.08901771337760418 0.15749287751422275
0.10480923557636816 0.06278319356478931 0.26654898799631815 0.12556638712957863 0.09716775467082604 0.09011754162192387 0.139997151023575 0.11300974841662077
0.09845408321460805 0.12123523406575348 0.18312640525681229 0.15154404258219184 0.08591038263051323 0.14625041835172914 0.07708979557441933 0.13638963832397263
0.12468976701786191 0.07192087742556184 0.19614844680488286 0.08990109678195231 0.14308986180145086 0.13272461553020926 0.13364401849973806 0.10788131613834277
0.11406077799983418 0.060074916210781634 0.2755909569867016 0.12014983242156327 0.10640051503845567 0.08163005541861823 0.13395809674463846 0.10813484917940694
0.10769979639164023 0.05857005647327446 0.3177078559332042 0.11714011294654891 0.09371115039548247 0.06914244207202724 0.1306024841359284 0.105426101651894
0.10385203812520227 0.05739921164502842 0.3385604714684372 0.11479842329005684 0.08868770983546641 0.06539188975285865 0.12799167492189917 0.10331858096105115
0.10171729971662531 0.056774194611911716 0.3486363043905095 0.11354838922382343 0.0865262026280924 0.06400607890342336 0.12659798022417326 0.10219355030144107
0.13599587188002604 0.07633178705305456 0.2986231721223691 0.09541473381631821 0.11565006393326129 0.0857308030576131 0.10638030770267118 0.08587326043468638
0.09241444777124129 0.1024568953445508 0.1686395662166993 0.1280711191806885 0.10339674295378433 0.16447025685452538 0.08686562866168437 0.15368534301682618
0.10712332202705041 0.06253972132319517 0.2643383948526705 0.12507944264639034 0.09832193047746281 0.09057144602751885 0.13945424426396055 0.11257149838175132
0.1066707408935057 0.05925800979537293 0.3127646689538758 0.11851601959074586 0.09238444629476082 0.07160517947545991 0.1321365173646077 0.10666441763167125
0.10401766328739953 0.057612161562350106 0.33627996663310394 0.11522432312470021 0.08860663922464179 0.06609083390161763 0.12846652145395676 0.10370189081223018
0.10204188493320385 0.056843569560953384 0.3475435814674755 0.11368713912190677 0.08659762155241266 0.06421510214826547 0.12675267600606618 0.10231842520971607
0.1009024203371235 0.05648732939231071 0.35291336591526234 0.11297465878462142 0.0856026296378899 0.06348408942646543 0.12595831360016743 0.10167719290615929
0.11997377447038685 0.06736474547256555 0.26573169507605016 0.08420593184070692 0.13575384937855248 0.10074511224939113 0.12517777330349864 0.1010471182088483
0.1268905317475827 0.06718798630645106 0.22623405982255118 0.08398498288306384 0.15768442441922914 0.11238671752333863 0.12484931783810684 0.10078197945967661
0.09007488987592517 0.1024874057500171 0.1448366708963087 0.12810925718752136 0.11681943572337272 0.17704973576246688 0.08689149617936232 0.15373110862502562
0.10742460048860275 0.06308428132017033 0.2511352810494994 0.12616856264034065 0.10393446321575676 0.09403257312972 0.14066853177960367 0.11355170637630659
0.10741921952374547 0.059566611994327785 0.3059632865898761 0.11913322398865557 0.09520493223830022 0.07266816986705743 0.13282465420824735 0.10721990158979003
0.10459062859157175 0.05773056946845675 0.33282207880039877 0.1154611389369135 0.09030629540169847 0.06644371034598574 0.1287305534117528 0.10391502504322216
0.12186802236148368 0.06767401289161927 0.25718498104805765 0.08459251611452409 0.13935025566485754 0.10206673579088561 0.12575245679114327 0.1015110193374289
0.12773824569322278 0.06717379508048016 0.22232853667061053 0.0839672438506002 0.16040953045697737 0.11279900805246687 0.1248229475749221 0.10076069262072024
0.13002582825215434 0.06722061087957318 0.20655270839120232 0.08402576359946647 0.17012945511934308 0.11630477632685819 0.12490994111204269 0.10083091631935975
0.09090547922496577 0.10234802428310029 0.13843203374133434 0.12793503035387535 0.12132127711349261 0.17876279392290914 0.08677332493567198 0.15352203642465043
0.10795032932699654 0.06316927470688727 0.24739606469422343 0.12633854941377454 0.10601228146481538 0.09457075157450348 0.14085805434640236 0.11370469447239707
0.14345957881121085 0.07935307081310013 0.25287460404990825 0.09919133851637515 0.12828856673628017 0.09696969630132478 0.11059094010706305 0.08927220466473763
0.11701943023384563 0.05782581230010262 0.3037956765710331 0.11565162460020524 0.10085211284826431 0.07182595059538918 0.1289429307109751 0.10408646214018473
0.1073637495136093 0.0574048737731536 0.3310680492815129 0.1148097475463072 0.09200761508601527 0.06601289138520072 0.12800430062252457 0.10332877279167647
0.13917189515488693 0.07649474460058163 0.29019595461756703 0.09561843075072703 0.1194012310799218 0.08645374153738801 0.10660741458327327 0.08605658767565433
0.11379739993188767 0.056687949969925114 0.32256346391838014 0.11337589993985023 0.09667630147096166 0.06845500727825209 0.12640566754487778 0.1020383099458652
0.08790849849667247 0.10378510337485755 0.1771849469697187 0.12973137921857195 0.10005866804045907 0.1576620307587502 0.08799171807868358 0.15567765506228634
0.12003612564369977 0.07894103079016854 0.19159656595681898 0.08823805940958326 0.14922272116932045 0.13490802398973747 0.13117180174917156 0.10588567129149992
0.11267918995081534 0.06506614496689642 0.27199504430015264 0.11901849612520016 0.10968435359255584 0.08174338334942405 0.1326967412022754 0.10711664651268014
0.10739251832581348 0.06255567131293224 0.31511135972486665 0.11624708226753679 0.09562721672864334 0.06883695602651393 0.12960682157291042 0.10462237404078312
0.10381959051491282 0.06115690073471904 0.33660937704020955 0.11390886082148242 0.09000346413173746 0.06498395286290679 0.12699987915469757 0.10251797473933419
0.121085174586993 0.07190172651310334 0.25818413768797016 0.08380328511206234 0.13899956374841632 0.10088295831904862 0.1245792118979315 0.10056394213447482
0.10954900226542771 0.062337459351644 0.30635037759696115 0.11477373654837336 0.1034655464151955 0.07226336388164611 0.12796415104721626 0.10329636289353603
0.12361412345238541 0.07228007596120438 0.24497450552076483 0.08414841876373215 0.145370735270338 0.10354176226333962 0.12509227625175703 0.10097810251647858
0.11091104758097654 0.06269438464186504 0.2994162265702713 0.11539069540027777 0.10590447383383267 0.07317953198714235 0.1286520141253843 0.10385162586024999
0.12425176206294226 0.07240922321571938 0.24199316019740502 0.08427203479782998 0.14671382546674286 0.10395751271295164 0.12527603978901292 0.10112644175739598
0.11124693832779903 0.06278394117950632 0.29785026291182104 0.11554218478107157 0.10641395815175547 0.07335383486529029 0.12882091347979174 0.10398796630296443
0.10561919745714445 0.061500660832620645 0.32779918894466953 0.11451320855003427 0.09358464570414088 0.06624752904490343 0.1276736817714561 0.10306188769503086
0.10265964616281678 0.060660469838859206 0.3427309939692703 0.11308751431031895 0.08894799510390738 0.06405047864627428 0.12608413908926605 0.10177876287928708
0.1362750960046692 0.0811144198103468 0.29487428817927075 0.09458151072339427 0.1174046927201782 0.08517530677619697 0.10545132613488883 0.08512335965105483
0.10551421197652656 0.12690954211726999 0.19045921303886765 0.1444276787566433 0.08982027100557012 0.1394144399870685 0.07346973223707508 0.12998491088097897
0.12614630103059757 0.08040439791471499 0.19716448061403063 0.08773830102278861 0.14420225648317966 0.1286294243660028 0.13042887734133948 0.10528596122734632
0.1306587874884687 0.07420711487627173 0.1962313463030481 0.08469465177932585 0.16452160563603355 0.12214862346493184 0.12590428831672917 0.10163358213519101
0.0907158814200038 0.11045666692242148 0.13434783268305234 0.12682266094074748 0.1190866212408763 0.18036429537375562 0.08601884829024611 0.15218719312889695
0.08113842892004963 0.11665699760263636 0.1150114305378285 0.12950363017127794 0.10577236015418927 0.20867555159666148 0.08783724481182331 0.15540435620553353
0.07859319897469942 0.1172795097879775 0.10870327988706961 0.12950608533258157 0.1015477121981101 0.22112400136879995 0.08783891005166401 0.15540730239909786
0.10531766368408338 0.07233726478047806 0.23072135300553653 0.1277404908517962 0.1016323550193811 0.10486331646480716 0.14242111442730113 0.11496644176661658
0.0858425549662262 0.11332828598859616 0.1470738260322532 0.1307731616938983 0.10184974313938464 0.1755063157806673 0.08869831836629624 0.15692779403267795
0.10584110996031477 0.0707603116487503 0.25187195643002225 0.12541623891355994 0.09995861863466537 0.09344740242267863 0.13982974696780487 0.11287461502220393
0.10674863352112161 0.06401518253966108 0.3058232626147218 0.11834327415251908 0.0943780986140616 0.07223868272821225 0.13194391909243544 0.10650894673726717
0.13971116948637372 0.0826356255432193 0.2784131173865827 0.09606854250875954 0.12107034018634232 0.08853026102778906 0.10710925560304983 0.0864616882578836
0.11421209766403471 0.06222846098093959 0.3160631741644919 0.1131508819816721 0.09746241490580981 0.06889238720565297 0.1261547893138941 0.10183579378350488
0.14169999475791228 0.08161667473456939 0.28217890320576516 0.09500749985397235 0.12122326051605437 0.0868406448379017 0.10592627222524974 0.0855067498685751
0.11456747216857108 0.06196768981833182 0.3178120791779106 0.11277939802187528 0.09726592905141943 0.06836536112079981 0.12574061242140422 0.10150145821968774
0.10566126846265184 0.060765683182534815 0.3374563363348936 0.11320351846684108 0.09024090755780485 0.06457564430835523 0.12621347506676164 0.10188316662015699
0.13765191828745924 0.08118058539126144 0.29233894895890944 0.09464782424685968 0.11809779852935695 0.08537462199919724 0.10552526076478236 0.0851830418221737
0.11285948604144323 0.0616851532830707 0.3230402018046921 0.1123102129179339 0.09600800585367794 0.06780024242871832 0.12521750604432333 0.10107919162614051
0.08720166732467663 0.11040493851680472 0.17666183024184057 0.12858135269171608 0.09940806043240943 0.15623282747593795 0.08721170008655527 0.1542976232300593
0.10476757767066111 0.06947918271783646 0.2676380161668916 0.12343025135169063 0.09783061485387246 0.08815161197817861 0.13761551904434757 0.11108722621652156
0.12373121904364438 0.07425876461898975 0.22969734293271638 0.08589178441592252 0.14536914798191922 0.11029769332223993 0.12768390638546093 0.10307014129910702
0.11183029251469721 0.06338610607122755 0.2916693095803469 0.11645167141341072 0.10686996258075303 0.07515123036478197 0.12983492320271314 0.10480650427206965
0.1061407599161414 0.06174483544264326 0.324762217483615 0.11490427936023163 0.09411232840027789 0.06681203143244478 0.12810969654043736 0.10341385142420847
0.08561953742351242 0.11072062508269541 0.1773168491222766 0.12897798480372819 0.09901327161016556 0.15609743006540183 0.08748072012774608 0.1547735817644738
0.10427125876185248 0.06952014680752595 0.26807604645698957 0.12347327896947582 0.09773861751169992 0.08813120879276619 0.13766349162716185 0.11112595107252825
0.10544327535450052 0.06338010674408875 0.31392801063287307 0.11728970506008522 0.09303237717426295 0.07059652230118207 0.13076926817893084 0.1055607345540767
0.12244575644592544 0.07261446162995053 0.24880430745371832 0.0844645448515127 0.14143758613209428 0.10331367075139151 0.125562218913592 0.10135745382181524
0.08878995944422331 0.11038779861768412 0.15148283030507156 0.12693916456679202 0.1123625671547442 0.1716128142903797 0.0860978681409546 0.1523269974801504
0.10623352452612943 0.07008616030720988 0.2535991149647562 0.12448839137525415 0.10255516556043948 0.09220282482353474 0.13879526620494753 0.11203955223772873
0.10671341076874868 0.06384127326094001 0.3065614961381207 0.11809014058649044 0.09498359984735959 0.07186725881362095 0.13166169405687814 0.1062811265278414
0.08593543679420176 0.11137186934147505 0.1715191518852076 0.1294956788067415 0.09949848337142209 0.15895271352046356 0.0878318517123986 0.15539481456808982
0.11938955200843081 0.07954975455810803 0.1890169178682636 0.08822668231030077 0.1493002863197823 0.13748989923579918 0.1311548889269546 0.10587201877236094
0.1280810513623574 0.07404941263679635 0.19236837374170523 0.08457827313012399 0.16697464881575885 0.12672302891889525 0.12573128363821418 0.1014939277561488
0.11464188778336508 0.06408357604320311 0.2711731427576175 0.1177180774104391 0.11456000302975539 0.08063017192473507 0.13124687138148958 0.1059462696693952
0.10064865495067138 0.12740245157647068 0.18331427014650578 0.14807897601634554 0.0905487805697096 0.14140865704770597 0.07532713127788013 0.133271078414711
0.08399600481614425 0.11913017429936419 0.1308975686307049 0.12996453117482917 0.09774502782089323 0.19415939992099374 0.08814985592727544 0.15595743740979498
0.07926683956572328 0.11746270626941271 0.1135897441129719 0.12933966972433358 0.09919384856967817 0.21821355123217556 0.0877260368565045 0.15520760366920025
0.1179923934851417 0.08083015115457241 0.1635366808257706 0.08914532856211886 0.1505252379471438 0.15847529547030642 0.13252051828040357 0.10697439427454265
0.08705534910767931 0.1110049686024569 0.12319197791318516 0.12664881647351636 0.11431311792707383 0.19990625381713603 0.08590093639073283 0.15197857976821963
0.10683325927162111 0.07087765960807157 0.2376797771485627 0.12578069596484986 0.10429385896441187 0.1010960332924121 0.14023608938170573 0.1132026263683649
0.1250381097057424 0.07475058242725846 0.216710274207624 0.0863512281346366 0.148910877520007 0.11625055391167805 0.12836690033148962 0.1036214737615639
0.11278090158486316 0.06370261313772745 0.2847056650493103 0.11696107189020824 0.10842781553084219 0.07775410138647976 0.13040286671938142 0.10526496470118742
0.08725876553819167 0.11096518094177772 0.1641852634423564 0.1290139063607836 0.10336645385541936 0.16288865791426055 0.0875050843142706 0.1548166876329403
0.13805735682876583 0.09156140278010395 0.21377020338609412 0.1015817358232305 0.13045916354824932 0.11989052067630063 0.11325605471634805 0.09142356224090746
0.11710423002709967 0.06495062482845189 0.2830991949722608 0.11709696969814892 0.10318255756952957 0.07862476754256745 0.1305543826336078 0.10538727272833404
0.10814211368734547 0.06205608277145697 0.3204213267708284 0.11528784009704826 0.09339513925238865 0.0684011031955366 0.1285373381380523 0.10375905608734343
0.10374593265253625 0.060857286296718556 0.33907131417470115 0.11338442100728018 0.0892556932084966 0.06522420585455353 0.12641516789916163 0.10204597890655216
0.10155254264061986 0.06022708411499379 0.3481623804974029 0.11233013941492183 0.08737573075552295 0.0640152745016964 0.12523972260141283 0.10109712547342964
0.11984487139608561 0.07146587760149788 0.26284039338428145 0.083354017849499 0.1375723987718389 0.10098627363993415 0.12391134593746418 0.1000248214193988
0.1263338592873901 0.07201344185675042 0.22383044910520428 0.08288275382620852 0.15943966669019383 0.11282974432802091 0.12321078031478162 0.09945930459145022
0.12898355016582214 0.07219621290709405 0.20626634439958763 0.08304115307811669 0.16945472513780047 0.11696237917634004 0.12344625144149883 0.09964938369374
0.09002694256438101 0.10965197372104277 0.13725403911861428 0.12610366531886322 0.1204551738464315 0.1796526253534982 0.08553118169453332 0.15132439838263584
0.10702837508838386 0.0702343447930996 0.24525885607264458 0.1247796287746663 0.10536983967874039 0.09590731552410783 0.1391199741711578 0.11230166589719966
0.09890764980308409 0.1293657437837662 0.17416256808046812 0.14952137924273176 0.08857868564080805 0.14883385660285886 0.07606087552782441 0.13456924131845857
0.10856727522924856 0.07079420977059976 0.26605417222163913 0.12337649463946367 0.09468749155408 0.08792592708754209 0.13755558432190948 0.1110388451755173
0.08648741877875733 0.11260999523971925 0.1583012856625371 0.1300531155591491 0.09953649544078766 0.16873801139925637 0.08820993924881418 0.15606373867097892
0.08017987493561532 0.11706738758139956 0.12257471186322033 0.12969935094946536 0.10011329840983721 0.20675616056407503 0.08796999455702868 0.1556392211393584
0.10490958783879399 0.0716039863904999 0.2379930444008712 0.12635961393131243 0.1003785025119997 0.10415007267686355 0.14088153971147815 0.11372365253818116
0.12436366070771211 0.07482896298676792 0.21692090444635934 0.086374127437605 0.14722553064217347 0.11823691917089099 0.12840094168336505 0.103648952925126
0.10263407697167018 0.12726121016822237 0.1623552078120153 0.14600537536644664 0.09842734286218996 0.1576396493467221 0.07427229964293156 0.13140483782980197
0.12520264262809266 0.08047048968381328 0.18431317969567357 0.08775430526004732 0.1483613937321111 0.1381401539732693 0.13045266871493602 0.10530516631205677
0.10298609565878823 0.12837784156693757 0.15042885410308862 0.1464528124566539 0.09880697258501261 0.16663998347318926 0.07449990894534134 0.13180753121098848
0.08397636454424774 0.11833054561214518 0.11975977094400313 0.12891795660380587 0.09952044121689478 0.20735336780566788 0.08744000534866835 0.15470154792456706
0.10623546487054426 0.07173123963290663 0.2362775888496835 0.12641335462737666 0.10026519796915384 0.10436367830860606 0.1409414565770901 0.113772019164639
0.10751342540749749 0.06444737048857266 0.2977708474107332 0.11901036033369554 0.09505226828715513 0.07640873337012355 0.13268767040189636 0.10710932430032598
0.10472109683390758 0.061806216788896674 0.3281861236368309 0.11490151933582228 0.09074887786778245 0.06811817881532711 0.12810661931919287 0.10341136740224004
0.08504940610296988 0.11039690864966464 0.17809766299414137 0.12857207038215054 0.09775004372220186 0.1586420194310931 0.08720540425919777 0.15428648445858065
0.10382510646211902 0.06925914286271179 0.26816893536507724 0.12296840390863555 0.097159588530038 0.09084666574207827 0.13710059361156826 0.11067156351777199
0.1402024052133469 0.08428342339118897 0.26150724554796595 0.09748213805796958 0.12366306508361573 0.09644248930552637 0.10868530914821385 0.08773392425217262
0.11513650452353454 0.06275913935354321 0.30741525896111 0.113910609319064 0.09888946972100454 0.07236764113557004 0.1270018285990161 0.1025195483871576
0.08766691191821536 0.11040476916791851 0.17135636352743883 0.12843580686483486 0.10018919839470598 0.1607109998416315 0.08711298204745321 0.15412296823780183
0.10492441599347026 0.06942219902762492 0.26441545656107085 0.12325487096214661 0.09810583824398977 0.09152785234767073 0.1374199829980948 0.11092938386593194
0.10566952764035793 0.06333483887483501 0.3119129041550699 0.11718907580915029 0.0931674558526422 0.07259895536592538 0.13065707407378396 0.10547016822823527
0.08539611375097077 0.11084191760670951 0.17287325368842585 0.1289135445888747 0.09862688049813453 0.16121502350865047 0.08743701285158458 0.15469625350664962
0.07975340215032826 0.11654361276753877 0.12696182540064355 0.12927844182296927 0.09966340061741255 0.20498067868666092 0.0876845083668835 0.15513413018756309
0.1045436743232717 0.0714044206703892 0.2404139486547362 0.12606053087905514 0.1000344030955487 0.10354046015800743 0.14054808442784208 0.11345447779114963
0.08527580546104375 0.11254076803504943 0.14968877329071367 0.12992631353281955 0.10095770840621304 0.17757512063860387 0.08812393439617325 0.15591157623938343
0.1193655314982728 0.07978469652204237 0.1792128256841829 0.08837730772764231 0.15025124562383613 0.14557681994438754 0.1313788037264653 0.10605276927317077
0.11292808560444426 0.06528705975269616 0.26501699866604234 0.11926794401813164 0.11072936939642306 0.08645453595856456 0.1329748569873796 0.10734114961631848
0.1432930626831268 0.08332756833701133 0.2589491275400398 0.09673782332646266 0.12813242775429398 0.0946404955967898 0.10785545376845913 0.0870640409938164
0.1347512368295625 0.07271531727225103 0.22183925044507755 0.08256209381732663 0.1549810932563131 0.11134239812396472 0.12273409767471244 0.09907451258079196
0.11517149429964772 0.06295804433381032 0.2865341465792027 0.11575537315659877 0.10952782819755101 0.07681467498332636 0.12905860260892427 0.10417983584093889
0.10721646137511102 0.061667775545398644 0.32191557120208736 0.1147836589100095 0.09490171004583733 0.06823431616258172 0.12797521373996582 0.10330529301900854
0.13875440462068675 0.08154330857127791 0.2851412454301557 0.09498108188597183 0.12026585795736296 0.08793430967475083 0.10589681816241935 0.08548297369737465
0.11343327279674151 0.0617891989969996 0.31927048182084045 0.11243120392874492 0.09683800330664666 0.06969735362195889 0.1253524019921977 0.10118808353587044
0.10515278039640562 0.060611270240323895 0.33810195171169344 0.11291454836959272 0.090000833516494 0.06570422725959466 0.12589129497326232 0.10162309353263346
0.1372426681540143 0.08098895166111282 0.2924709193036958 0.09442268605881306 0.11785543420411494 0.08676467467884959 0.1052742484864677 0.08498041745293175
0.11261241520172893 0.061541340221389434 0.32298499946169384 0.11203666205816123 0.09585659069462169 0.06922247926013975 0.12491251724992006 0.1008329958523451
0.12407022791979652 0.07165480653380261 0.2516903589969945 0.08344845330613118 0.14149756615728934 0.10344871253220067 0.12405173058642786 0.10013814396735742
0.11059995148515774 0.06227058669701231 0.30265256587623 0.11463695437188445 0.10454501668704266 0.07431001681992061 0.12781164912805626 0.103173258934696
0.1238420232149809 0.07209966554857491 0.24307409466894953 0.08392628506062105 0.14593850104800687 0.1056458288034669 0.12476205958265457 0.10071154207274527
0.11093427769550034 0.06255229257214417 0.29818725696635096 0.11511011113219483 0.10620524131103284 0.07507253669820532 0.1283391836055963 0.10359910001897533
0.09914451979931135 0.12645331077162403 0.19272137118273303 0.1471592459075861 0.08797905262045785 0.13923990983107926 0.07485926857038078 0.1324433213168275
0.08343958498964099 0.11868951961929372 0.1336307971074545 0.12954838613028202 0.09676756591073533 0.1945984818587593 0.08786760102749565 0.15545806335633844
0.13766992788432436 0.09315607293846481 0.19916343136194226 0.10257886279603443 0.1290794300521408 0.1316635215720987 0.11436777687856375 0.09232097651643097
0.11773124569748443 0.06549807689664816 0.2754022191385581 0.11789299976835589 0.10344713433024329 0.08248272762053034 0.13144189675665946 0.1061036997915203
0.12732227470085514 0.07298415379288256 0.2317807819781073 0.0846963396799445 0.14646996625117475 0.10920407848673723 0.12590679749436526 0.10163560761593339
0.12955487151401812 0.07243869893825382 0.21019853280643555 0.08324681828112702 0.16395711741767507 0.11695579252602974 0.12375198657910823 0.09989618193735242
0.09006626275254823 0.10951522663173426 0.1383662952865819 0.12590098078439535 0.11863847306992241 0.18103787582760575 0.08539370870593772 0.1510811769412744
0.10632820160621585 0.07574961536752774 0.24470345437953234 0.12342326400808147 0.10422618590574716 0.09688061244795512 0.13760772867766694 0.11108093760727332
0.10664367554441001 0.06809222254669779 0.3013267339719264 0.11756277802463737 0.09537737137391307 0.07411699416041473 0.13107372415582702 0.10580650022217362
0.12257168573661359 0.07692041074615395 0.2428722124762789 0.08403404519739376 0.1421049146823664 0.10573362466073272 0.12492225226358832 0.1008408542368725
0.11027521015925719 0.06681531050271762 0.2977193524506557 0.11456565130716446 0.10488605498482931 0.07489718288691 0.12773215153201767 0.10310908617644801
0.08598071984218615 0.11657964551508646 0.16759175850261948 0.12757773779910697 0.10151753976820033 0.16112832583708686 0.08653098737678558 0.15309328535892833
0.0791067258722194 0.12664855171181982 0.12431231426918629 0.12754909435880848 0.09957544008935726 0.20323740081597702 0.08651155965206142 0.1530589132305702
0.10383185662489194 0.0788405270643541 0.23780973103031247 0.12504800796614268 0.09959105806124742 0.1029164151421669 0.1394191969413561 0.11254320716952841
0.10633465328109358 0.06882957116672668 0.2980825229973694 0.11823861243098369 0.09448452554211338 0.0757881343103282 0.13182722908349973 0.10641475118788532
0.13911132971844148 0.08752372061136818 0.2741094749429679 0.09550448966646394 0.12074069000535861 0.09057587557819659 0.10648037877738592 0.08595404069981753
0.09217214074450036 0.11881707194687262 0.15863493845555518 0.12468208103849704 0.10493425605556521 0.16657403780844116 0.08456697670437191 0.14961849724619644
0.1387061631596183 0.09971909328329068 0.20909392450671085 0.09998140366071114 0.12977268126648656 0.12127166704563015 0.11147180378291226 0.08998326329464001
0.11702894729841397 0.07062900447100165 0.27975796186609053 0.11624202608471715 0.10271591101313012 0.07940714148400757 0.12960118430639359 0.10461782347624542
0.10791315412039018 0.06596134539397827 0.31828659519686126 0.11473991900648332 0.09306637665054777 0.06884023551419832 0.12792644701170602 0.10326592710583499
0.10342876588305185 0.06433448655036433 0.33764892731167784 0.11282378744848184 0.0889321640557947 0.06550035672756903 0.12579010331942678 0.10154140870363368
0.10117812018496024 0.06355366623360367 0.3471257715517388 0.11174290805816425 0.08702816166086216 0.06421775159645941 0.12458500346186373 0.10056861725234782
0.11926213920012622 0.07529067700325721 0.2620081695425017 0.08283803013280575 0.13687722366369784 0.10117382875753596 0.12314429554070824 0.09940563615936689
0.14322048913140348 0.08729812735871022 0.25422676011089324 0.09379692811786888 0.13557993551860295 0.09688394937577038 0.10457657508066874 0.084417235306082
0.1157537461948123 0.06723652609193631 0.30255502277878016 0.11288437839106424 0.10197773698808549 0.07213899130466972 0.12585765769869403 0.10159594055195782
0.10630791234486799 0.0647199771635708 0.3294408196036483 0.11319267071859263 0.09180012224693608 0.06646371363865282 0.12620138063699804 0.10187340364673335
0.08496569770081035 0.11605488702706997 0.17792490375716571 0.12745254329425618 0.0974823332897339 0.15673051013479564 0.08644607284306072 0.1529430519531074
0.10316372523808416 0.07552221718282352 0.26704383897834555 0.12175597535128031 0.09652618207199339 0.09065885711146027 0.1357488262498603 0.1095803778161523
0.08431241379947117 0.11898470874380705 0.1575400617089132 0.12837892167754042 0.09914716561638233 0.17050762338998396 0.08707439905085351 0.1540547060130485
0.10392582372961605 0.07662447282394902 0.25604405823584986 0.12299275256916832 0.09792656228883023 0.0946651124893369 0.1371277405509981 0.11069347731225149
0.12295086538356013 0.0791764596178331 0.2239992178778442 0.08528614130493728 0.14487898260306975 0.11458138642337183 0.126783577223459 0.10234336956592473
0.11131704442891968 0.06768873146440639 0.28789193224876547 0.11562054833963226 0.10655791642095801 0.07795705059208902 0.12890828299956011 0.10405849350566902
0.0862227127631754 0.11676788509077869 0.1643399685775016 0.1275980125972992 0.10200373439152566 0.1634053324839227 0.08654473897903772 0.153117615116759
0.1041456529535556 0.07603258948733096 0.2595743975430878 0.12244619214402346 0.09839309921750868 0.09268812925981942 0.136518366465053 0.1102015729296211
0.10527203067872891 0.06766152048974317 0.3089715079177253 0.11671913118309056 0.0931055139644287 0.07308995681528013 0.13013312088622184 0.1050472180647815
0.09687358049300171 0.13362996520546971 0.19565552039194023 0.1460632411821758 0.08397967873282866 0.1380393611988232 0.07430173573180249 0.13145691706395823
0.0943305305488556 0.15009500572553783 0.15353426394724792 0.14681116427205665 0.08154976499968933 0.16686702170597625 0.07468220095578534 0.13213004784485097
0.10737559090927813 0.08069555322282117 0.25376680659490997 0.12317246217908416 0.09284784743698532 0.09395842034085644 0.13732810335488935 0.11085521596117573
0.10663729057312893 0.06848246058119495 0.30611635431278206 0.1171907824510083 0.09182745388544862 0.07361497713843522 0.13065897685209432 0.10547170420590747
0.10370659081559468 0.0651143666016151 0.33188212891655733 0.11371814234592949 0.0891775158530825 0.06726768506870628 0.1267872422871781 0.10234632811133655
0.08425655862984835 0.11609383519380563 0.17860524279233886 0.12740693081315102 0.09662811874094084 0.1577058611721707 0.08641513568196331 0.15288831697578123
0.10287272081114968 0.07547783310487874 0.2673802516538155 0.12165220392032845 0.09622229865719896 0.09127457947584744 0.13563312884848558 0.10948698352829558
0.0965081770906774 0.13628678925449228 0.18064046527512717 0.14704376773638514 0.08511077932153834 0.1472701050322632 0.07480052532676983 0.1323393909627466
0.10666206368168578 0.07786413175264065 0.268222811564161 0.1213667283082742 0.09264913876197668 0.08869022560861972 0.13531484484519526 0.10923005547744678
0.10563622010033454 0.06758585123281158 0.31329779428193166 0.11617276711238338 0.09109047112610141 0.0721374400244709 0.12952396572082145 0.10455549040114503
0.08482304561594844 0.11683000172776689 0.17257794187745826 0.1276953877712576 0.09731263402030196 0.16091573891255698 0.08661078474920082 0.15323446532550913
0.10333488214338453 0.07577786040100136 0.26412185596844645 0.12200225391995352 0.09668093714942638 0.09225677341489644 0.13602340847493327 0.10980202852795819
0.10478718477374036 0.06746696318488618 0.3112716742257349 0.1164148004729971 0.09241458578522468 0.07307765627600481 0.12979381485571467 0.1047733204256974
0.10285457391915122 0.0647930253963775 0.33438760172516113 0.11334069878963594 0.08909940779224547 0.06715164257741604 0.1263664208893404 0.10200662891067235
0.10113300903356728 0.06369146813672906 0.3455645488652736 0.11188847040761819 0.08718874339953385 0.06508684217177861 0.12474729461864298 0.1006996233668564
