0.125 0.125 0.125 0.125 0.125 0.125 0.125 0.125
0.125 0.125 0.125 0.125 0.125 0.125 0.125 0.125
0.12326388888888887 0.12326388888888887 0.13715277777777776 0.12326388888888887 0.12326388888888887 0.12326388888888887 0.12326388888888887 0.12326388888888887
0.12138310185185185 0.12138310185185185 0.13662229938271606 0.12138310185185185 0.12138310185185185 0.13507908950617284 0.12138310185185185 0.12138310185185185
0.11975523171859935 0.11975523171859935 0.1349354872055678 0.11975523171859935 0.11975523171859935 0.14653312248283604 0.11975523171859935 0.11975523171859935
0.11783156361318088 0.11783156361318088 0.13282439552491063 0.11783156361318088 0.131137700470803 0.14688008593838195 0.11783156361318088 0.11783156361318088
0.125 0.125 0.125 0.125 0.125 0.125 0.125 0.125
0.11740830548006204 0.11740830548006204 0.1312971943689509 0.11740830548006204 0.1312971943689509 0.15036408386178815 0.11740830548006204 0.11740830548006204
0.12291160994636405 0.12291160994636405 0.12291160994636405 0.12291160994636405 0.12291160994636405 0.1396187303754516 0.12291160994636405 0.12291160994636405
0.12893428453230615 0.11527743898271015 0.12893428453230615 0.11527743898271015 0.12893428453230613 0.15208739047224099 0.11527743898271015 0.11527743898271015
0.1275373962290094 0.1132113646143087 0.13877111778997198 0.1132113646143087 0.1275373962290094 0.15330863129477446 0.1132113646143087 0.1132113646143087
0.12109936072883634 0.12109936072883634 0.12109936072883634 0.12109936072883634 0.1352701825320596 0.13813365309492237 0.12109936072883634 0.12109936072883634
0.12652855774080077 0.1130730732153745 0.13707964199719536 0.1130730732153745 0.12810309349671448 0.15599641390379157 0.1130730732153745 0.1130730732153745
0.11935522636185886 0.11935522636185886 0.11935522636185886 0.11935522636185886 0.13358890341704935 0.15027973841179748 0.11935522636185886 0.11935522636185886
0.12497793602543031 0.111716244207446 0.1431837993169034 0.111716244207446 0.12655945569822924 0.158413832129653 0.111716244207446 0.111716244207446
0.11802157863770424 0.11802157863770424 0.11802157863770424 0.11802157863770424 0.13208374038195195 0.1597867877918227 0.11802157863770424 0.11802157863770424
0.12384913037992137 0.1107356216423987 0.14740938154774066 0.1107356216423987 0.1254115927959489 0.1603874087067945 0.1107356216423987 0.1107356216423987
0.11702836949019514 0.11702836949019514 0.11702836949019514 0.11702836949019514 0.13096299091196725 0.1668667921468619 0.11702836949019514 0.11702836949019514
0.12304939970466956 0.11004624753909233 0.15026985993196265 0.11004624753909233 0.12459769097375535 0.16189805923324288 0.11004624753909233 0.11004624753909233
0.1156240110367601 0.1156240110367601 0.1156240110367601 0.1156240110367601 0.14032408393900508 0.16593184984043433 0.1156240110367601 0.1156240110367601
0.11393034936001045 0.11393034936001045 0.11393034936001045 0.11393034936001045 0.15092626465531112 0.1654916391846262 0.11393034936001045 0.11393034936001045
0.1120156790372667 0.1120156790372667 0.12467460674393452 0.1120156790372667 0.15180681927696413 0.16344017879276776 0.1120156790372667 0.1120156790372667
0.11055929383897944 0.11055929383897944 0.13527461441648955 0.11055929383897944 0.15058258898239046 0.16134632740622273 0.11055929383897944 0.11055929383897944
0.12116712302281303 0.1088827570407042 0.13569940839112257 0.1088827570407042 0.1485832884859059 0.1590191519373418 0.1088827570407042 0.1088827570407042
0.1212347227013309 0.10777170903212946 0.14354834606788291 0.10777170903212946 0.14694513244468624 0.157184962657582 0.10777170903212946 0.10777170903212946
0.13035037598611537 0.10631697323520026 0.14416295307581206 0.10631697323520026 0.14505850298816403 0.15516027500910745 0.10631697323520026 0.10631697323520026
0.13120352331497886 0.10536304613976169 0.15015991794383346 0.10536304613976169 0.1436071731546648 0.1535772010274761 0.10536304613976169 0.10536304613976169
0.13059495458424425 0.10458535066956187 0.1512457058490401 0.10458535066956187 0.1424468400496523 0.15737109683881598 0.10458535066956187 0.10458535066956187
0.12969912891049043 0.1038101668142695 0.15579455892927344 0.1038101668142695 0.14136573874909772 0.15789990615406038 0.1038101668142695 0.1038101668142695
0.1289191240631848 0.1032077492021405 0.160292341620632 0.1032077492021405 0.14047829285801455 0.15747924464960675 0.1032077492021405 0.1032077492021405
0.1283149534340923 0.10275820564873443 0.16397233014735152 0.10275820564873443 0.13979477754371003 0.15688511627990828 0.10275820564873443 0.10275820564873443
0.12786733188273322 0.10243035404228647 0.16677147437466514 0.10243035404228647 0.13928671970351217 0.1563530578699436 0.10243035404228647 0.10243035404228647
0.1275440186502475 0.10219577668335332 0.16881907214167652 0.10219577668335332 0.13891819481188572 0.155935607662777 0.10219577668335332 0.10219577668335332
0.12731468763584908 0.10203053883432774 0.1702804715145037 0.10203053883432774 0.1386557967656074 0.15562688874672861 0.10203053883432774 0.10203053883432774
0.12715424708569667 0.10191556054539477 0.17130607128179773 0.10191556054539477 0.13847163822178687 0.15540580122913963 0.10191556054539477 0.10191556054539477
0.12627463758842053 0.10106775655955524 0.17087620654072716 0.10106775655955524 0.14409612198613694 0.1544820076464943 0.10106775655955524 0.10106775655955524
0.12591873179188848 0.10088622332593691 0.17089108775053988 0.10088622332593691 0.14566232818751185 0.1539829589663119 0.10088622332593691 0.10088622332593691
0.13302337951499105 0.09982538096265917 0.16983634194743574 0.09982538096265917 0.14508816521671877 0.15275058947021775 0.09982538096265917 0.09982538096265917
0.14027285579855472 0.09893747002892692 0.1685163209005198 0.09893747002892692 0.1440218401727835 0.15143910301243413 0.09893747002892692 0.09893747002892692
0.14645607303337435 0.09824313966122498 0.16728120199181667 0.09824313966122498 0.14299616235918453 0.1502940039707244 0.09824313966122498 0.09824313966122498
0.14787859930563862 0.09754044335303505 0.1660724999997317 0.09754044335303505 0.14668939957160124 0.1491977277108883 0.09754044335303505 0.09754044335303505
0.14822634797242018 0.09739925804898976 0.16567926633466445 0.09739925804898976 0.14781761025037896 0.14867974324657748 0.09739925804898976 0.09739925804898976
0.15126922398290255 0.09695769527586752 0.16507602719785136 0.09695769527586752 0.1477638227597659 0.14806014495600994 0.09695769527586752 0.09695769527586752
0.15435381609045115 0.09658553461126469 0.1644558473051409 0.09658553461126469 0.14737317489258622 0.1474750232667629 0.09658553461126469 0.09658553461126469
0.1554380851304071 0.09649182719027519 0.1642692028070398 0.09649182719027519 0.14714519858910274 0.14718020471234938 0.09649182719027519 0.09649182719027519
0.15581885951552157 0.09645852951598367 0.16426790335692976 0.09645852951598367 0.14703354358567794 0.14704557547793606 0.09645852951598367 0.09645852951598367
0.15738827577808326 0.09624649666734646 0.16405533410282638 0.09624649666734646 0.1467831339947256 0.14678726945497897 0.09624649666734646 0.09624649666734646
0.15795079723204153 0.09619319470457136 0.16398747416290463 0.09619319470457136 0.14664376419754588 0.1466451855892223 0.09619319470457136 0.09619319470457136
0.15815337921482106 0.09617504883329064 0.1639905053448915 0.09617504883329064 0.14657771578156215 0.14657820432556307 0.09617504883329064 0.09617504883329064
0.15921080580069785 0.096030340732135 0.16384705076014772 0.096030340732135 0.1464103062970131 0.14641047421360132 0.096030340732135 0.096030340732135
0.1591867851567733 0.09558389026847951 0.16334127602064286 0.09558389026847951 0.14923000421669316 0.1459063735319726 0.09558389026847951 0.09558389026847951
0.15976423918947172 0.09540843369490225 0.16295666112551305 0.09540843369490225 0.15008771149424424 0.14555765341116197 0.09540843369490225 0.09540843369490225
0.15995997696332118 0.09537071917951938 0.16279279639792402 0.09537071917951938 0.15036426899638156 0.14540008092429585 0.09537071917951938 0.09537071917951938
0.15974082032717205 0.09507242995652015 0.16242670939212436 0.09507242995652015 0.15249511771207355 0.14504763274254937 0.09507242995652015 0.09507242995652015
0.15959289397484158 0.09501310393514661 0.16223798030116962 0.09501310393514661 0.15324954259889248 0.14486716738450983 0.09501310393514661 0.09501310393514661
0.1595202167540783 0.09500023016822359 0.1621618198434816 0.09500023016822359 0.15352477653867375 0.14479226619087188 0.09500023016822359 0.09500023016822359
0.1599391750485811 0.09493354513168029 0.16206360669373557 0.09493354513168029 0.15356320073246343 0.1446998369984988 0.09493354513168029 0.09493354513168029
0.16009453634464232 0.09491817792450073 0.1620175434787403 0.09491817792450073 0.15356250736034438 0.14465270111827017 0.09491817792450073 0.09491817792450073
0.15995283247732991 0.09471316321721666 0.16179345717009783 0.09471316321721666 0.15496957206214085 0.14443148542156473 0.09471316321721666 0.09471316321721666
0.16015874631715546 0.09462898896478893 0.1616165042275863 0.09462898896478893 0.155437516079987 0.1442712775161154 0.09462898896478893 0.09462898896478893
0.16022481431533525 0.0946106978193995 0.16153163127182502 0.0946106978193995 0.15560284153828915 0.1441979215969524 0.0946106978193995 0.0946106978193995
0.16024737180549634 0.09460618845602362 0.16149647091977723 0.09460618845602362 0.15566320424934846 0.1441681992012837 0.09460618845602362 0.09460618845602362
0.16025521660755748 0.0946047918658954 0.16148353575943983 0.0946047918658954 0.15568549338993076 0.14415658677949025 0.0946047918658954 0.0946047918658954
0.16025784996527562 0.09460421135132639 0.16147963073566313 0.09460421135132639 0.15569365891364167 0.144152014980114 0.09460421135132639 0.09460421135132639
0.1602586211421116 0.09460390368954713 0.1614790728237912 0.09460390368954713 0.15569655532259308 0.14415013595331577 0.09460390368954713 0.09460390368954713
0.16046416035653338 0.09457450385439214 0.1614494419350313 0.09457450385439214 0.15566829200965923 0.1441200902812074 0.09457450385439214 0.09457450385439214
0.16054219976601866 0.09456803668233155 0.16143162274675785 0.09456803668233155 0.15565073459318465 0.14410329616471243 0.09456803668233155 0.09456803668233155
0.1607111968892597 0.09454675728928832 0.1614029636141848 0.09454675728928832 0.15562256584359513 0.14407624449580725 0.09454675728928832 0.09454675728928832
0.16063808241911434 0.09440399384230354 0.16124833111175849 0.09440399384230354 0.15657342793201773 0.1439241831678953 0.09440399384230354 0.09440399384230354
0.16048502351538538 0.09428106768841152 0.16106136457773 0.09428106768841152 0.15758034886735664 0.143748992285882 0.09428106768841152 0.09428106768841152
0.16033255412180908 0.09419167863511815 0.1608945441453662 0.09419167863511815 0.15840679850571993 0.1435993886866323 0.09419167863511815 0.09419167863511815
0.16025045985234737 0.09417242175044889 0.16080681556739165 0.09417242175044889 0.1587243257630834 0.1435287118153819 0.09417242175044889 0.09417242175044889
0.1601691140002228 0.09412490950307882 0.1607229705739685 0.09412490950307882 0.15915137006698904 0.14345690734650432 0.09412490950307882 0.09412490950307882
0.16012528421034028 0.09411460487186149 0.1606783556767446 0.09411460487186149 0.15931601769626144 0.14342192292920783 0.09411460487186149 0.09411460487186149
0.16010482481494953 0.09411220909768424 0.16065776101899426 0.09411220909768424 0.15938107505203358 0.14340750272328592 0.09411220909768424 0.09411220909768424
0.1601886900945792 0.09409834732735402 0.16063536989285349 0.09409834732735402 0.1593938660934836 0.1433886846096677 0.09409834732735402 0.09409834732735402
0.1602828257603139 0.09408639952567831 0.16061414872115293 0.09408639952567831 0.15938715854813548 0.14337026886768453 0.09408639952567831 0.09408639952567831
0.1603190737304568 0.09408374684279024 0.16060289444916748 0.09408374684279024 0.15938175790628795 0.14336128654292682 0.09408374684279024 0.09408374684279024
0.16033340982751743 0.09408310381691586 0.16059771635063166 0.09408310381691586 0.15937890233597574 0.1433575562182119 0.09408310381691586 0.09408310381691586
0.16033915752993097 0.09408292726593172 0.16059547997244605 0.09408292726593172 0.15937755590993052 0.14335609752396547 0.09408292726593172 0.09408292726593172
0.16034147608951402 0.09408287064310568 0.1605945541212071 0.09408287064310568 0.15937694768091745 0.1433555395359387 0.09408287064310568 0.09408287064310568
0.16034241270700952 0.09408284913828738 0.1605941874980223 0.09408284913828738 0.1593766769957687 0.14335532624604969 0.09408284913828738 0.09408284913828738
0.16038490317551674 0.0940768270776102 0.16058801359783337 0.0940768270776102 0.15937054404032447 0.1433492308758848 0.0940768270776102 0.0940768270776102
0.16037200846380725 0.09404636083774642 0.16055499039477297 0.09404636083774642 0.1595708881832336 0.14331666960720046 0.09404636083774642 0.09404636083774642
0.1603601515313889 0.09403983639041959 0.160534814937011 0.09403983639041959 0.1596467343857003 0.14329895358422162 0.09403983639041959 0.09403983639041959
0.1599471366400382 0.09363172482042854 0.16011834755928234 0.09363172482042854 0.15926980666211893 0.14613780985684627 0.09363172482042854 0.09363172482042854
0.15970859484004785 0.09356398139114307 0.15987813852764585 0.09356398139114307 0.15904709098824585 0.14711025007948808 0.09356398139114307 0.09356398139114307
0.15960162024306782 0.09355565348133242 0.15977033794569212 0.09355565348133242 0.1589471944679944 0.14745823341791595 0.09355565348133242 0.09355565348133242
0.15958588636709614 0.09355193175678113 0.15972196983242956 0.09355193175678113 0.1589024007102619 0.14758201606308785 0.09355193175678113 0.09355193175678113
0.15957932604683545 0.09355188120785088 0.1597018950849469 0.09355188120785088 0.1588839333966709 0.1476273206401433 0.09355188120785088 0.09355188120785088
0.159576863748136 0.09355213319168613 0.15969383821541844 0.09355213319168613 0.1588765926223733 0.14764417264732774 0.09355213319168613 0.09355213319168613
0.15957599441984774 0.09355228262072816 0.15969065436385166 0.09355228262072816 0.15887372392300841 0.14765049681037953 0.09355228262072816 0.09355228262072816
0.15959466830209043 0.09354964075701121 0.15968669388470874 0.09354964075701121 0.15886990260564077 0.14765017217951512 0.09354964075701121 0.09354964075701121
0.15961460702783292 0.09354726812872662 0.15968268099500413 0.09354726812872662 0.15886595885882945 0.147647680603427 0.09354726812872662 0.09354726812872662
0.15962235354871487 0.09354676062355079 0.15968051389697796 0.09354676062355079 0.1588638298987773 0.14764626016132681 0.09354676062355079 0.09354676062355079
0.1596254459820625 0.09354664623284949 0.1596795035841407 0.09354664623284949 0.15886284019512523 0.14764562530727357 0.09354664623284949 0.09354664623284949
0.15963528334250623 0.09354539203242374 0.15967783095523486 0.09354539203242374 0.15886117908221517 0.1476441384903488 0.09354539203242374 0.09354539203242374
0.15963908711865396 0.09354512283587905 0.15967687010163775 0.09354512283587905 0.1588602269261 0.1476433245100919 0.09354512283587905 0.09354512283587905
0.15964060100826552 0.09354506184405097 0.1596764118879933 0.09354506184405097 0.15885977445929908 0.14764296526823817 0.09354506184405097 0.09354506184405097
0.15964698832833688 0.09354422186003565 0.15967538213142735 0.09354422186003565 0.15885874844546596 0.14764199365462716 0.09354422186003565 0.09354422186003565
0.1596494530202477 0.0935440417390081 0.15967477601531413 0.0935440417390081 0.15885814648317617 0.14764145752522967 0.0935440417390081 0.0935440417390081
0.15965431806710564 0.09354344601296577 0.15967392926182414 0.09354344601296577 0.15885730326287595 0.14764066535633108 0.09354344601296577 0.09354344601296577
0.1596562042702632 0.09354331759919679 0.1596734504858911 0.09354331759919679 0.1588568281626352 0.14764024668442335 0.09354331759919679 0.09354331759919679
0.15965695606392033 0.0935432883157299 0.15967322313382315 0.0935432883157299 0.15885660354370718 0.14764006399562982 0.0935432883157299 0.0935432883157299
0.15965726012979067 0.09354328106368881 0.15967312187021782 0.09354328106368881 0.15885650394054068 0.14763998980469561 0.09354328106368881 0.09354328106368881
0.15965999762766248 0.09354290571752799 0.1596727045849894 0.09354290571752799 0.15885608764295783 0.14763958727427834 0.09354290571752799 0.09354290571752799
0.15966105099263178 0.09354282543283897 0.15967245157808307 0.09354282543283897 0.15885583619927257 0.14763935949865664 0.09354282543283897 0.09354282543283897
0.15964190297711128 0.09352324119895648 0.15965276255952768 0.09352324119895648 0.15899267786189208 0.14761969180564302 0.09352324119895648 0.09352324119895648
0.15962983511639103 0.09351910289371677 0.15964046996924167 0.09351910289371677 0.15904493626689017 0.1476083470726101 0.09351910289371677 0.09351910289371677
0.1596239260934793 0.09351819140023623 0.15963446745401486 0.09351819140023623 0.15906556208936848 0.14760327876219237 0.09351819140023623 0.09351819140023623
0.15962126524613796 0.09351797759107297 0.15963176768926085 0.09351797759107297 0.15907384882391 0.1476012078763993 0.09351797759107297 0.09351797759107297
0.1596201087870397 0.09351792303919823 0.15963059503030663 0.09351792303919823 0.15907720949337803 0.14760039453248294 0.09351792303919823 0.09351792303919823
0.1596064298658669 0.09350472302961663 0.15961690935538456 0.09350472302961663 0.15917087215424539 0.14758689650603676 0.09350472302961663 0.09350472302961663
0.15959972454895982 0.093501673849741 0.1596081921524694 0.093501673849741 0.1592064863773519 0.1475789015222548 0.093501673849741 0.093501673849741
0.15958739630218907 0.09349212248593948 0.159595030494894 0.09349212248593948 0.15928266253799608 0.14756642072116286 0.09349212248593948 0.09349212248593948
0.15957427117792322 0.09348410287703897 0.15958155988859654 0.09348410287703897 0.1593539293960264 0.14755382802929787 0.09348410287703897 0.09348410287703897
0.1595671052524369 0.09348237247899274 0.15957425055346441 0.09348237247899274 0.15938167072767262 0.1475474835504551 0.09348237247899274 0.09348237247899274
0.1595637435362909 0.09348197839833926 0.1595708292670596 0.09348197839833926 0.15939274881024035 0.1475447647930521 0.09348197839833926 0.09348197839833926
0.1595622543537537 0.0934818814083625 0.15956931533232416 0.0934818814083625 0.1593972330556929 0.14754367162477933 0.0934818814083625 0.0934818814083625
0.15956161136768107 0.09348185513969233 0.15956866206060474 0.09348185513969233 0.15939906120397762 0.14754324480896733 0.09348185513969233 0.09348185513969233
0.15956133723830648 0.09348184729110647 0.15956838365753034 0.09348184729110647 0.1593998093686856 0.1475430805710516 0.09348184729110647 0.09348184729110647
0.15956122116373941 0.09348184474214925 0.15956826580777633 0.09348184474214925 0.15940011621611058 0.14754301784377663 0.09348184474214925 0.09348184474214925
0.15956117221451022 0.09348184386305504 0.15956821612160757 0.09348184386305504 0.1594002422308435 0.14754299398081855 0.09348184386305504 0.09348184386305504
0.1595611516280771 0.09348184354803978 0.15956819522955323 0.09348184354803978 0.15940029402801967 0.14754298492219092 0.09348184354803978 0.09348184354803978
0.15956232485245514 0.09348167459477667 0.15956801762369197 0.09348167459477667 0.1594001464949849 0.1475428126497614 0.09348167459477667 0.09348167459477667
0.15956277470783845 0.09348163857105339 0.1595679080437676 0.09348163857105339 0.15940004946038167 0.14754271350379888 0.09348163857105339 0.09348163857105339
0.15956295295288267 0.09348163051300351 0.15956785460277134 0.09348163051300351 0.1594000012745967 0.14754266911773534 0.09348163051300351 0.09348163051300351
0.15956302483435067 0.09348162857607457 0.1595678305331201 0.09348162857607457 0.1593999794108958 0.14754265091733504 0.09348162857607457 0.09348162857607457
0.15956384909744276 0.09348151449262519 0.15956770648104743 0.09348151449262519 0.15939985628592138 0.14754253016508778 0.09348151449262519 0.09348151449262519
0.15956416610915686 0.09348149013935514 0.1595676307508727 0.09348149013935514 0.15939978101549196 0.147542461567058 0.09348149013935514 0.09348149013935514
0.15956482671366487 0.0934814082853599 0.15956751753266799 0.0934814082853599 0.15939966803412822 0.14754235457809914 0.0934814082853599 0.0934814082853599
0.15956508270582934 0.09348139068850252 0.15956745304577502 0.09348139068850252 0.15939960371490508 0.1475422977794805 0.09348139068850252 0.09348139068850252
0.15956518473720027 0.09348138670084843 0.15956742235047844 0.09348138670084843 0.15939957312864947 0.14754227298027808 0.09348138670084843 0.09348138670084843
0.1595652260174039 0.09348138572481157 0.15956740866181163 0.09348138572481157 0.15939955950395818 0.14754226291758005 0.09348138572481157 0.09348138572481157
0.15956524285038917 0.09348138546162148 0.15956740272939518 0.09348138546162148 0.15939955360640692 0.1475422589673227 0.09348138546162148 0.09348138546162148
0.15956560946680684 0.09348133399402489 0.15956734880484463 0.09348133399402489 0.15939949969993425 0.1475422060523147 0.09348133399402489 0.09348133399402489
0.15956575032417258 0.09348132301644271 0.15956731549403683 0.09348132301644271 0.15939946642984418 0.14754217568617561 0.09348132301644271 0.09348132301644271
0.1595658062036043 0.09348132055950499 0.15956729924119895 0.09348132055950499 0.1593994502143779 0.14754216210279875 0.09348132055950499 0.09348132055950499
0.15956582875512007 0.09348131996843845 0.15956729191891084 0.09348131996843845 0.15939944291755992 0.14754215653465516 0.09348131996843845 0.09348131996843845
0.15956583793869764 0.0934813198122591 0.15956728873015932 0.0934813198122591 0.1593994397438511 0.1475421543382556 0.0934813198122591 0.0934813198122591
0.1595660836692035 0.09348128519902733 0.1595672527962826 0.09348128519902733 0.15939940381816228 0.14754211892024238 0.09348128519902733 0.09348128519902733
0.15956215488990064 0.09347725464950117 0.15956320736447677 0.09347725464950117 0.15942754375439505 0.14753807539322286 0.09347725464950117 0.09347725464950117
0.15955983321608577 0.0934763740811119 0.15956065135071665 0.0934763740811119 0.15943830587026608 0.14753571323848405 0.0934763740811119 0.0934763740811119
0.15955867579545677 0.09347617819322714 0.15955939687091694 0.09347617819322714 0.1594425627258426 0.14753465183487513 0.09347617819322714 0.09347617819322714
0.15955814976523439 0.09347613151450819 0.15955883064015491 0.09347613151450819 0.1594442772886918 0.14753421624788604 0.09347613151450819 0.09347613151450819
0.15955791973001965 0.09347611933732326 0.15955858395433273 0.09347611933732326 0.15944497449882508 0.14753404446752946 0.09347611933732326 0.09347611933732326
0.15955793042946861 0.09347610018644587 0.1595584626367056 0.09347610018644587 0.1594452438133293 0.14753396237471295 0.09347610018644587 0.09347610018644587
0.15955522321098467 0.09347338853672357 0.1595557007423947 0.09347338853672357 0.15946430125431613 0.14753122064541022 0.09347338853672357 0.09347338853672357
0.15955352477647142 0.09347281131231754 0.15955397965912418 0.09347281131231754 0.15947161148954642 0.14752963882558795 0.09347281131231754 0.09347281131231754
0.1595526926428357 0.09347268259510498 0.159553138142603 0.09347268259510498 0.15947450831943386 0.1475289305147076 0.09347268259510498 0.09347268259510498
0.15955231722867733 0.09347265181387834 0.15955275884111325 0.09347265181387834 0.15947567647298685 0.1475286402017092 0.09347265181387834 0.09347265181387834
0.1595521536825625 0.09347264374769658 0.15955259368442704 0.09347264374769658 0.15947615188011116 0.147528525762113 0.09347264374769658 0.09347264374769658
0.1595520836121877 0.09347264141088599 0.159552522946759 0.09347264141088599 0.159476346303952 0.14752848149355746 0.09347264141088599 0.09347264141088599
0.15955205385078866 0.09347264066953571 0.15955249290888285 0.09347264066953571 0.15947642603039372 0.1475284645317919 0.09347264066953571 0.09347264066953571
0.15955211491341603 0.09347262989749193 0.15955246969643147 0.09347262989749193 0.1594764482553872 0.14752844754479755 0.09347262989749193 0.09347262989749193
0.15955218740664576 0.09347262048979646 0.15955245067512835 0.09347262048979646 0.15947644804613237 0.14752843191290752 0.09347262048979646 0.09347262048979646
0.15955039390890752 0.09347079696850612 0.1595506192760253 0.09347079696850612 0.15948919627709723 0.1475266026639456 0.09347079696850612 0.09347079696850612
0.15954929620861272 0.0934704039773413 0.1595494677974364 0.0934704039773413 0.15949408066583784 0.14752553941874785 0.0934704039773413 0.0934704039773413
0.15954877638980136 0.09347031316402764 0.15954890009078632 0.09347031316402764 0.1594960118409131 0.14752505902238863 0.09347031316402764 0.09347031316402764
0.15954855455189132 0.09347028938285593 0.15954864118972517 0.09347028938285593 0.1594967875074894 0.14752485921947034 0.09347028938285593 0.09347028938285593
0.15954846671834633 0.09347028183523066 0.15954852641631903 0.09347028183523066 0.15949710106223627 0.14752477846217568 0.09347028183523066 0.09347028183523066
0.15954842830385646 0.09347027979763706 0.1595484768444743 0.09347027979763706 0.1594972288267717 0.14752474683434944 0.09347027979763706 0.09347027979763706
0.15954841178650378 0.0934702791899225 0.1595484557062153 0.0934702791899225 0.15949728110968905 0.1475247346379017 0.0934702791899225 0.0934702791899225
0.15954840474831075 0.09347027899251023 0.15954844675423746 0.09347027899251023 0.1594973025558145 0.14752472997159624 0.09347027899251023 0.09347027899251023
0.15954840176516488 0.09347027892428279 0.15954844297848253 0.09347027892428279 0.15949731136563075 0.14752472819359053 0.09347027892428279 0.09347027892428279
0.15954840050513983 0.0934702788997491 0.15954844139019217 0.0934702788997491 0.15949731498809305 0.1475247275175788 0.0934702788997491 0.0934702788997491
0.15954840679577112 0.09347027791621747 0.15954843974885835 0.09347027791621747 0.1594973155041506 0.1475247262863501 0.09347027791621747 0.09347027791621747
0.15954840919007696 0.09347027770521261 0.15954843885808312 0.09347027770521261 0.15949731550677798 0.1475247256242115 0.09347027770521261 0.09347027770521261
0.15954841013404958 0.09347027765756614 0.15954843844151545 0.09347027765756614 0.15949731546021906 0.14752472533395117 0.09347027765756614 0.09347027765756614
0.15954841051340268 0.09347027764596606 0.1595484382573909 0.09347027764596606 0.1594973154293451 0.14752472521599705 0.09347027764596606 0.09347027764596606
0.15954841066740763 0.09347027764285919 0.15954843817802747 0.09347027764285919 0.15949731541345732 0.14752472516967066 0.09347027764285919 0.09347027764285919
0.15954841531882724 0.0934702769864308 0.15954843748873013 0.0934702769864308 0.15949731475045187 0.1475247244962678 0.0934702769864308 0.0934702769864308
0.15954719166628945 0.09346905140747366 0.15954721162429536 0.09346905140747366 0.15950589240895102 0.14752349867056952 0.09346905140747366 0.09346905140747366
0.15954642390947676 0.09346879043528718 0.15954644295132664 0.09346879043528718 0.1595091828537358 0.1475227885443122 0.09346879043528718 0.09346879043528718
0.15954604770917666 0.09346873220707257 0.1595460663715419 0.09346873220707257 0.15951048697183662 0.14752247011915456 0.09346873220707257 0.09346873220707257
0.15954505357443974 0.09346789387843463 0.15954507207961321 0.09346789387843463 0.15951678371566594 0.14752151511654257 0.09346789387843463 0.09346789387843463
0.15954390804796378 0.09346716008011309 0.15954392648796797 0.09346716008011309 0.15952309374733847 0.1475204313962774 0.09346716008011309 0.09346716008011309
0.15954327524271905 0.09346700170301611 0.15954329365565556 0.09346700170301611 0.15952554835568344 0.14751987593387741 0.09346700170301611 0.09346700170301611
0.1595429770675463 0.09346696560875234 0.15954299546922976 0.09346696560875234 0.1595265287152513 0.14751963631296341 0.09346696560875234 0.09346696560875234
0.15954284467859572 0.09346695671122504 0.15954286307559853 0.09346695671122504 0.1595269257848271 0.1475195396160784 0.09346695671122504 0.09346695671122504
0.15954279051839013 0.09346695385351884 0.15954280538609505 0.09346695385351884 0.1595270873537157 0.1475195013277236 0.09346695385351884 0.09346695385351884
0.15954276934452324 0.0934669527377906 0.15954278037783418 0.0934669527377906 0.15952715314369822 0.14751948618278188 0.0934669527377906 0.0934669527377906
0.15954276165076672 0.0934669522173214 0.15954276950000965 0.0934669522173214 0.15952717986687462 0.1475194801130635 0.0934669522173214 0.0934669522173214
0.15954275832052664 0.09346695207350714 0.15954276485106422 0.09346695207350714 0.15952719078913333 0.14751947774524735 0.09346695207350714 0.09346695207350714
0.1595427578368324 0.09346695189547423 0.15954276274763632 0.09346695189547423 0.15952719513401004 0.14751947669962429 0.09346695189547423 0.09346695189547423
0.1595427575934303 0.09346695185239767 0.1595427618334096 0.09346695185239767 0.15952719689014783 0.1475194762734216 0.09346695185239767 0.09346695185239767
0.15954238441904486 0.09346657877881896 0.1595423883811972 0.09346657877881896 0.1595298090408042 0.14751910304367824 0.09346657877881896 0.09346657877881896
0.15954215102736302 0.09346649921789758 0.15954215415229206 0.09346649921789758 0.15953081122088775 0.14751888672786675 0.09346649921789758 0.09346649921789758
0.1595420366048471 0.09346648145626305 0.15954203938303177 0.09346648145626305 0.15953120848098565 0.14751878970608337 0.09346648145626305 0.09346648145626305
0.15925651577184755 0.09318100801218993 0.15925651840642444 0.09318100801218993 0.15924589954983473 0.1495170342231338 0.09318100801218993 0.09318100801218993
0.1590872080154498 0.09312995080854863 0.1590872105878947 0.09312995080854863 0.15907669052016085 0.15022908764230003 0.09312995080854863 0.09312995080854863
0.15900938625643762 0.0931222491019671 0.1590093888015753 0.0931222491019671 0.15899891615319497 0.1504933123809237 0.0931222491019671 0.0931222491019671
0.1589766267056935 0.09312171952089124 0.15897662875465654 0.09312171952089124 0.15896617873537713 0.15059368772070805 0.09312171952089124 0.09312171952089124
0.15896310406072586 0.09312176448488345 0.15896310590398952 0.09312176448488345 0.15895466702109343 0.1506320650746574 0.09312176448488345 0.09312176448488345
0.1589576676212298 0.09312192854828977 0.15895766937921696 0.09312192854828977 0.15895006372096057 0.15064688508543356 0.09312192854828977 0.09312192854828977
0.1589555098133495 0.09312202228182383 0.15895551153598472 0.09312202228182383 0.1589482510828915 0.15065263844047885 0.09312202228182383 0.09312202228182383
0.15895465875102716 0.09312206489151056 0.1589546604590076 0.09312206489151056 0.15894754302205022 0.1506548782018727 0.09312206489151056 0.09312206489151056
0.15895432413232904 0.0931220827465347 0.1589543258342348 0.0931220827465347 0.1589472676467739 0.15065575140052354 0.0931220827465347 0.0931220827465347
0.15895419305081515 0.09312208992426674 0.1589541944246532 0.09312208992426674 0.15894716078292884 0.15065609204453587 0.09312208992426674 0.09312208992426674
0.15895414162238997 0.09312209278421522 0.1589541428603558 0.09312209278421522 0.15894711938719258 0.15065622499320086 0.09312209278421522 0.09312209278421522
0.1589539532630991 0.09312192572438516 0.15895395444479227 0.09312192572438516 0.15894828068936348 0.15065610870520454 0.09312192572438516 0.09312192572438516
0.15895384019167738 0.09312189066334989 0.158953841350064 0.09312189066334989 0.15894872656997233 0.1506560292348868 0.09312189066334989 0.09312189066334989
0.15895378597397106 0.09312188305602133 0.15895378690372097 0.09312188305602133 0.15894890361962496 0.15065599127859788 0.09312188305602133 0.09312188305602133
0.158953761791287 0.09312188132799945 0.1589537626263452 0.09312188132799945 0.15894897521494056 0.15065597505542935 0.09312188132799945 0.09312188132799945
0.15895375135273576 0.09312188090488484 0.1589537521485766 0.09312188090488484 0.15894900444230767 0.1506559684368406 0.09312188090488484 0.09312188090488484
0.15875601857547078 0.09292415245082265 0.15875601935506944 0.09292415245082265 0.15875128809246639 0.1520400641737029 0.09292415245082265 0.09292415245082265
0.15863694643714998 0.09288697265052845 0.15863694706234382 0.09288697265052845 0.15863222604934066 0.1525459898490518 0.09288697265052845 0.09288697265052845
0.15858130900823553 0.0928806498242575 0.15858130956925473 0.0928806498242575 0.15857659487231837 0.1527381872531612 0.0928806498242575 0.0928806498242575
0.15855747986521448 0.09287986333200016 0.15855748039954934 0.09287986333200016 0.1585527692861794 0.15281281712105604 0.09287986333200016 0.09287986333200016
0.15854765108002764 0.09287990346297867 0.15854765150442882 0.09287990346297867 0.15854294228967244 0.15284214127395637 0.09287990346297867 0.09287990346297867
0.15854366849347273 0.09287999154017032 0.15854366887233148 0.09287999154017032 0.1585389606148434 0.152853735858671 0.09287999154017032 0.09287999154017032
0.15854206885396674 0.0928800413182066 0.15854206921395866 0.0928800413182066 0.1585373614221927 0.15285833523705547 0.0928800413182066 0.0928800413182066
0.15854142917046157 0.0928800641371797 0.15854142952263764 0.0928800641371797 0.15853672195157234 0.1528601628066095 0.0928800641371797 0.0928800641371797
0.15854117393740744 0.09288007383375867 0.15854117428634565 0.09288007383375867 0.15853646681780897 0.15286088962340313 0.09288007383375867 0.09288007383375867
0.158541072273927 0.09288007781044993 0.15854107255504718 0.09288007781044993 0.15853636513341163 0.15286117879581457 0.09288007781044993 0.09288007781044993
0.1585410318184528 0.0928800794149385 0.15854103202676936 0.0928800794149385 0.15853632462632708 0.15286129386869685 0.0928800794149385 0.0928800794149385
0.1572510146058049 0.10191008778110518 0.15725101478396927 0.09159007895722313 0.157246307393009 0.15157133856444216 0.09159007895722313 0.09159007895722313
0.15685494690407165 0.10305162446915873 0.1568549470690006 0.09172828138236926 0.15685026212219985 0.15120337528846142 0.09172828138236926 0.09172828138236926
0.15675461687808492 0.10324216620783344 0.15675461703730276 0.09179198571126022 0.15674994827524094 0.15112269446775736 0.09179198571126022 0.09179198571126022
0.15672995644228124 0.10328022949530882 0.15672995659907563 0.09180887769443842 0.15672529628503173 0.1511079280949875 0.09180887769443842 0.09180887769443842
0.15672376825397352 0.10328848386222535 0.15672376840974997 0.09181290280719104 0.15671911202334357 0.15110615902913443 0.09181290280719104 0.09181290280719104
0.156722138387481 0.10329033400162903 0.15672213851309824 0.09181383579471508 0.15671748386092893 0.15110639785271743 0.09181383579471508 0.09181383579471508
0.1567216790161458 0.10329075520254669 0.15672167910927104 0.09181405142458789 0.15671702520367115 0.15110670719460176 0.09181405142458789 0.09181405142458789
0.15672153904950029 0.10329085228802405 0.15672153912916859 0.09181410170996332 0.1567168855407444 0.15110687886267254 0.09181410170996332 0.09181410170996332
0.15672149304729024 0.1032908750278525 0.15672149310793163 0.09181411366251649 0.15671683965329758 0.1511069581760786 0.09181411366251649 0.09181411366251649
0.15672147692858251 0.10329088048794638 0.15672147698134375 0.09181411659596278 0.15671682358291808 0.15110699223132085 0.09181411659596278 0.09181411659596278
0.15672147100795053 0.10329088184967301 0.15672147105744816 0.09181411735101229 0.15671681768258117 0.1511070063493105 0.09181411735101229 0.09181411735101229
0.15672146876312731 0.10329088220822609 0.15672146881127327 0.09181411755826244 0.15671681544626592 0.15110701209632013 0.09181411755826244 0.09181411755826244
0.15672146789481955 0.10329088230946763 0.15672146794240574 0.09181411761966472 0.15671681458152073 0.1511070144127922 0.09181411761966472 0.09181411761966472
0.15672146755487598 0.10329088234038916 0.1567214676022303 0.09181411763933721 0.15671681424306763 0.15110701534142537 0.09181411763933721 0.09181411763933721
0.15672146742083848 0.10329088235057753 0.1567214674680968 0.09181411764608985 0.15671681410965332 0.1511070157125645 0.09181411764608985 0.09181411764608985
0.15672146736777004 0.10329088235415378 0.15672146741498857 0.09181411764853405 0.1567168140568453 0.15110701586063996 0.09181411764853405 0.09181411764853405
0.156721355800363 0.10329077080912277 0.15672135584756508 0.09181400610310567 0.15671759486031717 0.15110690437331498 0.09181400610310567 0.09181400610310567
0.1567212877422721 0.10329073656360264 0.15672128778946734 0.0918139842514779 0.15671789637506042 0.15110683877516373 0.0918139842514779 0.0918139842514779
0.1567212546943839 0.10329072788836645 0.15672125473252657 0.09181397938129948 0.15671801637590504 0.15110680816491964 0.09181397938129948 0.09181397938129948
0.15672123983923825 0.10329072575633191 0.15672123987363173 0.09181397821318006 0.1567180649056149 0.15110679498564325 0.09181397821318006 0.09181397821318006
0.15559630058186347 0.11116525487071675 0.15559630061470422 0.09068904510817326 0.15559315189897693 0.14998185670921876 0.09068904510817326 0.09068904510817326
0.155165156274182 0.11276104813537943 0.15516515630624622 0.09072380267726173 0.1551620316258577 0.1495751996265493 0.09072380267726173 0.09072380267726173
0.1550339559586214 0.11312475724000033 0.1550339559842859 0.09077116394536947 0.15503084630290673 0.14946299267807722 0.09077116394536947 0.09077116394536947
0.1549964107434355 0.11321365078844453 0.15499641076643908 0.0907879563069527 0.15499390263778934 0.14943575614303334 0.0907879563069527 0.0907879563069527
0.15498579420333572 0.11323620600498799 0.15498579422118458 0.09079288939013275 0.1549835355208069 0.14943000187928646 0.09079288939013275 0.09079288939013275
0.15498270661860852 0.11324198665326303 0.15498270663432195 0.09079419872366194 0.15498095062617823 0.1494290532966427 0.09079419872366194 0.09079419872366194
0.15498178466003582 0.11324348938831147 0.15498178467486468 0.09079455551103915 0.15498023687409676 0.14942903786957387 0.09079455551103915 0.09079455551103915
0.15498149875491934 0.1132438832165081 0.154981498766658 0.09079465143913056 0.1549800372002868 0.14942912774423608 0.09079465143913056 0.09079465143913056
0.15498137254337965 0.11324395348663144 0.15498137255383848 0.09079464363730014 0.15498021529591594 0.14942915520833405 0.09079464363730014 0.09079464363730014
0.15498132103163284 0.11324396817657457 0.1549813210415616 0.0907946443969918 0.15498028981458956 0.14942916674466608 0.0907946443969918 0.0907946443969918
0.15498130024355222 0.11324397163457713 0.15498130025326146 0.09079464494288048 0.15498032122267022 0.1494291718172973 0.09079464494288048 0.09079464494288048
0.15498129182594417 0.11324397251201529 0.15498129183556247 0.090794645134809 0.15498033442237483 0.1494291739996762 0.090794645134809 0.090794645134809
0.154981288400767 0.11324397274516251 0.1549812884085155 0.09079464519401408 0.15498033994828772 0.14942917491522514 0.09079464519401408 0.09079464519401408
0.15498128700018593 0.11324397280936252 0.15498128700716002 0.09079464521199535 0.1549803422548468 0.14942917529245875 0.09079464521199535 0.09079464521199535
0.15498128642567785 0.11324397282764229 0.1549812864323312 0.09079464521754818 0.1549803432156699 0.14942917544603435 0.09079464521754818 0.09079464521754818
0.15498128619059348 0.11324397283288604 0.15498128619588156 0.0907946452191682 0.1549803436152184 0.14942917550791585 0.0907946452191682 0.0907946452191682
0.15498128609379327 0.11324397283448728 0.15498128609851594 0.0907946452197299 0.15498034378125464 0.14942917553275928 0.0907946452197299 0.0907946452197299
0.15498128605390085 0.11324397283500279 0.15498128605838934 0.090794645219928 0.15498034385021728 0.14942917554270568 0.090794645219928 0.090794645219928
0.1549812860381763 0.11324397283507312 0.15498128604173877 0.09079464521989614 0.1549803438787466 0.1494291755465767 0.09079464521989614 0.09079464521989614
