Action: 0
[0.10929713858061964, 0.109245625369648, 0.1259832436187503, 0.109245625369648, 0.21849149095233095, 0.10924562536970714, 0.109245625369648, 0.109245625369648]
[0.11170928259359138, 0.1087554711342271, 0.12700241946681892, 0.1087554711342271, 0.1087554711342271, 0.2175109422684542, 0.1087554711342271, 0.1087554711342271]
[0.21760153645943053, 0.10875885871477661, 0.12686175629895374, 0.10875885871477661, 0.11174241219970665, 0.10875886018280254, 0.10875885871477661, 0.10875885871477661]
[0.125, 0.125, 0.125, 0.125, 0.125, 0.125, 0.125, 0.125]
[0.10925381523523847, 0.10960043926759636, 0.2351904679218495, 0.10919074704621368, 0.10919228387202205, 0.10919075256465262, 0.10919074704621368, 0.10919074704621368]
[0.22034365726880228, 0.10877682604480374, 0.12699538646231034, 0.10877682604480374, 0.1087768260448687, 0.10877682604480374, 0.10877682604480374, 0.10877682604480374]
[0.125, 0.125, 0.125, 0.125, 0.125, 0.125, 0.125, 0.125]
[0.125, 0.125, 0.125, 0.125, 0.125, 0.125, 0.125, 0.125]

Action: 1
[0.10925230434894134, 0.10925230434894134, 0.10925230434894134, 0.10925230434894134, 0.1092588107650041, 0.235227363141348, 0.10925230434894134, 0.10925230434894134]
[0.1092530884288663, 0.1092530884288663, 0.1092530884288663, 0.1092530884288663, 0.2185070907203226, 0.1259743787064795, 0.1092530884288663, 0.1092530884288663]
[0.10920150058462208, 0.10920150058462208, 0.10920150058462208, 0.10920150058462208, 0.2187944608612094, 0.12599653563105806, 0.10920150058462208, 0.10920150058462208]
[0.125, 0.125, 0.125, 0.125, 0.125, 0.125, 0.125, 0.125]
[0.1092016556764081, 0.10920146100187858, 0.10920146100187858, 0.10920146100187858, 0.10959299782121737, 0.23519804149298165, 0.10920146100187858, 0.10920146100187858]
[0.10877367225950915, 0.10877342890568992, 0.10877342890568992, 0.10877342890568992, 0.11172682084012071, 0.23563236237192062, 0.10877342890568992, 0.10877342890568992]
[0.125, 0.125, 0.125, 0.125, 0.125, 0.125, 0.125, 0.125]
[0.125, 0.125, 0.125, 0.125, 0.125, 0.125, 0.125, 0.125]

