0.125 0.125 0.125 0.125 0.125 0.125 0.125 0.125
0.099626400996264 0.07845579078455792 0.199252801992528 0.15691158156911583 0.08685378548392246 0.06839735606858895 0.17370757096784492 0.1367947121371779
0.09444644354078607 0.15741073923464347 0.10039762527401264 0.1416696653111791 0.1180580544259826 0.19676342404330432 0.10625224898338434 0.08500179918670747
0.07295173961840629 0.12906846240179573 0.09118967452300786 0.16133557800224466 0.08754208754208755 0.15488215488215487 0.10942760942760943 0.19360269360269358
0.09735095341516589 0.07666387581444316 0.21080372170226994 0.15332775162888632 0.09160805217501719 0.06683517378695045 0.16974012390336618 0.1336703475739009
0.09222515149284602 0.15370858582141006 0.1116622741253581 0.13833772723926904 0.12517459727134098 0.19213573227676256 0.10375329542945178 0.08300263634356142
0.07103182520006356 0.12567169073857398 0.08878978150007945 0.15708961342321748 0.08523819024007627 0.17712362499003306 0.10654773780009534 0.18850753610786097
0.09576080894244979 0.07541163704217922 0.21887581762037053 0.15082327408435844 0.09493046265964561 0.06574347844702803 0.16696756430991244 0.13148695689405607
0.09056972651757729 0.15094954419596215 0.11931951283032763 0.13585458977636594 0.1312160002367202 0.1886869302449527 0.10189094233227447 0.08151275386581956
0.08298859724928513 0.14682597974873524 0.07234903349937678 0.1280021361912051 0.09958631669914217 0.22982653298355735 0.08681884019925212 0.1536025634294461
0.09403286731145828 0.0740508830077734 0.21660432023771736 0.1481017660155468 0.09551380091338942 0.07862725939340298 0.16395474300459392 0.12911436011611774
0.08885844239529903 0.14809740399216506 0.12141139710082767 0.13328766359294855 0.12912210995253362 0.19928463711574554 0.09996574769471142 0.07997259815576913
0.08144517774034879 0.14409531446369403 0.07100348828645792 0.12562155619911786 0.09773421328841855 0.24415019663927184 0.0852041859437495 0.15074586743894144
0.10461992329946439 0.08445222724173632 0.13077490412433046 0.10556528405217039 0.1372822938709212 0.15369714159957626 0.1569298849491966 0.12667834086260446
0.1344457955512509 0.0987140725646527 0.15285947803854802 0.12339259070581587 0.12441743391056705 0.11754376735923779 0.1375735302346932 0.11105333163523427
0.11323627181323662 0.07465495997355046 0.18496602023297573 0.1493099199471009 0.09312033682852139 0.08386414504254594 0.16646941820967814 0.13437892795239081
0.0896328681516041 0.07058588366938823 0.25845224484465645 0.14117176733877645 0.09050006506671873 0.07030139852302332 0.15628294959766867 0.1230728228081641
0.06922377286424888 0.11537295477374815 0.13809864190551577 0.13844754572849777 0.10013336783597426 0.16182862543501955 0.10383565929637335 0.17305943216062222
0.06861975498146339 0.11436625830243898 0.11128057872119818 0.13723950996292678 0.10058716485311818 0.19342771325300095 0.1029296324721951 0.17154938745365847
0.08444754650172136 0.14074591083620225 0.09765308224201211 0.12667131975258203 0.12886135457885153 0.2506145044226449 0.09500348981443653 0.07600279185154922
0.06375513293659626 0.0983975010484782 0.05317854480965077 0.08578243681149383 0.12543843125487486 0.30491162920727327 0.09697145030864521 0.17156487362298767
0.09945789808889777 0.07219702821194346 0.18843607204017906 0.14439405642388692 0.09064177123402893 0.11392992598278433 0.16098859723678138 0.12995465078149823
0.06843857113018473 0.11406428521697454 0.1218861037974859 0.13687714226036946 0.10262770055986474 0.18235191251438157 0.10265785669527709 0.1710964278254618
0.07185810349858354 0.11203949181141452 0.1062207169273975 0.13444739017369742 0.10324310578874955 0.20329641145276267 0.10083554263027307 0.16805923771712175
0.08848860021714347 0.1374776548774954 0.09483822677635369 0.12372988938974584 0.12960969118680396 0.2588205868763007 0.0927974170423094 0.07423793363384752
0.11458581395843803 0.07998628831689081 0.14462239792364814 0.0999828603961135 0.13448463110210637 0.1577273385819011 0.14863123724556573 0.11997943247533618
0.10443516069136814 0.07011961956360802 0.21808192451175143 0.14023923912721603 0.09673779587946085 0.08781465900011552 0.15635628601198562 0.12621531521449442
0.0748696731059695 0.11280515890123378 0.12767950010282103 0.13536619068148054 0.10506169076444202 0.17348540508109198 0.1015246430111104 0.16920773835185066
0.07548187300388079 0.11096837647988973 0.1067735684613833 0.13316205177586768 0.1051795394887349 0.20211048723850836 0.09987153883190077 0.16645256471983458
0.08695727118528386 0.13581286138691392 0.08282375581342881 0.11840095608089933 0.1091613654322519 0.24445590737535913 0.08030673542878387 0.14208114729707919
0.08602928328855848 0.13177052226999122 0.11049402498742747 0.164713152837489 0.08008073222552388 0.19488158213298204 0.08378886470428788 0.1482418375537401
0.10199563864751525 0.06965141351490738 0.22824772140286684 0.13930282702981475 0.09333099300375901 0.0918139603209743 0.15421395584904193 0.12144349023112054
0.06862363839315327 0.09657586943010628 0.0845902797712011 0.08691828248709565 0.1447254623212536 0.240427963638484 0.10430193898451477 0.1738365649741913
0.08396884833196838 0.13227894287587733 0.0790863932902388 0.11532010404563665 0.11300900256137629 0.25973546999179364 0.07821711404834485 0.13838412485476398
0.12992758148174782 0.09106063327790224 0.16935102039208613 0.11382579159737781 0.12775888753185344 0.13872561011237572 0.12690726316901677 0.10244321243764003
0.1427713460926208 0.08863353207631566 0.19696367056244055 0.11079191509539457 0.1279988988431332 0.10960319646624045 0.12352471727799962 0.0997127235858551
0.14462998518146808 0.08765308053922152 0.20823523864177862 0.10956635067402691 0.12681040797398035 0.10233691697469431 0.1221583044082061 0.09860971560662421
0.12578748142571933 0.075927140683037 0.18566404666141162 0.09490892585379625 0.14625393213227922 0.11647926945743824 0.1410884927617628 0.11389071102455549
0.12472264936656108 0.07589796621797257 0.17828976349918663 0.09487245777246571 0.1513617065634388 0.11997422674390008 0.1410342805095162 0.11384694932695884
0.12585493602879608 0.07579753756973923 0.17574679651390102 0.09474692196217402 0.15257587752134108 0.12073396095343174 0.14084766309600796 0.11369630635460883
0.10997779311886591 0.06599667746037391 0.24408585157125298 0.13199335492074782 0.10292427117030607 0.07906529184351363 0.1471627404862666 0.11879401942867306
0.10502317199023291 0.06529847188935618 0.2723940841158599 0.13059694377871237 0.09217196610248021 0.07137226644983355 0.14560584627268375 0.1175372494008411
0.10301516697819971 0.06468266814290043 0.2834186288102538 0.12936533628580085 0.08934300328778533 0.0695136980087448 0.14423269582909437 0.11642880265722076
0.10217713259275764 0.0644037478541018 0.2876701940418793 0.1288074957082036 0.0884624398262762 0.06894149862443094 0.14361074521496728 0.11592674613738323
0.10183412172206735 0.06429043799412759 0.2893178398300093 0.12858087598825518 0.08815673566216975 0.0687391192747969 0.1433580811391442 0.11572278838942968
0.11933814872482248 0.07539066794948197 0.21266599393212113 0.09423833493685245 0.13775671386830585 0.10743252434015572 0.14009161432403738 0.11308600192422294
0.08418873957692821 0.11150573423373454 0.12679351851505674 0.1393821677921682 0.10295855905891314 0.17337520914399643 0.09453747032860103 0.16725860135060183
0.11831642072076345 0.07765199554691814 0.16265604560954036 0.09706499443364766 0.1471905230683779 0.13634839378408717 0.14429363351628816 0.11647799332037719
0.10913308718196416 0.06612017942441159 0.24004950365087308 0.13224035884882318 0.1041989661635424 0.08180345033350311 0.14743813143294165 0.11901632296394085
0.10523413808232153 0.06515853674937913 0.2712957543894662 0.13031707349875826 0.09371317575048117 0.0717021435843343 0.14529381179637674 0.11728536614888244
0.10336910713125833 0.06450224417098481 0.2830558617964969 0.12900448834196962 0.09072032067621652 0.06941356107462777 0.14383037730067358 0.11610403950777265
0.13728840812178672 0.08598095140198288 0.24045817541450754 0.1074761892524786 0.1201703897432973 0.09206938533334079 0.1198279304053754 0.09672857032723074
0.11079681264685255 0.06417735405145984 0.26956373309677184 0.12835470810291968 0.09595790393313164 0.0725243300510411 0.14310592082519552 0.11551923729262771
0.10474215067974986 0.06438697560945653 0.28211386620596296 0.12877395121891305 0.09106154126721257 0.06945161330895501 0.14357334561272841 0.11589655609702175
0.10307889999124804 0.06420753513874887 0.2869652522251817 0.12841507027749774 0.08981913897342654 0.06876731999893887 0.14317322014521017 0.11557356324974795
0.09440918571384298 0.12934498332761493 0.1661475239646953 0.16168122915951866 0.08233442919671846 0.13832300408246173 0.08224653831158124 0.14551310624356678
0.11466357762765074 0.07725123857465381 0.17048873935326156 0.09270148628958456 0.1492685618909608 0.13260432206923403 0.14714521633267388 0.1158768578619807
0.08335383948251683 0.1110997533154586 0.11685359360502053 0.13887469164432323 0.107000672987838 0.18197454987637493 0.09419326911528011 0.16664962997318788
0.10432566628406795 0.06838201978952133 0.2246325670925963 0.13676403957904265 0.09879629900615124 0.09153007476845995 0.15248169785902219 0.12308763562113839
0.10521697232857367 0.06567598830316587 0.26586096332512177 0.13135197660633174 0.09346340033378624 0.07376626862757615 0.14644765152974598 0.11821677894569857
0.1038818912693041 0.06461369262052284 0.281028370595586 0.12922738524104568 0.09100911471723466 0.06985600813031924 0.14407889070904645 0.11630464671694112
0.08238056097583425 0.11256278887066522 0.14320944183876896 0.1407034860883315 0.09597628848483314 0.16088958161043992 0.09543366882512921 0.16884418330599782
0.13648463621763635 0.08965518502842448 0.19416686483260806 0.11206898128553061 0.12643246256614696 0.11538123613612167 0.12494855077655427 0.10086208315697755
0.1125760708061008 0.06528161455297107 0.25202529792439604 0.13056322910594215 0.09901353747641625 0.07746508701026025 0.14556825692856537 0.11750690619534795
0.12333890415034361 0.07542862151567895 0.20053563450619377 0.09428577689459867 0.14344166808376627 0.10966432259527312 0.1401621399806273 0.11314293227351839
0.0984283092591031 0.12851514617886764 0.14323186498099572 0.16064393272358457 0.09214886011257799 0.1507334771690388 0.08171887012460607 0.1445795394512261
0.13841860111680282 0.09266775334921404 0.19585036063874725 0.11120130401905687 0.1281265361692122 0.11368630342057921 0.1231044147056714 0.09694472658071623
0.08785654754802144 0.11115509248327425 0.12280985494298415 0.1389438656040928 0.10296269579296989 0.17529911779836138 0.0942401871053847 0.16673263872491137
0.09210989083839466 0.13089163997687883 0.12415786761644314 0.16361454997109853 0.08563257831684896 0.17311036810365807 0.08323001020268926 0.14725309497398867
0.11840979247143092 0.07710800843903845 0.15702768140743154 0.09252961012684614 0.15079362635539528 0.14159687151456019 0.1468723970267399 0.11566201265855768
0.08396462995587782 0.11088064838958905 0.11363914095019947 0.13860081048698633 0.10762086489004173 0.1849654264995747 0.09400750624334726 0.16632097258438358
0.10387610225077454 0.07566354862385864 0.22185675859738763 0.13549760682208398 0.09845851884410563 0.09162989887699353 0.15106971984492046 0.12194784613987557
0.10484772117231221 0.07055525665393193 0.26406543709696456 0.13063590314690704 0.09316135376424726 0.0735127322726154 0.1456492830608053 0.11757231283221632
0.12077145149234793 0.08060514310664646 0.20394432558558923 0.09370364846066961 0.14107902293216587 0.10815526330436412 0.13929676696541335 0.11244437815280353
0.10813075722529579 0.07023205581963597 0.25498143059983197 0.12919147456252955 0.10145696532626448 0.07569613637776337 0.14403885298240232 0.1162723271062766
0.10442484323818955 0.06915316334664613 0.2760447974655535 0.1286520767719292 0.09252725782817507 0.06997352755532081 0.14343746469944937 0.11578686909473627
0.10296665873202239 0.06866168711138249 0.2840544511510471 0.12786674732267417 0.09015955755530382 0.06864894456695789 0.14256188097020536 0.11508007259040676
0.0937865918337274 0.13742552242510317 0.16434672381207954 0.16001987067596188 0.08194353801744787 0.13705845715302084 0.08140141247429364 0.14401788360836568
0.11842607265358082 0.07686027305971335 0.16986944546925056 0.09223232767165603 0.14912196023087018 0.1317989912116192 0.14640052011373972 0.11529040958957001
0.08339612255717796 0.11893068893855106 0.11582533573423717 0.1372715704574038 0.10658281684338772 0.18016164617533598 0.09310593474502171 0.16472588454888454
0.07736834201479986 0.124617065484348 0.10389202487223836 0.13843006928170537 0.09773077240781931 0.19795394363605978 0.09389169916498277 0.16611608313804643
0.10282057910304157 0.07704084705912179 0.21827830361890943 0.13624540412919744 0.09688703019251078 0.0942035141443585 0.1519034580365828 0.1226208637162777
0.10477166131524207 0.07077351036011931 0.2627893026950209 0.13087340653084592 0.09304690369561443 0.07404506791563181 0.14591408160976402 0.11778606587776133
0.10355276171381426 0.0691409232233283 0.2792366595338808 0.12857638445406255 0.09077367438856425 0.06964777726398487 0.14335307341370854 0.1157187460086563
0.10267692279945818 0.06859743641565534 0.2852644178005157 0.12774695143510997 0.08977860031642022 0.06853509744567884 0.1424283174955629 0.11497225629159898
0.136699125897789 0.09144016909910452 0.24016976941509469 0.10647901537133231 0.11948493751883518 0.09117971291978667 0.11871615594385854 0.09583111383419907
0.11035253065147695 0.06995299851592678 0.26846508656039875 0.1272261763785163 0.09572147338577575 0.07193048359596944 0.14184769217127116 0.11450355874066466
0.08299223257943623 0.11979139861683012 0.139566354541834 0.13930268230912193 0.09639111692809327 0.1603094378179859 0.09448355843575228 0.1671632187709463
0.1023889163973149 0.08168874193697605 0.23154379375954623 0.1336075758495922 0.09498582925111526 0.08657584818314257 0.14896247635767967 0.12024681826463299
0.09337412325861577 0.1471443234968927 0.150184782269098 0.1595608991179872 0.08264105445081792 0.14232207256211957 0.08116793563828045 0.14360480920618848
0.10695761383249797 0.06813847538883085 0.2442739528094093 0.1362769507776617 0.09234417054196593 0.08233910336473757 0.15086418645308905 0.11880554683180765
0.08213231514381666 0.1253034062429387 0.13366416600508224 0.13892029963295396 0.09537536926707037 0.16367588091928545 0.09422420322930791 0.16670435955954477
0.10232982318328024 0.0824898406568251 0.22909229636825096 0.1337730413532194 0.0949055964039649 0.08786670677050983 0.14914695804605207 0.12039573721789744
0.09331272036172637 0.14725260649929264 0.1494802337938894 0.1594630805659652 0.08258211113905456 0.1432742993645384 0.0811181757661649 0.14351677250936867
0.1069328417140686 0.06812761434416773 0.24424957804370073 0.13625522868833545 0.09232211731785596 0.08248587105886916 0.15084013920727404 0.11878660962572833
0.07244064873468242 0.11051263759271203 0.08223254702176627 0.0854465728177015 0.14019989293115415 0.24168277729874432 0.09659177796783648 0.170893145635403
0.07312753080158964 0.1292151283418451 0.09356447285717638 0.13351758452399234 0.1020447907868927 0.21774963827822266 0.09055975298149047 0.16022110142879079
0.10119756480615244 0.08381676620808928 0.21222653952686016 0.1349820817747881 0.09732936272006205 0.09846886347753459 0.15049494788920406 0.1214838735973093
0.10414439715858878 0.07534289944830848 0.2597347387827331 0.13028548631245204 0.09291574752917052 0.0750611986466423 0.14525859444089798 0.11725693768120683
0.12012568654546162 0.08509999170388996 0.2020398176703791 0.09317803816162533 0.14054511491411265 0.10868229325688111 0.13851541195369976 0.11181364579395038
0.1416110819638528 0.09824256803838127 0.2084952309860378 0.10562350497619025 0.13308555720110263 0.10011857665852963 0.11776232569733448 0.0950611544785712
0.11196138378910621 0.07573666205037774 0.25515681122043904 0.12737448361148915 0.09896307523840098 0.07415750517151463 0.14201304366833192 0.11463703525034023
0.10484408211010073 0.0730267173839325 0.27538552142458617 0.12780117916789518 0.09166834272709751 0.06976431856450943 0.1424887773707727 0.11502106125110567
0.10268819302741779 0.07233252225888853 0.28321683978407447 0.12715654733457762 0.08970603211162997 0.06868891189881476 0.14177006098347686 0.11444089260111989
0.09301200303643836 0.14410796114228833 0.16316493091392284 0.1585008387472183 0.08127613728355985 0.13665868646744747 0.08062868753662844 0.14265075487249645
0.08223329938356452 0.11090614586936172 0.11588420208029417 0.13308737504323406 0.10156346919116262 0.19015075834591477 0.09981553128242555 0.16635921880404259
0.08960142682293154 0.1548228072708286 0.08421467088751979 0.1118258473550454 0.11233579981519531 0.23716133455552466 0.07584709646690034 0.13419101682605447
0.11668728166691061 0.09663244858285004 0.144033586008476 0.09323011858038566 0.14740718796850355 0.1515404019022857 0.13859283299412556 0.1118761422964628
0.10870273490820095 0.07743103961320029 0.23039665784036664 0.13074832531021052 0.10438776301657701 0.08488536114908003 0.145774625383175 0.11767349277918947
0.08216481964702523 0.12674057047913814 0.13017021081054062 0.13830735991630583 0.09765435923661935 0.16518537780670092 0.09380847020410309 0.165968831899567
0.10237441704938122 0.0826986098334431 0.22754198025293398 0.13378742938147964 0.09544287216963455 0.08858300524596717 0.14916299962382878 0.12040868644333168
0.10387953263842688 0.07480835011715539 0.26552972117631246 0.12956711317042377 0.09204848217777771 0.07309873686904991 0.14445766199747248 0.1166104018533814
0.1028513506028139 0.07283339944755325 0.2796451865107493 0.1276921824198976 0.09012761772817808 0.06956004498205891 0.14236725413084106 0.11492296417790784
0.13622643103915175 0.09634968195324065 0.2375002139347383 0.10589137489617767 0.11911644861056281 0.09155263149174082 0.11806098066782794 0.0953022374065599
0.10985343653166388 0.07492293787346209 0.266641657057404 0.12639063986171403 0.09529548898498878 0.07222813250671649 0.14091613130850802 0.11375157587554262
0.1039861622796235 0.07265582566479654 0.27971928683299896 0.12730236000973438 0.09058633585118613 0.0692452741181658 0.1419326312347337 0.11457212400876096
0.1365193984457221 0.09627969591663028 0.2374606363333208 0.1058398993849509 0.11919515690568556 0.09144571425296845 0.11800358931426616 0.0952559094464558
0.10991767120684474 0.07491127407280677 0.26661667396687583 0.12638401645936898 0.09530856167709868 0.07220744109439597 0.14090874670917705 0.11374561481343208
0.08233727688743699 0.12606918886245608 0.13840283557470365 0.1380584193602528 0.09562551949396711 0.16019703302279564 0.0936396235660845 0.16567010323230333
0.07650619558078228 0.13526253115437875 0.10806483285507865 0.13689443143079907 0.09463259598160721 0.19151595917950545 0.09285013610088981 0.16427331771695888
0.10172767098758467 0.08433977491039783 0.21854899721730678 0.1346978237406527 0.09545258276532544 0.09382708761771605 0.15017802139442918 0.12122804136658744
0.13787547423266683 0.09970777711685488 0.21709712367005163 0.10766314913743225 0.1223525381566018 0.09837072673783519 0.1200363767248685 0.09689683422368901
0.11096517072399889 0.07585311414804256 0.2588267816562671 0.1273134445004091 0.09661087589590114 0.07390352341037768 0.14194498961463523 0.1145821000503682
0.09478555535792606 0.14503958300819297 0.15690384253195105 0.15860729348941338 0.08261828078141162 0.1386160400894964 0.08068284060113637 0.14274656414047202
0.12083813638818063 0.07672786194360039 0.16764142039358368 0.09207343433232046 0.14942421654384522 0.13205482901906837 0.14614830846400073 0.11509179291540057
0.08317544528596814 0.12457385881511528 0.11450036839424395 0.1358413481397651 0.10597970763892202 0.18078378304607903 0.09213587091218849 0.16300961776771808
0.10293202284503634 0.08268263856239541 0.22081868119908168 0.1341257477652347 0.0975360829816785 0.09165145428378701 0.14954019937407512 0.12071317298871122
0.10421435779904331 0.07495677381776124 0.26293428087879234 0.12983268961492644 0.0926686241804968 0.07379009314159074 0.14475375991395528 0.11684942065343379
0.08142074576930335 0.12631013533128974 0.13766381381400108 0.1383754445824852 0.09519712881589079 0.16112754881905764 0.09385464936898998 0.16605053349898224
0.07633446849566261 0.13529549312549063 0.10788568723442173 0.13688407248055695 0.09453145223510599 0.19196482942180298 0.09284311003029082 0.16426088697666835
0.10126726855272072 0.08852721633267327 0.21766629845165145 0.13393947205701778 0.0950661350436033 0.09365556885043194 0.14933251586058546 0.12054552485131599
0.08047458204955464 0.1333414604565311 0.126763750634332 0.1376901143026017 0.09522940225108495 0.1678827364853567 0.09338981665741682 0.165228137163122
0.08735917595734288 0.16516622370483838 0.1210454683944847 0.15676023609832426 0.08134141487020771 0.16750001794933653 0.07974325053697365 0.14108421248849182
0.08179662826642731 0.11070881941449381 0.10628173534420904 0.13285058329739258 0.10150620988200958 0.20115485720068235 0.09963793747304445 0.1660632291217407
0.08825446412597363 0.16328121965789402 0.08135660528657576 0.11001903262931849 0.11079829585487008 0.2396459385503002 0.07462160473988556 0.13202283915518218
0.1033294423904066 0.0954595702492485 0.20329116251319604 0.13203896250045064 0.09794853771247652 0.10188366884973157 0.14721358953408453 0.11883506625040557
0.1043581936602278 0.08123377867089512 0.25530759814157855 0.12960505275810671 0.0927930276403645 0.07555783984010475 0.14449996180642644 0.11664454748229605
0.09281794395702316 0.15320265909851008 0.15513606959903659 0.15742861424244914 0.08137786510729597 0.13826784358458272 0.08008325159289806 0.14168575281820422
0.0833279401634645 0.11088737190140228 0.11409749482607517 0.13306484628168275 0.10175900135650492 0.1907336529075051 0.09979863471126206 0.16633105785210342
0.0756600200646904 0.13952958351188235 0.10137238124156862 0.1347568302142973 0.09470000684567291 0.20087269702372995 0.09140028484100166 0.16170819625715674
0.10086105355480052 0.09276051410926266 0.21411441964924982 0.1334002725571574 0.09490362136248871 0.09516852480858962 0.1487313486570098 0.12006024530144165
0.10347126086182543 0.08131212059657075 0.25957503929880515 0.1292124175693523 0.09187753301533137 0.07419824997359917 0.14406220287209875 0.11629117581241707
0.11933544507587718 0.09084823690640273 0.20134863627301205 0.09249466971645227 0.13948114278864404 0.1079987267177998 0.13749953886206934 0.11099360365974273
0.10692860749836719 0.0802396495612994 0.25231095539880566 0.12746474849302142 0.10048584740295707 0.07573823572677485 0.14211368227505522 0.11471827364371927
0.10338616999196083 0.0779019379538777 0.273714516061471 0.1271679533898309 0.09171222996727113 0.06988325670085457 0.14178277788388607 0.1144511580508478
0.08062454145169304 0.1334874162879273 0.13932145318763967 0.13691570069872214 0.09421327306942824 0.1582742122530767 0.09286456221304631 0.16429884083846655
0.10095864368490448 0.09062967126915017 0.22985388211024727 0.13201769776650868 0.09377282020053264 0.08676147603613944 0.14718988094265967 0.11881592798985782
0.08011202807796367 0.1372948917417115 0.12915534821819005 0.1369622844249676 0.09458121248024885 0.16464333561523997 0.09289615813171717 0.1643547413099611
0.10114772185561818 0.09161281049753922 0.22570745490752506 0.13242754696817602 0.09414085481739752 0.08813198646562834 0.14764683221675742 0.1191847922713584
0.08014286807927735 0.13759164250413583 0.12820677918664353 0.13697122277820667 0.09465749522834827 0.16516230422258268 0.09290222066695758 0.164365467333848
0.10118324224891685 0.09169321494624587 0.22531731196307542 0.13246444738325705 0.09418344912752712 0.08825235826023606 0.14768797342581047 0.11921800264493136
0.10316131454463133 0.08081641434655865 0.26384463288872007 0.1287011233603395 0.09138523022001559 0.07276812563009553 0.14349214798533372 0.11583101102430557
0.08059872480921118 0.13441922160090816 0.13706562291558722 0.1369953593933097 0.0941630015040414 0.1594450469164649 0.09291859158850571 0.16439443127197165
0.1009716531060342 0.0913787820393387 0.2288445633541679 0.1320186278953409 0.09378210462428958 0.08699658590812677 0.14719091796689499 0.11881676510580681
0.10295342654705919 0.08099850290912233 0.2651251643900155 0.12846773017118815 0.09115948050832218 0.07244280632339103 0.14323193199683218 0.11562095715406935
0.10216590274143614 0.07812754843035223 0.2787558626844794 0.12680298103431062 0.08951337474613683 0.06913578648818139 0.1413758609442239 0.11412268293087957
0.11856541506463679 0.09021446014219538 0.2071759527774631 0.09209692494826971 0.13822192563332897 0.1063007469462175 0.13690826454996513 0.11051630993792363
0.14000727639753127 0.10556037653055798 0.20909911594751174 0.10445131362527217 0.13145069183139116 0.09896962358696337 0.11645541981802732 0.09400618226274494
0.12722507704007696 0.09480230670183223 0.18224638154439274 0.09040038968689566 0.149909347521655 0.11254977894333833 0.13438625093753445 0.1084804676242748
0.10914272761524454 0.08159743191327747 0.24423743116722457 0.12776579089783557 0.10304299447367761 0.0767750900341164 0.1424493220905719 0.11498921180805202
0.10409851184377387 0.07862029470266785 0.27053787845742294 0.1274065363709337 0.09242184244251227 0.07020027334573348 0.1420487801031156 0.11466588273384032
0.11918679076458165 0.09040143983817396 0.20458359957792147 0.09219258901338954 0.13927928271535506 0.1066747156665468 0.13705047560796418 0.11063110681606746
0.10674164213633007 0.08040479757583141 0.2535009422553383 0.12724459058079463 0.10030423094643943 0.07541544234993394 0.14186822263261728 0.11452013152271515
0.08112494762691697 0.13462663763266597 0.13458342507964668 0.1367183036530894 0.09595270282767304 0.1602013432750747 0.09273067552122587 0.1640619643837073
0.13217715899436 0.11952546030039841 0.18603734191337293 0.1078721518733172 0.12311640872022794 0.11391714233417705 0.12026939917816111 0.09708493668598547
0.11010683847944383 0.08605214653954463 0.24562255901816976 0.1274277568389588 0.09717255241254398 0.07686072621492959 0.14207243934134656 0.1146849811550629
0.10427380951067979 0.07939753102882025 0.27107069332578815 0.12733832365100808 0.09116097803177947 0.07018144515511683 0.14197272801090005 0.11460449128590727
0.10223242789721267 0.07765218376689621 0.28090838425676057 0.12647327322481763 0.08930477556648131 0.0685947480437961 0.14100826134169966 0.11382594590233588
0.10145587012590836 0.07709707822834924 0.2846117459907819 0.12606148449700974 0.08865017826094819 0.06811915920899789 0.14054914764069593 0.11345533604730877
0.10115828112194516 0.07690357822278955 0.2859953116058087 0.12589884368273702 0.08840963697324097 0.06795757380885903 0.14036781527015604 0.11330895931446332
0.08014102733761568 0.13356054342286805 0.14202376691746016 0.13671525871380302 0.09339829846233023 0.1573741844313016 0.0927286102580577 0.16405831045656363
0.10070553164629961 0.09107702757976151 0.23085371085287165 0.13180551965851117 0.0934733485419679 0.08650657584149854 0.14695331818642962 0.11862496769266008
0.11908035538374949 0.09367793718396904 0.1924552426090358 0.09292020098291946 0.14057023242755015 0.11165967056314159 0.13813211967013103 0.11150424117950336
0.10713470216038692 0.0813342553643732 0.2487622026623949 0.12777701089476773 0.10096716272689396 0.07656352483605428 0.14246183154983805 0.11499930980529095
0.08120191729285267 0.1349322641284992 0.13350738047274108 0.13674755383118564 0.09610427422726772 0.16065903067757462 0.09275051477245636 0.16409706459742276
0.10120003427285332 0.09155428184666664 0.22734483807516587 0.13212272260152144 0.09427815541054693 0.08728254165585192 0.14730697579602461 0.11891045034136928
0.11926815147566945 0.09382342144491648 0.1913568190800554 0.09297069493536864 0.1408949651758366 0.11191393164387942 0.1382071823218316 0.11156483392244235
0.10721396745032492 0.08138827995463785 0.24832544504189136 0.1278212301306366 0.10106873137202523 0.07663210623502228 0.14251113269788884 0.11503910711757293
0.13733178836687315 0.10411464664272499 0.2255840406368079 0.10550305575635598 0.12190791712366389 0.09297776748688678 0.11762803380596704 0.09495275018072037
0.14461321389901835 0.10802703920246379 0.2146355976334238 0.10337526708191336 0.12588993553380143 0.09516549805149412 0.11525570822416309 0.09303774037372202
0.1117991601274093 0.08295581967036923 0.25638694437582377 0.12583234080327066 0.09667389492944652 0.07280906384828432 0.1402936695224525 0.1132491067229436
0.08200386874502685 0.13535752092994846 0.1352148929791755 0.13660680302623796 0.09511969499411035 0.1591140066849149 0.09265504900910053 0.16392816363148555
0.0753578323963223 0.1492728696782415 0.10598676959459695 0.13451186361034168 0.0932190813682012 0.18900321344069798 0.09123413357918828 0.16141423633241
0.07363085903622078 0.1524578888060839 0.09878615483927067 0.13346577806870943 0.0921344533414002 0.1988413175357825 0.09052461469008118 0.1601589336824513
0.11292687918326386 0.10782662183127967 0.1497007504491029 0.0937638986120744 0.14154428596474494 0.14233455276291637 0.1393863328621285 0.11251667833448928
0.10712043853147347 0.08510823976105467 0.23174577727853998 0.12954896560131038 0.1025384088677065 0.08290667210652852 0.14443742881220725 0.11659406904117937
0.13779499790073574 0.10540032390137684 0.21996419628265235 0.10592952044892265 0.12275222923707521 0.09471865371275133 0.11810351011245555 0.09533656840403038
0.11020826929881417 0.08248577903545602 0.258816979680488 0.12594408389551084 0.09602392596280672 0.07275303188970093 0.14041825473126357 0.11334967550595976
0.10383559929941702 0.07839033554504105 0.2760174651057515 0.12672330315803437 0.09051645567094041 0.06917884232029861 0.14128702605828605 0.11405097284223094
0.10196289774055753 0.07733841974141158 0.2827481689080956 0.12624362517729346 0.08902280380160647 0.06831260106484698 0.14075222090662418 0.11361926265956408
0.08029887060918968 0.13371992926712156 0.14129790549544632 0.13674786629640895 0.09354655429359439 0.157540707777158 0.09275072670539042 0.16409743955569073
0.10076461836802424 0.09112631026130633 0.23055693701088806 0.13183444319764825 0.09352503729631759 0.08655608921383778 0.14698556577409438 0.11865099887788341
0.10284755907863204 0.08090627451424083 0.26577810500276416 0.1283893784039664 0.09105470230539399 0.07232896450790621 0.1431445756235267 0.11555044056356975
0.10211957032224538 0.07809362591754028 0.27900046643694626 0.12677298538098175 0.08947256731848394 0.06910267975167504 0.14134241802924383 0.11409568684288358
0.10149975856790391 0.07723126940426331 0.2839136642858994 0.12615771500844908 0.08874635983900019 0.06825285190731067 0.14065643747956932 0.11354194350760416
0.10119240250540375 0.07694657077942357 0.28573769177871133 0.12593185096199877 0.08845074262583176 0.06799745955952861 0.1404046159233031 0.11333866586579891
0.08014794679584897 0.13357551552948996 0.14196564570354445 0.13671759201551234 0.09340822888528072 0.15739376780640474 0.09273019284530404 0.16406111041861482
0.10070870598153414 0.09108125472486904 0.23082962970302834 0.13180744765056357 0.09347692914137032 0.0865138621594394 0.146955467753688 0.1186267028855072
0.102825719043047 0.08089096252137036 0.26588272290374804 0.12837739768309092 0.09103677109855818 0.07231555082156939 0.1431312180138342 0.11553965791478184
0.10211111388760394 0.07808816303563809 0.27903981989466303 0.12676831799543334 0.08946582435619008 0.06909806039191183 0.14133721424266968 0.11409148619589
0.10149653091562454 0.07722927641105706 0.28392837169047036 0.12615595658460804 0.08874383384689788 0.06825119265698272 0.14065447696821223 0.11354036092614724
0.13483728086577282 0.10253034927279994 0.23797054163167441 0.1048770958314565 0.11785938596970791 0.09060582497714631 0.11693013520313135 0.09438938624831085
0.10893329340557771 0.08151199433586671 0.26584857947597795 0.1252290796237608 0.09448548174913025 0.07166432142151183 0.13962107832679002 0.11270617166138472
0.10331262864104755 0.07803610655164181 0.2786751057419724 0.12641770840513397 0.08999610105221584 0.06884010132898723 0.1409463107143807 0.11377593756462057
0.10175602981039428 0.07720675572268627 0.2837426799669335 0.1261256309559932 0.08883880565513137 0.06819636387305426 0.1406206661554133 0.11351306786039389
0.1183530205890067 0.08993809973351048 0.2086952068752321 0.09200094338503637 0.1378838591123826 0.10596215673309224 0.13676558150969587 0.11040113206204365
0.08213113259173832 0.13569637196678616 0.12306422921414878 0.13435260869768145 0.1027912352283124 0.16961517466047035 0.0911261172036448 0.16122313043721773
0.1149202727278162 0.10392584436834584 0.15750302661396318 0.09352175467813201 0.14461649834447574 0.13426012801258402 0.1390263696409246 0.1122261056137584
0.14010974540555043 0.109868944597937 0.19163880774893338 0.10542683544219394 0.13438442333946174 0.10614403772418948 0.11754305384375952 0.09488415189797454
0.12750669094452385 0.0959166189240494 0.17671805333512483 0.09061111808236137 0.15115903667237673 0.11465562749193632 0.13469951285079393 0.10873334169883364
0.1093926994270905 0.08194449674846264 0.24203107372264251 0.12799085167859675 0.10348106124341598 0.07726780260351464 0.14270024806553996 0.11519176651073706
0.10423001297218078 0.07874052459248687 0.2696992855597262 0.12750448386486773 0.09257877739128158 0.07033489589173836 0.14215798424933762 0.11475403547838096
0.1360296895323708 0.10317570544687234 0.23310077489958925 0.10519238993763287 0.1192295458827933 0.09131707875476458 0.11728166460210711 0.09467315094386958
0.14405223120221253 0.10767592287888314 0.21728671884803552 0.1032489164959742 0.12500881626814336 0.09468853271038519 0.11511483674998917 0.09292402484637678
0.08645374322161171 0.14065181129867263 0.1246623941238337 0.13344315559095932 0.09960179319713233 0.16454604510998838 0.09050927074865069 0.16013178670915118
0.13363073482763613 0.12121918628944235 0.18193984812818603 0.10762083471115166 0.12395964716517212 0.11478179834101646 0.11998919929735863 0.09685875124003648
0.08433101924423463 0.14491526127898383 0.116294931059128 0.1332491788313623 0.09910603716510176 0.17182685392054373 0.09037770390301096 0.15989901459763478
0.07538289605259313 0.15194595342383294 0.10129695008893147 0.13371864818388735 0.09359605349425881 0.19290099434154273 0.09069612659428881 0.1604623778206648
0.10064805955779002 0.09589912016260395 0.21379519887529355 0.13314177072668165 0.09453637751581748 0.0937087411005892 0.1484431384072107 0.11982759365401346
0.1033646392580406 0.08239451802945913 0.2593385601183168 0.1291014216281728 0.09174940638826523 0.07392172443142699 0.1439384506809628 0.11619127946535555
0.1192446855956848 0.09157835358133473 0.20120742770852912 0.09242348879888795 0.1393652907971072 0.10787884331248856 0.1373937236473021 0.11090818655866554
0.10685714475782775 0.08087279824172783 0.25215991506245067 0.1273654766748084 0.10041844724790011 0.07569428740186535 0.14200300160609236 0.11462892900732757
0.1370845019426642 0.10407950486769936 0.22685446200400172 0.10537664451177088 0.12160537000570594 0.09267344190563455 0.11748709470192963 0.09483898006059378
0.10978736916200259 0.0822411254884563 0.2614604266901584 0.12561498923368025 0.09555855448563078 0.07223270588713385 0.14005133874262557 0.11305349031031223
0.08161438333147825 0.13534922250373266 0.1363344767822086 0.13654613086176629 0.09484671920415469 0.15883981282847248 0.09261389745406756 0.16385535703411952
0.11487173068425356 0.10421196835550314 0.16209586346865082 0.09362877140714532 0.1421422142215621 0.1315094689780169 0.13918545719629366 0.11235452568857439
0.10714498714310189 0.08428013971780615 0.236687692093428 0.12900162795884476 0.10225078510462364 0.08070611463228466 0.14382718818695078 0.11610146516296027
0.10392284622885059 0.07948877924571222 0.26774025080829833 0.12778982927772276 0.0925122777887223 0.07105904721050602 0.14247612309023716 0.1150108463499505
0.10225522493169527 0.07789449823720472 0.27965243812625235 0.12660716325952998 0.08967442296823744 0.06881226680489314 0.14115753873861028 0.11394644693357696
0.11854331018598624 0.09029525310106928 0.2074179176157928 0.09205052977777332 0.13821887323977713 0.10617418533334458 0.1368392950129287 0.11046063573332797
0.10648624173112119 0.08047386880281163 0.2545954059065569 0.1271020067692252 0.09998424051558348 0.07525717785909851 0.14170925232330034 0.11439180609230269
0.1369040758791098 0.10392954537011335 0.22768571186646533 0.10531772625946112 0.12142605581171756 0.09252952593212911 0.11742140524748876 0.09478595363351501
0.0852574046385615 0.13998245287596026 0.12713916392152966 0.1336740326070358 0.09894246624854496 0.1639297749855874 0.09066586559433734 0.16040883912844298
0.10214900921879584 0.09279091585490462 0.22432755407410745 0.1320017136821928 0.09487924342044768 0.08787796155408832 0.14717205988148957 0.11880154231397351
0.103332023322698 0.08151333418747528 0.2633186554744397 0.1285893075962488 0.0914818640660929 0.07266695676358872 0.1433674817528326 0.1157303768366239
0.10229359910890153 0.07840222663310098 0.27804698562275276 0.12684880442568422 0.08961572468627722 0.06920178493421805 0.1414269506059494 0.11416392398311577
0.10155550990396527 0.07744276621875382 0.28353445200054267 0.12617168421170308 0.08878937371957822 0.0682796860562044 0.14067201209871968 0.11355451579053276
0.13483906429439807 0.10275774872725077 0.23780623865392556 0.10485815718585417 0.11785701873376324 0.09060041091092291 0.1169090200266165 0.09437234146726874
0.08488584883425555 0.13961042084903408 0.12944493026791146 0.13365812046574002 0.09816797983537923 0.16318788217724628 0.0906550730115454 0.16038974455888802
0.07563745401097673 0.15060564508679095 0.10441755265934104 0.1340066517728167 0.09358951422473896 0.1900437319590016 0.09089146815895394 0.16080798212738
0.1006272602962349 0.09555891009728386 0.2151213030325628 0.1330402047814744 0.09445686940097467 0.09312936813028959 0.14832989995785278 0.11973618430332696
0.11930290647524887 0.0950305756561323 0.1875364405397477 0.09313204421404689 0.14117638395581703 0.11361615724067227 0.13844703886147866 0.11175845305685628
0.10733382010960849 0.08187744619863294 0.24678886246735565 0.127950058851966 0.10123410211036701 0.07700589018721311 0.14265476710808744 0.11515505296676938
0.08121807011485938 0.13532975840968545 0.13303153167298992 0.13671062217794538 0.09613862082314965 0.16079318471062062 0.09272546547721514 0.16405274661353444
0.10119093487766126 0.09188137241725938 0.22709955187214367 0.13209225914690265 0.0942748823889349 0.08730495474736892 0.1472730113175168 0.11888303323221237
0.10304016540604594 0.08128968696984297 0.26442078444411493 0.12850515387353267 0.09129408281988324 0.07252183136826815 0.14327365663213268 0.11565463848617939
0.08050693712555088 0.13525590188678815 0.13710890817652982 0.13684034014632787 0.09405966966982691 0.15920638672013446 0.09281344809924848 0.16420840817559343
0.10091588283346216 0.0917702681086504 0.2288026773362757 0.13195779726463674 0.09373034700420105 0.08693791356134174 0.14712309635325918 0.11876201753817307
0.11914816534417415 0.09403157572973134 0.19179196056263922 0.09292561261850601 0.14066613834117903 0.11178564783166461 0.1381401644298985 0.1115107351422072
0.10715426260744727 0.08157923574664888 0.24846749480650773 0.12776981687009487 0.1009920717499146 0.07659047228710598 0.1424538107491953 0.11499283518308537
0.13728076301416128 0.10433463081561006 0.2255991356818817 0.10546889216714989 0.12185731879769883 0.09294731261953966 0.11758994395352382 0.0949220029504349
0.12646849690597464 0.0947527597732488 0.18773960493693653 0.09040310838623505 0.14679072892182524 0.11097127854559599 0.13439029246670164 0.10848373006348205
0.14250745649582386 0.10693674005664573 0.2017630718426948 0.10442529340482713 0.1338994364630585 0.10005882845856709 0.1164264092140386 0.09398276406434442
