0.125 0.125 0.125 0.125 0.125 0.125 0.125 0.125
0.099626400996264 0.07845579078455792 0.199252801992528 0.15691158156911583 0.08685378548392246 0.06839735606858895 0.17370757096784492 0.1367947121371779
0.0745303753200788 0.12421729220013136 0.1056354961590544 0.1490607506401576 0.0931629691500985 0.15527161525016417 0.11179556298011822 0.186325938300197
0.07404950254662265 0.13739998702337416 0.09742181999485847 0.1480990050932453 0.09256187818327831 0.1542697969721305 0.111074253819934 0.18512375636655662
0.07235911333996942 0.13599316784123688 0.09469001654044039 0.14471822667993883 0.09044889167496176 0.17235413056357524 0.10853867000995412 0.1808977833499235
0.0895870681203208 0.16840809389960884 0.08780845980819565 0.13438060218048123 0.12150953653255658 0.21689242651518723 0.10078545163536091 0.08062836130828874
0.07295173961840629 0.12906846240179573 0.09118967452300786 0.16133557800224466 0.08754208754208755 0.15488215488215487 0.10942760942760943 0.19360269360269358
0.12841527004098824 0.11345356217475774 0.1673691299479216 0.12135243018873389 0.1282155766283705 0.10105747604258011 0.13434212865826461 0.10579442631838339
0.09901795830559586 0.16290405686071996 0.0921049878093597 0.1321053379331491 0.13409704496873598 0.20142840791268812 0.09907900344986184 0.07926320275988948
0.06324626838254403 0.12839905879914168 0.055137772436064034 0.09755144354072867 0.12649253676508806 0.2237944881228481 0.11027554487212807 0.19510288708145734
0.09925212369928475 0.08281644995797029 0.19703280266134113 0.14728374552794804 0.10402308937535447 0.07814141402967498 0.1630491606984203 0.12840121405000599
0.07680886975823764 0.12613487754963443 0.11250971402962348 0.13999484062001308 0.10756183064486317 0.15700018615760203 0.10499613046500983 0.17499355077501635
0.10951514689106949 0.09015669119924491 0.1460339645417976 0.09617901817737506 0.15767948030496146 0.1275468179457771 0.15266510821805568 0.12022377272171884
0.0847779467905477 0.16230995154907218 0.07390897925329798 0.1307620402173734 0.10173353614865724 0.20090232267624603 0.08869077510395759 0.15691444826084805
0.07345650422894542 0.1311649642761594 0.09180680243906948 0.13544816341084065 0.10640528001139812 0.19082195881190564 0.10158612255813049 0.1693102042635508
0.07282783138328196 0.1278946546597281 0.09453547837923673 0.1357043093498482 0.1089521104337277 0.18867699709448083 0.10177823201238617 0.16963038668731026
0.08995388201053238 0.1576172798952547 0.08799727479984784 0.12577262288794552 0.136276214521685 0.2325896849860081 0.09432946716595914 0.07546357373276731
0.06758899250396591 0.1374592821044624 0.08448624062995737 0.14947565649915537 0.08110679100475908 0.19912876070276456 0.10138348875594887 0.17937078779898644
0.07170142249076994 0.12734617928909964 0.09257834360023905 0.13429759956194193 0.10275615064648493 0.20272510528758073 0.10072319967145646 0.1678719994524274
0.07145536491174816 0.12535224480081716 0.09311549687890842 0.1332311385914046 0.10749980362983978 0.2028836740044728 0.09992335394355345 0.16653892323925573
0.08696384875667935 0.1523816966514078 0.08513960251534113 0.12156603006798013 0.13241749124043042 0.25741719017638803 0.0911745225509851 0.07293961804078807
0.0659741881460818 0.1339318876139892 0.08246773518260225 0.14590445455383474 0.07916902577529816 0.2185060810444695 0.0989612822191227 0.1750853454646017
0.09602782736232632 0.0805301224207233 0.20653501074977482 0.1417139274313183 0.09613230447930969 0.09863218925330394 0.1568831431067097 0.1235454751965339
0.09156196575643043 0.1504018301104566 0.11066264897134771 0.12506628686471585 0.13284481338327228 0.22062296764641068 0.0937997151485369 0.0750397721188295
0.0781039836394953 0.158236349254656 0.06809065240366258 0.12046807732955687 0.09372478036739437 0.2551056813253714 0.08170878288439509 0.14456169279546824
0.0692298363749701 0.12432669108160621 0.08910283524469105 0.12799898319207903 0.1019255978304689 0.23141808989202678 0.09599923739405927 0.15999872899009876
0.07244938334610065 0.12104942892922892 0.09330095839179774 0.12850964170095935 0.10430396647078592 0.22336733775920872 0.09638223127571952 0.16063705212619916
0.0721810691042914 0.12990166719539478 0.093293137813621 0.12718917223759094 0.10406935766766667 0.21898725150625342 0.0953918791781932 0.15898646529698865
0.06060255902003385 0.11059318100652624 0.05877640004535112 0.08011177457985064 0.1398119627541505 0.29374644393856564 0.09613412949582076 0.16022354915970127
0.06430635468250048 0.12619620144450766 0.0803829433531256 0.14221597670168376 0.07716762561900059 0.24261219413341073 0.09645953202375074 0.17065917204202052
0.08633346868872598 0.1586341576883356 0.11021346789638893 0.15428201588428792 0.08254612840003789 0.1927871290292681 0.08070136215485829 0.13450227025809713
0.0937267591923194 0.1678855003287987 0.08835397065907202 0.11648878731903738 0.12094216661662976 0.25534295300344223 0.08736659048927803 0.06989327239142241
0.06411972418126796 0.13242368825284628 0.08014965522658495 0.14180323617011184 0.08621800188324523 0.22894222460990762 0.09617958627190194 0.1701638834041342
0.07324360422666806 0.13199885361798336 0.0908024537979457 0.12708635028037601 0.09969407359123235 0.22300196392504243 0.09531476271028202 0.15885793785047
0.06356289300228829 0.11035714002834031 0.05817298395889249 0.0795592286082521 0.13773053023492254 0.2960276926208975 0.0954710743299025 0.1591184572165042
0.07345824552301033 0.14457272196093077 0.06404052173800902 0.1133024615364775 0.10987899694564339 0.28193547236654515 0.07684862608561081 0.135962953843773
0.11636969365320211 0.1077151649831417 0.1454621170665026 0.11742122702958646 0.1252484361907012 0.1511883513903856 0.13091590535985234 0.1056791043266278
0.11102704673211014 0.07990802986446173 0.22800582789726984 0.13270412915236543 0.101207569824231 0.08454769122276458 0.14690892604576064 0.11569077926103653
0.07320459206984573 0.10791595290246923 0.08191822006581453 0.08444306668551499 0.14665091891681392 0.23564943596589372 0.10133168002261797 0.16888613337102998
0.07475036487925943 0.14669770759214681 0.07057084641286268 0.11529543458694456 0.11309936487779977 0.2630313784268128 0.07820038171984063 0.13835452150433344
0.08855504658848463 0.08217265672388101 0.1898495385775802 0.14296838846815593 0.09584381071889655 0.11253992544238926 0.15939908385927234 0.12867154962134034
0.104039509347796 0.07635475432900936 0.25366223456538595 0.13248005447066385 0.09410235166332011 0.07720479735912472 0.1466608661620699 0.11549543210263002
0.07236039727397658 0.10756424241604262 0.08784918163208565 0.08460448197785782 0.14469958422005164 0.23218777015084072 0.10152537837342937 0.16920896395571564
0.06322194351428706 0.12413926023605304 0.0914838380281307 0.13981775969505794 0.0955630400547843 0.22315993156618674 0.0948329152714306 0.16778131163406948
0.10069447369106796 0.0835142708990398 0.21705903734759507 0.13542423337047604 0.09637828812871473 0.09894735116332845 0.149920193230645 0.11806215216913296
0.08218532581506682 0.12450794971601892 0.12718481842738025 0.129071789534078 0.10400033313632276 0.17490620430297735 0.09680384215055851 0.1613397369175975
0.09499128662132851 0.15983562974813673 0.0962119705927321 0.1164456651050199 0.12737908785333896 0.24793471218766694 0.08733424882876492 0.06986739906301194
0.07323798060820384 0.15095492898870336 0.07499180974505625 0.11296272354164774 0.10819278965777938 0.2674863041108188 0.07661819509781323 0.13555526824997727
0.08700190439693663 0.08121483523519821 0.1977610476940324 0.14046090589384952 0.0980383589137094 0.11250470464732318 0.15660342791448592 0.12641481530446455
0.09558590167939292 0.14866043292505426 0.14691032401169662 0.15481788320306525 0.08735116443529933 0.15072319512378005 0.08098166198314183 0.1349694366385697
0.09928400090976122 0.1661934765426173 0.100606699685977 0.11665294233246039 0.12302730775468458 0.23675410062567792 0.0874897067493453 0.06999176539947624
0.07278449083676844 0.15110996650538241 0.07843537240293401 0.11226325805592294 0.11255981133101887 0.261987416171631 0.07614377502923468 0.1347159096671075
0.08625960533500236 0.08059218890681474 0.2042149478917192 0.1392624953601243 0.09810208578123955 0.11096514129798361 0.15526728960300426 0.12533624582411187
0.11725097536842337 0.08524525658842627 0.18075065284453865 0.08882934101278084 0.15222066892163716 0.12366747500967665 0.140998953988541 0.11103667626597605
0.07600882750677525 0.14628602626025608 0.09747320115243759 0.11723649528658432 0.12337009936620112 0.21942462884598737 0.07951692723785718 0.14068379434390116
0.08574489248041256 0.07972316614856365 0.21536756966790932 0.138431513161148 0.09938556097881086 0.10241812925337972 0.1543408064647426 0.12458836184503318
0.11752715319914965 0.08493367969374771 0.18413660195765252 0.08860906289052538 0.1523613185380753 0.12102154893225568 0.14064930617543708 0.11076132861315673
0.0758711551042434 0.14602234438682482 0.09988407239484527 0.11702414850398096 0.12329768121143497 0.2180987194694542 0.07937290072443925 0.14042897820477715
0.08542238498832505 0.07942805723091338 0.2183950425581515 0.13791083841488622 0.0990487509186839 0.10191487833665741 0.15376029297898508 0.1241197545733976
0.10289195700684296 0.07437389937698184 0.27039070695542805 0.1293706149300552 0.09310351041854521 0.07386608388441852 0.14321858877075705 0.11278463865697119
0.08406852115902776 0.12231322659649416 0.14046288819119193 0.12851462614375309 0.10328196778497463 0.16432951783705227 0.09638596960781483 0.16064328267969136
0.0791909377018939 0.13007317279517985 0.10824117769793029 0.1266681609892908 0.1041613266212163 0.19832890221590727 0.09500112074196809 0.1583352012366135
0.07790787266918875 0.13066798175986497 0.10011728930929452 0.12570325565343435 0.1036197539917282 0.21057733530962056 0.09427744174007578 0.15712906956679296
0.09439919984656135 0.1589702448916127 0.08958264948247337 0.1145684566246604 0.12582237197918666 0.26198966073221397 0.08592634246849531 0.06874107397479624
0.07167767763784953 0.1481205547021016 0.0787929804110816 0.1105561023921072 0.11173171677423098 0.2714677670678886 0.07498587814421183 0.13266732287052863
0.08541526125698137 0.07967939583530952 0.20980356785937265 0.1378993374510302 0.0971644097921982 0.1121811538366143 0.15374747026256647 0.12410940370592718
0.10329126723605726 0.07447369360810635 0.268017955267669 0.1294617807816433 0.09285904077855495 0.07571263263307713 0.1433195131160235 0.11286411657886854
0.1046378094184148 0.15160001661918462 0.13049188748822835 0.11942618949084981 0.12801588633557132 0.20460285483510388 0.08956964211813737 0.07165571369450989
0.052841708959622355 0.1083760159351067 0.06371364887022929 0.08150338541701121 0.13763655322626353 0.3007876549819927 0.0921342617757518 0.16300677083402243
0.08530997657733705 0.07677070374421886 0.20280344454903942 0.1377293597754598 0.10195026443676966 0.11792186928005469 0.15355795783920667 0.12395642379791383
0.10338378744391963 0.07419630067556449 0.2656166944096287 0.12957904613256518 0.09401465123701483 0.07679384151094013 0.14344933067992563 0.11296634791044145
0.0843388696807252 0.12210416490302503 0.13986352674216387 0.12830899356319952 0.10344503772342585 0.16532142026106164 0.09623174517239964 0.16038624195399936
0.11735858259999804 0.09073505246152044 0.16016609440078522 0.08836630761440208 0.15395026694711553 0.1387018311178554 0.14026398034032075 0.11045788451800258
0.0634801040992614 0.12287185786359239 0.11641588425423469 0.14038869175798194 0.10350388884374816 0.18965298692271093 0.0952201561488921 0.16846643010957832
0.07536636343837344 0.12997385168315936 0.10278822763381114 0.1266048839716323 0.10405352824324629 0.20800337708651281 0.09495366297872425 0.15825610496454037
0.09307348312002303 0.1663673070009927 0.08969012509690473 0.11349401773694953 0.12503863654245234 0.2591195065577959 0.08512051330271214 0.06809641064216972
0.09449894445662707 0.08976367578856878 0.1497956811318573 0.09535285058123515 0.15149908487561575 0.16291792578367303 0.14174841668494062 0.11442342069748217
0.0626279404524866 0.12124362924167498 0.11292588858439201 0.13850409907761457 0.10717253924684472 0.19737907382511963 0.0939419106787299 0.1662049188931375
0.10036247072113068 0.08607080906331166 0.22706297005315917 0.13283535438762162 0.09776025169201609 0.09304876555910749 0.14705419777547038 0.11580518074818293
0.08330515895471693 0.12876755592517655 0.13014690328101722 0.1276139606857384 0.1038269054816653 0.17111159430020884 0.09571047051430381 0.15951745085717303
0.07854481879065917 0.13736979674763095 0.10535350183886709 0.125262866510191 0.10342313110299592 0.19952015198927386 0.09394714988264327 0.15657858313773876
0.07710526019126344 0.1386370696632496 0.09893163818107059 0.12435724084273202 0.10263085442464805 0.2096234550115721 0.09326793063204902 0.155446551053415
0.09322020886541195 0.16861108829384194 0.08868052413073921 0.11314156850150364 0.1242973808787734 0.25930811185269986 0.08485617637612773 0.06788494110090218
0.06638238412006968 0.12611926998985282 0.09568599341355057 0.13340128462724454 0.09836963574188047 0.22947901924231645 0.09048087131239195 0.16008154155269344
0.10167283694808592 0.08719264389041424 0.21905746651187832 0.1331744109074871 0.09613456771282455 0.0992377582652877 0.14742954728057178 0.1161007684834503
0.0834866821157109 0.12895014396338883 0.1281807928261774 0.127514645447836 0.1033374684551192 0.17350097629609568 0.09563598408587701 0.159393306809795
0.06685741343618379 0.11691811410436741 0.06695382442424468 0.07993024026094972 0.14063282246782183 0.2729308164713936 0.09591628831313966 0.15986048052189944
0.06497049961497345 0.12069309369201563 0.09106999026320675 0.13409352747347128 0.1020884826466959 0.23522178079424766 0.09095039254722401 0.16091223296816554
0.09070486794740903 0.07723046106646944 0.21552840428781792 0.13708613260330527 0.09836948743573964 0.10486231977200183 0.15284080754428211 0.12337751934297474
0.08155131218277735 0.12669769428234798 0.12752134333894644 0.1279698460800969 0.10412407792396743 0.17619603403167008 0.09597738456007268 0.15996230760012112
0.07815652214058946 0.13674540235183685 0.10469635025734715 0.12518232999232787 0.1034248207276591 0.20142991454558387 0.09388674749424591 0.15647791249040985
0.0770004535357204 0.13842368913372033 0.09876157161006786 0.12430278839322947 0.10259134723139278 0.21031457330941022 0.09322709129492213 0.15537848549153685
0.07661273596766209 0.13855519422120025 0.097181533969183 0.12400949394353064 0.10217125610245503 0.2134507979089077 0.09300712045764799 0.1550118674294133
0.0764819205964318 0.13848794226634492 0.09674606520495138 0.12390887584264716 0.10199566012815339 0.21456178427617703 0.09293165688198537 0.15488609480330895
0.07643726781049955 0.13843600048643903 0.09662108937681141 0.12387381165754198 0.10192763502095742 0.21495657233266668 0.09290535874315649 0.15484226457192746
0.0764218497551901 0.13841060895226878 0.09658367910062884 0.12386148030590499 0.1019022731450015 0.21509714812919586 0.09289611022942874 0.15482685038238123
0.09289809904422604 0.16825015833222645 0.08805062155012641 0.112928110866092 0.12386943551267601 0.26155062502542886 0.084696083149569 0.06775686651965519
0.06631451206068639 0.1259925392482312 0.09554936997354631 0.13330086981372508 0.09821916420228163 0.23024973705140234 0.09041276387365699 0.15996104377647005
0.11206095394527761 0.0960960232354547 0.1448704390629305 0.08808152961431355 0.15189728395061758 0.15707990640476233 0.13981195176875166 0.11010191201789192
0.08225467365458318 0.14332194715881255 0.0919293343054954 0.1133736960099553 0.12633680916875784 0.2298381628489144 0.07689694164153489 0.13604843521194634
0.09145563115982198 0.07823304348611279 0.2146227552781754 0.13577811285864153 0.10292687754865826 0.10340081495341676 0.15138246314239584 0.12220030157277738
0.10403405261756295 0.07638317960587263 0.2702637654553312 0.12829045374443626 0.09347207518492526 0.07369070778118833 0.14202280593604663 0.11184295967463675
0.10412378582588255 0.08184569205474684 0.21174911240675795 0.0946896228448313 0.1423100524914094 0.11089170285294465 0.14076248410962983 0.11362754741379755
0.08044149518048525 0.13927881983824458 0.1482715625350971 0.16013457367105371 0.0923989770584485 0.15389369402353437 0.0814597613891882 0.14412111630394833
0.13835141986854807 0.11737552416017723 0.19436841552334144 0.10502319290630968 0.12451819869721448 0.1125395761091718 0.1162649917399928 0.09155868099524433
0.10649266879147593 0.09142524453690713 0.1843613282905433 0.09354533427774374 0.15227985487182055 0.12057974579876501 0.1390614222994519 0.11225440113329248
0.09658471174327657 0.07610343024300241 0.25144767811886115 0.12960401283102485 0.10516524272511436 0.07995251042546156 0.14449880236533666 0.11664361154792237
0.09394699552662958 0.07336284372049359 0.2802261332041687 0.12834096546745702 0.09375744667404352 0.0717681476742719 0.14309059881222447 0.11550686892071133
0.10855835915031188 0.0847404907710541 0.21349592415225138 0.09304624281380988 0.14135630410204383 0.1088276983167114 0.13831948931724575 0.11165549137657184
0.13226192379997467 0.09798262524767261 0.21684490461487554 0.10530456866611271 0.13400041960057496 0.10142471075847283 0.1174067355128152 0.09477411179950143
0.12325450437610723 0.08643776426338538 0.18888278380182558 0.09074174883433715 0.15205821777304657 0.11484117811278048 0.13489370423731314 0.10889009860120456
0.10779665535680781 0.07445248322086431 0.25133677120770526 0.12750160046930356 0.10399693775468997 0.0780093420897936 0.1421547694784623 0.1147514404223732
0.08148457680834077 0.1253265731740578 0.13751293717141214 0.1371560278610777 0.0976046000944109 0.1633004847342418 0.09302756672316576 0.16458723343329323
0.07851146596246528 0.13701621215039925 0.107495076505829 0.12587256224949456 0.10231365552307613 0.1970459031097467 0.09440442168712092 0.15734070281186818
0.07716173398657875 0.13865483614511334 0.09954013857166209 0.12447341077602046 0.10244468135044005 0.20877837761814444 0.09335505808201536 0.15559176347002557
0.1138276671416356 0.09488467491896692 0.15175298553366293 0.09386188359299315 0.14572507877776106 0.1477814556060435 0.13953199411734504 0.11263426031159177
0.09387348531844758 0.14717408255298312 0.1294180442169599 0.155455288897364 0.09160620693765846 0.1634837024994307 0.07907942956952865 0.13990976000762761
0.08052436521358083 0.1420263451281803 0.10518938936621346 0.12515159561130262 0.1004166222392277 0.1963884912188898 0.09386369670847697 0.15643949451412828
0.09385374582546219 0.17492522140814865 0.08989844026359958 0.11285803989451737 0.12346701071198221 0.2526391880386917 0.08464352992088804 0.06771482393671044
0.0741333396508582 0.14760708458458824 0.0929309310018158 0.1275128144624215 0.09632091965369743 0.22199258087372276 0.08648695241799025 0.15301537735490578
0.10016799294170349 0.09054968867347782 0.21198195731200636 0.13283638502536615 0.09587285070479347 0.10093572267960148 0.14810265614022167 0.11955274652282954
0.10593679306483418 0.07987644450933282 0.26863676022457883 0.12781424444533557 0.09171489754811755 0.0730974346916344 0.14149562266638693 0.11142780284977971
0.09632408127343843 0.15559332979374538 0.11743464766308435 0.11336823211571437 0.11293575500698189 0.1914088399123025 0.07689323569587582 0.1360418785388572
0.10381374570082283 0.09044325160542015 0.22100912189336727 0.13026017767521647 0.09807611960566777 0.09393304641272616 0.14523037719908463 0.11723415990769483
0.08027929069474328 0.13316271638452484 0.12952472202517645 0.13629336593589908 0.09601100413616871 0.16873440480475538 0.0924424568956533 0.16355203912307886
0.10382989260132616 0.08983619609263215 0.2336454980800783 0.1313357341666791 0.09430569176012166 0.08715511122330018 0.14539405654593698 0.11449781952992538
0.07080979151177559 0.1173026947608042 0.08153636441927106 0.08382293351391362 0.14010712499209468 0.24401886414988938 0.0947563596244241 0.16764586702782724
0.09912091472332943 0.08543228665764935 0.20573150067184595 0.1322626862743231 0.1058996863541598 0.10505348282565344 0.14746302484614826 0.11903641764689078
0.11825296096749031 0.08954513698749103 0.18736909848132755 0.09260512801950997 0.14578805694173627 0.1176497224306271 0.13766374254840588 0.11112615362341198
0.08237252425283229 0.13092643982291918 0.12018589532850721 0.1337324458135053 0.10565154506044383 0.17594672975903433 0.09070548498655143 0.16047893497620636
0.07800808881400512 0.14150089965859453 0.10264606601454083 0.1245858636197943 0.10341036377536482 0.20067699087811183 0.09343939771484573 0.15573232952474286
0.0741446320384511 0.1431623713099455 0.09890423788131819 0.13276437631277513 0.09496235213696856 0.206695897420025 0.09004888132518661 0.15931725157533014
0.10321364705013907 0.09253133449816266 0.21989341025197512 0.1324632966737279 0.09495412709623358 0.0948210470965648 0.14664231459199828 0.11548082274119867
0.07073987340883835 0.11989831253218275 0.07907466668550618 0.08324110192713534 0.1394475218887343 0.24701768274222294 0.09409863696110952 0.16648220385427068
0.09935897871520871 0.08815364507789024 0.20400654079081915 0.13180222307986167 0.10557743115817109 0.10552953765892487 0.14694964274724873 0.1186220007718755
0.07964770770516444 0.13489424506134212 0.12501131827665804 0.1356104903256699 0.09744753471428058 0.1726768264356268 0.09197928909045437 0.16273258839080387
0.10379081961443833 0.09026110758165051 0.23160543749742665 0.13147206469126801 0.09474252665535002 0.08796639213693398 0.14554498004080135 0.1146166717821311
0.09573359932052639 0.16122775889048718 0.10920410493606522 0.11246618936193246 0.11310921020343488 0.1970182946599242 0.07628141539331071 0.13495942723431895
0.1349557384508819 0.12250362987772918 0.175343606889195 0.1051089955400587 0.1272961402316967 0.12300510695211128 0.1171886860722744 0.09459809598605283
0.1115094544907139 0.08522772958820837 0.2441018496611163 0.12638021102731406 0.09895496018682624 0.07917910118481526 0.1409045039364233 0.11374218992458265
0.08230569558047232 0.13416471783029843 0.1348930788849279 0.13557573811408694 0.09616234289541063 0.16225182293269286 0.09195571802520679 0.1626908857369043
0.13888891077657264 0.11982421270509273 0.18882708836781098 0.10487229624607802 0.12557300803760274 0.11448941087195846 0.11609794293420113 0.0914271300606834
0.08577462402504213 0.14162976894318427 0.11956937931386535 0.1319402848587528 0.10026903113708764 0.17299863755258424 0.08948993233898017 0.15832834183050337
0.10543891597511149 0.09145443740052338 0.22870319363840072 0.13127849320743334 0.09532903360412957 0.08801732056815782 0.14533068845104544 0.1144479171551983
0.09635370276309115 0.16153350920414097 0.10856970684423953 0.11236484276455534 0.1132296967625315 0.1968980543819289 0.07621267596204623 0.13483781131746642
0.07653719074319631 0.15165612234322962 0.09882988801477455 0.13001626964203428 0.09587848128213305 0.2028775762991591 0.08818494810503193 0.1560195235704411
0.10379069716396688 0.09396053405122341 0.2195112369466147 0.13216442136691 0.09501173203326117 0.09402966631514373 0.1463114473414714 0.11522026478140872
0.07104905768974101 0.12023375773241447 0.07900870534904315 0.08319423927196683 0.1396106368750465 0.24646946275215284 0.09404566178570163 0.16638847854393365
0.07175032184432817 0.13916946818836537 0.09175818837102824 0.12993169016462322 0.10155095049594405 0.22179377158302727 0.08812758115513576 0.15591802819754785
0.10021726195320108 0.0918317729417691 0.21091406607998966 0.13238259886362103 0.0971452433875756 0.10076799936206993 0.14759671843451477 0.1191443389772589
0.10367538797051883 0.0802148892345523 0.26197298068999475 0.12797469291573485 0.0927623358909756 0.0755402574232354 0.14268223225082674 0.11517722362416136
0.13646835851199554 0.10202136787951116 0.2344926769940099 0.1042929174219468 0.11984496229903047 0.09273727134182232 0.11627881987193173 0.09386362567975211
0.11011352890141533 0.07998822538294026 0.268554453514384 0.12389937550651536 0.0955111891899961 0.0722852320811732 0.1381385574677119 0.11150943795586382
0.10382250539364413 0.07633040112157019 0.2844047885404852 0.12480012934017087 0.09032784538216856 0.06885138304400493 0.13914283077180242 0.11232011640615377
0.10191864237651402 0.07541046948313153 0.2908972345477929 0.12435328059013269 0.08886447068464297 0.06799332202423498 0.13864462776243153 0.11191795253111943
0.10125731862198796 0.07509620000855864 0.2934668707327552 0.124085268984872 0.08836792566988805 0.0677038590721214 0.13834581482343192 0.11167674208638481
0.10101275588934056 0.07497613596824967 0.2944731338526709 0.12396960404301152 0.08818469182226688 0.0675941777407806 0.13821685704496955 0.11157264363871038
0.11828019161887633 0.0878185127465388 0.2159930844475226 0.09077535030285953 0.13769655842766854 0.10556222701601599 0.13494365507708672 0.10893042036343142
0.10670098665356662 0.07824152335267753 0.26163771728882124 0.12530571669667231 0.10035389040000889 0.07527849763734645 0.13970652294390182 0.1127751450270051
0.1033311337282208 0.07624584572700081 0.28175871502305216 0.12519450638447333 0.09163604444456029 0.06957616720158975 0.13958253174507698 0.11267505574602599
0.10193879904030938 0.07546868127374987 0.2898707484912541 0.12448201921417702 0.08923201376762427 0.06818575919924501 0.13878816172088096 0.11203381729275932
0.1351576687871606 0.10020601895699954 0.24429524078341602 0.10347235960358846 0.11800504761249317 0.09037458147299254 0.11536395914012028 0.09312512364322961
0.14443117690951565 0.10471061955976874 0.22461920131983226 0.10175209937676541 0.12500928909194414 0.09445472693824326 0.11344599736484143 0.09157688943908886
0.14758289743254546 0.10585680867909221 0.21695847595026962 0.10180266945704411 0.1271737484616297 0.09550061827761365 0.11350237923046558 0.09162240251133968
0.11331605418610168 0.08091444065542633 0.2608887550275759 0.1241938696873101 0.097443481417622 0.07300201980526451 0.13846689650212035 0.11177448271857908
0.12212149790579518 0.08924256607172476 0.2046680112377853 0.09100672668552615 0.14116494692512555 0.10730056754128617 0.13528761161012545 0.10920807202263139
0.08350754385874604 0.13340980050976986 0.1240947305280023 0.13311576953859455 0.10455177832079568 0.17129423619768777 0.0902872176000902 0.1597389234463134
0.10475359238027167 0.0898633945501405 0.23081023064479525 0.13117733830132328 0.09620006298348666 0.08761694450138527 0.1452187058118027 0.11435973082679467
0.0812735020282769 0.1355353719721203 0.13159970233280055 0.13563743113069066 0.09556040563099359 0.1656311075639946 0.09199756198429454 0.1627649173568288
0.1040995073343956 0.09016203567843863 0.23445448209525138 0.13115295708595925 0.09409139865381286 0.08650942893971503 0.14519171480415513 0.11433847540827217
0.1203861044050035 0.09179826281652292 0.19651323621648842 0.09180617226196816 0.1410479348954087 0.11180484153663418 0.13647604115361237 0.11016740671436179
0.10794845817932902 0.0794593324759017 0.25360240247103527 0.12615844397031228 0.10174777091996236 0.07688374219253159 0.14065725021764666 0.11354259957328104
0.10395329148127724 0.0766696738525365 0.27856628222792607 0.1255627548363969 0.09219763803616268 0.07005077892519941 0.139993101287744 0.11300647935275719
0.10223479333258037 0.07562330292015894 0.28861209250349196 0.12462382023657487 0.08945632600870686 0.06834196750688087 0.1389462592786887 0.11216143821291738
0.10148469038838571 0.07518673051118187 0.29256199442593356 0.12417788838376588 0.0885664152606182 0.06781310294342228 0.13844907854130314 0.11176009954538932
0.10116880479345718 0.0750078114347755 0.2941042833687665 0.12399540551827991 0.08825453420038148 0.06762767195347678 0.13824562376441057 0.11159586496645191
0.08063717388168659 0.13107590139494513 0.14699790763198076 0.13547667419983414 0.09378991696224184 0.15756189004092752 0.09188852684858316 0.16257200903980096
0.11586902781670858 0.09961388899633718 0.16214470044067872 0.08771972175277512 0.14976393252246015 0.13600142270423793 0.1392376535758335 0.1096496521909689
0.1224029495867421 0.0926383728128382 0.16942330003795064 0.09033338883222043 0.15840908252838629 0.1241061899361955 0.13428664966700232 0.1084000665986645
0.10919992557995596 0.08014802022177703 0.24188512774532564 0.12695640684568646 0.10635831992680202 0.07964451424511458 0.14154691927422058 0.11426076616111781
0.10464641408875658 0.07708133627438907 0.27385215710340344 0.12606123216651335 0.09355119334014703 0.0708036917659056 0.1405488663110231 0.11345510894986201
0.10256521810723662 0.07581780246751886 0.28675698506899694 0.12483964391739824 0.08989291408206032 0.06858487025456879 0.1391868865765619 0.1123556795256584
0.1354936743004821 0.10034987430439873 0.24317538334571345 0.10354404189941716 0.11827902999151922 0.09052447889844965 0.11544387955054419 0.09318963770947543
0.10965742580206365 0.07944665546046871 0.27204188194335854 0.12348445996860102 0.09488859719288854 0.07166900805409508 0.13767595760678353 0.11113601397174092
0.1209403001762742 0.08881908548843888 0.20835806493711134 0.09086315057294221 0.14012337416588766 0.10678606789621714 0.1350741760755977 0.10903578068753066
0.12332166484489278 0.09004121128047529 0.18505709929881084 0.08992394683433515 0.15448759337363882 0.11558176152933476 0.13367798663731015 0.10790873620120216
0.10887595198894558 0.07927264787691314 0.24844439362407472 0.12628751482480888 0.10495769961901665 0.0777018741356559 0.14080115458825707 0.11365876334232798
0.1043314182740095 0.07674895858369095 0.27645827865648365 0.12574903538717042 0.09304006840464721 0.07029731864522222 0.1402007902003228 0.11317413184845337
0.1363314037029624 0.1007727614375039 0.239467135738408 0.1037780414499819 0.11943487227755714 0.091110776501832 0.11570477158677087 0.09340023730498372
0.12695249753409424 0.09189317325408451 0.19515575837020896 0.08919078068027692 0.14660447834779047 0.11058628909041286 0.1325880859067997 0.1070289368163323
0.0842855020640983 0.13394401403286488 0.12163887641380411 0.1327813955432274 0.1056431123226724 0.17230900016822762 0.09006042480323252 0.15933767465187287
0.09425353311700037 0.1708658742533652 0.12359858311900751 0.1494716189859776 0.08655370323440202 0.16676294183288365 0.07818515454651137 0.13030859091085228
0.11947849965167195 0.10739717800320113 0.15361144140794336 0.0871953871118548 0.14662224503560636 0.13829563853188054 0.1384053763680235 0.10899423388981848
0.09687317756300495 0.16208752707407678 0.09108359467387712 0.1083584898322246 0.12350121633635334 0.21457048318341534 0.07349532353837841 0.1300301877986695
0.10543847116289437 0.09503976149631026 0.20789988604565113 0.130013466315854 0.10105366450936135 0.09858731834096926 0.14495531244469093 0.1170121196842686
0.13858653268042032 0.10648532347160354 0.2147281992614204 0.10536980612578443 0.12344641752079268 0.09907142501489083 0.11747947041188204 0.09483282551320599
0.11143761218130287 0.08128934769514447 0.2604388011327904 0.12472132146088964 0.09692997270945536 0.0738787896380278 0.13905496586758886 0.11224918931480068
0.12166235950609694 0.08936461731271673 0.2045826558193717 0.09106342716552097 0.14108386486229194 0.10759506205349761 0.13537190068187893 0.10927611259862514
0.08341947972092127 0.13343873634514564 0.12406614763739147 0.13310891215130982 0.10455028180751519 0.17140318125351742 0.09028256650262753 0.15973069458157177
0.10484844048958933 0.08986016540333278 0.23077414324945023 0.131157849977345 0.09619015258879858 0.08762937584954222 0.14519713143605142 0.11434274100589052
0.09653999225095808 0.16094900601042714 0.10898715583020967 0.11233559660800002 0.11349728629085308 0.19669540764148222 0.07619283943846958 0.13480271592960003
0.10498124424536008 0.0944607615225971 0.21631877639911698 0.1296922661523513 0.09837853910833161 0.0948481748025797 0.14459719823254688 0.11672303953711617
0.10464548985284428 0.08038871440342805 0.26384058697915663 0.1274256848834498 0.09272411809997425 0.07422216012046466 0.1420701292655776 0.11468311639510483
0.10295214355919026 0.07668844836340977 0.2828879274394377 0.1253625176768675 0.09006170102618159 0.06945114422779194 0.13976985179794033 0.11282626590918077
0.13574697617478776 0.10064993269645561 0.24181764198344735 0.10365754898796843 0.11845030524387598 0.09081536934069263 0.1155704314836006 0.09329179408917157
0.1267605605888801 0.09184737757117892 0.19594892685310272 0.08916756496479107 0.14624050580820983 0.11048041206962263 0.13255357418646554 0.10700107795774928
0.10932299983093481 0.07929324125761952 0.25293938763259277 0.1257798875760762 0.10273476453386159 0.0764926322618961 0.1402351880885506 0.11320189881846857
0.08218809794901907 0.1323734525760349 0.13706107459630584 0.13553315777173042 0.0971134575676461 0.1611641327680137 0.09192683744517369 0.1626397893260765
0.09401340675839003 0.17064791567145335 0.1281314248226586 0.14987441795131912 0.08499690541715094 0.1632803310059058 0.07839584938992078 0.1306597489832013
0.11944908601151617 0.10735452705739361 0.15518852211541503 0.0872058025989438 0.14606710526839334 0.13730579481244604 0.13842190888721234 0.10900725324867973
0.09689844341607858 0.16212569471968877 0.09141983553780311 0.10839426247521126 0.12339668890792505 0.2141723732507227 0.0735195867223172 0.13007311497025353
0.10543522279532908 0.09503769947629605 0.2080535134615608 0.13000254168437952 0.10102245643569065 0.09850314633493423 0.14494313229586792 0.11700228751594158
0.10502752686967827 0.08069983315166365 0.26044800953016667 0.12776724135846532 0.09354936101508941 0.07506657160638709 0.14245093924593072 0.11499051722261877
0.08145457657530555 0.13296168123532617 0.13893861115937803 0.13575948619325834 0.09511346319889959 0.16078045104875588 0.09208034715716651 0.16291138343190997
0.10401636821196794 0.08946940252454882 0.23764337235539137 0.13081678024221702 0.09375361054711746 0.08543551473997889 0.14481955321889714 0.11404539815988152
0.08114463154004789 0.1354263388388095 0.13324957449964 0.13563416955444108 0.09502731294679907 0.1647616193701817 0.09199534978475137 0.16276100346532932
0.10413235010647791 0.09008497905137615 0.23515742914804827 0.13106214631588708 0.09391088892267893 0.08630171586218878 0.1450911835487232 0.1142593070446195
0.08116445651534261 0.1356096269009765 0.13264663028164805 0.13564063204734939 0.095061154017967 0.16510900873908615 0.0919997330408109 0.16276875845681926
0.10415860409693505 0.09013641155560893 0.23489380744363836 0.13108914656949283 0.09393752894339769 0.08638058172431186 0.14512107393936524 0.11428284572725014
0.08116957578770191 0.1356254982170736 0.13258328459308893 0.13564193728801732 0.0950674407379901 0.16514132029602602 0.09200061833448132 0.16277032474562078
0.10416213911732766 0.09014119291074389 0.23486608082562527 0.13109198998279056 0.0939409350966877 0.08638811575167328 0.14512422171477016 0.11428532460038153
0.12039501453243871 0.09178460994106963 0.19664301654319918 0.09179482146735894 0.14100925788769875 0.1117603264323449 0.13645916743505898 0.11015378576083072
0.08314544475044822 0.1341278383727692 0.12210865729777623 0.13310048676562317 0.10449212178255153 0.17302801501887838 0.09027685189320529 0.15972058411874782
0.10485726502887192 0.09004620483523768 0.2299157134796737 0.1312464448006096 0.09624186465046379 0.08797732013938665 0.1452952095472764 0.11441997751848015
0.08129379560680126 0.13558473947938945 0.13137999278148577 0.13563312077319928 0.09558415610283165 0.16576981189097906 0.0919946384374743 0.16275974492783912
0.10423263711800186 0.09016715326186094 0.2343320231783382 0.13114008573146188 0.09409188998053977 0.08653149081674573 0.14517746568562326 0.11432725422742832
0.09644165652097293 0.16112690603303084 0.10973525230806687 0.11238298978625717 0.11297712170676895 0.19625150152462903 0.07622498437676573 0.13485958774350862
0.07679004601080315 0.1515251340331848 0.09909162349315469 0.12998252387439813 0.09585464812750386 0.2026149361403467 0.08816205967133091 0.1559790286492777
0.11490299368164507 0.10380237744348685 0.14562848807936712 0.0876211259835482 0.15052702931642878 0.14891042566125037 0.13908115235483842 0.10952640747943525
0.08147872525168466 0.13670678875987102 0.10911971855631233 0.13208397950248485 0.10586780567077014 0.18665481206290563 0.08958739479298973 0.1585007754029818
0.11512734097312828 0.10229116161882773 0.15378261160681822 0.09267373183774967 0.14651616561725303 0.14063478340898514 0.13776572673193832 0.1112084782052996
0.10816706082281236 0.08249498413078171 0.2357253247331074 0.12801128817593224 0.10443606276534108 0.0832320867787289 0.14272303323495728 0.115210159358339
0.1385773331078446 0.10287383612443438 0.22465985295703736 0.10461931989786873 0.12363633248178524 0.09483320324875696 0.11664273427419096 0.09415738790808184
0.08647961125388436 0.1371613138501561 0.12871288847011453 0.13254317334796573 0.10034086149924533 0.1658114955511505 0.08989884800992458 0.15905180801755883
0.10545123648657583 0.09036674981925652 0.23274092220283538 0.13089245888769835 0.09505884330413086 0.08647508229421619 0.14490333259037017 0.1141113744149165
0.08140934457433827 0.13568274097942168 0.13206539383866098 0.1356239709273715 0.09531607064039711 0.165165281471878 0.09198843245508675 0.16274876511284578
0.07824254624729428 0.1432284875212987 0.1056660120266294 0.12496276685645047 0.10117341851150671 0.19680123512391948 0.09372207514233787 0.1562034585705631
0.08686031930450626 0.17278468225236326 0.08092805412767407 0.10770663235956536 0.11022166636583496 0.2391974926364376 0.07305319412213998 0.12924795883147844
0.10330821319654908 0.09744400762006641 0.20355196651994595 0.13056645200015138 0.0984079458626455 0.10363975778541139 0.14557185021509414 0.11750980680013624
0.10717318651601684 0.08116718787150157 0.2648073522271022 0.12785344008862695 0.09236022641494289 0.0736376196164843 0.14153901385472742 0.11146197341059785
0.12060318772590459 0.08945690962307991 0.20628853760270793 0.09121432648746756 0.13971395821955973 0.10766966589733754 0.13559622265898164 0.10945719178496108
0.08321935670642806 0.13347212738675343 0.12447322978941473 0.13312034019608654 0.10424162522108155 0.1714385947667167 0.0902903176982152 0.15974440823530384
0.10480017327497819 0.08985577387432317 0.23095803790332783 0.1311422328261806 0.09610928739939985 0.08762552606045965 0.14517984260773756 0.11432912605359333
0.08128322098951317 0.13552715895527714 0.13163143997660418 0.13562933157432 0.09555404890805307 0.16562753333490107 0.09199206837214749 0.162755197889184
0.09376318222590811 0.1716364223917044 0.12654257930938936 0.14979460688061824 0.08463185056233351 0.16468708646836355 0.07835410206063108 0.13059017010105178
0.07997947086885301 0.15249491677363097 0.10359489958000523 0.12364080100826098 0.0977647993026266 0.1952435104501014 0.09273060075619576 0.15455100126032623
0.06545801172459109 0.12439779122553787 0.06238715549453091 0.07857678130725798 0.1367320406084252 0.2810025194564314 0.09429213756870956 0.15715356261451596
0.07021422952023329 0.1391142036830931 0.08705930885365105 0.12856281283297363 0.10004299412605262 0.23353195035858493 0.08719912522584299 0.15427537539956834
0.10003644089977584 0.09191784731377728 0.20870613701621024 0.13245614558515822 0.09691217571011797 0.10308200490785076 0.14767871754046744 0.11921053102664239
0.10385799553204295 0.08027585086569322 0.2610494448504151 0.1280423386473071 0.09278219245511729 0.07599642067350705 0.14275765219334088 0.11523810478257639
0.13674633071188147 0.10202862152874573 0.23411972010483734 0.10428166423913665 0.11986612890339146 0.0928377632838962 0.11626627341288817 0.09385349781522298
0.08613532879861187 0.13691110004965323 0.1309951953464857 0.1325352774103674 0.09948044876136661 0.16500682423665122 0.0898934925044231 0.15904233289244088
0.10529086892872691 0.09025726052007207 0.23375484103622993 0.13079878759503205 0.09479764865140448 0.08627124638736006 0.14479963461883885 0.11402971226233562
