0.125 0.125 0.125 0.125 0.125 0.125 0.125 0.125
0.099626400996264 0.07845579078455792 0.199252801992528 0.15691158156911583 0.08685378548392246 0.06839735606858895 0.17370757096784492 0.1367947121371779
0.0745303753200788 0.12421729220013136 0.1056354961590544 0.1490607506401576 0.0931629691500985 0.15527161525016417 0.11179556298011822 0.186325938300197
0.0941861720370306 0.15697695339505102 0.09290686415623167 0.1412792580555459 0.12770256223733997 0.19622119174381378 0.10595944354165944 0.08476755483332754
0.11178451178451179 0.09023569023569024 0.13973063973063973 0.1127946127946128 0.13414141414141414 0.10828282828282829 0.16767676767676767 0.13535353535353534
0.09546998795010427 0.07518261551070711 0.2157073414008412 0.15036523102141422 0.09359443577625305 0.07213225922952185 0.1664604918104382 0.1310876373007201
0.07204289558078153 0.12007149263463587 0.11727177563555445 0.14408579116156306 0.0980263117291014 0.16033015093523753 0.1080643433711723 0.1801072389519538
0.07089755931507817 0.11816259885846364 0.10164572869020629 0.14179511863015634 0.09687889627026347 0.18702986097551957 0.10634633897261726 0.17724389828769543
0.05978925026726846 0.09964875044544744 0.06299228940772957 0.0896838754009027 0.13902597135244002 0.2618714618433232 0.10762065048108323 0.1793677508018054
0.10993354940422487 0.08874153988051887 0.13741693675528108 0.11092692485064859 0.14847856732558834 0.10648984785662265 0.16490032410633731 0.1331123098207783
0.10346904647477596 0.08148187409888608 0.1530163545477674 0.0977782489186633 0.16181142741260165 0.1250166676868124 0.15520356971216395 0.1222228111483291
0.07830775096961944 0.12655171270712587 0.08941153615177372 0.15818964088390736 0.0985558915962054 0.15186205524855104 0.10729384338212847 0.18982756906068882
0.06984816412462372 0.11641360687437288 0.09645199029134813 0.13969632824924744 0.10563078500464777 0.19256646895726526 0.10477224618693559 0.1746204103115593
0.05743016178727911 0.10678076597020929 0.06033587750654124 0.08614524268091868 0.14144265871025788 0.272200516765854 0.1033742912171024 0.17229048536183736
0.08667617896755811 0.1455116544400449 0.07170139494147139 0.12685631412721862 0.11178880767986317 0.2191963989614158 0.08604167392976567 0.15222757695266234
0.10110042797533347 0.07545489797052024 0.18694795616576657 0.15090979594104048 0.09959369271765818 0.08192125233355475 0.1682531605491899 0.13581881634693643
0.10254688161022471 0.08671679075069944 0.1623784470087184 0.09690680312166236 0.1557418410331403 0.12075541015813993 0.15382032241533708 0.12113350390207793
0.09005267524719897 0.14505883308530695 0.08260868449135358 0.1264615467923189 0.12406217811940043 0.19422830741971794 0.08577391869392063 0.15175385615078266
0.09822096778425449 0.0813107191791291 0.20637100106976994 0.14172630137198425 0.10027541016299224 0.09164249612963654 0.156896841567683 0.12355626273455037
0.07457492693971568 0.12236000467259565 0.11886239835561206 0.13568693527899206 0.10375956705177247 0.17338229714332803 0.10176520145924406 0.1696086690987401
0.06079077508854804 0.10589434107415199 0.06441899502894421 0.08475831795080511 0.13932340595837875 0.27358754745659564 0.10170998154096614 0.16951663590161023
0.07004199356510962 0.1169449824288968 0.08784663243043603 0.146181228036121 0.09826453849810746 0.20615414455609304 0.09914900684189076 0.1754174736433452
0.09581431468508085 0.0788203431401018 0.2141960737729964 0.14085269399611358 0.09708553250253496 0.09450666330768852 0.15592972229117985 0.12279465630430415
0.10762978940285109 0.08341654742525502 0.1807409242642349 0.09263109475293517 0.15232667928923124 0.12043261268950575 0.14703348373481773 0.11578886844116897
0.0882300525004052 0.14123251425899366 0.08189471656188475 0.12312578166168678 0.12072716601193138 0.21352743127532134 0.08351139973575276 0.1477509379940241
0.07132292427880464 0.1160675593327954 0.08864029443800725 0.14508444916599428 0.09513281990215178 0.21124550923133567 0.09840510465171785 0.1741013389991931
0.09539782353590028 0.07833491600209921 0.21734206530836878 0.14002086917461964 0.09689083756693512 0.09493515470145397 0.15500885801992892 0.12206947569069404
0.07338983585654849 0.12036112495524136 0.12622113019588524 0.13366150944064006 0.10491088638608244 0.17413249428432245 0.10024613208048004 0.16707688680080007
0.08729343232033832 0.15203842825023317 0.09743041481220006 0.12173044254866586 0.13020531891259085 0.24696586571527276 0.09129783191149941 0.07303826552919952
0.074180780167263 0.11371845225104267 0.0882538499540003 0.14214806531380333 0.09485995934364404 0.21984774420692893 0.09641347038675359 0.170577678376564
0.09522309097269133 0.07782742234934066 0.21822783773172152 0.1393223821328027 0.09688871490491929 0.09681440948699943 0.15423560415190207 0.12146053826962289
0.06325945364230556 0.10370801854411407 0.0824623432400628 0.08639380205550877 0.14540806432653572 0.24230815161384509 0.10367256246661051 0.17278760411101754
0.06018926771406082 0.0958072777706303 0.05113622660892516 0.08352429344106233 0.13605866187499138 0.31181691920961313 0.0944187664985922 0.16704858688212465
0.09767375655914678 0.07115856417825454 0.18556364367071612 0.1423171283565091 0.09870884707039027 0.117819667207838 0.15867297743628697 0.12808541552085817
0.10730537306747093 0.08240782150482161 0.17558390337742108 0.09214207385236459 0.15433945702368673 0.12678651877566102 0.1462572600831184 0.11517759231545573
0.0776234069266115 0.11542875527615931 0.10687686732684643 0.14428594409519915 0.09966033045821512 0.18511805309468143 0.09786350990804812 0.17314313291423897
0.09971841546479329 0.07708688264046781 0.22564259420348612 0.1376975488395536 0.09686218598447482 0.09051150902599145 0.1524368469041863 0.12004401693704674
0.07818536310139163 0.11912115321215387 0.12890441606184916 0.13229176674443646 0.10461748297720684 0.1722962844140891 0.09921882505832735 0.16536470843054557
0.1104547840453623 0.08559472875683768 0.15730415068537687 0.09136314743762489 0.15542068714913687 0.1406376986800194 0.14502086894861094 0.11420393429703111
0.0668905297109772 0.09897365992836732 0.06236341104608611 0.08628472916832022 0.14269560293618733 0.272683349813581 0.09753925905984026 0.17256945833664045
0.09810554654084695 0.07071675593030192 0.19478965985658878 0.14143351186060385 0.09900563058666371 0.1109709235655692 0.1576878109848822 0.12729016067454346
0.09990017577255118 0.07167367089309312 0.2605532316114752 0.13351848439753544 0.09406789789652474 0.07607535866332678 0.1478104507778984 0.11640072998759501
0.07718835796570463 0.11601565039943464 0.12978729159376579 0.1450195629992933 0.09181236379523731 0.1677922027435439 0.0983610949038685 0.17402347559915193
0.13312713543856114 0.10303993335248994 0.19030170035029365 0.11037007879892077 0.12748086722116844 0.11727600192429936 0.12218421421777147 0.09622006869649503
0.08401219780854921 0.11405873104386298 0.11550740046279076 0.1425734138048287 0.09514453618527659 0.1809136565047526 0.09670196762414471 0.17108809656579446
0.1002708744078062 0.07663320684513124 0.2296388414147334 0.13702555143450054 0.09569697956050727 0.08958345513889165 0.1516929181529676 0.11945817304546201
0.06779484424212363 0.10314247772780158 0.08460216132642438 0.08593628189456674 0.144958067655612 0.23857006509085796 0.10312353827348007 0.1718725637891335
0.07302017056043981 0.1119565365214029 0.09429369139550045 0.13994567065175365 0.0957249898124515 0.22220446400820137 0.09491967226814595 0.16793480478210435
0.09903144713465177 0.07686473019419024 0.22065832698579685 0.137643281912095 0.09642948913666763 0.09699924614388152 0.15237677118473683 0.11999670730798026
0.07794807085232389 0.11884722399246503 0.1279699091458028 0.1320022980092778 0.10462875073617951 0.17459915124539546 0.09900172350695835 0.16500287251159723
0.0736499442249311 0.13085122504984675 0.10512672812801761 0.12877191234402935 0.10413508402455335 0.19992128154056313 0.09657893425802203 0.1609648904300367
0.07266206338507285 0.13238568745197382 0.09952780035199625 0.12789227295703898 0.10337356475814266 0.2083740651816974 0.09591920471777925 0.1598653411962987
0.0744845639962727 0.13215443994049164 0.09793010264302267 0.12724471151115582 0.10280252943819868 0.2108942294485469 0.09543353363336687 0.15905588938894477
0.06312650117766477 0.11155929804501585 0.06180422009226587 0.08057814088642877 0.13872747246787048 0.286354316494182 0.09669376906371452 0.16115628177285754
0.059850224060421946 0.09252982184132517 0.05203923341377518 0.08066702416936042 0.13087724292770497 0.3315135953181102 0.09118880993058134 0.16133404833872084
0.09839795337873965 0.06978013758784965 0.1936757239741514 0.1395602751756993 0.09642809398933107 0.12095427636110351 0.15559929187499608 0.12560424765812936
0.10305194881283083 0.07450904298645039 0.25919076305751987 0.13199986516858364 0.09287286519262587 0.07716943238489801 0.14612927686550567 0.11507680553158574
0.10061644788790176 0.1536973673675253 0.12664125411802415 0.12145760071797056 0.12787959415915293 0.20573997478016504 0.09109320053847791 0.07287456043078233
0.09181389702987094 0.13197922808913298 0.08599908472277307 0.11505881423155183 0.11030831585013345 0.24873019160684037 0.07803989139183515 0.1380705770778622
0.07585802920340437 0.11082256034252913 0.09547510242364478 0.1385282004281614 0.09422498465565182 0.2248990247511054 0.0939582576817095 0.1662338405137937
0.0749919556298094 0.12794405033251716 0.0970768009356461 0.1273481727148721 0.10076603921378292 0.21717663574362828 0.09551112953615407 0.15918521589359008
0.07583473898094104 0.13089660626292599 0.09712756325137388 0.12678876383638477 0.10192901496762118 0.2138457850279836 0.09509157287728856 0.15848595479548092
0.07599082925726762 0.13150836581608677 0.09716078845707489 0.1268100398868164 0.10226000222064954 0.21264989458847208 0.09510752991511232 0.1585125498585205
0.11381379259203112 0.09311895722559553 0.14548117566335006 0.08971149247615068 0.15321670352547018 0.15011931851562557 0.14239919440658838 0.11213936559518835
0.08187485565373215 0.11208624627846812 0.10878540378531909 0.1401078078480852 0.1029848987029647 0.19100177472980986 0.09502964358391863 0.16812936941770218
0.10405789372353254 0.08161127535696155 0.22447496962060778 0.1351085835601691 0.09660538872411077 0.09078416281618829 0.14957075591520552 0.11778697028322437
0.08272308804085414 0.12489995143165734 0.12790672981576753 0.1301017672803292 0.10364394078293981 0.17052098808779342 0.09757632546024692 0.16262720910041153
0.0778500615501663 0.13153032343875773 0.10477786448130598 0.1280545299001161 0.10360580325453618 0.19807235757488578 0.09604089742508708 0.1600681623751451
0.06487420117466856 0.11187993656856564 0.06299168347694518 0.08085828434759945 0.1396001007980421 0.2810492837218608 0.09702994121711932 0.1617165686951989
0.08446014456621999 0.12800977101190333 0.07332564659428416 0.11159826190781316 0.11808655207102717 0.2749089753958162 0.07569273416356023 0.13391791428937577
0.10380295541618824 0.06879699629343462 0.2027078934558675 0.13759399258686925 0.10007910975739849 0.10977742563610236 0.1534070335259572 0.12383459332818232
0.1056814980857893 0.07389110965684527 0.2620751485665572 0.1310368634940146 0.09310849701954699 0.07490642314147168 0.14506319442560833 0.11423726561016657
0.12005797660748589 0.07625261018786735 0.2012362851322392 0.09531576273483418 0.1404153935839464 0.11064977336153499 0.14169328311029084 0.11437891528180101
0.10683446959012166 0.06572220000514337 0.2521396002247079 0.13144440001028673 0.10131671107052988 0.07769196236206563 0.14655069672788687 0.11829996000925808
0.08151272681594747 0.11310751427770079 0.1354459713420489 0.14138439284712598 0.09768794542731209 0.16530467663787166 0.09589550123544198 0.16966127141655118
0.10318741634565805 0.08111875282199092 0.2356123469151566 0.13411546611403413 0.0947523873550593 0.08582112078329274 0.1484713340782144 0.11692117558659385
0.08259112538884787 0.12481289135287317 0.13043605069774897 0.1300951282651776 0.10323545442635067 0.16863909333864635 0.09757134619888322 0.16261891033147202
0.07784993579362293 0.13155013291276138 0.10536212722356451 0.12808967834365914 0.10355186346153378 0.19741690557754002 0.09606725875774436 0.16011209792957393
0.09367544491186174 0.16155436164083245 0.09107480466106677 0.11675621298651527 0.12598183586652237 0.25333645240140595 0.08756715973988645 0.07005372779190916
0.07741889243947497 0.10907836522423324 0.09663817084710485 0.13634795653029155 0.09942740456867452 0.22499217899419496 0.092479483559676 0.16361754783634985
0.0759183368586925 0.11130075521486443 0.09937098234323481 0.13912594401858056 0.09597065975989416 0.2169985052133127 0.0943636837691242 0.16695113282229662
0.10305491053811335 0.08177252802738458 0.220617710481925 0.13550886049024588 0.09543978701456228 0.09545639485860496 0.1500138789310007 0.11813592965816308
0.10219353311821305 0.1546609803944378 0.11795326532492935 0.12080138788010672 0.12798530929701304 0.213323650347156 0.09060104091008003 0.07248083272806403
0.06741313871122534 0.0932599098410267 0.06106471999611354 0.08130351114345917 0.14303797942458907 0.2994054016518877 0.09190831694477994 0.16260702228691834
0.11123307646478979 0.07578989033292105 0.13742163887061834 0.0947373629161513 0.1577767207157327 0.16852302226833565 0.1408334529320697 0.11368483549938156
0.14089053010566852 0.08714642558267482 0.18689803408420816 0.10893303197834353 0.14052281735467487 0.11611723078881252 0.12145220132510838 0.09803972878050916
0.1292809731385971 0.07474637887498753 0.17657536041049335 0.09343297359373441 0.15544736256238775 0.11950299251125968 0.13889439059605893 0.1121195683124813
0.12663532835033148 0.07479195827270084 0.17327750539981 0.09348994784087604 0.16021606377205616 0.12042217231411059 0.1389790866410635 0.11218793740905124
0.11068317307262655 0.06565335353631387 0.24187058453423863 0.13130670707262773 0.10647409624236506 0.0794388697984737 0.14639717937798938 0.11817603636536496
0.14076040236156367 0.08667623253794207 0.22501541724240223 0.1083452906724276 0.12541569648873913 0.095479285461437 0.1207969136303036 0.09751076160518482
0.11220146318369058 0.0645530356957404 0.26233748269919 0.1291060713914808 0.09765521995775132 0.0740076279997601 0.14394363482005398 0.11619546425233274
0.10538548286660417 0.06460284155092519 0.2783910700830058 0.12920568310185038 0.09176273470197775 0.07031237846056501 0.14405469444340632 0.11628511479166535
0.10341624161502276 0.06433492548718163 0.2847047569360979 0.12866985097436326 0.09019760403938616 0.06941647346229106 0.14345728160873036 0.11580286587692692
0.1027656840996548 0.0641943582036529 0.28713059829528614 0.1283887164073058 0.08969995099429101 0.06912700968658138 0.14314383754665286 0.11554984476657519
0.08203109061171003 0.11245919118998314 0.14403672421011954 0.14057398898747894 0.09549728533011508 0.16136709687671968 0.09534583600889877 0.1686887867849747
0.10298770623638286 0.08079128364612055 0.23905140092327756 0.13368585334400873 0.09402037962638962 0.08492099976530607 0.14799573508168648 0.11654664137682812
0.08254690662351108 0.12472587963456666 0.1311981230110675 0.13006452164630003 0.1030661214182493 0.16826940437370533 0.09754839123472503 0.16258065205787503
0.09550353223637018 0.16137522295762546 0.09710413044900178 0.11786199334853459 0.12700418410695705 0.2420372458809893 0.08839649501140096 0.07071719600912076
0.11924114121127 0.0757154668885274 0.14962680442694917 0.09464433361065924 0.1530799473648927 0.15342394754369149 0.1406951586212188 0.11357320033279109
0.14396725653918369 0.08668464934759747 0.1916349672639311 0.10835581168449684 0.13879208247784552 0.11223635839728738 0.12080864377361065 0.09752023051604715
0.1023324324091057 0.12811867309308356 0.14029769783917095 0.16014834136635445 0.09104600393853175 0.15245657916810654 0.08146676495592813 0.144133507229719
0.10725807168535352 0.0825648199315495 0.23686073767285687 0.13330589886550684 0.09290232740621222 0.08331763557238595 0.1475751098551805 0.11621539901095466
0.10330574388223598 0.1551747024185937 0.1216180057356871 0.12101351523842974 0.12753889397649604 0.20798089317667728 0.09076013642882232 0.07260810914305785
0.08024248467248037 0.10973252026286388 0.10433524256653759 0.13716565032857986 0.10132603180741663 0.20956519670148493 0.09303409326634113 0.16459878039429582
0.10382473868005752 0.06852553139052336 0.21900659703111894 0.13705106278104673 0.09784337892382255 0.09760102738087427 0.15280170730961476 0.12334595650294204
0.10513689931704334 0.07346947023683265 0.2684025064181966 0.13033795838643122 0.09218109702203212 0.07255462715636737 0.14428947774159254 0.11362796372150415
0.0826078172652482 0.11271370114015473 0.1399417697497554 0.14089212642519341 0.09626388554229297 0.16294853198307888 0.09556161618404424 0.16907055171023208
0.10325709787393596 0.08093433286293408 0.23739913810305638 0.13387879591462332 0.09431127850191484 0.0852951785844396 0.148209330438655 0.11671484772044086
0.08259789847937561 0.12476493664580707 0.1308333700003743 0.1300789557197175 0.10314181741237002 0.16842511030292048 0.09755921678978813 0.16259869464964685
0.066348964042085 0.11210618108681918 0.0674025308573037 0.0818733125957375 0.1411839563734032 0.2690904547382915 0.09824797511488499 0.163746625191475
0.08574129840378662 0.1277324770399995 0.07493531949895248 0.11135651844512776 0.12116749116651437 0.2699103042791184 0.07552876903234752 0.13362782213415333
0.1171921823014036 0.07610025171938745 0.14287756051355718 0.09512531464923431 0.1519327003598244 0.16121144363775466 0.14141016923975727 0.11415037757908116
0.1096187561959164 0.06629080891357228 0.23128265541015414 0.13258161782714456 0.10594126724826469 0.08714282863383578 0.14781860972668207 0.11932345604443009
0.08331436676027473 0.11261714650225756 0.1314179930889544 0.14077143312782195 0.09914891424735112 0.16832467187673542 0.09547975464321837 0.16892571975338633
0.1388667594488836 0.10866517543698724 0.1879672029516715 0.10786394696871554 0.12745923541516174 0.11573262069762985 0.11940982326207011 0.09403523581888022
0.08775312374637514 0.11118773971745932 0.12069844128844398 0.13898467464682415 0.10282877620476548 0.17749776853774904 0.09426786628219379 0.16678160957618898
0.1412753671099757 0.10829549265617854 0.18363478054271365 0.10767347915381491 0.12836373607810625 0.11768898994319647 0.11919896756140681 0.09386918695460787
0.10321024100409004 0.14480695815502406 0.09781186667417248 0.11296038698641664 0.12054161333934886 0.20849985915341754 0.0766166103038304 0.13555246438369994
0.10774035381162168 0.07754997222262008 0.21290421312218244 0.13420613990222152 0.10066753159381205 0.09651643282814074 0.14962983060740218 0.12078552591199937
0.10752960230746092 0.07446532946461693 0.2654763265660259 0.1300971020121444 0.09267771739014671 0.07231309605567933 0.14402283983436415 0.11341798636956177
0.07292836290037909 0.10661643487450384 0.08548447507175276 0.08609980589072677 0.14111012041631635 0.23823097371013294 0.09733021535473461 0.17219961178145354
0.10114709301037215 0.07527466092661597 0.2083083202412417 0.135100184028638 0.1057065975987055 0.1022463554800068 0.15062662308864563 0.12159016562577418
0.12051940444397519 0.08167696591113661 0.18616478758547997 0.09454916152325617 0.14604983887565873 0.11702716891144692 0.14055367892113904 0.1134589938279074
0.14275890433704802 0.09305709907936145 0.20352769974539986 0.10688160277330966 0.135476164934368 0.10294007578130676 0.11916501085322734 0.09619344249597869
0.1127158636169933 0.07082840787177629 0.25356612140742185 0.12862365806333434 0.09990635300469475 0.07519252381861344 0.1434057799601653 0.1157612922570009
0.10536170231551739 0.0692333544278182 0.27478183269492523 0.12872193400018925 0.09218901460129723 0.07034707106434894 0.14351535029573337 0.1158497406001703
0.10312468808131993 0.06874435169982562 0.2828965886578857 0.12801342081105294 0.09011676860768385 0.06916669244831919 0.142725410963965 0.11521207872994764
0.1367714559339589 0.09156604812360623 0.23875890215551196 0.10661504413786387 0.11954450915485325 0.09192268290298733 0.11886781786714076 0.09595353972407748
0.11027245314363167 0.07004361979055224 0.2673355857442902 0.1273789417063906 0.0956706469345112 0.072639691033419 0.14201801411145343 0.11464104753575155
0.1043596083843719 0.0688669510614792 0.27992922035892576 0.12812708725765415 0.09093030676018218 0.06962030707614339 0.1428521405693547 0.11531437853188874
0.08179435438813216 0.11971050363758855 0.14172678267144964 0.13936947918554474 0.09523959104119956 0.1603870499101925 0.09452886414323905 0.16724337502265366
0.10413594140122504 0.0816315644497215 0.23782412454879903 0.13353487728947605 0.0939072633028028 0.0847226093981129 0.14782859838313994 0.11641502122672272
0.0818299170438681 0.12147014566538226 0.13221995164424208 0.13971934904377759 0.09598239498680558 0.16634885558587256 0.0947661671775187 0.16766321885253307
0.10447736829207951 0.08211185554370737 0.23397975847379868 0.13397614267392308 0.09436244129724039 0.08597562229042964 0.14831709730283707 0.11679971412598422
0.08189984736634201 0.12155027283132747 0.13136079043467838 0.13975215452002007 0.09609967265040828 0.1668462589248382 0.09478841784836145 0.16770258542402408
0.10452316678968929 0.08214479270112723 0.23362926751641364 0.134014682163172 0.09441339385258667 0.08608162222025827 0.14835976210168003 0.11683331265507303
0.0819089084106518 0.12155632362702297 0.1312826528316559 0.13975515258630886 0.09611170737150382 0.1668886207498764 0.0947904513194095 0.16770618310357063
0.10452794332209024 0.08214761082843283 0.23359731751805815 0.13401814567812168 0.0944182897600206 0.08609076440852781 0.14836359635510415 0.11683633212964455
0.07210590524874665 0.10700739440533419 0.08059781832161048 0.08580391344645567 0.14102039436188948 0.24486101907923288 0.09699572824381945 0.17160782689291135
0.13133333877184897 0.0979641501668622 0.1674752773759362 0.10984337391114607 0.13752522730382688 0.13453243130613016 0.12246716464421809 0.09885903652003145
0.14621179222471162 0.09461379018602632 0.19661326871190896 0.10691196729158613 0.13329320232981168 0.10693634366843097 0.11919886502509679 0.09622077056242752
0.11374471144775558 0.07108582281565924 0.2508652003855428 0.1288970305305518 0.09966987994777396 0.07601945753503755 0.14371056986018238 0.1160073274774966
0.10568617087066118 0.0693142064296863 0.2737720112392866 0.12884229918797357 0.09223221002962002 0.07054548447596005 0.1436495484976362 0.1159580692691762
0.10323125773788487 0.06877322720908313 0.28252251339197354 0.1280580101103657 0.09016570416972801 0.06922195357649644 0.14277512470513906 0.11525220909932912
0.10240057902386408 0.06854142201766432 0.2857744701557404 0.12768669614844677 0.08950240757201024 0.0688152612010754 0.14236113734759662 0.11491802653360209
0.10210623302400126 0.0684491282256353 0.28697200787042204 0.12754029281971824 0.08927335931286902 0.06867480664792201 0.14219790856168585 0.11478626353774642
0.10199990874196414 0.06841414185360503 0.2874115508704829 0.12748528636398224 0.08919159624236812 0.06862417773151391 0.14213658046849958 0.114736757727584
0.10196119492027073 0.06840115241715415 0.2875726798364527 0.12746494683716825 0.08916198404347715 0.06860568637804844 0.14211390341397712 0.11471845215345142
0.09338609710629657 0.13731828692167408 0.16467373984759573 0.15993394049053947 0.08166476351856518 0.1377249255112646 0.08135770016257877 0.1439405464414855
0.10590292195000094 0.08305188678745362 0.2466984641316995 0.13222227833163314 0.0902207607735072 0.08025748645940521 0.1463754973797485 0.11527070418655194
0.07251348914274106 0.10735711369349778 0.08264079302771044 0.08599654320483698 0.14005934571090445 0.24222614518777633 0.0972134836228592 0.17199308640967395
0.10114129063100104 0.0753975763678965 0.20713810610758457 0.13522412190821004 0.10559554296522333 0.10303684772742253 0.15076480457527297 0.12170170971738903
0.0811697103737667 0.12058356339254842 0.12511955086094437 0.1395719408272275 0.09835457420846334 0.1730481453919962 0.09466618595238038 0.16748632899267296
0.13983043622017022 0.10991387341603198 0.18542056050492828 0.10774289941815025 0.12715286176611007 0.11673384284186741 0.1192758186476877 0.09392970718505406
0.08696934417783392 0.12258440018084384 0.11892756687480383 0.13690023846136465 0.10163185107913654 0.175852238289889 0.0928540747824908 0.16428028615363757
0.11824277573503987 0.09183703887917657 0.1524806174381772 0.08970462283970383 0.15298990942061227 0.14022596691590827 0.14238829022175212 0.11213077854962979
0.0829714485986413 0.12033576439533009 0.11134989002647394 0.1368400508684056 0.10699988689896765 0.18448164627674124 0.09281325189335335 0.16420806104208668
0.1055018009894961 0.08234003455736906 0.22495534291177588 0.13449408021009604 0.09713430067479961 0.08943271579627321 0.14889047544626013 0.11725124941392988
0.07328520188174795 0.1084086172658864 0.0833126545288658 0.08455349827018063 0.14399940318559398 0.23586943040314737 0.10146419792421675 0.16910699654036127
0.08669169683372058 0.14152909193524255 0.07737002844546972 0.11053433069802267 0.12142569964955321 0.2548368443443138 0.07497111125605015 0.13264119683762718
0.10441628375251508 0.07775407053917882 0.20434849552981108 0.13491249132814637 0.1014894225467684 0.10524063437373307 0.15041735973451542 0.12142124219533174
0.10536700620672497 0.07107378778745599 0.2567204237038771 0.13132338921808714 0.09422099046320662 0.07668757359912932 0.14641577872524045 0.11819105029627844
0.09436095134068899 0.13818613836084545 0.1570137882500986 0.16057041140110234 0.08285097739300504 0.14082289284575022 0.08168147014751728 0.1445133702609921
0.08145547697565153 0.13467998834239367 0.11158451094541993 0.12848933895025771 0.09926359509325752 0.1875484117925041 0.09636700421269329 0.16061167368782212
0.09598143527611348 0.16257195951530037 0.09246983146057464 0.11691117246535422 0.12500670986471238 0.24922880858971683 0.08768337934901567 0.07014670347921254
0.07700500089326114 0.12537599372614167 0.09548740732819744 0.13311968327676715 0.09850271351240494 0.22047570919556078 0.09028987213554641 0.15974361993212055
0.11545966105073593 0.08671536122124163 0.15050926115804836 0.09570245679879692 0.14545531627287428 0.14904686553138574 0.14226812980836082 0.11484294815855631
0.08244374711189081 0.11972263845691564 0.11085699258234562 0.13685441484721048 0.10534049573753387 0.187733419029343 0.09282299441810797 0.16422529781665257
0.11709507734370725 0.09141355663730488 0.14982742149077904 0.0896715831779087 0.1542060511264885 0.14336098493728516 0.14233584631414078 0.11208947897238586
0.09761215315409551 0.141857361204586 0.09110275918473784 0.1125511198396067 0.12650325285727756 0.2189729895392175 0.07633902041295063 0.13506134380752802
0.0782780037001537 0.12468301889661298 0.09641876922098269 0.13520947637859185 0.10001936162875388 0.21143270149859314 0.09170729702200144 0.16225137165431025
0.13444011588245347 0.10062097991224761 0.17508626065428612 0.11114660794451646 0.12706565912751455 0.12768825599376218 0.12392017333515493 0.10003194715006482
0.11207228661237482 0.0722667050818371 0.24309359028315125 0.13034269717228206 0.09931612588312372 0.08027778723203571 0.14532238028014133 0.11730842745505383
0.14043046483057367 0.09257094678035611 0.2251645997359957 0.10743314608246116 0.12290676680921864 0.09502430380419681 0.11977994048298282 0.09668983147421505
0.10054115785827784 0.13907999106746022 0.1476442949585415 0.15793743219442233 0.08721438745204554 0.14509696242145753 0.08034208507281485 0.14214368897498006
0.08244016053934483 0.13462114696003297 0.10935464962843824 0.12820646343092904 0.10008424609243527 0.18888040648696147 0.09615484757319678 0.16025807928866126
0.09617438917623793 0.16245466010890108 0.0919666550315466 0.11682846584608342 0.12515643027723836 0.2497009706677798 0.08762134938456258 0.07009707950765007
0.090068960742553 0.1465648505916893 0.077770401317358 0.108543191959127 0.11520316218082036 0.25797700309391824 0.07362059976358179 0.1302518303509524
0.11736579627547186 0.08712534154002614 0.14258013726740906 0.09402781105270784 0.14893484914955732 0.15735403502098577 0.13977865643059256 0.11283337326324942
0.10922494987746424 0.07207576658392692 0.23031794912477552 0.1317457383117526 0.10498806095667752 0.08618970421873752 0.14688666644608833 0.11857116448057735
0.1221067122420719 0.08099389694220277 0.1927165354577096 0.09402497726703288 0.14518063680220478 0.11237282475048072 0.13977444381785784 0.11282997272043944
0.10863851765584356 0.0705164734587892 0.2500330154034122 0.1296664627374927 0.1025910388965699 0.07728624603354166 0.1445684293506075 0.11669981646374342
0.10460056864038436 0.06933350488286782 0.2735583742951667 0.12895735363575436 0.09290155032477114 0.07080920432811776 0.14377782562075897 0.11606161827217894
0.12029613707514819 0.08033616133656075 0.20618070104906136 0.09349185799617458 0.14064507171051763 0.1078779150219191 0.13898192621520877 0.11219022959540949
0.14214540851243318 0.09254885389478336 0.21041042977814686 0.1064247516336457 0.133513566291077 0.10051905749376228 0.11865565592587064 0.09578227647028112
0.11233371849414152 0.07063224492877751 0.25621904845399257 0.12832423755467814 0.09930463735661231 0.07462235097475987 0.1430719484378277 0.11549181379921032
0.14002004695666903 0.09205885352385045 0.22943846170120785 0.10699301983852053 0.12247004471364296 0.09343662284520976 0.11928923256623111 0.09629371785466848
0.14709200722984553 0.09285778154938427 0.21782398023918098 0.10549573836379192 0.1275834737226238 0.0965809789084286 0.11761987545933217 0.09494616452741271
0.13022918176257087 0.0810683324916272 0.18625082639702933 0.09201662768453069 0.15006161558236725 0.11316456558612074 0.13678889727431726 0.11041995322143681
0.11054745285665589 0.0705014326330049 0.2471395491626923 0.1296013601586906 0.10364157554723002 0.07743156066526034 0.14449584483364458 0.11664122414282155
0.1051032011377262 0.06937662002627562 0.27242161952598676 0.12903880882510751 0.09317726648682026 0.07087891397734447 0.1438686420781423 0.11613492794259679
0.12044437156257477 0.08035114625637323 0.2058274192752364 0.09350591054252018 0.14075102484511642 0.10791021859797548 0.13900281626917926 0.11220709265102422
0.1078317474311625 0.07018672316564394 0.2551431755287926 0.12913406414619863 0.10127363554349547 0.07623515180057525 0.1439748446525528 0.11622065773157877
0.08240967799881753 0.11988076363120805 0.13610256927357084 0.13939755274375493 0.0974772521888189 0.16290721553208132 0.09454790533924248 0.1672770632925059
0.10473796485272022 0.08176348345109276 0.23544381395743053 0.133706024731802 0.09450697115491141 0.08525944952562013 0.1480180656371597 0.11656422668926329
0.09772740219192749 0.1449002726976807 0.10953808603953938 0.11622803850308112 0.11465027313975372 0.1986493507613609 0.07883293046295936 0.13947364620369734
0.10626431229950271 0.0774551801288599 0.2181381498743442 0.13409093904555408 0.09925463026310927 0.09461355299833438 0.14950139024929682 0.12068184514099865
0.1396879834718827 0.09380450271666062 0.21712613367432299 0.1083508258989262 0.12380097385611546 0.0989107520782856 0.12080308499477294 0.09751574330903358
0.1116998328986483 0.07071141985435506 0.259109071625632 0.12833705643072343 0.09723295973146188 0.07432006814354274 0.1430862405279857 0.1155033507876511
0.12223815496663674 0.08048479785040999 0.201529847511935 0.09353421563060046 0.14209427226319638 0.10883275933680231 0.1390448936836986 0.11224105875672057
0.10836813048405551 0.07027583823692145 0.2534387719625369 0.1292815100064932 0.10166707071153518 0.0764760838092549 0.14413923578335883 0.11635335900584388
0.08251277119085278 0.11990467436013175 0.13572629876503414 0.13941474372376003 0.09757021699117242 0.16301403719224725 0.09455956530828942 0.16729769246851203
0.10477490501590232 0.08177592457388307 0.2352890693909076 0.13372200719859584 0.09453739736488448 0.0852867774490816 0.1480357588848924 0.11657816012185278
0.07216018825336747 0.1069847770450411 0.08085291324834203 0.08581418610284978 0.14109125648402673 0.24446096584875618 0.09700734081191714 0.17162837220569957
0.1010934981766114 0.07539622458290118 0.20635744031948985 0.13526512141723185 0.10586580349595666 0.10347278676413287 0.1508105159681674 0.12173860927550864
0.08115738822995154 0.1205784130296135 0.12493875536157592 0.13956655430306905 0.0984112441502804 0.1732052472780061 0.09466253248382075 0.16747986516368285
0.14018916218219185 0.10987098804314946 0.18528622007064624 0.10769256228521495 0.1271231077022475 0.11673204281353214 0.11922009337231772 0.09388582353070021
0.08703223593165607 0.12257570284391936 0.11889601985275454 0.13689518256931577 0.10162776954105564 0.17584822460936653 0.0928506455687533 0.1642742190831789
0.1419264971708398 0.11005620027655058 0.18272357378445025 0.10749754645922469 0.1278710400084842 0.11720512973034457 0.11900420283642293 0.09371580973368306
0.07596275888695633 0.1066198523348083 0.07176986431783422 0.08303101488282531 0.14754212296313382 0.25515120958994547 0.093861147258846 0.16606202976565063
0.13229537955638662 0.09771887646658127 0.16373301075230168 0.10956187643767563 0.1391773760817286 0.13675447594284545 0.12215331596857266 0.09860568879390806
0.11181617452709922 0.07218838347034318 0.23834579666950798 0.13054137452186854 0.10208392875882166 0.08199321428441528 0.1455438906982624 0.1174872370696817
0.1057168438618993 0.06972334290914496 0.2691825373950935 0.12947963144490993 0.09314629734563645 0.07185955234088538 0.1443601264020115 0.11653166830041892
0.13793734073601238 0.09193728466362719 0.23415432315924795 0.10695607239161023 0.12072554992647236 0.09278092505038232 0.11924803892019827 0.0962604651524492
0.11069210856073027 0.07017139574321282 0.265573855701409 0.1275693249595624 0.09606567225695299 0.07288497308349183 0.1422302772310345 0.11481239246360618
0.10451224905108665 0.06891583021732646 0.27927215343430567 0.1282035714958452 0.09107573451931006 0.06969983214870668 0.14293741478715874 0.11538321434626066
0.12016274622874219 0.0802176097164435 0.2079178851333152 0.0933869136553097 0.1399353444875382 0.107489284988267 0.13882591940401262 0.11206429638637164
0.10769808354560621 0.07013038402362957 0.2559525386114817 0.12904562968342617 0.10104034911231598 0.07611570148230848 0.1438762468261483 0.11614106671508358
0.10418852716705534 0.06916684359344087 0.2757675038870641 0.1286899536526633 0.09240781086042635 0.07047870795711801 0.14347969459483506 0.11582095828739697
0.1028336050257094 0.06872157046463179 0.28327537735212766 0.12797881482895926 0.09015235236630117 0.06917051873974074 0.14268682787646653 0.11518093334606334
0.11966907205025161 0.08016484624998382 0.20916538762789588 0.09334173131963709 0.13958320399973317 0.10730692834153302 0.1387587528274008 0.11201007758356452
0.08356922278387627 0.11938898168407831 0.12454291204280411 0.13730984837591842 0.10457270139442187 0.17271261850848046 0.09313189715931856 0.16477181805110208
0.07918730820517673 0.13035963075696458 0.10399579560685919 0.12794854589067384 0.10378123458914487 0.1988303931698331 0.09596140941800538 0.1599356823633423
0.0778840182220291 0.13168010303923935 0.09886668322551498 0.12705021524372548 0.10293740954843277 0.20748114023360742 0.0952876614327941 0.15881276905465683
0.07569489375810635 0.12508418475942068 0.09920984285696327 0.13725123104860137 0.09609653504908443 0.2088696959495812 0.09309213931992093 0.16470147725832163
0.10434311242062899 0.08336965502192688 0.220189695676333 0.13522112729331012 0.09531690482400348 0.0939790729770358 0.1496953464541325 0.11788508533262934
0.08420608553999752 0.1250032857793092 0.12679033070231172 0.12979247417237888 0.10317702556244002 0.171445849898805 0.09734435562928417 0.16224059271547359
0.0787445249172378 0.13706921907717687 0.10381086260942596 0.12681289735608717 0.10275798813609113 0.1971787131918068 0.0951096730170654 0.15851612169510895
0.06551288995440499 0.11806728364833513 0.06243593466056267 0.08010415381905105 0.1384225258583421 0.2791239198383408 0.09612498458286124 0.1602083076381021
0.07190467096051824 0.12067168202036185 0.08921184925037737 0.13381943571907082 0.10150348467792525 0.23154106767331775 0.0907644868355437 0.160583322862885
0.10157246689739488 0.07685779032834816 0.2113964894376715 0.13631100995442663 0.09776555027824879 0.10144018050916967 0.15197660363575627 0.12267990895898398
0.10644083396116251 0.07676576020597742 0.2647166049776885 0.1299159336476059 0.09201866131927547 0.07305988216233973 0.14382227900752464 0.11326004471842567
0.07273910070173634 0.10683960749572008 0.08535590362060658 0.08608600390825344 0.14089134851245672 0.23860141483104225 0.09731461311367781 0.17217200781650688
0.10110728241430529 0.07529447264775838 0.20825830843771187 0.13510657747214302 0.10568748655675136 0.1023162014453702 0.1506337513010311 0.12159591972492874
0.08116623557350311 0.12057242332307909 0.12537640581607618 0.13957158616649187 0.0983809935814585 0.17278050673971965 0.09466594539988143 0.1674859033997902
0.07838243918845851 0.13627069338809691 0.10372276083225405 0.12722330642733073 0.10190158256606792 0.19805260474313022 0.09541747982049804 0.15902913303416338
0.09416927088717754 0.1696085272252202 0.08980358381173797 0.11524928818068911 0.1242235076359364 0.2513592832153086 0.08643696613551682 0.06914957290841346
0.07664508799276354 0.12612452361773363 0.0948511720380473 0.133050841224592 0.09828677530380504 0.22113741108817275 0.09024317926537545 0.15966100946951037
0.11537967192773302 0.08678876546333684 0.1503172021125825 0.0957176028021053 0.14540823812172257 0.14923675085044583 0.14229064535954755 0.11486112336252634
0.09557355935385847 0.13882418416223918 0.12848424702781175 0.15867826639484783 0.0915964225254251 0.16331393657090162 0.08071894420955303 0.14281043975536303
0.1074602751250519 0.08830425506150413 0.23090543922700318 0.13274211249080906 0.09284896251770922 0.0850640874744169 0.1469509751628004 0.11572389294070531
0.1223954310963223 0.08910466416791551 0.18670220087498016 0.08837806102324121 0.14809743281803778 0.11456699719562415 0.14028263654482734 0.1104725762790515
0.0994308469900788 0.14248629854548547 0.09858523223118912 0.1132843658360209 0.1258648028300946 0.2075708620838223 0.07683635248008373 0.13594123900322508
0.07877798157060084 0.1250529311205055 0.09828657709256225 0.13554715389087446 0.10011236645220174 0.20763007473909098 0.09193633046511483 0.1626565846690493
0.10460431058233781 0.08713501215998402 0.21878374419798433 0.13435471539588018 0.09575735171244422 0.0934989211997337 0.148736192868048 0.11712975188358783
0.08387191736642623 0.12975540216462042 0.1260172570818036 0.12903011224704652 0.10280101369838072 0.17046407294762944 0.0967725841852849 0.16128764030880813
0.06706217476604681 0.11784396225559277 0.06625304133378514 0.0810538019151058 0.14001501136651018 0.2683998422346207 0.09726456229812695 0.1621076038302116
0.08454976254940853 0.14134250304815718 0.07356648392699876 0.10935815420888073 0.11927689561328307 0.2665030588348523 0.07417335676776257 0.13122978505065686
0.10398986819883536 0.07780063995742999 0.20268643194254132 0.13499421992589644 0.1011222917163597 0.10740326930377271 0.15050848102185765 0.12149479793330681
0.08370110634904407 0.12730451453538708 0.1223268156864675 0.1289968936072063 0.10397239762585835 0.1757044849816241 0.09674767020540471 0.16124611700900784
0.09607387191988079 0.1681402095838383 0.0942138795868623 0.11616011336406469 0.12574322746417851 0.24285254503968806 0.08712008502304851 0.06969606801843882
0.07710910934719065 0.12617145101972443 0.09597888164055102 0.13328959476961322 0.0987711694533397 0.21832716359361176 0.0904051164524333 0.15994751372353583
0.10418848365332777 0.08731744558153638 0.2176552765016245 0.13429047476513975 0.09547302157150506 0.09533647484664297 0.14866507584907615 0.11707374723114748
