Action: 0
[0.1100393655465081, 0.09510849549317706, 0.3161785601191661, 0.09510814973168497, 0.0957408691095349, 0.09760826053655904, 0.09510814973168497, 0.09510814973168497]
[0.10211049524630791, 0.09290104501249002, 0.22133766114161807, 0.09290104501249002, 0.19354565351044403, 0.11140201005166987, 0.09290104501249002, 0.09290104501249002]
[0.13257662795686095, 0.08977451538438073, 0.16744514253550824, 0.0897745152432264, 0.18411944968603153, 0.15676071870753933, 0.0897745152432264, 0.0897745152432264]
[0.125, 0.125, 0.125, 0.125, 0.125, 0.125, 0.125, 0.125]
[0.2912823388989487, 0.09064094115803704, 0.1327191167147749, 0.09064090840961574, 0.12279396958977638, 0.09064090840961574, 0.09064090840961574, 0.09064090840961574]
[0.11809024864987706, 0.08748662020012339, 0.11878880371077703, 0.08748662020012339, 0.2900113773545271, 0.12316308948432529, 0.08748662020012339, 0.08748662020012339]
[0.125, 0.125, 0.125, 0.125, 0.125, 0.125, 0.125, 0.125]
[0.125, 0.125, 0.125, 0.125, 0.125, 0.125, 0.125, 0.125]

Action: 1
[0.09221578208443751, 0.1017207300984641, 0.09221578208443751, 0.09221578208443751, 0.3023929790829925, 0.1348073803963558, 0.09221578208443751, 0.09221578208443751]
[0.09606666385977643, 0.09606666385977643, 0.09606666385977643, 0.09606666385977643, 0.1705566616844809, 0.25304335515686055, 0.09606666385977643, 0.09606666385977643]
[0.09504255162845346, 0.09529123856719829, 0.09504255162845346, 0.09504255162845346, 0.11478366703143211, 0.31471233625910233, 0.09504255162845346, 0.09504255162845346]
[0.125, 0.125, 0.125, 0.125, 0.125, 0.125, 0.125, 0.125]
[0.19658101965829583, 0.100218702719561, 0.09233651897261337, 0.09233651897261337, 0.1491811637864629, 0.18467303794522674, 0.09233651897261337, 0.09233651897261337]
[0.15817280477034568, 0.10140499469133116, 0.09197023920745087, 0.09197023920745087, 0.09968498255782386, 0.27285626115069567, 0.09197023920745087, 0.09197023920745087]
[0.125, 0.125, 0.125, 0.125, 0.125, 0.125, 0.125, 0.125]
[0.125, 0.125, 0.125, 0.125, 0.125, 0.125, 0.125, 0.125]

