Action: 0
[0.10533879767217372, 0.10333829498489665, 0.27462125571291146, 0.10333829498489665, 0.10334847169043178, 0.10333829498489665, 0.10333829498489665, 0.10333829498489665]
[0.13097068081564942, 0.09875644132355361, 0.21847528276196607, 0.09875644132355361, 0.15677182980461646, 0.09875644132355361, 0.09875644132355361, 0.09875644132355361]
[0.2731622782946828, 0.11321785725787514, 0.10369900889361436, 0.10198415937801802, 0.101984218041755, 0.10198415937801845, 0.10198415937801802, 0.10198415937801802]
[0.125, 0.125, 0.125, 0.125, 0.125, 0.125, 0.125, 0.125]
[0.16979373986591906, 0.1018001985498517, 0.21940024437104405, 0.1018001985498517, 0.10180502300149155, 0.10180019856213857, 0.1018001985498517, 0.1018001985498517]
[0.12854502739557894, 0.10080273661376167, 0.26582872122725554, 0.1008025964299513, 0.10161312904359869, 0.1008025964299513, 0.1008025964299513, 0.1008025964299513]
[0.125, 0.125, 0.125, 0.125, 0.125, 0.125, 0.125, 0.125]
[0.125, 0.125, 0.125, 0.125, 0.125, 0.125, 0.125, 0.125]

Action: 1
[0.09873742603304109, 0.15642284818519844, 0.09873741319970566, 0.09873741319970566, 0.13239641934460336, 0.21749365363833445, 0.09873741319970566, 0.09873741319970566]
[0.10427487295105402, 0.10427487295105402, 0.10427487295105402, 0.10427487295105402, 0.20854974590210804, 0.1658010163915679, 0.10427487295105402, 0.10427487295105402]
[0.1018943394223104, 0.10189433340468924, 0.10189433340468924, 0.10189433340468924, 0.21844797989315726, 0.17018601366108604, 0.10189433340468924, 0.10189433340468924]
[0.125, 0.125, 0.125, 0.125, 0.125, 0.125, 0.125, 0.125]
[0.1037267665614388, 0.10358517684902893, 0.10358517684902893, 0.10358517684902893, 0.10367646948255405, 0.27467087971086246, 0.10358517684902893, 0.10358517684902893]
[0.10192421553432206, 0.10192421553432206, 0.10192421553432206, 0.10192421553432206, 0.11644429511360196, 0.2720104116804656, 0.10192421553432206, 0.10192421553432206]
[0.125, 0.125, 0.125, 0.125, 0.125, 0.125, 0.125, 0.125]
[0.125, 0.125, 0.125, 0.125, 0.125, 0.125, 0.125, 0.125]

