Action: 0
[0.13766913733328323, 0.10628932572772866, 0.212788067353995, 0.10628932572772866, 0.11540517383071842, 0.10898031857108867, 0.10628932572772866, 0.10628932572772866]
[0.10940962360453937, 0.10768078326424646, 0.24450567680998195, 0.10768078326424646, 0.10768078326424646, 0.10768078326424646, 0.10768078326424646, 0.10768078326424646]
[0.13723870073039018, 0.10682293035655316, 0.21367412499286842, 0.10682293035614256, 0.11497252239373182, 0.10682293045802883, 0.10682293035614256, 0.10682293035614256]
[0.125, 0.125, 0.125, 0.125, 0.125, 0.125, 0.125, 0.125]
[0.10718494297676688, 0.10668956972728601, 0.22174954554256945, 0.10668956972728601, 0.10668956972782238, 0.13761766284369714, 0.10668956972728601, 0.10668956972728601]
[0.11496633241874686, 0.1067900361840593, 0.13749719611656847, 0.1067900361840593, 0.21358629054438819, 0.1067900361840593, 0.1067900361840593, 0.1067900361840593]
[0.125, 0.125, 0.125, 0.125, 0.125, 0.125, 0.125, 0.125]
[0.125, 0.125, 0.125, 0.125, 0.125, 0.125, 0.125, 0.125]

Action: 1
[0.10687654918466533, 0.10739778702093991, 0.10666639948296142, 0.10666639948296142, 0.13732983816898164, 0.22173022769356732, 0.10666639948296142, 0.10666639948296142]
[0.10683478866888853, 0.10683478866888853, 0.10683478866888853, 0.10683478866888853, 0.11492655383289828, 0.24406471415377057, 0.10683478866888853, 0.10683478866888853]
[0.10679054071841114, 0.10679054071841128, 0.10679054071841114, 0.10679054071841114, 0.22176017780420593, 0.13749657788532713, 0.10679054071841114, 0.10679054071841114]
[0.125, 0.125, 0.125, 0.125, 0.125, 0.125, 0.125, 0.125]
[0.1079334428274002, 0.10791696150939237, 0.10791696148787959, 0.10791696148787959, 0.10791821590078603, 0.24456353381090307, 0.10791696148787959, 0.10791696148787959]
[0.10791949055749676, 0.10791949055749676, 0.10791949055749676, 0.10791949055749676, 0.10791952200481077, 0.2445635346502087, 0.10791949055749676, 0.10791949055749676]
[0.125, 0.125, 0.125, 0.125, 0.125, 0.125, 0.125, 0.125]
[0.125, 0.125, 0.125, 0.125, 0.125, 0.125, 0.125, 0.125]

