0.125 0.125 0.125 0.125 0.125 0.125 0.125 0.125
0.11301829483647666 0.08900190718372537 0.135621953803772 0.10680228862047045 0.14127286854559584 0.11125238397965673 0.169527442254715 0.13350286077558807
0.08282664038133492 0.12529690705173022 0.09021377307724578 0.15035628846207627 0.09397268028879767 0.15662113381466278 0.11276721634655722 0.18794536057759534
0.07924469492182341 0.12278734777178978 0.08840689039568865 0.14734481732614774 0.09209051082884234 0.1754361041034126 0.1105086129946108 0.18418102165768468
0.07740962250719699 0.12017088700380231 0.08652303864273765 0.14420506440456277 0.09012816525285172 0.1931530933797231 0.10815379830342209 0.18025633050570344
0.075983226649418 0.11803008546676604 0.08498166153607155 0.14163610256011921 0.08852256410007452 0.2075741545673121 0.10622707692008944 0.17704512820014903
0.0930489757868794 0.14458308633161493 0.07807486661907206 0.13012477769845343 0.11761063219624009 0.260889211474828 0.09759358327384007 0.07807486661907206
0.06430745814307458 0.11377473363774733 0.056062912227295786 0.09918822932521562 0.12861491628614916 0.22754946727549466 0.11212582445459157 0.19837645865043124
0.10932790581880525 0.08825264686578256 0.13665988227350656 0.1103158085822282 0.1311934869825663 0.12787944045022928 0.1639918587282079 0.13237897029867382
0.10553027804756808 0.07530099822599662 0.19124063041522948 0.15060199645199324 0.09372864617766659 0.08558080161781328 0.16672260087481547 0.13129404818891718
0.07829581597599923 0.11856930629950192 0.10092767107130053 0.14228316755940226 0.0968696824091754 0.178488021565816 0.10671237566955172 0.17785395944925284
0.09227653649091809 0.14294402454562316 0.08474249210449006 0.12864962209106084 0.11727613986338459 0.2604341950815911 0.09648721656829562 0.07718977325463651
0.06984852928114577 0.12357816718971942 0.09414978266396636 0.15447270898714927 0.08381823513737491 0.18399253203434646 0.10477279392171865 0.18536725078457914
0.07370033269088233 0.11504441721718951 0.09039164442394919 0.1380533006606274 0.09329383645374506 0.21340986723235172 0.10353997549547055 0.17256662582578425
0.07649634883937972 0.11306972453136527 0.08867109346368396 0.1356836694376383 0.0926085603258718 0.2221032645267843 0.10176275207822874 0.16960458679704787
0.11904266821693607 0.08011885876993252 0.13285090061757468 0.09614263052391901 0.13888429648898684 0.16017500718978553 0.1526073500379667 0.12017828815489877
0.06975508191281576 0.12341283723036633 0.09800959507781679 0.15426604653795792 0.0945607581794722 0.17024380234679787 0.10463262286922365 0.1851192558455495
0.10643534242595457 0.07265130043310021 0.20233196222330666 0.14530260086620042 0.09357552500279373 0.09217325463616315 0.1608559521188706 0.12667406229361064
0.10573957288932474 0.14232959661972486 0.10416275020906364 0.12809663695775236 0.12428615489439758 0.2224548285367711 0.09607247771831429 0.07685798217465142
0.10445783006469149 0.08432138089559434 0.1435542877462274 0.10540172611949292 0.14021981342881226 0.13887614530475278 0.15668674509703723 0.1264820713433915
0.09126888728129998 0.07367488491382046 0.20759294932360162 0.14734976982764092 0.1014615027590967 0.08175321594332352 0.16428399710633998 0.13261479284487682
0.10672759664930034 0.0698459185228571 0.24175125449827012 0.1396918370457142 0.09103495306390291 0.07452120712420347 0.15464460592769336 0.12178262716805854
0.07329583088006231 0.0982778806498662 0.08228153178034277 0.08845009258487958 0.13711166719631654 0.23754270063691799 0.10614011110185549 0.17690018516975917
0.07891857481642792 0.13962517082906475 0.07849136414164254 0.1217245079022616 0.1169296375759422 0.235680364674761 0.08256097057718612 0.1460694094827139
0.09014123497131268 0.07276461136238493 0.20453804272902512 0.14552922272476987 0.101852330236664 0.09194403457518766 0.16225422294836284 0.1309763004522929
0.08148747476857242 0.11269582124134626 0.11890757805150041 0.13523498548961552 0.10411181815862586 0.17709235131110862 0.10142623911721163 0.16904373186201938
0.08021755439393603 0.11057797870240965 0.10129730645879466 0.1326935744428916 0.10270781572360212 0.20711862139258275 0.0995201808321687 0.16586696805361448
0.07923599090868942 0.14018675314614282 0.08437816114648225 0.12221409248638093 0.11643731810823717 0.22799773657747377 0.08289303664293662 0.1466569109836571
0.06523187989194802 0.11541024903960037 0.0968449042567496 0.14426281129950044 0.09855360062972703 0.2087333614851519 0.09784781983792207 0.17311537355940054
0.10375036395719323 0.07000541736757995 0.21716375270704266 0.1400108347351599 0.09496392745935037 0.09704722657288123 0.15499774948296088 0.1220607277178317
0.08462485307947525 0.11110332044697226 0.12511287066944396 0.1333239845363667 0.10167329245981986 0.1775137097351885 0.09999298840227504 0.16665498067045836
0.07946049086621856 0.12099358640213428 0.10363445180727414 0.13007082384753188 0.1006326106157483 0.205066388766029 0.09755311788564892 0.16258852980941485
0.0665750939274058 0.10245106357188791 0.062468441669251945 0.08181023267661677 0.13485746910035756 0.29004495448930645 0.09817227921194012 0.16362046535323355
0.07497359772932286 0.13264559598264813 0.07463722842087588 0.1156397503438471 0.12084584749719705 0.26405636198897015 0.07843391762452237 0.13876770041261652
0.06362660664327294 0.11257015021502134 0.09302725225743308 0.14071268776877668 0.09984857124938787 0.2259195965786666 0.09543990996490942 0.16885522532253203
0.10506005830116708 0.07968150100768294 0.14933694978231657 0.09960187625960368 0.14840561092766327 0.150326873471885 0.1480648787381571 0.11952225151152439
0.07125296245942346 0.11378922027094196 0.10795564227211898 0.14223652533867745 0.10827279806033199 0.1893355518319466 0.09647346936014646 0.17068383040641294
0.11581851402692782 0.08526826883659819 0.14892822313853704 0.09145400937893983 0.15155586113606656 0.14749251750697043 0.14516509425228544 0.11431751172367477
0.0717308518883693 0.11337247229019486 0.10759669786929783 0.14171559036274356 0.10866280393941033 0.19074273566430905 0.0961201395503826 0.17005870843529228
0.11547342133608568 0.08486507996211749 0.14824812209127433 0.09101411265660626 0.15476236876756022 0.14740240887892153 0.1444668454866766 0.11376764082075781
0.08481464515606753 0.13406278363477409 0.08868324697973251 0.11687524727134152 0.13038524827888623 0.22565662510867848 0.07927190684490988 0.14025029672560982
0.0938669870871576 0.0696727808029831 0.20795294299338696 0.1393455616059662 0.10605022510013468 0.10234059469685758 0.1553599022681444 0.1254110054453696
0.10648334027881966 0.07098146055502474 0.2599907491577829 0.13226910034539408 0.0936715254297287 0.07486496958151787 0.1464273312736963 0.11531152337803584
0.07199203768391595 0.1148076497228002 0.13539836112646225 0.14350956215350028 0.09821123975376483 0.1665327545581993 0.09733692041715672 0.17221147458420033
0.1034659209115855 0.07576331008954539 0.23624000881607757 0.13523502096679518 0.09417819871872529 0.08750961540953882 0.14971072732180823 0.117897197765924
0.10538207623814409 0.14615150000524232 0.12282657531582164 0.12172997235610404 0.12688660626791567 0.2126878071360317 0.09129747926707803 0.07303798341366242
0.059040673892622506 0.09410129466051667 0.061265807086342126 0.08203702611429657 0.1451070485473505 0.3016365896888997 0.09273750778137874 0.16407405222859314
0.1180270407019527 0.08967779315759145 0.1613947048086871 0.11209724144698932 0.14238475951933363 0.150550884315542 0.12498005874761346 0.10088751730229037
0.0892600379238009 0.12962080859337197 0.13062102924612962 0.16202601074171494 0.0933076851879689 0.16691909143607625 0.08242192720339413 0.14582340966754342
0.11997814110195944 0.08552477626234949 0.1575795942068982 0.0902564824039651 0.15053961348785383 0.14003653174794595 0.1432642577840716 0.11282060300495636
0.0955876278429172 0.13164890869579188 0.09203500325679492 0.11477084347838269 0.12871697527145445 0.2216710571822183 0.07784457209838129 0.13772501217405922
0.07641324811884286 0.1103559362339944 0.09689619154784399 0.13794492029249303 0.10297928938332768 0.21631386848281564 0.09356264158969092 0.1655339043509916
0.11520425281475402 0.07755926871587623 0.15041295586151915 0.09694908589484529 0.1495297208655181 0.14988448508521637 0.1441213276884566 0.11633890307381435
0.081876389597583 0.11080832190716414 0.10969778261526972 0.13851040238395515 0.10838437576454109 0.19056405890597125 0.0939461859647696 0.1662124828607462
0.10631456270302089 0.07554448717467276 0.22585387480949679 0.135216120525751 0.097568367106912 0.09193206346516841 0.14968980375663113 0.11788072045834702
0.08544494224402595 0.11731983824245246 0.12992828051850985 0.13028374035397175 0.10383877839566906 0.1726169395374275 0.0977128052654788 0.16285467544246465
0.09877637952862964 0.14819439279075686 0.09813199332313431 0.11860538702825518 0.12764270485657986 0.2485318699844997 0.08895404027119139 0.07116323221695312
0.07764452242544914 0.1086191629479599 0.09692313180765504 0.13577395368494985 0.10162501898637434 0.22439530583501024 0.09209015989066165 0.16292874442193983
0.11528228920848764 0.07736742731511687 0.1501360947813807 0.09670928414389608 0.14888921153573828 0.15179970576312227 0.14376484627958286 0.11605114097267528
0.12353470493736228 0.07523606818112825 0.1632795450265226 0.09404508522641031 0.16125573142655225 0.12999042728032498 0.139804335650007 0.11285410227169237
0.08500137960572407 0.11059788490037123 0.11243559620506287 0.13824735612546404 0.11109353566746293 0.18295964816460875 0.09376777198074954 0.16589682735055683
0.11881224171185323 0.08378557272855326 0.15170926499466536 0.08998950591645098 0.15610992483592745 0.14426612183531792 0.1428404855816682 0.1124868823955637
0.099270803177051 0.13056167664420218 0.09050983020918021 0.11382300015135574 0.12969877217397777 0.2223466304034259 0.0772016870591804 0.13658760018162688
0.10825765319815399 0.06796244503399176 0.20888916120442846 0.13592489006798353 0.10476131088259039 0.10032602977437767 0.15154610877728908 0.12233240106118516
0.10682344686688162 0.06584311830994759 0.2581018898414759 0.13168623661989518 0.09594385737525349 0.07626351152854857 0.14682032650009205 0.11851761295790565
0.08302556597553282 0.11232410953625101 0.13836802224434716 0.14040513692031376 0.09775679016153056 0.1644029005986529 0.09523131025899544 0.1684861643043765
0.0803263078236831 0.1205211886303137 0.10875553225726729 0.12926603960998623 0.10288247594035471 0.19971637651842242 0.0969495297074897 0.16158254951248283
0.09110793097456414 0.1312736034100327 0.0846448995862186 0.1144436542549003 0.11566192655452326 0.24791294766273078 0.07762265245114976 0.13733238510588036
0.11885294035385946 0.07596195329948419 0.14637145266909748 0.09495244162435522 0.15154980095323284 0.1572152992733448 0.14115318187739972 0.11394292994922628
0.10998601308459334 0.0658912223300496 0.2331044445980019 0.1317824446600992 0.10680522459380035 0.08689885925415125 0.1469275912852151 0.11860420019408931
0.1058165209637617 0.06484288696276597 0.2700577434015108 0.12968577392553193 0.09511641307070709 0.07317350525860582 0.14458995988413784 0.11671719653297874
0.08265955181924252 0.11195457969267286 0.14208409563723168 0.13994322461584108 0.09735114280688115 0.16315752267142067 0.0949180132177009 0.16793186953900927
0.1056004833823297 0.07485548728389047 0.24021287493550178 0.1338489553623094 0.09427566471285326 0.08634140572256667 0.14817629572058671 0.11668883287996205
0.0827301352632162 0.11227527946175234 0.13514394798711005 0.1403440993271904 0.09730149010147866 0.1686022178186165 0.09518991084800742 0.1684129191926285
0.1420395510673792 0.10070084818535724 0.19138374244744366 0.10800700613476685 0.12677153572766406 0.11736916673155406 0.11956819563962792 0.094159954066207
0.10479413650234043 0.1309236742800421 0.10136239984836908 0.11413858783388285 0.122588142551838 0.2118110157477129 0.07741573783515532 0.13696630540065943
0.10875131655834047 0.06737393496815519 0.2167622791737524 0.13474786993631038 0.10239236718262605 0.09846533007033922 0.15023381916779682 0.12127308294267936
0.10613603196312232 0.06525993190975236 0.2646983317580543 0.13051986381950473 0.09471602731010899 0.07568202793149996 0.14551990787040306 0.11746787743755428
0.1038172300235841 0.06411711295824285 0.2833194499954508 0.1282342259164857 0.09155321732294358 0.07057636827992624 0.1429715921785296 0.11541080332483715
0.12017647468813455 0.07455038958716759 0.21261556329424583 0.09318798698395947 0.14098834786572462 0.10812545165371262 0.1385302015463039 0.11182558438075137
0.08426615720315443 0.11019370840609771 0.127627454297927 0.13774213550762215 0.10644525689585309 0.17500962447502916 0.09342510060516981 0.16529056260914657
0.1368486530833437 0.08889659006923901 0.18881109430449386 0.11112073758654877 0.12985066687391067 0.12057226443792554 0.12389132981664465 0.10000866382789388
0.10133238995781244 0.12748554650040173 0.14113770096858821 0.15935693312550217 0.09014530522737232 0.15605670538265934 0.08106417902471197 0.14342123981295193
0.10999317990107155 0.07571705413918466 0.23957076927938517 0.1333680027689446 0.09251893150589163 0.08491866010083853 0.14764386142919386 0.11626954087549016
0.10021459168259209 0.13404397842042629 0.11272591341870088 0.11685885298191008 0.11573571017278665 0.20092954250538772 0.07926078723990422 0.1402306235782921
0.12165075373083328 0.07587021711783543 0.15658818286656823 0.09483777139729428 0.15133870046128126 0.1449263318662923 0.14098271688314196 0.11380532567675315
0.14510986896786665 0.0858520965309527 0.19545122103523377 0.1073151206636909 0.13922936079081255 0.1108103724652006 0.11964835094892104 0.09658360859732179
0.11465678293980631 0.06436452417991999 0.2536384150658707 0.12872904835983998 0.10195707640300904 0.07727472725187617 0.14352328227582156 0.11585614352385595
0.10648016661678325 0.06411906096068838 0.2786753854905162 0.12823812192137676 0.09316417322193143 0.07093284612622831 0.1429759359332365 0.1154143097292391
0.10383285844891742 0.06366844299647643 0.2885568551895065 0.12733688599295287 0.09066614486049526 0.06936448998853754 0.14197112512945642 0.11460319739365758
0.10288573582194835 0.06344924262103617 0.2923509728718308 0.12689848524207234 0.08985075766717333 0.06887382804937535 0.14148234100869858 0.11420863671786512
0.10253318712593704 0.06335968903353907 0.29379420106339904 0.12671937806707814 0.08956323819707118 0.06870021637781802 0.14128264987478711 0.11404744026037034
0.10240018526762137 0.06332489142481526 0.29434148342708605 0.12664978284963052 0.08945798087030218 0.06863581519487105 0.14120505640100595 0.11398480456466747
0.12009863761001079 0.07429066984796366 0.21601723535876752 0.09286333730995457 0.13990023691346626 0.10734629018682476 0.1380475880010668 0.11143600477194548
0.10825596134577892 0.06417217679648278 0.26251504501190887 0.12834435359296556 0.1017170364904122 0.07639113220946132 0.1430943763193213 0.115509918233669
0.08339919755606005 0.11161981046992671 0.14046341195544332 0.13952476308740838 0.09862144160957355 0.16430747247915134 0.09463418713754657 0.16742971570489004
0.10576941966410758 0.07479318169385935 0.2399572091408591 0.13376567941579828 0.09450087198859754 0.08651329893535707 0.14808410582457113 0.11661623333684978
0.07313172522629123 0.09862048692537519 0.08301121662942992 0.0859768347554553 0.14257778756150533 0.24753707488486568 0.09719120450616686 0.1719536695109106
0.10205318963840064 0.06767653250341425 0.20905400653374528 0.1353530650068285 0.10743551806797448 0.10570136323587792 0.15090856650761328 0.12181775850614567
0.10535479551315538 0.06538259332726326 0.2618516748687065 0.13076518665452652 0.09599015103419764 0.07717350608929892 0.14579342452377805 0.11768866798907383
0.10423944743933412 0.06411920859169631 0.2822587517362382 0.12823841718339263 0.09184378904333612 0.0709095454125995 0.14297626512834968 0.11541457546505338
0.10322917046068565 0.06360852063455107 0.2899870383636991 0.12721704126910213 0.09030388348835368 0.06932150143541752 0.14183750720599894 0.11449533714219193
0.10271166510502663 0.06341521058601769 0.29290103604956125 0.12683042117203538 0.08973083507065521 0.06885699831185646 0.14140645465001556 0.11414737905483183
0.10248584054298986 0.0633429456120154 0.2939995718352802 0.1266858912240308 0.08951754438155457 0.06870558975869404 0.14124531454380745 0.11401730210162772
0.12014121925199447 0.07429010772503755 0.21590195607837026 0.09286263465629693 0.13991974778745322 0.10740262945407968 0.13804654345921158 0.11143516158755633
0.14313016225639988 0.08482730763061087 0.21684510128561432 0.10603413453826359 0.13446632584491022 0.10104610034471491 0.1182201470150491 0.09543072108443722
0.08903070749227801 0.1098915189862502 0.1286251620435127 0.13736439873281273 0.10488603210794577 0.1721960056260044 0.09316889653182082 0.16483727847937527
0.10739594905316616 0.07480296978100422 0.23466106660178526 0.13396538912883257 0.09600155552001684 0.08807753798829873 0.14830519268637546 0.11679033924052071
0.09964714966234621 0.13387542912363676 0.11164688698600832 0.11671191256932435 0.1165255259165673 0.2023776773510384 0.07916112330788955 0.14005429508318923
0.10787315656270144 0.06726982406236155 0.2216603130910069 0.1345396481247231 0.10082843324652324 0.09674127421361475 0.15000166738681814 0.12108568331225078
0.08340530610488428 0.11192500664242513 0.13081993734296726 0.13990625830303144 0.09850937566892094 0.17265366555990333 0.09489294041423002 0.16788750996363772
0.11866903113635235 0.08394079115591947 0.15837863632607907 0.09005302035785175 0.15198215945433113 0.14146878396683138 0.14294130215532022 0.11256627544731466
0.08419289086485646 0.10985171934198827 0.11448893363874886 0.13731464917748534 0.10847955345944581 0.18775952114932887 0.093135153355164 0.1647775790129824
0.10469405961978828 0.0678485969596456 0.2242483977426227 0.1356971939192912 0.0995855948814679 0.09450643778607516 0.15129224456374704 0.12212747452736207
0.12226617649703181 0.07542360241234441 0.1939922981179515 0.09427950301543052 0.14503359914943983 0.11571660375142136 0.14015281343786387 0.11313540361851661
0.1254379761128602 0.07403636363793428 0.18153004571947912 0.09254545454741786 0.158064158390182 0.1197564222110039 0.13757503392422116 0.11105454545690142
0.12609866531241065 0.0738515476221162 0.17697401887430744 0.09231443452764525 0.16212482311548265 0.12062758196630427 0.1372316071485592 0.1107773214331743
0.1108416118221098 0.06481533649311963 0.24633894932962688 0.12963067298623926 0.10761473389022456 0.07956256334222761 0.14452852644883687 0.1166676056876153
0.1409708305571578 0.08560753859679945 0.2295795859512361 0.10700942324599932 0.12596099114654996 0.09525562843942292 0.11930752114143507 0.09630848092139939
0.11258826394842496 0.06372135371244615 0.2674863708904756 0.1274427074248923 0.09810679775641146 0.07386696145599927 0.14208910812894707 0.11469843668240305
0.14086054999524222 0.08514683809843994 0.23692788705304962 0.1064335476230499 0.12268084394078499 0.09349467763104914 0.11866546279763923 0.09579019286074492
0.11229576117629068 0.06355414760004273 0.2703776260240088 0.12710829520008546 0.09716838985928744 0.07338205100578447 0.14171626345442362 0.1143974656800769
0.08414678450995197 0.11154138862107087 0.142317407257611 0.1394267357763386 0.09756577160098855 0.16312213025413344 0.09456769904829923 0.1673120829316063
0.10588230873217676 0.07472349943458775 0.2408364674216104 0.13364717454723596 0.09420380551919035 0.08624090688135638 0.1479529160636881 0.1165129214001544
0.09936044822412338 0.13393069324292098 0.11291418047266527 0.11676009154511059 0.1161017933657661 0.2016268820733798 0.07919380122190109 0.14011210985413272
0.14094336328284102 0.08795031590194273 0.18163545970760558 0.10993789487742842 0.13170121380082656 0.12631509857185064 0.12257254846781944 0.09894410538968557
0.13070198697494442 0.07406921516672439 0.1774332697941523 0.09258651895840549 0.1537786323360282 0.12269047509044687 0.13763607892921173 0.1111038227500866
0.11196588592817429 0.06482792403091536 0.2465703047764081 0.12965584806183073 0.10580020709247363 0.07993297207516578 0.14455659477938437 0.11669026325564763
0.1061491993248338 0.064299379792788 0.2760038542618717 0.128598759585576 0.09422155702337662 0.07161034636897523 0.14337802001556013 0.11573888362701842
0.10388118642173719 0.06373108932928717 0.2875503715534137 0.12746217865857434 0.09097215331226385 0.06957624283058146 0.1421108171014254 0.1147159607927169
0.08260012094472409 0.1115997090058127 0.1463966581044702 0.13949963625726589 0.09620934907769517 0.16167781850942814 0.0946171445918847 0.16739956350871904
0.08027728552420492 0.1203479601155973 0.11090023632957946 0.12914298321110398 0.10247615790286924 0.19856941049443724 0.096857237408328 0.16142872901387997
0.07839254572434554 0.1293021662949047 0.10102474197517225 0.1264396712341203 0.10206527388941235 0.20989625841380422 0.09482975342559026 0.1580495890426504
0.06570567576250907 0.1103716814684281 0.06238617751243121 0.07981777715290965 0.13738483339190238 0.28891696782250875 0.09578133258349156 0.1596355543058193
0.07267106585157317 0.10750773552690282 0.09008708299243133 0.13438466940862853 0.10279137768025577 0.2401486025205234 0.09114786272933066 0.16126160329035422
0.08683135725208428 0.14086176597194772 0.11315810311900021 0.15793372785466814 0.08389965470818458 0.1948348353336262 0.08034020069128771 0.1421403550692013
0.10682317461106484 0.08454373605848764 0.22701691228880502 0.1335674766118086 0.09158346802658247 0.09215710408147147 0.14786468717302376 0.11644344114875624
0.10537819371936046 0.1543405635800056 0.12071928549798473 0.11976904564162125 0.12584732417546401 0.21225737576937526 0.08982678423121594 0.07186142738497274
0.06759465987538223 0.10580455059445512 0.06101869048138041 0.07885955206814874 0.14158673794990598 0.2982711242956533 0.08914558059877682 0.15771910413629747
0.0842314089644922 0.13792074434712367 0.10354277533587163 0.15451826470964894 0.0899577972706653 0.2121598016942578 0.0786027694392562 0.13906643823868403
0.10635395544213407 0.08432517084247192 0.2225715821751066 0.13371523543784716 0.09302507671180635 0.09540846058769831 0.1480282622673766 0.11657225653555908
0.12315841136603108 0.08529229714717676 0.18682651670987704 0.08828294706219558 0.14771822732840498 0.11823625455508506 0.14013166200348506 0.11035368382774448
0.10003300346785994 0.14076886273255904 0.09949298879539993 0.1122489109092709 0.1265624663833839 0.2100610306993304 0.07613404392107068 0.13469869309112506
0.0920780923079659 0.14424953319057193 0.11495356671049656 0.15640809551890064 0.0879673410768378 0.18401196707294948 0.07956411815526684 0.14076728596701057
0.10793419055984801 0.08479820832859382 0.22749426934227782 0.13324834234734576 0.09273607463843697 0.09011230082631616 0.14751139242359806 0.11616522153358348
0.08532044114289006 0.12468522862965091 0.1301358159364245 0.12893394321406315 0.10245882061508885 0.17059786403375635 0.09670045741054736 0.1611674290175789
0.06782683626741648 0.11126675137600676 0.06757790586829562 0.08104455045772921 0.14083281245586937 0.2721085821099492 0.09725346054927504 0.16208910091545842
0.06052881835056479 0.09962512565179325 0.05273579398062878 0.0774866949041044 0.14321188596854922 0.3238446362271633 0.08759365510898758 0.1549733898082088
0.09866602904578989 0.07457882104805619 0.19337023135769354 0.13445217543517982 0.10771510358531285 0.12030653977051584 0.14990414186579 0.12100695789166184
0.10466762235563953 0.07053531473183323 0.2549150471753098 0.13064899829692456 0.09616071422802212 0.07982432156921382 0.14566388317582482 0.11758409846723208
0.10393798186372058 0.06875318532566879 0.27898985910721047 0.12781308137575534 0.09173231562466974 0.07123975602048306 0.14250204744431225 0.1150317732381798
0.08208656712292361 0.11892165416650256 0.14368681218575857 0.13838499428689566 0.0957542266587861 0.16124262587505117 0.09386112655980751 0.16606199314427478
0.1173188790208607 0.09083863201730445 0.1615903748483257 0.08906133219787225 0.1510816627249973 0.13741525997842294 0.14136719396487657 0.11132666524734029
0.08325210437834309 0.11939747001748734 0.11437296594828308 0.13578765931881004 0.10744915266296465 0.18469600060573815 0.0920994558858016 0.16294519118257203
0.0791333735988197 0.12939601063850806 0.10204519866925 0.12670894125478904 0.10436165007138845 0.20493694325766654 0.0950317059410918 0.1583861765684863
0.07608762069550273 0.12408644248832838 0.10033964937935536 0.13631152367627578 0.09683369187605813 0.2103124708925182 0.09245477258043053 0.16357382841153092
0.11583151312827453 0.09171301849057698 0.14721405222893996 0.08918394522848885 0.151716695669304 0.15129902589580646 0.14156181782299818 0.11147993153561105
0.08279699396234647 0.11925254068223275 0.11078532635410834 0.13551002623898917 0.1073578883851932 0.18977404465868103 0.09191114823166222 0.162612031486787
0.10376587539335766 0.07581860324749573 0.221337112237725 0.13455848947099938 0.09884093234724023 0.0945536726974368 0.15002267408184558 0.12110264052389945
0.13933235080545353 0.09292776812975714 0.220683750331661 0.10744975581553116 0.12399613282017592 0.09910700276761959 0.11979845909582355 0.09670478023397805
0.0877014472948623 0.11996861511485031 0.12872754195913214 0.13607609983639574 0.1017849426390783 0.17015493954992927 0.09229509380207711 0.16329131980367487
0.10641774103760591 0.08142482741703494 0.23354388965557374 0.13277639610330164 0.0957515617120573 0.08734287432503585 0.14698892853112758 0.11575378121826298
0.07268743088076984 0.10616051504135923 0.08159353019537871 0.08512180397690848 0.14186688883059342 0.24610157514727687 0.09622464797389654 0.17024360795381696
0.11291062270225707 0.08337555471232705 0.14424367000816785 0.0934719170960868 0.15864944219789504 0.15623021004004783 0.13895228272791413 0.11216630051530417
0.09537906762981979 0.13711117751629642 0.12766975096651795 0.1570872639940494 0.09471806525450083 0.16674652883850263 0.07990960820566861 0.14137853759464444
0.10821950267198076 0.08346630252259046 0.23275592171534726 0.13253463135542792 0.09408900350913692 0.08667034125763284 0.1467212850169979 0.11554301195088587
0.07302160428746805 0.10643312267981828 0.0815199049886976 0.08517052510583573 0.14139421252286516 0.24583985617095983 0.09627972403268387 0.17034105021167145
0.10143590148633082 0.07486122113539251 0.2071270891062319 0.13424886590704382 0.106698356717732 0.10512711941665824 0.14967746691427122 0.12082397931633942
0.10487026453297398 0.07024250483565053 0.26039042849331123 0.1300686946654505 0.09551809505123082 0.07683129928950501 0.14501688793297243 0.11706182519890544
0.094629576214627 0.13707322644497305 0.1601765252713693 0.15930159646431966 0.08335292611760986 0.14105868316345085 0.08103602950576261 0.14337143681788767
0.12064250161939889 0.09320812867728193 0.16692091462313538 0.08884315748074484 0.14668073979384647 0.13162972606459028 0.14102088489007117 0.11105394685093105
0.12477207299762151 0.08123662952646542 0.1719917990020199 0.09217368437496425 0.1583831146750113 0.12381190558073013 0.13702237259323044 0.11060842124995708
0.08476197409225324 0.1183587541794122 0.1169871234239867 0.1358677349183581 0.10925466751586124 0.17957469593651673 0.09215376803158203 0.1630412819020297
0.10606369781412782 0.08151732796724745 0.22845514485291063 0.13324680522644053 0.09774046427626892 0.08930298761597416 0.14750969076756945 0.11616388147946097
0.08253874387188562 0.12066653226673237 0.13175239770845462 0.1387201970490788 0.09718072033778849 0.1685886908303992 0.09408848147676648 0.16646423645889452
0.07935273816673205 0.13023181537722806 0.10644479075696525 0.1273506654296625 0.10254100078804365 0.19937765862204349 0.09551299907224689 0.1591883317870781
0.08964292072012184 0.1462394415189617 0.08322542268939963 0.11196577623187842 0.11355073188449874 0.245074770728307 0.07594200474857839 0.1343589314782541
0.1054503516523401 0.0776376962380819 0.2076879483912934 0.1340187862553508 0.10029129191168884 0.10487607264867255 0.1494209452727568 0.12061690762981572
0.10582940154875684 0.07043841463004186 0.2606373501460543 0.13007778542212226 0.09413427362782706 0.07678574429704083 0.14502702344824675 0.11707000687991002
0.08249970090192801 0.11926690106935245 0.13939662537523892 0.1385811191730745 0.09636904392413109 0.1635951161529351 0.09399415039565054 0.16629734300768942
0.10491682545500357 0.08119074363060332 0.23843382915257905 0.13259805724294887 0.09444952894594993 0.08602120917681537 0.1467915000817342 0.11559830631436568
0.09816864964430445 0.14382553788732588 0.1115273452734721 0.11534670460359678 0.11500269736107506 0.19947786353999172 0.07823515616591781 0.1384160455243161
0.12012606680673589 0.08651727912891698 0.15481356532619872 0.09359198931697839 0.14978385527849958 0.14372607881347474 0.1391307781488216 0.11231038718037406
0.1439344258791782 0.09319777250341431 0.19379213692282496 0.10644984997291192 0.13808187563071467 0.11005543541419315 0.1186836387011421 0.09580486497562073
0.11398245709805528 0.07044790419751269 0.25208818877625844 0.12780318017463496 0.1013099418460217 0.07685445740638662 0.1424910083439587 0.11502286215717147
0.14102300929595085 0.09128462672121217 0.23068977071483263 0.1060471656602378 0.12332594510945244 0.09395235766052155 0.11823467574357854 0.095442449094214
0.11206010864656235 0.06954386362814728 0.267066270642104 0.1263934841231394 0.09703988062342112 0.07322295417806134 0.140919302447739 0.11375413571082547
0.12252895895063433 0.07955719349875692 0.20652313374287545 0.09249530724666666 0.14207076779909408 0.10832978347242031 0.13750048659355224 0.11099436869599998
0.08454120595871809 0.11843809954914794 0.12535050688082064 0.13618916946604828 0.10584364422712904 0.17383858605147146 0.09237178450740666 0.16342700335925792
0.07953047269746034 0.1294490944393632 0.10474186860803733 0.12694703923490924 0.10440595889755976 0.20103148765285156 0.09521027942618193 0.15868379904363655
0.06561097070046457 0.11591034970677115 0.0626828321100911 0.07932752258732251 0.13909686249579464 0.2835233901201238 0.09519302710478701 0.15865504517464502
0.07179876486800242 0.11935904808632111 0.0890851308012676 0.1324893493378477 0.10213974933894945 0.2362783970721759 0.08986234129001845 0.15898721920541722
0.1017000713307488 0.07629617883603396 0.21200391521478934 0.13534359471915336 0.09832565768790882 0.10362333912053431 0.15089800784359336 0.12180923524723802
0.10672800129202838 0.07624334518989738 0.26768469544898077 0.12873361314788337 0.09226782721879627 0.07359981231982979 0.1425134016126344 0.11222930376994962
0.07312828313443348 0.10608319400131216 0.08705267415894073 0.08545933452432772 0.14145445146706115 0.2392971894203771 0.09660620424489219 0.17091866904865544
0.0739522043022938 0.1195513290369157 0.09561543526013144 0.1340454312158536 0.10369984865167102 0.2213634633364005 0.09091777073770942 0.16085451745902432
0.11473080880781335 0.08564611103341488 0.15096542588746772 0.09495707356610705 0.1476323465203277 0.15095967833562646 0.14116006756991437 0.11394848827932845
0.09588356855610049 0.13764582447714738 0.12961400165571335 0.1573775347131029 0.09267570722174473 0.16510631447599397 0.08005726765840451 0.14163978124179258
0.10784497419109675 0.08788256402511689 0.23276329443663468 0.13165740662870337 0.09325877373292216 0.08606457386840954 0.14575016118440093 0.11477825193271575
0.08488828290419856 0.1294990019439508 0.1308768904152573 0.12804498766779746 0.10252469879123055 0.16807616294197034 0.0960337407508481 0.1600562345847468
0.07902222006805724 0.13780937656946948 0.10531952407793828 0.12577753280172907 0.10293923044791234 0.1975770504314355 0.09433314960129682 0.15722191600216134
0.0773719192070459 0.13898092996645495 0.09881556185789517 0.12486594580400583 0.1023383377840035 0.20789541377258294 0.09364945935300438 0.1560824322550073
0.07687262276190003 0.1389478525826322 0.09710710825454605 0.12453935743917856 0.1019691282574685 0.21148521582591767 0.09340451807938392 0.15567419679897318
0.07671564818096789 0.13882728365540162 0.0966410761714978 0.12442694206811433 0.10179914005285567 0.21273602573493403 0.09332020655108575 0.1555336775851429
0.09327109348589044 0.16881630469011388 0.08806064567001078 0.11349957193391406 0.12377719657991529 0.2593507655293714 0.08512467895043556 0.06809974316034845
0.06438306814709102 0.10507553991947421 0.055432118706340135 0.07723961732388368 0.1381240577697186 0.3179520134674217 0.0873143500183033 0.15447923464776736
0.09959367608614624 0.07494615962277089 0.19464276704332426 0.13440257713725934 0.10648224136627518 0.11912141585571642 0.1498488434649742 0.1209623194235334
0.08100363223884327 0.11943213411353652 0.12333394710391235 0.13821133507579356 0.09874052932798175 0.1796814797367029 0.09374334031227739 0.1658536020909523
0.09424691838939095 0.16279978698545833 0.12468137359632911 0.15155269326776222 0.08568524308886599 0.16963740739613514 0.07927371647852177 0.1321228607975363
0.09808697873649462 0.17764849023226548 0.09462683034428357 0.11436894674940953 0.12012183308427571 0.2407488427415683 0.08577671006205716 0.06862136804964572
0.07774799818560293 0.12650260883543893 0.09639477860464964 0.1323104421290474 0.098128567026528 0.22040207913287005 0.08974099553100609 0.1587725305548569
0.0756273481329051 0.12340830268270701 0.09878056421096171 0.13592796836735171 0.09520837918524837 0.21573925335693062 0.09219462202307334 0.16311356204082203
0.10412669802664526 0.08675732665666008 0.2200959937763226 0.13354152405163736 0.09513642022455732 0.09608526480220714 0.1478359566220812 0.11642081583988899
0.0729956980299631 0.11206642555407535 0.08318610589859275 0.0833220410104155 0.14296985557957895 0.23882934269404474 0.0999864492124986 0.166644082020831
0.08651218401918807 0.14071743916826698 0.0773169253828321 0.10940774080989724 0.12173561673198484 0.25881381549706717 0.07420698941888682 0.13128928897187667
0.07584049650891207 0.1226221625391297 0.09270908197047015 0.1329093899272414 0.09869998652267666 0.22758037623344696 0.0901472383854333 0.15949126791268967
0.10262795045857752 0.07648023289837026 0.21363699085439083 0.1352712649421786 0.09747609662587259 0.10194596023263833 0.15081736554001107 0.12174413844796073
0.10689055093278732 0.07622227468649029 0.2683228533468394 0.12864643054880195 0.09207765810471262 0.07327004706157512 0.14241688689163257 0.11215329842716067
0.07316628003884555 0.10609511678096033 0.08715997541614835 0.08547006894057543 0.1414121881508883 0.23913789398904162 0.09661833880238961 0.17094013788115087
0.08642397989113967 0.13970196878807567 0.11175869678520656 0.15663758558769994 0.09087450724208551 0.1939485759213806 0.07968085875548214 0.1409738270289299
0.10614088892830742 0.08878848780865217 0.22519128094580826 0.13249724468423502 0.09351596391688358 0.09167581883831517 0.14667989643513193 0.11551041844266642
0.10441641787976659 0.16020609332943797 0.11955957489594754 0.11860969288432172 0.12674484917918244 0.21034028643750952 0.0889572696632413 0.07116581573059304
0.09300931467268896 0.14671950281018853 0.08392917744904095 0.10876155687343579 0.11738360872835474 0.2459142630779248 0.0737687081402434 0.13051386824812294
0.10608061613255132 0.07749603697155297 0.20761263981273184 0.1336522971057465 0.1009670671794509 0.10489193818191017 0.1490123372208845 0.12028706739517182
0.10782701163675977 0.07643161592828365 0.2656472777897715 0.1286970180428148 0.09289968463854595 0.07382710229179926 0.142472889327007 0.11219740034501804
0.09896119618744507 0.14322719723126234 0.117112976544209 0.11536049737368982 0.11473841193810846 0.19392261261470278 0.07824451126215483 0.13843259684842776
0.12028415266446005 0.08642258441622594 0.15667905507957397 0.09354030474912006 0.1496177136323733 0.1421538781919539 0.13905394556734862 0.11224836569894407
0.08376721114039216 0.11882329360263999 0.11317854935518457 0.1357308412958966 0.10707387793486854 0.18648829867176878 0.09206091844417336 0.16287700955507592
0.10555522832628464 0.085487046849599 0.2260679217284443 0.13270585904565196 0.09718198859269553 0.09039882697545237 0.14691084110873964 0.11569228737313249
0.10433396944812524 0.15923692788067206 0.11981404865161575 0.1186747136750548 0.12790906386401005 0.20982041301919815 0.08900603525629111 0.07120482820503289
0.07933190227889558 0.12505225977089754 0.10272172905985225 0.133032187791805 0.10039844856637219 0.20959431981017873 0.09023052737183297 0.159638625350166
0.1391151138505102 0.11523072970122339 0.17646516755950004 0.10602109538214291 0.12750937656798633 0.12586015888085175 0.1173697108015583 0.09242864725622717
0.07573250629077043 0.10599349112063831 0.07129846884007848 0.08204777252084247 0.1477045531163074 0.2603780071765518 0.09274965589312627 0.16409554504168494
0.1322741667731842 0.09689015983360365 0.16353794179876577 0.10858652945995045 0.140138764397211 0.1397786843478323 0.121065876875497 0.09772787651395541
0.12774849157586518 0.08131004834251535 0.17052456379301484 0.09188445653598622 0.1559157309965193 0.1257629449280765 0.1365924159848392 0.11026134784318344
0.12631049617857948 0.07994805503521328 0.1726912737264381 0.0917652021642745 0.16093028978624985 0.12182130416044784 0.13641513635166777 0.1101182425971294
0.12581100624872996 0.07976643396921151 0.17330722164502438 0.09167859932786025 0.1624694475066611 0.12066657669035082 0.13628639541872958 0.11001431919343233
0.14481102630574524 0.09189395593064098 0.19994731249534864 0.10563513947418876 0.1408514578166063 0.10401418515634357 0.11777529729435672 0.09507162552676987
0.10220328908003974 0.13797263472871446 0.1426896084398363 0.15662509585358983 0.09121070197492877 0.14866157837261668 0.07967450528204352 0.14096258626823083
0.08250845608820317 0.14030061577582173 0.10828141603144657 0.12601203597574803 0.10051069920811637 0.19036270496916813 0.09450902698181103 0.15751504496968505
0.0952570293951426 0.1704247818523508 0.09108368737011195 0.11432951630394382 0.12426181397993358 0.2502983240881932 0.08574713722795788 0.0685977097823663
0.07704857148502535 0.12535067941547076 0.0953585403517187 0.13194432849058685 0.09881120333982939 0.22366080775244057 0.08949267497622412 0.1583331941887042
0.10281369880982781 0.07658984921955533 0.2147173513345212 0.13511136204314758 0.09739413907010393 0.10113428794336776 0.15063908574064366 0.12160022583883281
0.08396437107257827 0.1266891609987873 0.12666252425435115 0.1282617005108016 0.10364733225911488 0.17425150988276347 0.0961962753831012 0.16032712563850196
0.06706955956752346 0.11661321183950189 0.06657624786414823 0.08024050557497535 0.1405034499233041 0.27222740739062595 0.09628860668997043 0.1604810111499507
0.11127025407907457 0.08415267688854144 0.13891549666205852 0.0933636500649477 0.15814976756137372 0.1633204381516073 0.13879133651445957 0.11203638007793724
0.1222699703063266 0.08055746417502933 0.16242557203526517 0.09222264583791442 0.16233267010708466 0.13242934543652007 0.13709515709636233 0.1106671750054973
0.11002773664065993 0.07043888340318681 0.23965459554170024 0.12946177416420224 0.1078241634106782 0.08173703322513526 0.1443402168666553 0.116515596747782
0.08321617985053421 0.11915137813677897 0.13438237751864118 0.13844004684957617 0.09936392423542116 0.16541957063071408 0.09389846655884297 0.1661280562194914
0.10484518086286633 0.08507116726222595 0.23550792033602402 0.13206594917223272 0.09495457794598353 0.08621835261952969 0.14620243457406304 0.11513441722707468
0.1042754068004626 0.15926431675625877 0.12198950409522495 0.11877899214144794 0.12738522823695167 0.20795491257869955 0.08908424410608595 0.07126739528486876
0.07934848161283159 0.12509973614576897 0.10325685601660432 0.13308127266551645 0.10031708381542405 0.20893522282427596 0.09026381972095898 0.1596975271986197
0.1047285781522754 0.08675164025777801 0.22167391726764812 0.13302008945812804 0.09597156192050915 0.09462927401593708 0.14725870709243313 0.11596623183529112
