0.125 0.125 0.125 0.125 0.125 0.125 0.125 0.125
0.09592326139088728 0.15987210231814547 0.08633093525179857 0.14388489208633093 0.11990407673860912 0.19984012789768185 0.10791366906474821 0.08633093525179857
0.07295173961840629 0.12906846240179573 0.09118967452300786 0.16133557800224466 0.08754208754208755 0.15488215488215487 0.10942760942760943 0.19360269360269358
0.07411886857043971 0.12353144761739955 0.08894264228452767 0.14823773714087943 0.09264858571304965 0.176045244391945 0.1111783028556596 0.1852971714260993
0.0725306927573235 0.1208844879288725 0.08703683130878821 0.145061385514647 0.09066336594665438 0.19370046551442036 0.10879603913598526 0.18132673189330875
0.07132879723386332 0.11888132872310551 0.08559455668063597 0.14265759446772663 0.08916099654232913 0.20706153741688613 0.10699319585079498 0.17832199308465826
0.05955922976538583 0.09926538294230972 0.05360330678884724 0.08933884464807874 0.12916180023660523 0.28318713274492113 0.10720661357769448 0.1786776892961575
0.07221535305412234 0.12776562463421645 0.09026919131765293 0.15970703079277057 0.0967525841076698 0.15331874956105976 0.10832302958118353 0.19164843695132466
0.09659130090150819 0.07606564945993773 0.19318260180301638 0.15213129891987545 0.09184359466425311 0.0891426664417085 0.16841560157186045 0.13262728623784012
0.07171095434017721 0.11951825723362872 0.10169664720064886 0.14342190868035443 0.09738587229244317 0.1794225428920387 0.10756643151026583 0.17927738585044303
0.06979927617433614 0.1163321269572269 0.09191699867156101 0.13959855234867227 0.09538666498688689 0.20776927616397223 0.10469891426150421 0.17449819043584033
0.06868178849657182 0.11446964749428637 0.0897877608963295 0.13736357699314364 0.09971439222887118 0.2152556799045103 0.10302268274485774 0.17170447124142954
0.05726871980679406 0.09544786634465675 0.05608120870304647 0.0859030797101911 0.13893413828302978 0.2914751320796703 0.1030836956522293 0.1718061594203822
0.08239347811752941 0.14577307666947512 0.07183021169220513 0.1270842206862091 0.1116958622388986 0.22252583174158572 0.08619625403064615 0.1525010648234509
0.06845824192385246 0.12111842801912356 0.08557280240481556 0.15139803502390445 0.09078482788145731 0.1983026598323828 0.10268736288577868 0.18167764202868533
0.06866938996232101 0.11444898327053504 0.08927170974722048 0.13733877992464202 0.10236673043607619 0.21322684680992113 0.10300408494348154 0.17167347490580254
0.0570147645700003 0.09502460761666716 0.055824163939182686 0.08552214685500044 0.14156821522653232 0.29137523185661557 0.10262657622600052 0.17104429371000088
0.055525010567987476 0.09823655715874707 0.04840641946952754 0.08564212675377951 0.12634317790348584 0.31774961569985855 0.09681283893905508 0.17128425350755902
0.06472059506221199 0.11450566818699047 0.08090074382776499 0.14313208523373808 0.08734117446720475 0.24056033834828605 0.09708089259331801 0.1717585022804857
0.08236448602663674 0.1372741433777279 0.10674008764439398 0.16472897205327347 0.08665489341113151 0.19246162057150112 0.08616592384325074 0.14360987307208456
0.0680880826743748 0.11348013779062467 0.0966674848476996 0.1361761653487496 0.10253066641127674 0.2107051322297754 0.10213212401156221 0.170220206685937
0.05666203317648454 0.09443672196080757 0.059534309772426075 0.08499304976472682 0.1421854135892023 0.29021071248922675 0.10199165971767218 0.16998609952945365
0.0540998332728787 0.09571508963663156 0.047163957212253235 0.08344392429860187 0.13477916068789192 0.3235822718700325 0.09432791442450647 0.16688784859720374
0.06363764429310091 0.11258967836471699 0.07954705536637613 0.14073709795589623 0.09436917931131064 0.24477836072187234 0.09545646643965137 0.16888451754707548
0.0970791043333233 0.07376370564045152 0.18275783785544705 0.14752741128090305 0.0954787411117676 0.1061364755553926 0.16448205406990232 0.13277467015281275
0.1022933346774072 0.08055600105845818 0.16096981306555452 0.09666720127014981 0.1576930413461353 0.127546604978497 0.15344000201611083 0.12083400158768726
0.07339955012352752 0.1180033136398455 0.09655487326324076 0.14750414204980686 0.10161039582662217 0.18587646698601565 0.10004628765117335 0.17700497045976823
0.09762846483749826 0.07164226078549385 0.21241139824746075 0.1432845215709877 0.09935072210662377 0.09214606595696526 0.15862185538180157 0.12491471111316876
0.06456778136247542 0.09799248048575071 0.07753097121787053 0.08819323243717565 0.14690757308146768 0.24258961761629774 0.10583187892461077 0.1763864648743513
0.06847921854441147 0.11374865269450755 0.08664967136313939 0.14218581586813445 0.10204378839814188 0.21983079897934302 0.09643907511056077 0.17062297904176132
0.096289358392127 0.07092401387268872 0.21444338402858912 0.14184802774537744 0.09870270828805058 0.09709852684368991 0.1570315976668403 0.12366238316263677
0.06415499762785223 0.09741879536686819 0.07999570438946602 0.08767691583018138 0.14608217323593942 0.24410528289311256 0.10521229899621765 0.17535383166036275
0.06830651273555319 0.11349331215651749 0.08666650824732568 0.14186664019564688 0.10172111154935357 0.22148335613943174 0.09622259074139526 0.17023996823477622
0.07106882410948821 0.11078558758862292 0.09653586623990272 0.1329427051063475 0.10444512915117253 0.21833647759177127 0.09970702882976064 0.16617838138293436
0.08230629398870011 0.13600860298027903 0.07345113042258666 0.118571602598192 0.11311090943814778 0.25384305917027306 0.08042247828399107 0.14228592311783037
0.06953486065734037 0.11360946983466037 0.08620300683813328 0.1420118372933255 0.09616589508904178 0.2257396532843828 0.09632107225112511 0.17041420475199057
0.0711257373396491 0.11074792324414179 0.09640778226568728 0.13289750789297014 0.10323693659817179 0.2197890968734396 0.09967313091972761 0.16612188486621265
0.08207255221958681 0.13558692615353002 0.07323510542903408 0.11820398690307747 0.11464920204650213 0.25423430402161973 0.08017313894295687 0.14184478428369293
0.10728706474760256 0.07997260128670503 0.13300290187642333 0.0999657516083813 0.15188302194380554 0.15932395272352062 0.1486058038835041 0.11995890193005754
0.11717824195698694 0.07956185963113516 0.1397810902327735 0.09945232453891895 0.16181785787711336 0.13502327625552854 0.1478425600608407 0.11934278944670275
0.10569548978159737 0.07072706405593011 0.20002130843639215 0.14145412811186023 0.1110777100572993 0.08600478768973979 0.15771079656650686 0.1273087153006742
0.10944934368200394 0.0778692346763458 0.17615347001440093 0.09344308161161495 0.15885202281074284 0.11910664342590463 0.14832235176446817 0.11680385201451868
0.07736572607586022 0.11451161288730771 0.1063378490543315 0.14313951610913464 0.1092437885882361 0.18054815528884213 0.0970859326653261 0.17176741933096154
0.10094386300892522 0.0699232681804567 0.22357849168849458 0.1398465363609134 0.09923801220378783 0.08973647089085282 0.15481586442885 0.12191749323771939
0.059691195826160295 0.08427168103004078 0.09546854625869668 0.10112601723604894 0.1273164743129974 0.20852283018069925 0.12135122068325872 0.20225203447209789
0.07101302232618933 0.11364851708475614 0.09384365290767115 0.14206064635594517 0.10195828497887571 0.2106489231910481 0.09635417752838021 0.1704727756271342
0.0987670427436369 0.07087328188719513 0.20458700528316423 0.14174656377439027 0.09970156073516986 0.09871579767282132 0.1580368405066709 0.12757190739695123
0.07909026179381706 0.11208652249821405 0.12290240255325412 0.13450382699785685 0.10586313240846246 0.1765461997526819 0.10087787024839263 0.16812978374732104
0.07494454970454341 0.12201507097710483 0.1037221820379457 0.13118237383713144 0.10482550386473036 0.20094557190428122 0.09838678037784859 0.16397796729641428
0.05507697492784891 0.09109029312215403 0.07385512402951923 0.09701572672178026 0.12403173867411067 0.24847981701489022 0.1164188720661363 0.19403145344356051
0.06954785456879063 0.11202031416496917 0.09221830548420708 0.14002539270621148 0.10055456466622179 0.2226293525440201 0.09497374461812605 0.16803047124745374
0.07182410930721529 0.11311966458638235 0.0962818639740096 0.14139958073297795 0.09684166695017152 0.21494781498556312 0.09590580258410678 0.16967949687957354
0.13290605885418472 0.10352491585871584 0.17635376718259593 0.11119682798502739 0.12891443971187966 0.12706370645838896 0.12309945955200428 0.09694082439720338
0.07959205623492797 0.11361669787537351 0.11218638511258648 0.14202087234421687 0.10336931158296324 0.18246242966427245 0.09632720037259929 0.17042504681306025
0.13790574083198284 0.10289079574107184 0.18102200444653813 0.1104320499339399 0.1298690690503967 0.11935342637017882 0.12225281881168762 0.09627409481420401
0.08026606334435103 0.11374785290362222 0.11316806028117249 0.14218481612952777 0.10368886099770012 0.179884169961209 0.09643839702698405 0.1706217793554333
0.11636920457902929 0.08539595933632399 0.15055752016230795 0.09162394735169312 0.1546666558687408 0.14142194144610903 0.14543483706617955 0.11452993418961639
0.07738687554721554 0.11314366278765142 0.10713355848280644 0.14142957848456428 0.10824531211864344 0.18701936951245912 0.09592614888518274 0.1697154941814771
0.07783373318341164 0.12153488698641568 0.10008548257760365 0.13045697715352517 0.105143385536877 0.20403158025511647 0.09784273286514389 0.16307122144190644
0.06552831289317138 0.10300554713018319 0.0622423176063018 0.08224787642045857 0.14066104159776419 0.2831216998066535 0.09869745170455027 0.16449575284091714
0.058178786842869576 0.09198144318665444 0.05173855382344775 0.08018895047041669 0.14304263074190943 0.3238433552012238 0.09064837879264495 0.16037790094083337
0.10525496454390768 0.07677012433333942 0.13300253884167787 0.09596265541667426 0.15815687072715617 0.17304272710737337 0.14265493252986203 0.11515518650000911
0.11782462792250217 0.07668486435452866 0.1548029095746604 0.09585608044316081 0.1623464538560522 0.13496126564358923 0.1424965016737137 0.11502729653179297
0.13952674172621407 0.08878322750570684 0.18599763981863682 0.11097903438213357 0.14215609220858988 0.10894279209621087 0.12373334131858771 0.09988113094392019
0.08405451702808006 0.1126932563979698 0.11694042423199552 0.14086657049746226 0.10576630562585096 0.1750947590234079 0.09554428259827874 0.16903988459695468
0.10505078542095504 0.07640482282064318 0.22647631773156401 0.13674089745563073 0.09714031993523085 0.08759904897245295 0.15137779449707592 0.11921001316644732
0.1037366076610908 0.14773350078806927 0.11843098774638487 0.12308900842572938 0.1294496283216809 0.21139010568231026 0.09231675631929705 0.07385340505543764
0.07757724722439135 0.11092262793169498 0.10173296451799191 0.13865328491461873 0.10153047482700689 0.20915636109249044 0.09404309759426314 0.16638394189754246
0.08727685865026036 0.13157940372120275 0.1162374968889764 0.1644742546515034 0.08487192357439324 0.18386589509154627 0.08366733823576478 0.14802682918635304
0.14174523906627068 0.10421755446114621 0.18262338405803494 0.10997425116230075 0.12452498618813405 0.11929358011860816 0.12174601675273017 0.09587498819277503
0.07489560055653784 0.09760045846652567 0.07025411613857575 0.08508757917594544 0.14751433197083785 0.25828679627122647 0.09618595906846007 0.17017515835189087
0.10150795722580008 0.06893485570954724 0.20101902356971965 0.1378697114190945 0.10748991336676439 0.10538135898403303 0.1537144394478561 0.12408274027718502
0.10387137047295014 0.06694935664737467 0.2522344507171885 0.13389871329474934 0.09604313416865375 0.07720705985145435 0.14928707288235488 0.12050884196527441
0.10258136001574474 0.06573406091519633 0.27172815219798396 0.13146812183039266 0.09216659120820772 0.0714232593981013 0.14657714478701986 0.11832130964735339
0.10158573307509554 0.06521661290150634 0.27921425656498267 0.13043322580301267 0.09074796281703924 0.06998899266811426 0.145423312947538 0.1173899032227114
0.1010939439235729 0.0650098338092738 0.2821280410062007 0.1300196676185476 0.09021065759100672 0.06955792876029472 0.14496222643441053 0.11701770085669286
0.10087969927470045 0.06492772241006843 0.2832761578777532 0.12985544482013686 0.09000294211655703 0.06940900289304555 0.14477913026961525 0.11686990033812317
0.10079058524135548 0.06489489712487322 0.2837333751985854 0.12978979424974643 0.08992138088410719 0.0693532176936343 0.14470593478292623 0.11681081482477179
0.13491066125269333 0.0868771167871177 0.23760473779739946 0.10859639598389711 0.120362086399897 0.09283536808009814 0.12107687731338977 0.0977367563855074
0.10815043950534592 0.06495876445324394 0.2656162850664169 0.1299175289064879 0.09626270453916588 0.07332015212074462 0.1448483493927559 0.1169257760158391
0.1027024439678526 0.06517805661258774 0.27729543449849625 0.13035611322517549 0.09153707967750928 0.07027303193780125 0.14533733817791952 0.11732050190265793
0.10133348831123874 0.06501469627192061 0.2816350269768443 0.13002939254384122 0.09037671622751148 0.06961115737881421 0.1449730690003722 0.1170264532894571
0.08041394250168142 0.11337833158865082 0.14101892870936394 0.1417229144858135 0.0956468498774213 0.16162642823762796 0.09612510721646482 0.17006749738297622
0.07915201010194603 0.12198446479682663 0.10788289483184871 0.1308948100800144 0.1027921865851238 0.19550401344421167 0.09817110756001081 0.16361851260001797
0.06635744553841195 0.1033472006316879 0.06368192007475176 0.08247665318694268 0.14040612881425601 0.27980536155573316 0.0989719838243312 0.16495330637388536
0.07225828175415726 0.10950733572625125 0.09071659010226746 0.13688416965781408 0.10251350459215906 0.2310159386361522 0.09284317594182173 0.16426100358937687
0.10116354619770669 0.06926207496862107 0.21301729375888165 0.13852414993724213 0.09827222829214957 0.10064488234498559 0.15444408955689531 0.12467173494351791
0.1061809902122453 0.07091316525557628 0.2631683819216073 0.13221914080799346 0.09259109519115606 0.07328723368978354 0.14637202401210508 0.11526796890953277
0.07182181039617486 0.10034671105623505 0.08448712505581327 0.08748174810030748 0.1417063428942192 0.24030035540063535 0.09889241089599976 0.17496349620061497
0.1004441003075422 0.06868628922644729 0.20896589394045662 0.13737257845289458 0.10584324605557584 0.10189239811946009 0.1531601732900183 0.12363532060760513
0.1369787239600709 0.08842858890070376 0.21352937320865362 0.1105357361258797 0.126513179560107 0.10129313888646921 0.12323909684482408 0.09948216251329171
0.0862712139284414 0.1119435856059412 0.12528696203925002 0.1399294820074265 0.10219151365038256 0.17155317221547903 0.09490869214416754 0.16791537840891177
0.14185153958247526 0.10185266276334334 0.185513068629575 0.10941179793698272 0.1286849635665952 0.11617796525419476 0.12112335791151525 0.09538464435531825
0.08739523855332897 0.11184060026045949 0.11906375192268173 0.13980075032557437 0.1025131493210693 0.17680423074450305 0.09482137848169392 0.16776090039068925
0.10653392837085321 0.07605167934373698 0.2280288308888809 0.13616383871860588 0.09616832564944006 0.08760749395568602 0.1507389667540122 0.11870693631878461
0.08465553480226555 0.11860268144297025 0.12778966219501406 0.13176841857748534 0.10380901688683894 0.16983784894045542 0.098826313933114 0.16471052322185664
0.06796665165759849 0.10394318530190431 0.06708071209213391 0.08320790493941162 0.14198163013384266 0.2695546200689917 0.09984948592729392 0.16641580987882323
0.07327187313243301 0.10969739382664187 0.09158775813216707 0.13712174228330234 0.10300895192594212 0.22776187780218046 0.09300431215737029 0.1645460907399628
0.10220286016558132 0.069176956197266 0.2131965936923229 0.138353912394532 0.09827516049728773 0.10002170849686333 0.15425428740106778 0.12451852115507882
0.12160104619188576 0.08071335236848454 0.180568784559154 0.0902932781090771 0.15115284606679932 0.11948143140305109 0.14332266366520174 0.11286659763634638
0.08383303450040817 0.11168602133187468 0.11784439717372089 0.13960752666484336 0.10702791279549606 0.17778175310229893 0.09469032243354594 0.16752903199781202
0.10586267983676854 0.0760398125790074 0.22765286105802832 0.1361541886214062 0.09708982386260305 0.08777382692892764 0.15072828369972524 0.11869852341353364
0.08465626986565744 0.11856639959048572 0.1277528008517948 0.13172588260545615 0.1039893278869958 0.16985755398869767 0.09879441195409211 0.16465735325682015
0.0680488573662615 0.10392025224335362 0.06708961831127905 0.08318942727325773 0.14201391581660625 0.26953176171481696 0.09982731272790928 0.16637885454651546
0.0732839804517832 0.10969434462727846 0.09158773364822206 0.1371179307840981 0.10302098280599518 0.22775178377509972 0.09300172696660568 0.1645415169409177
0.10220453767095669 0.06917605842992408 0.21319454268798635 0.13835211685984816 0.09828418437250674 0.10001936929102419 0.15425228551389042 0.12451690517386334
0.14484466977986962 0.09598259966788504 0.21485699098295294 0.1073723629748485 0.12537136010409788 0.09909972150307964 0.11886561957329586 0.0936066754139705
0.07689173817155252 0.09771553772876682 0.0765274710694888 0.08518790468661723 0.14844575656709946 0.2485564118879345 0.09629937051530643 0.17037580937323446
0.1024150365990204 0.06855773608646247 0.20511889148664747 0.13711547217292494 0.10721357096345616 0.10330184876096822 0.15287351897488793 0.12340392495563243
0.08148653115637097 0.11341025774090702 0.12421914740567284 0.14176282217613378 0.09904574906093633 0.17380793080741475 0.09615217504120378 0.1701153866113605
0.07952516694538458 0.12166441528052212 0.10443958765827223 0.1305296269561007 0.10329495229477235 0.1994869969527466 0.09789722021707555 0.16316203369512586
0.07866026102183893 0.12176527389639752 0.09963611971319843 0.12958187280319305 0.10355879757840328 0.20763392938058267 0.09718640460239479 0.1619773410039913
0.09041407858700645 0.13260109642042292 0.08264093548567754 0.11560095585370202 0.11468956972237913 0.24692461206646724 0.07840760483990224 0.13872114702444244
0.11837438501354318 0.07701185641585775 0.1458420397129481 0.09626482051982217 0.1499059337703623 0.15397905869331738 0.14310412125036254 0.1155177846237866
0.10909008154920466 0.06677312042098138 0.23126704476442295 0.13354624084196276 0.10489518371556959 0.08534261954867998 0.1488940924014122 0.12019161675776648
0.10523933018873813 0.0658492908125058 0.2647964231882428 0.1316985816250116 0.09416352845058389 0.07289003201287954 0.14683409025952784 0.11852872346251042
0.1034032920277443 0.06518665295463334 0.27697492791824474 0.13037330590926668 0.09115550540773992 0.07021383372638602 0.14535650673764508 0.11733597531834002
0.08169734486859764 0.11327508295196557 0.13997501502156268 0.14159385368995697 0.09576879348491804 0.16173971522621022 0.09603757032884039 0.16991262442794836
0.10487303610042793 0.07576389468181025 0.23672441928066432 0.13548858583361778 0.09430215713067727 0.08473821860363309 0.14999143405268225 0.1181182543164873
0.08221811983798023 0.11363346431773694 0.13132794437110293 0.14204183039717116 0.09659329402408114 0.1673937351755018 0.09634141539982045 0.1704501964766054
0.10528045172045014 0.07599934112582173 0.23339211283398692 0.1358710380700696 0.09472568748902092 0.0858648701458041 0.15041482439991422 0.11845167421493245
0.1051488794310276 0.14732790415949376 0.12026278762385137 0.12276020485116014 0.12857519089063452 0.21019875649476627 0.09207015363837012 0.07365612291069609
0.06817317324122033 0.09386244615799211 0.06141157188538179 0.08182879921465978 0.14328878238059314 0.29527550783947865 0.09250212085135455 0.16365759842931957
0.11189862054550415 0.07622290778724627 0.13781632954642867 0.09527863473405784 0.15762580005705312 0.16518525580537533 0.1416380898434651 0.11433436168086941
0.08172320646537792 0.1108657561856386 0.1078353802831715 0.1385821952320483 0.107593302784617 0.19310664452634305 0.09399488024434578 0.1662986342784579
0.09020756622568893 0.13116358887147733 0.119241306639745 0.16395448608934665 0.08581067575186276 0.17866040471340838 0.08340293422805896 0.147559037480412
0.12006981613644745 0.08656790176492048 0.15320305590074218 0.0913518544049251 0.14872526689504917 0.14088934339187825 0.1450029434998811 0.11418981800615637
0.07207169356137925 0.09610181246974499 0.06712265753940144 0.08378106728131615 0.15266150868380957 0.2659900933228372 0.09470903257887912 0.1675621345626323
0.10167390378182085 0.06863242875551975 0.2010923263749663 0.1372648575110395 0.10829617350165467 0.10646186583633716 0.15304007247872614 0.12353837175993557
0.10497834763968256 0.06659177071346752 0.2540173035010061 0.13318354142693503 0.0958201958445125 0.07705394396937791 0.14848970962077682 0.11986518728424153
0.10397522202578817 0.06543005611791053 0.2731425150209114 0.13086011223582106 0.09179708163909486 0.07112165248531228 0.14589925946292287 0.11777410101223895
0.10310940747725902 0.06498292722017061 0.27990586617316904 0.12996585444034123 0.09043334850432401 0.06973109843180979 0.14490222875661926 0.11696926899630711
0.1200960137142367 0.07580932368677337 0.20632821471742688 0.0947616546084667 0.14028028459256317 0.10814095898614504 0.1408695641642281 0.11371398553016004
0.0839053531489128 0.11176242375055404 0.12353739193579705 0.13970302968819254 0.10489768847149587 0.1737953789820078 0.09475509839720887 0.16764363562583107
0.0798453440501234 0.12129767385706912 0.1041993688334965 0.13030445868677742 0.10445544286727056 0.19928879433170826 0.09772834401508307 0.16288057335847175
0.06662260235179776 0.1030205783629683 0.06322685360242099 0.0822503634594247 0.14058516655448738 0.28109327259874195 0.09870043615130962 0.1645007269188494
0.06104108610995533 0.09146276179949446 0.05280341205636918 0.07973676669699518 0.14284766755720255 0.3224975578589548 0.09013721452703803 0.15947353339399037
0.09931783016794776 0.06868838246330299 0.19480655292767196 0.13737676492660597 0.10655820060470762 0.1164483395800353 0.15316484089578306 0.12363908843394536
0.08100142836341266 0.11316688976499538 0.12174568109370015 0.14145861220624423 0.09870160463366148 0.17822960796799686 0.09594584132249609 0.16975033464749306
0.10527496472014937 0.07616209145248007 0.229577781066968 0.13621163349586432 0.09540500793103991 0.08782804023586205 0.15079187753713916 0.11874860356049712
0.08460585043999626 0.1185709321095209 0.12820447595881243 0.13171414919601254 0.10361014310412632 0.1698661507995064 0.09878561189700942 0.16464268649501565
0.0792014580317115 0.13077346876097526 0.10427031756399839 0.12875503117352072 0.10321751521498378 0.19627214690776904 0.09656627338014055 0.1609437889669009
0.09521542185754922 0.16206180058167627 0.09055639664596477 0.117460855268221 0.1254929654946657 0.2506404055398247 0.08809564145116576 0.0704765131609326
0.06584944619284328 0.09251259679026909 0.056830853568363614 0.08065200745818331 0.14032910711756144 0.31135013943846623 0.09117183451794636 0.16130401491636662
0.13018793247174953 0.08905264600163006 0.15933736044510502 0.11131580750203757 0.13740178464983555 0.14841142396285 0.12410881821495831 0.1001842267518338
0.1115052913409658 0.06636780570157075 0.2361317686845659 0.1327356114031415 0.1018174985762957 0.08398967295877219 0.14799030107186073 0.11946205026282734
0.12280964447363871 0.07621103788405414 0.19319392790667486 0.09526379735506768 0.14441312045255283 0.11217588201887471 0.14161603308305584 0.11431655682608122
0.10884972066079603 0.06578097193635185 0.24906313996117527 0.1315619438727037 0.10229724062944562 0.07735948409154247 0.14668174936255174 0.11840574948543332
0.08285595885475316 0.11328002696702938 0.13388827208699233 0.14160003370878674 0.09806772415731378 0.16434618178079477 0.09604176199378578 0.16992004045054404
0.09514930786541044 0.15645916272114344 0.1271586896345071 0.15538599787006147 0.08578709894434078 0.16331619721757923 0.08127882965510907 0.13546471609184843
0.060819656839142984 0.10374106491864217 0.07807306437357812 0.09651796089861278 0.11919010072888968 0.23280067736557336 0.11582155307833533 0.19303592179722556
0.073417420316375 0.11180688859228884 0.09539714680365027 0.13975861074036103 0.09987437498334586 0.2172424288255617 0.09479279684998401 0.16771033288843323
0.10376341713590445 0.08213821004901888 0.2179132504505018 0.13621682036103117 0.09590868112129876 0.0945088758291992 0.15079761961009552 0.11875312544295023
0.07266881486254456 0.10872229410683086 0.08129782860861001 0.08496556032955595 0.14294128091110528 0.23751442812677429 0.10195867239546712 0.1699311206591119
0.0747481624850264 0.11056412285370464 0.0952548554492218 0.13820515356713078 0.10392024941357372 0.21772212431394916 0.09373914763683654 0.16584618428055692
0.07594971121987651 0.11208446007774836 0.09925791558028242 0.14010557509718546 0.09704013317952181 0.21240738553241093 0.09502812919635188 0.16812669011662254
0.13898039928817355 0.10943385789868716 0.17557567650461073 0.10885085104493447 0.12694947893042582 0.12481175595853602 0.1205023666431509 0.09489561373148132
0.08715460199018742 0.1118062495429007 0.1168306603979739 0.13975781192862588 0.10209746883318496 0.17985157794553427 0.0947922550472419 0.167709374314351
0.10618470552813206 0.08150620566959532 0.22625863178526548 0.13516850726443233 0.09562396788735456 0.0877816764848093 0.14963709391911106 0.11783921146129998
0.08426365977926817 0.12526733732630196 0.12684264738427245 0.13063975514384527 0.10298364056498079 0.16872344951364096 0.09797981635788396 0.16329969392980656
0.0674867248040351 0.11260510498429163 0.06648169627981479 0.08230922808600098 0.14059134635770004 0.2671363696129541 0.09877107370320118 0.16461845617200196
0.11252223065732447 0.07680815533127346 0.14033012769724482 0.0960101941640918 0.1576096177666972 0.15878183931565895 0.14272560207079915 0.11521223299691016
0.10824190977984492 0.06683854895937003 0.22906100637292198 0.13367709791874005 0.10659384790223622 0.08623821266345544 0.1490399882765654 0.12030938812686605
0.12210024775561008 0.07630551725913073 0.19109815704896485 0.09538189657391341 0.14601760620740528 0.11284670376237241 0.1417915955039071 0.11445827588869609
0.10876232840179441 0.06582637857470483 0.24828523373260916 0.13165275714940966 0.10268457748786407 0.0775182438301803 0.1467829993889687 0.11848748143446869
0.08284393853134697 0.11328651693892024 0.13372198633398172 0.1416081461736503 0.09815151353009927 0.16441085872236266 0.09604726436125847 0.16992977540838036
0.1404028003191656 0.10905214588849192 0.18751615894147544 0.10830216189250334 0.1265695426859619 0.11384497573379722 0.11989494519642208 0.09441726934218239
0.08752045777305048 0.11193861889319494 0.11957311068935507 0.13992327361649368 0.10215773444986677 0.1760743950027118 0.09490448123553484 0.1679079283397924
0.10618973698805402 0.08145738686639815 0.22735662595901124 0.13506412731593284 0.09555892139817945 0.08710344688957307 0.14952154102537127 0.1177482135574799
0.0732366533320465 0.10885746253175949 0.08283236558924496 0.08514990120496414 0.143181064590568 0.23426286889553175 0.10217988144595695 0.17029980240992829
0.06319144920176223 0.09335477458804235 0.05628101094513719 0.08138621374342155 0.14629754780730367 0.3047147693871004 0.09200180684038957 0.1627724274868431
0.09983386356294031 0.0687244422711169 0.19645352516170206 0.1374488845422338 0.10724749418548334 0.1133425453033659 0.15324524888514723 0.12370399608801043
0.1047536875140691 0.06669634993567512 0.2523433680264977 0.13339269987135025 0.0957576426317994 0.07827991645893256 0.14872290567746063 0.1200534298842152
0.10400761527647695 0.06547001622543344 0.27255377052882723 0.13094003245086688 0.091836944781524 0.07135722699258738 0.1459883645385038 0.1178460292057802
0.0820355967209581 0.11328491652677486 0.13901709949380683 0.14160614565846857 0.0959147164514952 0.16216824286824252 0.09604590749009173 0.16992737479016226
0.07906423420779037 0.1301953002989749 0.10689677324256408 0.12930001136187075 0.10188248320109414 0.1940611749639642 0.09697500852140306 0.1616250142023384
0.11609681721441933 0.09327723676135934 0.14802842760750096 0.09022711004794963 0.15256179191651406 0.14380709389557408 0.14321763499674545 0.11278388755993704
0.0982104315519445 0.13202479213008125 0.09127561672082017 0.11509853672878881 0.12674347806894115 0.22046206711752503 0.07806683360735239 0.13811824407454656
0.12042238755067965 0.07682968898096866 0.1483001360727185 0.09603711122621082 0.15330883943379928 0.14709168717266882 0.14276561609150146 0.11524453347145298
0.14397661710847298 0.08746139545267911 0.1902812145009115 0.10932674431584889 0.1383361946513102 0.11033260288660415 0.12189116119990914 0.098394069884264
0.11339907597434508 0.06561836830696456 0.2474527109443586 0.13123673661392912 0.10092706993271397 0.07693380773693612 0.1463191675382165 0.11811306295253622
0.10585805929378456 0.06540604920600919 0.27042777571307725 0.13081209841201838 0.09281424402330538 0.07110515714848474 0.14584572763250406 0.11773088857081654
0.08235980380667211 0.1132861046927161 0.13856742033184904 0.14160763086589515 0.09612168730665459 0.16208128110896644 0.09604691484817236 0.16992915703907416
0.07912451147041867 0.13019846439206173 0.10680435953392298 0.12930288917483115 0.10193026061713677 0.19403373646196642 0.09697716688112336 0.16162861146853894
0.07785932434562763 0.1323754354645796 0.09924113350597098 0.12804629164727346 0.1023108436926386 0.20407438804936284 0.0960347187354551 0.16005786455909182
0.07745662599661156 0.1324971898475877 0.09742958349801456 0.12772354545233994 0.1021593282733371 0.2072866360274292 0.09579265908925495 0.1596544318154249
0.0654730898051689 0.11212099939050704 0.06158292659975214 0.08104137718988366 0.13824903133198335 0.2822001686750772 0.09724965262786038 0.16208275437976732
0.07282943574811049 0.10943043270853747 0.09022151086604847 0.13678804088567184 0.10203760079898057 0.23176935437260654 0.0927779755572383 0.1641456490628062
0.07538447599637842 0.11169391263657313 0.09788826218658254 0.13961739079571642 0.09635831965431214 0.21681975688804836 0.0946970128875294 0.16754086895485967
0.11539801113668575 0.09091222890393748 0.14552215725161943 0.09047340343997215 0.1510870083381985 0.14990685974077683 0.14360857688884468 0.11309175429996517
0.07112924861131072 0.09574646686547364 0.06588162343993359 0.08347127880579754 0.15278090518938334 0.26968908256560453 0.09435883691090156 0.16694255761159507
0.13187209714590697 0.0891849995081777 0.16286764075784588 0.11148124938522211 0.1407829609515557 0.13918465423629178 0.12429327356829988 0.10033312444669991
0.12724059015206263 0.07547966139223229 0.168962518117079 0.09434957674029036 0.15542427922249144 0.12506689955118355 0.14025698273631224 0.11321949208834843
0.11046271702307298 0.06613124516277179 0.23964118713472005 0.13226249032554357 0.10510567394431984 0.0798976387387004 0.14746280637788214 0.1190362412929892
0.10549866856257753 0.06560067800211161 0.2676730344359539 0.13120135600422322 0.09389115491084592 0.07177416688174851 0.1462797207987384 0.11808122040380088
0.12092379766066647 0.07595527487579354 0.20270911243174183 0.09494409359474192 0.14156620326908662 0.10882783388358845 0.14114077197069094 0.1139329123136903
0.10814222180440373 0.06559807182987273 0.25264293763005274 0.13119614365974547 0.10145755702354126 0.07661262933498635 0.14627390942362667 0.11807652929377094
0.10458430947468747 0.06532872941051494 0.2723839057809726 0.1306574588210299 0.09280991657916184 0.07097065096588631 0.1456733160288199 0.1175917129389269
0.10326629499131126 0.06497986847858539 0.2795952598025462 0.12995973695717078 0.09063262553233284 0.06970704275718717 0.14489540821941277 0.11696376326145372
0.13744532280252536 0.08671215305845692 0.23589361157602476 0.10839019132307115 0.12039475512304285 0.0927658194211385 0.12084697450497632 0.09755117219076402
0.11058057683160108 0.06479826775756481 0.2645788790617951 0.12959653551512962 0.09613868024588398 0.07317971290828655 0.14449046571612212 0.11663688196361667
0.10469395425195974 0.0650369175915549 0.27658485491413676 0.1300738351831098 0.09138879631333754 0.07013257085456069 0.1450226192265418 0.11706645166479882
0.1379134354460292 0.08674809142748587 0.23488314638237284 0.10843511428435734 0.12063936780278334 0.0928921815466992 0.12089706025435064 0.0975916028559216
0.11071343383094043 0.06481666196061481 0.2642021256854313 0.12963332392122962 0.09621312132470089 0.07321985970445614 0.14453148204352018 0.11666999152910666
0.12210896136245221 0.07583505954626549 0.2014430817246323 0.09479382443283185 0.14210432780786975 0.10904476903774349 0.14091738676880675 0.11375258931939822
0.08427218303131973 0.11175991021272609 0.12247892580221435 0.1396998877659076 0.10527346838286146 0.1741227921316137 0.09475296735426778 0.16763986531908912
0.10534052642304448 0.08136242376331684 0.22851440646281818 0.13493788883277238 0.09610857911811356 0.08671622606947499 0.14938178983522213 0.11763815949523747
0.08412047402658171 0.12523520648511208 0.12733169301201075 0.1306318751264037 0.10309129930383538 0.16832570179324904 0.09797390634480277 0.16328984390800458
0.09711168960511556 0.16206751377066045 0.09578407753722276 0.11846918929983587 0.1265020166246733 0.2401321076077135 0.0888518919748769 0.07108151357990151
0.09231333215617714 0.1291789842962696 0.08024827726263965 0.11261757605315811 0.11778492674969544 0.25633171715612824 0.07638409506214201 0.13514109126378973
0.10614189249926224 0.0685355411132415 0.2067318767257545 0.137071082226483 0.1008022060833066 0.10452939985082976 0.15282402749728774 0.12336397400383468
0.12236128007586744 0.08417935149997745 0.17806652784888805 0.08967954955419416 0.15122576446004984 0.1200395982624166 0.14234849135586375 0.11209943694274269
0.12468560315000755 0.0754253988209824 0.17363925369005023 0.094281748526228 0.15846828611188188 0.12020545992889407 0.14015615154048222 0.1131380982314736
0.10974294147209486 0.06604119405609271 0.2414180154984927 0.13208238811218542 0.10557951373044171 0.07899979197927423 0.14726200585045152 0.1188741493009669
0.10528201450984376 0.06556087873412947 0.2683123494333583 0.13112175746825894 0.09393213903957823 0.0715903047220709 0.1461909743713275 0.11800958172143304
0.13833293974718652 0.08692817402574235 0.2322353636676979 0.10866021753217794 0.12152626559007411 0.09337481008124017 0.12114803357692078 0.09779419577896013
0.11089375452799176 0.0648732822924218 0.2632336855599465 0.1297465645848436 0.09646625854844579 0.07335680942733735 0.144657736932654 0.11677190812635924
0.08316812995686809 0.11316642386555174 0.13693781026427715 0.14145802983193967 0.09680350371179505 0.16277102025044674 0.09594544632079388 0.16974963579832758
0.07925387296971491 0.13015211562605522 0.10644398089862597 0.12927680936912916 0.10206289521135589 0.19425670718686058 0.09695760702684687 0.16159601171141144
0.07787907880763432 0.13235997717043962 0.0991609553203715 0.12803934102948897 0.10233503818489732 0.20414692742819038 0.09602950577211673 0.1600491762868612
0.07745971081441086 0.13249205263074068 0.0974113336163835 0.12772125878603946 0.10216301985618834 0.20731010672415828 0.0957909440895296 0.1596515734825493
0.07733281312693262 0.13242706120215308 0.09697848367361037 0.1276257303664941 0.10205603340218419 0.2083284174956374 0.0957192977748706 0.15953216295811765
0.06542975543407172 0.11206544091970969 0.061498985477618534 0.08100790873279631 0.1381647357426736 0.2826078657481819 0.09720949047935556 0.16201581746559263
0.07187237611348052 0.12067600364641919 0.08901703487148958 0.13469852500714039 0.10087422941513159 0.2298628622372751 0.09136073870049523 0.16163823000856845
0.13240076715911658 0.10084097048504372 0.17192202787378902 0.1118682885404194 0.12698122907498596 0.13058046383744215 0.1247247933428258 0.10068145968637744
0.12688623412041136 0.08312607949235244 0.1712812224945926 0.09375991855687336 0.15059509247728456 0.1224591343474825 0.13938041624275502 0.11251190226824803
0.08427812868180844 0.12025800091131145 0.11491605480305317 0.13800006473074203 0.10603929503847037 0.17730833425339482 0.09360004390432937 0.16560007767689042
0.14094479819685207 0.11027352023161312 0.18062050729690898 0.10831090508076216 0.12880235321456643 0.11671840010519645 0.11990462426523119 0.09442489160886958
0.10257454668064846 0.1460256434683421 0.09649099924489762 0.11379494679621006 0.12011240814384161 0.207264859944483 0.07718265956612506 0.13655393615545205
0.10725527155671936 0.07808742436249849 0.2117162402706814 0.13512678606258913 0.10015472447521084 0.0953891634446957 0.15065628237127476 0.12161410745633022
0.10080308310788486 0.14869930910260237 0.14764025061760966 0.1559571591965511 0.08656256593170912 0.14279738947204348 0.08157759096434981 0.13596265160724966
0.07059231736629466 0.11759957522399155 0.0699208914642496 0.08297575005569709 0.1368689350502649 0.25652013066127155 0.09957090006683648 0.16595150011139417
0.07319606890349396 0.12210342696749714 0.09135401939557697 0.1356356395726168 0.10120302648421697 0.22174870434890048 0.09199634684055749 0.16276276748714016
0.10169543454909988 0.07733098475537757 0.2117150256140784 0.1370961798866336 0.09730354865331967 0.09862025512812458 0.152852009515396 0.12338656189797027
0.12132919516078125 0.08548235067162989 0.17976153702440087 0.08978594448972077 0.1502409752409371 0.11865019459447312 0.142517372205906 0.11223243061215095
0.08334552530348055 0.12057665707191484 0.116778561022304 0.13804627082615403 0.10599802851753423 0.17596804857644477 0.09363138369078275 0.16565552499138486
0.11725749444099784 0.09197493406614472 0.1511577064784805 0.09029588107003667 0.1539464092633551 0.1391709279941749 0.14332679534926454 0.11286985133754582
0.08244678190758664 0.12109650133327762 0.11033794425289 0.13778684062970503 0.10649929658587483 0.18303300419487212 0.09345542234014777 0.165344208755646
0.07871040811443089 0.13102897769458655 0.1003163438874397 0.12853155625629414 0.10365555526731571 0.20069404626734463 0.09639866719222062 0.1606644453203677
0.0658224465793721 0.11215312534555899 0.06211938309672799 0.08125236726790817 0.13903194544456127 0.2796131570085653 0.0975028407214898 0.16250473453581635
0.07198781438836337 0.12077144184338372 0.08920874247061632 0.13479912683395084 0.10111370729749694 0.22893124198242024 0.09142897298302753 0.161758952200741
0.1014407485643682 0.07724790889785393 0.21078502111741332 0.13710200113423895 0.09731195526053156 0.09986206423272431 0.15285849977205446 0.12339180102081505
0.10642974894111933 0.07501558684497596 0.26253112388036315 0.1313379311653069 0.09196740201932335 0.07282198357311885 0.14539648871373007 0.11449973486206244
0.12070747654597512 0.08153511352962693 0.20063681578612738 0.09441604912883252 0.14042392404801157 0.10862556360038393 0.14035579840644355 0.113299258954599
0.08338304633814139 0.1203252134608362 0.12148466108732202 0.1382997247720486 0.10414595416885247 0.17259843886182105 0.09380329158451993 0.16595966972645831
0.0790288741408648 0.1311330799388625 0.10285811341726797 0.1287931826688283 0.10334056680369068 0.19725981769282916 0.09659488700162125 0.1609914783360354
0.0777802835057772 0.13245273240526584 0.09833470762456493 0.12793244679431615 0.10253741258601837 0.20509752349542537 0.0959493350957371 0.15991555849289515
0.07742589407030767 0.13248194309725872 0.09721757086977198 0.12769140641605534 0.10218553795514791 0.2076148347593476 0.09576855481204152 0.15961425802006918
0.07732191564322505 0.13241630438960195 0.09693156653490567 0.1276164726339902 0.10205426041273276 0.20842653511756418 0.09571235447549266 0.15952059079248773
0.09449956123023312 0.16185608901839502 0.08881543260287482 0.11700131756569702 0.12472110978560833 0.25515471108350074 0.08775098817427278 0.07020079053941822
0.06461847022782125 0.10636568864027139 0.05562808732328989 0.0789028986430643 0.13784788603196546 0.3096365907726907 0.08919458107476835 0.1578057972861286
0.09951200410144168 0.0759394682690003 0.19482205676462938 0.13627835396444432 0.10496258403598495 0.11389481965255932 0.15194019464394015 0.12265051856799988
0.13799320799980766 0.09476922163751185 0.20754399635093826 0.10969729057226252 0.12563718288673478 0.10332724641460403 0.12230429262310463 0.09872756151503627
