0.125 0.125 0.125 0.125 0.125 0.125 0.125 0.125
0.6197319164548326 0.13302456461837367 0.05402475676288196 0.010653435718901894 0.1388762437648289 0.031010903617071407 0.010531169280696086 0.002147009782413387
0.5410516236809848 0.21707863714006112 0.030802456727023097 0.01183415823760285 0.13406076741681677 0.05539010170422962 0.0070281887534294546 0.0027540663398525713
0.5380251634007229 0.22772796945536963 0.021444188001926906 0.008573475468277568 0.13795027413479993 0.060289322897648184 0.005007983030608471 9.816236106464616E-4
0.4766622044311312 0.20320207073640023 0.018704680212661556 0.00752467666359206 0.197186366141448 0.08679488740324595 0.0070352768734907 0.002889837538030392
0.6438926855541063 0.15536166953533787 0.04850463460339347 0.011239939472653473 0.10517940073247468 0.026383414580039313 0.007610429205792417 0.0018278263162026646
0.6812288534804127 0.12970044557898505 0.03897634266002727 0.007107785484730788 0.11358763799815066 0.022216869718526457 0.006057546700818329 0.0011245183783489992
0.5459893688005356 0.21711535473234256 0.031436467077786905 0.012040017307006523 0.13045265421360727 0.05321483307823132 0.007018083228201401 0.0027332215622883176
0.47953057537393934 0.20264667272446527 0.019185853684666847 0.007662837394708559 0.1956016980529776 0.08531822894147414 0.007141474746371238 0.002912659081397035
0.6441936303008189 0.15518987188883093 0.04859904895189422 0.011245703271037126 0.10503077618214532 0.02630327199880021 0.007612212600668163 0.0018254848058049582
0.5441019988050417 0.21921083688833345 0.031138299696633436 0.012016561554414051 0.13004589037986042 0.05382350040038919 0.006937559557092595 0.0027253527182348283
0.5386125455395959 0.22789160011707416 0.021517572559631944 0.008601945200027208 0.13738566258361073 0.06000214828585268 0.005007322435460987 9.812032787466043E-4
0.5293733572719608 0.22563944648616716 0.02771058246301757 0.011146668667898174 0.13675986464524356 0.060185567328757204 0.006510532685309355 0.0026739804516463916
0.5291877254323626 0.2255032372248883 0.027810062341793368 0.011175473923206867 0.13686196579572868 0.060246090384855254 0.006533189973070836 0.0026822549240942033
0.6285029359446594 0.126545075446862 0.03302997226885467 0.006271304305267498 0.1625715007551952 0.03381384318944927 0.007760041084999937 0.001505327004712043
0.48625662028463373 0.19558431476279722 0.02035304478279278 0.007850981731394029 0.1975497765324783 0.08183791224498857 0.007583765463458761 0.0029835841974566652
0.6260811065213078 0.15001052089398376 0.06796028455423352 0.01564861821424981 0.10179630565005132 0.025351509673031722 0.010618326576915702 0.002533327916226452
0.6579842598402428 0.12475310230951893 0.0636259265714708 0.011545067265566242 0.10916867613195227 0.02127402025595613 0.009831672668891922 0.001817274956400983
0.4969265078119501 0.19666368970443487 0.02181750559675856 0.00830587396576257 0.1888368316031865 0.07671394519311484 0.007737640938067302 0.002998005186725231
0.6459974350627806 0.15406273682086422 0.04915532405729968 0.011271644731105717 0.10424098993160821 0.02583207989755423 0.007628118935751405 0.001811670563036006
0.641711720240939 0.12204557716041199 0.036777947824623076 0.006701774346368941 0.1531423452244952 0.02991670653973473 0.00818564882322208 0.0015182798402050164
0.5406199761102516 0.2162294132043083 0.030505211000643063 0.011721238163065686 0.13540539893472164 0.0557276227609345 0.007035644664052235 0.0027554951620231364
0.6298175532680883 0.12595583620311346 0.03344833128823011 0.006318464080796825 0.16173234461215813 0.033398370983675256 0.007820193018388003 0.0015089065455498225
0.5463925644220337 0.219633898220762 0.0228968770282576 0.008828325127699937 0.13855722974768386 0.05735827251334377 0.005327320697765196 0.001005512242453811
0.6294284176813796 0.12613876061043625 0.033163851951997086 0.006279496763536598 0.162161573157576 0.03354585831627354 0.007778414536825797 0.0015036269819749834
0.5463020836680831 0.2196496167534871 0.022880978181954757 0.008823836814507612 0.13861491790364114 0.057397137497456674 0.005325969366618744 0.0010054598142507818
0.5302714401562879 0.2249126162512046 0.02793724947431983 0.011195727515227152 0.1366286921961339 0.05982028773293315 0.006552978975270005 0.0026810076986235345
0.5293150085521612 0.2254365502775208 0.027840511052432897 0.011183134147759849 0.13681353612172723 0.060190594709433734 0.006537703874107248 0.0026829612648571425
0.4765941978912742 0.20307500845967832 0.01878723359190722 0.0075490023008287005 0.19722291564238942 0.0868110099531757 0.0070616357293059725 0.002898996431440553
0.6251340111501706 0.15082830020355645 0.06752360029975213 0.01564626719176971 0.1021151747444571 0.025613911488998484 0.010594359964140133 0.002544374957155281
0.6815499162033294 0.12929978977073944 0.03950738678669781 0.007171873416370608 0.11316561782523787 0.022067842067541237 0.006108029065901281 0.0011295448641824356
0.5540628609709455 0.2202465654601958 0.023943246048147904 0.009167451683364287 0.1322941215072951 0.05394478723896052 0.00534255065135894 9.984164397320078E-4
0.5315149977149132 0.22491043647767084 0.02817563501181863 0.011274232121318029 0.13565505523827517 0.05922198875441103 0.006566222940459163 0.0026814317411340566
0.5295238067911314 0.22542647358005294 0.02788210779292705 0.011196526072362753 0.1366569636084069 0.06009040646307107 0.006540529793466488 0.002683185898581387
0.5362528560707542 0.2284777318046102 0.02114291557103105 0.008495103210357242 0.1386591503200549 0.06102766963377607 0.0049660558508629596 9.785175385535394E-4
0.4763571927966794 0.20323743311970366 0.01866455177518096 0.007512983478293985 0.19736173705634166 0.08695010068806887 0.007027495350199601 0.002888505735531998
0.6438620637786738 0.15537841465413652 0.048495117020918486 0.011239303992044826 0.10519510996136376 0.026391638567912507 0.007610286125308187 0.0018280658996420501
0.5440527228132301 0.21922703283252207 0.031127069086097088 0.012013629798795052 0.13007292696496378 0.05384487930910061 0.006936459686267306 0.0027252795090240848
0.5386043344158092 0.22789316410496877 0.021516292173927462 0.008601569311611578 0.13739048805997175 0.06000576008678466 0.005007196058520015 9.811957884067984E-4
0.4767869019300486 0.20322571274029155 0.01871829022196664 0.007529507785102702 0.19708091216321458 0.08673209899254 0.007036546178638502 0.002890029988197338
0.625140997249412 0.15082948430480728 0.06752565932054048 0.01564695925215786 0.10210722570028027 0.02561139703391963 0.0105940011569628 0.002544275981919782
0.5446759929383365 0.21869344669157742 0.031573396932626056 0.012130350330089747 0.12967194108051372 0.053516580271247643 0.006999010982962761 0.002739280772646415
0.5315896069071205 0.22481931829175905 0.028341852711208527 0.011325844380593744 0.13549350452463282 0.05914825906385918 0.006591667792526106 0.0026899463282998577
0.5366010733091762 0.22841652012775418 0.021196846826668895 0.008511146731452725 0.13845088427347366 0.06087333827628236 0.004971346135502401 9.788443196894502E-4
0.5290710202912072 0.22569732054932518 0.027648027197328246 0.0111280271307987 0.13695143800538823 0.060326300421972415 0.006504579506946127 0.0026732868970338365
0.536158521352954 0.22850211937535128 0.021126526427119294 0.00849044062724469 0.13871107043070974 0.061068712864916344 0.004964222961994556 9.783859597100539E-4
0.5290031980337052 0.22570763650569603 0.02763418500708805 0.01112381321618904 0.13699652369311058 0.06035812633157062 0.0065033622744061804 0.0026731549382342096
0.5291276710184069 0.22551179416521022 0.02779761751152751 0.011171666376662146 0.1369026064275664 0.06027439459569006 0.006532113897310913 0.0026821360076258044
0.6284932702613041 0.1265461525117452 0.03302767047104361 0.006270972242525809 0.16258016971010958 0.03381657436815657 0.007759868337069474 0.0015053220980456776
0.6348938361541863 0.12066263676205194 0.035432388344853516 0.006457996001353358 0.16121187235101367 0.03155575056456638 0.008251624157371094 0.0015338956646038613
0.5472001432180706 0.21915507995368058 0.023047030793024795 0.008863397720366671 0.13833607699922448 0.05703988917403905 0.005351109793860088 0.001007272347733774
0.5303981645340388 0.22486591432555306 0.027965367210589207 0.011203337110794522 0.13656574059861445 0.05976350996994508 0.006556473794624616 0.0026814924558402585
0.4767593348033098 0.2030410017634588 0.01880935747455875 0.007555125821040157 0.1971424403691125 0.08672639233286833 0.007066509394465687 0.0028998380411859566
0.6439136670706813 0.15534552316526387 0.048512043348611325 0.01124009487260708 0.10517201127804182 0.02637822156274395 0.007610768815474592 0.00182766988657611
0.5440603305600811 0.21922420540036597 0.031128834080120512 0.012014079382963803 0.13006900057541992 0.05384161276770056 0.00693664387174157 0.0027252933616067295
0.5314560233973875 0.22486779548202523 0.028307834037792932 0.011316595752024141 0.13556602987624194 0.05920868763793646 0.006587666022240588 0.002689367794351249
0.5295363748947136 0.22542346634538757 0.027886804716688706 0.011197877741472628 0.13664688128752628 0.060084347392646294 0.006540983646535133 0.0026832639750298177
0.47664032622523117 0.2030778190576448 0.018792826844928223 0.0075508166373600095 0.19718897534577357 0.0867876862672423 0.007062422051106556 0.0028991275707132987
0.6251379810694649 0.15082611404246887 0.06752551988990856 0.015646420481282033 0.10211258343360105 0.025612699107882556 0.010594358764968413 0.0025443232104235074
0.6815504409707412 0.12929960885717223 0.03950756978146299 0.007171895398623698 0.1131651973763052 0.02206770451854933 0.006108038493216615 0.0011295446039286015
0.5540629511076143 0.22024655204473184 0.02394326056418874 0.00916745580568255 0.13229406346658357 0.05394474885973244 0.005342551701454056 9.984164500126515E-4
0.5315150116228359 0.22491043479242367 0.028175637823750464 0.011274232986990526 0.13565504563047845 0.05922198221760715 0.006566223164723133 0.0026814317611908154
0.5295238090756506 0.2254264733316204 0.027882108259954713 0.011196526217796635 0.13665696200218405 0.06009040537971488 0.006540529830749804 0.0026831859023291197
0.4766374583867809 0.20307779074011498 0.01879245107474068 0.007550699941118981 0.19719099023112557 0.08678912690926638 0.007062364592160774 0.002899118124691831
0.5885758841028869 0.1420050221307804 0.044340257177139596 0.010274147442051603 0.16023428201917295 0.040191307395340214 0.011594565050851637 0.0027845346817768754
0.5361003408127423 0.21790907540042168 0.029750305945816305 0.011536506272903313 0.13738042964170347 0.05761079218087115 0.0069573067951539565 0.0027552429503878736
0.4775796710130826 0.20254356193865736 0.018951564755252264 0.007587399267051907 0.19702015271907447 0.08630146672621071 0.007108711017814919 0.0029074725628558044
0.6252287722875012 0.15075441156405808 0.06756816794343622 0.015647450442333746 0.10207494650600094 0.02558691839972379 0.010596100137764766 0.0025432327191814356
0.6579106405792616 0.12480777553899772 0.06356757955922411 0.01153908895614049 0.10923118381648127 0.021299209164712955 0.009827270923747567 0.0018172514614343467
0.5468563532407309 0.21643511127564755 0.03200984797000163 0.012186540401651067 0.12989478254849687 0.05277220575778748 0.007095744077692259 0.0027494147279921595
0.6309301865914753 0.1259032252931377 0.03370021381927575 0.00635658372165954 0.16067433420387858 0.033092907283074846 0.00783370206977681 0.0015088470177215883
0.5465759083709575 0.2196333956479889 0.022923983327868606 0.008836748778546072 0.13841883547819495 0.05727713354313436 0.00532854154523293 0.0010054533080768578
0.5373759258988744 0.22790418752753822 0.02123844557245917 0.008510662057858491 0.13841607915944962 0.06059603277480453 0.004980636346695831 9.780306623196366E-4
0.5291598749373194 0.2256496347642878 0.02766736953734786 0.011132802532341382 0.13692102478934787 0.06028794134098177 0.006507603362515973 0.00267374873585786
0.5361724667463594 0.22849767470696747 0.02112878854133869 0.008491064676653299 0.13870436259555904 0.061062732838950896 0.004964503867820685 9.784060263504442E-4
0.5290052660055657 0.22570716874397745 0.027634618466477544 0.011123940053456542 0.13699526994424693 0.060357170090132105 0.006503406319525562 0.002673160376618205
0.6284628368996347 0.12655806378207532 0.03301623268218978 0.006269594357073977 0.16260349474437022 0.03382613668977605 0.007758415292390297 0.001505225552489496
0.6348890209193044 0.12066345930430232 0.03543109720872872 0.0064578279430107105 0.16121608468143314 0.03155708879203278 0.008251525850440795 0.001533895300747236
0.5395319636481499 0.21608432628490004 0.03029863153019469 0.011652222955433198 0.13639826267652833 0.05624098923992029 0.0070348301396805125 0.002758773525193124
0.5376779246389496 0.22765051316545654 0.021396210566595204 0.008555897946262455 0.13827347997684436 0.06045671141652079 0.005007472327538581 9.817899618325275E-4
0.5292157804362481 0.22562697816812943 0.027681361692325445 0.011136539674098573 0.13689305739412697 0.060262917989954964 0.00650935733477268 0.0026740073103438
0.5361818611356677 0.2284955169507181 0.021130285840578363 0.008491496613113145 0.13869913263709963 0.061058625734266056 0.004964664553999268 9.784165345576108E-4
0.5359887039046595 0.22868587998994322 0.020999734928416943 0.008453135257476343 0.13880244481755538 0.06115311015753673 0.004941950834759679 9.750401096521362E-4
0.5289671623669718 0.22572365107392459 0.027624642553971922 0.011121302265481109 0.1370139693586062 0.06037417109027139 0.006502133421192284 0.002672967869580669
0.5291219177400323 0.22551338133179263 0.02779634153429237 0.01117130350099554 0.1369059308391872 0.060277032342354535 0.0065319750626658835 0.002682117648679705
0.5291626503506566 0.22549492937063778 0.027807643964733876 0.01117429434457213 0.13688591375940218 0.06025876345197642 0.006533447800083029 0.0026823569579379715
0.5291692257784897 0.22549310584083848 0.02780910966654003 0.011174710871025699 0.13688211345835777 0.06025574870114822 0.006533607506150186 0.0026823781774500868
0.4765671827763794 0.20307738683733656 0.018783673629190655 0.007547946952141243 0.19723919653484434 0.08682476211178856 0.007060970381801406 0.002898880776518061
0.699120104535602 0.07696257818642087 0.07551418405639454 0.00798364466774779 0.11420276555037027 0.013070151392013804 0.011848260195083874 0.00129831141636683
0.5516112878252605 0.21211660028767107 0.03326352087051173 0.012417976710037673 0.12949875300784935 0.05099313154672488 0.007320715781890956 0.0027780139700540924
0.5325081953832083 0.22423090947833094 0.028568635348745947 0.011379232396465771 0.13522839252236157 0.05876047491860283 0.006628440415712118 0.002695719536572501
0.5367452406035553 0.22836296406468054 0.021220901392066276 0.008517588584747838 0.1383873085234726 0.0608124052195416 0.004974515807075629 9.790758048602026E-4
0.5360786927983465 0.22867208271094389 0.021013244073820582 0.008457208265006793 0.13874738386412638 0.06111305671842031 0.004943217852482259 9.751137168532002E-4
0.5289809913347077 0.225721840428668 0.027627433297861766 0.011122162305937565 0.13700455912285275 0.06036765315516815 0.006502368159906413 0.00267299219489798
0.5361431691998599 0.22850461838644218 0.0211241538130911 0.008489730140761813 0.13872042368724993 0.06107553618481431 0.004963996348413815 9.783722393670725E-4
0.6284000683534327 0.12668597789599423 0.032826078604557676 0.006243521691538921 0.16274006620001014 0.03387859843207772 0.007725295506206275 0.0015003933161823687
0.5385288382639267 0.21663873275762205 0.030045871838439566 0.011591223145881865 0.1367744487052855 0.05666871830173539 0.006998512039211506 0.0027536549478976192
0.5304159528391656 0.22469375904567007 0.028116498740208763 0.011247553734079202 0.1365249898739543 0.05972650128378098 0.006584189157887486 0.002690555325253543
0.6286616495678149 0.12649086813989271 0.03307686447161402 0.006276983258689929 0.16245672087772303 0.03376530170615451 0.0077659556728226845 0.0015056563052880472
0.5461997981490272 0.21967980930987896 0.022865176922035314 0.008819586662681114 0.13866608224787186 0.057439918544237585 0.005324250603626298 0.00100537756064194
0.5302563648190857 0.22491580209672773 0.02793411561022084 0.011194805662211572 0.13663800628596762 0.05982726111852493 0.006552672358117528 0.002680972049143894
0.6286248758964579 0.12650457336268164 0.033063486741617173 0.006275361162091479 0.16248510335741445 0.03377676372882253 0.00776428730180285 0.0015055484491118458
0.5461933292501164 0.2196809471747051 0.0228641211160264 0.008819287586413774 0.13867008969268643 0.0574426881855098 0.00532416223371759 0.001005374760824376
0.5373136024602082 0.22790979595195135 0.02122930631436815 0.008507817863357076 0.13845747808286182 0.06062409444009061 0.004979908430799064 9.779964563637372E-4
0.6285321740642454 0.12664464114001173 0.0328614031966483 0.006247858855609922 0.1626449325953413 0.03383872930051448 0.007729647729149201 0.0015006131184798301
0.48623431568234676 0.1955910198206159 0.02034839446244582 0.007849791584995339 0.19756138647713145 0.08184889183720885 0.007582785974802458 0.0029834141604534498
0.6449608094077232 0.15453616900267833 0.04882666314900011 0.011243022668247475 0.10486753936217638 0.02611672520710617 0.007628932194305599 0.0018201390087627825
0.6579500366481564 0.12519371784469072 0.06279444688912567 0.011446424224825825 0.10962379880249458 0.021427304522373094 0.009754329482429026 0.0018099415859046423
0.5467582427259245 0.21647429320587197 0.031978749512643005 0.0121785943428818 0.12995281083056065 0.052815793795016934 0.0070924786985578185 0.002749036888543336
0.5318373970664376 0.22462271900411068 0.02840451521663066 0.011339458624192873 0.1354535392154175 0.059047347440785374 0.0066031943878033525 0.002691829044621942
0.5295932779633946 0.2254003997610659 0.027899920536698763 0.01120137467676255 0.136619891725348 0.060058928336820104 0.006542691743677897 0.002683515256232027
0.5292389633114687 0.22548191202475798 0.02782369740020938 0.011179129752684253 0.1368358557963123 0.060222996915189016 0.006534916612573387 0.002682528186804883
0.5291817028639407 0.22549142748949627 0.02781169203072563 0.011175504120242015 0.13687358587894916 0.06024985884121583 0.006533826791402241 0.0026824019840282656
0.5361945037972194 0.22848497609417398 0.021134095130342593 0.008492400439604584 0.13869641480506448 0.06105386290721921 0.004965274098977243 9.784727273985515E-4
0.5290085397143651 0.22570598918816612 0.027635360101941252 0.011124141286335341 0.13699359911051806 0.06035570183824256 0.006503496132618448 0.0026731726278130304
0.5361477552510066 0.22850317608096135 0.021124915728412474 0.008489939931282225 0.1387181715187924 0.061073574309662516 0.004964088512030242 9.783786678523062E-4
0.5290015178238876 0.22570780498072807 0.027633849613260313 0.011123708111584552 0.13699770784177936 0.06035892312885786 0.006503336053240406 0.0026731524466618024
0.47651664700192936 0.203089347226987 0.01877525257794597 0.007545644931756493 0.19726505358214194 0.0868503593204889 0.007059151988685936 0.002898543370064474
0.6251269425956718 0.15083288199111666 0.06752020045906393 0.015646071860288695 0.10211912403907365 0.025616007148414402 0.010594307408282733 0.0025444644980881707
0.6579012197907161 0.12481380244180929 0.06356047041172452 0.011538323188940559 0.10923975124635446 0.0213023784597016 0.009826799298285374 0.0018172551624679963
0.5549468522456722 0.21963852736911182 0.02436227773135488 0.00927505908053097 0.1318182732857845 0.05355404620007701 0.005400528600841002 0.0010044354866278911
0.5316755346159582 0.22485513893539827 0.028214421864737035 0.011284803569366312 0.13556773516185833 0.05914966901995935 0.006570671000512609 0.0026820258322095974
0.536591789171498 0.22841847522932932 0.021193901432690378 0.008510303001885152 0.13845822111183664 0.06087743669120898 0.0049710555041864 9.788178573654112E-4
0.5290693885847961 0.22569752971846327 0.02764767597658111 0.011127920493388208 0.13695258361419899 0.06032706547737659 0.006504551705597441 0.002673284429598286
0.628473080581394 0.12655688947705043 0.03301867600544498 0.0062699459472481435 0.16259433732951684 0.03382323882883403 0.007758600871222763 0.0015052309592890614
0.546168072896957 0.21968528607417442 0.022860084819382502 0.008818137748794485 0.13868570581998102 0.057453522885848915 0.005323825477026072 0.0010053642778353523
0.5302514969453409 0.22491646593388 0.027933126499291878 0.011194503199685511 0.13664130842461347 0.05982954499372413 0.006552589948397683 0.002680964055066146
0.4767315682099205 0.20304280059120278 0.01880573732089839 0.007554038767707029 0.1971597682418973 0.08674050205789877 0.007065858902203721 0.0028997259082714395
0.6251464376444209 0.15081995635358458 0.06752949874955168 0.015646574804075428 0.10210858284242413 0.025610249630882046 0.010594480168846633 0.0025442198062147516
0.544676809394103 0.21869259240731506 0.03157364459776249 0.012130394754411234 0.1296719321637619 0.0535162838350815 0.006999056030026684 0.0027392868175381215
0.47946064663451465 0.2027728822015926 0.019171951946575578 0.007661406421100457 0.19553061009376532 0.08535677499255741 0.007134331088196092 0.002911396621697904
0.5889155597552642 0.1418835138332509 0.04442706631309135 0.01028100618474847 0.16003264473638024 0.04008062008659815 0.011598064305936299 0.0027815247847304066
0.652119010824344 0.125225612013864 0.06033114350983422 0.011053029752186479 0.11651086893151967 0.02308202277228263 0.009837696298948668 0.0018406158970203635
0.5456683607281567 0.2164627702596492 0.031749039600800825 0.012107455488815054 0.13085566282313404 0.05332103672090571 0.007084761287784126 0.0027509130907546297
0.4794956264176423 0.20259262037879092 0.019188425040960397 0.007662208758528142 0.1956684343927018 0.08533555801998359 0.007143967232320375 0.00291315975907249
0.6441913974571927 0.1551889912873951 0.04859831515391324 0.011245492933316217 0.10503392363642605 0.026304054399622374 0.007612317564960579 0.0018255075671737555
0.6578937187682747 0.1252389568053252 0.06275065258561968 0.011442093647148627 0.10966753355325207 0.021446454590588474 0.009750694377839193 0.0018098956719520118
0.5467463922088411 0.21647836146733007 0.03197574848333124 0.012177814614019487 0.12995952040483905 0.05282097332549993 0.007092178181249779 0.002749011314889137
0.6309128264542219 0.12590655626088512 0.0336955926072754 0.006355965844186651 0.1606890272376867 0.0330979237879522 0.007833276888047693 0.001508830919744532
0.5389467276606598 0.21656910829742185 0.03013825079191335 0.011617759732906865 0.13648945257434283 0.056479191889672355 0.007005552903287583 0.002753956149795307
0.5304845796696009 0.2246850234278742 0.0281307233728947 0.011251917887797187 0.13647755929837402 0.05969417737332213 0.006585350055933327 0.002690668914203781
0.5363999932417091 0.22841122689565493 0.021168216870222516 0.008501605122299857 0.13860375894668303 0.060966692885380716 0.0049697102001354165 9.787958379144797E-4
0.5360225251108853 0.2286778487068535 0.021004988232798647 0.008454645970443453 0.13878402936297835 0.061138361000814996 0.004942524445074244 9.750771701515009E-4
0.5359520125839848 0.2287011362517275 0.020992657442508587 0.008451274460005582 0.13881853638691216 0.06116839276189308 0.004941020544983175 9.749695679849265E-4
0.5359409016341778 0.2287033972504833 0.020990950352449814 0.008450774627641714 0.1388248970265319 0.06117327517914935 0.00494084519716072 9.749587324052925E-4
0.5359391245908988 0.22870364088017128 0.020990685899590845 0.008450694128745571 0.13882600663374492 0.061174069296836886 0.004940821194723857 9.749573752878703E-4
0.476288626446382 0.20324885895311828 0.01865437646810183 0.0075101167720960675 0.19739965269403337 0.08698477758775577 0.007025444220011759 0.0028881468585009056
0.625097275108913 0.15085552055881518 0.06750464113581468 0.01564549565821971 0.10213380282905009 0.025624572722561863 0.010593854535434766 0.0025448374511907613
0.6418717114082769 0.121775023671635 0.03720599320278262 0.006754208195472952 0.1528187396501602 0.029801150334379016 0.008247882236232172 0.0015252913010610912
0.5484204382348562 0.2192920832644976 0.023222129790771165 0.008920807472544439 0.13729459713344672 0.05648985894892209 0.005353839732853242 0.0010062454221085211
0.47814960994561734 0.20264169581689104 0.01892649356789412 0.007580480851444321 0.19667829148068175 0.08603145692943365 0.007092204014468453 0.0028997673935695642
0.6440488108376914 0.15526190946021814 0.048552606242513126 0.011242047584709916 0.10511333386776672 0.026342682708837495 0.007611964472896167 0.0018266448253670552
0.6578806336181685 0.12524502685944347 0.06274205070446519 0.011441080192670481 0.10968036270619459 0.021450665997573774 0.009750264204264628 0.0018099157172194325
0.5467437075757752 0.21647889576568013 0.03197511145268544 0.012177637568970563 0.12996133168320326 0.05282217648954141 0.0070921297716153246 0.0027490096925287325
0.5318350414101852 0.22462319879707346 0.028404008401632503 0.011339309644953546 0.13545503260814293 0.05904843922125793 0.006603146338550349 0.0026918235782039343
0.5295928948089644 0.22540045768115757 0.02789984062602568 0.011201350367448005 0.13662014878712117 0.060059108519466664 0.0065426847338733995 0.0026835144759431127
0.476650893157478 0.2030768305054716 0.018794230777136194 0.007551231026637325 0.19718264410753783 0.08678231147875787 0.007062685660597591 0.0028991732863838755
0.6251389178951501 0.15082553822847294 0.06752596939801327 0.01564644982033899 0.10211203165650028 0.025612418377825186 0.010594363367380228 0.0025443112563191274
0.6579024343040347 0.12481318649343848 0.06356132613135092 0.011538421875659293 0.10923855374862226 0.021301978988345256 0.00982684487758003 0.0018172535809689487
0.546854601597728 0.21643559629958417 0.03200941486316165 0.012186424450581854 0.12989586463738198 0.05277298054002934 0.007095705422950957 0.0027494121885820256
0.47974739864778904 0.20261271638485653 0.019218723671374626 0.007672096959965588 0.19547834080813709 0.08520903116631433 0.007147916775933692 0.0029137755856291237
0.6254161003719937 0.15064904786683014 0.06765861424132792 0.015654421726216016 0.10195487134308759 0.025529929407827768 0.010596216228024728 0.002540798814692285
0.657930140213991 0.12479861547264172 0.06358103510181112 0.01154067251867464 0.10921154441247986 0.021292837036482888 0.009827934056279278 0.0018172211876394126
0.5549533235117655 0.21963726964363514 0.02436340875907671 0.009275371215734542 0.1318142588952127 0.05355130944449753 0.0054006206373797055 0.0010044378926982603
0.5388071307330978 0.22787064408507937 0.021444771124679855 0.008577159845853147 0.1373852237557231 0.05994248291615494 0.004994108410506457 9.784791289052716E-4
0.4768034653589292 0.20322402160557418 0.018719469833850193 0.007529878638270607 0.1970729047694876 0.08672336953078373 0.00703681933426799 0.002890070928836446
0.6251424065688915 0.15082859771169616 0.0675263146571087 0.01564700037225497 0.10210643603474175 0.025610974963895417 0.01059401124527955 0.002544258446132144
0.5446762315861291 0.21869336751709872 0.03157345327020352 0.012130364987422334 0.12967180863392672 0.05351647637586084 0.00699901647690316 0.002739281152455385
0.5387476671507562 0.22784657303521946 0.02154261972682391 0.008608764649507624 0.13731794332958516 0.0599446912328937 0.005010320612012656 9.81420263201399E-4
0.5293937496870768 0.2256348099549568 0.02771490271381185 0.011147928438888554 0.13674745460305782 0.06017615404835098 0.006510967541131965 0.002674033012725448
0.5291910111051704 0.22550269488777608 0.027810750075504855 0.01117568172825756 0.13685979889188332 0.060244548995989584 0.006533252223168459 0.0026822620922498236
0.6285034603223456 0.126545012768251 0.033030098214728014 0.006271322347360052 0.16257103364013367 0.03381369459407606 0.007760050813662687 0.0015053272994430618
0.5461734570906617 0.21968429448852778 0.022860968755412145 0.008818387044993539 0.13868240344525576 0.05745122145230648 0.005323900915783058 0.0010053668070595368
0.4777277364294395 0.20263707173425047 0.01887475434294481 0.007564251441421227 0.19696910019143962 0.08624436907985193 0.007084236567773806 0.0028984802128786008
0.5886976263008313 0.14194626477932673 0.04437090405468788 0.0102756103634401 0.16017828465750955 0.040150955066897503 0.011596910478510511 0.002783444298796608
0.5361182461357281 0.21790351575638994 0.029754265732511165 0.011537570291374574 0.1373705494697677 0.05760285339710636 0.006957718294884404 0.0027552809222378405
0.5300983505791425 0.22481516459741124 0.028047971672095235 0.011229149110005695 0.1366763368293601 0.05986830490155978 0.00657539410735212 0.002689328203073387
0.5293059943432883 0.22542997527948092 0.02784124724566162 0.01118304955658688 0.1368232773034361 0.06019532326695728 0.006538074367061556 0.002683058637527091
0.47659232200308194 0.20307435109932706 0.01878706621091641 0.007548932651955777 0.19722473742844243 0.0868119616399206 0.007061632771633987 0.0028989961947217943
0.6438966883869187 0.15535534148176156 0.04850679494877014 0.01123978448280906 0.10518019123366404 0.026382739516510625 0.007610658874084508 0.0018278010754812922
0.6578676843766886 0.12525223468112237 0.06273315324045253 0.011440083034663678 0.1096922963470049 0.021454896375988505 0.009749725252009216 0.001809926692070057
0.5548250414757651 0.21968035873432837 0.024335425767124937 0.00926813640000278 0.13188465850806547 0.053604400371184864 0.005397703602909959 0.0010042751406187816
0.5316566553081914 0.22485931925254807 0.028210372771736617 0.011283626755629368 0.13557940681032568 0.05915835970401325 0.006570277731743457 0.0026819816658121744
0.5295465007390062 0.22542119953902373 0.0278870313853004 0.011197958367769734 0.13664311842611485 0.06007991289133506 0.006541029992285251 0.0026832486591646257
0.5292314102986629 0.22548397378328838 0.027822017439937178 0.011178651308708301 0.13684024559837815 0.060226462612175055 0.0065347347975824414 0.0026825041612675887
0.5362030875082577 0.2284840900112404 0.021135384081703512 0.008492799887200479 0.1386907852175069 0.06104999163204617 0.00496538295911083 9.784787029338945E-4
0.5359920722188863 0.22868485446616946 0.021000284554528032 0.008453286950980108 0.1388007710599465 0.061151670372730435 0.004942015918245356 9.750444585138362E-4
0.5359471731095086 0.2287018713022397 0.020991933337748524 0.00845105583578038 0.13882149995143203 0.061170548129536456 0.004940952708524623 9.749656252298754E-4
0.5359401193183742 0.2287034831044382 0.02099083523116833 0.008450739027431493 0.13882540265743268 0.061173627102477604 0.004940835354733874 9.7495820394377E-4
0.528959909167969 0.22572543462236144 0.027623097708459634 0.011120856017767716 0.13701827468832312 0.06037750723813092 0.006501972666837531 0.002672947890150629
0.4765086941820582 0.20309009479794182 0.01877418588714128 0.007545330874757064 0.19726983610572973 0.0868543959529936 0.0070589530653975795 0.0028985091339804553
0.699116239170874 0.07696462662440073 0.07551151919271068 0.007983596824703143 0.1142064184241232 0.01307100282244013 0.011848246820268376 0.0012983501204798175
0.5516105266364701 0.2121167762402287 0.033263338589841124 0.012417928522783762 0.129499250588782 0.05099346240598163 0.007320702785774668 0.002778014230137927
0.4804853120575818 0.2023249481381782 0.0193332239831337 0.007700658274599868 0.19522797862745875 0.08483198523130704 0.00717705671540852 0.002918836972331921
0.6993748388210994 0.07682934278469843 0.07568775709889317 0.007986887548243251 0.11396221432413939 0.013014132562979189 0.01184904870645344 0.0012957781534938602
0.6465718050777339 0.11746199561499965 0.03900033687782828 0.006878717620766866 0.1517399949690318 0.028227519374407976 0.00858120062343594 0.0015384298417952592
0.5414031435761375 0.2158100995703228 0.030704183332079145 0.011769369615194323 0.13509682501441675 0.05539404987401004 0.007063145564566688 0.0027591834532728825
0.47851287553900806 0.20245062326870578 0.019073629176042696 0.007623229028850969 0.1964690052541018 0.08582764714765627 0.007131649097776951 0.002911341487857337
0.6440971823334795 0.15523091660793029 0.048568627085332834 0.011242786361495245 0.10509165861484324 0.026330135643829307 0.0076124206186911625 0.0018262727343984473
0.6578848060018625 0.1252426550147521 0.06274496913084245 0.011441404648859413 0.10967651281662405 0.021449298769229158 0.009750441545838855 0.0018099120719914914
0.5548287936796937 0.2196795606837951 0.02433608371818414 0.009268316457366865 0.1318823894357221 0.05360281982089402 0.005397759405632998 0.001004276798711045
0.6308120667142434 0.12606101444547177 0.03347178855340305 0.006325868664905498 0.1608647046822502 0.033165322597933165 0.007795656048640125 0.0015035782931526209
0.5465288891494389 0.21964780559509417 0.022914524415768873 0.008834237941040239 0.1384447763161465 0.057296851976695845 0.005327522596346894 0.0010053920094686395
0.5303073933797043 0.22491093616775076 0.02794428908486648 0.011197988899967619 0.13660179100252584 0.059803125358723945 0.006553439616907029 0.0026810364895541988
0.47674293795685296 0.2030432983207409 0.018807124784958395 0.0075544842700120815 0.19715158528187185 0.08673474752450785 0.007066061918356982 0.002899759942698959
0.5885886195723784 0.14199944658210456 0.04434353279647375 0.0102743421640404 0.16022774581557783 0.04018712220159413 0.011594769769495545 0.0027844210983355017
0.5361022424543493 0.21790854841258978 0.029750723046561272 0.011536620142330372 0.1373793276906287 0.05760994462179503 0.006957347370772975 0.0027552462609722163
0.47758003889357203 0.2025435504555581 0.018951611847632204 0.0075874136526916085 0.19701991180127537 0.08630128053998601 0.0071087189226896035 0.0029074738865950203
0.6252288044865839 0.1507543925984461 0.06756818344023664 0.01564745154379651 0.1020749267192037 0.025586908679150262 0.010596100227966278 0.002543232304616646
0.657910643883406 0.1248077739222124 0.06356758186376363 0.011539089224501557 0.10923118052583931 0.021299208081302944 0.009827271042226608 0.0018172514567476314
0.5549489855287512 0.21963801735395688 0.02436265843253035 0.009275161854475779 0.13181702475158857 0.05355315279064049 0.005400562628927181 0.001004436659129514
0.5388064223955328 0.22787072335491318 0.021444665721395098 0.008577127530323097 0.13738568291941838 0.05994279973848857 0.004994099637278597 9.784787026503072E-4
0.5363883039656471 0.22862043698510856 0.02105877897791317 0.008470863737518639 0.13856296433965612 0.060975661818157716 0.00494761945315427 9.753707228444598E-4
0.5360109149064407 0.2286944772010148 0.02100132508026753 0.008453950760790165 0.13878064229692189 0.06114191159724126 0.004941768067519556 9.75010089804151E-4
0.47630223411886574 0.20324923611493467 0.018656021365094134 0.007510640726733982 0.19739010184742084 0.08697788396794047 0.0070256934758525505 0.002888188383157595
0.588523641661072 0.1420282663498783 0.04432584953060517 0.01027330827314455 0.1602619983840114 0.04020821667209008 0.011593714101980965 0.002785005027217496
0.5360924427302124 0.21791125556792035 0.029748563184005695 0.011536031626972565 0.13738503064478835 0.057614306875688935 0.006957139433049409 0.0027552299373622977
0.4775781410599092 0.20254360828813156 0.0189513689172675 0.007587339429873517 0.19702115619535707 0.08630224078425676 0.007108678238521849 0.0029074670866825235
0.6252286384071255 0.1507544903649842 0.06756810350421236 0.01564744585652614 0.10207502883537008 0.025586958820793117 0.010596099767745093 0.0025432344432433866
0.6579106268377449 0.1248077822586453 0.06356756997656396 0.011539087840064403 0.10923119750437549 0.02129921367022082 0.00982727043142742 0.0018172514809575487
0.5468563503524058 0.21643511187081488 0.03200984727888474 0.01218654021033684 0.1298947844861229 0.05277220705106045 0.007095744024366659 0.002749414726007836
0.5318539789965159 0.2246188241910055 0.028408202914720477 0.0113405224833968 0.13544332806733173 0.05903971031365514 0.006603560430381998 0.002691872602992531
0.536641344888173 0.22839851425191754 0.02120374141325158 0.00851292217294697 0.13843558871784564 0.06085663180997256 0.004972337258846721 9.789194870458925E-4
0.5360625225942951 0.22867554053338565 0.0210107616744297 0.00845648460531248 0.13875648537199706 0.06112015113425867 0.004942956850976975 9.750972353443905E-4
0.5359586132764117 0.22870073555862244 0.020993610031520303 0.00845157741894642 0.13881400896019808 0.061165389253315904 0.004941092548384399 9.749729526006914E-4
0.5359419900449118 0.22870332945984534 0.020991107513188167 0.008450824567448254 0.13882415189935318 0.06117278008897807 0.004940857129669432 9.749592966058552E-4
0.528960201252149 0.22572540773997848 0.0276231557379266 0.011120874291573693 0.13701806707115619 0.060377368492054405 0.006501977113361462 0.0026729483018001878
0.6284561264069827 0.12655946842598914 0.033014452457019096 0.006269357763636557 0.16260904061899956 0.03382809680576492 0.007758239713755001 0.0015052178078531404
0.5385601901870675 0.21662645081018256 0.030055132785551265 0.011593630786233204 0.13675652491255064 0.05665471978873007 0.0069995584357972415 0.0027537922938876396
0.5375215134248781 0.22770031626982254 0.0213705304618016 0.00854884019525646 0.13834931469066358 0.0605235808447217 0.005004333116831431 9.815709960247704E-4
0.5291925506870335 0.22563220730657374 0.027676489947642595 0.011135114093525657 0.1369071690481805 0.060273657682567296 0.0065088643593985175 0.002673946875078175
0.5361779220516252 0.22849607550928808 0.02112968581827405 0.008491314592233016 0.13870159300979357 0.06106038635722107 0.004964609381895164 9.784132796699732E-4
0.4763432169647128 0.2032377339034375 0.01866279703294836 0.007512442914860631 0.19737096786320257 0.08695718012810759 0.007027204191429226 0.002888457001301328
0.6438606840085626 0.15537911998220116 0.048494686211661656 0.011239271499656752 0.10519586584396699 0.02639201317132824 0.00761028244757143 0.0018280768350513606
0.5440525144037685 0.21922709330440188 0.031127022180467732 0.012013617292822404 0.13007304763958716 0.05384497052118444 0.006936455390221612 0.0027252792675461885
0.5386042994209482 0.2278931700553081 0.021516286761104734 0.008601567704505457 0.13739050919892123 0.0600057755556803 0.005007195544639223 9.81195758892756E-4
0.5363734886311228 0.22862391049041536 0.021057613566954857 0.008470510120932043 0.1385694791619653 0.06098217142511223 0.0049474628901708005 9.753637133264414E-4
0.47636966341658404 0.2032491030161016 0.01866432853977249 0.007513236199332652 0.19734452633482108 0.08694370163403274 0.007027028739533378 0.0028884121198220016
0.5885316824469711 0.1420256896497663 0.04432789193978634 0.010273489033933382 0.1602569339088716 0.04020560278040121 0.01159377607581064 0.0027849341644596
0.6520824885295853 0.1252399379296442 0.060308766055411585 0.011050238997646003 0.11654752788447337 0.023093731619284824 0.009836644047458213 0.0018406649364965783
0.642068107293484 0.12034989758205393 0.03735642280007506 0.0067312463566763184 0.1539811920937512 0.029647330876375534 0.008336348888616717 0.0015294541089672716
0.5406954969999651 0.21607052173863336 0.030536981091409933 0.011725851500565418 0.13546604427854045 0.055703360804794134 0.007044499502368834 0.002757244083722847
0.5307647284292947 0.2246313312369823 0.028190267596148427 0.011269577095148049 0.13629800848051338 0.05956385790120603 0.00659092426628346 0.002691304994423877
0.5364480372969892 0.22840529087296482 0.02117549628441711 0.008503834292470525 0.13857302067996935 0.060945135963688155 0.0049703523144553705 9.788322950455308E-4
0.6284427828182371 0.12667790022297606 0.03283683423457298 0.006244975361005228 0.1627045359756279 0.03386622601196827 0.007726311623752419 0.0015004337518600335
0.6348669455465195 0.12067155537235201 0.03542202877473703 0.006456765923733526 0.16123451152180582 0.03156386825997353 0.008250486184240707 0.001533838416638015
0.5471953058627721 0.21915579928776213 0.0230462438689481 0.008863172663201496 0.13833919163786448 0.05704196656290136 0.005351049145949783 0.0010072709706004128
