Action: 0
[0.14455266757799748, 0.10515708754926986, 0.224504807051528, 0.1051570875492698, 0.10515708754928209, 0.10515708762411315, 0.1051570875492698, 0.1051570875492698]
[0.1094439097423274, 0.10426023393247077, 0.2239013264870125, 0.10426023393247077, 0.14471145944229877, 0.10490236859847814, 0.10426023393247077, 0.10426023393247077]
[0.104335962261976, 0.10437704360858056, 0.2141344014264667, 0.1043359622553402, 0.1194627086803895, 0.1446819972565666, 0.1043359622553402, 0.1043359622553402]
[0.125, 0.125, 0.125, 0.125, 0.125, 0.125, 0.125, 0.125]
[0.1059339354369552, 0.14478199326118418, 0.10984667586531206, 0.10394493342501972, 0.11971272831144991, 0.20788986685003943, 0.10394493342501972, 0.10394493342501972]
[0.10527378053236605, 0.10527378053109755, 0.2500455281791943, 0.10527378053109755, 0.11831178863295182, 0.10527378053109755, 0.10527378053109755, 0.10527378053109755]
[0.125, 0.125, 0.125, 0.125, 0.125, 0.125, 0.125, 0.125]
[0.125, 0.125, 0.125, 0.125, 0.125, 0.125, 0.125, 0.125]

Action: 1
[0.21164968307641996, 0.11845715717387623, 0.10498026818629806, 0.10498026818629806, 0.10504535509817156, 0.14492673190634017, 0.10498026818629806, 0.10498026818629806]
[0.14455847378418493, 0.10515836133700154, 0.10515836133700154, 0.10515836133700154, 0.11933299685680428, 0.2103167226740031, 0.10515836133700154, 0.10515836133700154]
[0.10520234510909801, 0.10516324855261412, 0.10516318665577362, 0.10516318665577362, 0.22440847349699192, 0.1445731862182015, 0.10516318665577362, 0.10516318665577362]
[0.125, 0.125, 0.125, 0.125, 0.125, 0.125, 0.125, 0.125]
[0.14468320294842663, 0.10939368473559123, 0.10439243838414085, 0.10439243838414085, 0.10443654719861421, 0.2239168115808047, 0.10439243838414085, 0.10439243838414085]
[0.10679631526177659, 0.1067962675236195, 0.10679626752005414, 0.10679626752005414, 0.10706868778071804, 0.25215365935366935, 0.10679626752005414, 0.10679626752005414]
[0.125, 0.125, 0.125, 0.125, 0.125, 0.125, 0.125, 0.125]
[0.125, 0.125, 0.125, 0.125, 0.125, 0.125, 0.125, 0.125]

