0.125 0.125 0.125 0.125 0.125 0.125 0.125 0.125
0.09707602339181286 0.0783625730994152 0.19415204678362571 0.1567251461988304 0.08736842105263157 0.07052631578947367 0.17473684210526313 0.14105263157894735
0.09386168856322631 0.07576786908115858 0.22083489855345875 0.15153573816231716 0.08447551970690367 0.06819108217304272 0.16895103941380735 0.13638216434608544
0.09076158368141077 0.07326537477897015 0.24656950413865025 0.1465307495579403 0.0816854253132697 0.06593883730107312 0.1633708506265394 0.13187767460214625
0.08825591953043593 0.07124273022336394 0.26736953546421255 0.14248546044672789 0.07943032757739234 0.06411845720102756 0.15886065515478467 0.12823691440205512
0.099626400996264 0.07845579078455792 0.199252801992528 0.15691158156911583 0.08685378548392246 0.06839735606858895 0.17370757096784492 0.1367947121371779
0.09444644354078607 0.15741073923464347 0.10039762527401264 0.1416696653111791 0.1180580544259826 0.19676342404330432 0.10625224898338434 0.08500179918670747
0.06294862649147548 0.10491437748579246 0.061882313638399494 0.09442293973721322 0.12589725298295096 0.24778108250508607 0.11330752768465586 0.18884587947442644
0.06381727535636865 0.11290748716895992 0.06325806074537363 0.09843216830114455 0.1276345507127373 0.22581497433791983 0.11127114677520687 0.1968643366022891
0.13011340077915662 0.10246430311358583 0.16538603646723787 0.12295716373630299 0.11343219555105961 0.12233484089563429 0.13611863466127153 0.10719342479575132
0.06957873278726459 0.10330062148210617 0.06447472514431239 0.09297055933389556 0.12396074577852739 0.24820882560542817 0.11156467120067466 0.18594111866779112
0.07129976030851526 0.12614572977660393 0.10203714559103941 0.1576821622207549 0.09529209124348313 0.15137487573192468 0.1069496404627729 0.18921859466490587
0.1369482160719337 0.10103985699132009 0.16880939346735369 0.12124782838958412 0.12192643653653971 0.11009870337022945 0.13422633016673535 0.1057032350063041
0.10859806134856244 0.14700214362583308 0.09233201439686028 0.13230192926324977 0.12324334644273463 0.21791490041737266 0.09922644694743733 0.07938115755794986
0.06870477229181063 0.12155459713166498 0.10430250838067227 0.15194324641458123 0.09208519352875112 0.17602062811730634 0.10305715843771597 0.18233189569749744
0.10433597962488785 0.07365041543624685 0.20583681368973758 0.1473008308724937 0.09416710707068579 0.08322466946302427 0.16306807487716032 0.12841610896576375
0.060308935488157085 0.106700424325201 0.07828131966234722 0.09302088274504702 0.13986597580492136 0.2306266551202662 0.1051540413639662 0.18604176549009405
0.08944857000803495 0.07220547217516074 0.21251460069798064 0.14441094435032148 0.09978880469873261 0.09065433214001739 0.1610074260144629 0.12996984991528937
0.08050243680085653 0.11630569686306007 0.11429998179437681 0.13956683623567206 0.10217694120457209 0.1680144346301183 0.10467512717675406 0.1744585452945901
0.06721528850653712 0.11891935658848872 0.10796499649107565 0.14864919573561092 0.09464770199317897 0.18340149304256997 0.10082293275980567 0.1783790348827331
0.07940011785814466 0.11556491436383926 0.09856247705205144 0.13867789723660712 0.10069622228696302 0.1897425767291803 0.10400842292745534 0.17334737154575888
0.05692879967927393 0.1007201840479462 0.0619504652916495 0.08780733993923516 0.1335149460066147 0.284203113921153 0.09926047123565714 0.17561467987847032
0.06405904526710285 0.11333523393410504 0.09293545940690141 0.1416690424176313 0.0997487492081454 0.2221610509643022 0.09608856790065429 0.17000285090115755
0.10568807358061576 0.07208610806985401 0.21237009719999814 0.14417221613970801 0.09350772419763932 0.08688261236641345 0.1596045697598721 0.12568859868589932
0.08661851468344264 0.1145569527445627 0.12133949088353058 0.13746834329347526 0.10002991892656458 0.1650500928814738 0.10310125747010646 0.17183542911684407
0.08295504131880808 0.11409152364756182 0.10410976043483486 0.1369098283770742 0.10442966594897934 0.18368452351859324 0.10268237128280565 0.17113728547134274
0.10046341991991449 0.1549182280550621 0.09243559994257426 0.12498879159173401 0.1284572169767583 0.23000187486511592 0.09374159369380052 0.0749932749550404
0.09963997062914354 0.1534231656535909 0.08652451050266209 0.1187298705083095 0.12844667394227166 0.2529504835778043 0.08904740288123214 0.07123792230498571
0.0830869228372376 0.1334281364787857 0.08065212527758676 0.11632196513535165 0.1166835215385748 0.2513443333478029 0.07889663722223851 0.139586358162422
0.10632887475240285 0.07865652423195792 0.20796285834406766 0.13796654891396273 0.09703148724339763 0.09904053564742771 0.15273464104435433 0.12027852982242905
0.08678113903411926 0.13861653851323405 0.10520754363822893 0.12084518742179381 0.11439455178411394 0.2071762527988801 0.08196456190347753 0.14501422490615257
0.09411615312601687 0.06980671615825128 0.2204934935775316 0.13961343231650256 0.09782737663019912 0.09683218098660543 0.1556585581200409 0.12565208908485231
0.12259262776145821 0.09031278196444796 0.22209821566386728 0.11289097745555997 0.12280532740113123 0.10183317488039229 0.12586501516313922 0.10160187971000395
0.10034731965482356 0.06621284456851562 0.26366774700105033 0.13242568913703123 0.09468423251658661 0.0758342860249893 0.14764476087367512 0.11918312022332812
0.12046910638872906 0.08069713031782241 0.19267528018507937 0.09056387114213471 0.14597451210556314 0.11266308451691619 0.14375217641608684 0.11320483892766837
0.07799832805513167 0.11315014181522975 0.12248093578013844 0.14143767726903722 0.1025348903389319 0.1767411720449045 0.09593164197378176 0.16972521272284463
0.09702995423204867 0.07668529198246135 0.22707856079835953 0.13732383949748767 0.09443997590169351 0.09074508904823542 0.15310583299197503 0.1235914555477389
0.10612667343644142 0.07167032431239839 0.2661130379937668 0.13274721444460655 0.0894126471114912 0.07124513866805308 0.14695662323538045 0.1157283407978621
0.08511389236255447 0.11856667671003279 0.13644199661017417 0.13230048890274948 0.09985775556828556 0.16311821204070462 0.09922536667706211 0.16537561112843682
0.07330330775525877 0.12618438508289043 0.10921802540076837 0.14049299480253413 0.09361471016035465 0.1933040822125644 0.09529090082258837 0.16859159376304095
0.09668671166294546 0.07791354963327707 0.22201400301054855 0.13785257531794046 0.09325097055306869 0.09451953806219045 0.15369533397388288 0.12406731778614642
0.09674653954477426 0.07181972451222272 0.265684351548387 0.13289321687367464 0.08990394055018447 0.07518231237454696 0.1481660194099029 0.11960389518630715
0.08297512377636088 0.12406050777237315 0.13574255810983743 0.13142516193904158 0.09938007284147948 0.16356625168282435 0.09856887145428118 0.164281452423802
0.11090032452271979 0.08783530595247196 0.16571981982744294 0.09728821306545032 0.14198945984237496 0.13489555810624057 0.14462546300475898 0.1167458556785404
0.13107280446184122 0.09597976947231843 0.1994783399762382 0.10979039856852212 0.1338856727314464 0.10857355498738763 0.12240810109057615 0.09881135871166989
0.1509030546253813 0.10292635402627727 0.2063123151081834 0.1045348737800052 0.13066396906429026 0.09780206411691061 0.11572440239381931 0.09113296688513273
0.11213261717286879 0.1571499934809532 0.11280723390325338 0.11823638856900696 0.13292724288073668 0.2071273994250216 0.08867729142675522 0.07094183314140418
0.06336245006928551 0.10825867933535538 0.06036873027691354 0.08079513886995499 0.1412506124459364 0.2930404760183472 0.09133363524429693 0.16159027773990997
0.09475479133812849 0.07630987151496148 0.19861971045284654 0.1367998580101051 0.1057935500008678 0.11208071373735638 0.1525216327366396 0.12311987220909461
0.119521126498947 0.0854161021510832 0.17693985309123433 0.089819977140611 0.1513979026542363 0.12205867475144037 0.14257139228668414 0.11227497142576374
0.10550347925801537 0.15251128270918815 0.10650808828339108 0.11816778999940501 0.13799782645281894 0.2197850167979847 0.08862584249955377 0.07090067399964302
0.07328289297088257 0.12595495476817037 0.09980168513668576 0.13528396972279919 0.10133029960105801 0.21024761119062485 0.09175782294242034 0.16234076366735903
0.1149420823342993 0.09274921964207088 0.14639462102170878 0.09020061863275271 0.15078049727695791 0.14900660266991594 0.14317558513135348 0.11275077329094088
0.07584723583243905 0.12149838813391228 0.11055332453145691 0.13825732056094106 0.10584564102484413 0.1883147747758564 0.09377453046742089 0.16590878467312925
0.13911262257725066 0.11065328379310524 0.1799339969443099 0.10838537338062441 0.12747189071616602 0.11996595616339276 0.11998706373435018 0.09448981269080077
0.06855301854589928 0.10771211952057255 0.07173646527517498 0.08401328189434262 0.1468534206976906 0.25813359422316035 0.09497153605447427 0.16802656378868525
0.09537627534889061 0.07611366426779606 0.20364788744027398 0.1365708365977948 0.10667438540760298 0.10643690704656249 0.15226629095306377 0.12291375293801533
0.09665336754692018 0.07173578601100368 0.2581139486346134 0.1329021239609284 0.09528244400487988 0.07752446812933604 0.14817595014748283 0.11961191156483555
0.09514233673026502 0.07014845487316637 0.27850168762408295 0.13047025285817118 0.0914070792221937 0.07144236576894009 0.14546459535082665 0.11742322757235404
0.11034091999599174 0.08139938062690055 0.20924625385120227 0.09474883005420574 0.14052338149991458 0.10919213830376956 0.14085049960296855 0.1136985960650469
0.1344336090012038 0.09357062323324492 0.2130099293597602 0.10757910972633317 0.13304065784194166 0.10160219303072551 0.11994267905309086 0.09682119875369985
0.12465205737542905 0.08171216124880934 0.18553936941031593 0.09275334358740944 0.1510449630438987 0.11511001808438089 0.13788407494486538 0.11130401230489134
0.10846642003641913 0.07081810593004094 0.2474262013634468 0.13015273795380913 0.10292674649520708 0.07796173413504365 0.1451105899276051 0.11713746415842821
0.1038901411308992 0.0695738825240046 0.2729058130327994 0.12939748946694027 0.09240986392704113 0.07109652517149544 0.14426854422657368 0.11645774052024623
0.13640646208864396 0.0921072683868187 0.235806215926625 0.10718889008954158 0.11976455732595896 0.0927489918228877 0.11950761327893666 0.09647000108058743
0.10990612855038519 0.07029364910488885 0.266510006590501 0.12780348076222406 0.09502872903133427 0.07294352979797641 0.1424913434766886 0.11502313268600166
0.1040041089328212 0.06902068362508251 0.2798549982442925 0.12840364033727827 0.09022196596078588 0.06977084998134302 0.14316047661484607 0.11556327630355046
0.10236313891988051 0.06871675333090886 0.2849772346426809 0.12800231289450428 0.08899545020112666 0.06903000193988279 0.14271302646596223 0.11520208160505385
0.1018414077132698 0.06858427217297014 0.28688102332122667 0.12778955566428096 0.08861727363655918 0.06880004936217203 0.14247581803166848 0.11501060009785286
0.11907380411202914 0.08026657568908886 0.21051927772475168 0.09348349256134358 0.13819019266113308 0.1073169757435662 0.13896949043447493 0.11218019107361231
0.10699876290559567 0.07017777157627793 0.2571758241390852 0.12914538411730328 0.10020089317115842 0.07608305280944608 0.1439874655755605 0.11623084570557296
0.1036568246813647 0.06922121508993705 0.27638594802100647 0.12879808778973703 0.09192577021437258 0.07049361910485827 0.14360025608796054 0.11591827901076332
0.0814115361640938 0.1198929738601669 0.14098818037706956 0.1395522250522443 0.09520727340844615 0.1608323275615901 0.09465281351369614 0.16746267006269314
0.14038372154652437 0.10988785917618446 0.1907035966446 0.10791174413928517 0.12414694590592151 0.11342649074572453 0.11946273669469093 0.09407690514706911
0.08696928163648546 0.12275586029616906 0.12023969851230083 0.1371160012952969 0.1006435648630103 0.17473597357252765 0.09300041826985357 0.1645392015543563
0.10654758315654396 0.08267599771034671 0.22826803790043576 0.1346793200713032 0.09405694387679712 0.08726383312231183 0.14909554358727906 0.11741274057498229
0.10522130463784421 0.1553714190647642 0.11952170309316189 0.12118284142153542 0.12576859942414062 0.20933729643948076 0.09088713106615157 0.07270970485292125
0.12022548510646217 0.08707584831403777 0.15534746371760988 0.09311737826815887 0.1504339951607162 0.14363373856333453 0.13842523694788988 0.11174085392179063
0.10922295164527583 0.07177186245183863 0.2353637813479721 0.13119206223712412 0.10462399690105177 0.08348313046133826 0.14626935894198764 0.1180728560134117
0.10508568653188148 0.06981451360737716 0.2681733047489124 0.1297137900983347 0.09363956110980069 0.07220953698913857 0.14462119582605376 0.11674241108850122
0.13760081240562844 0.0920298258479954 0.23391454278837662 0.10706037677124845 0.12075287711427461 0.09292289545876707 0.11936433051958593 0.0963543390941236
0.12765559721000524 0.0810838473066472 0.19165739619203598 0.09212723705484503 0.14767842202178272 0.11229149021659258 0.1369533255322771 0.11055268446581405
0.10978764494760312 0.07043928228735352 0.24938213470478743 0.12949225606706533 0.10278948014011122 0.0771919694791418 0.14437420191357878 0.11654303046035878
0.09520627102496676 0.13801541986643315 0.1551185162754791 0.1604534632450379 0.08426516858121404 0.14091106495733735 0.08162197912899755 0.1444081169205341
0.10713632732874839 0.08348624793658191 0.24248706113539856 0.1328432804181486 0.09047454036819982 0.08069747997489318 0.14706297221707945 0.11581209062095006
0.08489668130783784 0.12531634942751138 0.1318679838208742 0.13008574672581974 0.10149504368980133 0.16616670157651603 0.09756431004436482 0.16260718340727467
0.09769177136124858 0.16178341302566807 0.09729949248313896 0.11806093948400963 0.12569250709824362 0.24008960824427808 0.08854570461300722 0.07083656369040578
0.07744903562442569 0.12557573545870435 0.09676055447444526 0.13345489742230832 0.09865456304988779 0.21744210229006689 0.09051723477339173 0.16014587690676996
0.10264508571009553 0.07705178158306906 0.21453128702412858 0.1360441215625695 0.09686777703491865 0.09874119468302643 0.15167904299587973 0.12243970940631255
0.10692223996356624 0.07454475662769067 0.2661653821522324 0.13039312514968224 0.09128697292853565 0.07266091573923904 0.14435054961625382 0.11367605782279988
0.08227435074020172 0.12050377849931058 0.13865593998894463 0.13952638714334914 0.09532392202037793 0.1616486683646559 0.09463528867114117 0.16743166457201897
0.10476204682967699 0.081872345513876 0.23660905140751082 0.13380647738441007 0.09332089957468473 0.08484810764026805 0.14812927085290814 0.11665180079666518
0.07217140571643728 0.1070596472462197 0.08107560531535185 0.08586821983368133 0.1406806668830595 0.24433959291720442 0.09706842242068324 0.17173643966736266
0.10107568433311767 0.07540891134621164 0.20647970869364904 0.13528163924783965 0.10573253746687132 0.10343911147263386 0.15082893211662118 0.12175347532305567
0.10450267333124695 0.07087162694328886 0.257559520201106 0.13125132333303513 0.09501462493208428 0.07633860961804842 0.14633543064145857 0.11812619099973162
0.09414955990613734 0.1381622094382916 0.15723468999024548 0.1605747498077228 0.08297435155111203 0.14070348740343772 0.08168367707610247 0.1445172748269505
0.10677353865266465 0.08340233336728503 0.2437604047241709 0.13265916238639047 0.09010331367480442 0.08079052374225038 0.1468591459873757 0.11565157746505839
0.08232015471928705 0.12171914538095804 0.13361196211811235 0.1397584748666782 0.09518365044236242 0.16490373794040644 0.09479270469218173 0.16771016984001383
0.10494730672713828 0.08215985067227238 0.2346499298479352 0.13403730435901742 0.09344718571641972 0.0855205823054046 0.14838480580241242 0.1168530345693998
0.08445411547558257 0.1249738267184224 0.13021385979100308 0.13001845061830913 0.10209414450638263 0.16820870165368176 0.09751383796373186 0.16252306327288643
0.09739901733272194 0.16137746704640776 0.09687752305927126 0.11779056585266029 0.12619848467133407 0.24133967813651325 0.08834292438949523 0.07067433951159617
0.09052761631332955 0.14678695582718676 0.07884124626652159 0.10882750451448314 0.1156912491173595 0.25491898469913377 0.07381343784460596 0.13059300541737975
0.1052493347973677 0.07807956976805082 0.20491131204867732 0.1348048802943579 0.10014328997266761 0.105189839391441 0.15029738146251542 0.12132439226492212
0.10552597241307278 0.07108703234777128 0.25694238354785504 0.13130640980449204 0.09389835520837565 0.07666722990818801 0.1463968479462023 0.11817576882404285
0.10380699321049722 0.06934977034554884 0.2764196867781863 0.1289324757906589 0.09103437333088288 0.07066738365259967 0.14375008868003314 0.11603922821159302
0.10273582042404561 0.06874234230791854 0.2835639072594307 0.12799758327019278 0.08984837433052832 0.06920639417689861 0.14270775328781193 0.1151978249431735
0.11963237039586842 0.0801741665435407 0.20927218856946514 0.09335133343725813 0.13945129423904157 0.10732401966995356 0.1387730270201628 0.11202160012470974
0.10751943134758431 0.07010443619580704 0.2564934332093444 0.129003629030457 0.10088472942995837 0.07606165542697305 0.14382941923246473 0.1161032661274113
0.1386312384041434 0.09208181659442803 0.22966577045727432 0.1070808922347273 0.1229626693628226 0.0938176062049897 0.11938720373036013 0.09637280301125456
0.11098103718572562 0.07027338632135703 0.2638395119641722 0.1277390515036247 0.09663181082144504 0.07315054618890923 0.14241950966150393 0.11496514635326222
0.13941573948817934 0.0918944389043874 0.23204397827017773 0.10683505364375712 0.12156085533941367 0.09298527402711161 0.11911311204759187 0.0961515482793814
0.11107786785521413 0.07019940181460506 0.26472965642464846 0.1276245009779627 0.09626366964555073 0.07295105802791509 0.1422917943739375 0.11486205088016643
0.08297176694044378 0.11982353140041727 0.1382673101832577 0.13931380892879333 0.09635653435864144 0.16159937228740853 0.0944911051864859 0.167176570714552
0.14053246728454857 0.10953710595728428 0.19008652364508183 0.10749713631113621 0.12582753008085426 0.11380003576678296 0.11900374878562898 0.09371545216868284
0.10316949920741696 0.1451531943016577 0.09912292786703299 0.11309496938691886 0.12004987860966795 0.20698767508317972 0.0767078922798232 0.13571396326430263
0.12098357771105299 0.0871222433617404 0.1498802926104486 0.0942045389066453 0.15059662057467954 0.1441259058922067 0.14004137425525184 0.11304544668797438
0.12449537472600194 0.0815218567682448 0.16523472058043748 0.09313485970396829 0.15883777397482912 0.12656235832540938 0.1384512242763469 0.11176183164476193
0.10996462193936758 0.0710393574807976 0.2389785321491856 0.1305482970460353 0.1061831162053225 0.08024099904175779 0.14555160879610202 0.11749346734143178
0.1052603859941582 0.06961937897445111 0.2693969858844944 0.12943169411848718 0.0939511164999166 0.07154523396139148 0.14430667986046253 0.11648852470663845
0.10329026614273962 0.0689060916098759 0.28092662667201806 0.12827275334921284 0.09065031661819473 0.06949392020282864 0.14301454739083877 0.11544547801429156
0.10246940465664274 0.06859102645683891 0.2851934220880083 0.1277645421087017 0.08964714458800992 0.06889844242008583 0.14244792978388085 0.11498808789783155
0.10214158239047737 0.06846735489423446 0.28676073203523744 0.12756883888396464 0.08931749504231216 0.06870230646518856 0.14222973529301727 0.11481195499556816
0.1020149066906949 0.0684209991650999 0.2873351285289155 0.12749611667973562 0.08920400255071433 0.06863368591074558 0.1421486554623321 0.11474650501176208
0.11937782253107895 0.0800838538338918 0.21040239042924386 0.09327171896690906 0.13918477538165802 0.10709870133417917 0.1386546747627484 0.11192606276029085
0.10743888561762163 0.0700687036656976 0.2569221839741432 0.12894753982254228 0.10080814808943853 0.07599486903886703 0.14376688395140164 0.11605278584028808
0.10409764960390164 0.06914061296998228 0.27613132711902116 0.12864803777522393 0.09232936855878576 0.07043680845584292 0.1434329615195407 0.11578323399770155
0.10280065058250917 0.06871150278360103 0.2834104433160136 0.12796302102248655 0.09012320464623319 0.06915523976802668 0.1426692189608917 0.11516671892023789
0.10227462728011329 0.06851717615299752 0.2861042263979112 0.12764838283875643 0.08946900865419342 0.0687846132546532 0.1423184208664941 0.11488354455488078
0.1020665180519017 0.06843986139638325 0.2870938130964568 0.12752571891680706 0.08925719157879755 0.06866209018698277 0.14218165974754454 0.11477314702512634
0.1363316828737894 0.09144895781036502 0.24016339440267578 0.10650659476604064 0.11921908388270228 0.09172744606419575 0.11874690491079457 0.09585593528943658
0.11012383903057728 0.07000284475619693 0.2678696646800742 0.1273175942672498 0.09557625740719501 0.07257434872320333 0.14194961629497851 0.11458583484052483
0.13905329714419395 0.0917857620037165 0.23339999185957128 0.10673336455272793 0.12118812392583694 0.09277969611666588 0.11899973629983247 0.09606002809745512
0.11095230587050617 0.07015975540055285 0.2652456581158244 0.12756416545865143 0.09616032890652147 0.07288551256260101 0.14222452477255615 0.1148077489127863
0.0953306477980411 0.13769637268182752 0.15903662731778107 0.16009900241584923 0.08304268744209503 0.13926389372381842 0.08144166644632331 0.1440891021742643
0.10692643671686912 0.08323534564796281 0.24438259584982555 0.13244870933670727 0.0903548966961096 0.08055774436666056 0.14662616581027418 0.11546810557559092
0.09828845269576338 0.14522522717776765 0.1113282950931568 0.11631193794441771 0.1136876641430577 0.1966942612415391 0.07888983617099636 0.13957432553330124
0.11988812334177856 0.08730362452816877 0.15422131068265374 0.09443654449840938 0.1488043441636116 0.1416359332374124 0.14038626614987426 0.11332385339809127
0.10944396023575671 0.07184982462647661 0.23498597812008126 0.13131630426122973 0.10459590826934771 0.08321547112492872 0.14640787952707254 0.11818467383510674
0.12208438751599644 0.08091578917048259 0.1941500500424133 0.09395192453667578 0.14495604424534636 0.1115336490174191 0.13966584602765533 0.11274230944401092
0.1085839710944793 0.07047756038614787 0.25058693296969525 0.12960382042705818 0.10249630336378901 0.07710938552520569 0.14449858784927233 0.11664343838435236
0.08256140156205717 0.1199509066727799 0.13509228695160114 0.13944439375409323 0.09775970865909113 0.1632783541318197 0.09457967576364584 0.16733327250491187
0.10487617524193163 0.08183174799980905 0.2351042524651393 0.13382383752660668 0.09427313544758191 0.08527542679538168 0.14814848924394386 0.11666693527960581
0.08197235294211752 0.1215142953978912 0.13161929606308675 0.1397464330201759 0.09608670957768106 0.16658065619593473 0.0947845371789019 0.16769571962421104
0.10488099808661738 0.08214140938660856 0.23374904573494484 0.1340239312929261 0.094058127959762 0.08593511027165764 0.14837000126852215 0.1168413759989612
0.08439802927466442 0.12488308493739976 0.12996003455377997 0.12991305126649383 0.10261606498895728 0.16840363244571727 0.09743478844987039 0.1623913140831173
0.07935892986146718 0.13147554219561103 0.10520322419439126 0.12795829269329062 0.10294766971331139 0.19713975595534727 0.09596871951996798 0.15994786586661328
0.0953425523269007 0.16140180811578975 0.09097262376610943 0.11661896616153004 0.12522694118146482 0.2530015041301396 0.08746422462114753 0.06997137969691802
0.0768274265627565 0.1251287653998043 0.09507796239216809 0.1329909736186736 0.09847062931750132 0.2217125009557616 0.09020257341092643 0.15958916834240827
0.10254653413376978 0.07703009353339718 0.2137765271472314 0.13604991741707326 0.09692515595133305 0.09954134120070446 0.15168550494112495 0.12244492567536594
0.10684530791081338 0.07448832025421842 0.26606752450973326 0.13027832225635294 0.09165314102199157 0.07286795270363128 0.14422345809413104 0.1135759732491282
0.09834626964698372 0.14399682359575475 0.11555855626765187 0.11628574377467674 0.11409827943055818 0.1932993650641124 0.0788720696906503 0.13954289252961208
0.07889318659531655 0.12575372001404303 0.10240503371575549 0.13617759310402347 0.09799992667472845 0.20299349545727147 0.09236393271403331 0.16341311172482814
0.09401610246998893 0.1579594560003845 0.11899330665842094 0.15355454396201196 0.08528236933099925 0.17600531923118287 0.08032083838012934 0.13386806396688222
0.08072567483339273 0.13740224005516882 0.10232836346897027 0.127237642668948 0.09858449803007645 0.19924629560554755 0.09542823200171101 0.15904705333618502
0.07817286358201254 0.1330847746847117 0.09850986198388345 0.12707919532263512 0.1013755869748585 0.20761932680662853 0.09530939649197635 0.1588489941532939
0.06561706623952844 0.11165510335059674 0.06186126712447081 0.0804625067970642 0.13810028236980768 0.2848237523679268 0.09655500815647702 0.1609250135941284
0.08385280447684458 0.13981920954060628 0.07243796831529488 0.1087959192753001 0.11827458414074683 0.27247239630803494 0.07379201481281222 0.13055510313036012
0.10382683863612716 0.07768872111588451 0.20214804772573322 0.13497630020008783 0.10091490551255825 0.10847801476465589 0.15048850186487403 0.12147867018007906
0.08159035418845673 0.12077197529235455 0.12391238102408739 0.13947880242680166 0.09728477519124935 0.1749841351449707 0.09460301381991766 0.167374562912162
0.10500317475595598 0.0822136331880212 0.23050640863804944 0.13427067897043102 0.09469306403763623 0.08761338996048187 0.14864316109058703 0.11705648935883729
0.07335604726349575 0.10852157169730343 0.08422392450267328 0.08465765666279965 0.14315137965800445 0.23518491889476464 0.10158918799535957 0.1693153133255993
0.062441453840439975 0.10193440684733775 0.05583511092239185 0.07960366194623893 0.14549360814199536 0.30549768612206557 0.0899867482870527 0.15920732389247785
0.0708361541459815 0.11788153577268014 0.08711186334316472 0.13268823975225905 0.10230144050515046 0.23995763790260802 0.08999724087544528 0.15922588770271084
0.07398062724783093 0.12266676345623269 0.09602229654753486 0.13630234288630375 0.09535854099770717 0.21965807179098526 0.0924485456098408 0.16356281146356444
0.10137989899870185 0.08305774266441071 0.21327754724297793 0.1351770060695357 0.09583207395406113 0.0989041516764722 0.15071227393125847 0.12165930546258213
0.14431068927068685 0.10184827693403287 0.2159932231172376 0.10583092343920776 0.124059231692211 0.09853561657168383 0.11715918264332319 0.092262856331617
0.08723359722424161 0.12962103080365792 0.1251677518682419 0.1354837739131055 0.10030639056151763 0.16771358462722863 0.09189334230628028 0.16258052869572662
0.10612017642714561 0.08312219848333098 0.23061734209895024 0.13387642002117572 0.09510872516529437 0.08623566114844321 0.14820670022694257 0.1167127764287173
0.0716725171696314 0.11637229885631983 0.07960419397491497 0.08472921429525082 0.13987072101305478 0.24251177515786887 0.09578085094245746 0.16945842859050164
0.12954825978058898 0.110770755502001 0.16503375306497933 0.1081180352860214 0.13577429458059462 0.13290512919457748 0.1205435408338179 0.09730623175741926
0.11036756960467908 0.08188775099577565 0.23742594345749893 0.12899632026888816 0.1006482046549144 0.08075625226749904 0.14382127050874544 0.11609668824199935
0.10481322318833233 0.07671795609025782 0.26786278720970624 0.12838187560684183 0.0923269429078412 0.07121731638621985 0.14313621056464304 0.11554368804615765
0.10266376358321903 0.0752785281307344 0.27948387070334424 0.12726575895034933 0.08984162762845381 0.06903544416364314 0.14189182378494172 0.11453918305531441
0.10180238878894514 0.07477888151239115 0.28381148070385703 0.12676388984120548 0.08900459832075322 0.0684189827945983 0.1413322771811649 0.11408750085708493
0.1186293903100901 0.08721455742237694 0.2085585914052211 0.09248836539322536 0.1382864274172333 0.10634646251781509 0.13749016706216785 0.11098603847187041
0.14039359073599633 0.10186501074009047 0.20981974125315192 0.10510831837723252 0.1317561910799709 0.09927173018779085 0.11718793108625776 0.09459748653950927
0.1276031865688923 0.09092397606729628 0.18263149905564965 0.09100336722364315 0.15036098652182123 0.11299032634992488 0.13528261754440088 0.10920404066837179
0.14338439439653686 0.10278400178065125 0.2002997891942271 0.10524138591136534 0.1353190996652586 0.10091779027532918 0.11733629145640284 0.09471724732022879
0.08665733663188176 0.13473939447716676 0.12111583835549183 0.13462059310967428 0.10224788476746646 0.16776636038275672 0.091307880543953 0.16154471173160914
0.11831203148442153 0.09350735689574026 0.15315841722336157 0.08966771766430258 0.15288812708614932 0.1380519919873884 0.14232971057825805 0.1120846470803782
0.08204324832901358 0.13221834689640236 0.11032370245230416 0.1347697729573793 0.10585242765030593 0.1816597107685606 0.09140906339717901 0.16172372754885514
0.1023184812003818 0.08783688545948419 0.21809578653064296 0.1336707545191168 0.09718539885900483 0.09155609850479071 0.1490329158593735 0.12030367906720514
0.08061738864999159 0.13324747565760098 0.12662973173682146 0.13785787399039712 0.0956401521751595 0.16707432751241402 0.09350360148913892 0.1654294487884765
0.078784688921787 0.13332190027547924 0.10459709877905665 0.1282116270114963 0.10172810715203692 0.1969333238371512 0.09615872025862224 0.16026453376437036
0.08756987537829615 0.1663649160056585 0.08096496414896648 0.11010932167671311 0.1107386908051445 0.23743820170548166 0.07468284426768367 0.13213118601205573
0.10340232052352179 0.093235002920223 0.20360865338769452 0.13273368738075295 0.09810693937021163 0.10146492184443719 0.14798815593048126 0.11946031864267764
0.10448749137533501 0.0794375477648422 0.2552991094277706 0.1301038222284978 0.09293708719582816 0.0755854494577681 0.14505605254431025 0.11709344000564803
0.10304644820824702 0.07603955748499576 0.2748807932936091 0.12789272315868788 0.09037099055720607 0.07007519436556958 0.14259084208886547 0.1151034508428191
0.11913516424652876 0.08757566460643543 0.20584836892439579 0.09265312990053096 0.13893065885792064 0.10693815701500078 0.13773510056855048 0.11118375588063713
0.10688602107616942 0.07752535441088294 0.2540406985653683 0.12790298854063983 0.10033414426102852 0.07559581623566665 0.14260228722366858 0.11511268968657583
0.10348218117349985 0.07565198026535437 0.2741409482010837 0.12767984054680123 0.09178800661038145 0.06999169284738445 0.14235349386337387 0.1149118564921211
0.10215219818308202 0.07495863154422353 0.2818126295675096 0.12698179767459455 0.08954693441861378 0.06868896255122633 0.14157522815361512 0.11428361790713508
0.10160884027892628 0.07467160466669108 0.28467136052640307 0.12665773081894155 0.08887621745703506 0.06830837072130003 0.14121391779365572 0.1139919577370474
0.10139267066747357 0.07455769616042153 0.2857291694015389 0.12653101371377182 0.08865731752982234 0.06818158250668525 0.14107263767789185 0.11387791234239462
0.10130898104323201 0.07451411931643373 0.2861197793838743 0.12648350563665353 0.08858203834211051 0.0681367514874238 0.14101966971728386 0.11383515507298818
0.10127717880596111 0.07449777497446758 0.28626393547334916 0.12646590202648159 0.08855535049095682 0.06812050339930598 0.14100004300564437 0.11381931182383342
0.10126523373645344 0.07449170196882292 0.28631713050541147 0.12645940069262743 0.0885457233008002 0.06811455466894852 0.1409927945035712 0.11381346062336468
0.10126077871573275 0.07448945480140065 0.2863367601012184 0.12645700166417276 0.0885422160473389 0.0681123674065047 0.1409901197658762 0.11381130149775551
0.13507518438157495 0.09936452440754207 0.23873138234525887 0.10542928470046296 0.11810967847377254 0.09085780487702291 0.117545784583949 0.09488635623041665
0.1260281377430093 0.09036767682432298 0.1920175285796008 0.09089474282363864 0.14581570580468914 0.1106813767582473 0.1351211400781255 0.10907369138836638
0.1242565654359813 0.08927269988188562 0.17729309082817785 0.09150530295963832 0.15543294021668214 0.11640425839800933 0.13602877872805935 0.10980636355156599
0.10882501255660057 0.07831800966291763 0.24247673997543526 0.12874072913726992 0.10450973365416902 0.0777268133191087 0.14353630547095614 0.1158666562235429
0.10428457887266773 0.07604105202838476 0.2697481226097392 0.12815130423639778 0.09296722320644873 0.07059240454018717 0.14287914069341662 0.11533617381275799
0.13642657419093907 0.10001350175939187 0.23312244006080435 0.10581634022384524 0.1197016113243795 0.09170750363139955 0.1179773226077797 0.09523470620146073
0.10965949919020135 0.07851030055549131 0.2639590333129739 0.12619984588099795 0.09521902657928868 0.07216902292978239 0.14070341025836636 0.11357986129289814
0.10374195737272714 0.07551909535501933 0.27776522952151705 0.1271672284168697 0.09040790978672497 0.06916610437882217 0.14178196959313683 0.11445050557518274
0.10208418216206831 0.07484207495901862 0.2831408490409283 0.12680745527711074 0.08915278803700524 0.06846509138342177 0.1413808493910473 0.11412670974939967
0.08058018610922674 0.12977672999058734 0.14142403380499638 0.13760767665321774 0.09390570741886752 0.15824255161358242 0.09333390242566073 0.16512921198386127
0.10415250446154851 0.08285435928975175 0.23761824678925156 0.13347025761014664 0.09344133986638109 0.08434754411945555 0.14775706174179848 0.1163586861216663
0.08097279576241546 0.13197061059679668 0.1310865707680208 0.13783356565799304 0.0948660044366424 0.164383059890075 0.09348711409846484 0.16540027878959163
0.11700931087969788 0.09330301983910552 0.15666437222047153 0.08989450460886675 0.15070056816894775 0.13737040366648315 0.14268968985534403 0.11236813076108342
0.0963833313822848 0.15571010497839605 0.09128986998821999 0.11074431273539688 0.12415421783860553 0.21371145393930793 0.07511353385531265 0.13289317528247624
0.11756259073055078 0.10194428300816209 0.14523727781166634 0.09241333896850515 0.15005673617901777 0.14451113129715876 0.13737863524273305 0.11089600676220618
0.10842611103286286 0.0811816517714822 0.22992819965611783 0.13021024076070978 0.10449239870995215 0.08339748011819138 0.14517470126604506 0.1171892166846388
0.10464886686046315 0.07682331213578389 0.26508294514817843 0.12876600143495326 0.09337123967981374 0.07185375125246882 0.14356448219688073 0.11588940129145794
0.13668419242905425 0.10028518347852935 0.23157404129874962 0.1059481741201854 0.11994266929010812 0.09208807511135801 0.11812430756384851 0.09535335670816684
0.10977212878028864 0.0785913956845879 0.2633666416109013 0.12626695189803983 0.09531567806250259 0.07226871879598777 0.1407782284594563 0.11364025670823584
0.10378747663695378 0.07554637465917859 0.2775443831870516 0.12719397321515186 0.0904452135729785 0.06919621478770786 0.14181178804734096 0.11447457589363669
0.10210185672792044 0.07485177167984895 0.2830591244935191 0.12681748102781565 0.08916688877150881 0.06847511701945982 0.14139202735489298 0.1141357329250341
0.13541677952062184 0.09950503500328375 0.23762535426112608 0.10550744693485622 0.11835716060355134 0.09099859179289535 0.11763292964229492 0.0949567022413706
0.1261351776173555 0.09040498238830066 0.1916717793989618 0.09090886120520494 0.14591382071478975 0.1107326172285682 0.13514212800057332 0.10909063344624592
0.12428925638673351 0.08928250751542469 0.1771835819926308 0.09150890978337563 0.1554694557939478 0.11642145627404249 0.13603414051379423 0.10981069174005074
0.12391330604352124 0.08917210847697891 0.17251099661300437 0.0916126198830436 0.15866679336986791 0.11800071921137717 0.1361883125425544 0.10993514385965232
0.10889380610853257 0.07841064451769898 0.24056536244596374 0.12892205660100448 0.10533445943961586 0.07810534788516041 0.14373847206111992 0.11602985094090404
0.10436300700758136 0.07610216961465781 0.2690254730587381 0.1282345345375303 0.09319319808924817 0.07069860034050408 0.14297193626796287 0.11541108108377728
0.10251871424911045 0.07515260812759754 0.27990762661407476 0.1272069475125826 0.08998138699893149 0.06892021031563383 0.1418262534207451 0.11448625276132435
0.10175449816545581 0.07474838899337795 0.283966342512641 0.12674311536098573 0.08902012730146493 0.06838960865513329 0.1413091151860542 0.11406880382488715
0.09229804168901704 0.14872901624851392 0.16232443940232752 0.15773171827996077 0.08070565702965463 0.13601514159962477 0.08023743929893656 0.14195854645196468
0.10605879207208738 0.08448090479092608 0.24565659992498282 0.13223152844298813 0.08990740295827902 0.08000026579127867 0.14638573763326318 0.11527876838619477
0.07173457952448935 0.11891793943752599 0.08181954686138151 0.08472607204145947 0.13835124941008597 0.23922116981266292 0.09577729882947593 0.16945214408291895
0.09982326583693783 0.08787153672626287 0.20451805620673957 0.13318895915211004 0.10432151331169248 0.10191085554931885 0.14849574998003912 0.11987006323689905
0.10350677609592109 0.07997227994976554 0.2554426760843107 0.1298329798516476 0.09409244548849707 0.07554907715713526 0.14475408350623994 0.11684968186648284
0.10268284430084648 0.07733975175070076 0.274725603889894 0.12763422790119142 0.09048058708532568 0.06996354079352154 0.14230263916744773 0.11487080511107227
0.11886562121128609 0.08916356759529595 0.20561782101813844 0.09246040622170543 0.13875525101261388 0.10673624159906502 0.13744860387584865 0.1109524874660465
0.10668547027720199 0.07917008065702102 0.2536991403094599 0.127634421967875 0.10017763261077885 0.07545941886925832 0.14230285553731736 0.11487097977108753
0.1033143400394101 0.07712229435489619 0.2738045984030963 0.12744545456408676 0.09164475387530092 0.06987547867139306 0.14209217098413854 0.11470090910767809
0.13578950864129086 0.10166516983942615 0.23422506744704272 0.10547098862490653 0.11903244935834617 0.09130064497910136 0.1175922813474704 0.09492388976241588
0.12606724047602022 0.0926270831036032 0.1903657429876763 0.09070224837996074 0.1459233563976355 0.1106366464402843 0.134834984158867 0.1088426980559529
0.10867012423708368 0.07998235459482009 0.2473660820189489 0.1279215015025016 0.10197565504673493 0.07633200345307921 0.1426229277945801 0.11512935135225141
0.08156243255295618 0.13310006255798504 0.13307851455875483 0.13723183307961892 0.09643267112763519 0.16083730399089594 0.0930789824366111 0.16467819969554268
0.10464205009658659 0.0834686124358447 0.23416242837421042 0.1337939934493952 0.09419508550938437 0.08498146214477048 0.14811545062366907 0.1166409173661394
0.08089200205449079 0.13423624182466148 0.1300944014908971 0.13747273146672254 0.09482645415651512 0.16426851686052116 0.09324237438612486 0.16496727776006703
0.14000313269954726 0.11203670489644325 0.1871016605711524 0.10757780434143008 0.1257705381383898 0.11463132959803804 0.11909305161118836 0.09378577814381082
0.10081742346934311 0.16631834848747373 0.09656689693238091 0.10987950778952979 0.11737260866216645 0.20266283481094585 0.07452697050072454 0.13185540934743573
0.07687595449809832 0.15439163611939136 0.09516185993990059 0.13085818529288132 0.09573999887540531 0.20118655637638927 0.08875598654647604 0.15702982235145757
0.10109456894744676 0.09548066478625361 0.21096493965566446 0.1334306643521076 0.09505907993325255 0.09511725116804333 0.1487652332403349 0.12008759791689683
0.10655038037741776 0.07675074853626959 0.2648785121412546 0.1302997717953288 0.09149496592853754 0.0721837447584775 0.1442472036155044 0.11359467284720973
0.08119750852058194 0.13325637184523875 0.13704661402211937 0.13724439363319108 0.09419180462780734 0.15928253322263314 0.09308750176859917 0.16469327235982928
0.10443666201231006 0.08339440278045138 0.23581331493984475 0.1336445620381804 0.09362195545842936 0.08462843503385577 0.1479500239087711 0.11651064382815726
0.11998890601855125 0.09165849246259924 0.19365775040630195 0.09304910074680053 0.1405355108184714 0.11112758082452799 0.13832373782658708 0.11165892089616065
0.10727305808734365 0.0806013760681068 0.24891244521178948 0.12800357739989507 0.1008589744906668 0.07643291278718571 0.14271443629510686 0.11520321965990556
0.13735063093039965 0.10358483192531419 0.22542921240953673 0.10573622239094144 0.1218633492580142 0.09298515573091175 0.1178879972030347 0.09516260015184728
0.12647511959370922 0.09397556485426227 0.1874525161457567 0.09066131291541492 0.146814366613279 0.11105341353765716 0.13477413084142278 0.10879357549849791
