Action: 0
[0.5253400152000001, 0.11610078480000001, 0.1233079848, 0.0272512152, 0.1379680848, 0.030491115199999995, 0.032383915199999995, 0.007156884799999999]
[0.49579097567999997, 0.14517990432000002, 0.10320742431999996, 0.030221695679999994, 0.14443497432000002, 0.04229414568000001, 0.03006662567999999, 0.00880425432]
[0.5368830987520001, 0.10440106124799998, 0.140914021248, 0.02740181875199999, 0.12626302124799998, 0.024552818751999987, 0.03313985875199999, 0.006444301247999996]
[0.50782868136, 0.13361211864, 0.11919771863999999, 0.03136148136, 0.13336914863999996, 0.03509005135999999, 0.03130445135999999, 0.008236348639999998]
[0.4957909756800001, 0.12332862432000001, 0.10320742431999998, 0.025672975679999994, 0.16703118432000003, 0.04154921568, 0.034770415679999986, 0.008649184319999998]
[0.46643793195999994, 0.15111526804, 0.08523318804, 0.027613611960000006, 0.17216821804000002, 0.05577858196000002, 0.03146066196000001, 0.010192538040000004]
[0.5078286813600001, 0.11223075864000003, 0.11919771864000002, 0.02634284136, 0.15547941864000003, 0.03436114136, 0.03649418136, 0.00806525864]
[0.47888901060000005, 0.14023058940000005, 0.09968898939999998, 0.0291914106, 0.16133693940000002, 0.047243460600000016, 0.03358506059999999, 0.009834539399999998]

Action: 1
[0.47747427727999997, 0.16240012272, 0.08724988272, 0.029675717280000007, 0.15343782271999998, 0.05218777728, 0.028038017280000004, 0.009536382720000004]
[0.4355383032, 0.2026130568, 0.06896569680000002, 0.032082943200000005, 0.1536639468, 0.0714846932, 0.02433205320000001, 0.011319306800000005]
[0.489958140672, 0.15101273932800002, 0.10199321932799996, 0.03143590067199999, 0.14273573932800002, 0.04399338067200001, 0.02971290067199999, 0.009157979327999999]
[0.44835999207999994, 0.19151440792, 0.08192976792000001, 0.034995832080000004, 0.14408185792, 0.06154374208, 0.026328382080000004, 0.011246017920000002]
[0.40373709376, 0.15084682623999995, 0.06393010624000002, 0.023885973760000002, 0.22474530624000003, 0.08397077375999999, 0.03558749376000002, 0.013296426240000003]
[0.36570464330400004, 0.184806636696, 0.049349996696, 0.024938723304, 0.219610086696, 0.110978633304, 0.029635273304000002, 0.014976006696]
[0.416401986, 0.14162801400000002, 0.07609001400000001, 0.025879986000000008, 0.21451011399999995, 0.07295988599999999, 0.039197886, 0.013332114000000003]
[0.37850352539999993, 0.17608039459999997, 0.05993447460000001, 0.027881605400000006, 0.2106987246, 0.0980173554, 0.03336327540000001, 0.015520644600000006]

