0.125 0.125 0.125 0.125 0.125 0.125 0.125 0.125
0.099626400996264 0.07845579078455792 0.199252801992528 0.15691158156911583 0.08685378548392246 0.06839735606858895 0.17370757096784492 0.1367947121371779
0.11030863736668604 0.08686805192626526 0.1563457528399143 0.10424166231151831 0.13788579670835754 0.10858506490783158 0.16546295605002906 0.13030207788939788
0.07295173961840629 0.12906846240179573 0.09118967452300787 0.16133557800224468 0.08754208754208756 0.1548821548821549 0.10942760942760946 0.1936026936026936
0.07976360075004538 0.12470264768300413 0.09719892454212732 0.14964317721960493 0.09352698576225309 0.15587830960375515 0.11223238291470372 0.18705397152450617
0.07315605874160594 0.10817614558638708 0.06359829947902526 0.09735853102774837 0.12981137470366447 0.21635229117277416 0.11683023723329804 0.19471706205549674
0.07221163357707108 0.1277590440209719 0.09026454197133886 0.1596988050262149 0.09679910618217237 0.1533108528251663 0.10831745036560662 0.19163856603145785
0.10719128424146941 0.07558115793332758 0.2080130920019666 0.15116231586665516 0.0836714487499597 0.07525527192551565 0.1673428974999194 0.13178253178118654
0.123898271489744 0.0827734032594928 0.1698851712737556 0.09932808391139136 0.1313863543801473 0.11090498554005289 0.15766362525617675 0.12416010488923918
0.08580300041796482 0.1518053084317839 0.07480261574899497 0.13234308940206804 0.12450476969977224 0.18216637011814069 0.08976313889879395 0.15881170728248162
0.10726670489450099 0.07394070110797323 0.2111042428385921 0.14788140221594645 0.09154653203967368 0.0756273775976842 0.16371079121993257 0.1289222480856969
0.10485893266421634 0.14771592847193846 0.11600115179648068 0.1329443356247446 0.12070467970452246 0.1983001186446922 0.09970825171855845 0.07976660137484676
0.06025494580979037 0.10660490412501374 0.052529952757253154 0.09293760872437096 0.14415657913749477 0.25258088648282884 0.10505990551450631 0.18587521744874191
0.0923548155543452 0.07455147761615817 0.1847096311086904 0.14910295523231634 0.10326295295147393 0.09558683983010983 0.16623866799782136 0.13419265970908473
0.1185076413609226 0.08058976032538819 0.17172569293331413 0.09670771239046581 0.14086719904665423 0.11721304807348096 0.15350430538169177 0.12088464048808226
0.10393033070005502 0.08389556815546609 0.15121640959713178 0.10486946019433262 0.15400327441886813 0.12034610865086463 0.15589549605008252 0.12584335223319915
0.0906305081750065 0.0731595668400655 0.20768056172257057 0.146319133680131 0.10821098801626897 0.07917710653882784 0.1631349147150117 0.1316872203121179
0.10185801275881001 0.06932355695172605 0.25594394628518724 0.1386471139034521 0.09113777018557168 0.06872970256133186 0.15348805446373207 0.120871842890189
0.08085572167834357 0.11423884774746852 0.1340889993396937 0.13708661729696223 0.09944984759302308 0.16010673175058449 0.10281496297272168 0.17135827162120276
0.09739436064846294 0.14231943874619227 0.10186572688566227 0.12808749487157306 0.1300005998347673 0.22741426093671854 0.09606562115367978 0.07685249692294382
0.07860517083093736 0.13907068685473534 0.08050556217124477 0.12124111161694877 0.1208486908082545 0.2320063419851756 0.08223310179236525 0.1454893339403385
0.08941845350669772 0.07218116126444274 0.20371269518016297 0.14436232252888548 0.10165787645044293 0.09778818448131532 0.1609532163120559 0.12992609027599694
0.0791179846983827 0.11392068940981934 0.12311659911150064 0.1367048272917832 0.10680178269494504 0.16692846221000252 0.1025286204688374 0.17088103411472896
0.09544522729459853 0.13962982254017992 0.09821516035579693 0.12566684028616193 0.13221086031450044 0.23918185482244375 0.09425013021462145 0.07540010417169715
0.05496326309235174 0.09724269624031463 0.05831598567804492 0.08477568390181275 0.14204154462211996 0.29727607685968127 0.09583338180204921 0.1695513678036255
0.0878111408584085 0.07088369201823337 0.19863503316644052 0.14176738403646674 0.10425372874307284 0.11099832199942275 0.1580600535451353 0.12759064563282008
0.09977963657388966 0.06796228233329889 0.2577435119341933 0.13592456466659777 0.09562445620549154 0.07399312931664762 0.15047408054259093 0.11849833842729036
0.06608596178212789 0.11692131699914936 0.13462902080060352 0.1461516462489367 0.09603009149226437 0.16567104450500234 0.09912894267319185 0.175381975498724
0.07539421741841686 0.11255931352169969 0.10911820394077085 0.13507117622603962 0.10527999381059666 0.19243474263039717 0.10130338216952972 0.16883897028254952
0.07554541427435858 0.11102182199528045 0.1026069214856789 0.13322618639433653 0.1060515275012823 0.2050957555603902 0.0999196397957524 0.16653273299292065
0.05528321791128565 0.09780877015073615 0.06025962281160035 0.0852691842339751 0.13639068432390206 0.29805890035779614 0.09639125174275447 0.1705383684679502
0.0626489061914702 0.11084037249260112 0.09014358559284848 0.1385504656157514 0.09838920542560554 0.23919354665561637 0.09397335928720531 0.16626055873890166
0.08771141516723191 0.07080319055668118 0.21428187631395126 0.14160638111336235 0.09617077007653846 0.10410007646919128 0.15788054730101742 0.12744574300202613
0.09870341968391094 0.0671662031956051 0.266356523069968 0.1343324063912102 0.09309262705887521 0.0745270217098877 0.1487114958828212 0.11711030300772172
0.057929003799154104 0.10248977595234957 0.08516762355019557 0.08935006108666373 0.13983201442193585 0.24552698213579727 0.10100441688057639 0.17870012217332745
0.11405684262179556 0.09206998139349763 0.17423276536470636 0.11508747674187204 0.13493428289733442 0.13772597396358904 0.12831394794952 0.10357872906768482
0.09405655566809856 0.06795628455431975 0.24531524669228413 0.1359125691086395 0.09889574265980587 0.08400991729198165 0.15153237182709503 0.12232131219777553
0.0908318034029899 0.06689211773328069 0.2739198071134886 0.13378423546656137 0.09116657868569972 0.07384020703102752 0.14915943864704678 0.12040581191990522
0.08959011148367452 0.06615217681518853 0.2849855037287955 0.13230435363037707 0.08894199273379125 0.07144246250218941 0.14750948083864426 0.11907391826733936
0.08906371688827018 0.0658262189793642 0.28928072766170737 0.1316524379587284 0.08817229956222893 0.07073476127166599 0.14678264351517928 0.11848719416285557
0.08884743049767344 0.06569280837549099 0.2909692670566166 0.13138561675098198 0.0878822233293431 0.07049044113343768 0.14648515778057244 0.1182470550758838
0.0887596228261378 0.06563873167235178 0.2916429518224876 0.13127746334470355 0.08776851050978138 0.07039842801058298 0.1463645748037217 0.1181497170102332
0.10438796560820446 0.07720122811725898 0.21465828341509655 0.09650153514657371 0.1376137689752361 0.11037936311996956 0.14345601344177228 0.11580184217588847
0.11280755115529321 0.07649467973816221 0.18876757177271333 0.09561834967270276 0.1496983434456615 0.11972838569178797 0.14214309891643573 0.11474201960724331
0.10365342272187854 0.06635050013188272 0.2507551568873303 0.13270100026376544 0.09960364398439207 0.07955366353898469 0.14795171223437728 0.1194309002373889
0.07960079748853092 0.11379270384942415 0.13598579894025198 0.14224087981178019 0.09480441327775145 0.1664099280292655 0.09647642282885961 0.1706890557741362
0.09207170204342971 0.13439705220079548 0.13172486776875916 0.16127646264095458 0.08764895790982054 0.16792096852167834 0.08435999584296086 0.14059999307160143
0.09939446549556354 0.13716368261972092 0.10011564563962261 0.12344731435774883 0.12645880160075926 0.24676621590362408 0.09258548576831163 0.07406838861464929
0.06441840646614727 0.09254349892114533 0.05839315339191422 0.08067894777740875 0.13875127774378884 0.31265453135292487 0.09120228879185337 0.1613578955548175
0.07033804368699186 0.10817289300977749 0.0889607363272294 0.13521611626222185 0.09970039048929964 0.24364068011456733 0.09171180059524613 0.1622593395146662
0.1008477863380696 0.069107063111344 0.213073878526678 0.138214126222688 0.09648777661272849 0.10377821933680711 0.15409843625126557 0.12439271360041919
0.0930105192389397 0.1310131604575662 0.14694033493489125 0.16376645057195774 0.08297174516269434 0.1516007027412798 0.08330728137790895 0.14738980551476197
0.1052113705558768 0.06848859154258449 0.2421388857726839 0.13697718308516899 0.0922672627562154 0.08386132811893493 0.1516393724019779 0.1194160057665576
0.09731802519375779 0.13578994853661713 0.11172512838067515 0.11838098077551239 0.11374518440312957 0.20069036881891075 0.08029318696078232 0.14205717693061487
0.10547258659250083 0.06823379739071894 0.22128138072714887 0.13646759478143788 0.09810713944604281 0.09546548172641757 0.15215118403243894 0.12282083530329409
0.103889405154535 0.06612160936122119 0.2639723700185102 0.13224321872244238 0.0921191852903718 0.07519399462411751 0.14744131997860369 0.11901889685019816
0.10209776673475134 0.06511522717214063 0.2796142975760589 0.13023045434428127 0.08970258781872505 0.07083501954093892 0.1451972379032509 0.11720740890985315
0.10118224207501075 0.0647312209223055 0.2852547201249347 0.129462441844611 0.08877024806452266 0.06974196802798116 0.14434096128048418 0.1165161976601499
0.08050661201761664 0.11307037386157331 0.14340667123964396 0.14133796732696666 0.09416475607338846 0.16204404606668224 0.09586401262176869 0.16960556079235997
0.1155449385117351 0.07697623715229054 0.16272409555644643 0.09237148458274866 0.15235241577842035 0.137945068590322 0.14662140409960103 0.11546435572843582
0.09680527305811877 0.1318422223456571 0.09468087764059015 0.11493937332698312 0.12633060955278363 0.2195155167834467 0.07795887930004072 0.13792724799237974
0.07806081741324783 0.11065888342350265 0.09878190319424202 0.13832360427937834 0.10048476815968083 0.21388221027476806 0.09381948811992617 0.16598832513525397
0.10223073149041177 0.06893291261450431 0.2170648475509407 0.13786582522900862 0.09769093279319095 0.09842540097991133 0.15371010663592452 0.12407924270610776
0.09020694932028807 0.057782632676748484 0.22906052755889122 0.11556526535349697 0.10871268060526298 0.08819809726696212 0.17179552879415372 0.13867831842419637
0.10045716352476586 0.06594346811023132 0.26688405388508246 0.13188693622046263 0.09526466497497338 0.07382137910892533 0.14704409157714265 0.11869824259841638
0.10117886088966968 0.06494615328047444 0.28049279243616626 0.12989230656094888 0.0913033873238085 0.07046319524433398 0.14482022835974448 0.11690307590485399
0.08043921152589101 0.11294359333273862 0.14227489764174855 0.14117949166592328 0.09580887128738116 0.16218201976510505 0.09575652478210449 0.16941538999910793
0.0858745253259896 0.05720981468035494 0.20116702536686293 0.11441962936070987 0.11411110157474166 0.10257490768773952 0.18161845930271409 0.14302453670088736
0.07810426060499634 0.11346640508405896 0.12459562784824446 0.1418330063550737 0.10097550251240213 0.17462581174569475 0.09619977822344129 0.1701996076260884
0.10279778611793043 0.06879754622827566 0.23377155383541773 0.13759509245655133 0.09674725174232095 0.08801265015521705 0.15232342347652406 0.1199546959877627
0.0808229953638421 0.11328169460124672 0.13188173592393648 0.1416021182515584 0.0973646305843716 0.16908110751559594 0.09604317585757874 0.16992254190187006
0.10308038621001954 0.06862523647094211 0.23676073400791056 0.13725047294188422 0.09577574913114496 0.08691124726844433 0.151941915507499 0.11965425846215548
0.08086227941913847 0.11326097590893003 0.1325450839913295 0.14157621988616254 0.097187500206985 0.16865086671431442 0.09602561000974504 0.16989146386339504
0.10306066497617065 0.06860620685670125 0.2370651522523918 0.1372124137134025 0.09571455772032117 0.08682014348200445 0.15189978237706747 0.11962107862194063
0.08085760476744967 0.11325772924698846 0.1326115199221146 0.14157216155873556 0.0971727487173478 0.16861878451182602 0.09602285740505544 0.16988659387048266
0.07843680549422821 0.11050729470187406 0.10828065802978827 0.13260875364224886 0.10444590744621392 0.20050307340114917 0.09945656523168665 0.16576094205281106
0.08960195225359503 0.1322987495340015 0.08456641709490301 0.11533737138861669 0.11544154044133953 0.24612029780979455 0.07822882581140958 0.13840484566634004
0.0765152430126571 0.11007088693711702 0.09609064224564387 0.13758860867139627 0.0986532130010377 0.22265410636674288 0.09332096935972965 0.16510633040567552
0.11490934157195053 0.07771599405602231 0.15211195279981762 0.09714499257002787 0.14683144769390044 0.15029972410522138 0.1444125561190265 0.11657399108403345
0.12261732322756952 0.07544440925960237 0.1668852977845017 0.09430551157450295 0.1585277782704088 0.1288615890862425 0.14019147690776856 0.11316661388940355
0.10945135377227902 0.06585908190340663 0.24028656156823458 0.13171816380681325 0.10638131356724895 0.08090125502500577 0.14685592293087985 0.11854634742613192
0.10509985347186084 0.06522889360209931 0.27005801792339074 0.13045778720419862 0.09432430950378529 0.0719684327339666 0.14545069707691993 0.11741200848377875
0.10325837606283418 0.0646575965753453 0.2812018486581882 0.1293151931506906 0.09110155429664991 0.06990496744519877 0.14417678997547145 0.11638367383562154
0.10248973594116226 0.06440930315820736 0.2852739267694469 0.12881860631641473 0.09013051225911312 0.0693180371569094 0.14362313271397284 0.11593674568477327
0.11965141740683236 0.07530845795835105 0.20985446796052254 0.09413557244793878 0.1402225175862117 0.10792602872030803 0.13993885098230902 0.11296268693752656
0.09711360772828144 0.1285516460078714 0.14483468484094952 0.1606895575098392 0.09136999643655792 0.1510778264626403 0.08174207925500517 0.1446206017588553
0.10758780556387777 0.06808593059727414 0.24134206074331446 0.13617186119454827 0.09388723311347726 0.08346333055067728 0.15074784796466068 0.11871393027217028
0.0730348620157745 0.09951232534260082 0.08197657738877764 0.08675433491406226 0.14188244042002127 0.24526067236169907 0.09807011772893995 0.17350866982812452
0.10184106414847087 0.06829369031991751 0.20803173477429382 0.13658738063983503 0.10637317360298412 0.10365957761333845 0.1522847363253086 0.12292864257585152
0.09157535556657652 0.05766525769406615 0.22542295275363192 0.1153305153881323 0.11104222219965579 0.08912052072832825 0.17144655720385038 0.13839661846575876
0.06978130676595902 0.09851014869862078 0.18101557655496706 0.19702029739724156 0.06554762829212411 0.11058340595758191 0.1002233686759881 0.1773182676575174
0.13846489912954604 0.09300560184126938 0.2105512476011089 0.11160672220952327 0.1207733941083462 0.10474673772204894 0.12355322930805993 0.09729816808009721
0.08755770208183374 0.11139001163017562 0.12561004687730895 0.13923751453771951 0.10137562878785841 0.17330472095338717 0.09443935768645324 0.1670850174452634
0.13784863883455933 0.08975872740715729 0.18694985008994905 0.1121984092589466 0.12793365020635195 0.11923930256187473 0.12509285330810915 0.10097856833305194
0.08733510440427228 0.11121435456772992 0.1201278992208007 0.1390179432096624 0.10272205251670961 0.17847068318267645 0.09429043104655364 0.16682153185159487
0.0787576074187853 0.11240512649884545 0.1056315013547089 0.14050640812355683 0.09775691918928295 0.20103474911318353 0.09529999855336897 0.16860768974826817
0.1171248505334948 0.07777210034368934 0.15532127540768378 0.09721512542961167 0.14660730764833127 0.14478437679644132 0.14451681332521377 0.11665815051553399
0.1434511358916971 0.08705579067440886 0.19386785932515224 0.10881973834301105 0.13719376570500413 0.11034805817555511 0.12132588737646158 0.09793776450870995
0.11360952751133753 0.06515534858381264 0.2503676470128701 0.13031069716762528 0.10096185186720129 0.07702859774328134 0.14528670266300905 0.11727962745086276
0.10601249522615058 0.06493288397256239 0.27362652460750214 0.12986576794512478 0.09285234737536004 0.07104014993909344 0.14479063978359433 0.1168791911506123
0.13856086333840534 0.08624945747083841 0.23591053256930877 0.10781182183854801 0.12116562363309534 0.0930689258034762 0.12020213569163486 0.09703063965469322
0.1111725347738039 0.06436843096856058 0.2665445673251359 0.12873686193712117 0.09650785594651642 0.0732745794740658 0.14353199383138734 0.11586317574340907
0.10492882193914514 0.06457369959274595 0.2795891348406969 0.1291473991854919 0.09147896325513571 0.07005960969362902 0.1439897122262126 0.11623265926694269
0.10322513357362542 0.0643919071467682 0.2845755907625373 0.1287838142935364 0.09019969763971847 0.06933408151474833 0.14358434220488311 0.11590543286418278
0.10269499239919873 0.06429196634525124 0.28641744169843975 0.12858393269050247 0.08981080824770402 0.06911383006341386 0.14336148913403782 0.11572553942145222
0.1200568855542726 0.07524393461346557 0.21012985412553561 0.09405491826683196 0.14003142509280664 0.10779812730186751 0.13981895312502182 0.11286590192019835
0.10798341467362571 0.06503513676968944 0.25711975302525897 0.1300702735393789 0.10129051641591715 0.07641901113111271 0.14501864825957614 0.11706324618544099
0.1045694641924973 0.06481637569982553 0.27620575123035385 0.12963275139965105 0.09275841732550723 0.07081692016779349 0.14453084372468558 0.11666947625968596
0.10327050549788647 0.06447661889817734 0.28336171576117003 0.12895323779635467 0.09056510018214717 0.06954167108056468 0.14377323676698053 0.11605791401671921
0.08208797457528481 0.11262521365504406 0.142793555526487 0.14078151706880507 0.09578459432131639 0.16150273018469827 0.09548659418579823 0.1689378204825661
0.07989791586403308 0.11037249919847973 0.11046585084810841 0.1324469990381757 0.10408490377239485 0.19783783320245676 0.09933524927863177 0.1655587487977196
0.07717001313169773 0.11192940720959009 0.10311584754551345 0.1399117590119876 0.09765546786966367 0.20742672308729249 0.09489667132986987 0.16789411081438513
0.1032723876004277 0.068794317049042 0.21868835784966084 0.137588634098084 0.09725894215029944 0.09716653135336144 0.15340105921084884 0.1238297706882756
0.10510604562900194 0.06595103769906652 0.26254076781506286 0.13190207539813303 0.09337031431706834 0.07535692065289173 0.1470609706304558 0.11871186785831975
0.08251001698343073 0.11284720925184615 0.13820814724237648 0.14105901156480768 0.09650433829232333 0.16392565494349004 0.09567480784395652 0.1692708138777692
0.1054995358265252 0.06824367988007017 0.23880565990223407 0.13648735976014034 0.09515548240814069 0.08572218407319407 0.1510971178459836 0.11898898030371206
0.0987408502560616 0.1350484550986723 0.11076972525434779 0.11773455059884254 0.11585240874256399 0.20071781066385969 0.07985473866704101 0.14128146071861103
0.10723021751854919 0.06789746869233997 0.22009624061145608 0.13579493738467993 0.1001129283259695 0.09525154258742648 0.151401221233367 0.12221544364621194
0.12247181338306573 0.07615768133849182 0.19010100771715355 0.09519710167311479 0.14472587941128975 0.11559310899687458 0.14151688547227212 0.11423652200773773
0.12499244246622349 0.07493005707987137 0.17844878190717128 0.0936625713498392 0.15700678528977588 0.11932857320605807 0.1392357030812535 0.11239508561980703
0.08493546953328315 0.11093638120409234 0.11805569315800284 0.13867047650511544 0.10875579957574023 0.17818685024024486 0.09405475797738265 0.16640457180613852
0.104456078777312 0.0683582914508676 0.2243339395966148 0.1367165829017352 0.09900108034961064 0.09166031510693082 0.1524287872053674 0.12304492461156166
0.10514474020971004 0.06578974184090355 0.26456028614099714 0.1315794836818071 0.09351868439866744 0.07428422347352717 0.14670130494076106 0.11842153531362641
0.10384168387490263 0.06478585592181452 0.27920046993287856 0.12957171184362903 0.09111022280648652 0.07041272578611071 0.14446278917491176 0.11661454065926613
0.08221691779189429 0.11267827559449861 0.1418850123780969 0.1408478444931233 0.09593389607482436 0.16188905879352225 0.09553158148229231 0.16901741339174792
0.10530388282217382 0.06815689727243948 0.24026338418299123 0.13631379454487896 0.0949242807846346 0.0852951193358199 0.15090497401793682 0.11883766703912527
0.07266708438555605 0.09942316785062615 0.0817548116346983 0.08667660786977663 0.14208706385312264 0.24605579629213692 0.09798225237453012 0.17335321573955326
0.07457601755778538 0.10963639263778996 0.09519111774006438 0.13704549079723746 0.1039443261846074 0.22219947236770415 0.09295259375812627 0.1644545889566849
0.07588973350413909 0.11138352368073204 0.09933154921295202 0.13922940460091504 0.09717974714775243 0.21547689929874714 0.09443385703366412 0.16707528552109802
0.10306207794750326 0.06884205607450819 0.21710872475554507 0.13768411214901638 0.09724494802904952 0.09863486999785187 0.1535075101124108 0.12391570093411475
0.10511538254789086 0.065986553123584 0.2619548151412592 0.131973106247168 0.09341650449804309 0.07563767809328362 0.1471401647263201 0.11877579562245119
0.08251417845416845 0.11284940969515062 0.13807560496347066 0.14106176211893826 0.09651543807185223 0.16403281871650102 0.09567667343719291 0.16927411454272592
0.10273648199343687 0.07544912249691899 0.23130038769120825 0.1349018486722304 0.09539144437245053 0.08840355700135029 0.1504054939673972 0.12141166380500737
0.10411302986229592 0.07046352998327853 0.2664949082538871 0.13049936444949614 0.09220357048284214 0.07327911636100636 0.1454970526026472 0.11744942800454655
0.12031645347498804 0.0807168983304283 0.20362951705556853 0.09385190683869046 0.1406314566644705 0.10871431642743208 0.1395171630019936 0.11262228820642857
0.14214322389177028 0.0928052597335853 0.20918646012566375 0.10669807678838861 0.1334604095467657 0.10071790772826723 0.11896039307600938 0.09602826910954973
0.08739148682250038 0.12079558487446591 0.12419937809951889 0.13715391121198953 0.10300973029901324 0.16983908415520985 0.09302613108291466 0.16458469345438742
0.07792613229282509 0.12496404842842984 0.10544453003366545 0.13857715549411762 0.09678510941951658 0.19601897575118968 0.09399146198731456 0.16629258659294113
0.1343927243599246 0.10086820234289105 0.17855769139655212 0.11145263062905257 0.12616738706111966 0.12399263085341361 0.12426136579089891 0.1003073675661473
0.08593092506603976 0.12180024315689592 0.11721057135363537 0.1372958181498004 0.10136545582564299 0.17851962366227356 0.09312238100595158 0.16475498177976047
0.10343765089392874 0.08243509811118008 0.2215654847607891 0.13441874863787476 0.09635574357834424 0.09094352676246369 0.14986687348133199 0.12097687377408727
0.12053989608045419 0.0868681128204558 0.1895719097083972 0.09413502687664392 0.14240917069186698 0.11357581161627277 0.13993803995393636 0.11296203225197271
0.10794714151744216 0.07535091224589213 0.247766702640349 0.12935076130417344 0.10169608234949626 0.07725626895662585 0.144216445812265 0.1164156851737561
0.08188996635687842 0.12652969363501593 0.13348367360392668 0.1385935178505205 0.096932204877758 0.16225616232187934 0.09400255993339651 0.16631222142062457
0.11602676076145801 0.0939929533768145 0.16215169642665866 0.09514261779762274 0.14402326351868533 0.13305567522962514 0.14143589153198843 0.11417114135714729
0.10788063245387387 0.0769387782948453 0.2372161017167965 0.1306031029489947 0.10295264826984359 0.08125323037364189 0.14561271328790898 0.11754279265409522
0.10448663151839518 0.07387552231522873 0.267682941167487 0.1291587814775546 0.09303131129028515 0.07151950626881237 0.14400240263243771 0.11624290332979913
0.1027942354437032 0.0728369437233095 0.2791186786386183 0.12795440807285494 0.09019219220993903 0.06928495848119576 0.1426596161648099 0.11515896726556946
0.08097941089294644 0.12599421169096323 0.1405288971591716 0.13854902754206802 0.09447851028159908 0.1592387254846717 0.09397238389809831 0.1662588330504816
0.1017016231323451 0.0824937492849069 0.23117315049691564 0.13370928841789176 0.0943642260140677 0.08714372479692677 0.1490758782808435 0.1203383595761026
0.1035037167834522 0.07487694980366423 0.2658357917425409 0.12979996888395942 0.09165306475510132 0.07279325729494565 0.14471727874077264 0.11681997199556347
0.1197079616110867 0.08515194625419287 0.20295119295766512 0.0933481650166616 0.13991299445019104 0.10814162474006689 0.13876831695014172 0.11201779801999392
0.10729954277741795 0.07481131941585471 0.2529061372328108 0.12876239841454576 0.10075367450282881 0.07602030398544234 0.14356046509800846 0.11588615857309119
0.1038043344193886 0.07321212664805189 0.2734680671962759 0.12841071645976224 0.0920915488873667 0.07027519561202167 0.14316836596334687 0.11556964481378602
0.10244164780495565 0.07260954044811921 0.28123133176758175 0.12768080718810215 0.0898256570917908 0.06894371763387154 0.142354571596287 0.11491272646929193
0.1018899756444833 0.072356759786419 0.284094789209205 0.127349830969374 0.0891506953084804 0.06855754339747869 0.14198555781212294 0.11461484787243659
0.0807946559824057 0.1258483250349737 0.14161919573772982 0.13848671705899063 0.0942267442049597 0.15891018037448826 0.09393012113566322 0.16618406047078874
0.07616880293553654 0.13543997323902723 0.10849464011526216 0.13723223045320473 0.09421869193589719 0.19068773281766138 0.09307925195956496 0.1646786765438457
0.07493379488142596 0.13661749452592972 0.10068768977602763 0.13645209093015923 0.09368378210063687 0.20133252482134745 0.09255011384828192 0.16374250911619107
0.07456027636007989 0.13656756398277425 0.0987846084332648 0.1361464119044256 0.09337529937546402 0.20484736193220063 0.09234278372647999 0.16337569428531074
0.08785307805738753 0.07347822182194841 0.18561984134753207 0.11720378050114323 0.11004366325167231 0.11092558680828986 0.17423129161065473 0.14064453660137188
0.1021375979850678 0.0751488446478287 0.24915694711045458 0.132340755547906 0.0965079968552059 0.07805111160029372 0.147550066260128 0.11910667999311539
0.10296348341335816 0.0735146535469803 0.2724371967286041 0.12893127934624993 0.09152108219085481 0.07084539862852375 0.14374875473380402 0.11603815141162493
0.08103764887098255 0.12619391374851097 0.13905467409756328 0.13863247244962626 0.09479785814927617 0.15989548443082968 0.09402898131365955 0.16635896693955152
0.10176268213479339 0.08255701892623349 0.23059086779238142 0.13377439476477315 0.0944750840719175 0.08729453002267168 0.14914846699893367 0.12039695528829583
0.08084571013318634 0.12818173031090743 0.1296277944926435 0.13886495693890305 0.0954633034947104 0.16619188985744893 0.09418666644551685 0.16663794832668363
0.10162854920204618 0.08690275536001589 0.2261299768799155 0.13347552071076468 0.09454993748587925 0.08837004698894228 0.14881524473274807 0.12012796863968819
0.1033887816766321 0.07805298111525447 0.26351393241730636 0.12953163515276875 0.0915982992030119 0.07291779214213423 0.14441810665540036 0.11657847163749187
0.11940746483845123 0.08821112907514941 0.20192181197221135 0.09303837386968616 0.1395663711013377 0.10790100889624618 0.13830779160329465 0.11164604864362339
0.10700405687468885 0.07780107150557994 0.25205526761757735 0.12830874481136254 0.10048649752371841 0.075811816151641 0.14305467518520568 0.11547787033022627
0.08137969585815288 0.13064284934750928 0.13401287771635959 0.1378330228240248 0.09626286289368886 0.16098231805600924 0.09348674591542551 0.16539962738882974
0.10156931602696928 0.08713550812675053 0.22779061861805824 0.13321096688243828 0.094549278830557 0.08733415436404508 0.14852028695698716 0.11988987019419445
0.10331393647980809 0.07804110665699293 0.26412588063393555 0.12944695981270804 0.09154350368170186 0.07270264893312822 0.14432369997028793 0.11650226383143725
0.10244873604286373 0.07569321701813866 0.2775176954843665 0.12773789993427123 0.08981195407750739 0.06940816175439544 0.14241822574761284 0.11496410994084412
0.11887705684320814 0.08757250065757843 0.2061289856224185 0.09277380056641861 0.13866577011311054 0.10673883989942491 0.1379144856181387 0.11132856067970233
0.14044823861391156 0.1021015579598803 0.20861150021916186 0.10536713499730388 0.1318005335935878 0.09936412081561685 0.1174764923029642 0.0948304214975735
0.11116811531213511 0.07939783652293379 0.25375913326443233 0.12721147647263156 0.09825735534509013 0.07388445138419113 0.14183130287321757 0.11449032882536843
0.08210229368687055 0.13101910189345345 0.13438732996641883 0.13776515911274456 0.09576214699448084 0.16020506079513772 0.09344071661560066 0.16531819093529346
0.10172184217301027 0.08718051713949264 0.22792951854026494 0.13318792759675158 0.09442835355650658 0.0871881062841015 0.14849459987279615 0.11986913483707641
0.1196576893839475 0.09036429826583642 0.1911755303611965 0.09367105779393621 0.14128115003501207 0.11219668605695912 0.13924831875038876 0.11240526935272345
0.08255426616306431 0.1320588235793099 0.11907381244497357 0.13556217932213235 0.10367467495695082 0.1724551067198247 0.09194652162718542 0.1626746151865588
0.10215901718022086 0.08763726255955857 0.2215067755772027 0.133565729155969 0.09641647006543104 0.0895897688040683 0.14891582041717738 0.1202091562403721
0.10364248202630114 0.07826617984752382 0.26173662324215013 0.12970195745608376 0.09209923155492783 0.07321376084956092 0.14460800331297696 0.11673176171047538
0.10260102554152614 0.07578657359184716 0.27663348109450586 0.12784361183838 0.08999391515683332 0.06954605549061937 0.14253608663174605 0.115059250654542
0.08063612037363324 0.1301746386320789 0.13957273746907103 0.1378828440418895 0.0940666134788402 0.1586870954562426 0.09352053769797722 0.16545941285026736
0.10103458112055694 0.0889722977709163 0.2296676798631358 0.13263523388102266 0.09376124220880923 0.08667886703708065 0.14787838762555813 0.1193717104929204
0.10298097394830039 0.07961390939957996 0.2645906040682131 0.1290857521333525 0.0911910989227732 0.07243950424416017 0.14392098036360346 0.11617717692001724
0.10222626853212674 0.07710759627890518 0.27748808091500815 0.1274717696030253 0.08960597353568958 0.06925420820377617 0.14212151028874614 0.11472459264272279
0.10161613116562612 0.07634835777962272 0.2822071012980402 0.1268705680748382 0.0888954385914706 0.06842767637244462 0.14145121545060318 0.11418351126735438
0.10132063469037224 0.07609955579468404 0.2839330088936686 0.12665380630252962 0.0886118113316854 0.0681832150640527 0.1412095422507308 0.11398842567227666
0.10119711217117704 0.07601404392279804 0.28456496874834825 0.12657560510765606 0.08850401355545504 0.06810385814331829 0.1411223537543568 0.11391804459689045
0.10114862158676027 0.0759838117559052 0.28479661502424575 0.12654722923765524 0.08846390871208124 0.06807659059255446 0.14109071677690815 0.11389250631388974
0.10113016298266804 0.07597294609133154 0.2848815865990361 0.12653688375447952 0.08844912268018001 0.06806692017805514 0.1410791823352182 0.11388319537903156
0.10112324878614463 0.07596900392104566 0.2849127691594146 0.1265331003806615 0.08844369065709974 0.06806343259728607 0.14107496415575244 0.11387979034259536
0.10112068142321769 0.07596756602679604 0.28492421532190665 0.1265317143065967 0.08844169741827447 0.06806216384066276 0.14107341878660856 0.11387854287593704
0.11821637748471052 0.08881103652528896 0.20818887451027254 0.09245265740960705 0.13785862707437146 0.10609215335799912 0.13743708474622182 0.11094318889152846
0.12196914513144672 0.0906861232798345 0.18217285456725027 0.09155840013209887 0.15258993316210573 0.11504575232759531 0.13610771124114995 0.10987008015851864
0.1079309205542297 0.0799185360767779 0.2438068541185961 0.128548703996077 0.10353384977660397 0.0772450901124855 0.1433222117687605 0.11569383359646933
0.10385932783062153 0.07754018956027582 0.2694571359615793 0.12808919576540154 0.09257433321254195 0.07038964709750214 0.1428098943832163 0.11528027618886137
0.11918346454220513 0.08931261957589605 0.20345372689413874 0.09268132550321752 0.13945638062411198 0.10691787703089105 0.1377770152256786 0.11121759060386102
0.10675171125266086 0.07929345784700333 0.25238291173349514 0.1279588165840034 0.10028550126110615 0.07550013507038099 0.1426645313257471 0.11516293492560307
0.09313408622836017 0.1525774915325742 0.15361824432153506 0.15772428495132185 0.0826314135302 0.13812896498284233 0.08023365799697675 0.14195185645618963
0.10759416400611614 0.06809516965042554 0.24524523176640328 0.1361903393008511 0.09205979771700207 0.08131695418079818 0.15076830398791816 0.11873003939048557
0.08159838560131935 0.13024562041684615 0.1325888193739433 0.13815362271259296 0.09460387901942041 0.16332112934613807 0.09370419627462828 0.16578434725511154
0.08721720922918799 0.16798078936100638 0.12187246990264639 0.15650001021424687 0.08085545629770235 0.16511318104122757 0.07961087476116037 0.14085000919282215
0.12066881578357311 0.07739633183596523 0.15688881630182877 0.09287559820315827 0.1493290810641563 0.13932527460791314 0.14742158444945758 0.11609449775394783
0.07119784057819463 0.11261047226399067 0.06689462839584004 0.08137775016221394 0.15115396836071066 0.2620176006008151 0.09199223931380705 0.16275550032442787
0.09984442596030622 0.08691835531591231 0.1976148138391624 0.13349412245450837 0.10720154587218964 0.10594604206003116 0.14883598428883243 0.12014471020905752
0.10366726027238521 0.08000742326414677 0.2522816842109821 0.13031409322393875 0.09482253632620972 0.07633382978843095 0.14529048901236152 0.11728268390154488
0.08068414961098973 0.13330797400213876 0.13390189419850543 0.1376517698605439 0.09493288912383324 0.16097539024853266 0.09336380912280368 0.16518212383265263
0.10120089604697736 0.08965594096173173 0.22736356594355078 0.13283509258913673 0.09408832222355322 0.08720338373455078 0.14810121517027633 0.11955158333022307
0.10309426761098367 0.07978868338607806 0.26372284890479336 0.1291869854026589 0.0913252356001063 0.07257984432882823 0.1440338479041585 0.116268286862393
0.08057287611325173 0.1332203389864414 0.13646388633677392 0.1375975527104012 0.0941730280183057 0.15952821883094204 0.09332703575140255 0.16511706325248143
0.10109883292394602 0.08957373408848411 0.22839488778047834 0.1327339140813265 0.09385754654280505 0.08689215322506322 0.14798840868470284 0.11946052267319388
0.1192909907465772 0.09232833902988183 0.191108935160688 0.09344566863728944 0.14085583181082456 0.11192216961903607 0.13891326263095566 0.11213480236474731
0.10719872970826476 0.08013142081532908 0.2476354472716489 0.12850157684265548 0.10097003718845655 0.07664170050560815 0.1432696685096472 0.11565141915838993
0.08124007121584309 0.1332096479718284 0.1327972022654666 0.13746642604501902 0.09615763895008993 0.16093120463241292 0.09323809766531725 0.1649597112540228
0.10134757270471381 0.08965444735098993 0.22688568655413832 0.1328516410000588 0.0943625020780932 0.08721200799845456 0.14811966541349839 0.11956647690005294
0.10314072692268492 0.07979854706596737 0.2635373867213146 0.12920380195931908 0.09139305333851962 0.07259046511893977 0.14405259710986767 0.11628342176338716
0.1022968928626869 0.07716520504474929 0.27709821043181054 0.1275186585415967 0.08967755738152759 0.06930289509411336 0.14217378795607868 0.11476679268743702
0.10164482300278112 0.07636783689266026 0.28206370057663227 0.12688802620220974 0.08892123912450973 0.06844447065944105 0.1414706799597771 0.11419922358198875
0.10133177394023951 0.07610641625106337 0.2838803520264024 0.12666021345105247 0.08862117225661549 0.0681891942254912 0.14121668574318832 0.11399419210594722
0.10120133179124022 0.0760165095420712 0.2845456391397957 0.12657795118844745 0.08850742332935299 0.06810601948013134 0.14112496945935854 0.1139201560696027
0.11824461564793759 0.08882614769520716 0.20807440166250146 0.09245922354141944 0.13788772711928174 0.10610997034177964 0.1374468457421698 0.11095106824970331
0.106391669184322 0.07910180314325478 0.254181601850147 0.12777629355705863 0.09982616004806029 0.0752627762439795 0.1424610317718251 0.11499866420135277
0.1031897804305364 0.07715906280518522 0.2733679374754023 0.1276678320726664 0.0915316328811122 0.06984260015882938 0.14234010531086835 0.11490104886539976
0.08056795392770781 0.13240818955995218 0.1386228140992799 0.1375063320787681 0.09418819234369037 0.15843375512961094 0.09326516436646881 0.1650075984945217
0.1322249595541794 0.11696880565056524 0.18752685840898745 0.10849874783072713 0.12276017901146712 0.11340356958663854 0.12096800690978085 0.09764887304765442
0.14419682380805235 0.1103816837955741 0.20126400322944754 0.10493392272051824 0.1271871766193577 0.10060236643496115 0.11699349294362257 0.09444053044846641
0.11209299552455128 0.08254196373291789 0.2505743902305252 0.12714503370958335 0.09734425666654842 0.07411360564641505 0.14175722415083397 0.114430530338625
0.10453340760181659 0.07777398390403163 0.27189466157015485 0.12771262639535041 0.09106894620508997 0.06968496292994024 0.14239004763780114 0.11494136375581539
0.08081254403912945 0.1325956581768706 0.1383014658581786 0.13751713161850648 0.09409534380984559 0.15838480928357895 0.09327248927168266 0.16502055794220777
0.10109492854525147 0.08941242022657692 0.2291222405938267 0.13265260080862765 0.09378565956465373 0.08664705907950038 0.14789775045379827 0.11938734072776487
0.11927599638399823 0.09228560460023466 0.19132950379548652 0.09343280969425098 0.1408164141000454 0.11184615284441435 0.13889414694846863 0.11211937163310119
0.14069755889010158 0.10516555272134007 0.20322802645273855 0.10541378097681406 0.13251604047715154 0.10057813851364676 0.11752849908907477 0.09487240287913264
0.08582692443643997 0.13801396238194402 0.12121755878227145 0.13434031146965103 0.101242114996983 0.16703297769406156 0.09111777647506766 0.16120837376358121
0.08782241606960499 0.17009706986723144 0.11869880720635484 0.15594697555658038 0.08183784273648623 0.16591506212751597 0.07932954843530393 0.14035227800092231
0.08189290473490042 0.11102319209861447 0.1056493150662617 0.13322783051833734 0.10159770233392264 0.2001533942112886 0.09992087288875301 0.16653478814792166
0.07524515379484073 0.13937955554135684 0.09921755472353039 0.13493055662578804 0.09440384285168786 0.20338855184392482 0.09151811666792581 0.16191666795094564
0.10077028489830328 0.09266891833799183 0.21292445170047794 0.13384546814370699 0.0947873441715832 0.09531490290613921 0.14922770851246134 0.12046092132933628
0.10340606810316746 0.08135425212315867 0.2581716012293861 0.12969405048050164 0.0918325486553542 0.07421764635070471 0.1445991876252757 0.11672464543245148
0.09237446638924783 0.15440503927843252 0.1549488420210847 0.1576192604630311 0.08101128440507958 0.1376035405299848 0.08018023249641147 0.141857334416728
0.12139089510008422 0.07695249473414158 0.16670435946487758 0.0923429936809699 0.1489851888257877 0.13161914564694271 0.14657618044598397 0.11542874210121236
0.09736846354655669 0.15480937371178882 0.09313917452659362 0.11106165018726591 0.1237607109674001 0.2112578754043128 0.07532877143136296 0.1332739802247191
0.0762525578580588 0.15087215127034365 0.09439536613814936 0.1311485605203094 0.09701653131249496 0.20398362357554098 0.08895293670073161 0.1573782726243713
0.10094786443079357 0.09477487911570165 0.21053259851267628 0.13367368457502324 0.09530118092552185 0.0954272936697142 0.1490361826530483 0.12030631611752092
0.07993662309364705 0.13841842823267161 0.12415992158911235 0.13727821198536078 0.09472491263055839 0.16763760865266775 0.09311043943354906 0.16473385438243293
0.07492239249587615 0.14903892562448826 0.10328606917540313 0.13488711849521742 0.09299932424324085 0.1915129734878006 0.0914886542837127 0.1618645421942609
0.07359302109009026 0.15129862052779097 0.09814342949549715 0.13400228178285853 0.0920757201736831 0.1991956846248848 0.09088850416576492 0.16080273813943022
0.08475726979858085 0.17559002370107257 0.11210322635205691 0.15479224002522463 0.07961874764356566 0.17508333696570472 0.07874213949109253 0.13931301602270216
0.12017569901278467 0.07749675230921407 0.15393729521603408 0.0929961027710569 0.1494918017916142 0.14204435889411485 0.14761286154136014 0.1162451284638211
0.09687843865667853 0.15463778060967448 0.09058868375682504 0.11081783945943412 0.12358153121634761 0.21535091479462487 0.07516340415509444 0.13298140735132094
0.13546222787273543 0.1223866241862073 0.1668930690042514 0.1064144733944748 0.12935832979629405 0.12506805323478196 0.11864419645622787 0.0957730260550273
