Action: 0
[0.17764805938417264, 0.09952058602217477, 0.12292567106717427, 0.09952058602217473, 0.10230275288075374, 0.19904117257920034, 0.09952058602217473, 0.09952058602217473]
[0.13423444715117955, 0.10718866109789404, 0.219855323852062, 0.09453699293975444, 0.15819141873584516, 0.09691917034375593, 0.09453699293975444, 0.09453699293975444]
[0.1359511008667948, 0.09644492709453759, 0.2608032048146215, 0.09644492709453759, 0.12037310044154889, 0.0970928854988844, 0.09644492709453759, 0.09644492709453759]
[0.125, 0.125, 0.125, 0.125, 0.125, 0.125, 0.125, 0.125]
[0.10183676476392682, 0.1018069938998283, 0.2833434770127911, 0.10180699389982194, 0.10181113924760334, 0.10578064337638468, 0.10180699389982194, 0.10180699389982194]
[0.16315505634768246, 0.09820537604183183, 0.2418175716961426, 0.09820520314806841, 0.10400035164707228, 0.09820603482306561, 0.09820520314806841, 0.09820520314806841]
[0.125, 0.125, 0.125, 0.125, 0.125, 0.125, 0.125, 0.125]
[0.125, 0.125, 0.125, 0.125, 0.125, 0.125, 0.125, 0.125]

Action: 1
[0.1009196209862567, 0.10032737446910175, 0.10032737446910175, 0.10032737446910175, 0.11707922221369585, 0.28036428445453865, 0.10032737446910175, 0.10032737446910175]
[0.1035827720234827, 0.1035827720234827, 0.1035827720234827, 0.1035827720234827, 0.17133782381213825, 0.2071655440469654, 0.1035827720234827, 0.1035827720234827]
[0.10169987206377508, 0.10142354642183544, 0.10142354612942302, 0.10142354612942302, 0.10819182385010633, 0.2829905731465911, 0.10142354612942302, 0.10142354612942302]
[0.125, 0.125, 0.125, 0.125, 0.125, 0.125, 0.125, 0.125]
[0.09905715872793855, 0.11602164090422984, 0.0987984366312223, 0.0987984366312223, 0.11099484478671355, 0.2787326090562288, 0.0987984366312223, 0.0987984366312223]
[0.1006519565013347, 0.1006519565013347, 0.1006519565013347, 0.1006519565013347, 0.11492794141691967, 0.28116031957507204, 0.1006519565013347, 0.1006519565013347]
[0.125, 0.125, 0.125, 0.125, 0.125, 0.125, 0.125, 0.125]
[0.125, 0.125, 0.125, 0.125, 0.125, 0.125, 0.125, 0.125]

