0.125 0.125 0.125 0.125 0.125 0.125 0.125 0.125
0.099626400996264 0.07845579078455792 0.199252801992528 0.15691158156911583 0.08685378548392246 0.06839735606858895 0.17370757096784492 0.1367947121371779
0.0745303753200788 0.12421729220013136 0.1056354961590544 0.1490607506401576 0.0931629691500985 0.15527161525016417 0.11179556298011822 0.186325938300197
0.10984079323542258 0.08649962467289529 0.14455508396538405 0.10379954960747435 0.13730099154427822 0.12349333011206862 0.16476118985313387 0.1297494370093429
0.07295173961840629 0.12906846240179573 0.09118967452300787 0.16133557800224468 0.08754208754208756 0.1548821548821549 0.10942760942760946 0.1936026936026936
0.10880338449788535 0.08568266529208471 0.14155465807675802 0.10281919835050166 0.14699482730165228 0.1224161917961629 0.16320507674682802 0.12852399793812705
0.07172623906175307 0.12690026910925542 0.08965779882719133 0.15862533638656928 0.08607148687410368 0.16907910748461452 0.1075893585926296 0.19035040366388314
0.10209485675584083 0.07536172243290722 0.20738842923378795 0.15072344486581443 0.0901212221415188 0.07605334901555616 0.16685704926130043 0.1313999262932741
0.07892570083881627 0.11992381253222958 0.11106570150724945 0.14390857503867552 0.09763512113949147 0.16072393886618672 0.10793143127900665 0.1798857187983444
0.05722491431601276 0.08872764536233635 0.0736812640514092 0.10647317443480363 0.11634070288949645 0.21683814075457006 0.12776780932176435 0.21294634886960725
0.07422957146502913 0.11728628632862437 0.09311710928343832 0.14074354359434926 0.10222642876429462 0.19090997337556584 0.10555765769576195 0.17592942949293655
0.06402266663555756 0.09958873535339828 0.06078988597505553 0.08962986181805845 0.13661298276199177 0.2625403096381514 0.10755583418167013 0.1792597236361169
0.0691544606268858 0.12235019957064411 0.08644307578360724 0.15293774946330513 0.08298535275226296 0.19887217150699998 0.1037316909403287 0.18352529935596615
0.11157802223831526 0.08238749148346589 0.14072777064052744 0.09886498978015908 0.14884437104768736 0.13708756237804445 0.15692855520660168 0.12358123722519883
0.07765576401167448 0.12459162327387886 0.08802669035654484 0.15573952909234856 0.08450562274228306 0.17696130718459813 0.10563202842785382 0.18688743491081827
0.10047044504546365 0.0736268703353923 0.2099955096503114 0.1472537406707846 0.09418146107573211 0.08308097316478455 0.16301594408812942 0.12837505596940196
0.07712854876797413 0.11708721172753618 0.11415920252920721 0.1405046540730434 0.10324484576299432 0.16686622899315806 0.10537849055478256 0.17563081759130425
0.0749273822715258 0.11616490835443864 0.0997149450923922 0.13939789002532635 0.1049968499514564 0.18600224425420775 0.10454841751899477 0.17424736253165793
0.07450622037271498 0.11572412850850845 0.09734282448437126 0.13886895421021014 0.10575721521356453 0.1900627487902104 0.10415171565765763 0.1735861927627627
0.06292336994923332 0.0977392339940483 0.06149113246040339 0.08796531059464346 0.14322311836098092 0.26516884073783137 0.10555837271357216 0.17593062118928693
0.08543090726145545 0.1426090954998409 0.07027114850716798 0.12432587812806643 0.10990717902033206 0.233939359620856 0.08432537820860159 0.14919105375367972
0.07339468700308442 0.12008159279574494 0.0848402557796024 0.1501019909946812 0.08997227842250764 0.19967849887523909 0.1018083069355229 0.18012238919361742
0.0989254245544564 0.07268621055399593 0.2111165784242409 0.14537242110799187 0.09558151630257668 0.08864967183774905 0.1609332459966373 0.1267349312223519
0.09539832964163603 0.14486375213181454 0.10941675016085006 0.13037737691863308 0.13051060269465017 0.21342372961226144 0.09778303268897483 0.07822642615117985
0.07389900664162516 0.11978949063206186 0.08463387925091327 0.14973686329007732 0.09603572380538558 0.19466014533074807 0.10156065510109592 0.17968423594809277
0.09854482981641594 0.07235155611869948 0.2130059212274125 0.14470311223739896 0.09622685693463838 0.08882399892052903 0.1601922935635837 0.12615143118132216
0.07590430817410723 0.11525015196200283 0.11877165956131827 0.13830018235440342 0.10403617517777261 0.17113715806158894 0.10372513676580256 0.17287522794300422
0.07363995549915724 0.11416124352324993 0.1019261491691208 0.13699349222789992 0.10502021583837841 0.1942719592863939 0.10274511917092495 0.1712418652848749
0.07303714461779563 0.11343650434101334 0.098556674998717 0.13612380520921596 0.1046031013989439 0.20199515901588205 0.102092853906912 0.17015475651151996
0.07283511748882734 0.11317275649421837 0.09779858364849375 0.13580730779306205 0.10475164499349743 0.204019973995777 0.10185548084479655 0.16975913474132756
0.10836088674386764 0.0795667499605624 0.14535320282449918 0.09548009995267488 0.15641686765599566 0.14391635371096154 0.15155571421059502 0.11935012494084359
0.07544497204228706 0.12095476131839648 0.08545716832278012 0.15119345164799558 0.10326709975472907 0.1797018029488808 0.10254860198733615 0.18143214197759472
0.1095454860999915 0.0802952347748132 0.1434129352220999 0.09635428172977585 0.15749301590571738 0.13951288977240484 0.15294330433297754 0.12044285216221982
0.11964167311430524 0.08375468830849568 0.12969475988069293 0.1046933603856196 0.1571220317183098 0.12382774227300168 0.15563371185683153 0.12563203246274354
0.1073169847159515 0.07419841475713773 0.18383487835350543 0.14839682951427546 0.10668601509650574 0.08055834048162143 0.16545139051815488 0.13355714656284792
0.11631348104038595 0.07928667828733849 0.16594575882719004 0.09514401394480619 0.15676851931613983 0.11658928679629656 0.15102224435683523 0.11893001743100773
0.07850773002960416 0.11914140402255499 0.09786603000385292 0.14892675502819375 0.10458456305933658 0.1712502214556763 0.1010111903669488 0.1787121060338325
0.1360961774572876 0.09626921231964801 0.175791564445031 0.1155230547835776 0.13240352702853528 0.11531528677513735 0.1278887704563822 0.100712406734401
0.08028142368508448 0.11892933762837268 0.09852209650991008 0.14866167203546587 0.10073671885792483 0.17364334989488875 0.10083139494579424 0.17839400644255904
0.10308975515778412 0.07132273497893916 0.21740532615703548 0.14264546995787833 0.09744074470539853 0.08582398087234801 0.1579143989765686 0.12435758919404778
0.08067475464943631 0.11396742277008896 0.12042149611910669 0.13676090732410676 0.10507714888335909 0.16957645560568857 0.10257068049308007 0.17095113415513344
0.11428096950153083 0.07894682937841824 0.15129067304973395 0.09473619525410189 0.15634621517120836 0.1356039604756305 0.150374913101749 0.11842024406762734
0.07770565176681556 0.11809666422329959 0.09590019867690142 0.1476208302791245 0.10535912787563874 0.1780470981322125 0.10012543271105837 0.17714499633494937
0.10250118709497501 0.07116952697100655 0.21765866243135262 0.1423390539420131 0.09836041579864792 0.08630551262807407 0.15757518385115002 0.12409045728278066
0.10050343960477222 0.14204820288928227 0.11382926405555616 0.12784338260035405 0.13155277121508888 0.2116343731244685 0.09588253695026554 0.07670602956021243
0.11501676618106567 0.0810712752195117 0.13973395489704132 0.10133909402438962 0.15413547852694587 0.13644914869746172 0.1506473696243165 0.12160691282926753
0.13624802804414948 0.09437334720681205 0.16632528491519996 0.11796668400851507 0.1405162715959888 0.106876319436058 0.13152404918561308 0.10617001560766356
0.08253479791807285 0.11838870301566476 0.09741212867533239 0.14798587876958094 0.10488125802912258 0.1708411482511004 0.10037303081762883 0.17758305452349712
0.10305642289139116 0.07102220346657738 0.2190066572431073 0.14204440693315476 0.09809137812985207 0.08569634830417201 0.15724899750027713 0.12383358553146824
0.08042385091372549 0.11353760355280008 0.12253540996110118 0.13624512426336008 0.10513690856746427 0.16963085421482882 0.10218384319752008 0.1703064053292001
0.09547746643104676 0.1395710318361368 0.09629109757100726 0.12561392865252313 0.13086115450036012 0.24260651732801974 0.09421044648939235 0.07536835719151389
0.07572446041277921 0.11487814929989047 0.08902379200393325 0.1435976866248631 0.10049275025622705 0.20656924565473803 0.09739669179773323 0.1723172239498357
0.1018680642103291 0.07087485294939588 0.216283069198917 0.14174970589879177 0.09720955959781451 0.0915153301228042 0.15692275134094974 0.12357666668099795
0.09994992819799052 0.14130741815817421 0.1146013859797502 0.1271766763423568 0.13068054631487006 0.21459553194467637 0.0953825072567676 0.07630600580541408
0.07647293391833743 0.11526968535447725 0.09081288507658804 0.14408710669309657 0.10077020843710599 0.20195400620988288 0.09772864627879595 0.17290452803171588
0.10187402982003457 0.07079451092553934 0.21738395065208282 0.1415890218510787 0.09715776116578717 0.09101927493836928 0.15674486749488564 0.12343658315222245
0.0800264298877551 0.11311899622343626 0.12307231338246533 0.1357427954681235 0.10462441634940398 0.17192945775256888 0.10180709660109263 0.16967849433515436
0.07677081115574189 0.1122526836481798 0.10407028555854045 0.13470322037781574 0.10520712190979613 0.19758943659429448 0.10102741528336182 0.16837902547226968
0.07600603175861015 0.11166780677251727 0.09999298072512944 0.1340013681270207 0.10481380230329732 0.20551527405938375 0.10050102609526555 0.16750171015877588
0.07483247944262028 0.12247466224701384 0.09791627755918782 0.13185234299383142 0.10336995818146665 0.2058495935882172 0.09888925724537358 0.16481542874228927
0.07463660538525523 0.12359689808245579 0.09745239920255318 0.13174295846953615 0.10300418775142779 0.20608103416969947 0.09880721885215213 0.16467869808692018
0.11140674926339095 0.08728643780799766 0.14537847545997667 0.09294307949733473 0.15368920701260255 0.1455885039722121 0.14752869761481702 0.1161788493716684
0.07863741846336962 0.11664039132743095 0.09438513274630765 0.14580048915928867 0.10587073454435372 0.18481448020788985 0.0988907665602132 0.1749605869911464
0.10125784677322287 0.07834755959415315 0.21746970751956554 0.14002440702225247 0.09737964765172262 0.08843549690827682 0.15501277456268894 0.12207255996811756
0.09869854442342399 0.1506291785749901 0.11453209861707166 0.12547910326193565 0.12935637671383737 0.21190790900512793 0.09410932744645174 0.0752874619571614
0.08987938754907605 0.1356948049254969 0.07456760474622993 0.11829803506325372 0.11840216060331717 0.24096343690686264 0.08023692812985904 0.14195764207590447
0.10282931656096889 0.07177926721755758 0.19117247961990516 0.14355853443511515 0.10099948535607363 0.10040118324708776 0.1600570525716881 0.12920268099160365
0.10214177588767281 0.07304520490230516 0.2517427722193818 0.13610201236470362 0.09379408255562363 0.07385059321105834 0.1506705224387439 0.11865303642051084
0.0600017980226866 0.09095300434734893 0.09807331548769783 0.10149965778969593 0.12478891722072007 0.1998844022048239 0.12179958934763509 0.20299931557939185
0.07219562471269285 0.11574065462001407 0.09340850370741775 0.14467581827501758 0.10001128753590767 0.20222918291065622 0.0981279463082728 0.17361098193002109
0.1001738496622297 0.07822562859655637 0.21755786815097095 0.13988634177440484 0.09622920643396805 0.09111497933093152 0.15485993065786777 0.12195219539307087
0.07904330581954648 0.12080508495411062 0.12303866494586946 0.13418391710225466 0.10353470054176774 0.1710264924319417 0.100637937826691 0.16772989637781832
0.07555016803492148 0.12410078412383826 0.10322140705092378 0.13249739056534024 0.1036846942091586 0.19595077488513726 0.09937304292400519 0.16562173820667528
0.07478800822658702 0.12389160602382421 0.09894726564289374 0.13185655881044703 0.10324226122425391 0.20356118245110016 0.09889241910783529 0.1648206985130588
0.07457857293641208 0.12366848543376267 0.09797397933087061 0.13163291290953885 0.10299411559228983 0.20588610797804824 0.09872468468215415 0.16454114113692356
0.0745119885262264 0.12357339075770041 0.09773464196617754 0.13155311428193983 0.10294932565261986 0.20657131025145642 0.09866483571145487 0.16444139285242476
0.09164303641801083 0.15198677394700122 0.09012157137188728 0.12135966660886259 0.12662199026190482 0.25443141147036874 0.09101974995664697 0.07281579996531756
0.1139264929898023 0.07915469135038475 0.13896373594314607 0.09894336418798093 0.1511294144361292 0.15206430775171234 0.14708595631526716 0.11873203702557711
0.10450364133545147 0.07032741584937573 0.2098758391506678 0.14065483169875145 0.10539211427062746 0.08583716845137312 0.15681964071487658 0.1265893485288763
0.1016193661683467 0.07236606146887764 0.25867837724369236 0.13499019795864536 0.09394964372453009 0.07127289292514932 0.14943969818783692 0.1176837623229216
0.07918463935676083 0.12002676432824402 0.1313957874792485 0.13401279827282678 0.10310399408814795 0.16425041992911826 0.1005095987046201 0.1675159978410335
0.07560360425184025 0.12407181111316319 0.10498966972489238 0.13255039268651458 0.10376034274507866 0.1939233941054819 0.09941279451488594 0.16568799085814323
0.07479454875889706 0.12388855050056387 0.09936761862679833 0.13185154243792746 0.10336746259555842 0.20302719220440002 0.09888865682844558 0.16481442804740928
0.06315810908447876 0.10472915687889035 0.062327189455588836 0.0836017057594251 0.1397842719299387 0.2788741084615179 0.10032204691131012 0.1672034115188502
0.07061173545408803 0.1123641423830018 0.0881478824087429 0.14045517797875226 0.10073593262582271 0.2238736644242838 0.09526525115080589 0.1685462135745027
0.09980174932178092 0.07788476617429035 0.21545358975919865 0.13963270850658768 0.09641909896282871 0.09449785986016136 0.15457914820428104 0.12173107921087131
0.07890174149908964 0.12060717613070795 0.12278643375916029 0.13399655526004106 0.10358453687216626 0.17213044595875263 0.1004974164450308 0.1674956940750513
0.07547163039844494 0.12397528445647725 0.10325776016462256 0.1323741811950392 0.10378586649241918 0.19638691490291837 0.0992806358962794 0.16546772649379898
0.11140396391746464 0.08719958377320328 0.14762871165090097 0.09280824404462149 0.15409953336956797 0.14353498510176396 0.1473146730867008 0.11601030505577688
0.06687546429026217 0.09891790539980319 0.06141011823949733 0.08623612265623869 0.15190841278192266 0.26469541875187674 0.09748431256792199 0.17247224531247737
0.07109270602981327 0.11244793227689315 0.08809612411909666 0.14055991534611645 0.10341173957879196 0.22038339382527852 0.09533629040867028 0.16867189841533972
0.09985725262737644 0.0778748532271892 0.21549787837026638 0.1396040147112866 0.0969516639443229 0.09396089001891725 0.1545473829933657 0.1217060641072755
0.0982013356252317 0.15009126004801485 0.11470634684351999 0.12506434437152122 0.12910429077158697 0.21399555743857177 0.09379825827864093 0.07503860662291274
0.07530422530694103 0.11351962400350987 0.09647090232694032 0.14189953000438738 0.10050291268767271 0.20577847105361247 0.09624489861167143 0.17027943600526482
0.13444503158014875 0.1042605843269076 0.17590137424553437 0.11205206182532963 0.1289121783598843 0.1226961182194795 0.12404623856935149 0.0976864128733643
0.12102056318975098 0.07901158864725773 0.16019498085001696 0.09876448580907216 0.15306618358781837 0.12260477335439748 0.1468200415907998 0.11851738297088658
0.07911784661722618 0.11539418572377529 0.10451960006128172 0.14424273215471908 0.10672595854736235 0.1790741973702499 0.09783420093972253 0.17309127858566292
0.10079576660646987 0.07783902644724425 0.22199826075978016 0.1392266003420041 0.0972296679581779 0.08740407191854828 0.15412956977218195 0.1213770361955933
0.07906941804834906 0.12067024958625722 0.12439447047256749 0.13406546152000423 0.10386382100667776 0.16980565632613576 0.10054909614000318 0.16758182690000528
0.0643353170732436 0.1056602046243205 0.06627916196190176 0.084607397044675 0.14162474455728816 0.266749504195611 0.10152887645360997 0.16921479408935
0.08402223033383173 0.13198538587135114 0.07268602647476623 0.11506418255451126 0.11988238815129891 0.2602392350335935 0.07804353251523372 0.1380770190654135
0.10181726931510258 0.07057076357930486 0.19735997069985683 0.14114152715860973 0.10122885336959134 0.10349197160272393 0.1573622698320619 0.12702737444274875
0.10148440663112299 0.07257430811183027 0.2551761085563673 0.1353403609494731 0.09355928095124902 0.07404915916449195 0.1498273430128477 0.11798903262261758
0.09441421533113385 0.13964047568194574 0.1027569621066371 0.1217378505945168 0.1156133155589772 0.19718173961013147 0.08257002040323748 0.14608542071342018
0.10312842441448421 0.07034369626492684 0.20908203988047228 0.14068739252985368 0.0999202770386403 0.09336357298311157 0.1568559436116428 0.12661865327686828
0.07938088134834875 0.11987585880182414 0.12189004726576638 0.13415601235442484 0.10445516678573663 0.17193000873504943 0.10061700926581864 0.16769501544303103
0.07551878562114642 0.12387685324349738 0.10321928501774806 0.13235381142737343 0.10398866004583916 0.1963349817896486 0.0992653585705301 0.1654422642842168
0.07472174032582549 0.12376192105640406 0.09912918729389494 0.1317293234639967 0.10344314195955871 0.2037560389723266 0.09879699259799755 0.16466165432999588
0.11120646642671053 0.08713020054492153 0.14653770189467513 0.09274201202943015 0.153988534926277 0.1452580262373405 0.14720954290385738 0.11592751503678768
0.07860222323406074 0.11409214200644793 0.10541274537957566 0.1426151775080599 0.10599671079864402 0.18541249375372526 0.09673029430981457 0.1711382130096719
0.10059935941518391 0.07765440950870482 0.22226609516217596 0.13903509374144246 0.09703047691472472 0.08828691944136899 0.15391756409309054 0.12121008172330883
0.07901629625592614 0.12059995443519848 0.1244863526953063 0.13400694041039748 0.10382030157420541 0.17005627380817112 0.10050520530779812 0.16750867551299684
0.09316767507980174 0.15301504661876075 0.09604802520279022 0.1225318053134886 0.12824018550225524 0.24157932510969377 0.09189885398511645 0.07351908318809315
0.07506666969847878 0.11215606765422105 0.09529015501051298 0.14019508456777632 0.09975208389879989 0.21421699772117023 0.09508883996770916 0.16823410148133155
0.11132875052182649 0.0862555417354208 0.14552020602951074 0.09279866287572956 0.15297377331560288 0.14782527204513723 0.14729946488211038 0.11599832859466193
0.07855499892692483 0.11398500412273802 0.1051610038224885 0.1424812551534225 0.10606728344706831 0.1861334883261469 0.09663946001710397 0.170977506184107
0.10058772180847445 0.07764324154516358 0.22218485562722676 0.13902604126819296 0.09705298240776059 0.08839542488654598 0.15390754263308296 0.12120218982355284
0.0790102501654771 0.120590914971015 0.12448957098652366 0.13399763872626952 0.10383080683015977 0.17008554086801594 0.10049822904470215 0.16749704840783688
0.0754853306298829 0.12397430839236492 0.1037745896392589 0.13236908077575354 0.10391024162062687 0.19574828739060576 0.09927681058181517 0.16546135096969194
0.0747207270918323 0.12377770906333718 0.09926803414712371 0.1317335797822017 0.10345313401451431 0.2035796563365874 0.09880018483665129 0.16466697472775213
0.0631114849932621 0.10465309011565468 0.06240558236923256 0.08354317569701052 0.13986383578853964 0.27908466880586696 0.10025181083641262 0.16708635139402103
0.07091065897375104 0.11155290830690232 0.08917781742823322 0.1394411353836279 0.10145947898306093 0.22555117272561037 0.09457746573846068 0.1673293624603535
0.11225829575462933 0.07966906893235243 0.14611594318827284 0.09958633616544053 0.14728929196452156 0.1475356832518087 0.14804177734444593 0.11950360339852864
0.07960929213175241 0.11394635553163596 0.10524392853680706 0.14243294441454496 0.10508910530532535 0.18615214804913674 0.09660669273334355 0.17091953329745393
0.09116473381423233 0.1486809272549481 0.12065766288922818 0.1597404601186236 0.08765247126374519 0.1692862823399118 0.08355654836974159 0.1392609139495693
0.09487112283786783 0.15684111970699546 0.09531481566663498 0.1224529675454535 0.12410009145615662 0.24110837660052953 0.09183972565909013 0.07347178052727209
0.09016454696253429 0.13189418733368807 0.07808128062630093 0.11498467613706143 0.11670475603736519 0.25219933511517817 0.07798960642339818 0.1379816113644737
0.10387848555559813 0.06998436385433819 0.201873923328408 0.13996872770867638 0.10027474687327567 0.10199321177416164 0.15605468596773323 0.12597185493780874
0.11566373929189556 0.08240291311223252 0.17545366287317476 0.09224551196711867 0.15221514179749746 0.1202906934323277 0.14642144756685502 0.11530688995889833
0.08086239498395896 0.11394906084142865 0.11171148124304126 0.14243632605178583 0.10617411930366194 0.17733403994842126 0.09660898636555909 0.170923591262143
0.10075126305247237 0.07748837184826621 0.22463224145464353 0.13875484775448987 0.0968885665231935 0.08691162439244128 0.1536073202654507 0.12096576470904245
0.0790318918624253 0.12057323369573984 0.12502093007032702 0.13399452664725714 0.10380775937205866 0.16958260505767778 0.10049589498544285 0.16749315830907138
0.09317430084557655 0.15301828318908822 0.09618032725404706 0.1225361274226285 0.12825944415478685 0.2414077451133242 0.09190209556697138 0.0735216764535771
0.07621280289474867 0.11178307024430718 0.09579152048303959 0.13972883780538398 0.09981400351158236 0.21422255666126042 0.09477260303321695 0.16767460536646078
0.13375972959965965 0.09225815007099579 0.17252279372065793 0.11532268758874474 0.12766692689859616 0.12610310280074072 0.1285761904907348 0.10379041882987025
0.1252219131183378 0.07745153805690473 0.1671319354294414 0.0968144225711309 0.15137895701666002 0.12190278510896446 0.14392114161320355 0.11617730708535709
0.08265187754749714 0.11368746169964591 0.11101000915541956 0.1421093271245574 0.10601533467418316 0.17760760146039783 0.09638719578883023 0.17053119254946886
0.10103308620530685 0.07747078445190099 0.22435180352777584 0.138753859098911 0.09686176805989645 0.08695757006894585 0.1536062257830842 0.12096490280417882
0.07906569481374258 0.12057144362289418 0.124976610534466 0.13399480560951177 0.10380238499331741 0.16959944920704453 0.10049610420713385 0.16749350701188973
0.07549440140793752 0.12397618849619191 0.10389880743456795 0.13237262490631915 0.10391560071745475 0.19559712722489042 0.09927946867973936 0.16546578113289892
0.06336964098817023 0.10497286470242481 0.06316872376906604 0.08378944743403133 0.1403925171392112 0.2761805741781961 0.10054733692083757 0.16757889486806266
0.08453554002244659 0.13068746777186904 0.0736681611331651 0.11393266421137303 0.11941732250826853 0.2637635793993422 0.0772760678998878 0.13671919705364763
0.10308225033011668 0.06978152821346288 0.20188713059185823 0.13956305642692576 0.10075232515489291 0.1037245657359529 0.1556023927625575 0.12560675078423317
0.10144389054287167 0.072341299478254 0.2568583925530166 0.13499164210903153 0.09331539653208458 0.07392306053723999 0.14944129692167918 0.11768502132582238
0.07065863830005366 0.10171079075146301 0.07984178201766003 0.08867094578332672 0.1412687771316555 0.24027045312890527 0.10023672132028238 0.17734189156665345
0.10024451362304815 0.06972747266290183 0.2047959603648126 0.13945494532580366 0.10481400133729252 0.09997179894011901 0.155481856952799 0.12550945079322331
0.10090872820968327 0.07226226340673417 0.2578628889583499 0.1348478488190703 0.09397189492645805 0.07330460076789334 0.1492821118387754 0.11755966307303566
0.08000010546708167 0.11524097918969985 0.13075779675460775 0.1440512239871248 0.0961876243220698 0.16319649305142514 0.09770430844344116 0.17286146878454975
0.10018735117781023 0.07725180124478495 0.2319064495373802 0.13818993400801696 0.09458656631776584 0.08442268438620829 0.1529819375261726 0.12047327580186093
0.07896244766557647 0.12053660655846084 0.12651295573438068 0.13397749041881302 0.1033331998677854 0.16872231891735745 0.10048311781410978 0.1674718630235163
0.11192843491690702 0.08686035083168182 0.1545294526796061 0.09274548871042375 0.15395286048316265 0.13683649004507198 0.14721506144511706 0.11593186088802969
0.08048898275983955 0.11339142933823045 0.10952052575761312 0.14173928667278807 0.10627845102807791 0.1823579686058663 0.09613621183023885 0.17008714400734565
0.10071630364722081 0.07746544623623716 0.2237990721782852 0.13877338336819517 0.09694122765819274 0.08769480299808569 0.15362783995176674 0.1209819239620163
0.07901607093881235 0.12055234003775969 0.12487343351860378 0.13397372248375738 0.10380756164113292 0.16982942641241927 0.10048029186281805 0.16746715310469673
0.09426439393860873 0.15280268867507651 0.09606103709476209 0.12233977064048561 0.12810947481062301 0.2412639444757885 0.09175482798036422 0.07340386238429138
0.0766250443410461 0.1114927127591381 0.09678394987093966 0.13936589094892265 0.09970150160624985 0.21426540095224897 0.09452643038274754 0.16723906913870715
0.11491108349616194 0.07916395708896448 0.1502183798748371 0.09895494636120561 0.14625447020195553 0.14464805334975575 0.14710317399367281 0.11874593563344672
0.08085229505582193 0.11329415006523864 0.10859967885389342 0.1416176875815483 0.10477559096232292 0.18486563645844054 0.09605373592487623 0.16994122509785795
0.11371909068319587 0.08625257568101517 0.14929206237695544 0.09269777898764563 0.15435627228562337 0.14067066452458576 0.14713933172642163 0.11587222373455702
0.08069232324020002 0.1132983377350924 0.1084471905175975 0.14162292216886552 0.10634720128709071 0.18358723210789346 0.09605728634062183 0.1699475066026386
0.08504911053924372 0.0645250201749374 0.18608490228166735 0.11557720799483219 0.1158299740023201 0.10500638930737616 0.18345588570608282 0.14447150999354022
0.07820668028614952 0.11907357114448218 0.11728111382719904 0.13401408433343154 0.10766799176125287 0.1757283899806217 0.10051056325007365 0.1675176054167894
0.07621204795169911 0.12354220271402837 0.10221312624345594 0.13205827865461892 0.10451203236974152 0.19734575475721824 0.09904370899096421 0.16507284831827365
0.05636006870294849 0.09204780982112816 0.07366205706955845 0.09797868436578089 0.12332992614885076 0.24308966392123424 0.11757442123893706 0.19595736873156178
0.07187805342605011 0.11285979841112749 0.09346831781194753 0.14107474801390937 0.09966237747261388 0.2160815259860523 0.09568548126160811 0.16928969761669124
0.1140333962200845 0.07929712803159816 0.14947920554543073 0.0991214100394977 0.14649152869309026 0.1452810059910509 0.14735063343185031 0.11894569204739723
0.106713450662763 0.06800991051038961 0.22835375721391957 0.13601982102077922 0.10347089427052714 0.08336237769766339 0.1516519497052568 0.12241783891870128
0.10378998893136859 0.067192934662222 0.25694698497720414 0.134385869324444 0.09400532763214853 0.07290139658007637 0.1498302155005368 0.12094728239199959
0.10237978824164196 0.06661291788924521 0.2670908350645259 0.13322583577849043 0.09150062169563818 0.07074988446335065 0.1485368646664662 0.11990325220064138
0.13595097140957546 0.08865984563231039 0.22628180157084513 0.11082480704038798 0.12121259642065095 0.09376626224783642 0.1235613893420445 0.09974232633634918
0.08500498811818395 0.11345261843432668 0.12481489306943852 0.14181577304290832 0.100347685416588 0.16819702472491782 0.09618808954214654 0.17017892765149
0.10227380341821478 0.0770406564341294 0.22922152060119677 0.13798232108686972 0.09530404715221312 0.08513326989737997 0.15275210148810975 0.12029227992188643
0.11674257113266326 0.08254897915419453 0.18277671449808633 0.09175554051122903 0.15006859286292218 0.11576946110467948 0.14564371509718893 0.11469442563903627
0.12159166604163056 0.07675821273916279 0.172181900609208 0.09594776592395349 0.15694925770885115 0.11880107956955764 0.14263279829889206 0.11513731910874418
0.10774580539686936 0.06719839954309823 0.23697302600350864 0.13439679908619645 0.10439247512580456 0.07849397429770924 0.14984240136923693 0.12095711917757682
0.10402111441077201 0.06677722376207847 0.26108780897431555 0.13355444752415693 0.09368103326073236 0.07177612705658364 0.14890324223961973 0.12019900277174124
0.09333985050148785 0.13223503763802025 0.15322649503654379 0.1652937970475253 0.08287658323965727 0.14017958330459945 0.0840842358893933 0.14876441734277276
0.11617460450973079 0.08779369657911476 0.16230892784750864 0.09274955169404003 0.14777602874470355 0.1300387403818917 0.14722151062546038 0.11593693961755004
0.12231075603513938 0.07696665638618608 0.1670126150113949 0.09620832048273258 0.15665480703139728 0.12237673032342056 0.14302013015045023 0.11544998457927909
0.10818576429466509 0.06723700757897805 0.23563415689694794 0.1344740151579561 0.10442364090035641 0.07909031000208032 0.14992849152685556 0.1210266136421605
0.08178328011070123 0.11474467249208434 0.12801566107036771 0.14343084061510541 0.09795687490817086 0.16466813538737265 0.09728352667807151 0.1721170087381265
0.1025694111108968 0.0770637218105663 0.23040045425207242 0.13786130568664157 0.09476825771090838 0.08453193764688291 0.15261813246547215 0.12018677931655934
0.08129221434345725 0.12021998123486377 0.12607199664238825 0.13360733010786996 0.10317463797284408 0.1684191794828367 0.10020549758090248 0.16700916263483745
0.07735718194030262 0.12372350167106003 0.10399837309913214 0.13209390102769694 0.10365133907585367 0.19498790113056072 0.09907042577077271 0.16511737628462117
0.09409503227116493 0.15204958993072099 0.09157719090348447 0.12134907629431306 0.12710432168339317 0.25000353591960073 0.0910118072207348 0.07280944577658785
0.07717006580510803 0.11103394705085566 0.09630754897894256 0.13879243381356957 0.09930242045342773 0.21670518647434836 0.0941374768474646 0.16655092057628348
0.10254647941848972 0.0698318682458688 0.21352178791901089 0.1396637364917376 0.09680619474481773 0.09621792681612648 0.15571464352138503 0.12569736284256383
0.10358326654968028 0.07189648726279409 0.2605207727267855 0.13411804905106547 0.09206593109202368 0.07241787244411402 0.148474193495685 0.11692342737785194
0.09726131871042357 0.13746715064508408 0.11123454463334144 0.11984315697263744 0.11452415539086817 0.19457296142077848 0.08128492385970189 0.1438117883671649
0.10572402414782624 0.06906602182436966 0.21789110162223457 0.13813204364873932 0.09880363440351818 0.09205741476256853 0.15400692030687801 0.12431883928386539
0.10393806325252276 0.07168242019816622 0.26188768200089824 0.13380474639485918 0.09224378593678886 0.07166565591159352 0.14812735457631948 0.11665029172885161
0.07177564501066963 0.10136628692651271 0.08226100826765505 0.08837060911542134 0.14081090123333484 0.2387771209111745 0.09989721030438933 0.17674121823084268
0.10102447747581036 0.06941376643830557 0.2069850529668845 0.13882753287661115 0.10447156274382505 0.09955048901583921 0.1547823388937739 0.12494477958895002
0.10391791502557579 0.0674116495197838 0.25207337260122614 0.1348232990395676 0.09453584476268347 0.07557903292666118 0.15031791698889105 0.12134096913561086
0.08123195412692698 0.11474713056796294 0.13161850799807862 0.1434339132099537 0.0960647516584722 0.1634974358877362 0.09728561069892513 0.17212069585194442
0.09341242756466889 0.14868424605881392 0.1268783022900509 0.1595902807820595 0.08606817777393791 0.16275858413190392 0.08347799302446189 0.13912998837410315
0.07961196905179142 0.12692525756842263 0.10414702854545452 0.1320431901374353 0.10013628069564427 0.19304989372638126 0.09903239260307649 0.16505398767179413
0.06560017689042684 0.10520251624771454 0.06319768304316552 0.08371265762531115 0.13932871217419102 0.27507774961819526 0.10045518915037335 0.1674253152506223
0.07285021933763329 0.11100412194696015 0.09075733868477817 0.13875515243370018 0.10144086234697623 0.22457393198317604 0.09411219034633578 0.1665061829204402
0.07524199356775359 0.11319972900552115 0.09773871005717599 0.14149966125690144 0.09587568992664773 0.21067093939042864 0.09597368328728967 0.16979959350828172
0.13755294690900488 0.10377760813307467 0.17588939912471768 0.11151161793405193 0.12730754278905232 0.12329768348398516 0.12344794496565781 0.09721525666045552
0.1273804989410619 0.0767404870435613 0.17115067685494725 0.09592560880445163 0.15050749365197807 0.12058464388607017 0.14259986025258778 0.11511073056534195
0.10928743456206581 0.06706999903068256 0.23749091866186714 0.13413999806136512 0.10306561597278742 0.07866394806519762 0.1495560873908056 0.12072599825522862
0.121319590082176 0.07728738283833386 0.19010240754256677 0.09660922854791733 0.14427845045209117 0.11085575936340568 0.14361610691600843 0.11593107425750078
0.10768173406912618 0.0667998226057756 0.24439790215558335 0.1335996452115512 0.10146385946575581 0.07686372151370914 0.1489536342881026 0.12023968069039608
0.10411963286717335 0.06647249364717682 0.26455286815818296 0.13294498729435364 0.09278672582357456 0.07124906407912464 0.14822373956549575 0.11965048856491826
0.11993238557944551 0.07708922391479818 0.19781605537049338 0.09636152989349772 0.14102545845621672 0.10889362468361448 0.14324788622973691 0.11563383587219725
0.10724054500147363 0.06665035165279343 0.24716946471100776 0.13330070330558685 0.10064340360345629 0.07640456237860407 0.1486203363720498 0.11997063297502816
0.10399593289381623 0.06640361452736958 0.26553542059001234 0.13280722905473916 0.0925486276379862 0.07111251973802012 0.14807014940879126 0.11952650614926526
0.13741300758780534 0.08828927153322584 0.22696852530757713 0.1103615894165323 0.12108429618647412 0.09351294323358139 0.12304493625992483 0.09932543047487907
0.10986633647740754 0.06596815218438278 0.25699987001191704 0.13193630436876555 0.09600948374989773 0.07337804589743006 0.14709913337831024 0.118742673931889
0.10423832241399197 0.06616594648684465 0.268801526157199 0.1323318929736893 0.09139606749413764 0.0704273556465544 0.14754018515126255 0.11909870367632035
0.10284794524766352 0.06601135667162794 0.27294921631265373 0.13202271334325588 0.09033070819874105 0.0698221452806916 0.147195472936436 0.11882044200893029
0.10245217999420483 0.06593285748215176 0.27436204562643757 0.13186571496430352 0.09003426485743633 0.0696533621473918 0.14702043146020108 0.11867914346787316
0.1023295392044729 0.0659029587955583 0.2748415941372111 0.1318059175911166 0.08994219607913 0.06959870650891815 0.14695376185158818 0.11862532583200493
0.13677302889717738 0.08810554100761803 0.2298227123670632 0.11013192625952255 0.12022261024526065 0.09303656861088727 0.12278887897890049 0.09911873363357028
0.10968564769297925 0.06590351209975216 0.25801767845176304 0.13180702419950432 0.09576448625500658 0.07324033388408306 0.1469549956373578 0.11862632177955389
0.08228392542941629 0.11446834290128555 0.13285062388099067 0.14308542862660692 0.09614689278948187 0.162413024777896 0.09704924724239426 0.1717025143519283
0.10356642254086765 0.07683640987189738 0.23193512149395362 0.13746038992325996 0.09418903606139775 0.08400105486365424 0.1521743022349479 0.1198372630100215
0.08247954021972173 0.12002942080781426 0.12630030787935026 0.13340003810257714 0.10294335447949358 0.16804726230588876 0.10005002857693286 0.1667500476282214
0.058585511459229335 0.0924146299358387 0.07774793843041952 0.09866384904589819 0.12386210397041336 0.23300165021132688 0.1183966188550778 0.19732769809179637
0.07295556352384555 0.11290336202995585 0.09501100988727469 0.14112920253744482 0.09987880230996271 0.2130446010324896 0.09572241563409302 0.16935504304493376
0.10276279816288715 0.07750575547032125 0.2178265607468636 0.13882526625737837 0.09587742839510625 0.09248975932585866 0.15368527644284458 0.12102715519874013
0.08231364593333856 0.12006219849191356 0.12339449202755298 0.13336422977556223 0.10323968884992789 0.17089728537058033 0.10002317233167167 0.16670528721945277
0.0782866334098177 0.12353457725685042 0.1033561132714411 0.1318837324450011 0.10354014285692814 0.19563133586995946 0.09891279933375084 0.16485466555625136
0.09516536924297384 0.15181437556173824 0.09135200581640959 0.12115772193750626 0.12692314263162008 0.25002446019411834 0.0908682914531297 0.07269463316250377
0.09130398799681556 0.1305048491346296 0.07906242485489406 0.1137734582199335 0.11672282472698102 0.25493622049713205 0.07716808470569402 0.1365281498639202
0.10532192175559775 0.06931146755168802 0.2056024372815516 0.13862293510337603 0.09977201436808164 0.1020543547015592 0.15455422764510732 0.12476064159303844
0.10556802214521835 0.07184389720130199 0.25733950603455746 0.13405931064077606 0.0926294570766064 0.07327841970762311 0.14840916766093237 0.11687221953298425
0.06045707985471709 0.08482711837207987 0.09825620081857021 0.10603389796509985 0.1179520978859012 0.20054140277810187 0.11986440639533026 0.2120677959301997
0.11230178215707029 0.07902872948658089 0.15178587631293625 0.0987859118582261 0.15135695453704878 0.14134575856633616 0.14685189285193015 0.11854309422987133
0.10722408854459643 0.06760005151061099 0.23121265810654956 0.13520010302122198 0.10395039848587305 0.08239458230331274 0.15073802530873553 0.12168009271909978
0.10459690330464867 0.06674291331969097 0.26025751275092734 0.13348582663938194 0.09360176146766791 0.07235110346818235 0.14882673507405716 0.12013724397544377
0.10324604036133243 0.06619532177503774 0.2701465828435698 0.1323906435500755 0.09097142282630759 0.070292721789047 0.14760568765956178 0.11915157919506796
0.09360960184774848 0.1318594839474119 0.15582033208532545 0.1648243549342649 0.08225989097822267 0.13943898403875782 0.08384543272743039 0.14834191944083838
0.10503918091326106 0.07749530574349699 0.24012907036017792 0.13643312638155078 0.09090854739308488 0.0800159900195395 0.15103707926651122 0.1189416999223776
0.08271913200001826 0.12011606443885621 0.12797809612176322 0.13340392423228847 0.1022806331478109 0.16669430159468598 0.10005294317421635 0.16675490529036058
0.07839914757898625 0.1236225506941165 0.10432476615075412 0.13197193307588348 0.10341231397604535 0.19432542237244735 0.09897894980691263 0.16496491634485436
0.11514942267873253 0.08678403201512727 0.14763011672787604 0.09233931495315528 0.1535036832760331 0.14259894546214705 0.14657034119548457 0.11542414369144409
0.12260616839489305 0.07684238060284136 0.16305899107626937 0.09605297575355169 0.15819481694955642 0.12519189654170443 0.14278919977692164 0.11526357090426204
0.10881716311603608 0.06717642752321087 0.23473643280779766 0.13435285504642175 0.10470201586444475 0.07950412905601525 0.14979340704429409 0.12091756954177957
0.10479231110843468 0.06663272663895375 0.26136947817983985 0.1332654532779075 0.0936071876430003 0.07181289997996065 0.14858103522178645 0.11993890795011676
0.1032622458758784 0.06616319971711186 0.27050283696209254 0.13232639943422372 0.09093559516418931 0.07018190309097874 0.14753406026472407 0.11909375949080137
0.08132352850650397 0.11452429687501138 0.1354144124522744 0.14315537109376422 0.09525811842643364 0.16144114085250758 0.09709668648098792 0.17178644531251705
0.07838848780875896 0.12331614833051016 0.10602813180787947 0.13236139326297416 0.10222540576763108 0.19295764649629787 0.09927104494723063 0.1654517415787177
0.07568181808345523 0.1264261738740024 0.10009504752631922 0.14013768247441175 0.09536337749451022 0.19908077520405823 0.09504990637394885 0.16816521896929407
0.1032230017124755 0.07841367819975095 0.21984865329928385 0.13874270145830053 0.09493134924244893 0.09029156664115619 0.15359387381627082 0.12095517563031329
0.08241417392529114 0.12021263341651585 0.12384207518370959 0.13341612975133582 0.10308222035393572 0.17020050786654012 0.1000620973135019 0.1667701621891698
0.07831316339260462 0.1235701758011799 0.1034590790629808 0.13190461034654533 0.10352335469566121 0.19542039600793748 0.09892845775990901 0.16488076293318168
0.06479692265533514 0.1082831400436005 0.05947757372107659 0.08368794259958426 0.13645643084914982 0.2853183437325551 0.09460376119953004 0.16737588519916852
0.09950464870963514 0.07691000269150379 0.19679097896750106 0.13804570106963587 0.10356101396694867 0.10703586885744938 0.15391065477465374 0.1242411309626723
0.1037664029565484 0.07251655404537849 0.24801828211296661 0.13430996957184005 0.09419810663129659 0.07656611912676975 0.14974559294054407 0.12087897261465606
0.08087912697174474 0.12224762447414668 0.13016859057587823 0.1420686211973162 0.0952640789517261 0.1625300258411855 0.09635958655122316 0.17048234543677943
