Action: 0
[0.11593896200467353, 0.0954778278960844, 0.2852839767135021, 0.09547782789608318, 0.09731422454930184, 0.11955152514818862, 0.09547782789608318, 0.09547782789608318]
[0.1404331747240057, 0.09503048067392375, 0.2565669777397859, 0.09503048067392375, 0.09503048067392375, 0.12784744416658964, 0.09503048067392375, 0.09503048067392375]
[0.15447301748030876, 0.09347963159106126, 0.1634076927267124, 0.0934796315910606, 0.19812017989695221, 0.11008058353178352, 0.0934796315910606, 0.0934796315910606]
[0.125, 0.125, 0.125, 0.125, 0.125, 0.125, 0.125, 0.125]
[0.11934301668107225, 0.09427797101793307, 0.23976858298565437, 0.09427797101793307, 0.16940531973786416, 0.09437119652367695, 0.09427797101793307, 0.09427797101793307]
[0.102651474842638, 0.0967117283521, 0.2539163003426444, 0.0967117283521, 0.15987358275676797, 0.09671172864954967, 0.0967117283521, 0.0967117283521]
[0.125, 0.125, 0.125, 0.125, 0.125, 0.125, 0.125, 0.125]
[0.125, 0.125, 0.125, 0.125, 0.125, 0.125, 0.125, 0.125]

Action: 1
[0.09692317261367062, 0.09692317261367062, 0.09692317261367062, 0.09692317261367062, 0.1757399091299353, 0.2427210551880411, 0.09692317261367062, 0.09692317261367062]
[0.1111111111111111, 0.1111111111111111, 0.1111111111111111, 0.1111111111111111, 0.1111111111111111, 0.2222222222222222, 0.1111111111111111, 0.1111111111111111]
[0.09916708525128735, 0.0991678580711108, 0.09916708525128735, 0.09916708525128735, 0.11140112279066164, 0.29359559288179077, 0.09916708525128735, 0.09916708525128735]
[0.125, 0.125, 0.125, 0.125, 0.125, 0.125, 0.125, 0.125]
[0.1042443044918237, 0.09601890723324699, 0.09601890723324699, 0.09601890723324699, 0.1372878297629526, 0.27837332957898875, 0.09601890723324699, 0.09601890723324699]
[0.10070915034990746, 0.10070915034990746, 0.10070915034990746, 0.10070915034990746, 0.10070915034990746, 0.2950359475506478, 0.10070915034990746, 0.10070915034990746]
[0.125, 0.125, 0.125, 0.125, 0.125, 0.125, 0.125, 0.125]
[0.125, 0.125, 0.125, 0.125, 0.125, 0.125, 0.125, 0.125]

