0.125 0.125 0.125 0.125 0.125 0.125 0.125 0.125
0.11301829483647666 0.08900190718372537 0.135621953803772 0.10680228862047045 0.14127286854559584 0.11125238397965673 0.169527442254715 0.13350286077558807
0.09447801420718421 0.1574633570119737 0.0850302127864658 0.14171702131077632 0.13316421964908487 0.19682919626496712 0.10628776598308225 0.0850302127864658
0.07295173961840629 0.12906846240179573 0.09118967452300786 0.16133557800224466 0.08754208754208755 0.15488215488215487 0.10942760942760943 0.19360269360269358
0.11004296186597282 0.08665883246945359 0.1320515542391674 0.10399059896334432 0.14855376772468168 0.12364959323424056 0.16506444279895927 0.1299882487041804
0.07210424460301232 0.12756904814379103 0.09013030575376539 0.15946131017973877 0.0981422944269382 0.1530828577725492 0.10815636690451848 0.1913535722156865
0.09732094226377178 0.07664024203272028 0.19464188452754355 0.15328048406544056 0.09854916423556315 0.07625034615287195 0.16968779676760207 0.13362913995448666
0.07260789802464475 0.1210131633744079 0.10299150267453976 0.1452157960492895 0.10568557545568907 0.1620544723228502 0.10891184703696712 0.18151974506161184
0.08842211716909819 0.14737019528183032 0.08736775843720705 0.13263317575364728 0.1303306160405185 0.23482135005027474 0.09947488181523546 0.07957990545218838
0.06038060459228511 0.1068272235094275 0.05263950143942805 0.09313142562360346 0.13534294377910255 0.26013644693009047 0.1052790028788561 0.18626285124720693
0.06756416947421523 0.11953660753130389 0.08445521184276905 0.14942075941412988 0.09152700442773924 0.2068450818015641 0.10134625421132287 0.1793049112969558
0.09376275739714877 0.07383817145025467 0.20286182774231218 0.14767634290050935 0.0946677323745271 0.0949659075808009 0.16348378212836195 0.12874347842608508
0.07001857230909363 0.11669762051515604 0.11353347608786472 0.14003714461818725 0.10186876260872349 0.1777701346246004 0.10502785846364043 0.17504643077273405
0.06810124779367807 0.11350207965613013 0.09803335796629652 0.13620249558735614 0.10037232977325189 0.21138349804857498 0.10215187169051712 0.17025311948419516
0.06816676095548534 0.12060273092124327 0.08520845119435666 0.1507534136515541 0.0956789047151954 0.19643550074707233 0.102250141433228 0.18090409638186492
0.09174281210957214 0.07224746453628808 0.21113926203517955 0.14449492907257616 0.0935162823905387 0.10092748544767892 0.1599618262423309 0.12596993816583563
0.06822888259799177 0.1137148043299863 0.12279137685081914 0.13645776519598354 0.0994804192581671 0.1864112213750852 0.10234332389698766 0.17057220649497942
0.05588329958401409 0.09313883264002348 0.06510368371777246 0.08382494937602114 0.13181322353843197 0.30199617314046917 0.10058993925122536 0.16764989875204228
0.06579264643551003 0.11640237446282543 0.08224080804438753 0.1455029680785318 0.10319482133410303 0.21357385029713902 0.09868896965326504 0.17460356169423816
0.06748919058231315 0.11940395256870788 0.08436148822789144 0.14925494071088485 0.10343289778552148 0.19571781539814975 0.10123378587346973 0.17910592885306179
0.09035099579668139 0.0711514091898866 0.21713528852143066 0.1423028183797732 0.09340830511141411 0.10405724610115684 0.1575350695942137 0.12405886730544333
0.09843729452299228 0.07751936943685643 0.19105515933328346 0.09302324332422772 0.1438956888693273 0.1321342485735396 0.14765594178448843 0.11627905415528465
0.06801490955130993 0.12033407074462527 0.0850186369391374 0.15041758843078157 0.1165542522919804 0.17713707159826278 0.10202236432696489 0.18050110611693787
0.08936664207498239 0.07037623063404864 0.22189448982585294 0.1407524612680973 0.0997930126080402 0.09929112912195005 0.15581876054099494 0.12270727392603352
0.06625489263976894 0.11042482106628157 0.13594462191725026 0.13250978527953788 0.10309971170929226 0.18674659682879338 0.09938233895965343 0.16563723159942237
0.06766230803179174 0.11971023728701616 0.08457788503973966 0.1496377966087702 0.10771669938801116 0.18963625566645922 0.10149346204768761 0.1795653559305242
0.08792330587666584 0.077838626929694 0.22357607244554578 0.13847920675574873 0.09697600048503242 0.1011791508583713 0.15330217434905838 0.1207254622998835
0.09518793723161224 0.08109675294302544 0.20279277891547828 0.08995260068387358 0.14777851285629914 0.12796876066745097 0.14278190584741837 0.11244075085484195
0.06771857595938176 0.11980978823582925 0.0846482199492272 0.14976223529478658 0.12121935860062001 0.17554927566733855 0.10157786393907263 0.17971468235374385
0.0932205561861019 0.0771492526995888 0.22497272847600358 0.13710340776522328 0.09873934080016358 0.09750955796607501 0.15177910831152108 0.11952604779532286
0.07099995381874913 0.11648524712974417 0.14149929509011416 0.12913679801954894 0.10091595177184243 0.1826891581309035 0.09685259851466171 0.16142099752443617
0.06763795789187944 0.11966715627024824 0.08454744736484929 0.1495839453378103 0.10898704198871899 0.18861877990330225 0.10145693683781916 0.17950073440537234
0.09283592005593334 0.07684732415852458 0.2263634723715869 0.13649507759045465 0.09612666931649644 0.10123016603700366 0.1511056618013987 0.11899570866860149
0.10251101229977784 0.07946634145171858 0.20793476819308618 0.08808612452009588 0.14507220914250427 0.1270026434727039 0.13981924526999348 0.11010765565011986
0.056838584623316486 0.1005605727950984 0.04955158659468617 0.08766819166752168 0.17059118097485124 0.26035032682011044 0.09910317318937234 0.17533638333504337
0.11308066911892095 0.09128198591527355 0.1413508363986512 0.11410248239409193 0.16572750173374898 0.14454853752584473 0.12721575275878605 0.10269223415468273
0.09909888079588589 0.07177380941371088 0.17782764720411948 0.14354761882742176 0.12746550810933374 0.09104879622114109 0.16004488248370752 0.12919285694467958
0.1116916697362418 0.07966592031797687 0.1883034873812088 0.08880015752709088 0.15535802965129028 0.12422790748194538 0.14095263099538233 0.11100019690886359
0.06117508198582895 0.09711355063282101 0.05709033876739974 0.08466309542348498 0.17152470055857946 0.26340093391488933 0.0957061078700265 0.16932619084696995
0.1172623827602711 0.08883091811125106 0.1459755246144218 0.11103864763906382 0.16336468822668274 0.14979325012183758 0.12379980565131443 0.09993478287515743
0.07681767090256716 0.11139159739175188 0.0907864063389673 0.13923949673968983 0.121407498834581 0.19882923156832985 0.09444070213648528 0.1670873960876278
0.10303797317010442 0.06990740064788595 0.1895764318597711 0.1398148012957719 0.1127373156169703 0.10320968673891119 0.15588306950439043 0.12583332116619472
0.09737091756734938 0.06879846190758374 0.28006531410030333 0.12792499176831595 0.09495415904878336 0.07774357930422421 0.141618224505421 0.11152435179801905
0.07977530723236856 0.11380046795204199 0.12217862366503446 0.1422505849400525 0.10410074855399737 0.17071056029084117 0.09648300543760083 0.170700701928063
0.07266548818819958 0.11787583108496 0.11142867651722183 0.12597477776350677 0.1034794510766929 0.21662621984240538 0.0944810833226301 0.15746847220438348
0.11168390305533213 0.07622615912886009 0.14290515064539358 0.0952826989110751 0.15719924225872234 0.16071947579175827 0.14164413151556837 0.11433923869329012
0.13800386507938875 0.0865530179260058 0.17104688012279146 0.10819127240750724 0.15558478429997918 0.12262284023875328 0.12062519475881779 0.09737214516675652
0.0833671434343136 0.10855534739115345 0.11079632872488901 0.13569418423894183 0.11874742890877836 0.18797049081834613 0.0920360553968475 0.16283302108673017
0.10119099173176374 0.06743195113761423 0.21400014874463366 0.13486390227522846 0.10988886923788317 0.10088343825861053 0.15036318656656067 0.1213775120477056
0.10071317323594943 0.06459620043186716 0.2631912841624248 0.12919240086373432 0.10302948146468727 0.07896441332485747 0.1440398857391187 0.11627316077736087
0.09763403524689238 0.06247694960648773 0.2926841423576403 0.12495389921297546 0.09822828440406298 0.07224990717564735 0.1393142727046159 0.11245850929167792
0.1273526063963868 0.08177500549850931 0.2622880479829164 0.10221875687313664 0.12734165919023757 0.09306075722488123 0.11396628564810905 0.09199688118582297
0.10010338799059049 0.0601206339028735 0.30185007935690367 0.120241267805747 0.10239213007362916 0.07301531947061678 0.13406004037446714 0.10821714102517228
0.0879314666496709 0.12266373301432985 0.19100609880185646 0.15332966626791233 0.0886544459928571 0.14041975505248822 0.0779981345797641 0.13799669964112107
0.09967955442820728 0.06337172198211846 0.2731729784946211 0.12674344396423692 0.09565210431101066 0.08600161569783561 0.14130948155415668 0.11406909956781325
0.13129824114997643 0.08067411744578946 0.2630295113186181 0.10084264680723681 0.125180694339136 0.09578438119331838 0.11243202561941179 0.09075838212651313
0.12136549754483789 0.06872857340808812 0.22444253542766784 0.08591071676011014 0.15608895515641621 0.11265881100407635 0.1277120505866712 0.10309286011213216
0.1032342912978864 0.05980056439044589 0.2884471287592867 0.11960112878089178 0.11092628133321558 0.07700325640214857 0.13334633313332264 0.10764101590280262
0.07953406464293984 0.10577614637570495 0.16518274332183935 0.13222018296963123 0.10513610308527767 0.16380676376599526 0.08967977627505422 0.15866421956355745
0.07494996309145291 0.10639368166015145 0.12560617789200448 0.1329921020751893 0.10298073460113163 0.2072834793910189 0.09020333879882406 0.15959052249022718
0.09852616245713172 0.06457247139827156 0.2414495540292459 0.12914494279654312 0.10220933308411533 0.1038801141819562 0.14398697353584733 0.11623044851688881
0.07877432675805363 0.10635219920350425 0.15051050752757061 0.13294024900438028 0.10276376015355404 0.17896248965775338 0.09016816888992751 0.15952829880525635
0.07606575773429992 0.10592704553198265 0.1209398340205092 0.1324088069149783 0.10206279942966605 0.21389747555434369 0.08980771251624617 0.15889056829797396
0.10060147850044873 0.06435335631032026 0.2385834785180713 0.1287067126206405 0.10180381021045395 0.10661674288802826 0.14349837959346037 0.11583604135857646
0.10134354029753415 0.06046695797868858 0.2998095471001824 0.12093391595737717 0.09611511649431177 0.07765810643689211 0.13483229137337424 0.10884052436163943
0.11629446724428222 0.0689722417314604 0.24360134502854514 0.0862153021643255 0.144382908110122 0.1089105358768081 0.12816483724726596 0.1034583625971906
0.10353319891853525 0.058767879270354345 0.2999785279650609 0.11753575854070869 0.10659747140834683 0.07676138176273035 0.13104359944762595 0.10578218268663783
0.13246535685986902 0.07797485035414622 0.2767686050309107 0.09746856294268279 0.1266958121119675 0.09223493214427204 0.10867017390773737 0.08772170664841449
0.10604621730361312 0.057665924148834515 0.31675410096389534 0.11533184829766903 0.09993023377717468 0.07188660804336071 0.12858640399755036 0.10379866346790213
0.09849495071661425 0.05752980226751778 0.3382316353208587 0.11505960453503555 0.09176279089826267 0.06708469966126639 0.12828287251891274 0.10355364408153199
0.09577403600837656 0.057041963497309736 0.3489238501885087 0.11408392699461947 0.08878298242744614 0.0655226417154764 0.12719506487310558 0.10267553429515752
0.09462304942280295 0.05673506985239861 0.35411951719748946 0.11347013970479722 0.08754598717636178 0.06487237306185709 0.1265107378499754 0.10212312573431749
0.11250724291930554 0.06764419972981425 0.2665043729948681 0.08455524966226782 0.13868596294652102 0.10293961444560815 0.12569705770689366 0.10146629959472138
0.11789935467745113 0.06746975071893545 0.22686209876045096 0.0843371883986693 0.16116693824680722 0.115687148126634 0.1253728949926487 0.10120462607840316
0.11982677838815849 0.06763676343305763 0.2091512103508733 0.08454595429132203 0.17143110932620112 0.12026979954713415 0.12568323951366678 0.10145514514958644
0.1055396446880443 0.05929349502648764 0.2818342334134284 0.11858699005297528 0.11572640977337982 0.08007529186431644 0.13221564413369036 0.10672829104767775
0.0815458303991868 0.10470185728380504 0.1639182852110263 0.1308773216047563 0.10636116510964419 0.1667737885078654 0.08876896595800862 0.15705278592570754
0.09989852636753445 0.06287544352060913 0.2623727008952535 0.12575088704121826 0.1011290926602414 0.09459469652164393 0.14020285465640303 0.11317579833709643
0.09980485846888315 0.059532316350496765 0.31239418457053736 0.11906463270099353 0.0948848489122877 0.07441280952465043 0.13274818004125696 0.10715816943089418
0.09732860342725208 0.0578718073761776 0.3367488959785449 0.1157436147523552 0.09086742220759458 0.06822491011527046 0.12904549286568556 0.10416925327711968
0.11376722642145355 0.06797347110096291 0.2593023385595206 0.08496683887620364 0.1408226562764534 0.10489834939650054 0.12630891271746092 0.10196020665144435
0.10198715448526384 0.0581731223329509 0.30847576672657373 0.1163462446659018 0.10493617349476535 0.07565253784832432 0.12971738024690838 0.1047116201993116
0.09777087995365737 0.05772449359312195 0.3344362082397134 0.1154489871862439 0.09359689223667814 0.0684014452063624 0.12871700511660328 0.10390408846761952
0.07969706815394842 0.10422569952900002 0.18073205821058974 0.13028212441125003 0.09940236276069235 0.1609568706490411 0.08836526699197828 0.15633854929350002
0.09869567939871952 0.06240943910456909 0.2714805904132142 0.12481887820913817 0.0984609449059372 0.09263374321866578 0.13916373436153168 0.11233699038822435
0.09906848884427472 0.059248597081193205 0.3169639299588762 0.11849719416238641 0.09378961116587353 0.0736691756243786 0.1321155284168696 0.10664747474614777
0.11489188090277147 0.06842529414775947 0.2511344238686564 0.08553161768469934 0.14289754493959503 0.10733280288568428 0.12714849434919487 0.1026379412216392
0.12092693034004628 0.06741921874905477 0.21992522788723776 0.08427402343631844 0.16323587088637506 0.11781090454369426 0.1252789960336913 0.10112882812358213
0.10857617259492595 0.05867298933871185 0.28694739434356237 0.1173459786774237 0.11263410739184135 0.07937996778111388 0.13083200906273956 0.10561138080968133
0.13797936990094553 0.07758170592441896 0.2701425535161616 0.0969771324055237 0.12882965364683208 0.09308789990842103 0.10812226553272569 0.08727941916497133
0.09046096597530238 0.10220987817907451 0.15897558557879984 0.12776234772384315 0.10898737891206461 0.17163282529743637 0.08665620106486752 0.15331481726861176
0.11896146847585994 0.07104664170542214 0.18374593316796028 0.08880830213177766 0.15409157183670916 0.14475661426853964 0.13201950585559785 0.1065699625581332
0.12609165118539045 0.06812007862429621 0.1904699664734325 0.08515009828037026 0.1696160033411843 0.13179074402865987 0.12658134013022207 0.10218011793644431
0.08844896919185304 0.1016939938445329 0.13247328327417665 0.1271174923056661 0.12075066163392574 0.19075578811485525 0.08621882086819094 0.15254099076679933
0.11999093563545976 0.070947116956443 0.171429322735071 0.08868389619555374 0.15928829576587328 0.15140518920115625 0.1318345680757784 0.10642067543466448
0.08722121007291346 0.10188213742224554 0.12619992793227405 0.12735267177780693 0.11743336180758752 0.20070915095233502 0.08637833390146905 0.1528232061333683
0.1064508296231714 0.06316546063169777 0.2401011574892743 0.12633092126339554 0.10540877620291714 0.10399547612449317 0.14084954952799472 0.11369782913705598
0.08551541806028656 0.1046274196767477 0.15010892616034463 0.1307842745959346 0.10305290683408938 0.18026406934458075 0.0887058558128948 0.1569411295151215
0.11932470431284042 0.0712913128603167 0.18009584775493398 0.08911414107539588 0.15189563171623127 0.14886723700309878 0.1324741559867079 0.10693696929047504
0.08705986267261104 0.10188666782404421 0.1289454357750456 0.12735833478005523 0.11521139807268901 0.2003261242451904 0.08638217489429835 0.15283000173606628
0.10649296751673001 0.06308180083693367 0.2416319693131441 0.12616360167386734 0.10463374580649984 0.10378567267413709 0.14066300067220733 0.1135472415064806
0.1422515835502442 0.07918498583446282 0.2499013040185026 0.09898123229307854 0.12795771862094113 0.10228337927134398 0.1103566873476562 0.08908310906377066
0.15375863683372434 0.07629920657955469 0.24965564254983025 0.09537400822444336 0.133534668641785 0.09920632806170943 0.10633490170695402 0.08583660740199901
0.13845088879485393 0.06631596002251881 0.21779078640199614 0.0828949500281485 0.15766686754927287 0.11417769638131842 0.1232289107881133 0.09947394003377821
0.09263086047606628 0.10142798894713205 0.14141712672906803 0.12678498618391507 0.11725902007719517 0.18234473918900915 0.08599329497691632 0.15214198342069807
0.12186124593467389 0.0707159862604727 0.17520120778451645 0.08839498282559086 0.1574085548771358 0.14893896398020207 0.13140507894669926 0.10607397939070903
0.08818541942996332 0.1016808347028005 0.12730761102471955 0.12710104337850064 0.11680108107646617 0.200195094128801 0.08620766420454826 0.15252125205420072
0.10715398285036096 0.06303173471042312 0.24051327569798026 0.12606346942084623 0.10509385912298669 0.10413519503599619 0.14055136068264498 0.11345712247876161
0.09923602343097236 0.12036503630896786 0.1730186607172463 0.1504562953862098 0.08890409335604911 0.1560727616478069 0.07653646330515891 0.13541066584758882
0.10911492703064853 0.06218516392433096 0.26630180704134804 0.12437032784866192 0.0952793088255217 0.09215153608218488 0.13866363418350816 0.11193329506379575
0.12532814570165882 0.06885041949698788 0.22915602687708184 0.08606302437123484 0.14443471690415519 0.11495357132317607 0.12793846608022375 0.10327562924548181
0.08952581906179573 0.10186535661268238 0.14515512616012968 0.127331695765853 0.11336790125286042 0.1835919595342939 0.08636410669336117 0.15279803491902358
0.13981773410826864 0.08183457181652455 0.20474592040556128 0.10229321477065567 0.13510883702770252 0.13008652793041392 0.11404930064728329 0.09206389329359012
0.1182814289637136 0.05899758924562457 0.27867040188663444 0.11799517849124914 0.10511738073406787 0.08318654162917834 0.13155581840740763 0.10619566064212424
0.10888437766970692 0.057964738526046604 0.31849711700492644 0.11592947705209321 0.09430774373703829 0.07082730120373198 0.12925271545957256 0.1043365293468839
0.10426880230987363 0.05697583176554991 0.33843573072964855 0.11395166353109983 0.08980586710817218 0.06695800639597717 0.1270476009816889 0.10255649717798984
0.10195620240479474 0.05641733856022184 0.34814908970879493 0.11283467712044368 0.08777903639698964 0.06551020190935386 0.1258022444910021 0.1015512094083993
0.10080839149325294 0.05613613299863528 0.35282942879155876 0.11227226599727055 0.08683560167828863 0.06489794158380678 0.12517519805964344 0.1010450393975435
0.11968589614429 0.0668591938694169 0.26495764115804876 0.08357399233677112 0.13752509030862603 0.10287104259152176 0.12423835278720005 0.10028879080412534
0.10892510971329043 0.05731949489761224 0.3100649024984989 0.11463898979522448 0.1031547144205137 0.07490777938597523 0.1278139184731831 0.10317509081570202
0.12334590405595396 0.06733850115191568 0.2464847532763642 0.08417312643989461 0.1455182079040169 0.10700274957213803 0.12512900587184334 0.10100775172787352
0.11089456642859216 0.05776556711486823 0.3004315630828893 0.11553113422973646 0.1061929473153204 0.07639760808210955 0.12880859293972108 0.1039780208067628
0.08691792840316888 0.10344249449626162 0.16949545157265597 0.12930311812032705 0.10287306546241554 0.1651029548669913 0.08770124533378704 0.15516374174439243
0.1383984170888435 0.08171472414204693 0.2171811012010936 0.10214340517755867 0.13071363146466583 0.12403738213518808 0.11388227413080049 0.09192906465980279
0.1346319492705572 0.0673857352754893 0.20471959505241394 0.08423216909436161 0.15816215076549453 0.1245730208851895 0.12521677674325996 0.10107860291323395
0.13264919873833755 0.06692336571005737 0.1982105248130453 0.08365420713757171 0.16962884618877683 0.1241912113709738 0.12435759747615138 0.10038504856508607
0.09111800949794802 0.10125558819294944 0.13484588110087367 0.1265694852411868 0.12068522745377382 0.1877952971037348 0.08584712912010932 0.15188338228942416
0.10780741599366028 0.06274301870829713 0.24450505249221513 0.12548603741659425 0.10581750774929893 0.10079596687515473 0.13990756708984464 0.11293743367493483
0.10772744362275723 0.05938817209458299 0.30210750471295944 0.11877634418916598 0.09639220019994209 0.0762828655457055 0.13242675986463728 0.10689870977024939
0.10481760614703732 0.05755904692265948 0.33061382884565105 0.11511809384531896 0.0911665792958023 0.06877047674773909 0.12834808373500486 0.10360628446078705
0.13805800516041622 0.07630222486631733 0.2898338853957489 0.09537778108289666 0.11915499921212135 0.08909399314531971 0.10633910816257285 0.08584000297460699
0.11335489530244204 0.05646785104775953 0.32216446015675654 0.11293570209551906 0.09667424887036818 0.07084583084215364 0.12591487979903393 0.10164213188596717
0.10525889484221136 0.05663733954733077 0.3398458945010682 0.11327467909466155 0.09008749181186136 0.0666556751613845 0.1262928138562868 0.1019472111851954
0.12160432732988026 0.06704181405523783 0.25942780340813887 0.08380226756904728 0.13926091058908813 0.10372245671385381 0.12457769925189716 0.10056272108285673
0.10207788218727235 0.11706226578661966 0.17848386892667512 0.14632783223327456 0.09656489166266333 0.15335187814444723 0.07443633204910054 0.13169504900994708
0.109534593787228 0.06170916415618788 0.26861096311499894 0.12341832831237576 0.09697336011114016 0.09107486929164063 0.13760222574529057 0.11107649548113818
0.09985114403510977 0.11987662396456636 0.18308389055127114 0.14984577995570794 0.08655403578828254 0.1497014269848477 0.07622589676007752 0.13486120196013712
0.14365593905239052 0.08161229302087905 0.22391374987549048 0.10201536627609879 0.12419012973349357 0.11905917208234407 0.11373952031081463 0.09181382964848891
0.13653829259816838 0.06735137462901739 0.2077603248169291 0.08418921828627174 0.15521045409992223 0.1227703461438864 0.12515292748227858 0.10102706194352608
0.133345688028509 0.06690867852106831 0.19958566027041202 0.0836358481513354 0.1682953615093283 0.12353544012769946 0.12433030561004486 0.10036301778160248
0.15185589553892867 0.07683720900061318 0.2250113499128215 0.09604651125076648 0.1500385817249338 0.10668390005173535 0.10708469239451127 0.08644186012568982
0.12053089849788078 0.057864141529262156 0.2881306496236204 0.11572828305852431 0.10795208214789279 0.07661009121892716 0.12902839917122036 0.10415545475267185
0.12800884172300106 0.06757954481289423 0.23699861427475977 0.08447443101611779 0.1480643191755068 0.10792801641710553 0.1255769153612736 0.10136931721934132
0.1128052410158391 0.05798471438030789 0.29538627501621884 0.11596942876061578 0.10730284909881774 0.07688174721054201 0.12929725863310446 0.1043724858845542
0.10637725360520205 0.05744221173226921 0.3267623525482082 0.11488442346453842 0.09419394562884907 0.06885627320432568 0.12808755869852267 0.10339598111808458
0.10313109828814408 0.056720997040056884 0.34244193096822945 0.11344199408011377 0.08943081174720675 0.06625601562527345 0.1264793575788731 0.10209779467210238
0.1014485762693785 0.056294051001326305 0.35007163977482425 0.11258810200265261 0.087512743622236 0.06522826389140161 0.1255273316357933 0.10132929180238735
0.10059159655622757 0.05607574735774532 0.3537453675516669 0.11215149471549064 0.08668482353571726 0.06477407794596951 0.12504054709324106 0.10093634524394157
0.08416259955483095 0.10307257065966897 0.18669616881881082 0.12884071332458621 0.09669803342869261 0.15853344396897023 0.08738761425493675 0.15460885598950347
0.1036376178979993 0.06169341657823563 0.2735798213515728 0.12338683315647125 0.09692169110845861 0.09216535906959611 0.13756711099684182 0.11104814984082412
0.08533681013417767 0.10425232160104798 0.1608089350757018 0.13031540200130998 0.10035052775267891 0.1741696831543624 0.08838783787914939 0.15637848240157198
0.10520775060121398 0.06244109842499674 0.2596881939803056 0.12488219684999348 0.09909781193163127 0.09705464112605122 0.13923432992081364 0.11239397716499414
0.10626559882446034 0.059003274319134935 0.3099496380258806 0.11800654863826987 0.09390539729011595 0.07509515385487815 0.1315684952728173 0.10620589377444288
0.08590606437797677 0.10378092680176952 0.17266707213492122 0.1297261585022119 0.09928436130735467 0.1649758496020461 0.08798817707106547 0.15567139020265428
0.10415060930029886 0.0687763285584337 0.2649359791932767 0.12288176013589874 0.09766539363165597 0.09399235278720719 0.13700399227091992 0.11059358412230885
0.08492897991972918 0.11167043951781325 0.15731399757444184 0.1292024186104225 0.09993432529164556 0.17427399195680632 0.08763294479663439 0.15504290233250698
0.09091155489205392 0.14480938165382198 0.1396922103135999 0.14697552879476103 0.08570891382357362 0.18485862213304796 0.0747658124738567 0.13227797591528492
0.1206662097535148 0.09086550468480566 0.17370699936291564 0.08734544089797495 0.14245749863543314 0.15029895320810963 0.1298448643796762 0.10481452907756994
0.1004858359846344 0.13788298405644478 0.1449828334879345 0.1442449701726404 0.09616831435462615 0.1730377996135655 0.07337678917477794 0.12982047315537634
0.10931295033836215 0.0790176218380454 0.24810989245659662 0.12273480200530398 0.09709411115854995 0.09642915547603692 0.13684014492233143 0.1104613218047736
0.10736383926387834 0.068318066713016 0.3029918825790438 0.11722073749231196 0.09313068718796301 0.07478374853300913 0.13069237448769705 0.10549866374308077
0.09746479515547754 0.13376483707093817 0.1934226606034592 0.1460335099151696 0.08396788665022649 0.1396295401155336 0.0742866115655428 0.13143015892365262
0.12206159992748035 0.08846119356770649 0.19732929998542278 0.0864721880071196 0.14043080378649403 0.13293157381112702 0.12854671530610615 0.10376662560854354
0.11241829015423686 0.06975845359533296 0.27393560624832053 0.11722055327597329 0.10656842553957192 0.08390800413796147 0.13069216910022693 0.10549849794837596
0.08643672483936686 0.11717840191518007 0.15966615554148395 0.12759291432542652 0.10192911945523862 0.16754390571206804 0.08654128102072409 0.15311149719051184
0.13635829409483707 0.09953521339611865 0.20982001700294123 0.10007632460379745 0.1287195106265562 0.12384431458153052 0.11157763355080104 0.09006869214341771
0.11616909974372425 0.07050736924612208 0.28007499286063875 0.11602358285376603 0.10231826072714523 0.08112783359459744 0.12935763640561673 0.10442122456838943
0.10755738928358924 0.0658637049519378 0.3183864850570659 0.11456255826581042 0.09287436345770894 0.0699204935229264 0.12772870302173192 0.10310630243922939
0.10324645867764369 0.0642534156537262 0.33764693827080144 0.11267554494434802 0.08881132035250924 0.06633350766086704 0.125624823990191 0.10140799044991324
0.10105625527218746 0.06348064586214068 0.34707789751264206 0.1116073069380426 0.08693315058445193 0.0649643492538824 0.12443381833241465 0.10044657624423835
0.09995973524710944 0.06309891390974624 0.3516490532722666 0.11107066838319596 0.08604405088445004 0.06437847036694126 0.123835506391414 0.09996360154487637
0.09941860149136347 0.06291271008437904 0.35385526943447815 0.11080927257793269 0.085619746217901 0.06411198529811096 0.1235440695756951 0.09972834532013942
0.09447501080449827 0.1311928210117176 0.21135576250112584 0.14446246235230517 0.08138571791326035 0.13362458279906284 0.07348742650095524 0.13001621611707465
0.10447609112596123 0.07607798565513606 0.2844425383378957 0.11941606029887777 0.09022401116344761 0.08474886356273377 0.13313999558695777 0.10747445426899002
0.10413416647207453 0.06679481911173965 0.3213786636376027 0.11511445074109386 0.08968969146462642 0.07094118096021096 0.12834402194566732 0.10360300566698445
0.10215227894323223 0.06436165072606276 0.33929954840563953 0.11268601657603712 0.08789780365391776 0.06654878769861794 0.12563649907805927 0.1014174149184334
0.11973328520442565 0.07548177487768042 0.25863407103669217 0.08292540543973118 0.13739185722365366 0.10304893488719569 0.12327418480294365 0.09951048652767741
0.08701901633727467 0.11608023557764942 0.1532345445957139 0.12463956563460588 0.10984887360592624 0.17507214531774423 0.08453814016955877 0.149567478761527
0.10456111920004472 0.07601539537463264 0.2528758093095127 0.12239404630481042 0.10089334037161635 0.0966454200192428 0.136460227745811 0.11015464167432938
0.12301734419282595 0.07894750288018666 0.22234466643450604 0.08510470043399118 0.1459927642558194 0.11595352809941102 0.1265138531824705 0.10212564052078943
0.11133436987280274 0.06762871817172036 0.2868965828173219 0.1155326810084136 0.10688631920812205 0.07893159853153205 0.12881031748251487 0.10397941290757225
0.08612428686311052 0.11658634419883424 0.16387158333573146 0.1273942263257433 0.10198179554210289 0.16476217341829896 0.08640651872528675 0.15287307159089192
0.10403243604748598 0.07593567400226701 0.25915994727081193 0.12226668323063389 0.09831883353292921 0.09392818358549022 0.13631822742281122 0.1100400149075705
0.08442572086147922 0.11891695225196423 0.15484174650816004 0.12820551258792387 0.09956736245511257 0.17323930777891183 0.08695678245093967 0.15384661510550862
0.10397406371718079 0.07661033938858541 0.2543814912461813 0.12292216296912871 0.0980697082251529 0.09636324936672057 0.13704903841483454 0.11062994667221585
0.14003040169391426 0.09013800368284929 0.25427914714261585 0.09707740855832887 0.12378766208992287 0.09908364317006436 0.10823406595980846 0.08736966770249599
0.13317584604417598 0.07852647773538679 0.2193824713221461 0.08202806397258398 0.15258928735051988 0.11392395036526007 0.12194022644282633 0.09843367676710078
0.11438606220637752 0.06733680797244786 0.2846306726448687 0.1150135872465573 0.10860804777684321 0.07828102695461826 0.12823156667638552 0.10351222852190158
0.0994891632224991 0.1333672658670534 0.18680758673729156 0.14579244791264845 0.08801427730583711 0.1411520714603308 0.07416398437295596 0.1312132031213836
0.10717977849481743 0.07714542566575391 0.27123712191886584 0.12072453713188759 0.09309825240328332 0.08736395135845423 0.13459884960823884 0.10865208341869882
0.12365338318267127 0.0788612754294845 0.2303431887777922 0.08480867762395233 0.14214008603353057 0.11234918041060757 0.1260737953932187 0.10177041314874281
0.08804013816138323 0.11696023384954503 0.1440981844156389 0.12488753222101866 0.11131183855384834 0.18013070793126118 0.08470632620208222 0.14986503866522238
0.13709933034364427 0.09950213813714442 0.20161733056335385 0.0999969403894898 0.132428999826509 0.12786888831327498 0.1114891260760431 0.0899972463505408
0.09110367713504458 0.12092933342605443 0.1343878975769361 0.12437688918307782 0.10789924177734755 0.18769071687071492 0.08435997701113106 0.14925226701969338
0.10674984249431001 0.07724594814988531 0.2423134211630801 0.1233875765052148 0.10110611377665042 0.10058033928094896 0.13756793977521709 0.11104881885469332
0.08507864630843548 0.11918994707836918 0.1493591911166736 0.12823265078517201 0.10037538979466783 0.17690980474627183 0.08697518922820363 0.15387918094220643
0.1044103749068881 0.07680662176683936 0.2513043043272396 0.12317635309736455 0.09851871445542693 0.09759247222020834 0.13733244143840495 0.1108587177876281
0.08450808062232737 0.11911813235757551 0.15226916959875067 0.12824836464609213 0.0996140975208857 0.17535827035388252 0.08698584732517554 0.15389803757531056
0.0782662434047615 0.12640094266256618 0.11885209235524721 0.12670994307950578 0.09841788874971791 0.21335856187712982 0.0859423961756648 0.15205193169540696
0.10354647529619224 0.0787821497302519 0.23428467332602165 0.12484290809426121 0.0992673631566003 0.10772728722166879 0.13919052589016884 0.11235861728483508
0.1062905123509999 0.06881912737770259 0.29613092408332925 0.11818506853013214 0.09443087894653669 0.07800939540431676 0.13176753162986374 0.10636656167711893
0.08497963787824245 0.11715195650567255 0.16692739746811464 0.1278046256040723 0.09833504767035228 0.16475090765198389 0.08668487649667513 0.15336555072488675
0.0785206615216462 0.12619660436415595 0.1236393334785453 0.1268880154687036 0.0982126086306975 0.20821398226459958 0.08606317570920766 0.1522656185624443
0.10342784129392964 0.0786015015614856 0.23702034431008048 0.1246036290496841 0.09900943788295463 0.10627023214503954 0.1389237476121105 0.1121432661447157
0.10612004970277039 0.06870572846263706 0.2975340529538547 0.11802106844149166 0.09423859740891823 0.07757685766314332 0.1315846837698422 0.10621896159734251
0.10390224433963696 0.06536990877624968 0.32762690291747687 0.11412189108675203 0.09016509040046997 0.06886686849864534 0.12723739200269218 0.10270970197807684
0.10174542682959607 0.06395235148229926 0.34226777358446764 0.11223716338849359 0.08773634839211424 0.06591142800293001 0.1251360612704548 0.10101344704964424
0.08358194322092319 0.1155183418918252 0.18177675789313605 0.12699252305449438 0.09597616822300958 0.15762917893599618 0.08613405911522228 0.15239102766539322
0.07822025367141731 0.12591255263282322 0.12837517081876326 0.12690549283955646 0.09757214686730165 0.2046527618367101 0.08607502992596004 0.15228659140746775
0.10312378231442143 0.07840973425187242 0.23971485744389617 0.12435595029297701 0.09862229602637121 0.10520542012491112 0.13864760428187137 0.1119203552636793
0.10589443083970732 0.0685933650629314 0.2989195693056222 0.11786088798840805 0.09401282330926093 0.07723802978608371 0.13140609451841911 0.10607479918956726
0.13873429033765242 0.0873205757828878 0.2743434803526103 0.09529308245989475 0.12038789783572572 0.09191222349860531 0.10624467551871847 0.08576377421390527
0.11352957445394908 0.0667763747173212 0.3132516902898425 0.11210821183913434 0.09692921970193948 0.07151524842642336 0.12499228991616916 0.10089739065522091
0.1050932995090868 0.06430207120396693 0.33474806687346825 0.11251251595238551 0.08992502418688132 0.06671469908656859 0.1254430588304955 0.10126126435714697
0.1017068239734741 0.06353112248038922 0.3455926372529764 0.11168054028577346 0.0873103423681841 0.06515057933204729 0.12451546804995935 0.1005124862571961
0.10021166886878306 0.06313733377698888 0.3509114449804947 0.11112783861152092 0.08619303659684158 0.0645043754854407 0.12389924692956139 0.10001505475036884
0.09952134691948687 0.06293290571560677 0.3534921675965267 0.11083652795001565 0.08568278233464803 0.06420693704711737 0.1235744572815846 0.09975287515501408
0.08292688886069775 0.11512246307871817 0.18534893624478324 0.12676066752408768 0.09523910543732704 0.15651233724392577 0.08597680058155513 0.1521128010289052
0.11670086020168867 0.08583026265501072 0.19361137060640815 0.08655656480281915 0.1455497872933838 0.13921112959729492 0.12867214708001173 0.10386787776338297
0.08588944067094804 0.11807479927616127 0.13171046163517094 0.12458241305096363 0.11183512012109505 0.19390949377602495 0.08449937580847967 0.14949889566115634
0.10514482698208617 0.07697170371261129 0.24084028256645001 0.12352530426260931 0.10241488229693387 0.10220873039644002 0.1377214959465211 0.11117277383634835
0.10638298279539134 0.06829438065604962 0.2993046528504883 0.11762189224180801 0.0949612337384 0.07643552260377198 0.13113963209646354 0.10585970301762719
0.08499344465704907 0.11699982007233486 0.16796879856785127 0.12774488956306462 0.09848382321588854 0.16387099657057733 0.08664435987755686 0.1532938674756775
0.10352798611191825 0.07589267693878386 0.2615031625601093 0.12212125888808095 0.09715866944672263 0.0937310229216847 0.13615609013342755 0.10990913299927285
0.104931259624737 0.06752729085551375 0.30990198092201054 0.1164850084598319 0.09262308574146468 0.07382277526095977 0.12987209152163348 0.10483650761384872
0.13784934828091316 0.0868008331058872 0.27930095385874765 0.09488197703243326 0.11943874375170811 0.09054804099451232 0.10578632364660842 0.08539377932918991
0.11300718226500577 0.06655733618003416 0.315776728025102 0.111831819332672 0.09644911166845686 0.07104505223155443 0.12468413289777011 0.1006486373994048
0.10481334130926369 0.06419676401724334 0.3359923089204683 0.11236691627441056 0.08968847366522718 0.06653124511121647 0.12528072605520102 0.10113022464696951
0.10156374853390726 0.06347977432274039 0.3461976343886654 0.1116086653258735 0.0871952133982227 0.06507183240383071 0.1244353328334739 0.10044779879328616
0.10014043128253117 0.06311246904067914 0.3512039058880692 0.11109302373615991 0.08613738784714023 0.06446862990121756 0.12386043094165887 0.09998372136254391
0.08310352036472295 0.11519631428728556 0.18462425097368157 0.1268062665023657 0.09540082768166296 0.15669357180322918 0.08600772858421327 0.15216751980283885
0.10215259345855139 0.07509784898812459 0.27053011954595646 0.12116049052842794 0.09554718382275339 0.09138241706905523 0.13508490511154578 0.10904444147558515
0.12177792452194523 0.07855715857458524 0.22998384485649254 0.0847957562833761 0.1432049670520824 0.11387085421886603 0.1260545869526009 0.10175490754005131
0.12704411097985271 0.07737806426880596 0.2089187280218463 0.0826650247519675 0.1619795311167485 0.11992939973609008 0.12288711142232782 0.099198029702361
0.14767039282585678 0.08829363956623382 0.22812807058774787 0.09446777334924483 0.14627972590880883 0.1048148842972116 0.10532451745057594 0.08502099601432035
0.11828453861757127 0.06797904519401064 0.28858267652924924 0.11390353101476887 0.10605152202916615 0.07569157188398323 0.1269939368179587 0.10251317791329198
0.08789006476102888 0.11657152807772005 0.16448418028850412 0.12724993754943664 0.10170139214256071 0.16309431882702527 0.0863086532944005 0.15269992505932395
0.11883171922351017 0.08625088073771109 0.18429078525335674 0.08679002975637157 0.14878678626817904 0.14188255463927613 0.12901920841394937 0.10414803570764589
0.11194582845837965 0.06983937845910063 0.26682078903981893 0.11782302299825707 0.10959150677722249 0.08657487568864364 0.1313638778801463 0.10604072069843136
0.14202501295773304 0.0879984481768211 0.2589267641640653 0.09581600733429885 0.1269316352444183 0.0952400277923598 0.10682769772943466 0.08623440660086895
0.11525644042506182 0.06727450681476319 0.3052061339903154 0.11282425649616387 0.09939110025763949 0.07271510489692004 0.1257906262725887 0.10154183084654748
0.09950136066119077 0.1329163695369756 0.19405887189174503 0.14524571950826237 0.08536073306564677 0.13830993176801848 0.07388586601072479 0.13072114755743613
0.10683506857259438 0.07683048771123696 0.27511103837893364 0.1202907165418706 0.09201687357141651 0.08653899831122362 0.13411517202504078 0.10826164488768354
0.14029273023553754 0.08949850480318959 0.26369984913828587 0.0962898596215344 0.12066287339353893 0.09553930148094146 0.10735600766759133 0.08666087365938095
0.15134479256580952 0.08903512112767924 0.25415486028532824 0.09308709138349883 0.1287690243104155 0.09604556798738301 0.10378516009473676 0.08377838224514896
0.1182095538845254 0.06731571376554032 0.3022659537905571 0.11259809198600498 0.09988199396965751 0.07285194009460015 0.12553846972171 0.10133828278740449
0.12601970406894528 0.07614336200531907 0.2423218735812564 0.08319616744520501 0.1431176426507499 0.10568915860468998 0.12367669070958835 0.099835400934246
0.11120096602428291 0.0665418684314044 0.2971081205628759 0.1141855397541029 0.10502312273491979 0.07586504119683367 0.12730835551688785 0.10276698577869259
0.10514339687037186 0.06479814086658107 0.3268259267684832 0.1134790580351175 0.09288634715395236 0.06821529695115294 0.12652068112273546 0.10213115223160574
0.10209061443479962 0.06384316562941425 0.3417548946904459 0.11214865924328947 0.08845858905602433 0.06573289787372666 0.12503738575333917 0.10093379331896053
0.10050522344533895 0.06329563425757849 0.3490620232936773 0.11135271651821249 0.08666519472218068 0.06475179388303166 0.12414996901358916 0.10021744486639124
0.1188288607012261 0.07510252138367594 0.2626717594846838 0.0826479097245704 0.13649359052293125 0.10221619772884276 0.12286166878458525 0.09917749166948449
0.12520276261079477 0.07633733004749008 0.22296524458079964 0.08201385720792846 0.15807872705927117 0.11506634271122158 0.1219191071329802 0.09841662864951414
