Action: 0
[0.1234335106710923, 0.09201955926464757, 0.27410608810502807, 0.09201955926464757, 0.13570934498045564, 0.09867281918483363, 0.09201955926464757, 0.09201955926464757]
[0.22446392553538766, 0.09695999287497706, 0.19377611721475002, 0.09695999287497706, 0.09695999287497706, 0.09695999287497706, 0.09695999287497706, 0.09695999287497706]
[0.13356577734243502, 0.09628807787677805, 0.28864766019914406, 0.09628807787677805, 0.09634617307453065, 0.09628807787677808, 0.09628807787677805, 0.09628807787677805]
[0.125, 0.125, 0.125, 0.125, 0.125, 0.125, 0.125, 0.125]
[0.1347064755453174, 0.09632246684266849, 0.2873284579991593, 0.09632246683706483, 0.09632551168638616, 0.09634968741527415, 0.09632246683706483, 0.09632246683706483]
[0.1203289229095549, 0.09587394853231901, 0.2957437987969296, 0.09587394853231901, 0.10455753563192041, 0.09587394853231901, 0.09587394853231901, 0.09587394853231901]
[0.125, 0.125, 0.125, 0.125, 0.125, 0.125, 0.125, 0.125]
[0.125, 0.125, 0.125, 0.125, 0.125, 0.125, 0.125, 0.125]

Action: 1
[0.09609218252663863, 0.09609218252663863, 0.09609218252663863, 0.09609218252663863, 0.2612402806212805, 0.16220662421888754, 0.09609218252663863, 0.09609218252663863]
[0.20498405320191787, 0.10249202660095894, 0.10249202660095894, 0.10249202660095894, 0.10249202660095894, 0.18006378719232846, 0.10249202660095894, 0.10249202660095894]
[0.09755726495575517, 0.09732908728975638, 0.09732908728975638, 0.09732908728975638, 0.11794025638242031, 0.29785704221304266, 0.09732908728975638, 0.09732908728975638]
[0.125, 0.125, 0.125, 0.125, 0.125, 0.125, 0.125, 0.125]
[0.0975061345364022, 0.0975061345364022, 0.0975061345364022, 0.0975061345364022, 0.2647076519406545, 0.15025554084093243, 0.0975061345364022, 0.0975061345364022]
[0.0985818450785649, 0.0985818450785649, 0.0985818450785649, 0.0985818450785649, 0.10690752553378408, 0.3016014039948265, 0.0985818450785649, 0.0985818450785649]
[0.125, 0.125, 0.125, 0.125, 0.125, 0.125, 0.125, 0.125]
[0.125, 0.125, 0.125, 0.125, 0.125, 0.125, 0.125, 0.125]

