Action: 0
[0.10291071311629829, 0.10286072889327452, 0.259041908926934, 0.10286072889327452, 0.12374373303255555, 0.10286072935111396, 0.10286072889327452, 0.10286072889327452]
[0.10728090905424628, 0.10471672174918366, 0.1597020387014682, 0.10471672174918366, 0.20943344349836732, 0.10471672174918366, 0.10471672174918366, 0.10471672174918366]
[0.2101504426020963, 0.10506808047435676, 0.15943366622847507, 0.10506808047435676, 0.10507523863984547, 0.1050683306321562, 0.10506808047435676, 0.10506808047435676]
[0.125, 0.125, 0.125, 0.125, 0.125, 0.125, 0.125, 0.125]
[0.11149714870779143, 0.10408425974714788, 0.26381696662430076, 0.10408425974476086, 0.10408438819396967, 0.10426445749250779, 0.10408425974476086, 0.10408425974476086]
[0.12620989476855896, 0.10125350202851215, 0.11423148617894971, 0.10111063186866469, 0.2022213167690383, 0.15275190464894692, 0.10111063186866469, 0.10111063186866469]
[0.125, 0.125, 0.125, 0.125, 0.125, 0.125, 0.125, 0.125]
[0.125, 0.125, 0.125, 0.125, 0.125, 0.125, 0.125, 0.125]

Action: 1
[0.10491927309022525, 0.10492374874816102, 0.10491927309022525, 0.10491927309022525, 0.15956791910336524, 0.21091196669734755, 0.10491927309022525, 0.10491927309022525]
[0.10524550698090472, 0.10524550698090472, 0.10524550698090472, 0.10524550698090472, 0.10524550698090472, 0.263281451133667, 0.10524550698090472, 0.10524550698090472]
[0.10505966513343037, 0.10452946787116324, 0.10452946787116324, 0.10452946787116324, 0.10793388762038324, 0.26435910789037015, 0.10452946787116324, 0.10452946787116324]
[0.125, 0.125, 0.125, 0.125, 0.125, 0.125, 0.125, 0.125]
[0.10411376666426557, 0.10411375458145906, 0.10411375458145906, 0.10411375458145906, 0.21561370593202947, 0.1597037544964096, 0.10411375458145906, 0.10411375458145906]
[0.1075193116166033, 0.1044296853610217, 0.10441562146031935, 0.10441562146031935, 0.2104371772984814, 0.15995133988261617, 0.10441562146031935, 0.10441562146031935]
[0.125, 0.125, 0.125, 0.125, 0.125, 0.125, 0.125, 0.125]
[0.125, 0.125, 0.125, 0.125, 0.125, 0.125, 0.125, 0.125]

