Action: 0
[0.1498958197944139, 0.09589518457055872, 0.16738558986689875, 0.09586399841148502, 0.1951541197939443, 0.10407729073972932, 0.09586399841148502, 0.09586399841148502]
[0.10121249764482435, 0.10121249764482435, 0.2915125164862295, 0.10121249764482435, 0.10121249764482435, 0.10121249764482435, 0.10121249764482435, 0.10121249764482435]
[0.2299003548913595, 0.09530076927802615, 0.17392876604887583, 0.09530076927802615, 0.1196670326696339, 0.09530076927802615, 0.09530076927802615, 0.09530076927802615]
[0.125, 0.125, 0.125, 0.125, 0.125, 0.125, 0.125, 0.125]
[0.1737643481029621, 0.09760930066011038, 0.24057942358200327, 0.09760930066011038, 0.09760972501091798, 0.09760930066367518, 0.09760930066011038, 0.09760930066011038]
[0.16043540925672695, 0.09809657113734724, 0.25098511607459273, 0.09809657113734724, 0.09809661898194412, 0.09809657113734724, 0.09809657113734724, 0.09809657113734724]
[0.125, 0.125, 0.125, 0.125, 0.125, 0.125, 0.125, 0.125]
[0.125, 0.125, 0.125, 0.125, 0.125, 0.125, 0.125, 0.125]

Action: 1
[0.09839608307782371, 0.09839608307782371, 0.09839608307782371, 0.09839608307782371, 0.18404065189316293, 0.22558284963989472, 0.09839608307782371, 0.09839608307782371]
[0.1111111111111111, 0.1111111111111111, 0.1111111111111111, 0.1111111111111111, 0.1111111111111111, 0.2222222222222222, 0.1111111111111111, 0.1111111111111111]
[0.09956218020869875, 0.09956218020869875, 0.09956218020869875, 0.09956218020869875, 0.11324084425845647, 0.28938607448935116, 0.09956218020869875, 0.09956218020869875]
[0.125, 0.125, 0.125, 0.125, 0.125, 0.125, 0.125, 0.125]
[0.09773162351941188, 0.09773162351941188, 0.09773162351941188, 0.09773162351941188, 0.13872436256433548, 0.2748858963191933, 0.09773162351941188, 0.09773162351941188]
[0.09752194392580407, 0.1597510784626301, 0.09752194392580407, 0.09752194392580407, 0.10158422141926614, 0.25105498048908353, 0.09752194392580407, 0.09752194392580407]
[0.125, 0.125, 0.125, 0.125, 0.125, 0.125, 0.125, 0.125]
[0.125, 0.125, 0.125, 0.125, 0.125, 0.125, 0.125, 0.125]

