Action: 0
[0.12133702551705239, 0.10397440785396428, 0.2548165279924935, 0.10397440771399859, 0.10397440777753778, 0.10397440771695635, 0.10397440771399859, 0.10397440771399859]
[0.10581404868427846, 0.10581404868427846, 0.25868353527768256, 0.10581404868427846, 0.1064321726166467, 0.10581404868427846, 0.10581404868427846, 0.10581404868427846]
[0.10583491576322623, 0.1058260297654448, 0.1528589201822841, 0.1058260297654448, 0.10582777485004853, 0.2121742701426619, 0.1058260297654448, 0.1058260297654448]
[0.125, 0.125, 0.125, 0.125, 0.125, 0.125, 0.125, 0.125]
[0.10582783402873847, 0.1058276654597615, 0.258684941938914, 0.10582766545493091, 0.10634883005625685, 0.10582773215153646, 0.10582766545493091, 0.10582766545493091]
[0.2109224664226542, 0.10639526785741507, 0.15317571182076636, 0.10545679366327959, 0.10752178400307923, 0.10561438890624641, 0.10545679366327959, 0.10545679366327959]
[0.125, 0.125, 0.125, 0.125, 0.125, 0.125, 0.125, 0.125]
[0.125, 0.125, 0.125, 0.125, 0.125, 0.125, 0.125, 0.125]

Action: 1
[0.10381478576732059, 0.10381478576732059, 0.10381478576732059, 0.10381478576732059, 0.14962494346120966, 0.22748634193486683, 0.10381478576732059, 0.10381478576732059]
[0.10392295627789744, 0.10392295627789744, 0.10392295627789744, 0.10392295627789744, 0.12197568899163491, 0.2544865733409804, 0.10392295627789744, 0.10392295627789744]
[0.10398593190429328, 0.10398553316199732, 0.10398520253747554, 0.10398520253747554, 0.12120846488819491, 0.2548792598956124, 0.10398520253747554, 0.10398520253747554]
[0.125, 0.125, 0.125, 0.125, 0.125, 0.125, 0.125, 0.125]
[0.10381188748068498, 0.10381188748095291, 0.10381188748047587, 0.10381188748047587, 0.1238955833026995, 0.2532330918137591, 0.10381188748047587, 0.10381188748047587]
[0.10398448933909663, 0.10402191491900734, 0.10397545631533639, 0.10397545631533639, 0.22519386489665275, 0.1508979055838978, 0.10397545631533639, 0.10397545631533639]
[0.125, 0.125, 0.125, 0.125, 0.125, 0.125, 0.125, 0.125]
[0.125, 0.125, 0.125, 0.125, 0.125, 0.125, 0.125, 0.125]

