Action: 0
[0.13484240230822395, 0.09558661491829505, 0.2901278840492161, 0.09558661491829505, 0.097096639051084, 0.09558661491829569, 0.09558661491829505, 0.09558661491829505]
[0.16414318249538537, 0.09619487828178362, 0.25868754781391295, 0.09619487828178362, 0.09619487828178362, 0.09619487828178362, 0.09619487828178362, 0.09619487828178362]
[0.25412262238185085, 0.09310903043035576, 0.16312015548816564, 0.09310903043035419, 0.11721206997821108, 0.09310903043035419, 0.09310903043035419, 0.09310903043035419]
[0.125, 0.125, 0.125, 0.125, 0.125, 0.125, 0.125, 0.125]
[0.1276361480250085, 0.08949542644797673, 0.1597667781390695, 0.08949493656916761, 0.14232807605041975, 0.21228876163002264, 0.08949493656916761, 0.08949493656916761]
[0.2182581605103877, 0.1050819183858949, 0.2022277510913335, 0.0948413599332579, 0.09506673027935232, 0.0948413599332579, 0.0948413599332579, 0.0948413599332579]
[0.125, 0.125, 0.125, 0.125, 0.125, 0.125, 0.125, 0.125]
[0.125, 0.125, 0.125, 0.125, 0.125, 0.125, 0.125, 0.125]

Action: 1
[0.09509248732304884, 0.09509248732304884, 0.09509248732304884, 0.09509248732304884, 0.15454418146276008, 0.2749008945989468, 0.09509248732304884, 0.09509248732304884]
[0.1111111111111111, 0.1111111111111111, 0.1111111111111111, 0.1111111111111111, 0.1111111111111111, 0.2222222222222222, 0.1111111111111111, 0.1111111111111111]
[0.10196656353172627, 0.09848637830020815, 0.09833657720467895, 0.09833657720467895, 0.10059443510762112, 0.3056063142417287, 0.09833657720467895, 0.09833657720467895]
[0.125, 0.125, 0.125, 0.125, 0.125, 0.125, 0.125, 0.125]
[0.09926808027204775, 0.1985361605440955, 0.09926808027204775, 0.09926808027204775, 0.09926808027204775, 0.20585535782361794, 0.09926808027204775, 0.09926808027204775]
[0.10768738642375653, 0.09401662336710477, 0.09401662336710477, 0.09401662336710477, 0.13605405436597431, 0.28617544237474535, 0.09401662336710477, 0.09401662336710477]
[0.125, 0.125, 0.125, 0.125, 0.125, 0.125, 0.125, 0.125]
[0.125, 0.125, 0.125, 0.125, 0.125, 0.125, 0.125, 0.125]

