Action: 0
[0.16115696633153842, 0.07729500635951313, 0.32277457395470166, 0.07729498845415232, 0.12781450378343404, 0.07907398420835578, 0.07729498845415232, 0.07729498845415232]
[0.08852620593784433, 0.08852620593784433, 0.38031655843508977, 0.08852620593784433, 0.08852620593784433, 0.08852620593784433, 0.08852620593784433, 0.08852620593784433]
[0.09129648087457812, 0.08068309327521961, 0.3795920442582945, 0.08068309327521951, 0.10096175469935556, 0.1054173470668936, 0.08068309327521951, 0.08068309327521951]
[0.125, 0.125, 0.125, 0.125, 0.125, 0.125, 0.125, 0.125]
[0.20062908933716503, 0.07283055897136446, 0.2497779948811294, 0.07283028926891241, 0.13544967428978893, 0.12282181471381497, 0.07283028926891241, 0.07283028926891241]
[0.16095982935795228, 0.07936338354290828, 0.22132629666757894, 0.07936338354290828, 0.22050126986841517, 0.0797590699344205, 0.07936338354290828, 0.07936338354290828]
[0.125, 0.125, 0.125, 0.125, 0.125, 0.125, 0.125, 0.125]
[0.125, 0.125, 0.125, 0.125, 0.125, 0.125, 0.125, 0.125]

Action: 1
[0.08792629314666305, 0.1758525862933261, 0.08792629314666305, 0.08792629314666305, 0.227747482761718, 0.15676846521164062, 0.08792629314666305, 0.08792629314666305]
[0.1111111111111111, 0.1111111111111111, 0.1111111111111111, 0.1111111111111111, 0.1111111111111111, 0.2222222222222222, 0.1111111111111111, 0.1111111111111111]
[0.08178566167244967, 0.08178566167244967, 0.08178566167244967, 0.08178566167244967, 0.18383186098620202, 0.3254541689791, 0.08178566167244967, 0.08178566167244967]
[0.125, 0.125, 0.125, 0.125, 0.125, 0.125, 0.125, 0.125]
[0.08475437521966847, 0.08475437521966847, 0.08475437521966847, 0.08475437521966847, 0.19977892656116492, 0.29169482212082437, 0.08475437521966847, 0.08475437521966847]
[0.08472512533215605, 0.08472512533215605, 0.08472512533215605, 0.08472512533215605, 0.21024674699734902, 0.2814025010097147, 0.08472512533215605, 0.08472512533215605]
[0.125, 0.125, 0.125, 0.125, 0.125, 0.125, 0.125, 0.125]
[0.125, 0.125, 0.125, 0.125, 0.125, 0.125, 0.125, 0.125]

