Action: 0
[0.25650255143900486, 0.09902998545068868, 0.1419209384723477, 0.09902998545068868, 0.10642657053118684, 0.09902999775470595, 0.09902998545068868, 0.09902998545068868]
[0.25832367545457, 0.10008043625292937, 0.14119370702785378, 0.10008043625292937, 0.10008043625292937, 0.10008043625292937, 0.10008043625292937, 0.10008043625292937]
[0.10193514032116341, 0.09959378004267781, 0.1675609149064143, 0.09959378004267781, 0.23253504144621653, 0.09959378315549448, 0.09959378004267781, 0.09959378004267781]
[0.125, 0.125, 0.125, 0.125, 0.125, 0.125, 0.125, 0.125]
[0.11614340719410872, 0.09954877627160656, 0.2110944179396211, 0.09954873630159963, 0.17488055823152165, 0.09968663145834307, 0.09954873630159963, 0.09954873630159963]
[0.10284563240806836, 0.10283393466192743, 0.2792232572350716, 0.10283393466192743, 0.10376025379787181, 0.10283511791127857, 0.10283393466192743, 0.10283393466192743]
[0.125, 0.125, 0.125, 0.125, 0.125, 0.125, 0.125, 0.125]
[0.125, 0.125, 0.125, 0.125, 0.125, 0.125, 0.125, 0.125]

Action: 1
[0.09986302136064786, 0.09986283860969032, 0.09986283860969032, 0.09986283860969032, 0.2395286650760406, 0.1612941205148599, 0.09986283860969032, 0.09986283860969032]
[0.1111111111111111, 0.1111111111111111, 0.1111111111111111, 0.1111111111111111, 0.1111111111111111, 0.2222222222222222, 0.1111111111111111, 0.1111111111111111]
[0.10148443200393731, 0.09952363250764432, 0.09952363250764223, 0.09952363250764223, 0.16283991820718727, 0.23805748725066223, 0.09952363250764223, 0.09952363250764223]
[0.125, 0.125, 0.125, 0.125, 0.125, 0.125, 0.125, 0.125]
[0.1027841135415541, 0.1027841135415541, 0.1027841135415541, 0.1027841135415541, 0.20686653880853154, 0.17642877994214393, 0.1027841135415541, 0.1027841135415541]
[0.10165480479126081, 0.1012458624961498, 0.1012458624961498, 0.1012458624961498, 0.2163788575172705, 0.17573702521071982, 0.1012458624961498, 0.1012458624961498]
[0.125, 0.125, 0.125, 0.125, 0.125, 0.125, 0.125, 0.125]
[0.125, 0.125, 0.125, 0.125, 0.125, 0.125, 0.125, 0.125]

