Action: 0
[0.09905920415534292, 0.09309200711953713, 0.14673484455592448, 0.09309200711953713, 0.28873866708842605, 0.09309925572215814, 0.09309200711953713, 0.09309200711953713]
[0.1979774373120429, 0.12455488033940493, 0.2202208208064566, 0.0914493723084191, 0.0914493723084191, 0.0914493723084191, 0.0914493723084191, 0.0914493723084191]
[0.10416246568427813, 0.09672600077511394, 0.31489452556157893, 0.09672600077492313, 0.09672684004861318, 0.09731216560564644, 0.09672600077492313, 0.09672600077492313]
[0.125, 0.125, 0.125, 0.125, 0.125, 0.125, 0.125, 0.125]
[0.16126154190223999, 0.0925219051404702, 0.2703030248747192, 0.09252190511423372, 0.09825949507487308, 0.1000883176649964, 0.09252190511423372, 0.09252190511423372]
[0.12316411202253873, 0.08869383247781008, 0.2526282545700709, 0.08869383247781008, 0.11304082974345642, 0.1563914737526937, 0.08869383247781008, 0.08869383247781008]
[0.125, 0.125, 0.125, 0.125, 0.125, 0.125, 0.125, 0.125]
[0.125, 0.125, 0.125, 0.125, 0.125, 0.125, 0.125, 0.125]

Action: 1
[0.09355681576981592, 0.09355681576981592, 0.09355681576981592, 0.09355681576981592, 0.28944098856348804, 0.14921811681761654, 0.09355681576981592, 0.09355681576981592]
[0.2222222222222222, 0.1111111111111111, 0.1111111111111111, 0.1111111111111111, 0.1111111111111111, 0.1111111111111111, 0.1111111111111111, 0.1111111111111111]
[0.15961628424611687, 0.09340518952654181, 0.09340518952654181, 0.09340518952654181, 0.10298415390057489, 0.27037361422059925, 0.09340518952654181, 0.09340518952654181]
[0.125, 0.125, 0.125, 0.125, 0.125, 0.125, 0.125, 0.125]
[0.09798380576600206, 0.09798380576600206, 0.09798380576600206, 0.09798380576600206, 0.19596761153200412, 0.21612955387198346, 0.09798380576600206, 0.09798380576600206]
[0.09612561081890415, 0.09612561081890415, 0.09612561081890415, 0.09612561081890415, 0.10986278330209495, 0.31338355178448013, 0.09612561081890415, 0.09612561081890415]
[0.125, 0.125, 0.125, 0.125, 0.125, 0.125, 0.125, 0.125]
[0.125, 0.125, 0.125, 0.125, 0.125, 0.125, 0.125, 0.125]

