0.125 0.125 0.125 0.125 0.125 0.125 0.125 0.125
0.07575757575757576 0.12626262626262627 0.09090909090909091 0.15151515151515152 0.0946969696969697 0.15782828282828282 0.11363636363636365 0.1893939393939394
0.07515215834697218 0.12525359724495364 0.09018259001636662 0.15030431669394437 0.10193170775368249 0.15656699655619205 0.11272823752045827 0.18788039586743044
0.07461557212169159 0.12435928686948597 0.0895386865460299 0.14923114424338318 0.10834391314578556 0.15544910858685748 0.11192335818253737 0.18653893030422894
0.07421954620134463 0.12369924366890771 0.08906345544161355 0.14843909240268927 0.11307642289393162 0.15462405458613465 0.11132931930201695 0.18554886550336158
0.0725121354143463 0.12085355902391051 0.08701456249721556 0.1450242708286926 0.11173912886823818 0.1728078017102117 0.10876820312151946 0.18128033853586575
0.07216063422277792 0.12026772370462988 0.0865927610673335 0.14432126844555584 0.11337962309390633 0.17463545257468488 0.10824095133416689 0.18040158555694477
0.07074179493211823 0.11790299155353036 0.08489015391854186 0.14148358986423645 0.11185809104304066 0.19015619896005959 0.10611269239817733 0.17685448733029555
0.05205834820833344 0.08676391368055572 0.062470017850000115 0.10411669641666688 0.1328040045716618 0.22861359073944787 0.12494003570000023 0.20823339283333375
0.07295173961840629 0.12906846240179573 0.09118967452300787 0.16133557800224468 0.08754208754208756 0.1548821548821549 0.10942760942760946 0.1936026936026936
0.09613540631384679 0.07570663247215435 0.19227081262769358 0.1514132649443087 0.10202580968772443 0.08282605760944953 0.16762070844465593 0.13200130790016656
0.07128591601870762 0.1188098600311794 0.10121883920709526 0.14257183203741525 0.11195926425334393 0.1690106243774281 0.10692887402806144 0.17821479004676904
0.06928132856160507 0.11546888093600848 0.09131781659558626 0.13856265712321014 0.11145935147712457 0.19678465106004514 0.10392199284240762 0.17320332140401268
0.06820797476454943 0.1136799579409157 0.08920354495043525 0.13641594952909886 0.1099192345171368 0.20974143923966623 0.10231196214682414 0.17051993691137354
0.06789861921955637 0.11316436536592729 0.08865473027771373 0.13579723843911273 0.1094134233840143 0.2134771464354501 0.10184792882933456 0.16974654804889094
0.06754804453706807 0.11258007422844679 0.08818225070240246 0.13509608907413614 0.10883611997581821 0.2175652433338562 0.10132206680560212 0.16887011134267016
0.07077918107814525 0.12522470498441082 0.08847397634768156 0.15653088123051354 0.08493501729377431 0.18005040997164048 0.10616877161721788 0.18783705747661622
0.06886219152838675 0.11477031921397793 0.08975023964108053 0.1377243830567735 0.10512237223605368 0.2083217282101805 0.10329328729258014 0.17215547882096688
0.06762131256667878 0.1127021876111313 0.0883567700652003 0.13524262513335755 0.10807474879790487 0.2175171055590122 0.10143196885001816 0.16905328141669693
0.06637681140263603 0.12319656490082691 0.08674672635531645 0.13275362280527206 0.10716451233489652 0.21825451659050799 0.09956521710395404 0.16594202850659004
0.06623452876585689 0.12412493844701404 0.08644426534195411 0.13246905753171379 0.10677447557541743 0.21901461927461602 0.09935179314878535 0.16558632191464223
0.10004310588588687 0.08866493320995614 0.1305376863548673 0.0945407350621631 0.16116398082281255 0.15680898100777996 0.15006465882883033 0.11817591882770387
0.060828145093770075 0.10761902593513167 0.05302966495354315 0.09382171491780711 0.12165629018754015 0.26934239916950736 0.1060593299070863 0.18764342983561422
0.09318839947114527 0.07522437065743051 0.18637679894229053 0.15044874131486102 0.09357838940928735 0.09804031397354895 0.16773911904806146 0.1354038671833749
0.08400299724462715 0.15024867044923726 0.11907708984225561 0.1680059944892543 0.09111144934471711 0.1532069755474616 0.08788005865591765 0.1464667644265294
0.09013094579668705 0.15940660829475628 0.08374485645792505 0.12471022134964166 0.12934644963447164 0.24430211964450216 0.09353266601223124 0.07482613280978499
0.06745698535707736 0.1193469740932907 0.09107881811853243 0.1491837176166134 0.09096818608959417 0.20175937954933998 0.10118547803561603 0.17902046113993605
0.1298852286557608 0.10729372544574214 0.15933700453715682 0.11492733278793832 0.13209867983260137 0.12903568766837228 0.12722928171884096 0.10019305935358726
0.06838593664267871 0.12099050329089307 0.09841865813164348 0.15123812911361634 0.09235894623115708 0.18454316668965345 0.10257890496401806 0.18148575493633962
0.10660289934689669 0.08813424352883892 0.14049274765167957 0.09421198182549127 0.15589685472446013 0.14735346734633878 0.1495428282944306 0.1177649772818641
0.06759859795286696 0.1195975194550723 0.09588384952019299 0.1494968993188404 0.09324691777105464 0.19338203987006378 0.10139789692930043 0.17939627918260845
0.11083655922683631 0.08739550277160706 0.1390032655305272 0.09344946487321285 0.15521383154401922 0.14895706103654666 0.14833248392573467 0.11681183109151606
0.06688994507116351 0.11834374897205852 0.09491910423960606 0.14792968621507316 0.10145984467886035 0.19260712975840522 0.10033491760674529 0.1775156234580878
0.11046585340674753 0.08710235799297751 0.13850179668807006 0.09322184473022828 0.15771644789292405 0.1484932112647938 0.14797118211147345 0.11652730591278534
0.07913081475989839 0.1400006722675125 0.07830446090836107 0.12205186813065196 0.1204956823237342 0.23077125364270432 0.08278300621035523 0.14646224175678232
0.10127441938953372 0.08175163974817783 0.13638055818648298 0.10218954968522227 0.14680994713354353 0.15705479715047235 0.1519116290843006 0.12262745962226673
0.0896552360790109 0.0723722990035389 0.20338959505027446 0.1447445980070778 0.10648820938018605 0.09170049933132217 0.1613794249422196 0.13027013820637004
0.11468524631894769 0.08364187419067173 0.16158351750110625 0.0935030193384252 0.15958071159656917 0.12170936586787508 0.14841749101337334 0.1168787741730315
0.07844630479148963 0.13878961616955857 0.08760609328854053 0.1209960756349998 0.12718131461142404 0.21971840126781406 0.08206690347417375 0.14519529076199975
0.0645833521499124 0.11426285380369118 0.09312574644881498 0.14282856725461396 0.09935452171736484 0.21757564969519727 0.09687502822486861 0.17139428070553672
0.0993663766351112 0.07834790378547561 0.20789171508830956 0.14018178623248528 0.0989464201755308 0.09786903590875147 0.1551869998178103 0.12220976235652564
0.07866578225308701 0.1201744319514353 0.11801017324206903 0.1334316127044885 0.10624901747358602 0.17660575696635708 0.10007370952836639 0.16678951588061064
0.07483670892049087 0.12276324775220086 0.09985808646707485 0.13100582170332492 0.10609326638266357 0.20343122536759511 0.0982543662774937 0.16375727712915614
0.07604830862301136 0.12192152822688095 0.09575498137026928 0.12967968567832916 0.10517773431241173 0.21205839043243926 0.09725976425874688 0.16209960709791146
0.07604722009672663 0.12152698882236057 0.09479528536226686 0.12933513051850903 0.10473362838165498 0.2148914857814639 0.09700134788888178 0.16166891314813628
0.05639615450491802 0.09008894350023523 0.07017319401777847 0.09590599758014091 0.12415786100287468 0.2563786571376018 0.11508719709616907 0.19181199516028183
0.06382486266278417 0.11292091086492584 0.08967312170481753 0.1411511385811573 0.09784379209791988 0.22946751379683034 0.09573729399417626 0.16938136629738876
0.13450281156102764 0.10320053575721425 0.16979419740240095 0.11078915524306922 0.1302384709199645 0.1322412626564933 0.12264814906843642 0.09658541739139367
0.07816769119682365 0.13829668442514956 0.08830442433507596 0.12056634026807912 0.12372766416989645 0.2244821564927573 0.08177543079052323 0.14467960832169494
0.09905144621949573 0.07995719152658089 0.14307707507608108 0.0999464894082261 0.1552946086893894 0.15416023246111193 0.14857716932924359 0.11993578728987134
0.08716937031695605 0.07036563627995249 0.21830573091225328 0.14073127255990497 0.11013846384830867 0.08972651420818913 0.1569048665705209 0.12665814530391448
0.08122932792954926 0.11881482361002277 0.11972809210901307 0.13285921813936027 0.10858216348990671 0.17306793844342752 0.09964441360452021 0.16607402267420032
0.07878772199316231 0.12213390468961305 0.09986432559359265 0.13038191271022126 0.10631829782587436 0.2017500117670938 0.09778643453266596 0.16297739088777657
0.07785625103460923 0.12167202667704655 0.09563859538081777 0.1294428540493055 0.10511576480523069 0.21138879995437918 0.09708214053697913 0.16180356756163186
0.07751579574031207 0.12132092732735364 0.09465385863896325 0.12910451010763643 0.10460101830574643 0.2145948696647152 0.09682838258072735 0.16138063763454555
0.11564872379228111 0.08555626474885171 0.14105770583077226 0.09106967533375131 0.15600255281256048 0.15227294310229042 0.14455504021230364 0.11383709416718911
0.064620842977423 0.11432918372928684 0.1063701503171919 0.14291147966160855 0.10924131486923405 0.1941019883851907 0.09693126446613451 0.17149377559393028
0.10200102971805113 0.07712669204811416 0.2179358890520761 0.1378312756429642 0.09963000017942471 0.09272962610821288 0.15258488797267505 0.12016059927848162
0.08327828361094754 0.11876590898263721 0.12360753060515337 0.13184266841785902 0.10556249582399492 0.17325777572368983 0.09888200131339428 0.16480333552232376
0.11685016864645517 0.08518550280480378 0.15222956476125882 0.09089431226400524 0.1560174431050375 0.14092843195509122 0.14427668613334166 0.11361789033000655
0.09758866897858084 0.07877639544054117 0.1637159878282338 0.09847049430067646 0.16606459373624166 0.13083626308704294 0.14638300346787128 0.11816459316081175
0.09312899507873855 0.0682976019055861 0.2324527713578199 0.1365952038111722 0.11056629261850227 0.08372999322059498 0.15229345857753082 0.122935683430055
0.12186714107270374 0.08981672636454371 0.2204043945393083 0.11227090795567965 0.1300149017234668 0.09940842723957016 0.12517368394461595 0.10104381716011167
0.07808911860470273 0.11294288078066035 0.125100301565954 0.14117860097582544 0.1041259910093556 0.17339286523064695 0.09575592066186422 0.16941432117099053
0.10384014163611673 0.07613995435965314 0.22860339708304378 0.1361787635618408 0.09745546621118155 0.08830684025859555 0.1507554891689894 0.11871994772057916
0.09182733380716675 0.06154256458387692 0.14083640373854917 0.06835771399074858 0.18465708513689771 0.1424565780863468 0.17360689267491705 0.13671542798149716
0.0766061030125678 0.111613918463744 0.10766933081494692 0.13951739807968 0.11460617999721139 0.1879370001952336 0.09462919174100035 0.16742087769561598
0.11501398211239881 0.08447506239591028 0.14884906546131596 0.09072424844026332 0.1588573885342614 0.14466819894954738 0.1440067435559735 0.11340531055032912
0.06860595048040538 0.09566866347557015 0.06536683271964235 0.08340345020947143 0.15601602229701783 0.26985001929259095 0.094282161106359 0.16680690041894286
0.12826501484630826 0.08919975590413001 0.16164347778234697 0.11149969488016252 0.14280379800974932 0.14192469426652776 0.12431383891862896 0.10034972539214626
0.08390942077942178 0.11119786684807248 0.11173683928984796 0.13899733356009059 0.10560188707005509 0.18748339985268986 0.09427645232771362 0.1667968002721087
0.14163498182408857 0.10146721719833511 0.18042618311044878 0.10899687682291284 0.13060032334588173 0.12118747626039975 0.1206640231820606 0.09502291825587271
0.08647286056333395 0.11170868187515184 0.11607923048236939 0.13963585234393983 0.10346376193754887 0.18036705535164735 0.09470953463328093 0.16756302281272778
0.07994705890884758 0.1205891259693798 0.1027310445830136 0.12947519088166992 0.10461362643950235 0.20369357145424696 0.09710639316125244 0.16184398860208737
0.0768408472190712 0.11200395269216987 0.09984993857684608 0.1400049408652123 0.0976933605439723 0.21064115812980766 0.09495987293466576 0.1680059290382548
0.10470906395960866 0.0762641120944795 0.22129356227011052 0.13643804000924128 0.09639450565114314 0.09491221356326746 0.1510425188543493 0.11894598359780009
0.1044522438834288 0.14628321042677267 0.11874306816636485 0.12181139605598273 0.1293683731143473 0.21489632367752695 0.09135854704198708 0.07308683763358965
0.12075471775890417 0.07575097145810476 0.15374737857766463 0.09468871432263094 0.15391549443910166 0.14675513272607782 0.14076113353035885 0.11362645718715714
0.12431379990460564 0.07533117510663408 0.16365711559666365 0.09416396888329259 0.16116433314998815 0.12839178050817898 0.13998106419068573 0.11299676265995111
0.12567610547745128 0.07514660061076492 0.16635012665939197 0.09393325076345614 0.1631536874616012 0.1233822419016316 0.13963808620955567 0.11271990091614736
0.12595861531222682 0.07509425987981878 0.16707659004097036 0.09386782484977348 0.1638061132646222 0.12201438063827168 0.13954082619458863 0.11264138981972815
0.08532740846614724 0.1111186981240296 0.11296782055917119 0.13889837265503702 0.11075138801698045 0.1800489339743911 0.09420933101819902 0.1666780471860444
0.14178953796875285 0.10124134739491976 0.18191680214909603 0.10874704796625878 0.13180507561491972 0.11930761779821797 0.12038745236801948 0.09480511873981536
0.08842446651303244 0.11136055345883018 0.11621756656662709 0.13920069182353773 0.10401653561513782 0.1793249735542768 0.09441438228031256 0.16704083018824528
0.10708863123764069 0.07563356247591022 0.22803106953302418 0.13536678784916273 0.09701722620681137 0.08899405256207071 0.14985659867713577 0.11801207145824442
0.10553946601236619 0.1461784190019917 0.12043215140214707 0.12177758121627957 0.1295801615268395 0.2120924861983985 0.0913331859122097 0.07306654872976774
0.0806268719505676 0.10963265605114472 0.10190793054254786 0.1370408200639309 0.10191146421081512 0.21148184732178446 0.09294942578249227 0.16444898407671707
0.11762277269452485 0.0775444604126611 0.15136841855039718 0.09693057551582636 0.14807872393487756 0.14804454750591087 0.14409381076681052 0.11631669061899162
0.1102340983222115 0.06661738020223462 0.2304216478425776 0.13323476040446924 0.10569825770596829 0.08533575620010077 0.14854681495841568 0.11991128436402232
0.10653676854254243 0.06558067544116072 0.264199942570408 0.13116135088232145 0.0949676151849692 0.07327331351123396 0.1462351180732748 0.1180452157940893
0.09549570112154557 0.12974970523462576 0.1592135674224293 0.16218713154328218 0.08379777548998456 0.14108381214455265 0.08250388865462616 0.14596841838895394
0.10733360396807132 0.07592690852539088 0.2458334109821368 0.13358074035600023 0.09149202717323213 0.08149893389916842 0.14787937068307713 0.11645500441292325
0.08320820250892808 0.11294862889874356 0.13427046476457746 0.14118578612342947 0.09641962764584816 0.16678355264403166 0.09576079406632608 0.16942294334811536
0.10537640977215006 0.07542685502403045 0.23610544995174887 0.13482451965936623 0.09497949892752706 0.08649165633394477 0.14925628549999026 0.11753932483124235
0.08283236920348995 0.11294540447443488 0.1320553855015573 0.14118175559304358 0.09715004279468357 0.16865887540585664 0.09575806031528175 0.16941810671165228
0.07979884564497043 0.12098803747526886 0.10691083729976034 0.12975837160203274 0.10338370077928478 0.1996434639946174 0.09731877870152456 0.1621979645025409
0.06581319388429302 0.09521660706540166 0.06068113055981236 0.08300934974932453 0.13871679033833276 0.2967075726658199 0.09383665623836686 0.16601869949864906
0.11161353216788786 0.07579942121314133 0.13742992343248017 0.09474927651642666 0.1574814930212554 0.16837605853005042 0.1408511632990462 0.11369913181971197
0.08212329556983664 0.10996878906214251 0.10788449418901458 0.13746098632767814 0.10840968064370489 0.1959651624965061 0.09323440811790344 0.16495318359321376
0.10425415691469739 0.06843411451815039 0.21982452596059834 0.13686822903630078 0.09945484635287007 0.09538485975618001 0.15259786132853234 0.12318140613267069
0.14009497114673894 0.08738095123177214 0.21860261820499002 0.10922618903971519 0.12478384199378943 0.09982880867610551 0.12177904957114515 0.09830357013574366
0.14868404084891595 0.08544148078367642 0.21518304876957056 0.10680185097959553 0.1296089856399445 0.09908283354179866 0.11907609355486246 0.09612166588163597
0.11433472763282579 0.06449282113149786 0.25864525294812496 0.12898564226299572 0.09892462548333707 0.07472048717548105 0.1438093653290415 0.11608707803669617
0.10603870828921017 0.06454550203647638 0.2774694978208012 0.12909100407295276 0.0922713456686315 0.07047520256194842 0.14392683588432198 0.11618190366565749
0.0827469785205422 0.11239741685423309 0.14216836649207804 0.14049677106779138 0.09630220844000688 0.16199867122845332 0.09529346211554546 0.16859612528134962
0.10496476435623739 0.07516612940131849 0.23932205141004953 0.13441579653358895 0.09468451322271992 0.08545993077152354 0.1488038121983565 0.11718300210620576
0.07275278899539082 0.0992310332847285 0.08196923155762796 0.08650910594053253 0.142243931356994 0.24648279461610256 0.09779290236755851 0.17301821188106506
0.10188307585262936 0.06811750215364162 0.20813564212640132 0.13623500430728325 0.10674177982351891 0.10438362884871623 0.1518918630112546 0.12261150387655491
0.10513555658634166 0.06588618422880477 0.25925625382901113 0.13177236845760953 0.09563432547843721 0.07680382273655251 0.1469163570713945 0.11859513161184859
0.10410219598878977 0.06469301495611457 0.2784275343131772 0.12938602991222914 0.09174589414008621 0.0709421360903356 0.14425576767826143 0.11644742692100622
0.09476378940914525 0.12927450718983596 0.1638679359917931 0.1615931339872949 0.0829721499211964 0.13989293823167556 0.08220172468049351 0.1454338205885654
0.10695958150811066 0.07574532001147351 0.2478947417846846 0.13330696682355261 0.09114609426661358 0.08115467342562496 0.1475762921286378 0.11621633005130229
0.07322491074733764 0.09941430976073252 0.08340139725296003 0.08666888543243349 0.1414142124557338 0.24456499082318453 0.0979735226627509 0.17333777086486699
0.11391508637142939 0.07607918370087545 0.14580789784129203 0.09509897962609429 0.15867831945066185 0.15493073699924442 0.14137102045908942 0.11411877555131315
0.10882387255890746 0.06613645722457476 0.2326971232241786 0.13227291444914951 0.10745261733320285 0.0860969637079692 0.14747442849778308 0.11904562300423457
0.10570981443805079 0.06517288047982223 0.26826870362520244 0.13034576095964445 0.09485562084171738 0.0730102386174732 0.14532579617440958 0.11731118486368002
0.08271875018337627 0.11247264201712891 0.14020387561841158 0.14059080252141115 0.09690327141235656 0.16304445525057812 0.09535723997104407 0.16870896302569335
0.10502130512714578 0.07521722790208567 0.23855957107365242 0.13449877430474158 0.0948680129436401 0.08568409494517172 0.1488956720019931 0.11725534170156958
0.08204901989586011 0.12057303427826026 0.13268146195088534 0.1395449331645591 0.09626030575310873 0.16678945744824153 0.09464786771161401 0.16745391979747093
0.10514592164497841 0.0760000095216695 0.23554990271547566 0.13488055498502424 0.0949866856324059 0.08653043045071575 0.14931831890894015 0.11758817614079037
0.08208477607834926 0.1206959658277939 0.13201021114768866 0.13958560894089903 0.09630211290022203 0.1671431378769236 0.09467545649904456 0.1675027307290788
0.10517908701322515 0.07602693518998911 0.23528131354995266 0.1349138661115846 0.09501761454609563 0.08660877128368907 0.1493551956953643 0.1176172166100994
0.08209160812626454 0.12070118273398729 0.13195009147837944 0.13958836966974392 0.09631028067662437 0.16717509471791628 0.09467732899339153 0.1675060436036927
0.1177290276186088 0.08509756813532024 0.1579918150157329 0.09060570396380051 0.15249483165124653 0.13900534594022215 0.14381857772031825 0.11325712995475062
0.09798517642247376 0.14103571089753306 0.09287399077773803 0.11258392285527354 0.12643876309460036 0.21762045911117173 0.07636126941488118 0.13510070742632824
0.07840294364530374 0.12447534569693569 0.09687318335700022 0.13506136774469424 0.10012301118571791 0.21138366634553105 0.09160684073118394 0.16207364129363308
0.10298487151394539 0.07693753314235369 0.21480665558803363 0.13598150107882842 0.09736335894277341 0.097933502933441 0.15160922582967884 0.12238335097094558
0.10484162951258862 0.07077013853070395 0.26133321342125315 0.13086394217266373 0.09318920288766737 0.07532079596303953 0.14590352955668626 0.11777754795539735
0.12072332777201697 0.08057860211334796 0.20298894944113452 0.09364699250471763 0.1411451960413694 0.10932799704011231 0.13921254408163994 0.11237639100566114
0.10807218612828809 0.07017570484553613 0.2544756235716061 0.12907203535554063 0.10154722371856664 0.07658670738049266 0.14390568717998334 0.11616483181998656
0.08251912860952804 0.11975142283036157 0.13627285179556392 0.13923496106021052 0.09760605052755829 0.1630960061419474 0.09443762576257758 0.16708195327225261
0.07991207771807173 0.1217841239399026 0.10789637160415279 0.12976952477884277 0.1035151397593636 0.1975837126419809 0.0973271435841321 0.16221190597355348
0.07625912781687785 0.12411346946593647 0.10150165220196448 0.13744025393029477 0.09651316107790589 0.2060236846466408 0.09322034614402602 0.1649283047163537
0.11558978561400574 0.08676987085156883 0.15298658165593915 0.09590813738935182 0.14525479369710836 0.14582717810421525 0.14257388782058866 0.1150897648672222
0.10868357844408745 0.0718559410035304 0.2350284200956322 0.13140145342142123 0.10411979509218826 0.08414668937759032 0.14650281448627114 0.11826130807927912
0.1052102254378476 0.06971872436703215 0.26852797328246725 0.12950935943541458 0.09374506135252027 0.07233696173992751 0.14439327089291742 0.11655842349187312
0.08205734363290501 0.11978624524141988 0.13953744906319174 0.13934240045904603 0.09597795991138104 0.1615772234385438 0.0945104977026573 0.1672108805508552
0.10516396928513962 0.07574273681505253 0.23827462600029964 0.13451068076523914 0.09468305149240042 0.0854503610058928 0.14890885294320325 0.11726572169277259
0.08208272562623829 0.12064873657374733 0.1326282095593809 0.1395615779836688 0.09622990977994939 0.1667157896555156 0.09465915724109712 0.16747389358040254
0.1414725769094036 0.10197291463881585 0.1896107158347308 0.10857301288226529 0.127435696463835 0.11608689904890059 0.12019478837597133 0.09465339584607743
0.08737476200006769 0.12149423037338461 0.12009066377276165 0.1367033700006949 0.10180652149352075 0.17576586174956957 0.09272054660916698 0.16404404400083386
0.08060546600434441 0.12155969675910372 0.1040022681928917 0.1292854421962864 0.10414390735212936 0.20183233510267157 0.09696408164721482 0.161606802745358
0.08977504910269567 0.14583979645199643 0.0825012512652555 0.11265193936924246 0.11359585196782149 0.24404638224510708 0.07640740235479054 0.13518232724309096
0.1176330964178 0.08721573883702455 0.14458531450907244 0.09422437149040373 0.14888214968640395 0.15431922654776287 0.14007085672304795 0.11306924578848447
0.10932243120921332 0.07196420304722469 0.2314118261309281 0.13151713899091227 0.10505123659009498 0.08573594367680333 0.1466317952630022 0.11836542509182105
0.10546718873606546 0.06980055704852013 0.2671363837184187 0.12964883796808377 0.09403576379093993 0.0726785355186988 0.14454877904799784 0.11668395417127538
0.13798214113014373 0.09185957266918682 0.23396590319316535 0.10684900465540384 0.12105364313891397 0.09299696463886525 0.11912866638445771 0.09616410418986344
0.1279303896193246 0.08089846380660667 0.1919473938536622 0.09191276819792468 0.14809277586328778 0.11228838364984428 0.13663450317184028 0.11029532183750962
0.10993873529917259 0.07028740659202931 0.24980584645455367 0.12921267998899233 0.10318660438697005 0.07721481983777509 0.14406249545041383 0.1162914119900931
0.10492656101876895 0.0692004716746207 0.27396237220288716 0.12872228418012738 0.09304123328927197 0.07078128115197774 0.14351574072023157 0.11585005576211463
0.08198380992404125 0.11967275548555802 0.14075749285961942 0.139272909939359 0.09579685833117904 0.1609253165306647 0.09446336500234784 0.16712749192723078
0.07990775996892387 0.12181057867607141 0.1089190266085811 0.12980560296753624 0.10313095399011833 0.19681487185369673 0.09735420222565218 0.16225700370942028
0.07626923980958715 0.12413426057050873 0.10174146344318817 0.1374605553803747 0.0964450623016552 0.20576263621502586 0.09323411582321066 0.1649526664564496
0.07562182283133925 0.1244176577373898 0.10013791653640743 0.13751856997597503 0.09501245237517328 0.2089958317192751 0.09327346485327004 0.16502228397117003
0.07547183730120297 0.12439228313050173 0.09973672241328525 0.13745614440127782 0.0946640756665127 0.21010043977699344 0.0932311240286928 0.1649473732815334
0.10234786300748967 0.07699091128104041 0.21629054764868028 0.13612470300043764 0.09623997830940892 0.09772487876698677 0.1517688852855625 0.12251223270039384
0.10466500006202714 0.07075537315066364 0.26193881811750064 0.13083140700318197 0.09292947490061912 0.07526440519243172 0.14586725527071184 0.11774826630286378
0.10350686972871705 0.06911242768018677 0.27885207063327533 0.1285154612253304 0.09074399005438527 0.07032011701512614 0.1432851485601818 0.11566391510279735
0.10263159757950203 0.06855984542993199 0.28505903481165357 0.1276709173992814 0.08975480265969932 0.06907643124078261 0.14234354521979584 0.11490382565935327
0.13660473517671656 0.09136640632354537 0.24000815484308205 0.10638909449033845 0.11942475835134998 0.09184076490159916 0.1186159008720639 0.0957501850413046
0.11027774481821004 0.0698938773069086 0.2683115755595118 0.12711084819458673 0.09567948089471784 0.07260759999816643 0.1417191098527706 0.11439976337512806
0.1043695554787818 0.06872735330194149 0.28086685619804125 0.12787120032849975 0.09093436959316856 0.06957973906453035 0.142566845739387 0.11508408029564976
0.13721530272077323 0.09144062476518233 0.23854745579934628 0.1064595732268267 0.11982014203427171 0.09200880614581455 0.11869447940364111 0.09581361590414401
0.11046389736806039 0.0699289131421086 0.26774323813333456 0.1271662934929249 0.0958010580449309 0.07266600845229944 0.14178092722270882 0.11444966414363243
0.10443041408561218 0.06874265345468565 0.28065313167332195 0.12789580496304698 0.09097550116361314 0.06960199212223739 0.14259427807074043 0.11510622446674228
0.10274935949834145 0.06846458586478622 0.28566839272948275 0.12753393805181756 0.08971993310732995 0.0688924230318932 0.142190823469713 0.11478054424663581
0.10221495221922759 0.06833895482675 0.2875515952925513 0.12733129082100067 0.0893290968914427 0.0686710612798473 0.14196488693027984 0.11459816173890061
0.10203236188470614 0.06828673859723297 0.2882507158319124 0.12724780921154052 0.0891951974148198 0.06859233760369896 0.14187181116570263 0.11452302829038646
0.10196762552546448 0.06826648631976179 0.2885091453931185 0.127215818244437 0.08914727818958562 0.06856326628287153 0.14183614362476782 0.1144942364199933
0.08138414914198433 0.11943289441728687 0.14399925817884868 0.1391057764200398 0.09487217580387951 0.1599288094577122 0.09435000487620089 0.1669269317040477
0.10488724917046975 0.07560290200598169 0.24008465269528295 0.13430100798777245 0.09431039659714252 0.08505412494320844 0.14867673655952016 0.11708293004062213
0.12117291686094969 0.08129712527903665 0.19652043631810978 0.09405239176487781 0.14202377235143288 0.11225528999756315 0.13981519731017655 0.11286287011785336
0.1084069014187357 0.07038393268894477 0.25197750998802926 0.12936972642941366 0.10194508197210059 0.07724650320470385 0.1442375905116 0.11643275378647229
0.10453252452841381 0.06918087595783572 0.27483506663388474 0.12867520390441164 0.09274719477421296 0.07075820096100882 0.14346324972626193 0.11580768351397049
0.10297811413040418 0.06864202785503264 0.2835312114437824 0.12781689586406772 0.0902645380314584 0.06922570608347631 0.1425063003141173 0.11503520627766094
0.08159462825139917 0.11953183478287262 0.14289584170501612 0.1391758184728692 0.09514862288738829 0.16024476007315244 0.09439751165985912 0.16701098216744303
0.09613168540341922 0.14659318560779439 0.13166811684092397 0.1562320585536698 0.0864490682590051 0.16500219340391475 0.0817213844742273 0.13620230745704548
0.07024140690358865 0.10622621163036434 0.0682427153701102 0.0827733668171447 0.13747159051169644 0.27016993495223257 0.09932804018057363 0.1655467336342894
0.07293639274241931 0.11950953312195406 0.09073216457331551 0.1340476182748135 0.10167797278791328 0.22931992243558677 0.09091925413422135 0.1608571419297762
0.11437849494911372 0.08613578871442 0.14897061641136408 0.09556964039540379 0.14655316858489603 0.15163803316610552 0.1420706893042122 0.11468356847448456
0.10850726984583262 0.07187628269841717 0.233374449223329 0.13151428652844432 0.10450401633715077 0.08523222251100553 0.14662861498022073 0.11836285787559989
0.0826165327520926 0.120041024717304 0.13146301615501954 0.13936591378517402 0.09827214546844587 0.16647582470807182 0.09452644587168325 0.1672390965422088
0.10561298421152872 0.0759424109402651 0.23493378333730341 0.13483298923759027 0.09539482860212702 0.08647063343383754 0.14926566167124358 0.11754670856610433
0.08216931776413156 0.12068777414408338 0.1318747045344446 0.13958333184873076 0.09639106333793752 0.16711989811566477 0.09467391203653043 0.1674999982184769
0.10551899439928636 0.07600074588131178 0.23515810016342084 0.13486054074303475 0.09500939239291423 0.0865853362724395 0.14929616232033152 0.11757072782726108
0.08215193750521003 0.12069488424345806 0.1319236570454123 0.13958398344114634 0.09630719794473187 0.167163205704497 0.09467435398616882 0.16750078012937558
0.1415838579096299 0.101981461039135 0.18934567357747303 0.10857672692550153 0.12746353148821787 0.1161932153556112 0.12019889997450717 0.0946566337299244
0.10346987210942839 0.14384234590647502 0.09911148442940629 0.1128784990811207 0.12053923732797214 0.2081432933062752 0.07656106894197752 0.13545419889734484
0.07953789102947074 0.1250722301781961 0.09845740576797186 0.13537066846483656 0.09907350509283597 0.2082268700023 0.09181662730658481 0.16244480215780388
0.103223369064618 0.07695789210072874 0.2154934721076099 0.13594877569157798 0.0971046323062902 0.09734522114166749 0.1515727394650877 0.12235389812242019
0.10487388517321768 0.07075553010506384 0.261595505392882 0.13083399410849558 0.09311492828126718 0.0752054225413587 0.14587013970006896 0.11775059469764602
0.08202799805471074 0.11998775597189631 0.13797553849546987 0.1394492545566401 0.09588082974350784 0.16275654505399903 0.09458297265580808 0.16733910546796812
0.1413825137532129 0.1017958187378545 0.19149389259744887 0.10844715345957567 0.1271987011143373 0.11508279126941572 0.12005545682134547 0.09454367224680957
0.08736508285770132 0.12147788735577647 0.12052626300652512 0.13670626067936606 0.10176221055810071 0.17539227548389505 0.09272250724339612 0.16404751281523924
0.10698198781350104 0.0761783003812179 0.2301152473322745 0.1350334020325483 0.09632690824356639 0.08815519991026177 0.14948752687363911 0.11772142741299083
0.08241120176535653 0.12071344856824 0.13077433508881717 0.13958340330448263 0.09658734776041653 0.16775621904513718 0.09467396050217085 0.16750008396537916
0.10561994490968613 0.07602662303966733 0.2346994244534687 0.13490311298059515 0.09508100704132866 0.0867187539522774 0.1493432915373296 0.11760784208564705
0.08217101856816773 0.12070020418399681 0.13182047743112585 0.13958711484018838 0.09632381010814547 0.1672163591685437 0.09467647789160605 0.16750453780822605
0.10552982751074376 0.07600269505775961 0.23513540555741824 0.13486233583567225 0.09499658068595364 0.08660271301096331 0.14929814956167217 0.11757229277981684
0.12143906900541357 0.08140149285048602 0.19500060016128107 0.09414089834637501 0.14235625242952726 0.11274584090322307 0.13994676828804403 0.11296907801565001
0.14290461288056508 0.09274070899297823 0.2068959148157543 0.10652938937019692 0.13440092228441364 0.10187968202957572 0.11877231919333896 0.09587645043317722
0.1293861341900387 0.08105519886755551 0.1831151676147108 0.092009183775905 0.15253553860747657 0.1147099250090464 0.13677783140418115 0.110411020531086
0.11054606190330628 0.07047086628144701 0.24626851771364788 0.1295313953737479 0.1043727707835455 0.07781429278824631 0.14441783931968608 0.11657825583637312
0.10518154603028344 0.06929393921034534 0.2726228064406648 0.12887611408235053 0.0933890534240778 0.07096078855679581 0.14368724958136692 0.11598850267411545
0.10319562210072677 0.06869888244299736 0.28270015916147684 0.12791049717328518 0.09045764452364441 0.06930708835319034 0.14261065878872242 0.11511944745595665
0.11982047238941244 0.08005493860074508 0.2094574441524742 0.09320668994809167 0.1397188366041952 0.10733558560871577 0.13855800475865565 0.11184802793771
0.08367000979876417 0.1192318668269024 0.12484701848641988 0.13712602287580236 0.10472149135338728 0.17284514769199938 0.0930072155157616 0.16455122745096282
0.10335523697445069 0.07591265074387396 0.22623055957117685 0.1348447270361213 0.09751049664158305 0.09044426709434071 0.15034180760594418 0.12136025433250916
0.08178085910419369 0.12074431731629168 0.12990472974087416 0.1396709935706913 0.09687311915411104 0.16868741927671368 0.09473336955229496 0.1676051922848295
0.10550437352266712 0.07605614590354422 0.23435858874750673 0.13495306720045352 0.09517465790400763 0.08690318189129366 0.14939859291218294 0.11765139191834408
0.08214996507587793 0.12070454067228714 0.13174195677571532 0.139588698927121 0.09634394487255174 0.1672869026481153 0.09467755231578644 0.1675064387125452
0.11810332692846529 0.08506261448290835 0.15787261083985282 0.09056283900038722 0.15245124736340246 0.1389932745386472 0.14375053809585273 0.11320354875048402
0.08304334260457763 0.11942610005621138 0.11274155132269047 0.13669563976979907 0.1070622771120691 0.18428101791485568 0.09271530349603764 0.16403476772375888
0.10356150913346884 0.07618512881510002 0.2212544745673355 0.13529807593439475 0.0983484339214427 0.0927368514917912 0.15084725779551172 0.12176826834095526
0.1047302288324257 0.07054312932455223 0.26373422900674776 0.13053163352004182 0.09317540844946641 0.07427387049056251 0.145533030208166 0.11747847016803763
0.10345062608687806 0.0690462323682449 0.2795006881704747 0.1284160821806087 0.09073145315325977 0.07010609573632241 0.1431743483416637 0.11557447396254784
0.10259475450961861 0.06853789438035812 0.2852948715652158 0.12763738600841393 0.08973094444812311 0.06902434145937664 0.1423061602213212 0.11487364740757254
0.10219726085966813 0.06835702534906958 0.2874226309172795 0.1273567584768207 0.08934685222341966 0.06870510807865604 0.14199328146594783 0.11462108262913863
0.10203353694858125 0.0682917899096159 0.288204731741232 0.12725520012374106 0.08920342933795322 0.06860158034626387 0.1418800514812456 0.11452968011136695
0.1194081984777272 0.07994311439756621 0.21114361380634916 0.09310922789479502 0.13919569560986725 0.10705595546946958 0.1384131208704714 0.11173107347375402
0.10748815417130789 0.06993938794601831 0.2576369140846045 0.12871003641244053 0.10088022567545245 0.07600416356570687 0.14350208537327322 0.11583903277119646
0.10412632702108442 0.06901116266821626 0.276949824127255 0.12840903548866503 0.0923532056675489 0.07041582128141274 0.1431664918060191 0.11556813193979854
0.1201537522483053 0.08014499422023687 0.20766670863465228 0.09328638983115531 0.14042582235736062 0.1077021809230963 0.13867648398780702 0.11194366779738638
0.10777355951009411 0.0700298669809432 0.2562778940750645 0.1288534961964271 0.10124201726294153 0.07619298707128075 0.14366203232646424 0.1159681465767844
0.12129998531998654 0.08035246277553632 0.20105672104253564 0.09343759378603679 0.14347283207822117 0.10935403363221151 0.1389012588222278 0.11212511254324414
0.10824125356621725 0.07017783568040817 0.2536654969287761 0.12910161098131012 0.10206881974726811 0.07661487141726103 0.14393866179558007 0.1161914498831791
0.13899357398186984 0.09199695484886639 0.22913967160594534 0.10696485310661534 0.12340126756117797 0.09397748233741966 0.11925782876215173 0.0962683677959538
0.11118058850889737 0.07017011108678335 0.26410320451869546 0.1275424853920666 0.09681353138352776 0.07320148914093996 0.1422003531162295 0.11478823685285997
0.10471515621469075 0.06884434524601221 0.27929028849410764 0.1280583422785983 0.09129014012664095 0.06977372454128196 0.14277549504792975 0.11525250805073847
0.08192244743938938 0.11958096324207142 0.14194829472608522 0.13920784737585248 0.09538750850905191 0.160484286245079 0.09441923561144779 0.16704941685102298
0.10510990973052109 0.07566060572472039 0.23923973066288537 0.13438632121290128 0.09447694401732756 0.08519800117214653 0.148771181806712 0.11715730567278573
0.0820696247901805 0.12063098827311636 0.13284380611517702 0.13955076212314502 0.09618092622840059 0.16661115665607334 0.09465182126613315 0.167460914547774
0.10547013748451817 0.07597217267971083 0.23555391016036673 0.13481609841380293 0.0949349033348756 0.08647383185920032 0.1492469628349792 0.11753198323254616
0.08214205502079792 0.12068890228350715 0.13201240472771097 0.13958042984859956 0.09628972506251064 0.16711802351515623 0.09467194372339797 0.16749651581831948
0.10551635571544116 0.07599718858253357 0.23521420808292212 0.13485384723648822 0.09498359161932965 0.08658116396727154 0.14928875233343422 0.11756489246257947
0.08215114961588561 0.12069385254154273 0.13193598561728295 0.13958319623356238 0.09630123252449195 0.1671609279328911 0.0946738200540684 0.16749983548027483
0.09629247863296865 0.14677813591205968 0.12876854763024745 0.15627036112627196 0.0866808525906825 0.1672325049983032 0.08174141966604995 0.13623569944341657
0.10119707328286141 0.15299760374323323 0.09768344475904854 0.11919921962853319 0.12379421036274203 0.24420950172506173 0.08939941472139991 0.07151953177711992
0.07805591015395728 0.12426838193187495 0.09679410107574217 0.1330925492986542 0.09845682289018683 0.21934970727124295 0.09027146821995675 0.15971105915838502
0.07558762677787494 0.12382538482852846 0.09860785615949982 0.13677639656414967 0.09501478718776597 0.21328619493560452 0.09277007766959716 0.16413167587697958
0.07537772558039607 0.12417174458176884 0.09928756474893245 0.13727414786780123 0.09455706254959216 0.21149509432850858 0.09310768290163911 0.16472897744136147
0.10170054973687306 0.08314603873642498 0.21487451708424826 0.1349930619922623 0.09567203847923104 0.09761284816565564 0.15050719001226856 0.12149375579303608
0.08090179678529083 0.1279912869616427 0.12656665501779163 0.13847211650945737 0.09578126251911626 0.17020012424111164 0.09392021815424066 0.16616653981134885
0.1054259798061251 0.07667101634898296 0.2330306133978856 0.13513542024112923 0.09506430097637869 0.08726183764123206 0.1496004652242049 0.11781036636406136
0.09722029274270653 0.15090822063176618 0.10864263489454164 0.11503772409537572 0.11399452618553926 0.19812574575788675 0.07802558677773308 0.13804526891445082
0.10550458289208896 0.08535630844353695 0.2165008654265602 0.13260109809688903 0.09858329038369341 0.09427253769633556 0.14784032877369566 0.11934098828720012
0.10485881402155507 0.07530729706642955 0.26111609484892806 0.1298525981577814 0.09293067963566337 0.07429122147411281 0.14477595645352642 0.11686733834200327
0.10320862783638708 0.07298970995724817 0.2779707900689209 0.1278651999935513 0.0904297990931204 0.06989703724287034 0.1425601558137057 0.11507867999419617
0.10224657499706877 0.0722784571680912 0.2842167082468691 0.1270667999259758 0.08939864849621695 0.0687626919119463 0.14166999932045363 0.11436011993337823
0.10181244724251672 0.07203379326855422 0.2865234478611179 0.1267715154991523 0.08899734428804988 0.06842630867067531 0.14134077922069668 0.11409436394923708
0.10163510615355735 0.07194622224568599 0.2873754649803718 0.12666351110523946 0.08884577542177635 0.06831639771714035 0.14122036238151325 0.11399715999471552
0.10156596255062496 0.07191437439244472 0.28769036814353444 0.1266239166228558 0.08878930755219043 0.06827832828931195 0.1411762174884676 0.11396152496057022
0.08084066001393493 0.12546633926910516 0.1432106582883304 0.1380790589384523 0.09423046117007976 0.15882432900961302 0.09365362258434155 0.16569487072614272
