Action: 0
[0.2708037330338288, 0.09687980802186863, 0.14755538564522475, 0.09687980802186863, 0.09699357208365085, 0.09712807714982097, 0.09687980802186863, 0.09687980802186863]
[0.1455349787477503, 0.0969914541787245, 0.2725162961799027, 0.0969914541787245, 0.0969914541787245, 0.0969914541787245, 0.0969914541787245, 0.0969914541787245]
[0.20528875972468924, 0.09560248997565639, 0.1832220405776462, 0.09560248997565639, 0.13347674736469797, 0.09560249243034108, 0.09560248997565639, 0.09560248997565639]
[0.125, 0.125, 0.125, 0.125, 0.125, 0.125, 0.125, 0.125]
[0.11674935705502744, 0.10446359985893333, 0.29086017150800403, 0.09741503268375695, 0.09795361514491516, 0.09772815838184923, 0.09741503268375695, 0.09741503268375695]
[0.10815371235650088, 0.15931032658749425, 0.2525791036001395, 0.09598243139449752, 0.09598260644116091, 0.09602695683121193, 0.09598243139449752, 0.09598243139449752]
[0.125, 0.125, 0.125, 0.125, 0.125, 0.125, 0.125, 0.125]
[0.125, 0.125, 0.125, 0.125, 0.125, 0.125, 0.125, 0.125]

Action: 1
[0.10082292499883616, 0.10064974857306248, 0.10064974857306248, 0.10064974857306248, 0.10064974857306248, 0.295278583562789, 0.10064974857306248, 0.10064974857306248]
[0.10285105474385359, 0.10285105474385359, 0.10285105474385359, 0.10285105474385359, 0.10285105474385359, 0.28004261679302495, 0.10285105474385359, 0.10285105474385359]
[0.09707808138128092, 0.09707808138128092, 0.09707808138128092, 0.09707808138128092, 0.15402976485243047, 0.263501746859884, 0.09707808138128092, 0.09707808138128092]
[0.125, 0.125, 0.125, 0.125, 0.125, 0.125, 0.125, 0.125]
[0.10083225684238506, 0.09736867169676941, 0.09618642519134864, 0.09618642519134864, 0.2358118548498781, 0.18124151584557288, 0.09618642519134864, 0.09618642519134864]
[0.10281179792132494, 0.09987920141700034, 0.09987920141700034, 0.09987920141700034, 0.19522417895789723, 0.2025680160357761, 0.09987920141700034, 0.09987920141700034]
[0.125, 0.125, 0.125, 0.125, 0.125, 0.125, 0.125, 0.125]
[0.125, 0.125, 0.125, 0.125, 0.125, 0.125, 0.125, 0.125]

