Action: 0
[0.1079543738095755, 0.0966430027719222, 0.24973888601085178, 0.0966430027719222, 0.09664300277199585, 0.159091726319888, 0.0966430027719222, 0.0966430027719222]
[0.13552246402114337, 0.12193344339019675, 0.25966642355464886, 0.09269091328172668, 0.11211401590710435, 0.09269091328172668, 0.09269091328172668, 0.09269091328172668]
[0.1347715360499808, 0.09529459597084519, 0.2691948890323767, 0.09529459597084519, 0.11956059506341643, 0.09529459597084519, 0.09529459597084519, 0.09529459597084519]
[0.125, 0.125, 0.125, 0.125, 0.125, 0.125, 0.125, 0.125]
[0.20086168982257854, 0.1004459732682037, 0.19095208965267282, 0.0998005492708428, 0.10810017520369038, 0.10023842424032617, 0.0998005492708428, 0.0998005492708428]
[0.10725845596723049, 0.09657734823806502, 0.2769166776433088, 0.09657734823806502, 0.13293812519913573, 0.09657734823806502, 0.09657734823806502, 0.09657734823806502]
[0.125, 0.125, 0.125, 0.125, 0.125, 0.125, 0.125, 0.125]
[0.125, 0.125, 0.125, 0.125, 0.125, 0.125, 0.125, 0.125]

Action: 1
[0.0975983581223274, 0.09762020829543934, 0.09759825665610022, 0.09759825665610022, 0.24413290124662568, 0.1702555057112067, 0.09759825665610022, 0.09759825665610022]
[0.09870762579014823, 0.09870762579014823, 0.09870762579014823, 0.09870762579014823, 0.1642699536228588, 0.24348429163625174, 0.09870762579014823, 0.09870762579014823]
[0.09906868005983543, 0.09906868010241511, 0.09906868005983543, 0.09906868005983543, 0.2170519942375159, 0.18853592536089184, 0.09906868005983543, 0.09906868005983543]
[0.125, 0.125, 0.125, 0.125, 0.125, 0.125, 0.125, 0.125]
[0.09891875097713793, 0.09921136721265479, 0.09891875097713793, 0.09891875097713793, 0.11905320915037516, 0.28714166875128044, 0.09891875097713793, 0.09891875097713793]
[0.10939099872571231, 0.09591066095577001, 0.09591066095577001, 0.09591066095577001, 0.27154494374717886, 0.13951075274825883, 0.09591066095577001, 0.09591066095577001]
[0.125, 0.125, 0.125, 0.125, 0.125, 0.125, 0.125, 0.125]
[0.125, 0.125, 0.125, 0.125, 0.125, 0.125, 0.125, 0.125]

