0.125 0.125 0.125 0.125 0.125 0.125 0.125 0.125
0.099626400996264 0.07845579078455792 0.199252801992528 0.15691158156911583 0.08685378548392246 0.06839735606858895 0.17370757096784492 0.1367947121371779
0.11030863736668604 0.08686805192626526 0.1563457528399143 0.10424166231151831 0.13788579670835754 0.10858506490783158 0.16546295605002906 0.13030207788939788
0.09334725100011056 0.15557875166685095 0.09608268529805805 0.14002087650016584 0.131468812676027 0.1944734395835637 0.10501565737512439 0.08401252590009951
0.07295173961840629 0.12906846240179573 0.09118967452300786 0.16133557800224466 0.08754208754208755 0.15488215488215487 0.10942760942760943 0.19360269360269358
0.09639053796822279 0.07590754864997545 0.20900896460918036 0.1518150972999509 0.09082352395022068 0.0756371508548222 0.168065553380491 0.13235162328713668
0.09096272042687172 0.15160453404478622 0.11027762849346259 0.1364440806403076 0.12346160036101324 0.20304992716914336 0.1023330604802307 0.08186644838418457
0.07844310644546239 0.1283039258580773 0.09064951283451113 0.1603799073225966 0.08702353232113069 0.15396471102969272 0.10877941540141337 0.19245588878711592
0.09469505431080905 0.07457235526976214 0.21767075538276404 0.14914471053952427 0.09438902568485663 0.07439517954359565 0.16510932546500037 0.13002359380368783
0.0708285155189098 0.11804752586484969 0.12523430510081157 0.1416570310378196 0.10274023514593524 0.15817832525603484 0.10624277327836473 0.17707128879727452
0.06989737363564319 0.11649562272607199 0.1067528660111928 0.13979474727128638 0.10264899813860592 0.1848208976746271 0.10484606045346478 0.17474343408910797
0.08542608550145192 0.14237680916908654 0.09496770176630312 0.12813912825217788 0.12565653109751426 0.25044592107302605 0.09610434618913341 0.07688347695130673
0.06797271269760721 0.12605395473278094 0.054975341511692664 0.09726406575145624 0.12611990111505963 0.22313520966510553 0.10995068302338533 0.19452813150291248
0.10021734831936885 0.08501699759890706 0.18849240885968016 0.15215652281444061 0.08482158398685606 0.08271109991403877 0.16964316797371212 0.13694087053299656
0.08967524612834062 0.07061925632606823 0.25351598569154166 0.14123851265213647 0.09272626649077595 0.0727368822778089 0.15635683940326053 0.1231310110300677
0.06861928515449892 0.11436547525749817 0.13523510815171758 0.13723857030899783 0.10368772863936745 0.16637669186992438 0.10292892773174836 0.17154821288624725
0.08328551478677167 0.1548115747077568 0.10080373490531963 0.12492827218015749 0.12857380922456402 0.23894392675221782 0.09369620413511813 0.0749569633080945
0.08767433261806343 0.16488224404029028 0.07761266339996556 0.1253156153178281 0.0974961897178601 0.21164353830902854 0.08499667821557033 0.15037873838139368
0.12080840386080793 0.11098882665029144 0.173731650085566 0.11416394164846351 0.13156841427711194 0.12282704825804851 0.12638417634669136 0.09952753887301946
0.09076346811513428 0.15923164392803082 0.08271203042574764 0.1255160074579152 0.09765209582787161 0.20837294893304234 0.08513259636275985 0.1506192089494982
0.08963327938442657 0.08196281038084267 0.21947507463100752 0.14117241503047184 0.09767901411423821 0.09072035237755041 0.15628366661900014 0.12307338746246264
0.08428422203087345 0.1521892555398015 0.12254270306162357 0.12642633304631018 0.1318428288929591 0.21203910781591345 0.09481974978473265 0.0758557998277861
0.07124124081704179 0.1337891387087117 0.09213531881680195 0.1455332908929466 0.07896762914539016 0.2049838961158343 0.09870953643173769 0.1746399490715359
0.08028299252231316 0.1519469362010583 0.12113046841708858 0.16056598504462632 0.08415838428539192 0.17794626977496614 0.08398836140795839 0.13998060234659732
0.09893787726895646 0.08998385748997535 0.15970356055066873 0.09349629401916386 0.15051438949076737 0.14208683775307868 0.1484068159034347 0.11687036752395483
0.06325433806565382 0.11101811037363077 0.058132400111121446 0.08895771757754521 0.13232609908930876 0.26783500149651146 0.10056089813113808 0.17791543515509042
0.06797225510246306 0.12568783836088418 0.08455398003929111 0.1413357295711271 0.08689192136291318 0.2280929052384216 0.0958624948395471 0.16960287548535255
0.08901686225229419 0.0791048959144247 0.22102732433848832 0.14020155804736337 0.09606640054232467 0.09714707155212125 0.15520888802964117 0.12222699932334243
0.05787519738863628 0.10428889801708477 0.08533540042528723 0.08681279608295443 0.14632148629836822 0.2415652743222148 0.1041753552995453 0.17362559216590887
0.0707302367885843 0.12543402154881023 0.08709237062930528 0.1419030127733393 0.08833322046818927 0.21997626162619496 0.09624726083756927 0.17028361532800715
0.09853273702422086 0.08757262979523535 0.14794869129845398 0.09311343648788871 0.15304744247806806 0.15559416176994098 0.14779910553633127 0.11639179560986088
0.06594574965786597 0.10818251063522996 0.056259379723221765 0.08673743474523382 0.12963756107698637 0.28171148148073016 0.09805101319026432 0.17347486949046764
0.07017308041020308 0.12327773097640478 0.08292984400518667 0.13873098136458922 0.0852680410295388 0.23904734852058812 0.09409579605598226 0.16647717763750705
0.09444913994464774 0.07820159128406945 0.2187366213131261 0.13865416657826404 0.09495317044045806 0.10063145699884873 0.15349586206466348 0.1208779913759225
0.09037183779508108 0.14830045742430414 0.12166683439350365 0.12342374527025639 0.13008774135243056 0.21952732764957808 0.09256780895269229 0.07405424716215382
0.07316388676185645 0.12823665808385715 0.08843878798030415 0.13898534706916774 0.09323821069695626 0.21688637056489993 0.09426832235995725 0.16678241648300127
0.10471122297635262 0.08684430050404988 0.14707317299603576 0.09196282198602251 0.15320814145377537 0.15527407929008888 0.14597273331114685 0.11495352748252814
0.11603451244159377 0.08582292494064342 0.1404269506849752 0.09851470261529466 0.1585033099975793 0.1360312340847936 0.14644872209676638 0.11821764313835358
0.10497428460179528 0.07624591498585728 0.19863833922289192 0.14014621462800736 0.11027746624727527 0.08733361651147149 0.1562525706374948 0.12613159316520664
0.136135908891864 0.09702807223628077 0.2173232743095522 0.10782741232040773 0.13023931698740535 0.098073252250085 0.11936937790456208 0.09400338509984264
0.09472043640247797 0.14771676287453875 0.09239814983008562 0.11696070166808853 0.12221402191461134 0.2063072180901359 0.07932986721835569 0.14035284200170622
0.10062230912605998 0.07986860915154445 0.2005121448133995 0.13833385331276063 0.10208618767696338 0.0998445049159484 0.15423192302183908 0.12450046798148458
0.0811676497365649 0.11840622402696191 0.12561532061445518 0.13104010618482256 0.10554380777575628 0.17614667929179406 0.09828007963861693 0.1638001327310282
0.06660975031089242 0.10262285180012405 0.06774076464711089 0.08206852498352947 0.14219536136799515 0.27614346694305364 0.09848222998023536 0.16413704996705894
0.0684305575148107 0.11941284246402924 0.08840035534567084 0.13453278659873183 0.10101816776962269 0.23551762156516873 0.09124832482348769 0.1614393439184782
0.09631979423934874 0.07769190052288746 0.20670284879466153 0.13812061189940383 0.09759004110675182 0.10527207796799859 0.15399417475948457 0.12430855070946344
0.10439129505450469 0.07070588274047819 0.2686436298289211 0.13064175180441343 0.09237453652881435 0.07472430523413491 0.14462578954334737 0.11389280926538607
0.07602538813044543 0.12116153819186545 0.1365239629461903 0.1409892859509963 0.09526309890319293 0.16522206704761208 0.09562751568850184 0.16918714314119554
0.13790611666113703 0.10182494447101777 0.19362562231827696 0.1083418902545614 0.12685934341914687 0.1170512524250348 0.11993892612633578 0.09445190432448942
0.07869484082784779 0.12264318276442038 0.11900645308052696 0.13827867368257882 0.10224349668014851 0.17940993109111217 0.09378901345427085 0.16593440841909454
0.11664885424083184 0.084848082795249 0.1552228080785663 0.09011417481607477 0.15377457346909273 0.1437104153561637 0.14303837272392822 0.11264271852009346
0.06515136169138006 0.10314748550143896 0.0661284671872244 0.08246017243644037 0.1539123820670324 0.2710639391415402 0.09321584710206302 0.16492034487288074
0.09460299617869396 0.07553703578275327 0.19877294144325894 0.13598382172212312 0.10943489912089151 0.11167105302859835 0.15161181317377012 0.12238543954991081
0.09646311629643682 0.07155247606746531 0.25611744291664906 0.1325857254548729 0.0966721173160021 0.07945877961412844 0.14782318942505976 0.11932715290938561
0.11043752097457739 0.08132143779925602 0.2044105666357559 0.0945050021460384 0.14315487436789076 0.11227656246025901 0.14048803304097648 0.11340600257524605
0.08704829043697473 0.138577743309036 0.14452106475294973 0.1593089401848786 0.09230110826306218 0.15382504166222635 0.08103976522448172 0.14337804616639072
0.11860087897112974 0.08587673721881094 0.16358782073134834 0.08983493155216732 0.15092149290892876 0.1362893447295213 0.14259512944788463 0.11229366444020913
0.0940026684186714 0.14106656942306295 0.09462203222283123 0.11252726967815517 0.12693843742010366 0.21948745544168427 0.07632284378170524 0.1350327236137862
0.07470791518206109 0.12400844014525567 0.09743984999178601 0.1345257143609701 0.10094797106936006 0.21569572401604914 0.09124352800135366 0.16143085723316414
0.11141534247703151 0.08637823877794576 0.15187261497470197 0.09542596601037746 0.14766833220729522 0.1508712386590967 0.14185710768109844 0.11451115921245296
0.103375561839706 0.07179651110091624 0.23630184907476492 0.13133044383861867 0.10621253055053795 0.08636206004003051 0.14642364410066885 0.11819739945475681
0.11585003793789023 0.08066422693428602 0.19783444722411825 0.09364981871477779 0.14704660259192598 0.11335833870655389 0.13921674543271445 0.11237978245773333
0.08134102741155538 0.11865677437879711 0.12350778276144068 0.13633102077406922 0.10746482386371874 0.17663334918260204 0.09246799669893391 0.16359722492888307
0.1022628605102613 0.07546925541735643 0.22701452014998635 0.13401126352408976 0.09883968256854289 0.09237972266928383 0.1494125579887986 0.12061013717168079
0.10346718630857903 0.06979584459957905 0.26944686506632465 0.12915470013444733 0.09351658152196266 0.07438174000865373 0.143997852239451 0.11623923012100261
0.13626524595422737 0.09105541131097823 0.2387357662699429 0.10585126334082302 0.12130276274284897 0.09350715409743177 0.11801625927700715 0.0952661370067407
0.11017986174766302 0.06920494906502847 0.27168552619867087 0.12577637089473276 0.0966096619184423 0.0731136291189116 0.14023126725129156 0.11319873380525948
0.08285729702785584 0.1185615779478412 0.14284189353978757 0.1378585826168683 0.09692787908305234 0.16201838852160713 0.09350408212274547 0.16543029914024196
0.10462242755899315 0.07506639056571587 0.24199024340552114 0.1333407571150943 0.09504340103553885 0.0860772926945585 0.14761369937039334 0.11624578825418477
0.12083523912674413 0.0804667784851977 0.20016184323199743 0.09307086852850985 0.14268299676712493 0.1127411345301011 0.13835609709611316 0.11168504223421183
0.10806965425624383 0.06954376529981976 0.256613854446771 0.12781274446454283 0.10280307233783775 0.0776237673632433 0.14250167181345297 0.11503147001808853
0.08249495630769994 0.11869232529761284 0.13928296721312028 0.13798506188768384 0.09844391673058737 0.16392883023512436 0.09358986806295078 0.1655820742652206
0.10465668363391485 0.07516372269265356 0.24051566833184643 0.13349916159537178 0.09548600323186317 0.08650581640499014 0.14778905964160002 0.11638388446776003
0.08222293822681098 0.11960100685027351 0.13544705419684633 0.1383169166966607 0.09687820748097574 0.16773862431818307 0.09381495219425685 0.16598030003599287
0.11613516591422449 0.0921588823800848 0.16442848348517505 0.09393605935624008 0.14471357952111744 0.136262296744304 0.13964226137136587 0.1127232712274881
0.10842252624441814 0.07581934284105742 0.2412321722713779 0.1286513480645668 0.10413783892122172 0.08251390615412656 0.14343665224512148 0.11578621325811013
0.10479871027897147 0.07271536001670113 0.27435085287061955 0.127012848384077 0.09352520530265153 0.0716756122238391 0.1416098473774709 0.1143115635456693
0.10284460246348003 0.07156522810090526 0.2875701321819668 0.12561855441514946 0.09025698907559918 0.06903248113535941 0.14005531365390544 0.1130566989736345
0.10191608861077821 0.07108923656060227 0.2927393024491307 0.12499762362383365 0.08914268967308402 0.06825417566141365 0.13936302215970708 0.11249786126145031
0.10151184036213713 0.07089743263464542 0.2947496640524518 0.1247485911598192 0.08874073281660053 0.06799263738366551 0.1390853695468432 0.1122737320438373
0.11884626542043826 0.08305263898480927 0.21660530446376533 0.0913613770495953 0.13852084668829487 0.10616509173746795 0.13581482319611482 0.10963365245951436
0.10721500120532142 0.07327856929584962 0.2626351437680769 0.12613797099037838 0.10090481608704659 0.07566990038913178 0.1406344243728547 0.11352417389134055
0.08227310446197642 0.12477215669986835 0.14009965828217333 0.13673504514581714 0.09734273301426864 0.16195321760027426 0.09274203062064118 0.16408205417498054
0.10229205465358333 0.08164177800231688 0.2336309097757991 0.132057057497954 0.09550645455747753 0.08878662965878287 0.14723376410592778 0.11885135174815858
0.1039103330801788 0.07381572814186349 0.2718054757548305 0.12777215742230275 0.0921025292640999 0.07314241436641307 0.142456420290239 0.11499494168007247
0.10284083583003771 0.07179101348650016 0.2866619967154372 0.12579556182787863 0.09006703334427868 0.06937488944118676 0.14025266370959005 0.11321600564509075
0.10202817996577605 0.0711370202164663 0.2923947105942841 0.12503515632152856 0.0891351303840538 0.06833329351182608 0.1394048683166893 0.11253164068937571
0.08129450916140063 0.12431438428381686 0.14729379353596134 0.13669921278609995 0.09465980364550548 0.15898151431071497 0.09271772693318084 0.16403905534331994
0.10186053322855508 0.08140673461911242 0.23671595613094548 0.1317652331114475 0.09469687985094273 0.0880575515657817 0.14690840169291233 0.11858870980030276
0.10373586715655615 0.07370415379462485 0.2730322261066755 0.12762091568275558 0.09182587445459503 0.07293434165297209 0.1422877970373409 0.11485882411448
0.10279311431457491 0.07174161879200701 0.28713399546456364 0.1257284885599892 0.08996433672186684 0.06930492442164711 0.14017788202136108 0.11315563970399029
0.10203717268885354 0.07111478098558753 0.29256991436548624 0.12500416496418318 0.08909386395394979 0.06830603930813785 0.13937031526603705 0.11250374846776484
0.13581871748069296 0.09471601380965756 0.2460542765373419 0.10415468203802974 0.11854792036703282 0.09084447819808066 0.11612469773493764 0.09373921383422676
0.12730452515582133 0.08526979800651127 0.19806868848585632 0.08987315331265865 0.14698160044326955 0.11105197196485958 0.13360247865583286 0.10784778397519038
0.10981583056760699 0.07383388687139422 0.2546295390303907 0.12658745565989726 0.1032170200460894 0.07685199149497776 0.1411355662357362 0.11392871009390754
0.13917571086222236 0.09575855733928014 0.2321873845776199 0.10484802553450553 0.1233634252695293 0.09340594944433171 0.11689772399145616 0.09436322298105497
0.10034278968887632 0.1464569908714632 0.15108914127879478 0.1541205663219708 0.08718438970886917 0.14369715044168438 0.07840046199856776 0.13870850968977372
0.10829317483596643 0.07664029906863697 0.24511673698459419 0.13259787001098933 0.09244203559981094 0.08252044760524029 0.14679129280825842 0.11559814308650353
0.08268634354423095 0.12579290633676413 0.13600354402285206 0.13718389392258618 0.09559556008319617 0.1650706122009913 0.09304646718227585 0.1646206727071034
0.07956695992239543 0.12170415986609376 0.1089139980855585 0.1288458064653417 0.10335894489221285 0.1999185178377144 0.09663435484900629 0.16105725808167712
0.0755737581390027 0.13237027545583524 0.10130823843089236 0.13436943265980925 0.09600460453885296 0.20799284334500934 0.09113752823882713 0.16124331919177107
0.1019047449399344 0.08359979010246674 0.216864787550885 0.13362283148346912 0.0963708032276294 0.09839700910952086 0.14897948525097227 0.1202605483351222
0.13838679527705314 0.09866284361948939 0.2194364612470328 0.10642348781871326 0.12293934410510837 0.0997156820292256 0.11865424686653553 0.09578113903684193
0.11174660531522447 0.07491277665878454 0.26329988395635145 0.125575628833443 0.09715409988521097 0.07428548456718248 0.14000745483370436 0.11301806595009871
0.10489379449208909 0.07195946548941892 0.28294509060935297 0.125818533167304 0.09123131882393355 0.06963684252855751 0.14027827503877027 0.11323667985057359
0.10268954515629865 0.0712192831555747 0.2908763418275529 0.1251425187773765 0.08946522461045721 0.06845425013026481 0.13952456944283617 0.11262826689963884
0.10189877441120908 0.07094038808531329 0.29399088035912135 0.12479484381748834 0.08885363923988158 0.06806917684279336 0.1391369378084534 0.11231535943573952
0.10160215067657263 0.07082840487297565 0.2952033263829362 0.12464993825796661 0.08862734988320654 0.06792850657073793 0.1389753789234344 0.11218494443216995
0.13563344820548426 0.09459823121989804 0.2469684033651295 0.10406873394285807 0.11832988208866382 0.09071056860653588 0.11602887202285818 0.09366186054857224
0.11003996955601891 0.07368408694904807 0.27436938129290467 0.12427852240075973 0.09523180831919717 0.07198428336113782 0.13856127796025 0.11185067016068376
0.12153967426914103 0.0835141324714967 0.20966351022752586 0.09143275870669441 0.14084355244101185 0.10736612461241381 0.13592093682368303 0.1097193104480333
0.1081716785330922 0.07346930728064775 0.25970634554739985 0.12636739905760128 0.10161713997377343 0.0760472509093336 0.14089021954631067 0.11373065915184115
0.10418647174938779 0.0718958414662701 0.28158057890842303 0.12602365874217727 0.09233497341610528 0.07005020810280174 0.14050697474687526 0.11342129286795954
0.08180434591762395 0.12453831149431867 0.14472377510235696 0.13678822525537948 0.09543395239030511 0.1597874189255639 0.09277810060799653 0.1641458703064554
0.11560427514767384 0.09723077648091712 0.16688559166307296 0.09316324247624029 0.14336683609117049 0.1334599699958022 0.1384934171736348 0.11179589097148836
0.14128672640105322 0.10392839577455526 0.19752239010111172 0.1045114961293584 0.13530229072535657 0.10686583553329043 0.11652251881885181 0.09406034651642255
0.11277644195019976 0.07928120210020893 0.253408937520784 0.1255884080801538 0.10016040185749668 0.0757333384789066 0.1400217027401118 0.11302956727213843
0.10521960466959972 0.07518383747952438 0.27860107859303307 0.12575304716486735 0.09194287310050768 0.06991655351101862 0.14020526303306852 0.11317774244838061
0.1026778215072102 0.07403446856903881 0.28882054393827183 0.12488446504038526 0.08953108243196918 0.06841874119294537 0.13923685878383252 0.11239601853634673
0.1357317486538845 0.09820891160324376 0.24420513917570427 0.10376992762691833 0.1183643732243661 0.09063123957209233 0.11569572527956416 0.09339293486422649
0.10986170073384238 0.07727955581891444 0.2727578318328681 0.12380120275779134 0.09505001040258981 0.07179951379277269 0.13802910217920913 0.11142108248201218
0.10384557933387958 0.07437836233115423 0.2862692461903632 0.12487680726889107 0.09024223561276032 0.06877032178085771 0.13922832094009197 0.11238912654200195
0.13614596893609113 0.09830801680077246 0.24325274336883101 0.10380034099202161 0.11860365560833117 0.09073933348913295 0.11572963391200024 0.09342030689281945
0.08628883938217582 0.1329382124106475 0.13354291362361642 0.13307815196538492 0.09950389954805854 0.1646924976394808 0.0902617030721741 0.15969378235846188
0.10296097930406564 0.08701026760744861 0.22967587209344842 0.13121295033234914 0.09564978526697639 0.08910584248724711 0.14629264760935046 0.11809165529911422
0.13774474346582669 0.10235512256018867 0.22331231342736682 0.10545279409471513 0.12184082337710145 0.09681469258544988 0.11757199580410775 0.09490751468524361
0.11112943394055029 0.07849454169976303 0.26431810909677034 0.1247604144747097 0.09649339215473539 0.07342118394562328 0.13909855166060917 0.11228437302723873
0.1044559008110704 0.07479243408610295 0.28295466298402727 0.12528080276786263 0.09082274943768451 0.06926198164964843 0.13967874577252745 0.11275272249107637
0.1023445232187262 0.07386154023069323 0.2905268295891163 0.12468298558385012 0.08915597724238677 0.06820123288418622 0.13901222422557616 0.11221468702546511
0.09287789318707493 0.14734660480317865 0.1677110855993304 0.1557402218313515 0.08098216990983115 0.13595145130680777 0.07922437371420923 0.14016619964821633
0.10663774001570542 0.07634653725677056 0.25237258777082355 0.13199044272870164 0.09066097805659148 0.08080427723736294 0.1461188458372277 0.11506859109681682
0.08203274213504726 0.12958468572740806 0.13730966266900338 0.13640757295453507 0.09477591089415406 0.16368041902698635 0.09251991904742378 0.16368908754544206
0.1017309153417232 0.08894519991617325 0.23123833742609315 0.13096555343930372 0.09443499581723937 0.0887991814280345 0.1460168185360595 0.11786899809537334
0.10347168495536481 0.07913060379999859 0.2701032997755857 0.12700143430835717 0.09151915071735212 0.07287541403098016 0.14159712153484 0.11430129087752144
0.1363367867929097 0.10154273357477248 0.23732600582907046 0.10403227313921201 0.11924240362128367 0.09190253026971242 0.11598822094774833 0.09362904582529082
0.11007712389341026 0.07981523901008827 0.2696762260699717 0.12374751443847842 0.09529190613758433 0.0720499837460702 0.13796924370976624 0.1113727629946306
0.13806952340792156 0.10138701961624812 0.23666909082185156 0.10363921852679805 0.1199826401012177 0.09142721646450418 0.11554999438734051 0.09327529667411824
0.14554940718345755 0.10508950602856601 0.22175322447859286 0.10185747018192054 0.12572856377219743 0.09478662724244068 0.11356347794909648 0.09167172316372847
0.12954419999698255 0.09274453671301584 0.18890829681477014 0.08911984493406959 0.1487078900751002 0.1115487823894568 0.13248263515572137 0.10694381392088351
0.11022323516604873 0.07960534807789908 0.2499268882505625 0.12602009423144087 0.10348006689363795 0.07682328198870174 0.14050300058341242 0.11341808480829678
0.08237120763967462 0.13248843031069799 0.13635149728527324 0.13556200674384639 0.09729596137183587 0.16131008398196914 0.0919464045740871 0.16267440809261563
0.10165798806258869 0.09077307231077975 0.23047519106441175 0.1306680974761138 0.09486905081217277 0.08827013521012203 0.14568517733530895 0.11760128772850242
0.1033740522141664 0.0803279923063663 0.26962470872708655 0.12683837964781028 0.09154335074511294 0.07272164691983972 0.1414153277565885 0.11415454168302926
0.10237000352522552 0.07728876173935943 0.28506189218586997 0.12495595429227858 0.08955884705690645 0.0689876183726345 0.13931656396467476 0.11246035886305071
0.10156999168400115 0.0762997375818517 0.29107534895434534 0.12420516692756775 0.08863613532736847 0.06794947720812469 0.13847949208193 0.11178465023481099
0.08061754630633744 0.1326603812654036 0.14613817732663043 0.13526973745883422 0.09376656278752236 0.15747574014998342 0.09174816975468755 0.16232368495060104
0.1009134767185353 0.09053628739662536 0.23470218921015232 0.13026801732881826 0.09378887768656317 0.08731081823556727 0.14523911782780186 0.11724121559593646
0.080445494674919 0.13717168277821093 0.13238604853034172 0.1354327088343188 0.09490522404521597 0.16528088367427302 0.09185870686153798 0.16251925060118255
0.13222012197239721 0.11980374615808895 0.1866210580714553 0.10672747735867054 0.1232738349052548 0.11630585939352842 0.11899317251780134 0.09605472962280348
0.11084245483250414 0.08566917712565113 0.24876684138491795 0.1258170871384017 0.09775124955396844 0.0776411487155382 0.1402766628244568 0.11323537842456154
0.10471224923100322 0.07867315514195668 0.2764592262698899 0.12556629545977627 0.09137564821388572 0.07020671095110316 0.13999704881858638 0.11300966591379866
0.10240869253048683 0.07676349000872593 0.2876604279766564 0.12456260090674574 0.08927095956056008 0.0683494839062179 0.13887800429453592 0.11210634081607117
0.101480532776265 0.07612706513503395 0.29207390285645335 0.12407007942258097 0.08848663031301715 0.0677698384212998 0.13832887959502685 0.11166307148032287
0.11843391787146096 0.08890108565942352 0.2150943774550122 0.09068481658051149 0.13772916731558857 0.10552578460319609 0.13480907061819322 0.10882177989661379
0.08268079004608236 0.13466504303883411 0.12642881674913772 0.13282449417462494 0.10363622518458329 0.17028558087874637 0.09008965691844129 0.15938939300954993
0.1018927067539572 0.09135341597884247 0.22588338297173022 0.1307886491977301 0.09646548940709308 0.09008698790417584 0.14581958350851398 0.11770978427795707
0.10357577851231231 0.08054877165128058 0.26774980610160415 0.12702013502093354 0.0920235206071751 0.07314589515406714 0.14161797143378707 0.11431812151884017
0.08105527677736127 0.13413421363017647 0.14054614444821845 0.13547201340471482 0.09461542518538053 0.15972514485485803 0.09188536561363267 0.16256641608565778
0.13223803416623364 0.11887762524303547 0.18971312557704942 0.10657983414569525 0.12301976229771071 0.11482120648566574 0.11882856135348409 0.09592185073112572
0.11073351450259669 0.08540520599037622 0.2500540983155389 0.12568088245542985 0.09759551717436193 0.07729318258433766 0.1401248047674718 0.11311279420988687
0.10463909621480681 0.07858840041033764 0.2769697612888894 0.12550488288623488 0.09130159911743474 0.07011328710256945 0.1399285783821156 0.11295439459761138
0.1023727797399182 0.07673385505950896 0.28786007236600214 0.12453804046761147 0.08923981373244648 0.06832058097589266 0.13885062123776978 0.1120842364208503
0.10146478472029223 0.07611615238484659 0.2921515850796416 0.12406043896858501 0.08847461321823248 0.06775989934841749 0.1383181312082582 0.1116543950717265
0.10109973090268928 0.075890153649508 0.29382973673151686 0.12386348960065084 0.08817982707050495 0.06756137404381865 0.13809854736072563 0.11147714064058574
0.1009543100830938 0.07580434904382774 0.29448448469298044 0.12378565683966851 0.08806523927867595 0.06748709926540648 0.13801176964064535 0.11140709115570167
0.09211097287204237 0.15160943646637742 0.16817155186997607 0.15476227769476847 0.08035597225719152 0.1349768411304919 0.0787268977838605 0.13928604992529164
0.10644317767910884 0.07664240841643141 0.2525958120914984 0.1319866139445608 0.09051999153196993 0.08063213593819912 0.1461146072157938 0.11506525318243764
0.08170787006887575 0.13308884854309883 0.13699856039875613 0.13577702757967272 0.09440195995640781 0.1630010555644122 0.09209224479316933 0.16293243309560726
0.10149683727735465 0.09089177355857628 0.2308084605339711 0.1306817582845944 0.09421974649507774 0.08858743327698942 0.14570040811730153 0.11761358245613499
0.10332812990601584 0.08034499183458817 0.26976968881304586 0.12683056350313557 0.09139598215308334 0.07277652329873846 0.14140661333857055 0.11414750715282203
0.10235455022779183 0.077288529893475 0.2851207754947491 0.12495011479085014 0.0895239777878273 0.06899689513717584 0.13931005335636573 0.11245510331176511
0.11882370539419917 0.08926392679403307 0.21285442916609218 0.09081795290391584 0.1382518073504905 0.10599964820164465 0.1350069867049256 0.10898154348469899
0.10689285475291872 0.07943267816401633 0.2601761695044718 0.12525248492514554 0.1005152355638839 0.07535616716576302 0.1396471734911697 0.11272723643263097
0.1033808559334169 0.07723501997385424 0.2810393159391545 0.12509131555459657 0.09165095750431744 0.06955286942495098 0.13946748167057257 0.1125821839991369
0.10192964409018446 0.07637773378100984 0.2894598504236127 0.12435171545191324 0.08919237321941251 0.06812925637702719 0.13864288275011818 0.11191654390672193
0.1013026259178233 0.07600805742266245 0.2927763974576523 0.12398542082734386 0.08841534696215735 0.06769078108860804 0.13823449157914308 0.11158687874460947
0.134769553062774 0.10117629495209018 0.24515368782527105 0.10323392310700576 0.11757481480521949 0.09008307521113545 0.11509812024019896 0.09291053079630518
0.1093118921830057 0.08051013223032742 0.2726828157204033 0.12320117229339869 0.0945899965364366 0.07146282298256512 0.1373601129898042 0.11088105506405882
0.13757821527544903 0.10245247256171815 0.23756432500245236 0.10339415430715683 0.11956332379014857 0.09111600411581895 0.11527676607081515 0.09305473887644114
0.1271713713751561 0.09335551619134255 0.19434052625744322 0.0890271413560928 0.1464846535738952 0.11044339655805951 0.13234482506069917 0.10683256962731137
0.14327842304780647 0.10545335490056464 0.20638396453974003 0.10287128539467326 0.1345972270242391 0.10013778198430659 0.11469380625346406 0.09258415685520593
0.1289460465579592 0.09411765074789764 0.1835466910231955 0.08912271761890041 0.1517794461457231 0.11305328116897981 0.1324869055946639 0.1069472611426805
0.11016171832307865 0.08089996064586885 0.24749681132194185 0.12604896910773586 0.1042574490948607 0.077155825393912 0.14053519391563982 0.11344407219696226
0.10457994361048803 0.07781400248670801 0.2759212323768619 0.1256113295036694 0.09282921072940918 0.07014682632278334 0.14004725841677768 0.11305019655330246
0.10239110441415657 0.07661617581928985 0.2874394273307195 0.12458085986693805 0.0896000563004412 0.06835124071566927 0.13889836167254138 0.11212277388024425
0.11877340058039161 0.0890716728581159 0.21358370351419823 0.09076173555848689 0.13820552668348213 0.10576646228998741 0.13492341584515366 0.10891408267018426
0.14045770461011048 0.10433888700026377 0.21399316465109303 0.1028734662963689 0.1320796721233274 0.09897474785600364 0.11469623779610083 0.09258611966673198
0.12808514006404412 0.09383151392106012 0.1861547912382328 0.08907955383290657 0.15085086232128572 0.11267993429525915 0.13242273972772378 0.10689546459948787
0.08434058293749092 0.13592314464871919 0.1192820451316788 0.13244927590377323 0.10642191141373368 0.17280874783229971 0.08983516104777664 0.15893913108452787
0.10250288193903616 0.0917698346556135 0.22269403815788133 0.1310216269155687 0.09728214724064967 0.09073067058973176 0.14607933627750722 0.11791946422401184
0.1038307739705776 0.08070939194138364 0.26645062626820126 0.12715819570232786 0.09229803014016368 0.07333870705474509 0.14177189879050583 0.11444237613209507
0.10258911004270407 0.0774427124567842 0.28380698913523156 0.12510007429811443 0.08982039091972507 0.06917340926318011 0.13947724701595743 0.11259006686830299
0.10166583590433045 0.0763611037123184 0.29058363833068845 0.12426282552628912 0.08873224128165466 0.06801403515443491 0.13854377711662383 0.1118365429736602
0.13495307166037002 0.10131497165968946 0.24437781564799027 0.10329363720135394 0.11772636193816464 0.09020517141209149 0.11516469699912149 0.09296427348121855
0.08564333558872325 0.138238151825763 0.13328320842164024 0.13217216667531723 0.09880725935472022 0.16360206942193606 0.0896472087015195 0.15860660001038063
0.0760187420022327 0.14941625317446217 0.10616829134937267 0.13267114762922771 0.0941783155243076 0.19235622520810874 0.08998564795721532 0.15920537715507324
0.10093309959705372 0.09487516432484581 0.2172035982199524 0.13173544039458052 0.09499633356171074 0.09481928250979167 0.14687518503694272 0.11856189635512245
0.08039454368855786 0.1384641061570801 0.12809800710329575 0.13539877487158333 0.0951197865196441 0.16821056103147355 0.09183569078246522 0.16247852984589997
0.10143755551376638 0.0921725823700096 0.2269432946443573 0.13102378997181802 0.09463650295224105 0.0897831156493684 0.14608174792380305 0.11792141097463622
0.10345198851489933 0.08069236455601912 0.268221979855367 0.1270133547978859 0.09161101872410628 0.07308686224254948 0.14161041199107574 0.11431201931809729
0.1024400754661527 0.0773954738493609 0.284514153129646 0.12502473417968546 0.08962031175972933 0.06908974244740261 0.13939324840630601 0.11252226076171691
0.10160610360031871 0.07633411608023329 0.2908617986356429 0.12423095126647335 0.08866788688325104 0.06798304769864934 0.13850823969560536 0.11180785613982602
0.10117979951997866 0.07596561099506116 0.29332988845498914 0.12392593502228133 0.08826275809314385 0.06763449704875509 0.13816816934573753 0.11153334152005319
0.1009908398769852 0.0758314689158268 0.29428996805172797 0.12380891866598148 0.08809888836143147 0.0675141844876366 0.1380377048410271 0.11142802679938334
0.10091209161067975 0.07578121537290329 0.2946637224249902 0.12376380820727874 0.08803406239522302 0.06747026255634846 0.1379874100460257 0.11138742738655087
0.10088025802711967 0.07576206513573835 0.294809309867799 0.12374634130581579 0.08800866319720048 0.06745371953669793 0.13796793575439462 0.11137170717523423
0.1008675942714955 0.07575469476750817 0.29486604212652706 0.12373955829774902 0.08799875048858996 0.06744738437356142 0.1379603732065948 0.11136560246797411
0.1008626004008907 0.0757518419728674 0.29488815465620477 0.1237369196130333 0.08799488717157875 0.06744493726364156 0.13795743127005355 0.11136322765172998
0.09208685693706654 0.15158301727504392 0.1682774675107822 0.15475311944270892 0.0803389104683681 0.13496058184673612 0.07872223902085627 0.13927780749843802
0.10643271186261707 0.07663718107181564 0.2526435190673725 0.1319804694071818 0.09051239167726666 0.08062602554715372 0.1461078049603315 0.11505989640626108
0.07223516747283104 0.11827537214838947 0.08449288422599757 0.0837022553965654 0.13909426557717652 0.2401756035028354 0.09461994088307393 0.1674045107931308
0.09983355179648934 0.0894815599360283 0.20597655977320634 0.13116279255479332 0.10533596074601724 0.10392633646365801 0.14623672543049343 0.11804651329931398
0.1036653690336644 0.08114133738796994 0.25952671450698334 0.12773384175454597 0.09451586349264325 0.07604271506503321 0.14241370118006844 0.11496045757909139
0.10274717007059021 0.07810184054141342 0.28101082076944656 0.12533630716386593 0.09047706978512984 0.06978348619012269 0.139740629031952 0.11280267644747931
0.0808160377107544 0.13391453031108191 0.14366366421346638 0.1352421632211855 0.09416091972605722 0.15818262172374956 0.09172946722828235 0.1622905958654226
0.10093142943500784 0.09187234776484117 0.23344122623756253 0.13017058529476996 0.09385511714812413 0.08744527897351599 0.14513048838088533 0.11715352676529298
0.08034016701340944 0.13866805444110666 0.13194484508508383 0.13519931992785955 0.09479177248869239 0.16511624883152043 0.09170040829889604 0.16223918391343145
0.10118112692537679 0.09316340024314498 0.22838694866277712 0.1306467696604609 0.09434237800511838 0.089035885396223 0.14566139841248402 0.1175820926944148
0.11952552648964515 0.09436363435898017 0.1943771026539218 0.09173110778197406 0.14110928240856885 0.1124515642060842 0.13636445276245696 0.11007732933836888
0.14109610011613566 0.10695546040897302 0.20678817128041174 0.1031618866497961 0.13330121464181974 0.10083366395178221 0.1150178049662652 0.09284569798481647
0.11199169945479334 0.08328573043995914 0.2565217072869851 0.12439098741922547 0.09905474052590223 0.07411657813290429 0.13868666806292748 0.11195188867730292
0.10459768703139002 0.07858872254362828 0.2793366509875847 0.12499546859360228 0.09131237550331865 0.06931255414441174 0.13936061946182224 0.11249592173424204
0.10220453706328818 0.077231384525166 0.288673150863317 0.12428831561801973 0.08910088677051928 0.06807004443681434 0.13857219666665782 0.11185948405621776
0.08065929910212798 0.13388709175741004 0.14545739332276614 0.135099112668458 0.09377986342108045 0.15736586289001017 0.09163244163599761 0.16211893520214957
0.1008298794206944 0.09181159068255813 0.23420228650631303 0.13008615683938005 0.0937119606170733 0.08724422782478258 0.14503635695375655 0.11707754115544204
0.09215455021872584 0.1590746333076491 0.1515948155247291 0.1551145910175512 0.08154023019989333 0.14201192977629232 0.07890611803936301 0.13960313191579607
0.10712312407304982 0.07766336797877162 0.24570522534378797 0.13287783025706384 0.0913515275270545 0.08233549351793439 0.14710122030900025 0.11584221099333769
0.09724459584879339 0.1598019214094348 0.11217748608584108 0.11251811095430612 0.11240107798288092 0.19451844279587308 0.07631663177770326 0.13502173314516733
0.10477628421817749 0.09703186354128314 0.21718397354530683 0.12904041235668226 0.09778404743104398 0.09417661789031055 0.14387042989618157 0.11613637112101405
0.10437237260131253 0.08245712546239063 0.26387513073409746 0.12702326952509177 0.09239179638658587 0.07393789654593387 0.14162146617200527 0.11432094257258257
0.10272725437468569 0.07842268740921578 0.2826653666115616 0.12506457346116875 0.08984464512913501 0.0692796906671021 0.1394376662320792 0.1125581161150519
0.08077561902067344 0.13431815100568498 0.14401828319112644 0.13515657511871398 0.09397183570386707 0.15790022965000172 0.09167141616747558 0.1621878901424568
0.11460481160643148 0.10463715194067358 0.16581759149157657 0.09237897308717175 0.14204496583696075 0.13233419028060517 0.13732754805197472 0.11085476770460609
0.1402457280038813 0.11039435181047229 0.19621971454830545 0.10373593630858541 0.13428855977058612 0.10609553938415402 0.11565782749628849 0.09336234267772686
0.11216295537448732 0.08440421520135642 0.25213759284562476 0.12483173452610853 0.09961450681781696 0.07532236596558138 0.13917806819552694 0.11234856107349768
0.08247022350380268 0.13632454701321628 0.13654206776533057 0.13495790068845284 0.09608498028294517 0.16013413684446287 0.09153666307564627 0.16194948082614338
0.07544318628667918 0.1509982762092946 0.1069511700723864 0.13271801247585094 0.0935888165609745 0.1910214888749553 0.09001743454883802 0.1592616149710211
0.07351939861620982 0.1545921567370862 0.0992229674396309 0.13156570729989317 0.09227230778953195 0.2017127423195877 0.0892358710381884 0.15787884875987176
0.13016038208455544 0.1264614891471406 0.173340784169306 0.10676912034260651 0.12273365896555721 0.12540275564528364 0.11903960133720455 0.09609220830834583
0.12602712972818444 0.10068485576767039 0.17290473328837447 0.08976469678353792 0.14869456614780188 0.12076513140328421 0.13344125074090116 0.10771763614024552
0.10978459751578422 0.08337354752877686 0.24298743279021676 0.12642085916762016 0.10390178521823386 0.0788031809490887 0.1409498235794213 0.11377877325085815
0.10458136992463561 0.0791190019217467 0.2740246001545088 0.12568890737940738 0.09283413721964423 0.07049821479975887 0.1401337519588318 0.11312001664146665
0.0929125264086305 0.154304986516625 0.16254719559158531 0.15480462602941913 0.08130479534052679 0.1360532664891619 0.0787484401975741 0.13932416342647722
0.10685585202047469 0.07699109710859411 0.2502453243490201 0.13227357909045648 0.09091089855488763 0.08097553152296523 0.14643228942858835 0.11531542792501336
0.08170401432731195 0.134295215046398 0.1363282917217272 0.13560266250249892 0.09439404113631353 0.16297860047844812 0.09197397978430363 0.1627231950029987
0.10138447579558808 0.09234430867060137 0.23027686158415 0.13046766345768096 0.09412173426504901 0.0885223507524988 0.14546170836251893 0.11742089711191289
0.13658709162903318 0.10773515773056323 0.2227979121701163 0.10476314022609194 0.1208161193122617 0.09621066952115138 0.11680308320729953 0.09428682620348273
0.09838984109595929 0.1625844114820667 0.14664347040898326 0.15128326140625548 0.08543500996170923 0.14255193305534447 0.0769571373240517 0.1361549352656299
0.10865852817267758 0.0778928446901359 0.24323390126083835 0.13279720908974818 0.09219315050940705 0.08244047104139479 0.14701196936268415 0.1157719258731138
0.08205470483850082 0.13461341273702732 0.1346525318418702 0.13563466620370887 0.09469713528851521 0.16359026300341142 0.09199568664251559 0.16276159944445065
0.1015244967079811 0.09245533675984431 0.22954914103362667 0.13053513759070248 0.09423835171040722 0.08867897538035123 0.14553693698545486 0.11748162383163224
0.11958180364615659 0.09431605012097272 0.1947346575351445 0.09169135407410227 0.14102548839174417 0.11231566513727667 0.1363053562056804 0.11002962488892272
0.10763803692693641 0.08170142084513979 0.25255732733973296 0.12589126160903208 0.1016611560149188 0.07688929999230965 0.14035936182380143 0.11330213544812887
