0.125 0.125 0.125 0.125 0.125 0.125 0.125 0.125
0.07575757575757576 0.12626262626262627 0.09090909090909091 0.15151515151515152 0.0946969696969697 0.15782828282828282 0.11363636363636365 0.1893939393939394
0.0804883042432308 0.12561635187934006 0.09044377335312487 0.1507396222552081 0.09421226390950505 0.1570204398491751 0.11305471669140607 0.1884245278190101
0.07909467769763533 0.12280053862737143 0.08841638781170744 0.1473606463528457 0.09210040397052856 0.17550605283422022 0.1105204847646343 0.18420080794105712
0.07740422269625727 0.12017859559902874 0.0865285888313007 0.1442143147188345 0.09013394669927155 0.1931117020176382 0.10816073603912588 0.1802678933985431
0.07600780530563206 0.11807106401166927 0.08501116608840187 0.1416852768140031 0.08855329800875195 0.2073008361435356 0.10626395761050234 0.1771065960175039
0.07502792493286947 0.11661447914836891 0.0839624249868256 0.13993737497804268 0.08746085936127666 0.21712218663653157 0.10495303123353202 0.17492171872255333
0.07415772159017035 0.11525964761063412 0.08298694627965657 0.13831157713276093 0.09373324463847774 0.21892770848277845 0.1037336828495707 0.17288947141595115
0.11121366816741253 0.08168412641957024 0.12447104978220226 0.0980209517034843 0.1503779580782478 0.15611724399197469 0.1555888122277528 0.12252618962935535
0.11178451178451179 0.09023569023569024 0.1397306397306397 0.1127946127946128 0.13414141414141414 0.10828282828282829 0.16767676767676767 0.13535353535353534
0.10475069440778549 0.07448606867904939 0.18917096807377623 0.14897213735809878 0.10611215615120351 0.08171655008178534 0.16491827985918953 0.12987314538911177
0.06643873297334803 0.10054000881330792 0.0642300215502023 0.09048600793197713 0.14820234644367763 0.2405476569051602 0.10858320951837255 0.18097201586395426
0.07210625939346672 0.1275726127730565 0.09013282424183341 0.15946576596632064 0.09811709404787013 0.15308713532766782 0.10815938909020009 0.19135891915958478
0.09968572859169543 0.07335449997842194 0.20264003577865322 0.1467089999568439 0.09845487609994864 0.0888428120607881 0.1624128937251182 0.1279001538085306
0.07592832726058775 0.11519747229900938 0.11203676487373962 0.13823696675881125 0.10509743284282365 0.1770291024474058 0.10367772506910844 0.17279620844851407
0.10823515926583469 0.079223270212519 0.1443968249577388 0.0950679242550228 0.1585375615615325 0.14480288735710894 0.15090146707146476 0.11883490531877848
0.07136074909525997 0.12625363301469072 0.08920093636907497 0.15781704126836338 0.10744170747005607 0.15150435961762887 0.10704112364288995 0.18938044952203606
0.10244721623968323 0.07176966535477129 0.21054999910411515 0.14353933070954258 0.10049288396081249 0.08716011264499637 0.15890393957263158 0.12513685241344738
0.06918649166383534 0.09753273115211604 0.07772340171625249 0.08777945803690443 0.14669661270655662 0.24018703900624086 0.1053353496442853 0.17555891607380886
0.09052381698630019 0.15055068066444408 0.07418439337088548 0.13124931134848972 0.1263105351692975 0.18066081679733287 0.08902127204506258 0.15749917361818763
0.10414189295293075 0.07064045637105934 0.209458988848302 0.14128091274211868 0.10309508503061268 0.09181091079808543 0.1564037780458131 0.12316797521107783
0.05997961892767466 0.0842052347152433 0.09297334410649524 0.10104628165829198 0.12758027314768183 0.21086714613807855 0.12125553798995034 0.20209256331658396
0.07317212747587212 0.12254516888852852 0.08658082584515601 0.15318146111066067 0.10058618332832173 0.17621948900448103 0.10389699101418724 0.18381775333279277
0.10120934257800979 0.07056988320563025 0.218118382689979 0.1411397664112605 0.09885362475183292 0.09081655254417959 0.15624752325544505 0.123044924563663
0.07915680845737147 0.1115251337522433 0.12752040716076743 0.13383016050269195 0.1059372515512338 0.17436991757030823 0.10037262037701897 0.16728770062836493
0.07556483875715317 0.11022654128779083 0.1065516522323446 0.13227184954534899 0.10619783516497364 0.2046435839216907 0.09920388715901177 0.16533981193168626
0.07459781497964989 0.10939421736638635 0.10138128107287932 0.13127306083966364 0.10552726795416296 0.21528023610793065 0.09845479562974772 0.16409132604957954
0.07260018409596534 0.11989156504244802 0.08470599704086003 0.14986445630306006 0.09569423570543963 0.19575901779952296 0.10164719644903204 0.17983734756367206
0.13510000923836304 0.09420374545764489 0.17586874384990878 0.11304449454917385 0.1314578076213849 0.12662868626029158 0.12514490239061982 0.0985516106326131
0.06614216904930056 0.10361408083967327 0.05105621374708538 0.09033022432176645 0.14295746488710478 0.2631269710173661 0.10211242749417077 0.1806604486435329
0.09633616885061727 0.07295797773406781 0.18076155677395905 0.14591595546813563 0.10163272882005903 0.10838585133527594 0.16268540109656315 0.13132435992132208
0.1044895073747922 0.06737649754669972 0.2545642397363122 0.13475299509339944 0.09553701080128961 0.07662567450077978 0.14917710486530178 0.11747697008142516
0.11846025049692996 0.0749945756291495 0.19597954120055422 0.08999349075497941 0.1509791037086405 0.11425436404383257 0.14284681072218955 0.11249186344372425
0.07458533503239387 0.11819400396031511 0.09959564198263872 0.1477425049503939 0.10100686739211584 0.18137668086227232 0.10020795987939761 0.17729100594047267
0.10313073254140605 0.06940723670533254 0.22445009321651296 0.13881447341066508 0.09837626503251101 0.09113012472537797 0.15367332831787095 0.12101774605032338
0.08216465833288944 0.11044450518659098 0.13003807198072204 0.13253340622390916 0.10589796673284152 0.1738545790952284 0.09940005466793189 0.16566675777988646
0.09640426719184385 0.1350473888693677 0.09957323559725323 0.12154264998243093 0.1314255554903186 0.25192432539250387 0.0911569874868232 0.07292558998945856
0.08263750441533974 0.13322459698741396 0.07225320134584035 0.116144520450566 0.11138253700014644 0.2662079318239783 0.07877628343603606 0.1393734245406792
0.09647501268170285 0.07188996982415449 0.19108589899313755 0.14377993964830899 0.09591096797312282 0.11115236233447309 0.1603039028616221 0.1294019456834781
0.11800398230802264 0.07599684486830714 0.17798128404396432 0.09119621384196858 0.15313827902954516 0.12493223361847991 0.1447558949872517 0.1139952673024607
0.07332764588169151 0.1159907479983846 0.10759950667815515 0.14498843499798075 0.09985852037326341 0.18590904007431713 0.09833998199863042 0.1739861219975769
0.10393177138400292 0.06889939109072994 0.22758693256954116 0.13779878218145988 0.09755490960152717 0.09154702515228402 0.15254891637507972 0.1201322716453753
0.08392676106197218 0.11003279750082703 0.13079916467189684 0.13203935700099245 0.10543170647658455 0.17369149928574207 0.09902951775074433 0.16504919625124054
0.06763903345931942 0.09262204026028932 0.06856583156216797 0.0833598362342604 0.14419799939157277 0.276863783142757 0.10003180348111246 0.1667196724685208
0.06737536750290295 0.11147923262057029 0.0884506896016606 0.1393490407757129 0.0951718409649218 0.23643997803376193 0.09451500156961395 0.16721884893085542
0.10291573695187749 0.0690332946999052 0.21922263029034125 0.1380665893998104 0.09690371951272787 0.1006468945658187 0.15284538997455607 0.12036574460496291
0.0836236123089828 0.10986596813038293 0.12882918499191187 0.1318391617564595 0.1051177569132284 0.17704599238611549 0.09887937131734463 0.1647989521955744
0.09813936209712328 0.13445983797678226 0.09921445469453637 0.12101385417910406 0.13092130587230325 0.2528824820383602 0.09076039063432804 0.07260831250746243
0.0696151513799691 0.11191584652491333 0.09314405107260587 0.13989480815614166 0.09373584845775315 0.22893535039360294 0.0948851742276439 0.16787376978736998
0.10326927227426545 0.06893625915262402 0.22133199601469467 0.13787251830524805 0.09655552614656578 0.09920732839145494 0.1526305452951871 0.12019655441995984
0.08368176286911169 0.10985054525922329 0.1293742922065138 0.13182065431106796 0.10515341679110568 0.17647801994084159 0.09886549073330096 0.16477581788883494
0.07962335761596157 0.10907601478818474 0.10747086549269935 0.1308912177458217 0.10621593613626495 0.2049401727294243 0.09816841330936626 0.16361402218227708
0.07848972431301156 0.10843348688752677 0.10200143593752035 0.1301201842650321 0.10587006347376553 0.21484473659307943 0.09759013819877409 0.16265023033129014
0.06967715459341096 0.11427354670767702 0.09521217553541095 0.1428419333845963 0.09193074038212706 0.21777003538744916 0.09688409394781314 0.17141032006151555
0.10339442524124431 0.06905034198485076 0.22260304626829797 0.13810068396970152 0.09624952751882251 0.09732337287598045 0.1528831340649524 0.12039546807615002
0.08374129786106206 0.10990605478926524 0.12974439774130136 0.1318872657471183 0.10512888581979046 0.1758175665472259 0.09891544931033872 0.16485908218389783
0.0796406802017145 0.10908537462959925 0.10757978896957444 0.13090244955551908 0.10628109741873235 0.20470571011382208 0.09817683716663933 0.16362806194439886
0.06966788427134592 0.11409971464322842 0.09592352346305656 0.14262464330403554 0.09582820221819145 0.21396974554647538 0.09673671458882412 0.17114957196484262
0.1384338540662865 0.09244740029752115 0.17913724210995044 0.11093688035702538 0.13006678315960138 0.12945194977931102 0.1228116868421282 0.09671420338817596
0.07424673579498034 0.11521792545425673 0.10725152247592362 0.1440224068178209 0.10102719265940475 0.18772256573109788 0.09768476288513071 0.17282688818138509
0.11666976750052101 0.07650772974369825 0.15196478344735978 0.0918092756924379 0.15609768189944614 0.14646015806537402 0.1457290090356157 0.11476159461554737
0.08574824985853154 0.13562353795720866 0.08491048830706081 0.11823590488577167 0.12445407733562783 0.22894986813121967 0.08019478766165382 0.141883085862926
0.06918302957321687 0.11254228813602164 0.09159371470173525 0.14067786017002704 0.10042219390270231 0.2213511935447678 0.09541628776749661 0.16881343220403244
0.07730322905000568 0.10844717943075705 0.09841036853392009 0.13013661531690845 0.10453897763760521 0.2208903993969867 0.09760246148768136 0.16267076914613557
0.06896065994694549 0.11312234742034433 0.09392012202742023 0.1414029342754304 0.09801699925313385 0.21898533878548251 0.0959080771607267 0.16968352113051646
0.09396416632709803 0.1319068110219564 0.12030339927308459 0.15828817322634767 0.0882026383265343 0.18654310352976577 0.08279689061070494 0.13799481768450822
0.06994571006986447 0.09235275811185939 0.06696994152402239 0.08311748230067345 0.13868281240495328 0.2829553522264719 0.09974097876080813 0.1662349646013469
0.10778726263355769 0.07709902183045766 0.13408121259113662 0.09637377728807209 0.15818112957535416 0.1675629705313772 0.1432660928043579 0.11564853274568651
0.10616921814567155 0.06853123619818541 0.21146847265095944 0.13706247239637082 0.1094078988596894 0.09119004841315238 0.1528144281792373 0.12335622515673372
0.12339358818852299 0.0747796496626921 0.18334417242407003 0.08973557959523053 0.15610621012410225 0.1180338975824065 0.14243742792893735 0.11216947449403816
0.08174872753521578 0.1121724047661696 0.11332819607080065 0.14021550595771198 0.10879744519482962 0.1803764223286133 0.09510269099740466 0.16825860714925436
0.1187890995157636 0.07602386113984101 0.1532161366323564 0.09122863336780922 0.15805362564496278 0.14384549743742714 0.14480735455207813 0.11403579170976152
0.0708360161546475 0.09551643899292003 0.06404244656080034 0.08327074168613542 0.15516392206814603 0.2704968083894485 0.09413214277563135 0.16654148337227084
0.11183930134954698 0.07606590832739359 0.13562005474725297 0.09508238540924198 0.162974271613207 0.16297286402106564 0.1413463520412015 0.11409886249109037
0.14094953767879415 0.08787627551377376 0.17966065625048155 0.10984534439221721 0.14385753748133495 0.11648047714684129 0.12246936158356157 0.09886080995299548
0.08639895570684501 0.11130400732709819 0.11606227696346101 0.13913000915887275 0.10685710464396848 0.17892519421439368 0.09436644099471368 0.16695601099064727
0.08138372044837147 0.10904003708929752 0.10448226645162309 0.130848044507157 0.10669941742931764 0.20585042505991918 0.09813603338036778 0.16356005563394627
0.09071370206226922 0.13138375101755637 0.08223635275805088 0.11453968037427992 0.1159271625885577 0.25006395153976896 0.07768778321038115 0.1374476164491359
0.11838251393997382 0.07640528577123125 0.1438646643283022 0.09550660721403904 0.1512803239121096 0.15797568993095557 0.14197698624654162 0.11460792865684685
0.12471005846160654 0.0752064392124634 0.16090583982115791 0.09400804901557923 0.16071953427952612 0.13189114155587164 0.13974927883509988 0.11280965881869508
0.08518745813243035 0.11069449756117788 0.11167050651308094 0.13836812195147236 0.11006300680255936 0.1841249799826007 0.09384968271491169 0.16604174634176683
0.07757036531736942 0.12327905951918308 0.10080225297885849 0.13798003053927085 0.09840347177448446 0.20280232772750775 0.0935864554962011 0.165576036647125
0.10320351053217379 0.0770821665537956 0.21357973468789063 0.13644562135378996 0.097513971249812 0.09724725110370755 0.15212668530041953 0.12280105921841096
0.10533004300964868 0.0709743805036348 0.2586379883662694 0.13123634580282903 0.09371292800942772 0.07567687127263943 0.1463187318130049 0.11811271122254614
0.08221677134961818 0.11996382139623046 0.13702269154091554 0.13938831262965265 0.09622942498381806 0.16337136481276554 0.09454163813141658 0.16726597515558317
0.14290625275501007 0.0913936927755165 0.1934805255129366 0.1096724313306198 0.1288476687565451 0.11667567586592324 0.12141188979213911 0.09561186321130957
0.13003309164787966 0.08105211719228159 0.17859639297106666 0.09212885911236757 0.15146766100839926 0.11921151030343564 0.1369557368297285 0.11055463093484108
0.11116190476183972 0.07049883366042499 0.24401482234898367 0.1295648976522595 0.10471228920880582 0.07898365262059621 0.14445519186005645 0.11660840788703353
0.1055466335706166 0.06920732645267319 0.27224390773853985 0.1286921254871878 0.09369773737861913 0.0713072404056417 0.14348211602825267 0.11582291293846901
0.08220452355579355 0.11942957847250946 0.14099416846596816 0.13896320842025633 0.09608775525786234 0.161311609142607 0.09425330658069561 0.16675585010430757
0.10270408064614495 0.07552040991210603 0.23348995196463337 0.13411453665915718 0.09546953056690609 0.08847070743036252 0.14952769982744837 0.12070308299324146
0.1041707738528302 0.07000879532495594 0.2694936769394035 0.12958707653049592 0.09228827702624709 0.07334311179447131 0.1444799196541499 0.1166283688774463
0.13760425935374895 0.0915800352363187 0.23602437330270964 0.10647935598593634 0.12061461592770523 0.0931494041025155 0.11871653570372305 0.0958314203873427
0.11074818841858877 0.06976429771954445 0.26802723162268016 0.12681138565806613 0.09615873264734524 0.07297468536901512 0.14138523147250057 0.11413024709225951
0.08305280326558351 0.11929342198286137 0.14019002110257167 0.13870442262090582 0.09650186683067238 0.16173437475292132 0.094077782299397 0.16644530714508696
0.10292608368659245 0.07548491772953714 0.23335206288586996 0.13405960866215144 0.09553213175045415 0.0885250882795674 0.1494664592098912 0.12065364779593629
0.13855348767430628 0.09300812528308143 0.22393853084337695 0.10760046991442422 0.12263461093492962 0.09745785835813113 0.11996649406876851 0.0968404229229818
0.14727581407238388 0.09264628056930414 0.21737793092798988 0.10511668112738014 0.12805109213772436 0.09772993322198895 0.11719725492858651 0.09460501301464212
0.11361980697853655 0.07010072748386692 0.2603971243359843 0.12726990548412837 0.09812372856835111 0.07404934535275473 0.14189644686066252 0.11454291493571553
0.12289659796120835 0.07998051385747973 0.203335656130499 0.09296595604769119 0.14238600170203405 0.10867598939684261 0.13820013764701555 0.11155914725722943
0.14323852399211376 0.09203303974666185 0.21047281797839526 0.10582001200453163 0.13436832535920068 0.10084785374578689 0.11798141636923153 0.09523801080407845
0.10151614278121897 0.13835816983715218 0.1447887358521026 0.15709998812294812 0.08964481727681346 0.1472860759043941 0.0799160809147171 0.1413899893106533
0.12426824655765985 0.07599844257713605 0.1635241298801313 0.09119813109256325 0.15141885285907997 0.13483559492556169 0.14475893824216388 0.11399766386570406
0.0844190577107478 0.11808100173709778 0.11451845961000258 0.13633216763643188 0.10724232685753303 0.18333961071367147 0.0924687745707973 0.16359860116371827
0.13599852758678577 0.0992453066444241 0.1819158922104705 0.11025145088990895 0.12887504738199512 0.12156532946346474 0.12292214002203282 0.09922630580091805
0.11252464294657968 0.07165014408345184 0.2469486572230159 0.12932566571249354 0.09971792678914564 0.07925139800372204 0.14418846610034725 0.11639309914124416
0.1229310767618236 0.08034961055792453 0.19921493872563392 0.09326761294845289 0.1433215063707426 0.11034554820674317 0.13864857089053595 0.11192113553814347
0.10887021705488806 0.06997015634544503 0.2539462555517077 0.12868026246891173 0.10232528921845006 0.07692669349040218 0.1434688896481747 0.11581223622202054
0.1046727242576192 0.06884262297058753 0.27692169904725233 0.12806127836083328 0.09282558609979828 0.07064217017864838 0.1427787685605111 0.11525515052474995
0.10302068714672137 0.06830691838576797 0.2858098846776031 0.12719971926979787 0.09024272955183839 0.06912211915599195 0.14181819446946117 0.11447974734281807
0.10234570061065394 0.06806365579807928 0.28916962791763945 0.1268053467585452 0.08944690409806079 0.06866545418413166 0.14137849855019893 0.11412481208269072
0.10207557634535531 0.06796554681179068 0.2904303203809849 0.1266491795557791 0.08918071274199782 0.06851001879050733 0.14120438377338354 0.11398426160020118
0.10196995732749355 0.06792787115815346 0.29090226752724857 0.12658973936172468 0.08908722793002236 0.06845405887695698 0.1411381123928483 0.11393076542555224
0.1019293439080458 0.0679136589897702 0.2910788219763067 0.1265673937905008 0.08905347693810246 0.06843345123730989 0.14111319874851358 0.11391065441145073
0.10191389411387901 0.06790833043690965 0.2911448610044028 0.12655902580039052 0.0890411020571189 0.06842579430293007 0.1411038690640175 0.11390312322035148
0.08150252125647905 0.11903114229809367 0.1455420605803912 0.13864770954661998 0.09494442465627963 0.1599155741658763 0.09403931604031616 0.16637725145594398
0.08949853896467673 0.14428350786817035 0.1286390391843784 0.16018743934993457 0.08307964544556763 0.16865647984214696 0.08148665393018412 0.1441686954149411
0.10846577538447967 0.06816569981314756 0.23620114454715807 0.13633139962629512 0.09322774766850989 0.08783075433483095 0.1509244635667573 0.11885301505882138
0.07294638208176572 0.10516782588409783 0.0815991550076838 0.08546623651143943 0.14096031619139826 0.24631360480954367 0.0966140064911924 0.17093247302287887
0.10133649819577441 0.07495744125647417 0.20693168545578344 0.13463608627378434 0.1062535512345941 0.10460307121103896 0.15010918872614462 0.12117247764640592
0.10473519924670299 0.07048978134906209 0.2592262191890137 0.13054996565612484 0.09530009548122376 0.07665030081553154 0.14555346917182874 0.11749496909051237
0.13818002374607072 0.0918031350001771 0.23254724705653307 0.10669373862174701 0.1217269402065694 0.09406899426538247 0.1189555563439478 0.09602436475957231
0.12827136399285166 0.08061045369708512 0.1923817923960975 0.09155808465566449 0.14855448240640637 0.1126468790008559 0.13610724226424153 0.10986970158679739
0.11021251852962831 0.0700027872837644 0.2509201583590237 0.1286826760131329 0.10352567673674828 0.07737019409601656 0.1434715805698661 0.11581440841181961
0.1221505892814665 0.08009915168352935 0.20034522573051652 0.09312237864374028 0.1443990990080192 0.10970403093820202 0.1384326703420378 0.11174685437248832
0.08427987494215373 0.11888068414901189 0.12333773960611552 0.1366751015147411 0.10604590211505373 0.1740692026539322 0.09270137320130266 0.1640101218176893
0.10304581913411216 0.08159601345099081 0.2250165044132337 0.1333999423871624 0.09748466824443228 0.09066612367951746 0.14873098054210493 0.12005994814844616
0.0813286167610346 0.12742106748382892 0.1296169896690125 0.13807557150528382 0.09636860632106035 0.1678472052585509 0.09365125719488816 0.16569068580634058
0.11607815687233339 0.09377151128064805 0.16165074175187694 0.09462293368036336 0.14424177968152987 0.1354240101292871 0.14066334618752524 0.11354752041643601
0.12300199710146678 0.0869482593937579 0.16930826471250127 0.09213059601438708 0.15683026260490684 0.1242655861044776 0.13695831885123813 0.1105567152172645
0.09672734914580874 0.14587503090796153 0.13318970471258856 0.15620440339095165 0.09351327480837264 0.15444577312706323 0.07946050085539715 0.14058396305185647
0.10130272799045205 0.1324950248141976 0.1314989874840534 0.1589940297770371 0.08772244327825278 0.16621049896701182 0.08316610788337327 0.1386101798056221
0.07973312268439743 0.1358225381124394 0.10648455189092787 0.13586464539270174 0.0927356664895629 0.19417022843150472 0.0921516725272238 0.16303757447124206
0.102171330810693 0.08854454040196037 0.2174099013962099 0.13351236055021246 0.09481182666942752 0.09453259727181502 0.14885631840449057 0.1201611244951912
0.12020968293951668 0.09040984588059608 0.18951791100486576 0.09320087032104855 0.14184423416195846 0.11442705781457058 0.1385493534921856 0.11184104438525827
0.12331142482585458 0.08926421581656863 0.17778385147163733 0.09132161619315252 0.15505803469446586 0.11791920155403088 0.13575571601250733 0.109585939431783
0.1088924269393389 0.07808957996754863 0.24391362901475525 0.128055729938381 0.10485492604482108 0.07817096866707418 0.14277258248353822 0.11525015694454291
0.10441439184319191 0.07570638813976857 0.2721161114147154 0.12737154003989465 0.09312081957707828 0.07062660114377235 0.14200976180567357 0.11463438603590517
0.13654417014701586 0.09951527104476549 0.235624506228924 0.10513725092089851 0.11974017779202323 0.09159490932426392 0.11722018871330027 0.09462352582880865
0.10990294324411824 0.07811552164366986 0.26663700762390935 0.12533622858323434 0.09533790429260168 0.07212724746714366 0.13974054142041203 0.11280260572491092
0.10385217170734494 0.07511230522355643 0.2807756450437994 0.1263041391688424 0.09041080400245927 0.06905152011080765 0.14081968949123175 0.11367372525195815
0.10211475992863786 0.07441960462749968 0.28639499597821666 0.12592715732493556 0.08909378470756005 0.0683158729724589 0.14039938286824905 0.11333444159244202
0.10154026369605318 0.07418616311116023 0.28854951318947764 0.12570156348570197 0.08866819607250426 0.06807503073510635 0.1401478625728647 0.11313140713713175
0.10133691360176113 0.0740977357408184 0.28936648071400844 0.12560677840883952 0.08851756403503719 0.06798624264590336 0.14004218428567633 0.11304610056795557
0.1012626387521039 0.07406375826105416 0.28967510208565705 0.1255698436286055 0.08846220031781997 0.06795259292697231 0.14000100476204225 0.11301285926574495
0.1185134565985419 0.08668943184428717 0.21203240993294745 0.0918656625475213 0.13804846872048668 0.10604729784048653 0.13656447745870334 0.11023879505702558
0.10676219217030142 0.07698162466969166 0.25795591622935515 0.12691079866525126 0.10026219755408579 0.07541148235595779 0.14149606955663088 0.11421971879872612
0.09364147792652025 0.14916970798339443 0.15700639816773188 0.1571763898128111 0.08304038466070979 0.1385519444951334 0.07995494612216913 0.14145875083152998
0.08372624190789629 0.11028185748564996 0.11475688847903115 0.13233822898277997 0.1021915368998148 0.19202878827926795 0.09925367173708498 0.16542278622847495
0.07598868569928237 0.1363532816545379 0.10196246536481779 0.13474768877070065 0.09517165528880539 0.20268491213949633 0.0913940845575187 0.16169722652484075
0.1013615735033039 0.0887278261705895 0.21543551269168654 0.13362220773837705 0.0954502347054136 0.09616386840434744 0.14897878982174279 0.12025998696453936
0.10389870071038451 0.07831498894560808 0.2616287447272544 0.12912839848267188 0.09225342832226076 0.0745916523168845 0.1439685278605312 0.1162155586344047
0.13678742265277363 0.10035823980104197 0.23214701720238176 0.10550131202766296 0.11985726752382327 0.09277147028881634 0.11762608967860333 0.09495118082489667
0.14511906419844559 0.10326944123966873 0.21856374333007622 0.103396405369046 0.12585623201519866 0.09545907317859129 0.1152792758368319 0.0930567648321414
0.11234265957319754 0.07897472764915198 0.2595695726111794 0.12573209227395055 0.09699105269060448 0.0730491122618663 0.1401818998934941 0.11315888304655548
0.10463665878480059 0.07540275069117158 0.2780281391534927 0.1265810924476581 0.09094675108045966 0.06935315291056898 0.14112847172895612 0.11392298320289229
0.08125474020433816 0.12963777383675248 0.14153420727733643 0.1370273716175132 0.09447635059599668 0.1586964062995166 0.09294030422753069 0.16443284594101581
0.10146554293247051 0.08662936309888175 0.23204714245818067 0.1321301382299398 0.09419270158670111 0.08730274361857443 0.147315243668306 0.11891712440694584
0.13698469232557375 0.10279011927225559 0.2220670914622815 0.10633602676113856 0.12124750149827696 0.09631541028116464 0.11855673431428432 0.09570242408502469
0.1105051922679947 0.07899145662924606 0.2613615978555794 0.12596320727849247 0.0960959473278883 0.07327613621398575 0.14043957587616998 0.11336688655064324
0.08226892144984997 0.13047758913796131 0.13759065310526553 0.13689921726790275 0.09553575536580572 0.16009542080480615 0.09285338214692535 0.16427906072148327
0.11566156944828718 0.09866368426395192 0.16356979336096775 0.09390714574410226 0.143166330563826 0.13274362238097828 0.13959927934496397 0.1126885748929227
0.1077916532837404 0.0801374589168574 0.2386480964547707 0.12907554598922777 0.10297126498770129 0.0812983877028406 0.14390960127455693 0.116167991390305
0.10438628294581652 0.07619722593316913 0.2701834737481435 0.12769228323071044 0.09292963588669277 0.07132067682045425 0.14236736652737414 0.11492305490763939
0.10261324304475228 0.0748681537683788 0.2824106850084273 0.12643718825037892 0.08995184057476538 0.06895739063984739 0.140968029288109 0.11379346942534102
0.10179368765893433 0.07435875545224245 0.287051755828323 0.12588971919779887 0.08896938034022822 0.06827831209407259 0.1403576421503817 0.11330074727801899
0.1353329015732295 0.09893515260436328 0.24079468638319584 0.1047851008386408 0.11822952270389345 0.09078847749046037 0.11682756765143983 0.09430659075477672
0.14442812725078727 0.10279997822687903 0.221596614355174 0.10319889860572493 0.1251906615529938 0.09484764072824885 0.11505907053503957 0.09287900874515242
0.11207459377545462 0.0788262532534859 0.2607748085304919 0.12560552371374475 0.09675839358919636 0.07287467040097668 0.14004078539427958 0.11304497134237028
0.1389117997393455 0.10013022404195708 0.23129946103512208 0.10508660983463243 0.12074452160916871 0.09208570720730588 0.11716372768129914 0.09457794885116917
0.11058327296210474 0.07829636580592793 0.26488252229626574 0.1254726652996095 0.09565653977377242 0.07229057691534543 0.1398926581773258 0.11292539876964854
0.138369854705235 0.09996330802422917 0.23276718212876216 0.1050215596950362 0.12036731029143985 0.09190017979962778 0.11709120163013736 0.09451940372553255
0.08620695998507946 0.13388703947766042 0.12954829123240208 0.13414130303756283 0.09945904016096274 0.16480500561838834 0.09098279684286871 0.1609695636450754
0.102856542753143 0.08747907714758345 0.22673393825512378 0.13230651386666156 0.09546318498922345 0.08857299116737956 0.14751188934088985 0.11907586247999542
0.0809115358201251 0.13287601148356343 0.1295294343896355 0.13723379771992145 0.0954672096667244 0.1662211386808733 0.09308031497525107 0.16468055726390574
0.11541417088925883 0.09920162051345797 0.16097016167634967 0.09401871060350811 0.1432974986027525 0.1345102569888303 0.13976512800163296 0.11282245272420972
0.10782620569077432 0.08029354925735546 0.2376007756792541 0.1291946964429986 0.10308881082703678 0.08167829016519529 0.1440424451386865 0.11627522679869876
0.10443213356580952 0.07624971692315662 0.2697828325319446 0.12774289978234526 0.09298818887617881 0.07141181831136215 0.14242380020509238 0.11496860980411074
0.10263802072415243 0.0748868354638913 0.2822594280450994 0.12645636711092018 0.08997659380124312 0.06898261216851106 0.1409894122863543 0.11381073039982818
0.1190268087174154 0.08694586667483267 0.20971582128937624 0.09199664420372874 0.13870886815175024 0.10645082743049097 0.13675919048793111 0.11039597304447449
0.10696033908419171 0.07707789061376977 0.2570320516256919 0.1270079434703795 0.10047465819060815 0.07553558912728088 0.14160437876473653 0.11430714912334154
0.10353654088420744 0.07523387658442321 0.2771934960792809 0.12681266482185752 0.0918191909334768 0.06988617471241415 0.141386657644668 0.11413139833967179
0.09292365103361286 0.14857757232553842 0.16203565722030758 0.15710708668312456 0.08140230991595784 0.13663765288523105 0.07991969192141556 0.1413963780148121
0.1080949235969037 0.0673788744919556 0.2497739722602285 0.1347577489839112 0.0918179779525718 0.08151302059811825 0.1491823676175167 0.11748111449879439
0.07251872208267371 0.11299162737260514 0.08328679577004675 0.08476821253480117 0.13974896256882383 0.24132431869254137 0.09582493590890567 0.16953642506960234
0.08463242009662061 0.1569057558281302 0.108599978102382 0.15369302253090497 0.08879851851768197 0.19086361231552726 0.07818297233093861 0.13832372027781445
0.1029708693809719 0.09161601796568368 0.21766269663434884 0.1328324101608818 0.0935905914996984 0.0936800207506685 0.14809822446295326 0.1195491691447936
0.10417217696733223 0.07867952247499004 0.26244035789525066 0.12897637523136943 0.09176400133843365 0.07408979510404383 0.1437990332803477 0.11607873770823249
0.10286972012149598 0.0754816881695244 0.279547941827414 0.1268630117876599 0.0899787894930135 0.06963934723769691 0.1414427907543014 0.11417671060889392
0.10195875999557881 0.07453253324893648 0.28598622831966547 0.1260355244365883 0.08906829724458096 0.06846648065107654 0.14052020411064398 0.11343197199292948
0.08073735411600937 0.1293620063123614 0.14334851960170225 0.13696586976954964 0.09403184682179457 0.15829676972447226 0.09289858993065107 0.16435904372345955
0.10106078283438884 0.08874656955221186 0.23239253132693344 0.13164856766214028 0.09384710189441575 0.08704240741067201 0.1467783284233116 0.11848371089592624
0.10306786543566855 0.07931242255920709 0.2679087862948627 0.12802722708557843 0.09123421507718704 0.07248417524073383 0.1427408039297419 0.11522450437702057
0.11926624391354107 0.08946279737140397 0.20508949776303068 0.09207596354574997 0.1392596842352389 0.10747755289887145 0.13687710401726413 0.11049115625489997
0.1070229054120379 0.0790793344487429 0.25493347289193646 0.12691683897825493 0.10060695413170767 0.07571253500203026 0.14150280405486035 0.11422515508042946
0.08145324132412783 0.1326364300597015 0.13586373706307667 0.13655135552224326 0.0963260858588503 0.1606900824084826 0.09261744113682586 0.1638616266266919
0.10143242694567262 0.08950404128413977 0.22922962357978766 0.13189833135347548 0.09453218540204734 0.08763809691668015 0.14705679630006893 0.11870849821812796
0.09237454848825245 0.15592265942689662 0.14910306231440895 0.15705857619907765 0.08182951780544208 0.14246390233765643 0.07989501484909603 0.1413527185791699
0.08353719651424435 0.11039811316982083 0.11302387347097351 0.13247773580378497 0.10197222557374963 0.19363538385985682 0.09935830185283874 0.1655971697547312
0.07569895993182306 0.13924414790828607 0.10125043647464241 0.13419585566819317 0.09481605140788969 0.20273972404977678 0.0910197977575571 0.16103502680183177
0.07383367874426384 0.14671161774688818 0.09801396575219079 0.13329465907270652 0.09271015366295474 0.20507378276269497 0.09040855137105312 0.1599535908872478
0.10066885779059176 0.09303262007086772 0.21321087567079458 0.1332601162878298 0.09477294823122744 0.09654539241350941 0.1485750848761326 0.1199341046590468
0.10364472531479053 0.08057600919104682 0.2604887390527906 0.12891661826667622 0.09202608306787276 0.07459045994262486 0.14373240872418974 0.1160249564400086
0.10267415583859864 0.07713680566134588 0.2785953984058507 0.12669103366685222 0.08996504636274678 0.06966458178064995 0.14125104798378896 0.11402193030016698
0.09247645376570322 0.15141963845921355 0.16203860842100123 0.15655867776250648 0.08081306498782408 0.13615002792961178 0.07964071868788374 0.14090280998625582
0.10802662408432119 0.06740335966009094 0.24983542078026194 0.13480671932018187 0.091717809397883 0.08144968037764191 0.14923657979279392 0.11752380658682524
0.12113586381037507 0.08750872913590982 0.19961294941242774 0.0925951612504487 0.14004224620001798 0.11034193041349584 0.13764892627678643 0.11111419350053846
0.10766088087938464 0.07888311614052151 0.2527586097770848 0.12716672212328028 0.10095339516818337 0.07634582088702535 0.14178140511356768 0.11445004991095224
0.08157826066180111 0.13259306253666642 0.13536868979239874 0.13657306379390788 0.0964118561699921 0.16095522548450245 0.09263216500804188 0.16388767655268943
0.07554451727215929 0.14604573324177494 0.1065593745844596 0.13452573729306175 0.0938643235472014 0.19078588575437486 0.09124354355529406 0.16143088475167408
0.07392621255748368 0.1489026566189014 0.09936106382401161 0.13352606152833024 0.09265432618202318 0.2008329028534297 0.09056550260182399 0.16023127383399624
0.10065941575578548 0.09339387538152591 0.21380072701724814 0.13322529583700346 0.09472925600325326 0.09575240107987841 0.14853626267200237 0.11990276625330312
0.10362256181783133 0.08062302609459106 0.2607185109725497 0.12889103964878512 0.09199906990902475 0.07443996539921814 0.14370389047409327 0.1160019356839066
0.10266099492452067 0.07713873392881236 0.2786825446850829 0.1266803706634809 0.08995232450798543 0.06963353816220852 0.14123915953077648 0.11401233359713281
0.11893319649688276 0.08885481487941373 0.20843290350032131 0.09186987670067318 0.1385773307197458 0.10651728358175167 0.1365707420804037 0.11024385204080783
0.10682903553361077 0.07888692658451345 0.25626127433605733 0.12677052662222413 0.10035403443141819 0.07546505183545596 0.1413396766967185 0.1140934739600017
0.10339112708125642 0.07681553168870785 0.27668077426805454 0.1265830481852141 0.0916890739197528 0.06978504925994096 0.1411306522303805 0.11392474336669269
0.08083763365006688 0.13204977480394745 0.14097626200750193 0.13662666343507834 0.09441663793714127 0.15847251249689953 0.09266851954727054 0.16395199612209402
0.08711921620048872 0.16853845179405066 0.12456400403136586 0.1554133604146871 0.08095398804972373 0.16448085440377697 0.07905810073268865 0.13987202437321836
0.10828471645304867 0.06845576242124314 0.23495518150960237 0.13691152484248628 0.0930921076958241 0.08737525580218755 0.151566686028312 0.11935876524729572
0.08199451413252727 0.13008541954885783 0.1315630215005416 0.13736776365112047 0.09504629450894876 0.16593049145242128 0.09317117882423823 0.16484131638134453
0.07561034608845968 0.14529416901776404 0.10568147926808769 0.13452931448875424 0.09355555016779718 0.19264799375547684 0.09124596982715506 0.1614351773865051
0.07375986479970044 0.15056284513319745 0.09893958364314555 0.13314082807681782 0.09237296100779635 0.20115070982114533 0.09030421382601557 0.1597689936921814
0.07322797894629587 0.15177107744986384 0.09716952195367308 0.1327444766759603 0.09187208322625201 0.20388610555658607 0.09003538418021655 0.15929337201115232
0.1003899603523175 0.0952898086080949 0.21255064451721156 0.1330134050107665 0.09447578440178223 0.09626831238664105 0.1483000202134964 0.11971206450968987
0.10350915986128989 0.08177612077845887 0.26007856451472233 0.1287743972908219 0.09189921541548855 0.07449174162786099 0.14357384294961786 0.11589695756173972
0.08078489968930366 0.13467343907608234 0.1369919740095581 0.1365387799110068 0.09437841142083878 0.16017704840818897 0.09260891159181331 0.16384653589320813
0.0752451312389929 0.14841822762037774 0.106727758705731 0.13418595405086856 0.09323610271894414 0.1901505989260629 0.0910130818779804 0.16102314486104224
0.1309243902305788 0.12281611421380384 0.17619450782820142 0.10791566662671014 0.12299111965760809 0.12171618659823386 0.12031791488082459 0.09712409996403912
0.08403988389275907 0.14429615034171606 0.11541449288205845 0.1328242688814205 0.09910418340929185 0.174842393824173 0.09008950411087652 0.15938912265770458
0.1023699081264355 0.0932550229038304 0.22006395969430528 0.1321374289309224 0.09544391841028053 0.09048270364057613 0.14732337225581943 0.11892368603783017
0.09241059228510212 0.15856588082264536 0.14646483048325595 0.15673906715470523 0.08185810996068793 0.14316387686697513 0.07973248198739354 0.1410651604392347
0.08357375273538026 0.11043946008507637 0.1124542971212294 0.13252735210209163 0.10200484293481316 0.19394559081722576 0.09939551407656874 0.16565919012761454
0.06471294125641254 0.12047638445307564 0.06029172247407065 0.07997300789829491 0.135099603954996 0.28909605436848773 0.09040426979807252 0.15994601579658982
0.06993372838512456 0.13959631166616102 0.08643429333434659 0.12920874792130158 0.0989420125350488 0.23319717093192058 0.08763723772053497 0.15505049750556188
0.09974860237607408 0.09318002775352296 0.20765029541693084 0.13314616570561263 0.09622371672432932 0.1017716044077435 0.14844803848073526 0.11983154913505135
0.13667742617483422 0.10762990478306819 0.2130313638321653 0.1064328772027118 0.12201747473456682 0.09975664846121932 0.11866471532899361 0.09578958948244062
0.08545295138560044 0.14016714048164405 0.12439564481881896 0.13330812548837712 0.09930329725689532 0.1669854048687559 0.09041768511385578 0.15996975058605253
0.07584102020500343 0.14964978676274576 0.10357568826895655 0.13366070615011852 0.09400510083773721 0.19221802361521603 0.09065682678008039 0.1603928473801422
0.10078478930092491 0.09534631389263723 0.2151756097616526 0.13267905591171406 0.09471621838105117 0.09395961651199909 0.1479272459194782 0.11941115032054264
0.10346165085013619 0.0820957226033378 0.26101464047663964 0.12856393461284102 0.09182416081329592 0.07399315672235339 0.14333919276983914 0.11570754115155692
0.11936020202725407 0.09127824619650053 0.20278508027591782 0.09203398626949928 0.13943257342226545 0.10785442630841537 0.13681470197674817 0.11044078352339912
0.08245866570288908 0.1361295813241645 0.12224290574980669 0.1338360295128846 0.10337818634603523 0.17057565419219325 0.0907757417565652 0.16060323541546148
0.13261123188618879 0.12007241028427688 0.18155895601204108 0.10738304904225428 0.1253299611751374 0.1166755614403354 0.11972408602173723 0.09664474413802884
0.0843528363776909 0.14435003696575496 0.1166619511722297 0.13276466222521746 0.09962099284284764 0.17288285049758984 0.09004907524840837 0.15931759467026094
0.10233732930689511 0.09383725503634663 0.22045499113170736 0.1319619641731916 0.09545935093650351 0.09005559951414893 0.1471277421453345 0.11876576775587244
0.08038995929709616 0.13883274568341317 0.12753244968924982 0.13632916993487432 0.09495611673375395 0.16589781339263113 0.09246674134713216 0.16359500392184917
0.13212862194336608 0.12087953027575755 0.18386107142598127 0.10758102078665349 0.12307595191388702 0.11570607520363486 0.11994480974273158 0.09682291870798813
0.11038826068883803 0.08643330378227225 0.24562987707707692 0.12697642648434335 0.09739234265473198 0.07733176579950828 0.14156923967732013 0.11427878383590902
0.10444275582460984 0.0794258658219616 0.2723649294918261 0.12679282471848355 0.09125348194127353 0.07024206254519953 0.14136453741001076 0.11411354224663521
0.08089046840846725 0.13441251389648193 0.13979051636284515 0.1363313277770321 0.0941521982193203 0.15835717707638428 0.09246820492703049 0.16359759333243853
0.10099922932496537 0.09144344895976017 0.23054031858543086 0.13141723304953964 0.0937911799654227 0.08701267277625656 0.14652040759403898 0.11827550974458569
0.1029841506755927 0.08094892427012235 0.266978790220695 0.1278652921428001 0.09115807372505823 0.07242574748397014 0.1425602585532413 0.11507876292852008
