0.125 0.125 0.125 0.125 0.125 0.125 0.125 0.125
0.09106475716064757 0.15177459526774598 0.10927770859277709 0.18212951432129515 0.0793897882938979 0.13231631382316314 0.09526774595267748 0.1587795765877958
0.11178451178451179 0.09023569023569024 0.13973063973063973 0.1127946127946128 0.13414141414141414 0.10828282828282829 0.16767676767676767 0.13535353535353534
0.08274909031254059 0.12530750132342341 0.09022140095286486 0.15036900158810812 0.09398062599256755 0.1566343766542793 0.11277675119108109 0.1879612519851351
0.08691983294394415 0.15378124290082423 0.07577626461779745 0.1340656989391801 0.11310911284889179 0.1845374914809891 0.09093151754135695 0.16087883872701614
0.09548968685830274 0.1474063619065223 0.10613258057269603 0.17688763428782672 0.07710486622802704 0.15024329821693852 0.09252583947363245 0.15420973245605407
0.08489821268877634 0.1502045301416812 0.07401382644662553 0.13094753909787596 0.10904127951017004 0.2049409734614693 0.08881659173595062 0.15713704691745112
0.10387958922806284 0.07584071898719735 0.20581714914236024 0.1516814379743947 0.08395879350638046 0.07866962437629428 0.1679175870127609 0.13223509977254924
0.11650320933819977 0.08353889991205643 0.17048662572793483 0.10024667989446773 0.13260142843183562 0.11219309270921833 0.15912171411820272 0.12530834986808465
0.06085210075539829 0.10766140902878159 0.053050549376501076 0.0938586642815019 0.13659205275240685 0.2541667964894042 0.10610109875300215 0.1877173285630038
0.06665202759239075 0.11792281804807592 0.08331503449048844 0.14740352256009492 0.09050370924850612 0.21734061959974385 0.09997804138858613 0.1768842270721139
0.09287196164052086 0.07496893289054095 0.18574392328104172 0.1499378657810819 0.09619238202760891 0.0981713242232945 0.16716953095293755 0.13494407920297372
0.09136594350822295 0.07375323150663782 0.2149355724210913 0.14750646301327563 0.09531012298312577 0.07991415154089701 0.1644586983148013 0.13275581671194808
0.11380729111193832 0.08241640185387622 0.1706155344268673 0.09889968222465148 0.142752942957925 0.11089992206511544 0.15698362257881188 0.12362460278081433
0.10576092331715839 0.147834183222838 0.10284914576320689 0.1330507649005542 0.1262227000256566 0.20466375015483768 0.09978807367541567 0.07983045894033253
0.0826476523781581 0.11677505821782856 0.09876147790072001 0.14013006986139429 0.10635254557989557 0.17507305633921505 0.10509755239604572 0.17516258732674284
0.05757560343961493 0.10186452916239565 0.05856327368049388 0.08880497414157569 0.1358267894048091 0.27936665024965646 0.10038823163830296 0.17760994828315138
0.08913761531787628 0.07195446055780375 0.19649769910542075 0.1439089211156075 0.10411317676681367 0.10442239056025401 0.1604477075721773 0.12951802900404674
0.08031534676670019 0.11612472706786711 0.11175732565273477 0.13934967248144053 0.10262875663297755 0.17112482643539867 0.1045122543610804 0.17418709060180065
0.06643478098339482 0.11753845866292931 0.10297352608366925 0.1469230733286616 0.09729177453804272 0.1928785269338161 0.09965217147509224 0.17630768799439395
0.10478888358046043 0.07223284447683528 0.215691340430014 0.14446568895367057 0.09324381555499799 0.08370352399517098 0.15992945622872765 0.12594444678012304
0.07377824529199609 0.09999432341141547 0.07952754872977427 0.08999489107027392 0.13951913225624818 0.22920220781541545 0.1079938692843287 0.17998978214054784
0.06570664210511874 0.09414880919757596 0.059782429185642715 0.08473392827781837 0.1407320734669238 0.2837475472779017 0.10168071393338203 0.16946785655563673
0.09199832510534703 0.1336035912482057 0.08183804183996449 0.12024323212338514 0.1254305876840157 0.2845578586325121 0.09018242409253885 0.07214593927403108
0.0956691125469023 0.13180464039747103 0.08445358851173065 0.11862417635772392 0.12135748321407146 0.2879483608891733 0.08896813226829293 0.07117450581463435
0.06387468218429415 0.11300905309528968 0.09480940641878056 0.1412613163691121 0.09944092686970475 0.222279012143443 0.09581202327644125 0.16951357964293448
0.06539961807996095 0.11570701660300783 0.09860272877898885 0.1446337707537598 0.0980387963539837 0.2059581174058457 0.09809942711994143 0.17356052490451174
0.10249919672800233 0.07050393621918581 0.21816841703706236 0.14100787243837162 0.09500155031498662 0.09378757598222738 0.15610151120568613 0.12292994007447783
0.07286400114702667 0.1168938318420805 0.12216049665574885 0.14611728980260066 0.09835175620236984 0.16916623654702773 0.0991056400400248 0.17534074776312078
0.08177378123990295 0.1348539369573924 0.12075080947204854 0.16856742119674048 0.08561956852872595 0.1709742892671727 0.0857495142609506 0.15171067907706645
0.09964560773913753 0.07036255191107461 0.22062743397355955 0.14072510382214923 0.09547555431843444 0.08961316590743358 0.15689798888827683 0.12665259343993432
0.11967876817023897 0.07703905512264084 0.1814848819966483 0.092446866147169 0.14845539062413637 0.1185953978787465 0.14674105737645873 0.11555858268396124
0.07803314795601055 0.1134453035619384 0.11671827361819158 0.14180662945242298 0.10692712739944422 0.17671967486657159 0.09618188780251298 0.17016795534290757
0.0736176619340648 0.1144438174452115 0.10401424352446216 0.14305477180651435 0.09929191886538102 0.19688340633560875 0.09702845392094019 0.1716657261678172
0.07864532961624274 0.11097040364846072 0.10035138440187112 0.13316448437815287 0.10165070729046578 0.20888872190850125 0.09987336328361464 0.16645560547269106
0.0852086886378365 0.14719215080599846 0.08137440115792627 0.11512242601956289 0.11375472401785762 0.24111766135885654 0.07808303677848613 0.13814691122347547
0.1427575471783051 0.09263671706793794 0.1699524177170995 0.11116406048152554 0.13179297228510362 0.13172084283568686 0.1230631845786526 0.09691225785568894
0.07961633799615915 0.12246306824639246 0.11299639115493444 0.13943955524786011 0.10273674515003328 0.18084404191298756 0.09457639399420077 0.16732746629743211
0.07255408414426408 0.12647353710537768 0.10170144050904543 0.1403354414550967 0.09710474012277834 0.19824418836516924 0.09518403855215254 0.168402529746116
0.09960395379969701 0.07808638591619536 0.21462656114750447 0.13806983841758166 0.09705882761230195 0.09435401241457753 0.15393756611631865 0.12426285457582349
0.10114121556161425 0.1338682695934085 0.14794737629337848 0.16064192351209017 0.0869635140309078 0.14536281282763383 0.08402808306786257 0.14004680511310424
0.07245646222375392 0.0953444384419634 0.07035504692424933 0.08580999459776706 0.13906051187581228 0.26238156322359957 0.10297199351732046 0.17161998919553412
0.08426174433169022 0.1405158514163793 0.07471945092360487 0.1112549786313439 0.11964453283965173 0.2606375689497625 0.07545989854995498 0.1335059743576127
0.10115805722046353 0.07846435336719507 0.20304943353247126 0.13651475321546486 0.10131660594152184 0.1044297566618721 0.15220376216709292 0.12286327789391839
0.1014540074752651 0.07195306505825073 0.2547073868535761 0.1329944379742328 0.09457844922687669 0.0763387858517774 0.14827887338321183 0.11969499417680955
0.0997643092937453 0.07022273556895697 0.2740859099559927 0.13056524180405654 0.09162475548693552 0.07065782932990067 0.14557050093676152 0.11750871762365088
0.11541854543590795 0.08132858792483794 0.20549327446190263 0.09464736109301897 0.1408788871685999 0.10795685142702495 0.1406996591770849 0.11357683331162277
0.13590072509134282 0.0938942343578782 0.21016798978748405 0.10798921971022149 0.13408632404610082 0.10037128818786951 0.12039992107990366 0.09719029773919934
0.10872135702755724 0.07138545619862637 0.25523221515750494 0.1296591563331104 0.09948537305460776 0.0742629182738186 0.1445602832549753 0.11669324069979935
0.10274887274762506 0.06979073495165908 0.27401701956743124 0.12977069885862746 0.09220778297933677 0.06998661707569791 0.1446846448468578 0.11679362897276474
0.13494335313086253 0.0926158794216654 0.23466461047180018 0.10779839429150069 0.12063322584008425 0.09213881700300347 0.12018716497873287 0.09701855486235061
0.10890014511220193 0.07070020048929716 0.26449184429292666 0.12854365854746785 0.095989207806682 0.07236906458861597 0.1433165864700873 0.11568929269272109
0.13780659452281344 0.09257358202506599 0.23106748366968471 0.10763402617193082 0.12151472643932333 0.092529056824754 0.12000390679169003 0.09687062355473772
0.11011930916720378 0.07070152501477783 0.2630107400981095 0.12853895082637432 0.09618960493367455 0.07244347650373259 0.14331133771239046 0.11568505574373689
0.10405654456514186 0.06941600728750995 0.276651456119459 0.12912792477867968 0.0911662773839604 0.06939865784850645 0.14396799971593094 0.11621513230081174
0.08139320141029134 0.12039239973026049 0.13998555590781642 0.1401522029361356 0.09524954179037692 0.15958469966681244 0.09505975503494413 0.16818264352336268
0.13465401983517994 0.1002577805070038 0.1905530134171311 0.1113122178589245 0.12505110969085137 0.1138860465871061 0.12410481603077105 0.10018099607303205
0.11126318362662935 0.0722663816495134 0.24804843737072477 0.13046574890090332 0.09822257872940765 0.0768549219374194 0.14545957377458918 0.11741917401081298
0.10509781259331877 0.06987857268529805 0.27122480740042343 0.12980557014104155 0.09201403791221172 0.07043066241635412 0.14472352372441497 0.1168250131269374
0.13754374074765915 0.09242157262845967 0.23338770895758698 0.10754425772461046 0.12035884244669133 0.09205022387077738 0.11990382167206569 0.09678983195214941
0.1274581107075723 0.08154715561720523 0.19044144343679845 0.0926676279934639 0.14760918922933 0.11131866646602569 0.13775665295744782 0.11120115359215668
0.1253552962195441 0.0810479026440462 0.1771496430023941 0.09312590186405692 0.1566673437812128 0.11646492240620476 0.13843790784567267 0.11175108223686829
0.10953375342646071 0.0710941405955044 0.24266433344697236 0.13077237547376946 0.10496290189012794 0.07747591772001768 0.14580143952075492 0.11769513792639254
0.08262178312224286 0.1206308837728742 0.13249179567761885 0.14021326875203455 0.09816165443360464 0.16252351815084698 0.09510117358833649 0.16825592250244145
0.1352947341541762 0.10036633831795394 0.1878987290395168 0.1114076701442998 0.1259476751521357 0.11460671185638827 0.12421123820565962 0.1002669031298698
0.11156707139446058 0.07232212696717336 0.2470124808831604 0.1305526295182656 0.09847088366565968 0.07702100182552114 0.14555643917932 0.11749736656643904
0.1052595160768799 0.06989941845902786 0.27083183439517006 0.1298371304264519 0.09208616832528531 0.07047380384597599 0.14475871108740235 0.11685341738380672
0.10316737717169734 0.0692561192828465 0.2796501485647612 0.1289380664338698 0.0902041774942999 0.06898352943204136 0.1437563218300011 0.11604425979048281
0.08147565578707963 0.12031948576361426 0.14062374097381491 0.1400821283276946 0.09501393371397349 0.15937427527050121 0.09501222617008852 0.1680985539932335
0.10244830188797359 0.07616968963055591 0.23195333799913403 0.13531421414322162 0.09496651222083807 0.08649990069536759 0.15086525069400974 0.12178279272889944
0.1039957838056767 0.07074552906794615 0.2658203085926032 0.13096987063937873 0.09206977014168999 0.07250422228530025 0.14602163189196402 0.11787288357544085
0.10310068289738365 0.06947201872433878 0.2779269644822193 0.1292443990444644 0.09038978622333452 0.06944832965807 0.1440978598301715 0.11631995914001796
0.09358954014061355 0.13826525950138116 0.16110646172346754 0.16094520980273583 0.08190120946839738 0.13746950207607217 0.08187212846486998 0.14485068882246224
0.12240128951944075 0.07734454190128036 0.1648147951999357 0.09281345028153642 0.14763485125809991 0.13165132203296664 0.1473229369548197 0.11601681285192052
0.07246468355634013 0.1034076624915056 0.06876180005121901 0.0832423208886786 0.15250077247128707 0.25903810384597575 0.09410001491763668 0.1664846417773572
0.10123439746457184 0.07547905623972702 0.20072563998069592 0.1358970995688466 0.10802908860145163 0.10481220408807565 0.15151512444466927 0.12230738961196194
0.10460950722034595 0.0713007598513589 0.25402379576953027 0.13208688151639042 0.09549876490276332 0.07633508171404839 0.1472670156608114 0.11887819336475136
0.10360002243198528 0.06976359737945985 0.2736141461635439 0.12972345266403829 0.0913943637159761 0.07052134138163597 0.14463196886572627 0.11675110739763446
0.10270759110159874 0.06917762241679609 0.280662469190092 0.1288038983138549 0.08998367165455178 0.06913450445190639 0.14360673438873073 0.1159235084824694
0.10227120453767492 0.06896481242019659 0.2831876269951966 0.1284725230380973 0.08949183089868376 0.06874945569010399 0.14323727568575922 0.11562527073428758
0.10208999210172762 0.068888896175062 0.2840922222378609 0.12835471153481687 0.08931917079074884 0.06862984212694381 0.1431059246515048 0.11551924038133518
0.08122187402793879 0.1201586726791261 0.1415217803429172 0.13993497154315826 0.09474918460129085 0.1595791354723324 0.09491241548144648 0.1679219658517899
0.1346057010194654 0.10011168989967097 0.190943030320902 0.11115592545688158 0.12479569649924613 0.11441706222653515 0.12393056166610526 0.10004033291119341
0.0859201074839992 0.12218847706438732 0.11973485944608539 0.13787507541929733 0.10102820393775476 0.1742879176000566 0.09351526854526256 0.1654500905031568
0.10392035481976879 0.07662159575693368 0.22341099695898495 0.13583911350594832 0.09664755779726707 0.08985470469388789 0.1514504743118558 0.12225520215535349
0.09412036491491942 0.13995217824224906 0.14773418350864503 0.16186141170778687 0.08338057621758253 0.14493781848132592 0.0823381963904829 0.14567527053700818
0.14665672743968788 0.09254983398501306 0.19487669358677687 0.11105980078201567 0.12360338638840718 0.11148442822829055 0.12294776480548741 0.09682136478432135
0.10432272301343037 0.1436459283263478 0.0996934232577051 0.1138496701061717 0.11941562943483916 0.20523324548817454 0.07721977624592513 0.136619604127406
0.1077206746321947 0.07769358502556559 0.21328566972320875 0.13469478162772086 0.10009796178616066 0.09510739407466724 0.15017462966553358 0.1212253034649488
0.10563010594253941 0.07114635662329076 0.25864362094849386 0.13150515940023497 0.09351657585549848 0.07458509885633462 0.1466184389133963 0.11835464346021146
0.10365490631082895 0.06962777135054832 0.27525707100324703 0.12948257435540375 0.09085877932038129 0.07022117321213533 0.14436340752759194 0.11653431691986339
0.10265232273356703 0.06911744693265352 0.28123419233322033 0.1287046879644099 0.08982950630525807 0.06913150231006537 0.14349612225285702 0.11583421916796892
0.13657190341015535 0.09209553104204357 0.23660955225189173 0.10723022420015084 0.11949525215973372 0.09193663742825822 0.11955369772763086 0.09650720178013575
0.11003317826267561 0.07047331388790841 0.26496959409456095 0.12815916202926197 0.09556760133146731 0.07256600302173224 0.14288790154605774 0.11534324582633577
0.12152082115148566 0.08076405937322996 0.20198194624456625 0.09390854203446304 0.14132029257747286 0.1082127331530607 0.13960135502436594 0.11269025044135565
0.10797220574328888 0.07061686890705533 0.25235282827438577 0.1299288618364715 0.10119113878065585 0.07614113604137145 0.1448609847639466 0.11693597565282436
0.13874583779601374 0.09265949918586716 0.2268731968966155 0.10773890188111024 0.12304958962314713 0.09384712754336749 0.12012083538087963 0.09696501169299922
0.11082566606406856 0.07071580304641585 0.2612983802505818 0.12853658272091084 0.0965520244730414 0.07307992154463896 0.14330869745152297 0.11568292444881977
0.10454929177783034 0.06938941303282388 0.27591544112176974 0.12906530015208298 0.09123180749291854 0.06979179835494448 0.1438981779307552 0.11615877013687469
0.12009807740488647 0.08068314813996964 0.2054815563712994 0.09391986493549287 0.1399724054723819 0.1075229224761379 0.13961818727724015 0.11270383792259143
0.10755688877670852 0.07054986512771924 0.25371613237941826 0.1298159419848566 0.10082925258981908 0.0759624837988569 0.14473508755625059 0.11683434778637095
0.08218170726847508 0.12038711583976011 0.1348028066058833 0.1399868849697704 0.0971892433937407 0.16252035363132344 0.09494762632732255 0.16798426196372448
0.11686432062646038 0.08674669984718454 0.16323596491543 0.09629229724712089 0.14492707209058028 0.13323792132573495 0.1431449672509439 0.11555075669654508
0.12328164713882071 0.08196533129832927 0.16917335124668204 0.09373532707222758 0.15668918546700783 0.12332890594109726 0.1393438593491622 0.11248239248667309
0.10932685694518646 0.07132538083536841 0.23960209150842757 0.13107689393880845 0.10525507330113748 0.07930354404212916 0.14614095488401482 0.11796920454492762
0.10495191104176751 0.06995277831304814 0.2680359872789066 0.13006021273522284 0.09363814612967397 0.07129934182593198 0.14500743121374843 0.11705419146170057
0.1376019260173067 0.09243054685068351 0.2322584204740706 0.10754304559028709 0.12083087366618711 0.09264397613745373 0.1199024702327529 0.09678874103125835
0.11040393355768642 0.07059096630323126 0.2633375893700233 0.12833528556839924 0.09597153901003916 0.07277466303041318 0.1430842661486481 0.11550175701155932
0.08265977693373121 0.12032928848782386 0.13691845325576835 0.1398986692158151 0.09614737938364117 0.1612802366309068 0.09488779303333544 0.16787840305897808
0.11947993098663026 0.07712237910343081 0.15920229409766698 0.09254685492411698 0.15161865241583758 0.1374465500963506 0.1468997697208206 0.11568356865514622
0.08307472755019739 0.11921339001483647 0.11250849639511408 0.13761061220489668 0.10641939606961744 0.18270474962396682 0.09333589349549515 0.165132734645876
0.08941156394934342 0.1449853469252134 0.11910824078798044 0.16106571703146283 0.08466370062123098 0.1738728553882736 0.08193342996817891 0.14495914532831652
0.10872751183537284 0.0691524865007806 0.22966181228867083 0.1383049730015612 0.092590201504294 0.08788015824189267 0.1531092904209387 0.12057356620648924
0.09843156951029396 0.14379021797861724 0.10781269612852866 0.11682630287500799 0.11407648684133843 0.1996324534401118 0.07923870977609238 0.14019156345000958
0.1062701331537671 0.07766306148042601 0.21689663249523383 0.13467085756136113 0.09891195115983266 0.09423563622723374 0.15014795611692056 0.12120377180522503
0.10520064963905727 0.0710716586559072 0.26001589691803767 0.1313688209883175 0.09319516708586874 0.07444943606470937 0.14646643175861665 0.11823193888948574
0.13796165231415009 0.09274653881713192 0.22970625351717427 0.10780258184359202 0.12096826958373402 0.0936005464781742 0.12019183378681078 0.0970223236592328
0.11056920894447266 0.07066925073577053 0.2623861158707084 0.12843970855330747 0.09607376014401138 0.07306552806969195 0.14320068998406071 0.11559573769797672
0.10445257526379337 0.06935682515298232 0.2763066282384598 0.1290082839082368 0.09111097292600778 0.06982264991929664 0.14383460907381024 0.1161074555174131
0.10276258173300078 0.06904687428353844 0.2815581572711472 0.12860161833329287 0.08982975304039023 0.06907835153274196 0.14338120730592502 0.11574145649996356
0.13657552952341814 0.09206583091024739 0.2366924059502737 0.10720121072480793 0.11948164564711246 0.09198093772400509 0.11952134986780823 0.09648108965232713
0.09933049103327454 0.13942377447357399 0.14952186944920454 0.15846945632882356 0.0862796021575762 0.14373957242476953 0.08061272343683634 0.1426225106959412
0.10967020860489068 0.06822831349717513 0.24179771932641705 0.13645662699435027 0.09172971895985318 0.0820921295702926 0.15106309541092092 0.11896218763610023
0.09869221107646614 0.14370172078138937 0.11013142981702359 0.11684380598081101 0.11392740506959327 0.19724027864988897 0.07925058144785442 0.1402125671769732
0.10625456939710945 0.07760082017477936 0.21781763875795052 0.13457304973391154 0.09881017155651226 0.09378909793081053 0.15003890768840583 0.12111574476052038
0.09448477917795117 0.13989644748027336 0.1461961681457758 0.16162346757486307 0.08368637444379248 0.14643448711536294 0.08221715524460427 0.14546112081737675
0.14687774275250443 0.09236333843785535 0.19548934163977133 0.11083600612542643 0.1234716129761684 0.11163568139679525 0.12270001492110699 0.09662626175037177
0.08798716951378678 0.1210564914769842 0.12064737738786627 0.13758411744136329 0.10065510722064304 0.17365087289557848 0.09331792313414206 0.1651009409296359
0.10429444297225064 0.07645760107452224 0.22362976283398897 0.13566975470579917 0.09648984831036402 0.09009415897944972 0.15126165188840593 0.12210277923521926
0.10461218505545106 0.07089737008686138 0.262639400849003 0.13120836393294974 0.09257856504880305 0.07368905337098831 0.14628753411628873 0.11808752753965475
0.1377246028239038 0.09268492151543926 0.2305815356913051 0.10774775593279465 0.12074832729927956 0.09340916941000481 0.1201307069877576 0.09697298033951517
0.11048664458843818 0.07064484852261084 0.2627131677899611 0.1284019172039431 0.09600356476213068 0.07302957619959799 0.14315855544976938 0.11556172548354877
0.10442244470232322 0.06934651027768624 0.27642420347861013 0.12899158226008095 0.09108649840350437 0.06982034886121398 0.14381598798250816 0.11609242403407286
0.10275092587087116 0.06904234295224183 0.28159908001442674 0.1285941062514395 0.08982042734918534 0.06908559004027828 0.14337283189526162 0.11573469562629554
0.10222691831787273 0.0689124451639103 0.28349043172035326 0.1283866407397497 0.08943246220767503 0.06886160185243595 0.14314152333222838 0.11554797666577472
0.10205109937123283 0.06886047571287851 0.28417437805595946 0.12830420031558692 0.08930229120149692 0.06878416664725981 0.14304960841155737 0.11547378028402823
0.10199007263566243 0.06884092038947287 0.2844207280581233 0.1282735237396943 0.08925680072054105 0.06875637677204743 0.1430154063187338 0.11544617136572488
0.1362676490444367 0.09198734583484974 0.237631007574957 0.10712869451072414 0.1192584684306449 0.09187050984397326 0.1194404997007626 0.09641582505965174
0.14546138715253795 0.09320584491424136 0.21945197981664286 0.10594500319682607 0.12636877740105928 0.09609573242061015 0.11812077222093892 0.09535050287714346
0.11243401477320662 0.07078681526056202 0.2582318453382416 0.12857269711849317 0.09731595117688986 0.0735942866162398 0.143348962309723 0.11571542740664387
0.10497870730796106 0.06944072174756803 0.2747489953671254 0.12915056465207894 0.09145718701587699 0.06999507423729014 0.14399324148522832 0.11623550818687105
0.0817360427965324 0.1202443379157826 0.13946268185827174 0.13996363786490087 0.09523147062814896 0.16047360477272363 0.09493185872575885 0.16795636543788103
0.10602270270405918 0.06849382284403764 0.23861215310748554 0.13698764568807528 0.09376537371546322 0.08504221999728061 0.15165095493348177 0.11942512701011693
0.0978703691162901 0.1436659490806038 0.10947389475517222 0.11678865370387864 0.11437079049856182 0.19847078458429537 0.07921317381654376 0.14014638444465438
0.10608448131497643 0.07761279733673272 0.21755511229048494 0.13459677055112465 0.09892246704781572 0.09402592333346496 0.1500653546293882 0.12113709349601216
0.10513526691923356 0.0710508338854827 0.2602570733058054 0.131335574771654 0.09317632638339969 0.07441354273183827 0.1464293647080978 0.1182020172944886
0.10348615301209413 0.06957755179063634 0.27583642785334955 0.12939798647411488 0.09074832586832371 0.07022626882229473 0.1442690983524833 0.11645818782670339
0.10258816094685502 0.06909307866551664 0.2814326148784251 0.12866334928538095 0.08979305814434728 0.0691826910119164 0.14345003271071577 0.11579701435684286
0.10220038804897114 0.06892315251226841 0.28343792497617576 0.12840085812197902 0.08943563832508623 0.06888389105332297 0.14315737465241543 0.11556077230978112
0.0932792788584044 0.13796087925300354 0.1623380449607102 0.16065813188543843 0.08163177215363068 0.13781348101541277 0.08172609317650563 0.14459231869689457
0.10791064881733338 0.06798897349394506 0.2476492019954863 0.13597794698789012 0.09053076878905104 0.08086440608840569 0.15053317696665083 0.11854487686123753
0.08235366668027401 0.12032104362355701 0.1335551345009165 0.14030299193079987 0.09516905851694907 0.16477248512095768 0.09516202930958599 0.1683635903169598
0.08108892592618011 0.11072182433639488 0.10824101589011809 0.13286618920367385 0.10267310342043194 0.19867656281585339 0.0996496419027554 0.1660827365045923
0.07639281393458573 0.12342963483894431 0.10131013075809783 0.13819887022877414 0.09611198446137377 0.2049830356093963 0.093734885894299 0.16583864427452896
0.115535764490786 0.08712139567298392 0.1525659572487621 0.09641905506044805 0.144831745271839 0.14448981492860413 0.14333340125403918 0.11570286607253766
0.10836143675152324 0.0722738276158375 0.23369696340236 0.13219422612244433 0.10356815886127123 0.08354388685059384 0.14738669688577 0.1189748035101999
0.10497585985101869 0.07019160936331272 0.2659560116517129 0.13039333682199294 0.09351438317928022 0.0722359562823982 0.14537883971049062 0.11735400313979363
0.103234388203738 0.06936047522338298 0.27784888163288746 0.12909325753534615 0.09062392201878186 0.06972579527733022 0.14392934832672175 0.11618393178181154
0.10246070715149036 0.069025958388122 0.2821475688585058 0.12856274388247718 0.08970483364194827 0.069053853388883 0.14333786519434394 0.11570646949422946
0.10214755257197196 0.06890062370192004 0.283692970974586 0.1283663511569558 0.08939634447913651 0.0688475391126084 0.14311890196156113 0.11552971604126021
0.11934380607297214 0.08054153570843221 0.20780743012992087 0.09379400011538823 0.13925934296268663 0.10727000410358677 0.13943108076854727 0.11255280013846586
0.1415811921310641 0.09299454210492264 0.2099442911164863 0.10695827536524492 0.1327667261156109 0.1002420302665506 0.11925049507139995 0.09626244782872043
0.14750895843568668 0.09359699952526224 0.20984247238874135 0.106284442397231 0.13039472163009394 0.09821718586737016 0.11849922159810679 0.09565599815750789
0.13004587822766636 0.08157891636565608 0.1827868255180205 0.0925773391635166 0.15072287924903943 0.11357292193232511 0.13762243254755602 0.1110928069962199
0.11033767615627328 0.07093062409606347 0.24466715313736753 0.13038169376143716 0.10353646727035602 0.07743700262635302 0.14536585856685605 0.11734352438529345
0.10498519875528448 0.06978644507692569 0.2698472547145432 0.1297925573641028 0.09312237428259229 0.07094385272962793 0.14470901544923104 0.11681330162769253
0.10309428873013335 0.06922946628986598 0.27922970272943015 0.1288947028811952 0.0904197012209213 0.06941893085052352 0.14370797470485494 0.11600523259307567
0.13673959824630508 0.09213159104189052 0.23593129202013782 0.10726070182647746 0.11969749845360472 0.09211700876121928 0.1195876780065353 0.09653463164382971
0.11008236925518992 0.070480723738742 0.26469888193332314 0.1281659096091323 0.09563091077055207 0.07269646145077902 0.1428954245940624 0.11534931864821907
0.10426618651016917 0.06928777287079962 0.2771439679623722 0.1289006972104765 0.09095369814593492 0.0697223918761532 0.1437146579346656 0.11601062748942884
0.10269228374742065 0.06902094248659509 0.2818580463597912 0.12856074743702714 0.08977300175758511 0.06905466621160057 0.14333563930665563 0.11570467269332443
0.10220521141404257 0.06890462668355336 0.28358325847964366 0.12837441985797993 0.08941557553992058 0.06885203219161679 0.1431278979610612 0.11553697787218194
0.10204305899728841 0.06885756017451913 0.2842074751119347 0.12829960409089544 0.08929634203285332 0.06878183194667488 0.1430444839640282 0.1154696436818059
0.1019870249087 0.06883976685961121 0.28443236895042345 0.12827166566649462 0.08925477060913631 0.06875656920001087 0.14301333470577834 0.11544449909984515
0.10196729576372057 0.06883323920294859 0.2845132558845851 0.12826147735200602 0.08924000624409173 0.06874742044039722 0.1430019754954455 0.11543532961680542
0.10196028327339686 0.06883087374392655 0.28454232735623536 0.12825779473696985 0.08923472383921757 0.06874411213247866 0.1429978696545022 0.11543201526327286
0.08116317675545445 0.12008930931290192 0.14157335085544182 0.1398574933717832 0.09471135914232923 0.15991645344639238 0.09485986506955729 0.1678289920461398
0.10579734619839481 0.06842068158081675 0.23970454952646553 0.1368413631616335 0.09357503933008175 0.08487440738540686 0.1514890141634689 0.11929759865373178
0.0978223519422053 0.14365034183235986 0.10967504330578831 0.11678304667554898 0.11432195187026419 0.19839823757454145 0.0792093707886332 0.14013965601065875
0.10606659760178772 0.07760660519233817 0.21763475008466907 0.13458757596957097 0.09890615787983043 0.09401439154207109 0.15005510335711864 0.12112881837261386
0.10512831206132021 0.07104823013771137 0.2602861594417147 0.13133138448103887 0.09317050311636647 0.07441247188214314 0.1464246928467702 0.118198246032935
0.10348339645011959 0.06957644952841315 0.27584664052724456 0.12939617833305916 0.09074617109152262 0.07022752115974575 0.14426708241014208 0.11645656049975325
0.13696597058628177 0.09224686657926394 0.23484432259726565 0.10736240100943793 0.11988340335848435 0.09236980995472731 0.119701065006045 0.09662616090849413
0.12723108376817835 0.08143394275894737 0.19076507103029855 0.09254298857176156 0.14736151379272855 0.1120424457061888 0.13757136808578288 0.11105158628611389
0.10947504329102271 0.07077561851093973 0.24779469758311298 0.13011465588889892 0.1026400975560109 0.07702856560283033 0.14506813126717535 0.11710319030000903
0.10469588400289134 0.06970757056462387 0.2710049549904083 0.12966287306951926 0.09285616468669337 0.07081153978459369 0.14456442713870282 0.11669658576256733
0.10299287032120713 0.06919731814017889 0.27965004680756456 0.1288435385224594 0.09033360511278085 0.0693725061624955 0.14365093026310022 0.11595918467021343
0.0813707347957655 0.1201842136622351 0.1405224932043013 0.13992376683165836 0.09497499111231106 0.16021046443165723 0.09490481576408133 0.16790852019799002
0.14285191832545013 0.0923433663013836 0.19374565632181157 0.1108120395616603 0.1263579986892621 0.1146101700276232 0.12267348294982336 0.0966053678229859
0.10335972809098935 0.14335357494077308 0.0993293872851522 0.11363172905152184 0.11991816259009828 0.20697738782295466 0.07707195535668439 0.13635807486182622
0.10747959554038355 0.07765494116533063 0.21308153866935994 0.13465065219318734 0.10020294521010147 0.09561931160849843 0.15012542863927006 0.12118558697386861
0.09473873094441744 0.13991606245302457 0.1450131546182823 0.16163850581995742 0.0839456025393272 0.14704848325252926 0.08222480513450009 0.1454746552379617
0.12278280789974422 0.07712875234113911 0.16317219529196375 0.09255450280936695 0.14792327877648584 0.13383342514837404 0.14691190922121736 0.11569312851170868
0.07228646388257123 0.10301247822222781 0.06833014095194835 0.08292937776531566 0.15215700155873427 0.2616795289625623 0.09374625312600901 0.1658587555306313
0.13108982488949963 0.09772904775394836 0.16235165883592662 0.10999423526127934 0.13993820238339533 0.1372668553494923 0.12263536379130696 0.0989948117351514
0.11126522105388668 0.07251795107587733 0.23683913087255748 0.1311989247857058 0.10196106461438059 0.08186166511893112 0.14627701017152572 0.11807903230713523
0.10547597226064338 0.07009830864173301 0.26702616496922865 0.13017952830928955 0.09305867742490698 0.07185931374115215 0.14514045917468552 0.1171615754783606
0.1377761283210866 0.09245675159838536 0.23191795922647263 0.10755802414276615 0.12069464773396563 0.09287509704786931 0.11991917020096464 0.09680222172848953
0.11044560252073088 0.07059187610124458 0.2631964170619396 0.12833141698507686 0.09594673565311285 0.07290972342438223 0.1430799529669439 0.11549827528656918
0.1043957118445235 0.06933012374392562 0.276596790606818 0.12896704158987438 0.09105987765218243 0.06979149016516795 0.14378862696662115 0.11607033743088696
0.10273878343780647 0.06903665673266432 0.28166043860157136 0.12858529273127345 0.08980989971679625 0.06907915984374005 0.14336300547800188 0.11572676345814611
0.10222187966873189 0.06891029489299058 0.2835120219877242 0.12838321464812796 0.08942856037775569 0.06886143174560604 0.1431377034957486 0.11554489318331516
0.10204897939923734 0.0688595441451561 0.2841817329255563 0.12830265078030165 0.08930089856459246 0.06878592768753344 0.14304788079535122 0.11547238570227147
0.11930860049725622 0.08053072272228931 0.20795185844199807 0.09378473222188502 0.13921814899621096 0.10724695503171415 0.13941730342238431 0.11254167866626202
0.12315533658212903 0.08089679898143877 0.182682178494352 0.09304484228335423 0.15398269895232639 0.11626692663171663 0.13831740733465794 0.11165381074002508
0.10882568306909993 0.07092435599925584 0.24473467280604463 0.1304632053762149 0.10425457003979982 0.07792388993661445 0.1454567379343769 0.1174168848385934
0.10465641920937002 0.06979240055708934 0.2698947230544837 0.12980517673403122 0.09327378309385514 0.07102975318558519 0.14472308510495718 0.1168246590606281
0.13744493319346182 0.09236244344887917 0.23284896696595206 0.10747744198642024 0.12067274190277667 0.09263444760449896 0.11982932711023273 0.09672969778777821
0.08645260837800017 0.1211757818755593 0.12905581944058664 0.13769248536437645 0.10020054899127864 0.16680034865710916 0.09339142485583793 0.1652309824372517
0.1361203689748849 0.10014028065892606 0.1862077055730728 0.11104748077840132 0.12623906000699886 0.11649271736466847 0.12380965394248628 0.09994273270056118
0.1117298125758228 0.07226591950598005 0.2462178039436638 0.1304567694895267 0.09853639224758354 0.0779326472958397 0.14544956240100962 0.11741109254057402
0.1400216809075187 0.09292982375801664 0.2248371584916282 0.10788287244197901 0.12250124571314897 0.09445128167775058 0.12028135181217661 0.09709458519778111
0.11116973886842574 0.07077063594980751 0.260516787888712 0.12860177157322816 0.0965038740516103 0.0733142190952937 0.14338137815701707 0.11574159441590536
0.10464232366284701 0.06940305927006578 0.2756172749459106 0.1290827704873874 0.09124682357985553 0.06991559856442171 0.14391765605086324 0.11617449343864863
0.10282524462432815 0.06906455604133505 0.2813063828722503 0.12862916755659978 0.08987532949816024 0.06912114597238671 0.14341192263400002 0.11576625080093979
0.10225259080946694 0.0689205743972519 0.2833845457651449 0.1283992687927579 0.08945186758845798 0.06887620806449772 0.1431556026689405 0.1155593419134821
0.10205994979620002 0.06886327126019745 0.2841358974167567 0.12830845293245127 0.08930927114101583 0.06879120005217089 0.14305434976200165 0.11547760763920617
0.10199300076769922 0.06884175861164776 0.2844065049284854 0.12827472158043082 0.08925935959336717 0.06876066327421816 0.1430167418217639 0.11544724942238774
0.08116952873065016 0.12009182032604884 0.14154399956363858 0.1398590764163859 0.09471733404895122 0.15992641042789607 0.0948609387867661 0.1678308916996631
0.10166298244202215 0.08188771095270982 0.23106242139094227 0.13402915107833488 0.0942974324016595 0.08700156448694031 0.14943250127688978 0.1206262359705014
0.11983252620319171 0.08689139531029186 0.19177362355165697 0.09428969658143638 0.1415048574219357 0.11239229817538963 0.14016796685837407 0.11314763589772364
0.10756634259195816 0.07548650718252306 0.24785335852102736 0.12966497914891592 0.10124537207488177 0.0769181839866095 0.14456677526005998 0.11669848123402432
0.12071474358359617 0.08548613599919637 0.19635075641144248 0.09366972255350917 0.1428913779552793 0.10923726260695188 0.1392463338258136 0.112403667064211
0.0957300446001066 0.14661497191397427 0.13877568638551918 0.15774122443601094 0.0901919078777783 0.14873678775501267 0.08024227503918818 0.14196710199240983
0.1092388498862608 0.06846116772229156 0.2385360095824393 0.13692233544458313 0.09276044525209452 0.08313434842834078 0.1515786538092251 0.11936818987476477
0.0821670450561808 0.12569336014167998 0.13101375968668613 0.13940635623762254 0.0951373812044483 0.16474059378358683 0.09455387640464832 0.167287627485147
0.10220038041943115 0.08283124086839547 0.22690564420870588 0.13443944036690947 0.09466942496889087 0.08806842962240176 0.1498899432150468 0.12099549633021853
0.10366888011927161 0.07520128030428866 0.2632532236752196 0.13037801032622232 0.09178245444054849 0.07301419002937447 0.14536175181147473 0.11734020929360009
0.11969780069590107 0.08544775913615282 0.20130090123068448 0.09367961273872918 0.13994210544482352 0.10825524921682454 0.13926103625040934 0.11241553528647502
0.12284534642934755 0.08602168037244817 0.180075323844868 0.0925555513621059 0.15373006123707492 0.11611533160222914 0.13759004351739923 0.11106666163452707
0.08321485485049553 0.12696631549576892 0.11654647313977275 0.1364557423582022 0.10634819484177632 0.17416893801510025 0.09255259046904149 0.16374689082984262
0.10269796548237553 0.08319757755888542 0.2208260360215322 0.13470513896327285 0.09724723872942354 0.08990524085582641 0.15018617732173853 0.12123462506694559
0.10396061874922091 0.07537833192056516 0.26096635705728216 0.13061364940630846 0.0924631197287841 0.07344116687139668 0.14562447180076482 0.11755228446567763
0.1028589296512072 0.07340402822485866 0.2755648616371394 0.12872798137176922 0.09027133861314772 0.06979558460353674 0.14352209266374868 0.1158551832345923
0.10211401801938612 0.07279428204561995 0.28081689180952324 0.12803765241607495 0.08939065080949951 0.06886019033019311 0.14275242739523578 0.11523388717446745
0.10177232307192108 0.07258953176587439 0.2827048605582779 0.1277932846102624 0.08905885170721724 0.06858721660905275 0.14247997552815822 0.11501395614923617
0.1016340535111612 0.07251833452112959 0.283384223225699 0.12770666478708756 0.08893738643203433 0.06849993832502523 0.14238340088948417 0.11493599830837879
0.10158110677371165 0.07249315940934385 0.2836289251863086 0.1276757750412984 0.08889344265153053 0.06847043227250424 0.1423489611281342 0.11490819753716858
0.11874284534642406 0.08474655960522236 0.20732154026477706 0.09328884784011915 0.1385510973539818 0.1067223541981108 0.1386801379832219 0.11194661740814296
0.10679500244420452 0.07484330704202632 0.25372815538108395 0.12898178657861856 0.10015462038781484 0.0756084537167967 0.1438050665286986 0.11608360792075671
0.09369178432000491 0.14549587845496187 0.15415148524089503 0.15957649819799488 0.08311746147604548 0.13917217310944413 0.08117587082245827 0.14361884837819539
0.10833906087290589 0.06820573669170751 0.24473071462371754 0.13641147338341503 0.09107446287224875 0.08130262009887719 0.15101310850748426 0.11892282294964387
0.08200478411785324 0.12562498196993566 0.13237512380326202 0.13938039818415082 0.09477610706819184 0.1640458569628972 0.0945362700727284 0.16725647782098096
0.10212330139038352 0.08279057313118822 0.2274450768136075 0.13438636018209435 0.09455784272761433 0.08791835882104143 0.14983076277018575 0.1209477241638849
0.10363402824570023 0.07518321932327184 0.263453062649019 0.13035417372013514 0.09174431870590373 0.0729772652333096 0.14533517577453872 0.11731875634812161
0.10270637390432474 0.07332138252346891 0.27647230640538556 0.1286193791398121 0.09005682739419732 0.06966528012721979 0.14340100927976066 0.1157574412258309
0.08085738460819412 0.12635684495450725 0.13922423428318795 0.1389222117974543 0.09436258814535209 0.1593445818786947 0.09422550017566465 0.16670665415694513
0.13269971012465803 0.11324961970768434 0.18790363305457705 0.10926424222369509 0.12309970467064738 0.11362379618591963 0.12182147603149289 0.09833781800132557
0.11011902780784522 0.08194496735390133 0.24544815737484402 0.12886422837742817 0.09713429895060834 0.07683751668831613 0.1436739979073714 0.11597780553968536
0.13846815916421437 0.1018620213699066 0.2233024252896694 0.10673407188085678 0.1211521627101801 0.09341996997449124 0.11900052491791048 0.09606066469277111
0.11015400633127208 0.07923794817554546 0.2586967541462157 0.12725895492509828 0.0956125217281456 0.07262251745658467 0.14188423780454987 0.11453305943258846
0.12086725261735103 0.0884195563350517 0.19926258553781076 0.09311917751801976 0.14051295713534406 0.10764754618114585 0.13842791165365326 0.1117430130216237
0.1072554770647331 0.07801010327659685 0.25016452551789103 0.1287865062533027 0.10055054831344969 0.07573764040692396 0.14358734353913005 0.11590785562797246
