0.125 0.125 0.125 0.125 0.125 0.125 0.125 0.125
0.099626400996264 0.07845579078455792 0.199252801992528 0.15691158156911583 0.08685378548392246 0.06839735606858895 0.17370757096784492 0.1367947121371779
0.0745303753200788 0.12421729220013136 0.1056354961590544 0.1490607506401576 0.0931629691500985 0.15527161525016417 0.11179556298011822 0.186325938300197
0.09252272085186682 0.15420453475311138 0.09132283157848368 0.13878408127780023 0.11565340106483352 0.22015392074887402 0.10408806095835017 0.08327044876668013
0.07295173961840629 0.12906846240179573 0.09118967452300786 0.16133557800224466 0.08754208754208755 0.15488215488215487 0.10942760942760943 0.19360269360269358
0.09663674199758045 0.07610143432309462 0.20951075391718485 0.15220286864618923 0.08424741610045476 0.08011627245637039 0.16849483220090952 0.13268968035821627
0.07263489880866593 0.12105816468110989 0.11193484709511813 0.14526979761733186 0.09079362351083241 0.16776907305227784 0.1089523482129989 0.18158724702166482
0.08985906402379674 0.14976510670632792 0.09319952226094522 0.13478859603569512 0.11232383002974594 0.23809927629530056 0.10109144702677135 0.08087315762141706
0.0941012336237161 0.15405740595296827 0.07591234496233219 0.1343064564718185 0.10449111012462198 0.18486888714356195 0.09109481395479863 0.1611677477661822
0.09548999744354121 0.0751983729867887 0.21074669813203864 0.1503967459735774 0.08324769007898465 0.08731000335269934 0.1664953801579693 0.1311151118744008
0.09038092719118479 0.15063487865197467 0.109379449522691 0.13557139078677719 0.11297615898898099 0.21803581729624225 0.10167854309008291 0.0813428344720663
0.09092641267661396 0.14851494124121323 0.07318127539422101 0.1294745641590064 0.10073187318969246 0.21398392587537993 0.0878175304730652 0.1553694769908077
0.09467552808258335 0.0745569783650344 0.21209932977125953 0.1491139567300688 0.08253763986686753 0.09194450466013482 0.16507527973373506 0.12999678279031637
0.07124387819453919 0.11873979699089865 0.11853966116352271 0.14248775638907837 0.08905484774317397 0.1749585467406304 0.10686581729180879 0.17810969548634795
0.06433058481236599 0.10036247333124629 0.0659905493746502 0.09032622599812166 0.12043496799749556 0.2695112752921309 0.10839147119774599 0.18065245199624333
0.07288186713888636 0.12161884113239826 0.08592635514789007 0.1520235514154978 0.08248930094197447 0.19952019634728757 0.1031116261774681 0.18242826169859738
0.09040867948727382 0.1408315629105493 0.11740977272039765 0.16899787549265916 0.07366574059936425 0.17295599887179008 0.08839888871923711 0.1473314811987285
0.07864790190990117 0.11629254067453432 0.10193195276273613 0.13955104880944116 0.08721940550590074 0.19725505271860422 0.1046632866070809 0.17443881101180148
0.07706560821702656 0.11562451251818552 0.09899561256805267 0.1387494150218226 0.08671838438863913 0.2053476372426283 0.10406206126636697 0.17343676877727826
0.0953070168823567 0.14324634245057496 0.09159678640442535 0.12892170820551746 0.10743475683793122 0.2594490831417459 0.0966912811541381 0.07735302492331048
0.08794606756336042 0.14272687854781635 0.07032918653080805 0.1244285607852758 0.0968060567541711 0.2440539530392676 0.08439502383696967 0.14931427294233093
0.0734438574128785 0.11988879745573515 0.08470404168068243 0.14986099681966894 0.08881937161271633 0.201804888817897 0.10164485001681894 0.17983319618360272
0.13862816812215042 0.09894293094654857 0.17442962957339156 0.11873151713585829 0.10953389180895895 0.12478366448287523 0.13144067017075073 0.1035095277594662
0.09308488897292477 0.1456534063896183 0.07177124372821769 0.12697989274992366 0.1136307954314823 0.21037840895406362 0.08612549247386124 0.15237587129990834
0.10072596983042811 0.0746483560459148 0.1849496582630128 0.1492967120918296 0.09892042483296645 0.09063714561649003 0.1664546924367115 0.13436704088264664
0.1033447702339728 0.07127865026939827 0.24720625438960747 0.14255730053879653 0.07890839590263055 0.07460711331369023 0.1578167918052611 0.1242807235466431
0.10077116526824224 0.14635745544032977 0.11996491343515138 0.13172170989629678 0.10976809158024732 0.21359235601973167 0.0987912824222226 0.07903302593777808
0.07351050516798013 0.11844037415712798 0.09345139004457434 0.14805046769640998 0.09519122515400644 0.1932786375849052 0.10041683895930416 0.17766056123569193
0.10194970411363435 0.07273907440237733 0.22048654457110012 0.14547814880475465 0.08052514545155323 0.09094398766727747 0.16105029090310646 0.12682710408619635
0.10022274836581124 0.14582412424409016 0.11623854125475487 0.13124171181968117 0.10936809318306763 0.21992847017602524 0.09843128386476088 0.0787450270918087
0.08647519094556422 0.1393265346244323 0.07646489001644399 0.12146415839053074 0.11201279229318735 0.23611505797023588 0.08238438569096866 0.14575699006863688
0.12884797708709014 0.09588176064050119 0.15960298532123376 0.11985220080062649 0.1272219182528106 0.12709991747856503 0.13362625969860895 0.10786698072056383
0.10589561171438876 0.0722301346301657 0.2069157349888605 0.1444602692603314 0.097891877441364 0.08152971002243076 0.1610624196081605 0.13001424233429826
0.08060498867830555 0.11678932143963576 0.12145896930713553 0.1401471857275629 0.0875919910797268 0.17311317231250767 0.10511038929567218 0.1751839821594536
0.09521757994910822 0.1422674705046795 0.09705496335556235 0.12804072345421155 0.11590480277513272 0.24865948329812004 0.09603054259065869 0.07682443407252694
0.08768273170429396 0.1362815585066658 0.07662058582665376 0.11880956382632406 0.1109543433236045 0.24649586214736227 0.08058387807350673 0.14257147659158886
0.11328213749025826 0.08114884655149154 0.13959127641023614 0.10143605818936442 0.14368119250974287 0.14834570565359942 0.1507915133680701 0.12172326982723732
0.10528271143451405 0.07110452762855757 0.21178545238487687 0.14220905525711514 0.09890798657773606 0.0841696329901775 0.15855248399561941 0.1279881497314036
0.10162333608991357 0.06949507667002466 0.25793416012080495 0.13899015334004933 0.08446446213311477 0.07245409551287338 0.15386781322138143 0.12117090291183788
0.0942235860472308 0.1419650921955402 0.10089328613165258 0.12376443934995814 0.11023521722067009 0.19645647558024423 0.08394457625475421 0.14851732721994976
0.07634383318604673 0.11619209947301361 0.09637390159357975 0.145240124341267 0.09537907863805888 0.19767212052704564 0.09851069303146806 0.1742881492095204
0.07579258612377747 0.11385110159443956 0.09951003270121742 0.1366213219133275 0.09342038773435087 0.2075619261062322 0.10246599143499562 0.17077665239165934
0.08799780543823413 0.13775423602475984 0.07948140249290443 0.12009343653440602 0.11112726940226887 0.23797904757323804 0.08145467869290146 0.14411212384128722
0.11467293309103356 0.0802755281265815 0.14149906969655995 0.10034441015822687 0.1465669759295191 0.14705908555806643 0.14916870525014023 0.12041329218987223
0.10599738319229846 0.07001799158464957 0.21644300437266661 0.14003598316929913 0.10169939392241752 0.08364418811903615 0.15612967078726336 0.12603238485236923
0.13721315589382319 0.09205495989307172 0.20170078266196076 0.11506869986633965 0.12398389221789284 0.09812366645264521 0.12829301313456076 0.10356182987970568
0.1092479228297682 0.06861981057819894 0.23681599966302463 0.13723962115639787 0.09621965150894765 0.07532939939629389 0.15301193582661077 0.12351565904075809
0.1038043812840733 0.06839501745210312 0.25215912684621816 0.13679003490420624 0.09137651552761883 0.07185321186536482 0.15251068070662993 0.12311103141378561
0.1363549622875848 0.09062022621518863 0.2167699767108775 0.11327528276898578 0.12012329193223958 0.09461501868492847 0.12629348690810802 0.10194775449208719
0.0976679374856226 0.13304128541247034 0.1386499661954284 0.16630160676558792 0.08472860442637724 0.14534224931429393 0.08459690431119038 0.1496714460890291
0.1048960810043495 0.07077555841155804 0.23520461528075406 0.14155111682311608 0.084914349877252 0.08255183578897346 0.15670290507076748 0.12340353774322939
0.09587375677107215 0.14806412711130415 0.10287787768994286 0.12039545987259277 0.1102324972814594 0.19642220012162848 0.08165952930488898 0.14447455184711128
0.1041410921456132 0.080015620172479 0.2109331757234639 0.1388392588412362 0.0953662791267807 0.09095382856405541 0.15479541246925888 0.1249553329571126
0.10334042411942837 0.07354042474999273 0.24832034785023516 0.13597020619843067 0.09087971063426196 0.07397906798812677 0.15159663288093686 0.12237318557858759
0.11855734635691617 0.08392510878495076 0.1901586764762411 0.09754404822201973 0.13810997773052106 0.10964620541496978 0.14500577914795768 0.11705285786642368
0.08156493907766083 0.12341709035575418 0.11587700890995492 0.141895692268207 0.09957025547384024 0.1711578875673417 0.09624229562539259 0.1702748307218484
0.07613518346993327 0.12817691098805614 0.10183943550378673 0.14229712917705725 0.09396131665678038 0.19031889461965268 0.09651457457226494 0.1707565550124687
0.11493488240539848 0.08959130078920227 0.15184944944007656 0.09903925256633117 0.14188235562201792 0.1366271552674271 0.14722850082994904 0.11884710307959742
0.10678617493365461 0.0742561235910922 0.22909058832628273 0.13585646473396334 0.09958538499695535 0.08068462552125999 0.1514698196362248 0.122270818260567
0.10365710584950566 0.07219246842593668 0.25698985260027724 0.13411880319391806 0.09115006970740101 0.07165232065312648 0.1495324566953086 0.12070692287452622
0.11905026928115538 0.08320344262018617 0.1943049473947337 0.09678112895005925 0.13824979332197393 0.10840141528247853 0.1438716484093418 0.1161373547400711
0.10604544246694363 0.07267866241502094 0.24431562362692638 0.1337173187932296 0.09827886307967351 0.07553367115423593 0.1490848315500634 0.12034558691390662
0.10282753951029823 0.07156600187995943 0.2629958719045677 0.1331163295329309 0.09082898203452841 0.07044580518330248 0.14841477337477518 0.1198046965796378
0.1016688051792589 0.07109887626120255 0.2696728527592905 0.13237643086889725 0.08909264909035092 0.06936175647829637 0.14758984158069588 0.11913878778200755
0.10120809678588263 0.07088933564211714 0.272193249809961 0.13203537523840686 0.0885886772587613 0.069043837545693 0.1472095900046118 0.11883183771456618
0.1010108031818607 0.07079299810347886 0.2732668304169896 0.13187704051310462 0.08840702472085421 0.06892290799999361 0.14703305860192412 0.11868933646179416
0.11788638809668191 0.08263965547208697 0.19990882109535685 0.09622261545444863 0.13757190658024387 0.10726209416982734 0.14304138058601618 0.11546713854533834
0.10581252479255016 0.07235152292351521 0.24745600824248387 0.1331599882939216 0.09781485435317946 0.07509766229465707 0.1484634496351633 0.11984398946452944
0.13699569633664732 0.09502219348252518 0.22081876594963296 0.11048348654663959 0.12056348350642601 0.09350039382295973 0.12318084246319369 0.09943513789197563
0.08488316075483583 0.12380820467654141 0.12374220037423367 0.14066184393038364 0.09769269980965198 0.16501225315902426 0.0954054245788689 0.16879421271646036
0.10277840904609072 0.07781175439591026 0.22295445083601984 0.13807412451471107 0.09434706120188982 0.08582514314737848 0.15394234479475993 0.12426671206323994
0.13739048370454246 0.09617960481048805 0.2137894876975079 0.11128089604404494 0.12102742119632402 0.09610940556282288 0.12406989454462923 0.10015280643964043
0.09804492830728105 0.14273390324762464 0.1409489038950484 0.1619808397909282 0.08486508535331616 0.1432446346568417 0.08239894893712435 0.14578275581183536
0.10478907095721061 0.07065648924425177 0.23669084274175387 0.14131297848850355 0.0847870931951213 0.08212831926363351 0.15643927614518907 0.12319592996433643
0.09696344796154088 0.14671183838352908 0.10679246574684588 0.11919872138527608 0.11102794496287399 0.19541928747976337 0.08084782841783943 0.1430384656623313
0.10517792048130259 0.07908632351540439 0.2152114379034742 0.13718742768920447 0.09640438561055167 0.09051007587405364 0.15295374400572498 0.12346868492028402
0.10424937123434061 0.07249008148293762 0.2545068345305381 0.13401703677987986 0.09147830861440459 0.07322403951784297 0.14941899473816456 0.1206153331018919
0.10282297729272123 0.0711323174820763 0.26774269975790094 0.13229942973074227 0.08953167745227225 0.06989742046861228 0.14750399105800668 0.11906948675766803
0.10210909310628383 0.07072362740615645 0.2721726973484952 0.13169397791760284 0.08881845271389051 0.06912861391240122 0.14682895746932734 0.11852458012584255
0.10182169219814655 0.07058862167896389 0.2736751050700208 0.13148827764215687 0.08856803359914092 0.06891920292065777 0.14659961701297192 0.1183394498779412
0.10171355128463595 0.07054178124204391 0.27420098874080956 0.13141593698959017 0.0884801796073244 0.06885425626104866 0.1465189625839162 0.11827434329063116
0.11875795274401882 0.08237528010031006 0.20031690041487846 0.09591692824034767 0.1377480350460956 0.10719763355490781 0.1425869560110243 0.11510031388841721
0.08236267943170834 0.12223753834755033 0.11968385878451328 0.14060627649553467 0.10119185498949185 0.16982252479437124 0.09536773536218873 0.16872753179464156
0.11676346516141022 0.08834752052541887 0.15742700659530987 0.09810174856621659 0.143997177595099 0.13180614510999342 0.1458348381670921 0.1177220982794599
0.09496360346562575 0.1421611818766712 0.12833667337691473 0.1626368243801465 0.08867787498632809 0.15411805452662883 0.0827326454455528 0.14637314194213188
0.10464068758694067 0.07087825269742833 0.23291761837043132 0.14175650539485665 0.08534811998428346 0.08394594285666052 0.15693027866260076 0.12358259444679813
0.08128080900315536 0.12268459833278289 0.12743979360829014 0.14288342427294345 0.09293144439406531 0.16440758566740818 0.09691223559382252 0.17146010912753212
0.08902680447194085 0.1479070337260305 0.12195949404118554 0.1641912055233421 0.0811766205198737 0.1644434043717021 0.08352335237491751 0.14777208497100788
0.14081257242335288 0.09622964229391956 0.18793272294447527 0.11547557075270348 0.11507848973105662 0.11596378777242285 0.12783620368227652 0.10067101039979276
0.08592698570800396 0.12361237047480925 0.11698946454692107 0.14028456778941606 0.09690514715617637 0.1727904500419439 0.09514953293543003 0.16834148134729926
0.11768418252012422 0.08840364994616905 0.15654473718205514 0.0980263427481026 0.1427641669123128 0.13322256703961732 0.1457227423538958 0.11763161129772311
0.10794513990554674 0.07350430916131971 0.232365380736015 0.13452600271070292 0.10028778374709081 0.08031152753119188 0.1499864537685001 0.12107340243963263
0.10444794260003579 0.07155299394046759 0.26017121764932677 0.1329492175551629 0.09150277624642406 0.07149310021832944 0.148228455990607 0.1196542957996466
0.09325399252828877 0.14067805262965985 0.15267014758826233 0.1636515823805332 0.08088564809758447 0.13832530420483333 0.0832488484283582 0.14728642414247986
0.10497740251971314 0.07022087340326057 0.24148076011598046 0.14044174680652113 0.08397952992655992 0.08098850571664767 0.155474786859478 0.12243639465183893
0.09719880336730699 0.14636126905982091 0.10761197011200577 0.11894239775201274 0.11066344528842315 0.19581726299056326 0.0806739741274521 0.14273087730241527
0.13792163717409386 0.10325034018946025 0.17611552320517773 0.11193679792747668 0.12583832383681337 0.11939308333549511 0.12480117619675386 0.10074311813472901
0.1273887647732957 0.08456455279226763 0.17077867887243087 0.09531825942313639 0.14724675438743845 0.11862408383852709 0.14169699460514007 0.11438191130776365
0.10934825669008653 0.07273592704484712 0.23697350232962783 0.13356636947407016 0.10047045680574529 0.07777922080488471 0.14891653432407523 0.12020973252666314
0.0818904617332322 0.12245979129321613 0.1280603422635312 0.14230301175145268 0.09538749715392746 0.16261671721060744 0.09651856449228964 0.1707636141017432
0.10253808598109604 0.07753903741338983 0.22458756211619824 0.13772744169229395 0.09373634285170683 0.08636101310263322 0.1535558193196173 0.12395469752306455
0.10379629409568059 0.07214617958785574 0.2578906175797332 0.13356476389390695 0.09073017784457481 0.07274893527171983 0.14891474422201267 0.12020828750451626
0.08102664726162051 0.12241042355839807 0.1323079947797899 0.14232324180784936 0.09364498751748347 0.16096652915750684 0.09653228574793261 0.17078789016941923
0.10222295659026592 0.07743245025006688 0.22609785191363388 0.13753688488286434 0.09357721474292573 0.08600608252790463 0.15334336269776067 0.1237831963945779
0.10365814736647204 0.07208169642227256 0.25836415143853164 0.1334525253970624 0.09090246917536156 0.07264413066890539 0.14878960667403823 0.12010727285735616
0.102868549859035 0.07091603389108538 0.2690598369710772 0.13192652278898534 0.08947511126124515 0.06993184707166113 0.14708822764682394 0.11873387051008678
0.08080824118564131 0.12212243535450519 0.1345035381054326 0.14213573577778724 0.09359612191960798 0.15986593697874696 0.09640510774493395 0.17056288293334468
0.10211427440055178 0.07735793605779459 0.22687629882234975 0.1374370120279353 0.09350451839250291 0.08578463755601097 0.1532320119177129 0.12369331082514173
0.08079369526992998 0.1231414280604327 0.126037454443162 0.14249936038744362 0.09446731823012819 0.1654097710550963 0.0966517400888748 0.1709992324649323
0.10237029591027799 0.07762450810728275 0.2238590615844526 0.13779068861822355 0.09389340676923474 0.08682408433201809 0.15362633492210892 0.1240116197564012
0.10377341430366332 0.07214528222855258 0.2576115484003629 0.13354815472204432 0.09101923306144265 0.07281280179921801 0.14889622623487628 0.12019333924983991
0.10292966439036011 0.07093591658666457 0.2688110297649385 0.13195607254554648 0.08951442482774531 0.06997125317356946 0.14712117342018388 0.11876046529099181
0.10239169299821395 0.07058376752694112 0.2725137865416725 0.13143903780469354 0.08892856462671288 0.06930329820872673 0.14654471826881502 0.11829513402422417
0.11925977047024844 0.0822654442625155 0.1997169404062272 0.09577424140074263 0.1380914352650429 0.10758823607382519 0.14237484244050697 0.11492908968089115
0.10689896065506281 0.07203169524828346 0.24731500421211533 0.13255860817704157 0.09852518493698727 0.0755748437272167 0.14779295568395528 0.1193027473593374
0.10377076473556743 0.07105480562117042 0.2651440424148299 0.13218408678920218 0.09100144040220562 0.07050378964087085 0.14737539228587168 0.11896567811028197
0.10266710002839234 0.07066227905609751 0.2712663929159279 0.13157234582436278 0.08927506295798782 0.06944836121291849 0.14669334676238657 0.11841511124192651
0.10226156978067469 0.07050443845668895 0.27332213112352644 0.13132235557076716 0.08881448728192608 0.06917027148710964 0.14641462628561652 0.11819012001369046
0.10211633574121606 0.07044781757441236 0.2740080638013265 0.13123456476758713 0.08867890180355202 0.06908646192945422 0.14631674609162326 0.11811110829082841
0.1020656684480777 0.07042847369333491 0.2742366000425217 0.13120489116150721 0.08863665047841376 0.06905965189549589 0.14628366223529238 0.1180844020453565
0.09271357325817675 0.14022760449295024 0.15576273808529317 0.16327605012354426 0.08051639067141263 0.13749738145545629 0.08305781680197687 0.14694844511118985
0.1047349913103098 0.07011166410172298 0.24286590115702475 0.14022332820344596 0.08382534131228643 0.08075980699410527 0.15523298848733127 0.12224597843377343
0.09714951537299828 0.14624708129907774 0.10782030006123813 0.11885481993398953 0.1108609319134081 0.19582699397805567 0.08061457352044507 0.14262578392078742
0.07820035859592198 0.1282365494281377 0.0998696347066113 0.139020551424545 0.09545304253183963 0.19810300150684237 0.09429220009664792 0.16682466170945398
0.07581604063829481 0.1272422719733557 0.09904229893926844 0.14047018751843934 0.0935974395900512 0.19999210478421758 0.09527543153424582 0.16856422502212717
0.10202579251769449 0.07844445919415134 0.21394399865246327 0.13870235176489606 0.09458786637719543 0.09282064360910737 0.1546427712960856 0.12483211658840644
0.12028411024093538 0.0837426195759126 0.1837579046451598 0.09681286305662089 0.1412490872721559 0.11405915625112936 0.1439188232901409 0.11617543566794505
0.08271324178039459 0.12208674323310877 0.11614425957078339 0.14022565837178788 0.10256233750197398 0.17288739251320193 0.09510957698260397 0.16827079004614548
0.10250380257588802 0.08124947447104064 0.2192066990997587 0.13717614546943627 0.0955145946478757 0.08794958764086785 0.15294116517264011 0.12345853092249263
0.1199293815069012 0.08654375138541945 0.18477240173298495 0.0963183433010091 0.14117682426489236 0.11249359938817145 0.14318368645941051 0.1155820119612109
0.10721074585987363 0.07515392957846312 0.24156083085647148 0.13260997285699883 0.09977010088907165 0.07649522091889986 0.14785022346892257 0.11934897557129895
0.13792682991494423 0.09773916140405323 0.21831173829589 0.10962316452022476 0.12164261982159827 0.09387399036820974 0.12222164760687745 0.09866084806820227
0.10966750585810861 0.07533399323446437 0.25274144290839934 0.13081809896794647 0.09504199944075581 0.07280825271461226 0.1458524178045612 0.11773628907115183
0.0815690591102169 0.1260777383996581 0.13076746712517348 0.14134726967636868 0.09456004598632918 0.16019137404924827 0.09587032204136312 0.16961672361164243
0.10195733368639487 0.08141806917340833 0.22470705316049583 0.13679384594751778 0.09374287154139044 0.08575143540251054 0.15251492973551609 0.123114461352766
0.08042497617614654 0.1273567351705262 0.12514708947899972 0.14170283564361638 0.09443938904892112 0.164774083185954 0.09611148852349634 0.17004340277233965
0.08814518124441122 0.15488905647767934 0.12041339612324693 0.1623967129140204 0.08121525502319349 0.16417285480813287 0.08261050178669735 0.14615704162261836
0.10513938341204804 0.07094031687416756 0.23094204764604356 0.14188063374833512 0.08484941744137901 0.0854896981167711 0.15706769385245078 0.12369080890880499
0.08106901755362743 0.1257864136145314 0.1265673265662866 0.14198823647213948 0.09293226742492805 0.16496578986429458 0.09630506473762504 0.17038588376656735
0.13395105640835944 0.10703674237022769 0.1832372619951855 0.11244597713289527 0.12304028023053744 0.11371842943084148 0.1253688730123474 0.10120137941960572
0.11002722843674916 0.0771377252656625 0.24069682010191515 0.13236276723593912 0.09648855233084834 0.0765858084669187 0.1475746076496217 0.11912649051234522
0.1043492149574126 0.07372813278445839 0.2624367914596805 0.13194734389971954 0.09103929890651093 0.07063516685099207 0.14711144163147835 0.1187526095097476
0.11952867773046326 0.08500358959752957 0.19651429016748792 0.09551458448834717 0.1390883928002691 0.10774411882929887 0.14198884500058773 0.1146175013860166
0.10674540779588601 0.07471125301350653 0.24561397290950387 0.1320830025030381 0.09920130454104456 0.07550766613388464 0.14726269085040217 0.11887470225273428
0.10352923699095068 0.07337643782754712 0.26411200728779927 0.13174636493500888 0.09140138776592442 0.07037547166700553 0.14688736508425615 0.11857172844150798
0.10239613617871512 0.0729016083968406 0.27049264709625237 0.13112597549392546 0.08957492243426986 0.06929965530029623 0.14619567715516762 0.1180133779445329
0.1189353489222788 0.08480770006854568 0.19873574913991418 0.09539398569764275 0.13852571473151354 0.10731915180464689 0.14180956679828682 0.1144727828371713
0.14050986717678998 0.09842848754845233 0.2030656047010589 0.10878504603449643 0.13059478437885907 0.09942246068785032 0.12128720804144602 0.0979065414310468
0.11056452206047789 0.07563705234649869 0.24721688150211452 0.13120676620742433 0.09713863858838914 0.07386429693685241 0.14628575277156114 0.11808608958668189
0.10422271317238838 0.07339866692819245 0.2645703878436016 0.1316094328772655 0.09094637879611739 0.0700692347342131 0.14673469605868258 0.11844848958953898
0.10251816725622173 0.07288824892558156 0.27063308949742326 0.13109619619592733 0.08947474853378336 0.06924049755449267 0.1461624754602354 0.11798657657633459
0.08043206770131352 0.12566752970967793 0.13439392403798675 0.14135636562211282 0.09363787983014724 0.15900810288679312 0.09587649146543306 0.1696276387465354
0.10160886420932906 0.08128644786704346 0.22600012046362017 0.13663425566926093 0.0935871875847745 0.08557529561865511 0.15233699848498194 0.12297083010233482
0.13713323918252782 0.09912353792647227 0.21398855065351796 0.11030324908287481 0.12096445484055673 0.09623415299781002 0.12297989114165295 0.09927292417458732
0.10965657451995754 0.07558015581515268 0.2512715079543807 0.13100909015973225 0.09519535072138532 0.07331378095530407 0.14606535873032833 0.11790818114375902
0.09376112181156902 0.14496548001252887 0.14997034582140953 0.16246652684698557 0.08164629549109041 0.13832434002327185 0.08264601583085787 0.146219874162287
0.11938316772914082 0.07979036733363193 0.16454118392358996 0.09574844080035833 0.13691800978670737 0.13195162736206298 0.1519816520640608 0.11968555100044788
0.09725385665935309 0.1482419919800628 0.09224644609711517 0.1151108100563226 0.12004483978267765 0.21089392523172362 0.07807515812515793 0.13813297206758712
0.13698852346095916 0.10889631668628141 0.16948635470526374 0.11078841021277701 0.12839685560561814 0.12221316054216198 0.12352080959543943 0.09970956919149929
0.08470563973313307 0.12970260255516464 0.11239969636552637 0.1387268487549538 0.09947876642039609 0.17442123459630407 0.09409299306857738 0.16647221850594457
0.13492066152656682 0.10753122003101592 0.17828504302842002 0.11235468687066717 0.1246105318281634 0.11591154734889693 0.12526709118266924 0.10111921818360045
0.11035144637394663 0.07726871471474915 0.23888535041358552 0.13249428388290752 0.09688211306395493 0.0771519971599233 0.14772123889631628 0.11924485549461677
0.08168731310488707 0.12643742767279492 0.1279545459424831 0.14139768648145715 0.09503584804949981 0.16190543718370617 0.09590451778742312 0.16967722377774858
0.10202429779376941 0.08148552722625219 0.22361446830869297 0.13682962707520926 0.09407560047643308 0.08626899172929607 0.1525548230226587 0.12314666436768834
0.10341051682941975 0.07470509391983579 0.2569889603053311 0.13297245596418195 0.09131707361334569 0.07267632391766841 0.1482543650824536 0.11967521036776377
0.10260492120303195 0.07320747050563034 0.2681348992003997 0.13144988565926766 0.08984811269484563 0.06989300082636014 0.1465568128171238 0.11830489709334088
0.10208196445691536 0.07278965090725009 0.27183718837782755 0.13094638427607444 0.08926516252718754 0.06923245725668473 0.1459954463495934 0.11785174584846698
0.10185884530478972 0.07266091663234574 0.2730687166518442 0.1307828318648273 0.08905688827162642 0.06905415497976544 0.1458130976164567 0.11770454867834457
0.1187322398533928 0.08471892775956195 0.19940266056397424 0.09531904528355876 0.13841557893503298 0.10733053042476907 0.14169816283943962 0.11438285434027053
0.1403913160607718 0.09836445223119213 0.20321520817574298 0.10871962184262819 0.13068038122166742 0.09956709585971675 0.12121426494991529 0.09784765965836535
0.11051129142876237 0.0756047255940229 0.2472240891323252 0.13115224730633382 0.09724915216702601 0.07399650353040944 0.14622496826541992 0.11803702257570044
0.10419256585839866 0.0733778794195854 0.264540767719722 0.13157235561139308 0.09103720382882932 0.0701707498376228 0.14669335767419497 0.11841512005025377
0.10249528756197172 0.07287084370571945 0.27059443874963407 0.13106368134154803 0.08955823382202732 0.06933397778762194 0.14612622382408413 0.11795731320739324
0.10197828651309278 0.07269483658091083 0.2726475788785628 0.1308308965689938 0.08914066721085186 0.06909324116080937 0.14586668617468412 0.11774780691209444
0.10181205981673092 0.07263215738892212 0.2733375058683905 0.13074650413520025 0.08901161058269276 0.06901571357743587 0.14577259490894717 0.11767185372168024
0.1017574105375094 0.07261045383379265 0.27356861951359035 0.13071753984841109 0.08896998092096954 0.06898990759146582 0.14574030189069115 0.11764578586356997
0.08027183953390218 0.1255501921002343 0.1349409051084079 0.1412679854215956 0.09358149273589919 0.1590494559602682 0.09581654663377788 0.1695215825059147
0.11565056767889849 0.09253580580227108 0.1609951039833402 0.09721973272212012 0.1422950589586717 0.13011638921318158 0.14452366237497258 0.11666367926654414
0.08142662901628148 0.12718294188338164 0.11085638001495454 0.139137947800278 0.10257826379616772 0.17748047466406666 0.0943718254645364 0.1669655373603336
0.10231140842538024 0.08183490783748128 0.2171323742729976 0.13723884872799563 0.09598820257842877 0.08896821967593439 0.15301107462658617 0.12351496385519607
0.10364211271167378 0.07486600703455132 0.254731050634173 0.13319868706576313 0.09197675171628086 0.07319997660057248 0.14850659587779858 0.11987881835918682
0.11947366468579855 0.08522224014955407 0.19437319317192717 0.09561839371767097 0.13984589550102625 0.10858137592057873 0.14214316439223923 0.11474207246120516
0.08219366615345279 0.12612178536114665 0.11779198037467457 0.13930255995108753 0.10241748161013726 0.1705259791631108 0.09448347544508545 0.16716307194130503
0.08829181125730531 0.15432822013207015 0.11851370737196146 0.16197312894668686 0.08272673743544812 0.16599555234032584 0.08239502646418419 0.14577581605201817
0.09719833502680848 0.13741167836801874 0.12653254989582935 0.16489401404162243 0.07777487400661988 0.16618253933124827 0.08625225349869484 0.14375375583115804
0.10219049634044472 0.14112290373545427 0.09901840950214433 0.12701061336190886 0.11404974511398032 0.24514350390749054 0.09525796002143165 0.07620636801714531
0.07720952248578214 0.1319430132085276 0.09588741675637273 0.13515098835772013 0.09480498064952761 0.21115526562669978 0.09166762688610583 0.16218118602926412
0.10173015735035645 0.0825864386105239 0.21144533026712822 0.13759494869296982 0.09486740905207168 0.09453216269036904 0.15340809951290812 0.12383545382367284
0.10369627673280891 0.07507012139178383 0.2527948313359039 0.1334310276049627 0.09197639544128718 0.07417778440862713 0.1487656382401599 0.12008792484446643
0.10277246338370584 0.073322500025441 0.26669367766679125 0.13159216556703293 0.09026280602588344 0.07020799402443743 0.14671544429637848 0.11843294901032964
0.10213868060047543 0.0728153700868851 0.2713188850857515 0.13096907888166454 0.08955452707147281 0.0693105381390535 0.1460207491411991 0.11787217099349809
0.1018641172846296 0.07265626065680121 0.2728584163318854 0.13076535237430292 0.08929638526794173 0.06907704165860497 0.14579360928896162 0.11768881713687263
0.1186958755525664 0.08468801159354435 0.19929207469545251 0.09528122151985619 0.1387376401285106 0.1073257754119487 0.14164193527429367 0.11433746582382742
0.10642957604896773 0.07456560717862429 0.2464778113290574 0.13186001093733712 0.09946716413255535 0.07551174863404743 0.1470140718958072 0.1186740098436034
0.10339179783205475 0.0733010594365536 0.2643246155759527 0.13162337813034317 0.09170790287215756 0.07043996186045585 0.14675024397517364 0.11846104031730885
0.10231944149425075 0.07285176454016641 0.270492961899072 0.13103841399585528 0.0898832794108329 0.06938151344429351 0.14609805261925954 0.11793457259626976
0.10192229954183667 0.07267538156605832 0.27257538597287084 0.13079379166999244 0.08939131233843041 0.06910209942649842 0.14582531698131992 0.11771441250299321
0.10177896108808707 0.07261145388808424 0.2732736558422696 0.1307070982351312 0.08924611129873924 0.06901767096496175 0.14572866027110898 0.11763638841161808
0.10172861827149814 0.07258935120171617 0.2735073345353484 0.1306776177889844 0.0892008614467856 0.06899056897189276 0.14569579177368855 0.11760985601008594
0.11864876410698966 0.08466858060384122 0.1994652453013643 0.09526699280073143 0.13871745183510575 0.10729179066343551 0.1416207833276545 0.11432039136087772
0.12201465146913794 0.08549006204716163 0.1766751939970959 0.09448889429751206 0.15205188594193558 0.1154285514478708 0.14046408764227167 0.11338667315701446
0.08247440976484864 0.12595097435498798 0.11407110903682037 0.13903981905629437 0.1046689661456138 0.17264167019656892 0.09430526857731271 0.16684778286755322
0.10240947834470147 0.08160711071395439 0.21823821910981472 0.13706106227971457 0.09634768019037959 0.08816863730529394 0.15281285600439817 0.12335495605174311
0.10361336870532854 0.07480499325723423 0.2550808164214445 0.13312576346871138 0.09206903354323094 0.0730675459730648 0.14842529150914538 0.11981318712184025
0.11944249676320676 0.08519565491690308 0.19444580509752116 0.09559431103760795 0.13994562637151634 0.10855556869728297 0.14210736387083212 0.11471317324512953
0.10672973066028256 0.07472195363934557 0.2447777464009955 0.1320510086278648 0.09984649084957793 0.07580014198966867 0.14722702006718658 0.11884590776507833
0.13760061789360473 0.09751845340444211 0.21914439648528086 0.10942196217390665 0.12208946944809995 0.0937480126323165 0.12199732200583323 0.09847976595651597
0.10950909344430962 0.07522903601975386 0.25289802920273347 0.1306485179643923 0.09560360652670906 0.07286470303325152 0.14566334764089708 0.11758366616795309
0.1206500949162072 0.08508298439528995 0.19355515250391986 0.09538974762847031 0.14073551036102114 0.10831554641711161 0.14180326662381557 0.11446769715416437
0.10698608179918957 0.07471111825836732 0.24442137465320138 0.13204827513518982 0.09999920512859856 0.07576652497693655 0.14722397242684596 0.11884344762167084
0.1376737790404503 0.09751915351854187 0.21902775786306877 0.10942432784313508 0.12212966571084337 0.09374346141465882 0.12199995955048044 0.09848189505882156
0.12611529844767302 0.08662500134598933 0.18196981223864328 0.094024706599977 0.146792648646 0.11186884334864469 0.13977404145310013 0.1128296479199724
0.10834307508694052 0.07500470664143044 0.24008542954485254 0.13226647849308273 0.10134069537139068 0.07645253133146492 0.14746725288706386 0.11903983064377445
0.13812649508439306 0.09761896918370837 0.21766745510626953 0.10949506048002801 0.12253177782887086 0.09393586672264385 0.12207882116206108 0.09854555443202519
0.10965954695456093 0.07526832316739535 0.25237708480536386 0.13070045738174677 0.09572222405520121 0.07292069577698837 0.1457212562151714 0.1176304116435721
0.12069381622192882 0.0850935932091597 0.19341055999560508 0.09539704088630695 0.14077864964235892 0.10833578243963683 0.1418141085414354 0.11447644906356831
0.10699933044105316 0.07471514634109777 0.2443700963348245 0.13205363271967382 0.10001108871741457 0.07577249026450382 0.1472299457337259 0.11884826944770645
0.10356818093173197 0.0733594691006682 0.263601332863483 0.13170370073403356 0.09187453551522563 0.07051965251016333 0.14683979768406427 0.1185333306606302
0.11923426164738596 0.08487250304179644 0.19671820987868574 0.09540551366418248 0.1396739988980295 0.10778219257808638 0.14182670389481455 0.11448661639701899
0.12218030129104807 0.08553309433864187 0.17588847193857 0.0945115487705774 0.15240900448217393 0.11556595561624355 0.14049776503805236 0.11341385852469285
0.09533590406645955 0.1455533666349801 0.13163502389262297 0.16066926301614076 0.0908071581300242 0.14966519201094805 0.08173175553429769 0.14460233671452666
0.11866371983902728 0.09765193074030869 0.15926622390663003 0.09654934792144296 0.14103860665185586 0.12744386309208247 0.1435270903429212 0.11585921750573154
0.12238536876204033 0.0894424745397903 0.16515900647552323 0.0947628152501284 0.15323040300402385 0.12043326413232794 0.14087128953601177 0.11371537830015409
0.10793387863638618 0.07728489296086605 0.2338774331703722 0.13265831989657403 0.10293168657560213 0.0780171740432218 0.1479041268100609 0.11939248790691663
0.10392760151311152 0.0752014440084577 0.2597850110850402 0.1318618722702551 0.09257181602990451 0.07096042290689605 0.14701614714310526 0.11867568504322956
0.10242622132095038 0.07445425967130764 0.26874405031543974 0.1309718952927314 0.09005759079605366 0.06944738761070018 0.14602388922935874 0.11787470576345827
0.10185846744229354 0.07416993185998313 0.2717726396411778 0.13061375344571702 0.08936482383843744 0.06904341787430444 0.1456245877969412 0.11755237810114531
0.10165199775186995 0.0740679451644608 0.27278988151115996 0.1304879898454586 0.08915760278071606 0.06892102131742545 0.14548437076799636 0.11743919086091273
0.1354218558599827 0.09869782755946391 0.2275803419491147 0.10869068480189056 0.11877499218494178 0.09183067901393124 0.12118200230897352 0.0978216163217015
0.10864280202908243 0.07692692611645538 0.2555503936345173 0.13001037096294607 0.0946276399188153 0.07228067211433695 0.14495186135719507 0.11700933386665147
0.10340010528891894 0.07465427745130469 0.26710333916963735 0.13093589061865954 0.09043932202494695 0.06964101718505422 0.14598374670468459 0.1178423015567936
0.08034903297433005 0.12802336302714729 0.13339751648774373 0.1408607657416117 0.09388167375483741 0.15891438366486807 0.09554034545952793 0.169032918889934
0.07575484788145563 0.13736503279680568 0.10518023790969741 0.13943323915168537 0.0934490931898544 0.18692555205516198 0.09457211003331704 0.16731988698202244
0.13228812610685925 0.11202303620699611 0.17562001098207664 0.1121616122134506 0.12347634580489515 0.1184335903451873 0.12505182734842926 0.10094545099210554
0.10966939143826503 0.07978610331411283 0.23754755862701726 0.13218306107694827 0.09701127132882797 0.07746361055232091 0.14737424869325425 0.11896475496925345
0.10418216276771251 0.07542496466821785 0.2610503263007809 0.13172392499252 0.09139794474340414 0.07080679781109289 0.14686234622300365 0.11855153249326802
0.08049707135936056 0.1282257979102762 0.13219501703456366 0.14092286800972367 0.0941074345437809 0.15936190253272714 0.09558246699789955 0.1691074416116684
0.11537443667464715 0.09545131894218707 0.15977707185613674 0.0968607216411511 0.14235950038676992 0.12995411623929917 0.14398996829042762 0.11623286596938132
0.1068164398762688 0.07830187673199661 0.23234837358492438 0.13319530936387347 0.10123112501118116 0.07972826701201056 0.14850282999225892 0.1198757784274861
0.1037749502033739 0.07538365357212426 0.2593255304273561 0.1319766691140041 0.09234549848287506 0.07127055894070598 0.1471441370569568 0.1187790022026037
0.1024125727495706 0.07448944204314138 0.2685970887355152 0.1309970746192217 0.09004882624643229 0.06950566614947815 0.14605196229934117 0.11789736715729952
0.10185924401409467 0.07417670710247294 0.2717221061923319 0.1306182839673578 0.089383118555848 0.06905444560680084 0.14562963899047204 0.11755645557062203
0.10165205207687393 0.07406852321467118 0.2727702364962901 0.13048722036044197 0.08917747101150002 0.06892248566619791 0.1454835128496271 0.11743849832439777
0.13541921532711637 0.09869573508136277 0.22757053669403288 0.10868790167585153 0.11879958787610463 0.09182901250612943 0.12117889933113596 0.09781911150826636
0.14347891046880998 0.10159313521438677 0.21093125983559502 0.10731060024317661 0.12500603339331537 0.0954572096084648 0.11964331101739241 0.09657954021885894
0.1458170863314227 0.10213310866606612 0.2054274566792268 0.10737410649350415 0.1266442073864356 0.09625322285195559 0.1197141157472352 0.09663669584415371
0.11131023897480517 0.07768858149970477 0.24750292276973998 0.13057235059804434 0.09655843356068489 0.07327393034722997 0.1455784267115509 0.11751511553823991
0.1041674612987419 0.07490746093812825 0.2643328805389994 0.13122944036466017 0.09100670114597353 0.06993852662052479 0.1463110327647778 0.11810649632819414
0.10232930581404735 0.07430877957367431 0.2702568887715633 0.13076719939108958 0.08965711891920913 0.06919455950359422 0.14579566857484164 0.1176904794519806
0.1017899405445896 0.07411563399311692 0.27227436132842303 0.13054492051652467 0.08926477096380583 0.06897209997099019 0.1455478442176775 0.1174904284648722
0.0800736997897947 0.12788226737464914 0.1344241751224204 0.14081967572655932 0.0936529589964426 0.1586511364080746 0.09551247571018807 0.16898361087187116
0.1329307262510916 0.11001798204811433 0.18502841811297527 0.11169617513208195 0.12301219342875855 0.11225504767129095 0.12453289973681374 0.10052655761887373
0.10950203958844104 0.07931755363871702 0.24084668957488833 0.13179724465160564 0.09666161210287354 0.07631324808576162 0.14694409217126775 0.11861752018644506
