Action: 0
[0.1583977956234416, 0.1041432502383636, 0.2657305875043225, 0.09434423915159504, 0.09435140984264684, 0.09434423933644019, 0.09434423915159504, 0.09434423915159504]
[0.25454391587481007, 0.09348945517609533, 0.13930166877052372, 0.09348945517609533, 0.13870713947418956, 0.09348945517609533, 0.09348945517609533, 0.09348945517609533]
[0.2921338733610513, 0.09652048603564711, 0.12874043922387388, 0.09652048603564697, 0.09652310185469386, 0.09652064141779304, 0.09652048603564697, 0.09652048603564697]
[0.125, 0.125, 0.125, 0.125, 0.125, 0.125, 0.125, 0.125]
[0.13357446880636484, 0.09580896187069982, 0.2875265325820586, 0.09580896187069982, 0.09580896333094878, 0.09985418779782848, 0.09580896187069982, 0.09580896187069982]
[0.11911302933079587, 0.11972117919172354, 0.28962989096157477, 0.09430718010318118, 0.09430718010318118, 0.09430718010318118, 0.09430718010318118, 0.09430718010318118]
[0.125, 0.125, 0.125, 0.125, 0.125, 0.125, 0.125, 0.125]
[0.125, 0.125, 0.125, 0.125, 0.125, 0.125, 0.125, 0.125]

Action: 1
[0.09649633706611858, 0.09649633706611858, 0.09649633706611858, 0.09649633706611858, 0.16115669307515657, 0.259865284528132, 0.09649633706611858, 0.09649633706611858]
[0.1111111111111111, 0.1111111111111111, 0.1111111111111111, 0.1111111111111111, 0.1111111111111111, 0.2222222222222222, 0.1111111111111111, 0.1111111111111111]
[0.09639841978691863, 0.09639841978691863, 0.09639841978691863, 0.09639841978691863, 0.23034208125123723, 0.19126740002725107, 0.09639841978691863, 0.09639841978691863]
[0.125, 0.125, 0.125, 0.125, 0.125, 0.125, 0.125, 0.125]
[0.0975061345364022, 0.15025554084093243, 0.0975061345364022, 0.0975061345364022, 0.0975061345364022, 0.2647076519406545, 0.0975061345364022, 0.0975061345364022]
[0.12057877079486046, 0.0928884037821464, 0.0928884037821464, 0.0928884037821464, 0.14424224720309883, 0.2707369630913086, 0.0928884037821464, 0.0928884037821464]
[0.125, 0.125, 0.125, 0.125, 0.125, 0.125, 0.125, 0.125]
[0.125, 0.125, 0.125, 0.125, 0.125, 0.125, 0.125, 0.125]

