Action: 0
[0.10760121743066456, 0.10562415260763779, 0.2586386994705579, 0.10562415260763779, 0.10563932006058871, 0.10562415260763779, 0.10562415260763779, 0.10562415260763779]
[0.11137205027274368, 0.10266688344710587, 0.25276646102913525, 0.10266688344710587, 0.10266688344710587, 0.12252707146259181, 0.10266688344710587, 0.10266688344710587]
[0.2104059511492499, 0.10515889672120246, 0.15314923876543768, 0.10515889672120246, 0.11065032647930007, 0.10515889672120246, 0.10515889672120246, 0.10515889672120246]
[0.125, 0.125, 0.125, 0.125, 0.125, 0.125, 0.125, 0.125]
[0.10609387751844444, 0.10497463199141294, 0.15329834507848764, 0.10497463199141294, 0.11075998545458633, 0.20994926398282984, 0.10497463199141294, 0.10497463199141294]
[0.10515027492905991, 0.10504821318361374, 0.25817665596303496, 0.10504821318361374, 0.11143200314686356, 0.10504821322658663, 0.10504821318361374, 0.10504821318361374]
[0.125, 0.125, 0.125, 0.125, 0.125, 0.125, 0.125, 0.125]
[0.125, 0.125, 0.125, 0.125, 0.125, 0.125, 0.125, 0.125]

Action: 1
[0.10590289877346275, 0.10590140192319054, 0.10590140192319054, 0.10590140192319054, 0.21180308882833104, 0.15278700278225352, 0.10590140192319054, 0.10590140192319054]
[0.1111111111111111, 0.1111111111111111, 0.1111111111111111, 0.1111111111111111, 0.2222222222222222, 0.1111111111111111, 0.1111111111111111, 0.1111111111111111]
[0.10590087704338111, 0.10590087704338111, 0.10590087704338111, 0.10590087704338111, 0.10590633338634667, 0.2586884043533667, 0.10590087704338111, 0.10590087704338111]
[0.125, 0.125, 0.125, 0.125, 0.125, 0.125, 0.125, 0.125]
[0.10566509389819785, 0.10566509389819785, 0.10566509389819785, 0.10566509389819785, 0.10735752394332818, 0.25865191266748466, 0.10566509389819785, 0.10566509389819785]
[0.10587889894254028, 0.10587889894254028, 0.10587889894254028, 0.10587889894254028, 0.10603852669747038, 0.258688079647288, 0.10587889894254028, 0.10587889894254028]
[0.125, 0.125, 0.125, 0.125, 0.125, 0.125, 0.125, 0.125]
[0.125, 0.125, 0.125, 0.125, 0.125, 0.125, 0.125, 0.125]

