Action: 0
[0.14564627589003185, 0.10631139505157987, 0.21648456743230998, 0.10631139505157987, 0.10631218141975891, 0.10631139505157987, 0.10631139505157987, 0.10631139505157987]
[0.1068350623709704, 0.1068350623709704, 0.2521545634032071, 0.1068350623709704, 0.1068350623709704, 0.1068350623709704, 0.1068350623709704, 0.1068350623709704]
[0.10537764651901947, 0.1052527573839919, 0.25003841499164836, 0.1052527573839919, 0.11832015156937274, 0.1052527573839919, 0.1052527573839919, 0.1052527573839919]
[0.125, 0.125, 0.125, 0.125, 0.125, 0.125, 0.125, 0.125]
[0.14456787050813452, 0.1051684072325764, 0.2244216860963726, 0.1051684072325764, 0.10516840723261091, 0.1051684072325764, 0.1051684072325764, 0.1051684072325764]
[0.2238021009369508, 0.10434585132467514, 0.10978919711423517, 0.10434585132467514, 0.14467944532543825, 0.10434585132467514, 0.10434585132467514, 0.10434585132467514]
[0.125, 0.125, 0.125, 0.125, 0.125, 0.125, 0.125, 0.125]
[0.125, 0.125, 0.125, 0.125, 0.125, 0.125, 0.125, 0.125]

Action: 1
[0.10515700361009375, 0.10515700361009375, 0.10515700361009375, 0.10515700361009375, 0.14455270612021848, 0.22450527221921907, 0.10515700361009375, 0.10515700361009375]
[0.10670517302294207, 0.10670517302294207, 0.10670517302294207, 0.10670517302294207, 0.10670517302294207, 0.2530637888394055, 0.10670517302294207, 0.10670517302294207]
[0.1183194968385654, 0.10525436566807203, 0.10525436566807203, 0.10525436566807203, 0.10536970142812777, 0.25003897339294684, 0.10525436566807203, 0.10525436566807203]
[0.125, 0.125, 0.125, 0.125, 0.125, 0.125, 0.125, 0.125]
[0.1068350623709704, 0.1068350623709704, 0.1068350623709704, 0.1068350623709704, 0.1068350623709704, 0.2521545634032071, 0.1068350623709704, 0.1068350623709704]
[0.10635292202585965, 0.10635292202585965, 0.10635292202585965, 0.10635292202585965, 0.10989168614151847, 0.2519907817033238, 0.10635292202585965, 0.10635292202585965]
[0.125, 0.125, 0.125, 0.125, 0.125, 0.125, 0.125, 0.125]
[0.125, 0.125, 0.125, 0.125, 0.125, 0.125, 0.125, 0.125]

