Action: 0
[0.18662283143685213, 0.1750735093272419, 0.13143593475076468, 0.08753470546692682, 0.10626569055484021, 0.13799791752952056, 0.08753470546692682, 0.08753470546692682]
[0.11038313224274693, 0.09458849605115939, 0.31553545665001564, 0.09458849605115939, 0.10113893085144043, 0.09458849605115939, 0.09458849605115939, 0.09458849605115939]
[0.212298636348862, 0.09032184732015199, 0.208416149570302, 0.09032184732015196, 0.1207691646404165, 0.09722866015981174, 0.09032184732015196, 0.09032184732015196]
[0.125, 0.125, 0.125, 0.125, 0.125, 0.125, 0.125, 0.125]
[0.17716114653564077, 0.08843571498631604, 0.22910487202245464, 0.08843569421767158, 0.14849462623534998, 0.09149655756722393, 0.08843569421767158, 0.08843569421767158]
[0.09759954744619785, 0.11889824258189659, 0.3118231579694159, 0.09363465957980538, 0.09683390873182995, 0.09394116453124356, 0.09363465957980538, 0.09363465957980538]
[0.125, 0.125, 0.125, 0.125, 0.125, 0.125, 0.125, 0.125]
[0.125, 0.125, 0.125, 0.125, 0.125, 0.125, 0.125, 0.125]

Action: 1
[0.12208308742158154, 0.08982418364496535, 0.08982418364496535, 0.08982418364496535, 0.14987903106720588, 0.27891696328638593, 0.08982418364496535, 0.08982418364496535]
[0.1111111111111111, 0.1111111111111111, 0.1111111111111111, 0.1111111111111111, 0.2222222222222222, 0.1111111111111111, 0.1111111111111111, 0.1111111111111111]
[0.12546796943517208, 0.09101256067520652, 0.09101256067520652, 0.09101256067520652, 0.11821160751762953, 0.3012576196711659, 0.09101256067520652, 0.09101256067520652]
[0.125, 0.125, 0.125, 0.125, 0.125, 0.125, 0.125, 0.125]
[0.09408032535741352, 0.09301406109711609, 0.09301406109711609, 0.09301406109711609, 0.17460789827820708, 0.26624147087879885, 0.09301406109711609, 0.09301406109711609]
[0.10104309834041876, 0.09424503027189834, 0.09424503027189834, 0.09424503027189834, 0.11328057900587471, 0.3144511712942148, 0.09424503027189834, 0.09424503027189834]
[0.125, 0.125, 0.125, 0.125, 0.125, 0.125, 0.125, 0.125]
[0.125, 0.125, 0.125, 0.125, 0.125, 0.125, 0.125, 0.125]

