Action: 0
[0.1583447096132921, 0.09696554808658193, 0.10799531643444166, 0.09696554769107905, 0.21472234676968438, 0.1310754360227628, 0.09696554769107905, 0.09696554769107905]
[0.10336852887235996, 0.10336852887235996, 0.17126260823089706, 0.10336852887235996, 0.20852621853494313, 0.10336852887235996, 0.10336852887235996, 0.10336852887235996]
[0.10086829647577235, 0.10086827341563627, 0.17027519743158367, 0.10086827341563627, 0.2179194329874943, 0.10746397944260468, 0.10086827341563627, 0.10086827341563627]
[0.125, 0.125, 0.125, 0.125, 0.125, 0.125, 0.125, 0.125]
[0.10081367748188959, 0.10071452342957024, 0.2328026633672838, 0.10071451817583826, 0.1626394943589475, 0.10088608683479407, 0.10071451817583826, 0.10071451817583826]
[0.1583532585515628, 0.09862420128982922, 0.2184011288114239, 0.09862406789028971, 0.1301202601488952, 0.0986289475274198, 0.09862406789028971, 0.09862406789028971]
[0.125, 0.125, 0.125, 0.125, 0.125, 0.125, 0.125, 0.125]
[0.125, 0.125, 0.125, 0.125, 0.125, 0.125, 0.125, 0.125]

Action: 1
[0.10108153658724874, 0.10101267272558592, 0.10101267272558592, 0.10101267272558592, 0.12732144178171195, 0.26653365800310963, 0.10101267272558592, 0.10101267272558592]
[0.1111111111111111, 0.1111111111111111, 0.1111111111111111, 0.1111111111111111, 0.2222222222222222, 0.1111111111111111, 0.1111111111111111, 0.1111111111111111]
[0.11555503696765171, 0.09884807025701015, 0.09884807025698032, 0.09884807025698032, 0.12965148933720752, 0.26055312241020945, 0.09884807025698032, 0.09884807025698032]
[0.125, 0.125, 0.125, 0.125, 0.125, 0.125, 0.125, 0.125]
[0.10188705525260298, 0.10188705525260298, 0.10188705525260298, 0.10188705525260298, 0.11662627011409, 0.2720513983702922, 0.10188705525260298, 0.10188705525260298]
[0.10205173041044531, 0.10205173041044531, 0.10205173041044531, 0.10205173041044531, 0.11504770335966526, 0.2726419141776629, 0.10205173041044531, 0.10205173041044531]
[0.125, 0.125, 0.125, 0.125, 0.125, 0.125, 0.125, 0.125]
[0.125, 0.125, 0.125, 0.125, 0.125, 0.125, 0.125, 0.125]

