0.125 0.125 0.125 0.125 0.125 0.125 0.125 0.125
0.125 0.125 0.125 0.125 0.125 0.125 0.125 0.125
0.1371527777777778 0.1232638888888889 0.1232638888888889 0.1232638888888889 0.1232638888888889 0.1232638888888889 0.1232638888888889 0.1232638888888889
0.13662229938271608 0.12138310185185186 0.12138310185185186 0.12138310185185186 0.13507908950617287 0.12138310185185186 0.12138310185185186 0.12138310185185186
0.13472074867112482 0.11954049318415638 0.11954049318415638 0.11954049318415638 0.13454928090706447 0.13302750450102882 0.11954049318415638 0.11954049318415638
0.13293271212674432 0.11796374005217489 0.11796374005217489 0.11796374005217489 0.13291366015295983 0.14433492745942172 0.11796374005217489 0.11796374005217489
0.13105384189595745 0.11628354054854143 0.11628354054854143 0.11628354054854143 0.142632159610622 0.14489629575071356 0.11628354054854143 0.11628354054854143
0.12945028688875138 0.11488874890031167 0.11488874890031167 0.11488874890031167 0.15249317963818884 0.14361278897150145 0.11488874890031167 0.11488874890031167
0.125 0.125 0.125 0.125 0.125 0.125 0.125 0.125
0.12891383318234623 0.11502494429345736 0.11502494429345736 0.11502494429345736 0.14798072267518347 0.14798072267518347 0.11502494429345736 0.11502494429345736
0.12294471218506689 0.12294471218506689 0.12294471218506689 0.12294471218506689 0.13938701470453174 0.12294471218506689 0.12294471218506689 0.12294471218506689
0.1266000464282198 0.11293952285210124 0.1266000464282198 0.11293952285210124 0.14968838337924484 0.14535343235591058 0.11293952285210124 0.11293952285210124
0.13522933252247632 0.12116266069711856 0.12116266069711856 0.12116266069711856 0.13779470329481244 0.12116266069711856 0.12116266069711856 0.12116266069711856
0.12661076505949617 0.11158528366810991 0.13560440094757195 0.11158528366810991 0.14791433729978629 0.14352936202070604 0.11158528366810991 0.11158528366810991
0.1332615507791108 0.11919368799472237 0.11919368799472237 0.11919368799472237 0.13562861436136528 0.13514139488591193 0.11919368799472237 0.11919368799472237
0.12528057906136422 0.11047374008590746 0.13410253095633548 0.11047374008590746 0.1526186706723035 0.14610325896636706 0.11047374008590746 0.11047374008590746
0.13143993919082286 0.11751987485067128 0.11751987485067128 0.11751987485067128 0.13447750492537167 0.14648318163044918 0.11751987485067128 0.11751987485067128
0.12318366848353844 0.12163699466796603 0.13187620727724547 0.10857923079566922 0.15036646822486735 0.14719896895937493 0.10857923079566922 0.10857923079566922
0.12070758734306614 0.12053573469689141 0.13316346891455477 0.10702051306711742 0.15870270398466796 0.14582896585946736 0.10702051306711742 0.10702051306711742
0.12972534857806567 0.11631339442883612 0.11631339442883612 0.11631339442883612 0.13394702820491033 0.15476065107284337 0.11631339442883612 0.11631339442883612
0.12187930800468422 0.12038909087699204 0.1305231858662621 0.10746538038489914 0.156544831960719 0.1482674421366453 0.10746538038489914 0.10746538038489914
0.12917841743280026 0.11839379864117779 0.13089196775360074 0.10501723298817867 0.16237673250546103 0.1441073847024241 0.10501723298817867 0.10501723298817867
0.1297063298334696 0.11535317234093627 0.11535317234093627 0.11535317234093627 0.13339503150820972 0.16013277695363945 0.11535317234093627 0.11535317234093627
0.13139305569614707 0.11849727248314315 0.12854770572479285 0.10568025333415024 0.15662255028783983 0.14789865580562642 0.10568025333415024 0.10568025333415024
0.12955839575455927 0.11667758281357414 0.13740233681510097 0.10351121920433602 0.16332388520993818 0.14250414179381937 0.10351121920433602 0.10351121920433602
0.12920508725990026 0.11480970995383814 0.11480970995383814 0.11480970995383814 0.13295680831049791 0.16378955466041126 0.11480970995383814 0.11480970995383814
0.12932471678909613 0.11646791449680564 0.13398042691596185 0.1037112800574903 0.15448622372959642 0.1546068778960692 0.1037112800574903 0.1037112800574903
0.12710263777669806 0.11273322480013183 0.11273322480013183 0.11273322480013183 0.14335835885110954 0.16587287937153333 0.11273322480013183 0.11273322480013183
0.1278162506614032 0.11514551445682955 0.13765006931795917 0.10261960059014824 0.15736679772947615 0.15416256606388729 0.10261960059014824 0.10261960059014824
0.1264662311868581 0.11226442555781332 0.11226442555781332 0.11226442555781332 0.1434606005907008 0.1687510404333744 0.11226442555781332 0.11226442555781332
0.12715122952113286 0.11455456486877606 0.14066694551757583 0.1020807398067968 0.15686698209646077 0.15451805857566403 0.1020807398067968 0.1020807398067968
0.1260986659843076 0.11197075159307063 0.11197075159307063 0.11197075159307063 0.14306784387027718 0.17097973218006224 0.11197075159307063 0.11197075159307063
0.12633168939365133 0.113775259915117 0.1398193328491986 0.1013340652936647 0.15597031751806043 0.16010120444297843 0.1013340652936647 0.1013340652936647
0.12556456412519176 0.11152770974811939 0.11152770974811939 0.11152770974811939 0.14244704848685935 0.17434983864735193 0.11152770974811939 0.11152770974811939
0.12583259906999433 0.11333282232923841 0.14180565690691146 0.10094085457944738 0.15534003093668375 0.16086632701882989 0.10094085457944738 0.10094085457944738
0.12535139387549252 0.11136999397882648 0.11136999397882648 0.11136999397882648 0.1421643855826104 0.1756342506477648 0.11136999397882648 0.11136999397882648
0.1255478310104919 0.11307278886908052 0.1432294891764155 0.10069834509365536 0.1549895751695105 0.16106528049353555 0.10069834509365536 0.10069834509365536
0.12522601929617225 0.1112762602950065 0.1112762602950065 0.1112762602950065 0.14200117803510529 0.17639150119368985 0.1112762602950065 0.1112762602950065
0.12536107235378613 0.11290046944078411 0.14420014431197126 0.10053644051911673 0.15476534318100393 0.1611636491551043 0.10053644051911673 0.10053644051911673
0.12514340619888994 0.11121439815958037 0.11121439815958037 0.11121439815958037 0.14189486446225813 0.17688973854095003 0.11121439815958037 0.11121439815958037
0.1251480749944063 0.11269697561626461 0.14397924996805486 0.10033982026520012 0.15601796145346314 0.16113827717221077 0.10033982026520012 0.10033982026520012
0.12504914945487697 0.11114380778883182 0.11114380778883182 0.11114380778883182 0.1420725913950376 0.17715922020592625 0.11114380778883182 0.11114380778883182
0.12501725439140693 0.11257699696452864 0.14462836425549672 0.10022768498799177 0.15597556446659921 0.1611187649579931 0.10022768498799177 0.10022768498799177
0.1237632318251648 0.10987242578167515 0.10987242578167515 0.10987242578167515 0.1509947948658822 0.17587984440057738 0.10987242578167515 0.10987242578167515
0.12435871145260032 0.11203210788003969 0.14371683727647094 0.09982406057096467 0.16014475311589307 0.16027540856210187 0.09982406057096467 0.09982406057096467
0.1235756654650426 0.10975803085919812 0.10975803085919812 0.10975803085919812 0.151979590800667 0.17565458943829992 0.10975803085919812 0.10975803085919812
0.13136641980291383 0.1109814986095248 0.14263323909051867 0.09878616184739167 0.15950026909813433 0.1591600878567334 0.09878616184739167 0.09878616184739167
0.12431592620777056 0.10971965734078012 0.10971965734078012 0.10971965734078012 0.1517713015025705 0.17531448558575835 0.10971965734078012 0.10971965734078012
0.1314989584774135 0.11091460660789954 0.14308083948459333 0.09872353357003508 0.1593544316298779 0.1589805630901106 0.09872353357003508 0.09872353357003508
0.12432968987387978 0.1097186944875005 0.1097186944875005 0.1097186944875005 0.15173188915102198 0.1753449485375958 0.1097186944875005 0.1097186944875005
0.1366258701940696 0.11018290804484224 0.14234885864428903 0.09799194199067551 0.15860709526711478 0.15825944187765775 0.09799194199067551 0.09799194199067551
0.12488115254742857 0.10970050030364306 0.10970050030364306 0.10970050030364306 0.1515166625547819 0.17509968337957416 0.10970050030364306 0.10970050030364306
0.13675399536965552 0.11013765137355175 0.14265244582916908 0.09794870689536916 0.15847787960969154 0.15813190713182462 0.09794870689536916 0.09794870689536916
0.12397158477061332 0.10877669639620716 0.10877669639620716 0.10877669639620716 0.158021756275933 0.17412317697241797 0.10877669639620716 0.10877669639620716
0.13618907524086052 0.10975272341142528 0.1419937060422612 0.09766642381184673 0.1615512330991803 0.15751399077073272 0.09766642381184673 0.09766642381184673
0.1342117912617331 0.10721385846980735 0.10721385846980735 0.10721385846980735 0.15741392530062434 0.17230499108860597 0.10721385846980735 0.10721385846980735
0.13915434507137722 0.10936232584949528 0.14137323675801014 0.09744967490840557 0.16108875115965823 0.15667231643624238 0.09744967490840557 0.09744967490840557
0.13478170591174224 0.10719594215428108 0.10719594215428108 0.10719594215428108 0.15725229838737204 0.1719862849294805 0.10719594215428108 0.10719594215428108
0.13931271194950193 0.10934160802933739 0.14150410751537493 0.09743094778997283 0.16100468174423951 0.15654404739162778 0.09743094778997283 0.09743094778997283
0.13415552208001744 0.10653836389297729 0.10653836389297729 0.10653836389297729 0.16187699622742438 0.1712756622276715 0.10653836389297729 0.10653836389297729
0.1320026195521143 0.10540781550945241 0.10540781550945241 0.10540781550945241 0.16472107018972162 0.1762372327109019 0.10540781550945241 0.10540781550945241
0.12977844405882696 0.1036104284179007 0.11532240791895097 0.1036104284179007 0.16396577856069172 0.17649165578992762 0.1036104284179007 0.1036104284179007
0.12802041097651193 0.10229331279081487 0.12515466648524656 0.10229331279081487 0.1623719169734351 0.17527975440154683 0.10229331279081487 0.10229331279081487
0.1265842114765973 0.1012056233231358 0.13420217894014885 0.1012056233231358 0.16070022162194755 0.17369089466876297 0.1012056233231358 0.1012056233231358
0.12619123620369024 0.10109735824086569 0.13647925638083605 0.10109735824086569 0.1599794316322391 0.1729606428197719 0.10109735824086569 0.10109735824086569
0.12531543135880246 0.10029945626732106 0.1427087134416814 0.10029945626732106 0.15891742542383147 0.17186060470640027 0.10029945626732106 0.10029945626732106
0.12502416405692324 0.10018180729935965 0.14452679195022988 0.10018180729935965 0.158410647387631 0.1713111674077772 0.10018180729935965 0.10018180729935965
0.13211000023798533 0.09914785109382111 0.144057781371425 0.09914785109382111 0.15719100294084729 0.17004981107445766 0.09914785109382111 0.09914785109382111
0.13329026296431523 0.0984599598454926 0.14797380324349474 0.0984599598454926 0.15605622249036297 0.16883987191985655 0.0984599598454926 0.0984599598454926
0.1330889646956552 0.09794748976210345 0.1521664837040143 0.09794748976210345 0.15512795817163227 0.1678266343802844 0.09794748976210345 0.09794748976210345
0.1326509695092892 0.09756256610478212 0.15567350255875037 0.09756256610478212 0.15440290973296075 0.16702235377987124 0.09756256610478212 0.09756256610478212
0.1321585424884982 0.09718561486234426 0.15663584854425427 0.09718561486234426 0.15615062119877687 0.1663125283190938 0.09718561486234426 0.09718561486234426
0.13174735899253198 0.09690425789250892 0.1567220023760691 0.09690425789250892 0.1581762170059622 0.16573739005540108 0.09690425789250892 0.09690425789250892
0.1313731021983663 0.09663840807568151 0.15813457151099067 0.09663840807568151 0.15870519094664165 0.16523350304127524 0.09663840807568151 0.09663840807568151
0.13663084255544491 0.09580826024757148 0.1578587018382628 0.09580826024757148 0.15808260726023385 0.1641948073557726 0.09580826024757148 0.09580826024757148
0.13801813441180927 0.09556177369048112 0.15862451851943501 0.09556177369048112 0.1575918250232068 0.1635184272836245 0.09556177369048112 0.09556177369048112
0.1383211789637434 0.09543373429110565 0.15956222743488546 0.09543373429110565 0.15727120752884924 0.16311044890809934 0.09543373429110565 0.09543373429110565
0.1383286259319756 0.09534701387684269 0.16036976344681741 0.09534701387684269 0.1570586799813548 0.1628548751324814 0.09534701387684269 0.09534701387684269
0.13826956989571498 0.09528564378642246 0.16098621015067113 0.09528564378642246 0.15691391618362438 0.16268772862429953 0.09528564378642246 0.09528564378642246
0.13820823118442985 0.09524265601502292 0.16143145767083555 0.09524265601502292 0.15681412453000168 0.1625755625546411 0.09524265601502292 0.09524265601502292
0.13804022619014175 0.09509371127392359 0.16146557457068256 0.09509371127392359 0.15773915942250524 0.1623801947209761 0.09509371127392359 0.09509371127392359
0.137936820110807 0.09504251068865645 0.1615875017983266 0.09504251068865645 0.15805749969057412 0.16224813564566637 0.09504251068865645 0.09504251068865645
0.13787996583064102 0.09501778858101388 0.1617201718045946 0.09501778858101388 0.15815995087689783 0.16216875716381093 0.09501778858101388 0.09501778858101388
0.13784763389817897 0.09500312341970055 0.1618324196527541 0.09500312341970055 0.15818621379205616 0.16212123897820852 0.09500312341970055 0.09500312341970055
0.1378323400113581 0.09499787628485566 0.16187355785507818 0.09499787628485566 0.15819145839126084 0.1621111386028802 0.09499787628485566 0.09499787628485566
0.13773160006875024 0.09490188873024132 0.16179457026453092 0.09490188873024132 0.1588553049456895 0.1620109698000642 0.09490188873024132 0.09490188873024132
0.1376158156177414 0.09481740798242572 0.16167744865918648 0.09481740798242572 0.15955208157903686 0.16188502221433249 0.09481740798242572 0.09481740798242572
0.13755534311712697 0.09479291408170876 0.16165308156963412 0.09479291408170876 0.15981152914281746 0.1618083898435865 0.09479291408170876 0.09479291408170876
0.13752683005347993 0.09478319210689487 0.16166592321407117 0.09478319210689487 0.15990753390695328 0.16176694439791622 0.09478319210689487 0.09478319210689487
0.13747220078724703 0.09473742292593136 0.16162546716567228 0.09473742292593136 0.16024862228042303 0.16170401806293214 0.09473742292593136 0.09473742292593136
0.13741590256045524 0.09469810007446289 0.1615694059323527 0.09469810007446289 0.16058364558677177 0.16163864562256888 0.09469810007446289 0.09469810007446289
0.14135399277776686 0.09412301771345755 0.16097112866310775 0.09412301771345755 0.16014630664585955 0.16103650105943548 0.09412301771345755 0.09412301771345755
0.14262019592081102 0.09403566688356892 0.16065811009734055 0.09403566688356892 0.15987914575404505 0.16069988069352775 0.09403566688356892 0.09403566688356892
0.14304650784684617 0.0940267743830337 0.1605343458427496 0.0940267743830337 0.1597604111790741 0.16055163759919533 0.0940267743830337 0.0940267743830337
0.14319366298748568 0.09402740261104514 0.16049360668652035 0.09402740261104514 0.15971222218711942 0.16049089769469388 0.09402740261104514 0.09402740261104514
0.14324481769913947 0.09402797889146478 0.1604839514664186 0.09402797889146478 0.15969298576664062 0.16046632950194226 0.09402797889146478 0.09402797889146478
0.14610831141603223 0.09362206227732729 0.16007403689214098 0.09362206227732729 0.1592791601793157 0.16005024240320198 0.09362206227732729 0.09362206227732729
0.14906956465685947 0.09327218672303746 0.15955442702712888 0.09327218672303746 0.15875914197930538 0.15952811944455658 0.09327218672303746 0.09327218672303746
0.15150924151795284 0.09301581894560053 0.15908290314689233 0.09301581894560053 0.15828897091110403 0.15905560864164878 0.09301581894560053 0.09301581894560053
0.15241935026695894 0.09296862262764398 0.15884488626013815 0.09296862262764398 0.15804846574049264 0.1588128072218344 0.09296862262764398 0.09296862262764398
0.15276870150362218 0.09296085619401045 0.15874152871575295 0.09296085619401045 0.15794181661982715 0.15870452838475582 0.09296085619401045 0.09296085619401045
0.15290483286662096 0.09295990558753174 0.15869977347345113 0.09295990558753174 0.157897017676973 0.15865875363282803 0.09295990558753174 0.09295990558753174
0.15390811855809397 0.0928243876905928 0.15854696341525681 0.0928243876905928 0.1577430808835323 0.1585042863807457 0.0928243876905928 0.0928243876905928
0.15426320529722828 0.09277867327771501 0.1584379655432956 0.09277867327771501 0.15778950882527318 0.15839462722334294 0.09277867327771501 0.09277867327771501
0.15504280907718773 0.09267750139602539 0.1582916542090597 0.09267750139602539 0.15770747134408097 0.15824805978556986 0.09267750139602539 0.09267750139602539
0.15533780614404197 0.0926573213633704 0.1582122220003351 0.0926573213633704 0.15765348111088573 0.15816720529125564 0.0926573213633704 0.0926573213633704
0.15545312420229146 0.09265337842996635 0.15817628390040123 0.09265337842996635 0.15762728712119586 0.158129791056246 0.09265337842996635 0.09265337842996635
0.15549898742788673 0.09265262103614647 0.15816124875193235 0.09265262103614647 0.15761573436857784 0.15811354530701718 0.09265262103614647 0.09265262103614647
0.15595671241225345 0.09258976222327939 0.15809216313995605 0.09258976222327939 0.1575481143066191 0.15804396124805395 0.09258976222327939 0.09258976222327939
0.1561305326520822 0.09257705625631817 0.15805125271916873 0.09257705625631817 0.15750754000652342 0.15800244959695295 0.09257705625631817 0.09257705625631817
0.1561988334839725 0.09257452409655204 0.1580320513394312 0.09257452409655204 0.15748828591425668 0.15798273287613146 0.09257452409655204 0.09257452409655204
0.15621314062389718 0.09256099815869369 0.1580105730771487 0.09256099815869369 0.15757124884867857 0.15796104481550075 0.09256099815869369 0.09256099815869369
0.15621617243792008 0.09255819971080974 0.15799906352994378 0.09255819971080974 0.1576026970187792 0.15794926817011812 0.09255819971080974 0.09255819971080974
0.1562168205367016 0.09255761232368007 0.15799383330480596 0.09255761232368007 0.15761509125380707 0.15794380560996504 0.09255761232368007 0.09255761232368007
0.15621695511031797 0.09255748279240494 0.15799162098430092 0.09255748279240494 0.157620077990841 0.15794141474492018 0.09255748279240494 0.09255748279240494
0.15620819422684656 0.09254866706922177 0.15798188901468826 0.09254866706922177 0.15768363920525588 0.15793160927632224 0.09254866706922177 0.09254866706922177
0.1562027913208423 0.09254683428592846 0.1579760817293828 0.09254683428592846 0.1577080724788166 0.15792571732724467 0.09254683428592846 0.09254683428592846
0.15620020352527011 0.09254644821321836 0.15797332823505217 0.09254644821321836 0.157717783219995 0.1579228921668092 0.09254644821321836 0.09254644821321836
0.15619315071315173 0.0925404499463149 0.15796618958954686 0.0925404499463149 0.15776313554263416 0.15791572436940754 0.0925404499463149 0.0925404499463149
0.15618902882418173 0.09253920212875584 0.15796201061335388 0.09253920212875584 0.15778064274572126 0.15791150930171954 0.09253920212875584 0.09253920212875584
0.1561870864206809 0.09253893942450814 0.15796003421524443 0.09253893942450814 0.15778761997839957 0.15790950168764256 0.09253893942450814 0.09253893942450814
0.1561862379187777 0.09253888246593212 0.15795917019171946 0.09253888246593212 0.15779044838787792 0.15790861363789654 0.09253888246593212 0.09253888246593212
0.15618466661238914 0.09253765693014138 0.15795758681435257 0.09253765693014138 0.15779039251386137 0.15791672633883153 0.09253765693014138 0.09253765693014138
0.15618295517509545 0.09253658581144591 0.1579558599284978 0.09253658581144591 0.15778929828899907 0.15792554336162418 0.09253658581144591 0.09253658581144591
0.15618203356808477 0.09253636162738013 0.1579549282603923 0.09253636162738013 0.1577886215986736 0.1579289700633288 0.09253636162738013 0.09253636162738013
0.15618161015202192 0.09253631377276948 0.15795449974035994 0.09253631377276948 0.15778829390523036 0.15793034111131007 0.09253631377276948 0.09253631377276948
0.1561774448304539 0.09253232099627723 0.15795032948916976 0.09253232099627723 0.15781602564732436 0.15792691604794304 0.09253232099627723 0.09253232099627723
0.15617491811627118 0.09253149168044213 0.15794777652551972 0.09253149168044213 0.15782667012853416 0.15792466850790648 0.09253149168044213 0.09253149168044213
0.1564708808885876 0.0924888661272333 0.15790409364373245 0.0924888661272333 0.1577884486483415 0.1578811123104052 0.0924888661272333 0.0924888661272333
0.1567839107600458 0.09245156769568033 0.1578487036270142 0.09245156769568033 0.15773533637051096 0.15782577845970774 0.09245156769568033 0.09245156769568033
0.15690500216482603 0.09244395818840791 0.15781815628648393 0.09244395818840791 0.1577057520628689 0.15779525673218966 0.09244395818840791 0.09244395818840791
0.15708853748148002 0.09242310027058771 0.15778464696358213 0.09242310027058771 0.15767265386312027 0.15776176060946676 0.09242310027058771 0.09242310027058771
0.1571599030858 0.09241882525586227 0.15776649539549298 0.09241882525586227 0.1576546847203743 0.1577436157748837 0.09241882525586227 0.09241882525586227
0.15718844662693587 0.09241795680922535 0.1577581104052758 0.09241795680922535 0.15764638167780617 0.15773523405308065 0.09241795680922535 0.09241795680922535
0.1571973605167313 0.09241510701690973 0.15775178790763503 0.09241510701690973 0.1576615098868754 0.1577289136211192 0.09241510701690973 0.09241510701690973
0.1571986460451627 0.09241271885378942 0.15774678123564867 0.09241271885378942 0.15767978896245022 0.15772390834158062 0.09241271885378942 0.09241271885378942
0.15719747054056546 0.0924110135428959 0.15774300237475472 0.0924110135428959 0.15769534243051014 0.15772013048258615 0.0924110135428959 0.0924110135428959
0.157195817842944 0.09240984530732264 0.15774026909616898 0.09240984530732264 0.1577071338917166 0.15771739793988 0.09240984530732264 0.09240984530732264
0.15728609586533593 0.09239657429831076 0.1577258660797421 0.09239657429831076 0.15769874540132164 0.15770299546035724 0.09239657429831076 0.09239657429831076
0.1573820273699477 0.09238507011574841 0.15770839678206958 0.09238507011574841 0.15768376777642645 0.15768552760856272 0.09238507011574841 0.09238507011574841
0.15741929842782298 0.09238269840755291 0.15769879074970247 0.09238269840755291 0.1576751942471751 0.15767592294508773 0.09238269840755291 0.09238269840755291
0.15743421322094042 0.09238221129662912 0.15769432570998032 0.09238221129662912 0.15767115707443535 0.1576714588081274 0.09238221129662912 0.09238221129662912
0.15748162339638933 0.09237620546967133 0.15768647065397132 0.09237620546967133 0.15766347956568028 0.1576636045052737 0.09237620546967133 0.09237620546967133
0.1574999891942839 0.09237496524150948 0.1576819775195251 0.09237496524150948 0.15765906029305807 0.1576591120270951 0.09237496524150948 0.09237496524150948
0.15750732866451517 0.09237470971111782 0.1576798613416678 0.09237470971111782 0.15765697486385455 0.15765699628549135 0.09237470971111782 0.09237470971111782
0.15753813932781532 0.09237068190486154 0.1576749571047755 0.09237068190486154 0.1576520835389272 0.15765209240903574 0.09237068190486154 0.09237068190486154
0.15755005440817751 0.09236984930798349 0.15767209352820657 0.09236984930798349 0.15764922557940741 0.15764922925227454 0.09236984930798349 0.09236984930798349
0.15755481231386828 0.09236967743993753 0.15767073578712903 0.09236967743993753 0.15764787030920982 0.15764787183004272 0.09236967743993753 0.09236967743993753
0.15755674548062631 0.0923696420594593 0.15767013815429937 0.0923696420594593 0.1576472737487511 0.157647274378486 0.0923696420594593 0.0923696420594593
0.15755699000884074 0.09236908675465351 0.15766933533545702 0.09236908675465351 0.15765085595160683 0.15764647168548146 0.09236908675465351 0.09236908675465351
0.15755697621293172 0.09236897178705847 0.1576688879189979 0.09236897178705847 0.15765222437496731 0.1576460243448692 0.09236897178705847 0.09236897178705847
0.15755694669821177 0.09236894798029081 0.1576686788413227 0.09236894798029081 0.15765276723260088 0.15764581530670152 0.09236894798029081 0.09236894798029081
0.15755692955445907 0.09236894304802866 0.15766858733812342 0.09236894304802866 0.15765298709779887 0.157645723817504 0.09236894304802866 0.09236894304802866
0.15755692143801353 0.09236894202468024 0.15766854843158615 0.09236894202468024 0.15765307712067514 0.15764568491100417 0.09236894202468024 0.09236894202468024
0.1575569178666533 0.09236894181143744 0.1576685321140189 0.09236894181143744 0.15765311418592437 0.15764566858765375 0.09236894181143744 0.09236894181143744
0.15755654766528485 0.09236857308769209 0.1576681566322329 0.09236857308769209 0.15765571024685437 0.15764529310485953 0.09236857308769209 0.09236857308769209
0.15755631813098045 0.09236849672138393 0.15766792476350242 0.09236849672138393 0.15765670895849113 0.1576450612614904 0.09236849672138393 0.09236849672138393
0.15757493329198366 0.09236580576191188 0.15766513777388827 0.09236580576191188 0.15765443158440207 0.15764227430207853 0.09236580576191188 0.09236580576191188
0.15759467940055027 0.09236344936910695 0.15766162712881293 0.09236344936910695 0.15765113208790216 0.15763876390630693 0.09236344936910695 0.09236344936910695
0.15760236614006792 0.0923629618202196 0.15765968562453664 0.0923629618202196 0.15764927815509236 0.15763682279942473 0.0923629618202196 0.0923629618202196
0.15761392356531054 0.09236165013028834 0.15765756984631327 0.09236165013028834 0.15764719871651076 0.15763470735071206 0.09236165013028834 0.09236165013028834
0.1576241393479674 0.09236056406832428 0.15765560751921867 0.09236056406832428 0.15764525151969008 0.1576327453398269 0.09236056406832428 0.09236056406832428
0.15762814459926605 0.09236033924600143 0.15765456998745087 0.09236033924600143 0.1576442203263255 0.15763170810295202 0.09236033924600143 0.09236033924600143
0.15763359252943154 0.09235974471730096 0.15765354575732898 0.09235974471730096 0.15764319876094404 0.15763068408309153 0.09235974471730096 0.09235974471730096
0.15763572542714155 0.0923596216259843 0.15765299847542924 0.0923596216259843 0.15764265262007632 0.15763013697341569 0.0923596216259843 0.0923596216259843
0.15763916364954972 0.09235922750437021 0.1576523776929865 0.09235922750437021 0.15764203233119672 0.1576295163087862 0.09235922750437021 0.09235922750437021
0.1576422417055119 0.0923588979213858 0.15765179100838236 0.0923588979213858 0.1576414458748523 0.15762892972571035 0.0923588979213858 0.0923588979213858
0.15764461582867087 0.09235866286525979 0.15765131297250748 0.09235866286525979 0.1576409679560591 0.15762845178172352 0.09235866286525979 0.09235866286525979
0.15764530239204874 0.09235836620934819 0.1576508183345183 0.09235836620934819 0.15764245721364095 0.15762795722239917 0.09235836620934819 0.09235836620934819
0.15764552529516682 0.09235830477913079 0.1576505520475891 0.09235830477913079 0.15764301253190438 0.1576276910088164 0.09235830477913079 0.09235830477913079
0.1576456048867157 0.09235829205758937 0.1576504290421985 0.09235829205758937 0.15764322978515014 0.15762756805557848 0.09235829205758937 0.09235829205758937
0.15764563521389569 0.09235828942272792 0.15765037546431596 0.09235828942272792 0.15764331712170182 0.1576275145091749 0.09235828942272792 0.09235828942272792
0.1576456472277013 0.09235828887683616 0.15765035272913122 0.09235828887683616 0.1576433527446275 0.15762749179119542 0.09235828887683616 0.09235828887683616
0.15764510409286828 0.09235774076660606 0.15764979520295694 0.09235774076660606 0.1576428193869732 0.1576313182507774 0.09235774076660606 0.09235774076660606
0.15764555113104134 0.09235751508201852 0.15764933861479902 0.09235751508201852 0.15764237282217858 0.15763267710390705 0.09235751508201852 0.09235751508201852
0.1576462178875394 0.0923573928788803 0.15764902731231312 0.0923573928788803 0.15764206568249076 0.15763311760213547 0.0923573928788803 0.0923573928788803
0.15764646872151808 0.09235736757599361 0.15764887308146627 0.09235736757599361 0.1576419131833835 0.15763327470965774 0.09235736757599361 0.09235736757599361
0.1576465673654493 0.09235736233715983 0.15764880396696426 0.09235736233715983 0.15764184478986523 0.15763333452908196 0.09235736233715983 0.09235736233715983
0.15764660713422135 0.09235736125259783 0.15764877425823845 0.09235736125259783 0.15764181538139269 0.1576333582157561 0.09235736125259783 0.09235736125259783
0.15764662337995197 0.09235736102811169 0.15764876172974288 0.09235736102811169 0.15764180297793162 0.1576333677999267 0.09235736102811169 0.09235736102811169
0.15764663006166457 0.0923573609816632 0.15764875649457824 0.0923573609816632 0.15764179779481916 0.15763337172228528 0.0923573609816632 0.0923573609816632
0.15764663281928734 0.09235736097205811 0.1576487543168265 0.09235736097205811 0.1576417956387239 0.1576333733369297 0.09235736097205811 0.09235736097205811
0.15764663395937073 0.09235736097007342 0.15764875341293366 0.09235736097007342 0.15764179474383222 0.15763337400356958 0.09235736097007342 0.09235736097007342
0.1576466344311257 0.09235736096966342 0.15764875303818582 0.09235736096966342 0.15764179437281942 0.15763337427921534 0.09235736096966342 0.09235736096966342
0.1576462659930884 0.092356992336249 0.15764838424956684 0.092356992336249 0.15764142558575694 0.15763595482659187 0.092356992336249 0.092356992336249
0.1576460370793858 0.09235691601097266 0.15764815518777908 0.09235691601097266 0.15764119653414005 0.15763694715480442 0.09235691601097266 0.09235691601097266
0.15764592647335662 0.09235690020943724 0.15764804451862485 0.09235690020943724 0.1576410858751143 0.1576373422951553 0.09235690020943724 0.09235690020943724
0.1576458773951964 0.09235689693870786 0.15764799541345517 0.09235689693870786 0.15764103677699623 0.1576375026595207 0.09235689693870786 0.09235689693870786
0.1576456084196293 0.0923566482888359 0.1576477264263156 0.0923566482888359 0.15764076779404684 0.15763930420466468 0.0923566482888359 0.0923566482888359
0.15764544553813595 0.09235659680343723 0.15764756353791565 0.09235659680343723 0.157640604914335 0.1576399987958643 0.09235659680343723 0.09235659680343723
0.15764536742087795 0.092356586143467 0.1576474854165174 0.092356586143467 0.15764052680074492 0.1576402757879916 0.092356586143467 0.092356586143467
0.15764533286176843 0.09235658393658026 0.15764745085507983 0.09235658393658026 0.15764049224455973 0.15764038829227092 0.09235658393658026 0.09235658393658026
0.1576453180923494 0.09235658347979893 0.1576474360844256 0.09235658347979893 0.15764047747697346 0.15764043442705586 0.09235658347979893 0.09235658347979893
0.15764531188109915 0.09235658338529602 0.15764742987254818 0.09235658338529602 0.15764047126674788 0.1576404534384208 0.09235658338529602 0.09235658338529602
0.1576456646844519 0.09235653259500845 0.1576473765095658 0.09235653259500845 0.15764041790461022 0.15764041052133831 0.09235653259500845 0.09235653259500845
0.15764580028102684 0.09235652207734486 0.15764734389123058 0.09235652207734486 0.1576403852880044 0.1576403822303589 0.09235652207734486 0.09235652207734486
0.1576456874550843 0.09235635309380029 0.15764716139856225 0.09235635309380029 0.15764153724052385 0.15764020153062844 0.09235635309380029 0.09235635309380029
0.1576456057369431 0.09235631810275662 0.15764705082683655 0.09235631810275662 0.15764197931905993 0.1576400917061338 0.09235631810275662 0.09235631810275662
0.15764556464785884 0.09235631085740956 0.15764699778739535 0.09235631085740956 0.15764215515610383 0.15764003897900378 0.09235631085740956 0.09235631085740956
0.1576455461305573 0.09235630935723736 0.15764697432054808 0.09235630935723736 0.15764222647707932 0.1576400156428659 0.09235630935723736 0.09235630935723736
0.15764553815099228 0.09235630904665106 0.1576469642909943 0.09235630904665106 0.15764225570335955 0.15764000566804975 0.09235630904665106 0.09235630904665106
0.1576455347819491 0.09235630898236125 0.157646960072891 0.09235630898236125 0.1576422677428405 0.15764000147287432 0.09235630898236125 0.09235630898236125
0.15764553337335024 0.09235630896905858 0.15764695831262987 0.09235630896905858 0.15764227271556808 0.15763999972221737 0.09235630896905858 0.09235630896905858
0.15764553278722565 0.09235630896630809 0.1576469575808543 0.09235630896630809 0.15764227477222287 0.15763999899446474 0.09235630896630809 0.09235630896630809
0.15764553254391309 0.09235630896574025 0.1576469572772162 0.09235630896574025 0.15764227562339797 0.15763999869251158 0.09235630896574025 0.09235630896574025
0.15764553244302779 0.09235630896562338 0.1576469571513454 0.09235630896562338 0.15764227597578673 0.1576399985673464 0.09235630896562338 0.09235630896562338
0.1576455324012221 0.0923563089655995 0.15764695709919124 0.0923563089655995 0.15764227612170112 0.15763999851548766 0.0923563089655995 0.0923563089655995
0.1576455323839033 0.09235630896559469 0.15764695707758636 0.09235630896559469 0.15764227618212523 0.15763999849400645 0.09235630896559469 0.09235630896559469
0.15764553237672976 0.0923563089655937 0.1576469570686376 0.0923563089655937 0.15764227620714832 0.15763999848510948 0.0923563089655937 0.0923563089655937
0.1576455323737586 0.09235630896559355 0.15764695706493123 0.09235630896559355 0.15764227621751126 0.15763999848142482 0.09235630896559355 0.09235630896559355
0.157645771433288 0.09235627481405637 0.157646922911859 0.09235627481405637 0.15764224207026573 0.1576399643283617 0.09235627481405637 0.09235627481405637
0.15764602417553364 0.09235624476949914 0.15764687872255542 0.09235624476949914 0.15764219788396935 0.15763992013994507 0.09235624476949914 0.09235624476949914
0.1576461226282397 0.09235623854774856 0.1576468541994794 0.09235623854774856 0.15764217336290742 0.15763989561837913 0.09235623854774856 0.09235623854774856
0.1576461621144221 0.09235623725925358 0.15764684275457197 0.09235623725925358 0.15764216191926067 0.1576398841747312 0.09235623725925358 0.09235623725925358
0.15764628636968459 0.09235622153970736 0.157646822295033 0.09235622153970736 0.1576421414604429 0.15763986371600983 0.09235622153970736 0.09235622153970736
0.1576463345754478 0.09235621828443889 0.15764681056629581 0.09235621828443889 0.1576421297323603 0.15763985198814034 0.09235621828443889 0.09235621828443889
0.15764624166103328 0.0923561054053302 0.15764669282964427 0.0923561054053302 0.15764290963585043 0.15763973425215144 0.0923561054053302 0.0923561054053302
0.15764617980587836 0.09235608203121458 0.1576466206940274 0.09235608203121458 0.15764320925538222 0.15763966211985372 0.09235608203121458 0.09235608203121458
0.15764622210893506 0.09235606679672423 0.15764657558404022 0.09235606679672423 0.15764331810702137 0.15763961701310653 0.09235606679672423 0.09235606679672423
0.15764623647429257 0.09235606364200517 0.1576465537466878 0.09235606364200517 0.1576433600327365 0.15763959517826245 0.09235606364200517 0.09235606364200517
0.1576462417705132 0.0923560629887228 0.1576465440493051 0.0923560629887228 0.15764337674280715 0.15763958548248327 0.0923560629887228 0.0923560629887228
0.15764624382868922 0.09235606285343576 0.1576465398977756 0.09235606285343576 0.15764338352792343 0.15763958133186862 0.09235606285343576 0.09235606285343576
0.15764624465307753 0.09235606282541751 0.15764653815037089 0.09235606282541751 0.15764338630993166 0.15763957958495015 0.09235606282541751 0.09235606282541751
0.15764624498869959 0.09235606281961403 0.15764653742086682 0.09235606281961403 0.15764338745628478 0.1576395788556926 0.09235606281961403 0.09235606281961403
0.1576462451264972 0.09235606281841162 0.15764653711753496 0.09235606281841162 0.15764338792983956 0.15763957855248173 0.09235606281841162 0.09235606281841162
0.15764624518331768 0.09235606281816236 0.15764653699165862 0.09235606281816236 0.15764338812571102 0.15763957842666335 0.09235606281816236 0.09235606281816236
0.15764624520679849 0.09235606281811064 0.15764653693947422 0.09235606281811064 0.15764338820677856 0.1576395783745062 0.09235606281811064 0.09235606281811064
0.15764624521651244 0.09235606281809987 0.1576465369178509 0.09235606281809987 0.15764338824034158 0.15763957835289552 0.09235606281809987 0.09235606281809987
0.15764616974397933 0.09235598734154365 0.15764646143233926 0.09235598734154365 0.15764391659011695 0.15763950286738967 0.09235598734154365 0.09235598734154365
0.1576461228572357 0.09235597171222353 0.15764641454013867 0.09235597171222353 0.1576441197765882 0.15763945597714354 0.09235597171222353 0.09235597171222353
0.15764593339786914 0.0923558016712963 0.15764622507846124 0.0923558016712963 0.15764403388523493 0.15764060095324953 0.0923558016712963 0.0923558016712963
0.15764570751874102 0.09235565425795456 0.15764599919817066 0.09235565425795456 0.15764385090003277 0.15764182535123733 0.09235565425795456 0.09235565425795456
0.15764558344490143 0.09235562373337428 0.15764587512360478 0.09235562373337428 0.1576437445922239 0.15764230190577272 0.09235562373337428 0.09235562373337428
0.1576455257385274 0.09235561741296006 0.1576458174167955 0.09235561741296006 0.1576436942444846 0.1576424929483522 0.09235561741296006 0.09235561741296006
0.15764544976023692 0.09235556533412673 0.1576457414382622 0.09235556533412673 0.15764402747601933 0.1576425199889745 0.09235556533412673 0.09235556533412673
0.1576454075091845 0.09235555454996038 0.15764569918702687 0.09235555454996038 0.1576441547003826 0.1576425204035646 0.09235555454996038 0.09235555454996038
0.15764538777755388 0.0923555523168685 0.1576456794552747 0.0923555523168685 0.15764420515752395 0.15764251834217335 0.0923555523168685 0.0923555523168685
0.15764537914317717 0.0923555518544705 0.15764567082082626 0.0923555518544705 0.15764422559205543 0.1576425170260591 0.0923555518544705 0.0923555518544705
0.15764542441450546 0.0923555447668636 0.15764566015719894 0.0923555447668636 0.15764422696745203 0.15764250939338922 0.0923555447668636 0.0923555447668636
0.15764544169622796 0.09235554329916515 0.15764565427308072 0.09235554329916515 0.15764422606937692 0.15764250476465363 0.09235554329916515 0.09235554329916515
0.1576454485496332 0.09235554299523031 0.15764565153219504 0.09235554299523031 0.15764422539350245 0.15764250254374806 0.09235554299523031 0.09235554299523031
0.15764545132507493 0.09235554293228883 0.15764565033409556 0.09235554293228883 0.15764422505064615 0.15764250156102816 0.09235554293228883 0.09235554293228883
0.15764548538356155 0.09235553821610296 0.15764564512170795 0.09235553821610296 0.1576442201924656 0.15764249643785308 0.09235553821610296 0.09235553821610296
0.1576454985124877 0.09235553723947278 0.15764564198632905 0.09235553723947278 0.1576442172038099 0.15764249333948216 0.09235553723947278 0.09235553723947278
0.15636278795268502 0.10133454760217651 0.15636292469055113 0.0910728212422351 0.1563614999688143 0.15635977605906765 0.0910728212422351 0.0910728212422351
0.15597245633126827 0.1024731271932824 0.1559725896502762 0.09121373301526281 0.15597117174497993 0.1559694560344045 0.09121373301526281 0.09121373301526281
0.15587577831845081 0.10266461654768999 0.1558759100300756 0.09127871352621415 0.15587476732492342 0.15587278720021766 0.09127871352621415 0.09127871352621415
0.15585306137569935 0.10270321606335155 0.1558531923741989 0.09129603644694155 0.15585234570334228 0.15585007514258317 0.09129603644694155 0.09129603644694155
0.1558478055419099 0.10271165744261024 0.1558479362339219 0.09130018899112671 0.15584721222156148 0.15584482158661625 0.09130018899112671 0.09130018899112671
0.1558465934862545 0.10271356005767092 0.15584672404875466 0.09130115367515866 0.15584605084861133 0.15584361053323267 0.09130115367515866 0.09130115367515866
0.15584631339954957 0.10271399335381959 0.15584644390781702 0.09130137556963393 0.15584579175470972 0.15584333087520222 0.09130137556963393 0.09130137556963393
0.1558462482750202 0.10271409237314064 0.15584637876068938 0.09130142644493845 0.15584573532498774 0.1558432659313465 0.09130142644493845 0.09130142644493845
0.15584625484806316 0.10271411189997869 0.15584636030421808 0.09130143496962971 0.15584572047902934 0.15584324755982168 0.09130143496962971 0.09130143496962971
0.15584627436024098 0.10271411402949476 0.15584635262020197 0.09130143492949713 0.15584571429036928 0.15584323991120172 0.09130143492949713 0.09130143492949713
