0.125 0.125 0.125 0.125 0.125 0.125 0.125 0.125
0.06578947368421052 0.10964912280701754 0.05921052631578946 0.09868421052631579 0.13157894736842105 0.21929824561403508 0.11842105263157893 0.19736842105263158
0.08769198837691987 0.1551473640514736 0.07644942576449425 0.13525667635256675 0.10523038605230385 0.18617683686176836 0.0917393109173931 0.1623080116230801
0.09848805527924762 0.07755934353240751 0.19697611055849523 0.15511868706481502 0.08586138152549792 0.07904198308588142 0.17172276305099585 0.13523167590265928
0.06408541359181377 0.10680902265302296 0.06809501943514916 0.09612812038772066 0.12817082718362754 0.22910161150795982 0.11535374446526478 0.19225624077544132
0.08440813321263241 0.1493374664531189 0.07358657767255135 0.13019163742066775 0.10128975985515891 0.21665256727400775 0.08830389320706161 0.15622996490480132
0.09596974361166567 0.07557617309418672 0.20516171587763235 0.15115234618837345 0.08366593032811878 0.08936838997699839 0.16733186065623756 0.13177384026678712
0.06250120471599589 0.10416867452665983 0.07537673734693759 0.09375180707399386 0.12500240943199178 0.23919338426764067 0.1125021684887926 0.18750361414798772
0.05904212495400943 0.1044591441494013 0.05147262175477746 0.09106694618152934 0.11808424990801886 0.29079577717965027 0.10294524350955492 0.18213389236305869
0.07863106317696578 0.13911649639001641 0.09828882897120723 0.17389562048752047 0.07875424357380476 0.18634774288763029 0.08845994607408651 0.15650605843876841
0.10595742896504369 0.08344147530997191 0.14804285376693296 0.10012977037196631 0.13244678620630465 0.1458833289672571 0.15893614344756554 0.12516221296495786
0.07600257208099191 0.12227935194520818 0.086393020396071 0.15284918993151025 0.09326953322643085 0.18211568002669026 0.10367162447528522 0.18341902791781228
0.136186389764706 0.09997776727268988 0.17447175917175178 0.11997332072722786 0.11067949816105678 0.12130374134710097 0.1328153977932681 0.10459212576219865
0.0926697854900368 0.14524137568798504 0.07156821410712304 0.12662068649721772 0.11663708007357901 0.20943617741884946 0.08588185692854766 0.15194482379666124
0.09997789010291301 0.07403696944141716 0.18343487951157086 0.14807393888283432 0.09898809618129034 0.09713028932500974 0.16509139156041377 0.1332665449945509
0.0990059129111195 0.07109097908540656 0.2525937633296036 0.1421819581708131 0.07870063618734466 0.07507197594595545 0.15740127237468932 0.12395350199506783
0.07622278964961329 0.11571365657912272 0.13593248463444954 0.13885638789494728 0.08678524243434205 0.16877666301763064 0.10414229092121047 0.1735704848686841
0.06331694391910556 0.0981847818388153 0.07090796205181218 0.08836630365493375 0.11782173820657833 0.2786300986329669 0.1060395643859205 0.1767326073098675
0.06889015001747467 0.11465226890825936 0.08672512559711451 0.1433153361353242 0.09379952985177517 0.22343400161848637 0.09720518450917642 0.17197840336238904
0.09628530473015054 0.07278106307781065 0.19574133411858738 0.1455621261556213 0.09433165488304582 0.10200169567644289 0.16229090781828226 0.1310059135400592
0.07581543463747764 0.11542973600710593 0.12357460159429273 0.13851568320852709 0.08657230200532944 0.18306087613021288 0.10388676240639534 0.17314460401065887
0.0727957516875285 0.11281031615882778 0.1065030084889881 0.13537237939059332 0.09190088504509379 0.209872900447782 0.101529284542945 0.16921547423824165
0.0699718988345021 0.1154425191624501 0.09673636860628032 0.14430314895306262 0.09086973290895514 0.21163737350117112 0.09787517928990336 0.17316377874367514
0.12961915525443019 0.09536738831709703 0.18106576863413432 0.11444086598051643 0.12252107452020082 0.130526044242229 0.12669074296581387 0.09976896008557844
0.07414416602133264 0.11610468463079274 0.10817171353658735 0.14513085578849091 0.09573059400732675 0.1881243786214344 0.09843658044784602 0.1741570269461891
0.112878952831261 0.07855874819087155 0.15277784164898076 0.09427049782904587 0.14587406769449196 0.1481660586792863 0.14963571083975533 0.11783812228630731
0.08566927959573561 0.13600939575058846 0.08525340223973937 0.11857229373128225 0.12291560427757507 0.2288703248750186 0.08042294705252186 0.1422867524775387
0.12463013168141507 0.09253385748432383 0.1651447259032059 0.11566732185540479 0.13219961783752934 0.13676332358917107 0.12896043197908563 0.10410058966986431
0.1269436568593034 0.09089782618290174 0.1941592484486121 0.11362228272862716 0.13212410531433286 0.11331246004286942 0.1266803659675888 0.10226005445576444
0.07285377438858977 0.11400009007447454 0.12125792979222494 0.14250011259309317 0.10096523832465117 0.180770469434722 0.09665225028053277 0.1710001351117118
0.1155110891816898 0.07797655775906856 0.15587906126465975 0.09357186931088227 0.14610060026179836 0.1454692088993583 0.1485267766839401 0.11696483663860284
0.07141071919879688 0.11283513299939375 0.11229506419014362 0.1410439162492422 0.10584156016493372 0.1916563384163045 0.09566456928209471 0.16925269949909064
0.1218620138326624 0.0916902566450099 0.18313011440659197 0.11461282080626237 0.1301511071633492 0.12761740641708802 0.12778474200339998 0.10315153872563612
0.10136892650090157 0.0668353673678924 0.24594719373718135 0.1336707347357848 0.10021531546280461 0.08262590713079417 0.1490328938024347 0.12030366126220633
0.11248979062832874 0.07659107544737871 0.20002181387374243 0.09573884430922339 0.14392830252578354 0.11402133775792818 0.142322222286547 0.11488661317106805
0.07637785912609014 0.11175991055497957 0.12372362727511697 0.13969988819372448 0.10672365833021732 0.17932222304296275 0.09475296764443922 0.16763986583246937
0.1274058727730402 0.09032232980616635 0.18775934609626418 0.11290291225770793 0.13044852222935047 0.12367007422865633 0.12587832157687737 0.10161262103193713
0.10625975998578971 0.06572629941804624 0.25006867965428636 0.13145259883609248 0.10055010996955242 0.0810753753769418 0.1465598378068076 0.11830733895248324
0.11723024934509702 0.07556287894489476 0.20218146188258052 0.09445359868111845 0.14428929180034403 0.11252658259072167 0.14041161833790147 0.11334431841734215
0.10601569469631422 0.06489532022570593 0.2570791871942749 0.12979064045141187 0.10241558555065328 0.07828511724073528 0.14470687823463382 0.11681157640627068
0.10242904966272404 0.06432860756606162 0.2812228970998169 0.12865721513212325 0.09266037766900971 0.07146716566374746 0.14344319358760607 0.11579149361891095
0.1181499813767637 0.07472340379382378 0.21338678819639423 0.09340425474227973 0.14049461512082193 0.10890415298468747 0.13885169809449346 0.11208510569073568
0.09665864401093069 0.12741178252990334 0.1484587013104114 0.1592647281623792 0.09118728499871702 0.15266332888065465 0.08101727476086246 0.14333825534614125
0.10646833931211125 0.06720341873998553 0.23932711404148102 0.13440683747997106 0.09408904370223425 0.08768549956308104 0.14985359342916174 0.12096615373197396
0.1400410772964121 0.08618512577198462 0.22925808896440747 0.10773140721498077 0.12181692870308963 0.09789662616819382 0.12011247938744872 0.09695826649348269
0.14898238334083502 0.08436844963678561 0.22258631129991252 0.10546056204598203 0.12743554014256256 0.09867159120246576 0.11758065649007249 0.0949145058413838
0.09026183866162682 0.10982164771379824 0.13087449804888973 0.1372770596422478 0.10222454892020304 0.1716982775982297 0.0931096578443072 0.16473247157069734
0.07975547250954862 0.11139428971896935 0.10929632033542121 0.13924286214871168 0.09728185212224319 0.2014947838249169 0.09444298476173489 0.16709143457845402
0.10407255224913249 0.06800855741906306 0.22310978058624772 0.13601711483812612 0.09713556725171257 0.09759209178785204 0.15164893251355252 0.12241540335431347
0.09563796854173302 0.1290632381221008 0.15235210852146017 0.161329047652626 0.08431868893330664 0.15003542023116115 0.08206738511024889 0.1451961428873634
0.08334823100177366 0.11136243070749016 0.11178134601121455 0.13363491684898818 0.09617745423079156 0.19642578750176543 0.10022618763674115 0.16704364606123523
0.0923291380624863 0.13102022984036432 0.08598141092603676 0.11422276447621506 0.1135617837744193 0.24834452399123955 0.07747283155778065 0.13706731737145805
0.10704261020378911 0.0675700429503163 0.210987418478095 0.1351400859006326 0.10054701766522048 0.10641563679320935 0.15067111069816794 0.1216260773105693
0.14149693503353516 0.08643515312129402 0.21890401536476203 0.10804394140161752 0.12476757070958407 0.10265190542564953 0.12046093168210192 0.09723954726145577
0.1307628863931296 0.07351280506177359 0.19069506600540867 0.09189100632721699 0.1502036986807003 0.11606317724969545 0.1366021526894151 0.11026920759266039
0.11183981874914724 0.06434591954084194 0.25316900682561877 0.12869183908168388 0.1040733145388229 0.07857564938288071 0.1434817967074893 0.11582265517351548
0.14135739728450614 0.08517664618319813 0.23337324562762699 0.10647080772899765 0.12418518081351952 0.09490599037088773 0.11870700503516604 0.09582372695609788
0.1494591329407862 0.08396572997167268 0.22386778649481912 0.10495716246459084 0.12859149892081073 0.09767783946523431 0.11701940352395425 0.09446144621813174
0.11500789906067097 0.0634606029508502 0.26633749088003317 0.1269212059017004 0.09818626520012608 0.07434977784647664 0.14150767284861224 0.11422908531153035
0.08491031604783172 0.11126703062991283 0.1424078249751797 0.13908378828739104 0.09742878534509015 0.1636666175834949 0.09433509118623044 0.16690054594486922
0.10430700909979176 0.06723578052120828 0.23710219364146778 0.13447156104241656 0.09607998769063843 0.08985330769513053 0.14992575537117186 0.1210244049381749
0.10519402882457847 0.06459813625518747 0.2745214661006935 0.12919627251037494 0.09232571775727341 0.07384353095636058 0.14404420233619414 0.11627664525933744
0.10392134200442403 0.06357828866046748 0.2888953198480244 0.12715657732093497 0.0902236535939125 0.0700138045673677 0.14177009441602745 0.11444091958884145
0.09516006636171687 0.12788906135296643 0.16987786152695195 0.159861326691208 0.08244885147068384 0.13956687673581464 0.08132076183857104 0.1438751940220872
0.1455995136566468 0.0918877504843837 0.2019651574418744 0.11026530058126044 0.12113951688902372 0.11094581693944906 0.12206822042369896 0.09612872358366294
0.10684935004675034 0.13056839017465463 0.10431300016400877 0.11382885297277584 0.12066076593402782 0.20997936034152537 0.0772056567989262 0.13659462356733099
0.10996273874442439 0.06704636075492015 0.2186587816566861 0.1340927215098403 0.10135412640224514 0.0986984440090713 0.14950337756395626 0.12068344935885628
0.10708712225142995 0.06490684149702057 0.26694150525678667 0.12981368299404114 0.09389773435207517 0.07578823000393665 0.14473256895007272 0.11683231469463702
0.12224594956328776 0.07447523170750482 0.20877783962616034 0.09309403963438102 0.1414067855138171 0.10989676389233284 0.13839054250125893 0.11171284756125723
0.10928208259939005 0.0640814214534549 0.26091121477526524 0.1281628429069098 0.10215277537173241 0.07717109882708606 0.1428920054499427 0.11534655861621883
0.08381483831627241 0.11128103931873085 0.1410590966413511 0.13910129914841354 0.09862474919147883 0.1648504502876026 0.0943469681180544 0.16692155897809624
0.10405281713815603 0.06723549985225089 0.2364789782734764 0.13447099970450177 0.09665340999136919 0.09015926578490627 0.14992512952128778 0.12102389973405162
0.10512639629887785 0.06458195320180646 0.2742206048904916 0.12916390640361292 0.0927234576658217 0.07392804923360213 0.1440081165425356 0.11624751576325162
0.10388776033579765 0.06355517085775131 0.2887261196779919 0.12711034171550262 0.0905593434516209 0.07004341125099468 0.14171854516638874 0.11439930754395236
0.10303672459296848 0.06317299944866547 0.29427110066790746 0.12634599889733095 0.08961060572725917 0.0689848116936346 0.14086635996463615 0.11371139900759787
0.10262711199829742 0.06303054190245228 0.29639138405777576 0.12606108380490455 0.08922757592478978 0.06865862598846517 0.14054870089890104 0.1134549754244141
0.09476298831494001 0.1276699751512492 0.17181169893869006 0.15958746893906148 0.08239291887945337 0.1389647761407105 0.08118145159073999 0.14362872204515534
0.12293367421504005 0.07671579923268529 0.16931674623245954 0.09205895907922235 0.14504673167455343 0.13272905884522984 0.1461253318717815 0.11507369884902793
0.07364876781338409 0.09462752823092978 0.07084150845386272 0.08249579384234905 0.1539066927720892 0.26623200642437955 0.0932561147783076 0.1649915876846981
0.10237034175797778 0.06743733155528238 0.20330900882474728 0.13487466311056476 0.11011979919034424 0.11012647466666213 0.15037518409491324 0.12138719679950827
0.1401645113799499 0.08645071663156616 0.21597198352988106 0.10806339578945769 0.12796717334738614 0.10364254123852347 0.12048262187272372 0.09725705621051191
0.08887788893603407 0.10974497490301105 0.129253526726579 0.1371812186287638 0.10345120071553975 0.17382907510039416 0.09304465263516155 0.16461746235451657
0.1055143685260103 0.0673256426540006 0.2311245309759657 0.1346512853080012 0.09807082359735374 0.09200105764642724 0.15012613451504012 0.12118615677720106
0.1405202697736729 0.08603388688609526 0.22616635339474808 0.10754235860761908 0.1241232015226918 0.09892410276997048 0.11990170429834543 0.09678812274685715
0.1129538370863229 0.06356487937699673 0.26761387646126167 0.12712975875399346 0.09788233225336705 0.07469833947419069 0.14174019371527327 0.11441678287859411
0.10577583664988605 0.0635134789274534 0.2857567669924943 0.1270269578549068 0.09180191568521517 0.07017520343612756 0.14162557838450057 0.11432426206941615
0.10354836796226939 0.06320246553786005 0.2930404456595665 0.1264049310757201 0.09005794987193325 0.06904933697888636 0.1409320649456163 0.1137644379681481
0.13767835001464093 0.08445106133298581 0.24772774672253314 0.10556382666623226 0.11985955242477843 0.09201623000388388 0.11769578883533656 0.09500744399960903
0.11144350546682931 0.06304563331964745 0.2761923660018884 0.1260912666392949 0.09623850676083909 0.07292422932933955 0.14058235250679593 0.11348213997536538
0.14041980553421532 0.08457480736812403 0.24140140798544704 0.10571850921015503 0.12181286620047664 0.09305769708410526 0.11786824832833703 0.09514665828913953
0.1123064507876638 0.06316179154777556 0.273604024197448 0.1263235830955511 0.09683329161947721 0.07323826594761566 0.14084136801847266 0.11369122478599601
0.08434007465500004 0.11112576773111724 0.1440781207574405 0.13890720966389652 0.09749739062066552 0.16314746015969195 0.09421532481551244 0.16668865159667584
0.10406162811635127 0.06714710137296737 0.23770143972969934 0.13429420274593473 0.09643947397430179 0.08976335748311587 0.1497280141062884 0.12086478247134126
0.10507040650351021 0.06453534719948284 0.2746709322554725 0.12907069439896568 0.09276486566215993 0.07381993690786604 0.14390419211347366 0.11616362495906912
0.10384623030699025 0.06352895705221848 0.28887322627854733 0.12705791410443695 0.09067537630428849 0.07000608096696627 0.1416600922925588 0.11435212269399325
0.10301045883722515 0.06315499395414252 0.2943022754163756 0.12630998790828504 0.08974935683330809 0.06896772753396983 0.1408262103992372 0.11367898911745655
0.1026089432039215 0.06301568074952593 0.2963785914426819 0.12603136149905186 0.08937354742456942 0.06864808758514487 0.1405155627459578 0.11342822534914669
0.13728074234328977 0.08437996332090192 0.24891000391123028 0.10547495415112737 0.11957634234227234 0.0918538325818919 0.11759670261327188 0.09492745873601464
0.11130637682556609 0.06301958507734741 0.27666673058733005 0.12603917015469482 0.09614091143321853 0.07286770396835358 0.1405242688142642 0.11343525313922533
0.10504924934278878 0.06328940683009923 0.2892710898526606 0.12657881366019846 0.09113614094841864 0.06962843602065827 0.1411259310509974 0.11392093229417863
0.1032480894124901 0.06311494694403824 0.2943938170172444 0.12622989388807648 0.08980309528898309 0.06886634140602849 0.14073691154387036 0.11360690449926883
0.10265645053536882 0.0630084175844654 0.29640311925270324 0.1260168351689308 0.08937674519116447 0.06862391364340217 0.14049936697192733 0.11341515165203774
0.10244666476635626 0.06296181149742347 0.29718120277411064 0.12592362299484694 0.08922535340560331 0.06853464151234084 0.1403954423539562 0.11333126069536226
0.12021968453444033 0.07391861974405552 0.21834597944690354 0.09239827468006939 0.13962344449266523 0.10725982631959005 0.13735624116619272 0.11087792961608327
0.10841085610005283 0.06382504540648795 0.2647246592651971 0.1276500908129759 0.10172879446550684 0.07645514708781286 0.14232032513028806 0.11488508173167833
0.10481671628248379 0.06360102624901437 0.28468976806238544 0.12720205249802874 0.0928170221513163 0.07057077166372829 0.1418207958448171 0.11448184724822587
0.10335967909321697 0.06322813527311452 0.29263420221079883 0.12645627054622904 0.09037717174442722 0.06914459301667747 0.14098930462392997 0.11381064349160613
0.08264328541035687 0.11115134185805704 0.1486696761981389 0.13893917732257133 0.09611455153621183 0.16151794766009528 0.09423700722748315 0.16672701278708557
0.10277114012748585 0.07425418878254818 0.23834567227477063 0.1327758590943169 0.09543323054890161 0.08888646174312918 0.1480351742439623 0.11949827318488525
0.1043115092319012 0.06924181886860857 0.27426162011775196 0.1282416283813541 0.0922114746355621 0.07333463784716833 0.1429798453744351 0.11541746554321868
0.10327309059071937 0.06789158652769084 0.28811766185476606 0.12631494830809487 0.09026509298127952 0.06962242538531785 0.14083174087484604 0.11368345347728535
0.10249769335485033 0.06742314919491012 0.2934349494113306 0.12559209340930724 0.08938164869178022 0.06861177026235168 0.1400258116070933 0.11303288406837653
0.10211575694784118 0.06725080153531662 0.29547703029457484 0.12532222642163462 0.08901873551968018 0.06830051544631552 0.13972493005516573 0.11279000377947117
0.10195033197469397 0.06718609229029299 0.2962624526847353 0.12522044581999198 0.08887552066749209 0.06819530304489932 0.1396114522799015 0.1126984012379928
0.08179405924709363 0.11817623993587559 0.14880639707506624 0.13766721826064446 0.09507601353776736 0.15990512286269004 0.09337428716808929 0.16520066191277336
0.10257591949869005 0.07476493353943023 0.23844123114418264 0.13280493081621503 0.09521563485180634 0.08860532537073511 0.1480675870443472 0.11952443773459352
0.10426986092119128 0.06928254666730321 0.2743145793940032 0.1282533333618086 0.09216935493446524 0.07328942914146495 0.14299289555413586 0.11542800002562774
0.10326288273546078 0.0678944810887533 0.28814092470326735 0.12631536010338446 0.0902558541796075 0.06961447310061772 0.14083219999586297 0.113683824093046
0.10249471495093065 0.06742298145166802 0.29344435878344793 0.1255914231467505 0.08937916752425516 0.06861000899651007 0.1400250643143621 0.11303228083207544
0.10211478312471423 0.06725058225358625 0.295480719698486 0.12532183150746515 0.08901794017549224 0.06830000512819956 0.139724489755338 0.11278964835671863
0.08183055922140416 0.11819380685712565 0.14862332679562618 0.13767994415304172 0.09511472583150528 0.15995878551471435 0.09338291864293263 0.16521593298365003
0.10199502664787204 0.0806163716791019 0.23729747186879277 0.13172676865632327 0.09470439685852826 0.08824035580276045 0.14686551669593054 0.11855409179069093
0.1037846532899541 0.07358888433848612 0.27325591351867656 0.1275848807988193 0.09174355525020732 0.07296809925399692 0.1422476208309224 0.11482639271893735
0.10283744648481459 0.07172078621361964 0.28721926761896166 0.12571542805749225 0.08987939806067564 0.06932046777695186 0.14016332053574135 0.11314388525174301
0.119557097629833 0.08327977554681405 0.21417449641129768 0.09149526315200614 0.13899919060003882 0.10668600699790438 0.13601385387969867 0.10979431578240735
0.10756706138941059 0.07336182387117561 0.26163075464386887 0.12623590359104148 0.1010058834193701 0.07584264793900512 0.140743611914191 0.11361231323193732
0.12111057621085888 0.08367518827526342 0.20553863651779716 0.09168548154595955 0.14300366949851914 0.10866724379827761 0.1362966262981727 0.11002257785515145
0.10822465820422486 0.07360146530133688 0.25803450351944784 0.1265703840313644 0.10214765753405265 0.07639145313742134 0.14111653264392415 0.11391334562822795
0.13864290364318904 0.09568597399905854 0.23347028460845665 0.10480935321895249 0.12292154674032649 0.09328691264735148 0.11685460724560821 0.09432841789705722
0.11124513663506697 0.07414171545918725 0.26888163592823006 0.12484891761390049 0.09656815753320504 0.07275318492180466 0.13919722605609502 0.11236402585251044
0.10457147432983659 0.07171632578874948 0.28512381759824806 0.12554247976423616 0.09086011736229863 0.06922705727346865 0.13997049609534984 0.11298823178781253
0.10254312939481915 0.0711362783604833 0.29172845876315134 0.12504400381181643 0.08926165405491605 0.06833213957607907 0.1394147326080998 0.11253960343063481
0.0814589694380228 0.12431302004052044 0.14713568351516368 0.1366969903376695 0.0946276008748586 0.15901512785518587 0.09271621953337583 0.16403638840520338
0.1015290157626942 0.08542828645156976 0.23591055808582181 0.13102213795524664 0.09426836203006586 0.08784180950626899 0.1460799060486108 0.11791992415972197
0.10343930789880837 0.07687441572722087 0.27226112495454513 0.1271226785630693 0.09143595898545853 0.07272380333337004 0.1417322998307653 0.11441041070676236
0.10253994072925351 0.07451694200333615 0.2864631887644767 0.1252942849248818 0.08961504423445359 0.06911196553973184 0.13969377737147268 0.11276485643239362
0.11916699719097988 0.0863421267952762 0.21360959848669153 0.09114821915066804 0.13853672120388535 0.10632052452891311 0.13549794966278414 0.10937786298080165
0.09580276922810138 0.149785254922435 0.14572280639032767 0.15389749783832926 0.0899646672642041 0.14803226827130395 0.07828698803080228 0.13850774805449634
0.13698585642166572 0.1166787459786655 0.1916772578107668 0.10655094755002588 0.12147609627961956 0.11193888820920432 0.11879635495502887 0.09589585279502329
0.12828760498304487 0.09339244490676923 0.17975189406746492 0.09023793506709428 0.1485259508581302 0.11737389680291489 0.13414475123406852 0.10828552208051315
0.11048104089402216 0.07831163657891692 0.246551166055402 0.12687612239627064 0.10384894932837994 0.07828516648586603 0.14145740810449872 0.11418851015664357
0.13921640482850478 0.0998177093025193 0.22878101898286332 0.10458308571965944 0.12327137152781804 0.09360329662141088 0.11660233586953074 0.09412477714769349
0.09977610082521418 0.15316039630618491 0.14936234589825184 0.15289168544511644 0.08655732404258909 0.1428742949425665 0.07777533563947228 0.13760251690060482
0.09132092511567443 0.1699049617832809 0.12756899658830956 0.1541922509181625 0.0795564435458939 0.16024646858135416 0.0784369276409783 0.13877302582634624
0.10941564927131708 0.06888434958003421 0.23282811912594134 0.13776869916006843 0.0919929648160553 0.08648855939120993 0.15251561323377538 0.12010604542159811
0.09852854167606755 0.152358005584762 0.11028968646175859 0.11370881639520017 0.11340956604290842 0.19813056347962307 0.0771242406854401 0.13645057967424018
0.08993741345484459 0.16769096877815978 0.1156042200351554 0.15173080030505368 0.08376820578985264 0.17752587294633668 0.07718479841604904 0.13655772027454827
0.10429565171134156 0.09300481834980709 0.22158508163286803 0.1316272615902196 0.09239618202363017 0.09187189551781054 0.14675457374312542 0.11846453543119763
0.1046075185469114 0.07843227147747153 0.26649658433429657 0.12776767782543316 0.09146300275370285 0.07379060914526696 0.1424514258740277 0.11499091004288985
0.09356156899109211 0.1491033689421571 0.1613058026119842 0.15620880370342224 0.08155151352551648 0.13821827961752853 0.07946273927521914 0.14058792333308
0.10381605108262364 0.08878558956473949 0.2414017373658014 0.1299580878597554 0.09067854170284774 0.08350414375159093 0.14489356959886163 0.11696227907377987
0.10377224054846268 0.07722644593917075 0.2743918683978836 0.12681922271597862 0.09045567569028802 0.07180327705661767 0.14139396920721795 0.11413730044438075
0.10254051460373867 0.0745113051225011 0.2872878947241942 0.12518679365226235 0.0893329432471344 0.06889850173889456 0.13957393262423873 0.1126681142870361
0.10176868990071489 0.07373441060497042 0.2922809732358687 0.12454084195812269 0.08867164680880886 0.06806293503858064 0.13885374469062337 0.11208675776231043
0.0927409488091514 0.14728945615360867 0.16817564639045313 0.1557194465621076 0.08082147081535612 0.1358917239383541 0.07921380542507213 0.14014750190589684
0.10337215325378397 0.08829379697366671 0.2442782311739873 0.12964042905076084 0.09030494639472432 0.08289465327467817 0.14453940373271393 0.11667638614568475
0.10356048380871662 0.07707054475990983 0.2755342257630524 0.12667950269467845 0.0902827645652842 0.07162273417281231 0.1412381918103355 0.1140115524252106
0.13648420244029064 0.09919242545519281 0.2395787439653905 0.10418924645456112 0.11891347186238975 0.09170835353313422 0.11616323447993605 0.093770321809105
0.11022528799666903 0.07756516581997366 0.2709099744018659 0.12402965812084622 0.09524427495847149 0.07211513353330443 0.13828381286010766 0.11162669230876161
0.10400705977238517 0.07447768786445269 0.2855554420094946 0.12497752086631368 0.09028325005480518 0.0688786615675882 0.1393406090852781 0.11247976877968231
0.10215091165863353 0.07374926797742913 0.2915506672688131 0.12456989195139732 0.08890190647810842 0.06807831864414614 0.13888613326521462 0.1121129027562576
0.1015153756514346 0.07349647041372344 0.29392036266296206 0.12432158810169508 0.08843787982516325 0.06780960105056137 0.13860929300293465 0.11188942929152557
0.10128298928439299 0.07339772895855966 0.29484688141047793 0.12421426499188208 0.08826769899330075 0.06770796212401238 0.13848963574468046 0.11179283849269388
0.1011954008644528 0.07335861408185171 0.29520778727990177 0.12417116997466447 0.08820303050137754 0.06766835630402472 0.1384415880165289 0.11175405297719802
0.08084644776411443 0.12846700777594205 0.1475224960210993 0.13591683580402325 0.09396010322596933 0.15799983520303415 0.09218707124098967 0.16310020296482788
0.13274304483121147 0.11273504626543213 0.1932360139476484 0.10721461420403532 0.12324202105195357 0.11479981316920039 0.11953629374688712 0.09649315278363177
0.11108082776093373 0.08100827911658064 0.25214946307097746 0.12621650692615188 0.09776039519024864 0.07746768562121943 0.14072198608035144 0.11359485623353671
0.10491231370191595 0.07553222892965322 0.27821176953979315 0.12590749061101844 0.09144315490130431 0.0702988448165016 0.1403774559498967 0.11331674154991661
0.11996161802813256 0.08662318784072853 0.21089677272985546 0.09126303127249895 0.13930234909118067 0.10676877791745722 0.13566862559314768 0.10951563752699874
0.14139785839725674 0.10074266339698311 0.21358071738335152 0.10345181378936148 0.1327612605241042 0.09961800200799077 0.11534105209052689 0.09310663241042531
0.12876053080062877 0.08990418763638638 0.18647957067155774 0.08955598742108309 0.15142799299955798 0.11327355530966715 0.13313099025581904 0.10746718490529969
0.11030132844871685 0.07753655344201393 0.24925083793465247 0.12648780630612533 0.10421973531205428 0.0773402482381248 0.1410244646427994 0.11383902567551281
0.12172523029080116 0.08716870880005113 0.20108961727210692 0.09146898907699343 0.1438951602072227 0.1089147117579168 0.1359747957025156 0.10976278689239212
0.10824998184450979 0.0769041136969443 0.2557083417869871 0.12622159343807163 0.10224555712709552 0.07634332085057563 0.1407276571615515 0.11359943409426446
0.12107198132968694 0.08699751145819697 0.20325146891791862 0.09140371564250603 0.14314035408769216 0.10857274743487873 0.13587776235811344 0.10968445877100723
0.08354387147299776 0.13022975450876487 0.12404518848382973 0.13363225629788494 0.10525436151035757 0.17229832981013776 0.09063753035856544 0.1603587075574619
0.07611502176831673 0.14121654786096005 0.10461049636447402 0.13378277969930932 0.09616997042958238 0.19682622374648095 0.09073962449170546 0.16053933563917117
0.10148051612079971 0.08928151819865691 0.21742154656940202 0.13265609863281086 0.09589390446911664 0.09597427697295306 0.1479016502667309 0.11939048876952979
0.1377066952311317 0.10316537878053922 0.21899979068362957 0.10583761439725278 0.12228681067479723 0.09874881555161782 0.11800104172350422 0.0952538529575275
0.11128872451530666 0.07874548806048977 0.26258062434748075 0.12497029225468367 0.09672271583001804 0.07388634224004652 0.13933254972275924 0.11247326302921529
0.10455979541993986 0.0748799858357794 0.28227571142257146 0.12536807579284995 0.09091678694583083 0.06939232768698754 0.13977604868247598 0.11283126821356496
0.09342308161974983 0.1477655265260061 0.16551943025732485 0.15587304934576632 0.08137174565022885 0.1364694796964532 0.07929194249328113 0.14028574441118968
0.10362422877074044 0.08843961178083919 0.2431471788762604 0.12974637117828072 0.09054629461509026 0.08306705941956657 0.14465752129876971 0.11677173406045264
0.08134620105586328 0.13264528609182757 0.13491874872627013 0.13622767114152137 0.09460747203330179 0.1643835168940974 0.09239789868729276 0.16347320536982562
0.0759042843858955 0.14220672100585516 0.10740515939377752 0.13421793079972297 0.09405270660078437 0.1941169103988326 0.09103477045546426 0.16106151695966753
0.10136865671876112 0.08938767314184733 0.2187067970311148 0.13259329007378187 0.09536756402662346 0.09541043453084823 0.1478316234106195 0.11933396106640369
0.1040280541850946 0.07797112857186869 0.2654046523173706 0.127955942329298 0.09230108225725236 0.07451746549650047 0.14266132674624712 0.11516034809636819
0.10292709162374375 0.07487050070979079 0.2837787071717018 0.12562238949301105 0.09008206806738864 0.06959950291113282 0.14005958947952127 0.11306015054370995
0.09306567705850517 0.14776743593836525 0.1659227752625932 0.1558848428609015 0.08121947754605979 0.1365454909556093 0.07929794180315426 0.14029635857481135
0.07816895241167635 0.14634649313861464 0.11482972479260178 0.13418631708866355 0.09112692413071474 0.1833046798190218 0.09101332811231093 0.16102358050639623
0.13256178661525986 0.11710749657475694 0.18080335768480316 0.10776769520041458 0.12314311210164432 0.12147268835959919 0.1201529377831488 0.09699092568037312
0.1272332563651731 0.09362640991379714 0.17615804997812473 0.09041579897016311 0.1494631393110003 0.1201952288254824 0.13440915787206337 0.10849895876419573
0.14434210590878432 0.1026060057598804 0.2003376883797596 0.10384981388287866 0.13641690617314242 0.1031978549076648 0.11578479249329905 0.09346483249459078
0.1133722534642968 0.07895022030833543 0.25445593649208575 0.12537203074969697 0.10026699547921929 0.07496727766742416 0.1397804581642144 0.11283482767472729
0.10531502451876809 0.07509438680243052 0.2789900922922093 0.1256832619633943 0.0919238076804335 0.0697510332344325 0.1401274577412769 0.11311493576705486
0.10268502258866365 0.07400769787860356 0.2889663336836992 0.12486055053582379 0.08951392647891845 0.0683817774561387 0.139210195895911 0.1123744954822414
0.1017263559693725 0.07359770117910731 0.29290201486277084 0.12443030785984525 0.08870569876783535 0.06792013686735052 0.13873050741985732 0.11198727707386072
0.10136204339615572 0.0734340266667455 0.2944397253478282 0.12424975460441086 0.08841291427896916 0.06774755254774932 0.1385292040141715 0.11182477914396978
0.11865327065502299 0.08600408252461213 0.2161550801954365 0.09097687348164174 0.13801314959599092 0.10578206255184042 0.13524323281748532 0.10917224817797007
0.1408242413489368 0.100501103316504 0.21550027449789674 0.10332364505351788 0.13238250878975108 0.09927879293033504 0.11519815351489232 0.09299128054816608
0.11198527497002606 0.07824885728865949 0.26077753052137836 0.12476518674585972 0.09891288345631706 0.07391772655968365 0.1391038723868018 0.11228866807127376
0.12196673037349606 0.08711323746347024 0.20483930708976283 0.09124517313545076 0.14194045202685182 0.10775881387542896 0.13564207827299846 0.10949420776254092
0.12387059537556624 0.08793844880926784 0.18411400097843053 0.09020944333232367 0.1554159992026244 0.11609778394629088 0.13410239635670804 0.1082513319987884
0.10921169754393505 0.07731638134827394 0.24834571651431026 0.12665265012568996 0.10533950205009306 0.07793841410474045 0.14120825319983643 0.11398738511312097
0.10456989294501337 0.07503898456335174 0.27665604191443044 0.1260436718533697 0.09326617715427626 0.07045663902918663 0.14052928787233906 0.11343930466803273
0.0815564989896372 0.1290450215675057 0.14312214075239096 0.13609683093458622 0.09527016624014151 0.15928398949947223 0.09230915489476284 0.16331619712150344
0.10165174849779121 0.08627134241317362 0.23414001471594578 0.13113765898973018 0.09457699088245937 0.08798964802905553 0.14620870338108719 0.11802389309075714
0.10352393317361336 0.07704689283416895 0.27153992259874377 0.12719205310076903 0.09162129983479034 0.07279340340412614 0.14180964726309622 0.11447284779069214
0.10257872416343954 0.07455672484450332 0.2861688011999664 0.12531573310787822 0.08973778904801658 0.06914037734420249 0.13971769049490304 0.1127841597970904
0.10181089013631126 0.07376555206728092 0.29183569744740984 0.12458232357203414 0.08885281679544994 0.06812863517219139 0.13889999359449176 0.11212409121483073
0.10142182392912094 0.07348964722104713 0.29402958089525605 0.12430383839276593 0.0884810119796797 0.06781113962655715 0.1385895034020838 0.11187345455348935
0.0808903702158105 0.12850365290478394 0.14723961365682597 0.1359193255828752 0.0940927684236674 0.15806231855602781 0.09218875996055882 0.16310319069945023
0.0876864891334279 0.16321203031268078 0.12755782388280779 0.1552049426024717 0.08148899935920152 0.16621318686940675 0.07895207949777909 0.13968444834222452
0.10348088838060497 0.09204205343261242 0.22705511568998443 0.13139408357879095 0.09172687074016982 0.08955171529519892 0.14649459766172662 0.11825467522091186
0.10422026847309872 0.07813835419490654 0.26870411922434256 0.12752271109978233 0.09121829238360069 0.07324750837843907 0.14217830625602598 0.11477043998980409
0.10285124896857208 0.07480434328521625 0.2850631074259932 0.12545792239444867 0.089742673007961 0.0692923538245167 0.1398762209382883 0.11291213015500381
0.1019164234712606 0.07383387536287465 0.29140657930155694 0.12463695600885913 0.08888921319495968 0.06818278756801183 0.13896090468450412 0.11217326040797321
0.10146240567443984 0.07351164893720152 0.29386305591173634 0.12432462502531841 0.08850233153382968 0.06783109144854908 0.13861267894613857 0.11189216252278657
0.10126610252979949 0.07339630811564204 0.2948151737691139 0.12420574509646645 0.088341737550871 0.06770962565418216 0.13848013669710513 0.1117851705868198
0.1351066419085991 0.09794410959613027 0.2463383718179013 0.10361454621943983 0.1178714161891778 0.09034933606540264 0.11552248660585307 0.09325309159749584
0.10963518330213114 0.07718379207492641 0.2736234548070858 0.12370853064328162 0.09488113661795712 0.07170444528830422 0.13792577968736022 0.11133767757895344
0.1037608694089636 0.07434060537644657 0.28660972646073785 0.1248355842815978 0.09018226378359508 0.0687365644496188 0.1391823603856023 0.11235202585343802
0.10204736870535142 0.07369415572460877 0.2919501658851694 0.1245066617619878 0.08890622240912385 0.0680237936052758 0.13881563632269384 0.11205599558578902
0.10146935890276428 0.0734714037802405 0.29406437843891353 0.12428972730090654 0.08848431436909922 0.06778629204953288 0.13857377058772713 0.11186075457081589
0.10125978012706645 0.07338405412562095 0.29489157207400285 0.1241946251619645 0.08833078489718671 0.06769628216840912 0.13846773879998128 0.11177516264576803
0.13510200905911202 0.09793958657080502 0.24636501553411883 0.10361219615701175 0.11786594473238911 0.09034440494362926 0.11551986646162356 0.09325097654131057
0.10963308526933742 0.07718237872808766 0.27363418430409914 0.12370732144725023 0.094879088952458 0.07170292047221875 0.13792443152402376 0.11133658930252521
0.10375998371761205 0.07434010418618921 0.2866139424981032 0.12483507854905287 0.09018148566179238 0.06873603816154672 0.13918179653155596 0.11235157069414758
0.11944736992585336 0.08625976187410253 0.21358340504486611 0.09108528581311594 0.13875407667099435 0.10616336266568167 0.135404395029647 0.10930234297573913
0.12307440683826254 0.08772136000118091 0.18708232359260515 0.0901402607497693 0.1542325915495683 0.11558119256774108 0.1339995518011496 0.10816831289972316
0.108918697061852 0.07721337896156212 0.24960447710925043 0.1265376971273015 0.1049846637313876 0.07777706940885978 0.14108008918521525 0.11388392741457137
0.10445595289921118 0.07499120900687388 0.27716051662858576 0.1259874011740299 0.09315097674112736 0.07039873222936538 0.1404665502641796 0.11338866105662691
0.10255088012475118 0.07404649530444869 0.2882681119357476 0.12495961125858566 0.08984551031824828 0.06854509971629215 0.13932064120919924 0.11246365013272709
0.10172015541954872 0.07362324180815279 0.2926336656048485 0.12446564576113253 0.08880178036098656 0.06796652331767591 0.13876990654263582 0.11201908118501928
0.08095461364420269 0.12855307989679407 0.14691120245212486 0.13593779684459165 0.09417520994220231 0.158141452711982 0.0922012882945926 0.16312535621350996
0.10137873856504274 0.08608932216985317 0.23575920676541234 0.13097402659783994 0.09421734783021564 0.08767846865807807 0.14602626547550215 0.11787662393805595
0.10340065465527812 0.07697518959765741 0.2721887429077304 0.1271159526786487 0.09149225215262564 0.07269804962570774 0.141724800971568 0.11440435741078382
0.10252608444918201 0.07452839668998273 0.28642347965595927 0.12528482342378564 0.0896898049583089 0.06910784123754171 0.13968322850383263 0.11275634108140707
0.11915009858982267 0.08633374604346407 0.21357897871590498 0.09113526654341281 0.13864817083820033 0.10631272467495163 0.135478694742148 0.10936231985209538
0.14105361026800048 0.10062079633293555 0.2145544886480395 0.10338105819305093 0.1326324573067615 0.09945247199655707 0.11526216488090903 0.09304295237374584
0.11207485317948346 0.07829148731370031 0.26038623265460564 0.12480496681774014 0.09899873689784984 0.07397102880236817 0.13914822419828637 0.11232447013596614
0.12199887676151626 0.08712627863619268 0.20471128033631814 0.09125149627475926 0.1419789537723141 0.10777984064491955 0.135651478044269 0.1095017955297111
0.10817845394032305 0.07679474264324433 0.2571819054513967 0.126041516719016 0.10179818712221489 0.07604094401832509 0.14052688505836558 0.1134373650471144
0.10402703168447326 0.07474272688403338 0.28019806843269857 0.12566663077047224 0.09223406140044729 0.06992259793214756 0.14010891520230262 0.11309996769342502
0.10234288128682627 0.07392991327731213 0.28946009081109114 0.12481976297386739 0.08955479463299061 0.0683900495332543 0.1391647208081775 0.11233778667648064
0.1016286543702247 0.07357410688925602 0.2930981609782373 0.12440953558497672 0.0887026859082936 0.06791092635898392 0.13870734788354866 0.11196858202647905
0.080934686813123 0.12853527135865103 0.14702053535688628 0.1359314642558318 0.09414986816340663 0.15811342379766938 0.09219699314743375 0.16311775710699813
0.1011264661580765 0.08847099160926912 0.23536910740744418 0.13052558935775546 0.09399369524715777 0.08751482838004339 0.1455262914182736 0.11747303042197992
0.13670515510981968 0.10458248560074442 0.2250417466461959 0.10500586211946222 0.12096251024978556 0.09612326436164288 0.11707370000483325 0.09450527590751599
0.1106244372608379 0.0806932920354283 0.2647071780630695 0.12430925265615884 0.09607667047296013 0.0731153022192851 0.13859553990171739 0.11187832739054294
0.10416300476550308 0.07654849672052248 0.28287178741004526 0.12496348674626039 0.09057935696853352 0.06908176722875986 0.13932496208874104 0.11246713807163433
0.09304562752272091 0.1507205417689439 0.16529035685784638 0.1552613138471667 0.08106023514996748 0.1359059870860416 0.07898075530486308 0.13973518246245004
0.10324054244017683 0.09169703745099625 0.24252503108962362 0.12920446937542288 0.09022551636129204 0.08277003961559158 0.14405334122901625 0.1162840224378806
