0.125 0.125 0.125 0.125 0.125 0.125 0.125 0.125
0.09592326139088728 0.15987210231814547 0.08633093525179857 0.14388489208633093 0.11990407673860912 0.19984012789768185 0.10791366906474821 0.08633093525179857
0.08769198837691987 0.1551473640514736 0.07644942576449425 0.13525667635256675 0.10523038605230385 0.18617683686176836 0.0917393109173931 0.1623080116230801
0.09848805527924762 0.07755934353240751 0.19697611055849523 0.15511868706481502 0.08586138152549792 0.07904198308588142 0.17172276305099585 0.13523167590265928
0.07370413051744652 0.12284021752907755 0.10442072891456226 0.14740826103489305 0.09213016314680815 0.1646799767874262 0.1105561957761698 0.1842603262936163
0.09033870911299731 0.15056451518832886 0.08919522857901124 0.13550806366949597 0.11292338639124665 0.2385342111051005 0.10163104775212199 0.08130483820169758
0.06127081756400936 0.1084022156901704 0.053415584542982515 0.09450449572989214 0.12254163512801872 0.26402509079917763 0.10683116908596503 0.18900899145978428
0.09420449954664949 0.07604459601958452 0.18840899909329897 0.15208919203916904 0.08478404959198453 0.09802029169009216 0.16956809918396906 0.13688027283525214
0.09499899836009172 0.07481171120857225 0.22331604406588484 0.1496234224171445 0.08281963959597739 0.07834997279671004 0.16563927919195479 0.1304409323636644
0.07150266006819404 0.11917110011365675 0.11754812804311898 0.1430053201363881 0.08937832508524254 0.17338382628062324 0.10725399010229109 0.1787566501704851
0.1046635274982552 0.08242252790487598 0.15039135098433415 0.09890703348585117 0.14206939342333713 0.14091708359864943 0.1569952912473828 0.12363379185731395
0.08325333220873483 0.1472943569846847 0.08272965979927653 0.1284104650635713 0.0999039986504818 0.21721983552167348 0.08709579369529181 0.15409255807628552
0.10005077852550386 0.07286650096049735 0.21117712277780065 0.1457330019209947 0.08853526438723831 0.09325562392292784 0.16133242377904172 0.1270492837259954
0.07638975296407949 0.11591759922171128 0.1216843226467157 0.13910111906605355 0.09450323048772293 0.17420173748160986 0.10432583929954017 0.17387639883256692
0.07372032008716928 0.11425313372442511 0.10406242608482484 0.13710376046931014 0.09965439479452579 0.19699844390112453 0.10282782035198261 0.17137970058663765
0.061596675127698 0.09564531350190723 0.06344890545048938 0.08608078215171651 0.1346588526461399 0.2831109682365563 0.10329693858205981 0.17216156430343302
0.05639807128022968 0.09978120303425252 0.052170134194278545 0.08698874110678426 0.11279614256045936 0.31955312696797533 0.09833509864245177 0.1739774822135685
0.11980644743495121 0.09671122865231004 0.15741278729935063 0.12088903581538754 0.1078258026914561 0.1537723125083757 0.13478225336432015 0.10880013223384878
0.09016749217131542 0.07278580693347148 0.22786326642852817 0.14557161386694295 0.08115074295418388 0.08914513925694167 0.16230148590836777 0.13101445248024868
0.09552823982096091 0.06903225313541633 0.26307085812695186 0.13806450627083267 0.08720802668729692 0.07388910354959202 0.15284308386514645 0.12036392854380283
0.09372808367861594 0.14246365847418757 0.1270014554068863 0.12821729262676884 0.12329632821627208 0.21219983655113148 0.09616296947007662 0.07693037557606129
0.05687477362421325 0.10062459948899269 0.06313914697548031 0.0877240098109167 0.1137495472484265 0.3032736312699705 0.09916627196016671 0.1754480196218334
0.08979280277479522 0.0724833468182082 0.2043509839419886 0.1449666936364164 0.0808135224973157 0.11549558106386994 0.1616270449946314 0.13047002427277474
0.09508576779872738 0.06868604457410171 0.262108741747661 0.13737208914820342 0.08682086336797641 0.07808966086900154 0.15207654964717676 0.11976028284715172
0.07438286096683784 0.11305220720859789 0.1370196807580204 0.13566264865031744 0.0978540982945629 0.17070320682102866 0.10174698648773808 0.16957831081289682
0.07232301765199502 0.11214536687239993 0.10931507506117866 0.13457444024687992 0.09857774674464567 0.20391547292914108 0.10093083018515996 0.1682180503085999
0.07167886080099789 0.11134375443642597 0.10285064242269831 0.13361250532371116 0.0980128779581602 0.21527634841058432 0.10020937899278337 0.16701563165463895
0.07113927561202797 0.11051859803086272 0.1009103157963683 0.13262231763703528 0.1010985091862109 0.21846634846342428 0.09946673822777646 0.1657778970462941
0.05961805524973464 0.09263984457894953 0.06324387147803427 0.08337586012105458 0.13924622845117568 0.2950733877336767 0.10005103214526548 0.16675172024210916
0.05454183026263869 0.09649708431082231 0.054833418791746434 0.08412566324533226 0.10908366052527738 0.33756844053096885 0.09509857584254951 0.16825132649066452
0.0884076638282288 0.07136522260832928 0.20088778691602505 0.14273044521665856 0.08836708553509562 0.12065060030985833 0.15913379489081184 0.1284574006949927
0.07326790381150688 0.1120301158296386 0.12300113749727129 0.1344361389955663 0.10253271859270771 0.1858597072821767 0.10082710424667474 0.16804517374445788
0.06344988512236961 0.09349061118163185 0.06681027321176987 0.08414155006346867 0.14104244200472713 0.28181227821293325 0.10096986007616239 0.16828310012693734
0.07537927078247154 0.1333633252305266 0.07703444294598319 0.11626546302148473 0.10327050862619667 0.2763101197182008 0.07885831404935485 0.13951855562578167
0.08834622877978483 0.07131563046079017 0.21173865514590498 0.14263126092158035 0.08774896276375876 0.11082791529514596 0.1590232118036127 0.1283681348294223
0.098909581787691 0.0672355302701655 0.26603374992247086 0.134471060540331 0.09085396566577043 0.07639993910413316 0.14886499172555975 0.11723118098387832
0.06857918453630847 0.09690701186909247 0.09023299291736134 0.08721631068218323 0.14315649745030842 0.23481580836175986 0.10465957281861986 0.17443262136436646
0.07640810032047506 0.13518356210545587 0.08236129876470354 0.11785233619449999 0.10480807345111635 0.26202919770277533 0.0799346280275739 0.1414228034334
0.08823660246697083 0.07122713693116924 0.21464754718771611 0.14245427386233847 0.08775102733930036 0.10864868129585284 0.15882588444054752 0.12820884647610462
0.13454038306138555 0.09145015491695417 0.22000761406173117 0.109740185900345 0.12361375479944514 0.10349007907638767 0.12148689688601481 0.09567093129773667
0.07912561111275959 0.13999146581488237 0.10905466775852114 0.12204384199246157 0.10665860889412526 0.21389563164140918 0.08277756239488696 0.14645261039095386
0.08785145810484436 0.0709162372653563 0.22619792883947976 0.1418324745307126 0.08746166427876279 0.09995838531448308 0.15813262458871985 0.12764922707764134
0.13830969927039194 0.0907232135632906 0.22306682861426322 0.10886785627594874 0.12268977935939426 0.10091099197911935 0.12052119213291841 0.09491043880467326
0.057941950275473234 0.1025126812566065 0.08041198872256669 0.08937002981345182 0.13007338799935683 0.2599229120817392 0.10102699022390205 0.17874005962690365
0.0640625726863815 0.11334147475282882 0.09727637137855451 0.14167684344103604 0.08692006722849252 0.2306165993538911 0.09609385902957226 0.17001221212924322
0.11362838865219467 0.0770252535314783 0.14823101147496476 0.09243030423777394 0.14909054625833174 0.15734184691665185 0.14671476863138722 0.11553788029721743
0.07806286837503448 0.13811122866352255 0.0947511004719354 0.12040466088614787 0.10757680039349736 0.23494197815414108 0.08166576999234376 0.14448559306337744
0.08806429019046995 0.07108804147905405 0.22042177706541485 0.1421760829581081 0.08776948107423777 0.1040061302275721 0.1585157223428459 0.1279584746622973
0.09838981307393965 0.13281011476556898 0.15300808067748742 0.15937213771868275 0.08497538018821324 0.14914077378389395 0.08336388742208022 0.13893981237013367
0.10390831254295392 0.13670811501046534 0.10445064768107265 0.12303730350941881 0.124597652133217 0.24119760938515686 0.09227797763206412 0.0738223821056513
0.05454115925845139 0.09649589714956784 0.06085631965752321 0.08412462828423864 0.12275273901959942 0.31788259417561143 0.09509740588653064 0.16824925656847728
0.09864779490333032 0.07963135251232689 0.14363871427861782 0.09953919064040861 0.1331541170132715 0.17797010952855907 0.14797169235499547 0.11944702876849032
0.09444102601788568 0.06932008283034702 0.23820979126278125 0.13864016566069404 0.08769389996733075 0.092345446735682 0.1545734384306544 0.12477614909462466
0.08357844526078968 0.11069741994079005 0.13164158342712512 0.13283690392894804 0.10162687554811148 0.17394496403633944 0.09962767794671104 0.16604612991118506
0.11895829298712397 0.07632750602588748 0.1579554900753584 0.09159300723106498 0.15394123884117028 0.1413474800369685 0.1453857257635952 0.11449125903883121
0.08690283266435989 0.13727460875403835 0.09638740021353427 0.11967529993941804 0.10756983289197115 0.22740859260698892 0.08117107300238789 0.14361035992730165
0.10790114041239803 0.08008983734256535 0.15612734892315294 0.10011229667820667 0.13196000687371748 0.15485096078373273 0.14882365297237887 0.120134756013848
0.07149737561030617 0.11393774056370341 0.1147296789420764 0.14242217570462926 0.09547928566899115 0.19442774392594664 0.09659938873879202 0.1709066108455551
0.09509810809314703 0.13278043430342382 0.12531368495799444 0.15933652116410857 0.0874180483777765 0.17779918383874183 0.08334525722430296 0.1389087620405049
0.10240186665793814 0.13534523200045273 0.09798144804622953 0.12181070880040745 0.1256292202133126 0.25238706740110944 0.0913580316003056 0.07308642528024448
0.07415974667184554 0.1105643352097757 0.09941111853350511 0.13820541901221964 0.0921673059089299 0.22590624417120733 0.09373932767785331 0.16584650281466354
0.09786520375251266 0.06977586248257667 0.21962796572266033 0.13955172496515333 0.09057580904931721 0.1014171225308291 0.15558975902831274 0.125596552468638
0.10658367197755324 0.0660557585311605 0.2686847162427555 0.132111517062321 0.09126921063570947 0.07386810236897637 0.1462528801015519 0.11517414307997213
0.06837942633210102 0.10145263949862394 0.08702154562563214 0.08844589084495422 0.13358725908370436 0.24423914553512774 0.09998231138994824 0.17689178168990843
0.09676102528272512 0.06954603775392221 0.21352526910986463 0.13909207550784441 0.09618842516994887 0.10462701503302314 0.1550772841856116 0.12518286795705996
0.1063848899967072 0.06607356746970007 0.2670289727693356 0.13214713493940014 0.09244299297202871 0.0744249367346503 0.14629231055562406 0.11520519456255396
0.07712732099470919 0.11446870421156564 0.14041507062118563 0.14308588026445704 0.0905983958552327 0.1655520181648261 0.09704955357067523 0.17170305631734845
0.10486922136871142 0.06819897798353858 0.24000873145992507 0.13639795596707716 0.09402660315904365 0.0865893273543665 0.15099814417193724 0.11891103853540061
0.07679116058774055 0.11422337616906775 0.134127646436198 0.14277922021133468 0.09409162429759108 0.16981034998808273 0.09684155805638354 0.17133506425360162
0.1049525565582613 0.06829948376041291 0.2375234836230109 0.13659896752082581 0.09488961339495354 0.08742894354047802 0.15122067222492724 0.1190862793771302
0.0768054727917014 0.11423570811035574 0.13357287170808554 0.14279463513794466 0.09424926140982587 0.17013647527864292 0.0968520133979103 0.1713535621655336
0.07988479081055141 0.11001984751409755 0.1083767328949487 0.13202381701691707 0.10359039411245402 0.20205678361719706 0.09901786276268779 0.1650297712711463
0.08620735963453445 0.13342846810692774 0.08523658174429107 0.1163222542470652 0.11170649458587255 0.24861530326942996 0.07889683331540073 0.13958670509647825
0.099169163536747 0.06923459529865042 0.21200172817842314 0.13846919059730084 0.0969286067921042 0.10519163006489957 0.15438281399430406 0.12462227153757074
0.10695701641620275 0.06599846237443797 0.2668776531512077 0.13199692474887595 0.0925142754984064 0.07445540402208826 0.1461260217000173 0.11507424208876363
0.0769470217153667 0.11399830494389686 0.14014326803975108 0.14249788117987108 0.09372357495243887 0.1650417549525698 0.09665073680026039 0.17099745741584527
0.10483926134564538 0.06814345682484113 0.23997072939130773 0.13628691364968226 0.09460783263625157 0.08646235797776827 0.15087521576196 0.11881423241254353
0.07678437472915489 0.1142164884948471 0.13412144100697826 0.1427706106185589 0.09419050205938616 0.16975613184230315 0.09683571850650081 0.17132473274227064
0.07993942099625383 0.11001335902295968 0.10851256564110741 0.13201603082755162 0.1035747947669057 0.20191176709011852 0.09901202312066372 0.1650200385344395
0.07292721476033615 0.11286419113121655 0.1034101088290323 0.14108023891402066 0.09448749578808664 0.21024525835619054 0.09568920552429229 0.16929628669682478
0.14079049122077927 0.09232082573591137 0.18090445973646138 0.11078499088309367 0.12869611842647688 0.12727778812279575 0.12264353895075895 0.09658178692372267
0.0694690107666093 0.09775275472173986 0.07248918527828868 0.08522035027023475 0.143329104476644 0.2649628458144443 0.09633604813156972 0.1704407005404695
0.09658793184612105 0.06919880628982697 0.20607165631243002 0.13839761257965394 0.10262866010612946 0.1082544716978793 0.15430300984627088 0.12455785132168853
0.10655575093049602 0.0660884180920188 0.2645676280166346 0.1321768361840376 0.09399605471396515 0.07505903305316504 0.14632519105436806 0.11523108795531485
0.0679998715474616 0.1008086057951198 0.08610619412254483 0.08788442556497623 0.13851376458329234 0.24357067574841876 0.09934761150823401 0.17576885112995247
0.09619730691351387 0.06911691169984809 0.21214456410109178 0.13823382339969617 0.1015438415428189 0.10423271414961355 0.15412039713369108 0.12441044105972654
0.10626359353216226 0.06596094067868499 0.2669315423457693 0.13192188135736999 0.09359928704130913 0.07427098981900916 0.14604294558080844 0.11500881964488666
0.06798772569993776 0.10082941222028627 0.08646371718721614 0.08790256449973675 0.13844767324067067 0.24319566176167218 0.09936811639100677 0.1758051289994735
0.09618656589707975 0.06911075839062365 0.21229507482502474 0.1382215167812473 0.10152245318664162 0.10415758964373534 0.15410667617252496 0.12439936510312258
0.10625529515233036 0.06595709749252737 0.2669921061649957 0.13191419498505474 0.09358987023576285 0.07425488081371819 0.14603443645069142 0.11500211870491951
0.09221385370485535 0.13675952008210335 0.11728696173528468 0.11922624827670548 0.11266795445874349 0.19790746497910433 0.08086649883115676 0.14307149793204657
0.11266644437245439 0.07797750443745927 0.1597618221033557 0.09747188054682408 0.14567011745274744 0.1445874773792735 0.1448984970516967 0.11696625665618891
0.10460333107596867 0.06695759764049786 0.2401643035474624 0.1339151952809957 0.09985233419773946 0.08467811343741907 0.14930544906702056 0.12052367575289613
0.10122339107022434 0.06587593216431761 0.27214020963233027 0.13175186432863523 0.09029920807380254 0.07323922033717117 0.14689349649774702 0.11857667789577171
0.09956403808929573 0.06516213331348258 0.28395582794000923 0.13032426662696517 0.08777763931820048 0.07062242315025137 0.14530183159752685 0.11729183996426866
0.11601893512504971 0.07613921825188669 0.21144072281615092 0.09517402281485836 0.13614050021611965 0.10939519619870315 0.14148257719940138 0.11420882737783002
0.10568859676187731 0.06559309118277151 0.2595500865007425 0.13118618236554302 0.09638097901618771 0.07727069671991817 0.1462628033239711 0.11806756412898872
0.1026730624797533 0.06518999745915252 0.27880615641867984 0.13037999491830504 0.08888953564200565 0.07135529317208603 0.14536396448354308 0.11734199542647453
0.10146024482685934 0.06479394481665436 0.28595332593569 0.12958788963330872 0.08712016715381435 0.06997450076058832 0.14448082620310687 0.11662910066997786
0.10096684006662085 0.06462337831870386 0.2885507440731898 0.12924675663740773 0.08661169412919699 0.06957801743085017 0.14410048837036354 0.11632208097366696
0.08058754748432925 0.11315207031869048 0.14468721716396463 0.1414400878983631 0.09217387110520275 0.16229782354208935 0.09593327700932454 0.1697281054780357
0.10548729317794787 0.06795707474400398 0.2416189675938529 0.13591414948800795 0.09424769819597173 0.08582300776045379 0.1504625505117548 0.11848925852800693
0.08223853551341553 0.1133857741670358 0.13413902516574974 0.14173221770879477 0.09363580334855486 0.16865856561732182 0.09613141722857382 0.17007866125055368
0.08091037008093303 0.10991356789536108 0.10847168206438242 0.1318962814744333 0.10359508620751776 0.20142044932850575 0.09892221110582498 0.1648703518430416
0.06578479923851456 0.0958144807354703 0.061343264741614174 0.08353057294887153 0.13391333030800792 0.29812654105714104 0.0944258650726374 0.16706114589774307
0.10056834370385961 0.06889837878796201 0.2002074494785979 0.13779675757592402 0.10078399435602871 0.11409489292225856 0.15363310135703767 0.12401708181833163
0.10467498614741426 0.06659341327242123 0.2567996385357949 0.13318682654484246 0.09144441016680488 0.07893920916027855 0.14849337228208553 0.11986814389035821
0.1384591735133584 0.08721332601914145 0.2320333004701079 0.10901665752392681 0.1177981604612037 0.09581895267300626 0.12154543756772138 0.09811499177153411
0.11076362906689835 0.0648586232961899 0.2666826982557665 0.1297172465923798 0.09233554249181104 0.07427168880484589 0.14462504955896674 0.11674552193314182
0.10441280768607379 0.06487646616323339 0.28110806307254754 0.12975293232646679 0.08784106233716822 0.07056619283133081 0.1446648364893592 0.1167776390938201
0.08196264288523834 0.11310436132744998 0.1430086347137089 0.14138045165931248 0.09236670207848591 0.16262783726266117 0.09589282808196846 0.16965654199117497
0.10587116223631589 0.06798073384672611 0.2409093494127898 0.13596146769345221 0.09432221992504741 0.08590962287851975 0.15051493371029304 0.11853051029685578
0.08218103134914408 0.11314220740397021 0.13384999402004516 0.14142775925496276 0.09533632250963409 0.16842445938335698 0.09592491497293128 0.16971331110595533
0.10621564654575744 0.06816925764550967 0.2371896291850883 0.13633851529101934 0.09519708371238067 0.08709830826129625 0.15093234090011093 0.11885921845883736
0.07237794213138683 0.09958481280534986 0.08163888778408995 0.0868175291123563 0.14009380917875608 0.24771040611459777 0.09814155464875059 0.1736350582247126
0.11348122971928382 0.07660980303293709 0.14586145745011755 0.09576225379117134 0.1550533999380738 0.15596012946526966 0.1423570220537413 0.11491470454940561
0.12231767525672843 0.07534670418632079 0.16507904856937455 0.09418338023290099 0.15951988494783806 0.13052333006173 0.14000992046562594 0.11302005627948118
0.10902197860575542 0.06588206810451062 0.24014036309774786 0.13176413620902125 0.10631302519220263 0.08138352747407769 0.14690717872856546 0.11858772258811913
0.10462393674697706 0.06520738630015445 0.270768807934593 0.1304147726003089 0.0940779405944994 0.07213112147956113 0.145402739003628 0.117373295340278
0.10274800418868764 0.06460667099065956 0.2822955533587679 0.12921334198131912 0.09080764590789074 0.06997354226703197 0.14406323352245579 0.1162920077831872
0.10196055798753925 0.06434510939801116 0.2865297713445319 0.12869021879602233 0.08981769836848642 0.06935545697909538 0.14347999020989352 0.11582119691642008
0.10164638996540065 0.06424501706567207 0.28807343950274855 0.12849003413134413 0.08949310849350466 0.06915418087518879 0.14325679924793144 0.11564103071820972
0.10152564016779972 0.06420809288536661 0.288634924836238 0.12841618577073322 0.08938168385858451 0.0690844414506959 0.14317446383692195 0.1155745671936599
0.10148029339225088 0.06419462145762651 0.288839029973076 0.12838924291525303 0.0893424513301681 0.0690596177441755 0.14314442456372237 0.11555031862372771
0.1189217018406973 0.07523445684117759 0.2116404712087349 0.09404307105147199 0.13959819248313665 0.10790907986933443 0.13980134144368075 0.11285168526176638
0.08377447089474048 0.11111315353556177 0.1259863756879953 0.1388914419194522 0.1049048284652391 0.1744553690222141 0.09420463017145454 0.16666973030334264
0.09091912261179833 0.13074014011501175 0.12462748407276882 0.1634251751437647 0.08550747226074916 0.1745642721151256 0.08313367605139335 0.1470826576293882
0.14613094962522083 0.09200366307393372 0.18842913389946742 0.11040439568872049 0.12570216013354663 0.11885750716862702 0.12222220442544553 0.09624998598503837
0.08884473332450026 0.11096577940605934 0.12066152578385968 0.13870722425757417 0.1018559780214795 0.17843640755751827 0.09407968253991987 0.16644866910908898
0.10802832233398661 0.06825578735182412 0.23137092551049118 0.13651157470364825 0.09674203362952084 0.08895734091939435 0.15112392478385153 0.11901009076728311
0.08308767069924576 0.11289045600099454 0.13156380420897834 0.14111307000124315 0.09699991290429458 0.16929792861769122 0.09571147356606059 0.16933568400149177
0.10648359150785006 0.06819163145006264 0.236198728259659 0.13638326290012528 0.09558091604695292 0.08728176229753602 0.15098187834283303 0.11889822919498103
0.08280636424610971 0.11287023856552272 0.13264664452899053 0.1410877982069034 0.09694264737049689 0.16864661653683655 0.09569433269685623 0.16930535784828407
0.11921178109741536 0.07639056114225899 0.15910865203286884 0.0916686733707108 0.15350572214170047 0.14002293775449715 0.14550583074716 0.1145858417133885
0.08377112114362366 0.1106831261024131 0.1137160583940049 0.1383539076280164 0.10770463969432119 0.18590641618847678 0.09384004169552417 0.16602468915361965
0.13692717498414292 0.0897419998856642 0.18282559171132423 0.11217749985708023 0.12985667795048486 0.1224417648545002 0.12506954088543124 0.1009597498713722
0.11277679817966646 0.06551475083514056 0.24705671936686732 0.13102950167028113 0.1000297868009114 0.07957777560253693 0.14608811604134328 0.11792655150325303
0.10597214671367593 0.0649445232148832 0.2731190974444822 0.1298890464297664 0.09277904382978291 0.0715794070238503 0.14481659355676937 0.11690014178678974
0.0826295893367054 0.11258680757347259 0.1409570702257867 0.14073350946684074 0.09631796054556255 0.1624408189834791 0.09545403250794415 0.16888021136020887
0.10603725015018642 0.06796784190929653 0.23995020289311964 0.13593568381859306 0.09522612378326512 0.08588847549763534 0.15048638990092514 0.11850803204697857
0.07280040299042392 0.099264514305729 0.08190145152603018 0.08653829452294323 0.14213722942068874 0.2464556200319278 0.0978258981563706 0.17307658904588646
0.10184495677580235 0.06820068896228751 0.20809417037988698 0.13640137792457502 0.10647859881859109 0.1041416098281461 0.15207735717859333 0.12276124013211753
0.10505115496723537 0.06598592025134889 0.25889000842926413 0.13197184050269778 0.09545697230319772 0.07673069357813363 0.1471387535156944 0.11877465645242799
0.08254554435287138 0.11271105629281901 0.13776338801352742 0.1408888203660238 0.09694927958809571 0.1645159531339572 0.095559373813477 0.16906658443922853
0.14295930279427715 0.09165489380715483 0.19289934955415752 0.1099858725685858 0.12858403480817573 0.11627254466526238 0.12175888212720933 0.09588511967517736
0.07678052871655203 0.09639558242592965 0.07374663559231016 0.08403717442260533 0.14896164476703413 0.2570055402308911 0.0949985449994669 0.16807434884521066
0.10279644161585698 0.06813436463483746 0.204165896486716 0.13626872926967493 0.10798490206344986 0.10607834575922423 0.15192946382753308 0.12264185634270743
0.13974473754714548 0.08757507036569044 0.21326687562992672 0.10946883795711307 0.12710504249181723 0.10226789684098977 0.1220495850059156 0.09852195416140175
0.11235851825900438 0.06476517420322976 0.2585555013475164 0.12953034840645952 0.09842100152175459 0.0753754706669304 0.14441667202929143 0.11657731356581356
0.10553299356460215 0.06465094078104566 0.27731687561921686 0.12930188156209133 0.09207331802309321 0.07059034849648309 0.14416194854758538 0.1163716934058822
0.08258753103276013 0.11252971008443073 0.14188221527815184 0.14066213760553842 0.09613430605973598 0.162003911045502 0.09540562376723476 0.16879456512664606
0.13501212921737404 0.0989501485016458 0.19159078386204292 0.11058931535420326 0.12517509530963314 0.11585331025036291 0.12329883368595497 0.09953038381878293
0.11162369522909514 0.0717708946078013 0.24952625341622464 0.12964970814508092 0.09832178828481153 0.07787317375600254 0.1445497492304111 0.11668473733057284
0.14010050885484338 0.09239384803382163 0.22733326208684054 0.10727482143315681 0.12237884629147638 0.09436795369573948 0.1196034203142808 0.09654733928984112
0.11140997472812886 0.07035451354364197 0.26295705572178557 0.12785170527464476 0.09651324928601877 0.07330185648940635 0.14254511020919347 0.11506653474718027
0.0830440374949256 0.11986785856734182 0.13787982871328883 0.1393475045432208 0.0963659347785898 0.16176387084754018 0.09451395960322802 0.16721700545186494
0.10628940893205008 0.06807799526915209 0.23879206128645453 0.13615599053830418 0.09536775131649716 0.08588641984629455 0.15073027849580276 0.11870009431544466
0.0822396106429746 0.11989693064474193 0.13248284794699616 0.13976055269488216 0.09626821878831306 0.16684506204648739 0.09479411400174616 0.16771266323385858
0.10630294394353206 0.06821531782027988 0.23666252752426506 0.13643063564055977 0.09553137566798318 0.08688334898237818 0.1510343219138472 0.11893952850715467
0.0822430678042493 0.11992105471290215 0.13200031082593713 0.13977268154701306 0.09630507256101409 0.1672282541649294 0.0948023405275393 0.16772721785641567
0.10232710215303532 0.0818961982128815 0.22810491246322617 0.13392628454117816 0.09500467711862487 0.08888935665942628 0.14931781276456726 0.12053365608706035
0.10380208386335904 0.07478564724326452 0.2652580893346996 0.1297319058134592 0.09184390855949146 0.07317825645711439 0.14464139349649854 0.11675871523211329
0.11986320509838946 0.08503683868004915 0.20328848961888485 0.09320905318189666 0.1399344439637021 0.10825558777437023 0.13856151786443147 0.111850863818276
0.1074055563825928 0.0746882126769557 0.25351675732349643 0.12852759191155091 0.10081031934934395 0.07607805626562177 0.1432986733700426 0.11567483272039582
0.10385715486908885 0.07307637127336837 0.27432486002389245 0.12815754802468615 0.0920879301467207 0.07026824038862213 0.1428861020514038 0.11534179322221755
0.10246366697833768 0.07246376318912481 0.28223523825110414 0.12741244566066653 0.08978802645960485 0.0689102898463862 0.14205536852017595 0.11467120109459987
0.1018959308294104 0.07220501089198206 0.2851732106015056 0.12707274969966606 0.0890974927244347 0.06851349764919656 0.14167663287410528 0.11436547472969945
0.08085592549006655 0.12567625070332847 0.1422824214440697 0.13828774966146107 0.09423628042919784 0.15892090334252343 0.09379516933559968 0.16594529959375326
0.13340089329860988 0.1080435692403201 0.19042814279597087 0.1094521721784311 0.12373238084151905 0.11440488277816112 0.12203100390640005 0.09850695496058798
0.11083172949404804 0.07768934893176045 0.24822535636524146 0.12878140144275013 0.09768039471467273 0.07730685569673212 0.14358165205631993 0.11590326129847513
0.10481558174882132 0.07356578987995788 0.27233602023155573 0.12839116968848713 0.09160083933793377 0.07059197362151647 0.14314657277208934 0.1155520527196384
0.10275115421665042 0.07257241558183584 0.2814997539549203 0.1275050738658381 0.08974823399917704 0.06901015984593442 0.14215864205638962 0.11475456647925428
0.13608307146281523 0.0963848089180261 0.23759045414170651 0.10599886970833969 0.11890088835775649 0.09146209531246274 0.11818082936138767 0.0953989827375057
0.10972715981713739 0.07501978548808699 0.2661739563590237 0.12659209147026884 0.09515566947511947 0.0722577202487772 0.1411407348183445 0.11393288232324197
0.10392822403676759 0.07277565542428482 0.2789677700206179 0.12752787274147664 0.09052321908346272 0.0693181121247433 0.14218406110131795 0.11477508546732898
0.10232106746470422 0.07230748917325976 0.2839354305307539 0.12718981600682508 0.08932628891400178 0.06864192043401665 0.14180715307029604 0.1144708344061426
0.09284934399700322 0.14420356626055736 0.16290358471819777 0.15864986847121126 0.0811242384172843 0.13678001820238767 0.08070449830926833 0.14278488162409012
0.10785961760908838 0.06761931306380488 0.2489195204220468 0.13523862612760976 0.09155199973363304 0.08119586393415534 0.1497147183830275 0.11790034072663416
0.09790852521732671 0.1491621749254631 0.11165942854423236 0.11543204963046404 0.1132663346920975 0.1957599850758055 0.07829304235805387 0.13851845955655684
0.10551333601228538 0.08512755632920992 0.2175850833577596 0.1326561607857738 0.09821812034030034 0.09360747890482823 0.1479017195626463 0.11939054470719641
0.08147782197042515 0.12841216077372086 0.12688959781591436 0.1384796148548454 0.0961741467908528 0.1684658159799231 0.09392530398850384 0.16617553782581443
0.13393966509494937 0.10876987209112894 0.1849656815577233 0.10974567731924278 0.12461316283824253 0.11683659127635836 0.12235824023503634 0.09877110958731848
0.11114364116959936 0.07791205834277909 0.2460859837206968 0.12901040761811067 0.09805248634040128 0.07784907910027924 0.14383697685183383 0.11610936685629958
0.10495860415870138 0.07364465552875066 0.2715325505143822 0.1284858805185152 0.0917579802540457 0.07073086827934282 0.14325216827959827 0.1156372924666637
0.10280954051263044 0.07260042274545081 0.281199834084324 0.127538933488385 0.08981940952270817 0.0690504264982631 0.1421963930086919 0.1147850401395465
0.10201028131114945 0.07224541499517036 0.28478823112912616 0.12711690388372085 0.08914909742751417 0.06855899626373228 0.14172586149423802 0.11440521349534877
0.13576397101012902 0.09625939032349409 0.2386892393378648 0.10591207566324147 0.11867472067881628 0.09129567441126628 0.1180840604782707 0.09532086809691731
0.10961562448137144 0.07497675726225447 0.2665912732829093 0.12654221904247204 0.09509724183634692 0.07220375617324704 0.14108513078317406 0.11388799713822484
0.08220731990534763 0.1261886274597732 0.13804434744477806 0.138211823669026 0.09550059940266366 0.16024942200963216 0.09374367170594808 0.1658541884028312
0.1338795880830233 0.10817583837790824 0.1888809056946111 0.10950027887956833 0.12417343805709664 0.11475506062806518 0.12208463928811575 0.0985502509916115
0.12699206429433027 0.08894573051691837 0.17706610655810037 0.09213114520788586 0.14927241317791615 0.11807603073112574 0.13695913526426018 0.11055737424946303
0.08418712502070659 0.12715353353630124 0.11644818578226436 0.13586571917865786 0.1058098092839922 0.17534436334946804 0.09215240083422012 0.1630388630143894
0.10306134559803758 0.08301647376357886 0.22140378710294392 0.1341984697946657 0.09736064872351767 0.09055937319218373 0.14962127900987357 0.12077862281519913
0.08113832398858387 0.12814664732288494 0.1278707046103364 0.1386904112628394 0.09613972485595058 0.16751741550050653 0.09406827894349108 0.16642849351540726
0.1021825088237432 0.08301213533756524 0.2264127906692913 0.13406861436673975 0.0951459876868825 0.08903971028727248 0.14947649989843967 0.12066175293006577
0.10382848282306385 0.07496234632826117 0.2646177440549818 0.12980673256934902 0.09199078420735664 0.07324303095934415 0.1447248197452294 0.11682605931241412
0.10283005022739683 0.07296694787864956 0.2787242029740904 0.12792926810297384 0.09012354119012454 0.0696580613595788 0.14263158697450962 0.11513634129267644
0.11931379417308664 0.08455146660766014 0.20733542774592703 0.09292962100701034 0.13913647243752855 0.10707154965174459 0.13814612316863029 0.1115155452084124
0.10713968599233951 0.07452482534270084 0.25506989250163214 0.12833942007507737 0.1005550087408823 0.07577681346474924 0.14308887581504892 0.11550547806756964
0.08179500477573208 0.12617170967291436 0.13546146403987375 0.1383283078804541 0.0967312293391235 0.16169563644687532 0.09382267838848193 0.16599396945654493
0.1338129725070635 0.10822199665503533 0.18796805431185803 0.10955210320298892 0.12457592728589906 0.11512963361322237 0.12214241954124287 0.09859689288269001
0.1269841605666401 0.08895963553962861 0.17677490207767346 0.0921396706571393 0.14942015268749012 0.11818206476568098 0.1369718089171802 0.11056760478856714
0.10978188732894725 0.07565600408644456 0.24282935448463214 0.12934088048392758 0.10351648223084717 0.078263169514601 0.1442054294350655 0.11640679243553483
0.10473830565143447 0.07343630048033553 0.27027627053973863 0.12859866734591738 0.09297278189169443 0.07086095630432952 0.14337791717522433 0.11573880061132566
0.11993486635287434 0.08470633249835348 0.20470551827469638 0.09303643103302192 0.1401790979715122 0.10748913318381124 0.13830490344610422 0.1116437172396263
0.08307761628184475 0.12651971567939518 0.12285757824040751 0.1361433417334602 0.10404937886725157 0.1716396577678373 0.09234070134965128 0.16337201008015223
0.07587450627369575 0.14094398849612044 0.10358872303666437 0.13548520486505714 0.09547407192597505 0.1941569466994234 0.09189431286499526 0.16258224583806852
0.10118513504503329 0.08951055921612963 0.21558942965632966 0.13414494823718806 0.095272069967069 0.09400579799734901 0.14956160646743202 0.12073045341346925
0.11979580389734325 0.09086850081136195 0.18779091589990862 0.09371503434082995 0.14186505507096286 0.11419295592960246 0.13931369284099498 0.11245804120899593
0.10765897554539007 0.07849765728540566 0.2470382422015443 0.1286982849522721 0.10152396752632832 0.07726543265985464 0.14348898337216007 0.11582845645704487
0.10389784032289455 0.07598064811622653 0.27152447725190415 0.12800265088127044 0.09224428887922115 0.07043430545935614 0.14271340329598362 0.11520238579314339
0.08094292775680281 0.13014893011512263 0.13883580748441482 0.13771359607844946 0.09461688330459736 0.15907979653935125 0.09340574342712227 0.16525631529413937
0.10137007581855363 0.086907453206285 0.23004172330653005 0.1328444200473629 0.09413347616050122 0.08703125882802104 0.14811161459011954 0.11955997804262661
0.08046338945829869 0.1330232111707872 0.12934374118272166 0.1378549054234731 0.09500162552329791 0.16538565270689803 0.09350158802635566 0.1654258865081677
0.1015578483868203 0.08761793779623825 0.22622949978533569 0.13324716545675241 0.09449500204134804 0.08836945195646684 0.14856064566596128 0.11992244891107719
0.10341749971572917 0.0780857457127917 0.26410344670608255 0.12930513661407797 0.0916151735175079 0.07293279709350431 0.1441655776876362 0.11637462295267019
0.10251400225594366 0.07561578160969193 0.2781676615738238 0.1275060941067885 0.08984456991679676 0.06943662629193369 0.14215977954891196 0.11475548469610966
0.10181962859721708 0.07486919055832816 0.2833395174937045 0.12683587504445315 0.08905022816124547 0.06852073729428781 0.14141253531075598 0.11415228754000784
0.1186448295105734 0.08723907726282863 0.2084174656814737 0.09249861805268032 0.13831337853460898 0.10638288096555962 0.1375054083290591 0.1109983416632164
0.14040228100873403 0.10187303056809656 0.20977139370427364 0.10511173464228912 0.13176660341783686 0.09928265551385893 0.11719173996685071 0.09460056117806022
0.1276063230461702 0.09092603080937675 0.18261648213431522 0.09100408931040221 0.15036456213372762 0.11299391441865878 0.1352836909748666 0.10920490717248267
0.10940845724340864 0.0784284150119483 0.2445310812785986 0.12848510049326123 0.10325434681257413 0.0770047101066231 0.14325129860965094 0.11563659044393511
0.13842949890805223 0.10082949228405674 0.22429676781108845 0.10617632333548459 0.12290522157975807 0.09342532816677755 0.11837867691284626 0.09555869100193612
0.08588955840973521 0.13442948642394786 0.12667947372686195 0.1348499167706767 0.09971429699684406 0.16515394573744585 0.09146342180967637 0.161819900124812
0.08830683578040854 0.1653355634608386 0.12076001056949748 0.15663755452786496 0.08200801972336964 0.16629737390746316 0.07968084295547913 0.14097379907507845
0.1084831973851306 0.06877081887498888 0.23252455614713363 0.13754163774997777 0.09320014335497946 0.08730730512010892 0.1522642469189823 0.11990809444869857
0.08196571098965362 0.12866614446334249 0.13021867826442227 0.13831430672747613 0.09507490312778426 0.16596990640006173 0.09381318195428817 0.16597716807297136
0.11533533030666847 0.10092731501980241 0.1603602359059044 0.09417610857360899 0.14262473844437934 0.13356583080561224 0.13999911065569337 0.11301133028833077
0.1219617892784073 0.09355134970302546 0.16749281051412226 0.09196311732820484 0.15510523640620458 0.12286060544053 0.13670935053565975 0.1103557407938458
0.08263015985213235 0.13476360742990603 0.11346897758236334 0.13448912692988826 0.10627091120886155 0.17577155250244975 0.0912187121785329 0.1613869523158659
0.10212402528911681 0.09032447766676578 0.21893026612088756 0.13311868488342432 0.0969764546681087 0.09030187556181192 0.14841739941480292 0.1198068163950819
0.13706290717877148 0.10591072975614232 0.21581766399717328 0.10690273775629809 0.12194494800256492 0.09695997454635974 0.1191885747820219 0.09621246398066827
0.11024557912001277 0.08152480333517208 0.25704511120658907 0.12663284728404528 0.09606334241502933 0.07333257957428418 0.1411861745092266 0.11396956255564075
0.10397314251278694 0.0774006980876465 0.2749767332448534 0.12722477873401883 0.09066170005561865 0.0694145126025006 0.1418461339019583 0.11450230086061695
0.11916833744104917 0.08914358771743335 0.20565231044390478 0.09242026207620256 0.1387654189116148 0.10655684201104228 0.13738892690731008 0.11090431449144308
0.0823693433522281 0.13387590508596578 0.12234979704731978 0.13489734832193476 0.10306074522583349 0.170074450205519 0.09149559277487748 0.16187681798632167
0.10182243006049085 0.08995384455309352 0.22262859883123595 0.1328164376665505 0.0960613359119579 0.08910214275302476 0.14808041632375107 0.11953479389989546
0.10342024985194097 0.07990401345667765 0.2624420194480947 0.1291375123160468 0.09188500778917451 0.07300874694901578 0.1439786891046074 0.11622376108444213
0.0925425930994256 0.1527688578410138 0.15660109285885943 0.1575746828432345 0.08115100848524007 0.13738699425827886 0.08015755605503669 0.14181721455891105
0.10809129899569152 0.06783861579631771 0.24657774480715844 0.13567723159263542 0.09181998966757908 0.08151213175624937 0.15020027266258376 0.11828271472178473
0.08174099019986796 0.13007952552946742 0.13321294096165934 0.1379141956964961 0.09458841850787013 0.16342509197035088 0.09354180229849302 0.16549703483579534
0.10152136587672607 0.08913521669966362 0.22738693572269847 0.13269427911607745 0.09410356423718665 0.08778956848689469 0.14794421865628335 0.1194248512044697
0.10321177575113082 0.079656585532263 0.2642826774459997 0.128959024318953 0.0913561366018816 0.07269099015486645 0.1437796883078476 0.11606312188705772
0.10232504748451161 0.07706350902183047 0.27802636228972477 0.127244868401655 0.08966214106211709 0.06928915779652783 0.14186853238214372 0.1145203815614895
0.08046449396275557 0.13231059497512127 0.14005597309453194 0.13727626753985755 0.09382616731555883 0.15822586147209464 0.09310912059225121 0.16473152104782904
0.07531619343170154 0.14600904979122614 0.107258872692854 0.13523702727035608 0.09320216660059644 0.18896627377503183 0.09172598371380673 0.1622844327244273
0.07388294407629828 0.1488884421744629 0.09934297567037745 0.134238504508012 0.09241656794245454 0.19909563542204162 0.09104872479673859 0.1610862054096144
0.1004487293290625 0.09448531990385814 0.213090402784016 0.13360811053972388 0.09439798370655861 0.09475908175375523 0.14896307249727422 0.12024729948575148
0.10337113598309498 0.08166150775534929 0.2587407793052017 0.12945720979683592 0.09177708086952809 0.07414566953517128 0.1443351279376663 0.11651148881715233
0.10248332536012969 0.07815512486558265 0.27586825034205603 0.12737597834396214 0.08985410632598605 0.06961012406922545 0.1420147101834921 0.11463838050956592
0.13540111636338376 0.10262890855187908 0.23483364960909994 0.1053332254723841 0.11842158756785974 0.09114292379700753 0.11743868571324016 0.09479990292514569
0.10912943678085317 0.0812480236482102 0.2642192103482624 0.12566367428489728 0.09468471275433449 0.07185201638551528 0.1401056189415198 0.11309730685640754
0.1034092658100585 0.07777209921477286 0.2775504994049268 0.1267734820523732 0.09010381413803467 0.06895173375191767 0.14134297178078029 0.1140961338471359
