0.125 0.125 0.125 0.125 0.125 0.125 0.125 0.125
0.09592326139088728 0.15987210231814547 0.08633093525179857 0.14388489208633093 0.11990407673860912 0.19984012789768185 0.10791366906474821 0.08633093525179857
0.11178451178451179 0.09023569023569024 0.13973063973063973 0.1127946127946128 0.13414141414141414 0.10828282828282829 0.16767676767676767 0.13535353535353534
0.10999851055869894 0.08879397840280517 0.13749813819837367 0.11099247300350647 0.14797539231099316 0.1065527740833662 0.16499776583804843 0.13319096760420776
0.10458846091669675 0.07670551470039826 0.19004649910844937 0.1534110294007965 0.09710175698497946 0.06903496323035842 0.17104184919760446 0.13806992646071684
0.09920679524670921 0.07812535125678349 0.19841359049341842 0.15625070251356699 0.08648797534328495 0.07232107329399323 0.1729759506865699 0.1362185611656738
0.09322500790583939 0.15537501317639899 0.09915913827213155 0.1398375118587591 0.11653125988229923 0.20709142789524693 0.10487813389406932 0.08390250711525545
0.0773573439337862 0.12604666626124864 0.0971831207082025 0.1575583328265608 0.09466288553464151 0.15125599951349833 0.10686565183018905 0.1890699993918729
0.10872846657006309 0.0856236674239247 0.14221703762185348 0.10274840090870964 0.13591058321257887 0.13324364327188848 0.16309269985509467 0.12843550113588703
0.0773741608718886 0.12420007166080227 0.09947975420317315 0.1552500895760028 0.10305566944806942 0.1490400859929627 0.10530006075589758 0.18630010749120338
0.09545813993996305 0.07517328520272092 0.20871418447921297 0.15034657040544183 0.09125685035767621 0.08153976680210014 0.16643983374147403 0.13107136907141084
0.0898536390345017 0.14975606505750286 0.10897014749013233 0.13478045855175258 0.12207722449177313 0.21260884632947138 0.10108534391381443 0.08086827513105153
0.066805744144078 0.10900971319179979 0.05920381351449377 0.09503410893644085 0.1544291136807296 0.21801942638359958 0.1074298622759766 0.1900682178728817
0.0973937353372848 0.07387067141513608 0.19344875685423768 0.14774134283027215 0.1094275116473541 0.08043020158606234 0.1647205717824079 0.13296720854724492
0.09181442643547566 0.07230386081793709 0.24296231496083495 0.14460772163587418 0.08841065786660318 0.07374605589270908 0.1600866922464704 0.12606827014409544
0.11059565175582711 0.08194808952048067 0.1793997979595153 0.10243511190060084 0.1450218244942231 0.10540071627818651 0.1522766738104454 0.122922134280721
0.08002794442358897 0.11880450522151653 0.1100492295341997 0.14850563152689567 0.10621289678657271 0.15746747590018753 0.10072555877476402 0.17820675783227477
0.09236830552792775 0.07274004060324311 0.2280657441881071 0.14548008120648623 0.0887679065767996 0.0846967030020614 0.16105243015125864 0.1268287887441162
0.07834500059135349 0.11961666735942571 0.11764567940582381 0.14952083419928214 0.0985397072262063 0.15549297915664814 0.1014141310221218 0.17942500103913855
0.09166937361906737 0.07218963172501557 0.23464629664957784 0.14437926345003113 0.08753633021857005 0.08387622322497812 0.15983377964350207 0.1258691014692579
0.07757277417750098 0.11842225936714847 0.11770699210745529 0.1480278242089356 0.09746245420176061 0.16277282611867658 0.1004014807677998 0.17763338905072268
0.09132639686135453 0.0719195375283167 0.2365111082829885 0.1438390750566334 0.0871526762892326 0.08461726909691908 0.15923576888646432 0.12539816799809067
0.07744849231907161 0.11826595146384207 0.11787960289203596 0.14783243932980258 0.09813017484897996 0.16277545310072555 0.10026895884977916 0.17739892719576308
0.09119748722341216 0.07181802118843708 0.23750863888181378 0.14363604237687416 0.08708847079021527 0.08451917102627962 0.15901100336389812 0.12522116514906978
0.0770199402789006 0.1175533641483187 0.11748568243947592 0.14694170518539837 0.09761536265502209 0.16738909033596222 0.09966480873444412 0.17633004622247805
0.06927569338617846 0.11545948897696412 0.1084564642129005 0.13855138677235693 0.09482218132342204 0.19633201178346413 0.1039135400792677 0.17318923346544612
0.07287483975864927 0.11494314606632229 0.09668355797230019 0.14367893258290285 0.09712441217654937 0.20482859459191055 0.09745179775188194 0.17241471909948342
0.09848328031692381 0.07860233910563429 0.20437535682418892 0.14069141937710614 0.09849778771385206 0.09586710597708101 0.1568604332458183 0.12662227743939553
0.08808828715361963 0.14314394372577513 0.13694793054924495 0.1655928006005022 0.08493604556222138 0.14802113417140736 0.08423633769677721 0.14903352054045196
0.09035791770388416 0.07115686019180877 0.24514830499493012 0.14231372038361753 0.08531201715660164 0.08409566939205218 0.1575471385606185 0.12406837161648708
0.06610379595200423 0.10793125823938723 0.08039685799790286 0.08764868852975162 0.1395020782308302 0.24403881782655348 0.09908112616406706 0.17529737705950324
0.06968977612709347 0.12241332927728497 0.09381362054284519 0.13742588085997431 0.10340588944721756 0.21512984926076328 0.09321059745285215 0.16491105703196915
0.09656771832575702 0.07799261131560226 0.21246681596607994 0.1384269211226901 0.09919537631635046 0.09643064125854776 0.15433568668455147 0.12458422901042107
0.09708561779623771 0.0720793035446798 0.2592426040904582 0.133357622977527 0.09474368008159731 0.07478551327119923 0.1486837975585264 0.12002186067977433
0.09536802211767617 0.07029728665358664 0.27791174703211546 0.13072561942395633 0.09214003503787482 0.07015492223875905 0.14574931001447072 0.11765305748156073
0.09434810042271584 0.06958610372788027 0.2855731932657597 0.12958882928782517 0.09089593589767198 0.06889601719133528 0.14448187384776925 0.11662994635904265
0.11006690934257514 0.08123976501204383 0.21162945826919194 0.09461014178262592 0.14123514919501942 0.10704207608701154 0.1406443301723812 0.1135321701391511
0.0975725129080648 0.0710279751297824 0.2598004257189544 0.13075435329442303 0.10207036770589016 0.07531410114218225 0.14578134613572238 0.11767891796498073
0.07515745564437783 0.12116030066786021 0.13810124080678748 0.14091957836341398 0.09834025558693016 0.16163743913500062 0.09558023575953296 0.16910349403609676
0.12620596165919076 0.10092221663321713 0.19228543489708577 0.11204426783687987 0.12714743409781143 0.11563384669702714 0.12492099712559593 0.10083984105319188
0.13875298746755607 0.0955422500758801 0.20735827295811413 0.10777406598258522 0.13101579899943588 0.10239992440226436 0.12016004072983756 0.09699665938432671
0.1258213937258926 0.08185320578641242 0.1840727826451003 0.09272997903135806 0.15192947982396196 0.11446784218661116 0.13784934196303378 0.11127597483762967
0.108789938846925 0.07075730216428112 0.24711007122524192 0.13000899633065208 0.10419147945407224 0.07718378653646887 0.1449503287447718 0.11700809669758686
0.08206522889615803 0.12019437187326115 0.1348121067761066 0.1397098799600357 0.09822875871374048 0.1625780531601091 0.09475974466854596 0.16765185595204285
0.0894964295213533 0.14530362802245575 0.12581085165075606 0.1612784676148969 0.0836651921774485 0.1672531548947131 0.0820416552649693 0.1451506208534072
0.10485430366452726 0.07802567594545756 0.2272212276311613 0.1354059375833445 0.09313839302459967 0.08852160284118592 0.15096751548471393 0.12186534382501005
0.10476415787285392 0.07065703381179676 0.2662142639973272 0.13053043799258549 0.09188299023873892 0.07294202460910007 0.14553169728427068 0.11747739419332695
0.10326638943651908 0.06908023458427089 0.28055934198147553 0.12847986773558068 0.09031873877301995 0.06941808205176972 0.14324546447534145 0.1156318809620226
0.10240454543504672 0.0685929659911466 0.28581182982045406 0.12775027254279658 0.08953759805971499 0.06849552257953445 0.1424320202827896 0.11497524528851692
0.1194730694351332 0.08012743768235911 0.21059254290949142 0.09330973388734724 0.13929684051674157 0.10651750840889018 0.13871118649522068 0.11197168066481669
0.10752108425533295 0.07006530001284848 0.2576045106209929 0.12894337309458428 0.10076458147389362 0.07528987639654365 0.1437622383606783 0.11604903578512586
0.08245502577088457 0.11992762940532171 0.1371302202053361 0.13946849561993155 0.09738315167031272 0.16167725946816816 0.09459602311612748 0.16736219474391784
0.10229166156756957 0.08179080936877892 0.23061731551318024 0.13376118955935712 0.09513461447544054 0.08688559473189446 0.14913374418035785 0.12038507060342142
0.10374351212862927 0.07469049813202731 0.26682108173672264 0.12957773419652785 0.09179971115001992 0.07227799823023336 0.14446950364896463 0.11661996077687507
0.10275437196696334 0.0728489349539617 0.2802311966647961 0.12776560478649038 0.08994513590928893 0.0690165968203475 0.1424491145903109 0.11498904430784133
0.1020500489022422 0.0722708314542265 0.2851636335720463 0.12710287320559513 0.08914364652946774 0.06816616211619307 0.1417102183351934 0.11439258588503563
0.10171821970443802 0.07207348169837362 0.28697881781692675 0.12686492224969248 0.08882879478765907 0.06791241294129084 0.14144492077689594 0.11417843002472323
0.10158072637056721 0.0720035142195859 0.28764783158787305 0.12677887555488962 0.08870986613533288 0.06782921299876472 0.1413489851335859 0.11410098799940066
0.08087822619737854 0.12567234198380664 0.1433390263196062 0.1383113880387827 0.09417701230305328 0.15783713718887646 0.09381120232195697 0.16597366564653923
0.07639073164805137 0.13553470340661145 0.1094171805661418 0.1373166098169186 0.09449044166350347 0.18893391793830008 0.09313648318017088 0.1647799317803023
0.07521589428419405 0.13685431678724613 0.1013732008373683 0.13663777499249993 0.0941204195856987 0.19915700744012335 0.09267605608186953 0.16396532999099991
0.10169491331461071 0.08482217732371679 0.2160548297203918 0.13522504790687534 0.09562554435380893 0.09410910726972828 0.1507658369946804 0.12170254311618779
0.10412545366938097 0.07544566935208175 0.2613363332133557 0.13028059134208872 0.09249655714200146 0.07380972615897233 0.14525313691423922 0.11725253220787984
0.10302511041353894 0.07307507169788631 0.2781841816783666 0.12801341744461245 0.09037740538876766 0.0693873304660417 0.1427254072106351 0.1152120757001512
0.10216968435699617 0.0723397698987887 0.2843874909387674 0.1271778136067334 0.08940707578536936 0.0682643618773898 0.14179377128989526 0.11446003224606005
0.10175862158476603 0.07209016403880295 0.2866709276994819 0.12687788101727865 0.08901665105708328 0.06793629285135422 0.1414593688356823 0.11419009291555081
0.10158701495056296 0.07200193463695992 0.287512615422993 0.12676956077269202 0.08886750170407683 0.06783016797072379 0.14133859984656855 0.11409260469542283
0.1015195252552169 0.07197010504209303 0.2878232357234731 0.1267300929166783 0.08881173785274928 0.06779362345230322 0.14129459613247564 0.11405708362501046
0.11882541060735528 0.08424655268406141 0.21069246672763514 0.0927214569432326 0.1386047406133072 0.10580695078587297 0.13783667330665625 0.11126574833187912
0.10701144149970071 0.07438501806243825 0.2569312704462439 0.1281486586207379 0.1004504512575124 0.07486317632531285 0.14287619102938987 0.11533379275866411
0.08190060416740498 0.1261938298415167 0.13634028608230547 0.1383658179483193 0.09685817059044306 0.16045418983229778 0.09384811999972958 0.1660389815379831
0.10218850117830079 0.08255901956243504 0.2302281917852134 0.13372582727709764 0.095171605338817 0.0866792924341334 0.1490943178746148 0.12035324454938787
0.13770505059582516 0.09923701309727541 0.22116144468688634 0.10746368657761016 0.12203164762435183 0.09586984864226931 0.11981399085593253 0.09671731791984914
0.11081481924596898 0.07574902650614423 0.2604903985860132 0.12725841216021633 0.09645632526778687 0.0728148146274644 0.14188363266221132 0.1145325709441947
0.08259867858744589 0.1264514205923592 0.1371543720703427 0.13832108942197668 0.09600037010764731 0.15967097952329806 0.0938177823905581 0.16598530730637198
0.0767205590119049 0.13565917169190472 0.10801802918105988 0.13727951755865797 0.09492545336527805 0.18955052316797602 0.09311132495282891 0.16473542107038958
0.10190067688668702 0.0844975044657511 0.21878305812295978 0.13495299176443143 0.09563426012656498 0.09231130134706476 0.15046251469855262 0.12145769258798828
0.10413557376488194 0.07532302169465144 0.2623431851426861 0.13012747822505644 0.0924324551308822 0.07344112842419097 0.14508242721510023 0.1171147304025508
0.10305320938127246 0.07302365753995917 0.2785356727051198 0.12794349212230047 0.09035256360528472 0.06929481604142816 0.1426474456945648 0.11514914291007042
0.13637818958250625 0.09647519580122582 0.23721729767279628 0.1060116594850682 0.11928294673836588 0.09102912817549706 0.11819508900797905 0.09541049353656139
0.1269844188154521 0.08662169835016317 0.1924707261920046 0.09132969777999687 0.14690286594239269 0.11032722574984964 0.13576772983414462 0.10959563733599625
0.10937636129053134 0.07495111717979536 0.24944724493631465 0.12859093127622337 0.10264455750475845 0.07588865762894181 0.14336929203483412 0.11573183814860104
0.10450694502771898 0.07313561901579216 0.2733577151908463 0.1281911536681234 0.09267196713778572 0.06984099182247004 0.14292356983595247 0.11537203830131103
0.13693403642326352 0.09656645135036042 0.23540710807126047 0.1060957691552312 0.12000830858310349 0.09121326916370326 0.11828886501336969 0.09548619223970806
0.14544744213687458 0.09911017399743813 0.21948936770746313 0.10448300393135927 0.1262446510655513 0.09469990547872398 0.11649075214436624 0.09403470353822335
0.11248553725912962 0.07559419406824947 0.2594422138169756 0.12695467904297783 0.09721489024694659 0.07250428152390011 0.14154499290314093 0.11425921113868005
0.10484896737356711 0.07293368575819759 0.2770352825548435 0.1276736993303468 0.09121577510308491 0.06903961361732094 0.14234664686532697 0.11490632939731213
0.08156790386865916 0.12591772656266684 0.140960321131139 0.13837948050801502 0.09491744534223848 0.15834435919831413 0.09385738677934931 0.166055376609618
0.10195040471241619 0.08236911731332307 0.23200828166837595 0.133439855391766 0.09459777903114093 0.08676321146673292 0.14877548056365553 0.1200958698525894
0.12017007197996524 0.08657707959332543 0.19365677889751604 0.09376947953056324 0.14184661222276396 0.11206197306689043 0.13939462927229995 0.11252337543667587
0.10792133210949288 0.0750580476469821 0.25024385568144236 0.1288281673646295 0.10169379794893689 0.07667565605112835 0.14363379256922126 0.11594535062816655
0.10415662029340741 0.0731283856071221 0.2736743864059696 0.12815075177760502 0.09245314569248952 0.07022250888047098 0.14287852474309093 0.11533567659984449
0.0814074650530842 0.12590318810619117 0.14013695338881776 0.1383191743892519 0.0951446407864701 0.1592890855102857 0.09381648349879694 0.16598300926710227
0.10193594578754737 0.08238563468212642 0.23167154169144827 0.13346800997399363 0.0946682221124874 0.08694256595405146 0.1488068708217511 0.12012120897659427
0.10366085970294542 0.07468682594072489 0.2671322127907505 0.1294233722593002 0.09178712288712307 0.0725311697772823 0.14429740160850335 0.11648103503337019
0.11987399286730632 0.08491471705422537 0.2043317299805426 0.09306679876859171 0.14004950737580238 0.10773304830656882 0.13835004712465274 0.11168015852231004
0.0832029250449485 0.126545354428953 0.12308288005459768 0.1360979137390943 0.10421812435015643 0.17122541657664692 0.09230988931869004 0.16331749648691313
0.10274341249104062 0.08277307314502197 0.22446686392026355 0.1339113399504938 0.0969696250709425 0.0893143288055709 0.14930115066122218 0.12052020595544442
0.08119510101453437 0.12807390188283685 0.12890444516949473 0.13863353757687683 0.09618598390359541 0.1666170816126151 0.09402970374779472 0.16636024509225217
0.10225537721629147 0.08295473265585918 0.22716317689049037 0.13396777459268797 0.09523254178339632 0.08849132865212733 0.14936407107572822 0.12057099713341918
0.08111713586015111 0.1281279612364568 0.12952553713155296 0.13865272071860046 0.09582212282940342 0.16632854243933376 0.09404271492218119 0.16638326486232052
0.07630992349439142 0.13571806735007638 0.10610942890198263 0.13697572212542447 0.09469858491885799 0.19291213426064371 0.09290527239811398 0.16437086655050934
0.10180004181861808 0.08449362685259108 0.21785418509951673 0.13488710501784104 0.09557806350492784 0.0935995272974226 0.15038905589302576 0.12139839451605693
0.08101589544861149 0.1284306701608722 0.12737416666218504 0.138658026994883 0.09587545591164323 0.16820983846619877 0.09404631396174673 0.16638963239385957
0.07576415717612833 0.14178365240901833 0.1049675313737696 0.13582539281694261 0.09407475680823385 0.1924689889945194 0.09212504904105674 0.16299047138033113
0.10123718100337373 0.08965247794092501 0.21648961106200668 0.13409216833413443 0.09506783331902267 0.09327501602549054 0.149502760814326 0.12068295150072099
0.10375868357106477 0.0786229196724398 0.26094452275369695 0.1296308911779822 0.0920958676901207 0.07375054335816418 0.14452876971634732 0.11666780206018398
0.10276200303192701 0.07572698470863452 0.2776013293314788 0.12749849883212513 0.09007923207578662 0.06943199168666152 0.14215131138447382 0.11474864894891261
0.09265809575117376 0.1490848893884901 0.1611932692276989 0.15773775264300047 0.0810226586801974 0.1360988479775605 0.08024050895317848 0.1419639773787004
0.13555887978343356 0.11694654109325629 0.1959962889049492 0.10781093181125408 0.11875785855370449 0.10769851784565182 0.12020114337762208 0.09702983863012866
0.0853364283039884 0.1384292455711054 0.12030872334673498 0.1346042385523182 0.09876401666752696 0.1697354734078849 0.09129678788765931 0.16152508626278184
0.10287231746163003 0.08855788906407074 0.2224511778354271 0.1331756983564575 0.09547152856056512 0.08913229501853953 0.14848096518249815 0.11985812852081176
0.09288462434760604 0.1533580247551146 0.14704112674449304 0.1583328755207948 0.08221760049540387 0.1431229147942506 0.08054324537362172 0.14249958796871534
0.10376884779749487 0.09014650239362698 0.23321126784217724 0.13198564908172944 0.0911163324424151 0.08383016721817603 0.14715414905082372 0.1187870841735565
0.1375224944377088 0.10370680542673283 0.22143046631023172 0.10671488301352529 0.12028456476720858 0.09531826056957901 0.11897913076284089 0.09604339471217276
0.08583397286802379 0.1351436924643409 0.1262927057590507 0.13472994183755657 0.09925344141234928 0.1656882679463988 0.09138204750721228 0.16167593020506787
0.10279989995767376 0.08787330711839744 0.22489276374357134 0.1329259440812664 0.0953994951221025 0.08827273249980999 0.1482025078040388 0.11963334967313975
0.1037804130929014 0.07808504304286266 0.2640491853021041 0.1291555915285583 0.09186158137182002 0.07282930720868826 0.14399884607736274 0.11624003237570246
0.10264058163071216 0.07554731595822244 0.27872806697357516 0.1273172703967915 0.08991856338210114 0.06931340309789824 0.14194925520358695 0.11458554335711237
0.1018685537342556 0.0747733399223927 0.28416613013580666 0.12661823633880542 0.08906678969660141 0.06838065307156008 0.1411698843956532 0.11395641270492489
0.1353745261635154 0.09937699398412342 0.23853983011003435 0.10532801495773762 0.1183320245815569 0.09082052036281492 0.11743287637825371 0.09479521346196385
0.1262298052077369 0.09030752155640955 0.19234454194649847 0.09076553173827374 0.14599534359548363 0.110509558748295 0.13492905912137412 0.1089186380859285
0.10888942483808506 0.07806504945859077 0.24881945489302404 0.1279575028474533 0.10217636735401421 0.0762673814385908 0.14266306660753372 0.11516175256270797
0.12093809994846313 0.08799809714696365 0.1979099924335179 0.09267230544916864 0.14297317057373984 0.10853796159963407 0.1377636063095104 0.11120676653900237
0.08298355382330272 0.13131588956313378 0.12110953222158329 0.13520795395416846 0.10435667053542337 0.17107059073629824 0.09170626442108817 0.1622495447450021
0.10229690632060198 0.08741675993786002 0.22280186619068001 0.13316279478823778 0.09666045961124729 0.08934811917507295 0.14846657866688598 0.11984651530941401
0.1373729864783398 0.1033846692864056 0.21788505791896984 0.10697674365903492 0.12208082068334472 0.09674956684002879 0.11927108584074489 0.09627906929313142
0.11052120441671431 0.07937227147233082 0.2586066589120107 0.12669357410527546 0.0962583767504283 0.07326981726544658 0.14125388038304593 0.11402421669474792
0.09423626974569542 0.1501237196360716 0.15623580290230488 0.15764892412645254 0.08214689532346178 0.13752903427918506 0.08019532227302152 0.14188403171380728
0.07808582257120264 0.1473871144414863 0.11139684492767582 0.13560766286310158 0.09112166624281788 0.18169432218475964 0.09197737133323411 0.1627291954357219
0.10154231419819859 0.09032783641889655 0.21904314756880675 0.1337381094403093 0.09419837437476103 0.09167790793273299 0.14910801157001652 0.12036429849627837
0.10371605254987595 0.07863763884451816 0.26187699610729365 0.1294647577128915 0.09181312449477703 0.07362960504825031 0.14434354330079097 0.11651828194160237
0.08100146500204121 0.13083815387555425 0.1370001229906438 0.13766284540885773 0.094618983678214 0.16031169332022582 0.09337132123383396 0.16519541449062927
0.10148253302986221 0.08703967110373474 0.22957375312485534 0.13276968932388342 0.09424601209717808 0.08736732551863159 0.14802829541035958 0.1194927203914951
0.10332909154084165 0.07784458642585129 0.2658578845410707 0.12895980356525222 0.09149113016835571 0.07267312344058317 0.1437805571093185 0.116063823208727
0.11945343313462688 0.08796557050017755 0.2035653567819752 0.09269231705196426 0.1395508696255952 0.10774831754217487 0.13779335490112898 0.11123078046235711
0.10710854979420538 0.07757649263121676 0.25357335227580824 0.1278040631062546 0.10062929351839671 0.07579259913166514 0.14249199274682417 0.11502365679562918
0.10359172077768566 0.07559715762372249 0.2745134128329756 0.1274982292068107 0.0918921817212285 0.07000788077907784 0.14215101077236952 0.11474840628612963
0.10219830648369896 0.07486352433489653 0.28255019516262914 0.12675876775638562 0.08957113005197159 0.06864861879083516 0.1413265664388359 0.11408289098074706
0.08066227856550263 0.12970743104456675 0.14166193758268394 0.13744937919351807 0.09405009905151109 0.1583030840770011 0.09322653545299488 0.16493925503222168
0.13264624924552795 0.11362668679017457 0.18951095667820542 0.10854338952562521 0.12312717780014543 0.11383871031913631 0.12101777906812243 0.09768905057306268
0.09750707411925717 0.1581484679841076 0.1366374285335603 0.1547522904019337 0.08597812429202684 0.14897773601595554 0.07872181729141844 0.1392770613617403
0.10474385980504822 0.09363203417252042 0.22813914147333778 0.13158729479492431 0.09179657884119577 0.08496251184857372 0.1467100137489679 0.1184285653154319
0.10391864720373221 0.08032323402582932 0.26495117438569393 0.12863699846382554 0.0908300418039326 0.07214595198838279 0.1434206535111607 0.11577329861744298
0.10249140682843026 0.07710233861113515 0.2788358628354936 0.1269960320843062 0.08954101108207925 0.06914582122450565 0.14159109845817425 0.1142964288758756
0.13546999200443285 0.10150309560597895 0.23646161823954842 0.10520206269733708 0.11837373742042988 0.09101518859734001 0.11729244900732955 0.09468185642760336
0.08521072105109168 0.13709144177767527 0.12940529592081215 0.13411875654737343 0.09853260385617116 0.16373116854920106 0.09096750444082718 0.16094250785684808
0.07597646472783748 0.14703447811183298 0.10476234339114578 0.13462301534256735 0.09400527819216004 0.19074127837363422 0.09130952344974134 0.1615476184110808
0.07396852475231436 0.14912730941183708 0.09880253620782313 0.13396989375582238 0.09257530376956634 0.19992602296126605 0.09086653663438388 0.16076387250698684
0.11328332228752884 0.1051324880832932 0.15002816880914732 0.094052725935005 0.14199915661404255 0.14282517307246212 0.1398156940765149 0.112863271122006
0.12160851196315102 0.09444993650269635 0.1643836383800715 0.09191514945766971 0.15521281343973733 0.12549372783308363 0.13663804307438662 0.11029817934920366
0.10860990960438786 0.08094683665345045 0.23747792747136293 0.12885518523096268 0.10491058834106767 0.07956597051697793 0.14366391547392404 0.11596966670786639
0.08161895436104186 0.13335977747232441 0.1311292203197442 0.1371040033555392 0.09714064654088973 0.16213031338701311 0.0929922805368005 0.16452480402664701
0.11518507871275732 0.10179822488070793 0.16071293317354135 0.09396055623323385 0.14325769406035238 0.13265416783519685 0.13967867762432973 0.1127526674798806
0.10741616455216703 0.0824928726837797 0.2364114633246362 0.12934818668528011 0.10266213560525478 0.08104223382779524 0.1442135753043347 0.11641336801675212
0.10411929721504094 0.07809286802619252 0.2678350789583582 0.12803601498877887 0.09271899065014727 0.07121473488558455 0.14275060178599674 0.11523241348990099
0.11938780686730724 0.089328870407482 0.20390617342428366 0.09239950181089035 0.13961061481148773 0.10712956512690328 0.13735806537857728 0.11087940217306841
0.10692351845546588 0.0791942053082296 0.253430445229235 0.12748795791527615 0.10049318768701258 0.07559196423220962 0.1421395590488228 0.11473916212374852
0.10341464589026908 0.07707914328517328 0.2742419460194758 0.12724370810131322 0.09174171506867743 0.06989226561005706 0.1418672387338522 0.11451933729118192
0.1020327655719603 0.07628853948575195 0.2822487049708906 0.12652131526240892 0.08942540866525044 0.06855225767918247 0.14106182462838723 0.11386918373616801
0.10146427731203896 0.07596229081111404 0.2852560925480366 0.1261837758918978 0.08872612426653262 0.06815654744789923 0.14068549341977263 0.11356539830270804
0.1012365391335093 0.07583219033239515 0.28637778358828075 0.12605086981445102 0.08849603058466232 0.0680234906519121 0.14053731306178344 0.11344578283300591
0.10114774239087354 0.07578199346755998 0.28679529338180293 0.12600067875904072 0.0884162780256002 0.06797604931138376 0.14048135378060211 0.11340061088313666
0.10111375141214639 0.07576298989786216 0.28695061038242353 0.12598193974931787 0.08838778385877868 0.06795871774189063 0.1404604611831947 0.11338374577438609
0.1011008878224323 0.07575586404604076 0.28700838298212883 0.1259749650104253 0.08837742465354478 0.06795232210621291 0.14045268486983237 0.11337746850938275
0.10109605325035911 0.07575320411251682 0.28702987252692375 0.12597237087642435 0.08837362097513472 0.06794995186584599 0.14044979260401338 0.1133751337887819
0.10109424375965849 0.0757522132425729 0.28703786617688376 0.1259714061206557 0.08837221645580601 0.067949071762505 0.14044871697332806 0.11337426550859013
0.10109356817091301 0.07575184445134586 0.2870408397227695 0.12597104730836528 0.08837169617156167 0.06794874467311444 0.1404483169244013 0.11337394257752875
0.10109331630471198 0.07575170723989282 0.2870419458692594 0.12597091384910186 0.08837150308904654 0.06794862305651339 0.14044816812728222 0.11337382246419167
0.08025897379708612 0.13181094323146447 0.14242871870272833 0.136996496715054 0.09354534648770825 0.1576443620185531 0.09291936298934098 0.16439579605806479
0.10089548214670521 0.08918414449142281 0.2313344257204641 0.13210413032776333 0.0936471287718841 0.08665472444850592 0.14728624679826746 0.118893717294987
0.11928056333009264 0.09211511437803081 0.19277416474630868 0.09308880002910114 0.1408068615938443 0.11184518241160436 0.1383827534760966 0.11170656003492135
0.1072870858193623 0.07997086011524082 0.24909311644413742 0.12798591347838728 0.10110814935629804 0.07667281031519671 0.1426947423408288 0.11518732213054857
0.12034721849509802 0.08978385294532841 0.19783330376445468 0.09248651703952084 0.1424339370121303 0.10864393093579973 0.13748741936024292 0.110983820447425
0.09374863756507505 0.06935995040291469 0.2192457804987771 0.11154870752173804 0.11792814114811428 0.08848568802886089 0.16582464580843445 0.13385844902608565
0.10184048785546293 0.07654472150221865 0.2618307828063741 0.12935198976616177 0.09669810730815301 0.07309930451637824 0.14421781545570572 0.1164167907895456
0.10213058637133866 0.07655195333370186 0.27768403902531685 0.12715829871573442 0.09085555176457441 0.0694050883024062 0.14177201364276656 0.11444246884416097
0.10164491209240598 0.07612851735921145 0.28356861482260143 0.12640119590324667 0.08916023938990345 0.0684075436126564 0.14092790050705262 0.113761076312922
0.08037416765609093 0.13195035483004147 0.1416537347222025 0.1370377865110592 0.09373563074417406 0.1578556134808772 0.09294736824228363 0.164445343813271
0.1147667963601975 0.10144533165828856 0.16415457245092072 0.0938916679935928 0.14205224584595305 0.13144311346945461 0.13957627062928124 0.11267000159231136
0.12183090451140462 0.09357895013303201 0.16889899608242814 0.09177356284394175 0.15500680384906299 0.12235494210386906 0.13642756506353132 0.11012827541273011
0.10850638386104075 0.08067719859694733 0.23927573845466288 0.12866208760635264 0.10471716011057795 0.07891692649194679 0.14344862603275438 0.11579587884571739
0.10423661651564253 0.07767884865027225 0.26884860638742586 0.12784611510851193 0.09302569738542428 0.07076373476393039 0.14253887759113196 0.11506150359766075
0.11938832543671489 0.08922292492189093 0.20420125619889726 0.09237087678048524 0.1396722725969421 0.10698377958018401 0.13731551234830341 0.11084505213658226
0.14052621017308037 0.10405795258373352 0.20828658523217183 0.10471959604888226 0.1320921395052324 0.09931534531362937 0.11675453469927617 0.09424763644399402
0.08600270678135227 0.13763625195135676 0.12284602564467666 0.1339037670652615 0.10136995095643712 0.1667350916348594 0.09082168548774258 0.16068452047831377
0.11617081126509961 0.10249865542981465 0.15767508648057663 0.09373920461090277 0.14439475257856876 0.13368482053111963 0.13934962357083455 0.1124870455330833
0.10772372639864716 0.08267134042923503 0.23513711746766147 0.12942778902933574 0.10297661182425925 0.08127607874697589 0.1443023259774833 0.11648501012640218
0.13806511583446265 0.1035236363213935 0.22133060946194125 0.10604209258025975 0.12295088418041102 0.09442075866130704 0.11822901963799111 0.09543788332223377
0.11034806115323086 0.08091066305671812 0.2595618072136052 0.12613090341420574 0.09613857571294968 0.07276563182365194 0.14062654455285328 0.11351781307278518
0.10394789568512423 0.07717442365043109 0.27646084332786025 0.126888207928525 0.09061488246526091 0.06924347723606895 0.141470882571057 0.11419938713567251
0.10207329741323697 0.07624193728790629 0.2830617658938072 0.12640894704731165 0.0891213640044042 0.06838809355651182 0.1409365424542415 0.1137680523425805
0.08045327273672463 0.1319861961624598 0.1415412796976113 0.13704075321815143 0.09372897781100463 0.1578512360686508 0.09294938044361575 0.16444890386178168
0.10096848105795665 0.08923832593498743 0.23097300249421526 0.13214040468987961 0.09371119612669208 0.08671553547039207 0.14732669000498516 0.11892636422089164
0.10300118355045824 0.07953959265194768 0.2661304312884798 0.12859454406043588 0.09119061826439534 0.07243522051027047 0.14337332001962028 0.11573508965439228
0.10224664241897034 0.07694324200055845 0.2792894682764321 0.12694993990590375 0.08958511686196799 0.06919093550188364 0.1415397091189703 0.11425494591531338
0.10161830843650575 0.0761537802641849 0.28416785196631617 0.1263287522193244 0.0888519054291182 0.06833639348143448 0.14084713120572437 0.11369587699739195
0.0920802638967069 0.15118507850284632 0.1624530240346958 0.15700314249532343 0.08048791500061021 0.1356209318590138 0.07986681596501237 0.14130282824579107
0.10279079162519447 0.09180536751915454 0.238866908563263 0.13079442464453675 0.09004435434913031 0.08215714841793775 0.14582602270069994 0.11771498218008308
0.10312201222977432 0.07974184909045859 0.2690647563922765 0.12817968147659847 0.0901617839330538 0.071457424350364 0.1429107791985359 0.11536171332893863
0.10217073357724639 0.07689757938382472 0.2803768667926218 0.12680814838810564 0.08928137542561819 0.06895634072520633 0.14138162215808195 0.11412733354929505
0.13532536883047666 0.10142029193567995 0.2369793370361023 0.10515935494393622 0.11826087214928158 0.09096652260554736 0.11724483304943338 0.0946434194495426
0.10920216668619245 0.08017018701924812 0.26566993349127044 0.12551012298129643 0.0947114680307045 0.07184259041106375 0.13993442069705733 0.11295911068316677
0.08166502085504095 0.1330010389382321 0.13749358296847766 0.1368787985619043 0.09484962503561989 0.15901784242880035 0.09283953293763945 0.16425455827428515
0.11513637341601887 0.10167436147358111 0.16278109197317514 0.09390613606260798 0.14243965070928138 0.13177724470459778 0.13959777838560825 0.11268736327512956
0.08139476824449214 0.13698158555667905 0.11244021247625258 0.1342741859981755 0.10355840625830176 0.17914889211300408 0.09107292615528424 0.16112902319781058
0.13276701020589604 0.11825814515117122 0.1780860668175654 0.10830062941227374 0.12572392352400966 0.11864653875987548 0.12074711965816193 0.09747056647104638
0.11064887719670799 0.08463641806104207 0.24270318775004165 0.12801702448248747 0.09808700008646899 0.0779627416003292 0.14272942878868378 0.11521532203423873
0.08194914471051978 0.13436974971622817 0.13226608065045967 0.1370128373615297 0.0956148842883805 0.1614414522286177 0.09293044621042884 0.16441540483383563
0.06721219127866605 0.1303482025192998 0.15028849585318474 0.1921157219746651 0.06242983578786162 0.1269729703263597 0.09772843248276442 0.1729041497771986
0.10317164164177581 0.08124766779289846 0.17225432203359584 0.09749720135147814 0.13679729279642253 0.13240291023181788 0.15475746246266373 0.12187150168934768
0.06907889001795173 0.11428907510185256 0.06958245741218799 0.08181659203111921 0.14860944345151403 0.26050203649665354 0.09248832142648258 0.16363318406223842
0.11017253505902343 0.09670514545371486 0.1378863855538575 0.09226377254399973 0.15809058476220492 0.15700875486720023 0.1371562947071996 0.11071652705279968
0.08011126408923595 0.13486444047097357 0.10634205687991241 0.13354156298018383 0.1064296382111889 0.187885145162247 0.09057601663003774 0.1602498755762206
0.10175640040127729 0.0905410699968072 0.2161246205713935 0.13318884657148422 0.09727502842889947 0.09274844765475974 0.14849562446104284 0.11986996191433581
0.10366491735060755 0.08013757669948852 0.2604242299054153 0.12922956845821928 0.09236222951922345 0.07379354162138017 0.14408132483326838 0.11630661161239737
0.13637790121033827 0.10261435180785755 0.2302683097261576 0.10568994269734724 0.11963589083397143 0.09245625649832982 0.11783639879838566 0.09512094842761251
0.109674143325193 0.08054573104421522 0.26307504903780443 0.12579386765503858 0.09519802916636685 0.07224792404854294 0.1402507748333042 0.11321448088953473
0.10367917333307078 0.07702593399007335 0.27779069448565197 0.12673708979208986 0.09032030873529658 0.06908102172453179 0.14130239712640466 0.11406338081288088
0.10196809210195036 0.07618335001324708 0.2835591233654854 0.12634961855367696 0.08902216883980227 0.0683325948161905 0.14087039561133832 0.11371465669830927
0.1351606170228448 0.10117930296749093 0.23803709678550897 0.10506649455734061 0.11809835532276569 0.0907569875941836 0.11714130064825888 0.09455984510160656
0.10912748750783138 0.08010145710939974 0.2660769360561231 0.12546418894050332 0.094645624922117 0.07178332774808582 0.1398832076694865 0.11291777004645297
0.13752231647711272 0.10219013131509734 0.23173246699583283 0.10518450301607739 0.11979530555011705 0.09163635265814403 0.11727287127314898 0.09466605271446965
0.12663389937923591 0.09268772893279732 0.1898914923551227 0.09054354202715771 0.1462526786409727 0.11073935172608096 0.1345990565060434 0.10865225043258925
0.08364192085320943 0.13461451299314425 0.1188359902286684 0.1343879688993574 0.10462303590169478 0.17148090779991532 0.09115010064478152 0.16126556267922884
0.11556458839609411 0.10192065624402555 0.15635895334261493 0.09377307965845279 0.1454898206461183 0.13496522501834352 0.13939998110420743 0.11252769559014335
0.09403765832291962 0.15819085227030555 0.12811985670703857 0.15497734720780773 0.09021806981391854 0.15614030048092425 0.07883630271005872 0.13947961248702695
0.13592506807267055 0.12248087670844378 0.18318588601162952 0.10757629413895593 0.12126102995795815 0.1128126405019981 0.1199395398832837 0.09681866472506033
0.09721414619894897 0.07450308220089251 0.21391866035264315 0.11169850531188487 0.11302850460785398 0.08955156466898138 0.16604733028453333 0.13403820637426186
0.10280882076670843 0.07755110460658243 0.25976556792713856 0.1295705332677776 0.09582979572783434 0.0733992226121679 0.14446147515079086 0.11661347994099984
0.08067381355954735 0.13254105381849896 0.13631880815561961 0.13730052787302613 0.09529422274822776 0.15998536497052668 0.09312557542692208 0.16476063344763137
0.11490844029835691 0.10161483166376825 0.16243424249595156 0.09394635685813221 0.14263180889932658 0.13207112225515408 0.13965756929955178 0.11273562822975865
0.10729856944362771 0.08242070132305246 0.23711287000777664 0.1292844438553139 0.10247908850339185 0.08090582059120481 0.14414250680584997 0.1163559994697825
0.10406910101182816 0.07806293269345879 0.2681032836494835 0.12800536102013102 0.09266037327494568 0.07117769853347096 0.14271642489856398 0.11520482491811791
0.11936933358202344 0.08931896868372326 0.20398869068520256 0.09239476065774561 0.13958579978454194 0.10711771648147654 0.137351017335992 0.11087371278929473
0.10691631113476834 0.07919029414415273 0.2534626190164213 0.12748411395839634 0.10048529287272245 0.07559039298721795 0.14213527332376427 0.11473570256255672
0.08129836413922292 0.13280896898131536 0.13475494982793362 0.13702821103705948 0.0961622354131283 0.1605725437839068 0.09294087357296207 0.16443385324447135
0.10136069690188809 0.08955177442252951 0.22817799035831218 0.13239058351023025 0.09440987756373309 0.08735193136448466 0.14760562071961492 0.11915152515920724
0.10318284655731982 0.0796641478287398 0.26505863078722086 0.12871624161745812 0.091416937544885 0.0726075744948711 0.14350900371379283 0.11584461745571228
0.1023237839745672 0.07699162549264112 0.27888702594684045 0.12699798328517212 0.0896631695038095 0.06924495293878696 0.1415932739015277 0.1142981849566549
0.10164920586172055 0.07617212811700189 0.2840176690232445 0.12634677578179454 0.08887966653595529 0.06835523034383159 0.14086722613283661 0.1137120982036151
0.10132083656934422 0.07589992091157362 0.2859194883309166 0.12610851212133167 0.088564731779421 0.06808726944592369 0.1406015799322907 0.11349766090919851
0.10118216129118007 0.07580506330861714 0.2866251197704685 0.12602136485066645 0.08844378625591298 0.06799885892852833 0.14050441722902662 0.11341922836559983
0.10112707473157238 0.0757710648116903 0.286887185015743 0.12598931793588714 0.08839825656681756 0.0679680274853828 0.14046868731060846 0.1133903861422984
0.10110584225180447 0.0757586795952654 0.2869845798004614 0.125977479031273 0.08838126062078942 0.06795693975679654 0.14045548781546405 0.11337973112814571
0.11825240677747924 0.08860834624010547 0.20982716572745677 0.09209289973380436 0.13782759953796403 0.10597782150431263 0.13690228079831215 0.11051147968056522
0.10646796303278493 0.07892664084713885 0.25576206280678576 0.12724643028998334 0.09994073473211615 0.07526410725913506 0.14187027377107095 0.11452178726098498
0.10323324931084053 0.07697521786013607 0.2751252752483552 0.12714098323949258 0.09155911292909263 0.06978656831758298 0.14175270817895663 0.11442688491554331
0.10196197231201794 0.07624851575195626 0.28257909756578253 0.12648146513328043 0.08936191754323275 0.06851631836547861 0.14101739470829924 0.1138333186199524
0.08043437888348741 0.13199081229589474 0.14143183840728546 0.13704531119473598 0.09378289938038906 0.15790791446374686 0.09295247194077746 0.1644543734336832
0.10096728451825794 0.08924203931474005 0.23092848620630765 0.132144747934713 0.09372578405926818 0.08672985242661976 0.14733153239885166 0.1189302731412417
0.10300232174829571 0.07954132758624524 0.2661133635415676 0.1285963946519714 0.09119491056019584 0.07243954343387134 0.14337538329107855 0.11573675518677425
0.10224740318010059 0.07694391373275208 0.2792829833574165 0.12695057295130582 0.0895864412754527 0.0691927549294456 0.14154041491735142 0.11425551565617524
