0.125 0.125 0.125 0.125 0.125 0.125 0.125 0.125
0.125 0.125 0.125 0.125 0.125 0.125 0.125 0.125
0.13715277777777776 0.12326388888888887 0.12326388888888887 0.12326388888888887 0.12326388888888887 0.12326388888888887 0.12326388888888887 0.12326388888888887
0.13662229938271606 0.12138310185185187 0.12138310185185187 0.12138310185185187 0.12138310185185187 0.13507908950617287 0.12138310185185187 0.12138310185185187
0.13493548720556778 0.11975523171859934 0.11975523171859934 0.11975523171859934 0.11975523171859934 0.146533122482836 0.11975523171859934 0.11975523171859934
0.13282439552491063 0.131137700470803 0.11783156361318087 0.11783156361318087 0.11783156361318087 0.14688008593838192 0.11783156361318087 0.11783156361318087
0.13081591346790833 0.13062850290634082 0.11605764729847382 0.11605764729847382 0.1291500432554939 0.14517495117636198 0.11605764729847382 0.11605764729847382
0.12932582492847508 0.12930500153274535 0.11479072343204083 0.11479072343204083 0.12914072823820683 0.15306555157240959 0.11479072343204083 0.11479072343204083
0.12753296210961926 0.12753064839898262 0.11316342600645538 0.11316342600645538 0.13876410429514527 0.15351858117043138 0.11316342600645538 0.11316342600645538
0.1262262262766473 0.1262259691976877 0.11205589715335629 0.11205589715335629 0.1395643001222906 0.15975991578994916 0.11205589715335629 0.11205589715335629
0.125 0.125 0.125 0.125 0.125 0.125 0.125 0.125
0.12694874749192955 0.12694874749192955 0.11305985860304067 0.11305985860304067 0.1378396846869041 0.15602338591707404 0.11305985860304067 0.11305985860304067
0.12388982806059076 0.12388982806059076 0.12234661818404756 0.1097844116725986 0.13710955898456706 0.16341093169240806 0.1097844116725986 0.1097844116725986
0.12273040372649435 0.12273040372649435 0.12273040372649435 0.12273040372649435 0.12273040372649435 0.1408871739145397 0.12273040372649435 0.12273040372649435
0.12402890835985898 0.12402890835985898 0.12402890835985898 0.11039219683469294 0.13472210131105194 0.16201458310529238 0.11039219683469294 0.11039219683469294
0.12150347886877577 0.12150347886877577 0.1323098072792436 0.10772248905101367 0.13442961097213765 0.16708615685802625 0.10772248905101367 0.10772248905101367
0.12085963409203701 0.12085963409203701 0.12085963409203701 0.12085963409203701 0.12085963409203701 0.15398256135574115 0.12085963409203701 0.12085963409203701
0.13124321510566267 0.12071301763123084 0.13124321510566267 0.10728416939878228 0.13124321510566267 0.16370482885543428 0.10728416939878228 0.10728416939878228
0.11926685312255106 0.13267941063713226 0.11926685312255106 0.11926685312255106 0.11926685312255106 0.1517194706275614 0.11926685312255106 0.11926685312255106
0.13001023948093351 0.12110910119482066 0.1378112002957029 0.10636694445736151 0.13001023948093351 0.16195838617552466 0.10636694445736151 0.10636694445736151
0.1174989307372507 0.13095549753667524 0.1174989307372507 0.1174989307372507 0.13194451290179887 0.14960533587527228 0.1174989307372507 0.1174989307372507
0.1288768135034664 0.12013459979120285 0.14209534242602898 0.10558398895379448 0.1317404856132077 0.16040079180471076 0.10558398895379448 0.10558398895379448
0.11621560197796932 0.12956389084365852 0.11621560197796932 0.11621560197796932 0.13085343371277017 0.1585046655537248 0.11621560197796932 0.11621560197796932
0.127863860709529 0.11922142933908197 0.1447696989867429 0.10482544146756437 0.13076564410659475 0.16290304245535825 0.10482544146756437 0.10482544146756437
0.11520044168452678 0.128447267166647 0.11520044168452678 0.11520044168452678 0.12972995769637063 0.16582056671434867 0.11520044168452678 0.11520044168452678
0.1340327716432221 0.11793252841223618 0.14325594842137931 0.1036606098381643 0.1293780961548285 0.164418825853841 0.1036606098381643 0.1036606098381643
0.13633301610465592 0.1140993958273819 0.15023402838255318 0.10099578155935567 0.13510582847398112 0.1612403865333608 0.10099578155935567 0.10099578155935567
0.11461136057819638 0.12728907122568325 0.11461136057819638 0.11461136057819638 0.1296231192975276 0.17003100658580717 0.11461136057819638 0.11461136057819638
0.13235924978255187 0.11628562712479376 0.14153526355420568 0.10214239698860672 0.13631704333034564 0.16707562524228312 0.10214239698860672 0.10214239698860672
0.11383936941821036 0.12675999465429857 0.11383936941821036 0.11383936941821036 0.12898570756602654 0.17505745068862302 0.11383936941821036 0.11383936941821036
0.1316797008644075 0.1157508244775892 0.14337819681041458 0.10166638062711159 0.13567297577076043 0.16851916019549348 0.10166638062711159 0.10166638062711159
0.11346351921672981 0.12632472193646194 0.11346351921672981 0.11346351921672981 0.12853829430236985 0.1778193876775193 0.11346351921672981 0.11346351921672981
0.13127958826233416 0.11540143972775843 0.14469600102148594 0.10136535951259598 0.1352539958373479 0.16927289661328582 0.10136535951259598 0.10136535951259598
0.11321604823350194 0.1260384304254751 0.11321604823350194 0.11321604823350194 0.12824426999320726 0.17963705841380787 0.11321604823350194 0.11321604823350194
0.13101261925467117 0.11516790534324135 0.14558849268746685 0.10116363529596635 0.13497475322094543 0.16976532360577629 0.10116363529596635 0.10116363529596635
0.11304838341331151 0.12584481734033834 0.11304838341331151 0.11304838341331151 0.12804557821563878 0.18086768737746525 0.11304838341331151 0.11304838341331151
0.13083234724895734 0.11501032496976518 0.1461891029207798 0.10102756748750537 0.13478630107498193 0.1700992213229998 0.10102756748750537 0.10102756748750537
0.11293466872134512 0.12571359371798568 0.11293466872134512 0.11293466872134512 0.1279109243963431 0.18170213827894557 0.11293466872134512 0.11293466872134512
0.1307105995824207 0.11490397735024242 0.14659286638098987 0.10093580027046624 0.13465903288652709 0.17032612298842095 0.10093580027046624 0.10093580027046624
0.11285770782520432 0.1256248164196757 0.11285770782520432 0.11285770782520432 0.127819822590374 0.1822668218639286 0.11285770782520432 0.11285770782520432
0.13062846768944078 0.11483227176290406 0.1468642824204434 0.10087395882738454 0.13457317279602385 0.17047992884903443 0.10087395882738454 0.10087395882738454
0.1128057209067567 0.12556486221374602 0.1128057209067567 0.1128057209067567 0.12775829566187047 0.18264823759060017 0.1128057209067567 0.1128057209067567
0.13525194505382773 0.11415060040597697 0.14616808760064667 0.10019894904889406 0.13388194167497122 0.16995057811789552 0.10019894904889406 0.10019894904889406
0.14412031395455288 0.11031650891489128 0.15719765060355553 0.09763310886978273 0.132930577663027 0.16253562225462512 0.09763310886978273 0.09763310886978273
0.14588167952948214 0.10860373304816646 0.16040551075809714 0.09634634316873411 0.13765289189960184 0.15841715525845013 0.09634634316873411 0.09634634316873411
0.11343820090208633 0.1255052823518826 0.11343820090208633 0.11343820090208633 0.12873296666870876 0.17857074646897705 0.11343820090208633 0.11343820090208633
0.13783549956675573 0.1127908889958944 0.14507273629958878 0.09884585762346298 0.13884805015473933 0.1689152521126326 0.09884585762346298 0.09884585762346298
0.14377929734656364 0.1089364243422695 0.15583775675741762 0.09640410334272569 0.13954943416677068 0.16268477735880155 0.09640410334272569 0.09640410334272569
0.11166808834722608 0.12377213549636713 0.11166808834722608 0.11166808834722608 0.13933217401725911 0.17855524875024317 0.11166808834722608 0.11166808834722608
0.13640186415675865 0.11177308394585947 0.14376900301551085 0.09802062444626312 0.14591023775917644 0.16808393778390532 0.09802062444626312 0.09802062444626312
0.11117288765614157 0.12359211920568151 0.11117288765614157 0.11117288765614157 0.140097930180362 0.18044551233324857 0.11117288765614157 0.11117288765614157
0.13836346744751335 0.11136113296294599 0.14317417915377367 0.09762867527342582 0.14578148527297402 0.16843370934251564 0.09762867527342582 0.09762867527342582
0.10997187822344133 0.12234533744154644 0.10997187822344133 0.10997187822344133 0.14840661678996137 0.17938865465128548 0.10997187822344133 0.10997187822344133
0.1392417765665034 0.11083848600855922 0.14229803185265716 0.09724455962616517 0.1482531334984755 0.16763489319530916 0.09724455962616517 0.09724455962616517
0.10906615099709863 0.12138153833138297 0.10906615099709863 0.10906615099709863 0.15513399626654623 0.17815371041657763 0.10906615099709863 0.10906615099709863
0.13875047364812362 0.11058598293485566 0.14194123354962168 0.09709914534247978 0.1504199748299431 0.16700489901001656 0.09709914534247978 0.09709914534247978
0.10839802097335226 0.12068535241055846 0.10839802097335226 0.10839802097335226 0.16009860255081207 0.17722594017186835 0.10839802097335226 0.10839802097335226
0.10730068388483388 0.12071016748600703 0.10730068388483388 0.10730068388483388 0.16232788935387693 0.18045852373594645 0.10730068388483388 0.10730068388483388
0.10657713267654538 0.11998937350832395 0.10657713267654538 0.10657713267654538 0.1660555988412512 0.18106936426769807 0.10657713267654538 0.10657713267654538
0.1049046533425003 0.1182368059545363 0.11674655697322757 0.1049046533425003 0.16574898734112647 0.17964903636110832 0.1049046533425003 0.1049046533425003
0.10360360419193745 0.11674102707577481 0.1267472792134289 0.10360360419193745 0.16433559285170363 0.17776168409134294 0.10360360419193745 0.10360360419193745
0.11361125650898932 0.11507097016274902 0.12722594921620056 0.10209974493210737 0.16231385255090683 0.1754787367648324 0.10209974493210737 0.10209974493210737
0.11376575980033134 0.11392795020630464 0.13468492834907886 0.10114228685488809 0.16061560980289927 0.17357889127672158 0.10114228685488809 0.10114228685488809
0.11293383711768981 0.11295185827390908 0.14214488885724325 0.10029319713987524 0.15914426796455214 0.17194555636698 0.10029319713987524 0.10029319713987524
0.12133810653368027 0.11150046626648133 0.1431200428591938 0.09895025979160256 0.15726221712138233 0.1699283878444547 0.09895025979160256 0.09895025979160256
0.12991284852400198 0.11031145523481975 0.14239531476749737 0.09792251453854404 0.15554487072928788 0.16806796712876074 0.09792251453854404 0.09792251453854404
0.13152342152078197 0.10952921752104028 0.14621482912484587 0.09727238916161585 0.15426549347406668 0.1666498708744179 0.09727238916161585 0.09727238916161585
0.13729293320273916 0.10859355406459255 0.14667887944527547 0.09642364100669917 0.1529479694538969 0.16521574081339835 0.09642364100669917 0.09642364100669917
0.13869306455936187 0.1080969177310129 0.14644570362690273 0.0960309672793915 0.15444034572692938 0.16423106651761865 0.0960309672793915 0.0960309672793915
0.14307141603118556 0.10741223852825965 0.14573606179385862 0.09540146989148045 0.1543807726788374 0.16319510129341738 0.09540146989148045 0.09540146989148045
0.14428186203714885 0.1070417336828493 0.14519772268520348 0.09510704051304265 0.15568452857464726 0.16247303148102313 0.09510704051304265 0.09510704051304265
0.14423546259582382 0.1065381267961637 0.14784641273383747 0.09464460083140266 0.1557336698097447 0.16171252557022261 0.09464460083140266 0.09464460083140266
0.14700904811589438 0.10599738700909402 0.14833213422550354 0.09415981736507584 0.15526816887796396 0.16091380967631647 0.09415981736507584 0.09415981736507584
0.1478098211600727 0.10572181002071529 0.14829461236087385 0.0939443225752604 0.1559721791329697 0.16036860959958735 0.0939443225752604 0.0939443225752604
0.14777810750604328 0.10536606592264916 0.15025150366479587 0.09361919814256969 0.1559282987403692 0.15981842973843347 0.09361919814256969 0.09361919814256969
0.147512848555712 0.10507290003157238 0.15232276312080345 0.09336555937350025 0.1556571302566288 0.1593376799147827 0.09336555937350025 0.09336555937350025
0.14936683465928643 0.10470784398747768 0.1528030227862052 0.09303307731730297 0.1552163194944645 0.15880674712065745 0.09303307731730297 0.09303307731730297
0.1499243380836158 0.10451676592578366 0.15284095564915412 0.09288256103828614 0.1556331923619295 0.1584370648646586 0.09288256103828614 0.09288256103828614
0.14997381554116077 0.10433210721912184 0.1537773458775105 0.09271913322736812 0.15563829731676912 0.1581210343633334 0.09271913322736812 0.09271913322736812
0.14987012825218876 0.10418900732445506 0.15476543609764654 0.09259655096677484 0.1555177788800064 0.15786799654537878 0.09259655096677484 0.09259655096677484
0.14974422294812337 0.1040867992240233 0.15557826562695776 0.0925102428546394 0.15538274774687916 0.1576772358900984 0.0925102428546394 0.0925102428546394
0.14963654331105541 0.10401584517245355 0.15618822238023808 0.09245064525867316 0.1552685599578219 0.1575388934024117 0.09245064525867316 0.09245064525867316
0.14952055770311468 0.10393309761279569 0.1563632467581071 0.09237578148252307 0.1556488308284157 0.1574069226499974 0.09237578148252307 0.09237578148252307
0.14943281104567077 0.10388045058532082 0.1566204183737005 0.09233232862834352 0.1557603410753716 0.1573089930349059 0.09233232862834352 0.09233232862834352
0.14937108658160375 0.10384638606751975 0.1568522651492603 0.09230411378026188 0.15577756745093582 0.15724035340989484 0.09230411378026188 0.09230411378026188
0.1507139485540766 0.10364069910195084 0.15674591440573052 0.09210221176111533 0.1555826853031104 0.15701011735178574 0.09210221176111533 0.09210221176111533
0.1521412568778619 0.10344839245400834 0.15653263141204032 0.09193275922045825 0.15533381689256098 0.15674562470215392 0.09193275922045825 0.09193275922045825
0.1526671853300692 0.10338276015983787 0.1565042563877216 0.09188849433161474 0.15518813634541795 0.15659217878210915 0.09188849433161474 0.09188849433161474
0.15350860696613006 0.10327550930235052 0.15639258496195538 0.09178853595125742 0.1550288120995524 0.15642887881623932 0.09178853595125742 0.09178853595125742
0.1538213268960692 0.10323614373651663 0.15638880966613877 0.09176108714736654 0.15493643752528413 0.15633402073389172 0.09176108714736654 0.09176108714736654
0.15393642403867117 0.10322044096200272 0.15642285957794008 0.09174975832461199 0.1548874654024464 0.15628353504510373 0.09174975832461199 0.09174975832461199
0.15397674844521345 0.10321248930786767 0.15646231802252675 0.0917435514232007 0.15486130201051493 0.15625648794427496 0.0917435514232007 0.0917435514232007
0.1544267976647699 0.10314822512251888 0.15641526298517716 0.09168017075497802 0.15478725957284462 0.1561819423897555 0.09168017075497802 0.09168017075497802
0.15489205485051105 0.10308712704864938 0.15634183671308466 0.09162621314614727 0.15470312914078624 0.15609721280852684 0.09162621314614727 0.09162621314614727
0.15527056031287573 0.10304147014605128 0.15627258892460727 0.09158734491842357 0.1546299771599282 0.15602336870126676 0.09158734491842357 0.09158734491842357
0.15541582729633882 0.1030260432150995 0.15625481095571023 0.09157699097664934 0.15458981326244994 0.15598253234045364 0.09157699097664934 0.09157699097664934
0.1556073716718839 0.10300300793028502 0.15622613186032167 0.09155566979527396 0.15455212500542342 0.15594435414626415 0.09155566979527396 0.09155566979527396
0.1556803544298638 0.10299448981056822 0.15622257841169476 0.09154971115164766 0.15453080812734676 0.1559226357655835 0.09154971115164766 0.09154971115164766
0.1557995039262121 0.10297938906467372 0.15620695310388663 0.09153555686349947 0.15450796705883035 0.15589951625589876 0.09153555686349947 0.09153555686349947
0.15584471468085442 0.10297373773786506 0.15620611250516178 0.09153158339734577 0.1544946856937965 0.1558859991902849 0.09153158339734577 0.09153158339734577
0.15586173325996752 0.10297146565457034 0.15621057881737083 0.09152993923925198 0.15448762928440476 0.15587877526593075 0.09152993923925198 0.09152993923925198
0.15586786978926145 0.10297032455944752 0.15621588412170276 0.0915290505978286 0.15448386510565576 0.1558749046304466 0.0915290505978286 0.0915290505978286
0.15586985364982292 0.10296964850797313 0.15622045433390166 0.09152850133470118 0.15448178191275022 0.1558727575914485 0.09152850133470118 0.09152850133470118
0.15587031417949446 0.10296921499468464 0.15622395450106735 0.09152814293824317 0.15448057460027503 0.15587151290974904 0.09152814293824317 0.09152814293824317
0.15587026576686502 0.10296892830993562 0.15622648796733263 0.09152790442163733 0.15447984409519552 0.1558707605957592 0.09152790442163733 0.09152790442163733
0.1558700859432623 0.1029687366169244 0.15622826691659536 0.09152774458248711 0.15447938656999763 0.15587029020575885 0.09152774458248711 0.09152774458248711
0.15586990433963802 0.10296860794421653 0.15622949467940517 0.09152763720900269 0.15447909275172086 0.15586998865801147 0.09152763720900269 0.09152763720900269
0.15593065293687564 0.10295987956619133 0.1562212890756922 0.09151892312794503 0.1544702589376127 0.1558611500997932 0.09151892312794503 0.09151892312794503
0.1559540204878076 0.10295717352732296 0.1562165570070864 0.09151718690885727 0.1544649228760576 0.15585576537515358 0.09151718690885727 0.09151718690885727
0.15596326822503861 0.10295646417924469 0.15621445926975827 0.09151677823176435 0.15446233971569406 0.1558531339149713 0.09151677823176435 0.09151677823176435
0.1559669751206503 0.1029562707204714 0.1562136579523507 0.0915166635894442 0.15446117241703966 0.1558519330211554 0.0915166635894442 0.0915166635894442
0.15596846576348627 0.10295620802914361 0.1562134073849402 0.09151662239353568 0.15446065553857583 0.1558513961032472 0.09151662239353568 0.09151662239353568
0.1560100337256567 0.10295034035568867 0.15620744290325403 0.09151076168578386 0.154454584199151 0.155845313758898 0.09151076168578386 0.09151076168578386
0.15605365173981164 0.10294461539835482 0.15619989968523895 0.09150568869216719 0.15444703709126978 0.15583773000882328 0.09150568869216719 0.09150568869216719
0.1560706780094799 0.10294295894055622 0.15619583765901213 0.09150466834073902 0.15444294123936994 0.15583357912936466 0.09150466834073902 0.09150466834073902
0.15609604743226926 0.10293990053107042 0.15619128098672333 0.09150179398211972 0.15443839779178994 0.15582899131178793 0.09150179398211972 0.09150179398211972
0.1561059744135634 0.1029389878376977 0.15618887636116552 0.09150122111202319 0.15443597343428986 0.1558265246172139 0.09150122111202319 0.09150122111202319
0.15610995268027425 0.10293875613274676 0.15618778745252593 0.09150109081744702 0.15443485519668274 0.15582537608542918 0.09150109081744702 0.09150109081744702
0.15612405040170785 0.10293691735912974 0.15618552344490627 0.09149927778882455 0.1544325864782328 0.1558230889495496 0.09149927778882455 0.09149927778882455
0.1561295301165517 0.10293635673787663 0.15618425455210816 0.09149892147575112 0.1544313056461552 0.1558217885200549 0.09149892147575112 0.09149892147575112
0.15614011776567804 0.10293501714962482 0.15618245173422945 0.09149764417874962 0.15442950640091593 0.155819974413303 0.09149764417874962 0.09149764417874962
0.1561498994268059 0.1029338105764527 0.15618064735449175 0.09149658644871661 0.1544277154655718 0.15581816783052813 0.09149658644871661 0.09149658644871661
0.15615373596069415 0.1029334627307761 0.1561797031420913 0.0914963726667258 0.15442677186461162 0.15581720830164947 0.0914963726667258 0.0914963726667258
0.15615527585923386 0.1029333753770093 0.15617927473065216 0.09149632396247864 0.15442633863622038 0.15581676350944831 0.09149632396247864 0.09149632396247864
0.15615590124197792 0.10293335342429837 0.15617909268561303 0.09149631171574178 0.15442614984581376 0.15581656765507151 0.09149631171574178 0.09149631171574178
0.15615615663676072 0.10293334742615863 0.15617901886471058 0.09149630815679212 0.15442606935342235 0.15581648324857142 0.09149630815679212 0.09149630815679212
0.15611428466352179 0.10289136903452956 0.15613701056607618 0.09145433043162303 0.15471987376011473 0.15577447068088884 0.09145433043162303 0.09145433043162303
0.15609279286180852 0.10287820910445428 0.1561111168583683 0.09144583476728434 0.1548317444011513 0.15574863247236462 0.09144583476728434 0.09144583476728434
0.15608213273875207 0.10287498652655205 0.1560986358784309 0.09144407440383491 0.15487581539841272 0.15573620624634776 0.09144407440383491 0.09144407440383491
0.15607734507724616 0.10287425516003323 0.15609309580843167 0.09144370110152747 0.1548934971796701 0.15573070347003656 0.09144370110152747 0.09144370110152747
0.1560778407052406 0.10287373214087236 0.15609035959160228 0.09144325934531312 0.15490029932665778 0.1557279901996877 0.09144325934531312 0.09144325934531312
0.1560779606833972 0.10287358875685977 0.15608914265805326 0.09144317407454063 0.15490300077141056 0.15572678490665734 0.09144317407454063 0.09144317407454063
0.15607799286903346 0.10287355532571459 0.15608862220684216 0.09144315657495238 0.15490409000445352 0.15572626986909924 0.09144315657495238 0.09144315657495238
0.1560780026469235 0.10287354806035212 0.15608840381387803 0.09144315302416162 0.15490453269256887 0.15572605371379264 0.09144315302416162 0.09144315302416162
0.15607800602091648 0.1028735465778733 0.15608831316485727 0.09144315234894529 0.15490471337859724 0.1557259638109199 0.09144315234894529 0.09144315234894529
0.15607800730294816 0.10287354629795083 0.15608827582637572 0.09144315223374269 0.1549047872871641 0.15572592658433307 0.09144315223374269 0.09144315223374269
0.1560780078134977 0.10287354624648429 0.15608826055704064 0.09144315221337863 0.15490481754579152 0.15572591119704995 0.09144315221337863 0.09144315221337863
0.1560780080160416 0.10287354623188141 0.15608825436889484 0.0914431522044943 0.1549048299333148 0.1557259048363844 0.0914431522044943 0.0914431522044943
0.15607800809167102 0.10287354622201106 0.15608825189507844 0.09144315219624646 0.15490483500000926 0.15572590220249072 0.09144315219624646 0.09144315219624646
0.15607800811554084 0.10287354621346462 0.1560882509285276 0.09144315218879671 0.1549048370682918 0.15572590110778498 0.09144315218879671 0.09144315218879671
0.15607800811941264 0.10287354620650188 0.1560882505662347 0.0914431521827836 0.1549048379096163 0.15572590064988362 0.0914431521827836 0.0914431521827836
0.1560780081165094 0.10287354620122158 0.15608825044129526 0.09144315217827695 0.15490483824978496 0.15572590045635798 0.09144315217827695 0.09144315217827695
0.15607972675428394 0.10287330067993233 0.15608800486884813 0.09144290665757439 0.15490459286844332 0.15572565485576917 0.09144290665757439 0.09144290665757439
0.15608039088815034 0.10287322579161072 0.15608785557495233 0.09144285904939602 0.15490444473200587 0.15572550586509268 0.09144285904939602 0.09144285904939602
0.15608065558830894 0.10287320713208833 0.1560877834185876 0.09144284871079826 0.15490437370461227 0.15572543402400812 0.09144284871079826 0.09144284871079826
0.15608076284422007 0.10287320269404462 0.15608775117874749 0.09144284634603482 0.15490434224122146 0.1557254020036618 0.09144284634603482 0.09144284634603482
0.15608080670341667 0.10287320164207359 0.156087737273588 0.09144284578717975 0.15490432879238916 0.15572538822699353 0.09144284578717975 0.09144284578717975
0.15608198081693442 0.10287303623361108 0.15608756622308692 0.0914426804956029 0.15490415799107107 0.15572521724848792 0.0914426804956029 0.0914426804956029
0.15605408700151166 0.10284463779213539 0.15605911531850478 0.09141430043284526 0.1551024919825171 0.1556967666067952 0.09141430043284526 0.09141430043284526
0.15603789889928557 0.10283595765425907 0.1560418074113867 0.09140877567735513 0.15517851141152042 0.15567949759148283 0.09140877567735513 0.09140877567735513
0.15603055641845998 0.10283375728297 0.15603340330268378 0.09140753976583012 0.15520853056776535 0.1556711331306304 0.09140753976583012 0.09140753976583012
0.15602760185688308 0.10283319711472057 0.15602960699663102 0.09140722408327945 0.1552205571347571 0.15566736464716985 0.09140722408327945 0.09140722408327945
0.15602631185390836 0.10283306850861942 0.15602796836741767 0.0914071577180949 0.1552254354418925 0.15566574267387728 0.0914071577180949 0.0914071577180949
0.15602600058219276 0.10283300679867949 0.15602724229668988 0.09140711029772174 0.1552273937169332 0.15566502571233948 0.09140711029772174 0.09140711029772174
0.1560258625799352 0.10283299085412642 0.15602693250400074 0.09140710120982871 0.15522818976556793 0.1556647206668834 0.09140710120982871 0.09140710120982871
0.1560258036577518 0.10283298731448565 0.15602680243489817 0.0914070994418049 0.15522851528958453 0.1556645929778652 0.0914070994418049 0.0914070994418049
0.15602577894683475 0.1028329866131215 0.15602674825899157 0.0914070991337342 0.15522864881934095 0.1556645399605086 0.0914070991337342 0.0914070991337342
0.1560257686794178 0.10283298650189544 0.15602672578917884 0.0914070991004375 0.1552287036862407 0.1556645180419547 0.0914070991004375 0.0914070991004375
0.15600664502640807 0.102813867088817 0.15600759708242046 0.09138797969971753 0.1553625621098189 0.1556453895933828 0.09138797969971753 0.09138797969971753
0.15599506185468942 0.10280807967147178 0.15599601175010996 0.09138431666160321 0.1554140662962393 0.1556338304426799 0.09138431666160321 0.09138431666160321
0.15598948757541084 0.10280665956042931 0.15599043653513217 0.09138353959693243 0.15543451571056616 0.15562828182766436 0.09138353959693243 0.09138353959693243
0.155974125928879 0.10279344873273895 0.1559750744812216 0.09137048655935791 0.1555329528250826 0.15561293835400403 0.09137048655935791 0.09137048655935791
0.15595657689064044 0.10278079390907491 0.15595752521955591 0.09135929960543725 0.15563178746123907 0.1555954177031781 0.09135929960543725 0.09135929960543725
0.15594710041648446 0.10277717934431069 0.15594804859062156 0.09135709113219127 0.15567042144508478 0.15558597680692474 0.09135709113219127 0.09135709113219127
0.15594285767028337 0.10277627789848202 0.15594362394744593 0.09135659130466972 0.15568588673757439 0.15558157983220514 0.09135659130466972 0.09135659130466972
0.1559351487801676 0.10277022600213531 0.15593583971319494 0.09135063956897065 0.15573305374673763 0.15557381305085274 0.09135063956897065 0.09135063956897065
0.15593080480767318 0.10276840227185183 0.15593146451807563 0.0913494882716146 0.15575140791633887 0.15556945567121672 0.0913494882716146 0.0913494882716146
0.1559287585102376 0.10276795241550707 0.15592940527926857 0.09134924105196797 0.15575875088854532 0.1555674097505375 0.09134924105196797 0.09134924105196797
0.1559278558066341 0.10276784721211392 0.15592849721107596 0.09134918583261316 0.15576173228533985 0.15556650998699664 0.09134918583261316 0.09134918583261316
0.15592757645223784 0.102767807753668 0.15592809335876742 0.09134915806343313 0.15576293744438005 0.15556611080064728 0.09134915806343313 0.09134915806343313
0.15592752694094408 0.10276778730564635 0.15592791003661016 0.09134914199968322 0.15576341976266145 0.15556592995508842 0.09134914199968322 0.09134914199968322
0.15592755158219176 0.1027677748549077 0.15592782393365262 0.091349131820947 0.15576360904205216 0.15556584512435473 0.091349131820947 0.091349131820947
0.1559275597351715 0.10276777141913582 0.15592778622117426 0.09134912976859053 0.15576368526438317 0.1555658080543636 0.09134912976859053 0.09134912976859053
0.1559275952257414 0.10276776593614659 0.1559277655010368 0.0913491246673537 0.15576371168416464 0.1555657876508495 0.0913491246673537 0.0913491246673537
0.1559276089229953 0.10276776432551601 0.15592775591826472 0.09134912366594417 0.15576372160840385 0.15556577822698772 0.09134912366594417 0.09134912366594417
0.15592368297356765 0.10276383252431756 0.15592382032724963 0.09134519204370468 0.15579124532911823 0.15556184271463278 0.09134519204370468 0.09134519204370468
0.15592129821545359 0.10276263685834229 0.15592143157409918 0.09134443324452923 0.15580187425972641 0.15555945935879076 0.09134443324452923 0.09134443324452923
0.15480096613145544 0.11059661097864598 0.15480109783435764 0.09022508882449448 0.15468692747876492 0.1544391311032925 0.09022508882449448 0.09022508882449448
0.15437431756277886 0.11218695177260096 0.1543744480304928 0.09026243348847657 0.15426297140523068 0.1540140107634668 0.09026243348847657 0.09026243348847657
0.1542462466824908 0.11255084727570291 0.15424637642940353 0.09031106204527227 0.15413619136608675 0.1538871521104993 0.09031106204527227 0.09031106204527227
0.15421055098281938 0.11264033114957374 0.15421068036840183 0.0903284077809066 0.15410108282627216 0.1538521313302132 0.0903284077809066 0.0903284077809066
0.15420086867759186 0.11266317162235724 0.15420099789602454 0.09033350909503546 0.154091658249492 0.15384277626942794 0.09033350909503546 0.09033350909503546
0.15419826534166078 0.11266910614322885 0.15419839448612171 0.09033491575236108 0.15408916555996655 0.15384032121193877 0.09033491575236108 0.09033491575236108
0.15419494897518893 0.11266804441738637 0.15419507808773708 0.09033267757535787 0.1541068261921657 0.1538370696014481 0.09033267757535787 0.09033267757535787
0.15419143912626815 0.11266569758937954 0.15419156822397287 0.09033054122240484 0.15412608039061482 0.15383359100255015 0.09033054122240484 0.09033054122240484
0.15418959022180914 0.11266483708105549 0.15418971931164713 0.09033014594599968 0.1541336557667866 0.1538317597807025 0.09033014594599968 0.09033014594599968
0.15418873973601055 0.11266458174577325 0.15418886882168512 0.09033006119669033 0.15413670699282125 0.15383091911363905 0.09033006119669033 0.09033006119669033
0.15418836737600092 0.11266451100299145 0.15418849645953503 0.09033004107121965 0.15413794998213148 0.15383055196568204 0.09033004107121965 0.09033004107121965
0.1541882080921323 0.11266449191062944 0.15418833717459796 0.09033003600280826 0.15413845947349125 0.15383039534072412 0.09033003600280826 0.09033003600280826
0.1541881408064143 0.1126644868085771 0.15418826988835976 0.09033003468559919 0.15413866907020993 0.1538303293696412 0.09033003468559919 0.09033003468559919
0.15418692832316236 0.11266330118074398 0.1541870574048594 0.09032885006918985 0.1541470453629131 0.1538291175207516 0.09032885006918985 0.09032885006918985
0.15418621010906086 0.11266285008770262 0.15418633919006064 0.09032863401336051 0.15415029735236274 0.15382840122073166 0.09032863401336051 0.09032863401336051
0.1541858668546532 0.11266271486254452 0.15418599593501214 0.09032858821225931 0.15415159797587413 0.15382805973513813 0.09032858821225931 0.09032858821225931
0.15418571389277808 0.11266267725499433 0.15418584297270344 0.09032857741155634 0.15415212567369171 0.15382790797116347 0.09032857741155634 0.09032857741155634
0.15418566949190327 0.11266266399552809 0.1541857738180391 0.09032857160735852 0.1541523383527764 0.1538278395196774 0.09032857160735852 0.09032857160735852
0.15418566440471684 0.1126626580180284 0.15418574182816414 0.09032856825839697 0.15415242305956 0.15382780791433956 0.09032856825839697 0.09032856825839697
0.15418566161231848 0.11266265614755337 0.15418572789381813 0.09032856757289315 0.1541524574452949 0.1538277941823357 0.09032856757289315 0.09032856757289315
0.15418567009731438 0.11266265421797383 0.15418572056402696 0.09032856601411401 0.15415247012327774 0.153827786955065 0.09032856601411401 0.09032856601411401
0.15326454882959725 0.11911052494671132 0.1532645927465006 0.0894074412322746 0.15323135059051693 0.1529066591898502 0.0894074412322746 0.0894074412322746
0.15286113885924105 0.1207885607846971 0.15286117992599427 0.08938552028009808 0.15282805754926504 0.1525045020405083 0.08938552028009808 0.08938552028009808
0.15272216120810084 0.12125905863135493 0.15272219356497338 0.08941361030920988 0.15268917173628313 0.15236658393165795 0.08941361030920988 0.08941361030920988
0.15267779143957 0.12139629244855582 0.15267782017522663 0.08942679914430245 0.15264485753213267 0.15232284097160775 0.08942679914430245 0.08942679914430245
0.15266404186195184 0.12143709509272334 0.15266406407515906 0.08943142061034082 0.15263113154161248 0.15230940559753087 0.08943142061034082 0.08943142061034082
0.15265983323312254 0.12144933503970301 0.15265984936881447 0.0894329030941319 0.15262693103911013 0.15230534203685406 0.0894329030941319 0.0894329030941319
0.15265854996406847 0.12145302182091808 0.15265856358252153 0.08943336285950641 0.15262565166601508 0.15230412438795765 0.08943336285950641 0.08943336285950641
0.1526581590295189 0.1214541343675956 0.15265817160538064 0.08943350340022663 0.15262526250654693 0.15230376229027812 0.08943350340022663 0.08943350340022663
0.1526580398118412 0.12145447037705638 0.1526580519558883 0.08943354609095347 0.15262514407316988 0.15230365550918376 0.08943354609095347 0.08943354609095347
0.1526580033688022 0.12145457189651766 0.1526580153340047 0.08943355902278813 0.15262510796990883 0.1523036243624022 0.08943355902278813 0.08943355902278813
0.1526579941747073 0.12145460229048012 0.15265800379552147 0.08943356265152767 0.15262509665077723 0.15230361513393098 0.08943356265152767 0.08943356265152767
0.15265799150055887 0.12145461143738705 0.15265800015042705 0.08943356378518108 0.15262509309795863 0.15230361245812502 0.08943356378518108 0.08943356378518108
0.15265799074068415 0.12145461419657802 0.15265799898842786 0.08943356413282455 0.1526250919746249 0.15230361170121132 0.08943356413282455 0.08943356413282455
0.15265799053173304 0.1214546150297849 0.15265799861293392 0.08943356423858112 0.15262509161528642 0.15230361149451832 0.08943356423858112 0.08943356423858112
0.15265720167184907 0.12145382647611142 0.152657209684075 0.08943277546523581 0.15263061313640564 0.15230282263585132 0.08943277546523581 0.08943277546523581
0.1526567375445927 0.12145348116175977 0.15265674552822803 0.08943263805008499 0.15263276203074494 0.15230235958441968 0.08943263805008499 0.08943263805008499
0.1526565174282869 0.12145336222633464 0.15265652540006705 0.08943261015548583 0.15263362393397778 0.15230214054487612 0.08943261015548583 0.08943261015548583
0.1526564210036582 0.12145332408047543 0.15265642744338515 0.0894326033665027 0.15263397403533308 0.15230204333764027 0.0894326033665027 0.0894326033665027
0.1526563792837822 0.12145331223855557 0.15265638508899604 0.08943260158159473 0.1526341172177328 0.1523020014261493 0.08943260158159473 0.08943260158159473
0.15265636149956335 0.12145330861085225 0.15265636704198807 0.08943260107596888 0.15263417599998655 0.15230198361970315 0.08943260107596888 0.08943260107596888
0.15265635398490923 0.12145330750523259 0.1526563594184975 0.08943260092677952 0.152634200190906 0.1523019761201162 0.08943260092677952 0.08943260092677952
0.15265635082766751 0.12145330716874769 0.15265635621618026 0.08943260088178707 0.15263421016270554 0.1523019729793377 0.08943260088178707 0.08943260088178707
0.15265635040516243 0.12145330693788182 0.15265635474776415 0.08943260073963415 0.15263421414959963 0.1523019715406897 0.08943260073963415 0.08943260073963415
0.1526563502035549 0.12145330685039095 0.15265635411298484 0.08943260071301024 0.15263421577383846 0.1523019709202002 0.08943260071301024 0.08943260071301024
0.15265635011418816 0.12145330682145489 0.15265635384421683 0.08943260070714079 0.15263421644052144 0.15230197065819628 0.08943260070714079 0.08943260070714079
0.1526563506802947 0.12145330672595933 0.15265635364503796 0.08943260061927412 0.15263421662870985 0.15230197046217595 0.08943260061927412 0.08943260061927412
0.1526563508992773 0.12145330668530775 0.15265635354707197 0.08943260060379958 0.15263421669115887 0.15230197036578527 0.08943260060379958 0.08943260060379958
0.15265635098678668 0.12145330667140622 0.15265635350331477 0.08943260060061566 0.15263421671383343 0.1523019703228119 0.08943260060061566 0.08943260060061566
0.15265635102226624 0.12145330666697803 0.1526563534844293 0.08943260059985256 0.15263421672245922 0.15230197030430964 0.08943260059985256 0.08943260059985256
0.1526563510367554 0.12145330666560564 0.1526563534764028 0.08943260059964768 0.15263421672582597 0.15230197029646708 0.08943260059964768 0.08943260059964768
0.1526563510426973 0.12145330666518486 0.15265635347301967 0.08943260059958871 0.15263421672716115 0.15230197029317083 0.08943260059958871 0.08943260059958871
0.1526563514518388 0.12145330660695655 0.15265635341350114 0.08943260054147134 0.15263421666959665 0.15230197023369274 0.08943260054147134 0.08943260054147134
0.1526563516111554 0.12145330658147249 0.15265635337871872 0.08943260053133895 0.15263421663562837 0.15230197019900815 0.08943260053133895 0.08943260053133895
0.15265635167507816 0.12145330657269435 0.15265635336225394 0.08943260052927958 0.1526342166195037 0.15230197018263117 0.08943260052927958 0.08943260052927958
0.15265635170106429 0.12145330656989206 0.15265635335494698 0.08943260052879162 0.15263421661233895 0.1523019701753829 0.08943260052879162 0.08943260052879162
0.15265635198526648 0.12145330652994207 0.15265635331270952 0.08943260048958045 0.152634216570161 0.15230197013317964 0.08943260048958045 0.08943260048958045
0.15265635209612183 0.1214533065125603 0.1526563532883675 0.08943260048273133 0.1526342165458472 0.1523019701089093 0.08943260048273133 0.08943260048273133
0.15265635214063822 0.12145330650658251 0.1526563532768909 0.0894326004813362 0.15263421653438436 0.1523019700974955 0.0894326004813362 0.0894326004813362
0.15265635234276323 0.1214533064783868 0.1526563532455181 0.08943260045471649 0.15263421650301826 0.15230197006616428 0.08943260045471649 0.08943260045471649
0.15265635242180434 0.12145330646628268 0.15265635322785442 0.08943260045004606 0.15263421648536 0.1523019700485605 0.08943260045004606 0.08943260045004606
0.1526563524535835 0.12145330646213519 0.15265635321958257 0.0894326004490898 0.15263421647709188 0.15230197004033746 0.0894326004490898 0.0894326004490898
0.15265635246651704 0.12145330646081368 0.1526563532159287 0.08943260044886175 0.15263421647344025 0.152301970036715 0.08943260044886175 0.08943260044886175
0.1526563524718127 0.12145330646040439 0.15265635321435453 0.08943260044880084 0.15263421647186734 0.15230197003515877 0.08943260044880084 0.08943260044880084
0.15265635259777088 0.12145330644259576 0.15265635319600185 0.08943260043110017 0.15263421645351533 0.15230197001681567 0.08943260043110017 0.08943260043110017
0.15265635264684999 0.12145330643481314 0.1526563531853135 0.08943260042801271 0.15263421644282882 0.1523019700061563 0.08943260042801271 0.08943260042801271
0.1526563527498121 0.12145330642023865 0.15265635316836418 0.08943260041549006 0.15263421642588115 0.1523019699892335 0.08943260041549006 0.08943260041549006
0.1526563527902325 0.121453306414174 0.15265635315912243 0.08943260041326792 0.15263421641664152 0.1523019699800258 0.08943260041326792 0.08943260041326792
0.15265635286252005 0.12145330640411302 0.15265635314683282 0.08943260040480588 0.15263421640435354 0.15230196996776282 0.08943260040480588 0.08943260040480588
0.15265635289095275 0.12145330639995477 0.15265635314023726 0.08943260040330016 0.15263421639775973 0.15230196996119502 0.08943260040330016 0.08943260040330016
0.15265635290241508 0.12145330639854518 0.1526563531371924 0.08943260040298687 0.15263421639471614 0.1523019699581706 0.08943260040298687 0.08943260040298687
0.15265635294476096 0.12145330639271579 0.15265635313047357 0.08943260039752911 0.1526342163879981 0.15230196995146436 0.08943260039752911 0.08943260039752911
0.15265635296134025 0.12145330639022033 0.15265635312673237 0.08943260039657056 0.1526342163842578 0.15230196994773754 0.08943260039657056 0.08943260039657056
0.15265635299335226 0.12145330638574561 0.15265635312136613 0.08943260039275377 0.1526342163788923 0.15230196994238235 0.08943260039275377 0.08943260039275377
0.1526563530229789 0.12145330638145274 0.15265635311603049 0.08943260038964063 0.15263421637355737 0.15230196993705855 0.08943260038964063 0.08943260038964063
0.1526563530346838 0.12145330637975572 0.1526563531132555 0.0894326003890754 0.15263421637078314 0.15230196993429576 0.0894326003890754 0.0894326003890754
0.15265635305087777 0.12145330637754999 0.15265635311034786 0.08943260038731711 0.15263421636787605 0.1523019699313969 0.08943260038731711 0.08943260038731711
