Action: 0
[0.13894996840178386, 0.09281108035735078, 0.28679954296955823, 0.09281108035735078, 0.11014693430640769, 0.09285923289284703, 0.09281108035735078, 0.09281108035735078]
[0.09870240453460234, 0.09870240453460234, 0.30908316825778354, 0.09870240453460234, 0.09870240453460234, 0.09870240453460234, 0.09870240453460234, 0.09870240453460234]
[0.1878172668142831, 0.09027638598201101, 0.10442102042266042, 0.08982419344286872, 0.21307650139619547, 0.13493624505624383, 0.08982419344286872, 0.08982419344286872]
[0.125, 0.125, 0.125, 0.125, 0.125, 0.125, 0.125, 0.125]
[0.09859524047598332, 0.09587940505673795, 0.30368090060945313, 0.09587940505673795, 0.1183268335871977, 0.09587940510041393, 0.09587940505673795, 0.09587940505673795]
[0.22547778881242136, 0.0890879796760678, 0.1114430402589688, 0.08907674774451824, 0.1491608881743238, 0.15760005984466358, 0.08907674774451824, 0.08907674774451824]
[0.125, 0.125, 0.125, 0.125, 0.125, 0.125, 0.125, 0.125]
[0.125, 0.125, 0.125, 0.125, 0.125, 0.125, 0.125, 0.125]

Action: 1
[0.09939556859113183, 0.09939556859113183, 0.09939556859113183, 0.09939556859113183, 0.09939556859113183, 0.30423101986207723, 0.09939556859113183, 0.09939556859113183]
[0.1111111111111111, 0.1111111111111111, 0.1111111111111111, 0.1111111111111111, 0.1111111111111111, 0.2222222222222222, 0.1111111111111111, 0.1111111111111111]
[0.09474498166528192, 0.09474554433420435, 0.09474498166528192, 0.09474498166528192, 0.1704459277357521, 0.26108361960363397, 0.09474498166528192, 0.09474498166528192]
[0.125, 0.125, 0.125, 0.125, 0.125, 0.125, 0.125, 0.125]
[0.1007097875711748, 0.09425225758767092, 0.09425225758767092, 0.09425225758767092, 0.2952112884045616, 0.13281763608590896, 0.09425225758767092, 0.09425225758767092]
[0.10413380778096677, 0.09301002063047022, 0.09301002063047022, 0.09301002063047022, 0.24995937467214882, 0.18085671439453338, 0.09301002063047022, 0.09301002063047022]
[0.125, 0.125, 0.125, 0.125, 0.125, 0.125, 0.125, 0.125]
[0.125, 0.125, 0.125, 0.125, 0.125, 0.125, 0.125, 0.125]

