Action: 0
[0.10728802958599472, 0.10384514609662, 0.16579484078014062, 0.10384514609661996, 0.1038462345142441, 0.20769031073314068, 0.10384514609661996, 0.10384514609661996]
[0.10190218499359008, 0.10190218499359008, 0.1610474370654366, 0.10190218499359008, 0.22753945297302286, 0.10190218499359008, 0.10190218499359008, 0.10190218499359008]
[0.1550687343889828, 0.10168885611039712, 0.23470465026159726, 0.10168885611039712, 0.10178028634327159, 0.10169090456456012, 0.10168885611039712, 0.10168885611039712]
[0.125, 0.125, 0.125, 0.125, 0.125, 0.125, 0.125, 0.125]
[0.12586005096298047, 0.10188414520896032, 0.26283445012264195, 0.10188414520894995, 0.10188477286961743, 0.10188414520894995, 0.10188414520894995, 0.10188414520894995]
[0.11305098005638349, 0.15440870308079765, 0.13219637949999818, 0.09953244131761091, 0.20221417209237688, 0.09953244131761091, 0.09953244131761091, 0.09953244131761091]
[0.125, 0.125, 0.125, 0.125, 0.125, 0.125, 0.125, 0.125]
[0.125, 0.125, 0.125, 0.125, 0.125, 0.125, 0.125, 0.125]

Action: 1
[0.10174110517951401, 0.10174110517951401, 0.10174110517951401, 0.10174110517951401, 0.26142892773617865, 0.12812444118673727, 0.10174110517951401, 0.10174110517951401]
[0.1043226419226018, 0.1043226419226018, 0.1043226419226018, 0.1043226419226018, 0.16541886461918567, 0.2086452838452036, 0.1043226419226018, 0.1043226419226018]
[0.10729332485785091, 0.10379247158337654, 0.10379247158337654, 0.10379247158337654, 0.10410639018989633, 0.26963792703537004, 0.10379247158337654, 0.10379247158337654]
[0.125, 0.125, 0.125, 0.125, 0.125, 0.125, 0.125, 0.125]
[0.10276641130866303, 0.10503862674862316, 0.10276617912021195, 0.10276617912021195, 0.11250951451773691, 0.2686207309441291, 0.10276617912021195, 0.10276617912021195]
[0.10352281299693986, 0.10293219500005574, 0.10293219500005574, 0.10293219500005574, 0.11334600208472465, 0.2684702099180568, 0.10293219500005574, 0.10293219500005574]
[0.125, 0.125, 0.125, 0.125, 0.125, 0.125, 0.125, 0.125]
[0.125, 0.125, 0.125, 0.125, 0.125, 0.125, 0.125, 0.125]

