Action: 0
[0.10647764248571488, 0.13773607214323746, 0.22173821039490163, 0.10631550867664667, 0.10878604025787647, 0.10631550868832947, 0.10631550867664667, 0.10631550867664667]
[0.13682282005473503, 0.10768287433293361, 0.2170772820081885, 0.10768287433293361, 0.10768287433293361, 0.1076855262724084, 0.10768287433293361, 0.10768287433293361]
[0.10894453111788899, 0.10633864205356557, 0.2439854037657884, 0.1063386419076654, 0.10634764647343375, 0.11536785086632712, 0.1063386419076654, 0.1063386419076654]
[0.125, 0.125, 0.125, 0.125, 0.125, 0.125, 0.125, 0.125]
[0.10950682809913184, 0.10758222187452372, 0.21567670927909893, 0.10758222187452372, 0.13690535324748276, 0.10758222187619156, 0.10758222187452372, 0.10758222187452372]
[0.2439881304801231, 0.10634489053465838, 0.1089148457465539, 0.10634489053465838, 0.11537257110003106, 0.10634489053465838, 0.10634489053465838, 0.10634489053465838]
[0.125, 0.125, 0.125, 0.125, 0.125, 0.125, 0.125, 0.125]
[0.125, 0.125, 0.125, 0.125, 0.125, 0.125, 0.125, 0.125]

Action: 1
[0.10786726995958436, 0.10786726981558004, 0.10786726981294802, 0.10786726981294802, 0.24456356072310612, 0.10823282024993755, 0.10786726981294802, 0.10786726981294802]
[0.10682751486110438, 0.10682751486110438, 0.10682751486110438, 0.10682751486110438, 0.13723640460911748, 0.22179850622425623, 0.10682751486110438, 0.10682751486110438]
[0.1076807892739297, 0.2153615785478594, 0.1076807892739297, 0.1076807892739297, 0.10940958679015408, 0.13682488829233802, 0.1076807892739297, 0.1076807892739297]
[0.125, 0.125, 0.125, 0.125, 0.125, 0.125, 0.125, 0.125]
[0.10790859255232395, 0.1079086137182647, 0.10790859255232368, 0.10790859255232368, 0.10798501901646043, 0.2445634045036563, 0.10790859255232368, 0.10790859255232368]
[0.1068349548293234, 0.1068349548293234, 0.1068349548293234, 0.1068349548293234, 0.13726218679815455, 0.2217280842259051, 0.1068349548293234, 0.1068349548293234]
[0.125, 0.125, 0.125, 0.125, 0.125, 0.125, 0.125, 0.125]
[0.125, 0.125, 0.125, 0.125, 0.125, 0.125, 0.125, 0.125]

