0.125 0.125 0.125 0.125 0.125 0.125 0.125 0.125
0.099626400996264 0.07845579078455792 0.199252801992528 0.15691158156911583 0.08685378548392246 0.06839735606858895 0.17370757096784492 0.1367947121371779
0.0745303753200788 0.12421729220013136 0.1056354961590544 0.1490607506401576 0.0931629691500985 0.15527161525016417 0.11179556298011822 0.186325938300197
0.06470070831883912 0.10783451386473186 0.06382189432464662 0.09705106247825868 0.14035939335363218 0.21566902772946372 0.1164612749739104 0.19410212495651735
0.07295173961840629 0.12906846240179573 0.09118967452300786 0.16133557800224466 0.08754208754208755 0.15488215488215487 0.10942760942760943 0.19360269360269358
0.10880338449788535 0.08568266529208471 0.14155465807675802 0.10281919835050166 0.1469948273016523 0.12241619179616292 0.16320507674682805 0.12852399793812708
0.05240361596651972 0.09271408978691952 0.06550451995814965 0.11589261223364938 0.10480723193303944 0.20588366573812417 0.1310090399162993 0.23178522446729877
0.10060630443503918 0.07553312458155113 0.20355822167074014 0.15106624916310227 0.09179784669836746 0.07850292441945247 0.16723654771006843 0.1316987813216789
0.07845126009848573 0.11928381317807317 0.11524157071490311 0.14314057581368778 0.09731100660173499 0.1602906219657397 0.10735543186026585 0.17892571976710972
0.07661471613263844 0.11880190028904641 0.10205810758786804 0.1425622803468557 0.10363294518750589 0.1712054897623741 0.10692171026014177 0.1782028504335696
0.07506604811067479 0.11646888108833134 0.09842097924310982 0.1397626573059976 0.10275594148946368 0.1880001781504276 0.10482199297949822 0.174703321632497
0.07437935520746383 0.11549739718930026 0.09720526791062908 0.13859687662716028 0.10617167957271581 0.19095567023841017 0.10394765747037023 0.17324609578395037
0.0740523299073706 0.1150233722495736 0.09670111978761532 0.13802804669948834 0.10900720351966083 0.19113183443731452 0.10352103502461625 0.1725350583743604
0.10940666395159088 0.0803047372908111 0.14283466650035576 0.09636568474897332 0.16410669582855408 0.13356304138004838 0.1529614043634497 0.12045710593621665
0.07060917093795803 0.12492391781331037 0.08826146367244754 0.15615489726663798 0.08473100512554964 0.18201991205719392 0.10591375640693705 0.18738587671996554
0.09877322833791641 0.07278289297232943 0.2127431758262862 0.14556578594465885 0.09888305574864228 0.08320104665533916 0.16114730881948394 0.12690350569534362
0.10981845980279686 0.07871147945967781 0.17728690568640162 0.09445377535161338 0.15896905216781468 0.11276648079993566 0.14992662754224345 0.11806721918951671
0.10752659318971614 0.08679857522543351 0.13440824148714517 0.10849821903179188 0.14801825477137331 0.12326236367181553 0.1612898897845742 0.13019786283815024
0.09836412959145098 0.06990708970858146 0.23146870504256126 0.13981417941716293 0.10956517740586223 0.07421139025227029 0.15478004396202 0.12188928462009077
0.07493489827812656 0.11355134460945975 0.13035741706842974 0.1362616135313517 0.11163987631260877 0.16073162313732 0.10219621014851378 0.1703270169141896
0.07336529269306488 0.11375025568019678 0.10891012878484573 0.13650030681623615 0.11212001236230429 0.18235339003087994 0.10237523011217711 0.17062538352029516
0.073185029363747 0.11365163908329601 0.10433240471043366 0.1363819668999552 0.11217873393044747 0.18750629221221007 0.10228647517496639 0.17047745862494398
0.07216918978697628 0.11200668733403112 0.10213035822952234 0.13440802480083733 0.11086932635013758 0.19960036389682062 0.100806018600628 0.16801003100104667
0.088856194666705 0.13801608509353452 0.09400855732230619 0.12421447658418107 0.13635634368756155 0.25085879925706717 0.0931608574381358 0.07452868595050864
0.06718581980354603 0.1188672196524276 0.08398227475443253 0.1485840245655345 0.099198588316718 0.20310251372338098 0.10077872970531905 0.17830082947864137
0.09587932508904065 0.07070993067256934 0.2180855739065136 0.14141986134513868 0.10044884721342108 0.09360975202156083 0.15655759986112217 0.12328910989063371
0.07377475827598542 0.11194772793162798 0.12891007773136473 0.13433727351795358 0.10843223575330431 0.17392337975385683 0.10075295513846519 0.16792159189744196
0.08853747951714071 0.1372241964194094 0.10023515655128272 0.12350177677746843 0.13518154870574828 0.248592443379368 0.09262633258310134 0.07410106606648106
0.06603724247940927 0.1168351213097241 0.0825465530992616 0.14604390163715514 0.09760159704940177 0.21662703874134812 0.09905586371911392 0.17525268196458615
0.09523727362275505 0.07027368953879094 0.21866479987268167 0.14054737907758189 0.09968582231947481 0.09747082511889753 0.15559172612577235 0.12252848432404574
0.10640689740711767 0.07630265359968466 0.18851701855598083 0.0915631843196216 0.15635883583563093 0.12105904207351409 0.14533838780892316 0.11445398039952698
0.06831183039786458 0.1208593922423758 0.08538978799733071 0.15107424030296973 0.10337588769763596 0.18723202740146283 0.10246774559679686 0.18128908836356367
0.07135544479029807 0.11123294105299189 0.09916854255069178 0.13347952926359027 0.10815344009217309 0.20965104372307436 0.10010964694769271 0.16684941157948782
0.0739552118958036 0.10910653704973 0.1007668516508209 0.130927844459676 0.10776030325792137 0.21562756276669626 0.09819588334475701 0.163659805574595
0.07404990122863805 0.10875112288098453 0.10086523884336675 0.13050134745718142 0.10740066272995222 0.2174290319455141 0.09787601059288607 0.16312668432147676
0.07383625601090375 0.10838572006096336 0.10060964558380446 0.13006286407315604 0.10702380954733826 0.2199559765775221 0.09754714805486703 0.16257858009144502
0.07601883094019654 0.10794937441822676 0.10026814218750785 0.1295392493018721 0.10664026542289774 0.22050563912555504 0.09715443697640408 0.1619240616273401
0.07632259576160322 0.10789923667689402 0.1001580888645332 0.12947908401227282 0.1065162141263357 0.2206666125338153 0.09710931300920463 0.16184885501534102
0.07544159570836038 0.11854084632041083 0.09901963421336207 0.127627388030703 0.10532597546880733 0.2187897841969504 0.09572054102302725 0.15953423503837874
0.1123775537501512 0.08443053105306228 0.14737730306677152 0.08999413405903646 0.15674311137642905 0.15373686728101366 0.14284783183974042 0.11249266757379557
0.10365026483398504 0.08366949089008431 0.12956283104248129 0.10458686361260539 0.15734953689988063 0.14020137913485947 0.15547539725097756 0.12550423633512647
0.08826640973520157 0.060632941694730505 0.19524619762775397 0.11132264710370074 0.13040046696767346 0.09827541354099509 0.17670261445031862 0.13915330887962593
0.11445153671440707 0.07925991014036031 0.17906623997800789 0.0893736576038418 0.16447093813621563 0.11979769684483844 0.14186294857752665 0.11171707200480224
0.0800841982530827 0.14168742767853093 0.06981699334884132 0.12352237284795005 0.13031845495472077 0.22256331348072464 0.0837803920186096 0.14822684741754008
0.1130430564074357 0.08596396622732275 0.13747812298525325 0.0896140114918365 0.16522092475653824 0.1544179410813632 0.14224446268545474 0.11201751436479561
0.05617157130439397 0.09938047230777397 0.04897008780383065 0.08663938611446961 0.15832634848975483 0.27929318614317655 0.0979401756076613 0.17327877222893923
0.08896135728615118 0.07181217997797747 0.17792271457230235 0.14362435995595493 0.11282718004000816 0.11545984109217429 0.16013044311507213 0.12926192396035943
0.10192015613669722 0.07130663157182228 0.25656099025916834 0.13258194493955922 0.09810506219502893 0.07716729210727348 0.14677366309955273 0.11558425969089778
0.08113994222888654 0.1169087435305769 0.13855683091524904 0.1303580246183459 0.10567339225328633 0.16664701721696346 0.09776851846375943 0.16294753077293236
0.11353688110707069 0.08420833503160993 0.16133852073684057 0.08991466147590377 0.15665821476707695 0.13922837515423137 0.14272168488238693 0.11239332684487972
0.05610248014120117 0.09925823409597131 0.05674342869157791 0.08653281946828269 0.15634412499558462 0.2741335647066712 0.09781970896414566 0.17306563893656537
0.08805912940445788 0.07108387554335757 0.18639222591868634 0.14216775108671514 0.11147503422977292 0.11436457491094225 0.1585064329280242 0.12795097597804364
0.1013250777940199 0.07094795757966897 0.2604466425779444 0.13198775552047481 0.09742736104384356 0.07668308609432582 0.1461158709872574 0.11506624840246521
0.08100091337268275 0.1167843655960839 0.139641294541632 0.13025528723415347 0.10545050100759215 0.16635706377954895 0.09769146542561512 0.16281910904269184
0.07685538891681731 0.12065172176584409 0.10962164160868886 0.12882580947104408 0.10603062728723314 0.20036319200828434 0.09661935710328308 0.1610322618388051
0.05628940242882892 0.08942451537054197 0.07583572853177284 0.09512094341381601 0.12547097916360178 0.25347141216722724 0.1141451320965792 0.19024188682763202
0.06328838971305885 0.11197176641541182 0.08986642593034892 0.13996470801926475 0.10053851980812872 0.2314799559210808 0.0949325845695883 0.1679576496231177
0.09956490336212684 0.07621821578402525 0.21955871336000554 0.1362752855252338 0.09818958018010106 0.10052686376502892 0.15086234295019776 0.11880409507328074
0.11669684407037197 0.08023577303120996 0.18784161656536535 0.0890586531655868 0.15268362543495198 0.12079722974285302 0.14136294153267745 0.1113233164569835
0.06517382146875539 0.11530753029087491 0.1086179611694648 0.14413441286359363 0.11050980120803051 0.18553444535983538 0.09776073220313308 0.17296129543631233
0.09950376736080212 0.07612534832574393 0.2281925250511944 0.13575938863919307 0.09993377503869093 0.09183963288036381 0.15029122389035618 0.11835433881365551
0.08066253903277186 0.11736961371957712 0.1319511356828985 0.13028102046946574 0.10598079732007816 0.17319285283627725 0.09771076535209931 0.16285127558683218
0.07665097055198535 0.12047426771490871 0.10771492561001758 0.12855486108586764 0.10595449959765608 0.2035407532678294 0.09641614581440075 0.16069357635733456
0.11243983927270576 0.08441936945618726 0.15100114355399105 0.0898026000504799 0.15669511361882363 0.1508448743807763 0.14254380960393634 0.11225325006309986
0.07649414895562778 0.13533580199841838 0.08464853350742405 0.11798505815246732 0.1320304096939706 0.2318993297709359 0.08002464813819522 0.14158206978296078
0.08753905180644367 0.07066405386785211 0.20166911142461913 0.14132810773570423 0.10805708766753193 0.10597699728411664 0.1575702932515986 0.1271952969621338
0.10057878782884921 0.07044922390664404 0.26709710977276857 0.1310899458121183 0.09608457336986582 0.07529485807307555 0.14512195873380615 0.11428354250287237
0.0807711737879423 0.11653076613930273 0.14128234034771542 0.13001631333157473 0.1049798464663791 0.1663869332639363 0.09751223499868106 0.16252039166446838
0.06525011820428064 0.10244863993782106 0.07015028227640428 0.08204971643348583 0.14395823468077865 0.2735839158800749 0.09845965972018297 0.16409943286697165
0.06206142530603535 0.10980098323375487 0.09033056595464513 0.13725122904219358 0.10526917092215894 0.23749301273152681 0.09309213795905304 0.16470147485063227
0.114297660328075 0.09226437640940993 0.1724979740173737 0.11533047051176241 0.1333356042407874 0.13989162316292103 0.12858486786908435 0.10379742346058615
0.0942797088023891 0.0680600405021679 0.23626911870454084 0.1361200810043358 0.1047198711677229 0.08627937481010707 0.15176373210483413 0.12250807290390225
0.09549129597738368 0.13924515566393914 0.16011687598890326 0.15579823926437805 0.08937831808073286 0.1426515453840947 0.08149446361521315 0.13582410602535522
0.08102287122130378 0.12333206872665373 0.11468964772544739 0.12887799866736596 0.10228294561047495 0.19203847071402236 0.09665849900052446 0.16109749833420742
0.09418940565135243 0.15861424740649627 0.09374471094710206 0.11571435104047267 0.1265600882555592 0.25496282279437915 0.08678576328035453 0.06942861062428361
0.07982232542963169 0.12848509061318256 0.07911465791954779 0.11201264309867197 0.11914256484674692 0.27103375366340915 0.0759737927104036 0.13441517171840636
0.09263355384681767 0.06899806383741326 0.20684330488319075 0.13799612767482652 0.10342901839326363 0.11204803231819602 0.15385538413894834 0.12419651490734386
0.10294505191696941 0.07320305040511246 0.26799601072709756 0.12953693599737653 0.0942710124632087 0.07571558895045309 0.14340271302924876 0.11292963651053341
0.07121795519165798 0.11383384036385026 0.14038091792451013 0.14229230045481284 0.0980361375792333 0.16697678850124356 0.09651129943891654 0.17075076054577537
0.10060045076314036 0.08063678350963521 0.24048748295903727 0.13282487893060824 0.09538899043344026 0.08722276409171834 0.1470426010139415 0.11579604829847895
0.07135846837323778 0.10756555080341833 0.08745310764638506 0.08395707577499116 0.14462892838604696 0.23637422653594894 0.10074849092998937 0.16791415154998232
0.06683661319941672 0.1100145274585463 0.0968305180188049 0.13751815932318287 0.10581700377118912 0.22468820071749054 0.09327318632355013 0.16502179118781943
0.07883675189329016 0.1304737362035103 0.1168812459061142 0.16309217025438788 0.0863623768855305 0.1946064877162031 0.0829642779120147 0.14678295322894905
0.10296310920906708 0.08322555213006202 0.2299324949002529 0.13354675393296725 0.09336017515052784 0.0927047931378122 0.14784174631569835 0.11642537522361247
0.08246139048786782 0.12421613454033892 0.13154325990645566 0.12874490079213227 0.1034314060830577 0.17211310660588308 0.09655867559409922 0.16093112599016535
0.07757596683282354 0.13039572231390012 0.1065391059102833 0.1266652508669628 0.10418092327207679 0.20131252907002783 0.0949989381502221 0.15833156358370348
0.07623445973185572 0.1307830084986785 0.10009262726346958 0.12580664500242392 0.10369702861445644 0.21177294088426799 0.09435498375181796 0.1572583062530299
0.07581898228957336 0.13054505372866274 0.09836970776544535 0.12547912357053068 0.1033355469295255 0.21549333857520098 0.09410934267789803 0.15684890446316335
0.09224849280242291 0.15892712051956212 0.08948823848575442 0.11460155004615925 0.1257440059172147 0.2642784996665717 0.08595116253461944 0.06876093002769555
0.07178642344541632 0.10829049217099397 0.09606727037458687 0.13536311521374245 0.10058817914444872 0.23365727716239104 0.09181150423192967 0.16243573825649094
0.07075881407388036 0.11063872239630136 0.0991429072005959 0.13829840299537674 0.09703493273599552 0.2243657419282729 0.09380239507512508 0.16595808359445205
0.10169717526416254 0.081201455319518 0.22209688758827859 0.13430757620525605 0.09633483269712007 0.09858940890044914 0.14868400784627447 0.11708865617894117
0.08218159347757713 0.1237233605447693 0.1295912894941672 0.12866945159127827 0.10408990817814534 0.17440549353150625 0.0965020886934587 0.16083681448909784
0.0774899755415434 0.13023403262572306 0.1060370277702611 0.12659964358533435 0.1042905637798447 0.2021494695266246 0.09494973268900078 0.15824955448166797
0.07620395248110615 0.13072419229152393 0.09995742272096522 0.1257782584475292 0.10370277359153085 0.21207688357228618 0.09433369383564691 0.15722282305941152
0.06454910799157793 0.1100194587220287 0.062167012931953494 0.07929455871422192 0.1393646300012918 0.2908626437534161 0.09515347045706628 0.15858911742844384
0.05669845980919072 0.08949118464279116 0.0519269339352405 0.07801795584243332 0.14346240209676547 0.3361729410363962 0.08819421095231592 0.15603591168486663
0.1029278155396963 0.07501249563126439 0.133614811896226 0.09376561953908047 0.16014738476373963 0.18262423804738917 0.13938889113570768 0.11251874344689655
0.077087560421889 0.10921587478791854 0.10685404647456086 0.13651984348489818 0.10996245987360583 0.20394033502027545 0.09259606775497442 0.1638238121818778
0.13106833924045777 0.08957068126316828 0.18021191874353876 0.11196335157896035 0.13228407377483958 0.12930383744142854 0.12483078153654237 0.10076701642106431
0.10988562231657834 0.06540483325868268 0.2461081728490314 0.13080966651736536 0.10218888690612764 0.08203110203513501 0.14584301625145063 0.11772869986562884
0.13813963007291788 0.08606945307076708 0.22941095589507998 0.10758681633845883 0.12540858991468398 0.09660514865298857 0.11995127135049068 0.09682813470461296
0.11091985337994124 0.06387652578497868 0.26687613364955 0.12775305156995737 0.09859466113004296 0.07456690938188429 0.1424351186906838 0.11497774641296162
0.10421386637945187 0.06380984616980113 0.28442349578875853 0.12761969233960227 0.09236364367475008 0.07042529944097486 0.14228643310101924 0.11485772310564203
0.10211864880493263 0.06343910330354648 0.2920906043664934 0.12687820660709295 0.09051296082239056 0.06931035830513282 0.1414597318440275 0.11419038594638364
0.09360259742618841 0.12799900806357842 0.17053663594332835 0.15999876007947303 0.08298449317323531 0.1394889476370259 0.08139067360564496 0.1439988840715257
0.10539318186137214 0.08117447771644154 0.2524063171776502 0.1306312647318763 0.0906605451770955 0.08123636672328008 0.14461417992295625 0.11388366668932806
0.08280038735807654 0.11187945121186844 0.13905638427740669 0.13984931401483558 0.09657634010390091 0.16716462888430764 0.09485431733180151 0.16781917681780267
0.10411284812911112 0.08019265103946814 0.23934975763776337 0.13239844670701736 0.09484782812240794 0.0871036584783881 0.1465705230130595 0.11542428687278437
0.08254997559537132 0.11190371646921497 0.13589134692376018 0.13987964558651872 0.09751889085612757 0.16952595981519808 0.09487489004998662 0.16785557470382245
0.10416173946199878 0.08028014708436657 0.2379785561574036 0.13253860932892264 0.0951582232300124 0.08761055601233796 0.1467256887971793 0.11554647992777872
0.08256068212749886 0.1119108556001412 0.1355638264200392 0.1398885695001765 0.09759179561172093 0.16973704454878757 0.09488094279142406 0.16786628340021176
0.10417583327888519 0.0802899183944199 0.2378368361976304 0.13255351699735413 0.09518498519064368 0.08765724138545582 0.1467421921989431 0.1155594763566677
0.098622284901903 0.13367871093017963 0.11290854535066125 0.11654041465707968 0.11658121970164328 0.20277552388523584 0.07904480298480186 0.1398484975884956
0.07989020714177776 0.10959461243477443 0.10374504459917125 0.13699326554346805 0.10041694575815084 0.21205083445840475 0.09291717141209138 0.16439191865216166
0.1172075642559661 0.07660730157318055 0.15521217152148423 0.09575912696647568 0.14787699206128127 0.1500735174430208 0.14235237381882057 0.11491095235977081
0.1098988651534378 0.06536925155765855 0.23881532814427317 0.1307385031153171 0.10583244063246497 0.08591728422419462 0.14576367436886845 0.11766465280378538
0.10601279157558767 0.06429066436692536 0.2744805827198981 0.12858132873385072 0.09461203006134322 0.07294082076523312 0.14335858591669623 0.11572319586046564
0.10388417586897877 0.06351309107014688 0.28865595979250225 0.12702618214029376 0.0911260179021961 0.06984629577902174 0.14162471352059616 0.11432356392626437
0.10286903854315954 0.06316810987938849 0.29418289478398335 0.12633621975877699 0.08992819677819384 0.06895748551866364 0.1408554569549349 0.11370259778289926
0.10242626345859018 0.0630293867731339 0.29632965267510175 0.1260587735462678 0.08949321833688242 0.06866368388545442 0.1405461251329284 0.11345289619164102
0.0945673974683353 0.1276632354447563 0.1717858657467831 0.15957904430594538 0.0826246323041888 0.13898151883813778 0.08117716601650264 0.14362113987535083
0.10555723908492039 0.08108045661621296 0.25289447123239117 0.13053625463126192 0.09052268797669115 0.08109905325168676 0.14450899983599202 0.11380083737084372
0.07337762360184044 0.09858767212518657 0.0857032456079858 0.08594822698093188 0.14183047044675873 0.24549744199264026 0.09715886528279255 0.17189645396186376
0.07469008216678004 0.10817235548320853 0.09634187715195278 0.13521544435401067 0.1049040349306863 0.22670632782235017 0.09171134486619856 0.16225853322481282
0.08871079671036863 0.12836618391954815 0.11682979242795301 0.1604577298994352 0.08572166103061868 0.19387772954504592 0.08162414955753877 0.14441195690949166
0.10616022324656223 0.08273244858466279 0.22934560621714237 0.13307358731795438 0.09296505865009645 0.0923922735660425 0.14731793142239963 0.11601287099513971
0.0840431493222465 0.12396109163284055 0.13133920088892373 0.12853845221163598 0.10322869193459903 0.17181250958648217 0.096403839158727 0.16067306526454497
0.09627906864006996 0.1594424185089708 0.09771782926721007 0.11616384278516567 0.1273900319348637 0.24618562110374612 0.08712288208887425 0.0696983056710994
0.11973228449036266 0.07465258531326342 0.15023080277433645 0.09331573164157927 0.15417235865206688 0.15719725659877554 0.1387201025597208 0.11197887796989511
0.14477514939853936 0.08540222694635066 0.19347947716319874 0.10675278368293832 0.14038827858132133 0.11410319173217895 0.11902138718082825 0.09607750531464447
0.11496176748946395 0.064095368423151 0.2539237931402716 0.128190736846302 0.10246958042874053 0.07806398539967145 0.14292310511072776 0.11537166316167181
0.10669794575223768 0.06381051994641443 0.280337380815284 0.12762103989282886 0.09330538131853852 0.07108086084884745 0.1422879355223032 0.11485893590354597
0.10393248613853805 0.06332444839365006 0.2909257945540418 0.12664889678730012 0.09064323028920841 0.06933706822105984 0.14120406850763162 0.11398400710857011
0.10291499391915057 0.06308576727644821 0.29505452297857265 0.12617153455289642 0.0897572699128263 0.06878968502218019 0.14067184524031884 0.1135543810976068
0.08252542117755292 0.11111840275900021 0.1492349434005789 0.13889800344875028 0.09598769584458823 0.1613488486310073 0.09420908060002194 0.16667760413850033
0.0787242880958637 0.128259588998571 0.11104193303017292 0.12717968972487975 0.10275912116708469 0.19767599953366852 0.09538476729365981 0.15897461215609968
0.07762811830399058 0.1303347614706872 0.10112821201233088 0.12573268837092752 0.1033458991709679 0.21036494392924085 0.09429951627819565 0.15716586046365938
0.09408881173928793 0.15889589379847457 0.09008872238797651 0.11456911750604115 0.12577342233937713 0.26191572359568704 0.08592683812953086 0.0687414705036247
0.07804238841902779 0.10713927912160154 0.09664116754024817 0.1339240989020019 0.10071676341416104 0.23199190814354723 0.09083547577701001 0.1607089186824023
0.103752518882706 0.06788573275840795 0.216913854736306 0.1357714655168159 0.09852642156314588 0.1035806357251532 0.15137505185233055 0.12219431896513432
0.12227138351915239 0.07519985318833643 0.19259448827181697 0.09399981648542054 0.1449798424081889 0.11841779571849233 0.13973704062608786 0.11279977978250465
0.10984200503371842 0.06442356571363944 0.25427019984042654 0.12884713142727888 0.10387792671460266 0.07912181690193629 0.14365493608384675 0.11596241828455098
0.08390870548961939 0.11127925620519064 0.1394457007553417 0.13909907025648832 0.09932140059444151 0.1656815260432535 0.09434545634787904 0.16691888430778595
0.0793412338543148 0.12816360005432476 0.10866284685772624 0.12703941020706297 0.10346745274293549 0.19924663586950983 0.09527955765529723 0.15879926275882872
0.07771705146614638 0.1302708939009582 0.10054421653941659 0.12568536090147892 0.10348183863430356 0.21092991675473852 0.09426402067610919 0.15710670112684863
0.07718771568402226 0.13031283832295995 0.09838578161769601 0.12529038018814567 0.10319163287584572 0.21505089093503899 0.09396778514110925 0.15661297523518206
0.09031427692179975 0.12989838247597082 0.08278793324113823 0.11324474369700022 0.11520665315639242 0.25584483973768074 0.07680947833361752 0.13589369243640023
0.10656425998766471 0.06750153627003568 0.2093220068296317 0.13500307254007135 0.1015990070020695 0.107989001058443 0.15051835102601985 0.12150276528606421
0.1065806938217869 0.06510641623018917 0.2632042859438477 0.13021283246037835 0.09483540847927038 0.07769122303242189 0.14517759081776513 0.11719154921434054
0.10459575611518272 0.06379227174257782 0.2843941518165241 0.12758454348515563 0.09160017654288732 0.07095976640967228 0.14224724475136005 0.11482608913664007
0.12106311396989582 0.07411042484439391 0.2142304581138784 0.09263803105549238 0.14091401311665883 0.10816566651179081 0.13771265512129913 0.11116563726659084
0.10873991771760841 0.06390886060637693 0.2630347652185222 0.12781772121275387 0.10223604688495153 0.07671951875199956 0.14250722051630915 0.11503594909147846
0.10493805915298764 0.06363489351198762 0.2840160431992405 0.12726978702397523 0.0930435292052783 0.07065856479852091 0.14189631478643208 0.11454280832157773
0.10339610652208539 0.06323874233338525 0.29236363200973653 0.1264774846667705 0.09050466381993921 0.06917667766279931 0.14101295678519038 0.11382973620009346
0.10274338335778789 0.06304802099872495 0.29560576937838795 0.1260960419974499 0.08970828473617701 0.06872438505899854 0.14058767667476876 0.11348643779770493
0.1024731283597884 0.06296982758259992 0.29685513785590234 0.12593965516519984 0.08943624470833023 0.06856699965203039 0.14041331702746906 0.11334568964867986
0.10236407797829837 0.06293919612934121 0.2973353806411878 0.12587839225868241 0.08933847637595689 0.06850891012515817 0.14034501345856082 0.11329055303281416
0.10232088691878159 0.06292736662279637 0.29751984634824225 0.12585473324559274 0.0893023118774011 0.06848695964158884 0.14031863542456383 0.11326925992103345
0.10230398452591885 0.06292281819642725 0.297590690314958 0.1258456363928545 0.08928871625222909 0.06847858845141283 0.14030849311263036 0.11326107275356906
0.08239634436503661 0.11107776962317009 0.149824325378172 0.1388472120289626 0.0958856230596578 0.16117744034277542 0.0941746307674703 0.16661665443475512
0.10410762215650127 0.07972119726542137 0.24380210589586804 0.13173734198092235 0.09426506873168124 0.08568007190153706 0.1458386529052132 0.1148479391628554
0.12200261311692567 0.07493109620495142 0.20147765415627836 0.09366387025618927 0.14310282480828374 0.11318766315716161 0.13923763399278286 0.11239664430742713
0.10945779653813996 0.06422629136595062 0.2579034857209339 0.12845258273190124 0.1031765899793164 0.07796088547261346 0.14321504373243316 0.11560732445871112
0.10530160385855396 0.06376408677956238 0.28201807815778535 0.12752817355912477 0.0934207300508625 0.07100757490035231 0.14218439649054657 0.1147753562032123
0.10355599041472893 0.06328864029648575 0.291593159317381 0.1265772805929715 0.09065348083454391 0.06928767421476731 0.1411242217954473 0.11391955253367436
0.10280917290067973 0.0630669518976359 0.29530919290302005 0.1261339037952718 0.08976766743617365 0.06876270789764123 0.1406298897538329 0.11352051341574462
0.10249918359732912 0.0629768952864453 0.2967407355171857 0.1259537905728906 0.08946111930013238 0.06858078725825217 0.1404290769521631 0.11335841151560155
0.08243937416750467 0.11108902983479606 0.14962576791436716 0.1388612872934951 0.09593532743511948 0.16123149113389215 0.09418417746863145 0.16663354475219408
0.13966581981068016 0.1069411039988457 0.19614181562393088 0.10602900133654819 0.12646331538327432 0.11494494120191105 0.11737846301807532 0.09243553962673433
0.13068654342491995 0.07378777321718016 0.18323996311575197 0.09223471652147519 0.1523849735913536 0.11987126932535583 0.13711310097819296 0.11068165982577022
0.127819046797837 0.07351768388629068 0.17827092297422287 0.09189710485786334 0.16072460080831144 0.12088289628121493 0.13661121856482372 0.11027652582943599
0.08620596111000288 0.109344617296838 0.11981505306081716 0.1366807716210475 0.11100074516783269 0.18023070678566838 0.09270521901253657 0.164016925945257
0.10590313594475562 0.08014109963125526 0.23036153678108884 0.13273210617922143 0.09843184062994129 0.08977521357961693 0.14693989776454303 0.11571516948957764
0.08336029164090092 0.11178569825537059 0.1338634527458692 0.13973212281921324 0.09833345049638814 0.1704716055296486 0.09477483112955334 0.16767854738305588
0.10493501818178565 0.08026126219935799 0.23695507872387686 0.13250814774347883 0.09534088054972184 0.08778772235806957 0.14669196656990735 0.11551992367380205
0.08318804776804341 0.11179655292226379 0.13545919741017848 0.13974569115282973 0.09764049538452362 0.16969115197945484 0.09478403399931061 0.16769482938339567
0.10484114801145766 0.08022371216711635 0.2376582417646039 0.1324442486159465 0.09513966132657875 0.08760754376316467 0.14662122760902502 0.1154642167421072
0.08316836157151146 0.1117918286883846 0.13562591894014733 0.13973978586048072 0.09759220578926293 0.16961412744704898 0.09478002867058694 0.16768774303257686
0.10483043611776395 0.0802186671938231 0.2377307609584735 0.1324367261162388 0.09512362313016896 0.08758922792547193 0.14661289989262088 0.11545765866543894
0.09933047034807602 0.13351928116005404 0.11298951366742983 0.11640142460107275 0.11655575806588737 0.20257131116763927 0.07895053146855369 0.13968170952128728
0.08046963796782555 0.109488518602663 0.10379251786844414 0.13686064825332875 0.1004418059477216 0.21188687116246044 0.0928272222935621 0.1642327779039945
0.10429983990257609 0.06788853928661162 0.22031919477564654 0.13577707857322324 0.09838647526707353 0.09974819148762813 0.15138130999133995 0.12219937071590094
0.10574698293053797 0.06494508913935915 0.2677851193866954 0.1298901782787183 0.09388608003209714 0.07602753429786108 0.1448178554838844 0.11690116045084646
0.10424549224814023 0.06369020097356336 0.286192760006968 0.12738040194712671 0.09126651174985459 0.07056262915103201 0.14201964217090096 0.11464236175241405
0.10318522329048159 0.06320969703941545 0.29325064842829013 0.1264193940788309 0.09008273324609148 0.06912665913118644 0.14094819011475623 0.11377745467094781
0.12047923731495222 0.07396238285120754 0.21705629619563768 0.09245297856400943 0.14018455711936567 0.10748341151420522 0.13743756216381103 0.1109435742768113
0.10850144859832837 0.06384293292213028 0.2641791570187406 0.12768586584426056 0.10198718484803669 0.07652591988827707 0.142360211620392 0.11491727925983448
0.10484395963265694 0.06360618956429158 0.2844619273575985 0.12721237912858316 0.0929565710693424 0.07059552276456135 0.14183230926724122 0.11449114121572486
0.10336173182933817 0.06322684766913525 0.29253419192222563 0.1264536953382705 0.09047489567737955 0.06915387829997144 0.14098643345923592 0.11380832580444347
0.13760656087397144 0.08444320921250291 0.24752287086158772 0.10555401151562864 0.12014856770670644 0.0920413237906496 0.11768484567488743 0.09499861036406576
0.11141272925430439 0.06303307820088645 0.27607902830128533 0.1260661564017729 0.09646876881251396 0.07292634180178413 0.14055435646585723 0.11345954076159562
0.10507682527893633 0.06328872924395143 0.2890157613440569 0.12657745848790286 0.09135116222996441 0.06964593064105554 0.14112442013502005 0.11391971263911257
0.10324623368995094 0.06310755282210906 0.2942713168633281 0.12621510564421812 0.08997651447402479 0.06886925767100409 0.14072042375556856 0.11359359507979633
0.10264321331035212 0.06299813744142987 0.2963328138589025 0.12599627488285975 0.08953521805741886 0.0686212512671554 0.1404764437873078 0.11339664739457377
0.10242896690642574 0.0629503566932854 0.29713125861052186 0.1259007133865708 0.08937837378813432 0.06852978871674757 0.14036989985040055 0.1133106420479137
0.10234983903388656 0.06293115356052922 0.29743900868367706 0.12586230712105845 0.0893199534900508 0.06849458197135198 0.14032707973049352 0.1132760764089526
0.1371337201151134 0.08433297323738609 0.249249494989661 0.10541621654673262 0.11968070027621532 0.09178108537505716 0.117531214567775 0.09487459489205935
0.1112382176624502 0.06299425040382918 0.27676981230088205 0.12598850080765836 0.09631280307712865 0.07283898874754595 0.1404677762736131 0.11338965072689251
0.12279137463305699 0.07398482293424434 0.21141499380008896 0.09248102866780541 0.14233764030142132 0.10853364473495064 0.13747926052706597 0.1109772344013665
0.08543775751163601 0.10960861379295432 0.12798614641746012 0.1370107672411929 0.10701220577991834 0.17560254643859782 0.09292904212880909 0.16441292068943147
0.10546173058224381 0.07998672281546723 0.23401797476135264 0.1324304456414804 0.0973037787808158 0.0887412168899963 0.14660594714889158 0.11545218337975215
0.09942807805617385 0.1334413357592837 0.11219197927458592 0.11633347220040119 0.11708610181192351 0.2030144242429652 0.07890444201418514 0.13960016664048142
0.10798595902107944 0.06701416188955682 0.2223838869250872 0.13402832377911364 0.10117887942686289 0.097351718657101 0.14943157889999684 0.12062549140120227
0.12321719738240648 0.07499398342368131 0.19416620245145783 0.09374247927960164 0.14556839249542178 0.116466278246113 0.13935449158579585 0.11249097513552195
0.12588842142091355 0.07366112996418764 0.1822912438610147 0.09207641245523455 0.15860625358536404 0.12010707241564043 0.1368777713513636 0.11049169494628146
0.11087369550177041 0.0644387930874748 0.24956801537494386 0.1288775861749496 0.10704849958499595 0.07951469186365347 0.14368889085475725 0.11598982755745464
0.14105019231498772 0.08513907717977559 0.23194716152894826 0.10642384647471949 0.1258405975402882 0.09516301639281628 0.1186546467412171 0.09578146182724752
0.11278860044692283 0.06336013249600086 0.269782466014833 0.12672026499200173 0.09818129352143617 0.07383536530611542 0.14128363872988853 0.11404823849280159
0.10563062154161995 0.06343603208756735 0.28655305956607086 0.1268720641751347 0.09191518657459384 0.06995529480660778 0.1414528834907845 0.11418485775762122
0.08309626199886697 0.11118645908274959 0.14722911269425398 0.138983073853437 0.09656010649681575 0.16189851672307318 0.09426678052667901 0.16677968862412437
0.07923269650755273 0.12821680727447043 0.11053765928337932 0.12710729198856374 0.1028567538416246 0.19783420712728167 0.09533046899142283 0.1588841149857047
0.07771913350960663 0.13031905047058748 0.10100647858417205 0.125723678660093 0.10336410830247406 0.21042019315288088 0.09429275899506977 0.15715459832511625
0.07719698906004044 0.13033734382954715 0.09850360015323299 0.12530600677237969 0.10317491759437812 0.2148691290456621 0.09397950507928479 0.1566325084654746
0.07672178233277681 0.11033739939766049 0.10085557674141839 0.13792174924707562 0.09786387917448416 0.21724658843381642 0.09354692557627739 0.16550609909649075
0.07661593830544138 0.11032034251923233 0.10137744961694897 0.1379004281490404 0.09665502913267254 0.21811783418803196 0.09353246430978393 0.16548051377884848
0.10352466056959855 0.06803019183066542 0.219491296028782 0.13606038366133083 0.09770328656781278 0.10103866202420354 0.15169717402240915 0.12245434529519775
0.08279435376286065 0.11164943736658677 0.13106103337867234 0.13956179670823346 0.09802476555101912 0.17477515158933707 0.09465930559341053 0.16747415604988014
0.10488989920338676 0.08031739541951977 0.2357374835096 0.13262411988457112 0.0953598831165056 0.08862983877737121 0.1468203524973681 0.11562102759167739
0.08318191663765083 0.11179245468611 0.1351564689611327 0.1397405683576375 0.09763834571098755 0.17002100420952754 0.09478055940778894 0.167688682029165
0.10485009950037605 0.08023120692076853 0.23752686238432325 0.13245732328690568 0.09514871072929305 0.08767448019789569 0.14663570180723784 0.11547561517319982
0.08317762134597984 0.11179097078187797 0.1355934985331445 0.13973871347734745 0.09759353271459217 0.1696399056591706 0.09477930131507045 0.16768645617281694
0.07918149341253954 0.12823298826131843 0.10772910096130513 0.12702362270442222 0.10301777983303097 0.2007677694185393 0.09526771702831667 0.15877952838052778
0.09478049965454338 0.1589511069534002 0.09180256852071982 0.11500459853623073 0.12611869935331044 0.258086318957884 0.08625344890217304 0.06900275912173844
0.0782520939579709 0.10723872338443839 0.09712243210386778 0.13404840423054798 0.10090114340695666 0.2306593306223193 0.09091978721724124 0.16085808507665755
0.11672108242520939 0.07632211286371722 0.15258511570375222 0.09540264107964652 0.1477665528857881 0.15489689214134345 0.14182243360496707 0.11448316929557582
0.14414933713208766 0.08565219405323854 0.19479831269293504 0.10706524256654817 0.1388413145411605 0.11376512518591071 0.11936975551822608 0.09635871830989334
0.11481240198892739 0.06408764870782746 0.2545157880471642 0.12817529741565492 0.10215735177399737 0.07798785309458657 0.14290589129775255 0.11535776767408944
0.09769339854888573 0.12806419833760488 0.1606121851155035 0.16008024792200606 0.08541337243298736 0.14263224839636038 0.08143212611684657 0.14407222312980544
0.10729749455604864 0.08137069393069155 0.2479743763928525 0.1309123507430262 0.0914099874560957 0.0819810271969901 0.1449253536919134 0.11412871603238182
0.08367345948306479 0.11179417258101952 0.138164753308388 0.13974271572627442 0.09676823637178619 0.16738338777402997 0.09478201588390786 0.16769125887152928
0.10486708923947145 0.08015070452424337 0.23882918677887707 0.13232424175297175 0.09485859525418754 0.08712221199727836 0.1464883750785849 0.11535959537438562
0.08318052717975954 0.11178562288269858 0.13590763193473746 0.13973202860337322 0.09752639650995486 0.16941459133879275 0.09477476722663575 0.16767843432404783
0.10482335196827756 0.08021012992456282 0.2378524926636151 0.13242369886461364 0.09509975912520365 0.08754578768988876 0.14659847818956004 0.11544630157427854
0.08317220317154435 0.11178924957428218 0.13567161624127685 0.13973656196785272 0.09758182825002693 0.1695868244032241 0.09477784203036968 0.16768387436142326
0.10482963277776007 0.08021698892958261 0.23775029134322345 0.13243439805798618 0.09511971656789857 0.08758302061092035 0.14661032263643564 0.11545562907619308
0.08317356437701444 0.11178986197368289 0.13564717269603432 0.13973732746710363 0.09758661130263935 0.16960230798444384 0.09477836123855723 0.16768479296052433
0.1048308408211981 0.08021773200601988 0.237739703873219 0.13243552001410946 0.09512157110211567 0.08758646030356561 0.14661156468798442 0.11545660719178774
0.08317382065571763 0.11178993821360761 0.13564465452850571 0.1397374227670095 0.09758706916977151 0.16960376146822254 0.09477842587675428 0.16768490732041139
0.10483099435006861 0.08021781034529187 0.23773861296864662 0.1324356363189362 0.09512175441533995 0.08758678957376907 0.14661169344220853 0.11545670858573925
0.08317385312458836 0.1117899468124291 0.135644395879239 0.13973743351553636 0.09758711513229465 0.16960390215020948 0.09477843316705944 0.16768492021864362
0.09525857606007342 0.1542706618832285 0.12961792915616432 0.15281593669033514 0.08643591725056657 0.16844233906336967 0.07993448996109838 0.13322414993516393
0.08122222756888334 0.13592426699224067 0.10575709487954446 0.12603795182176133 0.09970613715714557 0.19927641793690182 0.09452846386632101 0.15754743977720165
0.07824218118717897 0.13174689620424007 0.09982072370451475 0.12560746133915363 0.10252233788184485 0.2108454770047604 0.09420559600436523 0.15700932667394205
0.09443720631678038 0.15916622830335028 0.08977316730868733 0.11450942301773799 0.12547687837809876 0.262049375601399 0.0858820672633035 0.06870565381064281
0.06548676735931842 0.089810715028943 0.05645707300041711 0.07829652079446313 0.14065267253223473 0.32419409923239123 0.08850911046330615 0.15659304158892626
0.07166932134947199 0.10546336475548605 0.08750810340770515 0.13182920594435757 0.10261365326769585 0.25330671228414225 0.0894145918579121 0.15819504713322907
0.10236536332109765 0.06798523843272265 0.2127506945635251 0.1359704768654453 0.09917971951421639 0.10777814346963302 0.15159693465445914 0.12237342917890076
0.10555009449715376 0.0651136766086889 0.26477359470981027 0.1302273532173778 0.0942980537813576 0.07763882891179084 0.1451937803781809 0.11720461789564003
0.1043173494572745 0.06376662885884128 0.28503440983117073 0.12753325771768256 0.09145605940079216 0.07092229784040072 0.1421900649479237 0.11477993194591429
0.10325066061569524 0.06323913904038518 0.2928071789983069 0.12647827808077036 0.09016160256871078 0.06921884904084773 0.14101384138259024 0.11383045027269334
0.10270619874378054 0.06303988303551401 0.29578219493626545 0.12607976607102803 0.08962753332932548 0.06872310418873152 0.14056953023142976 0.11347178946392524
0.13730421773493373 0.0843716103810858 0.2486684485230878 0.10546451297635726 0.11981652689661665 0.09187156032660203 0.11758506148259532 0.09491806167872151
