0.125 0.125 0.125 0.125 0.125 0.125 0.125 0.125
0.125 0.125 0.125 0.125 0.125 0.125 0.125 0.125
0.12326388888888887 0.12326388888888887 0.12326388888888887 0.12326388888888887 0.12326388888888887 0.13715277777777776 0.12326388888888887 0.12326388888888887
0.1216013780197479 0.1216013780197479 0.1216013780197479 0.1216013780197479 0.1216013780197479 0.14879035386176473 0.1216013780197479 0.1216013780197479
0.1200964980727931 0.1200964980727931 0.1200964980727931 0.1200964980727931 0.1200964980727931 0.1593245134904485 0.1200964980727931 0.1200964980727931
0.12499999999999999 0.12499999999999999 0.12499999999999999 0.12499999999999999 0.12499999999999999 0.12499999999999999 0.12499999999999999 0.12499999999999999
0.12014472264194999 0.12014472264194999 0.12014472264194999 0.12014472264194999 0.12014472264194999 0.15898694150635037 0.12014472264194999 0.12014472264194999
0.13050533134495163 0.1171559177180683 0.1171559177180683 0.1171559177180683 0.1171559177180683 0.16655916234663853 0.1171559177180683 0.1171559177180683
0.13053204920432132 0.11603145683266002 0.11603145683266002 0.11603145683266002 0.11603145683266002 0.17327920979971861 0.11603145683266002 0.11603145683266002
0.12259334430833728 0.12259334430833728 0.12259334430833728 0.12259334430833728 0.12259334430833728 0.1418465898416393 0.12259334430833728 0.12259334430833728
0.13042205670151147 0.11680057400058512 0.11680057400058512 0.11680057400058512 0.11680057400058512 0.16877449929497781 0.11680057400058512 0.11680057400058512
0.12832762139614542 0.11383628176264415 0.11383628176264415 0.11383628176264415 0.12681412331826472 0.17567684647236909 0.11383628176264415 0.11383628176264415
0.12064675829745314 0.12064675829745314 0.12064675829745314 0.12064675829745314 0.12064675829745314 0.1554726919178282 0.12064675829745314 0.12064675829745314
0.1276322032743723 0.11422700790798862 0.11422700790798862 0.11422700790798862 0.1276322032743723 0.17360055391131227 0.11422700790798862 0.11422700790798862
0.11927885861835391 0.11927885861835391 0.11927885861835391 0.11927885861835391 0.11927885861835391 0.16504798967152276 0.11927885861835391 0.11927885861835391
0.1361545321188858 0.11250885714252945 0.11250885714252945 0.11250885714252945 0.12576206365567988 0.17553911851278706 0.11250885714252945 0.11250885714252945
0.13692829054805242 0.1099372055365661 0.12243818966351382 0.1099372055365661 0.12391076816497497 0.17697392947719467 0.1099372055365661 0.1099372055365661
0.11812593989795385 0.11812593989795385 0.11812593989795385 0.11812593989795385 0.11812593989795385 0.17311842071432307 0.11812593989795385 0.11812593989795385
0.13371746114367858 0.11030033917036497 0.12342544360347095 0.11030033917036497 0.12342544360347095 0.1782302949679196 0.11030033917036497 0.11030033917036497
0.1346797891355363 0.1081718256834073 0.13263951389794895 0.1081718256834073 0.12188576386157074 0.17810763037131477 0.1081718256834073 0.1081718256834073
0.11734786795770426 0.11734786795770426 0.11734786795770426 0.11734786795770426 0.11734786795770426 0.17856492429607018 0.11734786795770426 0.11734786795770426
0.13190049658939246 0.10863761851495977 0.13190049658939246 0.10863761851495977 0.12167627051026025 0.17997226225111573 0.10863761851495977 0.10863761851495977
0.132608603980455 0.10646083305357205 0.132608603980455 0.10646083305357205 0.130581767627791 0.17835769219701086 0.10646083305357205 0.10646083305357205
0.11683100790414057 0.11683100790414057 0.11683100790414057 0.11683100790414057 0.11683100790414057 0.18218294467101603 0.11683100790414057 0.11683100790414057
0.13026867779473397 0.10710826133819736 0.13026867779473397 0.10710826133819736 0.13026867779473397 0.1807609212630086 0.10710826133819736 0.10710826133819736
0.11491164999452616 0.11491164999452616 0.11491164999452616 0.11491164999452616 0.1293859475272744 0.18114415250556873 0.11491164999452616 0.11491164999452616
0.13630128080108303 0.10600525783549836 0.1287851834504915 0.10600525783549836 0.13165454805487228 0.17923795635155967 0.10600525783549836 0.10600525783549836
0.14654829997743188 0.10419434653444179 0.12972454211909482 0.10419434653444179 0.1302933609660368 0.1766564107996695 0.10419434653444179 0.10419434653444179
0.14841005718148445 0.10287196804605081 0.12858838078621068 0.10287196804605081 0.13722332107490642 0.17429036877319523 0.10287196804605081 0.10287196804605081
0.11477414075780945 0.11477414075780945 0.11477414075780945 0.11477414075780945 0.13002117643279906 0.1813339790203443 0.11477414075780945 0.11477414075780945
0.13984068197612753 0.10417602361382089 0.12692868958904793 0.10417602361382089 0.13845561621742597 0.1780709177621151 0.10417602361382089 0.10417602361382089
0.11306864465309596 0.11306864465309596 0.11306864465309596 0.11306864465309596 0.14051589337471163 0.18107223870671268 0.11306864465309596 0.11306864465309596
0.13825955972461593 0.10312486338608261 0.12553943418641758 0.10312486338608261 0.146788456061181 0.17691309648345496 0.10312486338608261 0.10312486338608261
0.11268523895864058 0.11268523895864058 0.11268523895864058 0.11268523895864058 0.14178437825715973 0.18210418799099687 0.11268523895864058 0.11268523895864058
0.14131385194081503 0.10258300920571156 0.12492157419462122 0.10258300920571156 0.14664076802025178 0.17679176902146596 0.10258300920571156 0.10258300920571156
0.1114959216803428 0.1114959216803428 0.1114959216803428 0.1114959216803428 0.150157206901155 0.18086726301678818 0.1114959216803428 0.1114959216803428
0.13981184455112664 0.10148977993899276 0.13088525902190212 0.10148977993899276 0.14814929269516647 0.17519448397583395 0.10148977993899276 0.10148977993899276
0.11136910081753149 0.11136910081753149 0.11136910081753149 0.11136910081753149 0.15042810287730252 0.18135729221750868 0.11136910081753149 0.11136910081753149
0.1390868322450186 0.10080835700571178 0.1354149409152 0.10080835700571178 0.1475520473682455 0.17471275144868886 0.10080835700571178 0.10080835700571178
0.11130822981357476 0.11130822981357476 0.11130822981357476 0.11130822981357476 0.15020977039627761 0.18194085072227376 0.11130822981357476 0.11130822981357476
0.13859090941519933 0.10033335604022153 0.13859090941519933 0.10033335604022153 0.14700920225864986 0.17447555475006532 0.10033335604022153 0.10033335604022153
0.11126769266321893 0.11126769266321893 0.11126769266321893 0.11126769266321893 0.15002611418090225 0.18236772983978417 0.11126769266321893 0.11126769266321893
0.13825011012970706 0.10000648970646163 0.14077601932725742 0.10000648970646163 0.14662526700558265 0.17432264471160636 0.10000648970646163 0.10000648970646163
0.1112407492869259 0.1112407492869259 0.1112407492869259 0.1112407492869259 0.1498979477237051 0.1826575565547396 0.1112407492869259 0.1112407492869259
0.13801818987180683 0.09978383010842778 0.14226561686955427 0.09978383010842778 0.14636278125089658 0.17421809157403112 0.09978383010842778 0.09978383010842778
0.11122287137736403 0.11122287137736403 0.11122287137736403 0.11122287137736403 0.14981086643526487 0.18285190530055112 0.11122287137736403 0.11122287137736403
0.14021642946663013 0.09946332278673989 0.14193828214382054 0.09946332278673989 0.14601521448549193 0.17397678275709774 0.09946332278673989 0.09946332278673989
0.11122529875278993 0.11122529875278993 0.11122529875278993 0.11122529875278993 0.14972165914434254 0.18292654833891797 0.11122529875278993 0.11122529875278993
0.14007077706191765 0.09931678096882975 0.14296048795663102 0.09931678096882975 0.14584095259463536 0.17386065851149712 0.09931678096882975 0.09931678096882975
0.11122261399895794 0.11122261399895794 0.11122261399895794 0.11122261399895794 0.14967303090046696 0.18299128510578536 0.11122261399895794 0.11122261399895794
0.14157525683961109 0.09910039577290188 0.14274304928985715 0.09910039577290188 0.14560945676757464 0.17367065401134957 0.09910039577290188 0.09910039577290188
0.11123036234060617 0.11123036234060617 0.11123036234060617 0.11123036234060617 0.14961974624073193 0.18299807971563117 0.11123036234060617 0.11123036234060617
0.14148049415547226 0.09900267407059961 0.1434379308909969 0.09900267407059961 0.14549517750994806 0.17357570116118437 0.09900267407059961 0.09900267407059961
0.11123252112759391 0.11123252112759391 0.11123252112759391 0.11123252112759391 0.14959177573261592 0.1830130975018207 0.11123252112759391 0.11123252112759391
0.14143168164092648 0.09895303713578463 0.14338915636687807 0.09895303713578463 0.1454368490823491 0.17393016436670777 0.09895303713578463 0.09895303713578463
0.11121173035888128 0.11121173035888128 0.11121173035888128 0.11121173035888128 0.14955560689403685 0.18317401095267533 0.11121173035888128 0.11121173035888128
0.1413523488048092 0.09888164409698721 0.1438421631541568 0.09888164409698721 0.14535421701999843 0.1739246946330868 0.09888164409698721 0.09888164409698721
0.1103591174979989 0.1103591174979989 0.1103591174979989 0.1103591174979989 0.15552615998083355 0.182319135031173 0.1103591174979989 0.1103591174979989
0.1088889034147121 0.1088889034147121 0.1088889034147121 0.1088889034147121 0.16234452279377828 0.18432205671794927 0.1088889034147121 0.1088889034147121
0.10698002991817014 0.10698002991817014 0.11907879696424928 0.10698002991817014 0.16277917663284378 0.1832418768120561 0.10698002991817014 0.10698002991817014
0.10557881418376762 0.10557881418376762 0.1291848292161659 0.10557881418376762 0.16152735499513607 0.1813937448698602 0.10557881418376762 0.10557881418376762
0.11574235938394153 0.10401138003018959 0.12962080083539113 0.10401138003018959 0.15952965945656636 0.17906166020334263 0.10401138003018959 0.10401138003018959
0.11586634337871687 0.10300608122494559 0.13718011631288968 0.10300608122494559 0.15783773627663064 0.17709147913198062 0.10300608122494559 0.10300608122494559
0.11499635607659 0.10212231792339924 0.14474935873675251 0.10212231792339924 0.15637244507304898 0.17539256842001147 0.10212231792339924 0.10212231792339924
0.11417202905101732 0.10139465615361844 0.1511462003758207 0.10139465615361844 0.15514115067408343 0.17396199528460485 0.10139465615361844 0.10139465615361844
0.11351504225331166 0.10082926124764306 0.15621065135109533 0.10082926124764306 0.15415254976377551 0.17280471164124508 0.10082926124764306 0.10082926124764306
0.11301924752979989 0.10040646505720971 0.16006183076674155 0.10040646505720971 0.15338996331564062 0.17190309815897914 0.10040646505720971 0.10040646505720971
0.11265652396390988 0.10009882979393213 0.16290550885209445 0.10009882979393213 0.15282022082281294 0.17122242718545416 0.10009882979393213 0.10009882979393213
0.12113000711951374 0.0987971345512075 0.16271964476034403 0.0987971345512075 0.15132270040286777 0.16963910951244435 0.0987971345512075 0.0987971345512075
0.12232574735880047 0.09831310327913095 0.16216268225723582 0.09831310327913095 0.1537591646533585 0.16849999261408152 0.09831310327913095 0.09831310327913095
0.12236390909725345 0.0981142231362159 0.16289635888724008 0.0981142231362159 0.15445302793895194 0.1678298115316912 0.0981142231362159 0.0981142231362159
0.12223923775878302 0.09798198666781012 0.16383749331678488 0.09798198666781012 0.15457502950764115 0.16742029274555045 0.09798198666781012 0.09798198666781012
0.12211952346919978 0.09788698705090637 0.1646519380632447 0.09788698705090637 0.1545247324135399 0.1671558578503901 0.09788698705090637 0.09788698705090637
0.12202849460953086 0.09781969018544247 0.16527458536781137 0.09781969018544247 0.15443900621950163 0.16697915306138628 0.09781969018544247 0.09781969018544247
0.12169502333071763 0.0975042643411189 0.1652142467648478 0.0975042643411189 0.1564830555832977 0.166590616956661 0.0975042643411189 0.0975042643411189
0.12852759755055287 0.09644316379818389 0.16412842659707128 0.09644316379818389 0.156202558099571 0.16536876256006947 0.09644316379818389 0.09644316379818389
0.13553198416025208 0.09559360756685893 0.16283402965226418 0.09559360756685893 0.155245882540418 0.16401367337963 0.09559360756685893 0.09559360756685893
0.13758868313128003 0.09547377919624839 0.16242230405054003 0.09547377919624839 0.1547607088501827 0.16333318718300363 0.09547377919624839 0.09547377919624839
0.13820739851029382 0.09545340056269536 0.16239268968233295 0.09545340056269536 0.15455504698739217 0.1630312625691997 0.09545340056269536 0.09545340056269536
0.1383891229990116 0.09544286682608175 0.16247762693653958 0.09544286682608175 0.15446597293658645 0.16289580982353533 0.09544286682608175 0.09544286682608175
0.13843634706927124 0.09543362223743097 0.1625759294748085 0.09543362223743097 0.154422711813019 0.16283052269317713 0.09543362223743097 0.09543362223743097
0.1424433231029612 0.09486161287443609 0.16204454268460167 0.09486161287443609 0.15383418143737163 0.1622315012773212 0.09486161287443609 0.09486161287443609
0.14353302343470692 0.09457408261202087 0.16153742197270335 0.09457408261202087 0.1549370936773654 0.16169613046714093 0.09457408261202087 0.09457408261202087
0.14671160640168482 0.09411975596945198 0.16087353260271958 0.09411975596945198 0.15491553888774098 0.1610202982300468 0.09411975596945198 0.09411975596945198
0.14766353181062922 0.09390701866882985 0.1603864494435843 0.09390701866882985 0.15579400358098835 0.16052794048947863 0.09390701866882985 0.09390701866882985
0.1479694664818043 0.09386415891254957 0.16019044598302784 0.09386415891254957 0.15610208041639662 0.16028137146857305 0.09386415891254957 0.09386415891254957
0.15007944061086256 0.09357130521504631 0.15981653692307488 0.09357130521504631 0.15593229988896776 0.15988650171690952 0.09357130521504631 0.09357130521504631
0.1522115273402036 0.09332183943321284 0.15941244461428272 0.09332183943321284 0.15561500872941686 0.15947366158324539 0.09332183943321284 0.09332183943321284
0.15299762138862694 0.09327132373968564 0.1592270083746361 0.09327132373968564 0.15543773884877018 0.15925233642922415 0.09327132373968564 0.09327132373968564
0.1532947054381123 0.09325995226062712 0.15916054208465286 0.09325995226062712 0.1553555500810928 0.1591493933536336 0.09325995226062712 0.09325995226062712
0.15436170863547072 0.0931222281374109 0.15899530901205663 0.0931222281374109 0.1551849924857684 0.1589690773170606 0.0931222281374109 0.0931222281374109
0.15466815583339613 0.09300241976891446 0.15880711427460378 0.09300241976891446 0.1557403862543529 0.15877466456198938 0.09300241976891446 0.09300241976891446
0.154765185466024 0.09297702725299252 0.15871834273672492 0.09297702725299252 0.15593952753568505 0.1586688352495958 0.09297702725299252 0.09297702725299252
0.15479788624090823 0.09297096580006159 0.15868528819929437 0.09297096580006159 0.15601397463473432 0.15861898772481678 0.09297096580006159 0.09297096580006159
0.1548090232860282 0.09296903925984727 0.15867623706255363 0.09296903925984727 0.15604214546109046 0.15859643715093857 0.09296903925984727 0.09296903925984727
0.15481257576134744 0.09296814261309484 0.15867600573458276 0.09296814261309484 0.15605263767566732 0.15858621037602302 0.09296814261309484 0.09296814261309484
0.15475084947276166 0.09290499715127402 0.1586127644798006 0.09290499715127402 0.15649756377835827 0.15851883366398337 0.09290499715127402 0.09290499715127402
0.1547129962523473 0.09289180287674605 0.15857634937783377 0.09289180287674605 0.15666568007474363 0.15847776278809106 0.09289180287674605 0.09289180287674605
0.15340504618004083 0.10192028616354754 0.1572684410512388 0.09159897473279795 0.1554413605246791 0.1571679418820999 0.09159897473279795 0.09159897473279795
0.15366322348493988 0.10296932738289795 0.15677268787911905 0.09164485114250379 0.1549883179560198 0.15667188986951186 0.09164485114250379 0.09164485114250379
0.15381413003716438 0.10313241851957727 0.15661589101464782 0.09169138214369973 0.15485023086833577 0.1565131831291755 0.09169138214369973 0.09169138214369973
0.15432313309017104 0.10310193195870701 0.15650234869520935 0.09164277434542066 0.15474535159361974 0.15639891162603073 0.09164277434542066 0.09164277434542066
0.15452201543555835 0.10309000452171518 0.15644811201247927 0.09163423430408106 0.1546940724972759 0.15634309262072812 0.09163423430408106 0.09163423430408106
0.15460129157909044 0.10308690941544456 0.15642477143966302 0.09163246446858729 0.15467140606304858 0.15631822809699164 0.09163246446858729 0.09163246446858729
0.1549274222677494 0.10304419463624409 0.15637273416417094 0.0915900935900836 0.15461979845038729 0.15626556971119746 0.0915900935900836 0.0915900935900836
0.15525143598587637 0.10300303438650299 0.15631476898908267 0.0915536794269203 0.15456235381574007 0.15620736854203704 0.0915536794269203 0.0915536794269203
0.1553774345075857 0.10299124267282252 0.15628414333415253 0.09154646107432217 0.15453172636342674 0.15617606989904617 0.09154646107432217 0.09154646107432217
0.15556165492360752 0.10296924731883587 0.15625077457112552 0.0915257759107445 0.15449856029384923 0.1561424351603484 0.0915257759107445 0.0915257759107445
0.1556334990895893 0.10296272458676893 0.15623327868406767 0.09152169710689827 0.15448096607930067 0.15612444023957855 0.09152169710689827 0.09152169710689827
0.15575252534051637 0.10294822262228107 0.15621225550976262 0.09150791989041782 0.15446001909448054 0.1561032177617059 0.09150791989041782 0.09150791989041782
0.15585977098645776 0.10293523831565907 0.15619217574139205 0.09149654691318339 0.15444011007102704 0.15608306414591389 0.09149654691318339 0.09149654691318339
0.15590179187869563 0.10293149828165876 0.15618183302402505 0.09149424957991886 0.1544296996682284 0.15607242840763558 0.09149424957991886 0.09149424957991886
0.15591863098139022 0.10293055709788665 0.15617720599663262 0.09149372395548014 0.15442493173014826 0.1560675023275019 0.09149372395548014 0.09149372395548014
0.15596641800438746 0.10292448322996602 0.15616932039830547 0.09148775466353418 0.15441701946931335 0.15605949490742502 0.09148775466353418 0.09148775466353418
0.15598236967279558 0.10291999815639351 0.1561622443392244 0.09148394446417503 0.15440998496704078 0.15607356947202072 0.09148394446417503 0.09148394446417503
0.15598818524102723 0.10291871872272738 0.15615865511981103 0.091483163372017 0.154406337264865 0.15607861353551836 0.091483163372017 0.091483163372017
0.15601797752024713 0.10291446730810141 0.15615305936861584 0.09147905411668726 0.15440074154479425 0.15607659190817963 0.09147905411668726 0.09147905411668726
0.1560294911237348 0.10291318220360166 0.15615001149859833 0.09147824139159037 0.15439764852372334 0.1560749424755707 0.09147824139159037 0.09147824139159037
0.15603229522415452 0.10291107984889433 0.15614678963877293 0.09147628182627192 0.15439442853018362 0.1560865612791789 0.09147628182627192 0.09147628182627192
0.156033062237986 0.1029104530925699 0.15614511752713225 0.09147588866491498 0.15439272319841568 0.15609097794915122 0.09147588866491498 0.09147588866491498
0.15599132570397964 0.10286832957284192 0.1561023711308665 0.0914338347847786 0.1546857168019176 0.15605075243605848 0.0914338347847786 0.0914338347847786
0.15596608665792797 0.10285567830872648 0.15607673381114193 0.09142586391174404 0.15479778006298311 0.1560261294239884 0.09142586391174404 0.09142586391174404
0.1559539846797091 0.10285261309754025 0.15606448148092475 0.09142420439657063 0.15484203082143227 0.15601427673068158 0.09142420439657063 0.09142420439657063
0.15594862547110303 0.10285192041121467 0.15605907183848794 0.09142385228926576 0.15485980744257144 0.15600901796882555 0.09142385228926576 0.09142385228926576
0.15591799687075264 0.10282343217745399 0.15602842012782603 0.09139544102065233 0.15506539802927116 0.15597842973273932 0.09139544102065233 0.09139544102065233
0.15589990650773924 0.1028148488052155 0.15601031882415 0.09139002300772062 0.15514450771938076 0.15596034912035273 0.09139002300772062 0.09139002300772062
0.15589128261138782 0.10281275595073103 0.15600169051531837 0.09138888386126265 0.15517589418851943 0.15595172515025527 0.09138888386126265 0.09138888386126265
0.1559059975657172 0.10280963151258557 0.15599522513978947 0.09138599196250435 0.15518590670423582 0.15594526319015878 0.09138599196250435 0.09138599196250435
0.15591152376061418 0.10280872034867375 0.15599198858071686 0.09138542795838647 0.15518945930374634 0.15594202413108954 0.09138542795838647 0.09138542795838647
0.15591368984480042 0.10280849802075193 0.15599053049752018 0.0913853068708993 0.1551907988525717 0.15594056217165775 0.0913853068708993 0.0913853068708993
0.1559145593674653 0.1028084463452603 0.15598990196918266 0.09138527989851009 0.1551913226300351 0.15593992999252654 0.09138527989851009 0.09138527989851009
0.15591491311500374 0.10280843447459007 0.15598963709109667 0.09138527376956115 0.15519153184998216 0.15593966216064384 0.09138527376956115 0.09138527376956115
0.15591505807545936 0.10280843170768299 0.1559895269916213 0.09138527232161743 0.1551916164219377 0.1559395498384463 0.09138527232161743 0.09138527232161743
0.15591511768774194 0.10280843101655694 0.1559894817154949 0.0913852719379255 0.15519165080964883 0.1559395029567807 0.0913852719379255 0.0913852719379255
0.15591514222875227 0.10280843080855046 0.15598946330778599 0.0913852718067108 0.1551916648167966 0.15593948341798225 0.0913852718067108 0.0913852718067108
0.15591515232321948 0.10280843072291632 0.15598945594105307 0.09138527174418848 0.15519167051325403 0.15593947526699162 0.09138527174418848 0.09138527174418848
0.15589604164354964 0.10278931585585152 0.15597033803251653 0.0913661568866386 0.1553254767729871 0.1559203570351795 0.0913661568866386 0.0913661568866386
0.15587159837690034 0.10277065820905129 0.1559458864373204 0.09134962311395668 0.1554670787388846 0.15589590889597316 0.09134962311395668 0.09134962311395668
0.15585822990595785 0.10276533320178373 0.155932507908663 0.09134637117855579 0.1555222792734421 0.15588253617448602 0.09134637117855579 0.09134637117855579
0.1558433260225174 0.10275537056974482 0.15591759612798023 0.09133700021399108 0.15560507732785214 0.1558676293099323 0.09133700021399108 0.09133700021399108
0.1558353334454501 0.10275243942621995 0.1559095962643286 0.09133517602958166 0.15563746863829375 0.1558596341369625 0.09133517602958166 0.09133517602958166
0.15584409363903892 0.10274994275135889 0.15590411206965854 0.09133300503733444 0.15564868304167612 0.15585415338626427 0.09133300503733444 0.09133300503733444
0.15584728969243722 0.10274923494271869 0.15590141044692413 0.09133257463701215 0.1556528868850437 0.15585145412183982 0.09133257463701215 0.09133257463701215
0.15584851958932422 0.1027490631252964 0.15590019844333083 0.09133248146499431 0.15565453091062215 0.15585024353644344 0.09133248146499431 0.09133248146499431
0.1558490079336094 0.10274902323885074 0.15589967573146954 0.09133246066937334 0.1556551894926643 0.1558497215952861 0.09133246066937334 0.09133246066937334
0.1558575872872785 0.10274781673248526 0.15589825717196534 0.09133125859483518 0.15565425957078272 0.15584830345298262 0.09133125859483518 0.09133125859483518
0.15586090700156874 0.10274745027168841 0.15589743729014535 0.09133102619030116 0.15565364288502886 0.1558474839806652 0.09133102619030116 0.09133102619030116
0.155862231450031 0.10274735953748476 0.15589704773361085 0.09133097617396384 0.15565333802927062 0.15584709472771113 0.09133097617396384 0.09133097617396384
0.1558627685829072 0.10274733822599277 0.1558968751793727 0.09133096494405 0.15565320082066444 0.15584692235891281 0.09133096494405 0.09133096494405
0.1558686271797205 0.10274652775680745 0.15589599561352263 0.09133015684280825 0.15565233601929376 0.15584604290223078 0.09133015684280825 0.09133015684280825
0.1558650570747378 0.10274044171646199 0.1558896353466356 0.0913241608545945 0.15569270045268332 0.15583968284569774 0.0913241608545945 0.0913241608545945
0.15586241994210337 0.10273860663905357 0.1558858423535701 0.09132300200389111 0.1557082339285806 0.15583589112501908 0.09132300200389111 0.09132300200389111
0.15586487259026444 0.10273761246749442 0.15588348118349352 0.09132221172982181 0.15571386737537513 0.15583353119390703 0.09132221172982181 0.09132221172982181
0.15586572823148348 0.10273734200308784 0.15588234329267497 0.0913220517289218 0.15571603703268866 0.1558323942532996 0.0913220517289218 0.0913220517289218
0.1558685991016709 0.10273691250363158 0.1558814725789582 0.09132165228106626 0.15571653482592998 0.15583152414661047 0.09132165228106626 0.09132165228106626
0.1558714260412906 0.10273654131505502 0.15588078850004625 0.09132132881465152 0.15571641721716434 0.15583084048248916 0.09132132881465152 0.09132132881465152
0.15587253245139499 0.10273643575723046 0.1558804408731511 0.09132126450000211 0.15571630426653116 0.15583049315168593 0.09132126450000211 0.09132126450000211
0.15587297664978866 0.10273641002769741 0.15588028290276645 0.09132125049911624 0.15571624355598782 0.15583033536641097 0.09132125049911624 0.09132125049911624
0.15586922724373367 0.10273247380625697 0.15587628411556503 0.09131731713651282 0.1557437267394033 0.15582633668550247 0.09131731713651282 0.09131731713651282
0.15586691582218393 0.10273127777393454 0.1558738693158589 0.09131655846212822 0.1557543390228037 0.15582392267883427 0.09131655846212822 0.09131655846212822
0.15586579594029412 0.10273098223204508 0.15587270656060967 0.09131639581271901 0.15575856712481237 0.155822760704082 0.09131639581271901 0.09131639581271901
0.15586409868717108 0.10272971591930462 0.15587099152220854 0.09131516233796629 0.1557590829950581 0.15583062386235888 0.09131516233796629 0.09131516233796629
0.15586235103553406 0.10272853045223894 0.15586923646077602 0.09131411757231621 0.15575825166679255 0.15583927766770983 0.09131411757231621 0.09131411757231621
0.1558614201530283 0.10272819160876961 0.15586830246508773 0.09131391044740973 0.15575770058614888 0.1558426538447364 0.09131391044740973 0.09131391044740973
0.15586098964542924 0.10272810895966747 0.155867870644629 0.09131386544758197 0.1557574275809026 0.15584400682662586 0.09131386544758197 0.09131386544758197
0.1558602594410511 0.1027275478588148 0.15586713988538728 0.09131331352996286 0.15575676270944253 0.15584834951541582 0.09131331352996286 0.09131331352996286
0.15586100451470106 0.10272721361390008 0.15586656533569085 0.09131304162958732 0.15575621572356502 0.15584987592338104 0.09131304162958732 0.09131304162958732
0.15586089371106016 0.10272675710715765 0.15586590801328482 0.09131262226116875 0.15575557004390628 0.15585300434108484 0.09131262226116875 0.09131262226116875
0.15586076537956997 0.10272662394091243 0.15586555333547353 0.09131253981789489 0.15575522045559206 0.15585421743476735 0.09131253981789489 0.09131253981789489
0.15586069437113073 0.10272659128342296 0.15586538858206014 0.09131252195665492 0.1557550579548501 0.15585470193857134 0.09131252195665492 0.09131252195665492
0.15586143750524079 0.10272647270046904 0.15586520539387683 0.09131240700231093 0.15575487576706196 0.15585478762641872 0.09131240700231093 0.09131240700231093
0.15586172291757536 0.10272643717115157 0.15586510717187882 0.09131238464887724 0.15575477803481877 0.15585480075794375 0.09131238464887724 0.09131238464887724
0.15586183629768427 0.10272642840127824 0.1558650616704585 0.09131237982670584 0.1557547327766762 0.15585480137378527 0.09131237982670584 0.09131237982670584
0.15586188217023975 0.102726426343523 0.15586504174246263 0.09131237874338097 0.15575471296813964 0.15585480054549206 0.09131237874338097 0.09131237874338097
0.1558592563742369 0.10272378132096084 0.15586238869521368 0.09130973394945827 0.1557732163526564 0.15585215540855746 0.09130973394945827 0.09130973394945827
0.155857658585454 0.10272297710280694 0.1558607795894537 0.09130922362270018 0.15578036417363236 0.15585054968055245 0.09130922362270018 0.09130922362270018
0.15585740973583626 0.10272270364025657 0.15585992906147692 0.09130903951772246 0.1557831383960332 0.15584970061322978 0.09130903951772246 0.09130903951772246
0.15585726781522954 0.10272263439586496 0.15585953794942364 0.09130900065805866 0.1557842477265815 0.1558493101387245 0.09130900065805866 0.09130900065805866
0.1558572004172842 0.10272261808044565 0.1558593673459123 0.09130899203646066 0.15578469823272936 0.15584913981424658 0.09130899203646066 0.09130899203646066
0.15585717056223972 0.10272261432540157 0.15585929474700796 0.09130899009424097 0.1557848827451895 0.15584906733743834 0.09130899009424097 0.09130899009424097
0.1558575091240516 0.10272256327547677 0.15585921404693948 0.09130893946154325 0.15578490847817925 0.15584898669072317 0.09130893946154325 0.09130893946154325
0.15585739438364002 0.10272230264677644 0.1558589256679254 0.09130868450505679 0.15578466417201658 0.15585065961447134 0.09130868450505679 0.09130868450505679
0.15585729739060825 0.10272222421497901 0.15585875676059094 0.09130863503200386 0.15578451358596543 0.15585130295184477 0.09130863503200386 0.09130863503200386
0.15585748291183582 0.10272217107828417 0.15585864238432395 0.09130859060995318 0.15578440683962888 0.15585152495606752 0.09130859060995318 0.09130859060995318
0.15585755083122785 0.10272215625927723 0.15585858609962822 0.09130858169502344 0.155784353744716 0.15585160798008024 0.09130858169502344 0.09130858169502344
0.1558575770128232 0.10272215266524179 0.1558585608414327 0.09130857974754432 0.15578432982240922 0.15585164041546035 0.09130857974754432 0.09130857974754432
0.15585758741670588 0.10272215182657991 0.1558585499412437 0.09130857930821973 0.155784319482163 0.15585165340864843 0.09130857930821973 0.09130857930821973
0.15585759162519874 0.10272215163308057 0.15585854532653765 0.09130857920790504 0.1557843151022457 0.15585165868922227 0.09130857920790504 0.09130857920790504
0.1558575933451183 0.10272215158853688 0.15585854339228086 0.09130857918486128 0.1557843132664496 0.15585166085303048 0.09130857918486128 0.09130857918486128
0.15585759405210686 0.10272215157826492 0.1558585425858725 0.09130857917953861 0.15578431250133093 0.155851661743809 0.09130857917953861 0.09130857917953861
0.15585759434366953 0.10272215157588427 0.15585854225065388 0.09130857917829927 0.1557843121834256 0.15585166211146906 0.09130857917829927 0.09130857917829927
0.15585759446412878 0.10272215157532723 0.1558585421115285 0.09130857917800676 0.155784312051559 0.15585166226343614 0.09130857917800676 0.09130857917800676
0.15585775349687855 0.10272212886334738 0.15585851934199074 0.09130855646608879 0.15578428928506433 0.1558516396144526 0.09130855646608879 0.09130855646608879
0.15585781497254883 0.102722121951261 0.15585850552328623 0.0913085520775557 0.15578427547397508 0.15585162584626186 0.0913085520775557 0.0913085520775557
0.155857839489081 0.10272212023932932 0.15585849885624614 0.09130855113363368 0.15578426881394408 0.15585161920049828 0.09130855113363368 0.09130855113363368
0.15585784943102923 0.10272211983741927 0.15585849588334713 0.09130855092193822 0.15578426584580693 0.1558516162365828 0.09130855092193822 0.09130855092193822
0.15585785350032338 0.10272211974454953 0.15585849460388615 0.09130855087372516 0.15578426456914657 0.15585161496091898 0.09130855087372516 0.09130855087372516
0.15585785517458842 0.10272211972317728 0.15585849406293464 0.09130855086267178 0.1557842640297113 0.15585161442157303 0.09130855086267178 0.09130855086267178
0.15585785586544723 0.10272211971825625 0.15585849383634928 0.09130855086012543 0.15578426380390445 0.15585161419566654 0.09130855086012543 0.09130855086012543
0.15585769123829468 0.10272195480443429 0.15585832882923212 0.09130838594685026 0.1557840987971727 0.15585276849031554 0.09130838594685026 0.09130838594685026
0.155857698135839 0.10272188934042895 0.15585821335007216 0.0913083388066029 0.15578398336423396 0.1558531993896174 0.0913083388066029 0.0913083388066029
0.15585769118827417 0.10272187226242813 0.15585815571930528 0.09130832900238045 0.15578392578483297 0.15585336803801808 0.09130832900238045 0.09130832900238045
0.15585775807498953 0.10272185791713861 0.15585811940336497 0.0913083165546466 0.15578388950623948 0.1558534254343275 0.0913083165546466 0.0913083165546466
0.15585778329875472 0.1027218538454295 0.15585810188506288 0.09130831407685855 0.155783872013532 0.15585344672664525 0.09130831407685855 0.09130831407685855
0.1558560139010659 0.10272007354874788 0.15585631478545953 0.09130653423258904 0.15579631936658406 0.1558516757003755 0.09130653423258904 0.09130653423258904
0.1558549375170932 0.10271953216119661 0.15585523106819069 0.09130619065578016 0.15580112861537543 0.15585059867080361 0.09130619065578016 0.09130619065578016
0.15585322092684648 0.10271820120795896 0.1558535114396386 0.09130491985671489 0.15581142502466555 0.15584888183074574 0.09130491985671489 0.09130491985671489
0.15585226236472488 0.10271780569877444 0.15585255161731987 0.09130467223122343 0.15581544043234327 0.15584792319316737 0.09130467223122343 0.09130467223122343
0.15585181199072035 0.10271770837382689 0.15585210072035635 0.09130461885174085 0.1558170495563253 0.15584747280354858 0.09130461885174085 0.09130461885174085
0.15585166189902028 0.10271767869493356 0.15585189511304848 0.09130459998673057 0.15581769691860994 0.1558472674141959 0.09130459998673057 0.09130459998673057
0.15585162824058846 0.10271766670323872 0.1558518012652279 0.09130459129269053 0.15581795625265757 0.15584717366021592 0.09130459129269053 0.09130459129269053
0.1558508071931446 0.10271685826325519 0.15585095528988896 0.09130378418511756 0.15582369897298604 0.1558463277253726 0.09130378418511756 0.09130378418511756
0.15585031123438697 0.10271661252027468 0.1558504490066574 0.09130362826880188 0.1558259209586475 0.15584582147362788 0.09130362826880188 0.09130362826880188
0.15585007232798156 0.1027165517138219 0.15585020582405182 0.09130359476712473 0.1558268075199013 0.15584557831286922 0.09130359476712473 0.09130359476712473
0.1558494241486657 0.10271599572296328 0.155849555873599 0.09130304553253862 0.15583095928146165 0.1558449283756943 0.09130304553253862 0.09130304553253862
0.1547303759081681 0.1105465418203268 0.15473050689925408 0.09018426573995968 0.1547138987342175 0.15472587941815438 0.09018426573995968 0.09018426573995968
0.1543044925426784 0.11213643653836078 0.1543046226809997 0.09022184389451889 0.15428890188135583 0.15430001467304857 0.09022184389451889 0.09022184389451889
0.15417649245627926 0.11249999749172271 0.15417662203254764 0.09027022633104455 0.15416417952872866 0.15417202949758796 0.09027022633104455 0.09027022633104455
0.15414080613716688 0.11258939510570184 0.15414093541787935 0.09028755212746215 0.15412985543935223 0.15413635151751312 0.09028755212746215 0.09028755212746215
0.1541311298381172 0.11261222059959922 0.15413125897892066 0.09029265556274581 0.15412074461986172 0.15412667927526394 0.09029265556274581 0.09029265556274581
0.1541285525846435 0.11261815100126311 0.15412865691798516 0.09029406107025727 0.15411837716465826 0.1541240791206781 0.09029406107025727 0.09029406107025727
0.15412786352845279 0.11261970496730056 0.15412795758675119 0.09029443940171997 0.1541177750881323 0.15412338062420333 0.09029443940171997 0.09029443940171997
0.15412767884613116 0.11262011371851201 0.15412776864871744 0.09029454009686626 0.15411762645199872 0.1541231920440418 0.09029454009686626 0.09029454009686626
0.15412764359240327 0.11262021933809081 0.15412771498794686 0.0902945646861736 0.1541175894882712 0.15412313853476706 0.0902945646861736 0.0902945646861736
0.15412763566112214 0.11262024694527116 0.15412769943324564 0.09029457135547563 0.15411758085019436 0.15412312304373973 0.09029457135547563 0.09029457135547563
0.1541276439537115 0.11262025279941455 0.15412769337248597 0.09029457173680996 0.15411757765433767 0.15412311700962056 0.09029457173680996 0.09029457173680996
0.15412765419509086 0.11262025323573838 0.15412769013818428 0.09029457101261658 0.15411757560667955 0.15412311378645718 0.09029457101261658 0.09029457101261658
0.15412754863569045 0.11262014352129257 0.15412757899773236 0.09029446121167452 0.15411746495776352 0.1541238802524976 0.09029446121167452 0.09029446121167452
0.15412748490383454 0.11262010175798992 0.15412751295443228 0.09029444119801096 0.15411739912229053 0.15412417766742 0.09029444119801096 0.09029444119801096
0.15412745427345395 0.11262008924352138 0.15412748136674367 0.09029443696264144 0.15411736762320608 0.15412429660515048 0.09029443696264144 0.09029443696264144
0.1541273668004449 0.11262001197545604 0.15412739349725538 0.09029436217542695 0.15411727979162482 0.15412486140893786 0.09029436217542695 0.09029436217542695
0.154127316872414 0.11261998295749343 0.15412734340501089 0.09029434847497807 0.15411722971845648 0.15412508162169095 0.09029434847497807 0.09029434847497807
0.1541272932833393 0.1126199742939948 0.15412731974792093 0.09029434556396 0.15411720607119211 0.15412516991167283 0.09029434556396 0.09029434556396
0.15412723319072433 0.11261992225352654 0.15412725962713456 0.09029429524093163 0.1541171459553842 0.15412555325043537 0.09029429524093163 0.09029429524093163
0.15412719908271152 0.11261990271687666 0.1541272255074483 0.09029428602071178 0.15411711184007096 0.15412570279075716 0.09029428602071178 0.09029428602071178
0.15412718299729053 0.11261989688461857 0.15412720941718927 0.090294284061372 0.15411709575293459 0.15412576276385107 0.090294284061372 0.090294284061372
0.15412717587364388 0.11261989526668716 0.1541272022915373 0.0902942835996193 0.15411708862919438 0.15412578714007932 0.0902942835996193 0.0902942835996193
0.15412693037261632 0.11261965239523315 0.1541269567896785 0.09029404104890176 0.15411878261093973 0.1541255546848271 0.09029404104890176 0.09029404104890176
0.15412678447652675 0.11261956002867807 0.15412681089322 0.09029399682884581 0.15411943992209015 0.1541254141929475 0.09029399682884581 0.09029399682884581
0.1541267146938995 0.11261953235935859 0.1541267411104253 0.0902939874701437 0.15411970277664278 0.15412534664924277 0.0902939874701437 0.0902939874701437
0.15412668359344028 0.11261952467475395 0.15412671000988973 0.09029398527066643 0.15411980943351644 0.1541253164764004 0.09029398527066643 0.09029398527066643
0.1541266701642787 0.11261952260268807 0.1541266965806934 0.09029398472198591 0.15411985305480733 0.1541253034315748 0.09029398472198591 0.09029398472198591
0.15412666446148632 0.11261952205091706 0.1541266908778853 0.09029398458097834 0.15411987097875054 0.15412529788802573 0.09029398458097834 0.09029398458097834
0.15412666649552564 0.11261952127156413 0.1541266878460547 0.09029398391100775 0.15411987773164945 0.1541252949221828 0.09029398391100775 0.09029398391100775
0.15412666721287066 0.11261952099199907 0.15412668646533256 0.09029398378594053 0.15411988040317043 0.1541252935688056 0.09029398378594053 0.09029398378594053
0.1541266704646557 0.11261952048366632 0.1541266854405841 0.09029398333302836 0.15411988105661925 0.15412529255538945 0.09029398333302836 0.09029398333302836
0.15412667172734656 0.11261952029883542 0.1541266849321173 0.09029398324896866 0.15411988124317327 0.15412529205162137 0.09029398324896866 0.09029398324896866
0.15412667423789464 0.11261951995763146 0.15412668441696872 0.0902939829444053 0.15411988101586788 0.15412529153842144 0.0902939829444053 0.0902939829444053
0.154126675221145 0.1126195198334801 0.1541266841471046 0.09029398288789375 0.154119880865222 0.15412529126936708 0.09029398288789375 0.09029398288789375
0.1541266769653503 0.11261951960400984 0.15412668383047967 0.09029398268303505 0.1541198805979761 0.15412529095307897 0.09029398268303505 0.09029398268303505
0.15412667764971488 0.11261951952050912 0.1541266836613363 0.09029398264502422 0.15411988044929031 0.15412529078407677 0.09029398264502422 0.09029398264502422
0.15412667792499182 0.1126195194957984 0.15412668358312664 0.09029398263686655 0.15411988037955715 0.15412529070592648 0.09029398263686655 0.09029398263686655
0.15412667803706556 0.11261951948896554 0.1541266835488013 0.09029398263493234 0.15411988034874421 0.15412529067162614 0.09029398263493234 0.09029398263493234
0.15412667808299685 0.11261951948712616 0.15412668353410033 0.09029398263444745 0.15411988033549873 0.1541252906569357 0.09029398263444745 0.09029398263444745
