Action: 0
[0.1378946724094346, 0.09558010925136189, 0.28862101138514773, 0.09558010924507176, 0.09558340673591213, 0.09558047248292836, 0.09558010924507176, 0.09558010924507176]
[0.11861255762483387, 0.09680078481968263, 0.3005827334570704, 0.09680078481968263, 0.09680078481968263, 0.09680078481968263, 0.09680078481968263, 0.09680078481968263]
[0.16317640785233356, 0.09512593750779925, 0.1700596195108215, 0.09512576801277078, 0.09600907599713084, 0.19025165509360253, 0.09512576801277078, 0.09512576801277078]
[0.125, 0.125, 0.125, 0.125, 0.125, 0.125, 0.125, 0.125]
[0.16520432146571432, 0.09552241792485792, 0.2612577538960967, 0.09552241792413577, 0.09592576470314039, 0.09552248823778338, 0.09552241792413577, 0.09552241792413577]
[0.16061145948663608, 0.09346639016038699, 0.2594795298900007, 0.09346638065060901, 0.11117643978093168, 0.09486703873021744, 0.09346638065060901, 0.09346638065060901]
[0.125, 0.125, 0.125, 0.125, 0.125, 0.125, 0.125, 0.125]
[0.125, 0.125, 0.125, 0.125, 0.125, 0.125, 0.125, 0.125]

Action: 1
[0.1724147142776141, 0.09375003137985508, 0.09375003137985508, 0.09375003137985508, 0.19736678289414072, 0.16146834592896983, 0.09375003137985508, 0.09375003137985508]
[0.099751663801906, 0.199503327603812, 0.099751663801906, 0.099751663801906, 0.099751663801906, 0.20198668958475208, 0.099751663801906, 0.099751663801906]
[0.0959565954574079, 0.09595669464154137, 0.09595658799529921, 0.09595658799529921, 0.22481820938554403, 0.1994421485343098, 0.09595658799529921, 0.09595658799529921]
[0.125, 0.125, 0.125, 0.125, 0.125, 0.125, 0.125, 0.125]
[0.0994805776377213, 0.09805571915341776, 0.09805571915341776, 0.09805571915341776, 0.20718496528723324, 0.20305586130795675, 0.09805571915341776, 0.09805571915341776]
[0.09483740434982253, 0.09624369729483023, 0.09483740434982253, 0.09483740434982253, 0.17598645072840868, 0.2535828302276483, 0.09483740434982253, 0.09483740434982253]
[0.125, 0.125, 0.125, 0.125, 0.125, 0.125, 0.125, 0.125]
[0.125, 0.125, 0.125, 0.125, 0.125, 0.125, 0.125, 0.125]

