0.125 0.125 0.125 0.125 0.125 0.125 0.125 0.125
0.07295173961840629 0.12906846240179573 0.09118967452300786 0.16133557800224466 0.08754208754208755 0.15488215488215487 0.10942760942760943 0.19360269360269358
0.09619858172668032 0.086692983125011 0.19239716345336064 0.15530855363102605 0.08657872355401228 0.06988884913396172 0.17315744710802455 0.13977769826792344
0.09962640099626402 0.07845579078455792 0.19925280199252804 0.15691158156911583 0.08685378548392246 0.06839735606858895 0.17370757096784492 0.1367947121371779
0.07110633244014392 0.13485619108963903 0.10512650948282269 0.15725438905031824 0.08532759892817268 0.15096421348830552 0.10665949866021586 0.18870526686038191
0.06968956621616983 0.1387479655022812 0.09562186097390324 0.15412115605499094 0.0836274794594038 0.16871223520300702 0.10453434932425473 0.18494538726598914
0.09283263763956902 0.08470768426929334 0.20234851589094505 0.14987437883978613 0.09011512993093954 0.07813596472243535 0.1670987477512242 0.13488694095580753
0.08926977848369637 0.14878296413949393 0.12683474789109292 0.17853955696739274 0.07782493508835067 0.12970822514725114 0.09338992210602082 0.15564987017670134
0.10191101743709369 0.15708055441529503 0.09462194672867211 0.14137249897376553 0.1178104158114713 0.1963506930191188 0.10602937423032416 0.08482349938425932
0.04988579164420559 0.10152087057335676 0.07221844201961798 0.11032434690545469 0.11101493826473136 0.20967243767121005 0.124714479110514 0.22064869381090937
0.09146379579369976 0.08099753719750875 0.20499275717996815 0.1476644414018767 0.09758087686787863 0.07976776186871948 0.16463483242865953 0.13289799726168902
0.1027952803931528 0.07461992940230333 0.22554931671486972 0.14923985880460666 0.0826073292528551 0.06986708335325542 0.1652146585057102 0.13010654357324683
0.0815133994859107 0.15469768950482476 0.10551118789259245 0.12572678185006345 0.11156716374572676 0.18483608291554546 0.08527555638526042 0.15087213822007614
0.10175115912670689 0.07445026272971794 0.22169743340687953 0.14890052545943588 0.08241950127180821 0.07613140095873712 0.16483900254361641 0.12981071450309795
0.06719205094917907 0.12755592863732282 0.12427507259257739 0.14859780498376143 0.09201486042253477 0.16125884001034216 0.10078807642376862 0.17831736598051368
0.10081453606532849 0.09165612273356917 0.16022622117810578 0.10172551078881037 0.14023049674077329 0.1320546954488477 0.15122180409799274 0.12207061294657244
0.08320769469510599 0.14597727356434267 0.1281149318133294 0.16700519260276095 0.08478919694175206 0.1556462216727325 0.08495481536749146 0.15030467334248485
0.07756531305349382 0.11986468482942196 0.10932317339051369 0.14383762179530635 0.08989851362206647 0.17183544971858497 0.10787821634647977 0.17979702724413293
0.08093184294398385 0.11954999791984025 0.10573107308896483 0.1434599975038083 0.0896624984398802 0.1737445950959061 0.10759499812785624 0.1793249968797604
0.07992212794071368 0.1172630081467648 0.10336555520706296 0.14071560977611774 0.08794725611007359 0.18935522326703155 0.10553670733208832 0.17589451222014718
0.12196113073398955 0.08203972164737927 0.1526131155542196 0.09844766597685511 0.1302217803926655 0.13539086675262352 0.1562661364711986 0.12305958247106889
0.08731576181228684 0.11475025151675718 0.11034797659650246 0.1377003018201086 0.0972317387441991 0.1772533658699287 0.10327522636508145 0.17212537727513574
0.10193017996755949 0.14268008203774415 0.09561207907540342 0.12841207383396974 0.12499994603782794 0.2330093393716361 0.0963090553754773 0.07704724430038185
0.06900739368136549 0.09352459815628984 0.06138742404559198 0.08417213834066087 0.1372678164800358 0.28528978660594134 0.10100656600879304 0.16834427668132174
0.05994742536408282 0.10343688202216095 0.052973481630095215 0.08226545243805586 0.1329749946814151 0.31087513014505846 0.09299572884301967 0.16453090487611172
0.10180312974746605 0.070546148472141 0.20076288111456347 0.141092296944282 0.09681019336894768 0.10978683682264496 0.1561949726041705 0.12300354092578429
0.07685129210818478 0.12340602198940707 0.11798832602314052 0.14393640809168626 0.09152901506083971 0.1759388137023572 0.09762643331436112 0.1727236897100235
0.10426469115854395 0.07014042537723919 0.22992195865554624 0.14028085075447838 0.09014285871201362 0.08765642072749665 0.15529666831590605 0.12229612629877602
0.08337593067617192 0.1124511133381524 0.12992042083096833 0.13494133600578287 0.09794873941637885 0.1714797877209799 0.10120600200433717 0.1686766700072286
0.06347784114802756 0.10899365394013828 0.062268579890166965 0.08524364823347026 0.12982605370510625 0.28334054165657513 0.09636238495957507 0.17048729646694052
0.07432729235042437 0.10822316774293315 0.09078206636997059 0.12986780129151979 0.10018246028184902 0.23688160938026348 0.09740085096863985 0.16233475161439972
0.0780861953288698 0.10967468912684719 0.09783185919995203 0.13160962695221662 0.09701957284401236 0.2225588026436688 0.09870722021416246 0.16451203369027076
0.11772935418859913 0.07751803893673899 0.1485249551372693 0.0930216467240868 0.14442422975663535 0.1548513093530114 0.14765340749855047 0.11627705840510849
0.08521786899696525 0.1089822565434429 0.10992931804587563 0.13077870785213147 0.10913474816637954 0.19439968469094226 0.09808403088909863 0.16347338481516435
0.07335744210088788 0.12517689696893747 0.0993402023394567 0.14073827106254996 0.09130225165603251 0.20574174848508517 0.09545726211199043 0.16888592527505997
0.11661691812992185 0.07757781481392974 0.14905079836644702 0.09309337777671568 0.14852103921265808 0.15100606316718604 0.14776726631224713 0.11636672222089459
0.08592818122559392 0.10887063271544783 0.10999096132122922 0.13064475925853739 0.10985554410631217 0.19342040285580467 0.09798356944390305 0.16330594907317172
0.07340181858718112 0.1250989882913967 0.09930582255772512 0.14065634072443395 0.09135707550916632 0.20599065349115994 0.09540169196961608 0.16878760886932073
0.09773146514768158 0.07866594733743705 0.21159911682073668 0.139401313831281 0.09381816201285106 0.0979007505631031 0.1554220618387566 0.1254611824481529
0.10680263077412423 0.06678852706465384 0.2648508850952532 0.13357705412930768 0.0897607016828854 0.07389312059578049 0.14787528987859866 0.11645179077939645
0.076799269805903 0.1217144877096775 0.13457424269057125 0.14227607193973163 0.09307756670236365 0.1643267825519092 0.0965002922721658 0.17073128632767795
0.1179830976584606 0.07729983376969281 0.1603718703859782 0.09275980052363136 0.14851864840009874 0.13987921999866068 0.1472377786089387 0.11594975065453919
0.12603338278850154 0.07480135324912478 0.16462570897647436 0.08976162389894973 0.1598499961948145 0.13024713692487702 0.142478768093571 0.11220202987368716
0.10834122414852031 0.13351290100624635 0.10528786746452216 0.1201616109056217 0.14194346692145077 0.22853475483104949 0.09012120817921629 0.07209696654337303
0.07381762414866537 0.12413396435755115 0.0978851951494944 0.13582092916811736 0.09832405317057538 0.2149110974811323 0.09212202152272309 0.16298511500174082
0.1272723155661423 0.10228313298743107 0.17519704204075284 0.11327794009926641 0.12375997942091282 0.1299629941630922 0.1262964496330627 0.10195014608933976
0.1137681575592736 0.06620775071126797 0.2498996433745614 0.13241550142253594 0.09680766856474025 0.07887271999709995 0.14658940328420747 0.1154391550863134
0.10825886611559217 0.13728782030857611 0.12580557361570374 0.12355903827771851 0.12868361749406731 0.20960038251342214 0.09266927870828888 0.07413542296663111
0.08354897314984448 0.10691839634524837 0.10429350320196655 0.12830207561429804 0.10710981051183299 0.2132230899482135 0.09622655671072354 0.16037759451787253
0.07459689242689675 0.12301765706594621 0.0990541993841508 0.13830596314369328 0.09359688682434855 0.2116537225546362 0.09380752282789633 0.16596715577243193
0.13107134824396324 0.10190028771460674 0.17517318207113405 0.11293861258430012 0.12235265979023248 0.12900103349306916 0.12591812477682413 0.10164475132587009
0.08417579287580956 0.12308975766934377 0.11421871990856218 0.13883973638849315 0.09693225255072604 0.18196649660780875 0.09416956033306492 0.16660768366619177
0.08102760857780278 0.11000077654843186 0.10390597504084312 0.13200093185811823 0.1027044077692239 0.20635843648934382 0.09900069889358867 0.16500116482264776
0.07552690292595628 0.12337583215007134 0.09899660170629852 0.13828227240529264 0.09480541658036619 0.20928279301859587 0.09379145432706806 0.16593872688635117
0.10149236769475713 0.0775060200175191 0.21320975960732227 0.13729348766536395 0.09601667158825268 0.09784556156373823 0.1530719929642192 0.12356413889882754
0.11933517144679683 0.08261227017145717 0.18626824818052562 0.09549425435174526 0.1429517977513991 0.11678652998890968 0.14195862288707206 0.1145931052220943
0.10664119521265872 0.07135163428878362 0.245643725664721 0.13109102586870347 0.10244580807330395 0.07868797667876984 0.14615671093122612 0.11798192328183311
0.08088731433113469 0.12055469796670742 0.13325413000044278 0.14009470861208365 0.09766459013434559 0.1644101497360677 0.0950207588847176 0.16811365033450035
0.14251408828669168 0.09206562369197964 0.1913994093815397 0.11047874843037557 0.12830618414919878 0.11661662376941855 0.12230451596687891 0.09631480632391716
0.08664399904505254 0.1207653233222523 0.11972602486808634 0.13728021548669866 0.10160378661726792 0.17613259374649542 0.09311179833010864 0.16473625858403834
0.10360909996837263 0.07639241451428641 0.22338103401388087 0.1355667067028493 0.09674521752087321 0.0911487301919069 0.1511467610552663 0.12201003603256438
0.10393654406317115 0.07078170514537276 0.2636766701608568 0.1309879525109565 0.09259507474196706 0.07409110428843509 0.14604179182937982 0.11788915725986082
0.10251779147636626 0.06931708794571668 0.27881404031687207 0.12892730451619924 0.09043101951749591 0.07021385906784396 0.1437443230949266 0.11603457406457933
0.101648987953457 0.06880942880624735 0.28451000661354003 0.12814460679562872 0.08950038491800016 0.06918476525029277 0.14287167354676814 0.11533014611606586
0.10125052684969016 0.06862175414058096 0.28667091971682734 0.12785030765987898 0.08912824793610051 0.06886941483000182 0.14254355197302923 0.11506527689389108
0.11836976032445846 0.08027290319803976 0.21041301066159507 0.0934884515068668 0.13893242819517054 0.1073604420655705 0.1389768622400587 0.11218614180824017
0.10684551687183806 0.07018223748257718 0.2571098290809039 0.12915261832879651 0.10035848866177512 0.07611842189668315 0.14399553118150896 0.11623735649591689
0.12063871124370207 0.0805883700775051 0.20107299791416616 0.09371741098239109 0.14274390491514227 0.1094604858099232 0.13931722587830078 0.1124608931788693
0.08362238032867686 0.1195526767102128 0.12277069768816269 0.13746069034437783 0.1047746269825473 0.1736318921687564 0.09323420736401279 0.16495282841325337
0.10327267451828609 0.07611429474567906 0.2252826619980167 0.1352000203188504 0.09718019288377365 0.09053220414666567 0.15073793310176306 0.12168001828696538
0.10435034556299072 0.07058694713940145 0.26487763582695373 0.1306418273757829 0.09248100703467721 0.07382870428809417 0.14565588813389524 0.11757764463820461
0.10315570950815443 0.06917198439818244 0.2794435634787793 0.12866540292613762 0.09025909899496314 0.07005305569335656 0.1434523223669027 0.11579886263352387
0.10236837466122058 0.06870024096735901 0.28475725949730984 0.12794579700834358 0.0893557218349909 0.06907137325277038 0.14265001547049652 0.11515121730750923
0.10200662052703237 0.06853398914147679 0.28669525051343114 0.12768834921407074 0.08901163533604955 0.06878166058287145 0.14236298039240428 0.11491951429266369
0.10185897442039252 0.06847443618289602 0.28740287847346924 0.12759575759842545 0.08888411599312272 0.06868790784232927 0.1422597476507818 0.11483618183858292
0.10180178610167508 0.06845291631192656 0.28766153583890086 0.12756223299803598 0.08883735961881312 0.06865578920923268 0.14222237022318338 0.11480600969823239
0.0811925957380948 0.11966943301676262 0.1434688979598193 0.13938033279620704 0.09447218732433073 0.16002392808669222 0.09453622572264478 0.16725639935544842
0.10219608738121254 0.07575390795944636 0.23383409037785644 0.13456885207758787 0.09475029608952458 0.0877505716296804 0.1500342276148629 0.12111196686982909
0.10381310337936575 0.07035199339779563 0.2680911981663515 0.1302423912660388 0.09191441676018368 0.07315819821063414 0.14521054668019545 0.1172181521394349
0.137298989444037 0.09214197506220662 0.23398726366538142 0.10713860949111856 0.12035893122795148 0.09319792840331959 0.11945155416397844 0.0964247485420067
0.1275857000799668 0.08110050267167025 0.19169421412437604 0.09213669067917926 0.1475658116999585 0.1123856729500391 0.13696737897979486 0.1105640288150151
0.10977089323837685 0.07043998794899652 0.24939812897628313 0.12949131890531515 0.10276564811330995 0.07721867875476998 0.14437315704816478 0.11654218701478364
0.1394754685429931 0.09225436546886401 0.2272608203806777 0.10725253918852241 0.1234449628113033 0.09420598106360181 0.11957857727436752 0.09652728526967017
0.08712816026046968 0.12075476336655462 0.1286977382882478 0.13717207550518246 0.1008989582827877 0.167703362478328 0.09303845121221072 0.16460649060621896
0.10401829470150491 0.07602811484967988 0.2275895859408202 0.13488577856047196 0.09636538783390186 0.08932806041714778 0.15038757699204858 0.12139720070442477
0.10457831966391362 0.07048787356744726 0.26567062217923376 0.13046007735710596 0.09239522033164665 0.07354056685275252 0.14545325042650473 0.11741406962139536
0.1033193103877417 0.06911040194893671 0.2796674117416311 0.12855614621960956 0.09035963701958187 0.06995605179224099 0.14333050929260946 0.1157005315976486
0.08162504450838425 0.11978913156952942 0.14168596983606752 0.13943452830693087 0.09500515003051124 0.16056575736338494 0.09457298441687485 0.16732143396831703
0.11674391792951942 0.08633853938694692 0.16595765745789423 0.0958448702298285 0.1441405793403409 0.13348075444100552 0.14247983693867042 0.1150138442757942
0.14236478157089022 0.09404233231655475 0.196821691891232 0.107544130343698 0.13537525585168134 0.10715841106476125 0.11990367965185432 0.09678971730932819
0.11290438088435602 0.07109322425418838 0.2510648756735457 0.1289945906863886 0.0999324635325411 0.07609599119789884 0.14381934215333178 0.11609513161774977
0.10551121904913471 0.06933119050091809 0.2738910155358761 0.12887646363302674 0.0921425781382008 0.0705710765688344 0.143687639304285 0.11598881726972406
0.10320380376419548 0.06878690423165888 0.2825962969333946 0.1280839760370932 0.09001346960304206 0.06923589622154741 0.14280407477568452 0.11527557843338389
0.10240651722233343 0.06855464504590342 0.28582811684759174 0.12771209381778073 0.08934108953274444 0.06882719924408802 0.14238945385355553 0.11494088443600267
0.09350646622393115 0.13739506927065834 0.16425514024394927 0.16000492404358213 0.08159530448912572 0.13784485490214213 0.08139380918738742 0.14400443163922388
0.14593221851129357 0.09151127085065158 0.20210943213933402 0.1098135250207819 0.12323369541446406 0.11009690378954663 0.12156808630709269 0.0957348679668355
0.13037196274628118 0.08129804722520763 0.181623456178644 0.09242857429472554 0.1488978943245785 0.11706449249846468 0.1374012835784278 0.11091428915367064
0.11077019566667425 0.07064999292345486 0.2453964794409384 0.12985313147146196 0.10346119654281931 0.07822463457185472 0.1447765510584807 0.11686781832431577
0.10522563804629688 0.06943988519984504 0.2717944740805253 0.1291414126151187 0.093128286872271 0.07105999418533064 0.14398303764700549 0.11622727135360683
0.12050393260546836 0.0803781530933743 0.20565771200961208 0.09353304972410832 0.14066219753394482 0.10798213487917117 0.13904316048539087 0.11223965966892999
0.10786214213932953 0.07020256306664291 0.25509827343015506 0.1291621044743738 0.1011645567325278 0.07625835860412802 0.14400610752590629 0.1162458940269364
0.12130723211577793 0.08051219901782826 0.2003096446908741 0.09361933356307077 0.14332722301507933 0.10940974011449298 0.13917142720719178 0.11234320027568492
0.10820177808534424 0.07031254592523899 0.2529840830945958 0.1293476635586102 0.10192086987022309 0.07660717020610149 0.14421299205713703 0.11641289720274917
0.08248648896964915 0.11991751219231986 0.13562705388235935 0.13942596068901725 0.09759366183658255 0.16307099626635255 0.09456717333689865 0.16731115282682066
0.07726893206208946 0.1250050985450999 0.10828783436067613 0.13874860795312594 0.0959010458789131 0.19418240017509383 0.09410775148125063 0.16649832954375107
0.10251534453551853 0.07694703486986929 0.21969971713771888 0.13601127263492163 0.096213709377276 0.09456035718030127 0.15164241889296487 0.12241014537142947
0.10453821166188632 0.0707636331451039 0.2627593072016284 0.13086373759168593 0.09277081855658013 0.07462362654643477 0.14590330146416328 0.11777736383251734
0.10341072489044312 0.0691940622161405 0.27858455378592906 0.12867875104180967 0.09065407018514662 0.07019975742315322 0.143467204519749 0.11581087593762872
0.10258721912411022 0.06867668897885809 0.2843539630411836 0.1278919390673135 0.0897203053532256 0.06907717138922964 0.14258996788549727 0.11510274516058214
0.10219948326015654 0.06849574725252137 0.2864577654069438 0.12761231317714583 0.0893522808522313 0.06875312230600586 0.14227820588556409 0.11485108185943126
0.11944618297554092 0.08010461400040268 0.21013917579767508 0.09328992402246761 0.13924300381111285 0.10714745276527607 0.13868173780056378 0.11194790882696112
0.09642587617910042 0.1378131820050305 0.14402520737021512 0.1585085775054818 0.0904562338491031 0.14948057912682516 0.08063262420931032 0.14265771975493363
0.10910079352848683 0.06796495807816781 0.24100579596887398 0.13592991615633562 0.09331601541548946 0.08369951216233136 0.15048000486171464 0.11850300382860028
0.06132431176653393 0.08884168664207921 0.09855833692667253 0.10356935485245777 0.11843646618355615 0.2050527327862239 0.11707840113756095 0.20713870970491555
0.07320488963786104 0.12083871765670197 0.09965027390320279 0.13816420354808517 0.0998196614101692 0.20881383674496787 0.09371137284130994 0.1657970442577022
0.10176386707001539 0.07680026481353762 0.21607500229184082 0.13625649131860204 0.09725398690135625 0.09730372599253921 0.15191581942536672 0.1226308421867418
0.10448733271962043 0.07083786769458233 0.26139220933102736 0.13102209373439871 0.09309305910253216 0.07516769631121485 0.1460798567456654 0.11791988436095882
0.12058180032617459 0.08070065928276332 0.20258951618194782 0.09379264781020902 0.14106064925970224 0.10929447929088004 0.13942907047607192 0.11255117737225083
0.1238071729711149 0.08059649131709436 0.1819514127054079 0.09265058952222152 0.15505392523246997 0.11702837669945439 0.13773132412557107 0.1111807074266658
0.10924910134479975 0.07060402596881392 0.24556232631560132 0.129859218366078 0.10484484886600146 0.07822384511750358 0.14478333749173175 0.1168732965294702
0.12178878979938404 0.08062990306931644 0.1973172158136392 0.09372362773732003 0.14472338719110514 0.11002225560240524 0.13932646750204591 0.11246835328478404
0.10840403627057738 0.0703809364058298 0.2518054521613153 0.1294595053785148 0.1023232932972611 0.0767755343059121 0.1443376873399262 0.11651355484066332
0.10448699764074237 0.0692816598263205 0.27421837268118826 0.12887623743671728 0.09277767612120057 0.0706830554885052 0.1436873871122803 0.11598861369304556
0.10295453112252986 0.0687678835812028 0.28270656752003065 0.12805263994456464 0.09026083894738629 0.069241025563148 0.14276913737102953 0.11524737595010819
0.08153681601986808 0.11968937135314049 0.14234583504232917 0.1393576514770412 0.09508909788119427 0.16023120458259288 0.09452084187138449 0.16722918177244944
0.11589247871001428 0.09286839624007828 0.16518878483079477 0.09494216675408022 0.14339635636588025 0.1326433094016234 0.14113790759263267 0.11393060010489627
0.10783742966587377 0.07663161483073244 0.23877438168242643 0.1302620257061811 0.1028306482363059 0.08119563912721986 0.14523243761569743 0.117235823135563
0.08194731475699463 0.12668485250303638 0.1317926956641301 0.13845106280024339 0.09724252599823358 0.1638343346699484 0.09390593824712161 0.16614127536029205
0.13395017750027058 0.10837863558265885 0.1866752670461147 0.10963025966019985 0.12478519650588767 0.11568367185222683 0.12222955815846161 0.09866723369417986
0.1110825215157115 0.07781765698152557 0.2467447834976889 0.12892999846972691 0.0980320381796051 0.07760867608091924 0.14374732665206863 0.11603699862275421
0.08252207305793412 0.12690130183996237 0.1335978048782133 0.13839550366543837 0.09619907564565469 0.1624413818542348 0.09386825466003645 0.16607460439852603
0.11623912079882152 0.09395486245315224 0.1623826896519513 0.0950083876814516 0.143855549079799 0.13331297566823794 0.14123634944884447 0.11401006521774192
0.10801140891094198 0.07683371957126092 0.2376603057920681 0.13038068343994508 0.10302738076403979 0.081379154292004 0.1453647321337895 0.11734261509595058
0.10455718529026371 0.07374647547393767 0.2684300099517147 0.12891292322842926 0.09306816258228301 0.07153532353549187 0.1437282890322935 0.11602163090558634
0.11993444075325793 0.08478689943650373 0.2041593363652419 0.09308158332853053 0.1402605869583052 0.10770722779792934 0.13837202536599466 0.11169789999423664
0.08307793545893101 0.12653834433132496 0.12273449080667516 0.13614697357968716 0.10405900733273184 0.1717237155061939 0.0923431646888313 0.1633763682956246
0.10262954422098203 0.08280302381875423 0.22400894860694245 0.1339833220492321 0.09682306836013432 0.08978569777012907 0.149381405329517 0.1205849898443089
0.13786512770138737 0.09940341155366464 0.2184759056638083 0.10761572416675345 0.12248027192032346 0.09732190582224616 0.11998350142173854 0.0968541517500781
0.11080868195780909 0.07586665587444046 0.25888839313700635 0.12744072936701975 0.09651817865755222 0.07369380183381888 0.14208690274203545 0.11469665643031779
0.1388872331544973 0.09717260139505164 0.22965212298602392 0.10628925560708666 0.12109549230681431 0.09273837653624716 0.11850458796790109 0.09566033004637797
0.08639299919858415 0.1288708997676029 0.12842251261237425 0.13574883120148074 0.09981798018490237 0.16577505930010042 0.09207312029317824 0.16289859744177684
0.10322386300156892 0.08294228189523901 0.22628508403952807 0.13373475027228834 0.09574566724119744 0.08860281195676145 0.1491042663483573 0.12036127524505952
0.13797695859682688 0.09937383727965253 0.21924074555807638 0.1075558749621872 0.12212406429969405 0.09701145781258892 0.11991677402500574 0.09680028746596848
0.11080765292246307 0.07584396534942138 0.25918101362044316 0.12740725836704933 0.09642053441913062 0.07362345771624383 0.14204958507490423 0.1146665325303444
0.10441118584861203 0.07304849876555239 0.2763685699315037 0.12784711231644258 0.09101601811058697 0.06970622453894791 0.14253998940355614 0.11506240108479833
0.10251610535228221 0.07240308253256068 0.28297330065322135 0.12730564037079165 0.0895260350290387 0.0687644711358834 0.14193628859250948 0.11457507633371249
0.09289717825482952 0.14423920621787584 0.16266478145348415 0.15866574581598586 0.08118954342588017 0.13683179855203406 0.08071257504552325 0.14279917123438726
0.10779335868856868 0.06769705218132822 0.24886170731004265 0.13539410436265645 0.09106939022353766 0.08126166219876847 0.14988683918047435 0.11803588585462357
0.08209078988973857 0.12509995305536667 0.13423760318109226 0.13879406694514285 0.0949031528388257 0.16418296921895695 0.0941385845367056 0.1665528803341714
0.102202470932165 0.08246705753577584 0.22896329632334053 0.13379381694908604 0.0946943978271105 0.08829440389331888 0.14917012128502577 0.12041443525417743
0.10374267533981009 0.07482858948741537 0.26557207633237206 0.12968311362967605 0.09181718005177698 0.07305456903945279 0.14458699385278806 0.11671480226670845
0.10277719740104045 0.07292604410126736 0.2790757550249522 0.1278833411384507 0.09005852317418714 0.06960375029904482 0.14258038183645175 0.11509500702460562
0.08104390308508837 0.12588022858474512 0.14092978598096076 0.13836207437986142 0.094505384902768 0.15939855292701052 0.09384558088373211 0.1660344892558337
0.10174372543744246 0.08239237984855069 0.2316397016875178 0.13350666292732694 0.09441397284928729 0.08729759463511155 0.14884996598016897 0.12015599663459427
0.10354726420543733 0.07475217584933809 0.2665806929950634 0.12956084849549748 0.09167903664832892 0.07282454080794436 0.1444506773524427 0.11660476364594774
0.11976269508389367 0.08500293143576651 0.20367587764974074 0.09317347853717062 0.13993890893643277 0.10812930034668666 0.13850863376570438 0.11180817424460475
0.08304551357716013 0.126582846180523 0.12262179018106671 0.13614914658365082 0.10399543840750108 0.171881650617328 0.09234463855238925 0.16337897590038095
0.08848015773878015 0.15648368158701959 0.12068354378769082 0.15824291107611893 0.08347393543833927 0.16971966955177928 0.08049748085176485 0.14241861996850702
0.10835647738952353 0.06876336911148452 0.23244469341907908 0.13752673822296904 0.09290052209641567 0.08786534211295995 0.15224775253010817 0.11989510511746018
0.08220923655033291 0.12538475007218722 0.13053430862818685 0.13890191247982067 0.09532878991318403 0.16674697543766862 0.09421173194283489 0.16668229497578477
0.10234743907856307 0.08259699046780318 0.2274768329690059 0.13395065034915016 0.09489451763716367 0.08883300536196678 0.14934497882211217 0.12055558531423514
0.10382675071021473 0.07488226190148249 0.26501267546457424 0.12975199815696764 0.09190532252382223 0.07318039794158605 0.14466379496008183 0.11677679834127087
0.08128140434120383 0.12639390970316644 0.1377886044857459 0.13851707121256507 0.09496695124941745 0.16088086438256183 0.09395070917026152 0.16622048545507806
0.10190094381398306 0.08253827635594413 0.2303875891904588 0.13364508841363465 0.09460768197616222 0.08763554061040398 0.1490043000671419 0.12028057957227119
0.13749671048465903 0.09925116325700935 0.22068060236031536 0.10749108116092916 0.12175140374352494 0.09674253217676454 0.11984453377196133 0.09674197304483625
0.11065076342922245 0.07579657278353334 0.259741661240678 0.12735075761007578 0.09631065299955524 0.07354731914051375 0.14198659094735316 0.11461568184906823
0.1043566508100806 0.07302896263958962 0.276577918105242 0.12782165719185695 0.09098299918847608 0.06968071175280413 0.14251160883927932 0.11503949147267127
0.10249623818039814 0.072395120492976 0.2830498619553556 0.1272951388572787 0.08951836877477581 0.06875506657902736 0.1419245801886376 0.11456562497155083
0.11912969574016283 0.08439669738378383 0.20863399120597234 0.09283887625506479 0.13883374052872477 0.10674912238014728 0.13801122500006643 0.11140665150607773
0.1070526054631588 0.07447365251396028 0.2555701365311121 0.12828129698010696 0.10045418530407728 0.07569088302378703 0.1430240729017013 0.11545316728209626
0.10370674350510638 0.07299568971946906 0.2750837926920659 0.12805572609920146 0.09198249330393968 0.07015282298779663 0.14277257820313954 0.11525015348928132
0.08121687116417801 0.1259063929848028 0.14003692176170682 0.1383780840970043 0.09493006770633221 0.1596215217211677 0.09385643964840294 0.16605370091640517
0.07627159542347367 0.13532362666428277 0.10828951089882562 0.13704199633769987 0.09442365492793431 0.19124899653958222 0.09295022360296165 0.16445039560523983
0.07496758572516055 0.1364576460773208 0.10071938880566635 0.13624988963054016 0.09377566458369622 0.2019169890019925 0.09241296861897508 0.1634998675566482
0.07457787241395095 0.1363951811962589 0.09885131073731779 0.13593975705840178 0.09343988957850942 0.20546566271456304 0.09220261783091599 0.16312770847008212
0.07445369711169117 0.13628119855680215 0.09837037634947528 0.1358298010030307 0.09330043867226565 0.2066406881619123 0.09212803894118604 0.16299576120363682
0.10146269022577584 0.08474671324171486 0.2143232635774456 0.13516503970693003 0.09535813663755638 0.09659668854437495 0.15069893232996526 0.12164853573623702
0.08081537448229995 0.12846001872517945 0.126205957485306 0.13866542267732895 0.09567054811360517 0.16973284113973228 0.09405133016375355 0.16639850721279473
0.07609703404052857 0.1356590374304093 0.10509609829579117 0.13687072331413538 0.09445029914904034 0.19474788398006704 0.09283405581306574 0.16424486797696244
0.10167685681033739 0.08451888957549676 0.2171384066373089 0.13495335385438334 0.09543500879551797 0.09435654745618317 0.15046291840182738 0.121458018468945
0.10404289494353858 0.07539179649795985 0.26114808283312 0.13025323403924008 0.0923477012093657 0.07436574427830693 0.14522263556315276 0.11722791063531608
0.10300138052387707 0.07310963879880746 0.2774486347170224 0.12809733097198145 0.09030783451850513 0.06992861806357527 0.142818964531448 0.11528759787478332
0.08109109690794941 0.12593253935268583 0.14056845645005614 0.13838170911994382 0.09457066911586309 0.15953857974995528 0.09385889835961407 0.16605805094393256
0.07624989715767537 0.1353297660735751 0.10840711831738234 0.13704296529303522 0.09434881941137421 0.19121899458786548 0.09295088080744998 0.16445155835164227
0.10119485491789935 0.08853987874214973 0.21770021139373733 0.13406947834124552 0.0949530266790247 0.09340255625328434 0.14947746316553795 0.120662530507121
0.10363213271755535 0.07845649888589148 0.260896548945906 0.12970557890449014 0.09197584265409053 0.07398633592033253 0.1446120409576927 0.11673502101404112
0.13657107293464588 0.1007671182796262 0.23026652365018047 0.10612683866452882 0.11973581947015101 0.09269496700517531 0.11832350519761645 0.09551415479807593
0.109798215236949 0.07870472796690464 0.2628807118406561 0.1263353551318594 0.09531851462502575 0.0724061626194855 0.14085449296044622 0.11370181961867346
0.12088080040977381 0.0880041430036854 0.20185832984443772 0.09258542252307803 0.14044789880054326 0.10748644938633183 0.1376344490044563 0.11110250702769361
0.12299575042480862 0.08894850412971796 0.18068933242054447 0.09163867682339347 0.15384520822828343 0.11568906785070249 0.13622704793447746 0.10996641218807215
0.10844297205594294 0.07820575466672512 0.24386785124947863 0.12864304818453604 0.10409105387059732 0.07754317810835634 0.14342739849828123 0.11577874336608243
0.08171614841153425 0.13067305303816867 0.13253272560176804 0.13766743096970901 0.09712191238834093 0.16171338098650384 0.0933744314403244 0.16520091716365082
0.10172779236317725 0.08714026471561657 0.2274617885757535 0.13307342076493262 0.09483002647886409 0.08763369511261278 0.14836693330060396 0.11976607868843936
0.10340814591962003 0.07797509494424397 0.26455548438199045 0.1292382833408174 0.09164191868497312 0.07277557644461856 0.14409104127700087 0.11631445500673565
0.1024951233869003 0.07558617522474344 0.27833248138376937 0.12748290263057774 0.08983580725262916 0.06939897497021588 0.14213392278364412 0.11473461236751996
0.11892362146298203 0.08744421697594967 0.20689944088505363 0.09259216191355543 0.1386827589866074 0.10670273791853854 0.1376444675610466 0.11111059429626652
0.10680268438324826 0.07747956956620178 0.25445003229500995 0.12785902500057228 0.1002505296845428 0.07553176541255535 0.14255327115735447 0.11507312250051505
0.10344965492954643 0.07563482546787369 0.2742946161210659 0.12766164940312155 0.09175882133594426 0.06997173618391958 0.14233321209571906 0.11489548446280938
0.08085121523740016 0.1300360878735546 0.1394505310558469 0.1376820781078506 0.09449975412833872 0.15887747384661152 0.09338436602097692 0.16521849372942068
0.10132910639430824 0.08687327999786736 0.2302885951307685 0.13281801846139585 0.09409215633651445 0.08698044827185551 0.14808217879203386 0.11953621661525625
0.10322475123600051 0.07786364882361682 0.26563066585813483 0.1291148733360985 0.09140776552668275 0.07260146088553666 0.14395344833144114 0.11620338600248865
0.08083745702991978 0.13068168310430647 0.13750092001642475 0.13778184803712132 0.09445857033938827 0.15994926776833324 0.09345203605996055 0.16533821764454557
0.07566459933254464 0.1423478903699744 0.10704882755752732 0.13586540382723664 0.09367478425330562 0.19020782312303655 0.09215218694369096 0.16303848459268397
0.1010571672842002 0.08966176224778988 0.21706662320150566 0.13405302583372494 0.09481268898686225 0.09324188934811314 0.14945911984745153 0.12064772325035245
0.10362159726269199 0.07864512786466016 0.26065595964190336 0.1297335710692157 0.09196565532480684 0.07397462474203359 0.14464325013239424 0.11676021396229415
0.08091970209613521 0.13091156094274756 0.13638324208005956 0.13782338158349858 0.09459301929048247 0.16050082946763586 0.09348020663924252 0.16538805790019828
0.07567423295222149 0.14239758342198805 0.10679549527230035 0.13585816668035536 0.09369705327090253 0.19040039011565174 0.09214727827015406 0.16302980001642642
0.13175719062139538 0.11690767613145311 0.176778307932149 0.10923294492689899 0.12361914613849677 0.1216085019342133 0.12178658188118437 0.09830965043420907
0.12617937495110024 0.09428595335285189 0.1727667600781871 0.09178294112994198 0.1488049099986717 0.11959902461776122 0.13644150651555553 0.11013952935593035
0.14328997386387238 0.10372979113648603 0.19697600578885785 0.10552907983893312 0.13520738444900737 0.1026345443518587 0.11765704871594483 0.09497617185503979
0.08662593093007181 0.13497064369183429 0.12034541344459437 0.1346133880749431 0.10220764028515082 0.1683979242326429 0.09130299365083099 0.16153606568993173
0.10307657809196823 0.0879903036962267 0.22214874894144593 0.13324136875756845 0.09609510969478266 0.08897647615723586 0.14855418277896063 0.11991723188181161
0.10387383571227554 0.07822387200736475 0.26249998147222114 0.12943958282494195 0.09204183880133872 0.07310978945995991 0.1443154751794502 0.11649562454244775
0.11960416395108643 0.08815789048918667 0.2020950435070037 0.09288587509155102 0.13975920382751805 0.10795368109665154 0.13808109192714152 0.11146305010986121
0.10712051844448511 0.0777089859791478 0.2525838895142173 0.12806479972406865 0.10062421402567041 0.07585657794301871 0.14278269461773024 0.11525831975166177
0.08146738930349999 0.13051751599018854 0.13448617762200507 0.1376267936344795 0.09636097968134053 0.16104212268111628 0.0933468687259948 0.1651521523613754
0.10161206604958414 0.08706713790412328 0.22825769196254114 0.13299755792543133 0.09461535652927598 0.08747003560018982 0.14828235189596597 0.11969780213288819
0.11967907916241775 0.09025401510603152 0.19168046448141815 0.09350564118012723 0.1413830329046783 0.11228858190528346 0.13900241584389064 0.11220676941615267
0.10749803103252335 0.07830253707772122 0.24855165616412664 0.12852756122798342 0.10129994664113855 0.07684682359116715 0.14329863916015464 0.11567480510518506
0.13780098567571306 0.10076866281516904 0.22574064537461308 0.1061397427662787 0.12232860155421578 0.09335770101628453 0.1183378923080749 0.09552576848965083
0.11020957710923128 0.07879606451402739 0.2610910003559397 0.12648194175790117 0.09596844866786718 0.07260129390373989 0.14101792610918235 0.11383374758211107
0.10396028023930774 0.07563227302665114 0.27668957543469325 0.12729114873247385 0.09064337041225926 0.06930118679813779 0.14192013149725066 0.11456203385922646
0.1193031386738752 0.08744456156758909 0.20634917884110404 0.09258097759368361 0.13892871663784678 0.10666841225510958 0.13762784131837147 0.11109717311242033
0.12254199160625434 0.08882426426083811 0.18213428970841325 0.09161242499515479 0.1533179023363584 0.11544619427017715 0.13618802282861817 0.10993490999418573
0.10829415846776755 0.07815524399191116 0.24444811131295247 0.12859085878977988 0.10393931626216184 0.07747132704676622 0.1433692112178591 0.1157317729108019
0.10410202365893297 0.07597056389232745 0.2705000852065995 0.12807091341478014 0.09279518723653433 0.07050789359089539 0.14278951092662803 0.11526382207330213
0.1024112090422101 0.07509622765034944 0.28045702679994183 0.12714167261661807 0.08985735263820353 0.06885552911471515 0.14175347678300554 0.11442750535495627
0.10171205872228445 0.07472616138793543 0.28416972466363133 0.12671845791071373 0.08897886636036884 0.06836649486631469 0.14128162396910915 0.11404661211964233
0.08050921429179221 0.12973867860603977 0.14165147997894798 0.1375974912593219 0.09386323406002862 0.1581959182211432 0.09332699407154009 0.16511698951118628
0.07562011066315501 0.1421316973224449 0.10798380344863728 0.13588295811344112 0.09356604612615928 0.1895917412609165 0.09216409332911658 0.16305954973612935
0.07427037821473924 0.14438510994160267 0.09992112688008102 0.13497049398091598 0.09289501449250909 0.20004807909990982 0.09154520461314303 0.16196459277709918
0.1009161944265445 0.09016219455261658 0.2140843380307224 0.13428860191683192 0.09482775785473681 0.09513940189358808 0.1497217695998111 0.12085974172514873
0.10369212037916872 0.07880137075850979 0.25952907024000116 0.12987084580917074 0.09206048376919129 0.07436604659264412 0.1447963012230605 0.11688376122825367
0.1027360137588613 0.07584584360272628 0.2764788936864011 0.12772369232665368 0.09007744037357741 0.06978440783240347 0.1424023853253885 0.1149513230939883
0.11902489434874991 0.08751951497984557 0.20633800671778907 0.09262719092544057 0.13880412761497302 0.10683709576276447 0.13769654053990868 0.11115262911052869
0.10684473877221352 0.07750502772738298 0.2542319372378109 0.1278829440464017 0.1002931427874965 0.075567620678482 0.14257993910845082 0.11509464964176153
0.10346649391308109 0.07564416394456214 0.2742128353556201 0.12767141458921927 0.09177403098575494 0.06998268853199226 0.14234409954947283 0.11490427313029734
0.10214626664436789 0.07495565206003903 0.28183932053625027 0.12697856901016388 0.08954200846914859 0.06868584273716291 0.14157162843372 0.1142807121091475
0.13546698691239845 0.09955440056210044 0.2372194737028844 0.10554048191487238 0.11849184413930042 0.09107061786534267 0.11766976117971592 0.09498643372338514
0.10930565837843775 0.07834232829633483 0.26554022917427905 0.12603511779619356 0.09485202131667357 0.07197328828455703 0.1405197507369501 0.11343160601657419
0.08181540934760531 0.13058973158572654 0.13737784287782018 0.1374805716333903 0.09506043074371166 0.15945163578729107 0.09324769206438649 0.16497668596006837
0.07583277244145563 0.1423188370233594 0.10701926856575952 0.13585011865039037 0.09379772062522951 0.1900193207069854 0.09214181960635173 0.1630201423804684
0.11410326545912228 0.10119155732769734 0.15311020720448867 0.0945614445452796 0.14272005404457036 0.14026779950615026 0.14057193845835592 0.11347373345433551
0.1075307903323021 0.08101649922144785 0.2334392673888159 0.13020852354228926 0.10284482800104348 0.08259963363038425 0.14517278669565684 0.11718767118806034
0.10434868500087469 0.07672833923183281 0.26645383437651005 0.12864894276253275 0.09294652594825 0.07165565368086674 0.14343397051285367 0.11578404848627949
0.08103845830403673 0.13037632562551435 0.13770043596600995 0.13776206037737207 0.09478809778357132 0.15958153462599678 0.09343861486465235 0.16531447245284647
0.11527336123296632 0.098845581675289 0.16307777627203618 0.09439545292861246 0.14275092205164477 0.13205718155362692 0.14032518077148956 0.11327454351433494
0.10746529631126032 0.08039063586780633 0.23738808693840552 0.1297843493296183 0.10252753400231196 0.08093831905062032 0.1446998641033207 0.11680591439665647
0.10419505922008691 0.07652782378645602 0.2679315420520861 0.12846288242903778 0.09275725135480754 0.07128231984528532 0.14322652712610628 0.11561659418613401
0.08100680079133654 0.13031494675441727 0.13803142617096245 0.13774832201292508 0.09474214005181998 0.15942908113339255 0.09342929666963613 0.16529798641551008
0.11526065489268009 0.09883106448111155 0.16318298698761546 0.09439167729731063 0.1427309771307437 0.1320130584117934 0.14031956804197224 0.11327001275677276
0.10745887960856217 0.08038576366937888 0.23743003050697017 0.12978000806190956 0.10252006933980047 0.08092821764385943 0.14469502391380068 0.11680200725571861
0.10419218180069621 0.0765260160482774 0.267947373652309 0.12846099534743333 0.09275445541890208 0.07127965874874768 0.1432244231709443 0.11561489581269
