0.125 0.125 0.125 0.125 0.125 0.125 0.125 0.125
0.11301829483647666 0.08900190718372537 0.135621953803772 0.10680228862047045 0.14127286854559584 0.11125238397965673 0.169527442254715 0.13350286077558807
0.07200085852711487 0.10892008702733394 0.05881684699476032 0.09802807832460053 0.13070410443280073 0.21784017405466788 0.11763369398952064 0.19605615664920106
0.06430745814307458 0.11377473363774734 0.05606291222729579 0.09918822932521563 0.12861491628614916 0.2275494672754947 0.11212582445459159 0.19837645865043127
0.09567579728864391 0.07723227010047158 0.19135159457728781 0.15446454020094316 0.0861082175597795 0.08393305897246617 0.172216435119559 0.13901808618084885
0.1067923729539585 0.07738386060561242 0.19653043963330138 0.15476772121122484 0.08566711471195189 0.07259855578872296 0.17133422942390378 0.13492570567132423
0.10149790334560044 0.15391561737558734 0.09826690759398682 0.13852405563802858 0.11543671303169051 0.20535132790376764 0.10389304172852146 0.08311443338281715
0.0613589316692547 0.1085581098763737 0.058328006534218414 0.09464040348196681 0.1227178633385094 0.25813107419960696 0.1069848039361364 0.18928080696393362
0.09328492392032124 0.07530228798387378 0.19682322702831262 0.15060457596774757 0.08395643152828912 0.0965715721439046 0.16791286305657824 0.1355441183709728
0.10256236555540137 0.07427787312436906 0.22341891438042843 0.14855574624873813 0.08222865889226041 0.0749889862589715 0.16445731778452083 0.12951013775531017
0.06840585144065862 0.10383802134890764 0.07697830702306831 0.09345421921401688 0.12460562561868917 0.2336644738698055 0.11214506305682025 0.18690843842803376
0.06808912461271509 0.1204653743148036 0.09593977718508899 0.1505817178935045 0.08170694953525809 0.20038530806735172 0.10213368691907264 0.1806980614722054
0.09941672974898168 0.07348107016599438 0.2166901191658063 0.14696214033198876 0.08134656526312767 0.0912894045084195 0.16269313052625534 0.12812084028942608
0.0966389342226868 0.14685730521024257 0.11620183494191391 0.1321715746892183 0.11014297890768193 0.2195557461978118 0.09912868101691374 0.07930294481353099
0.05756898766986388 0.10185282433898996 0.05999497810593542 0.08879476993655534 0.11513797533972776 0.298684228285798 0.10037669645001908 0.17758953987311069
0.11940257835243849 0.09638521385076361 0.16458471454959503 0.12048151731345452 0.10746232051719465 0.1489223891879513 0.1343279006464933 0.10843336558210905
0.08881093065235124 0.07169075124948834 0.24000644156936116 0.1433815024989767 0.07992983758711611 0.08727750901939518 0.15985967517423222 0.12904335224907904
0.0961456105346405 0.06965562814918451 0.26866444518683197 0.13931125629836902 0.0771116436979169 0.07343728991300406 0.1542232873958338 0.12145083882421916
0.07580349868692556 0.11534056715037967 0.1372335588822427 0.1384086805804556 0.08650542536278474 0.16989090817630048 0.10380651043534171 0.1730108507255695
0.09192502041367515 0.14260043437870185 0.10239939731745136 0.12834039094083166 0.10695032578402638 0.254524903395191 0.09625529320562375 0.077004234564499
0.05575132309121639 0.09863695623830593 0.06060251209836461 0.08599119261801029 0.11150264618243277 0.31832554940224655 0.09720743513340295 0.17198238523602058
0.10082167594088348 0.08138617214505053 0.14464953333729946 0.10173271518131316 0.12098601112906018 0.17711212013749217 0.15123251391132525 0.12207925821757577
0.07235061129262385 0.1164003573262189 0.11104473031497673 0.14550044665777365 0.07894980757778326 0.20246625136906626 0.09868725947222907 0.17460053598932834
0.07296570258724419 0.11352236098134666 0.10362070851224713 0.136226833177616 0.08514177073600998 0.2160689576503041 0.10217012488321199 0.17028354147201996
0.07219386383846563 0.11216128634303468 0.1011924463873062 0.13459354361164158 0.09126382558661647 0.21940794700965233 0.1009451577087312 0.16824192951455197
0.06003507290379357 0.09915038473332385 0.060806955057114385 0.0864387969470003 0.11208304361158349 0.3108947302174442 0.09771342263573946 0.1728775938940006
0.09415653725495113 0.07168502581609928 0.20416023932851451 0.14337005163219857 0.07992345415615845 0.11782473703078247 0.1598469083123169 0.1290330464689787
0.09585531409594762 0.06900061058609397 0.26269684926264664 0.13800122117218794 0.082480864972151 0.07888335833214584 0.15277302465948356 0.12030875691934334
0.0537972175743815 0.08687423607520982 0.10265330208979233 0.10859279509401228 0.09820565817197631 0.2099341280916328 0.1227570727149704 0.21718559018802455
0.09507677417163347 0.07106364985607296 0.2278591858568057 0.1421272997121459 0.08636853815155601 0.09625793800658716 0.1573407632140972 0.12390585103110156
0.09361540359711742 0.14242699318652477 0.12304997224111677 0.12818429386787228 0.11608511065739636 0.22358942972834475 0.09613822040090421 0.07691057632072337
0.07074581960924856 0.11444650614934115 0.10640818490597632 0.14305813268667647 0.07762458677955314 0.21901627717075095 0.09703073347444142 0.17166975922401173
0.13003655753756627 0.09563018550027609 0.18642402485858733 0.11475622260033132 0.11409431450292909 0.13197495292346362 0.12703985570732648 0.10004388636951961
0.08783988775363018 0.15064829604142005 0.10033530275542743 0.11979869638069467 0.09320399856523612 0.22316061486680858 0.08125476797994942 0.1437584356568336
0.094922943937897 0.08109509467535739 0.21976901061291876 0.1407446315575005 0.07845988042794991 0.10141850953072613 0.15691976085589981 0.12667016840175047
0.11581505993376633 0.07810328583890813 0.18836930959379752 0.09372394300668976 0.13381124814809184 0.12425406121770197 0.14876816350268215 0.11715492875836218
0.06410437973030395 0.10957419764319497 0.07486002130346658 0.08859071233345568 0.114873378908087 0.27066986277676097 0.10014602263781947 0.17718142466691136
0.06753719629854901 0.12465028757683147 0.09502053935624469 0.14026528063562313 0.0761091609709816 0.23296274718529536 0.09513645121372699 0.16831833676274774
0.09280271506723124 0.08565255790118903 0.21776175049834115 0.14017148007671998 0.07814036986366404 0.10303605479647839 0.1562807397273281 0.126154332069048
0.10355457575774805 0.06750203239425787 0.270896298336914 0.13500406478851573 0.08066153817014399 0.07523058985980212 0.14945504933852777 0.11769585135409064
0.07191342141462492 0.1289165808387112 0.1406692242548157 0.14387643062114708 0.07806860235443111 0.16631827082785464 0.09758575294303888 0.17265171674537647
0.11604186514864831 0.07879831966330647 0.1650738919192247 0.09455798359596777 0.13490429568841703 0.14233412703555895 0.1500920374539171 0.1181974794949597
0.06328005835187242 0.11414466187862493 0.07115711622553604 0.08737449365401255 0.11329633831863008 0.27722717752398035 0.09877116673931854 0.1747489873080251
0.12173156666223646 0.11113686562283896 0.1704752072632255 0.11535369820319949 0.10288861200930151 0.1459849568446916 0.12861076501162685 0.10381832838287952
0.0952801214165193 0.081969760053641 0.2478913690738805 0.13683198040818004 0.07627872340664961 0.08604181646046835 0.15255744681329922 0.12314878236736203
0.0816989745724044 0.11193871199057845 0.135037590713565 0.13432645438869412 0.09547196835269187 0.17287339120467787 0.1007448407915206 0.16790806798586763
0.06828368165899826 0.09446263410435908 0.06967298696753545 0.08501637069392318 0.13270894836665967 0.2778029919879702 0.1020196448327078 0.17003274138784635
0.06720018646372922 0.1298672554520006 0.09340171327631092 0.13893505312873883 0.07538736795855046 0.23425215001799524 0.09423420994818808 0.1667220637544866
0.13927546073873776 0.09389708408844256 0.17921433788337637 0.1126765009061311 0.11793264714019377 0.13403565528072148 0.12473751830064166 0.09823079566175531
0.0645091621879332 0.11665258322430601 0.07318843201372069 0.08714808396585398 0.1130027584928081 0.2726875868309654 0.09851522535270449 0.17429616793170796
0.0928900797701088 0.08502135665732344 0.20907115010585461 0.14067071792047908 0.07841867633328199 0.110487020417957 0.15683735266656398 0.12660364612843117
0.1050529713342221 0.06705547688959151 0.26757279379090415 0.13411095377918303 0.08468462666479959 0.07613959704704332 0.14846633873804552 0.11691724175621086
0.0720078029840371 0.12881649486962327 0.14035635785944228 0.14386741567957675 0.07806371076874426 0.16666768056215392 0.09757963846093033 0.1726408988154921
0.07888517575549138 0.11148958028610523 0.11078529930140464 0.13378749634332626 0.09521138769928866 0.20226606792773122 0.10034062225749471 0.16723437042915784
0.10703903737190969 0.0958064959003165 0.16099242470320588 0.10000831815321419 0.11893526552907624 0.14853939464707525 0.14866908191134529 0.12000998178385702
0.07076775266119943 0.1322036479236713 0.11486076713322803 0.14098949018864643 0.08585700372393769 0.19050629592803348 0.09562765421490803 0.1691873882263757
0.1045532081997323 0.06948226197712162 0.23145612902202273 0.13896452395424325 0.08867168760525922 0.09188418945915029 0.1538394404377459 0.1211485593447249
0.07638100600805346 0.12794003690150546 0.13152282985631328 0.14210524577711972 0.0841699835534496 0.17097017540044668 0.09638442757056817 0.17052629493254365
0.10523093620746007 0.06907127407663746 0.23810658890156283 0.13814254815327492 0.08792365135195598 0.08816355681532664 0.1529294794370809 0.12043196505670122
0.07646205548339761 0.12785375677334773 0.13302888706094618 0.14208775496685358 0.08410686151721514 0.16958281399962785 0.09637256423838764 0.17050530596022426
0.10519444840554171 0.06903430283885086 0.23872701029577975 0.1380686056777017 0.08786882023007314 0.08789168808929915 0.15284762207706498 0.12036750238568868
0.11351645396261169 0.08656723953832568 0.1981165535394126 0.09611825230866747 0.1326110221269275 0.11484233799330666 0.14288623776034748 0.11534190277040098
0.09859043267066289 0.07629422395715992 0.25430936437529694 0.13144663993012987 0.09607780605507513 0.07842636300320473 0.14655319407135375 0.11830197593711689
0.12737957559508992 0.09925313041021737 0.231071741908193 0.10879066052763335 0.11870401579329393 0.09559581350840075 0.12129346778230166 0.09791159447487001
0.10393134114546798 0.07641699144803618 0.265579022231217 0.12873800972467264 0.09205539034744917 0.07388176282210034 0.1435332735288514 0.11586420875220536
0.09940220218986955 0.0736712181606212 0.2802075261877587 0.12903472318447387 0.0874588837224715 0.0702301087950443 0.14386408689373428 0.11613125086602649
0.0981528682005501 0.07304129320196698 0.2857244779758955 0.1284960656141915 0.08633035299606756 0.06934495905736035 0.1432635239011956 0.11564645905277234
0.09773889406948003 0.07282751115433692 0.2877492727418131 0.1282396838613809 0.08598045009684022 0.06907079522112759 0.1429776773797784 0.11541571547524279
0.09759261334113876 0.07274882452421626 0.28848722013239936 0.12814063345890508 0.08586038811377358 0.06897650674371343 0.14286724357283895 0.11532657011301457
0.13059600864408258 0.09736445810150576 0.2416341539919541 0.10719893190937797 0.11490110240853085 0.09230749706744401 0.11951880915866471 0.09647903871844019
0.10413010316671 0.07587477606812933 0.269494709898007 0.12816881215646442 0.09104097397011983 0.07304003308202173 0.14289866071772972 0.11535193094081797
0.09929624557295194 0.07349630897729946 0.2816439465722295 0.1288301972946861 0.08716076703500152 0.06998930119286689 0.143636055789747 0.11594717756521747
0.07780044521648581 0.12687924814531165 0.1419130990461738 0.1395410398324425 0.0912041318538276 0.16056756109004042 0.09464522701678708 0.167449247798931
0.10000520974196968 0.0829380734475032 0.23308222357850744 0.13442299489975837 0.0908534112819009 0.0878457838941311 0.149871607746447 0.12098069540978254
0.10178086494803523 0.07525192499002767 0.2681122643498737 0.13047817351659113 0.08818086947422896 0.07329212026244042 0.14547342629387103 0.11743035616493203
0.13469764101483883 0.09795786173152833 0.2344177966259526 0.107410806368774 0.11565189194658994 0.09343924321105516 0.11975503336936445 0.0966697257318966
0.10890799474671928 0.07578080239011285 0.2659999486860728 0.1277695266497358 0.09100261004289029 0.07309305632455358 0.1424534871751532 0.11499257398476222
0.13770214924816462 0.09769587136617096 0.2330918706550939 0.10697593520085523 0.11590144047784852 0.09308420690088978 0.11927018447020726 0.09627834168076972
0.11016892505960038 0.07569579029386095 0.26530162228857634 0.12765008299861272 0.09098959737452204 0.07298859086821996 0.14232031641785628 0.11488507469875145
0.10402438927812638 0.07322317622271046 0.2793266241094701 0.12828873579944816 0.08688245673881273 0.06976238900179767 0.14303236663013102 0.11545986221950336
0.10229880244930026 0.07267463618514393 0.28469612086368773 0.12784686051139352 0.085890654003227 0.06899104286727539 0.14253970865971782 0.11506217446025416
0.08088203108166017 0.12628829653244267 0.14243683544431734 0.13896655588496074 0.09070629050499923 0.15970454645465001 0.09425557703501686 0.1667598670619529
0.10188425010559425 0.0827085809236437 0.23294959217194533 0.1341006676617688 0.09059181378193941 0.08756225752915636 0.14951223693036017 0.12069060089559196
0.08105000160861837 0.12857256126333486 0.13075170357012042 0.139326787836866 0.09165409296029861 0.1669527990845611 0.09449990827196131 0.1671921454042392
0.102379717265816 0.08329559676513769 0.22828986944943278 0.13460649584669637 0.0910903340851296 0.0891159427175785 0.15007619760818236 0.12114584626202672
0.1040867538502088 0.07525528300373205 0.26595626478858825 0.13036516614868324 0.08818386015051945 0.07347659101241391 0.14534743151203935 0.11732864953381489
0.12046749253714054 0.085601937986522 0.20432252911412974 0.09382780320334495 0.13477174694421387 0.10893379504148343 0.1394813313291516 0.11259336384401394
0.14192681320224143 0.09880411297845249 0.209567265748482 0.10624307983011962 0.12873700642976252 0.1006498445412979 0.11845310542253634 0.09561877184710765
0.12881617969805723 0.08744005624404241 0.18360319978438094 0.09192421032684338 0.1470574710430379 0.11419831784644689 0.1366515126649791 0.11030905239221206
0.11002917987757732 0.07539442490490213 0.2456965584957085 0.12924433579053332 0.10172045136643544 0.07749735804660468 0.1440977893067588 0.11631990221147996
0.10474488918790316 0.07340986198708364 0.27150242481866976 0.12862863214445558 0.0918037524029503 0.07073334483951216 0.1434113256894154 0.11576576893001003
0.13703816442744043 0.09683133139117546 0.23438187781725203 0.10637576531480916 0.11890717212214677 0.09212646030778454 0.11860103983606336 0.09573818878332824
0.12715860050711475 0.08686850334007838 0.19132558299417912 0.09158024463597864 0.14539294221806415 0.11163764817807527 0.1361401845633354 0.10989629356317435
0.10942445373873327 0.07514105502712548 0.24872403670220733 0.12891908554362302 0.1011475539951208 0.07688147845006914 0.1437351595538603 0.11602717698926074
0.09453548654336111 0.14529058369002187 0.15409589476078125 0.15916877827368495 0.08283595833551706 0.13985293248066036 0.08096846546965712 0.14325190044631644
0.08358536364163782 0.1116315271985854 0.11414062949137095 0.1339578326383025 0.09610589689658977 0.1926630848569086 0.10046837447872686 0.16744729079787807
0.08987462580375881 0.15518486818363594 0.08384948739090758 0.11203282541199093 0.11004453449393213 0.23858678663760013 0.07598748158378515 0.13443939049438913
0.10449710236694586 0.08663718020764914 0.20609940921338724 0.13377471736766422 0.09751155210973765 0.10193396642663587 0.14914882667708235 0.12039724563089779
0.10502604916244782 0.07589612726445985 0.2568919370782281 0.13068452702087655 0.09230625339783177 0.07587553670573313 0.145703495051634 0.1176160743187889
0.1034327256919896 0.07333417766022855 0.27598215529220427 0.1284130004566884 0.08976691613740674 0.07032841190099084 0.143170912449472 0.11557170041101959
0.10240662965650973 0.07253399546725948 0.28300561405838537 0.1275044842527845 0.08868448062878344 0.06895277542693581 0.1421579846818358 0.11475403582750601
0.10193230986607721 0.0722581921143547 0.28557978439322423 0.12717095050309274 0.08825979383319076 0.06855899439576899 0.14178611944150787 0.11445385545278347
0.0928040087383255 0.1442680650713945 0.16335266546254726 0.15875538230187922 0.08036378636276485 0.13681807525522396 0.08075817273617335 0.1428798440716913
0.10667816587255258 0.07742169369544753 0.24855915306657553 0.13460646833408438 0.08540964512157807 0.08096075138623 0.14901489371945847 0.11734922880407354
0.09767697784629047 0.1516525518669902 0.11158445468152774 0.11550295667875682 0.11092562235632787 0.19571275272131153 0.07834113583428723 0.13860354801450817
0.10551969750543916 0.08549211146187288 0.21767372246766975 0.132765228104648 0.09739576688972452 0.09364144679262364 0.14802332148383887 0.1194887052941832
0.08150516901981719 0.12853923459984562 0.12693810397061023 0.13854883317547842 0.09570037179677292 0.16853743556005524 0.09397225206684624 0.16625859981057411
0.08828778402865416 0.15716182919342533 0.12192493550482603 0.15855171854273833 0.08192166870831157 0.16880094746618715 0.08065456986739299 0.1426965466884645
0.10717005184562994 0.0794671380420729 0.23213854548745616 0.1366206647418536 0.08687101340500845 0.08738269963431082 0.15124469194051354 0.11910519490315444
0.09762406266808543 0.15193509879469264 0.10832315358565096 0.11535507305588255 0.11178236756077826 0.19831332450820896 0.07824083215964206 0.13842608766705902
0.11883469641752781 0.0963308881908665 0.15213685153448736 0.09344894565634054 0.14687929620233334 0.14131245307096243 0.13891813413987342 0.11213873478760865
0.10885297748192962 0.07728156541201024 0.23337606627061866 0.13060735307363086 0.10379340690532401 0.08292456123051392 0.14561745185970487 0.11754661776626778
0.10488987488240863 0.07390341698066293 0.26681011976963626 0.12909939653799968 0.09328135694437047 0.07189018514417657 0.1439361928565459 0.11618945688419971
0.10296260625352731 0.07275736320665353 0.27947172610284476 0.12777239603156781 0.0902252430327389 0.06935882262249385 0.1424566863217629 0.11499515642841103
0.08107996411766849 0.1258498577820467 0.14102538223283534 0.1383668567986685 0.094477600789868 0.15931128550923984 0.09384882461127082 0.1660402281584022
0.07625168542076442 0.13532034262715967 0.10851336621541902 0.13705130894664272 0.0943014633526585 0.19114372272018332 0.09295653998120114 0.16446157073597123
0.10161797116925811 0.08439673674545556 0.21855515727818825 0.1348315750348409 0.09527996810508992 0.09364303002980143 0.15032714410600917 0.12134841753135678
0.10398391172400628 0.0753436744077726 0.26168936097470946 0.1301941315038405 0.0922431447379265 0.0742143176514691 0.1451567406468192 0.11717471835345644
0.10297233964510097 0.07309288759863976 0.2776543884970651 0.12807787614766883 0.09024199251768432 0.06989315320674724 0.14279727385419194 0.11527008853290192
0.08108721998063971 0.12593196719837568 0.14061656076860984 0.138385427563009 0.0945264155046223 0.15952847547509197 0.09386142043404089 0.1660625130756108
0.1017669565352233 0.0824095801907341 0.23152093147365027 0.13352616327609823 0.09440075819300253 0.08733035596900418 0.14887170741379907 0.12017354694848842
0.1035594760398903 0.07475998097605702 0.2665415058026537 0.12957204423305219 0.09165377101880791 0.07283522235547872 0.14446315976431337 0.11661483980974696
0.10270554653681613 0.07289611881693477 0.2794398910771766 0.12784406184283614 0.08997099581303107 0.06954714190152042 0.14253658835313227 0.11505965565855254
0.11927196165161065 0.08453505546783922 0.20755976928112746 0.09292188687760228 0.13903531145245235 0.10703512515043655 0.13813462586580877 0.11150626425312274
0.14110242277474358 0.09815594936861681 0.21005692853942914 0.10565043518483161 0.13235761501638335 0.09979890657939465 0.11779235087025255 0.09508539166634844
0.11168014210457358 0.07577480504411738 0.25532850472873236 0.12749690455676616 0.0986423768263209 0.0741805187519758 0.14214953388642435 0.11474721410108955
0.10471807604539562 0.07311701027878319 0.2748925145297017 0.12798375689962374 0.09153962802918267 0.06987129509120542 0.14269233791644617 0.11518538120966137
0.09341437349159018 0.14452100990679367 0.16065957646026918 0.15880451851675206 0.0815977332441658 0.13729555360030887 0.08078316811504345 0.14292406666507684
0.10690895700079542 0.07750691546771796 0.24749332861107004 0.13472809459518062 0.08565164770755013 0.08110625567272528 0.1491495389901877 0.11745526195477285
0.09765794224910193 0.15154928846724244 0.11132579762047982 0.11539401424313901 0.11170284626856103 0.1956300496165363 0.07826724444317253 0.1384728170917668
0.10548108305973641 0.08545038167388146 0.21748073391515715 0.13269792184362553 0.09790778690581109 0.09360568291687141 0.1479482800256541 0.11942812965926299
0.0814740617693085 0.12848279799891899 0.1268674042469013 0.13848529778150515 0.09610986950494985 0.16846905286532826 0.09392915849528174 0.16618235733780615
0.1022853406877786 0.08307329060403375 0.22599370641591057 0.1340966374119426 0.0951314771928951 0.08922483051412225 0.14950774350256882 0.12068697367074833
0.10386845243542404 0.07498219765421928 0.2644634591077857 0.12982981143579755 0.09197312236121745 0.0732855757543221 0.1447505509590161 0.11684683029221782
0.08129363606738381 0.1264240851851747 0.1376692299785333 0.13852988928586712 0.09495616650198814 0.1609317226702068 0.09395940316780553 0.16623586714304053
0.11589285443627242 0.09387312238070582 0.16371803778573268 0.09499593883822355 0.14340724400502383 0.13289983254090387 0.14121784340726964 0.11399512660586826
0.08213249706190782 0.12813155917275906 0.11333136258222896 0.13591189752712218 0.10439913726488091 0.18081554755754986 0.0921837218010046 0.1630942770325466
0.11606399210128941 0.0940721499647064 0.15552922425246218 0.09490743491128383 0.14641101927288536 0.1380409812282519 0.14108627637558016 0.11388892189354059
0.12277683499722408 0.08738595674480767 0.16662433010463215 0.09266045297739686 0.15700691560322846 0.12460697918567444 0.1377459868141601 0.11119254357287622
0.10914878314666163 0.07570923123353897 0.2388438331632766 0.12977514248254415 0.10542702180998341 0.07960876077379425 0.14468959915591115 0.11679762823428973
0.1047325554209726 0.0735444409228595 0.2687889755311644 0.12878475606773668 0.09347701329932577 0.0711805860841434 0.14358539221283473 0.11590628046096298
0.08142874308569666 0.12607535715065968 0.13864395199284973 0.13845293501432926 0.09527182704966114 0.160076455592933 0.09390720809667549 0.1661435220171951
0.10190433244171725 0.08247337309141667 0.23072097308652315 0.13360206986087056 0.09462894288463108 0.08747210816890823 0.1489563375911497 0.1202418628747835
0.10361569079409136 0.07478573249009675 0.26623522819632783 0.12960430768482253 0.09173993755968661 0.0728760952533176 0.14449913110531706 0.11664387691634029
0.10272701105266004 0.07290520456815994 0.2793230507461355 0.1278547006787828 0.09001277103744401 0.06955958144464335 0.14254844986126977 0.11506923061090452
0.10206254467322126 0.07233500306312197 0.2841121414451161 0.12721615002210582 0.0892511347435233 0.0686919775009074 0.141836513532109 0.11449453501989522
0.10174681250604586 0.07214367779698377 0.28586566214771747 0.12698788883801695 0.08894999663038825 0.06843484278036578 0.14158201934626666 0.11428909995421525
0.1016158606570627 0.0720764907729276 0.2865087391591068 0.12690575303991494 0.08883614118496484 0.06835139338917946 0.1414904440609201 0.11421517773592348
0.1188367377536617 0.0843056218264599 0.20969299403657268 0.09278281939727004 0.13852560296697036 0.10658894802639958 0.13792789271594175 0.11133938327672403
0.10695200268666014 0.0744390830160172 0.2559846034920748 0.1282396852389213 0.10035056190221193 0.07564066803345236 0.14297767891563312 0.11541571671502915
0.12057588812636628 0.08488286870644712 0.20007630755474348 0.09307318573388251 0.14258143390231012 0.10876295131805865 0.13835954177753285 0.11168782288065902
0.1416395558546819 0.09831065607399665 0.20740169963648422 0.10575917395077888 0.13351133850706443 0.10028073294184255 0.11791358647945048 0.09518325655570098
0.1118854583157535 0.07584925447186704 0.2542792933248723 0.12759180358857405 0.0989905764244022 0.07431565141994143 0.14225533922487285 0.11483262322971663
0.10479617429459641 0.07314835295099582 0.274493038174762 0.1280239703078004 0.0916648976658535 0.06991482046340922 0.14273717286556253 0.11522157327702036
0.1368601409925982 0.09659485719113216 0.23518828245158144 0.10613621315206136 0.11959365857616391 0.09177029874798116 0.11833395705162664 0.09552259183685523
0.08602493989490055 0.12874179441799125 0.12966798818540642 0.13573463209437717 0.09948940957899292 0.1653961877206319 0.09206348959444713 0.16288155851325262
0.103100685334387 0.08289696669105304 0.22679365501149917 0.13368668137542436 0.09564621264281113 0.08850711259135842 0.14905067311558504 0.1203180132378819
0.10400131854200328 0.07491828594026469 0.26471509480351024 0.12974720634389977 0.09206012441271662 0.07312703180198629 0.14465845244610914 0.11677248570950981
0.10286212807487849 0.07295600422796569 0.2787528391526537 0.1279182564604693 0.09013127276922366 0.0696337586855052 0.14261930981488147 0.11512643081442238
0.11932087178397972 0.0845488021516806 0.20734301568603014 0.09292822600357296 0.13913721963266681 0.10706394413545577 0.13814404940232639 0.11151387120428755
0.12288236920695163 0.08547349830004136 0.18284279264207734 0.09199672573108986 0.15377143782081507 0.11587779373788783 0.1367593116838291 0.11039607087730784
0.08345900997768459 0.1264355744749214 0.11775950977211874 0.13585685835961397 0.10679038423692218 0.1745240422598119 0.09214639088739034 0.16302823003153674
0.10284533531943524 0.0828914639561376 0.22193219879936127 0.13413903857366397 0.09753061777702295 0.09038119322445905 0.14955501763362233 0.12072513471629755
0.1041050397408056 0.0750379280335711 0.26287549426099244 0.1299639732258183 0.09259528139056175 0.07355457610219898 0.14490013134281532 0.11696757590323646
0.10294797113184076 0.0730164545433779 0.27807145738085565 0.12800293229935134 0.09029734879097692 0.06974747972803877 0.14271371705614247 0.11520263906941622
0.102153042401277 0.07237817038980879 0.28364825360776924 0.12727098214686994 0.08935725696017391 0.06875076330264694 0.1418976472592714 0.11454388393218295
0.11903292287488765 0.08438985822449177 0.20882272634910143 0.09283365927038173 0.13877446889803888 0.10674250365669995 0.1380034696019406 0.11140039112445807
0.1409881284100167 0.09810106349070574 0.2104821358730206 0.10561338086080851 0.1323080193907745 0.09970419113573145 0.11775103806421487 0.09505204277472766
0.08666173987629607 0.1288904996682771 0.12395767780474388 0.1355519259531723 0.10211786477532712 0.1682184136101382 0.09193956716823862 0.16266231114380678
0.10300916360705092 0.08696174859837091 0.22368904634801823 0.1331590438745792 0.09600210783859897 0.0888733535681849 0.14846239667807556 0.11984313948712126
0.0928335496762772 0.15293597797604014 0.14704617653286745 0.15848333363471126 0.08225280640510203 0.14319337274175645 0.0806197827620053 0.1426350002712401
0.12128514004846394 0.08871849586331175 0.16423781871774085 0.09185097309875642 0.13965748916916026 0.13364117133426964 0.14579519539485145 0.11481371637344552
0.06093727040248437 0.09667433727087961 0.08322485234566532 0.09952868040811019 0.12669905696195544 0.22136775959421218 0.1125106822004724 0.19905736081622039
0.0717657101195495 0.13284137287793052 0.09457151528974378 0.13518209263925496 0.09989673923588303 0.21183533496738544 0.09168872370314683 0.16221851116710595
0.10046456516382365 0.08845394155321287 0.2118426188727599 0.1344733364385856 0.09647524558481027 0.09733655478667261 0.14992773480540814 0.12102600279472704
0.08024250908813894 0.13334234284254803 0.12514759471407227 0.13781084585029105 0.09543607603167645 0.16917591231098722 0.09347170414193655 0.16537301502034926
0.10163201030445032 0.08777758034452739 0.22452494094604597 0.1334124334363313 0.0947052841336934 0.089131653612493 0.1487449071297604 0.12007119009269818
0.10349261313549693 0.07815486784206824 0.263460064582968 0.1293832469187945 0.09171031627953373 0.07310130416595567 0.1442526648482679 0.11644492222691505
0.08089214478458527 0.13077179584087148 0.13701626733566719 0.13780290464061767 0.09453144695653375 0.1601556369428253 0.09346631793015808 0.1653634855687412
0.10141899209915704 0.0870572144085266 0.2293185497275501 0.13292746256297208 0.09417234812320012 0.087266515974098 0.1482042007978211 0.11963471630667487
0.0804727406865724 0.1330640984914868 0.12918087791840685 0.13785897704061703 0.09501156840742056 0.1654766153618157 0.09350434964494025 0.16543077244874044
0.1015651740766004 0.08762877277418647 0.2261637505837191 0.13325404410138447 0.09450185973427444 0.08838944419719487 0.14856831484139432 0.11992863969124602
0.10342142623706423 0.07808913500781074 0.2640786145690311 0.1293081786460702 0.09161858797273323 0.07293772745953718 0.14416896932629017 0.11637736078146317
0.10251573963761029 0.07561693812851056 0.2781584495555335 0.12750724639749803 0.0898460151941459 0.0694380250618924 0.14216106426706124 0.11475652175774821
0.10182033201127329 0.07486960052162589 0.283336116168866 0.12683629863936663 0.0890507962686325 0.06852118002733285 0.14141300758747294 0.11415266877542997
0.10148622871279048 0.07462237295221186 0.28523926828725094 0.12659393230501517 0.0887326884326753 0.06824818302383168 0.14114278721171092 0.11393453907451365
0.13517481747313714 0.09941570274859542 0.23836404468667174 0.10545767044335412 0.11818872132704564 0.09090970735324373 0.11757743256893363 0.09491190339901871
0.10920119732401805 0.0782936864429177 0.2659811728246888 0.1259887461016813 0.09475590105377421 0.07192137500326387 0.14046804975814314 0.11338987149151317
0.10357182481126806 0.07543676352153045 0.27852261654978305 0.12707914487481753 0.09025452448994929 0.06908013234816857 0.14168376301714727 0.11437123038733576
0.09270368724588894 0.14899121739133347 0.1609613470269883 0.15779941520003476 0.08096201098861423 0.13629097203926527 0.08027187642784378 0.14201947368003126
0.14469370439368984 0.10503239161562339 0.20056012095811554 0.10909414927596797 0.11548477719094297 0.10925542889787178 0.12077170778617535 0.0951077198816131
0.10268687920896574 0.1599747147632842 0.0998510044472422 0.11105383442130064 0.11578980087084322 0.20205569467966017 0.07532347030314303 0.13326460130556075
0.10634849741433074 0.09158781995316471 0.21133450839522552 0.1318700709498386 0.09854571796060131 0.09460503341298526 0.14702528805899914 0.11868306385485473
0.1048671654306702 0.07895201061236326 0.25816739006824807 0.1296996635799516 0.09275995915547787 0.07421866811905811 0.14460544581227439 0.11672969722195645
0.10302634855111797 0.07588444132892794 0.2759284653662206 0.1277465584738054 0.09023974678865332 0.06977465749181616 0.14242787937303378 0.11497190262642487
0.11910766795850981 0.0875308148376578 0.20616450163567782 0.09263232551618102 0.13886171933262684 0.10684000664602444 0.13770417345390493 0.11115879061941722
0.12249870168658857 0.08884648772356725 0.18208419108692248 0.09162076692028903 0.15330566881125263 0.11549883980642454 0.13620042366060878 0.10994492030434684
0.10828658402153678 0.07816064693795818 0.244430137298662 0.12859437302540846 0.10393809332286426 0.07748210034237424 0.14337312932832855 0.11573493572286761
0.10410112127239488 0.07597202785079978 0.27049376536805914 0.12807209797316293 0.09279500067157363 0.07051026706733818 0.14279083162082493 0.11526488817584664
0.13635153764337393 0.09998455183296609 0.23337540838749174 0.10579900883726814 0.11963657266799793 0.09167581327222751 0.11795799940513327 0.09521910795354131
0.10963411259834618 0.07849992355669917 0.2640570201670126 0.1261898462723127 0.095197680669807 0.07215829364981932 0.14069226144092176 0.11357086164508143
0.08188031862439708 0.13064247355208722 0.13704962090586198 0.1374963575639927 0.0951415837942052 0.15953561743926084 0.09325839904340374 0.16499562907679124
0.10162777672594958 0.08701731913569634 0.22928621440173458 0.13288745384202777 0.0942800503894265 0.08714288298764651 0.14815959405969364 0.119598708457825
0.13694237302025836 0.10325844383926022 0.21971764484275297 0.10698685000686066 0.121235757591305 0.09628841202902262 0.11928235366436556 0.0962881650061746
0.12684844363656786 0.09130783248423074 0.18612807816489502 0.09117908005720776 0.14719520015487586 0.1123826429604704 0.1355438264731029 0.1094148960686493
0.10914650465806519 0.07842887569385097 0.245976133855988 0.12839442538375237 0.10250720790587198 0.07684166702774645 0.1431502026293478 0.11555498284537714
0.1042422788602551 0.0759712397516275 0.271066213314261 0.12799769614971593 0.09245127282490137 0.07036549342443822 0.14270787914005642 0.11519792653474435
0.10242343738488469 0.07508146548194447 0.28066512758438217 0.12711496251670337 0.08976936848035671 0.0688184752718039 0.14172369701489168 0.11440346626503305
0.10170776259134012 0.07471856548432511 0.284246187038279 0.12670879667169158 0.08895440557829686 0.06835551322295763 0.14127085240858747 0.11403791700452243
0.1185956710578358 0.0871971071357655 0.20869029416147522 0.09248027638188717 0.13826018193033 0.10632199547091993 0.13747814220352184 0.11097633165826462
0.10666768199145997 0.07739748633431846 0.25514580661522074 0.12778301913319481 0.10010709004282999 0.07542566837579247 0.14246853028730821 0.11500471721987532
0.08137735204158808 0.1304183303963551 0.13505507028290978 0.137601508738202 0.09623857127550182 0.160857637809342 0.09332971897025875 0.16512181048584237
0.10157327972089315 0.08703661560335328 0.22848752070458778 0.13297381061556762 0.09457281302020436 0.08742365536372772 0.14825587541765523 0.11967642955401087
0.10333902904780026 0.07793335664036048 0.26494540032004144 0.1291929144244199 0.09155855822583404 0.07271666003860824 0.14404045832095771 0.11627362298197792
0.1363567159673213 0.10056440620606125 0.23161423308373888 0.10601487786335949 0.11951025405562021 0.09232744548727904 0.1181986772595963 0.09541339007702353
0.10970259756534372 0.07863945357994866 0.26339691115227676 0.12627731747760068 0.0952309741315279 0.07231337505634582 0.140789785307116 0.11364958572984062
0.12084600378681568 0.08798523085588843 0.202016304504646 0.092576703885351 0.14040849294531435 0.10745373119566844 0.1376214881638949 0.1110920446624212
0.12298434525601655 0.08894350023721027 0.1807389939611667 0.09163678552003834 0.1538294122073112 0.1156785838091987 0.13622423638501222 0.10996414262404601
0.14210278701918067 0.1024816577410758 0.19975050368846572 0.10536052156190029 0.13639883175469883 0.10161211001293931 0.11746911881602912 0.09482446940571025
0.12814415252799358 0.09109721100464713 0.17939251475242096 0.09107271524894375 0.15194777236392143 0.11367266776162717 0.1353857080417134 0.1092872582987325
0.10963243301800298 0.07852625965803228 0.24324029650753984 0.1286040091093852 0.1036801830520274 0.07718933761371385 0.14338387284285184 0.11574360819844666
0.08193529605899877 0.13076596998116996 0.1324015114890199 0.13767615372498757 0.09703991816064109 0.1615894183712929 0.09338034774390461 0.16521138446998507
0.1017829980883564 0.08715780207709012 0.22740720318384033 0.1330783000440837 0.09481563425355104 0.0876152189806711 0.1483723733327321 0.11977047003967532
0.1034224297756027 0.0779790234403226 0.26453423753081823 0.1292404849984935 0.09164025423391398 0.07277363756119791 0.14409349596100693 0.11631643649864415
0.08087721237968426 0.13072024724868073 0.13725803206326626 0.13779365374926508 0.09451379890268409 0.16002462774475654 0.09346004341254502 0.16535238449911807
0.10140773728430225 0.08704251715329855 0.2294154207897067 0.13291698791324438 0.09416195902602861 0.08723756636643469 0.14819252234506497 0.11962528912191993
0.10327313262385439 0.07791295648766869 0.265302537096155 0.12915624190203323 0.09144905778331575 0.07266588519989123 0.14399957119525195 0.1162406177118299
0.1024400046726845 0.07555823278336624 0.2786114089068111 0.12744983939426716 0.08977463912473212 0.06936395992073499 0.14209705974256354 0.11470485545484045
0.08066254659484111 0.130002060062754 0.14041512919171517 0.1376624274968384 0.09406277303779413 0.15862911283938683 0.09337103778046432 0.16519491299620606
0.10125739924590352 0.08684466555952558 0.2306818977795359 0.13278175919037127 0.09397416311589589 0.08691477942667658 0.1480417524107572 0.11950358327133415
0.1031956779598852 0.07784957314384475 0.26578053744269126 0.12909789775909436 0.09137212215798714 0.07258156172339665 0.14393452182991565 0.11618810798318492
0.09272809734859883 0.14990930024481203 0.1577757692157846 0.15805813241612543 0.08126314770463236 0.13760974914472227 0.08040348475081162 0.14225231917451286
0.14505665092050432 0.10517264970235957 0.19942853414291686 0.10915157229102616 0.11559861151907291 0.10959892302812123 0.120835277424335 0.09515778097166383
0.08694049827306805 0.13537988794939806 0.12086951620300587 0.13471631632954162 0.09798627802758171 0.17107511776365686 0.09137280585829781 0.16165957959544994
0.07647763128153183 0.143086933477659 0.10305439857698317 0.13532515156349542 0.09410376952039233 0.19377617873024242 0.09178575497350125 0.1623901818761945
0.11427129652092748 0.10132834941771993 0.15177421560111373 0.09454860950081732 0.14281432806265051 0.1412520111930827 0.14055285830270756 0.11345833140098079
0.10761134053581146 0.08106883535141747 0.23289860569722884 0.13025783599351337 0.10290393909135968 0.08279962453776898 0.14522776639873805 0.11723205239416204
0.1208742286690642 0.08887361493787464 0.19269185108852835 0.0931240657460875 0.14354850091714189 0.11070368141300874 0.1384351783329898 0.11174887889530499
0.14144032074373453 0.10247320089889049 0.20426525626633374 0.1054039739512777 0.13353944185290748 0.10049666474323682 0.1175175649874693 0.09486357655614992
0.12795107165122277 0.091084401411201 0.18087318556947649 0.09106228224207065 0.1510137592669308 0.11337036249234136 0.1353701986762722 0.10927473869048478
0.10954386384538643 0.07849304871339699 0.2438366524708419 0.12855254089809018 0.10344273288196747 0.07710738475386679 0.14332648962816918 0.11569728680828117
0.12111291037701319 0.08820224006138852 0.19594751109459052 0.09286853393174943 0.1433920997891487 0.10897915089961861 0.1380553131283917 0.11144224071809933
0.12312093680999942 0.0890325680531561 0.17880737117630735 0.09169537618119421 0.15486327779648276 0.11613468322741288 0.1363113353380141 0.11003445141743307
0.08312739922952266 0.13137963058053176 0.11638233608907286 0.13504830371821328 0.10657833829612004 0.17382804771146051 0.09159797991322292 0.1620579644618559
0.07552428998109413 0.14526352909768386 0.10171199845439151 0.13471092418503575 0.0955755585049807 0.19419144217709464 0.09136914857767642 0.16165310902204288
0.10077171317884467 0.09374172557151865 0.21407160548122983 0.13352588658371947 0.09501114415080485 0.0938332281860896 0.14887139892244544 0.12017329792534752
0.10340832266629357 0.08149864824496567 0.25910414148720085 0.12940756100482165 0.0918711469130572 0.07396360153961752 0.14427977323970415 0.11646680490433947
0.10247826753506767 0.07811574973802272 0.27600067401529454 0.12735749614508227 0.08986142484263951 0.06957053728230972 0.1419941039110096 0.11462174653057404
0.0804084093965793 0.1335678754743004 0.13948869857936186 0.1370992985633731 0.09376931923535935 0.15815815101460345 0.0929890894603748 0.16451915827604768
0.10088149730594276 0.09060147567702759 0.2296808420013735 0.13219724806067137 0.09363444418230428 0.08663690339670088 0.14739006612137537 0.11897752325460423
0.11915798140821994 0.09323680679202301 0.19179475248496508 0.09314416213038292 0.1406751390738494 0.11175311059609816 0.13846505295800204 0.11177299455645949
0.12244539778943238 0.09249544905005415 0.17727118742481282 0.09148635172340389 0.15382057616567285 0.11669680933598667 0.13600060644255263 0.10978362206808465
0.10821007269827601 0.08101572614223199 0.242122380741062 0.12836389115666916 0.10400793963852863 0.0776363283374062 0.14311615924482368 0.11552750204100225
