0.125 0.125 0.125 0.125 0.125 0.125 0.125 0.125
0.07575757575757576 0.12626262626262627 0.09090909090909091 0.15151515151515152 0.0946969696969697 0.15782828282828282 0.11363636363636365 0.1893939393939394
0.09525198036642851 0.15875330061071422 0.09272488700976818 0.14287797054964277 0.11906497545803565 0.19844162576339275 0.1071584779122321 0.08572678232978567
0.07295173961840629 0.12906846240179573 0.09118967452300787 0.16133557800224468 0.08754208754208756 0.1548821548821549 0.10942760942760944 0.19360269360269358
0.0735570797657792 0.12259513294296534 0.09562443946294066 0.1471141595315584 0.09194634970722398 0.1749345195264155 0.11033561964866881 0.18389269941444797
0.07789319486734063 0.1215580583051003 0.09525686247037594 0.14586966996612036 0.09116854372882523 0.17651433072999664 0.10940225247459029 0.18233708745765045
0.07667263811418237 0.1190707335138325 0.0934062417897119 0.142884880216599 0.08930305013537437 0.19289269579710183 0.10716366016244926 0.17860610027074875
0.0645782255425254 0.10030301332484795 0.058983959004852864 0.09027271199236316 0.1306049095288806 0.266384502230968 0.10832725439083578 0.1805454239847263
0.07220708956070179 0.12775100460739547 0.09025886195087725 0.15968875575924435 0.09685594134076062 0.15330120552887458 0.10831063434105269 0.1916265069110932
0.13613202593204615 0.10028828050189945 0.1659929796592504 0.12034593660227932 0.1212926636325902 0.11780324441663041 0.13322789888408618 0.10491697037121787
0.07107833193848673 0.12575397189116885 0.08884791492310841 0.15719246486396105 0.09474100164024771 0.16713785899854403 0.10661749790773012 0.18863095783675324
0.0993620671913575 0.07321878695188097 0.21443563009551278 0.14643757390376194 0.08847669370385676 0.08829330825941344 0.16211241392683454 0.12766352596738223
0.07604053214452151 0.11540071076919624 0.12487513798725287 0.1384808529230355 0.09411945354971561 0.1741216067802073 0.10386063969227662 0.17310106615379436
0.09091999205239452 0.140882540527514 0.09848802724411017 0.1267942864747626 0.123302274154735 0.24844059280555422 0.09509571485607196 0.07607657188485756
0.05789699218910205 0.10243314002687286 0.05047430088280692 0.08930068617727377 0.12933783496532944 0.2910070716384537 0.10094860176561384 0.17860137235454754
0.1205827447986963 0.09733787833147774 0.15072843099837038 0.12167234791434718 0.13280833493534708 0.1317095620003155 0.13565558789853335 0.10950511312291245
0.11675495915667315 0.08454715969173718 0.13092190773160792 0.10568394961467147 0.15402268399151237 0.12414231099826252 0.15710628927792955 0.12682073953760578
0.10220209282062974 0.07415205782863137 0.18372002387392247 0.14830411565726273 0.11180960365310094 0.08099038058838592 0.16534802148653022 0.13347370409153644
0.07577060511193685 0.11462203321837242 0.11834392328166812 0.1375464398620469 0.10303897545517478 0.17558514334670708 0.10315982989653517 0.1719330498275586
0.07606257957317311 0.11152158452963765 0.10310228291238051 0.13382590143556516 0.09919419179580508 0.2086416568823081 0.10036942607667389 0.16728237679445646
0.07183469691987797 0.11832564920374458 0.0919951970708144 0.1479070615046807 0.09865501294215182 0.19347433640211303 0.10031957215100083 0.17748847380561683
0.10094708961152435 0.07034144460931953 0.2182429140164899 0.14068288921863906 0.09638107870625309 0.09501622104533505 0.15574174142234357 0.12264662137009559
0.0790291221219162 0.11098772981326134 0.13048559539662252 0.13318527577591358 0.10298042411648195 0.1769613012239773 0.0998889568319352 0.166481594719892
0.0923488708199939 0.13425349332801506 0.0999750047674832 0.12082814399521356 0.1262450173463919 0.263231475349364 0.09062110799641017 0.07249688639712813
0.06993648582038088 0.11313182210661621 0.08803917114705546 0.14141477763327026 0.10005831870333606 0.22180558138250306 0.09591611004691376 0.1696977331599243
0.069757066950775 0.11538291691652408 0.08866548275624773 0.14422864614565511 0.10006108945058521 0.21100577545446075 0.09782464695096608 0.17307437537478612
0.09911865075979562 0.06911266778542886 0.22077729121261852 0.13822533557085773 0.09539788736563704 0.10384290009137236 0.15302112851149083 0.12050413870279905
0.07754393402723728 0.10889294543502627 0.1349789409072785 0.1306715345220315 0.10120307839783123 0.18536649766653218 0.09800365089152364 0.1633394181525394
0.059640487881277404 0.10860346967998878 0.05477996941961412 0.08533575980101828 0.14214498300517237 0.28235729953148037 0.09646651107941197 0.17067151960203655
0.11895305494078089 0.10068488377118757 0.1479745971533667 0.11292879184326372 0.14293117804650432 0.14898440620249973 0.1259071753834597 0.10163591265893734
0.10517699278920825 0.07685961133711107 0.19887583358921523 0.13920062391488183 0.10973129996927462 0.08967676931808446 0.1551983075588309 0.12528056152339365
0.11421276291652084 0.07515327532286199 0.18840159619699196 0.09018393038743439 0.15186328952356148 0.12430613681526594 0.14314909585307045 0.11272991298429297
0.06599506486178236 0.10376211630233093 0.06412563786157624 0.08383793978035364 0.15723032958487304 0.26259970881841144 0.09477332322996498 0.16767587956070729
0.09527531264280138 0.07587915440487458 0.18994200729365723 0.1364741670635585 0.11218621304701853 0.11525788355435262 0.1521585116365346 0.12282675035720267
0.09772606103934305 0.0722832858440852 0.24425946956240546 0.13391673227941592 0.09920137114624746 0.08278085837147074 0.14930716270555777 0.12052505905147434
0.07469584267839907 0.12007165104679192 0.13591684005172594 0.13939436307082315 0.09791027504383835 0.17019205051452777 0.09454574190890612 0.16727323568498775
0.08128921696861628 0.15472859620619084 0.1251123362629641 0.1573263430117823 0.08279484392281153 0.1771237282545155 0.08003122666251535 0.14159370871060406
0.10303325495462519 0.06746715244522569 0.24101297981614792 0.13493430489045138 0.09010419065791085 0.09643525993919025 0.14937782226374752 0.11763503503270119
0.06883336595533371 0.1088732653873736 0.08202414721212332 0.08400008843454382 0.13854975989552984 0.25476257453739326 0.09495662170861476 0.16800017686908764
0.09658568729931613 0.08023758749081504 0.20519341792467916 0.1319408103994479 0.1052823886399574 0.11490922162003114 0.14710415726625012 0.11874672935950312
0.0988056892465554 0.07376190616058159 0.26765906505445547 0.12756456760909204 0.09399709842691796 0.08117858951392837 0.14222497314028618 0.11480811084818282
0.09607553744677792 0.0705400675410049 0.30169343598059806 0.12312752271518948 0.08862986295932698 0.07184080370709409 0.1372779992063381 0.11081477044367054
0.07580822456853024 0.12187760578556726 0.16329386323711803 0.1334831680932011 0.09258802712033028 0.16223289982019723 0.09053640966321468 0.16017980171184132
0.12487703972529202 0.10430123138012605 0.21106403655828884 0.10507662456239021 0.1205935527080019 0.1223659581118311 0.11715259484791864 0.09456896210615118
0.12188505881132185 0.08525242654041666 0.1992627326344983 0.08783556142374414 0.14482814885951154 0.12495993656223969 0.1305734614597749 0.10540267370849296
0.10837181577334856 0.07168806831033137 0.2702929267906251 0.12201752603191236 0.09972617067372055 0.08204728325128342 0.1360404357400575 0.10981577342872113
0.10240225782170918 0.06853200304894315 0.30937680080088736 0.11963051640299675 0.08788136508818817 0.07113049393571488 0.13337909813886353 0.10766746476269708
0.09888951944530772 0.06674163203236626 0.3303851429004978 0.11703161981244224 0.08367538413941845 0.06746672145086756 0.13048152238790203 0.10532845783119803
0.0968015374696061 0.06565577364874334 0.3419921602707068 0.11539612424601399 0.08176478452369178 0.06587504113658305 0.12865806688324244 0.10385651182141256
0.11424436699258333 0.07771174118965433 0.26048523570951976 0.08548570563430623 0.1287191982951366 0.10369066241499203 0.1270802430026403 0.10258284676116747
0.0960442136293966 0.13698781382914452 0.1766061703122151 0.14725971137219585 0.08526033641996941 0.15039763928668112 0.07491037491542137 0.13253374023497627
0.1054444831343873 0.07907887274792234 0.2663404770568192 0.1237124600018536 0.08769847470254637 0.08845385772587064 0.1379301606289323 0.11134121400166824
0.08380246034328034 0.1216532279097717 0.15739195516976287 0.13086060022794094 0.0910084723118928 0.16949293926139272 0.08875762450242951 0.1570327202735291
0.07768257316567513 0.12909545388748916 0.12137559839016299 0.12948115183270653 0.09270035286665897 0.20646548902370196 0.08782199863435748 0.15537738219924782
0.1031130346778078 0.08006620393869168 0.23712904966402085 0.12695730238669964 0.09379899022428732 0.10312592922484422 0.14154791773561884 0.11426157214802968
0.10533696162968699 0.06980099430446786 0.2982005186614553 0.11993943914626673 0.08912591775370722 0.07592714932910229 0.13372352394367348 0.10794549523164006
0.10283749953989461 0.06630637850027915 0.3284656692950244 0.11579722731880893 0.08530513413187041 0.06796531975085084 0.1291052668763437 0.10421750458692802
0.10057361792407003 0.06480030962574089 0.3432502284475903 0.11376843095259215 0.08310859833186422 0.06526391653008341 0.12684331033072588 0.10239158785733293
0.0991809814137488 0.0640995126175837 0.35047530375358704 0.11279227433941208 0.08197590326449791 0.06420800915116094 0.12575496855453855 0.10151304690547087
0.13295486266075843 0.08613605960315955 0.2989101343202365 0.0948294889556129 0.10997756761433858 0.08611754342786816 0.10572780335797438 0.0853465400600516
0.10996222357457616 0.06671105985133119 0.3268104444022001 0.11252352374921928 0.08851780577486296 0.06874843957102514 0.12545533170248774 0.10127117137429735
0.1384480931423262 0.08685721588778653 0.2877070259136426 0.09516433116598198 0.11239200369609033 0.08768230471047737 0.10610112743431126 0.08564789804938377
0.09169901715389711 0.11973533313587223 0.16349014170126916 0.12606436481500385 0.09713908951753569 0.16509029019780608 0.08550452570061132 0.15127723777800461
0.08059075848610031 0.1281024115847061 0.12346104464329881 0.12860906041031103 0.09384086585091928 0.20383449338442805 0.08723049314786314 0.15433087249237323
0.1178511922473451 0.08968983963051705 0.16795944350475106 0.08890911175340889 0.14309793506693433 0.15363217756400488 0.13216936612894814 0.10669093410409065
0.08660014725324965 0.12040886944201996 0.12436843765085519 0.1266063518503023 0.10694838909496102 0.19726804818978325 0.08587213429846592 0.15192762222036277
0.09173397016107013 0.14791539963184297 0.12839324322175155 0.1483258559714194 0.0847935568360915 0.18989198576591185 0.07545271803763508 0.13349327037427744
0.10805217415262086 0.08173439886533178 0.240652179533508 0.1255297923417646 0.09238754201889313 0.0987107494141769 0.1399563505661166 0.11297681310758811
0.10780304297960115 0.06948147328019456 0.3000851881907796 0.11889829150423288 0.08965005377917389 0.0745107658918174 0.13256272202039096 0.10700846235380959
0.10463685917501513 0.06583273826964912 0.32944611611342095 0.11492101010697246 0.08632529602387849 0.06728072114029836 0.1281283500744902 0.10342890909627522
0.10219524605890917 0.06437110069412062 0.3436655629998889 0.11301227989781167 0.0842529652514782 0.06479153485593214 0.12600025833382883 0.1017110519080305
0.10076301925853945 0.06371860229593414 0.35050802176652057 0.11211896869408883 0.08316056583159405 0.06381946732195 0.12500428300669306 0.10090707182467992
0.1000036239706321 0.06341596874771782 0.35379512496699606 0.1116984632094668 0.08261864407532311 0.06340410736899815 0.12453545077234583 0.10052861688852012
0.09961913368180382 0.06327315804911277 0.3553748293902323 0.11149877966893271 0.08235583470339287 0.06321654427807909 0.12431281852640705 0.10034890170203943
0.13427306309780818 0.08535493369974483 0.3005879042800287 0.09402742230025665 0.11104606178867771 0.08525237587028041 0.1048335588929727 0.08462468007023098
0.09111992201855115 0.11888711027889773 0.16752759517436364 0.12536062882783736 0.098355796061774 0.16328898392715988 0.08502720911801144 0.15043275459340483
0.13856699213210993 0.10011351921501259 0.21432805572960908 0.1005143541139257 0.12466123994387517 0.11928691639710984 0.11206600376582462 0.09046291870253312
0.13453766986131588 0.08149230768093564 0.2035141918980465 0.08388993402258875 0.1510459015365429 0.12014405285033211 0.12470802132313194 0.1006679208271065
0.15209491397512906 0.09006293428620774 0.22687022822985434 0.09584732368357347 0.13877565570360192 0.10322373968458258 0.1068626131218349 0.08626259131521612
0.12023785668608317 0.06874935291870085 0.2887563633210227 0.11507133254358264 0.10125977589734306 0.07406517097082503 0.12829594837321825 0.10356419928922438
0.1449623046272702 0.0875662012304375 0.2693851782085782 0.09556645292689413 0.12039542100958989 0.08956517117438385 0.10654946318864165 0.08600980763420471
0.11602774948957155 0.06727674363214778 0.31111431374199555 0.11307000392857297 0.09475314170822088 0.0699304276434115 0.12606461632036417 0.10176300353571567
0.10628799565780059 0.06475053671587602 0.3340994374108737 0.11331420856461463 0.087651059595848 0.06557708808150978 0.12633688626532408 0.10198278770815315
0.1024171405604458 0.06391160808287343 0.34565664635596133 0.11236232269582544 0.08511358460298125 0.06413700271778697 0.12527560455788297 0.10112609042624288
0.10073366328736902 0.06347901240948906 0.3513052817388428 0.11175003941884015 0.0840463767223911 0.0635176365492854 0.12459295439682627 0.10057503547695615
0.09996728388835528 0.06325558855167274 0.3540361654959596 0.11143078754703814 0.08356063132055483 0.06322482201955155 0.12423701238453355 0.10028770879233433
0.09961012261346074 0.0631442899665098 0.3553503335967767 0.11127300611591023 0.08333209749468491 0.06308334684477888 0.12406109786355962 0.10014570550431921
0.09944158837947785 0.06308997602086432 0.35598146179496143 0.11119641241315767 0.08322318408793589 0.06301490453082265 0.12397570160093845 0.1000767711718419
0.11883976410200356 0.0754263642273017 0.26633012123346533 0.08309408447598886 0.1326338587082381 0.10043796836228629 0.1235249375195297 0.09971290137118662
0.14357492732814683 0.08780312637646312 0.25710116244169057 0.09441953136902652 0.130548875431157 0.0963040675786119 0.10527073124278032 0.08497757823212386
0.11609414616214928 0.06757224880171218 0.30465797452764937 0.11349614967026554 0.0978362840165919 0.07165692509796225 0.1265397370204304 0.10214653470323899
0.14264403572852888 0.08693670562134677 0.2767168799414811 0.09504713486410289 0.11866972528315926 0.08847263487997989 0.10597046230370874 0.08554242137769259
0.10678400186987586 0.13634956598324421 0.1827992759951096 0.14336041782972006 0.08731679828826908 0.1414387427432189 0.07292682124381412 0.12902437604674805
0.10944278673042614 0.08308315304956454 0.26854234847816494 0.12040894353064804 0.09078476791131436 0.08512296482768056 0.134246986294618 0.10836804917758325
0.10644332430551175 0.07151511871341408 0.31337394279646386 0.1160685166883932 0.08849311634317679 0.07023658185553155 0.1294077342779548 0.10446166501955388
0.08500108066570602 0.12278394818637471 0.17252731654765685 0.1276855889700034 0.09436981867080803 0.15780540158970552 0.08660413860574144 0.15322270676400407
0.10331057790750509 0.08159210783566768 0.2639576476103179 0.1218602961644758 0.09428406717281079 0.08945590058975658 0.13586513617143792 0.10967426654802821
0.10476925486079187 0.0714619040861044 0.31117779944562046 0.11640017953584018 0.09031811431697474 0.07133507257051268 0.1297775136018994 0.10476016158225615
0.10283644959330776 0.06810509850273916 0.3343424105192795 0.11332100502001172 0.08717398882255571 0.06588767921820193 0.12634446380589368 0.10198890451801056
0.10110700929104618 0.06675972998321314 0.3455414699976012 0.1118543805048478 0.08536269664017747 0.06399648420767454 0.12470928692107656 0.10066894245436302
0.10004632305875177 0.06616910972423001 0.35093167375080087 0.11117011381771177 0.08442998880139486 0.06325330778157189 0.12394638062959806 0.10005310243594061
0.09947211872538385 0.0658985092593531 0.3535226533239002 0.11084884016684463 0.08397094925003845 0.06293478863979278 0.12358818448452677 0.09976395615016018
0.0991781571895646 0.0657718145301344 0.35476774120645044 0.1106967042863647 0.08374908804018413 0.06279089655835798 0.12341856433121555 0.09962703385772824
0.09903184043255893 0.06571179806928087 0.35536608199119457 0.11062421723981151 0.08364255977657895 0.06272396029095499 0.12333774668378984 0.09956179551583036
0.13344176409612074 0.08856983407167991 0.29973601761893537 0.09320211014628227 0.1127181253269775 0.08453685217659966 0.10391339743175054 0.08388189913165403
0.09037424684373967 0.12479345633975607 0.1665016345992896 0.12388262183396667 0.10022029630910473 0.161543863064258 0.08402473480912523 0.14865914620076
0.11954213743490132 0.0931990309427434 0.18504463491241976 0.08650097900287944 0.1462837044872355 0.13703882336133866 0.12858951505502675 0.10380117480345531
0.11218267930403594 0.07463631444107943 0.267291174074707 0.11789273652817649 0.10732475376158754 0.08312727575155052 0.13144160326350424 0.10610346287535885
0.10694999149658936 0.06982215943575572 0.31203754187726956 0.11537969310696887 0.09379270769015478 0.06953643520757809 0.12863974738941156 0.10384172379627198
0.10333081965352538 0.06768765448230028 0.3345199584488549 0.11300794316023843 0.08837757165185021 0.06537348056394454 0.1259954231950718 0.10170714884421458
0.08397968912840127 0.1211975162678354 0.17923301374076533 0.127011321612541 0.0952027158847195 0.15481534798913885 0.08614680944154954 0.15241358593504917
0.11731734928903337 0.09264396377481363 0.19114583837714755 0.0867115670386453 0.14430403403118308 0.13492079872863755 0.12890256831416524 0.10405388044637436
0.11116940347469696 0.07434428193758368 0.27061717086964643 0.11756025714189922 0.10698233283151959 0.08245140875724523 0.13107091355969958 0.10580423142770928
0.09849717276553659 0.14123321256147983 0.18141480388086287 0.14593105906747791 0.08687549045952851 0.14047581283962363 0.0742344952647605 0.1313379531607301
0.14011123462399935 0.11013474023742527 0.21951177062283914 0.09883217447930395 0.12082567454295108 0.11144494945309266 0.11019049900901501 0.08894895703137355
0.09197226459650729 0.13113584178906684 0.14027937402481927 0.12437572644229704 0.10358361296116926 0.1750431200858259 0.084359188369558 0.14925087173075643
0.10671786013138329 0.08387051436839044 0.24550602641581387 0.12300569911985841 0.0987772287735286 0.09427536699429585 0.13714217498885706 0.11070512920787257
0.10661039671133113 0.07235660319105479 0.3015809285249851 0.11727474333578841 0.09300002048202279 0.07287745177972166 0.13075258697288647 0.10554726900220956
0.10377550899133361 0.06848850242340641 0.3294766346827056 0.11372542172200598 0.08894423528343962 0.06644145909903683 0.12679535824826635 0.10235287954980538
0.10154373887310258 0.06690687046241402 0.34306029336939514 0.11198761111949901 0.08665882619772727 0.06419598085648345 0.12485782911382949 0.1007888500075491
0.13484673224845012 0.08907687742160107 0.2940179337335256 0.09348628643487475 0.11502253958615492 0.08518173999766077 0.10423023278634543 0.08413765779138727
0.14764587920621366 0.09273505143137843 0.2679864746848356 0.09192681920788506 0.12436526496264043 0.09011483001354709 0.10249154320640319 0.08273413728709654
0.13517517705065743 0.08259567019576475 0.2247451246451134 0.0811581134862899 0.1505326982092681 0.10775649361391852 0.12064698661543992 0.09738973618354788
0.11465381419847522 0.07098803301127515 0.28724782529570125 0.11452119332632975 0.10695570551222226 0.07488177046115298 0.12768258420114673 0.10306907399369679
0.14194674851860134 0.09109089852302957 0.26782420059245376 0.0947592550075325 0.12420227483699771 0.08924379526740185 0.10564949774720415 0.08528332950677925
0.11465062825233978 0.07094901795312418 0.30953932233350745 0.11206096634924359 0.09752401975549145 0.0694815609212504 0.12493961472072382 0.10085486971431924
0.10550288159120887 0.06764648883579848 0.33274491552986013 0.11251890492353972 0.08969847232270918 0.06517114030915448 0.12545018205654354 0.10126701443118576
0.10182743238046144 0.06657967114518602 0.34448702927885494 0.11161617290506198 0.08683566285421424 0.06375577259766377 0.12444370322400193 0.10045455561455578
0.11938356134469816 0.0787180600194572 0.2608132105674097 0.0826651207591141 0.13602715210946906 0.10030749614551551 0.12288725414339947 0.09919814491093691
0.10825261545066109 0.06953456215504449 0.3067988962886203 0.11324402710532074 0.10158165047057294 0.0724099849593581 0.1262586391756337 0.10191962439478866
0.10372417096283808 0.06758279826145316 0.3315783190218872 0.11282642012440017 0.09101625150404966 0.0659352234568041 0.12579303855660737 0.10154377811196015
0.10135210850567097 0.06662504045178234 0.3439679842772609 0.11171920218119323 0.08726397932629057 0.06396583011659177 0.12455857317813632 0.10054728196307391
0.13467087688675197 0.08894060162827681 0.2943555284134441 0.09339299857981734 0.11541140008806515 0.08504867189207244 0.10412622378973663 0.08405369872183559
0.11115536744853652 0.06981950145399267 0.32322390649112503 0.110756408439897 0.0940360066437406 0.06784291191993057 0.12348513000687021 0.09968076759590727
0.12297500868262519 0.07942645957476864 0.2513982730507498 0.08275752231451314 0.13933271950938825 0.10177637482896458 0.12302461526157475 0.09930902677741577
0.1097793575320977 0.06989803517800601 0.30181041978260126 0.1136553107984905 0.10287119368797877 0.07297871350147933 0.12671718980070507 0.10228977971864145
0.10441728628975047 0.0677901284564231 0.32907487668574936 0.11308992920396982 0.09156371498360645 0.0661962965814571 0.12608683151547082 0.10178093628357283
0.1016772184660049 0.06673561848980515 0.3427394929886214 0.1118582928932206 0.08751043665039858 0.0640928279659079 0.12471364894214297 0.10067246360389853
0.11937672599710651 0.07878492361857947 0.26007949189534096 0.08271048349057084 0.13637748549266412 0.10046362042659245 0.12295468889046052 0.09925258018868499
0.10828504155768676 0.06956903902895956 0.306421050925467 0.11328480828441273 0.10171271912315435 0.07246690647739841 0.1263041071469497 0.10195632745597145
0.08517230763201268 0.12162994134586884 0.1700291575568652 0.1269010601713037 0.0996797161694219 0.15823452149842676 0.08607202342053644 0.15228127220556442
0.1351883436983466 0.10644422747789915 0.21452050799837605 0.09951613468230099 0.12665622030762558 0.11715698102783036 0.11095306359355052 0.0895645212140709
0.0906255639686621 0.12994698954017672 0.13854449708758818 0.12425778016286515 0.10552070203005337 0.1777159409917077 0.08427919002350855 0.14910933619543817
0.10630338278861731 0.08369133999692868 0.24445140285759562 0.12300673459605523 0.09978642006777638 0.094911329089035 0.13714332946754215 0.1107060611364497
0.10648845471203604 0.07232708072725785 0.30097850016909117 0.11725867624968168 0.09366240748221091 0.07301739866409518 0.13073467337091374 0.10553280862471352
0.10372723102530458 0.06846943345273182 0.32912337376278555 0.11368817526769626 0.08945892964053839 0.06645966787871953 0.12675383123129716 0.10231935774092665
0.10150793846391691 0.06688239295443744 0.3428369287824935 0.11193871588345002 0.08710429761440398 0.06418156743166002 0.12480331457453309 0.10074484429510502
0.13477496021081192 0.08902376973381905 0.2938382817740864 0.09342523153082621 0.11555791418266706 0.0851349730653784 0.10416216112466743 0.08408270837774359
0.13017424231478222 0.0817533577219323 0.23628288591106664 0.0810343920233616 0.14712251017382733 0.10592827507584958 0.1204630663511465 0.09724127042803392
0.08948907856110436 0.12291016215494904 0.14584416408250425 0.12414906813562808 0.11210889945456626 0.1723142909391118 0.08420545490938251 0.14897888176275367
0.10516847035479317 0.08562673841905663 0.24777246516416127 0.12180377324115219 0.10105112490435753 0.09315191466938141 0.1358021173300607 0.10962339591703696
0.08427526608148789 0.13070161880496345 0.15064628925572818 0.12726847209227632 0.099541626798969 0.1685233359062995 0.08632122454954394 0.1527221665107316
0.10355661326452696 0.08728011345278974 0.25107427521338693 0.12212832155575584 0.09753549069716697 0.0923457319353732 0.1361639644808203 0.10991548940018026
0.105085446773218 0.07504495574370522 0.304090160197678 0.11643478666469889 0.0926486715772342 0.07208857307728138 0.12981609796795532 0.10479130799822901
0.1029306927080689 0.07076599572784104 0.33041564041247434 0.11308463138359548 0.08894508611372133 0.06600086056794979 0.1260809248411132 0.10177616824523594
0.0835554888390971 0.12518156181226167 0.17748350248897202 0.12631630485203155 0.09575646794682854 0.15445170146916717 0.085675406769204 0.15157956582243784
0.10208520299677462 0.08515025121414752 0.26577081857326884 0.12057787197135549 0.0952719669628662 0.0881884746079606 0.1344353288994068 0.10852008477421994
0.10391068256852784 0.07410977914289338 0.3115493787324342 0.11553845163833192 0.09137916017750737 0.07071118996157694 0.12881675130422973 0.10398460647449873
0.10221367564865314 0.07033410682573285 0.33409373610005405 0.11263841895161786 0.0882840254165676 0.06547802872202524 0.12558343127889335 0.10137457705645607
0.10060392826359676 0.0688326665496627 0.34503317616942714 0.11124348360551313 0.08647637455773832 0.06366305314146077 0.12402818246763928 0.10011913524496184
0.09959891870548657 0.06818189343157799 0.350317982594011 0.11058935608909547 0.0855335785224031 0.0629489710749202 0.12329887910231987 0.09953042048018593
0.09904961574256016 0.06788615862355322 0.35286789769102633 0.11028113141080591 0.08506475395479408 0.0626421927196662 0.12295523158786867 0.09925301826972532
0.09876654065369721 0.06774817648032117 0.3540979394374565 0.11013467852533208 0.0848363169694027 0.06250318971110634 0.12279194754988518 0.09912121067279887
0.1328188464637264 0.09114895102215106 0.29854081934122195 0.0926405271373284 0.11410099338289476 0.08408611394313496 0.10328727428594674 0.08337647442359557
0.11011294563202764 0.0724444004286029 0.32500473054733114 0.10998518279921358 0.09354007672573258 0.0673007283761393 0.1226252709716605 0.09898666451929222
0.12222635949566885 0.08206322984574245 0.2518583682647333 0.08234995267910868 0.13903533441045166 0.10122807646489868 0.12241873562446602 0.0988199432149304
0.10925357099041406 0.07248814903495532 0.3016646601110753 0.11309300666422242 0.10298410889728961 0.07264253565025183 0.1260902626539913 0.10178370599780018
0.10401819571712331 0.07007865238200711 0.3287041026238457 0.11262432037794037 0.09170488302315183 0.06594024511441002 0.12556771242137532 0.10136188834014634
0.10133897527846288 0.06890264940178413 0.3422967889022423 0.11143110230610657 0.08763647826295333 0.06386865045554949 0.1242373633174054 0.10028799207549592
0.09992866498309451 0.06826694637286959 0.3489611920901983 0.1107107490650286 0.0860008374656022 0.06305771265337291 0.123434223211308 0.09963967415852575
0.0826531438505735 0.12406153090434663 0.1834029548410995 0.12593440476175372 0.09475398447061072 0.15265631657562626 0.08541637888188514 0.15112128571410444
0.07739720859114843 0.14153753790729343 0.12817103990261536 0.1255560425247467 0.09640662758557174 0.19510454187692605 0.0851597505820021 0.150667251029696
0.10229343114581359 0.09035153300562615 0.23856173458495838 0.12334231850636464 0.09769253700707083 0.09923287861047643 0.13751748048396176 0.11100808665572817
0.12234616197172923 0.08841707784321545 0.21619478505441353 0.0851169166121062 0.14462158250166757 0.11463116273061258 0.126532013351728 0.10214029993452743
0.11111368474927365 0.07501923772789694 0.2831514833103406 0.11527503328638972 0.1063705458768565 0.07679942559159145 0.12852305949990017 0.10374752995775074
0.10549142634044262 0.07119826687270339 0.31949159641453867 0.11373899909288218 0.09349668565793745 0.06740743043434501 0.1268104960035567 0.10236509918359396
0.102219654403036 0.06941854207681326 0.3377867332007236 0.111967233005444 0.08854803673892347 0.06445418183274704 0.12483510903741293 0.1007705097048996
0.13485505437442497 0.09201747369493986 0.2911037523750677 0.09315197512274867 0.11614007050804581 0.08503739569236883 0.10385750062193023 0.08383677761047378
0.09028081185517726 0.12973692801139752 0.16315482406339932 0.12284623821937236 0.10243460531683658 0.16080931031308282 0.08332179635748735 0.14741548586324682
0.1363968180303975 0.11255585245306998 0.20969812366541876 0.09842546373996108 0.12737668737431157 0.11722709048468086 0.10973704688619541 0.08858291736596496
0.11568221337697737 0.07971729029868471 0.2791374380632728 0.11500580931247634 0.10138584648346187 0.07734327922357025 0.1282228948603281 0.10350522838122869
0.14236801959171352 0.09598903001014775 0.2637386699932361 0.09464910988423753 0.12264459567154 0.08989968179879577 0.10552669415451557 0.08518419889581377
0.11471356895798154 0.07444241483285073 0.3070434290352964 0.11170681968385933 0.09748817348893575 0.06952468866792691 0.124544767617676 0.10053613771547341
0.10539331163265954 0.07020198613503176 0.331207458349508 0.11217463340944168 0.08993986751865257 0.06505922787598067 0.12506634501022826 0.10095717006849753
0.08414881548416957 0.12489987779927796 0.17774916207850366 0.12617963145706318 0.096149966084974 0.15387428279404955 0.08558270655348633 0.15141555774847582
0.10223645566606868 0.08505927919172877 0.26585683003762484 0.1205090981503524 0.09549168762634493 0.08802980977120017 0.13435865122136303 0.10845818833531717
0.1039345294418383 0.07407244604082444 0.3115602850426002 0.11549726183403101 0.09155731419967475 0.07065980004410302 0.12877082774630025 0.10394753565062792
0.10220434843635952 0.07031271276063578 0.33407537092761685 0.11260793914146185 0.08844851558419238 0.06545451935723576 0.12554944856518208 0.10134714522731565
0.11950999487856107 0.08176257676698977 0.256192446136018 0.08258750761147432 0.13724259932100688 0.10082798916557126 0.12277187698660957 0.09910500913376916
0.10823112121528745 0.07233033607744736 0.30401070144473297 0.11294195218976028 0.10246026200325388 0.07245602191104589 0.12592184818768792 0.10164775697078424
0.1382878632400098 0.09340880053411381 0.2752280210034959 0.09385530637111451 0.12222906767732065 0.08787950296349072 0.10464166247645156 0.08446977573400305
0.11286410380360398 0.07356719451377773 0.3129814472589741 0.11108782540078439 0.09692105844199872 0.0687446925345043 0.12385463518565067 0.09997904286070596
0.13971533984474047 0.09334051098150879 0.27911685833696265 0.09341468301298164 0.11969685196030767 0.086492140837342 0.10415040031447356 0.08407321471168348
0.11311372898521917 0.07341169620250305 0.31493362177063783 0.1108499659864665 0.09601898710164881 0.06831759087631596 0.12358943968938876 0.09976496938781985
0.10452548842585355 0.06974521230474143 0.33511302432430073 0.11171817988160526 0.0892277160238285 0.0645665837558391 0.12455743339038676 0.10054636189344474
0.12022090990353754 0.08152040479950236 0.25648260540025436 0.0824444468350033 0.13744215439234395 0.10039693493352873 0.1225592075338258 0.09893333620200395
0.10842398319626234 0.07225628000128949 0.30412107007448363 0.11288990729494879 0.10250534349547866 0.07233867735816264 0.12586382201392052 0.10160091656545392
0.10364172207919216 0.06995041288356384 0.32992502201940743 0.11247534137930391 0.09157946411485345 0.06579861832657442 0.12540161195573138 0.10122780724137354
0.10115735898525692 0.06883034530654131 0.342882145259696 0.11134299771734708 0.08764408283731928 0.06379523867231914 0.12413913327590786 0.10020869794561237
0.09983580080204982 0.06822531363512382 0.3492316299975751 0.11065775887631456 0.08606534804589101 0.06301702254897892 0.12337514310538353 0.0995919829886831
0.11820160674779731 0.08096061459085545 0.262506031006585 0.08218781357236767 0.13572111074406426 0.09961974209913352 0.12217770495235553 0.0986253762868412
0.10751987458890037 0.07196904626403089 0.30728263634203123 0.11259423986965822 0.10176827062899478 0.07199694152423737 0.12553417489945476 0.10133481588269241
0.12170017656303254 0.08229348535081456 0.24428815531928685 0.08275682065287229 0.1434476202433408 0.10318198489278703 0.12302357219441912 0.09930818478344675
0.1094215168802393 0.07276347568146264 0.2976906066190929 0.11346933401257234 0.10473226283491516 0.07329056379713172 0.12650983956327097 0.10212240061131511
0.10423989293444232 0.07024932003182396 0.3267035940159939 0.11282510133639446 0.09246116954648546 0.06618676272570675 0.125791568206398 0.10154259120275502
0.08387222061639038 0.12496324425809913 0.17629025425142375 0.12625396179886586 0.09698637935005262 0.15449606365077684 0.0856331219157525 0.151504754158639
0.08953880527064649 0.16344205070642487 0.1451264455693284 0.144706824479457 0.08395207521954226 0.16938592427049623 0.07361173245259336 0.13023614203151132
0.10529435107737259 0.0938777561401944 0.24755298665856698 0.12193015749935676 0.09306798311564174 0.09259659741314859 0.13594302634629776 0.10973714174942109
0.12324355590396789 0.08903716134296556 0.22008370927983953 0.08490605846261899 0.14240284790127372 0.11222083840379066 0.12621855855040076 0.10188727015514279
0.11120456177109658 0.07499981505100842 0.28518831273088124 0.11504080086151496 0.10563171348616275 0.07613616749777614 0.1282619078261965 0.10353672077536345
0.1054150111806426 0.07111840397240819 0.32049810531734874 0.1136044512678919 0.0932627448797282 0.06719679202130255 0.126660485219575 0.10224400614110273
0.10214214611230839 0.06936372791161503 0.33826958460565965 0.1118951376308731 0.088495139470978 0.06437391232576188 0.12475472807501821 0.1007056238677858
0.1003480450772741 0.06847580862030041 0.34699162148632 0.1109235229367511 0.08648369528795359 0.06327468574869324 0.12367145019963145 0.09983117064307599
0.09940827147876151 0.06803101664755826 0.35123100650766503 0.11043378735160912 0.0855879565141875 0.06279212131414035 0.12312543156962986 0.09939040861644821
0.09893138866469092 0.06781228720026443 0.35328337423654965 0.1101945991147226 0.08517608629440925 0.06256837075074305 0.1228587545353698 0.09917513920325034
0.1177665523206156 0.08078990131204399 0.2642113921195551 0.08209457575531633 0.13520776543933877 0.09937722147168354 0.12203910067506726 0.09851349090637959
0.08608182043737833 0.12638742145716433 0.1545122037495353 0.12363157602962108 0.10863354082807654 0.16854108599911 0.08385446026356908 0.14835789123554527
0.10364997839337907 0.08600717844774168 0.25262495695747766 0.12131318052532356 0.09998488597218078 0.09198281416779745 0.1352551430633085 0.1091818624727912
0.10496049677497885 0.07467635304689052 0.3047521775477337 0.11619397653786691 0.09339527329544443 0.07189953126556262 0.12954761264744266 0.10457457888408024
0.08418352342550679 0.12676194583860712 0.16920850459088804 0.12670877639872605 0.09744549629744424 0.15769961690861192 0.08594160486174462 0.15205053167847124
0.10239704587310144 0.08824657436594299 0.26081416860891055 0.12054222091460597 0.09606990673381537 0.0890465040488207 0.13439558063165766 0.10848799882314535
0.12147974722082158 0.08932746948712063 0.22532551958452418 0.08423971206630015 0.1429296430986556 0.11038226418535367 0.1252279898776641 0.10108765447956017
0.1444458379092069 0.10036839698116579 0.235687954216857 0.09369097888609244 0.13816345175132708 0.09886304966397068 0.10445844959389709 0.0843218809974832
0.1056674183410512 0.15516615865603714 0.1655907699429541 0.13983995513829006 0.09341497312328387 0.1433287879948793 0.07113597717904321 0.12585595962446106
0.10887725018903123 0.09405554296085794 0.2573806637373632 0.11937193270311593 0.09432475057763405 0.08546432378840588 0.13309079661078746 0.10743473943280434
0.10612095318876974 0.07774770372485422 0.3067442981331396 0.11539839658634832 0.09132333542421975 0.07014615564181725 0.1286606003731376 0.10385855692771348
0.10292152092536513 0.07256927227523331 0.33145254592495066 0.11252861618764047 0.08844289734439885 0.06534838338224037 0.1254610093912947 0.10127575456887643
0.13515120196469033 0.0947359343692559 0.28797609616134306 0.09309715117528625 0.11618376161981755 0.08527204264000023 0.103796376011849 0.08378743605775762
0.0900825770679137 0.1336284647645131 0.16178343025861308 0.12227249473562593 0.1022151883966186 0.16035820249067037 0.08293264860329412 0.1467269936827511
0.10431627320734338 0.08976621020785923 0.25607616457346466 0.12029806087425816 0.09747673508552104 0.08967494085715265 0.13412336040756842 0.10826825478683236
0.10480847786996206 0.07694222191077134 0.3062318307296699 0.11560010779534018 0.09234939349191731 0.0711423778684446 0.12888549331808824 0.10404009701580617
0.0839049415830263 0.1298852973626658 0.16938097197096924 0.12618047966597065 0.0968367324269145 0.15681171953089115 0.0855832818603975 0.15141657559916477
0.1022733609845202 0.08891084288027076 0.26087041915933384 0.12048559974635734 0.09586125257543954 0.08882903262783584 0.13433245225452078 0.10843703977172159
0.12143653396806826 0.0894943198798037 0.22535868434961445 0.08424047719722924 0.14283987033899553 0.11031241433343414 0.1252291272961796 0.10108857263667509
0.11017342612036574 0.07660007787280876 0.2876848793962748 0.11435212797520639 0.105378085736757 0.07540039876944023 0.12749408895146144 0.10291691517768574
0.13946840524594328 0.09680119173235698 0.26742030151975277 0.0940921638011314 0.12369300170120752 0.0889362477435969 0.10490574083499277 0.08468294742101826
0.1317715437256913 0.08863538254369153 0.224136074340358 0.0806780480991236 0.1510677032597858 0.10696425313818192 0.11993333717421957 0.09681365771894831
0.14807655120656504 0.09957658664579871 0.2341243827158667 0.0929516587145033 0.14062605726407346 0.09735410783441736 0.10363416277572234 0.08365649284305297
0.13515786125853343 0.08943496694821715 0.2089962034117735 0.0807460478340918 0.15884132474927232 0.10989391504980534 0.12003442334739617 0.09689525740091016
0.09011198969900593 0.13184220095638005 0.1362574578306645 0.12280095993658907 0.11539661641819259 0.1729385373652265 0.08329108587003432 0.14736115192390686
0.10543040064707737 0.09031195614524676 0.24169174407886784 0.12161284989293432 0.10248455426697163 0.09342767802045233 0.13558925204480884 0.10945156490364089
0.08405512345524162 0.13501476346597469 0.14833371278432136 0.12666513060156584 0.09996390525506771 0.16805720609053976 0.08591200162540986 0.15199815672187897
0.1030857798708938 0.09271377611584694 0.24891732297134084 0.12130571752322261 0.09753383249683682 0.0920216028780522 0.13524682237290642 0.10917514577090036
0.10468113082611977 0.07907334863097998 0.30248811003302123 0.11586416564814145 0.0926137241057654 0.071821873554493 0.12917989811815173 0.10427774908332732
0.12096080862773564 0.08727449983692029 0.24266338153210507 0.08298179945196603 0.13979073656373384 0.10339259635539161 0.1233580182897883 0.09957815934235924
0.10904049994880505 0.07663750594129255 0.2965386941756208 0.11309397946790975 0.10359525473501124 0.07321813695273643 0.12609134725750532 0.10178458152111877
0.0846865666651431 0.13112344397717487 0.16595006054831504 0.12545879918240546 0.09994556501422747 0.15719121136578132 0.08509379422806632 0.15055055901888653
0.1024281177899593 0.09103480435101141 0.2585463363959669 0.1202000500620672 0.09672012140631592 0.08887643927260364 0.1340140856662152 0.10818004505586046
0.12134287663365192 0.09138926822589448 0.22415520154293103 0.08405447068136344 0.14306486541514057 0.11017533656601212 0.12495261611737013 0.10086536481763612
0.14418262759267766 0.10249877848829766 0.23484210904067976 0.09345373570800339 0.13806881442029048 0.0986516314578053 0.10419394115504259 0.08410836213720305
0.09203589384075432 0.1385430895827484 0.14412518064319926 0.12171643593744763 0.10855776934496388 0.16640641184663701 0.08255549567931231 0.14605972312493715
0.13675256235418753 0.12104865604711926 0.199095078476269 0.0978321870068453 0.12950521126188527 0.11864174894437857 0.10907558760315439 0.08804896830616077
0.15090762045051964 0.11159162659816617 0.22191674465889424 0.09333802882061192 0.13302903294824864 0.10114778397456521 0.10406493661044341 0.0840042259385507
