Action: 0
[0.7371000000000001, 0.08189999999999999, 0.07289999999999998, 0.008099999999999996, 0.08189999999999999, 0.009099999999999997, 0.008099999999999994, 8.999999999999992E-4]
[0.69564, 0.12276000000000002, 0.05235999999999996, 0.009239999999999995, 0.09486, 0.016740000000000005, 0.007139999999999995, 0.0012599999999999994]
[0.7532960000000001, 0.06550399999999998, 0.093104, 0.008095999999999996, 0.06550399999999998, 0.0056959999999999945, 0.008095999999999996, 7.039999999999992E-4]
[0.71253, 0.10647000000000001, 0.07046999999999998, 0.010529999999999998, 0.07916999999999999, 0.011829999999999999, 0.007829999999999995, 0.0011699999999999994]
[0.69564, 0.09486, 0.05235999999999996, 0.0071399999999999944, 0.12276000000000004, 0.016740000000000005, 0.009239999999999995, 0.0012599999999999992]
[0.6544549999999999, 0.13404500000000003, 0.03444500000000003, 0.007055000000000008, 0.13404500000000003, 0.02745500000000001, 0.0070550000000000074, 0.0014450000000000018]
[0.7125300000000001, 0.07916999999999999, 0.07046999999999998, 0.007829999999999995, 0.10647000000000001, 0.011829999999999997, 0.010529999999999998, 0.0011699999999999994]
[0.671925, 0.11857500000000001, 0.05057499999999996, 0.008924999999999995, 0.11857500000000003, 0.02092500000000001, 0.008924999999999994, 0.0015749999999999994]

Action: 1
[0.4829597459999999, 0.17145725400000003, 0.08825225400000002, 0.031330746000000013, 0.141019254, 0.05006374600000001, 0.02576874600000001, 0.009148254000000005]
[0.44054199, 0.21211281, 0.06975801000000004, 0.03358719000000002, 0.14218551000000004, 0.06845969000000002, 0.022514490000000012, 0.010840310000000006]
[0.4955870304000001, 0.15995136960000006, 0.10316496959999998, 0.0332966304, 0.1301541696, 0.04200743040000002, 0.027093830399999994, 0.0087445696]
[0.453510981, 0.20090601899999996, 0.08287101900000002, 0.036711981000000005, 0.13242051900000001, 0.058662481, 0.02419748100000001, 0.010719519000000004]
[0.408375432, 0.15881266799999996, 0.06466456800000002, 0.025147332000000005, 0.21320056799999998, 0.08291133199999999, 0.03375943200000001, 0.013128668000000003]
[0.3699060453, 0.1931168547, 0.04991695470000001, 0.026060145300000004, 0.20897665470000004, 0.10910044530000003, 0.028200345300000006, 0.014722554700000003]
[0.42118582499999996, 0.14952667500000003, 0.07696417500000001, 0.027323325000000013, 0.20279317499999996, 0.07199432500000001, 0.037056825, 0.013155675000000006]
[0.3828519675, 0.1843361325, 0.06062303250000002, 0.02918886750000001, 0.1998755325, 0.0962363675, 0.031649467500000014, 0.015238632500000005]

