0.125 0.125 0.125 0.125 0.125 0.125 0.125 0.125
0.6144272078797297 0.15501557821847417 0.06771921688603066 0.016141586338187075 0.10514100087861725 0.02786190832970746 0.010948206385900796 0.0027452950833528524
0.6393863135071318 0.1412052451995082 0.0747364382491504 0.015979976028997703 0.09414968046005981 0.02150708249103316 0.010681330522592007 0.0023539335415267916
0.4405974870798511 0.1360151333808805 0.15741048703673854 0.04817430577048774 0.1227674923282655 0.03834960648656254 0.04329160716251509 0.013393880754699097
0.6377176042749294 0.1405580115130023 0.07586023903828099 0.01602891572209063 0.09480242402733945 0.021833603347515784 0.010817508488408172 0.0023816935884332967
0.4405295867602545 0.14146637356032754 0.1458635341123509 0.046419953185537016 0.12851284810336921 0.04173391342273182 0.041977497664052836 0.013496293191376317
0.6365810893217062 0.1414538694739808 0.07516698044964382 0.016006559879784325 0.09543176843842144 0.022157404685185112 0.010804767067604732 0.0023975606836734455
0.6903211937886824 0.06855041938489621 0.13045070678099188 0.012566211585140458 0.07520799956979277 0.0077124567410008045 0.013820896442905916 0.0013701157065893503
0.6926054767645403 0.06436753341442206 0.1366355759421015 0.012414055291916946 0.07195237113861586 0.00686426337695259 0.013870331075862632 0.001290392995588074
0.6927770314744035 0.06406159355475508 0.13716966654403012 0.012407004580036397 0.07163790320547932 0.006796339437992543 0.01386670008042464 0.001283761122878567
0.6927913334708085 0.06403699926626416 0.13721467208780935 0.01240657208584721 0.07161035186038239 0.006790664825925097 0.013866201929826783 0.0012832044731364526
0.7160657689690846 0.06618610927423348 0.08864255413939678 0.008014573370476279 0.09868474553472228 0.009357724366549015 0.0119433049641283 0.0011052193814093073
0.7370827703266762 0.06934561530726449 0.08940423957891135 0.008235895242616706 0.07823615020019704 0.007549785543877149 0.009271936160893722 8.736076395631069E-4
0.4531702505854843 0.13544551616130568 0.14104950772680844 0.041896125371022636 0.13426872423477912 0.040448907657256936 0.041350905645682334 0.01237006261766052
0.636949697620665 0.14100467619291923 0.07518035790150732 0.015966078908815403 0.09558743959755192 0.022094336499795968 0.010823948365046836 0.002393464913698424
0.7106030403039527 0.0705460356075318 0.08393584299356922 0.008083732840008007 0.10321791560220975 0.010581764653051395 0.011856568541478403 0.0011750994581985524
0.6920943206109295 0.06545486475970788 0.1337981102214995 0.012381864151087387 0.07384318676926206 0.007168186178013736 0.013939359543923014 0.0013201077655768795
0.6501208786144224 0.13200274744967153 0.08032870615344657 0.01595149606197925 0.08982697451727224 0.018715619116612417 0.010848338858260375 0.002205239228335105
0.4627485127497487 0.13103750798215516 0.14186766772094347 0.03976990545587397 0.13411578099858953 0.03842154508372373 0.040551106195209574 0.011487973813755848
0.6376191709600781 0.1404563478541928 0.07544451898165326 0.015955340174152635 0.09537958187550527 0.02192753651233926 0.010833232346115638 0.0023842712959628288
0.7339083098575748 0.07282304533905991 0.08671740877483586 0.008347980794033538 0.0799206897924955 0.008188806322024327 0.009183979947940353 9.097791720356621E-4
0.4664010885254431 0.1285013307388962 0.1569499739051761 0.04296884226867522 0.12049381277279742 0.033516299978884716 0.040095941679107724 0.011072710131019564
0.6392341612511965 0.13944032905992476 0.0764158504980006 0.016012024254953267 0.09425702366982627 0.02145249833817134 0.010827776387526857 0.0023603365404002495
0.4406206995143781 0.14141437651063035 0.14595330187883968 0.04642419313412482 0.1284413831753363 0.041684113878547605 0.04197447255565014 0.013487459352492947
0.5855442000755207 0.13010048040029812 0.0691460593941115 0.014723146250196663 0.1462857524153701 0.03396125480680734 0.016563937387687525 0.00367516927000824
0.6888824188979327 0.06938152665041357 0.12798352967571125 0.012470870096084228 0.07778558467072447 0.008119309322299368 0.013970911868692402 0.0014058488181422084
0.7378994929455596 0.06870130866003168 0.09083709929119918 0.00826642829821163 0.0768468283759926 0.0073464727643425985 0.009241069827348547 8.612998373142857E-4
0.3789912305484874 0.22046242095875002 0.0708168631236563 0.040924776399676156 0.1536832074645648 0.09017065271157856 0.02840699229028202 0.01654385650300447
0.624222091565194 0.15186409483373947 0.06859917730155184 0.015916228537490914 0.10068544334061026 0.025589146035821454 0.01056664775651988 0.0025571706290721157
0.6898952074694962 0.06920924839212372 0.12943601322648904 0.012581487039521447 0.075814844392322 0.007861233336824527 0.013818535660555426 0.0013834304826673633
0.6496162126894185 0.132429232961493 0.08004743143371984 0.015951620562896937 0.09005386158300097 0.018846805607392707 0.010842278442216085 0.0022125567198619266
0.4059630194463781 0.25357642740970554 0.08090437700141406 0.05007520815501265 0.10732806566243146 0.06785708980179363 0.021094338262690835 0.01320147426057363
0.6467140650704772 0.15600869842651235 0.05048503723226548 0.011633734660076382 0.10052879113016988 0.025297412296732717 0.007526171462528524 0.0018060897212375687
0.4861450494590933 0.15121207097413703 0.10346297610755506 0.03190011972347705 0.1429171714971016 0.04497528374606541 0.030029006557111132 0.009358321935459272
0.6351603769387103 0.1428584315118886 0.07365219998412324 0.01591309011686766 0.09659652366692092 0.02263955373423747 0.010763521405986076 0.0024163026412656924
0.4444589447324568 0.1319603811078705 0.15864138944410017 0.046677021998314895 0.12418022757835749 0.03732893594494385 0.04373684101660655 0.013016258177349707
0.6380962540762276 0.14016429312202827 0.07602027719662124 0.01601502553736409 0.094753009613505 0.021744041165207794 0.010830221590837137 0.0023768776982087915
0.6626944561218433 0.1440479067401285 0.0783391304652288 0.016520971391847234 0.07211938180392062 0.01618692784067533 0.008291838422923211 0.0017993872134331062
0.4555141794599747 0.140165079857459 0.15146748104380978 0.04619538921608014 0.11871751749707302 0.03693178465657181 0.038996096657135736 0.012012471611895906
0.6379827399530302 0.14064848706610253 0.07584064364599964 0.016040204823359706 0.09455449595175534 0.021762667563971386 0.010794086422983252 0.0023766745727976557
0.4494412169387879 0.13872756410561832 0.08238365705428145 0.02517725650109548 0.19647341229680004 0.0613236381545122 0.03551087026288651 0.010962384686018132
0.6508053991141366 0.1491091865456609 0.05136010754888894 0.011287990713913933 0.1031962882614034 0.024660166197416268 0.00779779515251473 0.0017830664660651785
0.35084201449851743 0.22136610348758998 0.08036494166578856 0.05028653068724179 0.1479755288064131 0.09449033529529594 0.03348769496095789 0.021186850598195313
0.5875748445627544 0.14369158151682712 0.04506693840559645 0.01049313322049105 0.15829656442976106 0.04048696341193324 0.011574712902862905 0.0028152615497733964
0.7062594257240715 0.07234689667183344 0.08070625365799056 0.007997577098408853 0.10806203776459197 0.011468495071813049 0.011938275207583376 0.001221038803707385
0.691930530339722 0.06565549113048573 0.13339116627940836 0.012380116198537126 0.07414354694047749 0.007224606148278457 0.013949139680079945 0.001325403283010965
0.6926974332382311 0.06419139154075502 0.13690981572512198 0.012407835441241723 0.07180674004160538 0.006828470176213753 0.013871381861269802 0.0012869319755611766
0.6504083220046774 0.13179052111901915 0.08050071797287564 0.015955577895733312 0.08965735630382347 0.018638090317494683 0.010848611349051232 0.002200803037325129
0.4584509018846722 0.129803454057639 0.1523144321519505 0.04272222155882133 0.12692714555988108 0.03637147473190895 0.04161048869726435 0.011799881357862557
0.6383420523294583 0.13997282361208727 0.07596300447272365 0.01598963930050891 0.09482092259877124 0.021704776066876336 0.010833173135475316 0.00237360848409905
0.45310223137337186 0.13430688847754169 0.1384383372524669 0.04061788215521425 0.13815300779730624 0.041422550203830316 0.04162035354094575 0.012338749199322777
0.6044835519798166 0.13395136438923672 0.049670611841036195 0.010558872536459828 0.1516488525090698 0.035089290553942144 0.011951862913086113 0.002645593277352585
0.688904185901271 0.06980006746649582 0.12696796188978113 0.012462200408889974 0.07827826006077361 0.008209281547521331 0.013964670461438908 0.0014133722638279707
0.6925032945049112 0.06451450649713494 0.13632840247284578 0.012413490129216121 0.07216531477200909 0.006903427465543741 0.01387736198978775 0.0012942021685513703
0.6503489869995169 0.13183630434942256 0.08046628618447493 0.015955028362549913 0.08968946487571672 0.018653892492451824 0.010848338180822497 0.0022016985550447252
0.6428361326417017 0.13854556847821914 0.07643722300301775 0.016002812027403963 0.09257415256647095 0.02057892758515337 0.010718377332684586 0.0023068063653486457
0.6904994495900002 0.0683292952594433 0.1308065458326819 0.012564117293976808 0.07496109642424068 0.0076558790429732985 0.013818416750782637 0.0013651998059011885
0.6926165067332891 0.0643496672168399 0.1366682475271744 0.012413791665229774 0.07193182537222581 0.006860035139417752 0.01386994241304148 0.0012899839327817266
0.6503833447165127 0.13181073244795471 0.08048635466442318 0.015955459698126312 0.08966985936989047 0.01864466309135687 0.01084841138840746 0.0022011746233281254
0.49966680301707894 0.15349640487847968 0.09960390639891749 0.03032837687975828 0.13834045883043908 0.04298152547689466 0.027211000755247947 0.008371523763183739
0.6355837227400644 0.14276534334922003 0.07374999720916053 0.01592572051575418 0.0962948881126464 0.022522101530100466 0.010748585555962224 0.0024096409870917415
0.45325666461286557 0.1400804042499868 0.13831691511166527 0.04232034105210043 0.1324617656713086 0.04141596059888583 0.03983182117430089 0.012316127528886766
0.6366293623618127 0.14140219798439038 0.07500286724080318 0.015977178635926514 0.0956106979230631 0.022174003450238667 0.010806638743689026 0.0023970536600765834
0.6903186266033841 0.06855329364569057 0.1304394224210904 0.01256582282619621 0.07521743155100966 0.0077137316563107095 0.013821434933814025 0.0013702363625045953
0.715610345101791 0.06650595500838583 0.08823314772697555 0.008016493256745201 0.09912394503912898 0.009456506014091976 0.01194255332877747 0.0011110545241042116
0.6922917645370718 0.06515942244511588 0.13431001651260727 0.012377229969342098 0.07351572644731125 0.007097705621604329 0.013934651182415669 0.0013134832845316884
0.6501748153101153 0.13196124625844635 0.0803597945263715 0.01595200103690894 0.08979787996481677 0.018701242554060346 0.01084859233836582 0.0022044280109150727
0.690748582243355 0.06793389684266853 0.13140092428316516 0.012553262433990265 0.07461594023563037 0.007569123232135663 0.013820920950627397 0.0013573497784277193
0.6926337225964286 0.06431994111112548 0.13672084053909983 0.012413183692553686 0.07190017972854763 0.0068532989417994005 0.013869504509227732 0.001289328881217641
0.7160332536745593 0.06620785337043184 0.08861336398505537 0.008014621556759725 0.09871719074261467 0.009364698756802504 0.011943384871923828 0.0011056330418525526
0.6923087925903686 0.06513518175774385 0.13435428593481177 0.012377007641238948 0.07348614656199368 0.007091652594444162 0.013934021756712007 0.0013129111626868104
0.6927249215206781 0.0641467426879096 0.13699378695091793 0.012407271680772328 0.07175340853651624 0.006817775239979666 0.013870205389750851 0.00128588799347546
0.6927866967986397 0.06404463463184527 0.1372000348314486 0.012406660150187767 0.0716196634233227 0.00679250118557949 0.013866423924672168 0.0012833850543042863
0.6927921453439652 0.06403561345836391 0.13721722693114033 0.01240654904380302 0.07160877752860556 0.006790342905432367 0.013866171906851668 0.0012831728818378525
0.6927926055103051 0.06403484405169113 0.1372186719138241 0.012406538197624046 0.07160787189318525 0.006790160953610364 0.013866152461230666 0.0012831550185293293
0.6927926442178901 0.06403477906476436 0.13721879345999727 0.012406537245947436 0.07160779598196704 0.006790145643351025 0.013866150870380635 0.0012831535157024525
0.716066041337391 0.06618593167931906 0.08864279765881795 0.008014573323952518 0.09868447000687157 0.009357666263630287 0.011943303795583603 0.0011052159344338772
0.6923101127922033 0.06513333471337174 0.13435771128101112 0.012376994630130849 0.07348382712169779 0.0070911845335513805 0.01393396804413178 0.0013128668839018536
0.7382838033411129 0.06836534415908864 0.09125240085118597 0.008264540383822568 0.07647224890336055 0.007266122850395313 0.009239005963274415 8.565335477596068E-4
0.4575696511607002 0.1257390198568525 0.15427802138912267 0.04213643079915705 0.1293600420287158 0.03585363823677193 0.043178282305431546 0.011884914223248014
0.6385353162659188 0.1396664610125499 0.07607219598977201 0.01597595456045274 0.09486747211936043 0.02166116467784866 0.010849661477034324 0.0023717738970632104
0.64168395005798 0.13943677334304222 0.07586642358364763 0.015995282565488888 0.09310040410471784 0.0208887037962545 0.010705897021494762 0.002322565527374302
0.44042374852365035 0.1358298851638575 0.1459170870350353 0.044591036168318166 0.1340590235659088 0.041800113398947944 0.043845639399705136 0.013533466744576974
0.6366484594908058 0.14115048799771196 0.07517478899523317 0.0159756979314088 0.09566301650277666 0.022161545719518828 0.010828107529475215 0.002397895833069595
0.4529845074127554 0.13436556829718455 0.13832647893438665 0.040610870129455225 0.138254907256049 0.04148515730824535 0.04162397111318931 0.012348539548734692
0.6044585370250875 0.13396178168669276 0.04966356408074144 0.010558506561032363 0.15166312936740467 0.035097013318202225 0.011951623293596864 0.0026458446672422723
0.6889034047661196 0.06980102977033141 0.12696631715415743 0.012462200795642251 0.07827942893896506 0.00820953888041617 0.013964685483397665 0.0014133942109702331
0.692503244331696 0.06451458706703166 0.136328252812538 0.012413491156274013 0.0721654098792014 0.006903446770978472 0.013877363945663261 0.0012942040366173753
0.7383729700101841 0.06829306703974022 0.09135729700775885 0.008264929148618733 0.07637163155581027 0.007247235703675265 0.009237486317378625 8.553832168339325E-4
0.45564005412246367 0.1360792885791564 0.08515898993886979 0.02527692199318262 0.19325065814360082 0.058166386095065484 0.035743667689528504 0.010684033438132668
0.6317547542775305 0.14405782204247622 0.07176384358228202 0.015705420024345298 0.09969515636626305 0.023705451395565864 0.010848176366636476 0.0024693759449006523
0.3750093280628158 0.23592255763663916 0.06857238725325424 0.042691590309644194 0.14389210283314371 0.09171149191085508 0.0258901437623984 0.01631039823124928
0.6425424377607397 0.15746075434931464 0.04910460192565455 0.011474230897134946 0.10352277069311863 0.026496237105207796 0.007557276577070828 0.0018416906917590812
0.5083052203479804 0.15209367848061953 0.09228457654181856 0.027325660316731924 0.1432869201781777 0.04341852742458953 0.02561396979063022 0.007671446919452167
0.6557685150206639 0.14741616647949582 0.052912861127209734 0.011442234342004741 0.09966742339859949 0.0233176130658132 0.007738823820565922 0.0017363627456473034
0.44401940351660624 0.12688492392847114 0.1578213877757793 0.044695464605302354 0.1301615982902348 0.0376478457224109 0.045686612780035635 0.01308276338115971
0.6380637033168094 0.13993640712853406 0.07597099305328728 0.015982526806860214 0.09503889236375607 0.02177584526089775 0.010852977336494724 0.00237865473336064
0.690371405264435 0.06846567402955378 0.13057196171092614 0.012563369000172546 0.07514217668509851 0.0076947744816957195 0.013822122209491298 0.001368516618627076
0.6926089670274157 0.06436137424171345 0.13664628481588176 0.01241391478254407 0.0719460467914255 0.006862892119092103 0.013870260570214822 0.0012902596517124548
0.6927773194083521 0.0640610989556152 0.13717057110758618 0.012406995887005032 0.0716373493178815 0.006796225296631253 0.013866690095835967 0.0012837499310928
0.7160628580015794 0.06618801871346715 0.08863994878728025 0.0080145747571065 0.0986876811085064 0.00935834614448992 0.011943316219425678 0.0011052562681447289
0.6923099847497411 0.0651335127417378 0.1343573794483006 0.012376995752662701 0.07348405284561114 0.007091229878831765 0.013933973408872131 0.0013128711742426723
0.6927250092605729 0.06414659972233859 0.13699405566319217 0.012407269843707255 0.07175323815512025 0.006817741053519807 0.013870201647423667 0.0012858846541253062
0.6927867040485101 0.06404462251523625 0.137200057523483 0.012406659976682692 0.07161964921497284 0.006792498323707901 0.013866423623844645 0.0012833847735623973
0.6504373080701005 0.13176856886029822 0.08051766091529475 0.015955898872230617 0.08964116194944227 0.01863033606811925 0.010848703040344217 0.002200362224170243
0.4409016829874835 0.12483299305032321 0.16985554889534699 0.04769475192463124 0.12206601967163351 0.03497797907078286 0.04647527002405527 0.013195754375743385
0.639003505675978 0.13929748305229456 0.07660441353128941 0.0160197562203431 0.0943629363942826 0.02149357965950004 0.010853514481627167 0.0023648109846852445
0.4444373959266615 0.13168717689848472 0.1472214446486922 0.04320884050367838 0.13543930809509222 0.04059185650378534 0.044281372268015644 0.013132605155590183
0.7066614588897785 0.07122972891373283 0.08358118503971221 0.008078974302148384 0.10604510770180503 0.011166774130125637 0.012025756435259242 0.0012110145874384168
0.691996655584051 0.06554192253281702 0.13362167019289473 0.012379674234166466 0.07399547418601356 0.007196513979284795 0.01394542349093137 0.001322665799840973
0.6927034628066328 0.0641813516551028 0.13692895463786547 0.012407711483863784 0.07179464697058473 0.0068260715485915545 0.013871104649445375 0.0012866962479135137
0.6927849409924155 0.06404756548007838 0.13719454809743173 0.01240670205877945 0.07162310015511622 0.006793193646494487 0.013866496610259238 0.0012834529594248291
0.7160644369882488 0.06618696893518264 0.08864136518445785 0.008014572902151375 0.09868610024656381 0.009358007893580152 0.011943311646887618 0.0011052362029278122
0.6478034368945123 0.13357780267628155 0.07857505390065735 0.01586447205720878 0.09167982792545712 0.019390513368437994 0.010865163419100269 0.002243729758344924
0.5055032776970585 0.14931767281945807 0.09289532517281002 0.027170487238689714 0.14679448535313314 0.04385780972310166 0.02660008074640394 0.007860861249344903
0.6353396366774532 0.14275631342170478 0.07348490380390933 0.015882444238711557 0.09673509854302761 0.022624105546405465 0.010763399370180206 0.0024140983986076308
0.44445565998358844 0.13195695601167723 0.15863617806662453 0.04667495939826883 0.12418965217416526 0.037330871370984314 0.04373902500320048 0.013016697991490684
0.6380956498174799 0.14016446211185352 0.0760199149681245 0.016014982578010595 0.09475362684371995 0.021744232442800025 0.010830243369941582 0.002376887868069792
0.4576644374662947 0.13021750619912467 0.15155348805990887 0.04269877081130908 0.12757637708726582 0.03675994758162814 0.0416568524973617 0.01187262029710714
0.707530550977383 0.07084266038281191 0.08414154181984677 0.008086658384057728 0.10519243379306888 0.01099559843609145 0.012009089483885821 0.0012014667228544321
0.7136369556724818 0.06754897419057135 0.08616959953019354 0.00797899567513082 0.10166649990570523 0.009880509919251797 0.0119826717735302 0.0011357933331353222
0.6922061584858452 0.06527144641638617 0.13408296983589044 0.012376701730915084 0.07367828469677466 0.007128228998150276 0.013939817682746474 0.0013163921532917781
0.6927172525172008 0.0641589944225339 0.13697030366649557 0.012407396528913312 0.0717685417522811 0.006820758356474179 0.013870573130227491 0.0012861796258734912
0.692786062731476 0.06404568737090541 0.13719805186574383 0.012406674379891758 0.07162091156464023 0.006792751239556689 0.013866451261392961 0.0012834095863930549
0.6504371057137411 0.13176872363392156 0.08051754306045082 0.015955896826040313 0.08964127315591787 0.01863039007011198 0.010848702249855097 0.0022003652899611837
0.44960469507524 0.12729709860995633 0.16115870056423517 0.04522912259529262 0.12447551288057056 0.03566842229923957 0.0440629499534949 0.012503498021970727
0.6597354793640153 0.1442365760959216 0.05495926029538692 0.01153040769255193 0.09770901678090128 0.022310463518589722 0.007811965970450293 0.0017068302821829438
0.4491625211600313 0.13895264209133543 0.08195087670259847 0.02511021919501131 0.19686376409332154 0.06156858150635836 0.0354287253542544 0.010962669897089336
0.630968819884622 0.14462514773754723 0.07136814612485456 0.015691744401926184 0.1000966792433547 0.0239293373102915 0.010840344859026916 0.002479780438377026
0.6901046399292489 0.06884017577543641 0.12992112241054896 0.012566240074185863 0.07557442076361583 0.007788633927651391 0.01382784093447304 0.0013769261848395574
0.6496698206709253 0.13238495764960215 0.08007773775984446 0.01595175564482348 0.09002837555778576 0.01883276297110582 0.010842818730070475 0.0022117710158426414
0.6907311031418372 0.06796078297303414 0.13135908462265233 0.012553888810447276 0.07464113848015598 0.007575207521306878 0.013820893786303442 0.0013579006642628186
0.7381061050231071 0.06854495940765742 0.09105816854074499 0.008267619801124991 0.07662306040241282 0.007303745181729664 0.009237574994450472 8.587666487725864E-4
0.7153421778841008 0.06693699372849757 0.0873014392527819 0.008007719630844387 0.09980190521241418 0.009559540643108228 0.011932739880084683 0.0011174837681680878
0.6922675331697844 0.06519938605681312 0.13423152898424515 0.01237755188475788 0.07356618866585297 0.007107472706006997 0.013935898250892325 0.001314440281647391
0.7158836742275815 0.06629729085823222 0.0884772449257854 0.008013875856026191 0.09887916728114814 0.00939612947170386 0.011945103439190398 0.0011075139403323151
0.7142265927237038 0.06720634438399369 0.08662049696152482 0.007980614590779875 0.10109945528949128 0.009757923486374514 0.011979657435421502 0.0011289151287105315
0.6922284526511987 0.0652415310558131 0.13413900982297305 0.012376584569966919 0.07363944118977679 0.007120462976015138 0.013938855293520585 0.0013156624407359506
0.6927188591506319 0.06415640157166203 0.13697519992959947 0.012407365449242806 0.07176541827524549 0.00682013437494494 0.013870502522218485 0.0012861187264548812
0.6927861950435915 0.06404546677603605 0.13719846565772179 0.012406671276281627 0.07162065202685271 0.006792699041848786 0.01386644571121055 0.0012834044664567982
0.6504371474743244 0.13176869165759764 0.08051756737748687 0.01595589724407158 0.08964125024424571 0.018630378928588823 0.010848702416210094 0.002200364657474802
0.44489483199964935 0.13666736847780458 0.09568228455239788 0.029149889521731618 0.18483914126858972 0.057405028522791376 0.039275310886137116 0.012086144770898258
0.5977606430354412 0.13601616978126538 0.04759512517927988 0.010384560694116201 0.1564551170125021 0.03715398624692415 0.011925570622150843 0.0027088274283200257
0.6886894234659376 0.07004608927163801 0.1265117276222082 0.012459390081965458 0.0786218582947467 0.008279953434531511 0.013972134294781856 0.0014194235341908677
0.6924893825207663 0.06453629474070076 0.1362869781032747 0.012413697227016563 0.07219217287541912 0.006908765059667345 0.013877990490641683 0.0012947189825133322
0.7160041190571043 0.06622617429576733 0.0885875285939954 0.008014574093548499 0.09874715870519507 0.009370867729603894 0.011943578971048049 0.0011059985537377368
0.6923076245926719 0.06513678485891043 0.13435126755111335 0.012377015316374649 0.07348821879103085 0.007092065205935268 0.013934073476840123 0.0013129502071232981
0.7158917030315737 0.06629215230543568 0.08848438312725829 0.008013881923455432 0.09887098370533227 0.009394423052402902 0.011945059982557148 0.0011074128719843436
0.6923030467615159 0.0651429367905409 0.13433939015383956 0.012377024772447945 0.07349651324713004 0.007093682102959583 0.013934302550470602 0.001313103621095686
0.6927244984045392 0.06414742396335757 0.13699249316283127 0.012407279444951716 0.07175423651367124 0.006817939803660715 0.013870224635279226 0.0012859040717090832
0.6927866618631483 0.06404469280055235 0.13719992555344682 0.012406660957502596 0.07161973204655996 0.006792514967523242 0.013866425404963047 0.001283386406303751
0.7384189905130664 0.0682529633093415 0.091408910043774 0.008264772823594257 0.07632489201440329 0.007237551788122299 0.009237118289163656 8.54801218534629E-4
0.5161049215358642 0.15413361986856902 0.09646206799351568 0.028631258584546515 0.13279317599629883 0.04000280956909696 0.02453335835750942 0.007338788094599324
0.636276830580838 0.14246123772177757 0.07397628977037592 0.015940015679544662 0.09587759089800635 0.022330983801363256 0.010737588640160639 0.002399462907933659
0.4672757027332131 0.14438146584386163 0.08557349999198209 0.02617746556087448 0.17857436155738132 0.05586573918678096 0.03219244938175477 0.009959315744151534
0.632356352825638 0.1441227232253412 0.07205034285067008 0.015763317312089697 0.09893392678756624 0.02350698415245034 0.01080789228950719 0.002458460556737245
0.4568073212849009 0.13032478271644282 0.13924367889877434 0.039300830540663086 0.13990061390244296 0.04039844844960994 0.04203064852308612 0.01199367568407964
0.6048689700924238 0.13361844258771483 0.049767498981531565 0.010550863538157111 0.1516194228783964 0.03496634580894162 0.011967201659555749 0.002641254453278963
0.6889157167889854 0.0697814127871387 0.12699246202837441 0.012461560300257066 0.07826526598029844 0.008205382455684567 0.013965157481193282 0.0014130421780680386
0.7153611818311334 0.06664255451099174 0.08801901920216959 0.008014489490811193 0.09939453290045507 0.009507984300292066 0.011946162311896822 0.001114075452250233
0.6922818862646014 0.06517244372057782 0.1342847213580028 0.012377228988189784 0.07353358139269967 0.007101168566088411 0.013935158726055098 0.0013138109837851865
0.6927229456640512 0.0641499522709301 0.1369877405685771 0.012407311822333183 0.07175725103087865 0.00681854459533554 0.013870290907856509 0.0012859631400374692
0.6927865336153857 0.06404490710981418 0.13719952417127804 0.012406664023880212 0.07161998338836695 0.006792565590479817 0.013866430728592226 0.0012833913722027563
0.7160647665136152 0.06618675496861509 0.08864165950705578 0.008014572914652365 0.09868576625762678 0.009357937659708252 0.011943310141830166 0.0011052320368963456
0.6923100615572059 0.06513340561350464 0.13435757861784745 0.012376995037152873 0.07348391767454773 0.007091202662685483 0.013933970237675812 0.00131286859938028
0.6501798042551364 0.13195746265699354 0.08036267785509191 0.015952054293087315 0.08979512927438354 0.018699908290920463 0.010848610728564355 0.0022043526458221732
0.3567936152722338 0.2319908822963739 0.06563203068813082 0.04227120652891242 0.15501526492673182 0.10186566394989613 0.028135671447599056 0.018295664890122205
0.6971594445926452 0.07858779463162707 0.0757456739011687 0.008134540890278218 0.11384405663550116 0.01340768091628198 0.011798561428634582 0.0013222470038629032
0.6916250263018126 0.06609196094309741 0.1326638113366981 0.012387329758419314 0.07461333694370295 0.007329155454223801 0.013954344569652478 0.0013350346923934632
0.6499997343666133 0.1320946235539503 0.0802589647262556 0.015950212165911474 0.08989350451049663 0.01874802313799276 0.01084787262017735 0.0022070649186027714
0.4566560497217134 0.14030680673720278 0.09819817136593964 0.029921596860714644 0.173065181976966 0.05380220683078388 0.03673503486912949 0.01131495163755008
0.6330076568985182 0.14351548721742793 0.07260564555849171 0.015791869732974598 0.09850323076403852 0.02329969916715245 0.010826168738754227 0.002450241922642286
0.6901804162088194 0.06873989295836443 0.1301025738193533 0.012566184784307526 0.07544855404819752 0.007762262781800864 0.013825537399227102 0.0013745779999299336
0.7155865874664419 0.0665210793615625 0.08821227750349625 0.008016470375883175 0.09914800675048765 0.009461555868743496 0.011942671359080614 0.0011113513143043308
0.714199864670781 0.06722288296790041 0.08659876422387681 0.007980588518936382 0.10112535996522361 0.009763564946935588 0.011979738031974909 0.0011292366743715456
0.6922274180407237 0.06524294617579532 0.13413637625086935 0.012376592326828693 0.07364124625465393 0.007120826033416895 0.013938898287346381 0.001315696630365843
0.7382717073660419 0.06837543199852418 0.09123899514664692 0.008264544180657083 0.07648484046113384 0.0072686549743426225 0.009239140593788173 8.566852788652741E-4
0.692862563163361 0.06482138571024301 0.13531086617152796 0.01240935286970439 0.07248656480923145 0.006941666551919907 0.013869023874022071 0.001298576849989997
0.6502873511285594 0.13188774306311132 0.08042482872975686 0.015954513675193637 0.08972465003145545 0.018670221855795914 0.010848013314314838 0.00220267820181277
0.6907525979275092 0.06792828745887185 0.13141048070025452 0.012553202758059828 0.07460962910314779 0.007567734963647147 0.013820842453518369 0.0013572246349913563
0.715679670528875 0.0664595522345254 0.08829422480092337 0.008016371464166455 0.09905590939397516 0.0094416180028935 0.011942472571412772 0.0011101810032284934
0.7142082375994797 0.06721795967624282 0.08660551277659444 0.007980616185699082 0.10111703564058164 0.009761816734074552 0.01197968445608544 0.0011291369312421942
0.6922277412025013 0.06524251111376542 0.13413719632556578 0.012376590766907839 0.0736406777577271 0.007120712959736834 0.01393888389573297 0.0013156859780627502
0.6501569830488986 0.1319743683240255 0.08034941363086351 0.015951761757802226 0.08980816377980881 0.01870604504309185 0.010848564399662369 0.0022047000158470663
0.36738659107478916 0.22942319663201105 0.07900575897120769 0.04891695808638899 0.1392181833839336 0.08799490740174455 0.029552356506799316 0.01850204794312553
0.6243480435207488 0.15215835874477285 0.06891928387100177 0.016006422669824272 0.10000159981962209 0.025472667230218068 0.010538900412880269 0.002554723730931973
0.7097246245760523 0.07119088921593422 0.08324239295895486 0.00809043598113514 0.10394485768662505 0.010776724435077462 0.011844426501817431 0.001185648644403604
0.6678073855552957 0.13853516321623213 0.08064158046998779 0.01636752204221996 0.07130930609504835 0.0151852814125849 0.00840733743555821 0.0017464237730729678
0.3574207299159105 0.2416148522719033 0.0659163673458545 0.04415806123871705 0.1463258830277969 0.09988092724001339 0.02666351286133596 0.018019666098468314
0.6407795655853652 0.1586225970100954 0.04859957629985786 0.011462955593933148 0.10419537998574138 0.026942377594320346 0.007541643923139422 0.0018559040075473829
0.49974799765570344 0.1436605101236523 0.10620182504847282 0.0302420352240771 0.141002355876437 0.04106653728869207 0.029559647914436 0.008519090868529113
0.636314115392787 0.14192827417184786 0.07416469852387461 0.015908624845965447 0.09616620501918494 0.022336807605598055 0.010780377123756997 0.002400897316984852
0.7105202426733195 0.07060531835270485 0.08386306715859397 0.008083993467133097 0.10329515843912096 0.010600148402918957 0.01185594493075156 0.001176126575457235
0.6678974123064003 0.13845471056847247 0.08069538093907482 0.01636824168837446 0.07126733563584663 0.015164041289025387 0.00840761724470856 0.001745260328097539
0.44256828863755354 0.14135417169234585 0.14738321615153752 0.04667816540353028 0.12635792406151022 0.04075176858495313 0.04161072593077706 0.013295739537792402
0.6049492909937451 0.13422381076784648 0.049891812600065824 0.010610216324194193 0.15079828709567167 0.03495547490135864 0.01192816026754691 0.0026429470495712717
0.6889212160057284 0.06979097870173294 0.12700537166850784 0.012463998870255026 0.078239466573555 0.008203799103824889 0.013962278027756765 0.0014128910486391694
0.7153622488347819 0.066642421235055 0.08801983232168466 0.008014533389526988 0.09939300669966106 0.009507795593091473 0.011946097584654404 0.001114064341544453
0.714179782758004 0.06723389754771493 0.08658277491593441 0.007980462386782792 0.10114595737769423 0.009767699246760407 0.011979952985222805 0.001129472781886488
0.7369304136958746 0.06945739750370862 0.08924798889422707 0.008234918564443734 0.07839843431942976 0.007580973062240949 0.00927444216027228 8.754317998027289E-4
0.3660763661363126 0.24114712970089341 0.06836000896548351 0.044759655704327286 0.1419155111385839 0.09425695298607088 0.026201232914994686 0.017283142453333865
0.6980610625100143 0.07842657488792167 0.07630061045883568 0.00817119958455065 0.11273125488431196 0.01322816659067827 0.011766708016839312 0.0013144230668481161
0.6916572254872997 0.066058348660488 0.1327403323437436 0.012388376066339597 0.07455153101974979 0.007318380952566286 0.013951772680687657 0.0013340327891253698
0.6926785321272865 0.06422315147960944 0.13685230388208416 0.012408388688945766 0.0718421516479259 0.006835830774570026 0.013871992833176337 0.0012876485664020786
0.71604185235287 0.06620144840245233 0.08862120502414789 0.008014556709403594 0.09870917084317156 0.009362808885268673 0.011943436632180782 0.0011055211505052315
0.6923091406062991 0.06513467720535761 0.13435519456956224 0.012377001978903747 0.07348554768325734 0.0070915284299642185 0.013934010098291885 0.0013128994283638919
0.6927249472153605 0.06414670036230266 0.13699386580750797 0.012407271083594863 0.07175335895209804 0.006817765208694521 0.01387020435678414 0.0012858870136574123
0.7160512725750691 0.06619532339271643 0.08862961036381423 0.00801455625267799 0.09869963965956388 0.00936080042004441 0.01194339524074201 0.0011054020953718431
0.6478016891442612 0.13357903813845523 0.07857410097719807 0.015864446090195806 0.09168082184338633 0.019390987553960955 0.010865160562759794 0.0022437556897825094
0.6634858470501288 0.1433124752258148 0.07875505806947705 0.016520716831115 0.07182963161642696 0.01600635219039861 0.008299767998037768 0.001790151018601288
0.43818883985599516 0.14023869823879676 0.1572270877917821 0.04991498459980834 0.11966407293732707 0.03869076782697047 0.04246660567536061 0.013608943073959589
0.6375227670072292 0.14085894306690622 0.0757973572109202 0.016050099573673666 0.09471599801571211 0.02186875935440983 0.01080235105815609 0.0023837247129928287
0.7339227737097274 0.07282362469675853 0.08673520469573424 0.008349339175025143 0.0798911582957335 0.008185727883661176 0.009182563001276744 9.09608542083195E-4
0.4614153022655847 0.12712703041018122 0.14342600017389961 0.03924846941599348 0.1369799102861837 0.038065577805853755 0.04212173577174623 0.011615973870557118
0.6377497635307167 0.14019288965090643 0.07552087979642809 0.015940746806861604 0.0954615811136154 0.021901127905317973 0.010849648764563615 0.0023833624315903242
0.4582168320002747 0.14714300848441936 0.1399660423341384 0.044513554596309624 0.12201670262035348 0.039655756079686966 0.03669132696975113 0.011796776915066429
0.6369966127825794 0.14153277981587054 0.0752110252279626 0.01602827115698052 0.09502809457876205 0.02203968745420803 0.010773591863611912 0.002389937120025131
0.6903331195106772 0.06854272932313675 0.13047189129156178 0.012567008183304279 0.07518668590594116 0.0077089372442622275 0.013819808454573574 0.001369820086543229
0.6926061756218291 0.06436658688298504 0.1366375736415359 0.012414062610200106 0.07195094798735885 0.006864003541422656 0.013870281788306864 0.001290367926361443
0.6503802105986478 0.13181314389953594 0.08048453576460687 0.01595542986594298 0.0896715620244263 0.01864549837457821 0.01084839752074499 0.0022012219515168212
0.7345976273227657 0.07223423119844294 0.0873498619257553 0.008343651473710592 0.07933955119087274 0.008046790203348753 0.009186254504816674 9.020321802872512E-4
0.4533156148919058 0.14127665164572747 0.14094993318843002 0.04365678720574325 0.12855119861138375 0.040388112852519094 0.03952902033471897 0.012332681269571684
0.6368788719366999 0.1413154095736804 0.07517059387316813 0.01599729079660629 0.09535361788957122 0.022090828547985202 0.010800231263586448 0.002393156118702185
0.4699971227903358 0.13381315353249357 0.08611607995765747 0.02425966694585455 0.18800512464558686 0.05421005274060888 0.033929901057549366 0.009668898329913588
0.6327497482648189 0.14344095999893736 0.0721889597653729 0.015720198938248945 0.09916689765684442 0.02343068213230931 0.0108471890460785 0.0024553641973895776
0.4590148215392467 0.1363918704048391 0.08395943854800791 0.024689461161037953 0.19285700646433054 0.0580044151970067 0.03475104156924974 0.010331945116281514
0.5972227535772597 0.13616389159537493 0.04730762659682017 0.010353251762282814 0.15700261458555764 0.03732291779688772 0.011915081136600936 0.002711862949215972
0.6886698236976265 0.07006865941804917 0.1264656384182849 0.012458910758846267 0.07865710553689957 0.008286706631449104 0.013973140914381517 0.0014200146244629254
0.6493081706442397 0.1326308649669258 0.07986562963823582 0.015944395727247082 0.09025756846466354 0.018932087855422372 0.010843914896389702 0.0022173678068759853
0.45311548821403225 0.12835780506932967 0.09741595139398974 0.0273529048774741 0.18839389198247575 0.05399364889370597 0.040013956693100323 0.011356352875892144
0.6529914860654229 0.14754287149860018 0.052174684269003124 0.011314574503817629 0.10227568817940302 0.02410798330951368 0.007826564659721825 0.0017661475145177555
0.43563171976986026 0.13507445478065866 0.1547420984887905 0.04757232640787953 0.12799608412743488 0.04014818836004087 0.04488827557385891 0.013946852491476366
0.63719930248058 0.14078965684307618 0.0755945730267976 0.01600708826322183 0.09520544321614952 0.021986405876449573 0.010827718036879843 0.0023898122568453365
0.36134203842114665 0.2267832076481684 0.07177444538882079 0.04461729380193177 0.1512043169049575 0.09603257707221252 0.02962762310380523 0.018618497658957185
0.6230512594812905 0.15282029367956523 0.06817992792175122 0.015932855076012536 0.10100662157170391 0.025891923960653568 0.010545035882703046 0.002572082426319988
0.4611824215044565 0.13215450758292466 0.15197664421806614 0.04310050313988264 0.1238621733192905 0.03598472480721205 0.040195217795580315 0.011543807632587246
0.6384315713881544 0.14004446725636657 0.07599748683994056 0.016003606193607002 0.094657563362642 0.02167251567884253 0.010821172273377025 0.0023716170070698307
0.6903817927947721 0.06846011402823458 0.1305897445268337 0.012564193935767964 0.07512307289758541 0.007691774744866296 0.013821040970155619 0.0013682661017843892
0.7156209228946722 0.06649892212997664 0.08824249259259583 0.008016479302034385 0.09911349066451253 0.009454237401500712 0.011942533794803001 0.0011109212199047589
0.6922921876888716 0.06515883121502658 0.13431111131586 0.012377225791730522 0.07351498495453172 0.007097555786912162 0.013934634123280094 0.001313469123787451
0.7382812417108395 0.06836754163437626 0.09124956248116771 0.00826454682393249 0.07647485342711213 0.007266660215944085 0.009239028000145389 8.565657064825217E-4
0.3624668938186042 0.22911729055567473 0.06774176195878315 0.04255668317726474 0.1537475144468003 0.09794485117005934 0.02843554970554672 0.01798945516726686
0.6226558455416089 0.15313519830009029 0.0679106233885708 0.015916075233592987 0.1012517911274785 0.026016241245684888 0.010537364587543266 0.0025768605754304037
0.6898439875036867 0.06928782577445 0.12931809653524554 0.012583437791814492 0.07588479630181268 0.007878842283880768 0.013818019942178445 0.001384993866931409
0.6925725598671657 0.0644238521961893 0.13653516624931597 0.012415143631479286 0.0720132692274454 0.006877128118035498 0.013871237516717976 0.0012916431936506741
0.6707220400113965 0.13594633925876465 0.08299692792973223 0.016454632137886335 0.06936260915607716 0.014423879206090132 0.008390871518427748 0.0017027007816253683
0.3693644233478665 0.23011729132582587 0.0796968448012327 0.04924245451361114 0.1374126075832391 0.08654439866146231 0.029322630024160693 0.018299349742601705
