Action: 0
[0.11425832596599736, 0.10106861841323184, 0.2542126945642518, 0.10106860125433088, 0.1260807133988957, 0.10117384389463063, 0.10106860125433088, 0.10106860125433088]
[0.10261193164238552, 0.10261193164238552, 0.25633268732797665, 0.10261193164238552, 0.12774591319445697, 0.10286174126563893, 0.10261193164238552, 0.10261193164238552]
[0.22680555007702685, 0.10278898786993344, 0.1560993831959648, 0.10278898786993344, 0.10315012737734018, 0.10278898786993432, 0.10278898786993344, 0.10278898786993344]
[0.125, 0.125, 0.125, 0.125, 0.125, 0.125, 0.125, 0.125]
[0.10574412206251373, 0.15247512187110127, 0.231180609708604, 0.1020351881776484, 0.10237475479743732, 0.10211982702739852, 0.1020351881776484, 0.1020351881776484]
[0.1033651739949099, 0.1122005649835765, 0.26336637520833533, 0.10329894691033442, 0.10787209817184049, 0.10329894691033442, 0.10329894691033442, 0.10329894691033442]
[0.125, 0.125, 0.125, 0.125, 0.125, 0.125, 0.125, 0.125]
[0.125, 0.125, 0.125, 0.125, 0.125, 0.125, 0.125, 0.125]

Action: 1
[0.10276177237645387, 0.10276177237645363, 0.10276177237645363, 0.10276177237645363, 0.12530081858910333, 0.2581285471521746, 0.10276177237645363, 0.10276177237645363]
[0.1524693614966374, 0.10133131304628899, 0.10133131304628899, 0.10133131304628899, 0.12781318308600237, 0.2130608901859152, 0.10133131304628899, 0.10133131304628899]
[0.2079465864341654, 0.10383930919251076, 0.10383930919251076, 0.10383930919251076, 0.11331653319242953, 0.1595403344108513, 0.10383930919251076, 0.10383930919251076]
[0.125, 0.125, 0.125, 0.125, 0.125, 0.125, 0.125, 0.125]
[0.10390779259242149, 0.10464532544040837, 0.10390779259242149, 0.10390779259242149, 0.11215105606137826, 0.263664655536106, 0.10390779259242149, 0.10390779259242149]
[0.10133817109794847, 0.11164791309115381, 0.10133817109794847, 0.10133817109794847, 0.22918766532501597, 0.1524735660940878, 0.10133817109794847, 0.10133817109794847]
[0.125, 0.125, 0.125, 0.125, 0.125, 0.125, 0.125, 0.125]
[0.125, 0.125, 0.125, 0.125, 0.125, 0.125, 0.125, 0.125]

