Action: 0
[0.10898668365851041, 0.10194800134321312, 0.267665265196282, 0.10194800134321312, 0.11360804442914199, 0.10194800134321312, 0.10194800134321312, 0.10194800134321312]
[0.12564433966575003, 0.10190179027467498, 0.26294491868620007, 0.10190179027467498, 0.10190179027467498, 0.10190179027467498, 0.10190179027467498, 0.10190179027467498]
[0.10762064756756923, 0.10342840151008698, 0.26953805331164327, 0.10342840151008698, 0.1034359719302828, 0.1056917211501568, 0.10342840151008698, 0.10342840151008698]
[0.125, 0.125, 0.125, 0.125, 0.125, 0.125, 0.125, 0.125]
[0.12796369185583506, 0.10169957549129584, 0.26149777374885974, 0.10150340314704225, 0.10282534631584027, 0.10150340314704225, 0.10150340314704225, 0.10150340314704225]
[0.12588806423914858, 0.10188206255918071, 0.26281944437278076, 0.10188206233347676, 0.10188217949498296, 0.10188206233347676, 0.10188206233347676, 0.10188206233347676]
[0.125, 0.125, 0.125, 0.125, 0.125, 0.125, 0.125, 0.125]
[0.125, 0.125, 0.125, 0.125, 0.125, 0.125, 0.125, 0.125]

Action: 1
[0.1028685809815788, 0.1028685809815788, 0.1028685809815788, 0.1028685809815788, 0.11474170783075205, 0.26804680627977523, 0.1028685809815788, 0.1028685809815788]
[0.10471582512940031, 0.10471582512940031, 0.10471582512940031, 0.10471582512940031, 0.20943165025880062, 0.1622733989647975, 0.10471582512940031, 0.10471582512940031]
[0.10162608068859832, 0.10162594117525864, 0.10162594117525864, 0.10162594117525864, 0.1316328911222105, 0.25861132231289796, 0.10162594117525864, 0.10162594117525864]
[0.125, 0.125, 0.125, 0.125, 0.125, 0.125, 0.125, 0.125]
[0.10411700188532126, 0.10411918529019014, 0.10411700188532126, 0.10411700188532126, 0.10553265629587608, 0.26976314898732734, 0.10411700188532126, 0.10411700188532126]
[0.10299818432440909, 0.10299818432440909, 0.10299818432440909, 0.10299818432440909, 0.16540412279462982, 0.21660677125891575, 0.10299818432440909, 0.10299818432440909]
[0.125, 0.125, 0.125, 0.125, 0.125, 0.125, 0.125, 0.125]
[0.125, 0.125, 0.125, 0.125, 0.125, 0.125, 0.125, 0.125]

