0.125 0.125 0.125 0.125 0.125 0.125 0.125 0.125
0.099626400996264 0.07845579078455792 0.199252801992528 0.15691158156911583 0.08685378548392246 0.06839735606858895 0.17370757096784492 0.1367947121371779
0.09444644354078607 0.15741073923464347 0.10039762527401264 0.1416696653111791 0.1180580544259826 0.19676342404330432 0.10625224898338434 0.08500179918670747
0.08769198837691987 0.1551473640514736 0.07644942576449425 0.13525667635256675 0.10523038605230385 0.18617683686176836 0.0917393109173931 0.1623080116230801
0.10989103442272587 0.08653918960789662 0.14109977494537604 0.10384702752947596 0.13736379302840734 0.12661384442018433 0.1648365516340888 0.12980878441184493
0.08586710848062622 0.15191873038880022 0.07485850482926389 0.1324419700825438 0.10304053017675147 0.2031125861478452 0.08983020579511665 0.15893036409905256
0.10826454200256062 0.0852583268270165 0.13894442726942846 0.10230999219241982 0.14827376933363728 0.12666463913057163 0.16239681300384096 0.12788749024052476
0.06149247285206087 0.10879437504595386 0.05360882248641205 0.09484637824519056 0.12298494570412175 0.2613626042030558 0.1072176449728241 0.18969275649038111
0.12314486128111239 0.09940609284137988 0.1539310766013905 0.12425761605172485 0.11083037515300116 0.13806015468358745 0.13853796894125142 0.11183185444655236
0.10505847179653703 0.0741169876143673 0.21558777465682366 0.1482339752287346 0.09063554845766057 0.07303651877737556 0.1641011040383224 0.1292296194301789
0.07868946860245846 0.11916271733697498 0.11666480079205202 0.14299526080436997 0.09712767384715566 0.1593695570082488 0.1072464456032775 0.17874407600546247
0.11277632739170335 0.08258035733994258 0.15037257788767752 0.09909642880793111 0.14328790670510594 0.1307199471149778 0.1572959187427478 0.12387053600991388
0.07684769064552206 0.1230535243964168 0.08693999006268578 0.15381690549552102 0.08346239046017835 0.18697122426982787 0.10432798807522295 0.18458028659462522
0.09999192639237542 0.07331347922894277 0.21338679019098752 0.14662695845788554 0.09254060591895594 0.08398953894710044 0.16232207041328803 0.12782863045046433
0.11164317798690471 0.08003901537830085 0.17806540857726963 0.09604681845396101 0.1472223620292912 0.11446942711958172 0.1524552673872397 0.12005852306745125
0.07687601859507945 0.12323077775323944 0.08706522341261481 0.15403847219154929 0.08358261447611022 0.18588245884640997 0.10447826809513779 0.18484616662985914
0.09901560398581424 0.0725503303031553 0.21841363189057103 0.1451006606063106 0.09461035234090062 0.08317901311261232 0.160632395950006 0.12649801181062975
0.07582838019097003 0.11502151474727727 0.12641773304441384 0.13802581769673272 0.10408804588026707 0.16456687304687384 0.10351936327254954 0.17253227212091587
0.06326916513497727 0.09808484439005213 0.0689881371779381 0.08827635995104693 0.1470178851121735 0.2518792563904619 0.10593163194125631 0.17655271990209387
0.08672795752039097 0.13866875291091418 0.06832953041987076 0.12089070766592519 0.09405358893088092 0.2642651768490627 0.0819954365038449 0.1450688491991102
0.11705545742625603 0.08223706965585811 0.1273447160715713 0.10279633706982262 0.13358460789203672 0.16081254811478243 0.15281365928588558 0.12335560448378714
0.11417781002082826 0.07377125181766687 0.18277653435421942 0.14754250363533375 0.09294071698484589 0.09150404899650788 0.16449888091879747 0.13278825327180038
0.13362358792275797 0.0944681197253955 0.2073903233435446 0.11336174367047461 0.12801559634957158 0.09881633198953901 0.1254961102090724 0.09882818678964451
0.07531189174331038 0.10347002498061186 0.061385877414415355 0.0902046371625847 0.1316943421228778 0.25555349284984785 0.10197045940118271 0.1804092743251694
0.13617329616164756 0.09435922031441227 0.15508860407377792 0.11794902539301534 0.11906312221525545 0.13970824784103975 0.13150436114713798 0.1061541228537138
0.08781817561328795 0.11705701637656267 0.09545921975381406 0.14632127047070334 0.08879631118818286 0.18971848988725826 0.09924399214534661 0.175585524564844
0.1325150642904163 0.09597093272245069 0.1812882542666637 0.11516511926694083 0.12892759628265477 0.11824015165851463 0.1274925211257953 0.1004003603865638
0.08714197708400653 0.11668700229530704 0.09743385346784016 0.1458587528691338 0.09698422764145005 0.18193339864458496 0.09893028455471686 0.17503050344296056
0.1032377849315835 0.07054414696866476 0.2233784133561585 0.14108829393732952 0.09647075271661294 0.08609001585387703 0.15619054111092237 0.12300005112485138
0.08006243384325049 0.11270164985561361 0.12880546369034973 0.1352419798267363 0.10467758479309576 0.1680269283374814 0.10143148487005223 0.1690524747834204
0.065517558669822 0.0956715530294266 0.06899742743396431 0.08610439772648394 0.14552664690554878 0.2626483435100058 0.10332527727178073 0.17220879545296788
0.06201933426542541 0.09446919812916212 0.04982591664931802 0.08235776247157722 0.134418805026207 0.3190933791994598 0.09310007931569599 0.16471552494315445
0.10089970974537665 0.07045600985491948 0.18361639482449582 0.14091201970983896 0.1026166905303193 0.11757197144209067 0.15710638615410405 0.12682081773885506
0.10159624898598614 0.0677928269562475 0.2554576201379604 0.135585653912495 0.09495922208222116 0.07630665774904138 0.15009889240618085 0.11820287776986743
0.09816018306625442 0.13910192329428803 0.09942850299205566 0.12126834338476393 0.11419756279545086 0.2000699003705871 0.08225157203488336 0.1455220120617167
0.1211576687595842 0.07865961364526086 0.14345799598212008 0.09832451705657608 0.15003840077010633 0.144206384828387 0.1461659984900743 0.11798942046789128
0.11205138337149236 0.06866891403303163 0.2142716460106443 0.13733782806606326 0.10536496537099095 0.08557978868630686 0.1531214292020138 0.12360404525945692
0.10795949273656794 0.06750423785778485 0.24799533474625837 0.1350084757155697 0.09498675465655315 0.07451370097977468 0.15052437516347844 0.12150762814401272
0.14026661040175628 0.08826644275747803 0.22171910420743834 0.11033305344684753 0.12186165782747374 0.09524026247356704 0.12301312078327627 0.09929974810216276
0.08787342775057151 0.11253664152985637 0.12457226661625943 0.14067080191232048 0.10010593684171702 0.17002446262700366 0.09541150042748693 0.16880496229478456
0.10173115805976066 0.06930918892218993 0.233888588230695 0.13861837784437986 0.09645522643867709 0.08569442709795852 0.1534562424650847 0.12084679094125424
0.09799368880335993 0.13635697626577645 0.10660382260502273 0.11887531264195896 0.11584547077712656 0.2010458808140325 0.08062847292237214 0.14265037517035073
0.10725982995732833 0.06857271899883409 0.21552112213698807 0.13714543799766818 0.1001919459402696 0.09497112213778942 0.15290692863322108 0.12343089419790135
0.10597139008260816 0.06644789116928718 0.2579186032226917 0.13289578233857435 0.09397135945595789 0.07501988991435014 0.1481688797118135 0.11960620410471692
0.08243882485833554 0.11343962760134103 0.13588511344988743 0.1417995345016763 0.09643705161069045 0.16366333100100777 0.09617707557505001 0.17015944140201153
0.08942557234222528 0.14487631498574507 0.12492378296575857 0.16190446998603147 0.08296125533031642 0.1678344814530787 0.08236009994941601 0.14571402298742833
0.11497415704104881 0.07820475424920319 0.1583787138146059 0.09384570509904383 0.15043753242354366 0.13789056933360094 0.14896143666514894 0.11730713137380479
0.08232626873168043 0.11966590268358689 0.11202281583141999 0.1380296082105328 0.10590502592336777 0.1827947666761504 0.09362008209062225 0.16563552985263935
0.13528876964866987 0.10043725391404272 0.1799161923413221 0.11155722011986996 0.12813458317193785 0.11988650742830005 0.12437797526797441 0.10040149810788296
0.11184948731051837 0.07257577959527037 0.24299040182094456 0.13101098635284053 0.09910906044668441 0.07848692391204806 0.14606747284413713 0.11790988771755648
0.14021966391155938 0.09315714807690068 0.2234028273549166 0.1081284708764628 0.12271352285121079 0.09450756740174862 0.12055517573838465 0.09731562378881652
0.11133439776622704 0.070909924211043 0.2595545836153183 0.12884540457724428 0.09652987352555764 0.07321194141016228 0.14365301077492756 0.11596086411951986
0.12199395463757014 0.08093343755711883 0.20022318419589255 0.09407482341565958 0.14164834718729105 0.10838792144200912 0.13984854346566708 0.1128897880987915
0.12398160721235497 0.08105932913722173 0.18021314029290952 0.09320507298279399 0.15481980894210193 0.11631935282212658 0.1385556010311385 0.11184608757935278
0.1091346889614149 0.07103953746767012 0.2436628761212669 0.13066653204637863 0.10446198189125248 0.07775107267229882 0.14568343199797737 0.11759987884174078
0.08250311110701801 0.12055313027774889 0.13258651595331292 0.1401260901419537 0.09797034133176108 0.1630674592694053 0.09504204374845557 0.16815130817034443
0.10286368183773845 0.07632284843723983 0.22864033798555708 0.13554444081753847 0.09575347052136184 0.08776328741000172 0.151121936254778 0.12198999673578463
0.12073505192977262 0.08207877702578732 0.19162380844972468 0.09495363344306694 0.14265245996804435 0.11285695545596149 0.1411549535959622 0.11394436013168031
0.1424893740972916 0.09351278541133991 0.20456172220793054 0.10741235697670819 0.1341284676186436 0.10146741022755487 0.11975676218149403 0.09667112127903735
0.11231467734419387 0.07119280711907368 0.2526796990669242 0.1292974386581385 0.09937302209943417 0.07461766587867283 0.14415699504123802 0.11636769479232466
0.10515921465446221 0.06962427371086367 0.27274733384622657 0.1294514486298907 0.09204709627637023 0.07013562444882462 0.14432870466646022 0.11650630376690162
0.10304731722039255 0.06916459362072383 0.2802846583396034 0.12879455745267152 0.09012551119653395 0.06907194043707988 0.14359632002559047 0.11591510170740438
0.08140645344272233 0.12023115004468173 0.14070202947042046 0.13998602059079754 0.0949571030384575 0.15978697865107463 0.09494704005288877 0.16798322470895702
0.11665689391885567 0.08673647038875217 0.16515028721974875 0.09629937427215697 0.14422690655571427 0.13221533079420114 0.1431554877239826 0.11555924912658835
0.10822921485396522 0.07199705333617029 0.23861038327825546 0.13174275600187013 0.10307388041267923 0.08089489032224678 0.14688334139312983 0.11856848040168312
0.1047927676308403 0.07007237170517494 0.26777657170543956 0.13020628851445945 0.09328123717076237 0.07151480880389025 0.14517029480641971 0.11718565966301352
0.08176248082764698 0.12044320519023623 0.13799312213596077 0.14012303793985115 0.09569175580587237 0.1607987790134078 0.0950399735592034 0.16814764552782135
0.10254236830707164 0.07619558265937719 0.23083732827978892 0.13533008769650393 0.09515817307057772 0.08725643253850102 0.15088294852132603 0.12179707892685354
0.10402210775514664 0.07074650403071202 0.2653648980831629 0.13096294731079092 0.09213553515152041 0.07288744219170036 0.14601391289725496 0.11786665257971184
0.1375052066078804 0.09264416520685491 0.23151515514019702 0.10771701802503862 0.1205919827775842 0.09298471950542661 0.12009643651448336 0.09694531622253474
0.1104261674768901 0.07064155914389807 0.2630961487192919 0.1284061792491392 0.09596248597371786 0.07273859080073751 0.14316330731209997 0.11556556132422528
0.10441295037374236 0.06935386124257618 0.27658827787873447 0.12900901656506697 0.09108190567915785 0.0696104474206617 0.14383542593150006 0.11610811490856028
0.12006604014302773 0.08068476014266496 0.20570134632515194 0.09392581322921505 0.13994375880820067 0.10734027566131114 0.13962702981537042 0.11271097587505807
0.10755467260041367 0.07055721426162728 0.25382005328477336 0.1298323207317984 0.10084014086614394 0.07579316095982866 0.14475334863679612 0.11684908865861855
0.10411129266061259 0.06958846727095955 0.273276111427178 0.12946967389262656 0.09235465495657678 0.07032806881436628 0.14434902447431644 0.11652270650336388
0.10280846123763075 0.06915391261824698 0.28049976718127684 0.12877906291525829 0.09018425747690681 0.0690943371742642 0.14357904477268346 0.11590115662373245
0.11960278115288991 0.08063197348684638 0.20689239668158801 0.09388111532421853 0.13960698044192768 0.10716683114597216 0.13956058337749502 0.11265733838906222
0.1417255293942752 0.09305806233203208 0.20968644488519073 0.10702757360784254 0.13291678727656459 0.09993302881665084 0.11932775744038565 0.0963248162470583
0.11196741937987846 0.07103752842455177 0.25464773274664887 0.12906617761462796 0.09897678938289559 0.07424563636222162 0.14389915623601054 0.11615955985316516
0.10501730733081802 0.06956326533976848 0.27348173449556673 0.12935494749741355 0.09191424005387103 0.07002793942956467 0.14422111310532526 0.1164194527476722
0.1029939172064703 0.06914051912692663 0.280556400362663 0.12875620506884763 0.09008287632996499 0.06903593736341963 0.14355355997974503 0.11588058456196287
0.10233097219708116 0.06895892465899452 0.28313677254671843 0.12846545569855264 0.08952846548478344 0.06873110315559214 0.14322939612958033 0.11561891012869738
0.10210186586979207 0.06888713825706771 0.2840687913807145 0.12835180152314993 0.08934524143279768 0.06862585995998213 0.14310268020566116 0.11551662137083493
0.11935526549098761 0.08056037207467859 0.20795461769981716 0.09381930751872501 0.1392691746559614 0.10698939161400192 0.13946870192335836 0.11258316902247001
0.10732551112108003 0.07050120087492967 0.25468003175162346 0.1297435079425622 0.10063878875297265 0.0756874734039081 0.14465432900461786 0.11676915714830599
0.10403313603543014 0.06956499587497987 0.2735914326547493 0.1294322162848295 0.09228978555041617 0.07029217690628181 0.14430726203696664 0.11648899465634657
0.10278121293360962 0.06914488180549917 0.280613800932069 0.12876483912730735 0.09016220393069253 0.06908151974565079 0.1435631863105949 0.1158883552145766
0.10228385742129191 0.06895917873366535 0.28316091064892235 0.12846546177348736 0.08954406488581608 0.06873820803799917 0.1432294029026792 0.11561891559613863
0.10209110012255496 0.06888683761564876 0.28407815022089733 0.12835120835567027 0.08934793026597847 0.06862666703095952 0.1431020188681876 0.11551608752010326
0.0812205639996579 0.12015535231861514 0.14151713642178876 0.13993101524938822 0.09477453521080319 0.1595744464182871 0.09490973208219376 0.16791721829926587
0.07705140644034977 0.12559969971672122 0.10929963606575965 0.1394558585509762 0.09526305619338882 0.19139586088488383 0.09458745188674907 0.1673470302611714
0.13413376906110083 0.10121392627764828 0.17986256469142164 0.11182458102415026 0.12567864207845572 0.1219683312215475 0.12467606272394066 0.10064212292173522
0.11156639891154882 0.07254999231357721 0.2439391980171484 0.1308545793513531 0.09867820311530726 0.07874941616520455 0.14589309070964293 0.1177691214162178
0.10534381240388406 0.06996866046472673 0.26968437952782076 0.1299350749031646 0.09222429087543262 0.0710343025424754 0.1448679118696477 0.11694156741284815
0.12044807585513936 0.08084209226256854 0.20366328123538877 0.0940588592204922 0.14046753444253843 0.10782471430195335 0.1398248116173287 0.11287063106459064
0.10770822571349024 0.07061444112728625 0.25304982864785946 0.1299194921444225 0.10101100322317878 0.07591892795723981 0.14485053825654268 0.11692754292998024
0.1041711322846448 0.06961040190377082 0.27299476484251917 0.12950406452646918 0.09241304620933373 0.07036556469485437 0.14438736746458578 0.11655365807382226
0.10283122716004495 0.069161940702992 0.2803978855684419 0.12879154898293085 0.09020547765855784 0.06910656003605238 0.14359296580634232 0.11591239408463778
0.1366593755621876 0.09212692311358794 0.23634663471230627 0.10726410337283253 0.11963858731160329 0.09183521241505871 0.11959147047687448 0.09653769303554927
0.11007106477926043 0.07049096920573034 0.26488628710366735 0.1281906293411798 0.09562563868710616 0.07244085922545489 0.14292298525053926 0.11537156640706181
0.12154844045083549 0.08078029901402888 0.20197602438558016 0.09392725541185257 0.14137518211800573 0.10805091840874993 0.13962917371672412 0.11271270649422307
0.10799082339751415 0.07062993816770377 0.25237060100962033 0.129954058647889 0.10122789596626228 0.07597895269959225 0.14488907732831802 0.11695865278310011
0.1042530923935137 0.06962465025596978 0.272740562046922 0.12952894720700087 0.09247342172395424 0.07038816408987641 0.14441510979646216 0.11657605248630079
0.10285726059503247 0.06916851599678925 0.2803050926140071 0.12880223511939612 0.09022445353841793 0.06911555047787236 0.1436048800510282 0.11592201160745651
0.1023106577436497 0.06896792033295417 0.2830493732534496 0.12847910350484096 0.08956670328011752 0.06875043631553239 0.14324461241509878 0.11563119315435687
0.10210059050533148 0.06888993383733955 0.2840377606977596 0.12835598302085588 0.08935699820540229 0.06863100675098964 0.14310734226355126 0.1155203847187703
0.10202170099292816 0.06886113617450909 0.28439293108088515 0.12831096907311765 0.08928658858432237 0.06858964685735872 0.14305715507107294 0.11547987216580587
0.11932826090332191 0.0805532645090296 0.20805028693503727 0.09381312052951009 0.13924554200622632 0.10697427593311636 0.13945950454834635 0.1125757446354121
0.10731621016468569 0.07049836948607778 0.2547158406093615 0.12973906767520843 0.10063329420871278 0.07568267851038464 0.14464937843788164 0.1167651609076876
0.13850971480764068 0.092620215158356 0.22768020176624834 0.10770562640512099 0.12287771904731253 0.09358772334231663 0.12008373570839607 0.09693506376460889
0.08668344827838216 0.12128531286748055 0.12797173155591715 0.13779178151515947 0.10071816393600615 0.16674065047945053 0.09345877354941251 0.16535013781819136
0.10380651456876193 0.07633949357198876 0.22658376832778496 0.13544055502408958 0.09632729279003992 0.08859976484790054 0.1510061113477536 0.12189649952168063
0.08164755583614777 0.12138848482337755 0.12889633965802158 0.1404224558202508 0.09640723864932087 0.16748792123745362 0.09524305699112665 0.168506946984301
0.10279005805564284 0.07646521138117864 0.2272728678429206 0.1356905657189486 0.09556005285321138 0.08881488038603728 0.15128485461500688 0.12212150914705375
0.10418982084959776 0.07084183048152046 0.2640437506437538 0.131106674687117 0.09231561327867654 0.07333214464499421 0.1461741581959349 0.11799600721840532
0.1031699009034859 0.06949018215509238 0.2772385506517578 0.12926101481945942 0.09048263415756859 0.0699064187958147 0.14411638517930772 0.11633491333751349
0.13684894803383954 0.09222244972092336 0.23531647392144525 0.10734311677845716 0.11979156833538819 0.09218907358171193 0.11967956452762313 0.09660880510061143
0.11013765539717368 0.07051087007243895 0.2644866718827409 0.12821290356773365 0.09567701168009751 0.07263545483796383 0.1429478193508911 0.1153916132109603
0.10429329049332196 0.06930215303604241 0.27707793851219314 0.1289255363802711 0.09097601717652401 0.0696497299040863 0.14374235175531716 0.11603298274224398
0.10270773374046828 0.06903023859513611 0.28184400666836934 0.1285778362047019 0.0897857948702072 0.06897964532955357 0.1433546920073318 0.1157200525842317
0.10221625253550794 0.06891221666036697 0.2835876693641922 0.12838888223821276 0.08942484976318418 0.06877611298840569 0.14314402243573868 0.11554999401439149
0.10205249094783232 0.06886456358190685 0.2842184349139671 0.12831315858952708 0.08930435364163791 0.06870555937608164 0.14305959621847272 0.11548184273057437
0.08119509123768939 0.12012052005095349 0.14152281949174714 0.13989122988420516 0.09474452536469455 0.15977359088385532 0.09488274722580874 0.1678694758610462
0.10228260727528647 0.07607071306729031 0.23217209123621163 0.1351374814809227 0.09484415217590902 0.0872010144669983 0.1506682069645511 0.12162373333283041
0.12050610652238805 0.08198561012541265 0.19268601518651166 0.0948633875999652 0.14229478202993212 0.11280723632692852 0.14102079708890347 0.11383606511995824
0.09649139160049312 0.13881405640140673 0.13887551404905754 0.159454753075447 0.0908110006788056 0.150930066818943 0.08111393960794476 0.1435092777679023
0.10267280273412299 0.0690527992372172 0.23977841450004314 0.1381055984744344 0.09458575647630602 0.0825163014379901 0.15288857462371247 0.12039975251617357
0.08151729415352814 0.12061580258613414 0.1319023934533509 0.14052383542333308 0.09612151296111504 0.1653787401056697 0.0953118188088694 0.1686286025079997
0.11677149494878744 0.08682847177796335 0.16239455357150828 0.0963687799146091 0.1446975081353912 0.13403799188114887 0.1432586638730607 0.1156425358975309
0.10833331214340264 0.07204794102447239 0.23751700225521336 0.13182081511629173 0.10324302916735964 0.08142879520819478 0.14697037148040287 0.11863873360466257
0.08235568353999861 0.12066698516911144 0.13125538921659718 0.14012875423488347 0.09775581712832991 0.16463901493077637 0.09504385069844272 0.16815450508186017
0.11695238279939567 0.08680217324127672 0.16213606731919833 0.09633091240132412 0.1451636646995934 0.13381533338640056 0.14320237127122212 0.11559709488158895
0.10837728430354211 0.07204719598580384 0.23740550489881093 0.1318222355931919 0.10334165272494365 0.08139415925369399 0.14697195520614081 0.11864001203387273
0.13934481275323035 0.09314446112605798 0.22202034632474796 0.10816735013569448 0.12406595599102951 0.09530793533612408 0.12059852321099071 0.09735061512212502
0.12803341411767324 0.08164392324070685 0.18685464939668417 0.09271041199974057 0.14888300071850355 0.11280185187067233 0.13782025425633077 0.11125249439968868
0.10979013973010311 0.07088292174258115 0.2463075455124856 0.130290216056335 0.1030741579403675 0.07712995681506457 0.14526386775236158 0.11726119445070152
0.10482243323693764 0.06975676162439322 0.27047042890577144 0.12974403319355357 0.09299356893342887 0.07078822961144171 0.1446549146202754 0.11676962987419823
0.1030458493040349 0.06922016897933432 0.2794666667678546 0.12888204737781828 0.09038333802148088 0.06931422214641035 0.1436938647630302 0.11599384264003644
0.10237030242811708 0.06898247841811991 0.28273456273250663 0.1284987505851074 0.0896141152107079 0.06888439765544861 0.14326651744339583 0.11564887552659665
0.09333388451039044 0.13800456165987393 0.16218650828901582 0.1607024296992292 0.08168252173437772 0.1377092800960247 0.08174862728178181 0.14463218672930628
0.10150633285597088 0.06859544258312551 0.24905158486023685 0.13719088516625103 0.09214857209863313 0.08002892290045001 0.1518759493903959 0.11960231014493679
0.09710555291865383 0.14395410543056303 0.11157248848905976 0.11701433892055553 0.11417678044624371 0.19639327982240246 0.07936624726785504 0.14041720670466662
0.07852519292572459 0.126164547034294 0.10126728419935174 0.13671925326086456 0.09775409886991121 0.20277520019379533 0.09273131960302118 0.16406310391303744
0.07593815537398375 0.12521269719952036 0.09978885835745326 0.13821323560887527 0.095075574585477 0.20617096677454186 0.09374462936949801 0.16585588273065033
0.10231966821170123 0.07736550853617517 0.21569433513690822 0.13677797448469173 0.09607928493693046 0.0961658174184681 0.15249723423890255 0.12310017703622256
0.10448178148006146 0.07118710859310452 0.25980571300936406 0.13164204958054795 0.09277422276261425 0.07486021870305457 0.1467710612487602 0.11847784462249317
0.10337773976406109 0.0696160384728926 0.2757115592322349 0.12945593002318687 0.0907009880834981 0.07029370631770514 0.14433370108555313 0.1165103370208682
0.1369499224828859 0.09226266175785214 0.23481360259503886 0.10737759815043181 0.11988502476274783 0.09235334323151674 0.11971800868413816 0.09663983833538863
0.11017214588391824 0.07052027233215741 0.2642915289579507 0.12822408153795953 0.0957063712321275 0.07272364471820672 0.1429602819535161 0.11540167338416359
0.10430305811562642 0.06930332090954233 0.277001015109026 0.12892581148572205 0.09098385873287149 0.06970704683269709 0.1437426584773647 0.11603323033714984
0.10270829490012327 0.06902830907496321 0.2818107355566865 0.12857332659038492 0.08978606847435065 0.06902760734823823 0.1433496641239068 0.11571599393134643
0.1365553824983821 0.09206140828634682 0.23677826483695402 0.1071980620127779 0.11946682425684088 0.09194396300832472 0.11951783928887329 0.09647825581150012
0.1271001204805703 0.08140145540512832 0.19135801023676577 0.09252191578523702 0.14720303606976323 0.11184912110697323 0.1375400419732777 0.11102629894228443
0.12515663123458712 0.08093423416692602 0.1772954022089319 0.09299753245821638 0.15644971941391986 0.117322363465494 0.13824707810206494 0.11159703894985966
0.10942997000807116 0.07102450185235902 0.24261310521850102 0.1306432197966787 0.10490231867148526 0.07815054605661195 0.14565744057928207 0.11757889781701082
0.10485981480579763 0.06984831138594856 0.26911239063320397 0.1298989110910185 0.09346522424508485 0.07107873593913297 0.14482759191789676 0.11690901998191668
0.10309545789766057 0.06925521521996784 0.278971682641466 0.1289364501817117 0.09051386013430436 0.06943000893188822 0.14375451982946066 0.11604280516354054
0.10239374249804764 0.0689930459779796 0.2825514894936502 0.12851377670959846 0.0896510154463534 0.06895126038488106 0.1432832704508508 0.11566239903863862
0.10212207015963573 0.06889123121937513 0.2838413529561234 0.12835309813950277 0.08937635660446892 0.0687939767592094 0.1431041258361322 0.11551778832555248
0.10201965716115687 0.06885365787548682 0.2843049852331693 0.12829438311517002 0.08928426847443137 0.06873944037121313 0.1430386629657194 0.115464944803653
0.10198175907494603 0.06884004532350498 0.2844715157295616 0.12827319110835353 0.08925245440853193 0.06872012689797168 0.14301503545961206 0.11544587199751817
0.10196789896382637 0.0688351446675724 0.28453132148537036 0.12826557184006684 0.08924127618237168 0.06871323166065758 0.1430065405440745 0.11543901465606016
0.10196286655407294 0.0688333839015092 0.28455279936272515 0.12826283545231568 0.08923731111273923 0.0687107620336137 0.14300348967594 0.1154365519070841
0.0811694713751368 0.12009953725815901 0.1415836428046364 0.13986972792797037 0.09471892498341537 0.1598468588468421 0.09486816329027555 0.1678436735135644
0.10226514075863319 0.07605941548399807 0.23217861041170618 0.13511669145107344 0.09482899900958433 0.08730109294627486 0.15064502763276397 0.12160502230596609
0.10389951223358275 0.07068792376091924 0.26583091805247794 0.1308659683855281 0.09201478281872787 0.07301573456896882 0.1459057886328201 0.11777937154697529
0.10304043249905483 0.06943174562997213 0.2778766592708908 0.12916854687567758 0.09036516749523107 0.06985246571847975 0.14401329032258378 0.11625169218810981
0.08139523779562152 0.1202444436843417 0.14014704999069116 0.1399657628070607 0.09500149874927029 0.16035379161366578 0.09493329999087595 0.16795891536847282
0.1346332396976259 0.10009691919433747 0.19040172100996364 0.11112308296869328 0.12485663385118227 0.11498368386366618 0.12389394474270728 0.10001077467182395
0.1112807398204833 0.07219307194018938 0.2478723258124059 0.13033308922316705 0.09815592136106079 0.0775534034079541 0.1453116681338892 0.11729978030085035
0.10512703865231415 0.06983143594198912 0.27108614807560016 0.12971714903256842 0.09198396487193174 0.07088388850922724 0.14462494078705765 0.1167454341293116
0.12033784373442545 0.08078773002001435 0.20404690813107312 0.09400481157434971 0.14032848127871772 0.10794398521092799 0.1397444661612721 0.11280577388921965
0.10765084380404315 0.07058288799641203 0.25316183210129095 0.12986294164414786 0.10095437563670136 0.07612298266874863 0.14478748866892305 0.11687664747973309
0.1211074734203401 0.08093028323943222 0.19843578799437275 0.09410278759949152 0.14325023381563873 0.10935997470821018 0.1398901141031247 0.11292334511938981
0.10798836290288508 0.07070184256804123 0.25099983385717023 0.13006508661772587 0.10170246621524433 0.07647096465396329 0.14501286522901674 0.11705857795595329
0.1042834762482055 0.0696482551809149 0.27222017476135363 0.1295620376938916 0.09259611188318077 0.07063210708804527 0.14445200321990598 0.11660583392450244
0.10286774323979125 0.06916998794829395 0.2800992183237825 0.12879976480722694 0.09025209618506191 0.06928927533202804 0.14360212583731122 0.11591978832650425
0.10230646897089146 0.06896061207313832 0.28295772988666656 0.1284627918922382 0.0895662925432306 0.06890316574648923 0.14322642618433123 0.11561651270301437
0.10208941426725077 0.06887935348054432 0.2839873821252574 0.1283345669790923 0.08934769342091438 0.06877701447056073 0.14308346497519692 0.11550111028118307
0.10200762993535849 0.06884936537330905 0.2843574396793118 0.12828770408941728 0.08927432101029394 0.06873338988139406 0.14303121635043983 0.11545893368047555
0.10197737276385589 0.06883850071861405 0.28449035336895545 0.1282707898034552 0.08924895461213876 0.06871795972601852 0.14301235818385225 0.11544371082310967
0.1362671259510703 0.09199010721689362 0.2376593043804356 0.10713258777826812 0.11925981899205 0.0918268862773093 0.11944484040353175 0.0964193290004413
0.10992396400442736 0.07043630526232372 0.26535097854194806 0.12810206757914622 0.09549689702343286 0.07257368127253166 0.14282424549495856 0.1152918608212316
0.10421305385122934 0.06927267354156612 0.27738590412036024 0.12887820257485394 0.09091129448842124 0.0696589110115499 0.14368957809465058 0.11599038231736855
0.10267569415278188 0.06901707150728455 0.28194949633540556 0.1285558012320587 0.08976047347433873 0.06901111753204232 0.14333012465723557 0.11570022110885282
0.10220159485486142 0.0689050158667286 0.28362018832511526 0.1283761536375205 0.08941330623264393 0.06881537181349943 0.1431298309958624 0.11553853827376845
0.08121684037316385 0.1201185278822777 0.1413839551240416 0.13988318395781088 0.09476264435311495 0.1598977375714418 0.09487728998877606 0.16785982074937303
0.10228221866143997 0.07606549122114374 0.232100992115721 0.13512535750929763 0.09484375969971912 0.08731466939334745 0.15065468964096318 0.12161282175836786
0.09370753182913112 0.13972730256940818 0.1498211572891691 0.1616741338332985 0.08298828042473497 0.14433194465430707 0.0822429289499823 0.14550672044996865
0.11531887341805497 0.07790217617928707 0.16577819373478828 0.09348261141514448 0.15043225669887345 0.1318475268005648 0.14838509748435633 0.1168532642689306
0.07123737556524817 0.10322938423167187 0.06873915161520404 0.08305013630238373 0.15306662427993437 0.2606942926241828 0.09388276277660768 0.16610027260476745
0.10087811643623615 0.07540763059644752 0.20057920717276112 0.13577033391596596 0.10813934856118931 0.10565827259119981 0.1513737902018307 0.12219330052436934
0.10450597753187563 0.07127285756630393 0.2539244145709411 0.13203785212721875 0.09552731556408972 0.0766851641742794 0.14721235155079462 0.11883406691449687
0.10356086901852828 0.06974583630692947 0.27354998203788716 0.12968989302179804 0.09140850490358958 0.07072945862257003 0.14459455236907928 0.11672090371961823
0.10268335062413722 0.0691614707914483 0.2806145939534987 0.12877249458792303 0.08999428208619718 0.06930684124978655 0.1435717215778784 0.11589524512913074
0.10225009659591373 0.06894877630384462 0.28314648533355596 0.12844122657639948 0.08950120680977008 0.06891272199523353 0.14320238246652298 0.11559710391875952
0.10206944502171665 0.06887281044031565 0.28405376441277636 0.12832333092438097 0.08932805460122528 0.06879065915493676 0.14307093761270537 0.11549099783194289
0.11931907556590154 0.08053594314976083 0.20791712114923974 0.09378992050811365 0.13923288730220107 0.10723213155671653 0.13942501615833014 0.11254790460973638
0.1072960378101736 0.07047879213077644 0.25462879442137165 0.12969971338516348 0.10061592863328628 0.07594549023121261 0.14460550134136885 0.11672974204664716
0.10401115971336407 0.06954859149858456 0.2735482605871261 0.12940091560438785 0.09227310676031271 0.07048477767812968 0.14427236411414585 0.11646082404394907
0.1027621877932889 0.06913025982260078 0.28057703761100544 0.1287364652852879 0.09014761424798205 0.06925206488888169 0.1435315515941941 0.11586281875675909
0.13660622787829135 0.09209645984181034 0.2363756156276641 0.10722917204672652 0.11959394982402258 0.09203979528434958 0.11955252465508168 0.09650625484205387
0.11003963007872679 0.07047002410854877 0.26486771563376543 0.128150833067048 0.09559894675929487 0.0726584852175193 0.1428786153747535 0.11533574976034319
0.10425256950461836 0.06928440746015202 0.2772073576983671 0.12889589445401314 0.09094380112976652 0.06970036152484749 0.1437093032196236 0.11600630500861184
0.10268848141452601 0.06902041102902538 0.2818826478111507 0.12856037530675238 0.0897704505675621 0.06903807168573611 0.1433352244091702 0.11570433777607715
0.0813079188273379 0.12014371651172062 0.14100617708214616 0.13989822461639165 0.09484477166682409 0.16003383027696583 0.0948874914789439 0.16787786953966996
0.10231040046270504 0.07607237985170721 0.23194621172941352 0.13513342930459604 0.09486763049117673 0.08738617269591685 0.1506636890903481 0.12162008637413643
0.10391485785058495 0.07069210142355623 0.26574173106094373 0.13087177882503123 0.09202716545495836 0.07305549760314611 0.14591226683925124 0.11778460094252809
0.1030448648438529 0.06943237488928497 0.27784172936138873 0.12916888754348027 0.09036849184294642 0.06987798258815367 0.1440136701417608 0.11625199878913223
0.1024263671358284 0.06903727048589957 0.28215794107753156 0.12857572865692982 0.08966092902806093 0.06907126557566728 0.1433523422488456 0.1157181557912368
0.10214189057616314 0.06890314808313276 0.28370024646496456 0.12836999123666187 0.08938944892743356 0.06883932221986262 0.14312296037878572 0.1155329921129957
0.10202715024045048 0.06885639123867994 0.2842524288124965 0.12829780611024325 0.08928957349289848 0.06876614525623385 0.14304247934977862 0.1154680254992189
0.1019834087521884 0.0688398766715236 0.28445039062600913 0.1282722352598135 0.08925344869885866 0.06874165849795286 0.1430139697598219 0.11544501173383213
0.08117024601714205 0.12009563028529562 0.141557018605214 0.13986402416035576 0.09471897500585602 0.1598929822858162 0.09486429464789348 0.1678368289924269
0.10226191629947105 0.07605611686076055 0.2321607978192013 0.13510992425215437 0.09482607940132692 0.0873487508291628 0.15063748271098404 0.12159893182693896
0.10389696704362598 0.07068588691263893 0.2658207890560571 0.13086208282712872 0.09201252803198094 0.07304441505898067 0.14590145652517186 0.11777587454441583
0.10303828010795574 0.06943006200733129 0.2778703601685076 0.1291652742388726 0.0903632553035786 0.06987437978199601 0.14400964157677287 0.11624874681498534
0.10242396407732289 0.06903642858034217 0.28216825173436727 0.12857441747268605 0.08965905092163641 0.06907003111196415 0.14335088037626342 0.11571697572541748
0.10214101909971426 0.06890284438982908 0.2837039526205954 0.12836951895589463 0.08938877576063911 0.06883888829204746 0.14312243382097503 0.11553256706030517
0.10202683537793006 0.06885628197827508 0.28425376004694397 0.12829763625625734 0.08928933285514677 0.06876599087955514 0.14304228997526006 0.11546787263063163
0.13628540718454984 0.09199413733159206 0.23757875232455775 0.10713534901537496 0.11927375890823161 0.09186286214501298 0.11944791897684341 0.09642181411383745
0.1099285063046117 0.07043624119279011 0.265317445078037 0.1281008920803697 0.09549998329633781 0.07260319427397442 0.14282293490154652 0.11529080287233272
0.13889934145264848 0.09232787960363872 0.23105659336528245 0.10735670782875997 0.12116975820194856 0.09287396496738462 0.11969471753445328 0.09662103704588396
0.11070756529358228 0.07058630069332125 0.26283813250003024 0.12833520081672165 0.09605070150708449 0.07289624679735852 0.1430841716568523 0.11550168073504946
0.10446377940920813 0.06933671353494986 0.27646228479040097 0.12898031447634317 0.09108944647810192 0.06978175303776726 0.1438034252445199 0.11608228302870885
0.12005252668323274 0.08066012059826097 0.20562848566730477 0.09389639750929835 0.13991537146209887 0.10758811969661465 0.13958330137203157 0.11267567701115802
0.10753158709233422 0.07053528185307623 0.2537545910266669 0.129789399938259 0.10081968789519566 0.07605349709499094 0.14470549515504397 0.11681045994443308
0.10409148118825276 0.06957233134510113 0.2732274993061808 0.12943880970537466 0.09233878491234648 0.07052155159907864 0.14431461320882819 0.1164949287348372
0.10279040591307687 0.06913938718282434 0.28046092404605694 0.12875083204642931 0.09016993896850742 0.06926519354059828 0.14354756946072045 0.11587574884178638
0.0813332561317456 0.12017301322234006 0.14069981405032417 0.13991798515485454 0.09493816500140746 0.1601352899745578 0.09490089427894481 0.16790158218582543
0.10232593394637535 0.0760818287289435 0.23182746607470345 0.13514691711120724 0.09489583856470393 0.08741106318581296 0.15067872698816684 0.1216322254000865
0.0813691714902743 0.12131972987328209 0.13002283733778816 0.140372835312337 0.09608362638237515 0.1671749958868581 0.09520940134228074 0.16844740237480435
0.10267919862773452 0.07642347814867521 0.22769251813598712 0.1356196685809449 0.09545083339204834 0.08887079179479568 0.1512058095969639 0.12205770172285038
0.08143850486181477 0.12138147463210852 0.1291188203277475 0.1404033059900309 0.09620969068588828 0.16773416790374332 0.09523006841062966 0.16848396718803704
0.076968342232182 0.12554607580494415 0.10646268389247594 0.13923750837740365 0.09541107724933998 0.19484994888261797 0.09443935350815204 0.16708501005288437
0.08817485561581394 0.14583669295200305 0.1175587135432114 0.16111279290809916 0.08266200648319358 0.17769604761844351 0.0819573772619461 0.14500151361728922
0.13795631276632894 0.09400317318922365 0.1877415712146287 0.11280380782706838 0.12666367091430658 0.1176112306105413 0.12487845229533007 0.09834178118257243
0.10236595916201759 0.14368803177849376 0.09824805427316309 0.113737517965467 0.12002731097770877 0.20830439644714221 0.07714370783744716 0.13648502155856035
0.10729791779752368 0.07771661221081155 0.21267682006329955 0.1347196546173978 0.1002718500432768 0.09586709491920252 0.15020236119283004 0.121247689155658
0.09470634689953401 0.13993287788452782 0.14491561070433787 0.16164944913749613 0.0839619972112751 0.14711884198653027 0.08223037195255237 0.1454845042237465
0.1056918713208912 0.06869977282705844 0.2417539821845268 0.13739954565411688 0.09294512295662251 0.0816185406407009 0.15210694512787867 0.11978421928820447
0.0820189937564942 0.1205159818502664 0.1323136872300218 0.14044714773311154 0.09574360469372867 0.16516420290722889 0.09525980454941478 0.16853657727973384
0.1035642078914591 0.06891052048004757 0.23675301149418265 0.13782104096009515 0.09564138759528142 0.08458459708647058 0.1525735577580215 0.12015167673444192
0.08162351223277763 0.12051605571657376 0.131171455488276 0.14042254681215957 0.09628402174827817 0.16623223311996552 0.0952431187073778 0.16850705617459147
0.10352149235598083 0.06893339063939288 0.23630794391550952 0.13786678127878577 0.09578286382363947 0.08477178090591973 0.15262419417106116 0.12019155290971066
0.08161556800509127 0.12051897081542977 0.1310722392400691 0.14042323806024995 0.09631324820706487 0.16630526244588642 0.09524358755390866 0.1685078856722999
0.09535204487415862 0.13437976528706483 0.13057407300587118 0.16125571834447774 0.08823088156558195 0.1652764636423433 0.08434914498018838 0.14058190830031395
0.0798745502750145 0.12465955363130975 0.10666272944423782 0.13123960335874932 0.10155115497684793 0.1935332015963421 0.098429702519062 0.16404950419843664
0.08983074844971968 0.14746061969502125 0.08303032623558938 0.11367525662548146 0.11305005212886993 0.23944121050789227 0.07710147840684829 0.13641030795057776
0.07661568342123949 0.1254732128185531 0.09431655312907482 0.1354795593177942 0.09670165409551736 0.21694738232526842 0.09189048371119955 0.16257547118135302
0.10250169453294294 0.07739056530498538 0.21322910825930658 0.1367442067953914 0.09645186664193645 0.09815318656427544 0.15245958578530952 0.12306978611585227
0.08134766038506493 0.12143031873207352 0.12584020132975882 0.1403414406959997 0.09635019015344036 0.17109235226595892 0.09518810760250415 0.1684097288351996
0.10270653457623256 0.07685885716183814 0.23250419290241356 0.13647824028947939 0.09517524151633606 0.08620888134065648 0.15108702221708747 0.1189810299959564
