Action: 0
[0.10288670282921758, 0.10286596756119491, 0.16518320273357343, 0.10286596756119491, 0.21760025663115257, 0.10286596756127672, 0.10286596756119491, 0.10286596756119491]
[0.20341263093136586, 0.10170631546568293, 0.13296863499873995, 0.10170631546568293, 0.10170631546568293, 0.15508715674147955, 0.10170631546568293, 0.10170631546568293]
[0.203809999947093, 0.10189946819239601, 0.16104470098578844, 0.10189946819023996, 0.1256479102238095, 0.10189951608019314, 0.10189946819023996, 0.10189946819023996]
[0.125, 0.125, 0.125, 0.125, 0.125, 0.125, 0.125, 0.125]
[0.0999344601296294, 0.12749388711481505, 0.258229358262715, 0.09993442975961497, 0.11442642092903485, 0.10011258428496085, 0.09993442975961497, 0.09993442975961497]
[0.15466752676536868, 0.1002988036327669, 0.23434410285736992, 0.10024619740264964, 0.1063604397425104, 0.10359053479403513, 0.10024619740264964, 0.10024619740264964]
[0.125, 0.125, 0.125, 0.125, 0.125, 0.125, 0.125, 0.125]
[0.125, 0.125, 0.125, 0.125, 0.125, 0.125, 0.125, 0.125]

Action: 1
[0.11489105725235393, 0.12927467644467128, 0.09843736023049214, 0.09843736023049214, 0.15524058636785554, 0.20684423901315063, 0.09843736023049214, 0.09843736023049214]
[0.12759544276997792, 0.09995042455013298, 0.09995042455013298, 0.09995042455013298, 0.11461111459517656, 0.2580413198841806, 0.09995042455013298, 0.09995042455013298]
[0.10332288523721322, 0.10309933342456347, 0.10309933342456347, 0.10309933342456347, 0.16561163222362332, 0.21556881541634615, 0.10309933342456347, 0.10309933342456347]
[0.125, 0.125, 0.125, 0.125, 0.125, 0.125, 0.125, 0.125]
[0.10299919047716817, 0.10299915964395137, 0.10299915964395137, 0.10299915964395137, 0.1654056090101444, 0.21659940229293065, 0.10299915964395137, 0.10299915964395137]
[0.15484250573440342, 0.099873643147133, 0.09987273335890443, 0.09987273335890443, 0.11625499467962197, 0.22953792300322384, 0.09987273335890443, 0.09987273335890443]
[0.125, 0.125, 0.125, 0.125, 0.125, 0.125, 0.125, 0.125]
[0.125, 0.125, 0.125, 0.125, 0.125, 0.125, 0.125, 0.125]

