Action: 0
[0.10730253480686693, 0.0906271096348028, 0.34741071746101015, 0.09062590102452843, 0.09197671882550049, 0.09080521619823423, 0.09062590102452843, 0.09062590102452843]
[0.08981728368917181, 0.08981728368917181, 0.31907496427152954, 0.08981728368917181, 0.14202133359343966, 0.08981728368917181, 0.08981728368917181, 0.08981728368917181]
[0.20400568418579004, 0.11165477546342004, 0.24958034006058566, 0.08646977716833376, 0.08808592858889426, 0.08726394019630879, 0.08646977716833376, 0.08646977716833376]
[0.125, 0.125, 0.125, 0.125, 0.125, 0.125, 0.125, 0.125]
[0.19819059538595626, 0.087331274144707, 0.2771213705875313, 0.08733127213379686, 0.08800250984726084, 0.08736043363315411, 0.08733127213379686, 0.08733127213379686]
[0.2425518709682524, 0.0868058507754903, 0.22390441122640548, 0.08679562132204172, 0.09955538174168492, 0.08679562132204172, 0.08679562132204172, 0.08679562132204172]
[0.125, 0.125, 0.125, 0.125, 0.125, 0.125, 0.125, 0.125]
[0.125, 0.125, 0.125, 0.125, 0.125, 0.125, 0.125, 0.125]

Action: 1
[0.10109951515280109, 0.10109951515280109, 0.10109951515280109, 0.10109951515280109, 0.20219903030560218, 0.19120387877759137, 0.10109951515280109, 0.10109951515280109]
[0.1111111111111111, 0.1111111111111111, 0.1111111111111111, 0.1111111111111111, 0.1111111111111111, 0.2222222222222222, 0.1111111111111111, 0.1111111111111111]
[0.09037928956215702, 0.09037928956215702, 0.09037928956215702, 0.09037928956215702, 0.11394652378614564, 0.3437777388409123, 0.09037928956215702, 0.09037928956215702]
[0.125, 0.125, 0.125, 0.125, 0.125, 0.125, 0.125, 0.125]
[0.20219903030560218, 0.10109951515280109, 0.10109951515280109, 0.10109951515280109, 0.19120387877759135, 0.10109951515280109, 0.10109951515280109, 0.10109951515280109]
[0.09319050396310458, 0.09319050396310458, 0.09319050396310458, 0.09319050396310458, 0.18638100792620915, 0.25447596829516334, 0.09319050396310458, 0.09319050396310458]
[0.125, 0.125, 0.125, 0.125, 0.125, 0.125, 0.125, 0.125]
[0.125, 0.125, 0.125, 0.125, 0.125, 0.125, 0.125, 0.125]

