0.125 0.125 0.125 0.125 0.125 0.125 0.125 0.125
0.11301829483647666 0.08900190718372537 0.135621953803772 0.10680228862047045 0.14127286854559584 0.11125238397965673 0.169527442254715 0.13350286077558807
0.08282664038133492 0.12529690705173022 0.09021377307724578 0.15035628846207627 0.09397268028879767 0.15662113381466278 0.11276721634655722 0.18794536057759534
0.07924469492182341 0.12278734777178978 0.08840689039568865 0.14734481732614774 0.09209051082884234 0.1754361041034126 0.1105086129946108 0.18418102165768468
0.07823989407697654 0.12149853176750673 0.08747894287260484 0.14579823812100806 0.09888206326764852 0.17650585365223928 0.10934867859075605 0.1822477976512601
0.0776594944151236 0.12062574140239803 0.08685053380972657 0.14475088968287764 0.10499482255550459 0.17561673876861436 0.10856316726215821 0.18093861210359702
0.07727313067229563 0.12003374307973927 0.08642429501741229 0.14404049169568714 0.10935786776905058 0.17478948837444075 0.10803036877176536 0.18005061461960892
0.07581580712233663 0.11767904451508995 0.08472891205086477 0.14121485341810794 0.10832443273366169 0.18980724332372306 0.10591114006358096 0.17651856677263492
0.07458153404459479 0.11581376788334277 0.08338591287600679 0.13897652146001133 0.1066702045992472 0.2026190162167746 0.10423239109500848 0.17372065182501412
0.09116547580806032 0.1416456222581583 0.07648863601940549 0.12748106003234247 0.13028809423337556 0.2608316806049957 0.09561079502425686 0.07648863601940549
0.07295173961840627 0.1290684624017957 0.09118967452300783 0.16133557800224463 0.08754208754208752 0.15488215488215484 0.10942760942760942 0.19360269360269358
0.10169273561732904 0.07485132338456073 0.19009859907190027 0.14970264676912146 0.09799898162126072 0.08941872998211645 0.16572698380627204 0.13050999974743924
0.07720423836582435 0.11715152983848533 0.09985714178085794 0.14058183580618241 0.10599943805636672 0.1780421445399185 0.1054363768546368 0.175727294757728
0.07367566710271645 0.1141328075197742 0.09024029736335344 0.13695936902372904 0.10501956339030054 0.20605355755266822 0.10271952676779678 0.17119921127966128
0.07263328919366907 0.11280748338377952 0.08849512373211199 0.13536898006053544 0.10573105681933014 0.2142261066895031 0.10152673504540158 0.16921122507566927
0.1084479228433253 0.07964056108539733 0.13205500607059142 0.09556867330247679 0.15963771821838 0.15349297002240492 0.15169630682932825 0.11946084162809599
0.05212822445836538 0.092226858657108 0.06516028057295672 0.11528357332138499 0.10425644891673076 0.21005690628477067 0.13032056114591345 0.23056714664276998
0.1005067372179125 0.07260472566835642 0.19633253842321466 0.14520945133671284 0.10115586922143674 0.0968449913602473 0.16075283176062632 0.12659285501149325
0.08040974100382325 0.11403564699847346 0.1102077071883999 0.13684277639816816 0.10715594396489282 0.1776626316499061 0.10263208229862612 0.1710534704977102
0.07676840610891722 0.11214745823157099 0.09633773580674665 0.1345769498778852 0.10715434650264298 0.20386120371646663 0.10093271240841391 0.16822118734735647
0.05608705604046325 0.08234876738799955 0.06934718232666777 0.09881852086559947 0.1262246745222622 0.2509545320870894 0.11858222503871936 0.19763704173119895
0.04966272293315316 0.08786481749711714 0.062078403666441455 0.10983102187139641 0.09932544586630632 0.2474187370899096 0.12415680733288291 0.21966204374279283
0.09879330411772014 0.07155279040725236 0.20155291717858453 0.14310558081450472 0.09954568007850348 0.10226725531547307 0.1584237606086499 0.12475871147931183
0.07943920299666081 0.11271021658909859 0.11734634518193485 0.1352522599069183 0.10640652666408439 0.17834092884746652 0.10143919493018874 0.16906532488364787
0.07619976440366398 0.11136414176116027 0.10099451393643719 0.13363697011339232 0.1066151926406355 0.20391547691792616 0.10022772758504424 0.16704621264174038
0.0753531786072816 0.11063968605041982 0.09751434383919942 0.1327676232605038 0.10604165876594016 0.21214826295564768 0.09957571744537784 0.16595952907562972
0.09247989046341974 0.13594282576516556 0.08931816259578507 0.12234854318864899 0.1302718928621739 0.2644681518201306 0.09176140739148675 0.07340912591318939
0.06725439580873233 0.11898854643083412 0.08406799476091541 0.14873568303854265 0.08070527497047879 0.22088369163114718 0.1008815937130985 0.17848281964625118
0.07456383359169517 0.1111429662741194 0.09481241698310482 0.13337155952894325 0.10078518803568501 0.21858091652856565 0.10002866964670745 0.16671444941117908
0.07698213694516276 0.11000700857577969 0.09595597000346748 0.13200841029093563 0.10436236548704232 0.21666728811574076 0.09900630771820174 0.16501051286366952
0.06503720090087718 0.09248838929920192 0.060650601745071135 0.08323955036928174 0.1415215455747363 0.2906961509291303 0.09988746044313807 0.16647910073856348
0.06608401205084673 0.11691786747457497 0.08260501506355841 0.14614733434321875 0.07930081446101608 0.23444213731865254 0.09912601807627011 0.17537680121186247
0.10279830398489308 0.07062159050649523 0.21215665487874366 0.14124318101299047 0.09437728213900935 0.0993058991241199 0.15636200747062842 0.1231350808831199
0.08248147681783125 0.11171826310363986 0.1225327532974438 0.13406191572436782 0.10471137853584286 0.17637038107213884 0.10054643679327588 0.1675773946554598
0.07863355760452259 0.11067664712225989 0.10366772054117529 0.13281197654671184 0.10590405030622174 0.20268209478568497 0.0996089824100339 0.1660149706833898
0.06551085086268034 0.09284963511408577 0.06293241959616454 0.08356467160267719 0.1425719154342747 0.2851635582615506 0.10027760592321262 0.16712934320535439
0.06538217749188131 0.11567616017794385 0.08172772186485164 0.1445952002224298 0.08940617756169941 0.23162505617645637 0.09807326623782196 0.17351424026691578
0.1022212631932877 0.07028282717203327 0.2141764759928959 0.14056565434406654 0.09605557535483412 0.09854182973822173 0.155611957597013 0.12254441660764774
0.08223590077868839 0.1114296046487084 0.124533829403038 0.13371552557845007 0.1048868354232663 0.1757672530109487 0.10028664418383755 0.16714440697306257
0.058412760543817 0.08222843882299967 0.07810263883708725 0.09867412658759961 0.12599233796219556 0.24083249216598224 0.11840895190511952 0.19734825317519922
0.06997813203453633 0.11716192394899905 0.08277744626831454 0.1464524049362488 0.0891885242191274 0.21936574714729792 0.09933293552197744 0.17574288592349857
0.10303954653868962 0.07023248543308006 0.21592880545562557 0.1404649708661601 0.09592697207678684 0.0964500815135527 0.15550049684817072 0.12245664126793444
0.08232707593859288 0.11135918222989519 0.1256597385061566 0.1336310186758742 0.10483200823904619 0.17492893905868645 0.10022326400690566 0.16703877334484277
0.06662488124808016 0.09376053940719943 0.06723810422324855 0.08438448546647949 0.14369734079169527 0.2742642953705627 0.10126138255977538 0.16876897093295898
0.05785438130157766 0.09598376040487373 0.04729634570674938 0.0836781500965566 0.13554512375054142 0.3176932471330892 0.09459269141349876 0.1673563001931132
0.09487596298298169 0.0723548289582356 0.17926718816518072 0.1447096579164712 0.0999048344694108 0.11730836603423316 0.16134046934866264 0.13023869212482406
0.1413399796127564 0.09180019350485404 0.20536618205169688 0.11016023220582483 0.1284789709561767 0.10486541074287903 0.12195190541304174 0.09603712551277037
0.09089836545683731 0.1412646348880284 0.08360981264120215 0.1231537842613581 0.11679397283702271 0.21296449599856573 0.08353039280335592 0.1477845411136297
0.09796105711251123 0.07254892748717302 0.19462522360971174 0.14509785497434605 0.09715936970615649 0.10024621753492666 0.16177328009826342 0.13058806947691143
0.14177639826287539 0.09156518163792476 0.21095050737313403 0.10987821796550973 0.12740883863680294 0.1009898851232207 0.12163970405624193 0.09579126694429053
0.07551667255495573 0.11703989521793796 0.1129951647942532 0.1462998690224225 0.09695428799720832 0.17640479120588964 0.09922947638042569 0.17555984282690698
0.07886705800064157 0.11093124413067483 0.10346821266541756 0.1331174929568098 0.10440316939693366 0.20297783693590313 0.09983811971760734 0.1663968661960122
0.11660953455843513 0.07685158734422413 0.14908002505578064 0.09222190481306897 0.15577318799071072 0.14780240332768385 0.14638397589376026 0.1152773810163362
0.07309339046015338 0.11577588910247992 0.10308433651377151 0.1447198613780999 0.09987840876080023 0.19162646110930734 0.09815781902166777 0.17366383365371985
0.11587906091540036 0.07737741968795123 0.14975223941268925 0.09285290362554148 0.15513639023644116 0.14555029527966626 0.1473855613103833 0.11606612953192684
0.07309485317599818 0.11586214276579258 0.10324312032246587 0.14482767845724073 0.09985147650652272 0.19109656749577128 0.0982309471275198 0.17379321414868887
0.1046581211517772 0.06943666598724396 0.22408513422825196 0.13887333197448792 0.09710480336722097 0.09103439747906844 0.15373848716752428 0.12106905864442538
0.10539297870367464 0.13808789317841874 0.11923607402888989 0.12427910386057686 0.13051176402017534 0.21471539599648576 0.09320932789543267 0.07456746231634612
0.07122282397832765 0.11386936858344063 0.09733669976230974 0.14233671072930076 0.09497615715034445 0.21291276573080767 0.09654142119030835 0.1708040528751609
0.1043028103313727 0.06944739260306663 0.22167413848737738 0.13889478520613327 0.09619247664212138 0.0946383984913369 0.15376223677683454 0.12108776146175722
0.08455260928147383 0.11086102147421331 0.1271885507188818 0.13303322576905596 0.10457717194667335 0.17372096927158978 0.09977491932679199 0.16629153221131995
0.06836142532434729 0.09355073268199034 0.0675693930056878 0.0841956594137913 0.14344666882475202 0.273450010625299 0.10103479129654955 0.1683913188275826
0.10440812993083931 0.0787584434245781 0.13666687561248492 0.09844805428072262 0.15459712100734244 0.16263406573612113 0.14634964487104438 0.11813766513686716
0.07150286317161814 0.11436624098282684 0.10033647627924226 0.14295780122853355 0.10677737546255964 0.1955471988285827 0.09696268257239668 0.17154936147424024
0.10424425023879073 0.06937395366935446 0.22286422215236842 0.13874790733870893 0.0984722291768845 0.09173808639385528 0.15359963693988127 0.12095971409015652
0.08456928827393428 0.11089109794794084 0.1275152689961345 0.133069317537529 0.10511831253591478 0.17269807963348863 0.09980198815314677 0.16633664692191127
0.08050326139077969 0.1101630416195317 0.10617449082895156 0.13219564994343805 0.1056928100167835 0.20087944631363935 0.09914673745757854 0.16524456242929755
0.07366306771587443 0.11414656783410408 0.0957242576155827 0.1426832097926301 0.09725935613546527 0.20852725120888163 0.09677643794630564 0.17121985175115612
0.10488988809222284 0.06947475119139103 0.22108000771456487 0.13894950238278206 0.09668721763046965 0.09396035843216485 0.15382281094064598 0.1211354636157587
0.08466489116285289 0.1108753141269373 0.12711667841378552 0.13305037695232474 0.10470071820989607 0.17349126722955407 0.09978778271424356 0.16631297119040592
0.08050861790578792 0.11014742550938805 0.10608303158950712 0.13217691061126566 0.10558696409444326 0.2011432290670767 0.09913268295844925 0.16522113826408205
0.11265336343234149 0.0796456282765941 0.1463709531979081 0.09955703534574262 0.14870855536452776 0.14559780225999544 0.14799821970799948 0.11946844241489113
0.10716591230888511 0.06906147793716462 0.21598164635865974 0.13812295587432924 0.10524549053687439 0.0861150685805876 0.15399678811660292 0.12431066028689633
0.10764107638382125 0.06630799796866321 0.2657803035555951 0.13261599593732643 0.09409195891044915 0.07113736311419717 0.14681135895381678 0.11561394517613073
0.09664907055858449 0.1377774281138791 0.1083047196211084 0.12011365527876643 0.11511482312044273 0.1964355246966663 0.08146839227603286 0.1441363863345197
0.10455232601359424 0.06936981946629617 0.21359488284401262 0.13873963893259234 0.09929637530534308 0.09489693869338589 0.1546843437054425 0.1248656750393331
0.1072201686340384 0.06641116760942194 0.26505959075874674 0.13282233521884387 0.09305371631949179 0.07259940573539585 0.14703978502045395 0.1157938307036075
0.08033138930988623 0.11444040709011945 0.1340493826951762 0.1430505088626493 0.0955483814396888 0.16389375743437354 0.09702556253292736 0.17166061063517918
0.08013428628800905 0.11075009961723908 0.10798601482456388 0.1329001195406869 0.10403379660317191 0.1983954440449555 0.09967508965551518 0.16612514942585863
0.07539858912425905 0.11316175450500418 0.10114634975064132 0.14145219313125523 0.0963557975451458 0.20680119667107594 0.09594148751511225 0.16974263175750626
0.07886930246952317 0.10980100296276776 0.1002380787688507 0.1317612035553213 0.10336871158696397 0.21243929354593036 0.09882090266649099 0.16470150444415163
0.11444184223300079 0.07853520282347748 0.1515894964389179 0.09816900352934685 0.14642471221920275 0.14710212133392825 0.14593481718690965 0.1178028042352162
0.1054731113676774 0.06752721847458593 0.2308994208542817 0.13505443694917185 0.10407896161498635 0.08484223897604012 0.15057561850900203 0.12154899325425464
0.11822289537373962 0.07707745473223394 0.1906555348959078 0.09634681841529243 0.14543428533992706 0.11342081251524787 0.1432260166293004 0.11561618209835091
0.10670084828169143 0.06632261823028837 0.24676266125626475 0.13264523646057674 0.10224388703119518 0.0780544961701648 0.14788953975529975 0.11938071281451909
0.10326448148774016 0.06579611147904349 0.2696679760169227 0.13159222295808698 0.09290020801838599 0.07163049109442164 0.14671550828312083 0.11843300066227828
0.10183236279978572 0.06530023283824042 0.2785550035006442 0.13060046567648084 0.09046262499155039 0.07009911815859814 0.14560977292586746 0.11754041910883276
0.10121968107155317 0.06507295242354978 0.28198471189450464 0.13014590484709956 0.08971197544787407 0.06963048842947198 0.14510297152355728 0.1171313143623896
0.1009654050592657 0.06498004886369578 0.2833164366083088 0.12996009772739156 0.08945336720714546 0.06946474612825435 0.14489581045128583 0.11696408795465241
0.10086219335305056 0.06494297131749154 0.2838381845170298 0.12988594263498307 0.08935813877834424 0.06940208797040359 0.14481313305721247 0.11689734837148477
0.13502747215303154 0.08695721953618442 0.237760028627584 0.10869652442023052 0.11962703686865488 0.09291633336847697 0.12118851304763015 0.09782687197820746
0.12643908621726618 0.07511762417452066 0.1920489148804572 0.09389703021815081 0.14715795256441394 0.11307871374717418 0.13958424193623614 0.11267643626178096
0.1252194332171501 0.07536413392018 0.1779668398578746 0.094205167400225 0.1557604240388809 0.11839549213224909 0.1400423085531703 0.11304620088027001
0.10967728244210029 0.06605196467191365 0.24324438715507504 0.1321039293438273 0.10405867640412884 0.07868420085733266 0.14728602271617758 0.11889353640944456
0.1051596140329341 0.06559562330665167 0.26911023674847184 0.13119124661330334 0.09304132321860205 0.07156138454576894 0.1462684495822949 0.118072121951973
0.10344571628272425 0.06511902976062241 0.2785535002484523 0.13023805952124481 0.09029424765650806 0.06992947585331315 0.14520571710801472 0.11721425356912032
0.10277542664474522 0.06491364341643645 0.2819182756042619 0.1298272868328729 0.08950869467734911 0.0694643784595905 0.14474773621515827 0.11684455814958561
0.1372014342229054 0.08677031992585589 0.23679959405433954 0.10846289990731986 0.11945866374644924 0.09276243907614233 0.1209280391503999 0.09761660991658787
0.11042134817480753 0.06486250329876775 0.26507551680174407 0.1297250065975355 0.09530172854833595 0.07322768925541688 0.14463370138561046 0.11675250593778197
0.13964169269906507 0.08691250234052489 0.23106298777371412 0.10864062792565611 0.1211282106889863 0.0937112208114032 0.12112619262755987 0.09777656513309048
0.11112214372669282 0.0649640848264777 0.2629325500215242 0.1299281696529554 0.09576679122090413 0.07349069483280429 0.14486021303098162 0.11693535268765987
0.10480645348811077 0.065140221978185 0.27612416706601384 0.13028044395637 0.09086871833463711 0.0702746230257885 0.14525297259016176 0.117252399560733
0.08210024070452003 0.11332957752559923 0.139825024006303 0.14166197190699906 0.09518035022100046 0.16182469709721495 0.09608377224996457 0.16999436628839884
0.10555815696478633 0.06843883312283898 0.2381718318232801 0.13687766624567796 0.09486117617183494 0.0852338850055312 0.15152920316981852 0.1193292474962321
0.12150632921146096 0.07650091005457536 0.19428873358347615 0.0956261375682192 0.14234283914093954 0.11282900921327729 0.14215467614618854 0.11475136508186304
0.10844602542676565 0.06581964210311388 0.24960647824432822 0.13163928420622775 0.101754348943276 0.07749088722791907 0.1467679780627644 0.118475355785605
0.12169712018805724 0.07608107318347831 0.19721953324780697 0.09510134147934789 0.1440041672386103 0.11040062337489902 0.14137453151258284 0.11412160977521746
0.0841690124528037 0.11180698995228866 0.12158177987003489 0.13975873744036083 0.1055217982222064 0.17465831434823662 0.09479288278563605 0.167710484928433
0.1040074828394263 0.06865281197309417 0.22500007985896586 0.13730562394618834 0.09793568341219246 0.09043773240691744 0.1530855240116458 0.12357506155156951
0.08210380163978902 0.11362845266775193 0.128742860990851 0.14203556583468993 0.09727206153229223 0.16943741194077358 0.09633716639222448 0.17044267900162788
0.1059247125229676 0.06868147093370908 0.23387138745954159 0.13736294186741815 0.09560976208928343 0.0867309936010782 0.15206642323132982 0.11975230829467225
0.08241327715724538 0.11356065264649255 0.13065612745949962 0.1419508158081157 0.09676601875912552 0.16803244543427803 0.09627968376550455 0.1703409789697388
0.08060833602393805 0.1105410326219832 0.107118316545391 0.13264923914637983 0.10414294942564378 0.19964164794390465 0.09948692935978487 0.16581154893297476
0.07713790538239483 0.11242667172218421 0.10206364204841555 0.14053333965273027 0.09732765053067229 0.2065525179245616 0.09531826515576487 0.1686400075832763
0.1165872469009581 0.07815877096273956 0.1537944122123081 0.09769846370342446 0.14611213413387 0.14517548751033554 0.14523532813225487 0.11723815644410933
0.10885332591967585 0.06670990881895456 0.234507472506599 0.1334198176379091 0.10390227933859078 0.0837762199406925 0.14875313996345987 0.12007783587411822
0.10535319212189985 0.06576752137628868 0.26594197576115863 0.13153504275257735 0.09381253330287004 0.07255643958672865 0.14665175662115715 0.11838153847731962
0.08227747770827078 0.11334278160794545 0.13760960618393564 0.1416784770099318 0.09631232173174606 0.16267019633082014 0.096094967015432 0.17001417241191816
0.10566351308086067 0.06848125634464614 0.23729962420438536 0.13696251268929227 0.09514685379475007 0.08541989202471487 0.15162313167068575 0.11940321619066503
0.07247630192440281 0.09988123668997116 0.08061715817223913 0.08707594993484664 0.14172422662307163 0.2456395442507314 0.09843368253504403 0.1741518998696933
0.1016851133501551 0.0686446045495277 0.2071476166586254 0.1372892090990554 0.10579248061462876 0.10281346485677659 0.15306722268208114 0.12356028818914985
0.10481782446850456 0.0664899758985369 0.25629544250071523 0.1329799517970738 0.09512367824088162 0.0763484481001837 0.14826272237673752 0.11968195661736643
0.08221325468034887 0.11342469707191631 0.13552570953511503 0.1417808713398954 0.09661999072191971 0.16413401396021868 0.09616441708271165 0.17013704560787443
0.09733697892907708 0.1335341282717332 0.13064618007508827 0.16024095392607984 0.08771778347047318 0.16700838831270892 0.08381834513056484 0.1396972418842747
0.08330329361850039 0.11047782684991483 0.10710401253003715 0.1325733922198978 0.1021329559385169 0.19926173440333744 0.09943004416492336 0.16571674027487224
0.07761754590042738 0.11243284131081517 0.10206925445461225 0.14054105163851896 0.09692902296211708 0.20643752587333444 0.09532349589395198 0.16864926196622274
0.10325177655423391 0.06912965005928408 0.21764797440591194 0.13825930011856816 0.09684384125766012 0.0962852857236448 0.15414880177398566 0.12443337010671135
0.12142637771419369 0.07679098879709677 0.188272637868819 0.09598873599637096 0.14371308789930096 0.11592798546531162 0.1426937030632619 0.11518648319564515
0.10873055184547677 0.06593127871798347 0.24733348544306147 0.13186255743596695 0.1023265422939922 0.07812237151940672 0.14701691105174225 0.11867630169237024
0.10487499626838531 0.06545764183155002 0.2705005345134328 0.13091528366310004 0.0931266611143309 0.07134035582534268 0.14596077148706826 0.11782375529679004
0.1033746057942612 0.0650280781305289 0.27893796552770084 0.1300561562610578 0.09073669049847052 0.06981305460525236 0.14500290854777634 0.11705054063495199
0.081879949639997 0.11322153390852543 0.1403794712166332 0.1415269173856568 0.09563210842363835 0.16153554850988075 0.09599217005288026 0.1698323008627881
0.10560745447249936 0.068408852981126 0.23834830855906367 0.136817705962252 0.09491763214009749 0.08516024678505538 0.15146282467127614 0.11927697442862997
0.0817747517193377 0.1205958617151794 0.1308646755984986 0.14059916975018463 0.0959190722753779 0.16616455010629233 0.09536291513490786 0.16871900370022158
0.10595775094864561 0.06867034177301408 0.23476939697116053 0.13734068354602816 0.09530820187778825 0.0861789389245563 0.15204178235457738 0.11973290360422968
0.08185901311968717 0.12065705583569455 0.1301019756853554 0.1406396701044327 0.09601641981336738 0.16656787637574577 0.09539038494039785 0.16876760412531924
0.08067931310400038 0.11064255000220306 0.10707539717098535 0.1327710600026437 0.10405543419884525 0.19923412551603487 0.09957829500198277 0.1659638250033046
0.07624446328321327 0.12364444132772413 0.10088791401889988 0.13848319899555028 0.09621874603145444 0.20441366257760274 0.09392773497089499 0.16617983879466033
0.10224485016211865 0.07734797217143365 0.21575740079342115 0.13697876938150694 0.09612287313757062 0.09554613634643495 0.15272110556415774 0.12328089244335626
0.13845151173702613 0.09468557597199731 0.21469364835588609 0.10945879141989986 0.12299117573490813 0.09916800063570813 0.12203838386666446 0.09851291227790987
0.11101454776311952 0.07137468892151844 0.25594627496985217 0.12953553019282565 0.09681364239672628 0.07431088924802563 0.1444224493343892 0.1165819771735431
0.0826403596735086 0.12072587417554408 0.134651230774054 0.14028985202765124 0.096215435650635 0.16197630823797546 0.09515311702745041 0.1683478224331815
0.08090346593752641 0.11069195950019005 0.10809339837516434 0.13283035140022806 0.10415395171991848 0.1976661702665167 0.09962276355017106 0.16603793925028507
0.07630739581108291 0.12368337340933681 0.10112956258206059 0.13852095085197388 0.09627631818410905 0.20390391756120757 0.09395334057786055 0.16622514102236866
0.13381171779840953 0.10121172477173562 0.17653580908780256 0.11202136942127065 0.12579617282279726 0.12490850651781217 0.12489546710102863 0.10081923247914358
0.11136702489614722 0.07278142634622925 0.24191776058177022 0.1313031269826961 0.09860712038176138 0.07945753868208283 0.14639318784488659 0.11817281428442651
0.12217872452018902 0.08151336408884478 0.19437055677885284 0.09460585110717094 0.14270242422544116 0.11046410615575836 0.14063795179513772 0.11352702132860513
0.14256097071105422 0.09357955103673839 0.20476266348870742 0.10756316597736867 0.13373513284580454 0.10106676359786759 0.11992490296282746 0.0968068493796318
0.08705739853823552 0.12148439045619884 0.12228987989460617 0.13791961529913188 0.1026293912557961 0.1695703079941838 0.09354547820288944 0.16550353835895823
0.10333604123904266 0.08251929746689872 0.2227132631330938 0.13483637873903695 0.09618904964832493 0.08872072903076726 0.15033249987770236 0.12135274086513326
0.08089287422236666 0.128644301632175 0.1268082289130559 0.13955084407367743 0.09559128296637738 0.1663995784539623 0.0946518768499725 0.1674610128884129
0.11882797630703136 0.077118199330977 0.1568690028087077 0.09254183919717239 0.1533127680534704 0.1387611070566957 0.14689180824947998 0.11567729899646548
0.0970945574498214 0.14786030546605353 0.09137358857692346 0.11258308560771915 0.12490450417631002 0.21472355445128247 0.07636070154262689 0.13509970272926297
0.10540706159266194 0.08563370042057533 0.20816908670863574 0.13393457351605548 0.10065098445673291 0.09633642278791346 0.1493270543529753 0.12054111616444994
0.08112575199801451 0.12908263164568134 0.12349985860108459 0.13932011348244067 0.09636780089203932 0.16892432588328585 0.09449538131852496 0.16718413617892877
0.10172265129608621 0.08729648586594291 0.2227716982642949 0.13435949320776955 0.09467717518371033 0.088448144196392 0.14980080809881172 0.1209235438869926
0.11954554319810233 0.09074485588628628 0.1882175999569644 0.09431586192706352 0.1412853950323217 0.11250484628476268 0.14020686340202282 0.11317903431247624
0.10721050035487478 0.07879404143209262 0.245284880873367 0.12971645026594128 0.10088541755009423 0.07673974256986786 0.1446241617144151 0.11674480523934715
0.08119175639997867 0.13126667093024366 0.13130817629451758 0.13859590777897035 0.09611822206327751 0.1611999962699027 0.09400418092834513 0.16631508933476444
0.13285226713859077 0.11444248172454252 0.18472957375210755 0.10964475536578994 0.12356915644293825 0.11383576595839445 0.12224571978842548 0.09868027982921093
0.11006480670698618 0.08230906977344217 0.24349681365969117 0.12939012397129873 0.09717641408130917 0.07685132798450654 0.14426033224859725 0.11645111157416886
0.08166249874621924 0.1321384860542599 0.13088944907532252 0.13855284562518294 0.09532316318773035 0.1611951690065936 0.09397497355447192 0.16626341475021952
0.10159595029400717 0.08756069598196346 0.2255996639006867 0.13401611430281687 0.09423431327915105 0.08696079312375891 0.14941796624508089 0.12061450287253517
0.11946562166333352 0.09075350138192563 0.1890591513632448 0.09427129534505514 0.141094302714509 0.11208996093327635 0.14014061218458942 0.11312555441406617
0.1071657380069425 0.07877523069459096 0.24560272962709168 0.12968196376384375 0.10082216972017796 0.07665268896169802 0.1445857118381959 0.11671376738745937
0.1375231796882518 0.10145051130926941 0.2225494131817925 0.10711831686062047 0.12209959758112701 0.09342356680903194 0.11942892939534851 0.09640648517455842
0.09794810129355655 0.15511247570150744 0.14358630313177967 0.15609006873843875 0.08539050890422338 0.14198914105112853 0.07940233931477102 0.14048106186459486
0.10934580731408022 0.06843056160075188 0.2396789030593835 0.13686112320150376 0.09283506353846677 0.08202282659077458 0.15151088933988205 0.11931482535515714
0.07217784037094217 0.11384721552005103 0.08022759095467681 0.08564364412698776 0.13932656586249031 0.24067530068036833 0.0968145542305079 0.17128728825397552
0.07256162544545869 0.1355893384357983 0.09239637494817352 0.13359423912448737 0.10064213387020807 0.21429145642901068 0.09061174479747841 0.16031308694938484
0.10046126411303646 0.08895737214579352 0.21007204090061923 0.13517113194606417 0.0962439370237897 0.09673451039728394 0.1507057247219551 0.12165401875145775
0.10347654654537704 0.07901587515506546 0.25568919309804594 0.1310012549633801 0.09228496006259015 0.07457441763738744 0.14605662307111184 0.11790112946704209
0.08061186429026974 0.13144191533937785 0.13362861628122968 0.13874929770014285 0.09441443255061079 0.1605464972885355 0.09410821930966211 0.16649915724017142
0.13266208134430235 0.11446203977603847 0.18556657885766434 0.10963341545517546 0.12309573681815722 0.11367699720465195 0.12223307663435234 0.0986700739096579
0.12577435893111916 0.09409697477153432 0.17424403977501726 0.09244686070793047 0.1479734385987609 0.1170996268062726 0.1374284675598489 0.11093623284951655
0.14265952368010956 0.10415382983115684 0.19623717150486128 0.10642701772835318 0.13430023404442734 0.10177972480321604 0.11865818245235794 0.09578431595551785
0.1116501334447096 0.08024929560227044 0.2473672516258757 0.12852526251741708 0.0987952130961754 0.07444403117845774 0.14329607626941873 0.11567273626567538
0.10447792452442452 0.0765596788375491 0.26878865976419963 0.1289413462204787 0.09147973857802079 0.06994546192958656 0.14375997854730982 0.11604721159843082
0.10237019266258843 0.07561608076845708 0.27679498706663985 0.12828809142844114 0.08956804075692015 0.06887167682681067 0.1430316482045456 0.11545928228559704
0.10167093053123334 0.075295224251115 0.2796971904912703 0.12796902791339235 0.08898183621983087 0.0685377492751288 0.1426759161959762 0.11517212512205309
0.1184557043714581 0.08779977957763188 0.20491918151467317 0.09331793063076858 0.13825672033809466 0.10654579530560729 0.13872337150484404 0.1119815167569223
0.12199339278782043 0.08933808127063196 0.1802212348965915 0.09242940363879795 0.15248813224672625 0.11521195433878063 0.13740251645409365 0.11091528436655754
0.10784252491008574 0.07862186784598266 0.24192355364091386 0.12973190017836259 0.10324185413464287 0.07723820191569951 0.1446413872137863 0.11675871016052632
0.10385586485873144 0.07648112168592128 0.26689385589072284 0.12924625857487487 0.0925564124262001 0.07054492077835398 0.14409993306780824 0.11632163271738738
0.10230111080800312 0.07565577250265564 0.2761283753863168 0.12838150134989984 0.08984022708307163 0.06901386835906084 0.14313579329608234 0.11554335121490986
0.10167828501277304 0.07531833237261407 0.27946126428366036 0.12800011691455468 0.08905539075453242 0.06857592732656856 0.14271057811219756 0.11520010522309922
0.13521338632844576 0.10022388026407936 0.23381727213125175 0.10651851647101461 0.11837930331450858 0.09122077994462562 0.11876019672216105 0.09586666482391312
0.10892617189611004 0.07888378195835986 0.2617251922972204 0.1272922918519389 0.09466291908782433 0.07202517425165456 0.1419214059901468 0.11456306266674501
0.10343806197530027 0.07602320043365807 0.2740247246609165 0.12835565699511592 0.09027356768652431 0.0692577181836992 0.1431069787691815 0.11552009129560432
0.10197747872334625 0.07541045998010333 0.27867815066429535 0.12806307811112458 0.08918474574141591 0.0686485413319262 0.1427807751477762 0.11525677030001212
0.13531795148464618 0.10025556588760937 0.23355819240234865 0.10653380236621574 0.11842859493480043 0.09124823144021363 0.11877723935457186 0.09588042212959415
0.10895720291426331 0.07889434207036582 0.26162800226807825 0.12730200015928783 0.09467958277048868 0.07203483964581668 0.14193223002834032 0.11457180014335906
0.08144304399439034 0.13118625267284512 0.13481747662235896 0.13842957097458683 0.09476769186203052 0.15934911752152076 0.09389136118276324 0.16611548516950417
0.07564735960536742 0.14272376114220278 0.10587274769615256 0.13675458343284547 0.09348820326084933 0.1886525620669772 0.09275528267619085 0.16410550011941455
0.1137127291129743 0.10378512560932336 0.15194040781178283 0.09494220652948832 0.14200812487104175 0.13854279150855506 0.14113796672144832 0.11393064783538599
0.0807006008845001 0.1376058688433827 0.1090683701755997 0.13535648895887195 0.10266216600741622 0.1803717084770439 0.09180700990253923 0.1624277867506463
0.1016564617588435 0.09085302321637279 0.216334446873727 0.1342173926813267 0.09602722238680932 0.09047342305338166 0.14964237661634486 0.12079565341319404
0.1033818584080158 0.0803971984208784 0.25771609778935406 0.13044569587859295 0.09191816563421092 0.07330264142700695 0.14543721615120736 0.11740112629073367
0.11915269718067321 0.09029509355769719 0.19831351230598473 0.09353221499217383 0.13946260524361595 0.10796329912894043 0.13904191960030618 0.11223865799060859
0.12209287723273474 0.09128907915923679 0.17803032758387483 0.09231683630018474 0.15277103919783175 0.11548445942116332 0.13723517754475223 0.11078020356022167
0.10779828349228071 0.08026616628138292 0.24083916886145348 0.1295605237154503 0.1032482424526683 0.07723282860593153 0.1444503152469274 0.11660447134390528
0.10375865450502562 0.0778645252140959 0.26630125801918525 0.12906522571449028 0.09247809482051943 0.07047544364524788 0.14389809493839437 0.11615870314304126
0.08047976781377097 0.13283021741758447 0.13573376144581367 0.13830426861751724 0.09423492823805377 0.15864556062914054 0.09380637349709867 0.16596512234102068
0.11476787872394978 0.10167061136690116 0.16132403216393698 0.09480089342118635 0.14199075129442548 0.13075686562939817 0.1409278952947785 0.1137610721054236
0.12148053352986735 0.0938887951883057 0.16683909388869256 0.09275217941327168 0.1541902842670976 0.12166415409502027 0.1378823443218188 0.11130261529592603
0.10802672324437712 0.08098490025567556 0.23658227701329756 0.13002243819562798 0.10388589834565151 0.07851225314820932 0.14496531542109567 0.11702019437606517
0.08116797226579679 0.13364549980414178 0.1292076728419023 0.13825343312892255 0.09654355259810664 0.1615058558320232 0.09377189377439964 0.16590411975470704
0.10132210269795422 0.08976021314866318 0.224550130334516 0.13370286848075297 0.09434493566726915 0.08691844750813318 0.14906872053003353 0.12033258163267768
0.10305443656265408 0.08001673354090885 0.26074983385145917 0.13011020072338397 0.09135679652127904 0.07254965405916805 0.14506316409010123 0.11709918065104559
0.1190169626718817 0.09018088945322199 0.19921115892758987 0.09348399750889153 0.1392284473563812 0.10772750599844474 0.13897024107291936 0.11218079701066984
0.10659641097711285 0.07970553718835575 0.24917000184112967 0.128994171793287 0.10001709612666912 0.0756031523407032 0.14381887511878416 0.11609475461395832
0.11986416189785036 0.09007053817303698 0.1954520576305952 0.09341302839355194 0.1418159035864555 0.108423935529863 0.13886474071638466 0.1120956340722623
0.10688117552623616 0.07975715396080622 0.2477055063949046 0.1291055271347303 0.10062895489506356 0.07578367965260847 0.14394302801439332 0.11619497442125727
0.11995462669035013 0.09009427663018936 0.19500791759446826 0.09342921015561409 0.1420248336055749 0.10848528714454168 0.13888879599252482 0.1121150521867369
0.10691445254553092 0.0797709398093019 0.24753553846319282 0.12912188492625004 0.1006833122453293 0.07580290984556284 0.14396126573120713 0.11620969643362503
0.08096879695849411 0.13328093870649402 0.13158294222147982 0.13821081022435483 0.09587056102284243 0.16048999427102484 0.09374298432608415 0.16585297226922577
0.11479351764048595 0.10276086671277924 0.15986648388075378 0.09468555768737073 0.14238037042212753 0.13113409345160626 0.14075644098003173 0.11362266922484489
0.08088286758068158 0.1385122240279842 0.11077566504960484 0.1352937273250785 0.10274243452058475 0.17767616756374474 0.09176444114222715 0.16235247279009418
0.10150761847621446 0.09228953862165591 0.21674141738204303 0.13389944061419803 0.09587372265034792 0.08989088191349995 0.14928788378926258 0.12050949655277822
0.10323697942931981 0.08146847702345955 0.2577005515405918 0.1302457955381723 0.09178624772636253 0.07312639056816489 0.14521434218957419 0.11722121598435509
0.10229275398481617 0.07851981203582913 0.27257442525061154 0.12846609420439054 0.08979540151596058 0.06950192020850059 0.14323010801593988 0.11561948478395148
0.11848842331447845 0.09052909721214251 0.20256167944481043 0.09315443232001752 0.13834966797940149 0.10665106066044584 0.13848032028468277 0.11178531878402102
0.1397233628255732 0.10585672909788457 0.20563879397171442 0.10573580957123684 0.13102122350346818 0.09897431547613798 0.11788753693987152 0.09516222861411314
0.11045866835021484 0.0827815789594702 0.25050949340911594 0.12769534371224955 0.09765476425624228 0.0736035632357866 0.14237077873589613 0.11492580934102457
0.10390807248818616 0.07875936791453517 0.2696020718516353 0.12841827634665806 0.09097536311103303 0.06958360490289503 0.14317679467306502 0.11557644871199224
0.11891453562700108 0.09058754036474978 0.20163506817733004 0.09316351064536314 0.1387267758617562 0.10668254072431665 0.1384938158250473 0.11179621277443576
0.08186482230448291 0.135831595688664 0.12017679700219669 0.13565916867818054 0.10234102530472379 0.16932328289577822 0.09201230571215724 0.16279100241381664
0.07505903104690538 0.148441064052865 0.10193365908150442 0.1353367087244042 0.09423185941314086 0.190800033468386 0.09179359374350894 0.16240405046928502
0.10048682974874444 0.094402147113222 0.21335203041244397 0.13432426461034516 0.0944120723305837 0.0923692867936668 0.14976153084168334 0.12089183814931065
0.10313690719045807 0.08194386846101388 0.25649151301998574 0.13041888104829788 0.09160692347666723 0.07361759424357413 0.14540731961653508 0.11737699294346808
0.0920755941363238 0.15510441537706213 0.15307146975021607 0.1584408181107834 0.08081221626708192 0.13730059475899453 0.08059815529983329 0.142596736299705
0.10784064126393107 0.06835455612045069 0.24362976040603476 0.13670911224090138 0.09178718728154385 0.0811538327501166 0.15134260695777438 0.11918230297924735
0.09684240622744832 0.15665829286325922 0.10875667009304094 0.11518473006098098 0.11225164778183523 0.19395928172846252 0.07812529517179578 0.13822167607317715
0.1041741478137963 0.0948718763628333 0.21385379650205538 0.13206109563292157 0.09696096092814242 0.09198487036555836 0.14723826632506326 0.1188549860696294
0.08021806737229409 0.1387217611525615 0.12385091596100303 0.13778379110758449 0.09477305538237397 0.16585850572645897 0.09345335396862253 0.16534054932910136
0.10111671467476897 0.09208957551941338 0.22218117224953735 0.13364476018978316 0.09399940698288069 0.08768415209076981 0.1490039341220418 0.12028028417080483
0.10299025612735407 0.08130649681687734 0.25972685298861714 0.13003645345278836 0.09126935853088364 0.07265683258905524 0.14498094138691475 0.11703280810750952
0.10217482242297302 0.07844186597394398 0.27330787139315244 0.12837990540737368 0.08963680019049682 0.06938280580615801 0.14313401393926586 0.1155419148666363
0.11844569013354701 0.09050324851213248 0.20277855798908082 0.09314269474563537 0.1382860405932857 0.10660966273953697 0.13846287159201917 0.11177123369476244
0.1062652077398639 0.08051085854880777 0.25035472152053617 0.12867721176415892 0.09964307312680314 0.07527394837204737 0.14346548834003983 0.11580949058774302
0.10305331401422552 0.07841744944306238 0.2696677786993587 0.12853557374585814 0.09143345445019414 0.06990284075639286 0.14330757251963583 0.11568201637127232
0.10184111218898338 0.0776647893007167 0.2768268038432892 0.12789840403267294 0.08936147167754246 0.06870167948797667 0.14259717583941295 0.11510856362940565
0.10136002756955712 0.07736670853410765 0.2794170413508452 0.12760888999464934 0.08876257859988469 0.06836236366322974 0.14227438929254188 0.1148480009951844
0.07991910789843287 0.13374562610227828 0.1384071332156346 0.1379607806845808 0.09328746684329903 0.15755354936125726 0.09357339907302004 0.16555293682149694
0.10064581139589669 0.09081873837081877 0.2279208669443212 0.13311603297301908 0.0933201700870729 0.08595950782054945 0.14841444273260485 0.11980442967571717
0.07974467489593763 0.13773765657411274 0.12706445815122389 0.1380470470278729 0.09418052126551078 0.16393727549385906 0.09363191015803554 0.16565645643344748
0.10091517330303232 0.09201316022887474 0.22344531144641105 0.1335190362626559 0.09379099078295336 0.08728543401400464 0.14886376132567755 0.12016713263639033
0.09163541123654133 0.15883352196593123 0.1448158286626156 0.15854565873851834 0.08120462833960056 0.14162237092079333 0.08065148727133324 0.1426910928646665
0.10001560509147867 0.1343280843977846 0.13357956021444142 0.1611937012773415 0.0852811518150388 0.1607573497811616 0.0843167052835325 0.14052784213922082
0.07820234262817698 0.14843963686593994 0.10487454846929867 0.13540198554189178 0.09084150059837325 0.18791973479154891 0.09183786845450054 0.16248238265027015
0.11410941696155746 0.10666564277891089 0.15129575094261655 0.09464664266927297 0.14087040178565544 0.13813758246692492 0.14069859119193417 0.11357597120312758
0.10692253880612791 0.08483616020100893 0.2307593845055509 0.130724340621105 0.10170782351794659 0.08164996154454161 0.1457478842447245 0.11765190655899449
0.10383088713233223 0.0797808927706872 0.26254172151872324 0.1293807353315456 0.09240786168332724 0.07136537514907632 0.14424986461591724 0.11644266179839101
