0.125 0.125 0.125 0.125 0.125 0.125 0.125 0.125
0.11301829483647666 0.08900190718372537 0.135621953803772 0.10680228862047045 0.14127286854559584 0.11125238397965673 0.169527442254715 0.13350286077558807
0.08282664038133492 0.12529690705173022 0.09021377307724578 0.15035628846207627 0.09397268028879767 0.15662113381466278 0.11276721634655722 0.18794536057759534
0.11178451178451178 0.09023569023569022 0.1397306397306397 0.1127946127946128 0.13414141414141414 0.10828282828282829 0.16767676767676765 0.13535353535353534
0.07218683555094924 0.12771517059014095 0.09023354443868654 0.15964396323767618 0.09710927226274259 0.15325820470816917 0.10828025332642387 0.19157275588521144
0.10199300049941319 0.07727800924288594 0.19146491842267263 0.15455601848577188 0.09373900181305896 0.06955020831859735 0.17231842658040536 0.1391004166371947
0.107078568330057 0.07717235073660693 0.1959932717120176 0.15434470147321386 0.09270979971368148 0.06727845961652913 0.17086592918483587 0.13455691923305826
0.0777706854612649 0.1251358705017274 0.10452238264388726 0.15641983812715923 0.09219091748591975 0.15016304460207286 0.10609345542537757 0.18770380575259107
0.10017560032125045 0.07544270172090513 0.20497206654789074 0.15088540344181026 0.09660296858881545 0.06789843154881463 0.16822596473288398 0.13579686309762926
0.11341322839073245 0.08355433789844931 0.17354293310576416 0.10444292237306162 0.1441884469754788 0.10026520547813915 0.15526141893070056 0.12533150684767394
0.1044786480796737 0.07439923666490697 0.2195645791940679 0.14879847332981394 0.09345041712071714 0.0648608729899189 0.16472602664106384 0.1297217459798378
0.06002626843075043 0.09100891862393597 0.08935389749135354 0.10921070234872315 0.11890812834145072 0.18201783724787193 0.1310528428184678 0.2184214046974463
0.07721376431144104 0.1244053300720828 0.1007298074773032 0.1555066625901035 0.10077596016289753 0.14928639608649935 0.10547408419154848 0.1866079951081242
0.10100717524817367 0.07415254873344665 0.21945322533311165 0.1483050974668933 0.08987858808011694 0.07373190242599267 0.16417983927958885 0.12929162343267622
0.09574711629958524 0.14459654680390321 0.0978032359162783 0.12605852798288997 0.11304311578994644 0.18598065682214276 0.08550056680578623 0.15127023357946798
0.10387285058613799 0.07203632940075454 0.20837420836083642 0.14407265880150907 0.09586470581009723 0.08548359124657921 0.16063026287272728 0.12966539292135817
0.10132695300325954 0.06931716375961938 0.2496352681562423 0.13863432751923876 0.09012179609304985 0.07162666736266127 0.15456692933861393 0.12477089476731489
0.1336107013297228 0.09574262827725544 0.22377619257266076 0.11489115393270655 0.11532108534986699 0.08930748948576497 0.12718923023889367 0.10016151881312878
0.08582496729399976 0.11621976494053167 0.12430552026048311 0.13946371792863801 0.09712640177182873 0.15813219194724282 0.10459778844647852 0.1743296474107975
0.09117162281563815 0.14055113761458513 0.08979438369126463 0.12253176099733064 0.11125942423423624 0.21454505868674162 0.08310849876340685 0.14703811319679674
0.10178862800898456 0.07090799489259006 0.21377841234712391 0.14181598978518012 0.09829850707761077 0.0876618317541924 0.15811424532765603 0.12763439080666208
0.10359885737237366 0.06941436710342683 0.2578264002290025 0.13882873420685365 0.08985501210762113 0.06575733483594304 0.15368911560547088 0.12103017853930832
0.07784531310256708 0.1163381682774322 0.13664321523947565 0.14542271034679025 0.09471215248411871 0.15589665415912324 0.0986345339743447 0.17450725241614828
0.1023889325263806 0.07121888602659815 0.23905710155664311 0.1424377720531963 0.09151984137976377 0.07151647837331553 0.15768446885823922 0.12417651922586341
0.07152212323821047 0.10112747081930151 0.08760437027062103 0.09101472373737136 0.14074160975758992 0.21674258621731737 0.10921766848484563 0.18202944747474273
0.07341978377151108 0.11539582469497005 0.09969774462428894 0.14424478086871256 0.1051055128310185 0.19120702566478656 0.09783559050225722 0.17309373704245506
0.11558538579075675 0.0809198124083442 0.15357490744636584 0.09710377489001303 0.15728282894444887 0.12002059589166145 0.15413297601589368 0.12137971861251629
0.08595505917605635 0.11402112234809905 0.11433350099081226 0.13682534681771885 0.11535434644122448 0.1598599305906513 0.10261901011328914 0.17103168352214854
0.10096310788661986 0.14159880813117262 0.09854610384981932 0.12743892731805537 0.1330461375781953 0.22636436335676263 0.09557919548854152 0.07646335639083321
0.09964485818492336 0.13519959726667977 0.09176483581642039 0.12167963754001179 0.13191447002303436 0.25552909048991457 0.09125972815500885 0.07300778252400708
0.11831984774736774 0.0758571735892024 0.14360603092049418 0.09102860830704287 0.15680285998447488 0.15610986461199056 0.14448985445562362 0.1137857603838036
0.07837024281745326 0.11435400729630125 0.110963518792052 0.1429425091203766 0.10918657566419414 0.1756998248313503 0.09695231053382064 0.1715310109444519
0.10383043512075552 0.0696099207792823 0.22717235859348206 0.1392198415585646 0.09775932576950906 0.08691488673447455 0.15412208752108084 0.12137114392285119
0.0772533016940125 0.11530149341660731 0.12930624942285296 0.14412686677075917 0.0979693859484393 0.16533484863877232 0.09775561398364535 0.17295224012491098
0.10303741715242754 0.06922767092780861 0.23530414897396137 0.13845534185561723 0.09510280916458583 0.08489219999966895 0.1532757549235974 0.12070465700233297
0.07692776813112431 0.11489026151915376 0.1307249244007122 0.1436128268989422 0.09715206668129785 0.16694979923684336 0.0974069608531956 0.17233539227873065
0.09759008194252215 0.06932783115384913 0.22936920546505463 0.13865566230769827 0.0965591502137734 0.08911725680457609 0.15459071603559793 0.12479009607692845
0.0972394593768876 0.0667983188953115 0.265987089271232 0.133596637790623 0.09315555861489627 0.07403568080128678 0.14895028123820203 0.12023697401156071
0.10156950893292907 0.065488454035771 0.2855960465589122 0.130976908071542 0.08947171503609416 0.06771554927609173 0.14499682130834113 0.11418499678031865
0.06764970894586074 0.10106479784681581 0.08818472063245271 0.08810777248183942 0.14109627086244095 0.23808109363526697 0.09960009063164457 0.17621554496367883
0.12554767335389225 0.09026626697713157 0.17304737694112 0.11283283372141445 0.1379413036360179 0.13301480578249925 0.12580018923865163 0.101549550349273
0.14020752051828594 0.08774592658393847 0.20016474551464564 0.10968240822992308 0.1337409320632711 0.10745659976098643 0.12228769992201872 0.09871416740693077
0.11057308168553664 0.06562607704746681 0.25226953853218015 0.13125215409493363 0.09940894666043044 0.07640690641503384 0.14633635687897822 0.11812693868544027
0.08355714766648102 0.11120643754834575 0.13484534965394934 0.13344772505801492 0.10428803649537303 0.1657598534618062 0.10008579379351118 0.16680965632251862
0.08038055991234311 0.11096714669206621 0.10867095537350525 0.13316057603047946 0.10475558363612096 0.195744026294526 0.0998704320228596 0.1664507200380993
0.0764471996445682 0.11267288799979693 0.10282771655182246 0.14084110999974617 0.09726107256143784 0.20541366750397463 0.09552701373895829 0.1690093319996954
0.10200622904916962 0.06918117639186241 0.2186284177330997 0.13836235278372483 0.09662407012371488 0.09640793860793821 0.15426369780513796 0.12452611750535236
0.10590116057999163 0.06640507084623556 0.26823291117393894 0.13281014169247113 0.09133156600377837 0.07250966296821815 0.1470262862855195 0.11578320044984665
0.08433858445894368 0.11085792802831423 0.13823859971898708 0.13302951363397705 0.10235803821510014 0.16511830867672375 0.0997721352254828 0.16628689204247132
0.07738629883888323 0.1131123407452107 0.10964081900959952 0.14139042593151338 0.09717687516826527 0.19572513594820706 0.09589959324050473 0.16966851111781606
0.13403568390678333 0.09072599138993855 0.18182564343394783 0.11340748923742318 0.12717887906616393 0.124318685397801 0.1264408872542614 0.10206674031368088
0.1450982573123906 0.08720387424013855 0.20286828546234756 0.1090048428001732 0.13090723215018385 0.10528088448217868 0.12153226503243189 0.09810435852015585
0.11134214915825573 0.06543551586322727 0.25352416687534624 0.13087103172645453 0.0991157916812777 0.07601598226153775 0.1459114338800918 0.11778392855380908
0.10373300361932407 0.0652855030414723 0.2741276960791765 0.1305710060829446 0.09227252150580612 0.0709194365190747 0.14557692767755165 0.11751390547465014
0.1016227616859417 0.0649270407614468 0.2817850149165326 0.1298540815228936 0.09043892492925315 0.06972589251840032 0.1447776102949276 0.11686867337060422
0.10095227318086689 0.06476104817235373 0.2845524255800319 0.12952209634470746 0.0898663913919836 0.06936840702355648 0.14440747159626338 0.11656988671023671
0.08038144051079929 0.11315989921013955 0.14242030924997942 0.14144987401267445 0.09541619687346575 0.16149251678000523 0.09593991454772702 0.16973984881520932
0.14083716177003264 0.09245948513953867 0.19460775238179004 0.1109513821674464 0.12660139845656826 0.11498823315010043 0.1228277409423908 0.09672684599213276
0.0748180122251998 0.0971985499675371 0.0737515860285428 0.08473719740759644 0.14821916210500558 0.256011222120599 0.09578987533032642 0.16947439481519289
0.13163693421680142 0.08922450634190222 0.16624289787550056 0.11153063292737778 0.13984762564064307 0.13679150083067046 0.12434833253246447 0.10037756963464
0.1109413235703547 0.06616067430011562 0.23961642661913463 0.13232134860023123 0.10223580682722104 0.08210677738098433 0.14752842896175034 0.1190892137402081
0.10501653084598925 0.06550824202460906 0.2689073623918233 0.13101648404921812 0.09337358804896292 0.07218935462977878 0.14607360236532227 0.11791483564429629
0.10288632335598343 0.06494426731042331 0.279709755124586 0.12988853462084662 0.09085277411145037 0.07000264138992968 0.14481602292801854 0.11689968115876198
0.13659474627034277 0.08657894419060506 0.2371754962172965 0.10822368023825635 0.12048779655044352 0.09287669724701698 0.12066132707160819 0.0974013122144307
0.14608413077993918 0.08570691020136298 0.22061992055253266 0.10713363775170372 0.12750279518849686 0.09708632050387517 0.11944601104555623 0.09642027397653334
0.11286978261502212 0.06479903963564088 0.25963678359183745 0.12959807927128175 0.09785128835901026 0.07411456829402796 0.14449218688902604 0.11663827134415357
0.12269878239487869 0.07568061770572306 0.20095724131895026 0.0946007721321538 0.14261679126485557 0.10929446706720446 0.14063040155764953 0.11352092655858458
0.10866989152341974 0.0654403971529635 0.25280381533434776 0.130880794305927 0.10173143882218831 0.0767586295581665 0.1459223184276529 0.1177927148753343
0.13962713295680582 0.08684100661868624 0.22792962770773875 0.10855125827335779 0.12372547810040539 0.09460281176235963 0.1210265521346243 0.09769613244602202
0.11147811260635133 0.06476265557153355 0.2626075236490922 0.1295253111430671 0.0969982110046982 0.07364435013997345 0.14441105585652406 0.11657278002876038
0.10503345830820864 0.06489025054734102 0.27703717153822466 0.12978050109468203 0.09154889835468435 0.07021169556309716 0.14469557360854846 0.11680245098521382
0.1032627849282027 0.06467788482736596 0.2824625256334114 0.12935576965473192 0.09016885879641519 0.06942995372123384 0.14422202974938023 0.11642019268925873
0.10271013396377446 0.06456827492130691 0.284437699811304 0.12913654984261383 0.0897535075308711 0.06919332305322122 0.14397761601855602 0.11622289485835244
0.10252522189393405 0.0645246404847939 0.2851486312615809 0.1290492809695878 0.08961579137390095 0.06911176340583909 0.14388031773773444 0.11614435287262899
0.10246121540132407 0.0645084431117481 0.28540342932687396 0.1290168862234962 0.0895680533503196 0.06908257497173081 0.1438442000133607 0.11611519760114658
0.08181152287391348 0.11290553035540257 0.14250441853450055 0.1411319129442532 0.09535874808968606 0.1612053176721684 0.09572425399697175 0.16935829553310386
0.10530019458185715 0.06839844352655514 0.24007780261085954 0.13679688705311027 0.09367124089517302 0.08505682943898865 0.15143977728305244 0.11925882461040381
0.09859403160372897 0.13545452662637952 0.11056247013007221 0.11808856167427959 0.11525500244612426 0.20024428298337715 0.08009485052690268 0.14170627400913552
0.10708785768412073 0.06809382913952172 0.21972230315629093 0.13618765827904344 0.09969613097377222 0.09480425259305886 0.1518390757230529 0.12256889245113911
0.10571218018934177 0.0660277870173929 0.2617878599032748 0.1320555740347858 0.09353764921158701 0.07479682285710892 0.14723211015520146 0.1188500166313072
0.13882170026675306 0.08686330685440945 0.2311871242060772 0.1085791335680118 0.12155827268487772 0.09421161120074248 0.12105763100791765 0.09772122021121062
0.11122793225736897 0.06470849722702857 0.2638521895278143 0.12941699445405713 0.09648449436812855 0.07354430632533834 0.1442902908316129 0.11647529500865139
0.10495304301546642 0.06486119598116757 0.2774871558602916 0.12972239196233515 0.09141005686056276 0.07018521729159094 0.14463078626248407 0.11675015276610161
0.10324286528517106 0.06466454434659157 0.28261910658132006 0.12932908869318313 0.09012529073663969 0.06943064206485987 0.14419228246836985 0.11639617982386483
0.08197318313462167 0.1129297635817191 0.14190312824066376 0.1411622044771489 0.09549007353473297 0.16140220210012093 0.09574479955841403 0.16939464537257864
0.11849629748197141 0.07694356587502879 0.16188405551090096 0.09233227905003454 0.15112691603661194 0.13724236413761634 0.14655917309529293 0.11541534881254317
0.07202245045699887 0.09588483591782397 0.06848426419735815 0.08359190823605167 0.15358240967716838 0.26475511442782834 0.09449520061466711 0.16718381647210334
0.07400105562887094 0.10917077241197944 0.091749706026713 0.1364634655149743 0.10542926754467134 0.22687174547075242 0.09255782878406953 0.16375615861796913
0.10259612946529614 0.0689830312689499 0.21341824816829158 0.1379660625378998 0.09882832795232058 0.10021688056819017 0.153821863754942 0.12416945628410983
0.10502435262022296 0.06624923484153782 0.2596482624544437 0.13249846968307563 0.09370941356737576 0.07589573836744558 0.14772590575113057 0.11924862271476806
0.10391641252745697 0.06511723030303043 0.27630157504533187 0.13023446060606086 0.0912200209186622 0.07079758146784247 0.14520170458616039 0.11721101454545477
0.10308538193887684 0.06470992812571984 0.2822342877598172 0.12941985625143967 0.0902073113399 0.0695718824358231 0.1442934815221275 0.11647787062629571
0.12017031437108963 0.0755525714036107 0.20795285282365042 0.09444071425451336 0.14014496746611468 0.10801725780322412 0.14039246477238107 0.11332885710541603
0.10795638694758339 0.06529759365179315 0.2554586185021418 0.1305951873035863 0.10113119727937071 0.07642145980829852 0.14560388793399842 0.11753566857322766
0.10454400460341848 0.06506887305045446 0.27450207836531804 0.13013774610090892 0.09267190189565543 0.07085754936301039 0.14509387513041636 0.11712397149081803
0.10326263603337976 0.06473172248965718 0.2815493602014366 0.12946344497931436 0.09052740496326464 0.06960625115074699 0.14434207970081764 0.11651710048138292
0.12022514962974924 0.0755581981621726 0.20774295362851702 0.09444774770271576 0.14025274308956218 0.10803299007849461 0.1404029204655297 0.11333729724325892
0.14271638805455034 0.08631202932050407 0.2109659446236331 0.10789003665063007 0.1337062244002782 0.10101900459465676 0.1202893393701801 0.09710103298556706
0.14879146589053516 0.08584915981081483 0.2113600861913222 0.10731144976351853 0.13140068069941288 0.0990625946880529 0.11964425816917662 0.09658030478716667
0.15047387329849524 0.08575869744122544 0.211344589179394 0.1071983718015318 0.13067469987771102 0.09855304910004861 0.1195181846802153 0.09647853462137862
0.11429755343278 0.06492220507983863 0.2559993578153831 0.12984441015967726 0.09878248947438988 0.07452718744753649 0.14476682744668495 0.11685996914370955
0.10586508836543028 0.06500190088986106 0.27456261961733514 0.13000380177972212 0.09212753596188253 0.07049109457588092 0.14494453720813796 0.11700342160174992
0.10354022474609262 0.0647199876332707 0.2815449316115617 0.1294399752665414 0.09040618108925684 0.06953680919084249 0.1443159127225469 0.11649597773988728
0.10281700277030453 0.06457819077136538 0.2840882534740399 0.12915638154273076 0.08988012616197144 0.06923957500692143 0.14399972688420878 0.11624074338845772
0.10257609825749889 0.06452200576497283 0.28500409317562253 0.12904401152994566 0.08970408609325471 0.06913565209597897 0.14387444270577524 0.1161396103769511
0.10249300364039905 0.06450116675021682 0.2853324538744436 0.12900233350043364 0.08964274253472655 0.06909822473622004 0.14382797481317003 0.11610210015039028
0.10246384102288957 0.06449361051413241 0.28544998072071665 0.12898722102826482 0.08962101409606958 0.0690847081579904 0.14381112553449824 0.11608849892543835
0.1371323616154447 0.0863200095296776 0.23882900510790658 0.10790001191209699 0.11994589987082396 0.09246224020086957 0.12030046104229321 0.09711001072088728
0.11059745555886476 0.0645321667727334 0.2666619309983936 0.1290643335454668 0.09601238339423865 0.07307672930286974 0.14389710023651298 0.11615790019092012
0.10472370686568602 0.06478889932198227 0.2784870434239781 0.12957779864396454 0.0912943197375059 0.07003863772426806 0.144469575503047 0.11662001877956807
0.10316269659109237 0.06463380319766981 0.282963381103988 0.12926760639533963 0.0901302990527169 0.0693776336088822 0.14412373429450553 0.11634084575580567
0.10268733592794368 0.06454599408119088 0.28459752540803523 0.12909198816238177 0.08978450242171895 0.06918193158198985 0.1439279330705958 0.1161827893461436
0.08186793970914222 0.11289553707976324 0.142320964575019 0.14111942134970404 0.09546568459172829 0.16127136563780772 0.09571578143719058 0.16934330561964483
0.10523573695793786 0.0683320893704747 0.23989516501598082 0.1366641787409494 0.09441767563137447 0.0850191603726209 0.15129286372624437 0.11914313018441745
0.08245765337755934 0.11327751431803873 0.1325529732542687 0.14159689289754843 0.0966512188141927 0.16750784415690995 0.09603963170442414 0.1699162714770581
0.10570211356774384 0.06855583992701973 0.23609175032258758 0.13711167985403946 0.0949488049750954 0.08626828613970053 0.1517882658538817 0.11953325935993185
0.07260017231098614 0.09964839537641575 0.08079719093446174 0.08687296007174707 0.14185267514656444 0.24627847028305141 0.09820421573327928 0.17374592014349413
0.10177245245464624 0.06847547000324318 0.20737135987767588 0.13695094000648636 0.10610564888165856 0.10337820488262335 0.1526900778878288 0.12325584600583772
0.1049415619109411 0.06629314827393012 0.25723367376930356 0.13258629654786025 0.09529550730801928 0.07649831914574964 0.1478238261511218 0.11932766689307422
0.12113243453979901 0.07591747197615092 0.20054909991075867 0.09489683997018865 0.1423351658956335 0.11022225345920113 0.14107052628404163 0.11387620796422637
0.10841074017387729 0.06544966195895419 0.2526596458623836 0.13089932391790837 0.1018598200868535 0.07696843891170027 0.14594297756220528 0.11780939152611754
0.082896942220024 0.11298065094548611 0.13528633029455797 0.14122581368185763 0.0980843445988149 0.16426699864811817 0.09578794319291214 0.16947097641822914
0.0806172216346756 0.1105461129537054 0.10852909700264635 0.13265533554444645 0.10404398195106679 0.19829757982456642 0.09949150165833485 0.16581916943055805
0.07724497766758576 0.11219727750896127 0.1025413344331736 0.1402465968862016 0.09751137440071027 0.206838744082328 0.09512377875759762 0.1682959162634419
0.10323886709628137 0.06896323268773387 0.21814073583779361 0.13792646537546774 0.09711498600108413 0.09670417828987592 0.15377771587384237 0.12413381883792096
0.12154045397669871 0.07655810343265317 0.18907099020244214 0.09569762929081645 0.14394103236370262 0.1160936821911948 0.14226095339351222 0.11483715514897974
0.10890282742602396 0.06571125379942415 0.24836444245496947 0.1314225075988483 0.10257108300290857 0.07822134055596705 0.14652628832289505 0.11828025683896347
0.10498947581631925 0.06522775407084068 0.2719221403037807 0.13045550814168136 0.09322296245983569 0.07132404578773653 0.1454481560922925 0.11740995732751323
0.1034424964969417 0.06478609932748466 0.2806137677743292 0.12957219865496933 0.09075781951311106 0.0697493075104645 0.144463331933227 0.11661497878947241
0.08201712490435516 0.112929898311263 0.1414592902672169 0.14116237288907876 0.09574239423759301 0.16154915813796264 0.09574491378563603 0.16939484746689448
0.10561238476568845 0.06832035230652825 0.23951197574734057 0.1366407046130565 0.09446469290798741 0.08506034719758346 0.15126687690171492 0.11912266556010052
0.09863391466447739 0.1353885843295518 0.11042663945420496 0.11803107351807084 0.11555776786590384 0.2002688733860233 0.08005585856008282 0.14163728822168498
0.1070898705039495 0.06807535306707796 0.21962167561032983 0.13615070613415592 0.09989418271367392 0.09483469961094634 0.15179787683912604 0.12253563552074032
0.12232622811879273 0.07638982798520406 0.18928461357269774 0.09548728498150506 0.14455710983599124 0.11542193107788513 0.141948262450118 0.11458474197780608
0.09775353860677478 0.12905522527193064 0.13916699476562275 0.16131903158991326 0.09203553629215477 0.15342025505998697 0.08206228998269502 0.14518712843092194
0.10917590329052924 0.0682786296639001 0.23833615670793476 0.1365572593278002 0.09368826637218487 0.0837393667085649 0.15117449954074744 0.11904991838833863
0.07320467616864695 0.09972679655556238 0.08118510514667392 0.08694130981766977 0.14163172476746735 0.2451462872451872 0.09828148066345278 0.17388261963533955
0.13279333396725787 0.08922421438243833 0.1690252916407789 0.1115302679780479 0.13824131577135138 0.13446040943868595 0.12434792564119668 0.1003772411802431
0.12766989764857775 0.0752477769356684 0.17133761790469074 0.0940597211695855 0.1548991788031227 0.12408804917230436 0.139826092962548 0.11287166540350259
0.08520216487475761 0.11118627196028913 0.11606165984646331 0.13898283995036143 0.10796407954284405 0.17955695400547503 0.09426662187937558 0.1667794079404337
0.10449068424667869 0.06856059288911319 0.2231484265832852 0.13712118577822638 0.09874349500368367 0.09164665908019841 0.15287988921841061 0.12340906720040375
0.10509635634653186 0.06600980205576575 0.26316312190578245 0.1320196041115315 0.09343179980716672 0.07426966569774779 0.14719200637509555 0.11881764370037835
0.13860628594549232 0.08682600369487191 0.2316244875485517 0.10853250461858988 0.12164400376566462 0.09408181706101422 0.12100564320908455 0.09767925415673089
0.08741697044640068 0.11148224937497173 0.12974407726973874 0.13935281171871464 0.10131587352028792 0.1689470843547352 0.09451755925269342 0.16722337406245757
0.08151037503762697 0.11025485743690872 0.10713951246167762 0.13230582892429044 0.10452437354623983 0.19965339474467553 0.09922937169321784 0.16538228615536305
0.06597355155321558 0.09562774654797605 0.06078372065093284 0.08336777904182528 0.1386793327530165 0.2945904741916676 0.09424183717771553 0.16673555808365056
0.11168112762773555 0.07622592838633549 0.1379049930624157 0.09528241048291937 0.15683144744698116 0.16609149766636677 0.14164370274774282 0.11433889257950325
0.10825195455375108 0.06667406572068174 0.2285523600201386 0.13334813144136348 0.10676097875815393 0.08772597600465651 0.14867321520402763 0.12001331829722713
0.12222384172473078 0.07608010419591463 0.19164106995361946 0.09510013024489326 0.14620558375814496 0.11325638289761068 0.14137273093121447 0.11412015629387193
0.12470579415961952 0.07512199919623516 0.17834772038854185 0.09390249899529395 0.15709681125429023 0.11854980557090129 0.13959237164076532 0.11268299879435274
0.09816608074806757 0.12888079568058458 0.13632200225383162 0.1611009946007307 0.09426826417368839 0.15431959188815497 0.08195137551428476 0.14499089514065763
0.14751791760418762 0.09201107809374906 0.19165906325457402 0.11041329371249889 0.12685627874903768 0.11305257044587554 0.12223205490353965 0.09625774323653748
0.08886719027190117 0.11141110189896156 0.12076980941770013 0.13926387737370194 0.10228799656964105 0.17582613305314093 0.09445723856651088 0.1671166528484423
0.10784437321698667 0.06859884701106285 0.23093856364340437 0.1371976940221257 0.09619144261855972 0.08773734634354846 0.15188348707374108 0.1196082460705711
0.09904205248733697 0.13532799460716174 0.10878552540400767 0.1179782517088077 0.11592615141714302 0.2013460907311736 0.08002003159379999 0.14157390205056922
0.10722788238067923 0.06810200018578823 0.21895410204978785 0.13620400037157646 0.10001275290173926 0.09505836583934223 0.15185729593666805 0.12258360033441881
0.08273663576781587 0.11320890059793755 0.1278402185782232 0.14151112574742192 0.09776998877922925 0.17113832042986676 0.09598145920259922 0.16981335089690627
0.11917413523770401 0.07686210111018107 0.15737804008812037 0.0922345213322173 0.1530146470735169 0.1396394013783579 0.14640400211463062 0.11529315166527161
0.09896856193143581 0.13154631172542453 0.09315987880470053 0.11468139996575472 0.12715014020796214 0.2190921213420875 0.07778390606372927 0.13761767995890564
0.1074585160371288 0.06819302006316115 0.21221946845292497 0.1363860401263223 0.1026020311263523 0.09833323140226696 0.15206025667815337 0.12274743611369007
0.08274799316928598 0.1131748928047043 0.12632017417544908 0.14146861600588037 0.09827908619355981 0.1722942719357277 0.09595262650833625 0.1697623392070564
0.14330310791127446 0.09235907686416125 0.1885402884940244 0.11083089223699352 0.1283734430580361 0.11727703431045416 0.12269435363639493 0.096621803488661
0.10454979399027918 0.13219340128214263 0.09935579103102057 0.11524552932289356 0.12173016255172431 0.21046415370241808 0.07816653293204955 0.1382946351874723
0.10857454862453315 0.06809203826029354 0.21474244093617104 0.1361840765205871 0.10129930980638237 0.09670683465383492 0.15183508232966947 0.12256566886852839
0.1061764391362841 0.06609771689704586 0.2598642570107187 0.1321954337940917 0.09409367174194745 0.07520854765569761 0.14738804334953207 0.11897589041468254
0.13899601941897646 0.0868743012032141 0.23051432812321124 0.10859287650401762 0.12188291498347185 0.094333017557521 0.12107295335597187 0.09773358885361584
0.11128575813893093 0.06470390679652135 0.263565218316188 0.1294078135930427 0.09670768671464038 0.07358252935021739 0.14428005485672074 0.11646703223373844
0.10497174786412906 0.06485246676223061 0.27735493706039227 0.12970493352446122 0.09157048590983985 0.07019966729980866 0.14461132140712316 0.1167344401720151
0.10324820519387634 0.06465356287768136 0.28254602050390215 0.1293071257553627 0.09026287274646924 0.06943800431115645 0.14416779543172528 0.11637641317982646
0.10271328385653293 0.06454942649107875 0.2844373041526783 0.1290988529821575 0.0898669289695172 0.06920964903174787 0.14393558683234575 0.11618896768394174
0.0818667014254255 0.11288475850942205 0.14227890146154196 0.14110594813677757 0.09552915119133724 0.16130075842728744 0.09570664308407523 0.16932713776413308
0.10577909648944406 0.06828034753045346 0.23979009979617938 0.13656069506090693 0.09437583838427357 0.08498270605737117 0.15117830303852944 0.11905291364284193
0.07263961172432551 0.0996702609341429 0.08133443362828867 0.08689202235284253 0.1417639230231222 0.2456899392327274 0.09822576439886548 0.17378404470568506
0.10176278235332803 0.06846221375416826 0.2075836606938753 0.13692442750833653 0.10610443325075009 0.10326997925110248 0.1526605184309364 0.12323198475750288
0.08170202922159124 0.1131207721279171 0.12521828938700127 0.14140096515989636 0.09895190740355328 0.1740181369214529 0.09590674158671232 0.16968115819187563
0.11900188007085187 0.07684994892963565 0.15653775744262813 0.09221993871556276 0.153373235065963 0.14036146127683713 0.1463808551040679 0.11527492339445346
0.09891154159550783 0.13151701741201713 0.09298853074672672 0.1146558613335534 0.1272117415281297 0.21936168957495616 0.0777665842088449 0.13758703360026406
0.10744927131982605 0.06819503233753867 0.21214770500701408 0.13639006467507733 0.10261892781328492 0.09838319689001356 0.15206474374967577 0.12275105820756961
0.10601551361370695 0.06615812637796775 0.2589160378780196 0.1323162527559355 0.09444057501949595 0.07554611939888474 0.1475227474756475 0.11908462748034197
0.1041345987746898 0.0651098775510479 0.27598583487252715 0.1302197551020958 0.09141429551207363 0.07075254954901448 0.14518530904666502 0.11719777959188622
0.08216364557712016 0.11298352450977776 0.14046170829173704 0.14122940563722222 0.09591340546302755 0.16198264428076736 0.09579037947568117 0.16947528676466667
0.1025058000913679 0.07556357494266351 0.23170181045755517 0.13512622197452012 0.09508794941199868 0.08774538988965255 0.15065565345517393 0.12161359977706811
0.10395737289234759 0.0706545999359072 0.2656365275079949 0.13086595888280025 0.09207027729132378 0.07313012245711839 0.1459057780379877 0.11777936299452021
0.09380280750594937 0.13850978344762294 0.15803681285666074 0.161053840102197 0.08226360406788955 0.13945730770180312 0.08192738822590022 0.1449484560919773
0.1462058091855598 0.09198644353355867 0.1996358711565351 0.11038373224027041 0.1235791027323791 0.1097777403164529 0.12219932913859809 0.09623197169664599
0.10417961298686082 0.1434571760108522 0.10051875351421968 0.11374830727637564 0.11936391246332649 0.20508324321186833 0.07715102580484608 0.13649796873165077
0.10763525468386831 0.07763791492648675 0.2135657323503679 0.13461065995411362 0.10005366436908668 0.09526633948017613 0.1500808402771983 0.12114959395870224
0.1219848818604268 0.08216829370233392 0.18681421980617885 0.0949264473696899 0.14402287610124648 0.11505700464453913 0.14111453967195692 0.11391173684362789
0.08373087502765528 0.12010300732148164 0.11885355814129916 0.13793510317372332 0.10510781611609327 0.17519153338910196 0.09355598302217756 0.16552212380846795
0.1033846241523859 0.07644236750447896 0.22295344669242112 0.13576529446015484 0.09747879143933921 0.09041853915240038 0.1513681715846801 0.12218876501413936
0.08155032423578225 0.12136867637538998 0.1280626630630618 0.14038714428629054 0.09662162920688755 0.16832588312964214 0.09521910655939707 0.16846457314354862
0.08086662441996142 0.1105753036115526 0.10698514454406713 0.1326903643338631 0.10373344378621126 0.1997683906366182 0.09951777325039735 0.16586295541732887
0.06519305918293561 0.10537018119642631 0.0601688542846423 0.08229189971508863 0.13708223086307456 0.2922843495627725 0.09302562576488281 0.16458379943017726
0.12923472274404582 0.09818646126996328 0.1596197268978446 0.1102530758953211 0.1361292891120985 0.14442500399313943 0.12292395178179827 0.09922776830578897
0.12615614624961333 0.08258028605968386 0.1675856100640356 0.09333892659341048 0.15354181271547543 0.12603592299220098 0.13875458341348781 0.11200671191209258
0.11000002392647297 0.07137140245750671 0.23892368643551626 0.13107460414216082 0.10462902023195844 0.07989571714680695 0.14613840193163302 0.11796714372794473
0.10511331245518372 0.06996147499264593 0.2677693111413917 0.13006891939386672 0.09352321954381553 0.07148459653023057 0.14501713848838574 0.11706202745448004
0.10319452057357915 0.06929321649335676 0.27848492488531856 0.12899393933704842 0.09056332400976848 0.06955691335015961 0.1438186159474256 0.11609454540334356
0.10242887293452041 0.06900456450859105 0.2823727019117693 0.12853039663992172 0.0896724538326413 0.06901185276375872 0.14330180043286794 0.11567735697592957
0.09333567766246041 0.13799031478271692 0.16208184243342197 0.16068105046046577 0.08168419594584318 0.13787622154469648 0.08173775175597607 0.1446129454144192
0.1078683957683996 0.06792142736315658 0.2475912050763017 0.13584285472631316 0.09114391483575858 0.08082147382985286 0.15038362427984198 0.11842710412037558
0.08233998780664614 0.12030071963478214 0.13353603239678857 0.14028714305608972 0.0952904799346263 0.1647497858657162 0.09515127963804347 0.16834457166730765
0.10626783331808144 0.06853129431812302 0.23647247661442605 0.13706258863624604 0.09464395240541955 0.08579747296190472 0.15173391985778964 0.11949046188800938
0.07224453411804159 0.10599900839347232 0.08047900096269889 0.08616578226657029 0.14090568131615633 0.24446963106510153 0.09740479734481859 0.17233156453314058
0.11280121630786273 0.08437533329870416 0.14369533240322024 0.09474247534485426 0.15692470308042084 0.15292891625040386 0.14084105290070872 0.11369097041382512
0.10786610973254666 0.07213571803003369 0.22994070777252754 0.13226760763006407 0.10621125766110985 0.08506924051612633 0.1474685117905341 0.11904084686705767
0.1049717796243534 0.07025388723060717 0.2645443481493019 0.13052718591794057 0.09414152413339798 0.07255873615451866 0.14552807146373373 0.11747446732614651
0.10327858958276626 0.06939668257524247 0.2773358147846111 0.12915404314436507 0.09078903187970061 0.06981007945884755 0.14399711974453835 0.11623863882992855
0.08143241314341343 0.12023168418395595 0.1400229125486379 0.13995489931318592 0.09508524760575042 0.16040103232115946 0.09492593170807392 0.1679458791758231
0.10583628023362877 0.06838498015217591 0.23901764905165387 0.13676996030435182 0.09440841275597724 0.0849373992279923 0.15140996826529787 0.11923535000892209
0.08197239171160808 0.12035910962795235 0.13161560286497886 0.14030095737004358 0.09596564314351186 0.1662644970912147 0.09516064934663826 0.1683611488440523
0.10624656810181003 0.06857360973372519 0.23571727574708173 0.13714721946745037 0.09483461005852742 0.08608886461190024 0.1518276096668559 0.11956424261264904
0.08204991608123913 0.12039803506845137 0.13089292629156507 0.14032428349111783 0.09606264229101469 0.16670658604546884 0.09517647054180167 0.16838914018934137
0.1062890042703918 0.06858977653893178 0.23543236874017134 0.13717955307786356 0.09487536135940891 0.08617810082211645 0.15186340430272235 0.11959243088839387
0.09789659528018817 0.14364118576949725 0.10885817397118973 0.11675913471857188 0.11461558176706896 0.19892521458729667 0.07919315224390093 0.14011096166228623
0.1061064217461517 0.07762229222640518 0.2173019791250897 0.13461539903688993 0.09898873769459937 0.094125187036832 0.15008612400083102 0.12115385913320095
0.10514794041550284 0.07105687621521345 0.26016222856583676 0.13134566020071078 0.09319675976562045 0.07443883144762396 0.14644060920885216 0.11821109418063971
0.1205837915125252 0.08107127231051309 0.20084441875856612 0.0942329871100442 0.14099139234557334 0.10911288901042045 0.1400836644203045 0.11307958453205302
0.10781163723008862 0.07067472604837965 0.25195240035738636 0.12999799620504401 0.10118725181085057 0.07643972733808746 0.1449380644256237 0.11699819658453961
0.1387001829528861 0.09266452177091289 0.22673229872055214 0.10773780263690114 0.12306460153884169 0.09401696020107542 0.12011960980561963 0.09696402237321101
0.12776909218742613 0.0815313860270208 0.18825573032953138 0.09261975644356892 0.1484558750858227 0.11253896351107176 0.1376854886832756 0.11114370773228269
0.10967312428880498 0.07083306064012104 0.24682398433802163 0.13020892115033164 0.10293470747172252 0.07716494307674779 0.14517322999895182 0.11718802903529846
0.10477100327759493 0.06973340801528219 0.2706475196410568 0.12970456332593516 0.09294291259665194 0.07085557748674386 0.14461090866339338 0.11673410699334166
0.10302111541229433 0.06920740437976305 0.27952049613337837 0.1288594486786866 0.09036123543460717 0.06938812725048424 0.14366866889996846 0.11597350381081792
0.10235576440796304 0.0689735767095133 0.2827442587718644 0.12848220275888272 0.08960149216467723 0.0689606548520372 0.14324806785206776 0.11563398248299446
0.10210408551708766 0.06888232633683591 0.28390632664030546 0.1283380682191479 0.08935791995251519 0.0688196433403026 0.14308736859657234 0.11550426139723309
0.10201035907184046 0.068848563654006 0.28432414104319365 0.1282852813888681 0.08927578824126947 0.06877059813071498 0.14302851522012608 0.11545675324998132
0.11929591838502461 0.0805277629519147 0.20799408781095624 0.09378217349337874 0.1392072488979226 0.10724070056814379 0.1394134997006048 0.1125386081920545
0.1415620089822278 0.09298969236108272 0.2100071289932307 0.10695396700430713 0.13274837855134447 0.10023456223345706 0.11924569157047378 0.09625857030387641
0.1285319795662746 0.08155839629609579 0.18287393109942887 0.09261432077168466 0.15149293685904452 0.11411384228951277 0.1376774081919372 0.11113718492602156
0.10999919835001966 0.07093347190164175 0.24471909732765085 0.13038999616914676 0.10369960525318293 0.07753251931425637 0.1453751151318696 0.11735099655223209
0.08261604380752104 0.12045061462290915 0.13282606526654445 0.1400124721200021 0.097812475989783 0.16330238055914933 0.09496498109008839 0.16801496654400253
0.1063334099962023 0.06852955862303375 0.23614671245060267 0.1370591172460675 0.0951422472155725 0.08557144203450405 0.15173007688616344 0.11948743554785371
0.08206785773580844 0.12039491065517341 0.13099346141124382 0.14032578858470113 0.09613029367053312 0.1665192502530145 0.09517749138788426 0.16839094630164136
0.10628948688190838 0.06858738299310203 0.23547117353570535 0.13717476598620407 0.09488538650982813 0.08614544177134553 0.15185810479547215 0.11958825752643433
0.07223696245801914 0.10599100804363394 0.08033060997207073 0.08615525538653014 0.14095916800825956 0.24462358796495742 0.09739289739346885 0.17231051077306028
0.11279872199936605 0.08437420815065659 0.143646172278281 0.0947417764280536 0.15694109098403694 0.15296788453199917 0.14084001391394238 0.11369013171366432
0.12208720927497867 0.08164644087236099 0.16264497881527948 0.0935666012331318 0.1602915576517073 0.12839025361576997 0.13909303705701384 0.11227992147975815
0.08351173172227874 0.11966209551009706 0.11325425560641907 0.1374788319569962 0.10823028033335766 0.17964169441249306 0.09324651210996264 0.16497459834839542
0.103468510103178 0.07650720869798876 0.22066598043281987 0.13592809448249707 0.09825612540119061 0.0912891143877421 0.1515496814603363 0.12233528503424736
0.13873309401069212 0.09419639932567136 0.21696425750310683 0.10895156084241926 0.12346528679603468 0.09816013713809682 0.12147285962580177 0.09805640475817733
0.11119067211857259 0.071076494860707 0.2576578391060392 0.12901369309249375 0.0969735092816379 0.0741348278467189 0.1438406399105863 0.11611232378324439
0.13949517241467088 0.09255039507599805 0.22854643047248446 0.10755525963777868 0.12175927835366754 0.09337764238718968 0.11991608798420997 0.0967997336740008
0.08681684718747841 0.1212057918868355 0.1281124571023119 0.13770264710206373 0.10043437259734996 0.1670863904366059 0.09339831716487804 0.1652431765224765
0.09024399949638914 0.14539658872016686 0.1231153154336426 0.16122885115439306 0.08366752836249784 0.16922533520672223 0.08201641558723474 0.14510596603895373
0.08256346377218732 0.11082908615331248 0.10610131126372892 0.13299490338397496 0.10112855480858889 0.20039287385025759 0.09974617753798123 0.16624362922996871
0.07663586298029461 0.12342784274455153 0.10083810362888118 0.13818503606032373 0.09578172389999165 0.20558388469439254 0.09372550271917611 0.16582204327238848
0.1024159593803024 0.07718552569039241 0.21604828246035743 0.13667640756705599 0.09616722195999693 0.09611384142618486 0.15238399470535943 0.12300876681035039
0.08135272919203544 0.12143390115921893 0.1264886284143501 0.14037238889824272 0.09631417352775543 0.17038221357343733 0.09520909855706895 0.16844686667789122
0.10627170666349733 0.06868334609680206 0.2336933462690498 0.13736669219360412 0.09505545083384263 0.0871033051368126 0.1520705749965825 0.11975557780980872
0.06072675913894545 0.08911734227527786 0.09653950737310855 0.10385705334985805 0.11854784881261031 0.2060937568245573 0.1174036255259265 0.2077141066997161
0.0990508327684235 0.07498407759154878 0.21470376661062202 0.13718848022023342 0.10120788462570987 0.09644040848597712 0.15295491749927517 0.12346963219821008
0.10377249248245457 0.07103640063307341 0.25942766362837083 0.13166720509321703 0.09383069377643113 0.07496595203444853 0.14679910776810912 0.11850048458389531
