0.125 0.125 0.125 0.125 0.125 0.125 0.125 0.125
0.07575757575757576 0.12626262626262627 0.09090909090909091 0.15151515151515152 0.0946969696969697 0.15782828282828282 0.11363636363636365 0.1893939393939394
0.06379183862841928 0.10631973104736547 0.057412654765577345 0.09568775794262893 0.12758367725683856 0.24300351494275768 0.11482530953115469 0.19137551588525786
0.11178451178451178 0.09023569023569024 0.1397306397306397 0.11279461279461278 0.13414141414141414 0.10828282828282827 0.16767676767676767 0.13535353535353534
0.07218683555094924 0.12771517059014095 0.09023354443868654 0.15964396323767618 0.09710927226274259 0.15325820470816917 0.10828025332642387 0.19157275588521144
0.09798232612312575 0.07716108182196155 0.1959646522462515 0.1543221636439231 0.08542048944067374 0.08377103697365593 0.17084097888134747 0.13453727086906117
0.07299771287123333 0.12166285478538888 0.1034592290392028 0.14599542574246666 0.09124714108904164 0.1726467849877334 0.10949656930684999 0.18249428217808328
0.07111239711925389 0.11852066186542314 0.09362901844130693 0.14222479423850778 0.08889049639906735 0.2011730434594254 0.10666859567888083 0.1777809927981347
0.10549528290052695 0.08307753528416498 0.13791844148120863 0.09969304234099798 0.14306805607186604 0.1478884146441975 0.15824292435079043 0.12461630292624747
0.08439053147032173 0.14930632490903076 0.07357123256387023 0.13016448838223196 0.11457738479019218 0.20350717274903046 0.08828547907664427 0.15619738605867836
0.09392876837931899 0.07396890509871372 0.20121561830901613 0.14793781019742744 0.09773062552453068 0.09247361104211552 0.1637732371741972 0.12897142427468034
0.07029699450019807 0.11716165750033011 0.11303245390562813 0.14059398900039613 0.102379567134851 0.17534735995780434 0.10544549175029712 0.17574248625049516
0.05841057414447661 0.09735095690746103 0.06270546456177752 0.08761586121671493 0.13722264293662215 0.27632374433946 0.1051390334600579 0.17523172243342985
0.06736988052885558 0.1191928655510522 0.08421235066106948 0.14899108193881522 0.09143443685021746 0.20895526535012857 0.10105482079328337 0.17878929832657828
0.09220931811585253 0.07261483801623389 0.2110886481489298 0.14522967603246778 0.09632860556944586 0.09514320598932956 0.16077522133020442 0.126610486797536
0.08633741865705774 0.14389569776176295 0.11350003764909494 0.1295061279855866 0.13060980270906078 0.22131764245689498 0.09712959598918998 0.07770367679135198
0.06735378302822237 0.11916438535762418 0.08419222878527796 0.14895548169703024 0.09090107741681791 0.20965579113625757 0.10103067454233355 0.17874657803643626
0.06777100857874443 0.11295168096457407 0.09628726956190518 0.13554201715748887 0.10338843002189659 0.21297555940041304 0.10165651286811667 0.1694275214468611
0.0715131210738931 0.11157470504656848 0.09752000259319824 0.1338896460558822 0.10501382739118381 0.21270940572750974 0.10041723454191163 0.1673620575698527
0.0750382602116307 0.11098803349610781 0.09736499940619218 0.13318564019532936 0.10496817234155362 0.21208361395852748 0.09988923014649703 0.16648205024416168
0.07536280873734556 0.11082570002900277 0.09723147308683477 0.13299084003480333 0.1058960274405206 0.21171147060188636 0.0997431300261025 0.16623855004350413
0.07444814896311704 0.1217300930998329 0.09606382549075064 0.13108513324566315 0.10490588370669385 0.20959664900261601 0.09831384993424738 0.16385641655707894
0.07408036302963343 0.1225271751558751 0.09553775286002493 0.13057982106174357 0.10435699052348403 0.21175825524575187 0.09793486579630767 0.16322477632717944
0.09063367941964795 0.15010218735286693 0.08763955118666765 0.11986158192711609 0.12762907584237532 0.2623207886697193 0.08989618644533708 0.07191694915626964
0.08476693670177356 0.13779254408065467 0.0678977753440907 0.12012683330108355 0.10509236192919184 0.2586940182689967 0.08147733041290883 0.14415219996130024
0.11066762951080986 0.0824802613144884 0.12772130016982344 0.1031003266431105 0.14468281204118927 0.15436171814505772 0.15326556020378815 0.1237203919717326
0.0797764266316533 0.11877319513154887 0.08391584438642039 0.1484664939144361 0.10039518405947065 0.189814049915443 0.10069901326370446 0.17815979269732327
0.1016838424358103 0.07859425746452207 0.2117255732056066 0.140112608080922 0.09806063819312912 0.09256321066093662 0.15511041676032064 0.12214945319875252
0.11477002886419752 0.08255265059595891 0.17876342592305208 0.09161026148020478 0.15274692906509044 0.11963076376059785 0.1454131134606425 0.11451282685025597
0.08062894538948417 0.1194038154110195 0.08436139132300292 0.1492547692637744 0.10197223007349697 0.18403945583508927 0.1012336695876035 0.17910572311652925
0.10142762176282787 0.07833359207677065 0.21482922199001767 0.13953231965959928 0.09846974893695358 0.09129592122097309 0.15446801362397639 0.12164356072888143
0.07859995318995781 0.11962589993869621 0.12530773085012803 0.13273858273373074 0.10523314751563521 0.17301752030439066 0.09955393705029805 0.16592322841716342
0.11073824604469924 0.08580022027939672 0.15518837342921335 0.09155924921790815 0.15589082232739226 0.1410418855632779 0.14533214161572722 0.11444906152238518
0.09391087501299808 0.13969140285672177 0.06883344488592086 0.12178224864432154 0.12001031240762527 0.22703288395612153 0.08260013386310504 0.14613869837318585
0.10497216347555942 0.07283223686389591 0.1804500196926376 0.14566447372779182 0.09816358458940333 0.1044144775723254 0.16240501772337385 0.1310980263550126
0.10189052242734013 0.07253228667811112 0.25329386069854587 0.13491265347756878 0.09472545224554771 0.07567521177124224 0.149353853259661 0.11761615944198305
0.09780194371455327 0.14781553529129127 0.12580880483703566 0.12363575303203482 0.1301051285391777 0.20792456799266026 0.09272681477402611 0.0741814518192209
0.0757282274159875 0.11428189601496834 0.09098932960457327 0.14285237001871043 0.09528688073626565 0.21254727947869956 0.09689117270834272 0.17142284402245248
0.08958353992861372 0.14684584090386346 0.11793599434609411 0.157504982892555 0.08665666575234349 0.18177371798794054 0.08238722182072108 0.13731203636786846
0.07572985602124978 0.1251215229265684 0.10355910532276622 0.13020519774793135 0.10084676948656472 0.20412715299905687 0.09765389831094852 0.16275649718491417
0.07375307598016649 0.12211003978256844 0.10002434694383801 0.12959144840011114 0.10358446134989077 0.21175373074320294 0.09719358630008335 0.1619893105001389
0.1126159663391597 0.08545091674913258 0.14751487678022412 0.09087769419372692 0.1548519958966247 0.1508411240549624 0.144250308244011 0.11359711774215867
0.07842714568348709 0.11590869516062786 0.09399368207496227 0.14488586895078484 0.09992435955586076 0.19472679037106408 0.09827041546227146 0.1738630427409418
0.10470573836862507 0.07699372803934962 0.21975175555598223 0.1373586242938618 0.09703591406008645 0.09234405192598731 0.15206164349992024 0.11974854425618721
0.08344933126223535 0.11835399725571047 0.12741164935949253 0.1313502417038389 0.10435162210758388 0.17238267490346124 0.09851268127787918 0.16418780212979864
0.07878711120734072 0.12153192068873386 0.10554925404947992 0.12968679516064532 0.10461467407500638 0.20045665449750313 0.09726509637048401 0.16210849395080668
0.07816471363894285 0.12113632483874999 0.10019191671974388 0.12884576263383385 0.10405248004609634 0.2099172768549654 0.09663432197537539 0.1610572032922923
0.07789080887635007 0.12082755816851629 0.09882503653273442 0.1285502592941507 0.10371117564777908 0.21309464289216798 0.09641269447061304 0.16068782411768837
0.07778542453891446 0.12070023951536865 0.09845772226482624 0.12844622297717648 0.10355979977288189 0.2141581449764791 0.09633466723288238 0.1605577787214706
0.07774726466193807 0.12065404502932085 0.09835375672973364 0.12841030002312812 0.10350019381850482 0.21451383969111812 0.09630772501734611 0.16051287502891015
0.07772634532005374 0.12062513943303163 0.09831406400126637 0.12838208191604483 0.10357063390810227 0.21461757158941144 0.09628656143703362 0.16047760239505604
0.0955013889688216 0.1476554594062478 0.09025878428974647 0.11785812280391197 0.1268107512683897 0.2628070274776011 0.088393592102934 0.07071487368234719
0.08538680291495247 0.14849362279326558 0.06937832977733743 0.11219497392554374 0.10743946022622118 0.26637538107644076 0.07609746057558618 0.1346339687106525
0.10062400716479322 0.08117575447174172 0.18678491834557687 0.140629229684439 0.0977284413723247 0.10970024586561315 0.1567910963795163 0.1265663067159951
0.10756337820424601 0.0719686593785137 0.2563612902913314 0.132614388356736 0.09346608195885331 0.07560407881868335 0.14680957929602031 0.11561254369561602
0.0851030397868596 0.11744177365584497 0.13565512608424168 0.1308986692724857 0.10346009937548957 0.16564395328010723 0.09817400195436428 0.16362333659060713
0.11810297547128759 0.08461096553546275 0.15846132645404565 0.09033737894924534 0.1541799111455831 0.13799305375901674 0.14339266499880213 0.11292172368655667
0.091611785550894 0.14524895150869876 0.08467118690261963 0.11642775634703759 0.1224882151748492 0.22087040563798674 0.07896839126146897 0.1397133076164451
0.10061088378511947 0.08014278896647 0.1990454268004387 0.13924324260307494 0.0994507480705071 0.10094216721595532 0.15524582421566713 0.12531891834276745
0.08391343351068216 0.11867843949920119 0.12282286082835905 0.13132324344165808 0.10499217155391015 0.1756233642828732 0.09849243258124359 0.1641540543020726
0.07972468197543801 0.12134989313586154 0.1044488091919979 0.12942116722176236 0.10477013596461285 0.20144297806680275 0.09706587541632176 0.16177645902720295
0.0664128329656578 0.1022925890174191 0.06335182945005781 0.0816043612601841 0.14090908830240104 0.28429534297169123 0.0979252335122209 0.1632087225203682
0.06889020121224307 0.12030658983658288 0.08803714334395434 0.13572121158812858 0.0978256757333507 0.23429933738977698 0.09205438699020897 0.1628654539057543
0.09695617721256716 0.07826156077928124 0.2071068730964525 0.1391825383689144 0.09493360364607463 0.10311681883994223 0.15517814352474485 0.12526428453202296
0.12078169078714704 0.08120122634874861 0.18079634443689388 0.09001388638521723 0.15084357387508177 0.12096673544694968 0.14287918473844005 0.11251735798152156
0.07732489552345401 0.12152390155795413 0.11592500975300417 0.13995761136364063 0.10251512794449534 0.17987654903530936 0.09492777118577364 0.16794913363636874
0.10459902388439797 0.07657767661600089 0.2284246419307141 0.13581295922182052 0.0967760727327187 0.08905805551402578 0.1503505287274529 0.11840104137286915
0.08454068673521438 0.11802245041342015 0.1293545673651986 0.13099016472097383 0.1042796230044449 0.17083217831880038 0.09824262354073039 0.16373770590121728
0.07987730454483763 0.12133142845191625 0.10595726641740139 0.129473279815728 0.10467280508234027 0.19974135605632048 0.09710495986179601 0.16184159976966
0.09517975832045666 0.15898963265588606 0.09113159038092414 0.11665520197039192 0.1262275967375906 0.2543316972747216 0.08749140147779395 0.06999312118223516
0.11091839522920932 0.08894325757544318 0.145794927708616 0.09504880847818462 0.1466434836220225 0.15729611953468517 0.14129643767801772 0.11405857017382155
0.1003956119865826 0.07359802884891449 0.22950260398777214 0.134566921960297 0.10344065147947985 0.08735387629456452 0.15003207567812213 0.12111022976426727
0.08329319505303696 0.12323703519109802 0.12902029466947107 0.13001995813973843 0.10522048505444989 0.1691691156127288 0.09751496860480384 0.16252494767467304
0.07900225777321523 0.1310822845368417 0.10492904644315915 0.12788086158345222 0.1038920955209297 0.19745173097549742 0.09591064618758917 0.15985107697931528
0.07776536991896178 0.13186374885716495 0.0990823494589706 0.12709614722074378 0.10298543489015383 0.2070146552125173 0.09532211041555784 0.15887018402592973
0.07738337598305323 0.13174878745395177 0.09761242500451016 0.12681756813662448 0.10257656984763548 0.2102261373009759 0.09511317610246837 0.1585219601707806
0.07726036753758207 0.13163417752324497 0.09722589133583735 0.1267212354030902 0.10241344704142508 0.2113024103526398 0.09504092655231765 0.1584015442538627
0.07727607966362529 0.13157295812520065 0.09711395276852548 0.12667814251740103 0.10234722796820035 0.21165535392224516 0.0950086068880508 0.1583476781467513
0.06530869800728051 0.11118267782463304 0.06153824129134829 0.08029134889492032 0.1383705189515052 0.28637619856656765 0.09634961867390437 0.16058269778984063
0.0491200906646607 0.08666342394358717 0.06395517293243028 0.09686365791914016 0.11919901145410741 0.2809732791652876 0.10949804808250627 0.19372731583828032
0.09340635402907838 0.07546140828892242 0.2009244792336631 0.138318441584084 0.10191189058119882 0.11127608876288397 0.15421474009449365 0.12448659742567561
0.10516771250804108 0.07469666205060417 0.26123084688918297 0.13100636272522248 0.09350311578849797 0.07515519602134434 0.14502942882075912 0.11421067519634781
0.07604531012230571 0.12162355581282766 0.13699722427542593 0.14096903884223602 0.09577247275705375 0.1638157687125597 0.09561378286690791 0.16916284661068323
0.07805366601199522 0.13126385185658826 0.10704144121275215 0.12849595758678267 0.10211949156570807 0.1960336765926082 0.09637196819008702 0.1606199469834783
0.1159196864546398 0.09299659785021709 0.14854599407266003 0.08961830267281297 0.15307760856075278 0.14556765796407106 0.14225127408383012 0.11202287834101621
0.0753925999418438 0.12868247729229051 0.10975217516475479 0.13699636312681032 0.10563607811900971 0.18622539822145578 0.09291927238166266 0.16439563575217236
0.13853663791571236 0.11139611178491618 0.17966333603389972 0.10782565721623846 0.12936814759495913 0.11984081951314617 0.11936743493209954 0.0940018550090284
0.07809502789637866 0.13257412638083646 0.11670308871572554 0.13701750332127965 0.10148451593963145 0.17677112281226645 0.09293361094834621 0.16442100398553558
0.10429590362677775 0.08382322919142358 0.22739131709371557 0.13445448095647228 0.09590063991549891 0.08807106478372775 0.14884663744469048 0.11721672698769377
0.08421855620250883 0.12515570716633478 0.12847229842653626 0.12984319742073483 0.10336658616199201 0.16925725978042358 0.09738239806555113 0.16230399677591853
0.09717592086842736 0.16116641632949982 0.09638599604221898 0.1175762578409809 0.12685716533039448 0.24211029550315424 0.08818219338073569 0.07054575470458854
0.10927854834310385 0.09731028015759574 0.14704513731629462 0.09299672924166179 0.1512160589723598 0.1523112868122808 0.13824588406670915 0.11159607508999414
0.09887961309761081 0.07833035264388345 0.23206739660551565 0.13246165389884038 0.10574159110668781 0.08561904523935093 0.14768485889915484 0.11921548850895632
0.09581980470206876 0.07486583117693937 0.2672862711682578 0.13080449363424468 0.0945928280107899 0.0730694781640722 0.14583724887280713 0.11772404427082023
0.0942935162571259 0.0736070828690102 0.2808360656674818 0.12928285819417892 0.09128925736009379 0.07019590836533088 0.1441407389120174 0.11635457237476103
0.09360709968440953 0.07309262811105405 0.28598152519236647 0.12860952646515345 0.09018578949319798 0.06938483295238981 0.14339002428279046 0.1157485738186381
0.08192258873436942 0.06398272811965404 0.2527629375052121 0.11266207481058714 0.10509648504859503 0.08089895494716906 0.16747974106170865 0.1351944897727046
0.092814609022027 0.07276830784109876 0.27606901619639 0.13016973981480792 0.09397655205479967 0.07191946350372642 0.14512954573382314 0.11715276583332714
0.10934422617471107 0.0854648491847941 0.2078081429416688 0.0941216103178164 0.14163776127658964 0.10875938238491306 0.13991809533812707 0.11294593238137969
0.09705339024357597 0.07542785263515252 0.2570398421943557 0.1299796172608176 0.10186529881512171 0.07673477004186621 0.14491757327437427 0.11698165553473586
0.07443865920649272 0.12722288800462128 0.13625974576788102 0.13951255999714893 0.09750593766032205 0.16301922710801955 0.09462591025893578 0.16741507199657868
0.07772882534569127 0.13227712487734092 0.10681560879737445 0.12837736288013601 0.10244170912791023 0.19560464321127505 0.09628302216010201 0.16047170360017
0.06584562923359084 0.1120348315574033 0.06329419801091157 0.08085011403760503 0.13930968180025607 0.2799451804398971 0.09702013684512603 0.16170022807521006
0.06761336144976686 0.12890312479524077 0.0888901984784913 0.1329939328556793 0.10113305396051296 0.2306690284879024 0.09020458054559118 0.15959271942681513
0.10662205909765186 0.09476373362317103 0.14824559824764086 0.09559492597321864 0.14625009481550855 0.15170139906102764 0.14210827801391904 0.11471391116786235
0.10236884947001787 0.07767599143767093 0.23299256142725075 0.13179049623456557 0.10441593501557467 0.08520815161392985 0.14693656818988132 0.118611446611109
0.09984137798872213 0.07435567531349624 0.2675391195984772 0.12992967517924087 0.09391841737305857 0.07261713530525112 0.1448618915804372 0.11693670766131678
0.13117244413464035 0.0976120258380376 0.23392722111984054 0.10715019450352833 0.12113904956751541 0.09309941919499995 0.11946447058826216 0.09643517505317548
0.10654083832493426 0.07551320232466366 0.2653442555094767 0.12727880446793804 0.09603572762377262 0.07282987916456343 0.14190636856350702 0.11455092402114424
0.10147637150752535 0.07305238019638398 0.2790837965030351 0.12797106557982035 0.0909666964618354 0.06959754268758273 0.1426781880419788 0.11517395902183832
0.1169901153572257 0.0847641368918529 0.20773940121691484 0.09318478311161071 0.13969268359028525 0.10728170132330575 0.13852543877487206 0.11182173973393286
0.1200148904106784 0.08575843770610365 0.1833492190855581 0.09232081140339725 0.15431684917326363 0.11621373173426 0.13724108680266217 0.11078497368407669
0.08130024021734912 0.12674355187358813 0.11800439082312934 0.13620248719136926 0.10704361226701255 0.17488191559854488 0.09238081739936352 0.1634429846296431
0.10493358287899135 0.08296970454800909 0.22771028336277965 0.13421391084419662 0.09694003733479863 0.08764516539244395 0.14858031644127587 0.11700699919750475
0.07109209182711414 0.11279844795013941 0.07937695114252341 0.08514594670014729 0.14092305653822185 0.2441196726935667 0.09625193974799258 0.17029189340029458
0.09973004931659364 0.08156986465486361 0.20475608062370104 0.13442660075194185 0.10547372927614794 0.1031841066974661 0.14987562800253817 0.12098394067674768
0.10311401961621225 0.07532321338141997 0.25641650034256036 0.13076361581532164 0.09478069994480486 0.07612302351059995 0.14579167315529143 0.11768725423378949
0.10214140443524491 0.07329165018978126 0.27585094616843325 0.12846193593827948 0.09102309025446574 0.07038975880979927 0.14322547185954443 0.11561574234445154
0.10126235417606665 0.07255017522531318 0.2830087352830523 0.1275453484647062 0.08966055395597834 0.06897847404808735 0.1422035452285605 0.11479081361823557
0.1008267685013816 0.07227863985806399 0.285633155460102 0.12720698393575716 0.08916560390050121 0.06857626877214616 0.14182629402986655 0.11448628554218145
0.10064325253895544 0.07217965354261745 0.28659501006265153 0.12708369147442333 0.08898588345945606 0.06844835445850578 0.1416888321364093 0.114375322326981
0.10057101260384671 0.07214358330869769 0.28694767602299515 0.12703875317091132 0.0889205482398475 0.06840481951828337 0.14163872928159812 0.11433487785382018
0.07997049476815188 0.12574248188660614 0.14270995912568407 0.1383960499436207 0.09427584127892728 0.15896128788551353 0.09386862517915144 0.16607525993234484
0.07876256466218327 0.1320077522695642 0.10826184821157525 0.12836889457588313 0.10172831055226814 0.19413284057675972 0.09627667093191238 0.16046111821985393
0.11438564220549888 0.09464681581385949 0.15387683430296395 0.09492137762854004 0.14561437873694358 0.14154229499671325 0.14110700316123265 0.11390565315424803
0.08101781696752722 0.12820230886001285 0.11103326932516969 0.1358486015151911 0.10482430126394195 0.18391458965701585 0.09214079059291222 0.1630183218182293
0.07851635780708646 0.1317655923330448 0.10077881571156268 0.12760305780609257 0.10356770933073565 0.20256235139929255 0.09570229335456945 0.15950382225761572
0.07457102406760348 0.1352644132815577 0.09873992233017888 0.13568307684479342 0.09537541260370537 0.20551793697237522 0.09202852168603382 0.1628196922137521
0.1036210608809318 0.08880705365080803 0.21911274030841413 0.1344445394375191 0.09479230663058698 0.09317860729474434 0.14883563177454293 0.11720806002245257
0.08368385546479407 0.13018619989752447 0.1260879398781192 0.12903915243419167 0.10257984401943832 0.17034470343754898 0.09677936432564375 0.16129894054273958
0.07860562817633644 0.13830753001573276 0.10361096045780475 0.12674063934153135 0.10257454927952041 0.1966794140460117 0.09505547950614851 0.15842579917691418
0.07720517050916705 0.13950441789087753 0.09810092795540176 0.1259182449457903 0.10195376847801413 0.2054809803291686 0.09443868370934273 0.15739780618223786
0.07679607882751519 0.13952917689083105 0.09670921492558454 0.12564553640901496 0.10161132256090943 0.20841759756811498 0.09423415230676122 0.15705692051126868
0.07667163581566819 0.13944649320967453 0.09634444008955688 0.12555631736536899 0.10146847932023449 0.20939999946875912 0.09416723802402675 0.15694539670671123
0.07408513646445984 0.1365045651413499 0.0975441029391141 0.13533271477484948 0.09471650457240012 0.20762683357419626 0.09179088480381097 0.16239925772981936
0.10353327395348048 0.08903353940122394 0.21859610008618274 0.13447830615059483 0.09468139077633891 0.09356687904846234 0.1488730129139674 0.11723749766974934
0.06344542615501854 0.09876468948234711 0.09552543736735586 0.09785190351887152 0.1244279290645597 0.20685852315145845 0.11742228422264579 0.19570380703774304
0.07235437135708803 0.12913959885887166 0.09798783673008232 0.1364030248337577 0.10013535807784255 0.20777934610677812 0.09251683423507046 0.16368362980050924
0.10312773284771981 0.0878698237678142 0.21884652884082811 0.13451737455894194 0.09585361631255623 0.09359710311634975 0.14891626324799428 0.11727155730779552
0.08359096359039533 0.12994468592607825 0.1260265185190348 0.12903713485237517 0.10282367578363026 0.17050275162373585 0.09677785113928139 0.16129641856546895
0.07858679513499205 0.13824361013493425 0.10359544870679022 0.12673710004090916 0.10262777304827178 0.19673507285228423 0.09505282503068188 0.15842137505113643
0.07720094507027889 0.13948704592595657 0.09809681473875856 0.12591672646204743 0.10196486185745703 0.20550015302140653 0.09443754484653559 0.15739590807755927
0.06504235420681836 0.11817161215891665 0.06143102850290895 0.07981225911349468 0.13770023977470833 0.28244327707996997 0.09577471093619361 0.15962451822698936
0.05911716615153365 0.10840415986797833 0.05139474982634066 0.07714869584297919 0.1400898976171586 0.3223363697942487 0.08721156921380258 0.15429739168595838
0.10726627282738438 0.08965820171313146 0.132242162544112 0.09278203177793551 0.15561864043315318 0.1731675307038597 0.13792672186690116 0.11133843813352261
0.10633309569377367 0.07690760136440153 0.22538813482615142 0.1313620642129998 0.10640825721613778 0.0889160904364615 0.14645889845837443 0.11822585779169985
0.10420264678426376 0.07409187282962926 0.2638933784815998 0.12952909547244246 0.09418144445908394 0.07311010094641776 0.14441527510136495 0.1165761859251982
0.08103667975000217 0.12625684415183963 0.1375538805761016 0.1385524132118307 0.09547660898275336 0.16088599720786012 0.0939746802654156 0.16626289585419682
0.10398049491685454 0.08634468012116903 0.23531286924200592 0.13294081075441402 0.09370536680898152 0.08464771878011541 0.1471709423085088 0.11589711706795071
0.0713533270236606 0.11350375481644694 0.08052098809939359 0.08519271851306567 0.14003755583217922 0.2427014064569614 0.09630481223216121 0.17038543702613135
0.10008313182439545 0.08160894338377515 0.20518065595205331 0.13433344302190237 0.10522576126652072 0.10289620174602737 0.14977176408561352 0.12090009871971212
0.10360493736353958 0.0752757329340791 0.25648566141255963 0.13065834949551527 0.0946746430908556 0.07603385209308423 0.14567430906440285 0.11759251454596376
0.10267955066223367 0.07323889799383439 0.27577913139946275 0.12836531545801727 0.09095308662664385 0.07033748671305669 0.14311774723453569 0.11552878391221556
0.08073919839832931 0.12601661878666975 0.14021408967483814 0.13846043751782292 0.09474503485286508 0.1597597989968681 0.09391229675121902 0.1661525250213875
0.10382229460803973 0.08623554536402622 0.23640498737856247 0.13282760120904752 0.09347372588357128 0.08439180930181223 0.14704561468807864 0.11579842156686193
0.08091126684748622 0.12872795672015522 0.13121055903751327 0.13855717207135756 0.09526035902656277 0.16508617179767945 0.09397790801361644 0.16626860648562905
0.10416379091440488 0.08691124897623516 0.23272047327475115 0.13321791922705162 0.09385185067383689 0.0855183053415652 0.14747771277882799 0.11613869881332704
0.08383860821178613 0.12977582510572613 0.12922621261828468 0.12908041817165866 0.10242640178575425 0.16749169776347275 0.09681031362874401 0.16135052271457334
0.06713305360906761 0.11799101286907715 0.06678233464596144 0.08115323038715762 0.140068060838575 0.2671819704112567 0.09738387646458914 0.16230646077431524
0.08334627456339928 0.15151851646667852 0.07280653356810647 0.10789299284701705 0.11807544726815945 0.26370904872180717 0.07317959514841156 0.12947159141642045
0.11426797855377757 0.09600860462490286 0.1397754428301494 0.09303358772613733 0.1488230547008233 0.15815034961339275 0.13830067667945192 0.11164030527136479
0.10797356922477931 0.07753128616043731 0.228428049938136 0.13108802977902015 0.10471591715926448 0.08613055042242662 0.146153370514818 0.11797922680111814
0.1046795848394922 0.07407193864556896 0.26498753256070373 0.12935272858932212 0.09371682286791967 0.07255529757820997 0.14421863918839345 0.1164174557303899
0.08128787076288042 0.12622695881905813 0.1377947797471496 0.13851490711239 0.09536187899554041 0.16064647468231844 0.09394924134579496 0.166217888534868
0.11646135997363029 0.09664720340570598 0.15812132555057512 0.08928590161155407 0.1503575338770606 0.1357956452153582 0.14172365335167314 0.11160737701444258
0.08192930034438278 0.1284602150822907 0.1119086325629844 0.1356080182238699 0.1057700248197532 0.18161657473753737 0.09197761236053784 0.16272962186864384
0.10486181578345236 0.08725637271871912 0.22437366192148694 0.13371639197161767 0.0964989858186974 0.08868996439245506 0.14802954259780218 0.11657326479576924
0.08394735020353598 0.129836482740491 0.12732658058377216 0.12906533908341394 0.10301546709782523 0.16867810212413378 0.09679900431256047 0.16133167385426742
0.07867733638619648 0.1382613953167077 0.10391346877028873 0.12677902806198904 0.10270487665488288 0.19610583868595702 0.0950842710464918 0.1584737850774863
0.09422428772070388 0.1702136542972319 0.08984001164674725 0.11523816873306164 0.12444345925929434 0.2504688905533277 0.08642862654979624 0.06914290123983699
0.07546927592882398 0.13908784019379578 0.09354199018023918 0.1307367594236423 0.09706494016895593 0.2185414546653539 0.08867362813081825 0.15688411130837074
0.10154655610635609 0.08503440870835864 0.21186277450885366 0.13492733566320134 0.09609591412402653 0.09866449873200708 0.1504339100603155 0.1214346020968812
0.10635937699644706 0.07796952341985725 0.2648125676696981 0.12980752113704952 0.09161797880980566 0.07256523881763713 0.14370226190182117 0.11316553124768418
0.0607483609271999 0.09448545551767419 0.10248360676954099 0.10301001430749626 0.1176574484416589 0.19914898229122396 0.11644610313021315 0.20602002861499252
0.09840147070817414 0.07968920820953676 0.21672698311765204 0.13566201329481026 0.10076961106890361 0.09540188084272352 0.15125302079287054 0.12209581196532925
0.0802381070549532 0.12746674985565923 0.12679361115367416 0.13872352506432747 0.09686955503077622 0.16934948302413363 0.09409073873928299 0.16646823007719294
0.1041518169509729 0.08683781752288747 0.23091398372630076 0.13341357326790373 0.0943280451452943 0.08635118453904292 0.14769430984481 0.11630926900278789
0.08383421142193898 0.12975526013559835 0.12881650620052715 0.12908314456764255 0.1025344585703817 0.16781012996862615 0.09681235842573194 0.1613539307095532
0.07866883605210745 0.1382621849797464 0.10425524332928524 0.1267988839000155 0.10261103731506746 0.1958060466237468 0.09509916292501165 0.1584986048750194
0.0655258901748295 0.11837313558330764 0.06252548313971515 0.08014137737344872 0.13843942270830548 0.2785422834253576 0.09616965284813846 0.16028275474689743
0.07113631205244161 0.12961599383971464 0.08831985069023661 0.13221406145152256 0.10062705828304652 0.22975422565235226 0.0896756242888588 0.15865687374182708
0.10071620426689087 0.08400513318868269 0.2097838452687229 0.13520568234647204 0.0970545459592899 0.1008052290180951 0.1507442458400218 0.12168511411182482
0.10624634877428106 0.07787308364915352 0.2640277153321307 0.12991556174922148 0.09188686687203357 0.07296883582313304 0.14382186730072544 0.11325972049932129
0.12034350389204038 0.08541005453348247 0.20280796957520966 0.09313177503302868 0.1399694267152554 0.10813250150553323 0.13844663870581575 0.1117581300396344
0.10743374317606583 0.0747435654040693 0.25332573737152886 0.12854431033666205 0.1008784508482265 0.07606700039405376 0.14331731316639787 0.11568987930299586
0.12066014432392125 0.08497230253879835 0.19927612097395278 0.0931301497336972 0.1428315417616401 0.10892933839835614 0.13844422258919764 0.11175617968043663
0.09589176374737915 0.1460130075865015 0.1403100656169269 0.15705766108420524 0.09051255268213189 0.1489685049729314 0.0798945493341392 0.1413518949757847
0.10707102378721524 0.08906347520422142 0.23565394575711346 0.13215107374267207 0.09222531960741998 0.08232986253755155 0.14629667097275864 0.11520862839104745
0.08437342176986529 0.13031197090436242 0.12989509077582792 0.1290440199768796 0.1020421953534732 0.16624526126583228 0.09678301498265972 0.1613050249710995
0.0787853764443749 0.13843428874455208 0.10451553711909863 0.1268282075574631 0.10252275543262665 0.19525741958695833 0.09512115566809733 0.15853525944682886
0.06555812162305817 0.11843517392060467 0.06257507171008996 0.08015950186916976 0.1384422128354809 0.2783195120602533 0.09619140224300371 0.16031900373833952
0.11008572397325118 0.09149150715087322 0.13664044209123796 0.0933161931464901 0.15566341693807392 0.16210249630651802 0.1387207886177674 0.11197943177578812
0.10723985267722086 0.07702286395325807 0.22712481933456058 0.13117382773128639 0.10625487348978213 0.08687828902697159 0.1462490288287626 0.11805644495815776
0.08178006014750322 0.1267368232547759 0.1291138106666695 0.1384376845185489 0.09796224282896013 0.16594729287913748 0.09389686428214623 0.1661252214222587
0.07850697717306956 0.13785492289587745 0.1045708906330442 0.12723527940361265 0.10183317127408377 0.19552819981308692 0.0954264595527095 0.15904409925451582
0.06553054966920453 0.11833679901184747 0.06259611688273224 0.08018412251364587 0.13825972306059003 0.2785034968183131 0.09622094701637503 0.16036824502729174
0.07116111531371583 0.12961129507895017 0.08833702453564256 0.13221705829501748 0.10059162969048698 0.22974375020163237 0.0896776569305336 0.15866046995402097
0.1007521536256648 0.08400159310675319 0.2097847765969084 0.13519967858850804 0.09704369076019372 0.10080084449438106 0.15073755209793357 0.12167971072965725
0.08316956415304612 0.12900249269707031 0.1239988566651621 0.1291295713563341 0.1031227094078111 0.17331766300790794 0.09684717851725058 0.16141196419541762
0.07848015893024714 0.13795419768628336 0.10311261860810048 0.12668980088800785 0.10265660499136299 0.19772701711998228 0.09501735066600592 0.15836225111000982
0.0654479534735656 0.11822046401902328 0.062321014896913725 0.0800794956692756 0.13835086997219642 0.27932581582734345 0.0960953948031307 0.1601589913385512
0.05957238006790037 0.10850652782639565 0.05155161087417464 0.07720926379021145 0.14040806675455153 0.3210535857782784 0.08728003732806512 0.1544185275804229
0.09786120283121194 0.08127850974796606 0.1918519317726799 0.1345387862643614 0.10586739844309466 0.11751655682592806 0.15000070647683275 0.12108490763792526
0.07984820117441233 0.1272604146970284 0.12076142690745933 0.13812294893130944 0.09756256039145648 0.17701351773170068 0.09368339144906207 0.16574753871757134
0.07799488695535649 0.13770510904029015 0.10253601591001074 0.12696730065550127 0.1015343419449676 0.19932774418287136 0.09522547549162595 0.15870912581937657
0.09402670324312565 0.16994520405361058 0.08951389710139666 0.11517569559912907 0.12404795393768946 0.25180335700622436 0.08638177169934683 0.06910541735947745
0.07551268734622144 0.13898632572608294 0.09343789515955996 0.13068244436028345 0.09694983518296912 0.21897509064382903 0.08863678834871398 0.1568189332323401
0.101152637075054 0.0893042351960463 0.21095750227670476 0.13413484372862805 0.09568843897599945 0.09849064269734678 0.14955034069445547 0.12072135935576525
0.14369626701331586 0.10630656456640909 0.21450527778015302 0.10529344533749704 0.12376276822518009 0.09807721910800618 0.11656417229059501 0.09179428567884357
0.10249569863842087 0.160421644922584 0.1025369204911109 0.11099782961845298 0.11796445524638183 0.19710057110404225 0.07528548443686375 0.13319739554214358
0.07779421818517147 0.1470732640347482 0.09728892500693846 0.13224711382526988 0.09665311918432096 0.20054878075260923 0.08969804242061784 0.15869653659032384
0.07700203348613749 0.14157446269093152 0.09664530685690953 0.12583296980545583 0.10052824578993562 0.20675104175971834 0.09437472735409187 0.15729121225681977
0.08636564302293727 0.1720030064105879 0.07881933359303273 0.108951971274363 0.10944578452345283 0.23977403686899665 0.07389785877739403 0.1307423655292356
0.10282829538478552 0.09703429692603031 0.20206370939746293 0.13223731531473396 0.09761637507124844 0.10177168600291679 0.14743473811956156 0.11901358378326056
0.10686103859918736 0.07994810771373584 0.260729738057482 0.12997381451928186 0.09209230723777438 0.07319813339522972 0.14388635551178128 0.11331050496552776
0.08125795316182627 0.1331800098160186 0.13614851862040947 0.13733907751327995 0.09436512453703437 0.15975070119605325 0.09315172213944206 0.16480689301593596
0.1391344123396291 0.11693033272440181 0.18827854659554508 0.10665157503034128 0.12500065900033341 0.11295850044018517 0.11806767768926668 0.09297829618029753
0.100688298168645 0.16632708946915445 0.09687584270186116 0.11002530137584782 0.11729978251857863 0.2021274675295378 0.07462585658535764 0.13203036165101736
0.10562615337508882 0.09539994435627606 0.2094952357484167 0.13143149133959908 0.09870118529302892 0.09452134315854765 0.14653630452340372 0.11828834220563918
0.09067859629573864 0.06720774002055917 0.2228824229506816 0.1095872400002354 0.1116274851772536 0.08708446555486353 0.17394800000037366 0.13698405000029426
0.07874098457337497 0.13018446597498756 0.1280056802916434 0.13834310826924287 0.09901577156661374 0.1658655424879943 0.09383271691305167 0.1660117299230914
0.13858693073665354 0.11651820780892477 0.18546105184361075 0.10687368099011736 0.12655144556046688 0.11452319792634358 0.11831355811685762 0.09317192701702537
0.07439879274232213 0.12293740541238028 0.07127892474694943 0.08139678634967712 0.1451064811130558 0.25007427845401725 0.0920137584822437 0.16279357269935424
0.1004900448174711 0.08866753374047762 0.1995256270619463 0.13314279450890557 0.10590743700752943 0.10399376795766631 0.14844427984798872 0.11982851505801499
0.1037654262085052 0.08021906874832828 0.25348070560520275 0.1300127256183808 0.09455256149348823 0.07600357264726773 0.14495448662228425 0.11701145305654272
0.13650850359245817 0.10285380934777319 0.22746568841591724 0.10603534369179414 0.12038924647116578 0.09309410402727657 0.11822149513100032 0.0954318093226147
0.10969211545333879 0.08069841525107978 0.26152599699855494 0.12613433918845773 0.09538718786795171 0.07241066478626201 0.14063037518474317 0.11352090526961196
0.10367861447713064 0.07714704204981807 0.27665237387684966 0.1270251316471709 0.09039129700535195 0.06915938016206573 0.1416235422991592 0.11432261848245381
0.10196160021567177 0.07629174232399905 0.28253936851493705 0.1266201669365493 0.08906492218288939 0.06839201271499606 0.14117203686806315 0.11395815024289437
0.10139677659275871 0.07601443921632686 0.28475172806243626 0.12638840342542704 0.08863975042643335 0.06814570134478724 0.14091363784894625 0.11374956308288434
0.11831662274862817 0.08875512089060918 0.20867498188020095 0.09228514156557147 0.1379461302283089 0.10609177161499679 0.13718806119299878 0.11074216987868576
0.14002009210685198 0.10394686128073234 0.20954650113152368 0.10482487885476835 0.13142632040886976 0.09902103807704897 0.11687191717091337 0.0943423909692915
0.08581412754320976 0.13763289457888067 0.12290173272540433 0.13410170530064155 0.1011270351492513 0.16654451909445084 0.09095593924739166 0.16092204636076987
0.14052777545696316 0.11781461502766157 0.1830613482570148 0.10652236283772709 0.1268414002470518 0.11444221403966667 0.11792463448051185 0.09286564965340309
0.08563178218057613 0.14123734284270945 0.11656945725408312 0.13370973105528816 0.09982048422112512 0.17188944672498116 0.0906900784548911 0.16045167726634577
0.0788909426158769 0.14094091811329532 0.10142839362797586 0.1266087129881075 0.10184352732371041 0.1970700793548191 0.09495653474108062 0.15826089123513434
0.11426592623762123 0.10320638664279597 0.1504212967105481 0.09386972556237037 0.14453856451292252 0.14151077792737388 0.13954365173152372 0.11264367067484443
0.10744399681155385 0.08300966654434556 0.23196532766872405 0.12992439603370562 0.10313463405169346 0.08273401673251093 0.1448560057271315 0.11693195643033506
0.10422909817955334 0.07834379110706324 0.2656596753366053 0.1284427987307115 0.09291890799992317 0.07160307448724705 0.14320413530125592 0.11559851885764033
0.10247638794138736 0.07678178301756569 0.27847883123675465 0.12713213650840657 0.08991413817448558 0.06905495552983457 0.14174284473399956 0.11441892285756591
0.10166212578170254 0.0762003687998628 0.2832513749318548 0.12657227707783128 0.08893219298181923 0.06834796780741864 0.14111864324946263 0.11391504937004815
0.10132064282773728 0.07598228805754055 0.2850179348997341 0.12635883187867142 0.08859331901231708 0.06812336685204977 0.14088066778114558 0.11372294869080427
0.10118520494379621 0.07590106838798305 0.28567094153606204 0.12627957401470433 0.0884729527631045 0.0680463405635276 0.14079230117758823 0.11365161661323389
0.11825791182354199 0.08871816288093234 0.20895352994109115 0.09226762482062147 0.13787095647036676 0.10604864290356786 0.1371620213751328 0.11072114978474576
0.12203712676589286 0.09059661533429443 0.18274227988939853 0.0913686372247878 0.15271781318580172 0.11506954699591722 0.13582561593416217 0.10964236466974536
0.1414987126260018 0.10460318931871657 0.20013820959208758 0.10504082758718404 0.1358172767334927 0.10125235542207209 0.11711268389197982 0.09453674482846564
0.11161609434546683 0.08153814140394686 0.2505789742918264 0.12694432336586026 0.09926445779686775 0.07427467067079108 0.14153344709596657 0.11424989102927424
0.1213481170815295 0.09007031524941733 0.19782246031396308 0.09253423119401853 0.14168359430009891 0.10794185477256459 0.13755834965558575 0.11104107743282222
0.10748259056786456 0.07949115183332275 0.25058967689585426 0.12790307232701492 0.10099848449766237 0.07581987814474359 0.1426023806392241 0.11511276509431344
0.08135136847872132 0.13296230708407294 0.13380845445136902 0.13723667084529823 0.09622624041221059 0.16064869001020257 0.09308226370376749 0.16468400501435787
0.10413113464383471 0.08745530270494412 0.23365803532094573 0.13299398992475472 0.09392040383986638 0.0846678413336001 0.1472298138361143 0.11594347839594003
0.09586754305615697 0.16208286586112097 0.10759917239576587 0.11370294377908244 0.1124364277411817 0.19474725711206778 0.07712025751972547 0.1364435325348989
0.1042535337762229 0.09579463943638254 0.21414462412899435 0.13114892659655789 0.09741051358354089 0.09299246261956542 0.14622126592183393 0.1180340339369021
