0.125 0.125 0.125 0.125 0.125 0.125 0.125 0.125
0.11178451178451179 0.09023569023569024 0.13973063973063973 0.1127946127946128 0.13414141414141414 0.10828282828282829 0.16767676767676767 0.13535353535353534
0.09606017261420216 0.07754254897772947 0.19212034522840432 0.15508509795545894 0.09691864227877152 0.06978829407995651 0.1729083107055639 0.13957658815991303
0.09316024376509592 0.07520164255736658 0.2191948914781267 0.15040328511473317 0.09130706340261531 0.06768147830162993 0.16768843877717265 0.13536295660325987
0.11301829483647664 0.08900190718372536 0.13562195380377198 0.10680228862047045 0.14127286854559581 0.11125238397965671 0.16952744225471497 0.13350286077558804
0.07485325150544486 0.12475541917574144 0.08982390180653384 0.14970650301088972 0.10550364450993394 0.1559442739696768 0.11227987725816731 0.18713312876361216
0.07457620935386146 0.12429368225643576 0.08949145122463376 0.14915241870772292 0.10881429822135542 0.15536710282054472 0.1118643140307922 0.18644052338465364
0.07421646740765148 0.12369411234608581 0.08905976088918179 0.14843293481530295 0.11311321447856464 0.15461764043260726 0.11132470111147723 0.1855411685191287
0.09078397103940904 0.15130661839901507 0.08170557393546814 0.13617595655911355 0.13984063188389317 0.2163497068282977 0.10213196741933518 0.08170557393546814
0.06978854599169311 0.11631424331948852 0.08374625519003173 0.13957709198338622 0.11313911785552047 0.19828056169310745 0.10468281898753966 0.17447136497923277
0.07143182055392543 0.12637937482617573 0.10124794442342704 0.15797421853271967 0.09459459880218934 0.1516552497914109 0.10714773083088813 0.18956906223926362
0.10630863842976691 0.08371805276344145 0.1275703661157203 0.10046166331612974 0.15912539762736733 0.1377758449577618 0.15946295764465038 0.1255770791451622
0.07690992813083479 0.11618898171253321 0.0836560668330239 0.13942677805503986 0.11685321651366147 0.18811147264482728 0.10457008354127989 0.1742834725687998
0.09148854891046339 0.14184375949239184 0.07659563012589159 0.12765938354315265 0.13312917875889924 0.25694333138594516 0.09574453765736449 0.07659563012589159
0.06881728474847343 0.12175365763191451 0.09688714480896987 0.15219207203989316 0.09295712525658906 0.18153630194357806 0.10322592712271014 0.18263048644787178
0.06823855349502093 0.12072974849119088 0.09901647671378905 0.1509121856139886 0.08911798798503164 0.18853259472166123 0.1023578302425314 0.1810946227367863
0.10065748745084069 0.07434879130167035 0.18882232711535327 0.1486975826033407 0.09799973594011008 0.0952259491672594 0.16461433645953874 0.12963378996188676
0.08968610997513374 0.1446501114181645 0.09392828597536526 0.12610522533891264 0.10737215625870472 0.20139960083193553 0.08553223979508856 0.15132627040669516
0.10018344164360951 0.0724473476152901 0.20114135968840394 0.1448946952305802 0.09905669694157618 0.09555362281579392 0.16040438381244532 0.12631845225230073
0.07423271954247435 0.1196908690650525 0.11342290067938164 0.14961358633131563 0.08899044025622854 0.17303613936411985 0.10147704116384886 0.17953630359757872
0.12739251836720877 0.09590206164299336 0.17716511408758445 0.11987757705374169 0.11618994257829662 0.12192841459472556 0.13365455232708215 0.10788981934836753
0.10658516985379826 0.0704591267411563 0.22825144907492637 0.1409182534823126 0.08762397483448454 0.08222226153403535 0.15711333634520522 0.12682642813408135
0.13399714346066785 0.09546145481989333 0.20283008778046444 0.11455374578387201 0.12588496921896006 0.10058952526858621 0.12681570554828317 0.09986736811927302
0.09721814023997911 0.1391923795804365 0.09949283991297908 0.12134720271114978 0.10637399024828582 0.20845374482361878 0.08230505923017115 0.14561664325337975
0.10520880981995988 0.07067445339564507 0.21114124498416922 0.14134890679129014 0.09686826007671269 0.09505202260448496 0.15647905025328004 0.12322725207445806
0.05769931648475681 0.08624784640157838 0.08929255589782555 0.10780980800197298 0.10693084223544033 0.21452805810268438 0.12187195687179554 0.21561961600394597
0.10951994076861829 0.08027868075558002 0.14891399720821633 0.10034835094447501 0.14173475210113315 0.14961169359502946 0.14917456349357777 0.12041802113337002
0.10631314541391514 0.06876961214834479 0.22782059187982426 0.13753922429668958 0.09615191077144204 0.08627424265317088 0.1533459709695927 0.12378530186702062
0.08079181218438643 0.11526933557947738 0.12793214254599655 0.14408666947434673 0.09162280645958114 0.16966488065656912 0.09772834973042649 0.17290400336921607
0.10346242473877292 0.06956820981286345 0.22709094888061693 0.1391364196257269 0.09014785556916828 0.09024463914190917 0.15512672456778806 0.1252227776631542
0.10223752309567224 0.06803756676037792 0.2606137418971269 0.13607513352075584 0.09051651092491338 0.07324915376537242 0.15064076645358399 0.1186296035821974
0.0815352546730253 0.11458321755727094 0.13696391308020434 0.14322902194658868 0.0904301816540703 0.16423694378046516 0.09714664097246885 0.1718748263359064
0.10099147204006717 0.06950514339393081 0.23646723954272078 0.13901028678786162 0.09249101839482723 0.08645628291646391 0.1538901017757361 0.1211884551483922
0.09922864053251973 0.1400116142830304 0.12272594912975598 0.12601045285472737 0.12701572497634825 0.2148935068697365 0.09450783964104553 0.07560627171283642
0.06480964232591342 0.09147077618543803 0.06562647119170971 0.08232369856689424 0.1418608706353664 0.2904727056806166 0.09878843828027307 0.16464739713378848
0.059443311142666315 0.08856579258743506 0.05626466382104617 0.07970921332869156 0.14113127684264326 0.31981625962570454 0.09565105599442986 0.15941842665738312
0.07035515359091347 0.10568880796655004 0.0876784213732635 0.12682656955986005 0.10528500606647896 0.2505129023232139 0.09511992716989505 0.15853321194982506
0.08737130756284654 0.13118183418769694 0.07969980706188257 0.11436365031747939 0.11037549319796269 0.2622031383801707 0.07756838891098602 0.13723638038097527
0.11256842311735007 0.07651344893649605 0.14136847406088437 0.09181613872379525 0.15217887122358834 0.1650445677969589 0.14573990273618295 0.11477017340474406
0.07877893073832877 0.10884658418130586 0.10819091082535727 0.130615901017567 0.1135397832277669 0.19879608797454004 0.09796192576317526 0.16326987627195877
0.07624679917522188 0.1124745935492122 0.10226984193460126 0.14059324193651523 0.09820708169831059 0.20613765685146662 0.09535889453085382 0.16871189032381828
0.10036823497250374 0.06954187537203577 0.2241427466530732 0.13908375074407153 0.09688022612214522 0.09475923609234656 0.15397142939514633 0.12125250064867774
0.06823590630622456 0.09626814209151761 0.08357623325761773 0.08664132788236585 0.1452271372604007 0.24279900397830279 0.10396959345883902 0.1732826557647317
0.06056857585493212 0.08974594097427735 0.05957988274987265 0.08077134687684961 0.14972040701255412 0.30114553652559545 0.09692561625221953 0.16154269375369923
0.07094758057433286 0.10846017023109705 0.0890580414643121 0.1355752127888713 0.10217129221401078 0.23914208566306097 0.09195536171766924 0.16269025534664558
0.11381143927810951 0.07784643789636647 0.1491195286549853 0.09730804737045809 0.14574961672212822 0.1547403252020949 0.14465494803130785 0.1167696568445497
0.11548368528714739 0.07524206676930621 0.16169372508639135 0.09029048012316747 0.16631628938482867 0.13479243077747335 0.14331822241772613 0.11286310015395933
0.08265117153522593 0.108418675133264 0.11319606777395198 0.1301024101599168 0.11816704245585831 0.1872598126219493 0.09757680761993762 0.16262801269989602
0.06611693400697358 0.09587844145240942 0.06148237440408808 0.0835863335738954 0.14091745916747433 0.290356891424704 0.09448889882266436 0.1671726671477908
0.0725060502772904 0.1087413127697713 0.08966491968138252 0.13592664096221413 0.10070389266196261 0.23715149279661182 0.09219372169611045 0.16311196915465692
0.10249389840074817 0.06909467325962948 0.21210709431586072 0.13818934651925896 0.09676607014456837 0.10290769676142739 0.1540708087311738 0.12437041186733307
0.1051929158431467 0.0663153275882754 0.25966891650286406 0.1326306551765508 0.09222340096450825 0.07672791155399279 0.1478732827117663 0.11936758965889573
0.12133238401676313 0.07592267928470557 0.20255433076345936 0.09490334910588197 0.13966998122064483 0.11065305413005638 0.1410802025514305 0.11388401892705836
0.0845949688090068 0.11150109610236451 0.1237950479067681 0.13937637012795567 0.10319398471076995 0.17575335018975743 0.0945335379998308 0.1672516441535468
0.08995398044294738 0.14393437160570813 0.12236375382986774 0.16105671056659637 0.08293907153036807 0.17287222409591568 0.0819288484186599 0.1449510395099367
0.10544111287711343 0.06899979101602716 0.23284739023103904 0.1379995820320543 0.0930486688306325 0.08858491702377745 0.15277121006397545 0.1203073279253807
0.08222517476982039 0.1204125931052286 0.13093699198104616 0.14028732699822719 0.09444902961057233 0.16819268673843513 0.09515140439879759 0.16834479239787264
0.10344046171078596 0.0686524231556505 0.23649038618583537 0.137304846311301 0.09494363319497272 0.08746447949210757 0.1520021090625717 0.11970166088677522
0.08178272580383468 0.12020292864356905 0.13165740315936497 0.14006988730511888 0.0956169669316014 0.16758229982689626 0.09500392356347195 0.16808386476614265
0.10287393320651661 0.07613932625716482 0.22880510989568204 0.1352101458899501 0.09521821495226654 0.08931491613956527 0.15074922235789956 0.12168913130095507
0.0816413370432945 0.12103357944889584 0.13010739360136914 0.14000415553422818 0.09604901559305261 0.16820019186269639 0.09495934027538956 0.16800498664107383
0.10289983803461274 0.07621313009375605 0.22839804614718412 0.1352343233096719 0.09532771279875636 0.08943988026070984 0.15077617837660431 0.1217108909787047
0.10433872620837366 0.07054308557959738 0.2659422521089926 0.1305485176898309 0.0920395692195121 0.07354232847537737 0.14555185479746813 0.1174936659208478
0.0818719676858256 0.12014622336443748 0.13862132931922508 0.13968019778965635 0.09528529824448168 0.16203913383493224 0.09473961241385387 0.1676162373475876
0.11688014089150284 0.0864457122905802 0.16502891599881814 0.09594053968340471 0.14405892704407183 0.1338950604645648 0.14262205600697178 0.11512864762008566
0.10849666708281287 0.07168741167192369 0.2395200059099374 0.131157355703633 0.10316000375364252 0.08170627199759602 0.14623066374718485 0.11804162013326969
0.08255486938841215 0.12020179860924715 0.1326016811668311 0.13959181724129482 0.09777825968119475 0.16508172587719652 0.09467966734626954 0.16751018068955376
0.10295208256447273 0.07602742010638384 0.22943231894700603 0.13499077042243493 0.09573578635395483 0.08886529314263246 0.15050463508292372 0.12149169338019143
0.10426755472238394 0.070465262778603 0.2663956576089888 0.13042015201246412 0.09223479611144157 0.07342970330816843 0.1454087366467324 0.11737813681121771
0.10320146121302966 0.06909800257830617 0.2799413800612126 0.12853616432986686 0.09031272327928762 0.06991948966468471 0.14330823097673215 0.11568254789688019
0.10247450045490904 0.06865329647599208 0.2848785790227673 0.1278618249211575 0.0894946692419231 0.06900509459435127 0.1425563928598577 0.11507564242904175
0.08142419097915479 0.11968320343503233 0.14283801953999214 0.1393671438861422 0.09478921719908467 0.16013037209618772 0.09452728020103558 0.1672405726633706
0.10236816495073585 0.07575164040485129 0.23354019689735922 0.13455858027162523 0.09490195225744029 0.08775396765575827 0.1500227753177672 0.1211027222444627
0.08152957581989632 0.12087098083766686 0.1312968832394461 0.139851507111174 0.09619419727686579 0.16757924235831112 0.09485580482323107 0.1678218085334088
0.07705151350572784 0.1250821197016229 0.10729200234218483 0.13872234866611965 0.0955537351720635 0.19574152137852596 0.0940899408344116 0.16646681839934357
0.08824365134438508 0.1452952563534408 0.11803572002097415 0.16050464533672382 0.0828210421000532 0.17899748880486413 0.08164801523650735 0.14445418080305145
0.11774769358957128 0.0772928379070436 0.15568280020791755 0.09275140548845232 0.14943050111137338 0.1439310516788029 0.14722445315627353 0.11593925686056539
0.08290250412268366 0.11868719314061515 0.11210465372269222 0.1369339675827211 0.1062586690834201 0.18591529932293066 0.09287695192567172 0.16432076109926533
0.10349434367902816 0.07622680302004826 0.2208175016719237 0.13548630794959185 0.09810797208364908 0.09287227199583506 0.15105712244529124 0.12193767715463268
0.08172936310021746 0.12091807726760437 0.12840277397427655 0.13985073431930722 0.0969203027251618 0.1695025867615165 0.0948552806687475 0.16782088118316865
0.08943459610571595 0.14508829251097805 0.12371046813467679 0.16090164328964243 0.08327397572959386 0.17092957889963561 0.08184996636907897 0.1448114789606782
0.07983299459186084 0.11065594665940416 0.10655139398468857 0.13278713599128497 0.1015770284751536 0.20302122831503774 0.09959035199346375 0.16598391998910625
0.07621302855546233 0.12294743398797485 0.1011218334794554 0.13761216579057928 0.09601496491588661 0.2076190270900752 0.09333694723187116 0.16513459894869514
0.1155422147024238 0.08676394490695848 0.1527603743468871 0.09601848069705296 0.14498773439268398 0.14596715355892595 0.14273792055860413 0.11522217683646356
0.10860284335465775 0.07195431247870529 0.23466238162962888 0.13160010432580985 0.10393508990782444 0.08408087899017494 0.1467242954199701 0.11844009389322886
0.10515566718612561 0.06983547344559334 0.26789504306391165 0.12972825300391716 0.09366624982076688 0.07232656488970317 0.1446373208864569 0.11675542770352544
0.08198929607631165 0.11994079887425824 0.13905522836046594 0.13952179486584607 0.09589527093346893 0.1615392831416253 0.09463217390900863 0.16742615383901527
0.1349248604138797 0.09970889486910023 0.19062209449236825 0.11067016446675035 0.12526703220470498 0.11581483112019207 0.1233889744129291 0.0996031480200753
0.1116475809553189 0.0718479464954461 0.2491514114731262 0.12969417821523854 0.09844676429247388 0.07788802813470667 0.1445993300399749 0.11672476039371467
0.14011928592169187 0.0924009774484423 0.2271949708757374 0.10727457072973996 0.12249082966458029 0.09436911090436209 0.11960314079868023 0.09654711365676596
0.11141589333072746 0.07035139412840101 0.2628902402880021 0.12784363682338254 0.09660643025980085 0.07329701754048244 0.14253611448815934 0.11505927314104428
0.10476585126279102 0.0689916516464132 0.2782745131932583 0.12832491342283425 0.09125047400854021 0.0698274724052284 0.14307270198038385 0.11549242208055083
0.08187701737443419 0.11974411117845875 0.1413638524002187 0.13939362741413805 0.09532036199482495 0.16048343379919644 0.0945452429417632 0.16727235289696563
0.11599413324777565 0.09288497555409131 0.16487538833785897 0.094952112916067 0.14348393017584382 0.1327142310386309 0.14115269323045185 0.1139425354992804
0.10787081043047994 0.07664091900294548 0.2386491486138598 0.130274803022709 0.10285849001802398 0.08121182282144875 0.14524668337009494 0.11724732272043809
0.10449160480122924 0.0736988816295625 0.2688027607498553 0.12886854847035775 0.09299523947490468 0.07148245676217571 0.14367881448859288 0.11598169362332197
0.13696162850288437 0.09683051762677951 0.23332116362458272 0.10631131436470735 0.12011765404524247 0.0922483570710947 0.11852918183647221 0.0956801829282366
0.145310309508391 0.09924123080901748 0.21826815207864533 0.10459580008340962 0.12614476537249286 0.09568701063669596 0.11661651143627906 0.09413622007506864
0.12919252611919152 0.08703753188062058 0.18575218586945588 0.09135356546154766 0.14888269612696667 0.11235400524253736 0.13580321074582308 0.10962427855385719
0.10994290910738641 0.07516355125033404 0.24625346067789688 0.12888023452846686 0.10305602419979537 0.07701976558920968 0.14369184357129067 0.11599221107562017
0.12149931285174062 0.0850840101331812 0.19703854521982392 0.09319162231590834 0.14358413518595797 0.10923682180288774 0.13853560571141002 0.11182994677909001
0.12355857661116662 0.08562088305332619 0.17955268911563782 0.09208027112225761 0.1552820849813851 0.11652566225046003 0.1368835075190576 0.11049632534670914
0.10887437347172357 0.07516520016254136 0.24389653773493655 0.12919717008604556 0.10464219489503422 0.07790186750619413 0.14404520306608362 0.11627745307744101
0.13873669947918613 0.09738598579687971 0.2246119321537858 0.10666988813100942 0.12369808119338388 0.09396554910118386 0.11892896482666274 0.09600289931790848
0.14603556102590168 0.09946251699935829 0.21521994730541988 0.10474220585213709 0.12730055818335276 0.09619148242430026 0.1167797429426066 0.09426798526692338
0.11260215441063863 0.07577623851069833 0.25723606416589856 0.12721217474769433 0.09742958801982307 0.07342074147451977 0.14183208139780246 0.11449095727292488
0.10485392325075987 0.0730623487418044 0.27558395249685996 0.12788217572214858 0.09125198487982569 0.06969257427442158 0.14257908248424622 0.11509395814993371
0.10263774495902668 0.07242012608129077 0.28267376327611426 0.127333360549975 0.08959284170295775 0.0687749444120292 0.14196719452362883 0.11460002449497748
0.10191940764913815 0.07218493622509442 0.28532566362033973 0.1270445446951877 0.08906434328503718 0.06847582790057088 0.14164518639896298 0.11434009022566892
0.08086051863350036 0.1256672312982266 0.14231484105899264 0.13828115698354806 0.09425124327225794 0.15889692259307112 0.09379069778014565 0.16593738838025765
0.10165683698585774 0.08233048005839053 0.23219302223185723 0.13344684281225233 0.09431612057538395 0.08717126778918252 0.14878327101604846 0.12010215853102707
0.11998477218080515 0.0866261184959391 0.19328443924916017 0.09384665862722796 0.14163377135357022 0.11249888855746101 0.13950936118316276 0.11261599035267356
0.08307062410493332 0.12691441752073185 0.1202567950965582 0.13616476714491835 0.10432964431963584 0.17351079787146284 0.09235523336785767 0.163397720573902
0.10270616018754934 0.0829132613351806 0.22300653774828025 0.13408749945494275 0.09695431722722175 0.09015591917492581 0.14949755536245107 0.12067874950944847
0.1379186023678302 0.09944408760648019 0.21813793095681377 0.10764245341016145 0.12254315437036187 0.09742226068578842 0.1200133025334188 0.0968782080691453
0.08621537625022392 0.12936949316550875 0.12580302661482412 0.13581368676026412 0.10013124197021088 0.16757364184577644 0.09211710928087481 0.16297642411231694
0.10326854478198727 0.08307417114817663 0.22523554824989805 0.13385060596817738 0.09589226948693419 0.08897987819014065 0.14923343680332612 0.12046554537135963
0.1205062160349248 0.08680219329258015 0.19110858216245435 0.09393093623772392 0.1422471282615727 0.11305317501387399 0.13963464551160154 0.11271712348526869
0.1234583499863733 0.08598841044608971 0.1777972221030645 0.09223101446945309 0.15507401809406993 0.11766616990838884 0.13710759762921682 0.1106772173633437
0.10891914470220097 0.07525996683008826 0.24322433358799803 0.12928658644949093 0.10466276504346543 0.07814437994375235 0.14414489563846225 0.11635792780454181
0.10452655853487212 0.07337739880060168 0.2704234465791045 0.1285777302995676 0.09319137809165177 0.07082895649358097 0.14335457393101045 0.11571995726961085
0.11987445791588494 0.08469483491958016 0.20474764326747247 0.09303263245403079 0.14023791549036915 0.10747410040452002 0.13829925660330547 0.11163915894483693
0.14134047368846395 0.09822048804117131 0.20906139819545055 0.10569374585868034 0.13278794350096126 0.09993094040300618 0.11784063903945403 0.09512437127281229
0.11176370382661953 0.07580187626705807 0.2549315215034912 0.12752910807869555 0.09879320888332808 0.07421894575985383 0.1421854384101277 0.114776197270826
0.12182469512557591 0.08504954499228395 0.19970630870522768 0.09303981895555659 0.14205426163293455 0.1083676480212545 0.13830993982049905 0.11164778274666791
0.1236123559866166 0.08559085593961012 0.1803960635300808 0.09205010970122002 0.15478138098910293 0.11627043167098754 0.1368386705409181 0.11046013164146402
0.10885889784242656 0.07514157423690514 0.24422860242508468 0.1291618459302015 0.10451913101578984 0.07783846794396242 0.14400581926844852 0.11624566133718134
0.10447653486468028 0.07333631119925302 0.2707958897904002 0.12852823861374774 0.0931352113451481 0.07075300503966715 0.1432993943947307 0.11567541475237296
0.08137413854303836 0.12601426966129853 0.13908941971592811 0.13842802877702765 0.09520111632875462 0.15988907727101384 0.0938903151705057 0.16611363453243314
0.07629996243614535 0.13534680039899893 0.10808108406495404 0.13704510851731216 0.0944808230772279 0.1913397568119754 0.09295233447261171 0.16445413022077454
0.07497222768634888 0.13646171600898033 0.10067324910749642 0.13624958897573033 0.09378647545106841 0.201944471302917 0.09241276469658233 0.1634995067708764
0.08657470795434048 0.1583353508272991 0.11473985472054536 0.15780594005164944 0.08135331591564748 0.1788902888925425 0.08027519559149122 0.14202534604648448
0.10501165402501632 0.0691646545880929 0.23053668946758268 0.1383293091761858 0.0934555940438594 0.08977108477390064 0.15313623156663628 0.12059478235872607
0.0816118736832965 0.1254834909534816 0.13009019224070964 0.13893341715617055 0.09545156539334389 0.1674762596535818 0.09423310033201132 0.16672010058740463
0.10222565828364116 0.08262466727377132 0.2273088965114278 0.13397677548878387 0.09493889332492975 0.08897190477437411 0.14937410640316648 0.12057909793990548
0.08099357392133724 0.12806944778090742 0.12920407215472385 0.1386893425294291 0.0956278584449264 0.16692094006992214 0.09406755406343888 0.1664272110353149
0.10211013826852383 0.08297144464246325 0.226957065550358 0.13401816326476237 0.09500426654936842 0.08890232410149565 0.14942025068474254 0.12061634693828614
0.10379384457853287 0.07494395558536393 0.26482392929001225 0.12978235826516485 0.09194787497537929 0.07320627065185661 0.144697644215042 0.11680412243864835
0.11986267109324163 0.08505673303702475 0.20314234087747035 0.09320601567037769 0.14006918170478788 0.10825883641309796 0.13855700239954652 0.11184721880445324
0.08306424085221165 0.12659600924593908 0.12250262370924155 0.13615225283211516 0.10402545800451515 0.17192996655826534 0.09234674539917376 0.16338270339853816
0.10263362760417837 0.08281613615141718 0.22391524649142844 0.13399295498818484 0.09682963567782901 0.08982659426002268 0.14939214533757322 0.12059365948936636
0.10399338690852067 0.07498216446881092 0.26363309575214455 0.12988031228365612 0.0923950719466081 0.07341683194931083 0.1448068556356584 0.11689228105529052
0.10289744007548535 0.07299115439826334 0.2783532769935575 0.12796877767417206 0.09023488092106431 0.06970693283278251 0.14267563719792017 0.11517189990675483
0.1193374269361855 0.08455933555402068 0.20722083737130498 0.09293502570713556 0.13918220705444787 0.10708897890997417 0.13815415761836866 0.11152203084856266
0.12288778246216467 0.08547572988525523 0.18280361471697135 0.09199759403630346 0.15379322545156718 0.11588433812632594 0.13676060247784813 0.11039711284356414
0.10861765044351163 0.07507665864988877 0.24519178784243204 0.12907296094376916 0.1042448344468901 0.07772372368233176 0.1439067191417844 0.11616566484939225
0.10439029169981452 0.0733056893810198 0.2711602650658672 0.1284865566183096 0.09305235285080175 0.07071402134729458 0.14325292208041382 0.11563790095647863
0.08135643725797453 0.12600374120068375 0.13916909461590782 0.138422560097177 0.09518184220642957 0.15987264652626015 0.09388660597895483 0.16610707211661238
0.13361975320285893 0.10814773512212932 0.1893149531369012 0.1095061598657834 0.12409558418606118 0.11466907445819488 0.12209119614886597 0.09855554387920507
0.11091597324133731 0.0777247844970986 0.24777906931473456 0.12881884343530153 0.09782751404333584 0.07737345929258452 0.14362339708383617 0.11593695909177136
0.08248817138459225 0.12687355965720265 0.13382708576669972 0.13838354392134675 0.0961656596793238 0.16234158405160964 0.09386014283360912 0.16606025270561608
0.11570428498404317 0.09825306569535092 0.16183317033917416 0.09443766687193664 0.1432447141466243 0.13281396308304122 0.1403879346335058 0.11332520024632396
0.1076033098557131 0.08032530207991011 0.2368840569627703 0.12982943480012316 0.10266684649343676 0.08109442744958943 0.14475013103834627 0.11684649132011084
0.10424258543965206 0.0765297714995983 0.26773931979728743 0.12848387657843652 0.09280011039330378 0.07131891333517082 0.14324993403595832 0.11563548892059285
0.13648808113280606 0.10016971313526951 0.23247029967584854 0.10588352950872107 0.11972206961594928 0.09191889672726615 0.1180522336462905 0.09529517655784896
0.10969735720312628 0.07855192522636928 0.2637121357439996 0.12623018789627735 0.09524396622962583 0.07222001925287858 0.1407372393410734 0.11360716910664961
0.10375913717321206 0.07553188150722573 0.277673724660155 0.12717883816947753 0.0904205091573546 0.06918004137915014 0.14179491360089508 0.11446095435252977
0.1360378467348748 0.09973377383044678 0.23577742879349295 0.10561143666704317 0.11880427786124938 0.09123607267929842 0.1177488704332556 0.09505029300033886
0.12632491045745384 0.09046420127303031 0.19109086541948636 0.09092988149844401 0.14608528899108278 0.11081561848408579 0.13517337607828395 0.10911585779813282
0.1243465635606729 0.08929816859393429 0.17699925433625374 0.09151472310268655 0.15553243883721649 0.11644840144261553 0.13604278240339673 0.10981766772322386
0.08333681409287987 0.13143051453078425 0.11596509144931309 0.13502360856002726 0.10671021504200827 0.17392419589919694 0.09158123015375762 0.16202833027203267
0.11577359577043125 0.09894742353621522 0.15566338006222916 0.09425085316160801 0.1464560417182254 0.13569745845144862 0.14011022350591282 0.11310102379392961
0.14088952976705377 0.10529863498930396 0.19145213727718632 0.10622277660833959 0.135296092111623 0.10680986145357038 0.11843046884541741 0.09560049894750562
0.11198148961672254 0.0802560795414992 0.24756465485216922 0.12770231695601925 0.09960839215625746 0.07557642823460699 0.142378553382308 0.11493208526041733
0.0823348249992428 0.1311754108584432 0.1333560552386601 0.1376097560966342 0.09613518968753111 0.16092174297276696 0.0933353128307606 0.16513170731596105
0.10184671470342396 0.08719628611157207 0.22779041078314466 0.13303717720488764 0.09459504918601776 0.08747437809065785 0.1483265244358971 0.11973345948439887
0.10342410923655439 0.07797497965670495 0.26467894398356984 0.1292230820900258 0.09158327008700201 0.07274074804832985 0.14407409301678994 0.11630077388102321
0.11944847838023724 0.08808537055345268 0.20276594908270756 0.0928522387081619 0.1395699717706137 0.10782421587095915 0.1380310891840735 0.11142268644979426
0.09520498350593842 0.15140076811431352 0.14052632599567344 0.1559644915352361 0.08942645265154799 0.1477704770780885 0.07933845873748967 0.14036804238171247
0.10430439602402711 0.08991051385833009 0.22999683093128745 0.13212696678701347 0.09264679974953383 0.08478851479537794 0.147311707746118 0.11891427010831211
0.10387422880776459 0.07830142823187222 0.2654366729859606 0.12905698803225982 0.09107911660847252 0.07221136556717656 0.14388891053745984 0.11615128922903384
0.1195531004187931 0.08813125651469492 0.20299868908652227 0.09283736177453239 0.1393918443651912 0.10767394008779105 0.1380089736230362 0.11140483412943887
0.1408193653691557 0.10216063136342961 0.20789707467055799 0.10523013340080359 0.13219329342637443 0.09966863596208939 0.11732374574686606 0.09470712006072321
0.14633645374430165 0.10424154309195845 0.2085206719978972 0.10427546815332138 0.1293324667717075 0.09718610966322622 0.11625936523959861 0.09384792133798923
0.08719592244727911 0.13512168605493768 0.12298429465762015 0.13459253734347906 0.10096277811729959 0.1663428851516324 0.09128885141557712 0.16151104481217488
0.116783391408084 0.09958751410087104 0.15798520707172636 0.09422582891188638 0.14457371371308164 0.1337003268221184 0.14007302327796842 0.11307099469426367
0.09455647786419474 0.1547421066769734 0.12880620414281202 0.15590575626081002 0.09025370757554001 0.15611198648618096 0.07930858035875989 0.140315180634729
0.11861781754185124 0.10299742264474439 0.15977594455387736 0.09405265332315939 0.140953988610975 0.13092340320347168 0.13981558613412948 0.11286318398779127
0.08218822448323265 0.13485562953163324 0.11191165459176532 0.13497275677375542 0.10340661136645232 0.17915107574767258 0.09154673937698193 0.1619673081285065
0.1023255594516611 0.08823044403484112 0.21878859619934374 0.13364449291820588 0.09663448711729003 0.09109274051809409 0.14900363613417877 0.1202800436263853
0.10382489545514505 0.07835600243689132 0.2612475725062895 0.1296072680947074 0.09226380778642834 0.07355148069388917 0.14450243174141256 0.11664654128523667
0.08095756927567624 0.13083637974282308 0.13652251556709688 0.13782080797308832 0.0946585529262688 0.16034074388733288 0.09347846106000773 0.16538496956770599
0.10123538246496436 0.08917952905325213 0.22872624829359728 0.13256054058634095 0.09402513080763925 0.08717357209038472 0.14779511017611444 0.11930448652770685
0.10310156497890614 0.07962937777458963 0.2647906277364983 0.1288992400440912 0.09130036901178576 0.0725564711115571 0.14371303330288973 0.11600931603968206
0.08063090308379812 0.13311752409787772 0.1370753160224122 0.13738130515830643 0.09421456518596234 0.15954245676299814 0.09318036349867741 0.1648575661899677
0.10112394105593729 0.08955093086128067 0.22891828879386497 0.13250596312024993 0.09389981761438841 0.08701143137168574 0.1477342603743682 0.11925536680822493
0.10306867973550869 0.07968683686161043 0.26486237041320326 0.1288887334993549 0.09126795328717333 0.07252424676415085 0.14370131928957927 0.1159998601494194
0.10227324906629895 0.07705382398655868 0.2782424888682709 0.1272187718489446 0.08962710316985699 0.06924823172264431 0.14183943667337554 0.11449689466405014
0.10163253526369756 0.07625627202527657 0.2831741501188124 0.12659120996024986 0.08888505718691543 0.06838893448036554 0.1411397520004577 0.1139320889642249
0.10132063729889411 0.07599412185889645 0.28499071388724945 0.12636324781904282 0.08858648896764126 0.06813227590602533 0.1408855912251119 0.11372692303713855
0.10118942854848796 0.07590356963835145 0.28566056496064685 0.1262804201964181 0.08847215869321709 0.06804823517905109 0.1407932446070512 0.11365237817677627
0.10113757381833216 0.07587136071156296 0.285907826238391 0.1262501545875208 0.08842931355866286 0.06801913124500306 0.14075950071175827 0.11362513912876875
0.10111769884140517 0.07585970820788407 0.2859991621262535 0.12623904289130938 0.08841340414549637 0.0680087331857594 0.1407471119997136 0.11361513860217845
0.10111020240296575 0.07585545167612195 0.286032915314716 0.1262349508680739 0.08840751798680868 0.06800495627086621 0.14074254969918087 0.11361145578126651
0.10110739942179205 0.07585388834907063 0.28604539195415607 0.12623344121863947 0.08840534287573526 0.06800357253110909 0.14074086655272192 0.11361009709677553
0.10110635641255097 0.07585331243633296 0.28605000452127316 0.12623288370572155 0.08840453930100088 0.06800306332054715 0.14074024496742388 0.1136095953351494
0.13480574469390405 0.1011358052115724 0.23837250919668806 0.10519217010024907 0.11787038694862383 0.09066901125890849 0.11728141949982994 0.09467295309022417
0.10895562726187684 0.08012890202089475 0.2657161800147527 0.12567494011543465 0.0945423604883992 0.07175636449291532 0.14011817950183536 0.11310744610389122
0.081560925455884 0.13303576129867944 0.13717333619028996 0.13706259016638736 0.09476416397259001 0.15896392312538948 0.09296419159111492 0.16447510819966482
0.10131756694808443 0.0895156476509314 0.2289127250059187 0.1324634642566552 0.09399322536646809 0.0868933756279354 0.14768687731301708 0.11921711783098969
0.10310973566534697 0.07967804911580317 0.26485313972525504 0.12888307007583918 0.09128417485609629 0.07250206249840128 0.1436950049950028 0.11599476306825525
0.10228228545776992 0.07705207734443342 0.27823779763724993 0.12721819229427755 0.08963014092415626 0.06924434276409108 0.14183879051317214 0.1144963730648498
0.10163462775671525 0.07625600556770173 0.28317217800785016 0.12659123973396164 0.0888857121341104 0.06838833584317093 0.14113978519592438 0.11393211576056547
0.09203899490439507 0.15130017780359173 0.16180103120759565 0.15723907823716224 0.08047112350660796 0.13564758847612315 0.07998683545107818 0.141515170413446
0.10276259242325839 0.09182781512703816 0.2382943256224499 0.1310067515558577 0.09004114637653517 0.08209854113305774 0.14606275136153088 0.11790607640027191
0.10309674068963615 0.07980054863599656 0.2683390077589303 0.12840883223085597 0.09016213467432212 0.07145852181375811 0.14316626518873043 0.11556794900777037
0.10215856048381283 0.0769795742742087 0.27952490899267746 0.1270530127037388 0.08929354825782322 0.06898805625781755 0.14165462759655656 0.11434771143336493
0.08042885283760821 0.13227505922757526 0.1403891930359121 0.1372598709603714 0.09373956079274179 0.1580976185593546 0.09309799943399104 0.16471184515244566
0.1321642274143541 0.116902576410174 0.18836167963935677 0.10828495411384653 0.12264898584666815 0.1134514750029245 0.12072964287021397 0.09745645870246188
0.08426183140870798 0.14119966318281946 0.11790033219299945 0.13403376917907556 0.09907050711165646 0.17178351307534712 0.09090986083450343 0.16084052301489066
0.1023703087028447 0.09133462013997252 0.2207371701986061 0.132926785346372 0.09530225005878043 0.08949131298983871 0.14820344575185057 0.1196341068117348
0.11978188402844232 0.09270536377023471 0.18911048889324966 0.09336943161878607 0.14148063654864887 0.11270894601554146 0.1387999311825536 0.11204331794254328
0.10745364403174268 0.08020076545906916 0.24727118486587316 0.1283420126853378 0.10126650289962974 0.07686631225953257 0.14309176638201093 0.115507811416804
0.12037384153246473 0.08991186729598347 0.1968831398079573 0.09266620483392805 0.14247679616195288 0.10873416723178748 0.13775453733521245 0.11119944580071364
0.10729803079557501 0.0794946198809586 0.25024179953730014 0.12795692362171746 0.1012022297737957 0.07598274431704338 0.14266242081406408 0.1151612312595457
0.10356499785166014 0.07726155900608885 0.2724980937827017 0.12759275916409202 0.09195407521859225 0.07003862710891867 0.1422564046202638 0.11483348324768283
0.10209510324870832 0.07641982297603436 0.2810070348586858 0.1268135587591873 0.08950973265962964 0.06863489029640718 0.14138765431807895 0.11413220288326854
0.11858498025850696 0.08888443466475864 0.20752418037408624 0.09234378227761023 0.1382979119591514 0.10627693718275465 0.13727523454999968 0.11081253873313227
0.10655762694635647 0.07907469629654208 0.2544409359943 0.12755398041870833 0.10002369852421875 0.0753373102299398 0.1422131692130972 0.1147985823768375
0.10326063270695314 0.07708742724063869 0.2740832006796224 0.12741250508086635 0.0915912792461321 0.0698382657037432 0.14205543476926444 0.11467125457277971
0.10197419493387791 0.07635085149547742 0.2815970913123253 0.12674340074123205 0.0893897982029563 0.06856616928329044 0.14130943336373183 0.11406906066710884
0.1351893114772156 0.10134155870400745 0.23687290835580205 0.10530038370624978 0.1182459750347107 0.09087744779151116 0.11740206959487848 0.0947703453356248
0.08506697628843815 0.13706610411188783 0.12921616181302922 0.13430460113507853 0.09842002972812733 0.1636670500088565 0.09109355555248805 0.16116552136209422
0.07592206479174711 0.14700261984019067 0.1046148297643602 0.13479583181740323 0.0939264764307557 0.1905564410724204 0.09142673810223871 0.16175499818088385
0.10090251003311987 0.09282172441533414 0.21550884731301764 0.13363207428100848 0.09468181301195246 0.09319437381219212 0.14898979028046763 0.12026886685290762
0.10347259808159329 0.08060080022381214 0.25978847454672566 0.1294961056596321 0.09183461625468396 0.0738824162178763 0.14437849392200772 0.11654649509366889
0.08070531309804825 0.13341848187467575 0.13594752871533042 0.1374160361126155 0.09434008948096254 0.16006938723728104 0.09320392014594789 0.16489924333513856
0.11491190371977678 0.10180277517893299 0.16217432337079687 0.09409242118669929 0.14228593429210498 0.1319470330933924 0.13987470373425742 0.11291090542403913
0.1218324437819383 0.09371191301109236 0.16807749997177482 0.09194888300554585 0.15497686266633756 0.12242554769766564 0.13668819025899057 0.11033865960665501
0.0826103174996802 0.13481550108138055 0.11360436495703985 0.13449397600623433 0.1062477678301025 0.17561330030080943 0.09122200111727198 0.1613927712074812
0.11529712898780334 0.10199054503436246 0.1545340438914704 0.093935605475938 0.14598004953533833 0.13589831385614962 0.13964158664781232 0.1127227265711256
0.1075491678177894 0.08268771516860043 0.23359703686868516 0.12975410443381777 0.10330387032584702 0.08166326809323927 0.14466614330158487 0.11677869399043599
0.10419789606838128 0.07824369767817387 0.26626684227265673 0.12836381368131525 0.09290101168674626 0.07138323343395699 0.1431160728655858 0.11552743231318373
0.11939241966397926 0.08943917607223792 0.2029921168363289 0.09257492952447247 0.13967406084930714 0.10721853116703205 0.13761885045727548 0.11108991542936696
0.10688966834189366 0.07927901928459385 0.2526670831495084 0.12773754107937815 0.1004461509558101 0.07559892456618822 0.14241782565118727 0.11496378697144034
0.1033943247612195 0.07716616518310894 0.2734152698897322 0.1274900386673795 0.09172965674313013 0.06992163102265002 0.14214187893213803 0.11474103480064157
0.0924701465874003 0.1517264183356024 0.15937256875835287 0.15739238419959284 0.08106028053701968 0.13626023427477937 0.08006482152761897 0.14165314577963356
0.10293892096068434 0.09196801941983283 0.2373230496569535 0.1311064032378397 0.09023176008859929 0.0822622281717866 0.14617385555024812 0.11799576291405572
0.1031690535488558 0.07984933768070474 0.26797113052821353 0.1284518349580479 0.09022958149522385 0.0715082003063201 0.1432142100203907 0.11560665146224311
0.0924446737725754 0.15266799714210508 0.15796946748820714 0.1574688855736707 0.08080252333492831 0.1368207182282122 0.0801037374439977 0.14172199701630359
0.08071680457632428 0.11124292324728219 0.11468205249841769 0.1334915078967386 0.10174421075101509 0.19113948523674495 0.10011863092255398 0.16686438487092325
0.06444311056872613 0.1197011364523445 0.06063415188496824 0.08067494232842883 0.13521059012450043 0.2867884230911677 0.0911977608930065 0.16134988465685765
0.0984821925165183 0.08843447564573685 0.19510706323817953 0.13362922369366712 0.10416238840469431 0.11093174308859106 0.14898661208831243 0.12026630132430041
0.07949335139308941 0.13518325050721827 0.12087710403849881 0.13701418740772028 0.0966059537453802 0.17347776612489674 0.09293136189393203 0.16441702488926435
0.10132858779263068 0.09033672295424579 0.22230819629998175 0.13312000895819262 0.09485238252458292 0.08982721774863486 0.14841887565935805 0.11980800806237336
0.0802325666893091 0.13612518876446947 0.12731148803393694 0.13739665972778684 0.09489047876560566 0.16597684844322283 0.09319077790232498 0.16487599167334416
0.07517217153323093 0.1468950711193847 0.10430914730214315 0.1350576578015685 0.09329834273547842 0.19159409572437872 0.09160432442193342 0.1620691893618822
0.11360703920527894 0.10467029653309663 0.15181662728912337 0.09420766247368162 0.14218585791751742 0.14041730396544097 0.14004601764744315 0.11304919496841793
0.10728028264501836 0.0832573225892471 0.232590630510329 0.12992550711199416 0.10262075957613778 0.08253529666997181 0.14485724449650694 0.11693295640079475
0.10417901514267455 0.07837368464035395 0.26590520284183283 0.12842280238002507 0.09279819178263554 0.07155874020794983 0.14318184086250557 0.11558052214202257
0.10246086193316892 0.07678087644586871 0.27857101764655284 0.12712170210144233 0.08988252931582902 0.06904226951691844 0.1417312111489215 0.1144095318912981
0.10165887067006216 0.07619765551813697 0.2832850591082958 0.12656765607108308 0.08892280254556276 0.06834357445109492 0.14111349117178965 0.11391089046397479
0.1013219730500199 0.07598067210886349 0.2850297312692517 0.1263566727681091 0.08859008490038646 0.06812159987807488 0.14087826053399627 0.1137210054912982
