Action: 0
[0.17851881636868716, 0.09847976758437116, 0.11287516055153106, 0.09847973423604699, 0.11772749714492386, 0.19695955564234577, 0.09847973423604699, 0.09847973423604699]
[0.26792912076644354, 0.09734798391040118, 0.11329020049432216, 0.09734798391040118, 0.13204075918722835, 0.09734798391040118, 0.09734798391040118, 0.09734798391040118]
[0.2035173388870633, 0.10016999377747411, 0.18087667000271151, 0.1001699937656391, 0.10017002577252515, 0.11475599026330863, 0.1001699937656391, 0.1001699937656391]
[0.125, 0.125, 0.125, 0.125, 0.125, 0.125, 0.125, 0.125]
[0.15932363247518136, 0.09867621388100603, 0.2445157695666487, 0.09867621388100603, 0.10277276901945077, 0.09868297341469509, 0.09867621388100603, 0.09867621388100603]
[0.10496555316489417, 0.10177728567866641, 0.2834114309131424, 0.10177682106002937, 0.10272368233231628, 0.10179158473089268, 0.10177682106002937, 0.10177682106002937]
[0.125, 0.125, 0.125, 0.125, 0.125, 0.125, 0.125, 0.125]
[0.125, 0.125, 0.125, 0.125, 0.125, 0.125, 0.125, 0.125]

Action: 1
[0.09999359379892067, 0.09999359379892067, 0.09999359379892067, 0.09999359379892067, 0.1777326532725035, 0.22230578393397252, 0.09999359379892067, 0.09999359379892067]
[0.1035827720234827, 0.1035827720234827, 0.1035827720234827, 0.1035827720234827, 0.1035827720234827, 0.27492059583562095, 0.1035827720234827, 0.1035827720234827]
[0.10186699590178075, 0.10186699589374709, 0.10186699589374709, 0.10186699589374709, 0.20728310265867642, 0.18151492197080726, 0.10186699589374709, 0.10186699589374709]
[0.125, 0.125, 0.125, 0.125, 0.125, 0.125, 0.125, 0.125]
[0.1000624426516003, 0.1000624426516003, 0.1000624426516003, 0.1000624426516003, 0.12117031439077706, 0.2784550296996211, 0.1000624426516003, 0.1000624426516003]
[0.09916223878119708, 0.09916223878119708, 0.09916223878119708, 0.09916223878119708, 0.13531078392841842, 0.26971578338439917, 0.09916223878119708, 0.09916223878119708]
[0.125, 0.125, 0.125, 0.125, 0.125, 0.125, 0.125, 0.125]
[0.125, 0.125, 0.125, 0.125, 0.125, 0.125, 0.125, 0.125]

