Action: 0
[0.10167165329927268, 0.10154050057857206, 0.2875962893252071, 0.10154049937009214, 0.1030295320382449, 0.10154052664842678, 0.10154049937009214, 0.10154049937009214]
[0.1310241627582131, 0.09879150119825159, 0.27622683005227744, 0.09879150119825159, 0.09879150119825159, 0.09879150119825159, 0.09879150119825159, 0.09879150119825159]
[0.12389018218455104, 0.09570724704971703, 0.22967446838283992, 0.09570724703731175, 0.16789911423364512, 0.09570724703731175, 0.09570724703731175, 0.09570724703731175]
[0.125, 0.125, 0.125, 0.125, 0.125, 0.125, 0.125, 0.125]
[0.22481324221810337, 0.0966862163319089, 0.16100612767760789, 0.09570373186118046, 0.13461770844717885, 0.09576550974165957, 0.09570373186118046, 0.09570373186118046]
[0.12514075868180208, 0.09813507186851018, 0.20321237907405915, 0.09813507186851018, 0.1809715029015878, 0.09813507186851018, 0.09813507186851018, 0.09813507186851018]
[0.125, 0.125, 0.125, 0.125, 0.125, 0.125, 0.125, 0.125]
[0.125, 0.125, 0.125, 0.125, 0.125, 0.125, 0.125, 0.125]

Action: 1
[0.11834891434929538, 0.09585524892775474, 0.09585524892775474, 0.09585524892775474, 0.16811347508596364, 0.23426136592596722, 0.09585524892775474, 0.09585524892775474]
[0.1111111111111111, 0.1111111111111111, 0.1111111111111111, 0.1111111111111111, 0.1111111111111111, 0.2222222222222222, 0.1111111111111111, 0.1111111111111111]
[0.09847549895356136, 0.09847549846801033, 0.09847549846801033, 0.09847549846801033, 0.16242427182572236, 0.24672273688066465, 0.09847549846801033, 0.09847549846801033]
[0.125, 0.125, 0.125, 0.125, 0.125, 0.125, 0.125, 0.125]
[0.09842527182469007, 0.09842527182469007, 0.09842527182469007, 0.09842527182469007, 0.1633055685839866, 0.2461428004678729, 0.09842527182469007, 0.09842527182469007]
[0.09871206261549302, 0.09871206261549302, 0.09871206261549302, 0.09871206261549302, 0.1598194297019211, 0.24790819460512079, 0.09871206261549302, 0.09871206261549302]
[0.125, 0.125, 0.125, 0.125, 0.125, 0.125, 0.125, 0.125]
[0.125, 0.125, 0.125, 0.125, 0.125, 0.125, 0.125, 0.125]

