Action: 0
[0.1375733337344498, 0.10676097832596478, 0.22175663068468762, 0.10676097832596478, 0.10686514395103866, 0.10676097832596478, 0.10676097832596478, 0.10676097832596478]
[0.10798519146692581, 0.10790856734597387, 0.24456340445723104, 0.10790856734597387, 0.10790856734597387, 0.10790856734597387, 0.10790856734597387, 0.10790856734597387]
[0.21583894791302305, 0.10791962194982307, 0.1366440607775301, 0.10791947387192313, 0.10791947387193122, 0.10791947387192313, 0.10791947387192313, 0.10791947387192313]
[0.125, 0.125, 0.125, 0.125, 0.125, 0.125, 0.125, 0.125]
[0.11505576642380264, 0.10668946699378237, 0.2138777507828421, 0.10668946699378237, 0.13761914782444354, 0.10668946699378237, 0.10668946699378237, 0.10668946699378237]
[0.10893897424540318, 0.10634577399355927, 0.24399203611713427, 0.10634577399355927, 0.11534011966966616, 0.10634577399355927, 0.10634577399355927, 0.10634577399355927]
[0.125, 0.125, 0.125, 0.125, 0.125, 0.125, 0.125, 0.125]
[0.125, 0.125, 0.125, 0.125, 0.125, 0.125, 0.125, 0.125]

Action: 1
[0.10791947359628479, 0.10791947359628479, 0.10791947359628479, 0.10791947359628479, 0.21583909736944157, 0.1366440610528497, 0.10791947359628479, 0.10791947359628479]
[0.1079285388795154, 0.1079285388795154, 0.1079285388795154, 0.1079285388795154, 0.1079285388795154, 0.24450022784339223, 0.1079285388795154, 0.1079285388795154]
[0.10786756563661355, 0.10786756563661341, 0.10786756563661341, 0.10786756563661341, 0.21609937907726967, 0.1366952271030498, 0.10786756563661341, 0.10786756563661341]
[0.125, 0.125, 0.125, 0.125, 0.125, 0.125, 0.125, 0.125]
[0.10684504051889301, 0.10683417240697328, 0.10683417239307345, 0.10683417239307345, 0.1372628036714144, 0.22172129383042533, 0.10683417239307345, 0.10683417239307345]
[0.10790855137120814, 0.10790853481108116, 0.10790852865430074, 0.10790852865430074, 0.1079854351891702, 0.24456336401133755, 0.10790852865430074, 0.10790852865430074]
[0.125, 0.125, 0.125, 0.125, 0.125, 0.125, 0.125, 0.125]
[0.125, 0.125, 0.125, 0.125, 0.125, 0.125, 0.125, 0.125]

