0.125 0.125 0.125 0.125 0.125 0.125 0.125 0.125
0.125 0.125 0.125 0.125 0.125 0.125 0.125 0.125
0.1232638888888889 0.1232638888888889 0.1232638888888889 0.1232638888888889 0.1232638888888889 0.1371527777777778 0.1232638888888889 0.1232638888888889
0.12160137801974788 0.12160137801974788 0.12160137801974788 0.12160137801974788 0.12160137801974788 0.1487903538617647 0.12160137801974788 0.12160137801974788
0.11962409288029693 0.11962409288029693 0.11962409288029693 0.11962409288029693 0.13313535710471336 0.14912008561350512 0.11962409288029693 0.11962409288029693
0.125 0.125 0.125 0.125 0.125 0.125 0.125 0.125
0.11914441659117313 0.11914441659117313 0.11914441659117313 0.11914441659117313 0.133033305480062 0.15210019497289926 0.11914441659117313 0.11914441659117313
0.1164849513205553 0.1164849513205553 0.12972321983068563 0.1164849513205553 0.13126642970722882 0.15658559385930887 0.1164849513205553 0.1164849513205553
0.12282520008528737 0.12282520008528737 0.12282520008528737 0.12282520008528737 0.12282520008528737 0.14022359940298837 0.12282520008528737 0.12282520008528737
0.11614159314855492 0.11614159314855492 0.12978883760247575 0.11614159314855492 0.12978883760247573 0.1597143590522739 0.11614159314855492 0.11614159314855492
0.12104230595958894 0.12104230595958894 0.12104230595958894 0.12104230595958894 0.12104230595958894 0.1527038582828775 0.12104230595958894 0.12104230595958894
0.12747435900677626 0.11402521390015526 0.12747435900677626 0.11402521390015526 0.12747435900677626 0.16147606737905046 0.11402521390015526 0.11402521390015526
0.12619198205372506 0.11202816438630549 0.13729850395702456 0.11202816438630549 0.12619198205372503 0.16220487439030334 0.11202816438630549 0.11202816438630549
0.11965441210715744 0.11965441210715744 0.11965441210715744 0.11965441210715744 0.11965441210715744 0.1624191152498979 0.11965441210715744 0.11965441210715744
0.1250280873923874 0.11173315271381437 0.13545327689127265 0.11173315271381437 0.1250280873923874 0.16755793746869538 0.11173315271381437 0.11173315271381437
0.11849167792037342 0.11849167792037342 0.11849167792037342 0.11849167792037342 0.11849167792037342 0.17055825455738602 0.11849167792037342 0.11849167792037342
0.1336437170503079 0.11015409168029178 0.1336437170503079 0.11015409168029178 0.12331983367144438 0.16877636550677272 0.11015409168029178 0.11015409168029178
0.13481334028166125 0.10831999575599979 0.1435546575257603 0.10831999575599979 0.12202219949727139 0.1663298196713079 0.10831999575599979 0.10831999575599979
0.11785388424941351 0.11785388424941351 0.11785388424941351 0.11785388424941351 0.11785388424941351 0.17502281025410535 0.11785388424941351 0.11785388424941351
0.13190571471062484 0.10854252467055894 0.13961425659655313 0.10854252467055894 0.12163740069827156 0.17267252931231458 0.10854252467055894 0.10854252467055894
0.13235634960748965 0.10620754424751372 0.1430163162421173 0.10620754424751372 0.13032077332428477 0.16947638383605348 0.10620754424751372 0.10620754424751372
0.11723778227371143 0.11723778227371143 0.11723778227371143 0.11723778227371143 0.11723778227371143 0.17933552408402004 0.11723778227371143 0.11723778227371143
0.13000631185936787 0.10676525701776454 0.13767455598238448 0.10676525701776454 0.1300063118593679 0.17525179222782178 0.10676525701776454 0.10676525701776454
0.12961276431792726 0.11516761855577529 0.11516761855577529 0.11516761855577529 0.11516761855577529 0.17938152434742102 0.11516761855577529 0.11516761855577529
0.13159226011771102 0.10589800605333487 0.14168493282161648 0.10589800605333487 0.12872867451977354 0.17440210832755954 0.10589800605333487 0.10589800605333487
0.1294683781386107 0.11484701590330951 0.11484701590330951 0.11484701590330951 0.11484701590330951 0.18144952644153212 0.11484701590330951 0.11484701590330951
0.13101557368867447 0.10534994253959735 0.14482380577717388 0.10534994253959735 0.12811705518227504 0.17464379519348722 0.10534994253959735 0.10534994253959735
0.12917156301296412 0.11461427704755583 0.11461427704755583 0.11461427704755583 0.11461427704755583 0.1831427747017008 0.11461427704755583 0.11461427704755583
0.13829172934017883 0.10423613410916749 0.14363000308925433 0.10423613410916749 0.1269571089248969 0.17417662220899988 0.10423613410916749 0.10423613410916749
0.1297473333323227 0.11438158562785838 0.11438158562785838 0.11438158562785838 0.11438158562785838 0.18396315290052734 0.11438158562785838 0.11438158562785838
0.13807658073445547 0.10386918583109568 0.1457796751358683 0.10386918583109568 0.12654403222353458 0.1741229685817591 0.10386918583109568 0.10386918583109568
0.12962483897384705 0.11428299667001865 0.11428299667001865 0.11428299667001865 0.11428299667001865 0.18467718100604116 0.11428299667001865 0.11428299667001865
0.13780004254467296 0.10362494281676066 0.14726853499030657 0.10362494281676066 0.12628024507136712 0.17415140612661065 0.10362494281676066 0.10362494281676066
0.12952623332191338 0.11421511748361637 0.11421511748361637 0.11421511748361637 0.11421511748361637 0.1851830617763884 0.11421511748361637 0.11421511748361637
0.14309520785960797 0.10284651743263878 0.14646418718889834 0.10284651743263878 0.12548836341177513 0.17356617180916353 0.10284651743263878 0.10284651743263878
0.130023672332404 0.11412420479244756 0.11412420479244756 0.11412420479244756 0.11412420479244756 0.18523109891291048 0.11412420479244756 0.11412420479244756
0.14308497657818453 0.102681713071878 0.14746292211360668 0.102681713071878 0.12530553664560654 0.1734197123750904 0.102681713071878 0.102681713071878
0.12999844142940054 0.11410011069849117 0.11410011069849117 0.11410011069849117 0.11410011069849117 0.18540089437965224 0.11410011069849117 0.11410011069849117
0.14682213555734935 0.1021406028442788 0.14691235760187824 0.1021406028442788 0.12475965003834423 0.17294344542531312 0.1021406028442788 0.1021406028442788
0.12896763373978778 0.12400301899389107 0.11265406312230454 0.11265406312230454 0.11265406312230454 0.18375903165479834 0.11265406312230454 0.11265406312230454
0.1492590158253554 0.10200406123765852 0.14620840123069273 0.10200406123765852 0.12433644597214877 0.17217989202116907 0.10200406123765852 0.10200406123765852
0.1275187954534026 0.12226824494365851 0.11093446036169646 0.11093446036169646 0.12474962102526854 0.18172549713088454 0.11093446036169646 0.11093446036169646
0.14857776554120616 0.10185367893520916 0.14617072630137262 0.10185367893520916 0.1265838702394814 0.17125292217710333 0.10185367893520916 0.10185367893520916
0.1274499840722388 0.12225841889379467 0.1109413434565492 0.1109413434565492 0.1250062179276027 0.18152000528016715 0.1109413434565492 0.1109413434565492
0.14849238503506315 0.10179351156663968 0.14664471899421877 0.10179351156663968 0.12657457028381988 0.1711142794203395 0.10179351156663968 0.10179351156663968
0.12743560802256115 0.12224684430384744 0.11093645412977637 0.11093645412977637 0.125000295272423 0.18157143588206284 0.11093645412977637 0.11093645412977637
0.14844094366825025 0.10174733771970731 0.1469547366826298 0.10174733771970731 0.12652722233796504 0.17108774643232558 0.10174733771970731 0.10174733771970731
0.12742373393519235 0.12223555549646535 0.11093029574983121 0.11093029574983121 0.1249888760096051 0.18163065155941238 0.11093029574983121 0.11093029574983121
0.15016098407053488 0.10149906900756647 0.14670395838658948 0.10149906900756647 0.12627668988705112 0.17086209162555846 0.10149906900756647 0.10149906900756647
0.13905730101406957 0.12056727078944648 0.10928959645527243 0.10928959645527243 0.1233203397760559 0.17989670259933835 0.10928959645527243 0.10928959645527243
0.15422637466623748 0.10112171070878448 0.14589566454212524 0.10112171070878448 0.12556856328681337 0.16982255466968613 0.10112171070878448 0.10112171070878448
0.13982488086163689 0.12048700456175325 0.10925125892744386 0.10925125892744386 0.12320332151486757 0.17947975735196683 0.10925125892744386 0.10925125892744386
0.15448763772652874 0.10108984230766865 0.14600803686003772 0.10108984230766865 0.1255134973484105 0.16963145883434821 0.10108984230766865 0.10108984230766865
0.13851432527125268 0.11912111561234248 0.10788891091149042 0.10788891091149042 0.13277053199525896 0.17803838347518433 0.10788891091149042 0.10788891091149042
0.1539381689935042 0.1010408623207753 0.1455052420285022 0.1010408623207753 0.12736110785601165 0.16903203183888074 0.1010408623207753 0.1010408623207753
0.13840063152827006 0.11911090556573692 0.10788414308565075 0.10788414308565075 0.1331320319058119 0.17781985865757824 0.10788414308565075 0.10788414308565075
0.15517340384670233 0.1008663650967169 0.14532877983495135 0.1008663650967169 0.1272582738712559 0.16877408206022282 0.1008663650967169 0.1008663650967169
0.1375346769900737 0.12676892518723953 0.1067733173087746 0.1067733173087746 0.13200082046287367 0.17660230812471467 0.1067733173087746 0.1067733173087746
0.15325878466879903 0.1133769740454784 0.14329614675946914 0.09929153791356289 0.12545919690554125 0.16673428388002354 0.09929153791356289 0.09929153791356289
0.13703980248057587 0.1291336878313322 0.10665799424123895 0.10665799424123895 0.13152885088076288 0.1756656818423733 0.10665799424123895 0.10665799424123895
0.15204300369208415 0.1126181283358815 0.1422270214178305 0.09826994079906681 0.132947026082503 0.16535499807450058 0.09826994079906681 0.09826994079906681
0.13564656005222533 0.12783102761458778 0.10550576654216093 0.10550576654216093 0.14055674836683718 0.17394259779770596 0.10550576654216093 0.10550576654216093
0.15141808479972618 0.11239516396634472 0.14174388474554023 0.09819171645361274 0.135248972847481 0.16461874428006956 0.09819171645361274 0.09819171645361274
0.13470977984947174 0.12697393031718723 0.10469286939116057 0.10469286939116057 0.14671983102737815 0.17282498124132042 0.10469286939116057 0.10469286939116057
0.13057824295625764 0.12904469890809006 0.1038735636245341 0.1038735636245341 0.1494649539326402 0.17541784970487587 0.1038735636245341 0.1038735636245341
0.12812679217681078 0.12782278453836649 0.11378265003986321 0.10224114297047054 0.14868554659614358 0.17485879773740443 0.10224114297047054 0.10224114297047054
0.1264142221632805 0.12635395611200995 0.12357065938347425 0.10101454514868302 0.14721675749156626 0.1734007694036199 0.10101454514868302 0.10101454514868302
0.1332784089998306 0.12499800874024944 0.12444625186926625 0.09994977628053969 0.14569558040049785 0.17173242114853673 0.09994977628053969 0.09994977628053969
0.1340017644057611 0.12364284606452233 0.1316731995015414 0.09886341472522135 0.14413653169715718 0.16995541415535406 0.09886341472522135 0.09886341472522135
0.13334147041505284 0.12252319658686266 0.13892824467983836 0.09801241081092057 0.14280107249521307 0.16836878339027117 0.09801241081092057 0.09801241081092057
0.1324964977249268 0.12163035016148277 0.14509230162013462 0.09734152214019104 0.14171520623563238 0.1670410778372504 0.09734152214019104 0.09734152214019104
0.13175802570085274 0.12093765536599985 0.14998900861001355 0.09682582397783221 0.14086208843397674 0.16597574995566053 0.09682582397783221 0.09682582397783221
0.1368979212660227 0.11993024123038974 0.15091311284599815 0.09595572869471222 0.13972689724390455 0.16466464132954817 0.09595572869471222 0.09595572869471222
0.1378141549809267 0.11904960698083504 0.15057078746092784 0.09527480282175628 0.1433000857517053 0.1634409563603363 0.09527480282175628 0.09527480282175628
0.13771920474112667 0.11849537262877338 0.15239669937590336 0.09489514417807429 0.14414856136444804 0.16255472935552565 0.09489514417807429 0.09489514417807429
0.1376281161650815 0.11832391802986222 0.1530324138608954 0.09483356022599344 0.1443786054536741 0.16213626581250629 0.09483356022599344 0.09483356022599344
0.137388177839911 0.11807829544280765 0.1546703319595128 0.09462192656007727 0.1442460398318451 0.1617513752456917 0.09462192656007727 0.09462192656007727
0.13713706346492932 0.11785304708343203 0.15623439763112862 0.09444537008061749 0.14402391945867044 0.16141546211998695 0.09444537008061749 0.09444537008061749
0.13692964721832748 0.11767900863156641 0.15747820304462615 0.0943159845501199 0.14381818933041376 0.1611469981247066 0.0943159845501199 0.0943159845501199
0.13642933624014608 0.11720864857080428 0.1575451879954413 0.09388012562991084 0.14657646352974174 0.16059998677413406 0.09388012562991084 0.09388012562991084
0.1361399709691381 0.11698150528389471 0.15794701743069228 0.09374622586702114 0.14745322138884612 0.1602396073263652 0.09374622586702114 0.09374622586702114
0.13995247205246408 0.11635029601005759 0.1575245850965358 0.09316004516234987 0.1471882930140422 0.15950421833985076 0.09316004516234987 0.09316004516234987
0.14114359493935663 0.11610590089329843 0.15757572879421664 0.0930407800938164 0.14697195569600455 0.15908047939567443 0.0930407800938164 0.0930407800938164
0.14150825754102386 0.11601271622157032 0.1577826405932086 0.09299604397000055 0.14684795154312555 0.15886030219107 0.09299604397000055 0.09299604397000055
0.14160724370445976 0.11596789205215631 0.1579968319360133 0.09296969260025939 0.1467761638848904 0.15874279062170185 0.09296969260025939 0.09296969260025939
0.14135242717096727 0.11567016727979243 0.15779626796664 0.09268085370887494 0.14873327816433393 0.15840529829164143 0.09268085370887494 0.09268085370887494
0.1412044649309427 0.11555076703190173 0.15775785789994415 0.09262047400562452 0.1494203018363703 0.1582051862839677 0.09262047400562452 0.09262047400562452
0.14113366982848002 0.11550715802834823 0.15779244309143378 0.09260053474108787 0.1496627303940784 0.15810239443439583 0.09260053474108787 0.09260053474108787
0.14109949991670456 0.11548867598692958 0.15784425816221753 0.09259069768785919 0.14974547450700856 0.15804999836356212 0.09259069768785919 0.09259069768785919
0.1438885007470571 0.11508263067617092 0.15746330433416172 0.09218831623127674 0.14937469224212313 0.15762592330665692 0.09218831623127674 0.09218831623127674
0.14465603216662457 0.11474775208953715 0.15705137978134606 0.09193393150210512 0.15054708312058693 0.15719595833558994 0.09193393150210512 0.09193393150210512
0.14489248485495615 0.11463658817818057 0.15686796550156942 0.0918891534558365 0.1509623396577144 0.15697316144006998 0.0918891534558365 0.0918891534558365
0.1469344052122907 0.11432673765026678 0.15650426569167802 0.09160133990704446 0.15083746866636558 0.15659310305826565 0.09160133990704446 0.09160133990704446
0.1490189113662231 0.11402727764455402 0.15611575199765537 0.0913633042388813 0.15055043485642336 0.1561977114185003 0.0913633042388813 0.0913633042388813
0.149794013179947 0.11392507532856475 0.1559333750496441 0.09132046645777706 0.15039496784764175 0.15599116922087125 0.09132046645777706 0.09132046645777706
0.1500886392778342 0.11389529869714404 0.15586262511536697 0.09131095027128104 0.15032444794478247 0.15589613815102898 0.09131095027128104 0.09131095027128104
0.15113479447570133 0.11375454626591548 0.15569848724106036 0.09117610071803622 0.15016192707923992 0.15572194278397414 0.09117610071803622 0.09117610071803622
0.1513962091151116 0.11357013130997959 0.15547402676324656 0.09101958832823415 0.15100755972384577 0.15549330810311407 0.09101958832823415 0.09101958832823415
0.15210791808497312 0.11341566033128406 0.15526319413757103 0.09090167551382142 0.15122746747342355 0.15528073343128385 0.09090167551382142 0.09090167551382142
0.1523732455614222 0.11336263701290564 0.15516305789759124 0.09087927430733964 0.15129291689624533 0.15517031970981673 0.09087927430733964 0.09087927430733964
0.15290650262171313 0.11328616604906908 0.1550556386898449 0.09081331461236555 0.15125310349667684 0.15505864530559935 0.09081331461236555 0.09081331461236555
0.15311106607105363 0.11325826393266841 0.15500483212008134 0.09080057199343956 0.15122445588025296 0.15499966601562487 0.09080057199343956 0.09080057199343956
0.1531912721934889 0.11324957770882646 0.15498495060940942 0.09079741704633185 0.1512098565382309 0.15497209181104862 0.09079741704633185 0.09079741704633185
0.15322290921760331 0.11324680821913272 0.15497856964579945 0.09079636950156714 0.15120297672340524 0.15495962768935792 0.09079636950156714 0.09079636950156714
0.15352712627030535 0.1132043853972827 0.1549340533659833 0.09075449569950074 0.15115835451404944 0.1549125933538769 0.09075449569950074 0.09075449569950074
0.15364395378080115 0.11318817089011765 0.15490976342995075 0.09074669103351511 0.1511327237860885 0.15488531501249658 0.09074669103351511 0.09074669103351511
0.1538870056443719 0.11315520725854314 0.15486995491199843 0.09071694174328129 0.15109273531335568 0.154844271641887 0.09071694174328129 0.09071694174328129
0.15398127890000785 0.1131430161006125 0.15484912344877622 0.09071128524981077 0.15107110388266162 0.15482162191850943 0.09071128524981077 0.09071128524981077
0.1541515871792121 0.11312042145932667 0.1548203184241607 0.09069110736671115 0.15104228449055268 0.15479206634661455 0.09069110736671115 0.09069110736671115
0.15430745785129313 0.11309941200221825 0.1547918587853265 0.09067457703985465 0.15101424114636147 0.15476329909523687 0.09067457703985465 0.09067457703985465
0.1543685304567578 0.11309197721305192 0.15477768401755004 0.09067130713623446 0.15099976824766853 0.15474811865626845 0.09067130713623446 0.09067130713623446
0.15439294186871433 0.1130897043455513 0.15477160742980925 0.09067050813099392 0.15099318748502985 0.15474103447791346 0.09067050813099392 0.09067050813099392
0.15440277545090186 0.11308901046842534 0.15476924626910166 0.09067026482395896 0.1509903152386319 0.1547378581010624 0.09067026482395896 0.09067026482395896
0.15431636886461678 0.11299840708323092 0.15467780255755087 0.09057979899200058 0.15162194736814463 0.1546460771504551 0.09057979899200058 0.09057979899200058
0.1543252079336839 0.1129561086303815 0.15461559359138416 0.09055546162817298 0.1518529653369284 0.15458373962310315 0.09055546162817298 0.09055546162817298
0.1543241909179576 0.1129430537684461 0.1545854279050112 0.09055079195267939 0.15194169127495985 0.15455326027558713 0.09055079195267939 0.09055079195267939
0.15436333127192858 0.11293370725628984 0.1545661761368166 0.09054403341818959 0.15197080273561228 0.15453388234478402 0.09054403341818959 0.09054403341818959
0.15437823159822028 0.11293056862278854 0.15455709733916256 0.09054274762425407 0.15198128608129194 0.1545245734857744 0.09054274762425407 0.09054274762425407
0.15438410787425896 0.11292966081260795 0.1545531728972274 0.09054246201241191 0.15198523866142558 0.15452043371724453 0.09054246201241191 0.09054246201241191
0.15438646416979937 0.1129294070671888 0.1545515553083501 0.09054238823001991 0.15198676282246856 0.1545186459421335 0.09054238823001991 0.09054238823001991
0.15441469882569703 0.11292544384927841 0.15454697245798726 0.09053847531424834 0.1519834660923403 0.1545139928319521 0.09053847531424834 0.09053847531424834
0.15444401590469883 0.11292131903354477 0.15454173528880213 0.09053513616131915 0.1519787941420769 0.15450872714691993 0.09053513616131915 0.09053513616131915
0.15445550799208163 0.11291985972290272 0.1545389795030848 0.09053449454840916 0.1519762637598062 0.15450590537689704 0.09053449454840916 0.09053449454840916
0.15447247144141846 0.11291766449534045 0.15453593224029613 0.09053258861255817 0.15197333484463518 0.15450283114063532 0.09053258861255817 0.09053258861255817
0.15447913065786828 0.11291686618081928 0.15453434394358867 0.09053222547689464 0.15197178761134147 0.15450119517569852 0.09053222547689464 0.09053222547689464
0.15448180454491484 0.11291662509802347 0.15453362812306023 0.09053214265085882 0.1519710792720458 0.15450043500937902 0.09053214265085882 0.09053214265085882
0.1544828891724157 0.1129165550256904 0.15453332606882478 0.09053212037044374 0.15197077062523487 0.15450009799650308 0.09053212037044374 0.09053212037044374
0.15449164085008038 0.11291534850956031 0.15453200834581773 0.09053092774535547 0.15196945322085595 0.15449876583761923 0.09053092774535547 0.09053092774535547
0.15449504361441938 0.11291488862951092 0.1545312531248793 0.09053070704338506 0.15196869992053022 0.1544979935805049 0.09053070704338506 0.09053070704338506
0.15449640394287134 0.11291474894188307 0.15453089937389125 0.09053065852173833 0.15196834685570676 0.15449762532043276 0.09053065852173833 0.09053065852173833
0.15449695479987857 0.11291470888918943 0.15453074558328686 0.09053064616052571 0.15196819175795304 0.15449746048811508 0.09053064616052571 0.09053064616052571
0.15449717925846512 0.11291469733587955 0.15453068169300377 0.0905306425472061 0.1519681254419357 0.15449738862909762 0.0905306425472061 0.0905306425472061
0.15449727095153454 0.11291469380581218 0.15453065629078735 0.09053064130745081 0.1519680973920359 0.15449735763747774 0.09053064130745081 0.09053064130745081
0.15443597828302344 0.11285336247372744 0.1544693151379841 0.09046931067516172 0.15239739790608423 0.1544360141736957 0.09046931067516172 0.09046931067516172
0.15439977542951192 0.112830378450293 0.15443308600951847 0.09045848488966768 0.15256151515230873 0.1543997902893647 0.09045848488966768 0.09045848488966768
0.1543826197999084 0.11282365560538332 0.15441591596505302 0.09045631836558528 0.15262622758055064 0.15438262595234886 0.09045631836558528 0.09045631836558528
0.1543806373805763 0.11282106031192725 0.15440754229890902 0.09045505579955043 0.152651335792132 0.15437425681780412 0.09045505579955043 0.09045505579955043
0.15437957101227867 0.11282030032139231 0.15440382947927256 0.09045481029637933 0.15266132206486457 0.154370546233054 0.09045481029637933 0.09045481029637933
0.15433758188495078 0.11277860208827631 0.15436074421406565 0.09041326272272956 0.15295582128242183 0.15432746236209693 0.09041326272272956 0.09041326272272956
0.1543165367537615 0.11276238481913783 0.15433494906520218 0.09040531165330806 0.1530685211697111 0.15430167323226313 0.09040531165330806 0.09040531165330806
0.1543062118199617 0.1127575597897168 0.1543226561439567 0.09040370151275745 0.1531130821169326 0.15428938559115984 0.09040370151275745 0.09040370151275745
0.1543015805889467 0.11275624760883934 0.1543172095824867 0.09040334583899921 0.15313098225029942 0.15428394245243024 0.09040334583899921 0.09040334583899921
0.15429958200895288 0.11275590669767087 0.15431487327531018 0.09040326505274222 0.15313823482212016 0.15428160803771937 0.09040326505274222 0.09040326505274222
0.15430126251456994 0.11275546053716783 0.15431352709774895 0.0904028864739949 0.15314082748973484 0.1542802629387937 0.0904028864739949 0.0904028864739949
0.15430358811778946 0.1127550599647111 0.1543126574421839 0.09040257434777553 0.1531415775321377 0.1542793938998513 0.09040257434777553 0.09040257434777553
0.1543044923314764 0.11275492166391475 0.1543122385190611 0.09040251545590568 0.15314182591895678 0.15427897519887393 0.09040251545590568 0.09040251545590568
0.15430485403894303 0.11275488149145067 0.15431205235924972 0.09040250269999903 0.15314191492259843 0.1542787890877612 0.09040250269999903 0.09040250269999903
0.15430500080798 0.11275487050229738 0.15431197229907687 0.09040249967457915 0.1531419483603468 0.15427870900656154 0.09040249967457915 0.09040249967457915
0.1543062037741779 0.11275470429911641 0.1543117751168603 0.09040233564987263 0.15314179803447578 0.1542785118257517 0.09040233564987263 0.09040233564987263
0.15430667192020991 0.11275464130087819 0.15431166344556602 0.09040230559952174 0.153141706398358 0.1542784001364227 0.09040230559952174 0.09040230559952174
0.15427883391004535 0.11272659692404767 0.15428358530792988 0.09037427371137434 0.1533378407184293 0.1542503220054249 0.09037427371137434 0.09037427371137434
0.15424338137758337 0.11269711374598543 0.15424803284067318 0.09035035001155602 0.1535456489135959 0.1542147730874942 0.09035035001155602 0.09035035001155602
0.15422423974560037 0.11268680972046982 0.15422884923253669 0.09034589069023867 0.15362683382038506 0.15419559541029207 0.09034589069023867 0.09034589069023867
0.15421536196939054 0.11268381660343844 0.1542199537583094 0.09034494022888921 0.15365934218711633 0.15418670479507754 0.09034494022888921 0.09034494022888921
0.1541987293441572 0.11267026726880622 0.15420331364888262 0.09033198424561288 0.1537616691802834 0.15417006782103193 0.09033198424561288 0.09033198424561288
0.15419024864945818 0.11266511077535571 0.15419395153283427 0.09032951375340827 0.15380143867716448 0.1541607091049628 0.09032951375340827 0.09032951375340827
0.15418622015860445 0.11266357231133795 0.1541895579088437 0.09032899750547778 0.15381733904680678 0.15415631805797375 0.09032899750547778 0.09032899750547778
0.15418443270875049 0.11266314826053048 0.15418761919817883 0.09032887843763668 0.15382378355930124 0.1541543809603288 0.09032887843763668 0.09032887843763668
0.15417508546979153 0.11265445722293314 0.1541782092925263 0.09032027146328142 0.1538864616575067 0.15414497196739796 0.09032027146328142 0.09032027146328142
0.15416965006269834 0.11265117003510844 0.1541727478281769 0.0903187071746579 0.15391079848650852 0.15413951206353396 0.0903187071746579 0.0903187071746579
0.15416707003868904 0.11265018941382904 0.15417015695279118 0.0903183782009193 0.15392052647187768 0.1541369225200553 0.0903183782009193 0.0903183782009193
0.15416592504365453 0.11264991852754862 0.1541690074360997 0.09031830171163696 0.15392446997842352 0.15413577387936256 0.09031830171163696 0.09031830171163696
0.15416594877179826 0.11264977225739622 0.15416843878526448 0.09031820914160389 0.1539260070243141 0.1541352057364152 0.09031820914160389 0.09031820914160389
0.15416628799267637 0.11264967545327956 0.15416813546660868 0.09031814133387875 0.15392657438593116 0.1541349026998679 0.09031814133387875 0.09031814133387875
0.15416641539807477 0.11264964317933604 0.15416799676314635 0.09031812825024861 0.15392679575899962 0.15413476414969737 0.09031812825024861 0.09031812825024861
0.15416646528332922 0.11264963390143949 0.15416793643935714 0.09031812537029374 0.1539268843593233 0.1541347039056696 0.09031812537029374 0.09031812537029374
0.1541607102659552 0.11264385638474676 0.15416213577836027 0.09031234969283831 0.15396734520710675 0.15412890328531603 0.09031234969283831 0.09031234969283831
0.15415727688909694 0.11264166113337057 0.15415868346821468 0.09031129976833285 0.15398302748045534 0.15412545172386394 0.09031129976833285 0.09031129976833285
0.15415483722961373 0.11264020823043853 0.15415623594919334 0.09031028204897931 0.15398849501573297 0.15412937742808347 0.09031028204897931 0.09031028204897931
0.15414974342771776 0.11263583679710945 0.15415113887929516 0.09030619863710601 0.1540177654425896 0.15412691954197 0.09030619863710601 0.09030619863710601
0.15414688313294622 0.11263421952407136 0.15414827720464236 0.09030544795092899 0.154029125172557 0.1541251511129961 0.09030544795092899 0.09030544795092899
0.1541455388662105 0.1126337392483764 0.15414693235164809 0.09030528828119092 0.15403366550456024 0.15412425918563225 0.09030528828119092 0.09030528828119092
0.15414494459977013 0.11263360650360042 0.15414633783553822 0.0903052507456005 0.15403550649675016 0.15412385232753945 0.0903052507456005 0.0903052507456005
0.15414468916147964 0.11263357086684604 0.15414608229086776 0.09030524142398581 0.15403625887163033 0.15412367453721867 0.09030524142398581 0.09030524142398581
0.15414458099857806 0.1126335614296604 0.1541459740826693 0.09030523905138077 0.15403656778840072 0.15412359854654917 0.09030523905138077 0.09030523905138077
0.15414476934639929 0.11263352555768782 0.1541458952662891 0.09030520505022274 0.15403666159920326 0.15412353307975238 0.09030520505022274 0.09030520505022274
0.15414484110674556 0.1126335122018579 0.15414585637936123 0.09030519880560277 0.15403669416808818 0.15412349972713885 0.09030519880560277 0.09030519880560277
0.15414225412095983 0.11263089284861076 0.15414322356844776 0.09030258209999675 0.15405501395085533 0.1541208692111362 0.09030258209999675 0.09030258209999675
0.1541407062272127 0.11262989710791947 0.1541416566867247 0.09030210561624882 0.1540621196260773 0.1541193035033192 0.09030210561624882 0.09030210561624882
0.154139964514647 0.11262959906718524 0.15414090710467096 0.0903020049697638 0.1540649598637614 0.15411855454044393 0.0903020049697638 0.0903020049697638
0.15413963374700762 0.11262951639944445 0.15414057307520687 0.09030198138520351 0.1540661117917008 0.15411822083102994 0.09030198138520351 0.09030198138520351
0.1541394909007495 0.11262949415392393 0.1541404288768777 0.0903019755276209 0.1540665826919962 0.15411807679359002 0.0903019755276209 0.0903019755276209
0.15413767055471272 0.11262772855828704 0.15413860797036202 0.09030021434190505 0.15407909392497676 0.15411625596594605 0.09030021434190505 0.09030021434190505
0.15413659574383132 0.11262705764141537 0.15413753292088178 0.09029989343425592 0.1540839522872755 0.15411518110382816 0.09029989343425592 0.09029989343425592
0.1541360827611673 0.11262685679413731 0.15413701983557956 0.09029982558860503 0.15408589565585812 0.15411466818744263 0.09029982558860503 0.09029982558860503
0.15413467052716728 0.11262561719817303 0.15413560755724426 0.09029862580832572 0.1540949712697925 0.1541132560226456 0.09029862580832572 0.09029862580832572
0.15413386597956258 0.1126251517968696 0.15413480298625304 0.09029840614280156 0.1540985091902523 0.15411245161865772 0.09029840614280156 0.09029840614280156
0.15413348614292716 0.11262501290617681 0.15413442313706985 0.09029835951261561 0.15409992736899586 0.15411207190698356 0.09029835951261561 0.09029835951261561
0.15413331785960352 0.11262497440014221 0.15413425484719886 0.09029834854007875 0.15410050356649593 0.15411190370632324 0.09029834854007875 0.09029834854007875
0.15413324542825552 0.11262496403058982 0.15413418241254137 0.09029834580390905 0.1541007393939833 0.15411183132290276 0.09029834580390905 0.09029834580390905
0.15413321472863528 0.11262496127304211 0.15413415171129352 0.09029834510200697 0.1541008363319839 0.15411180064902424 0.09029834510200697 0.09029834510200697
0.1541324053995941 0.11262416411171294 0.15413334238146892 0.09029754848733022 0.15410645131209239 0.15411099133314107 0.09029754848733022 0.09029754848733022
0.1541319250268756 0.1126238608975412 0.1541328620055443 0.0902974033013113 0.15410863113435136 0.15411051103175372 0.0902974033013113 0.0902974033013113
0.15413185258678191 0.11262374761384183 0.15413260987937402 0.09029735012636744 0.15410948056363738 0.15411025897726263 0.09029735012636744 0.09029735012636744
0.15413181127562267 0.11262371384690431 0.15413249414972993 0.09029733881663286 0.15410982097912415 0.15411014329872053 0.09029733881663286 0.09029733881663286
0.1541312557331163 0.11262316871970912 0.15413190778616118 0.09029680038334838 0.1541137096448235 0.1541095569661447 0.09029680038334838 0.09029680038334838
0.1541305669349525 0.11262260193697743 0.15413120622189655 0.0902963416658734 0.15411774444401927 0.15410885546453407 0.0902963416658734 0.0902963416658734
0.1541301951371688 0.11262240305015503 0.15413082913528842 0.09029625513727116 0.15411932880209667 0.15410847846347772 0.09029625513727116 0.09029625513727116
0.15413002235217202 0.1126223448200104 0.15413065415899557 0.09029623633417351 0.15411996611165274 0.1541083035546487 0.09029623633417351 0.09029623633417351
0.15412994630164745 0.1126223287857878 0.1541305772005158 0.09029623184341375 0.15412022554283714 0.15410822663897067 0.09029623184341375 0.09029623184341375
0.1541296712348834 0.11262208203712433 0.15413030175753326 0.09029598827335228 0.15412202893015212 0.15410795122024992 0.09029598827335228 0.09029598827335228
0.15412951282910517 0.11262198863650122 0.1541301431952825 0.09029594378784088 0.15412273128414009 0.15410779269144842 0.09029594378784088 0.09029594378784088
0.15412943779523536 0.11262196069156181 0.154130068096229 0.09029593435851108 0.15412301272172296 0.1541077176197176 0.09029593435851108 0.09029593435851108
0.15412940450098594 0.11262195293319643 0.1541300347748036 0.09029593213991159 0.15412312705529274 0.15410768431598657 0.09029593213991159 0.09029593213991159
0.1541293901580474 0.1126219508412292 0.15413002042053023 0.09029593158595192 0.15412317385046612 0.15410766997187106 0.09029593158595192 0.09029593158595192
0.15412938407534607 0.11262195028401839 0.1541300143331001 0.09029593144344976 0.1541231930873195 0.15410766388986666 0.09029593144344976 0.09029593144344976
0.15412938151898997 0.11262195013638254 0.154130011774771 0.09029593140627461 0.15412320101673135 0.15410766133430134 0.09029593140627461 0.09029593140627461
0.154128844690219 0.11262141433707205 0.1541294749451768 0.09029539563623125 0.15412266853050724 0.15411141058833128 0.09029539563623125 0.09029539563623125
0.15412852471376415 0.11262121047480972 0.15412915496709495 0.09029529799007877 0.1541223503650344 0.1541128655090607 0.09029529799007877 0.09029529799007877
0.1541284772907685 0.11262113429529719 0.15412898667967492 0.0902952622239375 0.15412218283654766 0.1541134322258993 0.0902952622239375 0.0902952622239375
0.15412845004288245 0.11262111158619703 0.1541289093748211 0.0902952546165579 0.15412210585034403 0.15411365929608167 0.0902952546165579 0.0902952546165579
0.15412843696497192 0.1126211052913348 0.1541288755654049 0.09029525282351608 0.15412207217489 0.15411375153285015 0.09029525282351608 0.09029525282351608
0.15412850223807115 0.11262109343316512 0.15412885095270126 0.09029524221323115 0.15412204761853865 0.1541137791178304 0.09029524221323115 0.09029524221323115
0.15412836422097567 0.11262092603205871 0.15412867570880942 0.09029507716287177 0.15412317705912373 0.1541136254904171 0.09029507716287177 0.09029507716287177
0.15412832476087973 0.11262085586021951 0.1541285661437845 0.09029504017639502 0.15412360781913498 0.15411352488679625 0.09029504017639502 0.09029504017639502
0.15412830078017337 0.11262083431140592 0.1541285131285768 0.09029503253834918 0.1541237785760265 0.1541134755887699 0.09029503253834918 0.09029503253834918
0.1541281793798641 0.11262071857105847 0.15412837970339754 0.09029492106980856 0.15412461543034814 0.15411334370590618 0.09029492106980856 0.09029492106980856
0.15412774826394088 0.11262031478967334 0.15412794360719737 0.09029454023262887 0.15412458117275576 0.154115791468546 0.09029454023262887 0.09029454023262887
0.15412749968065217 0.11262016471084438 0.15412769296097595 0.09029447019885987 0.15412449695135355 0.15411673509959442 0.09029447019885987 0.09029447019885987
0.15412738180514313 0.1126201200363353 0.1541275742309069 0.09029445527576908 0.15412444714833431 0.15411711095197292 0.09029445527576908 0.09029445527576908
0.15412732946449317 0.11262010765839692 0.15412752153624867 0.0902944517540432 0.15412442300090406 0.1541172630778276 0.0902944517540432 0.0902944517540432
0.15412730690692225 0.11262010432426817 0.15412749883202445 0.09029445087369976 0.15412441212000708 0.15411732519567853 0.09029445087369976 0.09029445087369976
0.15412729733812233 0.11262010343688282 0.15412748920247052 0.09029445064726745 0.15412440738729846 0.1541173506934235 0.09029445064726745 0.09029445064726745
0.15412729331613767 0.11262010320196615 0.15412748515531718 0.09029445058826481 0.15412440536826508 0.1541173611935194 0.09029445058826481 0.09029445058826481
0.15412704919920314 0.11261986070419366 0.1541272410279559 0.09029420813706186 0.15412416208088825 0.15411906257657346 0.09029420813706186 0.09029420813706186
0.1541269039018431 0.1126197684370606 0.1541270957260996 0.09029416394234982 0.1541240171297644 0.15411972297818288 0.09029416394234982 0.09029416394234982
0.1541268343737744 0.11261974079394943 0.15412702619606278 0.09029415459014675 0.15412394774668212 0.15411998711909095 0.09029415459014675 0.09029415459014675
0.15412680338044482 0.11261973311619887 0.15412699520186743 0.09029415239232812 0.1541239168141609 0.1541200943103436 0.09029415239232812 0.09029415239232812
0.15412678999608787 0.11261973104590838 0.1541269818171293 0.0902941518440642 0.15412390345532756 0.1541201381533543 0.0902941518440642 0.0902941518440642
0.15412662123141901 0.11261956741404829 0.1541268130522928 0.09029398862261562 0.15412373470137603 0.15412129773301692 0.09029398862261562 0.09029398862261562
0.1541265215725108 0.112619505211995 0.1541267133931921 0.09029395885871458 0.154123635048758 0.15412174819740052 0.09029395885871458 0.09029395885871458
0.15412647399751161 0.11261948658054535 0.15412666581804055 0.09029395255811347 0.15412358747745736 0.15412192845210484 0.09029395255811347 0.09029395255811347
0.15412645281292806 0.11261948140599068 0.1541266446333592 0.09029395107703143 0.15412356629492754 0.1541220016217003 0.09029395107703143 0.09029395107703143
0.1541263339701963 0.11261937031119822 0.15412652579057148 0.09029384100803547 0.15412344745327874 0.15412279945064872 0.09029384100803547 0.09029384100803547
0.1541262646585347 0.1126193281957654 0.15412645647880008 0.09029382091587973 0.1541233781433696 0.1541231097758912 0.09029382091587973 0.09029382091587973
0.15412623169581455 0.11261931559002489 0.1541264235159839 0.09029381665904405 0.15412334518213572 0.15412323403890862 0.09029381665904405 0.09029381665904405
0.15412614325163743 0.11261923829863252 0.15412633507174298 0.09029374186659613 0.15412384706874832 0.1541232107094504 0.09029374186659613 0.09029374186659613
0.15412609292032248 0.11261920927492225 0.15412628474033713 0.09029372816502396 0.15412404122326204 0.15412318734608427 0.09029372816502396 0.09029372816502396
0.15412610135118904 0.11261919601197645 0.15412625638588895 0.09029372065569811 0.15412411412292953 0.15412317016092167 0.09029372065569811 0.09029372065569811
0.15412612496967554 0.11261918876556923 0.15412624002550615 0.09029371603851882 0.15412413969711056 0.15412315842658186 0.09029371603851882 0.09029371603851882
0.15412614840252242 0.11261918433585669 0.15412623025653827 0.09029371304532394 0.15412414729544976 0.154123150573661 0.09029371304532394 0.09029371304532394
0.15412615752297254 0.1126191828732859 0.15412622562621753 0.0902937124608932 0.15412414985786732 0.15412314673697716 0.0902937124608932 0.0902937124608932
0.1541261611700273 0.11261918245310314 0.15412622357829134 0.09029371233064845 0.1541241507888465 0.1541231450177864 0.09029371233064845 0.09029371233064845
0.15412616264891077 0.11261918233823631 0.15412622269855727 0.09029371229907808 0.1541241511428407 0.1541231442742207 0.09029371229907808 0.09029371229907808
0.15412617304984846 0.11261918090796812 0.1541262209267118 0.0902937108915809 0.15412414988195006 0.15412314255877899 0.0902937108915809 0.0902937108915809
0.15412618368995062 0.11261917942584732 0.1541262189943025 0.09029370969299448 0.1541241481611664 0.15412314064974986 0.09029370969299448 0.09029370969299448
0.15412618787046836 0.11261917890587587 0.1541262179678231 0.09029370946683664 0.15412414722234688 0.15412313963297586 0.09029370946683664 0.09029370946683664
0.15412618955269947 0.11261917875363682 0.15412621749353844 0.09029370941767598 0.15412414678437455 0.1541231391627226 0.09029370941767598 0.09029370941767598
0.1541261946702789 0.11261917807848118 0.15412621665213397 0.09029370877269999 0.15412414595801258 0.1541231383229933 0.09029370877269999 0.09029370877269999
0.1541261966713669 0.11261917782624437 0.15412621618526526 0.09029370865430507 0.15412414549738032 0.15412313785682816 0.09029370865430507 0.09029370865430507
0.15412619747493525 0.11261917775104449 0.1541262159667113 0.09029370862910832 0.15412414528141288 0.15412313763857108 0.09029370862910832 0.09029370862910832
0.15412619780179557 0.11261917773019359 0.15412621587025216 0.0902937086231649 0.15412414518602668 0.15412313754223747 0.0902937086231649 0.0902937086231649
0.15412619793568105 0.11261917772457401 0.15412621582881683 0.09029370862167879 0.15412414514503645 0.15412313750085524 0.09029370862167879 0.09029370862167879
0.15412619799074814 0.11261917772307742 0.15412621581127348 0.09029370862129622 0.15412414512767778 0.15412313748333437 0.09029370862129622 0.09029370862129622
