Action: 0
[0.2522180796781878, 0.1027160912935598, 0.123610637375891, 0.1027160912935598, 0.11059082647812206, 0.1027160912935598, 0.1027160912935598, 0.1027160912935598]
[0.10274691144607764, 0.14930914737206666, 0.2264987116471172, 0.10274691144607764, 0.10274691144607764, 0.11045758375042788, 0.10274691144607764, 0.10274691144607764]
[0.22746386618553602, 0.10380749907851843, 0.14964514963863002, 0.10380749907851843, 0.10385348878316084, 0.10380749907859939, 0.10380749907851843, 0.10380749907851843]
[0.125, 0.125, 0.125, 0.125, 0.125, 0.125, 0.125, 0.125]
[0.2121720527070524, 0.10585571755633275, 0.1528630746178558, 0.10582183096430642, 0.10582183126153319, 0.10582183096430667, 0.10582183096430642, 0.10582183096430642]
[0.12179723157160667, 0.10393688069647998, 0.25458125968416595, 0.10393688069647998, 0.10393688075343255, 0.10393710520487477, 0.10393688069647998, 0.10393688069647998]
[0.125, 0.125, 0.125, 0.125, 0.125, 0.125, 0.125, 0.125]
[0.125, 0.125, 0.125, 0.125, 0.125, 0.125, 0.125, 0.125]

Action: 1
[0.1056231917832201, 0.10562316231346618, 0.10562316231304486, 0.10562316231304486, 0.2586373682187255, 0.10762362843240898, 0.10562316231304486, 0.10562316231304486]
[0.10589369613864927, 0.10589369613864927, 0.10589369613864927, 0.10589369613864927, 0.10589369613864927, 0.25874412702945515, 0.10589369613864927, 0.10589369613864927]
[0.10512069321984317, 0.10526442360086054, 0.10512069321984317, 0.10512069321984317, 0.11085758071546753, 0.25827452958445624, 0.10512069321984317, 0.10512069321984317]
[0.125, 0.125, 0.125, 0.125, 0.125, 0.125, 0.125, 0.125]
[0.1039258727377669, 0.10392577562593797, 0.10392577562593797, 0.10392577562593797, 0.15058041243553114, 0.22586483669701216, 0.10392577562593797, 0.10392577562593797]
[0.10363468477735481, 0.10470040815164353, 0.10363296821434442, 0.10363296821434442, 0.14970089022148347, 0.22743214399214048, 0.10363296821434442, 0.10363296821434442]
[0.125, 0.125, 0.125, 0.125, 0.125, 0.125, 0.125, 0.125]
[0.125, 0.125, 0.125, 0.125, 0.125, 0.125, 0.125, 0.125]

