0.125 0.125 0.125 0.125 0.125 0.125 0.125 0.125
0.056818181818181816 0.09469696969696968 0.06818181818181816 0.11363636363636363 0.11363636363636363 0.18939393939393936 0.13636363636363633 0.22727272727272727
0.11089662435753053 0.0873310916815553 0.13307594922903668 0.10479731001786637 0.13862078044691317 0.12793667020846933 0.1663449365362958 0.13099663752233295
0.07295173961840627 0.1290684624017957 0.09118967452300783 0.16133557800224463 0.08754208754208752 0.15488215488215484 0.10942760942760942 0.19360269360269358
0.1045515041676174 0.07719829214276654 0.19605915464829596 0.15439658428553307 0.08546168279541105 0.07680726596678161 0.1709233655908221 0.13460215040277243
0.10125388754629074 0.15383417901571322 0.09818121896089105 0.1384507611141419 0.11537563426178493 0.20599579159708645 0.10383807083560644 0.08307045666848514
0.07089408237293472 0.12542799189057682 0.08861760296616841 0.15678498986322104 0.08507289884752167 0.17871932266431007 0.10634112355940209 0.18814198783586522
0.09216204500078459 0.1440260941143339 0.11231837056059682 0.17283131293720064 0.0753367261521131 0.16224792754820902 0.09040407138253574 0.1506734523042262
0.08207592033597695 0.1187250940817849 0.09457815350885304 0.14247011289814188 0.08904382056133867 0.18816667281762078 0.10685258467360642 0.17808764112267733
0.07969238598775887 0.11681133836678301 0.09172479159967893 0.14017360604013962 0.08760850377508723 0.20364216215027334 0.1051302045301047 0.17521700755017447
0.07859448989866454 0.11548676689060407 0.09052201285238361 0.13858412026872488 0.08661507516795304 0.2130292943842201 0.10393809020154367 0.17323015033590608
0.07800033022099342 0.11473203468505465 0.08987150489281483 0.13767844162206558 0.08604902601379097 0.21831177932114945 0.10325883121654918 0.17209805202758194
0.07725741350650596 0.1135811679219814 0.0890040513358739 0.13629740150637767 0.09239242346330499 0.21887273925320053 0.10222305112978328 0.1703717518829721
0.076693537679715 0.11275755573025947 0.08835482945298878 0.1353090668763114 0.09808038960046857 0.2181864869076341 0.10148180015723353 0.1691363335953892
0.09431751759952028 0.13875394041256417 0.08150949623593867 0.12487854637130774 0.12175394942159319 0.2702005123578106 0.09365890977848082 0.07492712782278466
0.08283309175458732 0.14655085464273146 0.07221346460656332 0.12776228353468896 0.11064714807313282 0.22002225961879357 0.08665615752787598 0.15331474024162672
0.07700454802116267 0.11218473972220037 0.08659131160831209 0.13462168766664043 0.10032442779134353 0.22002990985706003 0.10096626574998033 0.16827710958330053
0.07637833686787544 0.11228618032026125 0.0878189293858572 0.13474341638431347 0.09888235441134574 0.2204039498617198 0.10105756228823512 0.16842927048039186
0.07629913665452617 0.11227822713456034 0.08791112041286087 0.1347338725614724 0.09866363623611196 0.22064626187752345 0.10105040442110431 0.1684173407018405
0.056122494536138136 0.08254377938151167 0.0646640513313512 0.099052535257814 0.12048080512856997 0.26016822153961017 0.11886304230937679 0.198105070515628
0.05779509017752367 0.10225285185254188 0.05038546323168731 0.08914351187144677 0.1288124049028316 0.2925527277577007 0.10077092646337461 0.17828702374289354
0.06587768445424658 0.11655282634212855 0.08234710556780821 0.1456910329276607 0.08895084644131389 0.22693473807227943 0.09881652668136987 0.17482923951319282
0.10233665874350863 0.07230468953372891 0.1987218587441073 0.14460937906745783 0.09560085872196378 0.10026831301341757 0.1600885270913656 0.12606971508445042
0.10052792081246033 0.14219702278750204 0.10336778727969005 0.12797732050875185 0.12895704205620295 0.22420352386857786 0.09598299038156388 0.0767863923052511
0.10342036069227906 0.09501212121623549 0.1292754508653488 0.10435488202383579 0.13964622814723984 0.1479345575880395 0.1551305410384186 0.12522585842860295
0.0925005151855785 0.0814762054730987 0.185001030371157 0.14933818114298214 0.10269279583500618 0.08808598162945218 0.1665009273340413 0.13440436302868397
0.09625664035788592 0.13830075228313524 0.13143939521506884 0.16596090273976227 0.08848208297027392 0.14806604415071825 0.08681031835618334 0.14468386392697222
0.1462372451216454 0.0950758571431815 0.1781506826078856 0.11409102857181781 0.12569289991298366 0.11498485444216934 0.12630345857360376 0.09946397362671296
0.06729876876767409 0.13003649563640404 0.09864549178796313 0.14883381554389463 0.09790248175133649 0.17773421470854311 0.10094815315151112 0.1786005786526735
0.10523283764435817 0.07126160554813037 0.21214832225496402 0.14252321109626073 0.09582558643192576 0.09097837908784519 0.15777905339105783 0.12425100454545807
0.08510691891572929 0.11260003450019572 0.1195247968786898 0.13512004140023487 0.10254251434108336 0.1748656111635974 0.10134003105017615 0.16890005175029357
0.0805782054035359 0.1109711575127283 0.10126511804548827 0.13316538901527394 0.10430677890063413 0.20338257309179164 0.09987404176145546 0.16645673626909244
0.0792965883601672 0.1101596799058544 0.09734850448307977 0.13219161588702527 0.10397992297441229 0.21264045661541053 0.09914371191526897 0.1652395198587816
0.06550295804738324 0.1284997144125965 0.08975174021433277 0.1448623110663283 0.09627805868664148 0.20301600722204882 0.09825443707107487 0.17383477327959396
0.10381156451245117 0.07042229817860339 0.21456296961316035 0.14084459635720678 0.09720795769146737 0.09444225895083938 0.15592075787204002 0.12278759682423154
0.07280369922752673 0.0963494555700017 0.07992007304391001 0.08671451001300154 0.14493819205615646 0.24178763804779874 0.10405741201560184 0.17342902002600308
0.06437056179450243 0.12493651457853774 0.08693909667442008 0.14235797319938037 0.10449386085024721 0.20951658237190193 0.09655584269175364 0.1708295678392564
0.1141685323638221 0.07756831753250042 0.1435945978869898 0.0930819810390005 0.15632136855429005 0.1511635500722647 0.14774917625238174 0.11635247629875063
0.06558845760638782 0.1250022624929716 0.09370598117163814 0.1450513966295115 0.10831011102995212 0.18989742870454324 0.09838268640958173 0.1740616759554138
0.0776762890053904 0.1107535358449862 0.09817286051185041 0.13290424301398346 0.10623406895269248 0.20845051664313022 0.0996781822604876 0.16613030376747934
0.06472728944205458 0.1271875866950944 0.08884395861392028 0.1431468901122361 0.09759496743507627 0.20963210540385313 0.09709093416308189 0.1717762681346833
0.10372207885978846 0.06999164423884843 0.21678426555150956 0.13998328847769687 0.09736711595427038 0.0951476392424438 0.15496725464360414 0.12203671303183829
0.10537887997415489 0.1380532831804178 0.11696051257345681 0.12424795486237598 0.1305006710824154 0.2171239592629716 0.093185966146782 0.07454877291742561
0.0749614015439942 0.15124092284150684 0.07312291236974748 0.11562093887061826 0.12007461041186797 0.24781292877919098 0.07842115853833238 0.13874512664474192
0.08832380297618281 0.08229857262258128 0.18982566305151438 0.14259505540733128 0.10453249263059838 0.10510601808806468 0.15898284535712906 0.12833554986659818
0.08221971388415761 0.11141576737096583 0.1198598814195654 0.133698920845159 0.10673351785051181 0.1786743569393224 0.10027419063386923 0.16712365105644872
0.08015216183967928 0.11001574052547954 0.10395203389854965 0.13201888863057543 0.1060918709159131 0.20373152692865218 0.09901416647293158 0.16502361078821928
0.07580065251900714 0.1490084428010938 0.07817388591541777 0.11691540487152582 0.11602128781811669 0.24448269605527734 0.07929914417373055 0.14029848584583096
0.0976782536844073 0.09091814066296287 0.13918774241809131 0.09856088850685676 0.1531382919989336 0.15572623599390914 0.14651738052661092 0.11827306620822811
0.09454095915742051 0.07583381394498241 0.21470333302850422 0.13869231978057897 0.10864562136174442 0.08812927854202098 0.15463158638222757 0.12482308780252106
0.08325652847097183 0.1112213235848943 0.1251100046378108 0.13346558830187313 0.10780463954750745 0.1722107388531963 0.10009919122640487 0.16683198537734142
0.06935179610258364 0.1259372878295609 0.10228620179535834 0.14132414778767796 0.09845503481332438 0.19720191495724734 0.09585463936903377 0.16958897734521355
0.13959596526475856 0.09319534198409288 0.1796263517779135 0.11183441038091146 0.13029507620189318 0.12415089945677488 0.12380528947337369 0.09749666546028177
0.07310622432523353 0.12390668311217418 0.11237573586184997 0.1412379053752793 0.10325640000561481 0.1808354203541063 0.09579614451540683 0.16948548645033512
0.07877259863681736 0.11036722231980975 0.10305911380347862 0.1324406667837717 0.10562826852612564 0.20485079636245332 0.09933050008782879 0.1655508334797146
0.06851162642376353 0.12485553990817053 0.09760229658282898 0.14016361232596533 0.0972949447652074 0.20830815162529456 0.09506749357761127 0.16819633479115836
0.07780727171806809 0.10978068913867163 0.09945194559884052 0.13173682696640596 0.10378176364322052 0.21396784900198146 0.09880262022480447 0.16467103370800742
0.06828903205855885 0.124501352418828 0.09674690132971316 0.139822743363971 0.09671580227980058 0.21130058101332205 0.0948362954990412 0.16778729203676518
0.09264971229564875 0.07882131057845723 0.2108041201022609 0.13978310101085353 0.09781228088062198 0.09847695816999015 0.15584772605239935 0.12580479090976818
0.08323258017190514 0.1110314000173681 0.12493090770564752 0.13323768002084171 0.10527722040266747 0.17581485163988655 0.09992826001563129 0.16654710002605214
0.05920939244549151 0.1075152081287976 0.06231891976782409 0.08412032660603228 0.13946279070740158 0.2840401660125258 0.09509254311986258 0.16824065321206455
0.06524880062587671 0.1209774006775465 0.0889639082021683 0.13581638997313303 0.10157808069809499 0.23231680909103497 0.09211894276438588 0.16297966796775962
0.12033054679664021 0.10238128331113236 0.1722485204822612 0.11373869964514026 0.12886822072422488 0.13325773721830345 0.12681016214167132 0.10236482968062623
0.11544833437998572 0.08455978496831275 0.17003591216736166 0.0954075120533288 0.15308242758052143 0.1251473397519944 0.14182967463450072 0.11448901446399454
0.07968373801878315 0.12112282856723951 0.11279979621010702 0.13892532868682123 0.10690248872985357 0.17962781112325316 0.09422761423975702 0.16671039442418548
0.1316081256366954 0.10124677656127137 0.1787366191671369 0.11238927975163343 0.12916584219162516 0.12039734525177918 0.12530565966338833 0.10115035177647008
0.10694694775037956 0.07318084546091567 0.24229245006410938 0.13211384611930616 0.09992136808609332 0.07934500183104164 0.14729707918077864 0.11890246150737552
0.1011288886300448 0.07054160400992798 0.2686625294625424 0.13099684435969844 0.09293197892675983 0.07178928911014167 0.14605170557715633 0.1178971599237286
0.07849102081932784 0.12095182584530996 0.13798621768494662 0.1407177068203875 0.09576416909649747 0.16178449735784636 0.09544331419121935 0.168861248184465
0.11806493583130499 0.07686954627880137 0.1599268771867311 0.09224345553456165 0.15332021227093717 0.13785247009126858 0.14641818338819307 0.11530431941820206
0.12137632446879462 0.08121599646412524 0.16782086616358804 0.09379427176440486 0.159060563903708 0.12474736652503775 0.13943148459305557 0.11255312611728584
0.10712733162565824 0.07149745987921632 0.23905803160991326 0.13152569456786106 0.10590543205721174 0.0798715910562403 0.1466413340928242 0.11837312511107495
0.1029415269867564 0.0701660867782742 0.2679661264710234 0.13046587864398043 0.09393012419842553 0.07165124771351974 0.14545971842843788 0.11741929077958238
0.11812641418354564 0.08107369823970287 0.20332049005459818 0.09433001273863315 0.14123222061849908 0.10849324934481279 0.14022789953384868 0.11319601528635977
0.1403934002611483 0.09330384089772208 0.2086192190404559 0.10727811296987962 0.1334971258537512 0.10075090917206164 0.11960709013208964 0.09655030167289165
0.14672017282269195 0.09376088822107001 0.20947705695233396 0.10645135654358644 0.13064679550687508 0.09845219064920117 0.11868531841501352 0.09580622088922779
0.11286522586061742 0.07106878802627553 0.254402929216107 0.12902869198730824 0.09842602530658837 0.07422515425554183 0.14385736255898396 0.1161258227885774
0.08299408100572502 0.12044930231615635 0.1349472477108598 0.13998242472513225 0.0966434906936429 0.16205994276040894 0.0949446011179158 0.16797890967015872
0.11916708378633765 0.0768105826206196 0.158901618858223 0.09217269914474353 0.15356936159089005 0.1378569084099336 0.14630587165832307 0.1152158739309294
0.09790103213908012 0.1407514881782554 0.09261433189565944 0.11334481090748408 0.1261359146485078 0.2163612991352172 0.07687735000681527 0.13601377308898088
0.10626819938662975 0.07761443375553403 0.21033695882846845 0.13489631294734566 0.10167391407471754 0.09740417730742905 0.15039932204726447 0.12140668165261109
0.10526053783292734 0.0712174064687258 0.25755517240876935 0.13164924650387141 0.0939179856510711 0.07513624399996867 0.146779085281182 0.11848432185348429
0.08174207751377816 0.12062738791641074 0.13571935871461516 0.14019497816751605 0.09582001118990169 0.16257344489618278 0.09508876780057611 0.16823397380101926
0.10601184301281748 0.06847648020841857 0.2364461538815644 0.13695296041683713 0.09531276686101893 0.08579235013840637 0.15161255691241227 0.11939488856852468
0.07209745827294381 0.10599114689976827 0.0804669530744834 0.08616484614345732 0.1410904812009145 0.2444556830028273 0.09740373911869088 0.17232969228691464
0.131167980761909 0.0982528754321245 0.16732040385537458 0.11032809200913964 0.13707726048164431 0.13355051550109387 0.12300758915048851 0.09929528280822567
0.08483308192802148 0.12145105879999611 0.11411594763188401 0.13727043885139956 0.10319875128805968 0.18130102765801046 0.09310516722094928 0.16472452662167947
0.08964640806108928 0.14527735357745394 0.11949675810484366 0.16105661782664607 0.08407346317954412 0.17356964196419106 0.08192880124225041 0.14495095604398145
0.10846363289930554 0.06889829734706625 0.23069331498846288 0.1377965946941325 0.09344847452025672 0.08802282620894791 0.1525464947366872 0.12013036460514116
0.07250107862673433 0.10600249250401311 0.07965055115856927 0.08614299307952475 0.14046588630975745 0.24557197650723656 0.09737903565511494 0.1722859861590495
0.10107211796834516 0.0755931775280813 0.20559049476128574 0.13581028812947446 0.10534233096319784 0.10294399516485356 0.15141833616823494 0.12222925931652702
0.10435410519411163 0.07119742490488472 0.25585188279567905 0.13187559149965383 0.09483553513749508 0.07616598505842549 0.14703144306006177 0.11868803234968846
0.13776435620518132 0.09286131105861233 0.22836967501649438 0.1079273923239933 0.12152414287872088 0.09408748126716053 0.1203309881582433 0.09713465309159397
0.11049240498385982 0.0707156044850529 0.2619061669041475 0.12851253774810892 0.09622896480542523 0.07320114799885773 0.14328188910124978 0.11566128397329804
0.10438996374144544 0.0693774235418591 0.27614617000802255 0.12904221411844638 0.09115852568979305 0.06987527146774306 0.1438724387260887 0.11613799270660173
0.08157812876876301 0.12023198793441821 0.13976517638980243 0.13995781111605143 0.09516083626266987 0.16042877951901593 0.09492790667001749 0.1679493733392617
0.10575460900778542 0.06832397372120766 0.23860484359801687 0.13664794744241532 0.09498392292340888 0.08528082847402671 0.15127489501154645 0.11912897982159283
0.08189961849544757 0.12034171084231522 0.13151551217137447 0.1402888123243744 0.09607683689491144 0.16637852264492592 0.09515241183740178 0.16834657478924925
0.08078152194755718 0.11038211007388085 0.10756132689144687 0.13245853208865702 0.1041594890167282 0.1997399558044158 0.09934389906649277 0.16557316511082126
0.0762702844121603 0.12333613749649634 0.10112539035449847 0.13813238946058934 0.09637832091183199 0.20530881542105578 0.09368979459066058 0.16575886735270717
0.10227453450679064 0.07717360911418555 0.2161663385217976 0.13666700537243978 0.09628403316595698 0.096060662523615 0.15237351196001864 0.12300030483519579
0.1384997898536846 0.09441242783093115 0.2155810246862406 0.10913871369102648 0.1231216982433944 0.0993399822874304 0.12168152108536834 0.09822484232192384
0.11111559042869947 0.07113842672520948 0.25717524791087615 0.1291033462437069 0.09696037359728531 0.07437340699123099 0.1439405964836553 0.11619301161933619
0.1046904417204239 0.06952242737359386 0.27443690528373754 0.1292642142225042 0.09145177250952273 0.07017649381502256 0.14411995227494126 0.11633779280025378
0.10281939399259356 0.06910876806572898 0.28089803726472695 0.12869911145950524 0.08995843516959887 0.06919714886824638 0.14348990486604538 0.11582920031355472
0.11950234932360364 0.0806044010876853 0.20698590095769404 0.09385099329945541 0.13950344080016003 0.10741591760749153 0.13951580496456356 0.11262119195934649
0.10729717881134736 0.07050892952051976 0.2542872140257381 0.12974809407897173 0.10070321204229069 0.07602264464559237 0.1446594422044655 0.11677328467107456
0.08206727999426924 0.12035574203258902 0.13490594145279755 0.139954488149309 0.09715465230885703 0.16269085745130218 0.09492565283170526 0.1679453857791708
0.14280829722802565 0.09216269631957849 0.19136553871078196 0.1105952355834942 0.12869128312034764 0.11552711777731284 0.12243347203382345 0.09641635922663597
0.10322368261595523 0.14326394613194326 0.098857135376333 0.11357954880789176 0.12044827247254133 0.20729539248659984 0.0770365635392657 0.1362954585694701
0.1073973881634211 0.0776609599993323 0.21289522041120892 0.1346728031623223 0.10032945351230953 0.09568852658851779 0.1501501253167981 0.12120552284609006
0.10549802954534337 0.07114788897609181 0.2584938278686182 0.1315106480817216 0.0935808357395532 0.07478462813147155 0.14662455838365082 0.11835958327354947
0.10356334268572685 0.06962941548956048 0.2752036561904354 0.12948476794442096 0.09088422613829886 0.07033244718593315 0.14436585321564546 0.11653629114997888
0.08144619839294726 0.12029051604940645 0.13956539349975067 0.1399958994773824 0.09512327219209221 0.1606299005004679 0.09495374051509414 0.16799507937285885
0.10571771165727276 0.0683190929792521 0.23864732913379122 0.1366381859585042 0.09498428464638725 0.08530883716722347 0.15126408864759108 0.11912046980997801
0.12113022655109768 0.08118417692620511 0.19447471724182444 0.09464076505541812 0.142061372718439 0.11224996971634006 0.14068985372417378 0.11356891806650174
0.10811789245414459 0.07083174668311386 0.24955344164281518 0.1302785860953096 0.10160627198065686 0.07711043244445547 0.14525090121372575 0.11725072748577862
0.13882727385181706 0.09273506607834872 0.22595253407049887 0.10780590430350581 0.123243795677191 0.0942145740638135 0.12019553808166988 0.09702531387315522
0.11085034595352673 0.0707342172213933 0.26094214153202666 0.12855907471752093 0.0966244607364633 0.07325281824406422 0.143333774349236 0.11570316724576882
0.10454616779710199 0.06939224638510118 0.27577623223444653 0.12906702537084017 0.09126026979845502 0.06989763415937711 0.14390010142092183 0.11616032283375616
0.08164567820934261 0.12023040850387395 0.13968315548561394 0.13995333482417593 0.09518477535656887 0.16043377525501604 0.09492487057639759 0.16794400178901112
0.0807917488691742 0.11044927943369895 0.10941461041268452 0.13253913532043876 0.10404805178847028 0.19767890353465592 0.09940435149032907 0.16567391915054844
0.07632875927346965 0.12338514183921083 0.10155608244878642 0.13817896671954433 0.09638925516597134 0.20462564836674285 0.09372138612282137 0.16581476006345316
0.1327442874588933 0.10865579855196654 0.17551961958512777 0.11057381789169632 0.12496212967311995 0.12474635556488264 0.12328155517178678 0.09951643610252668
0.09773220460629406 0.1514831922800465 0.13295840161336533 0.157010134762074 0.08656031096168253 0.15307626158996374 0.07987037290070721 0.1413091212858666
0.1097348134718153 0.06849032383375042 0.23603851351019575 0.13698064766750084 0.09343776601297754 0.08425570149505476 0.15164320783703794 0.1194190261716674
0.08224048357540682 0.12568691084468148 0.1304513801549267 0.13939365416995161 0.09526946090230765 0.1651404642595992 0.09454526108918458 0.16727238500394195
0.08835368942322934 0.15692676280978154 0.12244713257924088 0.15918905245939743 0.08185664163793038 0.16697779501718243 0.08097877885978044 0.14327014721345768
0.10815264144597529 0.06892076677007289 0.232384787873849 0.13784153354014578 0.09300203477959423 0.08693244964319624 0.15259624388652684 0.1201695420606399
0.09765219025815648 0.14986271513548666 0.1077122459354774 0.11584817526744964 0.11339521522246176 0.1979363637655844 0.07857528409444409 0.13901781032093954
0.09001461948908285 0.16012202438274456 0.11502699322926194 0.15603413574803535 0.08383861228435519 0.17515900624754865 0.07937388644573973 0.1404307221732318
0.08232448797861273 0.1106015562947813 0.10418013637503303 0.13272186755373755 0.10157879342439823 0.20314942326596208 0.09954140066530316 0.16590233444217192
0.07585082386937311 0.13163735243168728 0.09949419026587811 0.13656074168966756 0.09497950721457306 0.20498068709431486 0.09262380740690496 0.16387289002760105
0.1016205313621216 0.08430015858974356 0.21425000151480209 0.13555774682565036 0.0954664986686208 0.09566631943513917 0.15113677146083704 0.12200197214308534
0.10396992797095299 0.0757020023941265 0.2586005917998874 0.13096067625285435 0.0923281098966736 0.0745627022207986 0.14601138083713758 0.11786460862756891
0.10294638279013536 0.07350755978842202 0.2747215056851317 0.12884784252195775 0.09032070870962024 0.07003721333362398 0.14365572890134692 0.11596305826976198
0.10216188757421682 0.0728287432995443 0.280515640165935 0.12807865329518506 0.08942645266584504 0.06891969471793079 0.14279814031567648 0.11527078796566655
0.10179220983083723 0.07260136172840398 0.28259702190864533 0.12780761441682992 0.0890749503872029 0.06860403655984139 0.14249595219309244 0.1150268529751469
0.10164114163268699 0.07252252347156049 0.2833456643781981 0.12771183186165658 0.08894371798420743 0.06850531020417348 0.14238916179202607 0.11494064867549093
0.11876275562427208 0.08475499873061589 0.20723763552396413 0.09329410729144186 0.13857309475286672 0.10673652281624914 0.13868795651085983 0.11195292874973022
0.0826330681073371 0.12692195265860562 0.12267968400431568 0.13670574869349225 0.10332802740151913 0.1709624607191273 0.09272215998341214 0.16404689843219072
0.11603371760840256 0.09411853824634817 0.15814854762232763 0.09525280981016913 0.14574268290113945 0.1348006326798153 0.1415996993595947 0.11430337177220297
0.12251058680783972 0.08770530878341137 0.16686229952246043 0.093095500337367 0.15630670612612077 0.12341228408360587 0.1383927139343545 0.11171460040484038
0.14255153612246357 0.099589543347351 0.19482185899751014 0.10675367912051933 0.13742150456127367 0.10376118111550742 0.11902238552690739 0.0960783112084674
0.11217206823513164 0.07658436656127476 0.24812902547818708 0.1287355987109895 0.09990435044559406 0.07508196630041132 0.14353058542852112 0.11586203883989053
0.10490543254560515 0.07368789024104747 0.27050594730266037 0.1289420574175325 0.09195035663800509 0.07019969270041977 0.14376077147895042 0.11604785167577926
0.11981325527279214 0.08507570934775543 0.20337186687613995 0.09348397963302868 0.1397500097465735 0.10735418906482726 0.1389702144992486 0.11218077555963443
0.10715921136583345 0.07497118954530477 0.2522165814349093 0.1291380611438188 0.10051225359897088 0.07579914687511001 0.14397930100661585 0.11622425502943691
0.1037074276061125 0.07343961275105663 0.27211143573395724 0.12885082667127024 0.09200255984805761 0.07026333738026995 0.14365905600513265 0.11596574400414324
0.10239558340801333 0.07286604376581043 0.2795327862814124 0.1281584475739515 0.08981826977696833 0.06899916139558354 0.14288710498170412 0.11534260281655637
0.10187389741336984 0.07262708026646163 0.28223644575538287 0.1278463740759777 0.08917862921013518 0.06863667028976247 0.14253916632053037 0.11506173666837993
0.10167140885741338 0.07253388216033115 0.2832145232842258 0.12772707077563641 0.08897433020689122 0.06851826897354807 0.14240615204388118 0.11495436369807277
0.08064375987143621 0.12613031918700526 0.14068111259924598 0.1388356753667429 0.0940950692341567 0.15884444740040024 0.09416680590092126 0.16660281044009145
0.11558940147041513 0.09406745657386432 0.16411523441606704 0.09535092875459333 0.14292907943390767 0.13178122508508083 0.14174555976055964 0.11442111450551198
0.14098530901769857 0.10101956771270364 0.19444462239460766 0.10723876667081894 0.13427484025025901 0.1059587820052474 0.11956322194492797 0.09651489000373703
0.11187825533448324 0.07680933034829492 0.2480839408347231 0.12883304765633652 0.0993162257918495 0.07549022341333611 0.14363923373027368 0.11594974289070287
0.12178748388760918 0.08563239128741468 0.1963772021734103 0.09361900640286926 0.1422365604105428 0.10883360729313196 0.13917094086157877 0.11234280768344311
0.10781020947608763 0.07518313630986428 0.2495085099317176 0.12939003610073532 0.10120992140949905 0.07618692000195772 0.14426023427947654 0.11645103249066178
0.08173418133835492 0.12672688110040314 0.133247337132647 0.13892180028578605 0.09669122867032118 0.16174719006614177 0.09422522106340271 0.16670616034294322
0.0762524387190011 0.1357939689191972 0.10639692795145583 0.13752780067214193 0.09459173487640078 0.19112404238195382 0.09327972567327888 0.1650333608065703
0.1011544802318147 0.08873383195011436 0.21634219337697033 0.13465466745452032 0.09488090918698737 0.09291481173451464 0.15012990535600995 0.12118920070906827
0.13703152606020497 0.10419027628203725 0.2142005866522556 0.10785068719518784 0.12164563992355253 0.09777019774720433 0.12024546766388852 0.09706561847566904
0.1101750961067253 0.07985431378627779 0.2553466700304704 0.12770835347001563 0.09601767072088553 0.07357509411768329 0.14238528364492786 0.11493751812301407
0.0817990743375484 0.13131222764112185 0.1341006705918058 0.13813363691533723 0.09517687362422615 0.16002651190115333 0.09369064069040264 0.16576036429840466
0.10159630593178959 0.08729607837831796 0.2273318449804277 0.1335472671967208 0.09421514083363614 0.08692558549168546 0.14889523671037377 0.1201925404770487
0.10325039820795319 0.07820640925269497 0.262970794305315 0.12986065578858863 0.09143360154746345 0.07261861057769417 0.14478494011056076 0.11687459020972976
0.10240225659499262 0.07589680668817626 0.2759357974387484 0.12820577896103838 0.08979385999183193 0.06944042331416511 0.1429398759461129 0.11538520106493452
0.10177342319605318 0.07521317725863695 0.28060964313394837 0.12760032903435392 0.08907646596797633 0.06862182081742256 0.14226484446069013 0.11484029613091852
0.10147815828024863 0.07499169466325843 0.2822942442573005 0.12738566201791338 0.08879557576546569 0.06838206244240591 0.1420255067572855 0.11464709581612204
0.09207408149556198 0.14915779262286655 0.16061957212814482 0.15842014581964797 0.0805674967632726 0.1359951405376107 0.08058763939521224 0.14257813123768318
0.08312807582098422 0.1111493150841974 0.11453435559502191 0.13337917810103686 0.10138854026194877 0.1896621789347372 0.10003438357577765 0.16672397262629607
0.07575418017569945 0.13709984307272852 0.1014288473620975 0.13598864322271834 0.09466491188659303 0.19964142700966594 0.09223577540323505 0.16318637186726198
0.11399791727605404 0.10035741152308818 0.15093604021891752 0.09492917712258386 0.14276437281031903 0.14198147086896135 0.1411185976329754 0.11391501254710064
0.10733875875923228 0.08110438734882777 0.2316988563907874 0.13088934804918095 0.1025699740878727 0.08266640690679392 0.14593185521304203 0.11780041324426284
0.10421431081078827 0.07700689524373458 0.26424195261245825 0.12936209933551246 0.09282976103771708 0.0716900046867418 0.14422908687108632 0.11642588940196125
0.1025447581159069 0.07565941080109767 0.27634030820691374 0.1280984166745775 0.0900092886555195 0.06923906753004512 0.14282017500881997 0.11528857500711975
0.10178660672967127 0.07516315611201944 0.280745978267588 0.12757356472631454 0.08910310938265399 0.06857637227350719 0.14223500425456262 0.11481620825368308
0.1014757281271014 0.07498005380441355 0.2823417474760426 0.12737805357005114 0.08879614567315089 0.06837099923048054 0.14201702390571372 0.11464024821304604
0.11844102698258656 0.08754167173233741 0.20663253641215165 0.09297985431158007 0.13818666861316747 0.10642161842452912 0.13822079834975184 0.11157582517389607
0.12210119468489729 0.08911066206131496 0.1813168341705159 0.09210112492191755 0.1526881084208241 0.11524621774134874 0.13691450809288042 0.11052134990630105
0.09545348811968124 0.1519573894351219 0.13427182145858577 0.15654171224246752 0.09146995679258216 0.14978600253173752 0.07963208840160305 0.14088754101822074
0.10917538298774145 0.06844625085499853 0.23652970206955126 0.13689250170999706 0.09438719076300806 0.08368116399809593 0.15154562663866175 0.11934218097794616
0.0818829775458889 0.12883790842957404 0.13022839822058782 0.13881023774635246 0.09515227551128815 0.16436636469229018 0.09414955255839558 0.16657228529562293
0.1155124546566749 0.09879251021687248 0.16023661738342226 0.09489137706777323 0.14279021642891424 0.13284476645232518 0.14106240531268976 0.11386965248132788
0.10738110080936944 0.08062933890826586 0.23531487102370544 0.1305121889911076 0.10228387418125069 0.08090630498481544 0.14551135100948862 0.11746097009199685
0.10409974655553624 0.07684076881037247 0.26556709145689744 0.12919541273615745 0.09266121472934902 0.07131665049704179 0.1440432437521039 0.11627587146254173
0.1024744410161721 0.07560027980993267 0.27681958786591976 0.12803704804796875 0.08993586439611773 0.06914768205081742 0.14275175356989947 0.11523334324317189
0.08050142163634384 0.1302923109866687 0.13890201086435208 0.13822970288261868 0.09395912901634978 0.15848398267761782 0.0937557984769066 0.16587564345914244
0.10117069251635698 0.08702798503185709 0.22926110660986979 0.13338190184673093 0.0938451175909911 0.08655861805630329 0.14871086668583286 0.12004371166205785
0.08026301445591734 0.13329853624124932 0.12830867512498545 0.13840545608069982 0.0947794345053575 0.16498333130108475 0.09387500499386597 0.16608654729683978
0.1327235732573156 0.11484585104385187 0.18406774844357104 0.10942929914338911 0.12340244315177888 0.11503921355177224 0.12200550217927117 0.09848636922905021
0.14457050126636214 0.10790244346240542 0.19994789049568815 0.10574027299519398 0.12759926696883814 0.10118086579134519 0.11789251332449237 0.09516624569567457
0.0994963354903243 0.15672353106443915 0.1383490655965224 0.15547502452448778 0.08646224466347807 0.14447680759146986 0.07908946899723943 0.13992752207203898
0.11000388351030915 0.0683858405831759 0.23817717324494625 0.1367716811663518 0.0932727407865325 0.08273995713082423 0.1514118733302714 0.11923685024758875
0.08203677539342716 0.12883430482789757 0.13060564994159196 0.138820804022971 0.09492786078051282 0.1640329209556713 0.09415671925036297 0.1665849648275652
0.1017838702341931 0.08702009524527841 0.22600338492148797 0.1337353210060528 0.09428515937690625 0.08770547763672137 0.14910490267391258 0.1203617889054475
0.10333860314914135 0.07820005034191148 0.2624832911138591 0.12992383242051045 0.09148877083554613 0.07277862562009249 0.14485537734047954 0.11693144917845942
0.08069034401661786 0.13104984841597 0.13575918149556387 0.13836001665733524 0.0943339888454939 0.1599304153691546 0.09384418521106216 0.16603201998880227
0.10131157302402816 0.0872292659167734 0.22802791598616526 0.13351442774390634 0.09401280014513133 0.08688240904328878 0.1488586231711911 0.12016298496951573
0.1031669930975306 0.07818134211228416 0.26323543559293877 0.129835056895536 0.09137542559566375 0.07259779624489196 0.14475639925517225 0.11685155120598242
0.10237557109445108 0.07588686079137255 0.27603334550221637 0.12819479612875095 0.08977503673634056 0.0694314423232658 0.1429276309077268 0.11537531651587586
0.10176442388342245 0.07520934164640893 0.28064520693780565 0.12759612283462826 0.08906999239977188 0.06861824688490593 0.1422601548618915 0.11483651055116542
0.11854852392156773 0.08760760115913428 0.2061288885447531 0.09301055093888745 0.13831071532938038 0.10651462803165389 0.13826643094795804 0.11161266112666494
0.08224203512490177 0.13153763526959772 0.12198816147850411 0.13593521640511827 0.10284643974944424 0.17012871420282047 0.09219953808347152 0.1631222596861419
0.13317372598087784 0.11437217765549712 0.18150767658690872 0.10925485055074476 0.12547019978064775 0.11608099893262921 0.12181100501702438 0.09832936549567027
0.11041925123012845 0.08226185864726625 0.2429488563781739 0.12909060647750698 0.09779153613837445 0.07737995270372243 0.1439263925950712 0.11618154582975629
0.10448950720193992 0.07686620733514393 0.26830601722396485 0.1287931574675508 0.09149679209755386 0.07053971780639359 0.14359475914665737 0.11591384172079572
0.11945667887701199 0.08805607018780595 0.2024184262020144 0.09319686715907899 0.13930515868763546 0.10718715577250972 0.13854340252304875 0.11183624059089478
0.12242077250075324 0.0892438508070365 0.18002081611032544 0.09215007353780924 0.15310506616719477 0.11549205913351265 0.136987273497997 0.11058008824537108
0.14170208848612484 0.10288251209780047 0.19870700571655064 0.10595981262087514 0.13580872909796604 0.10143873699832255 0.11813728362357274 0.09536383135878763
0.08603877086754841 0.13500976405095944 0.12006499696579859 0.1352312002667552 0.10200428358562387 0.16765151245793092 0.09172203148527744 0.16227744032010621
0.07627033069876145 0.14322477242098552 0.10265210302503845 0.13595342723177478 0.09481902588174243 0.19172433828897284 0.09221188977459506 0.1631441126781297
0.10120514294188004 0.08995446555291675 0.21470929079478918 0.1346890267311948 0.0949759031977436 0.09307783333802339 0.15016821338537686 0.12122012405807532
0.1035898419473708 0.07894121804351473 0.2583136341708231 0.13043727198906066 0.09196802683622965 0.07392863807981911 0.14542782414302732 0.11739354479015458
0.11946366188660887 0.08860991293795287 0.19950883404099082 0.09342369495762837 0.1397380295871653 0.10826683536020426 0.1388805972802953 0.11210843394915404
0.1406451805290048 0.10264264061156464 0.2057218652150122 0.10587546736833346 0.1320362223691557 0.0997474583140184 0.1180432449614106 0.09528792063150011
0.11111072455008941 0.07968415832876684 0.2518117636941063 0.12776028360244904 0.09823813327151383 0.07396749944366218 0.14244318186720809 0.11498425524220411
0.10431276143236701 0.07622374836240016 0.27148532214044446 0.12833772121390316 0.09129354539054824 0.06975597065620388 0.14308698171162038 0.11550394909251284
0.08083585795885469 0.13047695412648647 0.1377406259441081 0.138260574524441 0.09425951365882382 0.15873704685442291 0.0937767375035339 0.16591268942932919
0.07560412044725272 0.14247858572537334 0.10674644504234353 0.13643569020674629 0.09349712002705315 0.18897622042377707 0.09253898987935837 0.16372282824809553
0.07423074988070583 0.14463552682905584 0.09945169292251291 0.13554443756062426 0.09275217471604606 0.19879760493370865 0.09193448808459732 0.1626533250727491
0.10082965637974589 0.09026907512061354 0.21343204683433947 0.13481496401927118 0.09463716830689023 0.09437499765851867 0.15030862406327694 0.12133346761734404
0.1035529568498152 0.07902614336461304 0.2578510536258609 0.13050166976786057 0.09194184938815653 0.07417520135203419 0.14549962286058485 0.11745150279107452
0.11946448247850275 0.08863298449396023 0.1993733294105498 0.09343335097721699 0.13974223766335594 0.10833864220180164 0.13889495160195242 0.11212002117266039
0.10696290236821875 0.0780648679951275 0.25026517488269834 0.12883220316293395 0.10041629506081233 0.07587128150041687 0.14363829218315174 0.11594898284664057
0.08125698617244177 0.13089178785157374 0.13299501800580438 0.13820534030984433 0.09613024460693753 0.16093494038447334 0.09373927429711182 0.1658464083718132
0.11528709610370258 0.0991070437066061 0.16106470162061082 0.09483240371139706 0.143023876195208 0.1319112567512593 0.14097473745753952 0.11379888445367647
0.10730083231927869 0.08065660413119982 0.23563379102230608 0.13047563998796932 0.10230529009216072 0.08072916485938607 0.14547060159852698 0.11742807598917238
0.09345062183891335 0.15122003322953706 0.14910711647779357 0.15889812602256756 0.08320045953622622 0.14028454362838902 0.08083078584626263 0.14300831342031078
0.12225035722423785 0.07699825995777944 0.16424948794381442 0.09239791194933533 0.14948439459240861 0.13245884609522293 0.14666335230053226 0.11549738993666915
0.08280190222126162 0.12868661233461925 0.11266883844687038 0.1359137222941383 0.10506845172392786 0.17957904675714897 0.09218495946906773 0.16309646675296596
0.07562020632323295 0.14143383270520082 0.10093572739121694 0.1357939958562607 0.09533224657930071 0.19582744240607214 0.09210375371120291 0.16295279502751284
0.10109816924761436 0.08971303605130031 0.21400601384322754 0.13474229359714546 0.095126397017452 0.09381842404005686 0.1502276019657726 0.1212680642374309
0.10358893233360657 0.07892220852055046 0.25805288280054034 0.1304676912292616 0.0920191727353488 0.07406645094859803 0.14546173932575884 0.11742092210633547
0.13649804730319665 0.10124144506713058 0.2278593508115607 0.1067459845911182 0.11976146753814355 0.09280851185600023 0.11901380670084369 0.09607138613200636
0.10958382066291524 0.0790529335811961 0.26046376107112096 0.12711378272750212 0.09522115142929928 0.07243976443523811 0.14172238163797624 0.11440240445475192
0.10370861280666806 0.07593134807582455 0.27469106415703864 0.12799127980483652 0.09045596119238608 0.06932885674454564 0.14270072539434758 0.11519215182435288
0.08071733191906376 0.1303769641527858 0.13843413282521522 0.1382273246335614 0.09406769208097743 0.15854957942448963 0.09375418540363296 0.16587278956027368
0.10103214863447675 0.0890144940071079 0.2287054835904602 0.13303650778758971 0.09370197803238783 0.08645075285358036 0.1483257780855664 0.11973285700883074
0.11917580931131401 0.09229831459475818 0.19048787741356382 0.09373146485116636 0.14072261957228901 0.11176803853735721 0.1393381178981518 0.11247775782139963
0.10705475774919349 0.0802140373572895 0.2466421955383191 0.12894781238469102 0.10077264221831315 0.07654833576811483 0.143767187837857 0.11605303114622191
0.13733113465152205 0.10300467413084405 0.22347381811083034 0.10649689879465431 0.12191919847739704 0.09319097229328463 0.11873609462627872 0.09584720891518886
0.10973930839828965 0.08091856729233533 0.2584991269130798 0.1269536998586348 0.0956238254825598 0.07246324099665709 0.14154390118567192 0.11425832987277133
0.10367459383742413 0.0774193168670904 0.2737629262139181 0.12782965054210596 0.09047130215899128 0.06927500406428648 0.14252052082828828 0.11504668548789537
0.1189761082688494 0.08934657769675403 0.20386950817651142 0.09291586356715836 0.1386615410996063 0.10660569310024724 0.13812567181028318 0.11149903628059005
0.10656240335006319 0.07937212842773987 0.2517247723494887 0.12837188734666818 0.09993398688967892 0.07537504862441793 0.143125074399942 0.11553469861200137
0.0810077142604265 0.1330637087189797 0.1330907532319534 0.13781017556214317 0.09581392122328049 0.1603702668169304 0.0934712495117145 0.1653722106745718
0.10122874334542095 0.08959502154045368 0.22653591447886948 0.13319837146616545 0.09418613441109126 0.08687103643065085 0.14850624400779938 0.11987853431954892
0.10304743182623417 0.07987117325097835 0.2624369840407517 0.12962415423387477 0.09131772641999099 0.07251953289125826 0.14452125852642453 0.11666173881048729
0.13597420215840827 0.1028060965857492 0.22902248871766073 0.10638315930311866 0.11924771766383835 0.09221220861717966 0.11860928358123828 0.09574484337280678
0.1259098711417935 0.0930635255173709 0.18769962171648655 0.09129041179609783 0.14586082790136576 0.11091791919110007 0.1357093285804678 0.1095484941553174
0.10847881039460594 0.08024447747121789 0.24518340840097358 0.1287058084460236 0.10173208136686528 0.07632281481265407 0.14349737150623826 0.11583522760142126
0.10384885538944942 0.07765621388527587 0.26891191398273623 0.12844834643201697 0.09210448346409598 0.0702163544834063 0.143210320574204 0.11560351178881528
