0.125 0.125 0.125 0.125 0.125 0.125 0.125 0.125
0.13585418317672365 0.10698516925166987 0.16302501981206838 0.12838220310200385 0.11843698020534883 0.0932691219117122 0.14212437624641858 0.11192294629405464
0.08426352317527296 0.12510061158807748 0.09007244034341579 0.15012073390569297 0.0938254586910581 0.15637576448509685 0.11259055042926974 0.1876509173821162
0.09972301638646347 0.1543281482348256 0.08333720004680582 0.13889533341134302 0.1157461111761192 0.2204614906391298 0.10417150005850728 0.08333720004680582
0.07295173961840629 0.12906846240179573 0.09118967452300786 0.16133557800224466 0.08754208754208755 0.15488215488215487 0.10942760942760943 0.19360269360269358
0.10387014642058667 0.07663141433215395 0.1946194649705497 0.1532628286643079 0.08483412575639346 0.08350002027690172 0.16966825151278692 0.1336137480663197
0.10001249709084097 0.15193142674044846 0.0969729753412818 0.1367382840664036 0.11394857005533633 0.21579956321604404 0.10255371304980271 0.08204297043984217
0.07079671228069101 0.1252557217273764 0.08849589035086376 0.1565696521592205 0.08495605473682921 0.1798473177329181 0.10619506842103651 0.1878835825910646
0.07541790853903203 0.11779632262236049 0.09192352473652317 0.14135558714683258 0.08834724196677035 0.20244824069481632 0.10601669036012444 0.1766944839335407
0.06692248346163414 0.09901862593911949 0.058189970042215856 0.08911676334520754 0.11882235112694339 0.2827561633802154 0.10694011601424905 0.1782335266904151
0.08268052344271566 0.14628092609095847 0.07208045633467518 0.12752696120750226 0.11018529538753072 0.22171693648600468 0.08649654760161021 0.15303235344900268
0.09381672327126495 0.07573157179728617 0.1876334465425299 0.15146314359457233 0.09318844756361316 0.09297973610734149 0.1688701018882769 0.1363168292351151
0.12254874867099602 0.08351454212163774 0.1499422004930553 0.1002174505459653 0.13256276527244087 0.1268671613865191 0.15907531832692906 0.12527181318245662
0.06002055556609131 0.10619021369385385 0.059713370919437334 0.09257608373310337 0.13502505175470403 0.2566713317770081 0.10465122508959511 0.18515216746620675
0.0914252697611282 0.07380112137344084 0.19342996969006632 0.1476022427468817 0.10107564730851847 0.09525824507774013 0.16456548557003076 0.1328420184721935
0.12575464940969172 0.08306535903725777 0.14996809239076417 0.09967843084470933 0.1318497762496155 0.12686592201253624 0.15821973149953858 0.12459803855588664
0.06782313121456761 0.11999477061038884 0.10620679970923297 0.14999346326298607 0.09947328093964995 0.17478170152573988 0.10173469682185142 0.17999215591558326
0.1064511866075696 0.07319712597840984 0.20511484993854062 0.14639425195681968 0.0888779468080177 0.09027442584370841 0.1620644547507324 0.12762575811620175
0.07395804646302286 0.10010101677227032 0.07317408145573895 0.09009091509504327 0.13066716044169746 0.24371785146808858 0.10810909811405194 0.18018183019008654
0.0655359390685159 0.1159481998904512 0.09224534270104198 0.144935249863064 0.09634373085571094 0.21276532918276517 0.09830390860277385 0.1739222998356768
0.1043646438384485 0.07189112652606117 0.21177961610006227 0.14378225305212233 0.08720116411900876 0.09645970090665794 0.15917286459168606 0.12534863086595277
0.08418961670591091 0.11403266186141482 0.12050466740849726 0.13683919423369778 0.09300943504533234 0.17774603627775137 0.10262939567527334 0.1710489927921222
0.0988205095837844 0.13877640206485622 0.09497699084038409 0.12489876185837058 0.12112320861172726 0.25279079853207714 0.09367407139377794 0.07493925711502235
0.06487879479147272 0.11478556001568253 0.09452581423876669 0.14348195001960318 0.09857581052458206 0.21425553819915993 0.09731819218720911 0.17217834002352378
0.07634380821593248 0.11120195725390454 0.0968891613409114 0.13344234870468544 0.09790003303143395 0.21733799404376125 0.10008176152851408 0.1668029358808568
0.077411223577202 0.13695831863658817 0.0787806038656904 0.11939955983702558 0.11269345513572225 0.2504933178625758 0.08098404928076518 0.14327947180443068
0.08873248892704222 0.07162743082062445 0.20194137107322557 0.1432548616412489 0.10185836169625313 0.10393763029580579 0.15971848006867598 0.12892937547712402
0.10599312041159673 0.06845838659596956 0.2521907202627618 0.13691677319193912 0.08944864949817546 0.07605651314122268 0.15157249616690044 0.11936334073143409
0.08524271618347136 0.11222846251963421 0.1319282176012779 0.13467415502356106 0.09769923250112922 0.16887890612380424 0.1010056162676708 0.1683426937794513
0.09983608915367813 0.13721238369326885 0.09848266592961576 0.12349114532394198 0.12555454644188152 0.24871012327029202 0.09261835899295648 0.07409468719436518
0.07531824260553736 0.13325535230210456 0.08012497794709682 0.11617133277619374 0.11849540029024581 0.2584346255600578 0.07879446918733139 0.13940559933143246
0.08764213834481067 0.07074726830243754 0.20667807387782228 0.14149453660487507 0.10202037875985932 0.10631667214514845 0.15775584902065923 0.12734508294438757
0.10431997831510337 0.06735408821993634 0.2596839319767547 0.13470817643987268 0.09177918586020409 0.07558925300552376 0.1491274887734854 0.11743789740911975
0.07910821408178495 0.13996068645238877 0.11289202617334261 0.12201700870208251 0.11629897682308109 0.2005433149007997 0.08275936242402118 0.146420410442499
0.08697068237784279 0.07020524963030683 0.22229376439818443 0.14041049926061366 0.10068884272784188 0.09651428399054097 0.15654722828011702 0.1263694493345523
0.14072390584227717 0.09091443545344971 0.21968191950986649 0.10909732254413966 0.12367787085351523 0.1000188387517346 0.12077522072448509 0.095110486320532
0.07795081782324745 0.13791298537959165 0.1066355224494212 0.12023183340784913 0.1221780909002165 0.20926400207362694 0.0815485478766281 0.14427820008941894
0.08664285872270079 0.06994062089663798 0.2211983762771577 0.13988124179327596 0.10268183001276396 0.09780480898265376 0.15595714570086142 0.12589311761394836
0.09763957269206854 0.07881748638998302 0.1931662527932545 0.09852185798747878 0.14822034432163667 0.11894889719250115 0.14645935903810278 0.11822622958497452
0.08389513816506951 0.06772258141035732 0.25432994785212903 0.13544516282071464 0.10538725675714744 0.08030801775881373 0.15101124869712512 0.12190064653864317
0.08284859874566425 0.06687778452963258 0.27857135358374846 0.13375556905926517 0.09541991841084993 0.07301928577530534 0.14912747774219565 0.12038001215333867
0.0821455880535163 0.06631029397091075 0.2877191002206447 0.1326205879418215 0.09270649876434717 0.07127734340479108 0.14786205849632933 0.11935852914763934
0.08183816344707634 0.06606213193920621 0.2911398278930832 0.13212426387841242 0.09186003141480889 0.07075504973210438 0.1473086942047374 0.11891183749057119
0.09606705533125011 0.07754810490594889 0.21486309540358578 0.0969351311324361 0.1435371055555051 0.11062676731547555 0.14410058299687517 0.11632215735892332
0.08307438734467391 0.06706004761558015 0.26342755740945023 0.1341200952311603 0.10381431645854683 0.07826161301213132 0.14953389722041305 0.12070808570804427
0.06503951117041963 0.11506990437843474 0.1392328472384577 0.14383738047304342 0.09981001906110458 0.16684621435525832 0.09755926675562947 0.17260485656765212
0.1380975162317287 0.09297161853874306 0.19314729331626304 0.11156594224649168 0.1260466618404816 0.11740026729619715 0.12350808421264033 0.09726261631745427
0.05622912743971694 0.09948230239334536 0.07455307566467888 0.0867281610608652 0.1505688774077937 0.26094160401697836 0.09804052989489108 0.1734563221217304
0.0862303953302947 0.06960766851963547 0.20772131590439763 0.13921533703927094 0.10955655287422335 0.10716021540230346 0.15521471159453046 0.12529380333534387
0.11241680940442776 0.09074609915779108 0.21895954252279695 0.11343262394723887 0.13086694201668855 0.10501971081856049 0.12646891057998122 0.10208936155251497
0.09626393195368216 0.07770702940839404 0.19186681912483114 0.09713378676049254 0.15642892332705952 0.11964306738242635 0.14439589793052324 0.11656054411259105
0.09592417021524113 0.07743276390868864 0.182650173827908 0.09679095488586079 0.16414870578070104 0.12301783019570575 0.1438862553228617 0.11614914586303295
0.09119516524953912 0.06691476833805995 0.24946300726196416 0.1338295366761199 0.10839603911097392 0.08054495423981779 0.14920994611501726 0.12044658300850791
0.08980476086371687 0.06625609601290078 0.27604993471710415 0.13251219202580156 0.09571746311430453 0.0726573753037362 0.14774120513921457 0.11926097282322143
0.07060653293918155 0.11430333318678904 0.14178790538290692 0.1428791664834863 0.0978126509307806 0.16424606359482902 0.09690934770184288 0.17145499978018355
0.10323669189286652 0.06862639863827512 0.24025059046178934 0.13725279727655024 0.09273527909089943 0.08629746919290095 0.1519444886415208 0.11965628480519765
0.08589968730382518 0.1374062006481923 0.11193543879971389 0.11979002107791123 0.1166806563685234 0.2032910866468007 0.08124888386153978 0.14374802529349345
0.09313377905713072 0.06907343552429976 0.22332857216560992 0.13814687104859952 0.10147748811346703 0.0964842183959538 0.15402345175119975 0.12433218394373957
0.10551075244627395 0.07773861727729575 0.19343778452015553 0.09717327159661968 0.1474117540583267 0.1176652993939918 0.14445459479139283 0.11660792591594361
0.08781112284434814 0.13013727028721594 0.1414817942741451 0.16267158785901992 0.09336252846387932 0.1553809377221637 0.08275032947611013 0.1464044290731179
0.10693452052156414 0.06846142321785871 0.24024671057899075 0.13692284643571742 0.09177894836097024 0.0847076960332677 0.1515792194974161 0.11936863535421517
0.07993857254031242 0.11353652965405128 0.1334779750688048 0.1419206620675641 0.09652770977611327 0.16803452474885996 0.0962592316632174 0.1703047944810769
0.10542774749364364 0.06864698597834736 0.2373941716630449 0.1372939719566947 0.0925723907875842 0.0869824807354798 0.15199007070500997 0.11969218068019537
0.07008536434351477 0.09982623914897819 0.0814517495621931 0.08702800336064766 0.14170007185383765 0.2474730829496708 0.09837948205986256 0.17405600672129531
0.09873644153829986 0.06857380904085032 0.20844883822640836 0.13714761808170065 0.10662957355197833 0.10412150402300734 0.15290935926422444 0.1234328562735306
0.10093799455662372 0.06643298119003115 0.2592759321702455 0.1328659623800623 0.09585973827366798 0.07691239260387076 0.14813563268344257 0.11957936614205605
0.13324955104874153 0.08725538915126609 0.23228558470834837 0.1090692364390826 0.12314637057947317 0.09522749614359341 0.12160405913432047 0.09816231279517434
0.09798949213721646 0.12868347064218627 0.15068381537360845 0.16085433830273282 0.08827094361117759 0.146923132932707 0.08182590252791191 0.14476890447245952
0.08367105573297393 0.11090971661972376 0.11259592123705581 0.1330916599436685 0.09981492662085713 0.19373339995838396 0.09981874495775139 0.16636457492958565
0.09149873486159611 0.13253825464450267 0.08549839551957125 0.11554617071572029 0.11452820100880562 0.24336439216636438 0.07837044622457548 0.13865540485886432
0.10555289763034273 0.06838762613569341 0.20983737931248297 0.13677525227138682 0.10059626556247914 0.10325865286914905 0.1524941991742178 0.12309772704424812
0.10504026047051734 0.06613372486725089 0.2592075528481697 0.13226744973450177 0.09430215896438973 0.07653981260535357 0.14746833574876542 0.11904070476105161
0.10323963683640118 0.06499060419396886 0.2774158001396143 0.12998120838793772 0.09151253668535168 0.07095777894521002 0.14491934726237235 0.11698308754914397
0.10221668740545148 0.06455065905706411 0.2840095210609316 0.12910131811412823 0.09038531588540542 0.06960697690377553 0.14393833527052804 0.11619118630271542
0.10176814135817024 0.06439107390533559 0.28638811365102135 0.12878214781067118 0.08995546532820108 0.06922864071614362 0.14358248420085282 0.11590393302960407
0.11898678019072713 0.07535072243682713 0.21027221536032983 0.0941884030460339 0.14023151150644053 0.10792689658969978 0.14001738721470114 0.1130260836552407
0.12335462696600748 0.07478567726805359 0.18477405163522925 0.09348209658506698 0.1553232221666881 0.11713439425489396 0.13896741522198017 0.11217851590208036
0.10923366118951257 0.0654463379067124 0.24713481377817673 0.1308926758134248 0.10511089886688606 0.07844263879137184 0.1459355654218333 0.11780340823208232
0.10501067551032917 0.06504580889219103 0.27252967604842465 0.13009161778438205 0.09383409393943064 0.07136322631939802 0.14504244549990059 0.11708245600594386
0.12073221993791795 0.07544578578621869 0.20595005931268304 0.09430723223277335 0.14160917315783209 0.10859281611139274 0.14019403478185413 0.11316867867932802
0.1080955805889509 0.0651427490912645 0.2555607261493213 0.130285498182529 0.10176281940329931 0.07663707054521095 0.14525860767514795 0.11725694836427608
0.08282860969130316 0.11270223636534561 0.13657298704256646 0.140877795456682 0.0982089168417329 0.1642042040054714 0.09555189604887997 0.1690533545480184
0.10588216616470641 0.06849571146128414 0.23854398932496884 0.13699142292256827 0.09268158106804313 0.08632157258731536 0.15165513648733647 0.11942841998377747
0.09870289981918179 0.1351387127536699 0.11075450673572615 0.11781323675960967 0.11527782347461997 0.2010288279347955 0.07990810841086568 0.1413758841115316
0.10707818328975777 0.067919839733413 0.22014053931605565 0.135839679466826 0.1000157234915465 0.09529921786625922 0.15145110531599856 0.12225571152014342
0.08270339061583487 0.11295206137009085 0.1286331603548364 0.14119007671261355 0.09790780524863704 0.1714217094377738 0.09576370420507703 0.16942809205513623
0.08068550258283383 0.11050395942941575 0.10739884444318426 0.1326047513152989 0.10123633080800569 0.20236110879066382 0.09945356348647418 0.1657559391441236
0.06576979385273735 0.0953578781177725 0.060866765297667776 0.08313250912831449 0.1378077645726858 0.29682439089001156 0.0939758798841816 0.16626501825662898
0.10046204448944168 0.06849586986332537 0.19881154102210435 0.13699173972665074 0.1060211269204619 0.1131895456929734 0.15273556653105685 0.12329256575398566
0.1390005684476189 0.08788052979518611 0.21117963327575007 0.10985066224398264 0.12681356022341791 0.10393415940303445 0.12247529059142542 0.09886559601958438
0.1120687901135105 0.06493810090553626 0.25729878634846287 0.1298762018110725 0.09845254425263748 0.0756747221733358 0.14480227276547933 0.11688858162996524
0.10538515814535078 0.0648007586229893 0.27623246609793706 0.1296015172459786 0.09216665441257023 0.07067605997954544 0.14449601997424777 0.11664136552138074
0.13822070154233218 0.08620948420334126 0.23679729613378767 0.10776185525417659 0.12093315505378514 0.09294541140490785 0.12014642667891032 0.09698566972875892
0.08750043153077584 0.11115265843624203 0.13145137170838558 0.13894082304530253 0.10133535230097551 0.1686522518671415 0.0942381234568139 0.16672898765436303
0.10464081408248803 0.06811470383388674 0.2297250315511495 0.13622940766777347 0.09709103973742499 0.08970691305042028 0.15188562317586085 0.12260646690099612
0.10497324990424806 0.06567024585650885 0.266571243919459 0.1313404917130177 0.09297136746855628 0.07383211186571162 0.14643484673078244 0.11820644254171594
0.10370326276589618 0.06474169585497572 0.2799394833671922 0.12948339170995143 0.09094247038857618 0.07029032455753592 0.144364318816916 0.11653505253895631
0.08216345241017241 0.11267497867438338 0.1420487260799537 0.14084372334297923 0.09589653477805568 0.16183133043546863 0.095528786267412 0.16901246801157505
0.10537903151689713 0.06822993350258838 0.24046405269607002 0.13645986700517676 0.09374939406196056 0.08568602672029065 0.1510666822360931 0.11896501226092335
0.07266372074293259 0.09944109857277969 0.08178907662221827 0.08669223978139767 0.14173833898079127 0.24629112250594 0.0979999232311452 0.17338447956279535
0.07455746094977804 0.10963870480887117 0.09519918489507037 0.13704838101108896 0.10387191452822442 0.22227174251657386 0.09295455407708643 0.16445805721330672
0.07586882952549323 0.11138649706599006 0.09933489093958721 0.13923312133248758 0.09716639836007375 0.21549413923013064 0.09443637794725246 0.16707974559898509
0.07630907625637239 0.11173554852265696 0.10048639375998919 0.1396694356533212 0.09601544548950036 0.21344846465626957 0.09473231287790482 0.16760332278398546
0.0764392473144684 0.11181767158522568 0.10079835676851369 0.1397720894815321 0.09583538906734963 0.21280879945238043 0.09480193895269136 0.16772650737783854
0.10242515839098548 0.07619065088638809 0.21632188154400248 0.1363383633497018 0.09629405200199712 0.09771826618200348 0.1520071006301899 0.12270452701473163
0.10455827569282879 0.07088677566822249 0.2609425957577231 0.1312043870784069 0.09285360176586055 0.07518731544613821 0.14628310022025365 0.11808394837056621
0.12053835101246692 0.08083751195067539 0.20196502138713818 0.09395838960117847 0.14097111945123073 0.10930408229563686 0.13967545678025933 0.11275006752141416
0.09660193847270289 0.13819582707474612 0.14167237225635768 0.15886676887822326 0.09072361713484688 0.15014454958945203 0.0808148346032701 0.14298009199040093
0.10039500892746334 0.13342986484632796 0.13319493776029753 0.16011583781559352 0.08570274695076514 0.16382053761831447 0.08375289978046431 0.13958816630077384
0.0840691083705981 0.11032599590445402 0.10835585784149662 0.13239119508534483 0.10059889061332422 0.19947656201409247 0.09929339631400862 0.165488993856681
0.07694868432697513 0.12309279321862308 0.10146874737379515 0.13782997306994776 0.09579049520366581 0.20598866173648253 0.09348467738657328 0.1653959676839373
0.07569212036008366 0.12456805946469296 0.09993602309082057 0.13786087770147712 0.09475588523252705 0.20824834211979815 0.09350563878882798 0.16543305324177254
0.10231810245371933 0.07715763062767665 0.21604430847647163 0.13644400706157425 0.09612322800958602 0.09698823153048661 0.1521248854850686 0.12279960635541684
0.10456178569917025 0.07097221779184486 0.2608595151146638 0.13124142539995792 0.0928387408921874 0.07508463705748433 0.14632439518472923 0.11811728285996215
0.13787814735190113 0.09246899599657354 0.23097072068576074 0.1074690635978407 0.12092628700524892 0.0937446422923989 0.11981998583221941 0.09672215723805662
0.11069260826848613 0.07041087749299797 0.26383423351906304 0.1279650745703117 0.09614690043696343 0.07311023008543037 0.1426715085134669 0.11516856711328054
0.1045208235919244 0.06909444114837886 0.2779823961839499 0.12852342656850632 0.0911235305802393 0.06979026869195114 0.14329402932339436 0.11567108391165568
0.0817621165116309 0.11990667365282343 0.14088565341631204 0.1395853915633894 0.09524779049649698 0.1604345954228941 0.09467530906038585 0.16750246987606726
0.10564786540903662 0.06820530609959762 0.23990258983716425 0.13641061219919523 0.09445060961631727 0.08544878952387938 0.15101215514115218 0.11892207217365737
0.08205672333622338 0.12006154096388723 0.1323955457608165 0.1399503867915305 0.09608073360791734 0.1665917343485764 0.094922871041212 0.1679404641498366
0.10600845398175751 0.0683989104878024 0.23653750540088725 0.1367978209756048 0.09487676043304687 0.08668009874801136 0.1514408111736447 0.11925963879924521
0.07229324718282064 0.10572142990126263 0.08082210905227434 0.08593448427893015 0.14110549968776345 0.24511093128464592 0.09714333005444278 0.1718689685578603
0.10108186411348835 0.07538271938842299 0.20622290571353347 0.13542528156451009 0.10570827417646067 0.1033071190553925 0.15098908258013288 0.12188275340805907
0.12047307464723213 0.08183222778672469 0.1851654051122473 0.09473140630170976 0.146028965205585 0.11726663535981839 0.1408245980246312 0.1136776875620517
0.12391470046840095 0.08098665510449651 0.1761922705154868 0.09301775152309547 0.15677520112996582 0.11921498433083536 0.1382771351000046 0.11162130182771457
0.10936968145075107 0.0708703398087502 0.24291223274979395 0.1303213824472779 0.1052702832977151 0.07866822009074896 0.1452986159524128 0.11728924420255012
0.08263789149556303 0.12017836196690067 0.13302843882966195 0.1396776279790237 0.0982894310831036 0.16383722565905914 0.09473786941185955 0.1676131535748284
0.11900738262632927 0.07668512110494474 0.1593295846368638 0.0920221453259337 0.1532310533840796 0.13863013392167992 0.14606689734275188 0.11502768165741711
0.08307676266921878 0.11877045960669111 0.11277239140682158 0.13711702778495383 0.10696542465641387 0.18375638603633523 0.09300111449762086 0.1645404333419446
0.07698121240451823 0.12441404988640573 0.10269694085047176 0.13822144562862596 0.0973743934871388 0.20069602508385512 0.09375019790463326 0.16586573475435112
0.07578704579882937 0.12487233275166226 0.1003166153316072 0.13803852500466768 0.09519467538987877 0.20651844571458766 0.09362613000316591 0.16564623000560122
0.10233801132984631 0.07717797798630407 0.21621390849518668 0.13644519891419815 0.09621213764781066 0.09668587229207588 0.15212621431180004 0.12280067902277834
0.1387167775199123 0.09415190592786876 0.2163449974643281 0.10881359335655287 0.1231817548965723 0.09953970063872658 0.12131903617514175 0.09793223402089757
0.14704663337465065 0.09356068548184386 0.2131056020851223 0.10611523085782311 0.1281207108656046 0.09823686620352096 0.11831056335939383 0.09550370777204079
0.0882943899364978 0.12091201088811832 0.12511779118042607 0.13717787558389286 0.10189656788122194 0.16894552865053145 0.09304238517864039 0.16461345070067143
0.10431793165287585 0.07618055291045592 0.22582168201072622 0.13515304646873266 0.09674288212589792 0.08946060224505906 0.15068556076439296 0.1216377418218594
0.10463876058176513 0.0706315288066541 0.26441645411871456 0.1307208750004862 0.09262802150276607 0.07357155215281348 0.14574402033636297 0.11764878750043761
0.10332220971822266 0.06925104637122172 0.27851750471553355 0.12881336614498337 0.09055877643412674 0.0699877767715424 0.14361729031388443 0.11593202953048505
0.08155662256944238 0.11994244587840747 0.14100724866384717 0.1396085661522187 0.09513610189707469 0.16052770797919005 0.09469102747715703 0.1675302793826624
0.1188527242776865 0.07663548080903437 0.16179261803092682 0.09196257697084126 0.1521353251004201 0.1376957091993788 0.1459723443981607 0.11495322121355156
0.08305620719512781 0.1187723114860544 0.11332754329855585 0.13712497527073794 0.10674176961262584 0.18342071784577305 0.09300650496623965 0.16454997032488552
0.10345073930037096 0.07628716965542551 0.22108402316238468 0.1356054452678522 0.0980993314351854 0.0922384387734075 0.15118995166430688 0.122044900741067
0.0816687895890448 0.1210724500423522 0.12816500614066514 0.1400369301331362 0.09686366358236352 0.16916727434933015 0.09498157000334455 0.16804431615976342
0.07627303608302233 0.13438149371520583 0.10548109658457872 0.13717066980547835 0.09470879110347728 0.1943426111605566 0.09303749778110705 0.16460480376657402
0.10166359954976777 0.08441522386810892 0.2170958343245585 0.13510793761091774 0.09540801769015331 0.09407697535240574 0.15063526775426203 0.12159714384982598
0.10398585632094158 0.07547686034966979 0.26059950334600923 0.13046556423552125 0.09230390502054053 0.07428993502887925 0.1454593678864692 0.11741900781196914
0.10296266299331679 0.0732411958698191 0.27659611259425504 0.1283515299900491 0.0902943225478519 0.06993542154714658 0.1431023774665174 0.11551637699104418
0.13625359244997215 0.09675802191664808 0.23539259121051684 0.1063346886845722 0.11920979348171352 0.0917948499816931 0.11855524245876929 0.09570121981611497
0.09862325715135568 0.14817648784396087 0.14871823437313156 0.1562520175271893 0.08561207512477985 0.14250639024562933 0.07948472195948326 0.14062681577447037
0.12354409697567466 0.07669528497241078 0.164348545818694 0.09203434196689293 0.14917957255084588 0.13306897316655944 0.14608625709030623 0.11504292745861615
0.08347050721631484 0.12479789917131756 0.11337849397066159 0.13617165242820264 0.10561705181070968 0.18079850910286513 0.09235990338608527 0.16340598291384315
0.10293746205226863 0.08287212809086819 0.21994040349402655 0.13450008273641234 0.09733061960736396 0.09141167462479674 0.14995755493149254 0.1210500744627711
0.08104277705165318 0.12823850853484445 0.1272316973593724 0.13887085304512287 0.09605854896055069 0.16772192585066045 0.09419066554364855 0.1666450236541474
0.1021365616990993 0.08311391787142985 0.22589107112089596 0.1342764473181403 0.09508545677236775 0.08893952450241098 0.14970821812932955 0.12084880258632628
0.08091690113103438 0.1283116601380344 0.12858043001933653 0.13889201089087394 0.09559970484473893 0.16682386382442732 0.09420501608250581 0.1666704130690487
0.10207007318685897 0.0830928631630431 0.2264396094087552 0.13422849323779823 0.09495428686113208 0.08875427731998307 0.14965475290841085 0.1208056439140184
0.10375081153149818 0.07507183683786617 0.2640734749642509 0.13002288398742193 0.09191919709657756 0.07317538754802763 0.14496581244567788 0.11702059558867973
0.10278825038619957 0.07310219759712683 0.277864660104814 0.1281848335131798 0.09010878052542223 0.06966840437655207 0.14291652333484375 0.11536635016186182
0.11926576473010436 0.08470572080030261 0.20654833467705222 0.0931086577912981 0.13912355834218365 0.1071053009361687 0.1384122733733327 0.1117303893495577
0.10707641242714377 0.07466874668365814 0.2542843779309707 0.12860430708614665 0.10047745157781243 0.0757606228520324 0.14338420506470378 0.11574387637753199
0.10370750139448182 0.07316074028931102 0.2739784928876013 0.12834773615791484 0.0919940131991503 0.07020040590260784 0.1430981476268095 0.11551296254212334
0.10240279217026033 0.07259071443852559 0.2814184867837358 0.12765738714075567 0.08979081627408722 0.06891969477469469 0.14232845999126043 0.11489164842668012
0.10187502233789181 0.07234987916288689 0.28416321055751087 0.1273412635221775 0.08913816164234319 0.06854931985936945 0.1419760057478606 0.11460713716995975
0.13569563925428588 0.09643881605023792 0.2378852309183105 0.1061248209028619 0.11869177700231133 0.0913301215154796 0.11832125554393709 0.09551233881257572
0.10952719589674913 0.07512763512212745 0.2657112421700388 0.12681538062064077 0.09508091411522193 0.07221410395900554 0.14138968555763978 0.1141338425585767
0.08211823490705156 0.12636200965236546 0.1374617697991184 0.13841364338691092 0.09545056200558306 0.1602168500613815 0.09388055812329608 0.16609637206429306
0.1020440265869525 0.0826016419124189 0.22991799172721628 0.13380774550964256 0.0946397341221206 0.08737623859236957 0.14918565059060146 0.1204269709586783
0.0808973059196946 0.12819410581079435 0.12948035991719434 0.13886911375101935 0.09550039464873208 0.16622629760282467 0.09418948584851747 0.16664293650122322
0.11585336399365642 0.09430115907674766 0.1609423038755951 0.09522510241260863 0.14367718784291472 0.1341722494511707 0.14155851045217643 0.11427012289513037
0.08203367460777757 0.12834108579563086 0.11251226261845967 0.1360969123049291 0.10434677916614388 0.18104378065606183 0.09230921008508235 0.1633162947659149
0.10265219623655732 0.08335822631993552 0.2196414787249429 0.13457787094920418 0.09711020106221653 0.09149565986919496 0.15004428298366493 0.12112008385428376
0.08099378885700911 0.12834319072133912 0.12716509285832117 0.13887795999103114 0.096013655212933 0.16775727446316882 0.09419548590696025 0.16665355198923734
0.07612232277205933 0.13580292369141972 0.10521992537296058 0.13710356032436355 0.09449066933856894 0.1937443460653016 0.09299198004609006 0.16452427238923625
0.1327161834445294 0.11047048648926844 0.1770895073515774 0.11027541949449592 0.12453249889946773 0.12271916354816932 0.12294886322744544 0.09924787754504631
0.11103301202523005 0.07842668754374807 0.2426392250271485 0.1295873923034405 0.09822228738221106 0.0789824709277075 0.14448027171741798 0.11662865307309643
0.0824378605774421 0.12717512438945716 0.13232590778096076 0.13861160042342435 0.09618941723265467 0.16291134445293354 0.09401482463501826 0.1663339205081092
0.10228190532854398 0.08283483148171777 0.2278791530503927 0.1340292274832484 0.09494579065628549 0.08797020080222161 0.14943258646266647 0.12062630473492356
0.10374427011822979 0.07499938382365405 0.26459948276782774 0.129947252749575 0.0918687149058358 0.07300687890065936 0.14488148925960076 0.11695252747461748
0.10276775783199034 0.07307929029807057 0.2780553894028629 0.12815849429503579 0.09008169632469513 0.0696275699095867 0.14288715707222646 0.11534264486553222
0.08097988236458689 0.12605602044073644 0.14029336554730523 0.1385656899683934 0.09446146023989062 0.1593810681071483 0.09398368536986684 0.1662788279620721
0.10170992748734761 0.08250805930528166 0.23108138185890018 0.13372066111876016 0.09436821494544384 0.08717460228377952 0.14908855799360274 0.12034859500688416
0.1035088591092563 0.07488112706861302 0.2658018198425922 0.12980444844735858 0.0916567982796155 0.07280067053027474 0.14472227311966696 0.11682400360262271
0.13676639278830527 0.09728575247377445 0.23185620008418611 0.10664923623948389 0.11988768075022424 0.09266448553969286 0.1189059395087977 0.09598431261553549
0.12686159141624215 0.08695045006357974 0.18992079289033487 0.09161694456898986 0.14689283986428875 0.11162230623509936 0.13619474147867747 0.10994033348278782
0.10919586922548609 0.07518428053484733 0.24752150702952042 0.12898621301825355 0.10244026672875678 0.07677427006814738 0.14381000167856028 0.1160875917164282
0.08210652582836667 0.1264802452989671 0.13342931701562002 0.13857024123430656 0.09708395730900068 0.16205865151712842 0.0939867723154427 0.16628428948116783
0.13391372435164534 0.10842135764669907 0.18703637931823122 0.10975504259615118 0.12464992188036013 0.11507535405048898 0.12236868181988798 0.09877953833653606
0.12690490596045298 0.08911785868658041 0.17619167055260568 0.09231778413088748 0.14934608183368026 0.11810377131997618 0.13723658655875215 0.11078134095706497
0.10968348439475373 0.07579195688626147 0.24221416391446104 0.12959203578138492 0.10339637371278032 0.07820370425831417 0.14448544884879783 0.11663283220324643
0.10468078654397574 0.07357563376662997 0.26945421764763733 0.12885666381308805 0.09292987962052253 0.07086625719371517 0.14366556398265187 0.11597099743177924
0.08134723365401944 0.12621103703760664 0.13839809691262203 0.13863613176060519 0.09510312886618134 0.15990955037513296 0.09403146328110613 0.16636335811272623
0.13360074536593866 0.10831221604359381 0.1888238643019709 0.10968967254842563 0.1240292140106955 0.11452778334075678 0.12229579909503574 0.09872070529358305
0.12680346021497318 0.08908856086439323 0.17675763114537335 0.09230201153784452 0.14912695311793386 0.11794582973422792 0.13721313953984052 0.11076241384541344
0.0840616580596923 0.12733233093107715 0.11617168137062245 0.13607961260930826 0.10563362428712869 0.17512808123251375 0.09229747637848734 0.1632955351311699
0.07646167515474622 0.1352508317098405 0.10257708678244354 0.13667596463194776 0.09626859626371467 0.19605272927904022 0.09270195861992978 0.16401115755833728
0.07490072730588751 0.13642812497355952 0.0992939731760541 0.13628515547347456 0.09400779301579054 0.20310515142679456 0.09243688806026971 0.1635421865681695
0.07452692128542768 0.13647939109296786 0.09844676074182136 0.1360914212322584 0.09340876029218305 0.20543155417127357 0.09230548570535786 0.16330970547871004
0.10144202941969808 0.08483935941064487 0.2141887851847559 0.13534159901230206 0.09531350183761082 0.09617150324452893 0.1508957827793875 0.12180743911107185
0.12019915663329599 0.08734921309477894 0.18739460489771864 0.09430674049736111 0.1423006415332834 0.11508825096259191 0.14019330378413683 0.11316808859683333
0.10795159104004541 0.07547061510868511 0.24694491013845893 0.12945995666554524 0.1017509503772835 0.07756982517970412 0.14433819049128702 0.11651396099899072
0.10415655387768032 0.07344259486633097 0.27126523193654306 0.1286886274984839 0.09247713575049804 0.07067187528993654 0.14347821603189173 0.11581976474863549
0.1367266938930281 0.09687570623509463 0.2335725820648461 0.10643363241282346 0.1199006590637445 0.092034899827013 0.11866555733190914 0.0957902691715411
0.08589155200729784 0.12894729453609247 0.1289838666498835 0.1359515976640055 0.09946394309557442 0.16540917999997085 0.09221064885036895 0.16314191719680657
0.13491346652874273 0.10869479736771578 0.18514765062622326 0.10957523618317698 0.12516517372467945 0.1157177519167917 0.12216821108781073 0.09861771256485927
0.12717049349615647 0.08915562148546617 0.1755709203786303 0.09231445520769072 0.14951064677687748 0.11826887851511415 0.13723163789083576 0.11077734624922884
0.08412502059977371 0.12734382144570155 0.1159053731436066 0.13607752542429627 0.10571302038688171 0.17524614776801836 0.09229606072256619 0.16329303050915553
0.1030148198084559 0.08312904984429537 0.22096202071585788 0.13440562146902563 0.0972778594937096 0.09039333167882788 0.1498522376677047 0.12096505932212306
0.10412343771476043 0.07519145919364933 0.2619707776171687 0.13022583363561793 0.09253518343059682 0.07355797197823048 0.14519208615792029 0.11720325027205612
0.08127634264422372 0.12661346277474314 0.1367334820085759 0.13873730189178612 0.09505516047932068 0.16099940490895207 0.09410008302225494 0.16648476227014333
0.10189250432491467 0.08266921905174054 0.22967184415714756 0.13387570970715615 0.09459757006707008 0.08754358835665633 0.1492614255988741 0.12048813873644054
0.10359820942098041 0.07493648933968478 0.2652756125519216 0.12986981135188544 0.09174630254340745 0.07289559669503763 0.1447951478803857 0.11688283021669689
0.11974366978574809 0.08516873826406907 0.20278226821186168 0.09335838385283976 0.13995537371477912 0.1081779976108344 0.1387835079364603 0.11203006062340772
0.10731327351484414 0.07481735608366119 0.252840944385518 0.12876952847345585 0.10076759168328146 0.07603031565152976 0.14356841458159927 0.11589257562611026
0.09394460730038103 0.14521747262318097 0.15466160201638324 0.15918907996982365 0.08334443152481477 0.13939384173836036 0.08097879285421465 0.14327017197284128
0.10837645699875062 0.06795461281234041 0.24540390910149654 0.13590922562468083 0.09171502801925181 0.08169870192162469 0.15045709959264625 0.11848496592920893
0.0979329300827604 0.14942081089003414 0.1107076560794208 0.11560769590668978 0.11328005425087279 0.1959094413480917 0.07841217635410262 0.13872923508802773
0.10547278093171801 0.08525646236738332 0.21698937750525416 0.13288019705912874 0.09819287898884545 0.09346462250614218 0.1481515032883122 0.11959217735321587
0.08140137172755103 0.12857103171197212 0.12646394279751733 0.13867019207334247 0.09613293942845128 0.168301726714714 0.09405456505844098 0.16640423048801095
0.10223345051959731 0.0831659729490265 0.2255631400968745 0.13428938677628582 0.09511359689911698 0.08905136000091103 0.14972264465953058 0.12086044809865724
0.0809336825657914 0.1283220117767124 0.1285066574790197 0.13889192921759907 0.0956052325873392 0.16686521062570003 0.09420496068671937 0.16667031506111885
0.07612232224789116 0.1358173066472429 0.10552686974810015 0.13712273910448555 0.09441815417156764 0.19344033289315724 0.09300498826217281 0.16454728692538265
0.10163270497042556 0.08459893609962409 0.21712579760598869 0.13511697769510908 0.09535027281516426 0.09392468411458806 0.1506453467735022 0.12160527992559816
0.1039795296480026 0.07549984066984411 0.2606135267544018 0.1304673100260272 0.09229267575823742 0.07426522380746188 0.14546131431260048 0.11742057902342447
0.08125251320792429 0.12668423989298866 0.13642641102884762 0.1387497177514921 0.09500600869587716 0.16127294390702415 0.09410850421405553 0.16649966130179053
0.13362858013935702 0.10843533231003766 0.1881467135359923 0.1097398415017727 0.12405468618452398 0.1148772552426549 0.12235173373406598 0.09876585735159543
0.1455725864908029 0.10228994863501831 0.2026510889457825 0.10596023141858117 0.1283998976821176 0.10162428799921318 0.11813775055176139 0.09536420827672304
0.11283787010611689 0.07656063639889576 0.25197227737597155 0.12803397141438513 0.0979938633356235 0.07462248374300719 0.14274832335305326 0.11523057427294663
0.13958242732692164 0.09754564141518747 0.22675912772402587 0.10661727573391512 0.12160818406628271 0.09306148964294261 0.1188703059302009 0.09595554816052361
0.11075830205885137 0.07550318277658898 0.2614237273892632 0.12723506963052722 0.09597981790666071 0.07273073008704628 0.1418576074835878 0.11451156266747449
0.10426143725275801 0.07305445825963314 0.2765389148579384 0.12796387371781914 0.09083308988586583 0.06951057002739472 0.14267016965255355 0.11516748634603723
0.10243542547634271 0.07250953275544565 0.28234236639431787 0.12753045660519646 0.08947451385769835 0.06874335204978209 0.1421869419165399 0.11477741094467682
0.0809003686085298 0.125896051547573 0.14123656023700623 0.1385077699146641 0.09430633391511402 0.1589991914156567 0.09394440046385913 0.16620932389759688
0.10166076332875841 0.08246338687386218 0.23145331520153453 0.13367846234801273 0.09430743001025854 0.08708451661098093 0.14904150951338133 0.12031061611321145
0.10348500754041369 0.07486621049205036 0.26594053411093954 0.12978708570644856 0.09163308117110475 0.07277678888396019 0.1447029149592792 0.1168083771358037
0.11970104928042972 0.08514888781227183 0.2029828285233169 0.0933462851867651 0.13990434465622315 0.10813553986013184 0.13876552245674337 0.11201554222411814
0.12296899008670759 0.08573717166925882 0.18116265986729613 0.09223014933189513 0.15395584105524976 0.11616269724718777 0.1371063115441307 0.11067617919827416
0.10860148169901061 0.07525232461717825 0.24414749468386543 0.12937175230292866 0.10419765051813128 0.07775486989686521 0.14423984920938465 0.1164345770726358
0.08200529778280259 0.12650751902708135 0.1326759351870094 0.13859184299078922 0.09746537695967444 0.1624423925221172 0.0940014239415788 0.16631021158894707
0.0763506199565862 0.13552156542298366 0.106498402027128 0.13718363935324956 0.09486030893393393 0.1919188025643628 0.09304629451785623 0.16462036722389944
0.10165510660337312 0.08453566128954108 0.217516242742193 0.13507587605541152 0.09541449942188396 0.09363480392520082 0.15059952151252598 0.12156828844987036
0.1039703117965021 0.07548142607782732 0.2607577146090261 0.130447846369416 0.09229308582634378 0.07420693980041947 0.1454396137879907 0.11740306173247442
0.13706186381660093 0.09750104345152405 0.23019250409714748 0.10679001752235608 0.12019907818211323 0.09308157702700338 0.11906290013313432 0.09611101577012048
0.12696713794518047 0.08700160774683147 0.18940965300054427 0.09164160113857718 0.14702406356853337 0.11175462010863338 0.13623139512540725 0.1099699213662926
0.109236893238201 0.07520240170929729 0.24732225096769078 0.1290072269377366 0.10248304200841563 0.07680825026411474 0.14383343063058093 0.11610650424396296
0.10440337967405554 0.07337486365651055 0.27134584708976767 0.12861835743712718 0.09258656801124515 0.07051459228036598 0.14339987015751343 0.11575652169341447
0.11976821911238916 0.08480385929249253 0.20452137660326022 0.09318021866455213 0.13999731765665854 0.10739409285543274 0.1385186534177521 0.11181626239746256
0.08296378078941807 0.12668594066884636 0.12255362829701852 0.1363520616157402 0.10387548459473553 0.17146436221685107 0.09248226787850206 0.16362247393888824
0.10256315469722257 0.08290218594351202 0.22369268914175477 0.13417672984274256 0.09671995512191876 0.08958918780851734 0.1495970405858637 0.12075905685846833
0.12027426482709536 0.08690652868185951 0.19022278601916234 0.09410316174079596 0.1424822893070385 0.1131965050457904 0.13989067028930263 0.11292379408895514
0.10786507366058687 0.07534080421565258 0.2480203864858933 0.12932461461757264 0.10169190313562362 0.07717777052090533 0.1441872942079504 0.11639215315581539
0.12090076000170023 0.08524557779449925 0.19719227507937254 0.09337442765697794 0.14313307097115374 0.10929721717904232 0.13880735812888065 0.11204931318837352
0.10773564944455945 0.0749356382814075 0.2506308376885886 0.1289574364729145 0.1015727546338556 0.07632807267504066 0.14377791797801062 0.11606169282562305
0.138175250591275 0.09738340281742232 0.226429929774539 0.106734892635334 0.12268985703459728 0.09352382377712944 0.11900143999790225 0.09606140337180061
