Action: 0
[0.2118710276310318, 0.102789501262584, 0.1713919482004413, 0.10278950123841378, 0.10278951795228784, 0.10278950123841378, 0.10278950123841378, 0.10278950123841378]
[0.10321038534566998, 0.10287302327527707, 0.17155472943340278, 0.10287302327527707, 0.2102726950855115, 0.10347009703430753, 0.10287302327527707, 0.10287302327527707]
[0.20971498959477516, 0.10099282816638762, 0.17106200612873745, 0.10099282816634174, 0.11421173580496613, 0.10103995580610842, 0.10099282816634174, 0.10099282816634174]
[0.125, 0.125, 0.125, 0.125, 0.125, 0.125, 0.125, 0.125]
[0.15696648545425693, 0.10195884086555322, 0.21842708274851771, 0.09796248909542074, 0.13079763454863025, 0.09796248909677954, 0.09796248909542074, 0.09796248909542074]
[0.11353264552361864, 0.10190841007252262, 0.1712765318276566, 0.10170022455835233, 0.20340407810733502, 0.10477766079381007, 0.10170022455835233, 0.10170022455835233]
[0.125, 0.125, 0.125, 0.125, 0.125, 0.125, 0.125, 0.125]
[0.125, 0.125, 0.125, 0.125, 0.125, 0.125, 0.125, 0.125]

Action: 1
[0.10182125972901411, 0.10179630468385376, 0.10179630468385376, 0.10179630468385376, 0.27159091819789904, 0.11760629865381796, 0.10179630468385376, 0.10179630468385376]
[0.10102630089338538, 0.10102630089338538, 0.10102630089338538, 0.10102630089338538, 0.15810876602947302, 0.2357334286102146, 0.10102630089338538, 0.10102630089338538]
[0.10070664184611855, 0.10070664168655763, 0.10070664168646211, 0.10070664168646211, 0.15907365645428917, 0.2366864932671863, 0.10070664168646211, 0.10070664168646211]
[0.125, 0.125, 0.125, 0.125, 0.125, 0.125, 0.125, 0.125]
[0.10327009664523167, 0.10327112386617093, 0.10326865184152857, 0.10326865184152857, 0.20906118608876928, 0.1713229860337138, 0.10326865184152857, 0.10326865184152857]
[0.10237500891674173, 0.10064535269445209, 0.10064535269445209, 0.10064535269445209, 0.12873572352452387, 0.265662504086474, 0.10064535269445209, 0.10064535269445209]
[0.125, 0.125, 0.125, 0.125, 0.125, 0.125, 0.125, 0.125]
[0.125, 0.125, 0.125, 0.125, 0.125, 0.125, 0.125, 0.125]

