Action: 0
[0.12530213860684425, 0.10275971135900987, 0.25812758478821424, 0.10275971135900987, 0.10277171980989212, 0.10275971135900987, 0.10275971135900987, 0.10275971135900987]
[0.2633834641626338, 0.1038850611773262, 0.113306168773409, 0.1038850611773262, 0.1038850611773262, 0.1038850611773262, 0.1038850611773262, 0.1038850611773262]
[0.1044745280508082, 0.1075013017359832, 0.26437266553438965, 0.10442952577699381, 0.1059334015708436, 0.10442952577699381, 0.10442952577699381, 0.10442952577699381]
[0.125, 0.125, 0.125, 0.125, 0.125, 0.125, 0.125, 0.125]
[0.20553600353951165, 0.10164886723213334, 0.12950068536125015, 0.10164776687816994, 0.15235814676636017, 0.10601299646623485, 0.10164776687816994, 0.10164776687816994]
[0.12361987208035694, 0.10285095025698396, 0.25910225799536446, 0.10285095025698396, 0.10302311863935874, 0.10285095025698396, 0.10285095025698396, 0.10285095025698396]
[0.125, 0.125, 0.125, 0.125, 0.125, 0.125, 0.125, 0.125]
[0.125, 0.125, 0.125, 0.125, 0.125, 0.125, 0.125, 0.125]

Action: 1
[0.10428085633044817, 0.10232738754249707, 0.10232738754249707, 0.10232738754249707, 0.23053597385352237, 0.1535462321035441, 0.10232738754249707, 0.10232738754249707]
[0.1111111111111111, 0.1111111111111111, 0.1111111111111111, 0.1111111111111111, 0.1111111111111111, 0.2222222222222222, 0.1111111111111111, 0.1111111111111111]
[0.103885643354513, 0.103885643354513, 0.103885643354513, 0.103885643354513, 0.15949937401411385, 0.21718676585880803, 0.103885643354513, 0.103885643354513]
[0.125, 0.125, 0.125, 0.125, 0.125, 0.125, 0.125, 0.125]
[0.10286783017057244, 0.10286794220414898, 0.10286783017057244, 0.10286783017057244, 0.12375710085887179, 0.2590358060841171, 0.10286783017057244, 0.10286783017057244]
[0.1020355703135132, 0.12406093459589967, 0.1020355703135132, 0.1020355703135132, 0.10745489596325372, 0.25830631787328073, 0.1020355703135132, 0.1020355703135132]
[0.125, 0.125, 0.125, 0.125, 0.125, 0.125, 0.125, 0.125]
[0.125, 0.125, 0.125, 0.125, 0.125, 0.125, 0.125, 0.125]

