0.125 0.125 0.125 0.125 0.125 0.125 0.125 0.125
0.06578947368421052 0.10964912280701754 0.05921052631578946 0.09868421052631579 0.13157894736842105 0.21929824561403508 0.11842105263157893 0.19736842105263158
0.07295173961840629 0.12906846240179573 0.09118967452300786 0.16133557800224466 0.08754208754208755 0.15488215488215487 0.10942760942760943 0.19360269360269358
0.11128397299245572 0.08763612873155889 0.13354076759094688 0.10516335447787067 0.13910496624056967 0.12489065738057618 0.16692595948868358 0.13145419309733836
0.07170154925164454 0.12685658713752498 0.08962693656455568 0.1585707339219062 0.08604185910197346 0.16936512943864082 0.10755232387746684 0.19028488070628743
0.11752725816455264 0.08686408737408942 0.1323643236176601 0.10423690484890731 0.1378795037683959 0.12537638664318557 0.16545540452207508 0.1302961310611341
0.06169400784634276 0.10915093695891413 0.05378451966091421 0.09515722709238668 0.13896606459628422 0.2433637503385563 0.10756903932182842 0.19031445418477336
0.0936571519686393 0.0756027612276968 0.1873143039372786 0.1512055224553936 0.10394085634119343 0.08361156031639333 0.16858287354355073 0.13608497020985422
0.10584943652423541 0.07675999132817228 0.19494600972234227 0.15351998265634456 0.09308082538102662 0.072052889237229 0.16995293155281121 0.13383793359783885
0.0798373627455904 0.12105095720302374 0.1030842333537645 0.14526114864362846 0.09871001036591878 0.16153399040081728 0.10894586148272135 0.18157643580453559
0.07726563321013247 0.11975566144765641 0.09460986777866004 0.14370679373718767 0.10474030936739147 0.17250814698459646 0.10778009530289077 0.1796334921714846
0.0957037622655879 0.1485818927499066 0.08745760327671741 0.13372370347491594 0.13779060057223033 0.2162154379695052 0.10029277760618696 0.08023422208494956
0.06884663909753727 0.12180559224948902 0.09318352276688864 0.15225699031186127 0.10184345365954411 0.17608545489414024 0.1032699586463059 0.1827083883742335
0.09971165456150892 0.07362666555289582 0.2038189918781776 0.14725333110579164 0.10053354317958417 0.08366562412645412 0.16301549068284624 0.12837469891274142
0.07664513593734971 0.11635211761239 0.11368082016820753 0.139622541134868 0.1077005434354569 0.16675375944199183 0.10471690585115101 0.174528176418585
0.09106259452642382 0.1410528265158531 0.09148460265477339 0.12694754386426776 0.13259235053418386 0.24548089768773668 0.09521065789820084 0.07616852631856066
0.05684018731970924 0.10056340833487021 0.0539574994519811 0.08767066367655352 0.13980890937078652 0.28671203685862745 0.09910596763436484 0.17534132735310703
0.08987803626707142 0.07255214975775645 0.18943555345767707 0.1451042995155129 0.10102647201211667 0.10962915414517542 0.16178046528072854 0.1305938695639616
0.074480290047812 0.11392721738400949 0.10966213594504456 0.13671266086081135 0.10586222896958818 0.18593014507111158 0.10253449564560854 0.17089082607601422
0.07148427450259784 0.11078819564370371 0.09556479447466892 0.13294583477244443 0.10421772243257904 0.21910750862911715 0.09970937607933333 0.16618229346555552
0.0656844804384804 0.11621100385269607 0.09589165173332892 0.1452637548158701 0.09325431523766532 0.21085156748519457 0.09852672065772058 0.1743165057790441
0.07022494439312225 0.10969857262333009 0.09275363642909171 0.13163828714799608 0.10414034355984289 0.2282676415506249 0.09872871536099707 0.1645478589349951
0.06455550829424937 0.11421359159751814 0.09403096943031829 0.14276698949689767 0.09184147911907625 0.2244378122242891 0.09683326244137407 0.17132038739627717
0.09967044228476685 0.07016548720869954 0.2089945057592472 0.14033097441739908 0.09822829227055122 0.10491831693707543 0.15535215727119475 0.12233982385106588
0.0786481787980943 0.11069948838082826 0.12062552618693997 0.13283938605699389 0.10663802482122574 0.18487062364193005 0.09962953954274543 0.16604923257124238
0.07435038489914017 0.108088646391573 0.1010704855075829 0.1297063756698876 0.10629749629782437 0.22107385989421682 0.0972797817524157 0.16213296958735948
0.046003801697828466 0.08139134146538883 0.067944535203008 0.10173917683173604 0.10957511063063381 0.2748581762633615 0.11500950424457118 0.20347835366347208
0.11441424856106587 0.0923584898023062 0.1608522647944271 0.11544811225288275 0.12368137425436294 0.1606261796761615 0.1287160296311991 0.10390330102759446
0.08568557178633335 0.06916787120101607 0.2378764670331381 0.13833574240203214 0.09441966872090889 0.09577848147934258 0.15423402921540003 0.12450216816182892
0.06474818704540156 0.11455448477263352 0.13580355294697788 0.1431931059657919 0.09103605146551554 0.18171061007662712 0.09712228056810233 0.17183172715895026
0.09730708195592962 0.06840001379998122 0.23201315441035325 0.13680002759996243 0.09792990151094205 0.09684500420227098 0.15144325399751637 0.11926156252304417
0.08462541038633066 0.1360712389558559 0.11190218920484397 0.11862620832048978 0.10891640530147016 0.21704758263774174 0.08045951520868001 0.14235144998458774
0.09229986005984503 0.06845832088309708 0.22503442392226933 0.13691664176619417 0.0918118717856748 0.1096020660838718 0.15265183790947318 0.12322497758957475
0.08920967561725307 0.06568951748679798 0.28090606866104784 0.13137903497359596 0.08575029047976404 0.08234646171534037 0.14647781958996445 0.11824113147623637
0.06900936947364344 0.11154711854926061 0.1561830813676733 0.13943389818657578 0.0879255047891201 0.17400779277894102 0.09457255703089487 0.1673206778238909
0.07038351972919106 0.11024903042643719 0.12008493518269857 0.1378112880330465 0.08711432354067805 0.21551135339109606 0.09347200405719674 0.16537354563965576
0.0696239284436591 0.10873536286695511 0.10900878820917378 0.13591920358369386 0.08587773387742419 0.23554326150537325 0.09218867721328802 0.16310304430043265
0.09434903351750128 0.0672675069171014 0.23043038395740484 0.1345350138342028 0.08722900648009094 0.11511104234418562 0.1499965004987306 0.12108151245078252
0.07335814665675147 0.10996408524570937 0.1435876595709225 0.13745510655713672 0.08701511911130454 0.1904433348899881 0.09323042009962318 0.16494612786856405
0.08047252899932443 0.13956249521860753 0.1350327487805283 0.15597491618225703 0.07409153338343055 0.19514459116171604 0.07934376171010467 0.14037742456403132
0.0727190512224473 0.12271382574940871 0.11322024459260115 0.13321543411194245 0.08265366012474186 0.22526444708425342 0.09035481618027401 0.1598585209343309
0.13035770504842323 0.09764584838439509 0.1899916854255049 0.10763639132480994 0.11146233700760802 0.1460267368562835 0.1200065437606463 0.09687275219232894
0.1122906230966863 0.06922920773741785 0.26794440496470295 0.12477324729242031 0.08509356876379545 0.08926016628711542 0.13911285929468353 0.11229592256317827
0.1231758778793869 0.0771812786388232 0.22815970060245497 0.08955379043669072 0.12455707280019802 0.11678000682745605 0.13312772429096115 0.10746454852402888
0.0850386448884862 0.11413122574840229 0.142168894516085 0.1311312836673732 0.09511591287661128 0.1861152794147585 0.08894121848743573 0.15735754040084785
0.0890520404510732 0.062666432789116 0.21476230090157153 0.11120267600610033 0.10713378982334355 0.1164293021019586 0.1653102467195163 0.1334432112073204
0.10034728403043247 0.06629396912465232 0.28575414383142905 0.1239248185332965 0.09217315435808925 0.08180736889829404 0.1381669245438395 0.11153233667996683
0.11751749029594509 0.07539282687933274 0.23697214205754735 0.08763157203476651 0.13477998887361184 0.11227787588479683 0.13027021753227977 0.10515788644171982
0.10495886529605386 0.06483713372468666 0.29638291444934856 0.11926611164224814 0.09549465532417543 0.07874800506045009 0.13297281402501396 0.10733950047802333
0.09979769352743637 0.06305174953354789 0.32782636263854 0.11736613537786036 0.08548987753366868 0.06998417726937738 0.13085448227949506 0.10562952184007432
0.09704708326671317 0.061950485702103986 0.34357311267503804 0.11548821771200547 0.08216349616391766 0.06707746431424054 0.12876074422517625 0.10393939594080494
0.09557051784783104 0.06132611504977629 0.3514176085485667 0.11442457700226773 0.08079971117500868 0.06590448686451762 0.127574864209991 0.10298211930204094
0.07916281875451107 0.1116434219650514 0.18548201107427495 0.13025826946982308 0.08926519211006373 0.1595292761438254 0.08834908711866261 0.15630992336378768
0.09829004722551372 0.0700118787518171 0.27365518403154987 0.12438678250940867 0.09090105048265905 0.09212497283830275 0.13868197990228098 0.1119481042584678
0.09183502183183616 0.13021176308951896 0.18431388973085563 0.1506993904389299 0.08104852235093878 0.14960183646134093 0.0766601247015426 0.1356294513950369
0.10317496244229721 0.07119810679729947 0.27273342593010613 0.12416125138617684 0.08878784036730412 0.08976875729869875 0.13843052953055834 0.11174512624755917
0.0824484305648115 0.11349656737982011 0.16043261057674238 0.13116158989633755 0.09358541210914983 0.1725197075808871 0.08896177401664634 0.15739390787560506
0.10145339129065119 0.07069394986548926 0.2598939932264919 0.12533400871892242 0.09420399519725299 0.09588198741679628 0.13973806643736575 0.1128006078470302
0.10190917602878184 0.06426519149357397 0.3108307010580589 0.11888607293259458 0.08990016717308816 0.07466212644971947 0.13254909922484798 0.10699746563933514
0.07021699289550871 0.09599046448156472 0.23694919971384384 0.17862677849463315 0.06110221864418251 0.10548357954304471 0.09086666558205253 0.16076410064516986
0.07599720278652441 0.11836415823919029 0.14961711311937106 0.13371164016266493 0.08877654965980247 0.18238799450952828 0.09069137332772056 0.1604539681951979
0.0761862497673647 0.11805639598755692 0.1197529029397568 0.1302364737577103 0.09393084643227782 0.21721905866606894 0.08833430394001221 0.15628376850925235
0.1028647012756267 0.07216628782959753 0.23731671241685748 0.12733660092723906 0.09584475102699254 0.10789719838671245 0.14197080730245906 0.11460294083451515
0.1052266945784748 0.06492523079811018 0.2992210914710606 0.11992582728243699 0.09108528962884574 0.07797427395556429 0.1337083477313141 0.10793324455419331
0.10275080349101345 0.06226369966523175 0.32971206917492857 0.11577157500139834 0.08712003733758558 0.06911073137180099 0.12907666645678292 0.1041944175012585
0.1005167690898614 0.0610512478362269 0.3444116082013092 0.11378050755869584 0.0848343692737573 0.06614626639203094 0.12685677484529223 0.10240245680282625
0.09916136950555735 0.06048564606958979 0.35144331762352643 0.11284554486240699 0.08366422588664431 0.0650245444638431 0.1258143612122657 0.10156099037616628
0.09396070761278268 0.12598446863411764 0.21166470514278019 0.14697515195513777 0.07931357401276105 0.13505813510561787 0.07476562077717878 0.132277636759624
0.10438213729791276 0.0695429359558112 0.2864090024007037 0.12158074638159232 0.08803585398262435 0.08507319321247553 0.13555345902544694 0.10942267174343309
0.12224629507483728 0.0742842025700208 0.23833806264716817 0.08591905354241214 0.13661548348006664 0.11176959466110414 0.12772444377349626 0.10310286425089456
0.11042468817943821 0.06348274893089265 0.2969443923565475 0.11667815913582207 0.09982386832476366 0.07754835973916314 0.13008744011113296 0.10501034322223986
0.10498504070416685 0.06188927806163172 0.32799373207205773 0.11519992197667647 0.08901794884760195 0.06879483256396507 0.12843931599489153 0.10367992977900882
0.10201536657165944 0.06093745261487237 0.3433396166546659 0.1135950316452597 0.08521827013442834 0.06600875085508337 0.12664998304329703 0.10223552848073374
0.08384607320123649 0.11053899651544398 0.18302721444482017 0.12889207275365763 0.0931637526770148 0.15843895375747874 0.0874224493459591 0.15467048730438915
0.10283688389683769 0.06934604702993194 0.2713185657024049 0.12316052660457869 0.09373834474560847 0.09144036199648724 0.13731479608003025 0.11084447394412081
0.1042210881766432 0.06338095192572019 0.31589461281714726 0.11732123695061138 0.08985314446480379 0.07293542852578255 0.13080442388374133 0.10558911325555025
0.12132538620929763 0.07279643811964658 0.25005446184868524 0.08468889317079978 0.13726170806140747 0.10635071302682081 0.12589572775838295 0.10162667180495973
0.10927678529086367 0.06275168263270724 0.30250169507923863 0.1154483470876207 0.10168303191749786 0.07571865415880624 0.12871629145440697 0.10390351237885863
0.10415225038223358 0.06146577721203627 0.33041339276873255 0.11445768783380678 0.09083807182170743 0.06804912061485772 0.1276117803161995 0.1030119190504261
0.09630309405029122 0.12619689873507497 0.20421475654989601 0.14705338124159012 0.08255512023568226 0.13652329039496458 0.07480541567506976 0.13234804311743112
0.12212034710706975 0.08031653535610755 0.20347811157367138 0.08770477292627389 0.13917088094397714 0.1315845890073883 0.13037903557398328 0.10524572751152866
0.1286472921804492 0.0741476451358497 0.19911912918497912 0.08462480313793486 0.15929471484316196 0.12681619813212855 0.1258004536199748 0.10154976376552183
0.1143898209006322 0.06405762342434418 0.27518554328382827 0.11767958713266839 0.10973872125663094 0.08183311798831049 0.131203957594184 0.10591162841940156
0.0874414795368911 0.11108076621235798 0.1609917661168266 0.12912708559200928 0.10198641593202619 0.16683813454141927 0.08758184935805848 0.15495250271041114
0.08010736663233253 0.11653928932441779 0.12314586409871171 0.12927342999352465 0.0989993286414048 0.20912549627829272 0.08768110903908627 0.15512811599222956
0.11781273699339971 0.08047965069756208 0.1675625467921227 0.08880469205047804 0.14845377790941308 0.15830682586917297 0.1320141392272778 0.10656563046057366
0.1130206678749741 0.06581220576839353 0.2589927758220334 0.12016958609732223 0.10934034189174205 0.09053167443899005 0.13398012061895476 0.10815262748759
0.12604942383907938 0.07346450540896377 0.22504158644579808 0.08525867400259948 0.1480805673849794 0.1130520888817453 0.12674274523371507 0.1023104088031194
0.11257373479139687 0.06331870569272317 0.289045182254222 0.11639671960547432 0.10625939438713193 0.0778755595863797 0.12977365603774524 0.1047570476449269
0.10638432525548615 0.06177132765707599 0.32347388993507015 0.11495247792083124 0.0929752133378242 0.06882210142636563 0.12816343433859842 0.1034572301287481
0.10302997216501791 0.06077520283658348 0.34066816680166645 0.113264542657462 0.08813733965574194 0.06590517500655257 0.12628151248525987 0.1019380883917158
0.10123288797086295 0.06020588599425399 0.3490376881990286 0.11230154063790955 0.08617770902019406 0.06476506450435109 0.12520783709928124 0.1010713865741186
0.1196971486345372 0.0714995269835211 0.26333434919724996 0.08339669214728478 0.13576563840908154 0.10225582990427677 0.12397478414730691 0.10007603057674172
0.14412984766454381 0.08225017538074766 0.25583809885917674 0.09466486103077522 0.13405038177379539 0.09832400485581716 0.1055442555074464 0.08519837492769769
0.1163866833275156 0.06258580697976007 0.30415301264285277 0.11381154144779537 0.10055432282250096 0.07318687016088332 0.12689137531567632 0.10243038730301582
0.08795349225682163 0.1104305579853653 0.17028108678909185 0.12850071580657882 0.0996201686483136 0.16185611230321129 0.08715700724272303 0.15420085896789457
0.10502934237750036 0.06945557320093274 0.263865594286957 0.12330555425561342 0.0969546007540017 0.0929378452069679 0.13747649108797494 0.11097499883005206
0.10572788358627205 0.06339144308146369 0.3117422396989921 0.11729518166669027 0.0919328336689324 0.07356938061103485 0.13077537418659346 0.10556566350002124
0.10349366244601822 0.06132668160831154 0.3351262162920581 0.11412096533000318 0.08841944095474492 0.06756780471885764 0.12723635985300355 0.10270886879700288
0.09661732332761964 0.1258477178148788 0.2057576324032764 0.14663668878670202 0.0821900695743822 0.13638410215013472 0.07459344603497452 0.1319730199080318
0.14026120273091716 0.09167647272911411 0.23340175409549568 0.10010603608505617 0.11963532260176896 0.11321301964596765 0.11161075963512979 0.09009543247655055
0.09293531664990749 0.11221514349619903 0.14592679076739806 0.12638048248567524 0.1039332400867194 0.1812335115844847 0.08571893594680581 0.15165657898281026
0.10760721160425604 0.07015670271434994 0.250177213538955 0.12429219908086774 0.09902962616348666 0.098297541287381 0.1385765264379227 0.11186297917278097
0.09880010554552011 0.12895958254040127 0.17555360624690264 0.1490454917600547 0.0857571075175908 0.15192437017101862 0.07581879363446262 0.1341409425840492
0.07368695817566735 0.10525295379098405 0.1813459250759205 0.18342377892695005 0.06312270317667444 0.13477940097410016 0.09330687884544851 0.16508140103425506
0.11008669776696636 0.07630056069280403 0.17735927591366865 0.09156067283136483 0.14561307125179562 0.13929447918456767 0.1453344013196267 0.11445084103920602
0.08553718318603294 0.11132389300902296 0.12816053845464306 0.1277264816685912 0.11185466847091786 0.195493582685438 0.08663187452304448 0.15327177800230943
0.10603931955672401 0.07068331621762405 0.24040141183690084 0.12535632673177083 0.10212392279573548 0.1028120594464826 0.13976294935616837 0.11282069405859375
0.10718954406663436 0.06419043158664757 0.29982336318758585 0.11864874374767666 0.09432482150183023 0.07675473164191879 0.1322844948947977 0.10678386937290898
0.10453667636943605 0.06173981834880377 0.3292676244729414 0.11480728956754134 0.0895427862215806 0.06877768424927769 0.1280015601596319 0.10332656061078722
0.12148236844900313 0.0719923815736498 0.25503765378125787 0.08385222164275319 0.13778707112310407 0.10457367812134276 0.12465195933758536 0.10062266597130383
0.12711683401710436 0.07217256285131553 0.22053967449907314 0.08302085823061112 0.15761245379892627 0.11649650493864111 0.12341608178759503 0.09962502987673333
0.11291639068576467 0.06306857387214568 0.28617396914204346 0.11604368479932167 0.10886957058092435 0.0791084460256446 0.1293800485747661 0.10443931631938949
0.1422719415514207 0.08241235145214408 0.26850858246077997 0.0958683747633 0.12507319921238164 0.09269792976824982 0.10688608350475388 0.08628153728697
0.09348905625642501 0.110732077942449 0.15745363398403492 0.12583859928278252 0.10551731229889982 0.17061160332166073 0.085351397774409 0.15100631913933898
0.121603121874807 0.07898111606970276 0.1818022017474651 0.0875570779742963 0.15018235432046964 0.14464615733604516 0.1301594771080584 0.10506849356915555
0.10167534508949022 0.12779589847832645 0.14916490922772452 0.14600302222657935 0.09810807443221148 0.17157892793083457 0.0742711026109121 0.13140272000392142
0.09601900139442388 0.061908111867957236 0.21928341022446957 0.10794016123635355 0.11319175874563613 0.11166906365737406 0.1604602993901614 0.12952819348362427
0.1392464753012154 0.08525833883318429 0.2393149032470675 0.09947545645887025 0.13084047449890018 0.10542873043766565 0.11090771041011355 0.08952791081298322
0.1159783859823211 0.0635221601872693 0.29609234561116604 0.11521145687896707 0.10105883694169095 0.07599432665738322 0.12845217655013194 0.10369031119107036
0.0878544987181405 0.11053479558751139 0.16757620247713104 0.12850020262701525 0.10009280818485018 0.16408459007982726 0.087156659173106 0.1542002431524183
0.10507261889313844 0.06946677308519564 0.26225166867955885 0.12328864952491958 0.09769359368719352 0.09380926798276798 0.1374576435747984 0.11095978457242762
0.1057832146117153 0.06336613669925918 0.3108102255114685 0.11723374071965299 0.09266452611988778 0.07392491757453648 0.1307068721157922 0.10551036664768769
0.1035242333721137 0.06128264270271537 0.33456740883975733 0.11403043971350314 0.08908564902730383 0.06774680005620475 0.127135430546249 0.10262739574215284
0.08460194933477701 0.1100920566381153 0.17996813772449324 0.12827167877362367 0.09663091051984872 0.1595075920952053 0.08700166038558822 0.15392601452834836
0.07929454793089012 0.11600277619289322 0.12884064987682153 0.12871805207634854 0.09828968462854203 0.20708820887284127 0.08730441793004509 0.15446166249161822
0.0772657247733455 0.11569336699928241 0.1118505695904461 0.12765045347462256 0.09802507766443884 0.22975395575422575 0.08658030757409181 0.15318054416954704
0.10413537077769001 0.07156696689435774 0.23143575794230847 0.1263542614749847 0.0997646999887824 0.11214853547228044 0.14087557212210983 0.11371883532748625
0.10700073121213453 0.06449976228149953 0.29524058841960094 0.11910910396497337 0.09483911765979515 0.07931474071167706 0.13279776218184344 0.10719819356847604
0.10462993741471291 0.061833712804680474 0.3269218128523053 0.11493658768638616 0.09055416933713356 0.06953513307400343 0.12814571791303053 0.10344292891774755
0.12142355860136031 0.07191521081682224 0.2538405967119264 0.0837459515645809 0.1392169885240247 0.10486857017494886 0.12449398172883964 0.10049514187749706
0.12685225791564378 0.07196729194808842 0.21967143730879524 0.08277248124653394 0.15980653879467493 0.11655616257169492 0.12304685271872808 0.09932697749584071
0.1289512956168951 0.07198582263286706 0.20410455009332062 0.08277660120829704 0.16902319235701718 0.12077363932304375 0.12305297731860276 0.09933192144995644
0.08961075062376977 0.10898769237314032 0.13601430453222574 0.1253231864783098 0.11956533756137244 0.18510909121974786 0.08500181343746233 0.15038782377397178
0.12004171108234683 0.07872181056881039 0.17169197470294126 0.08739586312287605 0.15728454506251593 0.1500692393094992 0.12991982040355904 0.10487503574745126
0.10111338780328877 0.12753760749552326 0.1453384430919571 0.14571620993519568 0.10074672899676831 0.1742778312902956 0.07412520244529519 0.1311445889416761
0.08304590190964652 0.11747622394470036 0.11756422107421423 0.12801544985789406 0.09947955593138823 0.2139722371142861 0.08682787033839771 0.15361853982947285
0.10516777066263647 0.07764249906225784 0.23346692843983946 0.12486902449992308 0.09954045050525198 0.1077115610466642 0.13921964373349632 0.11238212204993078
0.10683137853701194 0.06869407202986604 0.295670528577386 0.11821278481567503 0.09446682354131522 0.07793447294477379 0.13179843321986454 0.10639150633410752
0.1227032182791065 0.07704102143322486 0.24040961843316677 0.08406880918113079 0.1416817420018501 0.10823908839385614 0.12497393126030786 0.10088257101735693
0.11035246665170494 0.06682040773928809 0.296341865454241 0.11451281225060624 0.10471481847137629 0.07652285848006944 0.12767323992716845 0.10306153102554562
0.10495347282861585 0.06489129552095649 0.3265120664474872 0.11359602125821852 0.09280259894688445 0.06835703947754634 0.12665108638789438 0.10223641913239666
0.10206493391532157 0.0638813901336975 0.34162835823103604 0.11220266860881467 0.08840809482255498 0.06573455037529197 0.12509760216535007 0.1009824017479332
0.08368038938200453 0.11552943762015132 0.181598862264455 0.12702416738969546 0.09614260871922459 0.1574400115273019 0.08615552222953259 0.15242900086763456
0.10249320459553601 0.07525651314545481 0.2689191696160881 0.1213678757129708 0.09586364770727379 0.09155237696519786 0.13531612411580476 0.10923108814167372
0.09631636343382352 0.1360918879254325 0.1810964390601457 0.14687022851890305 0.08490661566849833 0.14782301304482934 0.07471224668135502 0.13218320566701272
0.10653400999677154 0.07778470032590419 0.2684049627166406 0.12124769029377752 0.09249246457632695 0.08923112448371405 0.13518212634246538 0.10912292126439975
0.09752292475843066 0.1367674078636786 0.18093931011901654 0.14693530405969826 0.08404754950977784 0.14680037970964926 0.07474535032602043 0.13224177365372844
0.10693805433717825 0.07787897040144989 0.2683178919530147 0.12126908477254765 0.09225014527073247 0.08899769738009285 0.1352059795896912 0.1091421762952929
0.12370043169994847 0.07907029622118066 0.22918738066936098 0.08493499459365 0.14186525422921376 0.11305807502161638 0.12626157405264987 0.10192199351238
0.11125408376444965 0.06745846524025904 0.2905446813059842 0.11521207269474915 0.10533965753003212 0.07804731090047896 0.12845286313877255 0.10369086542527421
0.10551665727275035 0.06515938154816547 0.3236377603586898 0.1139486196739577 0.0932492694753543 0.06889034665639136 0.12704420730812896 0.10255375770656193
0.10237205666881119 0.06400420573726782 0.3402251640531431 0.11237059279400374 0.0886673822923224 0.0659422398396679 0.12528482510018027 0.10113353351460337
0.10067325837963105 0.06337371189681817 0.3483351431251598 0.11146466012726648 0.0867582278333377 0.06480202673956337 0.12427477778368368 0.10031819411453985
0.08873102109056498 0.056063695140988024 0.31322493133161694 0.0987043904120947 0.10185817226371924 0.07624181551956762 0.14673070574693478 0.11844526849451364
0.09800872671684974 0.06356039053397915 0.3358001659568257 0.11363273039154062 0.09184364906497425 0.06819286565138294 0.12669201433206095 0.10226945735238657
0.09959571911423715 0.06351693312974016 0.3463362485794862 0.11183700775879679 0.0878814938199819 0.0654893730091375 0.12468991760570328 0.1006533069829171
0.11859558913943885 0.07521346336156572 0.26155768148327696 0.08274620255650604 0.13709280388724823 0.10249102882314205 0.12300778768101495 0.09929544306780724
0.08671840105500522 0.11600054700508178 0.15416538481360376 0.12460980090341953 0.10970481655195319 0.17475133666973114 0.08451795191710193 0.1495317610841034
0.10442378929898685 0.07597746346336591 0.2533999260024097 0.1223486068489727 0.10079222100973921 0.09653468106889425 0.13640956614355612 0.11011374616407543
0.12295797588776357 0.07893599020563143 0.22257408404953902 0.0850975557130318 0.1459078583823258 0.11590623683117506 0.12650323207489503 0.10211706685563816
0.11130757476036968 0.0676232889893733 0.28702420934091055 0.11552648701463872 0.10682580840250865 0.07891538153733009 0.1288034116416942 0.10397383831317483
0.10569228233086145 0.06528461622093093 0.32187107911427487 0.11414025025927288 0.0938347544176269 0.06919293131372195 0.12725786110996543 0.1027262252333456
0.12138548396425093 0.07587380203773479 0.25116566411172264 0.08323979006182242 0.140399098334671 0.10430687475654392 0.12374153865906735 0.0998877480741869
0.08745984737210624 0.11620966436799023 0.15085235704018848 0.12470196645581005 0.11076355703699349 0.1757897837751291 0.08458046420481029 0.14964235974697204
0.09127051141173115 0.0662762984503699 0.21904940048427698 0.10669345743074256 0.11755139397523862 0.11251979888146678 0.15860699044928298 0.12803214891689108
0.08129500799329568 0.11720970202052577 0.14197728952316532 0.12878490886354604 0.10549876977648291 0.1833426669140629 0.08734976427266603 0.15454189063625526
0.07737493139145543 0.12585293543493237 0.11550959749357954 0.12657962172912715 0.10003091645982923 0.2169024471128899 0.08585400430323407 0.15189554607495256
0.10339855437941241 0.07882645203693417 0.2323823965856893 0.12502795488177854 0.09988967825846082 0.10855296521533508 0.1393968392487889 0.1125251593936007
0.1063441813277222 0.06889644181602085 0.29516470952627827 0.11831757738031168 0.09469145721067937 0.07818454398761344 0.13191526910909376 0.1064858196422805
0.12253730609981069 0.07708009163922973 0.2401942887874782 0.08408141496400728 0.14187655332358967 0.10833997662586492 0.12499267060321081 0.10089769795680874
0.11030383049506579 0.06682619620256373 0.2962205725460479 0.11451252797937476 0.10485382492231056 0.07654884968724032 0.1276729229859596 0.10306127518143729
0.08582582099112017 0.11631932279670905 0.16686773961468646 0.1272617453835533 0.10130440381154406 0.16339021085588668 0.08631666208623617 0.15271409446026396
0.1037877965218462 0.07579133852051399 0.2607835798728205 0.12207484257011289 0.09797304367784607 0.09361770112096124 0.1361043394027975 0.10986735831310161
0.10503373869808239 0.06752688103097666 0.3095122429208238 0.11650425685654767 0.09286448844551963 0.07381100882963287 0.12989355204752404 0.1048538311708929
0.10298026269428043 0.06482498215224665 0.33349196240852974 0.11337705272495631 0.0892589349796743 0.06762050477360969 0.1264069528142423 0.10203934745246067
0.10118551481684761 0.06369733549784178 0.34510911629336344 0.11188479377129433 0.08723600616052324 0.06544772362244686 0.1247431954435177 0.10069631439416489
0.10009005062350876 0.06318691829877494 0.35070835812802204 0.11118569745160752 0.08619994884655739 0.0645981437266486 0.12396375521843404 0.10006712770644677
0.11864014791979834 0.07505996354209066 0.26337142350118214 0.08261509207343219 0.1362341850879743 0.10212819424540596 0.12281288314199772 0.09913811048811862
0.10795833717927684 0.06585383859290003 0.3082312230427732 0.11320925263832905 0.10220449465103981 0.07443465828113753 0.12621986824004744 0.10188832737449613
0.10364352360067387 0.06439049332671933 0.3324038362422991 0.11288478071326612 0.09165578526235164 0.06756717195482533 0.12585810625792507 0.1015963026419395
0.10137983695734441 0.06362648213533248 0.3444908772212106 0.11183860083631306 0.0878944740381869 0.06542329429068325 0.12469169376824753 0.10065474075268173
0.08346677819249929 0.11540134991823822 0.18248590540790266 0.12693030319735116 0.09599294666122613 0.15731449496514915 0.08609185782081209 0.15231636383682137
0.10236561111422975 0.07519461121236562 0.2693717626991049 0.12128102043491067 0.09580495047506762 0.09160983871039712 0.13521928696250488 0.10915291839141959
0.08395001830066225 0.11864233305642458 0.1580644529982899 0.12804589375476502 0.09873251542000637 0.17206119472177153 0.08684851924236237 0.15365507250571803
0.07816323293348022 0.12635437768329397 0.12071235715644485 0.12675208253456663 0.09819876001786199 0.21174571291377525 0.08597097771909737 0.15210249904147996
0.10343426790867433 0.07871721458811413 0.23535330164618656 0.1247508359217807 0.09912483312465113 0.10725592219207992 0.1390878722889107 0.11227575232960262
0.08419337128272435 0.11949897100391275 0.14699708306750991 0.12827378308037768 0.09972077716585583 0.18038438704864926 0.08700308765451704 0.1539285396964532
0.10424012817690555 0.07693725971040795 0.2500314799944544 0.12332662994506828 0.09843714607875886 0.09853340023493914 0.13749998890890447 0.11099396695056146
0.10571820463707643 0.06804382067068027 0.30410625393272356 0.11719196665454516 0.09348482462190105 0.0753218623433182 0.13066029715066454 0.10547276998909065
0.10345423194819116 0.06506730799767625 0.33084448679770356 0.11371020150896047 0.0896681532080134 0.0681380483348332 0.12677838884655743 0.10233918135806443
0.10145493114870212 0.0638111398824478 0.3438255544889079 0.11204220400063268 0.08746342244313805 0.06564606833340417 0.12491869610219791 0.1008379836005694
0.10023091839982223 0.06324039446984277 0.35008823008544027 0.11125976130906963 0.08631944467093391 0.06468113499437787 0.12404633089235076 0.10013378517816267
0.08313563481015954 0.1152435955675917 0.18426719559470922 0.12683252842554663 0.0954665278686035 0.15682994260366717 0.0860255410190664 0.15219903411065594
0.10217160977829262 0.07510934034836418 0.27032692541726183 0.12116603226936264 0.09557314037183941 0.09151243903332779 0.1350910837391252 0.10904942904242639
0.10407960345389261 0.06713659235041856 0.3143567338419353 0.11594510984398618 0.09179474873877784 0.07306646805549505 0.12927014485590696 0.10435059885958756
0.09633972202582981 0.13317614356762494 0.19738982692456847 0.14566035249221274 0.08346682799625861 0.13877602174360593 0.0740967880069082 0.13109431724299145
0.12151518751417371 0.0882765963531937 0.19900863865842217 0.08635383960282465 0.14005403719789103 0.13279631069575687 0.1283707824543483 0.10362460752338958
0.10072329134483875 0.1371384626317793 0.15426995119895787 0.1440588644505118 0.09553459154096927 0.16533974282439587 0.07328211800308645 0.12965297800546063
0.10892759655241349 0.0785807206062659 0.25320992324475117 0.12217551861147 0.09649143919752091 0.09444024936148232 0.13621658567577327 0.10995796675032302
0.10697687210897043 0.06807908833702968 0.3055640070771065 0.11687998463831772 0.0927242080306502 0.07427139314862863 0.13031246048481096 0.10519198617448595
0.10375724232964155 0.06500725875714555 0.33151868771706827 0.11358902485825986 0.08937499673883599 0.06787938130255508 0.12664328592405988 0.10223012237243388
0.0841653306733414 0.11589565005158128 0.17833716651015985 0.12719342453774465 0.09656351431943432 0.15894248173249614 0.08627032272994856 0.1526321094452936
0.13397982267381128 0.10455275404077802 0.21800676393304622 0.09873401360324656 0.12536953754309244 0.12041543900545387 0.11008105695764951 0.0888606122429219
0.08980121783884892 0.12851860619083577 0.1389843216281305 0.1231853358419134 0.10512934356536749 0.18300697891878825 0.08355179300581952 0.14782240301029606
0.10562945481639435 0.08311772104038645 0.24404752698576432 0.1222077646320025 0.09966296780992293 0.09909503896447962 0.13625253758224753 0.10998698816880224
0.10607181156289608 0.07204196174057861 0.30050044790099334 0.11681966468102262 0.09374898171514713 0.07543422595252568 0.13024520823391625 0.10513769821292035
0.10345229035191812 0.06828352354369255 0.3287216942977334 0.11337247293330924 0.0896310925576714 0.06810185398736564 0.12640184668833135 0.1020352256399783
0.12013602264225778 0.0791411296904943 0.2538944465424447 0.0827699028869938 0.13805141084190387 0.10364018411741478 0.12304301981409824 0.09932388346439255
0.10858227171202342 0.06960182990011667 0.30291264664718476 0.11313261909312547 0.10289061601393178 0.07492623189373808 0.12613442755606674 0.10181935718381294
0.10381794108033617 0.06754329639309228 0.32944936821483356 0.1126669784542097 0.09182945592517366 0.06767740633058884 0.12561527299297706 0.10140028060878872
0.10131058591418342 0.06653285706046658 0.3427709803747923 0.11150674540189272 0.08782749640533792 0.0653735642574239 0.12432169972419979 0.10035607086170345
0.0999666588006322 0.06597640623781122 0.3492955734839356 0.11080409916645034 0.08621581844327553 0.06447945301012216 0.12353830160796776 0.0997236892498053
0.09926680538713441 0.06568683212220217 0.3524618720724073 0.11044279841139043 0.0855189173203173 0.06408877788747831 0.12313547822881887 0.09939851857025138
0.09891197824723877 0.06554225457664946 0.35399282002663507 0.11026500651329096 0.08520397540519171 0.06390820583854212 0.12293725353049004 0.09923850586196185
0.08239860957489745 0.11975325331818043 0.1850237248294294 0.1259541845199279 0.09464552472714742 0.15564988688863995 0.08542979471786415 0.15114502142391345
0.08921240950094553 0.15469884554847674 0.1484244866489988 0.14486635572212464 0.08346144519735132 0.17526385193006666 0.07369288530212427 0.13037972014991217
0.10518666946140948 0.08739349912400352 0.2496957272713943 0.1219948370500507 0.09294832814914472 0.09697044638046236 0.13601513921848934 0.10979535334504562
0.1231338537175874 0.08456192489149668 0.22091067377674284 0.08488298598514789 0.14231223280932292 0.1161544858745287 0.12618425976299597 0.10185958318217747
0.1457451181147218 0.0938772523912468 0.2341176439161098 0.09426515563920018 0.1385029685354092 0.10355460750343123 0.1050986138246008 0.08483864007528015
0.11714623454521096 0.0721283170341877 0.29142290289262085 0.11307036445269687 0.10332309007277482 0.07508074471722398 0.12606501827785754 0.10176332800742718
0.10692193668311674 0.06822296098100694 0.3234881356316224 0.11312716953889525 0.09231501214679304 0.06798198072377674 0.1261283517097832 0.10181445258500572
0.10251978076495741 0.06681098099247636 0.3397973220006055 0.11180739807603104 0.08817661592669383 0.06560433895171063 0.1246569050190973 0.10062665826842794
0.10046713592800045 0.0661096535793442 0.3478370061999595 0.11096367832103393 0.08642334534436169 0.06461564968193323 0.12371622045643635 0.09986731048893055
0.09948414654976204 0.06575249670927379 0.35175217774742423 0.11052291563877793 0.08563146513153896 0.06416137118986445 0.12322480295845836 0.09947062407490014
0.09900978633998639 0.06557452668214331 0.3536489006603182 0.11030441631556191 0.08526211080227704 0.06394509199671518 0.12298119251899216 0.09927397468400571
0.09878050265961752 0.06548728611417604 0.3545656413525198 0.11019792857473407 0.08508703634157648 0.06384100260529983 0.12286246663481544 0.09917813571726068
0.11771958747459293 0.07808016326432178 0.2647179828050632 0.08213251185568395 0.13521966074360045 0.1014755843937062 0.12209549523621074 0.09855901422682072
0.10731807699063646 0.06909384367218856 0.3085397623721081 0.11255682265218044 0.1016152652850732 0.07408263114655414 0.12549245749429672 0.1013011403869624
0.1031687072902009 0.06728477404512775 0.3322538343251364 0.11235181198228394 0.09124477165572002 0.06731558402080957 0.12526388589666582 0.10111663078405556
0.10098391793886562 0.06640329736135636 0.34414399454201855 0.11134808537985928 0.08755432168070838 0.06520830061538581 0.12414480563993266 0.10021327684187337
0.08299480731188912 0.12013126645053232 0.18188659359832432 0.12612994412488168 0.09544946940279632 0.15650298058136378 0.08554900558035453 0.151355932949858
0.10176191127163646 0.08042131626150148 0.2682934329636712 0.12041112119209481 0.09525568299292596 0.09123711202066574 0.13424941422461914 0.10837000907288533
0.0833460800605646 0.12470210644333414 0.15713161766845687 0.12707890739292824 0.09802855591252613 0.17102539341895107 0.08619265023172523 0.15249468887151385
0.10301238888968049 0.08209728424028902 0.25480206644221065 0.1218329009797707 0.09707808205866075 0.09569307392268633 0.13583459258490851 0.10964961088179363
0.10478702053686594 0.07156007282974884 0.3061081727243622 0.11629016813048117 0.0926092093802326 0.07432934598614581 0.12965485909473048 0.10466115131743305
0.10280075379722808 0.06803098770343097 0.33151735290540263 0.11306267535837182 0.08909248169495491 0.0676828952065789 0.12605644551149814 0.10175640782253464
0.10096398061752213 0.06659828030638297 0.34387620728228174 0.11149994516583613 0.08703839129180385 0.06535912671844354 0.12431411796847697 0.10034995064925252
0.0829966064017126 0.12020320165177867 0.18179974026187928 0.12615220922965717 0.09529950554693079 0.15660197870277254 0.08556410712968052 0.15138265107558857
0.13333473588734188 0.10538830349643591 0.2196593421682989 0.09860704051979877 0.1247510674115735 0.1195736826035237 0.10993949144520848 0.08874633646781889
0.11434823095013343 0.07494205833700567 0.2847541965624697 0.11471623567025382 0.10040404011983976 0.07969058439784578 0.1279000418592233 0.10324461210322845
0.0864677675538777 0.12280586436490203 0.1626005394060631 0.12650482307286215 0.09947790231079169 0.16453404430247542 0.08580327130159346 0.15180578768743458
0.10371850144653083 0.08151712516172387 0.25765574276788944 0.12140811014138157 0.09720760619833746 0.09386463265597998 0.13536098250091347 0.10926729912724342
0.1391654502504635 0.09469857561766766 0.25509091358507613 0.09629513168370706 0.12277709089890967 0.09794533382536316 0.10736188562347637 0.08666561851533634
0.09144607467385597 0.1260041637201047 0.15146361591397692 0.12332029237081925 0.10469159353485795 0.17144658020293332 0.08364332873846872 0.1479843508449831
0.1189243525301402 0.09693696855912415 0.1768296283290337 0.08534643944267623 0.14867705342955878 0.14399661592317253 0.12687321445508287 0.10241572733121147
0.11169138886668376 0.07784527887064858 0.2616311088126581 0.1169104405330014 0.10936468667714855 0.08699128322560301 0.13034641653455528 0.10521939647970124
0.0854976867017546 0.1272087189543241 0.15469863711264542 0.1260501131283835 0.10188381232292242 0.16790603668665838 0.08549485933925143 0.1512601357540602
0.10337614434930763 0.0861105150367709 0.25264782633130467 0.12112341685170792 0.09792838401422925 0.09475906752144718 0.13504357072869524 0.10901107516653713
0.10473198263966824 0.07456791162693269 0.30461998810755386 0.11588974837049981 0.09269550148851458 0.07398567328895793 0.12920842094442292 0.10430077353344985
0.08384876984917101 0.12625646841993934 0.16876277379561333 0.12615181467827208 0.09692109019086062 0.1611130659313022 0.08556383952091498 0.15138217761392647
0.10226885252160545 0.08545091747752062 0.2605470318056608 0.12046358555902821 0.09592172939696886 0.09262274815759215 0.1343079080784986 0.1084172270031254
0.10402244369072179 0.07417816520871694 0.3086807275101249 0.11545043617133775 0.09180382709458819 0.07324038714345678 0.1287186206268497 0.10390539255420396
