0.125 0.125 0.125 0.125 0.125 0.125 0.125 0.125
0.07295173961840629 0.12906846240179573 0.09118967452300786 0.16133557800224466 0.08754208754208755 0.15488215488215487 0.10942760942760943 0.19360269360269358
0.09612633457119008 0.07759595682252693 0.19225266914238015 0.15519191364505386 0.08651370111407107 0.0796193001960873 0.17302740222814214 0.13967272228054847
0.099626400996264 0.07845579078455792 0.199252801992528 0.15691158156911583 0.08685378548392246 0.06839735606858895 0.17370757096784492 0.1367947121371779
0.0710787398872398 0.125754693646655 0.10506701245687095 0.15719336705831877 0.08529448786468775 0.16036154878538555 0.1066181098308597 0.1886320404699825
0.09358586318781213 0.07554521486245076 0.20543396760646732 0.15109042972490153 0.08422727686903092 0.08568130725886414 0.16845455373806184 0.13598138675241137
0.09025266667635165 0.072854562256814 0.24154621322215836 0.145709124513628 0.08122740000871649 0.07481702124263324 0.16245480001743298 0.13113821206226517
0.09543115533845474 0.07515203482903311 0.23297208896717014 0.15030406965806622 0.08319639183352465 0.06551715856890067 0.1663927836670493 0.13103431713780134
0.07323455517356972 0.12205759195594955 0.12118533791716318 0.14646911034713944 0.09154319396696216 0.15257198994493693 0.1098518327603546 0.18308638793392432
0.06868907351604386 0.12152682237453914 0.10755726480658243 0.15190852796817395 0.08242688821925263 0.1825675792795335 0.1030336102740658 0.18229023356180868
0.09571402807936988 0.07537479711250379 0.22439543007574592 0.15074959422500758 0.08974606807474364 0.06571136158525971 0.16688599767685006 0.13142272317051942
0.06851862346615376 0.12122525690165664 0.12623121599392073 0.1515315711270708 0.0822223481593845 0.16565516380009795 0.10277793519923065 0.18183788535248496
0.10287844379235543 0.08304645462756403 0.16323269270486457 0.10380806828445503 0.1332690206980291 0.13487797226285259 0.15431766568853317 0.12456968194134604
0.09238523685478953 0.07275337402314676 0.24735920380054435 0.14550674804629352 0.09063543069864499 0.06342601837915358 0.16108195143912019 0.12685203675830717
0.10066037792211142 0.08125596772025862 0.1931907448138994 0.10156995965032325 0.13955549924372337 0.11089293218612885 0.15099056688316712 0.12188395158038792
0.09044843836601713 0.07122814521323849 0.262524594763435 0.14245629042647698 0.08934856659905065 0.06209633172436177 0.1577049694586965 0.12419266344872354
0.06690802526906381 0.11837573701449751 0.13156475628177577 0.14796967126812188 0.09594970253351588 0.16130646420768313 0.10036203790359573 0.17756360552174624
0.08813755941059973 0.07114718651217086 0.22679896513750336 0.14229437302434172 0.09590489002232555 0.08900448323207155 0.15864760693907948 0.12806493572190755
0.0889914852133084 0.07008079460548038 0.27757830243032255 0.14016158921096075 0.08473495561008249 0.06109607734836751 0.15516464088474283 0.12219215469673501
0.07974182629513991 0.14108169267601678 0.11686944356265401 0.12299429617909155 0.11361839479423569 0.19467897279995974 0.08342221827799252 0.14759315541490983
0.06478784094011114 0.11462464166327356 0.10426835232572888 0.14328080207909194 0.0973262963768996 0.20659334270981777 0.09718176141016673 0.17193696249491033
0.0876046134585215 0.07071697712916797 0.22008012152658363 0.14143395425833594 0.09769170317226561 0.09749376739728442 0.1576883042253387 0.12729055883250234
0.07594573370205568 0.13436552885748312 0.14892169903041638 0.16795691107185393 0.0848144800936812 0.1513954768650286 0.08543895041481266 0.15116121996466853
0.09264075475634709 0.06947018789155286 0.23835885148882394 0.13894037578310572 0.09365108048675538 0.086984261075217 0.15490815031340294 0.12504633820479516
0.07123776307484468 0.11872960512474115 0.1370908794492677 0.14247552614968936 0.09710316749615205 0.14841200640592644 0.10685664461226704 0.17809440768711168
0.10581452377066662 0.07970340477467604 0.16805632834299944 0.09962925596834504 0.1468334687429928 0.1323023307241692 0.14810558051413683 0.11955510716201405
0.09916952519294707 0.07087349590856153 0.2563738119023545 0.14174699181712305 0.08955497760026285 0.061787150279258775 0.15691974674097464 0.12357430055851755
0.07724469428581662 0.11729842438452527 0.1408356902894087 0.14075810926143031 0.09572383277530176 0.14662303048065659 0.10556858194607274 0.17594763657678789
0.07020233279206765 0.115226628960719 0.1117290735499539 0.14403328620089875 0.0975206274375781 0.19075596567274672 0.09769214194495741 0.17283994344107845
0.09810732854271428 0.07238823562748917 0.23596398041300187 0.14477647125497833 0.08762796787939393 0.07464712607415842 0.16027350501161622 0.1262153851966478
0.07649987563515923 0.11509426619084605 0.13295516337902424 0.14386783273855755 0.09608622838302729 0.16527531305139934 0.0975799213357173 0.17264139928626906
0.09776718722314458 0.07170966468438515 0.2441057811083866 0.1434193293687703 0.08673004550393462 0.07246466309592851 0.15877109315549665 0.12503223585995363
0.07655759807152573 0.11635104307923666 0.13762550649691038 0.139621251695084 0.09474489787775088 0.15585719938932435 0.10471593877131298 0.17452656461885496
0.07501890057469522 0.12955343237617784 0.11375586862856264 0.139598246354389 0.095323662207912 0.16755339714948536 0.10469868476579175 0.17449780794298622
0.07546494842271577 0.1142665976793401 0.10523323739478778 0.14283324709917514 0.09679809056227533 0.19712577994238561 0.09687820238031009 0.17139989651901014
0.10050480531248272 0.06929270339696632 0.22027382579666946 0.13858540679393264 0.09737043323037829 0.09473357297433321 0.154512386380698 0.12472686611453937
0.10114123461883583 0.06634979244947194 0.2640199500310051 0.13269958489894387 0.09360353423966762 0.07480614314480079 0.14795013420822548 0.1194296264090495
0.09350135734967412 0.07128044503637838 0.2903896944185871 0.13359050345797852 0.08094991928036885 0.06593438578355316 0.14789017883829933 0.11646351583516075
0.0780654184315884 0.11357871523934811 0.14511864847410502 0.14197339404918516 0.09415533104811886 0.1604454221957068 0.09629499770292557 0.17036807285902217
0.09581868801320338 0.07792945378619016 0.24624643791448794 0.1400454785349292 0.08477422614046766 0.07805868401250189 0.1550361015934096 0.12209093000481008
0.06585074280293703 0.10794890725452244 0.08978880141961842 0.09008780093690968 0.13036621727619957 0.22767656731170186 0.10810536112429162 0.18017560187381937
0.06108528819764794 0.10584840340166568 0.06397515476438967 0.0859410100861323 0.14081607269268792 0.2673228385818532 0.10312921210335874 0.1718820201722646
0.06979363194922808 0.12133231454438222 0.09258101905362168 0.13138374552567278 0.10276586150009052 0.21937593637565928 0.09853780914425457 0.16422968190709095
0.07070561633701565 0.12362452902655129 0.09915678452995044 0.1320155263150474 0.09761705311514335 0.21284943804619702 0.09901164473628556 0.16501940789380926
0.07059602192836104 0.12359707624055016 0.10036938006721491 0.1316729809116403 0.09664692956705648 0.21377164946189647 0.09875473568373025 0.1645912261395504
0.07378307464871488 0.1125020891644799 0.1013158696848457 0.14062761145559988 0.0963979763837177 0.21123803888516735 0.0953822060307547 0.16875313374671985
0.1000212221346927 0.06913449902706278 0.21886258334171108 0.13826899805412557 0.09736017432232012 0.09775081062296909 0.15415961424840566 0.12444209824871302
0.10096492786604983 0.06627059735593094 0.26388481812032577 0.13254119471186188 0.09371680866557179 0.07556103706979184 0.14777354096979228 0.1192870752406757
0.0925206022414672 0.07050157712769034 0.28913228869199215 0.1319934754517073 0.08538322097419773 0.06927539731750337 0.14612220318626126 0.11507123500918076
0.07772722896545341 0.11323785427022388 0.14478311682377862 0.14154731783777985 0.0950364397104722 0.16180525410567956 0.09600600688127678 0.1698567814053358
0.07167130374326651 0.12346604855211323 0.1111165615785293 0.13279970900192906 0.09707657990356305 0.19827037921674073 0.0995997817514468 0.16599963625241132
0.07398807814632773 0.11255923673998372 0.10380435623738954 0.14069904592497964 0.09656002276189773 0.2081197478433729 0.09543065723607316 0.16883885510997557
0.11299536620494052 0.07805968697567768 0.15540711011843103 0.0975746087195971 0.14665451093613155 0.1471679772015285 0.14505120938017718 0.11708953046351651
0.09238356925365802 0.12930838898149483 0.13144553121259236 0.1616354862268685 0.09293685122029831 0.16459496642028196 0.08222326908062443 0.14547193760418164
0.10756017315677877 0.08763693997106536 0.16034090636392476 0.09283763496003278 0.14865974432957024 0.13955623218520197 0.14736132533338533 0.11604704370004096
0.09535538212810765 0.13186720111227854 0.09444209586581626 0.11496114968762747 0.1269339134308231 0.22051322879684668 0.07797364935334732 0.13795337962515294
0.1051763868659452 0.06813298761372877 0.21361085469987465 0.13626597522745754 0.10303693076472006 0.0992110938475759 0.1519263932759862 0.12263937770471176
0.08111245795485438 0.11300697619192321 0.12751477052053878 0.14125872023990402 0.09869493737452684 0.1730914110067809 0.09581026242358708 0.16951046428788483
0.05646935003013435 0.09167748055238832 0.13316292674357189 0.16416395885303683 0.07543026223683533 0.15076810387795966 0.1231229691397776 0.20520494856629604
0.10935812914970522 0.08556511457450565 0.16226328759661107 0.09394805467750338 0.14523512066088168 0.13707132868041633 0.14912389631349743 0.11743506834687922
0.1203249831958872 0.07565533626903972 0.17089939087003425 0.09456917033629965 0.1586299229803993 0.1258547685791767 0.14058342336560367 0.11348300440355957
0.10838815122951884 0.06576547372088483 0.24240950887325963 0.13153094744176966 0.10650334172785977 0.08037753365388794 0.14664719065522677 0.11837785269759268
0.08243457296997588 0.11273509354975851 0.13403567018824183 0.14091886693719813 0.09938900106940779 0.16580440173381084 0.09557975322696918 0.16910264032463776
0.09951015680350737 0.07614978050447258 0.23740626708472878 0.13634536767998662 0.09453524377598042 0.08624806503854637 0.15093992677637916 0.1188651923363986
0.11967250190121193 0.07619772695744655 0.19636164965846997 0.09524715869680817 0.1432109978655891 0.11342207588427328 0.14159129860003125 0.11429659043616981
0.12326034738923008 0.07490903783816116 0.18095033905006455 0.09363629729770144 0.15682198451397858 0.11886179221554685 0.1391966449380756 0.11236355675724172
0.10918099522675129 0.06545113946432875 0.24612724892530388 0.1309022789286575 0.10571021345800795 0.07886980078249142 0.14594627217866737 0.11781205103579173
0.10486704076325275 0.06498224700927621 0.2728115585849533 0.12996449401855242 0.09405364103382212 0.07145226198559695 0.14490071198784876 0.1169680446166972
0.12050606123967199 0.07534467737439511 0.20659136007869816 0.09418084671799389 0.14175562089087868 0.1085982634112145 0.1400061542255551 0.11301701606159267
0.10809388825449598 0.06502205794468432 0.25629819990286257 0.13004411588936865 0.10188009261840374 0.07663245665787487 0.14498948443187817 0.11703970430043177
0.10450487031732886 0.0647417484522587 0.2765753125839423 0.1294834969045174 0.09295559843656928 0.07083938999031097 0.14436443610100672 0.11653514721406567
0.08227507660393145 0.11256409261934414 0.1417279381613789 0.14070511577418016 0.09640964280879095 0.16203722092608824 0.09543477417727003 0.16884613892901618
0.0992395632518664 0.07594902887711232 0.24051601294927172 0.13600214894456628 0.0937341800398739 0.08543312040679209 0.15055996952756215 0.1185659760029552
0.08160993870697872 0.11305747879274357 0.13371833248363899 0.14132184849092946 0.09681925952300276 0.1680338439675695 0.09585307984602173 0.16958621818911535
0.09941928824612788 0.07620273844834584 0.2373393876416713 0.1364037743769814 0.09407682139539138 0.08663729350528607 0.15100458539087885 0.11891611099531711
0.0816454495923107 0.11307328993339082 0.1330019415410096 0.14134161241673857 0.09689733234351015 0.16856395432942686 0.09586648494352702 0.16960993490008625
0.09076981140363401 0.1472386773652921 0.12981871781680346 0.15813356739251283 0.08590080547211724 0.16756236757136594 0.08271601986685287 0.13786003311142142
0.06732768931018011 0.10706901768056598 0.06824496101500725 0.08351382768184043 0.13582632130226802 0.2707739344282487 0.10021659321820851 0.16702765536368086
0.06137861359203131 0.09128839091921634 0.05365713934782699 0.07958475105777833 0.14278918154697287 0.32216705065965057 0.08996537076096682 0.15916950211555667
0.09940599697314362 0.06828316600824678 0.1951783037155451 0.13656633201649357 0.1072544475936902 0.11814078619696088 0.15226126868107567 0.1229096988148442
0.0812106604556643 0.11245210246843296 0.12292778364561552 0.14056512808554117 0.09920043544246072 0.17962591019379054 0.09533982600584534 0.1686781537026494
0.11475766865463663 0.08506625447213614 0.1557345423316709 0.09135334111540216 0.15148729871758432 0.14240391495653595 0.14500530335778122 0.11419167639425269
0.08306689917785037 0.11080610090287381 0.1130127822324109 0.13850762612859227 0.1075721392610546 0.18688099800351426 0.09394430293939303 0.1662091513543107
0.07791232344808278 0.11205425212541316 0.10400020682656311 0.14006781515676645 0.09868491642890269 0.2041965897198234 0.09500251810632857 0.16808137818811975
0.10346147109666481 0.06870156096915031 0.21925041159500208 0.13740312193830062 0.09752787201134608 0.09679852564818399 0.15319422699688143 0.12366280974447054
0.08230626155651169 0.11291777748902537 0.12877622649559978 0.1411472218612817 0.09750402384405057 0.1722371850836453 0.09573463743634761 0.16937666623353803
0.09354545724294763 0.14650207733339635 0.12822718230282482 0.15724777946801183 0.08646876038638251 0.16866825088028703 0.08225268464480621 0.13708780774134366
0.08057760204946479 0.12490475921476242 0.10595310113784194 0.1298912647616718 0.10011252617042989 0.19877821714248553 0.09741844857125384 0.16236408095208973
0.06601799074452465 0.10309012839998909 0.0638358400571319 0.08200789084103276 0.1395282993299414 0.28309459993607544 0.09840946900923929 0.16401578168206551
0.07283166175480103 0.1085386004656205 0.09056980132509107 0.13567325058202565 0.10274243925182501 0.2348144890057017 0.09202185691650436 0.16280790069843076
0.10244294094829362 0.0687515031735794 0.21331419129366463 0.1375030063471588 0.09858713971162494 0.10234292215453764 0.15330559065869798 0.12375270571244294
0.10513631935179185 0.06595169586245299 0.2610318052213428 0.13190339172490598 0.09383259782109524 0.07636869922942148 0.14706243823657425 0.11871305255241536
0.10400802379777332 0.06476157222039941 0.27858075660613024 0.12952314444079882 0.09130963100352563 0.07083740178946452 0.14440864014518914 0.11657082999671896
0.09467442031575926 0.129433489264407 0.16351026223072138 0.16179186158050873 0.0828458801476128 0.1398285944954046 0.08230281654312838 0.14561267542245787
0.10563884431890233 0.07599237604120383 0.24777806359167834 0.1337888100386783 0.09095622418538278 0.08109957095396567 0.14810971237493079 0.11663639849525802
0.1218752109294671 0.07586719720846644 0.19926560608309477 0.09483399651058304 0.14159849564071542 0.11178159255446508 0.14097710526050852 0.11380079581269964
0.12483173888447094 0.0747332512868591 0.18164952147534602 0.09341656410857388 0.15606509777665803 0.1183339527435653 0.1388699967942382 0.11209987693028865
0.1099447594461166 0.06537021673095303 0.24626138936452033 0.13074043346190606 0.10547243513345173 0.07877854918607727 0.14576582656125944 0.11766639011571546
0.08337957413189229 0.1125648505410627 0.1348467349820489 0.1407060631763284 0.09909113114190238 0.1651289534520965 0.0954354167630749 0.16884727581159403
0.10419292964844867 0.07555616602807196 0.23641192514728834 0.13515017035870625 0.09519978324292182 0.086049005922943 0.14961679421069637 0.1178232254409234
0.09763626103189889 0.1440642574408988 0.10974551632447296 0.1162641945483076 0.11485816178894574 0.1990571217138723 0.07885745369363469 0.1395170334579691
0.10622892656144214 0.07738540609123642 0.21821237759930795 0.13407168440071043 0.09928750348659404 0.09466966314285974 0.14947992275720998 0.12066451596063939
0.10531029261305834 0.07072034502910561 0.26196455132934676 0.13070786055143968 0.09334806365119531 0.07458230213265486 0.14572951019690367 0.11763707449629573
0.10359243363050812 0.06919423397602334 0.2782560920880921 0.1286828331331091 0.09079203131764674 0.07019607028790825 0.14347175574691418 0.1158145498197982
0.10263417456299243 0.06868136285807927 0.28422623490286825 0.12790050125327346 0.08976782333771391 0.06907993787325313 0.14259951408387353 0.1151104511279461
0.1022115126298671 0.06849780427247734 0.2864081969222159 0.12761548438965656 0.08937733876789325 0.0687539855163431 0.14228174155085588 0.11485393595069089
0.10204156137984081 0.06843151962625238 0.2872058331463053 0.12751229717764007 0.08923211782896782 0.06864890787112185 0.14216669550999572 0.11476106745987606
0.08134622862183635 0.11959972530321254 0.14333526614057404 0.13929356906132867 0.09485029963528292 0.1599452510877917 0.09447737727637945 0.1671522828735944
0.10349566600233441 0.0758725613949236 0.23991290104256152 0.13482644041147332 0.0941006480505144 0.08499237191358393 0.14925841185152927 0.11754099933307932
0.1202952726754728 0.08558592239389198 0.19559678921917195 0.09368731884603683 0.14136561147657728 0.11177181087710857 0.13927249189649651 0.11242478261524419
0.10776789206034232 0.0749417995757245 0.2505366040677038 0.12885925439253593 0.10139910070164032 0.07685356796336139 0.14366845228540945 0.11597332895328233
0.10404001785974717 0.07317874983799948 0.2732078244159006 0.1282887282031768 0.0923299486189756 0.07046251752048606 0.14303235816085533 0.11545985538285913
0.10254157609887851 0.07250120739233229 0.281817446065703 0.1274582689193008 0.08989848183819564 0.0689641196243121 0.14210645803390698 0.1147124420273707
0.08098724463565658 0.12576462262865737 0.14153920245399745 0.13832375856870702 0.09445732314653887 0.15911974551565375 0.09381959276834043 0.1659885102824484
0.10349000988375248 0.07636421609089637 0.2392119239729538 0.134930326063205 0.09408546963858026 0.084913070500672 0.149373417538428 0.11763156631151206
0.08124010181582243 0.1267869760117661 0.13193487160323072 0.13867965856399073 0.09546842851476811 0.16541338740501335 0.0940609858086198 0.16641559027678884
0.10387976745938889 0.07668575821070558 0.2353496642170964 0.13537981216623898 0.09459537167726452 0.08621518314669512 0.1498710171315303 0.11802342599108014
0.07164247967561214 0.11177724341627436 0.08053726885428442 0.0852305730900715 0.140358112871277 0.24364557154964814 0.09634760436268952 0.170461146180143
0.0728815633191706 0.12942424509598918 0.09304596096542539 0.13349551438928048 0.10186808658501452 0.21854522870525378 0.09054478367272938 0.16019461726713655
0.10108649095371021 0.08388836206228144 0.2118094283223398 0.1350884769496074 0.09721110083968422 0.09872294104854114 0.15061357056918914 0.12157962925464667
0.13777775655128457 0.09986695140642131 0.21439103345914598 0.10794728044787417 0.12293803817431355 0.09957322562569136 0.12035316193218211 0.09715255240308676
0.08617309685629036 0.12943942188861132 0.12493270083929604 0.1358027430952432 0.1002073164487046 0.16837174253644124 0.09210968662112148 0.16296329171429186
0.10504411546411987 0.07691941483732145 0.23218940861235451 0.1354251605767879 0.09564754997020333 0.08679017035022532 0.14992121968614697 0.11806296050284074
0.08152489068634 0.126918983470893 0.13035911620305768 0.13870830884675595 0.09581182001731195 0.16614649198521292 0.09408041817432143 0.1664499706161071
0.10399373395159467 0.07673314712548225 0.23470588131058978 0.13544802422642863 0.0947124246361459 0.08637736514825459 0.14994653068615624 0.11808289291534804
0.12053353937078962 0.0857881284331511 0.1940143659460522 0.0937854263498995 0.14168648328049413 0.11223120970943573 0.13941833529029837 0.1125425116198794
0.08316900090549446 0.1267384066246785 0.12042389129738282 0.13615855937981347 0.10435288587601851 0.17341596177713647 0.09235102288369956 0.16339027125577613
0.1027208211828704 0.08288480572175214 0.22306893793513566 0.13407583335523116 0.0969594245366847 0.09013737871674081 0.14948454853187715 0.12066825001970806
0.10404134323454438 0.07501185730209096 0.2633132861527522 0.12991900732225306 0.09244808327054184 0.07348931841178542 0.1448499977160045 0.11692710659002775
0.10291849162298305 0.07300280563324978 0.2782348763690712 0.12798366466093158 0.09025595560342779 0.06972667283831052 0.14269223507718792 0.11518529819483843
0.13623676715389713 0.09653199202404918 0.23651038946416686 0.10609176285541155 0.11917066026985774 0.09169144337469862 0.11828439828804839 0.09548258656987038
0.10979597469430617 0.07506103867074858 0.26575616057497825 0.126632477532225 0.0952812168028742 0.07231813968232485 0.14118576226354038 0.11396922977900249
0.12114533965288973 0.08482486953106533 0.20307046161017378 0.09289498268271719 0.1407613024433426 0.10773443388743686 0.13809463097311392 0.11147397921926062
0.1417317274635949 0.09824184784025196 0.20843146373728152 0.10569134555118155 0.1329491537863375 0.09999428774956895 0.1178379628757203 0.09512221099606338
0.11187045357371109 0.07581528714873642 0.2546768533717418 0.1275468354519744 0.09885057227383405 0.07424264316482998 0.14220520310839535 0.11479215190677697
0.13927956041373327 0.09721510963521775 0.22817064920084607 0.1063460421692686 0.12180239064061092 0.0929069092410508 0.1185679007469308 0.09571143795234172
0.1276520047358916 0.08681494920431992 0.1891053447887631 0.0914428051266229 0.14760685020872052 0.11171080828206818 0.13593587150166628 0.10973136615194747
0.14377562586812376 0.0985803587804708 0.20321131111618024 0.10568436642423232 0.13489039090697424 0.10091183545220735 0.11783018167000228 0.09511592978180908
0.11249550798399978 0.07595907255698561 0.2525940060802229 0.12771954381106432 0.09938914850947282 0.07449737158819947 0.14239776004009708 0.11494758942995789
0.06270777154161937 0.09582495316515655 0.16357015580544432 0.16768509067239717 0.07310774132451195 0.12214794327141158 0.11373423541258243 0.20122210880687663
0.1000623609952518 0.0747669061063219 0.25030485292774074 0.13614891457115824 0.09018035777964808 0.07912023698700522 0.1507224451093001 0.11869392552357386
0.0963139910865847 0.15107460480750154 0.11196345947103593 0.11556561618370687 0.11304210604518976 0.19497784766093176 0.07838363532460117 0.13867873942044823
0.10514574788084123 0.08537849863796927 0.21775384872376588 0.13268077378671372 0.09822068034812334 0.09347859299264116 0.1479291612219032 0.11941269640804235
0.10468573838999407 0.07536876809032136 0.2611394150164759 0.1299916173034383 0.09278462119083533 0.07410643200946972 0.14493095242637075 0.11699245557309448
0.10312971625689733 0.07309205168656535 0.27741251941511447 0.12806683750470851 0.09038119798111029 0.06987255681029586 0.14278496659107054 0.11526015375423768
0.10221523820453268 0.07240276075818355 0.2834035334228562 0.12729948082727194 0.08939423819888165 0.06878579468257671 0.14192942116115245 0.11456953274454476
0.10180339601395945 0.07216803211925872 0.28560230549039967 0.12701763574894248 0.08901219541659727 0.06846537810476443 0.1416151849320299 0.11431587217404822
0.11890125516466368 0.08433003054775212 0.20941447808298178 0.09279680327176922 0.13862038235597854 0.10663220596613149 0.1379486806846002 0.11135616392612305
0.12273871753786093 0.08541832156318022 0.18348772328758453 0.09196770655349955 0.15357434140497503 0.11573576906140852 0.13671617272729186 0.11036124786419946
0.10856079647257941 0.07505392360722757 0.2454622806241193 0.12904516038248018 0.10417821353293603 0.07768325744580941 0.14387572359061598 0.11614064434423217
0.08206684002091498 0.1263192257667495 0.1333117395090554 0.1383833787101125 0.097535935114453 0.16246279564928606 0.09386003077729368 0.16606005445213495
0.10398538116866335 0.07659439620577721 0.2358460280207729 0.13527124991789796 0.0949523189800001 0.08567100946723857 0.149750834259944 0.11792878197970594
0.0813384160208758 0.1268527633300062 0.13118607250222117 0.13870603998525624 0.09566522188836245 0.16572535899662297 0.09407887929434772 0.16644724798230745
0.07868887709916639 0.12292271093267786 0.10677996428838137 0.13019624175950512 0.10276438135249348 0.19825534104876566 0.09764718131962882 0.16274530219938138
0.07525093941982151 0.13369401403471082 0.10021699355688143 0.13592479387881554 0.09536389241894011 0.20424714514453368 0.09219246889171837 0.1631097526545786
0.08796990821673542 0.07305795356724153 0.18623820571149255 0.11696690266858044 0.11054179809351306 0.11098579173729547 0.17387915680284496 0.14036028320229654
0.10217463792177045 0.0749831323418196 0.24981998246082918 0.13209812327452083 0.09665720205001836 0.07809906162178328 0.14727954938218962 0.11888831094706874
0.10299219049289068 0.07337124318198295 0.2732992715169697 0.12867288006432356 0.09156101412174877 0.07083714974620846 0.14346065881798464 0.11580559205789122
0.08110612913197876 0.12602182808193207 0.13964535899351888 0.13843093768092082 0.09486188645621443 0.15992444627214036 0.09389228816618977 0.16611712521710498
0.07868760734263691 0.12288142316161675 0.10868940706692522 0.13024058236822184 0.10284212188702226 0.19617769343713337 0.09768043677616638 0.16280072796027728
0.07527672492501272 0.13373181766191772 0.10066980922217013 0.13597281741522138 0.09541303117823786 0.20354337732189395 0.09222504137728059 0.16316738089826566
0.07460005287461537 0.1357869326704908 0.0988011062777966 0.13586689144933392 0.09374587765893341 0.20600567339008105 0.09215319593954824 0.1630402697392007
0.07444773968736013 0.13614063426108386 0.09834709155460976 0.13580833821088964 0.09335293034810303 0.20681977851576075 0.09211348156912516 0.16297000585306756
0.10146017071999709 0.08472820263749288 0.2143102631803575 0.1351626775747525 0.0953685729589472 0.09662740438230974 0.15069629872886586 0.12164640981727727
0.08081438926118097 0.12845532328883777 0.12620235308023864 0.13866439492293314 0.09567223458524957 0.1697433978758767 0.09405063307816335 0.16639727390751974
0.10396622282543116 0.07693724383221766 0.23299944671218478 0.13561296774367865 0.09499323105597583 0.08713506806259748 0.15012912994009192 0.11822668982782239
0.08133238088316846 0.1269251192481959 0.13053574750397334 0.13871446045575261 0.09567155144225625 0.16627879734976153 0.09408459056998875 0.16645735254690314
0.1039236498427783 0.07671138341413047 0.23473813889714168 0.13540197068274903 0.0948506896751641 0.08643587629571815 0.14989554752017803 0.11804274367214018
0.0813234641681523 0.1268729569351647 0.130928370263675 0.1387042514174755 0.09563903106306094 0.16600915827269136 0.09407766617880947 0.16644510170097057
0.11634871115481123 0.08588033477860764 0.15781219480041042 0.09095571302956043 0.15225129205121998 0.1386829652324709 0.14437414766596895 0.11369464128695053
0.08212314401633723 0.12631857158789908 0.1119012147986359 0.13570995008801032 0.10623457063687741 0.1828138600112815 0.09204674875534612 0.16285194010561235
0.1027143190493002 0.08302659335358101 0.21955618588432266 0.1343771504608402 0.09759049927395283 0.09197532194496698 0.14982049461828004 0.12093943541475619
0.12044105416229774 0.08685900391995899 0.1893364374201268 0.0940064984939906 0.14289649054605907 0.1139057433841592 0.13974697388061885 0.1128077981927887
0.1080181786121081 0.07525267858095365 0.24810596202170948 0.1291349768187674 0.10192004249579749 0.07737082011941607 0.1439758622143571 0.11622147913689065
0.12100265151368883 0.08510842882170919 0.19766535974956956 0.0932076288379303 0.14326365145175382 0.10934372453837157 0.13855940048146057 0.11184915460551635
0.10782629510286779 0.07480181430123799 0.251265299020236 0.12870645896842198 0.10169714972768655 0.0763690730178039 0.14349809679016598 0.1158358130715798
0.0819312846632615 0.12625536695751527 0.134617921471786 0.1383640819283154 0.09699651901481239 0.1619509851250389 0.09384694252529219 0.16603689831397844
0.10467371251344015 0.07647115742459175 0.23617179595351798 0.13503405727595086 0.094903040036353 0.08553598589029635 0.1494882522550209 0.11772199865082898
0.08145477273051059 0.12681286911428571 0.1312539064248843 0.1386857245085282 0.09564608078478898 0.1656586769253317 0.09406510010143652 0.16642286941023382
0.104703777528649 0.07661538679568723 0.23486034429352057 0.13522579351905467 0.09474800714695109 0.08625702523398703 0.1497005121578464 0.11788915332430408
0.0970227775142911 0.151079083483681 0.1087817587681197 0.11520907006818544 0.11387961728210208 0.19763500475555068 0.0781418040462475 0.13825088408182254
0.10539196894192134 0.0854417303456332 0.21639677797807133 0.13276713825275435 0.09847354678967371 0.09401296210803789 0.14802545115642912 0.11949042442747893
0.10478554782864936 0.07540820715314195 0.26061891830974 0.13004818158008988 0.09287528614581027 0.07422647818686504 0.14499401737362258 0.1170433634220809
0.10316976810709885 0.07310955682489148 0.27721867796368455 0.12809024531577162 0.09041502938768202 0.06990443706312281 0.1428110645535543 0.11528122078419445
0.0811220293128639 0.12593344221411837 0.14051815558027775 0.13838258992338356 0.09459460755793567 0.15953057172923946 0.09385949577412103 0.16605910790806028
0.10430669989083609 0.07631631961097392 0.23859765682536438 0.13479977340502214 0.09424144620547517 0.08499146250953327 0.14922889037918607 0.11751775117360902
0.08138318299405733 0.1267680497446798 0.13179363940680022 0.13866718909074516 0.09549657702241521 0.165438206579555 0.09405252825285325 0.16640062690889418
0.07927883465349692 0.12278885583851434 0.10683304783023782 0.13003799024182922 0.1028459530990511 0.1981393378532122 0.09752849268137191 0.16254748780228648
0.07535002010824149 0.1336592297710311 0.10022379155205827 0.1359123352204553 0.09537633016728977 0.20419947224511245 0.09218401867126534 0.16309480226454634
0.10159700757331133 0.08435113640141037 0.21504109550138867 0.13505400564095266 0.09572953856200907 0.09610347361154552 0.15057513763252484 0.12154860507685739
0.12027525455135092 0.08714661508679973 0.1880163203414079 0.09412771146768537 0.1424597899969422 0.1150938896874054 0.139927165107186 0.11295325376122244
0.09592872914085282 0.1465989787855869 0.1374165690733198 0.15715964062878038 0.09046356721618677 0.1510424127042959 0.07994642588507522 0.14144367656590232
0.10761400373318633 0.07768779410620161 0.2369074455283797 0.13460016822683557 0.09328847840424873 0.08355045435651065 0.14900791924175527 0.11734373640288229
0.08199671116056427 0.12708484414001167 0.13145015778606417 0.13870161241587767 0.09531628644731258 0.16493257690382546 0.09407587624729095 0.1664419348990532
0.10482114349445337 0.07662897327368176 0.23493616709231008 0.13521616879502096 0.09467207345274019 0.08615485415984739 0.1496898571926972 0.11788076253924906
0.08148220421680274 0.12685004758600324 0.13097419108982578 0.13869428071604703 0.09559801113121082 0.16589722495866543 0.09407090344218844 0.16643313685925643
0.09550683512799654 0.14790197469330302 0.12845740927517432 0.15662172814079134 0.08641128786507629 0.1666335338499905 0.08192521164287549 0.13654201940479246
0.08155920398753576 0.12486351144641505 0.10587490500267703 0.1296309184169396 0.10054991886549122 0.19825970544706215 0.0972231888127047 0.1620386480211745
0.07573699595446223 0.13405802044938323 0.0999979409088752 0.1358849841195445 0.09487817080269609 0.20421643933180753 0.092165467489778 0.16306198094345337
0.10169610298278986 0.08440705258713498 0.21494799188410355 0.13506372329239658 0.09562922217796971 0.09611258402376152 0.15058597208868693 0.12155735096315691
0.10411775778386075 0.07542994395626132 0.26031333359680153 0.13034447859921916 0.09245057308034924 0.07470951580597693 0.1453243664382339 0.11731003073929726
0.10304676368227425 0.07313515020687086 0.27713965231814286 0.1281356336982793 0.09035399998094391 0.07000506057217969 0.14286166921285764 0.11532207032845135
0.10220853495835935 0.07241705899761225 0.28330836964546235 0.12731676973172895 0.08939936875774414 0.06881610815113166 0.14194869699940527 0.11458509275855608
0.10180560626791016 0.07217249242033746 0.2855682206895169 0.12702278468613498 0.08901648238141313 0.06847298172441539 0.1416209256127505 0.11432050621752148
0.08083784717979293 0.12566067515275947 0.14236676823814529 0.13827613729893592 0.0942447786750654 0.15889513557208232 0.09378729312449567 0.16593136475872308
0.10416607029091876 0.07624033507219319 0.23932153762710917 0.1346938996432707 0.0941876563573305 0.08485336626535123 0.14911168377277012 0.11742545097105649
0.07172063696893664 0.11173626462827252 0.08113078986737626 0.08525301584962552 0.14029007600592833 0.2429902105419024 0.09637297443870713 0.17050603169925105
0.10041694705742202 0.08133973335999138 0.20536421214458006 0.13424662611800103 0.10523033551152981 0.10290521258563773 0.14967496971663696 0.12082196350620095
0.1040340367004663 0.0752007154006273 0.2564720740379908 0.13057214821151808 0.09462965182684871 0.07599823936650484 0.14557820106567762 0.11751493339036627
0.10314369700937352 0.07319157613411911 0.2756908090117372 0.12828627710774806 0.09090255524783598 0.07029781071984302 0.14302962537236985 0.11545764939697326
0.10227762261137929 0.0724585271572292 0.28277184580570575 0.12738041100814768 0.08955281955636496 0.068896751680577 0.14201965227326316 0.11464236990733291
0.10183905030905792 0.07219065145874201 0.28537064778373156 0.12704714455511623 0.08906345756258058 0.06849853318240332 0.14164808504876392 0.11434243009960461
0.08084485978553324 0.12566639344613179 0.14232318312006467 0.13827874012417665 0.09425614175287259 0.15890713510320234 0.09378905851900678 0.165934488149012
0.11693394770028655 0.08558443680541872 0.16117678989405604 0.09072084249914712 0.15160312166540188 0.1365784710115222 0.1440013373002335 0.11340105312393389
0.08224212538451442 0.12627452277633106 0.1126742169373366 0.13572140376163186 0.10611659430287937 0.182050934989372 0.09205451733397639 0.16286568451395822
0.11604343520757353 0.09376883968671165 0.1552460569718311 0.094858484141746 0.14692790131645472 0.1383115939366641 0.1410135077689239 0.1138301809700952
0.1081738660491451 0.07695701054509928 0.23476929473907818 0.13062431406787306 0.10388724309776029 0.08239002673741926 0.14563636210253905 0.11756188266108576
0.08201035114330944 0.126762270548764 0.1308902201769961 0.13846881833284766 0.09748997895141451 0.1642977977171456 0.09391798113010537 0.16616258199941716
0.11731971662927064 0.08573497716820763 0.15759103342383476 0.09079217298226096 0.1528597063795109 0.1380976168997859 0.14411456028930308 0.11349021622782617
0.08229813777063187 0.12628764430944012 0.11185590137775342 0.13570430886555523 0.10636847542888189 0.1825974390741729 0.09204292253489833 0.16284517063866627
0.10275512418897066 0.08302213641141842 0.21953326392559908 0.13437596666309942 0.09761844520007604 0.0919375188419046 0.14981917477214218 0.12093836999678947
0.10416890338890035 0.07511662302499643 0.26197585713332 0.13007747273545803 0.0926903019429365 0.07387444148652546 0.14502667482595094 0.11706972546191222
0.08135121800616031 0.12646075977237056 0.1371106008882376 0.13854336433785436 0.09514801819941783 0.16116545882225033 0.09396854276828383 0.1662520372054252
0.11752744673009638 0.08565353275539588 0.15950934203552505 0.09072499402509046 0.15197899649911675 0.13719151839945937 0.1440079270239531 0.11340624253136307
0.08234292521242896 0.12628113936259047 0.11229506369411199 0.13571343480854203 0.10619039944414231 0.18227180340300972 0.09204911230492416 0.1628561217702504
0.11607255579812754 0.09377148504746835 0.15512196298149888 0.09486007924149983 0.1469543523667277 0.1383715904830365 0.14101587899184154 0.1138320950897998
0.14154873497747547 0.10069463304462388 0.19194178902168407 0.1068219454425952 0.1359382659307785 0.10781638330298675 0.11909849738152031 0.09613975089833567
0.1124211661812804 0.07653518566624419 0.24831281601387503 0.12828178198294762 0.10000316946067025 0.07596766326665515 0.14302461364367444 0.11545360378465289
0.08275822288930204 0.12661489495253161 0.13396337284882148 0.1383585800249199 0.09663284612802721 0.16179857632698305 0.0938432107995109 0.16603029602990385
0.07982899185931407 0.12275786836436287 0.10731536843584714 0.13000546524323556 0.10324207408206515 0.196839301528704 0.09750409893242666 0.1625068315540444
0.07546196115807599 0.13368044186380887 0.10035028423096046 0.135939324979387 0.09547943166025957 0.203759041363616 0.0922023247686277 0.16312718997526438
0.10161994334164341 0.08435065807490819 0.21509316633101264 0.13504977977433708 0.0957480212541734 0.09602320332041021 0.15057042610661164 0.12154480179690337
0.10409495746915916 0.07541911163876555 0.26036774533159124 0.13033721450987773 0.09247043613777309 0.0746907743332288 0.14531626752071441 0.11730349305888994
0.10303964175507854 0.07313240236855302 0.2771596948845029 0.12813295484249623 0.09035635040746649 0.07000061389508193 0.14285868248857414 0.1153196593582466
0.08109892871979169 0.12593931927868443 0.14050392519078406 0.13838464057726949 0.094582392533434 0.15956833835490417 0.09386088665240887 0.16606156869272337
0.07575763612287582 0.14121226914576643 0.10777300516429503 0.1359581565778765 0.09375836584750273 0.19017568174323726 0.0922150975049945 0.16314978789345178
0.10105913702278187 0.08946314359358525 0.21736789165832468 0.13402684994184466 0.09481158616285708 0.09321729099151643 0.1494299356814298 0.1206241649476602
0.10361146341322365 0.07860641553539345 0.2607697077628115 0.12971913414153272 0.09195599226379743 0.07396291212045143 0.14462715403541035 0.11674722072737943
0.10267438506256439 0.07578330329704426 0.27693727648044425 0.12766472172974186 0.09001776870628238 0.06968765765653247 0.14233663751062262 0.11489824955676765
0.101898018803092 0.07492647497698486 0.2828867577712958 0.12689346345574254 0.08912327527480413 0.06859115051621144 0.14147674209170102 0.1142041171101683
0.1186743479357844 0.0872560724503832 0.20827986711778632 0.09250681291945338 0.13834790529544141 0.10640922822888858 0.13751759054891877 0.11100817550334406
0.08248047794158085 0.1311629794306034 0.12319301244340301 0.13532850395449386 0.10321155494387184 0.17044123777151926 0.09178802876913499 0.16239420474539265
0.11552948275626714 0.09888591542918776 0.1580654351000372 0.09424457514372647 0.14530976885151412 0.13477044173612157 0.14010089081067398 0.11309349017247176
0.10766548520784139 0.08050069831016796 0.23534247750040393 0.12994678522486963 0.10320364524618866 0.08150783380370162 0.14488096800444417 0.11695210670238268
0.09373375661927101 0.1508573363032241 0.15004657179502134 0.15824209226982908 0.08353309165642052 0.1406722039848225 0.08049706432856524 0.1424178830428462
0.10721271355254319 0.07773376375458949 0.24214021826968515 0.13417552202385047 0.09165393179000077 0.08157250014943636 0.14853781843910183 0.11697353202079269
0.06068667618584805 0.09724805964119351 0.09833102503092925 0.10261833463923865 0.1172271552420344 0.2026487451727048 0.11600333480957412 0.2052366692784773
0.09823579608829909 0.0830930165537094 0.21440677967264704 0.1352578006289377 0.1005343239360542 0.09593790871876177 0.15080235383554697 0.12173202056604394
0.11902270145454329 0.08974146679502039 0.18739167139407836 0.0937406194361259 0.14356067432127603 0.11470239647205081 0.13935172680355432 0.11248874332335107
0.10748949338535234 0.07832982558931709 0.24687786143346133 0.12870992782635213 0.1018924451913211 0.0773595472225911 0.1435019643078881 0.11583893504371691
0.10386374751159216 0.0759584365999341 0.27146332626420466 0.128008374564023 0.09232570109863644 0.07045309207887657 0.1427197847751122 0.11520753710762072
0.10232902840909222 0.07507342693741237 0.28082197364558686 0.1271048423610349 0.08973661926111222 0.06882733746427329 0.1417124137965568 0.11439435812493139
0.11882137477597317 0.08730778014930625 0.20764255289807382 0.09253744086270187 0.13858193775231512 0.1065008634827292 0.1375631210436583 0.11104492903524224
