0.125 0.125 0.125 0.125 0.125 0.125 0.125 0.125
0.6197319164548326 0.13302456461837367 0.05402475676288196 0.010653435718901894 0.1388762437648289 0.031010903617071407 0.010531169280696086 0.002147009782413387
0.6375983978085644 0.12087247408201723 0.03629893377659925 0.0065894277009589785 0.15798294797161155 0.030841996802868397 0.00828231853033857 0.001533503327041812
0.6361695979692734 0.12029634590954073 0.035807306835437994 0.006503115502453878 0.16021380907403407 0.03118406957635476 0.008290619176769175 0.0015351359561360325
0.5397349203010857 0.21605240393874625 0.03034262558289069 0.011664897953802381 0.13625911724774434 0.0561491394699745 0.00703803628509453 0.002758859220661478
0.5306023057358341 0.2246365635016227 0.028157967261171556 0.011259148889459909 0.13642220687790485 0.05964170838139663 0.006588909298552233 0.0026911900540581226
0.47681861286956917 0.20302866319463272 0.01881898529084383 0.0075577912351946 0.19711081556431104 0.0866963880370655 0.00706853303766829 0.002900210770714922
0.4643928021977682 0.2002009319902355 0.017470107197944812 0.0070697010163280685 0.20809524028696325 0.09291812391565192 0.006966483787638678 0.0028866096074696163
0.5176172068088974 0.2239110564645551 0.0256879705792848 0.010418011659479982 0.14721236170902863 0.06598430770740532 0.006477925049473995 0.002691160021874713
0.52717513799167 0.2254559333120016 0.027422710036856347 0.011045569968574438 0.1384813648806437 0.061225131807961825 0.006512694299776517 0.0026814577025159694
0.5358375692001655 0.22849291652934564 0.021082305498878778 0.008475597693605298 0.13895366704812265 0.061217863650780927 0.00496175663477889 9.783237443225488E-4
0.5359311424679639 0.2286875015116906 0.020991541567125502 0.00845047933938693 0.1388434276871187 0.06117950406564975 0.00494138665238306 9.750167086815604E-4
0.5289580657368494 0.2257242269719345 0.02762285610636733 0.011120730606249456 0.13702063954613677 0.060378516911150364 0.006502006713151384 0.002672957408160953
0.5291204072504068 0.2255135018081965 0.027796036606374058 0.011171206962289487 0.1369070264144128 0.06027775306568854 0.006531952352739548 0.0026821155398923753
0.5361840169472903 0.2284871128393443 0.02113243536186926 0.008491914906369122 0.138702477848015 0.06105847659620731 0.0049651036455949146 9.784618553097312E-4
0.4763441305986509 0.20323711455109433 0.018662967376257444 0.007512480046649815 0.1973708709495482 0.08695671725533989 0.007027253741718429 0.0028884654807410435
0.5195707824574805 0.2240469429194421 0.026046379479698276 0.010542467478709487 0.14558471832563943 0.06502330828703137 0.006494003703727163 0.0026913973482717347
0.5275069083980146 0.22545105546132388 0.027487792695796952 0.011066945843597147 0.13822410854816758 0.061064761761513035 0.00651670095588369 0.00268172633570306
0.5288885527821037 0.2255028360095602 0.027753435235586047 0.011156647302023166 0.13709562112514484 0.06039083432233492 0.0065299678141547725 0.0026821054090925066
0.5291232286565988 0.2254959597392476 0.0277998779495405 0.01117176053555081 0.1369161277148431 0.06027777103675995 0.006532952785292813 0.0026823215821665113
0.5361842712756076 0.2284856677825036 0.02113258121753888 0.008491921792062734 0.13870341816173667 0.061058515855910114 0.004965157054494425 9.784668601459413E-4
0.6284056526794488 0.12668461498334083 0.03282757759361112 0.006243715298811148 0.16273563188508977 0.033876953098162375 0.0077254539953927415 0.0015004004661431213
0.5385297133157879 0.21663861387669442 0.03004605869904624 0.01159127773703497 0.1367738359372733 0.0566683202167008 0.0069985250280944124 0.0027536551893678897
0.5375161617326375 0.22770145748719237 0.02136966874149578 0.008548590720785223 0.13835238915629422 0.060525921828007596 0.0050042448138904565 9.81565519696801E-4
0.5291917342054567 0.22563234009759361 0.027676322542166537 0.011135063454589401 0.13690770529403296 0.06027403982675743 0.006508849352027336 0.002673945227375967
0.5291569654259803 0.22550411850496666 0.027803985063557676 0.011173494989661538 0.1368854971756156 0.06026091199905152 0.006532800046267319 0.002682226794899363
0.5291682773842101 0.22549388997548522 0.027808832722574527 0.011174649823257169 0.1368822867064962 0.060256133331365244 0.0065335597157949905 0.0026823703408164405
0.47656702366939535 0.2030774366616247 0.01878364956970726 0.007547940678237293 0.19723926162669952 0.08682484340351206 0.007060964626495333 0.002898879764328437
0.5196152353914906 0.224031169726242 0.026057422165205454 0.010545552474371712 0.145560780019124 0.06500277670408024 0.006495423254449604 0.00269164026503618
0.5275140909628022 0.225449401746306 0.02748935231249518 0.011067401323952607 0.13821971504846717 0.06106143097213283 0.00651686061815375 0.0026817470156902425
0.5358974573238237 0.22849053296884553 0.021091059750388847 0.008478409912963584 0.13891134909049516 0.06119045470947897 0.004962383804192882 9.783524398114414E-4
0.6283599714361293 0.12668778026434377 0.032817398995622915 0.006242188502744019 0.16277780509231823 0.033889644249784544 0.007724818701811645 0.0015003927572457042
0.5461251152466529 0.21969720418030134 0.022851574229326814 0.008815848595134996 0.1387103447201831 0.05747165691628478 0.005322943080796043 0.0010053130313200777
0.4777186635875286 0.2026373153057042 0.018873604087279762 0.007563899887602142 0.19697507424860597 0.0862489466169272 0.007084046933956753 0.002898449332395419
0.5197732783023532 0.22397944911347392 0.026089975226119208 0.010554817742466128 0.14548081676342073 0.06492958773338758 0.006499728161536064 0.0026923469572429637
0.5275388295309689 0.22544379915941962 0.02749462880534433 0.011068951043434336 0.13820463557061732 0.06104993180765803 0.006517405225971396 0.0026818188565860776
0.47622214237852567 0.2030446483438117 0.0187428705687427 0.00753440338149069 0.19750312229414696 0.08699910333517946 0.007055698130509307 0.0028980115675937847
0.5195597324191298 0.22403206093806768 0.02604682841373249 0.010542037795262636 0.1456032919752039 0.0650297447228039 0.006494725504360915 0.0026915782314388755
0.5275048020380628 0.22544993344845185 0.02748749619391943 0.011066805705304071 0.13822661105650166 0.06106588609997997 0.006516729849349374 0.002681735608431072
0.5358958268594882 0.22849062751039545 0.021090819553154113 0.008478333543555198 0.13891247744807042 0.06119119783890744 0.0049623656906828285 9.783515557467335E-4
0.628359716047748 0.1266878016135211 0.03281734122339791 0.006242179950005951 0.16277803806056101 0.03388971556581502 0.007724814848727956 0.0015003926902231047
0.5385225660099797 0.2166388405226783 0.03004460732886077 0.011590830517287685 0.1367794137194257 0.05667162266151864 0.00699845740322195 0.002753661837027325
0.5304149018401235 0.22469381263693747 0.028116288349298163 0.01124748644429553 0.13652577770097626 0.0597270035034987 0.006584175159982319 0.0026905543648878655
0.5363879017472144 0.2284123252960657 0.021166409551080373 0.008501041462120834 0.13861181197732902 0.060972159523662625 0.004969562415991484 9.78788026535663E-4
0.536020537477439 0.2286780022204718 0.021004699060094133 0.008454554904595681 0.13878536683387457 0.06113926183023908 0.004942501629646655 9.750760436390842E-4
0.6283757063194109 0.1266962976423909 0.032817003356650054 0.006242459468996545 0.1627578329677436 0.03388626321322249 0.007724116551003038 0.0015003204805825198
0.5461273929381105 0.2196980589253869 0.022851834118162658 0.008815951972637423 0.13870795441104913 0.05747057516731092 0.005322923824323474 0.0010053086430190786
0.4777191608076127 0.20263742748086444 0.018873656993819904 0.007563919082662199 0.19697463723589065 0.08624869764862818 0.007084050907244189 0.0028984498432778737
0.5263576931332321 0.22681675826026873 0.019815367865050042 0.008016396202392357 0.1473236565091079 0.06575205587284466 0.004936549138842795 9.815230182612785E-4
0.6267225993750787 0.12670034472966424 0.03247635116447411 0.006187936138449905 0.1643672512143673 0.03433429369924241 0.007710430631492245 0.001500793047231341
0.4858792693071381 0.19555238815820195 0.02030596073801733 0.007836242594938985 0.19784426561224702 0.08202002155750547 0.007578693459316909 0.0029831585726341745
0.5208757993069613 0.22327071138839508 0.026352786983759625 0.010619266050693014 0.14518798538685707 0.06444450583207677 0.0065476381922001566 0.0027013068590568297
0.5277020374920353 0.22537605039785003 0.027532152531608636 0.011078964772386912 0.13812893750778787 0.06097682131770122 0.006522443520342113 0.002682592460287893
0.5289191483422765 0.22549511489963195 0.027760073986187288 0.01115856410342403 0.13707750840528304 0.06037671893220689 0.006530673062586167 0.002682198268404221
0.47651478816663895 0.20307318872355473 0.018777417967077818 0.007545890478682626 0.1972785925171845 0.08685125091201992 0.0070601299551046005 0.002898741279736735
0.5261823794958016 0.2268664451926187 0.019789160764810906 0.008008850288648393 0.14740928256321145 0.06582949867780762 0.004933133794431019 9.81249222670426E-4
0.4742674317229856 0.2029345175207095 0.018429439855613988 0.007432102640379865 0.19904671476968525 0.08800384155075973 0.007001531324841595 0.0028844206150248014
0.46387898228343877 0.20015788405873483 0.017409721730046904 0.007049607287227168 0.20848050816598757 0.09318025623747925 0.006957972280630862 0.002885067956454692
0.5240129719090499 0.2267158594729504 0.019495157743016467 0.007907350487612366 0.14911848569085775 0.06685082559348256 0.0049184420131087375 9.809070899217203E-4
0.5270072852592611 0.22565588418815005 0.027255973943885535 0.01099658887273786 0.13859994811565995 0.06132818775708876 0.006483632179403882 0.0026724996838127795
0.535792577304166 0.22850992985059687 0.021073526035635233 0.008473230658895572 0.13897496843547635 0.06123690135288175 0.004960631942556516 9.782344197917837E-4
0.5359239989798257 0.2286891118268884 0.020990426403373404 0.008450157137548465 0.13884740380398908 0.06118262443088948 0.004941268188306099 9.750092291794936E-4
0.628360988219589 0.1266978371297895 0.032813605428694936 0.006241965740149607 0.16277101553682094 0.03389040404516575 0.007723869290470356 0.0015003146093200185
0.5385225039312694 0.21663978025443792 0.030044484034136027 0.011590824470915096 0.13677876173459436 0.05667158697104343 0.006998407548145799 0.002753651055457763
0.4779521949423123 0.20246968050367997 0.0190015012021418 0.007601258903482123 0.19683537517195535 0.08611114166380018 0.007119526690837183 0.00290932092179112
0.4645846354650888 0.20016491152762733 0.017496058076890485 0.007077133791933964 0.20799944762135508 0.09281753994513142 0.0069724874010618654 0.0028877861709112095
0.5176467829729795 0.2239056702281305 0.025693987283750493 0.010419852435984821 0.14719365088125516 0.06597025597463352 0.006478547787013738 0.0026912524362522196
0.47406475114308544 0.20273985296464103 0.018495503961693232 0.007449723656321524 0.19924156812957283 0.08808712353141687 0.007027915790841161 0.0028935608224277074
0.519210223510938 0.22402891515331272 0.02598081127630349 0.010519846018086431 0.1458779493449192 0.06520020170663066 0.00649076651813462 0.002691286471674579
0.47439716381036384 0.2027772408910849 0.018534289235785106 0.00746276034343944 0.1989823360957932 0.08791916003449665 0.00703270164316819 0.0028943479458687763
0.5258228890718951 0.2268583575096014 0.019739480959633716 0.007992126252025451 0.14767861157730247 0.06599735454434118 0.0049300589646985825 9.81121120502035E-4
0.5341983299455634 0.22860547287842428 0.020752067452572256 0.00836942089614478 0.1401835765290231 0.06198747116289091 0.00492890172946062 9.747594059207215E-4
0.5356447267381351 0.2287048467533378 0.020949180459005394 0.008437052398123767 0.13904135709467358 0.061309796468360725 0.004938178487861939 9.748616005016553E-4
0.5289129818861678 0.22572782569289399 0.027613927707519706 0.01111790129915875 0.13705313827831453 0.060399980738206564 0.006501345201265696 0.0026728991964729064
0.6284482960184175 0.12656009604821128 0.03301265194470702 0.006269090659727063 0.162616244524602 0.033830284723554344 0.007758120574955011 0.0015052155058257273
0.538558966310742 0.21662649744482318 0.030054883081466126 0.011593554122575445 0.13675747449185885 0.05665528478579998 0.006999546424627409 0.002753793338106959
0.47795950580605745 0.20246925184769082 0.019002471384333485 0.007601549254676199 0.19683072722824094 0.08610744967155207 0.007119695624361639 0.002909349183087656
0.46458603156134576 0.20016496642965442 0.01749622454143739 0.0070771878179272385 0.20799846086563373 0.09281682427743106 0.006972513538715534 0.0028877909678548096
0.4618946295943413 0.19979024409360235 0.017195020626190057 0.006973208064172565 0.2101443810037629 0.09418389567037022 0.006936946307067131 0.0028816746404933457
0.4613593728886076 0.19972397075801182 0.01713462151013311 0.006952526767644935 0.21056325344812665 0.09445654605404487 0.006929372938399994 0.002880335635031035
0.517125991465682 0.22390306578530977 0.025595610705941872 0.010386811292845058 0.1476009399816369 0.0662242943797843 0.0064725121884236705 0.0026907742003765374
0.5340109215544887 0.22841863817749708 0.020824525587052025 0.008388877945335804 0.14036223874611656 0.062069038876814836 0.004947796183831397 9.779629288636485E-4
0.5356226102846449 0.2286910250583837 0.020947850997831197 0.00843618593442874 0.13906738933667412 0.061321491409293785 0.004938537945933806 9.74909032810206E-4
0.528909117700229 0.22572689267094598 0.02761327670249367 0.011117650165524037 0.13705687163252078 0.06040194148281376 0.006501344536691211 0.0026729051087816705
0.4764981595906537 0.2030893395840411 0.0187729232293813 0.00754491789310202 0.19727767505368443 0.08685972475803345 0.007058779664499107 0.002898480226604843
0.5261798270979691 0.22686797422134564 0.019788701976953475 0.008008737736802572 0.14740991809091555 0.06583054648348328 0.0049330524412122 9.812419513181955E-4
0.5273566920581048 0.22565120340591754 0.027323168351682907 0.011018717534340056 0.13833019862814022 0.06115954225478757 0.006487726511517908 0.0026727512555087744
0.5288491335573577 0.22552044282244774 0.027742532707042192 0.01115375255371751 0.13711516407962263 0.060408547683316965 0.006528551834166746 0.0026818747623283323
0.5361361283848562 0.22848915935380784 0.021125426109431734 0.00848966716254375 0.1387362051746279 0.061080377939262756 0.004964597405704971 9.784384697647537E-4
0.5289993716535725 0.22570677671235742 0.027633540130727465 0.011123566436293303 0.1370001640066543 0.060360061791784686 0.006503359023203556 0.002673160245407054
0.5291270029386401 0.2255117551622218 0.027797490729366166 0.011171622967676244 0.13690316214893236 0.060274722039939964 0.00653210808761282 0.002682135925610321
0.6284931545964871 0.12654615769141825 0.033027644857302516 0.006270968317713556 0.16258027925271096 0.03381660627323652 0.007759866919449458 0.0015053220916816988
0.5461717593265747 0.21968436214412862 0.022860713568816287 0.00881830923271785 0.1386836335458853 0.05745196802057066 0.005323887093219592 0.0010053670680870196
0.5302520556912917 0.22491636550917826 0.027933242246472555 0.011194537753074213 0.13664094795248227 0.059829285141683786 0.006552600513953829 0.0026809651918632414
0.529311871670821 0.22543701216349055 0.027839859847468805 0.011182935466100606 0.1368156473992535 0.0601920714452916 0.006537647057297559 0.0026829549502765697
0.6285199541275888 0.12654038630393877 0.033034722183500564 0.006271906502100689 0.1625583436432287 0.03380875176114773 0.007760580789745311 0.0015053546887495721
0.5461761959764115 0.21968392287992874 0.02286139946069347 0.0088185119931162 0.13868063015266824 0.05745003847315883 0.0053239335470355595 0.0010053675169872022
0.5302527463806633 0.22491629944826153 0.027933380251116514 0.011194580905549865 0.1366404575247988 0.059828958509719934 0.006552610916576923 0.002680966063313203
0.6286242949416221 0.12650463707162304 0.03306334885572451 0.006275341244910049 0.16248562495495486 0.033776927719224074 0.007764277043841031 0.0015055481681001339
0.4862796405920541 0.1955834808712925 0.02035607350365811 0.007851869269227778 0.19753441373042116 0.08182666062471863 0.007584220854159341 0.0029836405544682227
0.4658176066219374 0.19964471714247797 0.01768147174219864 0.007124419754696393 0.20765013946774033 0.09215639409852061 0.007026619305569825 0.0028986318668588673
0.6162848204120679 0.1258763008066009 0.030626005772961085 0.005865773337749741 0.17506717573077674 0.03704950637362132 0.007716527747592673 0.0015138898186297543
0.5366681939335117 0.21654259830418457 0.02968452751265186 0.01147483142570536 0.13834501520500386 0.05753845630007408 0.006989122923434375 0.0027572543954341544
0.5301009313269879 0.22469902699690913 0.02805440162136562 0.011227314988730334 0.13676945673746393 0.05987799263160179 0.006580502442119303 0.002690373254822073
0.5363324004706369 0.22841443106538317 0.021158300719089206 0.008498435461756071 0.13865112369929647 0.060997559533404376 0.004968986765633655 9.7876228480002E-4
0.5290280908696376 0.2256992150831575 0.027639649426599765 0.011125318497818773 0.13698357786544407 0.060346884404961366 0.006504018618198881 0.0026732452341819745
0.5291315901722333 0.22551090547408406 0.027798457971053812 0.01117191220819892 0.1369002098536263 0.06027257815339949 0.006532199319505067 0.0026821468478990034
0.5361859224289416 0.2284868380017973 0.021132726610468437 0.008492003098596719 0.13870129032241996 0.06105762556492679 0.004965130527470951 9.78463445378155E-4
0.47634449125751854 0.20323712208043537 0.018663011217681817 0.007512493945336048 0.19737061987096968 0.08695653454859949 0.007027260475842769 0.002888466603616229
0.5195708397295904 0.22404693963756422 0.02604639058406775 0.010542471085918067 0.14558467635397027 0.06502328062958454 0.006494004540346049 0.0026913974389586293
0.474473020770833 0.2027849101799101 0.018543193228763202 0.007465732678774231 0.19892397183240307 0.08788079575327981 0.007033838801370824 0.0028945367546658286
0.4639274615018121 0.20014965859729594 0.01741706621158875 0.007051713239499051 0.20845389519031032 0.09315524584259144 0.006959573587263951 0.0028853858296383
0.4617671632797517 0.19978096826306097 0.0171801752583586 0.006968278278644305 0.21023816740507925 0.09424919658904134 0.006934775711315337 0.002881275214748475
0.6156504450219519 0.12593463987031442 0.03048308572108242 0.005844418384450192 0.17563854012952332 0.03722981277718206 0.007705597213268464 0.0015134608822272688
0.5365696386237089 0.2165472196450421 0.02966439019921487 0.011468665878752103 0.1384207190954798 0.057583940667578444 0.006988102731393019 0.0027573231588307406
0.5300845005797997 0.22470011400635628 0.028051090841183256 0.011226264667540781 0.1367815798043234 0.05988582264824057 0.00658027173087126 0.002690355721684764
0.536329520463418 0.2284146086726296 0.021157875620385833 0.00849830067380926 0.13865310892245122 0.06099887043364731 0.004968954501095186 9.78760712563655E-4
0.62842437600163 0.12667957369561939 0.032832638222233895 0.006244358332471713 0.1627212236367619 0.033871379128975206 0.00772602291491927 0.0015004280673886158
0.5461356775559572 0.21969668186029898 0.022853166091654355 0.008816331717143973 0.1387027777175 0.05746702037243129 0.00532303285271812 0.0010053118322963643
0.5302465149011151 0.22491760811189548 0.027932057812401035 0.01119419330025898 0.13664435257438107 0.059831837717140735 0.006552483863722495 0.002680951719085156
0.5293109770615981 0.22543715768782752 0.0278396726134233 0.011182878850158734 0.13681623934300702 0.060192491179000336 0.006537630230708474 0.002682953034276551
0.53621544589121 0.22847976833384154 0.021137412352577364 0.008493350252424047 0.1386851480091231 0.06104473212815471 0.004965645233617036 9.784977990522188E-4
0.5290116974737068 0.22570540583056545 0.027636011658197533 0.011124336244676477 0.13699158217632096 0.06035422941036175 0.006503557468670727 0.002673179737500343
0.6284638180458261 0.12655790584667223 0.03301647829751601 0.0062696283347175325 0.16260265159726187 0.03382585462725961 0.00775843687846849 0.0015052263722782045
0.5385613999578623 0.2166263163533496 0.030055388621722388 0.011593706441249093 0.1367556541250973 0.05665416732496122 0.006999574887749731 0.0027537922880084
0.5304213630115038 0.2246925062616885 0.02811769155382458 0.011247899298766451 0.13652165745964032 0.05972400455953374 0.006584308114197912 0.002690569740844665
0.6286624952593212 0.1264907470541549 0.03307707305892698 0.006277012517457673 0.16245598199149439 0.03376506019860226 0.007765973016214089 0.0015056569038283548
0.5385930193067454 0.21662032387860486 0.030062339755875956 0.011595683618268264 0.13673478404909437 0.056639893330248686 0.007000134750798692 0.002753821310363849
0.530426518654328 0.22469178474482696 0.02811876446298781 0.011248226347673512 0.13651814660847256 0.059721581940287136 0.0065843983289379905 0.0026905789124859196
0.5293569300083607 0.22541722931113328 0.027852241053806275 0.011186227130656092 0.13679309936299497 0.06017182378319601 0.00653923850385688 0.00268321084599589
0.5362232928426857 0.22847789327096357 0.0211386772742792 0.008493713071468947 0.13868082359744446 0.061041310466669704 0.004965782609934671 9.78506866553748E-4
0.5290128866326282 0.2257051941821389 0.02763625677401669 0.011124409810725561 0.13699081573037375 0.060353674365327396 0.006503580182397751 0.0026731823223916703
0.6284640060281023 0.12655788240788696 0.033016523608898805 0.006269634798536543 0.16260248497009042 0.033825801259904635 0.007758440442441306 0.0015052264841391137
0.48624871657467267 0.19558449905596356 0.020351991856993514 0.00785067236340312 0.19755518124707863 0.08184176012108342 0.00758361281794416 0.0029835659628607617
0.5209349642689756 0.22326993904506592 0.026364107095231987 0.010623005969019324 0.14514240703221432 0.06441586882278397 0.006548349564867389 0.002701358201841594
0.534663068091023 0.2283441944600574 0.020922611731527974 0.008419156924273252 0.13994093000736949 0.06177520667720996 0.004956373715051868 9.78458393487213E-4
0.5287594593775573 0.2257063441485773 0.02758760812097268 0.01110832529707049 0.13718837954106014 0.06047613316153985 0.006500722808423683 0.0026730275447984747
0.5290866603593898 0.2255136539067253 0.027789457683357176 0.011169033622747106 0.13693344707577726 0.06029409304424759 0.006531562319161737 0.0026820919885940956
0.5291567140204277 0.22549523609425878 0.02780645816902992 0.011173913156904592 0.13689035074053968 0.06026161147281571 0.006533366129633646 0.002682350216389736
0.5291682337160557 0.22549317873582767 0.027808909580542846 0.011174647327069104 0.1368828382989696 0.06025622262992945 0.0065335928613778635 0.0026823768502278454
0.5361921685142922 0.2284851938509068 0.021133745847601613 0.008492291596659231 0.13869796518699656 0.0610549185228965 0.004965245297648035 9.784711829990934E-4
0.4763456309620764 0.20323708388250247 0.01866315447309878 0.007512537810841182 0.19736988093560834 0.08695595637438648 0.007027284851027869 0.002888470710458648
0.46429465153736416 0.20021091362291765 0.017456539745724704 0.007065662809044666 0.20815364995765911 0.09296876155518963 0.006963743873411532 0.0028860768986884453
0.616074730700029 0.12592698436993824 0.03057139234414843 0.005858466024943308 0.1752317321227081 0.03711322263244254 0.0077100050337089235 0.001513466772081305
0.4837977396703626 0.1952256697592059 0.020066593639509186 0.007757372366176929 0.19959047060137075 0.08301861963275749 0.007560622310123177 0.0029829120204938444
0.4653227127164151 0.19957910225562794 0.017625765707451328 0.007105354414998905 0.20804259236802533 0.09240685068992935 0.007020066159420507 0.0028975556881315075
0.46200880584056525 0.19974566389260093 0.01721204995615783 0.00697765769545349 0.21010890793357284 0.09412235243968926 0.0069418741661969605 0.002882688075763531
0.5172293604376492 0.2238975734843517 0.02561560070488613 0.010393331726846056 0.14752490834546791 0.06617426757211244 0.00647401651416149 0.002690941214525069
0.5271096584382899 0.22545802266594792 0.027409767616207482 0.011041358838622338 0.13853126368277754 0.06125668527349169 0.006511850083696677 0.002681393400966507
0.5288217813673743 0.22550661067657216 0.027740067805546623 0.011152361757400253 0.13714527883093125 0.06042283907358254 0.006529034012131222 0.0026820264764617113
0.5361311311155055 0.22848818288713543 0.021124786896973138 0.0084894289493101 0.138740650474283 0.06108279279991087 0.00496458679066209 9.784400862198948E-4
0.4763337225619866 0.20323634433761514 0.01866174291443977 0.0075120782257522755 0.19737860599911694 0.08696198071506163 0.007027087095597989 0.0028884381504296263
0.519569116067626 0.22404698934365666 0.02604606023170173 0.01054236217658478 0.1455859785333058 0.06502411659814737 0.006493981788781764 0.0026913952601959057
0.5344459539779077 0.22841687085654874 0.020887002593577494 0.008409384683094745 0.14004264786412213 0.061868200760910395 0.004951817841501607 9.781214223372075E-4
0.5287273461295116 0.2257139178328946 0.02758084978229368 0.011106357478887253 0.13720760815297853 0.060490956738262484 0.006500023973953655 0.0026729399112180724
0.6284162798372029 0.1265613780012435 0.03300563008500557 0.006268008698030407 0.1626466436193553 0.033839102937497395 0.007757742101218946 0.0015052147204459964
0.48623933278930065 0.19558366169188876 0.020350852623741835 0.007850313188408333 0.1975624981137243 0.08184629068039835 0.007583493923820567 0.002983556988717427
0.6192618473452514 0.125407690138461 0.03134010281388231 0.005966744392986646 0.1725400204250623 0.036181922807037664 0.007784356742348886 0.0015173153349697516
0.48441389849485933 0.1952536358776183 0.0201435115696213 0.007781027839235385 0.19913459994528224 0.08271944520577414 0.0075700250253932675 0.0029838560422159256
0.5272785963886358 0.22610609010452576 0.01998315388142057 0.008054574334351928 0.1472370384406226 0.06538390959613702 0.004971774903958001 9.84862350348307E-4
0.5344153811134015 0.2285350102110666 0.020786647210815863 0.008378948200685203 0.1400812397531274 0.06189442481452995 0.004933275092551211 9.750736038223603E-4
0.5287116454418569 0.22572354332631087 0.02757574806504209 0.011105085980710938 0.13721407786292317 0.060497765580667974 0.006499310984797395 0.00267282275769054
0.47645667090584637 0.20308562383596165 0.018768006717778576 0.0075432910512808335 0.19730920245593334 0.08688069667737727 0.007058134808618069 0.0028983735472039337
0.46432533280488947 0.20020144175331583 0.01746183257947873 0.007067087049088887 0.20814004428167396 0.09295287933984882 0.0069650429636733315 0.0028863392280309317
0.5240882295059003 0.22671579204074555 0.019505652193547215 0.007910842741654388 0.14906357793268474 0.06681580704855462 0.004919156241410345 9.809422955029592E-4
0.47384635176858797 0.20288809897797924 0.018381088453329846 0.007415835073367185 0.19937297652070407 0.08821665840260524 0.006995543158036106 0.002883447645390299
0.5191669154959286 0.22404372047636 0.025970138319546733 0.010516844616354036 0.14590165414105147 0.06522026267082236 0.00648940983694154 0.0026910544429950586
0.5274390349488703 0.22545412300023487 0.0274743004342075 0.011062587690584443 0.13827513130797142 0.061097387895493016 0.006515783767060359 0.0026816509555780293
0.5288772014214058 0.22550363478790106 0.027751149225060136 0.011155919965018257 0.1371039414803244 0.06039626082446719 0.006529801791684369 0.0026820905041387423
0.5361408691188096 0.22848763627962412 0.021126220593167756 0.008489885200342724 0.13873389626338659 0.06107835296798602 0.004964694288398244 9.784452882847928E-4
0.529000077330309 0.22570661739968892 0.02763368838583374 0.011123609788181018 0.13699973535705 0.06035973563758568 0.006503374020556602 0.002673162080795139
0.5291271165249497 0.22551173645905748 0.027797514484824662 0.011171630149250504 0.136903087228589 0.060274668740800806 0.006532110238628286 0.002682136173899419
0.47655903900127095 0.2030781928061769 0.018782572490103056 0.007547623836167809 0.19724406833892913 0.0868288945419915 0.007060763825506624 0.002898845159854253
0.5261898640394026 0.22686650898174376 0.01979020091877216 0.008009197853057981 0.147403761566357 0.06582601253927699 0.004933201770214704 9.81252331174886E-4
0.5342598473160927 0.22860412954231746 0.02076079965191097 0.008372263939965771 0.14013947605688648 0.06195920553419506 0.0049294941743325375 9.747837842990273E-4
0.53565495339936 0.22870440979950363 0.02095064541795614 0.008437523235494258 0.13903419495438082 0.061305123104423355 0.004938283836735111 9.74866252146744E-4
0.62831880915484 0.12670133839902809 0.032804066681317724 0.006240553177446139 0.16280951535504493 0.03390217795053104 0.007723235431503835 0.0015003038502881128
0.5385159390983427 0.2166400422579862 0.030043145651995964 0.011590413820617429 0.136783843368505 0.056674616609832904 0.006998342656105405 0.00275365653661426
0.5375137641061543 0.22770163891874706 0.0213693117151068 0.008548478931757765 0.13835401883361012 0.06052700589410306 0.005004217355620237 9.81564244900532E-4
0.5291913581685309 0.2256323730331451 0.02767624783512496 0.011135039890135739 0.1369079741088211 0.06027421853110186 0.006508843712775232 0.002673944720365065
0.5291569032617951 0.22550412422631558 0.027803972447722588 0.011173491022696108 0.13688554167555733 0.06026094158793688 0.006532799076812113 0.002682226701164479
0.5291682670756731 0.22549389094409286 0.027808830625553903 0.011174649164696075 0.1368822940746111 0.06025613823643426 0.006533559553892209 0.0026823703250464645
0.47656702155976005 0.20307743656472213 0.018783649312243363 0.007547940595448918 0.19723926314947723 0.08682484447137706 0.007060964588953057 0.0028988797580182975
0.5261911773350106 0.22686637537344725 0.0197903920365608 0.00800925803353139 0.14740291118691784 0.06582541346425419 0.004933219105945362 9.812534643323767E-4
0.5342600619680307 0.22860411125491661 0.02076083091025285 0.008372273757326163 0.1401393331807307 0.061959108299208594 0.004929496713232801 9.747839163017559E-4
0.5356549886036355 0.22870440715835413 0.020950650526981217 0.008437524847343668 0.13903417121697875 0.061305107136481726 0.004938284238271138 9.748662719537797E-4
0.5289145983026997 0.22572771085941845 0.027614246150557253 0.011118002759389246 0.13705196278357068 0.060399209696522585 0.006501368279736751 0.002672901168105254
0.5291132110097984 0.22551413693250752 0.027794578479613537 0.011170747502269278 0.13691219885059877 0.060281180931614047 0.006531841359638135 0.00268210493396054
0.5361827604286236 0.2284872043923419 0.021132249066846916 0.008491856179135324 0.13870333249927316 0.06105904727969568 0.004965089042206353 9.784611118772363E-4
0.5359887724119348 0.2286852160032437 0.02099979801535205 0.00845313655594707 0.13880290588291352 0.0611531544932714 0.004941974400159042 9.750422371784187E-4
0.5359466345999913 0.22870191836929277 0.020991854782847572 0.008451031232926032 0.13882185772706268 0.06117079164204761 0.00494094634426149 9.749653015708383E-4
0.5289608913108643 0.2257252580744322 0.027623299846777492 0.011120916649127389 0.13701764363362004 0.06037704895682226 0.006501991486466246 0.0026729500418902394
0.5361397248206221 0.22850501001528764 0.02112363509330333 0.008489570307677248 0.13872265276759294 0.06107708579100954 0.004963951478317046 9.783697261900148E-4
0.5290002991091086 0.22570801486253955 0.027633599095398767 0.01112363267649205 0.1369984986346182 0.06035949267408408 0.006503313090392778 0.0026731498573660454
0.5291271957256519 0.22551184846249606 0.02779752015754905 0.01117163613151012 0.13690293847958931 0.06027461985375582 0.006532105997884272 0.002682135191563145
0.5361851722693934 0.22848693977898044 0.021132612426594487 0.008491968349683176 0.13870176284276534 0.06105796132688337 0.0049651201657389425 9.784628399608034E-4
0.47634434888758914 0.20323711857013899 0.01866299395143902 0.007512488458171247 0.19737071945863882 0.08695660666445297 0.00702725784435784 0.00288846616521198
0.4642944058396526 0.2002109007544163 0.017456510750267714 0.007065653313374328 0.20815382633845197 0.09296888747478076 0.006963739443325711 0.0028860760857305867
0.5176017426009988 0.22391302666672008 0.025684875080952293 0.010417040830484442 0.1472228452842796 0.06599170449706851 0.00647764273858893 0.002691122300907273
0.5340951108069093 0.2284167780000099 0.020836711654037072 0.008392837456100286 0.1403016112878593 0.0620303227027329 0.004948628924030421 9.779991683207558E-4
0.5356366440784579 0.22869042756900843 0.02094986369942166 0.008436832683215859 0.13905755539064557 0.0613150786275336 0.004938682545551146 9.749154061661086E-4
0.5358879903154583 0.22870420871383457 0.020983465441092693 0.00844832950917478 0.13886310552882364 0.061197611176036566 0.004940349887682947 9.74939427896506E-4
0.5289516457079136 0.22572589624240058 0.027621479874840937 0.011120336134895263 0.13702438187906482 0.060381460892255906 0.006501860330998684 0.0026729389376302136
0.5291193796558207 0.22551368968934465 0.027795819974565348 0.011171142122018928 0.1369076899413778 0.06027823344755239 0.006531932042578851 0.0026821131267414002
0.536183840511132 0.22848713393759515 0.021132408683379487 0.008491906714571909 0.13870259125982257 0.06105855586299976 0.004965101307780464 9.784617227186077E-4
0.5359889509176773 0.22868520454556363 0.020999823847329374 0.008453144752628644 0.13880278389482692 0.06115307334104425 0.004941976370168486 9.75042330761284E-4
0.47629751745501203 0.20324812592916813 0.018655532380149203 0.007510459732565794 0.197394259004441 0.08698026661318811 0.00702565621569157 0.0028881826697841288
0.519563564800073 0.22404838642564548 0.026044884708680254 0.010542017204142225 0.14558921204747105 0.06502671239652702 0.006493847572011589 0.002691374845449289
0.47447158477248463 0.20278491069965085 0.018543013183870187 0.007465676345314117 0.19892494852164597 0.08788152506878558 0.0070338096781274685 0.0028945317301212327
0.4639271839088492 0.20014964070978047 0.017417033660287726 0.007051702502660903 0.2084540975637315 0.0931553879472955 0.006959568759347307 0.0028853849480473116
0.5175422860524984 0.2239117824632162 0.025673732553520155 0.010413265371324412 0.14727007508689208 0.06602077928585805 0.006477000988344133 0.002691078198346897
0.5271625893152145 0.22545661334941247 0.027420206123278872 0.011044765027318975 0.13849070990003046 0.06123115436634084 0.0065125193175746155 0.0026814426008292085
0.5288306634944024 0.2255060682993154 0.027741849453880453 0.011152931525294903 0.13713870437949963 0.060418585392893936 0.006529160096311992 0.0026820373584013598
0.5291135619706266 0.22549669027823205 0.027797926543330492 0.011171141515674846 0.13692317494247655 0.06028238713862076 0.006532809151185248 0.002682308459853566
0.5361825791169332 0.22848578058540828 0.021132330960767973 0.008491842627339291 0.13870457757647844 0.06105928548399652 0.004965137753813844 9.784658952624167E-4
0.5290066656122863 0.22570614610710937 0.027634988449110387 0.011124023748536627 0.13699494417178928 0.06035659349423722 0.00650346828600721 0.0026731701309234976
0.47651763107373035 0.20308929466889183 0.018775380167386124 0.007545683494948809 0.19726442929488683 0.08684985959171711 0.007059174474571158 0.0028985472338678934
0.5196075325507653 0.22403271298742516 0.026055820575811718 0.010545070335144869 0.14556558200478 0.06500640934441589 0.006495256052619475 0.0026916161490374677
0.527512842653123 0.22544959239425025 0.02748909252073158 0.01106732214382288 0.13822054952200688 0.06106201896413424 0.006516837471458734 0.002681744330472209
0.5288895109636922 0.22550266868725347 0.027753637029934247 0.011156707963242023 0.1370949957583209 0.06039038556049989 0.006529986438008854 0.002682107599048197
0.6284525972328785 0.12654823895885317 0.033018623568305566 0.006269593550767858 0.1626184580223911 0.03382782183370108 0.007759348762894207 0.0015053180702085788
0.5385599974956555 0.21662539378947326 0.030055224025783846 0.011593622493793665 0.13675746349749818 0.056654880846370936 0.006999612971666548 0.002753804879757941
0.530421105784146 0.22469244005735212 0.02811764736545376 0.011247882355328932 0.1365219111217302 0.059724134631042154 0.006584308413847609 0.0026905702710989733
0.4767837124287746 0.20303028970067147 0.01881447474981328 0.007556422398493369 0.1971331711039828 0.0867141068049724 0.007067747010847944 0.0029000758024441955
0.526226157837836 0.22686037951605917 0.019795617770990957 0.00801084598103338 0.14738227355334949 0.06580965877089931 0.004933772717235859 9.812938525957933E-4
0.6267045332257484 0.12670392990007917 0.03247180494036602 0.0061873231730929885 0.16438208931885595 0.03433956395683423 0.007709982230978221 0.001500773254045027
0.48587577570800855 0.19555228381965134 0.020305519666601966 0.00783610835751547 0.19784680395289814 0.08202171840000463 0.00757863736069005 0.002983152734629963
0.5208752454859762 0.22327073664776345 0.026352679752462364 0.010619231189864383 0.1451883974390562 0.06444477269491206 0.006547630625313062 0.0027013061646523695
0.5277019453311468 0.2253760570095393 0.02753213399971934 0.01107895887497125 0.13812900490050212 0.06097686538446821 0.006522442163783869 0.0026825923358692032
0.5289191330044154 0.2254951161839462 0.027760070879704245 0.011158563122287296 0.13707751948911237 0.0603767262453457 0.00653067282883067 0.002682198246358135
0.47651478501915245 0.20307318856593587 0.01877741758396435 0.007545890355162764 0.19727859480057133 0.08685125250500629 0.007060129899760618 0.002898741270446518
0.5261823789679585 0.22686644520548768 0.019789160690436382 0.008008850264235284 0.1474092829383488 0.06582949892216597 0.004933133788987148 9.81249222380247E-4
0.5273570473369679 0.22565105850321027 0.027323247973509594 0.011018738769252577 0.1383300338913746 0.061159383619727586 0.006487737085403134 0.0026727528205543276
0.47616950706409217 0.20305590587216307 0.018734292483741886 0.007532031730845727 0.1975309294691302 0.08702578176708461 0.007053877734038961 0.002897673878903538
0.5195515066237634 0.22403358930532805 0.026045129711242412 0.01054152252397182 0.14560851155973423 0.06503363371060764 0.006494552822814198 0.0026915537425383365
0.5344426531589098 0.2284158721286758 0.020886605288207107 0.008409225783602755 0.14004586378084338 0.06186983261803178 0.004951823492207802 9.78123749521509E-4
0.6281218936682514 0.1266988472156038 0.03276563938744807 0.006234256562628803 0.16300177425947882 0.033955244565996544 0.007721956093209803 0.0015003882473827578
0.5384855820599977 0.2166395019539656 0.030037147078772933 0.01158851516819442 0.13680867181447245 0.05668874577522577 0.00699813393727045 0.0027537022121005383
0.5375083894357776 0.22770173102990948 0.02136853221066458 0.008548226615328924 0.13835792286951132 0.060529468355239466 0.005004166980822714 9.815625027458955E-4
0.5291905045518309 0.22563242137497608 0.027676080386138408 0.011134986151299467 0.13690860493419232 0.06027462668607576 0.006508832106248923 0.0026739438092383185
0.5291567613091355 0.2255041350541716 0.02780394382954867 0.011173481945829686 0.13688564502538195 0.06026100936189448 0.006532796966011071 0.0026822265080272117
0.5361901767004257 0.22848614181000282 0.021133381620040657 0.008492199373222315 0.13869870590286265 0.06105573386163165 0.004965193443865604 9.784672879488065E-4
0.5290078875575316 0.22570611635099708 0.0276352246698797 0.011124101025812403 0.13699401096858102 0.06035600513081133 0.006503483181099588 0.0026731711152871607
0.5361476440126844 0.2285031901313394 0.021124898888693584 0.008489934778947127 0.13871824238469077 0.061073624207575464 0.004964087014164228 9.783785819048696E-4
0.6284006958782792 0.1266858609663683 0.032826236089302546 0.006243543020259924 0.16273954300561588 0.03387841687604754 0.007725310269049391 0.0015003938950771778
0.53852893617009 0.21663872277660823 0.030045892393683618 0.011591229256234558 0.13677437761529254 0.05666867353016948 0.006998513320980196 0.00275365493694137
0.6294872057994485 0.1259978506331213 0.03336810982342509 0.006307107687002209 0.1620251503035171 0.03349185088342794 0.007813986067286722 0.0015087388027709985
