Action: 0
[0.14198557778946405, 0.08493786690826925, 0.34769365335540464, 0.08493786690826925, 0.08553624603749249, 0.08503305518456182, 0.08493786690826925, 0.08493786690826925]
[0.1849703084833279, 0.08164539504130829, 0.2738484016991366, 0.08164539504130829, 0.13295431461099408, 0.08164539504130829, 0.08164539504130829, 0.08164539504130829]
[0.10985363590206045, 0.08096106289474429, 0.2595023810166255, 0.08096106278469581, 0.21508302034729507, 0.09171671148518723, 0.08096106278469581, 0.08096106278469581]
[0.125, 0.125, 0.125, 0.125, 0.125, 0.125, 0.125, 0.125]
[0.14498578642172638, 0.07689513834601037, 0.20122295574481852, 0.07689073215978433, 0.1561368688356904, 0.19008705417240138, 0.07689073215978433, 0.07689073215978433]
[0.09902647486336136, 0.0834775942827804, 0.3647568634411924, 0.0834775942827804, 0.11878148718590179, 0.08352479737842286, 0.0834775942827804, 0.0834775942827804]
[0.125, 0.125, 0.125, 0.125, 0.125, 0.125, 0.125, 0.125]
[0.125, 0.125, 0.125, 0.125, 0.125, 0.125, 0.125, 0.125]

Action: 1
[0.09315235015856806, 0.09315235015856806, 0.09315235015856806, 0.09315235015856806, 0.17701691632919844, 0.26406898271939333, 0.09315235015856806, 0.09315235015856806]
[0.1111111111111111, 0.1111111111111111, 0.1111111111111111, 0.1111111111111111, 0.2222222222222222, 0.1111111111111111, 0.1111111111111111, 0.1111111111111111]
[0.08451323190351075, 0.08451323190351075, 0.08451323190351075, 0.08451323190351075, 0.141420409556593, 0.3515001990223424, 0.08451323190351075, 0.08451323190351075]
[0.125, 0.125, 0.125, 0.125, 0.125, 0.125, 0.125, 0.125]
[0.08997576971464231, 0.08997576971464231, 0.08997576971464231, 0.08997576971464231, 0.08997576971464231, 0.3701696119975038, 0.08997576971464231, 0.08997576971464231]
[0.1326624796214425, 0.08276083422011964, 0.08276083422011964, 0.08276083422011964, 0.22917520259388396, 0.2243581466840752, 0.08276083422011964, 0.08276083422011964]
[0.125, 0.125, 0.125, 0.125, 0.125, 0.125, 0.125, 0.125]
[0.125, 0.125, 0.125, 0.125, 0.125, 0.125, 0.125, 0.125]

