0.125 0.125 0.125 0.125 0.125 0.125 0.125 0.125
0.099626400996264 0.07845579078455792 0.199252801992528 0.15691158156911583 0.08685378548392246 0.06839735606858895 0.17370757096784492 0.1367947121371779
0.11030863736668604 0.08686805192626526 0.1563457528399143 0.10424166231151831 0.13788579670835754 0.10858506490783158 0.16546295605002906 0.13030207788939788
0.08769198837691987 0.1551473640514736 0.07644942576449425 0.13525667635256675 0.10523038605230385 0.18617683686176836 0.0917393109173931 0.1623080116230801
0.10525222717501803 0.07678932796999621 0.20851933398200007 0.15357865593999243 0.08500894264484725 0.06694454233281721 0.1700178852896945 0.13388908466563443
0.07228057643784895 0.1278810198515789 0.09035072054731118 0.15985127481447364 0.08673669172541874 0.16265732218922682 0.10842086465677343 0.19182152977736835
0.09541432242335474 0.07702120002849118 0.19082864484670947 0.15404240005698236 0.09268232067307493 0.07962717155806472 0.17174578036203852 0.13863816005128413
0.10131738482209558 0.07326293106771994 0.24396785023939124 0.1465258621354399 0.081105076314285 0.06387024759749944 0.16221015262857 0.1277404951949989
0.08461993787122304 0.14971219777216385 0.09049187738874588 0.1305183262629121 0.10919523049576957 0.19031496522841154 0.08852547346527949 0.1566219915154945
0.11783322706718072 0.08610572692985985 0.15525675916066098 0.10332687231583182 0.13667575703152357 0.10763215866232481 0.16401090843782828 0.12915859039478975
0.08668590783463521 0.12091295798632948 0.11528856945559023 0.14509554958359538 0.0906847184897471 0.15114119748291183 0.10882166218769652 0.1813694369794942
0.08351384318920654 0.14775526102705774 0.0806377841755377 0.12881227884410165 0.1150305016640539 0.20230726822764278 0.08736832825947762 0.15457473461292195
0.09196216651977665 0.07423451996174742 0.1981085940446979 0.14846903992349483 0.09867482239702238 0.08939682148651756 0.16553189973559795 0.13362213593114536
0.06830170366330167 0.12084147571199527 0.11377480157681745 0.15105184463999408 0.09554070737218612 0.16677469797275987 0.10245255549495251 0.18126221356799288
0.0903225803720582 0.07291099861358917 0.21526159035358697 0.14582199722717834 0.09781036049431867 0.0840520307651034 0.1625806446697048 0.1312397975044605
0.10166099933730453 0.14220225124665156 0.14911544717136316 0.17064270149598185 0.07438271603671004 0.12397119339451672 0.08925925924405205 0.14876543207342008
0.08952476962030122 0.12067211310758978 0.11403928386960634 0.14480653572910773 0.09050408483069232 0.1508401413844872 0.10860490179683079 0.18100816966138464
0.1084539351045493 0.1494682572752575 0.10010613837416735 0.13452143154773175 0.11210119295644312 0.21374511215241315 0.1008910736607988 0.08071285892863905
0.057077359272680706 0.10098302025166588 0.06053802780011652 0.08803647919376001 0.14184418708193372 0.2759284697932901 0.09951949821903304 0.17607295838752002
0.14243092362114934 0.09876874712033659 0.1700131580018459 0.11852249654440393 0.1093410631531606 0.1263870310955742 0.13120927578379268 0.10332730467973675
0.08199740165297852 0.10020607676018131 0.07431386174793626 0.09018546908416317 0.12024729211221757 0.2444563975732011 0.1082225629009958 0.18037093816832633
0.10160703285039555 0.14016174922557434 0.08796627997295563 0.1261455743030169 0.10512131191918075 0.2687015264198039 0.09460918072726268 0.07568734458181015
0.08379148282778004 0.11043942823207938 0.09517179980076586 0.13252731387849523 0.08282957117405952 0.23018577632982945 0.09939548540887144 0.16565914234811904
0.1218979664240172 0.07887809885020512 0.14566455921542001 0.09465371862024616 0.13566748992223404 0.1546770208826554 0.15024399780991451 0.11831714827530766
0.07836263392541788 0.13864158309881625 0.09017078245442246 0.12086702116307058 0.12205286098798876 0.22288532209877768 0.08197937087582177 0.14504042539568468
0.0799157955577082 0.11051459194249705 0.09572392549235295 0.13261751033099647 0.10092033424685429 0.21507282176759804 0.09946313274824735 0.16577188791374556
0.06515070923148308 0.11526663940954697 0.0985556680069669 0.14408329926193372 0.09550549053332642 0.21081217059519777 0.09772606384722463 0.17289995911432046
0.1051139331317698 0.07060818429951862 0.2186708995725181 0.14121636859903725 0.09132706374334688 0.09361951966947117 0.1563323250262032 0.12311170595813503
0.08645409949223909 0.11233844728809117 0.12530552083736626 0.13480613674570938 0.09804256171052254 0.17344096043465276 0.10110460255928205 0.16850767093213673
0.07789267882233447 0.13781012407028406 0.08653791658616915 0.1201421594458887 0.1135371173395758 0.23842168686346993 0.08148772553721145 0.1441705913350664
0.10714933764846406 0.06972624695094438 0.21570208608451763 0.13945249390188877 0.09294826608158802 0.09906795706113468 0.15437964322879016 0.12157396904267226
0.12534220682933309 0.07651559628117362 0.18323714162708823 0.09181871553740835 0.14181681835338195 0.12075213403333321 0.1457439929165212 0.11477339442176043
0.06535915374661122 0.11563542585938906 0.11498810304166257 0.14454428232423633 0.10587982906792516 0.18210133655117539 0.09803873061991683 0.17345313878908358
0.10351524816144833 0.06937612376719869 0.2293048284603861 0.13875224753439738 0.0951294125448559 0.0893541999662924 0.15360444171492096 0.12096349785050028
0.06615314321531772 0.11704017645786981 0.12442451058720858 0.14630022057233727 0.09871638539353342 0.1725755842639519 0.09922971482297659 0.1755602646868047
0.10338624383094612 0.0691739328405424 0.23416063011394606 0.1383478656810848 0.09360041377772138 0.08756317955086114 0.15315677438036246 0.12061095982453546
0.08541351297130864 0.11100515699236742 0.13154338892476192 0.1332061883908409 0.10117039462006402 0.17124898131897537 0.09990464129313067 0.1665077354885511
0.06931812732101802 0.09385167784235153 0.06888322423943717 0.08446651005811638 0.1385559449043083 0.2746316834487962 0.10135981206973965 0.16893302011623276
0.0737866427759258 0.13054559875740718 0.07439060355538515 0.11380898353209856 0.12095384417395984 0.2727513668318907 0.07719218013481467 0.1365707802385183
0.07721731472399528 0.10697198717678699 0.09294147132279323 0.12836638461214436 0.10270732179642347 0.23506275114356806 0.0962747884591083 0.16045798076518045
0.11772878962454293 0.07647260963218279 0.14631346923253954 0.09176713155861935 0.14996404765412796 0.1573829242646034 0.14566211358511008 0.11470891444827419
0.07658674283221217 0.13549962193391385 0.08866449604841367 0.11812787553213004 0.1278362301011599 0.23141006733530003 0.08012151557831428 0.14175345063855602
0.10602944698993935 0.06886644016409013 0.21773144305696585 0.13773288032818026 0.0986772291606933 0.09841178123801785 0.15247596031446894 0.12007481874764432
0.12422153508689882 0.07557644966324364 0.18478130448082156 0.0906917395958924 0.14723914213069697 0.1201700123318788 0.14395514221570221 0.11336467449486548
0.07544522992257875 0.09298400159669948 0.07652451533732714 0.08368560143702954 0.15449582711686793 0.2490708999910026 0.10042272172443542 0.16737120287405907
0.0947713240501245 0.13028162869192014 0.0855079467589499 0.11725346582272812 0.13685368754996163 0.2770397682656327 0.08794009936704611 0.07035207949363688
0.08009050175830679 0.10505093004664598 0.09410758295877548 0.12606111605597517 0.10715111387057874 0.23541652319776743 0.09454583704198138 0.15757639506996896
0.07918592363798696 0.10789337583803085 0.09801749643206911 0.129472051005637 0.10313333050798608 0.22335372056701602 0.09710403825422777 0.16184006375704627
0.05435927110009263 0.09617409502324081 0.05773659762841246 0.08384408284077405 0.13776815409291907 0.3076493660738771 0.09478026755913588 0.1676881656815481
0.0619972160973289 0.10968738232604344 0.08776299985146457 0.1371092279075543 0.10233882750436522 0.2435774486781848 0.09299582414599337 0.16453107348906518
0.11357801262628203 0.07632806873285922 0.14454291736605993 0.09159368247943107 0.15426171529219657 0.15981670281748386 0.14538679758639853 0.11449210309928883
0.054966248613965756 0.09724797831701634 0.06349325327498141 0.08478028878919375 0.1552374553601161 0.2788756107394245 0.09583858732691466 0.1695605775783875
0.06236569178808864 0.11033930085584912 0.0892909585597797 0.1379241260698114 0.10644610519031011 0.23457632857025418 0.09354853768213296 0.1655089512837737
0.08758238004559032 0.07069902967535605 0.21013284497813906 0.1413980593507121 0.10132819583104323 0.10395295262145585 0.15764828408206258 0.1272582534156409
0.10460794666550124 0.0662473421911475 0.2663469855142586 0.132494684382295 0.09367175700907616 0.07444603577751875 0.1466770620756379 0.11550818638456488
0.0655259169773464 0.11593046849838212 0.13599746469180302 0.14491308562297767 0.09837204781978964 0.16707643817610854 0.09828887546601962 0.17389570274757316
0.07805785475097303 0.11025533383831272 0.10903322914239887 0.13230640060597523 0.10467728142267645 0.2010570990277132 0.09922980045448145 0.16538300075746903
0.06438767891265104 0.11391666269161338 0.10219232737140224 0.14239582836451672 0.09889227678408533 0.21075871346933464 0.09658151836897656 0.17087499403742004
0.07716458484245159 0.10921569102664905 0.10077535404950996 0.13105882923197887 0.10387559780080702 0.21579228458464575 0.09829412192398417 0.16382353653997356
0.06413176972135716 0.11346390027624728 0.10019455895990786 0.14182987534530908 0.09847723555423547 0.21550915514653649 0.09619765458203575 0.1701958504143709
0.10317831379663753 0.06903087436029899 0.22374781346239278 0.13806174872059798 0.09684015496922156 0.09593953902151979 0.15284003114368194 0.12036152452564954
0.12292233108053906 0.07509799349883961 0.18612367528520585 0.09011759219860754 0.1509822554796843 0.11906536506821751 0.14304379714064688 0.11264699024825942
0.07697199001199743 0.13618121309814932 0.09837193134041132 0.1187220832137712 0.13027253342285403 0.21648920565912472 0.08052454339716654 0.14246649985652543
0.09757115670514124 0.07876225902704173 0.1519626729514197 0.09845282378380216 0.15849221965383897 0.15025874428048186 0.14635673505771185 0.11814338854056257
0.09277079434101773 0.06800097992576735 0.23355131582166835 0.1360019598515347 0.1089740799621811 0.08666707039697724 0.15163203583447227 0.12240176386638123
0.0709655812438462 0.11462912450850928 0.13086371964689117 0.1432864056356366 0.10089127332373825 0.1702346467953133 0.09718556208330136 0.1719436867627639
0.10381689310415503 0.06837896764021438 0.23628287576117388 0.13675793528042876 0.09659108609935485 0.08755071939043844 0.15139665606950192 0.11922486665473277
0.06721143141081358 0.10010093240181457 0.08031576572812107 0.08726747952978706 0.1432644870759588 0.2486547505428671 0.09865019425106364 0.1745349590595741
0.095818544357151 0.06886999539102678 0.2075028670503557 0.13773999078205357 0.10744229348257366 0.10509050661479108 0.15356981061820005 0.12396599170384823
0.09714524166211133 0.06682832081326098 0.25888709325351417 0.13365664162652197 0.09655742501479675 0.07761711912859384 0.1490171810373312 0.12029097746386976
0.09565103833182756 0.06561321618495312 0.27859487480836925 0.13122643236990625 0.09271339406697796 0.07178957602994582 0.14630767907510442 0.11810378913291564
0.07537543836289896 0.11352635277998324 0.14230457728351975 0.14190794097497902 0.09683868918282716 0.16350686880191825 0.09625060344389884 0.17028952916997486
0.10439806981331208 0.06804879861115734 0.2407388401257134 0.13609759722231468 0.09532510099257792 0.0860767712182807 0.15066563469462593 0.11864918732201794
0.07948016198693413 0.11330959046750258 0.1336649184849957 0.14163698808437822 0.09723194707234474 0.16864518150188215 0.09606682670070871 0.16996438570125383
0.1056128161611545 0.06819641501561428 0.23716293580331566 0.13639283003122857 0.09562027905741789 0.08711568461021371 0.15099246955024082 0.11890656977081465
0.07966988820274626 0.1133334727129054 0.13287406613266187 0.14166684089113177 0.09730682772252759 0.16906162057729276 0.09608707469137633 0.17000020906935812
0.10568380168790249 0.06821336083485821 0.23684646498922218 0.13642672166971642 0.09565884633284827 0.08720469917077538 0.15102998898723183 0.1189361163274451
0.09526228502838603 0.13549760014318976 0.11073370930229419 0.11812611294534492 0.11634545443653485 0.20216318252516782 0.08012032008466871 0.14175133553441388
0.13505610667918802 0.08936631871904785 0.18101236636461587 0.1117078983988098 0.1319483198661162 0.12582591110894867 0.12454597030434467 0.10053710855892882
0.11017498556959558 0.06574540215086508 0.2465026399409571 0.13149080430173016 0.10078224229738389 0.0803597678180717 0.14660243404983944 0.11834172387155714
0.10367181629304152 0.06515899113988627 0.2731701348928331 0.13031798227977254 0.09320396840221545 0.0718960979210677 0.14529482501938817 0.11728618405179528
0.10152107862003618 0.06462870009409576 0.2832575065066443 0.1292574001881915 0.09094462255067684 0.0699466767357904 0.14411235513519263 0.11633166016937235
0.08045907722418476 0.11272305064869433 0.14326120536300785 0.1409038133108679 0.09603920205261783 0.16195953248630157 0.09556954294128432 0.16908457597304147
0.08064287135075145 0.10994424991073201 0.1105277720409713 0.1319330998928784 0.10418887756943548 0.19889692944947457 0.0989498249196588 0.16491637486609798
0.0899868074100553 0.13210088270190598 0.08503455846344442 0.11516487209909752 0.1154627897674841 0.24594041674579487 0.07811182629330092 0.138197846518917
0.13613871070405717 0.08917851819539475 0.17111486165526718 0.11147314774424344 0.13169712647948936 0.13578756140852025 0.12428424084320873 0.10032583296981909
0.08503802467666025 0.11097200458153172 0.11660151130251194 0.13871500572691467 0.1034735792935646 0.18465690714043792 0.09408496040608126 0.1664580068722976
0.07717949396658129 0.112291387886594 0.10493859211170549 0.14036423485824248 0.09796089326842262 0.2036247480877551 0.09520356799080797 0.16843708182989098
0.10267065704198193 0.06875948964823297 0.21980203993624983 0.13751897929646595 0.09741916982237941 0.09673918358270642 0.15332339930516425 0.12376708136681934
0.08152891377720814 0.11302436699041142 0.1289440883508319 0.1412804587380143 0.09753286058254304 0.1723277542791559 0.09582500679621837 0.1695365504856171
0.10621332067922641 0.06825980157363072 0.23516686404865986 0.13651960314726144 0.09587220807440416 0.08781829995260704 0.15113281260095687 0.11901708992325356
0.09856273327011167 0.13486884689538367 0.11032813572053271 0.11757796908828322 0.11607806392212135 0.20174215264209636 0.07974853555553121 0.14109356290593983
0.07969482629476363 0.11084546164338553 0.10258414706490906 0.13855682705423192 0.09967841795205064 0.20839445352358013 0.0939776740020008 0.16626819246507832
0.11692295225475241 0.07754093901010423 0.1542393797345042 0.09692617376263028 0.1471321478399126 0.14683973161789546 0.14408726726504442 0.11631140851515634
0.10889132868446987 0.06623559990789146 0.23616851112465487 0.13247119981578293 0.10477896722903329 0.08453481151979902 0.14769550188416394 0.11922407983420465
0.10518903086974657 0.06524969932521311 0.2691943453044092 0.13049939865042623 0.09421423529443829 0.07270674103625119 0.14549709073413192 0.11744945878538361
0.10333106931533462 0.0645698573820492 0.28157184235782473 0.1291397147640984 0.09113799426371667 0.07004263395946464 0.14398114466982315 0.11622574328768856
0.1025043542581418 0.06428547247465421 0.2861144110034539 0.12857094494930843 0.09014554155695782 0.06931841653126536 0.1433470087718409 0.11571385045437761
0.08170635278117414 0.11249192011980091 0.14383832803605548 0.14061490014975114 0.095762705917732 0.16147432836638864 0.09537358444939643 0.16873788017970137
0.10572838606689883 0.06791025350233867 0.24112542651415375 0.13582050700467735 0.095031590161255 0.08561733082607692 0.15035888443334242 0.11840762149125716
0.09848744200605089 0.13487841323422844 0.11149047741832967 0.11758630897342996 0.1159087180121198 0.2007908774144423 0.07975419217328292 0.14110357076811594
0.09288196673683412 0.12920769780623004 0.11987834152181379 0.16150962225778753 0.08712673405906893 0.1818777349594693 0.08215924262678757 0.14535866003200876
0.12205414488620715 0.07647360226093435 0.15517815878148455 0.09176832271312121 0.1505395157293613 0.1436118479309483 0.1456640043065416 0.1147104033914015
0.0723770180718125 0.09515987032481792 0.06766190237120873 0.08295988694984126 0.15379682880688345 0.2683439778063676 0.09378074176938578 0.16591977389968252
0.10172276281721453 0.0681822949443715 0.2014560060488922 0.136364589888743 0.109286204291959 0.10822366984493487 0.15203634126401644 0.1227281308998687
0.08167198327770443 0.11262675369995329 0.12452445847257886 0.1407834421249416 0.09979851647800433 0.1761668155208402 0.09548789987604736 0.16894013054992993
0.10635882120234397 0.06832095007365703 0.23329646849115546 0.13664190014731406 0.09644338860373917 0.0885465632537721 0.15126820040728292 0.11912370782073532
0.08269332495495496 0.11286482902766286 0.13197916834164355 0.14108103628457858 0.0972821402574331 0.16911251124269253 0.09568974634954025 0.16929724354149428
0.07293904971236716 0.09893931283030906 0.1620668001583947 0.19787862566061812 0.06562751473555355 0.126533383160767 0.10350574265324639 0.172509571088744
0.0806064250339481 0.1121373764557286 0.1162706205150739 0.13456485174687433 0.09903650138760399 0.18825452136702236 0.10092363881015576 0.16820606468359292
0.06621822200735464 0.09591831648422365 0.06247998609457382 0.0836210964221437 0.13816146792804573 0.2918305222639041 0.09452819595546678 0.1672421928442874
0.10057627885807917 0.06841447601929411 0.1996057466416703 0.13682895203858822 0.10622928784205364 0.11264513135838307 0.15255407040720206 0.12314605683472941
0.12085926129389318 0.07624219544288488 0.1841050636625022 0.09530274430360611 0.14708020528493343 0.12037330650995483 0.14167393033789805 0.1143632931643273
0.08429742995255944 0.110972084245086 0.11963334540036226 0.1387151053063575 0.10688720599389076 0.17895167478719443 0.09408502794692075 0.16645812636762902
0.1043030108976421 0.06825732664173575 0.2252522302927254 0.1365146532834715 0.09867133714284627 0.09193460303607681 0.15220365075037792 0.12286318795512434
0.13977017910615536 0.08732654447102685 0.22064213070866506 0.10915818058878357 0.12430159036212196 0.09885578700972804 0.12170322522361392 0.0982423625299052
0.08792557030307088 0.11106982139046291 0.12813182376899246 0.13883727673807866 0.10219023880529897 0.1710726448599658 0.09416789204843597 0.16660473208569437
0.1075632430773413 0.06809936166788537 0.2344218177415746 0.13619872333577074 0.0966815225970925 0.08752039757198503 0.15077758545921707 0.11873734854913345
0.08303888519069297 0.11282218290820044 0.13222460999597524 0.14102772863525054 0.09731372045871571 0.1686860085919118 0.09565358985695255 0.16923327436230065
0.08103111130998716 0.1098280221340681 0.10799901592296857 0.13179362656088173 0.10446403735891904 0.20129693359141207 0.0988452199206613 0.16474203320110214
0.0912474939832758 0.1317686881204868 0.0844212432091546 0.11487526656657825 0.11532435998426215 0.24659723006336504 0.0779153981929835 0.13785031987989388
0.1062571184881567 0.06821649881341575 0.20927362138648414 0.1364329976268315 0.10080416952482381 0.10411328550920981 0.15211261078693003 0.12278969786414834
0.08267760808890871 0.11270087657971159 0.12636079994362526 0.1408760957246395 0.09805112572145884 0.17473143588494192 0.09555074318714679 0.16905131486956737
0.10653744181086644 0.06828065476762729 0.2340407270766404 0.13656130953525458 0.09606306100512955 0.08828437317916313 0.15117898328689153 0.11905344933842708
0.08286048794732555 0.11284099416657528 0.13213809457773257 0.14105124270821912 0.09718814864284285 0.1689900021749106 0.09566953853253124 0.16926149124986292
0.14320528657502876 0.09174735637929177 0.19090907583352332 0.11009682765515014 0.1288298790225133 0.11734801081477776 0.12188171396907135 0.0959818497506437
0.08836345207983444 0.11086785712065876 0.12116974329263172 0.13858482140082348 0.10294967795691459 0.1777660009962861 0.09399666147186288 0.16630178568098816
0.10521372589941054 0.06820997822420166 0.22582810129810826 0.13641995644840332 0.09777712843897618 0.09167507804113213 0.1520980708462049 0.122777960803563
0.1053133093867304 0.06564673467457546 0.2656640433253606 0.13129346934915093 0.09326267474044692 0.07427322580529726 0.14638242030420257 0.11816412241423584
0.10387778021824576 0.06464425878468742 0.2802604590464967 0.12928851756937484 0.09104577017885261 0.07037649969688577 0.14414704869301942 0.11635966581243738
0.13782418417268932 0.08598954520733193 0.23874925355977994 0.1074869315091649 0.12057025538188663 0.09280168459097919 0.11983990721991966 0.0967382383582484
0.111013117117106 0.06418973073519559 0.2681884691458882 0.12837946147039117 0.09637168937863001 0.07318249784677687 0.14313351898266 0.11554151532335206
0.10488663006043254 0.06441701467123959 0.28085053129568127 0.12883402934247917 0.09142679359096713 0.06999404639390643 0.1436403282370626 0.11595062640823127
0.12075943858854686 0.075167193475561 0.2089477086241146 0.09395899184445124 0.14066440017381718 0.10807512502483409 0.13967635205533346 0.11275079021334147
0.10825072925593204 0.06493997245471285 0.25714166140129024 0.1298799449094257 0.10155999536085612 0.07652930015849238 0.14480644604080745 0.11689195041848313
0.10467081771718866 0.06469764329086382 0.27684032578346085 0.12939528658172764 0.09284659618909895 0.07082748434014922 0.14426608817395603 0.11645575792355486
0.13812604821916544 0.08603133692107985 0.23756220398490202 0.10753917115134982 0.12111430328258092 0.09294353188223206 0.11989815052247509 0.09678525403621482
0.1111188526468221 0.06421227636053882 0.2677320053398146 0.12842455272107764 0.09651576111551986 0.07323066200510021 0.14318379236215673 0.11558209744896988
0.09611805782560079 0.12935407880776512 0.1607005206336445 0.16169259850970635 0.08379138755877467 0.14056769615518314 0.08225232185058975 0.1455233386587357
0.10855652657881427 0.06753281793351193 0.24775811476266582 0.13506563586702386 0.09206252587325 0.08175163922670799 0.14952321105344113 0.11774952870458492
0.12250248084679054 0.07574955363733542 0.1990845271197298 0.09468694204666926 0.14178130012263968 0.11181236684772397 0.14075849892310835 0.1136243304560031
0.10900329634188437 0.06516639950876588 0.2533725195407411 0.13033279901753175 0.10211225126079307 0.07740187063824232 0.145311344576263 0.11729951911577856
0.12216254435178264 0.07539316283715337 0.20033831853161715 0.09424145354644173 0.14441782810759288 0.11026069802303162 0.14009625034665069 0.11308974425573005
0.08466477776633606 0.11099591326464799 0.12337840951312044 0.13874489158081 0.10639625616609225 0.17522065100068926 0.094105230811332 0.16649386989697199
0.10430195901587756 0.06817980509934596 0.22675232490241384 0.13635961019869192 0.09845663977799547 0.09119522254562429 0.15203078928122815 0.12272364917882274
0.10508295304807777 0.06562744801278117 0.2660162118639628 0.13125489602556234 0.09337648237953755 0.07417318832006474 0.14633941392700756 0.11812940642300611
0.10381995839231295 0.06463582508237413 0.2803900476344663 0.12927165016474826 0.09105819230705511 0.07035159847514748 0.1441282427956223 0.11634448514827345
0.10301985068412 0.06427860187333857 0.28561271051665454 0.12855720374667715 0.09013139276251368 0.06936706868831657 0.14333168835636992 0.11570148337200944
0.10265638578992797 0.0641512246297122 0.2875098115889847 0.1283024492594244 0.08978143008869285 0.06907883819516386 0.143047656114612 0.11547220433348199
0.10250893836133815 0.06410558971304839 0.2881996681794364 0.12821117942609678 0.08965248561229203 0.06898618016266794 0.14294589706163327 0.1153900614834871
0.10245208927864459 0.06408913878283203 0.2884507762230213 0.12817827756566405 0.08960543808948179 0.06895461630864524 0.14290921394261347 0.11536044980909763
0.12000732217202284 0.07507953408890293 0.21128415364955316 0.09384941761112867 0.139948314096626 0.10769849465037593 0.13951346259803604 0.1126193011333544
0.12411899828025501 0.07456922301810061 0.18532961642347207 0.09321152877262576 0.1552735181139856 0.11707808286808875 0.13856519799632128 0.11185383452715089
0.109656018592922 0.06528993702265368 0.24769413783227415 0.13057987404530735 0.10519115945526174 0.07848017161700635 0.1455868147937979 0.11752188664077663
0.10529612136479119 0.06489495879439411 0.273293236579147 0.12978991758878822 0.09385420448246395 0.0713545630637528 0.14470607229675342 0.11681092582990939
0.09498728310688358 0.12949631262499575 0.16219922608826046 0.1618703907812447 0.08335742508013724 0.14006324660924668 0.08234276400611144 0.14568335170312022
0.08364896802779395 0.11041038740341598 0.11515802799877874 0.13249246488409916 0.10186771645613474 0.19143750546157903 0.09936934866307437 0.16561558110512395
0.09208054807612914 0.13220147482599134 0.08597566136892998 0.11525256779701808 0.115033497655861 0.2429818620660191 0.07817130685362965 0.1383030813564217
0.10643113903054519 0.06820344921451668 0.20995328772053615 0.13640689842903336 0.10071033870790774 0.10344516618224454 0.15208351212908644 0.12276620858613002
0.10606624111949235 0.06593678795360994 0.2595669216876912 0.13187357590721988 0.09428017607010547 0.07656088312046826 0.14702919582491525 0.11868621831649788
0.12154899647961918 0.07552406838892524 0.202570035677092 0.09440508548615655 0.14212677838174698 0.11019943278783066 0.1403395002152417 0.11328610258338785
0.10866197312493166 0.06508358915183207 0.2547005732108312 0.13016717830366414 0.10206771930042755 0.07704181659496034 0.14512668984005536 0.1171504604732977
0.0831337776658711 0.11252341406457701 0.13673332768966268 0.14065426758072128 0.09833817743221783 0.16443162863272576 0.09540028583735878 0.16878512109686553
0.08107971383976541 0.10985672337904503 0.1090300802732269 0.13182806805485403 0.1047805170532532 0.19976876129014728 0.09887105104114054 0.16478508506856754
0.06592539135100425 0.0951857798734559 0.06111732122831575 0.08298247476147438 0.13893935046327333 0.2960784569822088 0.09380627581731886 0.16596494952294877
0.10060557616157305 0.06838098626590126 0.19889276056449598 0.13676197253180253 0.10638859281963446 0.11340494312236382 0.1524793932556067 0.12308577527862226
0.08155712846632607 0.11254887925248734 0.123857879553387 0.14068609906560917 0.09910626832163075 0.1779985505738503 0.0954218758879784 0.16882331887873098
0.11885982361564648 0.07636532722069815 0.1562560586950012 0.09163839266483778 0.15440831316806833 0.14246632767003753 0.14545776613466313 0.11454799083104723
0.08372769344495085 0.1105889906144531 0.11300548331940896 0.13823623826806636 0.10808939185966443 0.18670848539865334 0.09376023117312328 0.16588348592167965
0.10437663648118639 0.0683633144748568 0.22252220676404733 0.1367266289497136 0.09909461458392561 0.09342264489236982 0.1524399877991583 0.12305396605474227
0.0824929337880525 0.11290808572784422 0.12953992863731986 0.1411351071598053 0.09785749588244938 0.1709778997043728 0.09572642050838968 0.16936212859176633
0.10640505517499514 0.06822621046539262 0.2353596696729016 0.13645242093078525 0.0959399365590634 0.08759974725975268 0.15105843912565559 0.11895852081145379
0.12215990509342334 0.07591654003355246 0.19529014030642858 0.09489567504194056 0.1432738987711085 0.11352023616325851 0.1410687945399594 0.11387481005032868
0.10905936948899912 0.06525024112984085 0.2519148052754578 0.1305004822596817 0.10254437099746705 0.07778199793725457 0.1454982988775854 0.11745043403371352
0.10504330498590218 0.0648208790319949 0.27490752071631197 0.1296417580639898 0.09320875677591257 0.0711593126850137 0.14454088548328414 0.11667758225759081
0.13830693019075918 0.08607319495708064 0.2369184974378582 0.10759149369635079 0.12126415693962636 0.09305689619612556 0.11995648625548364 0.09683234432671571
0.14737778312320915 0.0851267009641148 0.22158513273657557 0.10640837620514353 0.1279907859025132 0.097106283938677 0.1186373985451376 0.09576753858462915
0.11361544008567559 0.06439225856369903 0.26131500022614823 0.12878451712739805 0.09824683725884635 0.07415475551138619 0.14358512581218855 0.11590606541465824
0.10568807920282978 0.06454972112674255 0.2782570970466303 0.1290994422534851 0.09198765944758995 0.07029225906868519 0.14393624382590053 0.11618949802813659
0.10348077528932093 0.06429924216210557 0.2847700999987572 0.12859848432421114 0.09035292878441421 0.06938212042972061 0.14337771311968017 0.11573863589179004
0.1027847981468684 0.06416633279964518 0.28719187304163124 0.12833266559929035 0.08984657168789972 0.06909701460669214 0.14308134507861178 0.11549939903936131
0.10254915871411346 0.06411217949097399 0.2880816820579136 0.12822435898194798 0.08967425966662923 0.06899584672181 0.14296059128285843 0.11540192308375319
0.1024664078050185 0.06409163659012926 0.28840713414026076 0.12818327318025852 0.08961309162840701 0.06895872711361405 0.14291478368007926 0.11536494586223267
0.08198307225310678 0.11241020039471226 0.14432216374889983 0.14051275049339035 0.09560294267689602 0.161249269506279 0.09530430033464737 0.16861530059206842
0.0808996652397144 0.10989276397950677 0.11073422535863862 0.13187131677540814 0.10419645643003249 0.19866293866588308 0.09890348758155612 0.16483914596926016
0.11734834961974988 0.07733753879285998 0.15661596447260445 0.09667192349107499 0.14826225474203866 0.14404835353251547 0.14370930715986668 0.11600630818928999
0.10932034749419625 0.06612714422809045 0.23697923135482576 0.1322542884561809 0.10488506966616552 0.08395139728435556 0.14745366190562256 0.11902885961056281
0.1225684237440445 0.07563151791552528 0.19535998942392543 0.0945393973944066 0.1456762875286365 0.11223794323236935 0.14053916388780444 0.11344727687328793
0.10911471098212625 0.06521717774740969 0.2518709994774129 0.13043435549481938 0.10300906578368486 0.0775381980996124 0.14542457246959714 0.11739091994533746
0.10505148510618634 0.0648168828063984 0.27488009037630007 0.1296337656127968 0.09329961856855065 0.071115793981595 0.14453197449665553 0.11667038905151714
0.1034646751897591 0.06438831628677742 0.2835574402304399 0.12877663257355484 0.09073207065077744 0.069605560629439 0.14357633512305293 0.11589896931619936
0.1028249940139525 0.06419690885012874 0.2867541799176081 0.12839381770025748 0.08996216159557333 0.06916397688464755 0.1431495251076005 0.11555443593023174
0.08205815553241995 0.11243126217562154 0.14396024910958544 0.14053907771952692 0.09569118721682966 0.16135101792064419 0.09532215706194 0.1686468932634323
0.07994219947395434 0.12109389305957255 0.10948750753891598 0.12993348694062498 0.10300213116690755 0.19667380793877454 0.09745011520546876 0.16241685867578123
0.0912358271899268 0.1321169874837625 0.08487490037984748 0.11517891216533144 0.11521557337328578 0.24504175568861486 0.07812134912083347 0.13821469459839772
0.0779904914316483 0.10974361467716336 0.09609708027967702 0.1371795183464542 0.09862283244816149 0.22270754140094706 0.09304349940020372 0.16461542201574503
0.07652030209194367 0.11125752249870069 0.0996075050036929 0.1390719031233759 0.09615311845140423 0.2161763351382808 0.09432702994455061 0.16688628374805103
0.1032427480874148 0.06874952535742339 0.21739269947642692 0.13749905071484678 0.09709232712063626 0.09897332317602332 0.15330118042386645 0.12374914564336208
0.10520173768678805 0.06587266348906404 0.26258620442344865 0.13174532697812807 0.09341633983584915 0.07572072546661317 0.14688620783979353 0.11857079428031525
0.08259619576563719 0.11268892422793976 0.1385934438576368 0.1408611552849247 0.09657434294404704 0.1641119419063906 0.09554060967151415 0.16903338634190962
0.10535025406115252 0.07533006712425645 0.23759557098942036 0.13468736614929297 0.09475532797842771 0.085757207666574 0.14910445092636418 0.11741975510451182
0.09882947449490188 0.13493912176512765 0.11084721807720781 0.11763923435934205 0.11587283399681426 0.2009149466838422 0.07979008939155374 0.14116708123121047
0.08003779037374424 0.11082218852339248 0.10269192948791576 0.1385277356542406 0.09964597820639885 0.2080831525254735 0.0939579424437458 0.16623328278508873
0.07713541579400132 0.11166466549595205 0.10137981422015117 0.13958083186994005 0.09668433287922576 0.21138572509805964 0.09467221639874196 0.16749699824392805
0.07834501499366053 0.11992658083359196 0.09928188877877452 0.12875814949483308 0.10233957437960471 0.21383249252986913 0.0965686121211248 0.16094768686854133
0.09043775668266153 0.1313997437806688 0.08261003898623663 0.11455362278314715 0.11446751939581573 0.25136973123095024 0.07769723980074328 0.13746434733977658
0.07773333784577156 0.109558155340212 0.09545624743024024 0.136947694175265 0.09832069490012506 0.22476037516180133 0.09288626213626672 0.164337233010318
0.10351775693099474 0.06870876652064449 0.2154262010668238 0.13741753304128898 0.09755205170504908 0.10049161669678067 0.153210294301258 0.12367577973716008
0.08228189716100213 0.11285093507759265 0.1278471700903713 0.14106366884699084 0.09745913283824269 0.1735428266731914 0.09567796669621986 0.169276402616389
0.1056412785114876 0.07560525899729585 0.2332394078395323 0.1351621005243961 0.09527035217040898 0.08761797446415903 0.1496300013945288 0.11783362609819144
0.1220828927045337 0.0760157406878964 0.19474850919857942 0.0950196758598705 0.14321103700891147 0.11364540342413859 0.1412531300842254 0.1140236110318446
0.10906803915616092 0.06526938222926008 0.25172044369758234 0.13053876445852017 0.10255545885454165 0.07782204291885697 0.1455409806724098 0.11748488801266817
0.1050531504132854 0.06482642018302334 0.27483740645669175 0.12965284036604668 0.09321799626803998 0.07117138856043066 0.1445532414230401 0.11668755632944203
0.1383124111178357 0.08607497011014996 0.2368955360313508 0.10759371263768745 0.12126882031507899 0.09306124820449707 0.11995896020948138 0.09683434137391869
0.12854765013399713 0.07424944955725266 0.19326378390764345 0.0928118119465658 0.14885000779147556 0.11293213023945564 0.13797099208773067 0.11137417433587896
0.08570811495236226 0.11078966460254029 0.12166436612357653 0.13848708075317537 0.10722543879623316 0.17601047005310455 0.09393036781519723 0.16618449690381043
0.06904498922761522 0.10991061586202625 0.14935415240094876 0.19680891784827723 0.06517386285594054 0.13246359492327103 0.10011584081847147 0.17712802606344952
0.11661880170921339 0.08593644647980225 0.1658681283850278 0.0926524584271622 0.14445571686067057 0.13158548077534207 0.14706739432882887 0.11581557303395273
0.09804023668399152 0.14192565584987635 0.09453549861908331 0.11324289275132741 0.12470061598738282 0.21485540589714983 0.07680822290959596 0.13589147130159288
0.10661652371437816 0.07741812967997204 0.21155922811621317 0.1343311071752576 0.10168458121597353 0.09772327384955216 0.1497691597909215 0.1208979964577318
0.10560494836213762 0.07086260648805402 0.2594055042711279 0.13096932571396247 0.09402519309580352 0.0752390045855572 0.14602102434079098 0.11787239314256623
0.10374576721635 0.0692640160206047 0.27730557220053403 0.12879719182881808 0.09100583455514735 0.07036488837421101 0.14359925715839864 0.11591747264593624
0.10270221918267017 0.06870881232850767 0.28387639899527245 0.12794388625405556 0.08983993887940953 0.06913136160937558 0.14264788512205895 0.11514949762865001
0.10223992180064918 0.06850783121929621 0.28627939394354746 0.1276310698351129 0.08940265600409862 0.06877204618624717 0.1422991181594468 0.11486796285160163
0.10205351521192926 0.0684349676293281 0.28715802746923297 0.12751754843928123 0.0892412976926588 0.06865629968737601 0.1421725502748404 0.11476579359535312
0.10198164589803488 0.06840850564265379 0.287479451960626 0.12747629997810697 0.08918218323830474 0.06861668198310285 0.1421265613188745 0.11472866998029628
0.10195456964029716 0.06839887014519658 0.28759709191551464 0.12746127171246321 0.08916057985844204 0.06860266626267533 0.14210980592419406 0.1147151445412169
0.1019444948569022 0.0683953537951727 0.2876401616402598 0.12745578478800373 0.08915268784480243 0.06859762235276193 0.14210368841289372 0.11471020630920337
0.10194077171236832 0.06839406860033942 0.2876559332779689 0.12745377873800456 0.08914980363816861 0.06859579135209605 0.14210145181684986 0.11470840086420411
0.10193940107473003 0.06839359843392344 0.2876617093537205 0.12745304471861896 0.08914874897909365 0.06859512375314393 0.14210063344001245 0.11470774024675705
0.08132587883928853 0.11958892645955159 0.14343465745635994 0.1392855047803232 0.09482895016234959 0.15992156897560708 0.09447190759013227 0.1671426057363878
0.10489278362563814 0.07570845394002108 0.23957441354375072 0.13448951033236212 0.09425330328302682 0.08494885345348994 0.14888541640375452 0.11724726541795669
0.0819681999321133 0.1207643695511233 0.132623711475827 0.13971320925496583 0.09607432283599834 0.16643833304499303 0.0947620027990203 0.16765585110595896
0.10542449419776377 0.07606804389954201 0.23521829048535564 0.13499048120144008 0.09485162570066907 0.08632304351343789 0.14944001174925395 0.11768400925253751
0.12135242113949751 0.08151626727536002 0.1946562239241934 0.0942777272410728 0.1422629626478337 0.11265095145274245 0.14015017363001273 0.11313327268928737
0.10843763597369453 0.07054197173529589 0.2508614528383697 0.1296507248058226 0.10195655579843282 0.07731512379187613 0.14455088273126787 0.11668565232524032
0.08253403650314504 0.11995820933540036 0.1351506283073297 0.13944456629799043 0.09764365167454628 0.16335563553057994 0.09457979279341959 0.16733347955758848
0.09635087180473231 0.1468292556992673 0.12948866709923318 0.15644792174295477 0.08687741064216027 0.1657810796060949 0.08183429752708404 0.13639049587847338
0.08231508296954354 0.12462860353263257 0.10603158542302273 0.12948039274800285 0.10071909781392623 0.19786445201686634 0.09711029456100215 0.16185049093500356
0.07666013439904101 0.12458296162236905 0.1010231661983595 0.137617831355115 0.0958644639992668 0.2057692548371109 0.09334078996259974 0.16514139762613797
0.10517939980272634 0.07708918826762132 0.22220800182187161 0.13629643718424103 0.09575935240384738 0.09375932683235819 0.15088575870620086 0.11882253498113321
0.09769539176405834 0.14408965820102645 0.10690664887956815 0.11612319036127354 0.11482615319457122 0.20224931309484956 0.07876181607112465 0.13934782843352822
0.10632883687371517 0.07744758638907452 0.21703655326553037 0.1341734830324816 0.09936060920960796 0.09530337586563481 0.149593420634722 0.12075613472923344
0.10537483447635898 0.07075272030641769 0.26152016846653886 0.13076085167880103 0.0933993201677421 0.07471874704387078 0.1457885913493498 0.11768476651092093
0.10362373727073315 0.06920709504205663 0.27809166732378854 0.1287031272510705 0.09081634686310218 0.07023082954933085 0.14349438217395472 0.11583281452596345
0.11998961784384489 0.0802898179026565 0.2076078685205907 0.09344773671081678 0.1399268890825782 0.10768444892537832 0.1389163369611545 0.11213728405298012
0.10767307842249826 0.07014641637230311 0.2558419830055902 0.1290668459482355 0.10105238800944684 0.07615922551040688 0.14389990137810732 0.11616016135341194
0.10418739603866113 0.0691712694945456 0.275727940443013 0.12869637377732018 0.09241435158356406 0.07048907970859415 0.1434868525547137 0.11582673639958817
0.08178090576916637 0.11978467218743714 0.14079220937341355 0.13941984517229158 0.09559612245357 0.16075940541616512 0.09456302542120645 0.1673038142067499
0.0798992556530381 0.12194743421401179 0.10879939446183173 0.1299560548493028 0.10301753351837255 0.19646821760483757 0.09746704113697711 0.1624450685616285
0.07624936250793503 0.12429138900553424 0.1016473291262071 0.13763874025256898 0.09636461005436397 0.2052871091007394 0.09335497164956853 0.16516648830308278
0.11557303371637892 0.08688768798190473 0.15295798777955988 0.09603817471573027 0.1451440652275745 0.14538604387987486 0.14276719704010052 0.11524580965887633
0.14230161658049023 0.0942849215567529 0.19223277440577852 0.10776279211711956 0.1362472146791459 0.1100366965441287 0.12014747121117658 0.09698651290540761
