Action: 0
[0.13552949229594038, 0.0918556533235326, 0.2993309758802525, 0.0918556533235326, 0.0999712504662269, 0.0977456680634499, 0.0918556533235326, 0.0918556533235326]
[0.19688393382957045, 0.09844196691478523, 0.09844196691478523, 0.09844196691478523, 0.21246426468171817, 0.09844196691478523, 0.09844196691478523, 0.09844196691478523]
[0.2902535850540653, 0.09120693757312924, 0.14985887625292388, 0.09120693757312863, 0.10283340206176524, 0.09222638633873048, 0.09120693757312863, 0.09120693757312863]
[0.125, 0.125, 0.125, 0.125, 0.125, 0.125, 0.125, 0.125]
[0.17447096056595687, 0.09191580247107281, 0.2659419362828844, 0.09191580247107281, 0.1000043198814386, 0.09191957338542882, 0.09191580247107281, 0.09191580247107281]
[0.1974565822861232, 0.10375478300257275, 0.17982531604097693, 0.09034495023812232, 0.15729660359769862, 0.09063186435826152, 0.09034495023812232, 0.09034495023812232]
[0.125, 0.125, 0.125, 0.125, 0.125, 0.125, 0.125, 0.125]
[0.125, 0.125, 0.125, 0.125, 0.125, 0.125, 0.125, 0.125]

Action: 1
[0.09288554704671623, 0.09288554704671623, 0.09288554704671623, 0.09288554704671623, 0.18145615130972872, 0.2612305664099739, 0.09288554704671623, 0.09288554704671623]
[0.1111111111111111, 0.1111111111111111, 0.1111111111111111, 0.1111111111111111, 0.1111111111111111, 0.2222222222222222, 0.1111111111111111, 0.1111111111111111]
[0.0933021108138894, 0.09386985838024826, 0.09313255453381852, 0.09313255453381852, 0.17610928520181357, 0.26418852746877464, 0.09313255453381852, 0.09313255453381852]
[0.125, 0.125, 0.125, 0.125, 0.125, 0.125, 0.125, 0.125]
[0.09541266365383737, 0.09541266365383737, 0.09541266365383737, 0.09541266365383737, 0.11173202671921906, 0.3157919913577567, 0.09541266365383737, 0.09541266365383737]
[0.09532081228949765, 0.09532081228949765, 0.09532081228949765, 0.09532081228949765, 0.11252859352525697, 0.315546532737757, 0.09532081228949765, 0.09532081228949765]
[0.125, 0.125, 0.125, 0.125, 0.125, 0.125, 0.125, 0.125]
[0.125, 0.125, 0.125, 0.125, 0.125, 0.125, 0.125, 0.125]

