0.125 0.125 0.125 0.125 0.125 0.125 0.125 0.125
0.07575757575757576 0.12626262626262627 0.09090909090909091 0.15151515151515152 0.0946969696969697 0.15782828282828282 0.11363636363636365 0.1893939393939394
0.07408784041121591 0.12347973401869318 0.08890540849345908 0.14817568082243182 0.09260980051401987 0.1763901740953166 0.11113176061682387 0.18521960102803975
0.10954678765725054 0.08626809528008482 0.1314561451887007 0.10352171433610177 0.1369334845715632 0.13855144856029603 0.16432018148587582 0.12940214292012722
0.07295173961840629 0.12906846240179573 0.09118967452300786 0.16133557800224466 0.08754208754208755 0.15488215488215487 0.10942760942760943 0.19360269360269358
0.07233071441372368 0.12055119068953948 0.08679685729646842 0.14466142882744737 0.09774143516974762 0.1885955159481787 0.10849607162058554 0.18082678603430918
0.09488279098774709 0.14805772495801195 0.07995117147732644 0.13325195246221075 0.12125948357690614 0.2427067407138132 0.09993896434665805 0.07995117147732644
0.072260588948885 0.12784565737110423 0.09032573618610623 0.15980707171388026 0.09618678745471547 0.15341478884532506 0.10839088342332749 0.1917684860566563
0.06850660462924374 0.10689773303817902 0.12827727964581484 0.21379546607635805 0.06098456305203758 0.12332108805698529 0.11183147456301806 0.18638579093836344
0.09494954415447429 0.14862823690530816 0.08998742403457662 0.13376541321477733 0.11789463884081049 0.23419143501010375 0.10032405991108301 0.0802592479288664
0.06993730086984531 0.12373522461588016 0.08742162608730662 0.1546690307698502 0.09307774704950902 0.18065028237902034 0.10490595130476797 0.18560283692382024
0.07424348640873972 0.11590299161012982 0.0905026911232862 0.13908358993215578 0.10064850211594636 0.2014515589454306 0.10431269244911683 0.17385448741519471
0.07334495716758173 0.11394199770724908 0.08932261958356252 0.13673039724869887 0.10025985031994387 0.21293938347556604 0.10254779793652417 0.1709129965608736
0.08972215504316984 0.13941266336347774 0.08194090757127641 0.12547139702712995 0.1277679711050075 0.2662985199033132 0.09410354777034748 0.07528283821627797
0.069003261983315 0.12208269427817267 0.08625407747914374 0.15260336784771586 0.10025202328823563 0.18317564073118572 0.10350489297497249 0.183124041417259
0.09887510365408765 0.07291607046025615 0.20089184138267552 0.1458321409205123 0.10065563750509067 0.09225131875318932 0.16144217472681865 0.12713571259736972
0.09443531191570351 0.1433350228947991 0.10445666492989471 0.1290015206053192 0.134385220080535 0.22023420675656766 0.0967511404539894 0.07740091236319152
0.08206885224182854 0.14519873858169666 0.07154720451851718 0.12658351568660733 0.12640208332241568 0.2104427414027851 0.08585664542222063 0.1519002188239288
0.09257561416098103 0.07472971263597264 0.18515122832196207 0.14945942527194528 0.10588411065944775 0.09105032071517458 0.16663610548976585 0.13451348274475078
0.09777515894035128 0.07053049477024997 0.23675323790043876 0.14106098954049995 0.09859241886817954 0.07615113866733342 0.15616031402122907 0.12297624729171792
0.07486858002098538 0.1135708156805264 0.1254704920660411 0.1362849788166317 0.10641401453227385 0.1708211612502782 0.10221373411247378 0.1703562235207896
0.10682806284856816 0.07820641578943052 0.1529789205381987 0.09384769894731664 0.1594572766007259 0.14240740008793717 0.14896460150367719 0.1173096236841458
0.08023575585733608 0.14195556805528692 0.08033735589508727 0.12375613625332706 0.12960917082973072 0.21165970501602632 0.08393894458921312 0.1485073635039925
0.0668841151778056 0.11833343454534835 0.09013905171559439 0.14791679318168544 0.10560903985088531 0.1932912409439501 0.1003261727667084 0.17750015181802253
0.09601756692746527 0.07083650655301907 0.21646336772421018 0.14167301310603814 0.10108113837019983 0.09358075175473794 0.15683784926675773 0.12350980629757172
0.07399851844282822 0.11232555280382839 0.12562012323181337 0.13479066336459408 0.1078249622320296 0.17585885319571823 0.10109299752344555 0.16848832920574258
0.07897640355472861 0.15507058130513066 0.07730641686613386 0.1218137033132106 0.11979435057482378 0.2182406320759422 0.08262146833417763 0.14617644397585272
0.08922285850873515 0.0832205476266463 0.19227602366873334 0.14404654265265676 0.10445785787519793 0.09653313596491601 0.16060114531572328 0.1296418883873911
0.10748047870527701 0.07761380155057253 0.17606991036517222 0.09313656186068703 0.15863494406004988 0.1228077886551015 0.147835812477281 0.11642070232585879
0.06534853349585544 0.12465611319106817 0.10710170373010625 0.14452079523121875 0.10980763778544411 0.17711746204506168 0.09802280024378317 0.1734249542774625
0.09478283664701471 0.06999977976199585 0.2261722111158145 0.1399995595239917 0.10121989777789354 0.09078954976602557 0.1549852673607071 0.12205089804655686
0.07355354432721287 0.11170575514359465 0.12987076936270633 0.13404690617231357 0.10773316036890182 0.17499605228064352 0.1005351796292352 0.16755863271539198
0.07706861133162483 0.1516133982693308 0.0825252990995516 0.11887111254700322 0.11887917224192943 0.22777144729184112 0.08062562416231521 0.14264533505640384
0.08778891058209601 0.08178504231358634 0.2014105466433948 0.14173149419278153 0.10491504759213142 0.09679057485473373 0.15802003904777281 0.12755834477350336
0.13437407806159973 0.09132479829166594 0.21554232362121578 0.10958975794999914 0.13113966711840358 0.10116921901373134 0.12132036696133398 0.09553978898205052
0.06488397973740685 0.12548597092765945 0.1209672886970186 0.14349341672695745 0.10611904544421927 0.16953222878827914 0.09732596960611029 0.17219210007234892
0.13190688252916122 0.09302538104315164 0.18944272166777554 0.11163045725178199 0.1337593253579842 0.1193368670064076 0.12357950497551769 0.09731886016822018
0.07666209486213678 0.14853823862713444 0.0957896905990833 0.11824409897868042 0.12615019899175448 0.21252241377255862 0.0802003453942354 0.14189291877441648
0.0863031538741497 0.08033692815397127 0.21072735362666586 0.13933280264019351 0.10543741757196588 0.09711714478341019 0.1553456769734695 0.12539952237617416
0.09767814567361954 0.06648560517241608 0.27022525556319443 0.13297121034483217 0.09571185995592242 0.07379970811029457 0.14720459590473892 0.11592361927498189
0.07779661847649896 0.1470153647528598 0.11485447042237137 0.11999399536217395 0.11851097562476856 0.19644854928976585 0.08138723163695277 0.14399279443460875
0.0853591692812521 0.07940155599895239 0.22161315504609494 0.13780877932153957 0.10274853429712785 0.09539439995939385 0.1536465047062538 0.12402790138938562
0.08321168891665727 0.07264109275445105 0.26644534761094846 0.1343417628293021 0.09657786007454038 0.07609362121774575 0.14978104004998305 0.12090758654637186
0.1096599790640362 0.09516893705648542 0.23955061649874013 0.11065088248931362 0.1257744934793233 0.09624182072467832 0.12336747644704071 0.09958579424038226
0.08144731722283755 0.07229297153450087 0.27508196392440537 0.13149325913084617 0.09980903802319531 0.07492634594534556 0.14660517100110756 0.11834393321776154
0.08097524556913296 0.07027843966983115 0.2899966885298524 0.13073111935257611 0.09365867642913182 0.07094638100771769 0.14575544202443932 0.1176580074173185
0.08052508521178918 0.06976034271640583 0.2959279930253312 0.13000435443831024 0.09190025977165737 0.0699328924608065 0.1449451533812205 0.1170039189944792
0.09453169656271826 0.08186026336499432 0.21941871697102125 0.09538589864009223 0.14331360953450015 0.10922919171448578 0.1417975448440774 0.11446307836811065
0.06910336946260508 0.12076443209376765 0.12929363376381695 0.13887996986060774 0.10687981991357985 0.17422596195004633 0.09419684912284698 0.16665596383272926
0.0904869573693808 0.07670382912996815 0.2318600430864631 0.136295551594008 0.0993200232090996 0.09070823045897479 0.15195936871749846 0.1226659964346072
0.08938788788854775 0.0712090864475262 0.2730763062118423 0.13187349664418052 0.09455718406395475 0.07418078431164454 0.14702910745254152 0.11868614697976244
0.06968881490164097 0.12114507987884988 0.14307554464686775 0.14090148488125784 0.09742926962721582 0.16311006054806598 0.09556796365859227 0.16908178185750938
0.07829039551559355 0.06634496662317564 0.20627259704623827 0.11787320749914525 0.11217089436683898 0.10237365014533455 0.1752264398046995 0.1414478489989743
0.08918440074450089 0.07116597890030006 0.2632168661731174 0.13315398517356328 0.098212927145675 0.07677049860267873 0.14845675660395788 0.11983858665620696
0.06971005812574625 0.12120305691153943 0.1408073682121008 0.14098734256919024 0.0983358027581146 0.16414536277161218 0.09562619756866815 0.16918481108302824
0.09449293129018672 0.0762006827674909 0.23610307952919635 0.1352743314961623 0.09688834328393936 0.08847294876762275 0.15082078451885556 0.12174689834654605
0.09505601455318867 0.07057193018246159 0.2737181057302743 0.1306620038612663 0.09343901381331894 0.07327874497484926 0.14567838340950137 0.11759580347513966
0.09378104469564298 0.06914531053242186 0.2879397843556292 0.1286676268069452 0.09142072689804302 0.06978984075702495 0.14345480182804188 0.11580086412625068
0.12487084304519801 0.09210339832320558 0.2458898850928503 0.10724835079730961 0.12142768731069237 0.09236241218243367 0.11957390753073177 0.09652351571757865
0.10268376727250092 0.06996230402253655 0.27459479501133216 0.12719774208193588 0.09684239068076335 0.07242504300464248 0.14181599005254641 0.11447796787374229
0.09848357099817785 0.06859811505738818 0.2872830473814343 0.1276414877968494 0.09159781794766561 0.06920788839199711 0.14231073340932313 0.11487733901716443
0.1141485329938523 0.08004526709129706 0.21417432146724794 0.09321367961271872 0.14098371654465489 0.10700967139038775 0.13856839536457885 0.11185641553526245
0.10177108228345676 0.06995167040601087 0.262247972855221 0.1287538402693201 0.10217118956355936 0.07567486497529437 0.14355092340474943 0.1158784562423881
0.09873293886286592 0.06890647928898415 0.28256870750737356 0.1282316550851489 0.09314537752534709 0.07003762626020438 0.1429687258934421 0.11540848957663398
0.09756134759156077 0.06840774266141696 0.29047280508859724 0.12742576119510127 0.09068127804699802 0.06869766599336069 0.1420702143473741 0.11468318507559115
0.09707642814674526 0.0681791047727737 0.29347635752397666 0.12705316615060724 0.08991953946178774 0.06829275573019929 0.14165479867836359 0.11434784953554654
0.09688091296126375 0.0680861139708931 0.29460896914458723 0.1269043681754351 0.08966379389169074 0.06815301045786527 0.14148890004037315 0.11421393135789158
0.09680429884300758 0.0680501225931528 0.29503489534002475 0.12684728240539442 0.0895735617468597 0.06810203123979586 0.14142525366690992 0.11416255416485499
0.09677483275705995 0.06803645055257018 0.2951949021062467 0.1268256725110355 0.08954081717534364 0.06808305939043365 0.14140116024737837 0.11414310525993193
0.1297273649660452 0.09120700708776167 0.2473983139216947 0.10626219706116917 0.12002784002886052 0.09126687987091898 0.11847441970849755 0.09563597735505223
0.10620324308980032 0.06957171532696639 0.2745586990715552 0.12653310273500815 0.09622392848147648 0.071954552053013 0.14107496678067324 0.11387979246150733
0.10129059813779323 0.06833958718016872 0.2867829682929294 0.12717042066134357 0.09124901586615929 0.06892850255889865 0.141785528707498 0.11445337859520924
0.09994022458141981 0.06804707630355579 0.29162348650357695 0.1267838984137478 0.08991889404523812 0.06822632633371598 0.14135458524637257 0.11410550857237303
0.0994995377536373 0.0679156113742645 0.29347918720990723 0.12657111281325947 0.08949873766137274 0.06800446647427456 0.14111734518135047 0.11391400153193353
0.09934311533865091 0.06786053444901587 0.29418325009500496 0.12648261610183206 0.08935322101795914 0.0679242305535472 0.14101867795234113 0.11383435449164887
0.07955395122657677 0.11913570162775666 0.14745733518781165 0.13878928250844383 0.09540437862887241 0.1589768723698964 0.09413533944050974 0.16654713901013257
0.10041787508624689 0.07539959790865784 0.23770979288209845 0.13396819305847013 0.09555866267361138 0.08700996700444566 0.14936453763384655 0.12057137375262311
0.0799534686973999 0.12053858083584532 0.1342892735716733 0.1394801464038169 0.09706968793505201 0.16668874148469545 0.09460392538693668 0.16737617568458027
0.10184640296652771 0.07576976094419585 0.23214312458080927 0.1344452836795242 0.09627015451380118 0.08862805993102571 0.14989645807254415 0.1210007553115718
0.10323143873123589 0.06997844614920941 0.2707574095459416 0.12950118664552668 0.09276842335153992 0.07282786875347044 0.14438415884210212 0.11655106798097399
0.10205098604089129 0.06849835237032484 0.2853901917580712 0.12742639443958917 0.09068629522924558 0.06919310479852672 0.14207092036772107 0.11468375499563026
0.10123973453401366 0.06800015222132237 0.2909026014554603 0.1266626485033349 0.0897574840103801 0.06822159497772456 0.14121940064476293 0.11399638365300141
0.13497324257212268 0.09076090856452507 0.24505026619520334 0.10570716292848623 0.11961614111167504 0.09090023392133638 0.11785559807101373 0.09513644663563758
0.08585080705394235 0.12004043884626125 0.13474247567750178 0.13647329225723176 0.10102855617577954 0.16553198540178707 0.09256449387881806 0.16376795070867808
0.10347787957883942 0.07551664021561506 0.23185480029339745 0.13399829148569536 0.09690541585029512 0.08825041510498055 0.1493980951340514 0.12059846233712583
0.10413039369260031 0.06988735793555916 0.2704702899131655 0.12935047677658285 0.09282706780164977 0.07270285619628312 0.1442161285852349 0.11641542909892455
0.08185972402612282 0.11943845092826962 0.1419113850055106 0.13886988411447612 0.09623412565786077 0.1608525609744832 0.09419000835590555 0.16664386093737132
0.10244724535602606 0.07542946270660898 0.23512255161746987 0.13395351303029804 0.09577152824074112 0.08736936682362852 0.14934817049795915 0.12055816172726823
0.08164117682350291 0.12035741028542882 0.13360567708280993 0.1392376048118453 0.09700801393645596 0.16662557236988246 0.09443941891586029 0.16708512577421436
0.07706912811510552 0.12453062007477196 0.1087086407834812 0.1380875470512935 0.09628440106190576 0.1959552267127517 0.09365937973913821 0.16570505646155217
0.10171874300249813 0.08277907489468182 0.22000517830295407 0.13417127236836057 0.0962221238967459 0.09475850649403295 0.14959095590920202 0.12075414513152453
0.09307504934490916 0.14681306465071312 0.14871157582414832 0.1587385441581611 0.08316384943919217 0.14588361959485774 0.08074960724567326 0.14286468974234498
0.10124188174916604 0.06829306448905215 0.2465671107746071 0.1365861289781043 0.09332124364935014 0.08370902412791593 0.15120645943037997 0.11907508680142423
0.11984013738307424 0.08404221475430837 0.20035196469781616 0.09304989329597561 0.14155393862022017 0.11117706328926792 0.13832491600416674 0.11165987195517074
0.10768584296445034 0.0741580861303186 0.25497889216981184 0.1276155088095017 0.10193570531639183 0.0764902379038134 0.14228176877716084 0.11485395792855153
0.10389934070224334 0.07244915760021753 0.27827391695298526 0.12697766459549303 0.09254188568879335 0.07000751624546796 0.14157062007885565 0.11427989813594373
0.10231381688088007 0.07174476352420438 0.2874321503922261 0.12608662464937065 0.08992199411069855 0.06844551122373914 0.14057717703444755 0.11347796218443355
0.13573454472636054 0.0954002026533974 0.24284761174768318 0.10489657181347375 0.11898454752017339 0.0907777574371364 0.1169518494696491 0.09440691463212637
0.12699573601511588 0.08581091252690913 0.19606004815356326 0.09045539623150566 0.1470738894340418 0.11058952030049088 0.13446802186056664 0.10854647547780678
0.10957333528596856 0.07427220374827401 0.25277559421566353 0.12736830753952885 0.10305897966721922 0.07631394494877285 0.14200615780899706 0.11463147678557596
0.08263842275066596 0.1254969057373228 0.1369402656377372 0.1374329048489463 0.09775990420469777 0.16159674945217453 0.0932153615497201 0.16491948581873553
0.1024866117071807 0.08206814405246084 0.2316601232545367 0.13278474937320037 0.09559281204115704 0.08785619889412032 0.14804508624146367 0.11950627443588034
0.08143466108192984 0.1273702790222731 0.13197566226622706 0.13782834005534522 0.0962004613448602 0.1663130183862812 0.09348356977666894 0.16539400806641424
0.10239502309661427 0.08246593146726024 0.2296666152546095 0.13306743825883102 0.09543962959180256 0.08884440464517819 0.1483602632527564 0.11976069443294793
0.08141875894187808 0.1274598349279595 0.1315036661144864 0.13784252671759845 0.09617137359292799 0.16669961560948654 0.09349319203454504 0.16541103206111812
0.07645074986744396 0.13497092676438596 0.10707454674109777 0.13608083925177522 0.0950093787909084 0.19481824312018475 0.09229830836207363 0.16329700710213024
0.101930195415998 0.08404335639008162 0.21908234555578981 0.13402715749155175 0.09589564807052736 0.09496657675725315 0.14943027857640173 0.1206244417423966
0.10430746435731485 0.07478182131697916 0.26473560024286336 0.12908082142806482 0.09260471739535418 0.07440135297899442 0.14391548299517076 0.11617273928525833
0.10315224280435621 0.07238540065554945 0.28227374127159016 0.12674923360091286 0.09037315102288383 0.06967598383689802 0.1413159365669879 0.11407431024082158
0.10223157419739633 0.07161773081288678 0.28893572680262897 0.12586143031005306 0.08932590587526229 0.06842624257106866 0.14032610215165614 0.11327528727904775
0.10177521006312831 0.07134824080274269 0.2914642878416226 0.12553235529592705 0.08889213887460783 0.06804943928689472 0.13995920806874254 0.11297911976633432
0.10157859132558957 0.07124983318543693 0.2924250584636382 0.1254097409001921 0.08872136483686154 0.0679241423102826 0.13982250216782613 0.1128687668101729
0.10149880455777646 0.07121319658907047 0.2927905107526709 0.12536367566242887 0.08865554796064072 0.06787981351580222 0.1397711428654244 0.11282730809618598
0.10146735937580831 0.07119941439798765 0.29292962132528916 0.1253462657602906 0.08863039964318467 0.06786356818939167 0.13975173212378666 0.11281163918426154
0.1014551531416587 0.0711941997357957 0.2929825979645646 0.12533966194190913 0.08862082066640165 0.06785750144283843 0.1397443693591136 0.11280569574771822
0.1355531714584719 0.09512358902411557 0.24468505555831518 0.1046683863277661 0.1184059677722122 0.09066484248227688 0.11669743968185263 0.09420154769498947
0.1098655280914985 0.07411192960859307 0.27200550445346783 0.12503423648832804 0.09520251049583774 0.0718456352514646 0.13940384277131498 0.11253081283949525
0.10400937930058483 0.07193421334572982 0.284690386775104 0.12602591424391762 0.09050299289489724 0.06890430115724593 0.1405094894629947 0.11342332281952586
0.13658265866533242 0.09539571957271697 0.24174782966772235 0.10484831037974117 0.11912024260926006 0.09104371819082333 0.11689804157263678 0.09436347934176703
0.11020913397546898 0.07421327784110748 0.2708301449720878 0.12515411886458197 0.09544134265979322 0.07197577203444479 0.13953750267439213 0.11263870697812377
0.10413021389895054 0.07197521329907772 0.2842345071971374 0.12607873527309155 0.09058866469252742 0.06895342292477706 0.14056838096865581 0.11347086174578241
0.10237500122091524 0.07148910469877835 0.289622249737018 0.12570888584289233 0.08927961198886857 0.06823112279823704 0.14015602645468742 0.1131379972586031
0.13595521393540855 0.09523984464630979 0.24350544355537543 0.10474987448251458 0.11867343492729032 0.09081300852564639 0.11678829289319163 0.09427488703426311
0.14535919088461635 0.0979893911172665 0.22425902876257217 0.10330575195719996 0.1259254636827569 0.09500779278630463 0.11517820404780353 0.09297517676147996
0.11276740235294808 0.07480987677649514 0.26353397119521715 0.12559595472556812 0.0972889649217708 0.07293735408842326 0.14003011668656626 0.11303635925301132
0.08322191036900745 0.12547224361739837 0.13941755587155052 0.13724126469536496 0.09638532601383462 0.1604868022658976 0.09308537953250841 0.16468951763443793
0.10251210534314212 0.08195389551129087 0.232592010661652 0.1325706097196571 0.09516958663036919 0.08808190687786337 0.14780633650833405 0.11931354874769136
0.10395080253858104 0.07413952823383915 0.2699532463992036 0.12837150590849042 0.09198523228735604 0.07294068019004903 0.14312464912483935 0.1155343553176414
0.12010620263645495 0.0842303250304982 0.20738166762197394 0.09226735620628486 0.14017510600275873 0.10795689299260723 0.13716162206188018 0.11072082744754182
0.12353666493593636 0.08476576828242431 0.1846379665205152 0.09110960630634105 0.15492228160120214 0.11625563570967962 0.13544054907629205 0.10933152756760924
0.10917772195934401 0.07439272256649118 0.24808010091446397 0.12779471051334337 0.10513425367330588 0.07792368560735959 0.14248156530368283 0.11501523946200905
0.08256814104817264 0.12545068921157004 0.13576757843575915 0.1373524254440231 0.09817929226401187 0.16269818754508064 0.0931607755185548 0.16482291053282772
0.11638808142408916 0.09318980675558915 0.16403183177006098 0.09422154036200088 0.14489618484263025 0.1341400583507018 0.14006664806052668 0.11306584843440105
0.08263122547167379 0.12723056332902846 0.11438081670836232 0.13482765953090234 0.10553016074413124 0.18215805718394615 0.09144832559487288 0.1617931914370828
0.1163438657881389 0.09338887939603757 0.1565147235776155 0.09411949779999564 0.1472885233545996 0.13948615778511692 0.13991495493850098 0.11294339735999476
0.10867315708049076 0.0763754728646866 0.23703243212113026 0.12945030700748977 0.10463071640735808 0.08300520636942504 0.1443274318426789 0.11650527630674079
0.12174261923331033 0.08478869785074276 0.19651367962985386 0.09255101601243462 0.14475610829743354 0.11100335834580351 0.13758330141549982 0.11106121921492156
0.08384678440065281 0.12574908436880097 0.12230390483588688 0.13504132800272958 0.10578682442730906 0.17362923180297224 0.09159324855837311 0.1620495936032755
0.10306534720844687 0.08230169917708345 0.22509972140120457 0.133013330700695 0.09762887712754145 0.09087908939109085 0.14829993736331215 0.11971199763062547
0.0814854105684779 0.12728519296664506 0.13032362019920976 0.13767504713421055 0.09656580768840103 0.16807526769532102 0.09337959718668194 0.16521005656105264
0.11619547067351482 0.09353291032951949 0.16227228363698037 0.0943124920870256 0.14448237247749138 0.13582762638256374 0.14020185390847387 0.11317499050443072
0.10847130782945905 0.07627660048094195 0.23947386427838918 0.12925788300636715 0.10384857896998963 0.0822267772876954 0.14411289344142722 0.11633209470573043
0.10489303688810768 0.07307053070752213 0.2721937020288018 0.12763318676541766 0.09341285183618968 0.0716253453063285 0.14230147837875667 0.11486986808887589
0.10299313590192871 0.07193012955125215 0.2850213402529579 0.1262780902387291 0.09025341064770293 0.06908296531446768 0.1407906468781054 0.1136502812148562
0.10210536108787904 0.07147133850289525 0.2899464994193829 0.12568658368854463 0.08919473878491743 0.06834639197976092 0.1401311612169296 0.11311792531969014
0.08122161254893952 0.1247559159059372 0.14562843823690957 0.1372126473590582 0.09455614040759726 0.15890409919758805 0.09306596951310034 0.1646551768308698
0.10183856531455301 0.08171242123763722 0.23520831060221878 0.13231645081661436 0.09459232224426041 0.0877241557512395 0.14752296829852374 0.11908480573495289
0.10370399610942448 0.07404017320909956 0.27097740110818475 0.12824280458202508 0.0917793737124363 0.07285657040460031 0.14298115675040707 0.11541852412382259
0.08159888988163251 0.1254599774876835 0.14121024976432808 0.13744949282680904 0.09523517031799704 0.1608802158033693 0.09322661252600963 0.16493939139217084
0.10208078088607789 0.08192060685248373 0.23337967722076444 0.13252016642850314 0.09488039724437425 0.08820012557902167 0.14775009600312214 0.11926814978565284
0.10382721241984086 0.07411411947997133 0.2702638463924717 0.1283315560806679 0.09189947796144997 0.07298527914484942 0.14308010804814764 0.11549840047260111
0.10285299211558799 0.07214168530963955 0.28436163187930535 0.12644352455270016 0.0900311515089028 0.06939474874409514 0.14097509379233883 0.11379917209743014
0.10210344738522045 0.07152023493711554 0.28970947851511364 0.1257312506210593 0.08917518676983795 0.06842131469936952 0.1401809615133303 0.11315812555895335
0.11916538560879011 0.08352028626283323 0.21357697493234737 0.09185277648519312 0.13872357754314402 0.10639234592388978 0.13654532146157067 0.11022333178223176
0.1072983643574614 0.07367830034753088 0.26012336822785836 0.12684307359668462 0.10081264043656504 0.07566492563759489 0.14142056115928867 0.11415876623701617
0.08218706290506153 0.12522833926681357 0.13856550891825245 0.13725088957347678 0.09716472257026991 0.16181050156724777 0.093091907710706 0.16470106748817212
0.0765924592073429 0.13447946072803682 0.10868433409602209 0.13600372614693343 0.09521211284803151 0.19357743003678426 0.09224600556052878 0.16320447137632013
0.11498983289012099 0.09468715020059318 0.15495020094395187 0.09442658639844424 0.1442332960473083 0.14302956707599981 0.14037146276544848 0.1133119036781331
0.14178628219070946 0.10016581501994323 0.19323725384677293 0.1058917519697695 0.13604045963374925 0.1095144594895202 0.11806140107674301 0.09530257677279255
0.11308007747145869 0.0758871793970095 0.25113239250804403 0.12701203673402037 0.10051716530647611 0.07645137307414435 0.1416089424482287 0.11431083306061833
0.0832886617434062 0.12572376336933205 0.1364748394491645 0.13729446858899444 0.09711908231430204 0.16222435657634166 0.09312146565166579 0.1647533623067933
0.076793207301881 0.13457826788877264 0.10820133125509984 0.13600285215823343 0.09519986725656211 0.1937756387813777 0.0922454127681931 0.1632034225898801
0.13304503615403376 0.10951730659387143 0.17899721806995095 0.10919946334241629 0.12509551914228806 0.12411668727615299 0.12174925241311191 0.09827951700817465
0.1464811228974512 0.10176794799574264 0.20143641022993244 0.10495289767402446 0.12954926656449492 0.1043400981309917 0.1170146486007407 0.09445760790662201
0.11389049366553754 0.07585635161481133 0.2543932432300793 0.12661159270990582 0.09881176520627831 0.07532364288924907 0.14116247724522335 0.11395043343891526
0.10556098206061792 0.072561526009722 0.277818054821408 0.12678228171110967 0.09178387110657327 0.07003644800698995 0.14135278274358049 0.11410405353999868
0.10293350634291425 0.07170774915838775 0.28713961187179854 0.12597802335875585 0.08971507773432355 0.06868971581095387 0.140456094699986 0.11338022102288027
0.10201117476790984 0.07138479953140468 0.29074415380202534 0.1255746660636774 0.08900968140440445 0.06825194355600442 0.14000638141726424 0.11301719945730969
0.10167220410402904 0.07125649399875358 0.2921253060561914 0.1254093853375069 0.08875280140652532 0.06809325655127085 0.1398221057419666 0.11286844680375618
0.11899069676307604 0.0834395295049107 0.2143317269713032 0.09179951675277655 0.13851728924446957 0.10629567336794463 0.13646614729218723 0.11015942010333186
0.1072262114843514 0.07364592787354693 0.26042036129137663 0.12680113961378098 0.10074014927561695 0.07567137691117155 0.1413738078977528 0.11412102565240287
0.12087765102604538 0.08404243105592747 0.20393761169384536 0.09211453598761621 0.14290545533886442 0.10865042716977717 0.1369344445427847 0.11053744318513944
0.10801320664739111 0.07395244788294394 0.2561810755283632 0.12721048726195117 0.10200399752708045 0.0763191466393835 0.1418301999771306 0.11448943853575605
0.10415561537009552 0.07232782107146773 0.27861677809020635 0.1267826073433864 0.09245693227147583 0.07020275344505247 0.14135314579926808 0.11410434660904775
0.10258277387154346 0.07166597594404604 0.28746464797700577 0.125953467425699 0.08984109519226705 0.06870520223914983 0.1404287166671599 0.11335812068312909
0.10191909155467989 0.07137283486012108 0.2908722228981359 0.12556191668911668 0.08902798321096167 0.06824805895070492 0.13999216681607485 0.113005725020205
0.11908319307347984 0.08347484449967917 0.2139346407406434 0.09182250050731847 0.13863737263592996 0.10636013374716827 0.13650031418699882 0.11018700060878217
0.1072618762126596 0.07365979604992694 0.26026007836657183 0.12681821220160122 0.10077864904343689 0.07569215458526371 0.14139284255909865 0.11413639098144109
0.08217308483506928 0.1252119536341614 0.1385881112500291 0.13723548610817482 0.09714845268665614 0.16187886801316356 0.09308146014293597 0.16468258332980978
0.10227517653217276 0.0819323806078464 0.23222524751610576 0.1325789689107044 0.09535349010511426 0.08849800792589087 0.1478156563825316 0.11932107201963395
0.081337183572114 0.12719800700306938 0.131997924674885 0.1376523919496878 0.0960539156818777 0.16721347571721334 0.09336423106152739 0.16518287033962534
0.10232036871477715 0.08238208623823212 0.22953947020066337 0.13292247604692103 0.09534316764918582 0.08966356150343935 0.14819864120455223 0.11963022844222891
0.1205287544944501 0.08605740398636212 0.19463594251954539 0.09306746390121988 0.14231920727364084 0.1133592352543401 0.13835103588897762 0.11168095668146386
0.1083072903688255 0.0744760636502775 0.25252408279279887 0.12771247060796412 0.10222802326025822 0.077420971826217 0.14238987394649133 0.11494122354716771
0.10436379871908576 0.07249289721566525 0.2772162075583317 0.1269709943204127 0.09262824394816237 0.07049078013004818 0.1415631832199228 0.11427389488837143
0.08168770599033381 0.12505681769109564 0.14266507182055235 0.1373335513389815 0.09538193071495071 0.15992668688565115 0.09314797395165703 0.1648002616067778
0.07651913922651145 0.1344765150048484 0.10965187465643643 0.13603617969454107 0.09484193820982764 0.19296292004243595 0.0922680175319496 0.16324341563344927
0.10140475265394304 0.08819699221818682 0.21926302840638748 0.13303984050438095 0.09535882074739636 0.09467121519968423 0.14832949381607843 0.11973585645394284
0.10389060086519113 0.07796617443738252 0.2642918908798722 0.12847827113533192 0.09219703005118457 0.07430190422402554 0.14324368438521334 0.11563044402179873
0.10283175643295348 0.0751286598598968 0.28169833378423653 0.1262638276389805 0.0900541870078327 0.06961104525725877 0.14077474514375884 0.11363744487508246
0.08105541691923662 0.12932406773816857 0.14327951448151932 0.13657755331369062 0.09438891046150182 0.15884626303582064 0.09263521007363364 0.1638930639764287
0.10144081446051342 0.08643666184972 0.23344813224251434 0.13163043543546996 0.09424416186319741 0.0875742899129365 0.14675811234372543 0.11846739189192294
0.1033850947169776 0.07729957258984414 0.26983542376444364 0.12779064253490993 0.09149942403211027 0.07270123426898557 0.14247702981131002 0.11501157828141896
0.08119001133492292 0.12997286594857763 0.14049313257394705 0.13669160072900943 0.09475415933807664 0.16015574522793552 0.09271256397271944 0.1640299208748113
0.0876819335153596 0.16389206570788334 0.12533285275821135 0.15580974797171446 0.08150426595336328 0.16629061955940067 0.07925974135952431 0.140228773174543
0.07660712515710695 0.1498350572044693 0.10437909780409312 0.13390263305349107 0.0905707444530726 0.1932012663316446 0.09082091633193307 0.16068315966418925
0.07442888839106442 0.14584601747647538 0.09936743764975799 0.1337035452320621 0.09237069156394716 0.20315328255516768 0.0906858828530508 0.1604442542784745
0.07390845997556404 0.14457567792047368 0.09806385775151337 0.13346862551747612 0.09261192922040239 0.2066825529904413 0.09052654600315774 0.16016235062097137
0.11365070391104028 0.1013361480745348 0.1505340787980312 0.09375601906553549 0.14267733222950413 0.14616387565573635 0.13937461938697515 0.11250722287864258
0.12225436603203069 0.09145916910350085 0.16565776128011606 0.09142189382296903 0.1564057702142672 0.12718998151525912 0.13590478544429427 0.10970627258756283
0.1092767702769029 0.0785852594018721 0.23980975138617938 0.12809202117546828 0.10587542186384082 0.08026491233322577 0.14281304450458926 0.11528281905792147
0.10476969690638407 0.07569914104965442 0.27182732098279627 0.12705342210660744 0.09356234940281856 0.07108490560558996 0.1416550840502026 0.11434807989594668
0.08144670640493142 0.12953074699691353 0.1409835163672598 0.13665505470010378 0.09521304136463439 0.1594970922946579 0.09268777623137474 0.16398606564012452
0.10160751665725334 0.08652939444092746 0.2324795624976848 0.131724409763114 0.09449176119748261 0.0877524999506961 0.14686288670603903 0.11855196878680259
0.137134469224654 0.1025137894231768 0.22322687204863334 0.10590387695973 0.12139282516322315 0.09643975838112674 0.11807491953569897 0.09531348926375699
0.11072755895847647 0.0787374059377771 0.26297433523515534 0.12537893950361503 0.0962385737995098 0.07331398010295845 0.13978816090925436 0.11284104555325353
0.08246711814261924 0.13016825351168057 0.13878902691691608 0.13643584787923818 0.09569848307381984 0.1601791561982004 0.09253909682243981 0.1637230174550858
0.10190972683460267 0.08667552214604424 0.2315219462874526 0.1317859156580161 0.09464734438274573 0.08792075941006162 0.1469314611888627 0.11860732409221447
0.11999810101796128 0.08966778600173779 0.19486187457121876 0.09260722040117954 0.1415844570860522 0.11248504342614438 0.13766685301429077 0.11112866448141544
0.10789228800433584 0.07771188853981463 0.2521264998282819 0.12716487957005357 0.10181856211421651 0.07705813952602543 0.1417793508042239 0.11444839161304822
0.13811857780129644 0.0999215798769888 0.2295844360811441 0.10498651541121501 0.12258045263848238 0.09326844445185802 0.1170521298689218 0.0944878638700935
0.11069092911560505 0.07812825931889981 0.26542276422713473 0.12502169263593635 0.09625510535127745 0.07257186866679732 0.13938985731200662 0.11251952337234272
0.10418045793578587 0.07493729019584634 0.28173988326271465 0.1258208390556274 0.09068173605185498 0.06912019241593663 0.14028084593216963 0.11323875515006464
0.08129925060488218 0.12925241109915211 0.14328947855694643 0.1365447646258234 0.09451824440632108 0.15862916236619792 0.09261297078968891 0.16385371755098807
0.10149616808888408 0.0864215452200248 0.23344375878508375 0.13162331943984626 0.0942686523288631 0.08753539010178701 0.14675017853964947 0.11846098749586162
0.08079571553284426 0.13238116881231424 0.13178060133178227 0.1367856013246084 0.09533599026930041 0.16600188024119025 0.09277632089843006 0.16414272158953006
0.11541274454668256 0.09895676866452283 0.16208018831806414 0.09366736272199487 0.14337248832147861 0.13486678638309163 0.13924282577777147 0.11240083526639383
0.10797180828155664 0.08007133870461478 0.23881369859834103 0.12865926609999617 0.10334056901859624 0.08190449954317147 0.14344548026372705 0.11579333948999655
0.10453897727175898 0.07599271128190646 0.2715259646541697 0.1271751547558755 0.09309040374597428 0.07142834214041653 0.14179080686961043 0.11445763928028795
0.10268719595194263 0.0745979987486233 0.2844000876422934 0.1258485070521902 0.08998038711160321 0.06891047346281483 0.1403116936835613 0.11326365634697118
0.08101785941539104 0.12916013806407844 0.14391163545924832 0.13654314169873782 0.09435901907338994 0.15854456622891638 0.09261187002175264 0.16385177003848542
0.101409693411535 0.08639207313807667 0.2337095832079752 0.1316005689139827 0.09421734596914846 0.0875054099355855 0.14672481340111207 0.11844051202258443
0.1033680960915057 0.0772853130856468 0.2699373364769977 0.12777759043949036 0.09148514708506338 0.0726842077268006 0.14246247769895418 0.11499983139554132
0.1025047388224613 0.07487036218052934 0.28386316408983475 0.12598836609008449 0.08972284642452168 0.06919336683792078 0.14046762607357177 0.11338952948107602
0.10179563830935102 0.07411802174785896 0.2891677605159413 0.125300491083689 0.08890198362565407 0.068244965966789 0.1397006967753965 0.11277044197532009
0.11876958559725201 0.0864784857505266 0.21308275265262955 0.0915032490213786 0.13825461793717578 0.1060816848044978 0.1360257254108852 0.1098038988256543
0.08290847865275316 0.13037552801589028 0.12571436548064643 0.13416354581902737 0.10386917343236812 0.17097477036531528 0.0909978832511664 0.16099625498283282
0.10228994780451901 0.08694810198189681 0.2257319296401402 0.13207203829061534 0.09672182124502664 0.09012086000447242 0.1472504665717756 0.11886483446155381
0.10383707663289402 0.07756755808957053 0.26676500736481173 0.12811420087809297 0.09225392767272556 0.07332167535380733 0.1428377732178141 0.11530278079028368
0.10272423061642717 0.0749953776830884 0.2826360804023988 0.12613381243791097 0.08998240859558075 0.0693778711732807 0.14062978789719327 0.11352043119411988
0.10188967693757973 0.07416901066716174 0.28869708654179804 0.1253577217567318 0.08899436728426603 0.06830568252651056 0.13976450470489352 0.11282194958105862
0.1353998097132151 0.09857672680231859 0.24267683115253383 0.10429454622080744 0.11821038756540715 0.090695971085882 0.1162806358611092 0.0938650915987267
0.10960239344737395 0.07760375366384084 0.27068818894054014 0.12449484303813886 0.09492992882476071 0.0718330740234239 0.13880245932759658 0.11204535873432497
0.10374439059700397 0.07472400596162539 0.2837870513943368 0.12558513822501205 0.09024262642460369 0.0688721058992596 0.14001805709564777 0.11302662440251085
0.08120763753361668 0.1291767646556656 0.14376181180703201 0.13651897319200665 0.09440732533759795 0.15850924217431223 0.09259547746936103 0.16382276783040794
0.10145841461877626 0.0863966164556032 0.23364148802432017 0.1316026683717911 0.09423004682660714 0.08750121002839763 0.14672715413989246 0.11844240153461197
0.11983771215180081 0.08958991055659504 0.19554581491967674 0.09257486555834751 0.14140358007121928 0.11233952270500897 0.13761875536733453 0.11108983867001702
0.10783049278689849 0.07768277923590321 0.25240642322433987 0.127136087935169 0.10175765617267021 0.07701683122340999 0.1417472502799571 0.11442247914165213
0.08195678775100779 0.12996127170831295 0.1363165409061754 0.13655626086478362 0.09698233883848331 0.16173851865477376 0.09262076823872281 0.16386751303774036
0.11563826131084785 0.09843508304256246 0.16353151949133224 0.09357930850506964 0.1438032953294492 0.13360543484443235 0.13911192727022292 0.11229517020608355
0.10796872061181445 0.07994427553205816 0.23939841412986668 0.12858424253587336 0.10338045924455859 0.0816362350750392 0.1433618345885036 0.11572581828228602
0.1045157468298748 0.07595607602099559 0.27175104563514924 0.1271448105737246 0.09307886844211322 0.071366147610787 0.14175697537100337 0.11443032951635214
0.13670713002710438 0.09930958306396147 0.23674124384711137 0.10471822901217172 0.11979364679403867 0.09173075058929629 0.11675301055536161 0.09424640611095454
0.11011941453530909 0.07786595580234032 0.26831644419892636 0.12474569772044805 0.0954495012360271 0.07214971498067319 0.13908214357787266 0.11227112794840324
0.10394782166784759 0.07482470593579953 0.28286681725095486 0.12569275714794725 0.09042454030720125 0.06898183209363952 0.1401380441634576 0.11312348143315253
0.09310905623359657 0.14807117929418648 0.1645011210392106 0.15645790267493767 0.08117974561579298 0.13627942789584185 0.07958945483899005 0.1408121124074439
0.10345111184008642 0.08863100093570483 0.2417823138156764 0.1302963062279648 0.09048325898421879 0.08281867475194206 0.14527065783923834 0.1172666756051683
0.10354422782077094 0.07739345066707123 0.27303888637941354 0.1273543811062762 0.09040767084628144 0.07165180930933147 0.14199063087520644 0.11461894299564859
0.10243380203742705 0.07480187574320263 0.2850470825834693 0.125835677551086 0.0893940090518687 0.0689380534897134 0.14029738974725556 0.11325210979597738
0.10173706344718478 0.07407596318196298 0.28961913572291026 0.12524362866408303 0.08879526222153827 0.06817238154364605 0.13963729942100003 0.11271926579767472
0.11874463815498944 0.08646406443442697 0.213226026344548 0.09149500092874215 0.1382088339784075 0.10605397097719065 0.13601346406720474 0.10979400111449057
0.12269963191785548 0.08803670593473566 0.18611023900378584 0.09059704841612114 0.15371371270293127 0.11544760657827507 0.13467859734695023 0.10871645809934535
0.08348486275650034 0.1305265517890763 0.11918480505224648 0.13386436538487115 0.10714444569960531 0.17436276998611622 0.0907949608697387 0.16063723846184538
