Action: 0
[0.12699542146893708, 0.10877677653306507, 0.2203436656037517, 0.10877677653306507, 0.1087770302619856, 0.10877677653306532, 0.10877677653306507, 0.10877677653306507]
[0.1087554711342271, 0.1087554711342271, 0.12700241946681892, 0.1087554711342271, 0.22046475372781849, 0.1087554711342271, 0.1087554711342271, 0.1087554711342271]
[0.10957463200722503, 0.10920683924944141, 0.12598624556797236, 0.1092053805291374, 0.1092053805296742, 0.2184107610582748, 0.1092053805291374, 0.1092053805291374]
[0.125, 0.125, 0.125, 0.125, 0.125, 0.125, 0.125, 0.125]
[0.1095893241626656, 0.10920207907048723, 0.23519819553603138, 0.10920207907048723, 0.10920207907048723, 0.10920208494886686, 0.10920207907048723, 0.10920207907048723]
[0.10921311729607969, 0.10920417184237025, 0.23519066037348557, 0.1092041648886575, 0.10957539089980715, 0.10920416492228492, 0.1092041648886575, 0.1092041648886575]
[0.125, 0.125, 0.125, 0.125, 0.125, 0.125, 0.125, 0.125]
[0.125, 0.125, 0.125, 0.125, 0.125, 0.125, 0.125, 0.125]

Action: 1
[0.1092056874766142, 0.1092056874766142, 0.1092056874766142, 0.1092056874766142, 0.1095743103741998, 0.235191564766115, 0.1092056874766142, 0.1092056874766142]
[0.10920208522544812, 0.10920204698607294, 0.10920204698607294, 0.10920204698607294, 0.1259962163942627, 0.2187914634499244, 0.10920204698607294, 0.10920204698607294]
[0.10877676179066093, 0.10877676179066093, 0.10877676179066093, 0.10877676179066093, 0.22034530362083368, 0.1269941256352007, 0.10877676179066093, 0.10877676179066093]
[0.125, 0.125, 0.125, 0.125, 0.125, 0.125, 0.125, 0.125]
[0.10920568344904903, 0.10920568344899564, 0.10920568344899564, 0.10920568344899564, 0.10957433339341663, 0.23519156591255616, 0.10920568344899564, 0.10920568344899564]
[0.10924559304548524, 0.10924558881329297, 0.109245588813292, 0.109245588813292, 0.12598329060392263, 0.21854317228413106, 0.109245588813292, 0.109245588813292]
[0.125, 0.125, 0.125, 0.125, 0.125, 0.125, 0.125, 0.125]
[0.125, 0.125, 0.125, 0.125, 0.125, 0.125, 0.125, 0.125]

