0.125 0.125 0.125 0.125 0.125 0.125 0.125 0.125
0.099626400996264 0.07845579078455792 0.199252801992528 0.15691158156911583 0.08685378548392246 0.06839735606858895 0.17370757096784492 0.1367947121371779
0.09444644354078607 0.15741073923464347 0.10039762527401264 0.1416696653111791 0.1180580544259826 0.19676342404330432 0.10625224898338434 0.08500179918670747
0.07295173961840629 0.12906846240179573 0.09118967452300786 0.16133557800224466 0.08754208754208755 0.15488215488215487 0.10942760942760943 0.19360269360269358
0.13230993800094185 0.1041940761757417 0.1720033434851309 0.12503289141089005 0.11534712543671855 0.10369304142881583 0.1384165505240622 0.10900303353769901
0.08674392681171039 0.15347002435917992 0.0756229105537988 0.13379438021056714 0.1149039799164887 0.1841640292310159 0.09074749266455855 0.16055325625268052
0.09656363625620404 0.07604386355176068 0.21265053829628736 0.15208772710352136 0.08418368289002402 0.07751388557036669 0.16836736578004804 0.1325893005517879
0.09186221447117256 0.1531036907852876 0.11113916891707394 0.13779332170675884 0.1148277680889657 0.2052528517266169 0.10334499128006913 0.0826759930240553
0.06085927208821817 0.1076740967714629 0.05305680130767738 0.09386972539050611 0.1346003861849933 0.2560866648607752 0.10611360261535475 0.18773945078101223
0.06847039551718512 0.12113993053040444 0.08558799439648138 0.15142491316300555 0.09258203370605238 0.1963792436154867 0.10270559327577768 0.18170989579560665
0.09526159399048792 0.07501850526750925 0.2168864579751 0.1500370105350185 0.08304856911991255 0.08284922850828436 0.1660971382398251 0.1308014963638623
0.07189907190988251 0.11983178651647085 0.12014823742204357 0.14379814381976502 0.08987383988735313 0.16685263280495483 0.10784860786482378 0.17974767977470626
0.05328035128126949 0.08880058546878247 0.07781254178301379 0.10656070256253898 0.10656070256253898 0.22599086814173158 0.1278728430750468 0.21312140512507796
0.059051789411439355 0.10447624280485425 0.05148104717920355 0.09108185270166781 0.13530158077056897 0.2734816873705233 0.1029620943584071 0.18216370540333562
0.09257824221642115 0.07473183407831586 0.1851564844328423 0.14946366815663173 0.09907070479536363 0.0978409289898987 0.1666408359895581 0.1345173013409686
0.0923369530260436 0.07271535050800934 0.24660751968441907 0.14543070101601868 0.08049888212526879 0.07462709004240468 0.16099776425053758 0.12678573934729834
0.07110278214002815 0.11850463690004691 0.12649267160162742 0.1422055642800563 0.08887847767503518 0.1684047388430936 0.10665417321004224 0.17775695535007036
0.08771714743655172 0.14619524572758621 0.09853807334001118 0.13157572115482757 0.11900534488687203 0.23934124389513395 0.0986817908661207 0.07894543269289656
0.079792228045475 0.14117086500353274 0.07615811885114168 0.12307203615692597 0.11170077118413144 0.23694459110752356 0.08347494626295847 0.14768644338831116
0.0917302953571524 0.0740473468545688 0.19689475993002858 0.1480946937091376 0.09790690170504483 0.09292624646296953 0.16511453164287432 0.13328522433822385
0.09074703574022423 0.07146329064542659 0.2517774180946139 0.14292658129085317 0.08656954855165003 0.0736878642868664 0.15822560077782688 0.12460266061253868
0.0884506371305208 0.14741772855086802 0.12121785215744928 0.1326759556957812 0.1198723964181355 0.21125288985794066 0.09950696677183592 0.07960557341746873
0.06704323761901515 0.11861495886441142 0.0981331886758392 0.14826869858051428 0.09664026146041785 0.19281236007466232 0.10056485642852274 0.1779224382966171
0.09262258035006364 0.07294028202567512 0.22272796688336155 0.14588056405135025 0.08828541812643236 0.0888694798054186 0.16149578112318788 0.12717792763451047
0.060919715289283013 0.10153285881547168 0.08095542303001477 0.09137957293392453 0.13229334725383224 0.2405044492889154 0.1096554875207094 0.18275914586784905
0.06662982696359213 0.11788354001250914 0.09284187985760177 0.14735442501563642 0.09968743381984906 0.1988328438666596 0.0999447404453882 0.1768253100187637
0.06924366051153266 0.11540610085255444 0.09954497826286575 0.13848732102306532 0.09491322109711543 0.20543007620673573 0.10386549076729899 0.17310915127883164
0.07331602400729799 0.11442944090109672 0.10008120417110776 0.13731532908131608 0.09380367600781324 0.20642366766873613 0.10298649681098705 0.17164416135164506
0.09091535884398495 0.14131251297627986 0.09288277635579101 0.12718126167865187 0.12024094236448364 0.2557724445146286 0.09538594625898891 0.07630875700719113
0.07805161279432475 0.13809131494380533 0.0770755630505136 0.12038730020742003 0.11484489993867078 0.2454305538930681 0.08165399492329357 0.14446476024890403
0.09032099417476669 0.07290971818926949 0.20048295387551274 0.14581943637853897 0.09880178849714033 0.09784982662950678 0.16257778951458005 0.13123749274068508
0.09663383563944897 0.06986968799959956 0.254757939042189 0.1397393759991991 0.08832263260506135 0.07415522382719794 0.15469723350338688 0.12182407138391718
0.0756662717250958 0.11504134514167574 0.1301231399594386 0.13804961417001088 0.09731905415467963 0.16770134650907756 0.10353721062750817 0.17256201771251362
0.07357516833590123 0.11408422053583148 0.10594481326762481 0.13690106464299778 0.0998259186059803 0.19586668532566884 0.10267579848224834 0.1711263308037472
0.10885833907552345 0.07989641343233893 0.15053874184971497 0.09587569611880671 0.14855370694561368 0.14424883779646738 0.15218364463302653 0.11984462014850837
0.04856312003017234 0.08591936620722798 0.07621304404560285 0.10739920775903497 0.12421389021707396 0.22148515614738687 0.12140780007543084 0.21479841551806994
0.09003496117732909 0.07267882408290421 0.20336925395332822 0.14535764816580843 0.09993422158640905 0.09574027756580102 0.16206293011919237 0.1308218833492276
0.09596839812670999 0.06936252559256416 0.2563788124729341 0.13872505118512832 0.09140565473429689 0.07364543543737184 0.15357433423831865 0.12093978821267597
0.05675202828189971 0.08627959802554694 0.09867529765405685 0.10353551763065634 0.12171742425112951 0.20172647773861055 0.1242426211567876 0.20707103526131268
0.10139989288085968 0.08185292557852529 0.15026749104867476 0.1023161569731566 0.149528832738457 0.13975547309124906 0.1520998393212895 0.12277938836778791
0.07731982493161697 0.13679661334055312 0.12408968095518849 0.17099576667569139 0.09056169690500367 0.15935542413575485 0.0869848030480691 0.15389619000812224
0.09719556416940943 0.07110886170777395 0.23125025957612275 0.1422177234155479 0.09220980914185374 0.08459223406646187 0.1574408659708141 0.12398468195201612
0.07531290449291513 0.11439573861646703 0.12649179613063424 0.13727488633976043 0.10095631070938262 0.17101859103131964 0.10295616475482033 0.17159360792470052
0.0731582818534001 0.11342921005827807 0.10547103370184378 0.13611505206993368 0.10143900683010705 0.19815731134657005 0.10208628905245026 0.17014381508741708
0.06063168460743446 0.10003836444067273 0.05913405469912921 0.08721293310212495 0.13624887278691417 0.2837196910875071 0.09858853307196733 0.1744258662042499
0.10509093116874671 0.07993861836722808 0.1379390004386865 0.0999232729590351 0.15223303069268027 0.15642456230457377 0.14854265651820742 0.11990792755084212
0.09628187236370901 0.07029802689317197 0.22040145752885332 0.14059605378634393 0.10397039256974794 0.08516164072151053 0.15675410772895362 0.12653644840770956
0.07514516711944726 0.11421993431389961 0.12429823184386761 0.1370639211766795 0.10390196239988592 0.17124294079286123 0.10279794088250965 0.1713299014708494
0.09327912028732903 0.1401290696740949 0.09747201746934886 0.12611616270668544 0.12743204498097568 0.24531476522754084 0.09458712203001407 0.07566969762401125
0.07040055416208181 0.11379923297668618 0.09662428384407855 0.14224904122085774 0.09845985508732004 0.21128622485066897 0.09648195839327743 0.17069884946502928
0.09474384146854971 0.07147922326245393 0.21183896289959134 0.14295844652490786 0.09686071280584915 0.0940682118317442 0.1593879993344868 0.12866260187241707
0.09910525146251961 0.06854226599771165 0.25996304911096146 0.1370845319954233 0.09098399453629649 0.0730531028426521 0.15175821205842546 0.11950959199601005
0.07287381208678832 0.11728495164191409 0.12893598868204287 0.14660618955239263 0.09551416865685124 0.1634202203076908 0.09943724160944892 0.17592742746287113
0.1338657837824144 0.09533015051390971 0.18894669496045685 0.11439618061669167 0.12609357271274527 0.1149963393680538 0.12664127443117676 0.0997300036145517
0.06479911967354293 0.10099787186739045 0.07002791667798292 0.08804942675618654 0.1468795048371752 0.2536131720813988 0.09953413459395001 0.1760988535123731
0.10484729083532739 0.07941423975791251 0.1416262753100889 0.09926779969739062 0.15765783576025272 0.15049694751170978 0.14756825149044933 0.11912135963686873
0.09537818577723536 0.06959648224024995 0.22526785562459434 0.1391929644804999 0.10595921661154856 0.08414185937232735 0.15518976786109465 0.12527366803244988
0.09325998926962094 0.06870976283202024 0.25490636425224866 0.13741952566404048 0.09522959013799023 0.0735846788195203 0.15321251592692275 0.12367757309763644
0.09216588858166773 0.06801553300918776 0.2658199087649888 0.13603106601837553 0.09245775663505137 0.07141740053579285 0.1516644870383978 0.122427959416538
0.09160674921809708 0.06765506267852114 0.2704898896633309 0.1353101253570423 0.09153101815270089 0.07076735010641684 0.1508606920025531 0.12177911282133803
0.0719408528710931 0.11649181453787938 0.13441159841434314 0.14561476817234922 0.09573748566821216 0.162300959247189 0.09876479928211512 0.17473772180681904
0.09211954708764107 0.13649921233568899 0.12919991955102555 0.16379905480282675 0.08539237139677348 0.1645112132549218 0.08567950558917092 0.14279917598195152
0.09889426273038851 0.1400034388037401 0.09853352637056663 0.12600309492336612 0.1234119718113297 0.24304952721406461 0.09450232119252458 0.07560185695401966
0.058925466452661814 0.10828890062231804 0.05762340193152136 0.08242226055098456 0.1382098993335987 0.2965125598188768 0.0931729901880695 0.16484452110196912
0.06619886451314924 0.12277792967344933 0.0887795783672883 0.1379605422345929 0.09943419476114279 0.2257230024271422 0.09357323734172387 0.16555265068151145
0.07000822941669047 0.12691080962059043 0.09640181604352323 0.14095946155578973 0.09425876850144846 0.20670227402673516 0.09560728696827477 0.16915135386694766
0.12588092577774523 0.10396482583802122 0.17496765568023148 0.11508461627695883 0.12545811980245378 0.12275694323071722 0.12831075874460932 0.10357615464926294
0.07844939620325309 0.1253986688809641 0.11360877726709427 0.14147072026009944 0.09992435636475755 0.1754291629700795 0.09595405374163267 0.16976486431211932
0.10288442675864007 0.07039971268219358 0.22644947282877184 0.14079942536438717 0.09391423831885912 0.08693375533666776 0.15587075172614284 0.12274821698433752
0.07800883043287843 0.12309207452944848 0.12476329674521583 0.143493488897766 0.09524274474948073 0.16588135941114582 0.09732601855674564 0.1721921866773192
0.10251839592216139 0.07020663360719073 0.2308131784637634 0.14041326721438147 0.09290063984631669 0.08529305987645783 0.15544325878026763 0.12241156628946077
0.06861523198256879 0.10830745361830556 0.07710793316160228 0.08806962404418855 0.1396593671045849 0.24254417568955103 0.09955696631082184 0.1761392480883771
0.12749582914156055 0.10074450967352513 0.16624097774328964 0.11318431366677896 0.13520040416009485 0.12907602016676337 0.1261920631478864 0.10186588230010106
0.10479945215073797 0.07449286290106938 0.2347719108866505 0.13478903218935182 0.099950988087751 0.07960591280589457 0.15027971200812806 0.12131012897041664
0.11606006482465049 0.083582432365683 0.18865124150585513 0.09702213474749742 0.14317686499773116 0.11085078014739586 0.1442299197141902 0.11642656169699689
0.13662964220433713 0.09609411504336528 0.20036568591012344 0.110456136747486 0.13300490159769435 0.10088864594608926 0.12315034947816723 0.0994105230727374
0.12348027908813453 0.08397232850813383 0.17667883084057423 0.09531953117626547 0.15045058900570474 0.11401611881808589 0.14169888515158272 0.11438343741151856
0.08174650022592307 0.12242021091635658 0.11418183338073189 0.14061741345360199 0.10447938540342955 0.17243847135058285 0.09537528912505178 0.16874089614432236
0.10157275376828108 0.07789926068159811 0.21875324331869922 0.13838342277387317 0.09649917473360702 0.08805987495568965 0.15428718927176605 0.12454508049648585
0.10232883986997131 0.07250842550212018 0.25502482950266275 0.13422399189036224 0.0922361006268546 0.07322648566476182 0.1496497342419412 0.12080159270132601
0.11788907526951406 0.0829372333731214 0.19443293289916072 0.09641799643189135 0.1402999279973208 0.10898941077913431 0.14333182753158774 0.11570159571826961
0.12095399972922238 0.08299466275897839 0.1755534899141651 0.0954215655463997 0.15259017498280356 0.1161296623169093 0.14185056609584196 0.11450587865567964
0.10685240291640469 0.07262822961182426 0.23807645497046148 0.13358036326356265 0.10242218397876006 0.07728590196673378 0.1489321363550467 0.12022232693720637
0.10318151735117974 0.07142980596984791 0.2614537793500589 0.13283193427301268 0.09246469437418717 0.0709918339525089 0.14809769388349325 0.11954874084571143
0.1018323760497514 0.07089659436223773 0.26959809227566806 0.13198204356974944 0.09011443363617973 0.069642491719605 0.14715012917403408 0.11878383921277451
0.11819297003879317 0.08244592267346122 0.19865668274408255 0.09596901518961368 0.13916249572836004 0.10774570863866764 0.1426643867594854 0.11516281822753639
0.1215728104128916 0.08279072764129992 0.1769371757182208 0.09521687513718777 0.15202531056825605 0.11565057030283334 0.14154628005468511 0.11426025016462532
0.10733793988958876 0.07249682903936774 0.23883776635722542 0.13334981372624627 0.10218165663270988 0.07710607117511209 0.1486750908261283 0.12001483235362162
0.1202001834904024 0.08275373310232255 0.19000036771291018 0.09618480162704277 0.142806190327736 0.10964779399529197 0.1429851677918427 0.11542176195245132
0.12248992393930833 0.08282450919440526 0.1744704890618318 0.09522509802549198 0.15306565388479973 0.11609570433313958 0.14155850393043284 0.11427011763059038
0.10771206328712345 0.07250576169538751 0.2379579196319194 0.1333553494030269 0.10258228747611671 0.0771855413510734 0.1486812626926285 0.1200198144627242
0.10380134662880713 0.07130838020593161 0.2617266414060347 0.13260525952586535 0.09249258708546491 0.07087608311816754 0.1478449684564499 0.11934473357327884
0.1023847048578066 0.07077961507446622 0.26993729819946416 0.13176463076282546 0.09010977225746614 0.06952808104227819 0.14690773011915018 0.11858816768654291
0.10185394095513073 0.07056292868259943 0.27273835015856523 0.13141992855340226 0.08946174530804087 0.06916175776451046 0.14652341287968879 0.11827793569806203
0.10165815400744307 0.07048202375016008 0.2737085721546966 0.1312931874212479 0.08926568826940463 0.06904639974229448 0.14638210597563012 0.1181638686791231
0.0802829971931972 0.12203120521895683 0.13536811060035764 0.14208360522751545 0.09399371403736233 0.1593702918170163 0.0963697496325757 0.17050032627301853
0.09432416398546815 0.13616178070798068 0.1295726431163887 0.16339413684957682 0.08497288383435175 0.16366051856733682 0.08546770235208634 0.14244617058681056
0.100117529694132 0.13973385851163855 0.09873939134793716 0.1257604726604747 0.12312976206760311 0.24274234762657365 0.09432035449535603 0.07545628359628481
0.06568442750863328 0.10675725137251595 0.057333497493054095 0.08103936336616055 0.13757481600633015 0.29792220241141193 0.09160971510957279 0.1620787267323211
0.09947691355615801 0.07682154319686488 0.19589731178608114 0.13807618422512688 0.10340577814728354 0.10810906206770754 0.1539446412181638 0.12426856580261418
0.10352198570842423 0.07261474432914806 0.2478257170405058 0.13452116103160663 0.09398353142410196 0.07648275988014011 0.1499810556576271 0.12106904492844597
0.13685828129282415 0.09480388254215609 0.22098655195487513 0.11017855016213547 0.12099274305419554 0.09417843469697343 0.1228408611509182 0.09916069514592192
0.12593594446817885 0.08330226086570755 0.1831418949211306 0.09461546066912488 0.1466482043400576 0.11216544487845005 0.14065223705440055 0.11353855280294985
0.142494362368041 0.09519783272440417 0.19844373093381804 0.10936636701802312 0.1334303787077101 0.10070226037586744 0.12193533755591532 0.0984297303162208
0.11103850726561046 0.07262658651576105 0.24605300588623652 0.131922821956102 0.09825583820774396 0.07428859891371375 0.14708410149434056 0.11873053976049179
0.104319689950662 0.07105481875960394 0.2645234132739544 0.13209706774963423 0.09155672494260811 0.07028255179815474 0.14727837255071158 0.11888736097467081
0.10251752007237934 0.07064072905015986 0.2709541534869452 0.13152591997472246 0.08994795004106174 0.06939881399282795 0.14664158540465325 0.11837332797725021
0.13611366886014037 0.09407842257509622 0.22786772448062556 0.10951709111517241 0.1194591963888725 0.09229513090026796 0.12210338367616982 0.09856538200365515
0.10903157838280292 0.07203207071203499 0.25652331517630844 0.1309802050289192 0.09499204073790805 0.07252545147092053 0.14603315396507854 0.11788218452602728
0.12062714887335044 0.0823718186967343 0.1949738276908063 0.09575775646910621 0.14069945817750695 0.10831034584713578 0.14235033648243253 0.11490930776292746
0.10707536164061804 0.0720573953328976 0.2454670104277104 0.13257858153856172 0.09997196550083938 0.07571373768316625 0.1478152244915009 0.11932072338470556
0.0813517573638758 0.1221947847611497 0.12967882822239327 0.14206333347830818 0.09616214488189986 0.16171715102007264 0.09635600009833079 0.17047600017396983
0.10367276617846904 0.0699407181642869 0.23243652222184846 0.1398814363285738 0.09273973411314852 0.08452640401543748 0.15485450012768442 0.12194791885055152
0.07128526043457972 0.10764506283957288 0.07811004790810173 0.08749107564065556 0.13944201431680445 0.24214143250692916 0.09890295507204541 0.17498215128131112
0.10059321122586946 0.07669578783032402 0.204330900283578 0.13783593483900522 0.10356943317208989 0.09924561021233162 0.15367678108169688 0.12405234135510472
0.08027669630816153 0.12277319009528721 0.12125032805418412 0.14215605589731847 0.0968565544156907 0.16968101806569882 0.09641889008687689 0.17058726707678215
0.10371379482185983 0.07010205658537598 0.2295942524549378 0.14020411317075196 0.09306312124508716 0.08588171819891205 0.15521171665626587 0.1222292268668094
0.08091206194755883 0.12219365023164172 0.12653904042618125 0.1423804233340873 0.09505729114432332 0.1654899551756612 0.0965710697396418 0.1708565080009047
0.09516920981320053 0.13598580065875523 0.127589913350219 0.16318296079050626 0.08503739921506938 0.16541540676190225 0.08535724102888022 0.14226206838146702
0.08132661534555861 0.11248260231121558 0.10580324233519481 0.1349791227734587 0.09915316810068132 0.1962970035869736 0.10123434208009402 0.16872390346682334
0.07620104359400227 0.12535881343135707 0.10018327433227422 0.14037541344533147 0.09482010467459938 0.19939970439903046 0.09521114998900744 0.16845049613439778
0.1147870828365578 0.09271041459101208 0.15086643205267694 0.09742359228826433 0.143137082061154 0.13934037211231123 0.14482671331210636 0.11690831074591719
0.08109535446657323 0.12712149263019012 0.10873616022294652 0.13905021285009006 0.1027950501113662 0.18002915601779518 0.09431231828093065 0.16686025542010807
0.10220381274065632 0.08189595680984607 0.21639827257769373 0.13736242052542147 0.09618335500623192 0.08918115590833112 0.15314884795894002 0.12362617847287931
0.13731036844308744 0.0993624127276702 0.21099924891981453 0.11048540302612958 0.12219729318070806 0.09702543178426924 0.12318297919480418 0.09943686272351664
0.10957020431247456 0.07565691873942039 0.25019819755580924 0.13109924709617704 0.09589246494954723 0.07342776797367759 0.14616587698633468 0.11798932238655932
0.10377187533826919 0.07333422173774212 0.26557851594994647 0.13148488216901993 0.09095509573383108 0.06994318380525548 0.14659583131381773 0.11833639395211792
0.11912220230431547 0.08488147580594374 0.19731541061069421 0.0954215292414635 0.13940876780484882 0.10749426701686214 0.1418505121261159 0.1145058350897562
0.10643293640425046 0.07465455397527458 0.2458354522261082 0.13199442943372663 0.09969308258473601 0.07543062039749977 0.14716393848805043 0.11879498649035398
0.0809214055864793 0.1259503418700585 0.12934614698620264 0.1413435436396682 0.09590248620182927 0.1610560285316897 0.09586779481647059 0.1696122523676018
0.1041834759344637 0.06988223013665833 0.23251718945476327 0.13976446027331665 0.09263398094803676 0.08444772070133048 0.15472500282597526 0.12184593972545554
0.0807290747972198 0.12541494907033549 0.12677957121311667 0.14173877961970746 0.09471462155984665 0.16440060028014947 0.09613586791597548 0.17008653554364891
0.10422066047905726 0.06993222974055412 0.23170742174597903 0.13986445948110823 0.09251035794951279 0.08499604602212464 0.1548357060596721 0.12193311852199179
0.080725200124494 0.12540833234644783 0.12660162286222584 0.14172160511123943 0.09467935267972298 0.164673741623455 0.09612421911892761 0.1700659261334873
0.10421523695405618 0.06992823862357733 0.23171323173151698 0.13985647724715466 0.092500695941236 0.0850330904525338 0.1548268693985595 0.1219261596513656
0.08072286125052931 0.12540502361096015 0.12660097188039723 0.1417183133586079 0.09468578490358433 0.1646830825136662 0.09612198645192535 0.17006197603032946
0.104207634440779 0.06992289675754416 0.23176712770400448 0.13984579351508833 0.092495442704352 0.08502921718170785 0.15481504206798544 0.12191684562853856
0.08071502034552082 0.1253926070759634 0.12660316870153893 0.14170413749005142 0.0946768508418097 0.16475087904206281 0.0961123715149914 0.1700449649880617
0.1171185107826586 0.07858654743999823 0.15632837742326666 0.09430385692799788 0.14905342258009052 0.13704080189551796 0.14968866179047283 0.11787982115999736
0.08151445892234443 0.12470738544947065 0.10986339778570339 0.13903413195906572 0.10402010133401514 0.17971815495672053 0.09430141124180111 0.16684095835087887
0.13389323356982616 0.10683627193690504 0.17738489415959813 0.11232305719044533 0.1262060198415165 0.11703394538066213 0.12523182644964578 0.1010907514714008
0.11001150889610097 0.07718398460355315 0.23849447585224637 0.13245690507895205 0.09761936630949028 0.0773429803692314 0.1476795643193689 0.11921121457105682
0.10428161672604218 0.07374647956988789 0.2616191156588509 0.13196363827718327 0.09160913146280783 0.07088313520941085 0.14712960864635208 0.11876727444946493
0.11935422613949731 0.08495821017439896 0.19619588263600637 0.09545515118730999 0.13967483936978414 0.10791501566142436 0.14190049340680708 0.11454618142477199
0.08210570294219019 0.12605795027494093 0.11814854747828313 0.13927707210515003 0.102469979205926 0.17034207343079316 0.09446618803653654 0.16713248652618
0.10195336553882804 0.08384495545201724 0.2193284071588219 0.136528176673873 0.0956648309300702 0.08758617691843668 0.1522187283214673 0.12287535900648566
0.1369358175463727 0.10142159739995439 0.21149742224037157 0.11006090692689954 0.1217263978204137 0.09659334410880233 0.12270969772297606 0.09905481623420959
0.10938204419724185 0.0776342340951865 0.25000665969970615 0.13068268853246268 0.09563097177122333 0.07334753675070997 0.14570144527425316 0.11761441967921642
0.10366027515294321 0.07487344439130392 0.2652472350945953 0.13118513048362818 0.09078243528828983 0.06992323159983949 0.1462616305541347 0.11806661743526536
0.13606502541471255 0.09896682501049167 0.2252784403237795 0.10885705085143758 0.11933650615059399 0.09215731844384921 0.1213674880388416 0.09797134576629382
0.10878255042052316 0.07701397581792693 0.25475873693889306 0.13010843723231452 0.09479731650710614 0.07238019164499039 0.1450611979291626 0.11709759350908308
0.13753393187820434 0.09933794820643198 0.22182389615279396 0.1088801207930828 0.12036547248525427 0.0926733124683195 0.12139320930213861 0.09799210871377452
0.14410548588072994 0.10178120538733597 0.2091213350099167 0.1074070874257138 0.12546389653419562 0.09570372405358016 0.11975088702538539 0.09666637868314241
0.11082435285632761 0.07758607624680097 0.24884765577235907 0.13047402143467002 0.09623805508416919 0.07313442228208442 0.1454687970323858 0.11742661929120302
0.10400360218404628 0.07487187692703838 0.2648045237278017 0.13118819909669754 0.09090128716811324 0.06989607988056902 0.14626505182870603 0.11806937918702778
0.08043442280286792 0.12808991740975764 0.13294574266123835 0.14088999039382685 0.09398492680582866 0.15902684405633646 0.09556016739755213 0.1690679884725922
0.10390217450402651 0.06974366186033554 0.23399837926372208 0.13948732372067107 0.09283416421098276 0.08401176167025698 0.15441820126993294 0.12160433350007221
0.0805453220539573 0.1273080739865734 0.12682287741031523 0.14128376777764798 0.0945169977613448 0.16415518848866606 0.09582725118831777 0.16954052133317754
0.0791971787083457 0.11248809601956468 0.10581410317457399 0.1349857152234776 0.10153431441962926 0.1960091620074533 0.10123928641760822 0.16873214402934703
0.054913971842940265 0.09756114054428142 0.07248727865102376 0.10131592272614107 0.11496203214278151 0.24159676555882525 0.11453104308172468 0.20263184545228213
0.09770309706121173 0.08155792997346259 0.2030015000407752 0.13868819673342261 0.09954491267623777 0.10005799696247132 0.15462698949233833 0.12481937706008034
0.10296037515595202 0.0766161793456255 0.24967936963898543 0.13353781114709798 0.0930078430969981 0.07512969766223318 0.14888469392071968 0.1201840300323882
0.10254671384541915 0.07488791579177782 0.2654209395944883 0.13146433402504934 0.09045489239066475 0.07033438206332215 0.14657292166673408 0.1183179006225444
0.11876946205530975 0.0865517249254705 0.19705733268786269 0.09520073321441183 0.13906778587687865 0.10758979738045278 0.1415222840023197 0.1142408798572942
0.10632545901600288 0.07634292295300361 0.24540975539271498 0.13164770979810164 0.0994962137957671 0.07551762825719008 0.1467773719689282 0.11848293881829144
0.11980478054244348 0.08684808107487375 0.1912849952347334 0.09530791858047423 0.14180245957259896 0.10890064045031854 0.14168162224798855 0.11436950229656907
0.10670040260406981 0.0764894246035251 0.24334301357199972 0.13184080549422528 0.10015239252920845 0.07582457699218953 0.1469926592599795 0.11865672494480274
0.10337818129815615 0.07489915732370031 0.2630222486561338 0.13148432603573063 0.09181801366361365 0.07046696832380524 0.14659521126670264 0.11833589343215757
0.10219800550846224 0.07434393449621013 0.2698333791966175 0.13083452823531258 0.08983892575875539 0.06932941618125132 0.14587073521160968 0.11775107541178133
0.08013357024630673 0.12794441533712264 0.13393739529381132 0.14084134680649954 0.09376316241702108 0.15884331937572652 0.09552717435571273 0.16900961616779944
0.10424082400035455 0.06967991218787142 0.2342971527565778 0.13935982437574285 0.09272508581501565 0.08392696638545454 0.1542770542539766 0.12149318022500658
0.07105702967377601 0.1122038919394645 0.0780055096048382 0.08685281376403653 0.13883547269650834 0.2411582131470012 0.09818144164630216 0.17370562752807306
0.10000231302867696 0.08244307077621948 0.2030235001775702 0.13670189070655295 0.10314056530603219 0.09924455186487886 0.1524124065041717 0.12303170163589765
0.07969411745913112 0.129521105658443 0.12024652048468955 0.14086229109154483 0.09622014903503258 0.16887968691660538 0.09554138004469996 0.16903474930985377
0.07552736393967721 0.13745585148896267 0.10242314063381536 0.13921925392571244 0.09375419461208569 0.1901301184610173 0.09442697222787454 0.16706310471085492
0.11436371422137884 0.0969146357322388 0.15108309027000957 0.09701499486739078 0.1425069020078325 0.13747936325741295 0.1442193058028675 0.11641799384086893
0.10685075477295247 0.07867568287161142 0.229244196954837 0.13352940553794115 0.10151261734459407 0.08113555524012271 0.1488753222937941 0.12017646498414705
0.1377897947777358 0.10016104606064449 0.21414531327202793 0.10953587363670472 0.1226963310763373 0.09496503011751792 0.12212432478599765 0.09858228627303424
0.12595424618691572 0.08900939016734852 0.1803262673313296 0.09381594154024576 0.1468101532059881 0.11204117354960164 0.1394636981702758 0.1125791298482949
0.08289008666453596 0.1290945254535635 0.11454912539577272 0.13856225960539528 0.10348480518221169 0.17116312748316978 0.0939813586888768 0.16627471152647433
0.07572781438283419 0.13959088675779763 0.10091825091510799 0.1385341287182459 0.09477217306503403 0.1902535130901877 0.09396227860889723 0.1662409544618951
0.10100049388517263 0.08767403131013779 0.21278503415694328 0.1369411736325628 0.0945595927813465 0.09111342885479261 0.1526791891097379 0.12324705626930653
0.10322788847466442 0.0781355650640607 0.2527978207040862 0.1328879064490337 0.091702018170421 0.07348958665087497 0.14816009868272864 0.11959911580413034
0.10241997656020257 0.07589872439311306 0.26629911122411676 0.13114007640264508 0.0900459815742997 0.06995866246715883 0.1462113986160834 0.11802606876238059
0.11861389605385372 0.087687270244443 0.19715653552457535 0.09504038455147999 0.13879182091588557 0.10737771630280114 0.1412839149451852 0.114048461461776
0.10619235035696034 0.0775136381138334 0.2452442414240483 0.13143297183174552 0.09936736903361629 0.0754217994295626 0.14653795516166251 0.11828967464857094
0.10312548181332902 0.0758795544026019 0.26350841515250545 0.1312237628568024 0.09154934820234618 0.07030734823408195 0.14630470276721103 0.11810138657112217
0.11879981955431967 0.08769786407628427 0.1963506252775911 0.0950560051628311 0.13924674322125477 0.10747460047921759 0.14130713603310413 0.11406720619539731
0.09420836065660526 0.15066084396331353 0.13573976912955546 0.15966128829298626 0.08819486435650112 0.14662071096222307 0.0812190031751278 0.1436951594636876
0.10691192198402948 0.06962525896425778 0.2348769690124975 0.13925051792851556 0.09171731702649619 0.08206408013571254 0.15415604752363135 0.1213978874248597
0.09650997964915882 0.153342800638075 0.10550721686842066 0.11728512890366234 0.11231676685616465 0.19474603888285721 0.07954991351726663 0.14074215468439483
0.07675899480803776 0.14300765902666512 0.09773024479480238 0.13605620752208608 0.095103842240607 0.1957940009576227 0.09228160162367578 0.16326744902650328
0.10120513115607939 0.08813861826114198 0.21139805876142323 0.13687024511382911 0.09461802233043935 0.09198659467011791 0.15260010910452287 0.1231832206024462
0.09189430712996692 0.15250193975670048 0.14026976304629307 0.1619736482383992 0.0816121588516703 0.14357660893679045 0.08239529062562047 0.14577628341455925
0.08162802282149674 0.11302394435936101 0.1089429059688354 0.1356287332312332 0.09963727747395668 0.18988164968265056 0.1017215499234249 0.1695359165390415
0.055215472491284896 0.0994242213495592 0.07295940870774732 0.10129691003367383 0.11458234728558538 0.23941826959195292 0.11450955047284866 0.20259382006734766
0.0976367558795101 0.08299832489077504 0.20291922037090424 0.1384416994286163 0.09937433795758438 0.09967996859405472 0.15435216339280056 0.12459752948575469
0.07924589719511747 0.13130493313802905 0.12011646074862627 0.14071683960328268 0.09542859698154023 0.1688843388176733 0.09544272599179174 0.1688602075239392
0.07524419619026965 0.14023607729599072 0.10212373986065236 0.13874416383743268 0.09335895891265489 0.1896951300866042 0.09410473721147611 0.16649299660491923
0.11406470080523401 0.09921000526847622 0.15070167188675296 0.09675627866646103 0.14212828806277247 0.13719681411682585 0.14383470679372415 0.11610753439975323
0.10668494577311573 0.08015438132034863 0.22886810895128196 0.13330796776080633 0.1013548640242032 0.08102412548802237 0.148628435697496 0.11997717098472568
0.09285497572844555 0.15029755163213596 0.1443014548694684 0.16174815134353637 0.08268227511378927 0.14026167376781665 0.08228058133562503 0.1455733362091827
0.1439841687124437 0.09400927685970965 0.19324578946739002 0.11281113223165161 0.12317443448472792 0.10954047097086185 0.12488656071228828 0.09834816656092703
0.10134167058775902 0.15602771512449076 0.09653551821479552 0.113992493723771 0.11684977201390387 0.20114518994976222 0.0773166479169925 0.1367909924685252
0.10538908683992741 0.08908083454549554 0.20871379344251306 0.13494121198292097 0.09785189704473628 0.09212670423852114 0.15044938112125664 0.12144709078462887
0.08043196154262533 0.13256273113533723 0.1212393034237429 0.14053190943637214 0.09506781078852784 0.16621069725377383 0.09531729509597414 0.16863829132364655
0.07975031343488075 0.11237543256306967 0.10466530127566134 0.13485051907568357 0.10209184556361706 0.19656554993572045 0.1011378893067627 0.1685631488446045
0.05486991131741855 0.09908505707622538 0.0721740004503613 0.10104357452942005 0.11488293000001598 0.24163420636054814 0.11422317120717049 0.2020871490588401
0.09756620958579515 0.08295492654131637 0.2025888017956017 0.13843827314287813 0.09944124108240322 0.10006775868351984 0.15434834333989544 0.1245944458285903
0.1361014235502877 0.1028958091989665 0.2062070053473338 0.1102790151728814 0.12295427368483482 0.09935848724959144 0.12295287214051107 0.09925111365559326
0.1255518467096136 0.09088837395197989 0.17795254467118063 0.09376354495751728 0.1468782271663913 0.1130634014634202 0.13938580713087642 0.11251625394902073
0.10806879010436628 0.07823613960191364 0.2381546407717567 0.13189693869044047 0.10129153758606675 0.07658946483934481 0.14705524358471497 0.11870724482139643
0.08094638554223924 0.13021014536914952 0.127343415275189 0.14056964999330687 0.09582605458281017 0.1610778762063983 0.0953428930389386 0.16868357999196826
0.14151810174792107 0.0941191721648122 0.18769173309281661 0.11294300659777468 0.12640250637273345 0.11382979501035607 0.1250325510565515 0.09846313395703431
0.07430407345570623 0.11495481042756313 0.07042904176929761 0.08397050287379955 0.14436363468745406 0.2491137538768938 0.09492317716168644 0.1679410057475991
0.10055753744594904 0.08420912307983532 0.19943726227043668 0.13634940779089644 0.10416491104859803 0.10054787699456791 0.15201941435790992 0.12271446701180681
0.10344353053775839 0.07789463192454672 0.24801003441234304 0.13325006375237325 0.09377345327838181 0.07513935166817308 0.14856387704928775 0.11992505737713592
0.08025680935460731 0.13023277112114448 0.12938403504030502 0.140701877332036 0.09444136567109078 0.1607083110136878 0.0954325776686853 0.16884225279844323
0.10492554115341274 0.06969606191922857 0.2325377782304895 0.13939212383845714 0.09336935919773363 0.0842449858427791 0.15431281108693667 0.12152133873096267
0.059755950215406216 0.09532889645824415 0.09368376851053888 0.10453232095759182 0.11676048370357857 0.202706966722179 0.11816697151727772 0.20906464191518365
0.09821337822875834 0.08208479588340477 0.21092963048729577 0.13794511069939605 0.09935565220796072 0.09352232884514751 0.15379850401858036 0.12415059962945645
0.10273909898245268 0.07745278072144496 0.25220488287942455 0.13300542869319834 0.09267825610082332 0.07392353958412222 0.14829112721465543 0.11970488582387848
0.1023447583568613 0.07582058608051098 0.26609709757588124 0.13116130022594882 0.09025039575096587 0.07004563021127826 0.14623506159519964 0.11804517020335394
0.08004748768241282 0.12968923709290722 0.1330214982325064 0.14058302033811812 0.09372006973159919 0.15888710089607785 0.09535196162063664 0.1686996244057417
0.10476437249641159 0.069614119283556 0.23385546089911374 0.139228238567112 0.09314079039364634 0.08388717061360035 0.154131383354719 0.12137846439184125
0.09605307247506673 0.1532583907646303 0.10528250638066179 0.11722189960687221 0.11259346273409584 0.19541736095098286 0.07950702755944375 0.14066627952824662
0.10417789293033786 0.08862405568557852 0.21231820066800108 0.1349184842059607 0.0969538095537367 0.0911568798249719 0.1504240413460487 0.12142663578536463
0.10379411656703265 0.07817751052695764 0.2524267653717795 0.1327053966116332 0.09206667647711544 0.07343806366084746 0.14795661383416417 0.11943485695046989
0.10254023829695283 0.07589915345122121 0.2661442691279852 0.13112713469793374 0.09011801822628944 0.06995979539034809 0.1461969695811291 0.11801442122814036
0.13565687294537504 0.10025293201950639 0.22536048902780478 0.10865867225420488 0.11904118016677791 0.09209073785024653 0.12114631070730003 0.09779280502878436
0.10862908684340795 0.07833839826150585 0.25455541703561824 0.129849978036685 0.09465708223929005 0.07233202213644117 0.14477303521403537 0.1168649802330165
0.10332013150857425 0.07574761707477445 0.2665958145696375 0.13078015871265963 0.09040460783717248 0.06963941020450934 0.14581011725127874 0.11770214284139369
0.09208636764538695 0.14887802543235312 0.15285354499428794 0.1613962743257362 0.08072774182810624 0.13669981585439678 0.08210158302657015 0.14525664689316256
0.1066329827894872 0.06923882771111733 0.2410170742612369 0.13847765542223467 0.0904114291541403 0.08019746384741454 0.15330045695908762 0.1207241098552815
0.08089388422547036 0.12849838796691765 0.1281139586484044 0.14100230083297494 0.0939440217365018 0.16270834241649088 0.09563634317366995 0.16920276099956988
0.11805949953928437 0.07831937368849798 0.15645039969754745 0.09398324842619758 0.15030905385184315 0.13621960485721976 0.1491797594066628 0.11747906053274695
0.08141697298559242 0.12829341907695108 0.10945501363897125 0.1382568147250642 0.10389570721384574 0.1789997073107592 0.09377418737873922 0.16590817767007707
0.10188413444998871 0.08583703384971324 0.2157262969979705 0.13646114727515848 0.09600913764702419 0.08912322168840771 0.1521439955440946 0.12281503254764263
0.10330320860646394 0.07779958651203467 0.2537533102062571 0.13272008983679004 0.09187788734763792 0.07312484095400049 0.1479729956837047 0.11944808085311102
0.10240746230341449 0.075825304104444 0.26660624404053057 0.13108558644715113 0.09005504111791182 0.0698926878019898 0.14615064638212222 0.117977027802436
0.10182140190108517 0.07525783474510703 0.27090543536304723 0.13052460730900106 0.08936218684127184 0.06913119075518702 0.14552519650719967 0.11747214657810096
0.1183918475646897 0.08751784973515084 0.19840701869789673 0.09495469135282329 0.13850368044102443 0.10712275633515839 0.14115652624986866 0.11394562962338795
0.10611560521808461 0.07745930912534063 0.24567592879609412 0.13137558018178797 0.09928620644585684 0.07537538031430772 0.14647396775491883 0.11823802216360917
0.11963464644673702 0.08802288193139766 0.19120187448128806 0.09514752570764617 0.14160413651654272 0.10876871659733903 0.141443187469874 0.11417703084917542
0.10657062973337224 0.07767114314655992 0.2431036548480347 0.1316246858521343 0.1000517270717065 0.07576424009389197 0.14675170198737958 0.11846221726692087
0.10327163187141208 0.07594406787592883 0.26276984281143 0.13130157552718383 0.09173600807975266 0.07041399777205656 0.1463914580877706 0.11817141797446544
0.08020215787082478 0.12972636177981756 0.13235634151383377 0.1405953396253984 0.09401323957861613 0.1590318347698913 0.0953603173111398 0.1687144075504781
0.10477777609488635 0.06959582480317014 0.23356031512435024 0.13919164960634028 0.0935375387309795 0.0838994514457165 0.1540908778710808 0.12134656632347614
0.07103415234275705 0.11333150624647766 0.07782132351878247 0.08668552186290084 0.13888527790519606 0.2408788453356746 0.09799232906240965 0.17337104372580167
0.09984841518510758 0.08397197890274916 0.2026306682366863 0.13642015167653077 0.10305834828390564 0.09919401269514523 0.15209828851099771 0.12277813650887769
0.10321954843462178 0.07780477076287022 0.24915038756993477 0.13315120808091815 0.09349737093259032 0.07488696659333414 0.14845366035290428 0.11983608727282635
0.10252634338927825 0.0759287406198556 0.2650475125241709 0.13127045174709562 0.09047472788912284 0.07025205986244841 0.1463567573956424 0.11814340657238603
0.09196049286725387 0.148963893937186 0.1525158402468904 0.16144824534461924 0.08075850877302698 0.1369215775629512 0.08212802045791501 0.14530342081015732
