0.125 0.125 0.125 0.125 0.125 0.125 0.125 0.125
0.099626400996264 0.07845579078455792 0.199252801992528 0.15691158156911583 0.08685378548392246 0.06839735606858895 0.17370757096784492 0.1367947121371779
0.05612507465341754 0.09354179108902921 0.07954877568395238 0.11225014930683508 0.11225014930683508 0.18708358217805843 0.1347001791682021 0.22450029861367016
0.07328976007000376 0.12214960011667295 0.09435635819365079 0.14657952014000752 0.0916122000875047 0.17885352111214525 0.10993464010500566 0.1832244001750094
0.10820596679147222 0.08521219884828439 0.14125573923805076 0.10225463861794126 0.1352574584893403 0.13768674955527618 0.16230895018720834 0.12781829827242658
0.11178451178451179 0.09023569023569024 0.13973063973063973 0.1127946127946128 0.13414141414141414 0.10828282828282829 0.16767676767676767 0.13535353535353534
0.09495368570061007 0.07477602748923043 0.21477741209678125 0.14955205497846086 0.09318729174287947 0.07681454089180324 0.1655602725036278 0.1303787145966069
0.07137447735569838 0.1189574622594973 0.1164551498545765 0.14274895471139676 0.0971414407641132 0.16782460563192414 0.10706171603354757 0.1784361933892459
0.0600642272461734 0.10010704541028899 0.06468196693515571 0.0900963408692601 0.13982218675384697 0.25691994200364243 0.10811560904311211 0.1801926817385202
0.07215429101535963 0.12765759179640546 0.09019286376919952 0.15957198974550685 0.09751632930019444 0.15318911015568656 0.10823143652303943 0.1914863876946082
0.12635279175910719 0.0995028235102969 0.17471354991462046 0.1194033882123563 0.1282907355408733 0.11545699047321552 0.13218445907106596 0.10409526151846446
0.08497507681718384 0.15034052052270988 0.07408083619959617 0.13106609481467016 0.11392207137874168 0.1994390830499787 0.0888970034395154 0.15727931377760418
0.09229664938445974 0.07268361139026205 0.21464747469650983 0.1453672227805241 0.09620758934042264 0.09113956182625531 0.1609274912344426 0.12673039934712357
0.0690772606652392 0.11512876777539867 0.12743673819710868 0.1381545213304784 0.10079395002705784 0.17309971934376048 0.10361589099785881 0.17269315166309798
0.06816796395402228 0.11361327325670378 0.10796820890951525 0.13633592790804455 0.10437387082302796 0.19686889933259716 0.10225194593103341 0.17041990988505565
0.10039947208394732 0.07906458426610852 0.15340661134980316 0.09487750111933023 0.15497391585151774 0.14808183080420936 0.15059920812592098 0.11859687639916278
0.059890474835927354 0.1059600708635638 0.05221220883132129 0.09237544639387613 0.1370793243150596 0.26330716430985696 0.10442441766264259 0.18475089278775225
0.1035237417755315 0.08356735781880255 0.12940467721941437 0.10445919727350317 0.14069995741809327 0.15770841910315403 0.15528561266329727 0.1253510367282038
0.10204453447457613 0.07498158446898416 0.1857752689828563 0.14996316893796832 0.09479956640020426 0.09027128260666877 0.16719774208457064 0.1349668520441715
0.08279902365990567 0.13799837276650945 0.14569047516332523 0.16559804731981134 0.08936004981735478 0.14756598578084376 0.08662051705959362 0.14436752843265604
0.09096668366098039 0.13994965033772827 0.10360048629726334 0.12595468530395545 0.1288385264106507 0.24065114282908198 0.0944660139779666 0.07557281118237327
0.060983242782093744 0.09903460449862325 0.053771136594164964 0.0863378603321331 0.12613571419693656 0.3034624005563274 0.09759932037545481 0.1726757206642662
0.09523116597774357 0.07245039377311893 0.18916635401800283 0.14490078754623786 0.09097645135530232 0.11531057391553293 0.1615535646224473 0.1304107087916141
0.10828045764573128 0.0777598179593143 0.17599925541143538 0.09331178155117717 0.1522382598683109 0.127656761654937 0.14811393897012248 0.11663972693897146
0.06379116145929771 0.10196645102337976 0.06557750007921614 0.08889382909730542 0.13258211613297052 0.26891260764235264 0.100488676370867 0.17778765819461084
0.12309295616862206 0.09334046649363549 0.16138815801916306 0.11667558311704436 0.12859530917341036 0.14181493418034863 0.130084568042436 0.10500802480533991
0.10539786209702176 0.06981743053063055 0.22256034263242463 0.1396348610612611 0.09561874266067319 0.0856169364915671 0.15568244957128663 0.125671374955135
0.09480705936845989 0.06741570724138465 0.26949294307935845 0.1348314144827693 0.09412552109538046 0.07251810067679691 0.14926391835292327 0.11754533570292708
0.06777417738773368 0.10255910288349902 0.08163152907893524 0.0894104999497171 0.13540737040746637 0.24332358131962123 0.10107273907359324 0.1788209998994342
0.09753306335793914 0.07016890943874673 0.2065487082993259 0.14033781887749347 0.09730655747097024 0.10533471048893313 0.15646619507684717 0.1263040369897441
0.07373859374130841 0.1117297827996631 0.12606597158281316 0.1340757393595957 0.10618499690725643 0.18005343689017175 0.1005568045196968 0.16759467419949464
0.08648112614279019 0.13522280535424927 0.0881956979090774 0.11788654825755066 0.10908443003065862 0.24170770166540465 0.07995783273120827 0.1414638579090608
0.09975655425549826 0.06962814253856708 0.2121510274363036 0.13925628507713417 0.09295669381689389 0.10566027470525823 0.15526036560092418 0.12533065656942077
0.12831239727476793 0.09165801456887698 0.221176202617439 0.10998961748265239 0.12741472831041456 0.10379762737276997 0.12176302790102338 0.09588838447205593
0.07902875717698507 0.11320468367478295 0.1294006800606912 0.1415058545934787 0.09470821605374398 0.17636689894300142 0.09597788398514209 0.16980702551217441
0.09468353615261497 0.06898893094630369 0.23909449063632499 0.13797786189260738 0.09618645695350696 0.09003316602268883 0.15274716497675703 0.12028839241919619
0.06638793388397288 0.10019935878114963 0.08211043383368759 0.0873532871425407 0.138626602171629 0.25186861574080577 0.09874719416113296 0.1747065742850814
0.10726865655630385 0.0771729545236426 0.14700209422629573 0.09646619315455325 0.15212984715128933 0.16079734740553334 0.14340347519691796 0.1157594317854639
0.13682400109041173 0.08802199406903774 0.1930058889484323 0.11002749258629718 0.1335984611931671 0.11682497555817457 0.12267244322681192 0.09902474332766745
0.14679430817632322 0.08657727672937658 0.20791185896209433 0.10822159591172072 0.12741637637035375 0.10502014432651507 0.12065900320306772 0.09739943632054864
0.13177046609325413 0.07484475264257362 0.18503729838207247 0.09355594080321701 0.14540135721597205 0.11804586628710373 0.13907718961194648 0.11226712896386042
0.12759978648787587 0.0746984994482034 0.17721696559950068 0.09337312431025425 0.15487977531809702 0.12137867904732588 0.13880542061643766 0.11204774917230509
0.14553479686007748 0.08586987428809804 0.2009520647050629 0.10733734286012254 0.1385159976057957 0.10551318806716362 0.11967312703956948 0.0966036085741103
0.11362241654042876 0.06449719061807438 0.2555987128609392 0.12899438123614876 0.10079643619555294 0.07657681080437723 0.14381910863194494 0.11609494311253388
0.08376483434710166 0.11186383913408782 0.1392772708628206 0.13982979891760974 0.09773581963531369 0.16489159739694728 0.0948410810049875 0.1677957587011317
0.07807975740421282 0.11190120073949908 0.11121663730532488 0.13987650092437387 0.097259845033459 0.1989415003351759 0.09487275714870576 0.1678518011092486
0.1033691721769829 0.06811475636409947 0.22361709439797448 0.13622951272819894 0.09723021751666588 0.09694694505030428 0.15188574031039495 0.12260656145537907
0.10498466289730415 0.06509048376266265 0.2688477637455386 0.1301809675253253 0.09318468475736931 0.07540650274584627 0.14514206379316116 0.11716287077279276
0.0950965045581686 0.12850363306037493 0.1644707509869714 0.16062954132546867 0.08331445159483844 0.14170698199830029 0.0817115492829558 0.14456658719292179
0.09502036517583924 0.06820311699119969 0.25454589266095823 0.13640623398239937 0.09271915628934108 0.08317967135837158 0.15100730827518366 0.11891825526670712
0.0715693075624122 0.09875254113533112 0.08583281759845932 0.08609195893849379 0.1419487720876729 0.24629933991364997 0.09732134488699298 0.17218391787698759
0.08712540049680234 0.12696066610160214 0.11297441515166438 0.15870083262700266 0.0916306664991663 0.19904684620572377 0.08073042355373615 0.1428307493643024
0.07883028585685323 0.11092665057521904 0.10461077093808833 0.13865831321902383 0.09517612123709002 0.21136137421451553 0.09404650809638138 0.16638997586282855
0.1039586402137055 0.06806889372053002 0.2209390473578948 0.13613778744106003 0.0970796772332774 0.09950847187617247 0.15178347346040572 0.12252400869695403
0.10557779123774662 0.06501930346474682 0.2680376897879753 0.13003860692949365 0.09338408844632799 0.07592443154443133 0.14498334235273397 0.11703474623654428
0.10410237104944654 0.06374842577009422 0.28631077760381896 0.12749685154018844 0.0909418462804111 0.07050308659297455 0.14214947477689666 0.1147471663861696
0.08273488605485495 0.1113250653424013 0.14720209278235627 0.13915633167800162 0.09613295833601976 0.1620767732633368 0.09438429452942719 0.16698759801360194
0.10356600367026617 0.06714265995618114 0.23912260630421078 0.13428531991236228 0.09596125623304691 0.0893472555930535 0.14971811040975316 0.12085678792112607
0.12187146401563685 0.07501105480707666 0.19996647767421924 0.09376381850884583 0.14336327732385623 0.1141211116764511 0.13938621378329916 0.11251658221061499
0.12552332335179792 0.07372614872084543 0.1843944995373866 0.09215768590105679 0.15728450417833792 0.11932602544206458 0.13699858978724264 0.11058922308126815
0.09938966463326157 0.12680031054901264 0.14056320669360403 0.1585003881862658 0.09560301062310513 0.1558646116088808 0.08062845833823087 0.1426503493676392
0.09495287770299689 0.12965544798536835 0.129936224686807 0.16206930998171043 0.08460260589184343 0.17047720142921216 0.08244395333852227 0.14586237898353938
0.09612342236064184 0.06901295554312113 0.24064487791482017 0.13802591108624226 0.09406373195589665 0.08899846227020589 0.15280035740927103 0.12033028145980096
0.07172343405429861 0.09842907152632047 0.08362478376264036 0.08580995979217682 0.14255626462529192 0.24923400341158777 0.09700256324333031 0.17161991958435363
0.1018105888482947 0.06747713133858851 0.20967650872733987 0.13495426267717703 0.10772680344113027 0.10643193688659046 0.15046393167141978 0.12145883640945933
0.10543507459354817 0.06511831340277202 0.2633802258350369 0.13023662680554404 0.09611684922911003 0.07729582627207168 0.14520411973692743 0.11721296412498962
0.10433371292948729 0.06380542530805448 0.28448734248677676 0.12761085061610897 0.09182710502869515 0.07080922283722497 0.14227657523915432 0.11484976555449807
0.08288566433635977 0.11128373445787683 0.14677136050506018 0.13910466807234603 0.09652526291075943 0.1621544549034522 0.09434925312733035 0.16692560168681522
0.07858638547314083 0.11154587776623823 0.11321731181378238 0.13943234720779782 0.09734463221152743 0.19798312381547578 0.09457150506268025 0.16731881664935735
0.07733765374055568 0.11092160140159585 0.10474821035896177 0.1386520017519948 0.09699026576606698 0.2109256376031651 0.09404222727526605 0.16638240210239374
0.10365179580515713 0.06802013479000575 0.22106732031933585 0.1360402695800115 0.09772072002560009 0.09938876853509024 0.15167474832278893 0.12243624262201033
0.10559466189389947 0.06496097916468255 0.2681450341026825 0.1299219583293651 0.09374150819265117 0.07585280795158077 0.14485328786871002 0.11692976249642857
0.10420529197043764 0.06369521984076006 0.2863534289018122 0.1273904396815201 0.09122887071145358 0.07044451968498322 0.14203083349566495 0.1146513957133681
0.10317536962299927 0.06321604936560263 0.29332649796784044 0.12643209873120526 0.09007132442115987 0.0690274161790624 0.14096235485404526 0.11378888885808475
0.13754115103806125 0.08444728401255787 0.24783068496603045 0.10555910501569733 0.12002321756456275 0.09190483834161065 0.1176905245473521 0.0950031945141276
0.11139500333288954 0.06303913855714956 0.27622155114570063 0.12607827711429911 0.09643272000802734 0.0727949902832716 0.14056787015579317 0.1134704494028692
0.10507510626601961 0.06329552438329998 0.28908521311375396 0.12659104876659996 0.09133994158501392 0.06954164971380518 0.1411395722815674 0.11393194388993994
0.10325045421677816 0.06311529592267136 0.29431056649300374 0.12623059184534272 0.08997278080729743 0.06877508833996236 0.1407376897141358 0.11360753266080843
0.1026498198195321 0.06300642155760879 0.2963599600506261 0.12601284311521757 0.0895340205050556 0.06853046001831252 0.14049491612995152 0.11341155880369583
0.10243654918246665 0.06295888375311116 0.29715361613998 0.12591776750622233 0.08937810358880217 0.06844017515270107 0.14038891392111655 0.1133259907556001
0.13718429547127867 0.08435456797851429 0.249167396487388 0.10544320997314284 0.11971050600740553 0.09167982488265433 0.11756131022378762 0.09489888897582857
0.12892397660439311 0.07301177710830487 0.20043328829961093 0.09126472138538107 0.1488192506329508 0.11235818224743982 0.13567113805946202 0.10951766566245728
0.12708283553195937 0.0733454191000509 0.18398181832442634 0.09168177387506361 0.15920706221740055 0.11839184770465988 0.13629111459636323 0.11001812865007633
0.11107721166727082 0.0643831548840041 0.250218048450898 0.1287663097680082 0.10709832633339283 0.0790024441399917 0.14356482596522707 0.1158896787912074
0.12322151850305445 0.07434814006712001 0.20277079438662576 0.0929351750839 0.14653191446981337 0.11051586771184445 0.1381543796769618 0.11152221010068
0.1096567732351638 0.06414510886958183 0.2583082025707754 0.12829021773916366 0.10383174604611473 0.07727273669163197 0.14303401888232126 0.11546119596524729
0.10533895390356698 0.0637523153502875 0.28216413620042563 0.127504630700575 0.09354472136380357 0.07078292689063062 0.1421581479601933 0.1147541676305175
0.13855632197623166 0.08466841399420867 0.24385330344531878 0.10583551749276084 0.12130796944134704 0.09252780407516699 0.11799870383148112 0.09525196574348475
0.10206920599959189 0.12633022150679227 0.1567236925387385 0.15791277688349034 0.0884266337107224 0.14608642714218262 0.08032954302334075 0.1421214991951413
0.10786576640767195 0.06676265333826635 0.24267982513226488 0.1335253066765327 0.09405160888624607 0.08607131118092973 0.14887075236920885 0.12017277600887943
0.10576266473687267 0.06438162273031574 0.2765383239261832 0.12876324546063148 0.09218782800136723 0.07291798473887975 0.14356140949118162 0.11588692091456833
0.12160595622937825 0.07426748253224737 0.21176245363355245 0.0928343531653092 0.14136604207121178 0.10875798744657468 0.13800450112335516 0.11140122379837104
0.10898561516407033 0.06397895717264086 0.26205360838124797 0.12795791434528173 0.1024322021313258 0.076766054497776 0.14266352539690366 0.11516212291075358
0.10505111599229185 0.0636673005804111 0.2836430254373589 0.1273346011608222 0.09312751184438581 0.07060672622784957 0.14196857771214055 0.11460114104474
0.10345366551862029 0.06325530627460942 0.2922280242278527 0.12651061254921883 0.09054348355673006 0.06909946467678132 0.14104989190189027 0.11385955129429697
0.08267394827125232 0.11117237096425897 0.1485913949740544 0.13896546370532373 0.09623648009796966 0.16134694928844603 0.09425483625230653 0.16675855644638846
0.07759869883239018 0.12288046040098666 0.11244881466918544 0.1373302792330977 0.09616837505943276 0.19563128211491523 0.09314575461027498 0.16479633507971725
0.10278568338090947 0.0760304581011615 0.22308197358889506 0.1344719834808264 0.09670490941076615 0.09597398054622415 0.14992622635847358 0.12102478513274374
0.1049048116591373 0.06978522578599637 0.2682706611024478 0.1290441314203293 0.09308405495056368 0.07489682042862317 0.14387457637460596 0.11613971827829637
0.10364243395267696 0.06809148824028852 0.2858026263863009 0.1266276153171766 0.09072117290659919 0.06996946815488563 0.1411803412566133 0.11396485378545892
0.10267176309171097 0.067498951376557 0.29254209639438844 0.12571194903573019 0.08962081287644515 0.06865423140690594 0.14015944168610514 0.11314075413215717
0.10219004397810469 0.06728030429302456 0.29513166285940434 0.12536940908515293 0.08916359647744018 0.06825497992634129 0.13977753520389438 0.11283246817663763
0.11965411901089365 0.07884365708841554 0.2171543215530274 0.09184026232310948 0.13920375864147394 0.1065688482762188 0.1365267183191299 0.11020831478773134
0.10786753685266216 0.06892220213857711 0.2634887155396113 0.12684324764516502 0.10138851830358861 0.07591010142939172 0.14142075521035563 0.11415892288064852
0.10433648938385266 0.06798714926584533 0.2836107430559361 0.12651916599836865 0.0924983827675143 0.07012139177057593 0.14105942835937518 0.11386724939853178
0.1028880880218467 0.06752301346431792 0.2916450271577077 0.1257687137209753 0.09004727265770984 0.0687133125545817 0.14022273007398292 0.11319184234887779
0.08200979617733048 0.11828486486014025 0.1477388310567293 0.13775405398171695 0.09545772109181085 0.1600166836144388 0.09343318443977325 0.16530486477806033
0.08981820227904773 0.14342969192574945 0.13012778944714276 0.15922434812491051 0.08346644836878818 0.1696348729305744 0.08099673361136753 0.14330191331241943
0.09139028208521557 0.14665612024858155 0.1251618907006991 0.1590499352926401 0.08101172742659844 0.17267709192098094 0.08090801056190823 0.1431449417633761
0.10509210675752771 0.08474458066474196 0.2271487224873394 0.13261012377258993 0.09223671366133401 0.09096824953259168 0.14785039172854428 0.11934911139533094
0.10492016400855987 0.07437617569829441 0.2692370751014653 0.12810743525539217 0.09161282225269918 0.0736194059003363 0.1428302300533999 0.11529669172985293
0.08202049049644342 0.12521827333639807 0.14181047937144178 0.13701246329280162 0.09537012784938817 0.1612230172079169 0.09293019249424805 0.1644149559513619
0.08874577704010332 0.1553383072458749 0.12713155209576038 0.15694872349313677 0.08247498570556398 0.16826767002053325 0.07983913325520435 0.14125385114382308
0.10433336938016967 0.08575915037211965 0.22794146779411611 0.13247037523404395 0.09248269089917695 0.09009502607267317 0.14769458253706094 0.11922333771063956
0.1047122801509927 0.074482906325336 0.26956306357781595 0.1280781640202678 0.09164607348644092 0.07344957001024874 0.1427975948106568 0.11527034761824101
0.1375141466537069 0.095849799866436 0.2380034701609745 0.10485879311159095 0.11998937057488468 0.09250177679561916 0.11690972903635588 0.09437291380043185
0.1108384557557037 0.07407618810062852 0.2707751842884926 0.12470786858928316 0.09590089176487902 0.07242436285096474 0.1390399669196933 0.11223708173035485
0.1044121452510687 0.07166521857382882 0.2858756354608977 0.1254649565522466 0.09073209386997003 0.06904742589567033 0.13988406349929583 0.11291846089702194
0.13679406675471267 0.09492355292790317 0.2436255099682006 0.1042943613532902 0.1191716169271831 0.09104553710312556 0.11628042974762356 0.09386492521796118
0.11044800975566185 0.07381076717758708 0.273021421504797 0.12443539683740323 0.09553330622742287 0.072023060093405 0.13873618125006004 0.11199185715366292
0.1042360851147178 0.07157352729909108 0.28675303999357943 0.12535483458619745 0.09058025904242746 0.06892161711120108 0.13976128572520818 0.11281935112757771
0.10240613410979611 0.07107825538139384 0.29236136954275577 0.12496930671606941 0.08921737636190258 0.06816373092286772 0.139331450920752 0.11247237604446247
0.08143902400936402 0.1243098066754673 0.14730018152555205 0.136706160998185 0.09469349777727187 0.15878149618278628 0.09272243963355158 0.164047393197822
0.10193923232290693 0.08141322317846976 0.23673262490125696 0.1317829579429024 0.09472039061742028 0.08787874533119543 0.14692816355723595 0.11860466214861218
0.08144460926663845 0.12675622362116157 0.13389908595715644 0.13717696388723738 0.0960832758347943 0.16698571795785308 0.09304176681047406 0.16461235666468485
0.1024066337702898 0.08209266130829763 0.23108044892844526 0.13240893864101103 0.09546442104793268 0.08975276620646398 0.1476260853206496 0.11916804477690994
0.10412166802998273 0.07394510359040316 0.2708019043756271 0.12790975326319273 0.09219042659840011 0.07330253682103564 0.14260982938448502 0.11511877793687345
0.08185909231706961 0.12510977706037366 0.142178000706415 0.13698770515749126 0.09549194542441528 0.16107483312538204 0.09291340001986363 0.16438524618898948
0.10222190751375065 0.08165550677553579 0.23457531412881316 0.13202408516085454 0.09506400001907835 0.08844050734651451 0.14719700241068406 0.11882167664476907
0.10394625015512918 0.07379529745023646 0.27218436975747445 0.12773372143801628 0.09198671158779097 0.07297973328102123 0.14241356703611666 0.11496034929421467
0.12020987844285433 0.08383662853736167 0.2093694639197241 0.09181656779970628 0.14021779749850927 0.10787828762352898 0.13649149481866785 0.11017988135964751
0.10790208669941209 0.07355558590077425 0.25966949876239404 0.1264625253970205 0.10154112517667575 0.07605662689062237 0.14099627831578254 0.11381627285731843
0.1041379166953932 0.07191947220213459 0.281587864339787 0.12605136404487127 0.09234113868695719 0.06997815229865346 0.14053786409181915 0.11344622764038413
0.13685038388213844 0.0950728246592385 0.242125337344746 0.10442270863905614 0.11976360072577302 0.09136117958080046 0.11642352739309692 0.09398043777515053
0.11051671388061567 0.07386760040442734 0.2724185843066946 0.12450390047549616 0.09571165599721375 0.07211547681328413 0.1388125576943218 0.11205351042794652
0.1042742332389538 0.07159602562475781 0.2865169677077592 0.1253836136149813 0.0906381413982604 0.06895239396719094 0.1397933721946135 0.11284525225348317
0.10242367765327894 0.07108709024908119 0.29226962042053484 0.12498064231507318 0.0892374972904413 0.06817480472032353 0.13934408926770098 0.11248257808356586
0.0814428996137409 0.12431263886158399 0.1472786210011736 0.13670746461153735 0.09469899812417634 0.15878709643046549 0.09272332382347752 0.16404895753384482
0.13373966185881606 0.10680990343733468 0.19410333228470045 0.1080572989909895 0.12426928555678253 0.11529312438206955 0.12047582439741664 0.09725156909189053
0.1116468164242688 0.07665609530261933 0.2531353478376485 0.12687811225974202 0.0983749675981697 0.0776587328900118 0.14145962665377207 0.11419030103376784
0.1399014014981615 0.09629741231505513 0.23172941873579458 0.10495189176125194 0.12207123952083719 0.09357840650070565 0.11701352708306746 0.09445670258512674
0.11161825211402684 0.07426367913336006 0.2681763638476902 0.12493476720204737 0.09652942215359177 0.07274328312724795 0.1392929419401931 0.11244129048184262
0.13935915138734672 0.09551375893658433 0.23698978702166892 0.10448137089883905 0.12106567479535967 0.09206809171627198 0.11648893143497425 0.09403323380895513
0.11128657256714171 0.07402781202409815 0.27029007723805226 0.12468572412633767 0.09613416483344614 0.07234322000113931 0.13901527749608095 0.11221715171370392
0.13918614653592645 0.09542610995257089 0.23773929671784386 0.10442266586907646 0.12089264236902193 0.0919292595656301 0.11642347970776139 0.09398039928216882
0.1284196195090767 0.08544374263216374 0.19527940075230363 0.08995789550644949 0.1479098571252823 0.11131155624844184 0.13372845361854283 0.10794947460773938
0.1102122676843899 0.07392233706671154 0.2534630941133262 0.1267077920020002 0.10352459898597252 0.07686316506894243 0.1412697322768569 0.11403701280180016
0.10488505441219721 0.07209704522340141 0.2790755083664912 0.12629008729690192 0.09294028147613535 0.07024692195499589 0.14080402270266526 0.11366107856721173
0.10283666575073368 0.07134209461768673 0.2893782480903052 0.1253402155910621 0.0899697920489655 0.06858180323268898 0.13974498663660206 0.11280619403195587
0.10199876302652325 0.07100006810885066 0.2934177631911611 0.12487986900722929 0.08902311570382739 0.0680568043060508 0.13923173454985116 0.11239188210650637
0.10165781584969011 0.07085634096166159 0.2949886462796066 0.12469032249000929 0.08869540288005297 0.06786977696955757 0.13902040432841337 0.11222129024100837
0.1015211458284297 0.07079867349258462 0.2955978570817666 0.12461551009726664 0.08857625011833854 0.06779961020055411 0.13893699409351964 0.11215395908753996
0.10146702817761913 0.0707760201523417 0.29583390267326143 0.12458636254963322 0.08853170269291258 0.06777276070646353 0.13890449675309854 0.11212772629466991
0.10144577679377619 0.07076719957709401 0.2959253353969521 0.12457505380651064 0.08851478654829135 0.067762411103063 0.1388918883484529 0.11211754842585958
0.08123575877279918 0.1242074329107517 0.14813679465886334 0.13665716457648197 0.09450865393290951 0.15857639037845425 0.09268920727796168 0.16398859749177835
0.10186075646316506 0.08137818910282235 0.237087129012791 0.13174518955811665 0.09465337082989776 0.08781863980416639 0.146886054626736 0.11857067060230499
0.13775354719398758 0.09783050347171403 0.22666020888841518 0.1058786513687153 0.12188779999440705 0.09665170796669278 0.11804679488422437 0.09529078623184375
0.10009626740248334 0.1470538902666069 0.14959953918427607 0.15426245645018824 0.08694123460797124 0.14473776039342617 0.07847264088987838 0.13883621080516942
0.12103830799763189 0.09566323172313566 0.16889212175339346 0.09341423068447996 0.1407573014817704 0.12927120153561247 0.13886652800260008 0.11209707682137594
0.0837739997773605 0.12746479756812817 0.11608621491971562 0.13439468769083396 0.10502588974966916 0.18082612732716105 0.09115465773813086 0.16127362522900074
0.10339131547798779 0.08249957631282781 0.22306423266541417 0.13284588039578432 0.0978708535969891 0.09265360642516282 0.1481132427696282 0.11956129235620588
0.10462672302185617 0.0741874551155804 0.2675587527057157 0.1282530352324273 0.09295359784379333 0.07400014120931839 0.14299256316212414 0.11542773170918455
0.10324607966983858 0.07194441338342827 0.28499162339276457 0.12599532997038365 0.09039053473672881 0.06956083159309814 0.14047539028041284 0.1133957969733453
0.08163817962966259 0.12457018043612526 0.1455591377533661 0.13681416224900567 0.09501107005175853 0.15943458252542786 0.09279569265584733 0.1641769946988068
0.1020492124914608 0.08149399307767043 0.23599952668978774 0.13186501706355164 0.09484753583623284 0.08804654613115523 0.1470196533529449 0.11867851535719649
0.10385207621078903 0.0737369645824071 0.27274936317792114 0.1276631430596385 0.0918931200773646 0.07287362672693638 0.14233487741126857 0.11489682875367463
0.10287429965518663 0.07175446183179524 0.2870223594839995 0.125745876960479 0.08999720376770794 0.06923724024613513 0.1401972687902654 0.1131712892644311
0.10210277423788597 0.07112030008180667 0.292524750226957 0.12501233999637895 0.08911324577260749 0.06823605387076455 0.1393794298168583 0.11251110599674106
0.11923646735499768 0.08310707467529005 0.2158735971918197 0.09138874773166752 0.13870737831222785 0.10616472590265161 0.13585551155334455 0.10966649727800101
0.10742893695771788 0.07329911562348838 0.2623241567841179 0.12616280417593426 0.10098962898061664 0.07558672219825742 0.14066211152152672 0.11354652375834083
0.08239246052223052 0.12479037403269214 0.1400413144531998 0.13675041196325213 0.09739221794035138 0.16178027340077444 0.09275245333159711 0.16410049435590254
0.10239946333351115 0.0816506734568121 0.2336161377155615 0.1320731522377353 0.0955335500719373 0.08860947763079693 0.14725170853968397 0.11886583701396176
0.12062967280961448 0.08560378030191065 0.1969971497771244 0.09260972144837339 0.14243428398092067 0.11292315495508316 0.1376705709889252 0.11113166573804804
0.08386068701802973 0.12556859220174035 0.12303990646951246 0.13455892215522 0.10562521862639715 0.17460991539407836 0.09126605154875793 0.16147070658626403
0.10317720260696957 0.08207261821474786 0.22605287557201717 0.13253976509411372 0.09778364139814615 0.09131616147661209 0.14777194705269098 0.11928578858470236
0.12095192074468074 0.0857418923436872 0.1944794704667023 0.0927023122335861 0.14331803770083473 0.11375537842027769 0.13780821340992802 0.11124277468030334
0.10863245332159947 0.0741797029707321 0.2535812127183242 0.12715875669952784 0.10274023485006278 0.07749223414966046 0.14177252426051834 0.11444288102957503
0.13892767394428462 0.09589516778627996 0.2319022774659546 0.10494732179802242 0.12333015324271324 0.09353638422941647 0.11700843191510855 0.09445258961822016
0.11137326526757148 0.07420920303680331 0.26824687334066083 0.1249246973837183 0.09680092093490231 0.07273109754676223 0.13928171484423515 0.11243222764534645
0.08313796503331217 0.12494581026302419 0.14147904117478008 0.13668892219773712 0.0964163220451526 0.16059448541893984 0.09271074722976953 0.16402670663728453
0.07689073604197982 0.13416447773921197 0.10977557440984391 0.13560162682817092 0.09525392641372117 0.1936184290463339 0.09197327732693332 0.1627219521938051
0.10205131136169841 0.0836653184562641 0.2207056095998903 0.1334202629000188 0.09601821307349023 0.09530741160113758 0.14875363639748365 0.12007823661001693
0.10442817607832791 0.07442707074795518 0.26669924309189136 0.12843598603194384 0.09266184002845732 0.07455875694213455 0.14319653965054036 0.11559238742874946
0.08192938132819176 0.1252389668218362 0.14119699713443606 0.13703009545290115 0.0956153839312832 0.16161090908938067 0.09294215169848948 0.16443611454348137
0.10227310472621433 0.08169857644772399 0.23416071213457618 0.13206927441516597 0.09512310589743304 0.08856549434832817 0.14724738505690893 0.11886234697364938
0.10397381840355915 0.07381172460051379 0.272019702663405 0.12775409512917635 0.0920133175155819 0.07301237389016957 0.14243628218133542 0.1149786856162587
0.13719167532167725 0.09567681374539824 0.23886389886582313 0.10478120018355574 0.12001985116937008 0.09234026183686164 0.11682321871211362 0.09430308016520016
0.11072788495506113 0.0740324554199224 0.2711217718683698 0.12466748356549416 0.09588032670337358 0.07237440164685804 0.13899494063197632 0.11220073520894473
0.08300287636999365 0.12488603721247703 0.14215700805200165 0.13665858326369756 0.09619063807503302 0.16042438759237374 0.09269016951798617 0.16399029991643704
0.10206904015656633 0.08564850258884225 0.23376609280299956 0.13122729434916344 0.09483446047531692 0.08804140459521496 0.14630864011764938 0.1181045649142471
0.10364635748666427 0.07696670795174425 0.2713988148098119 0.12722624028175236 0.09169698246130205 0.07271351733653765 0.14184776341861044 0.11450361625357712
0.11980727391039309 0.08704097167940161 0.20877543458628978 0.09145553991446202 0.13973297253770492 0.1074863568552835 0.13595480261911072 0.10974664789735443
0.1414231534622663 0.10088708319226718 0.21282400778132063 0.10351866673485832 0.13309319951549717 0.09967150111668781 0.11541558813573008 0.09316680006137248
0.11223879463844895 0.07838822199874335 0.25969066247714817 0.12490358839158874 0.0991662160129421 0.07394110703539 0.13925817989330863 0.11241322955242986
0.12207507426997542 0.08716783194059285 0.20450456129036226 0.09128141000110067 0.1420719000860857 0.10766558360295596 0.13569594680760638 0.1095376920013208
0.09649560254568296 0.1501280794272008 0.1432923226767233 0.15399717510974997 0.09080619356617609 0.14834547565029757 0.07833769342539457 0.13859745759877495
0.10500910590428823 0.08934809417202752 0.23347965351274466 0.1304807524824084 0.09322459579514324 0.08554881925092332 0.14547630164829708 0.11743267723416753
0.13826871828463652 0.10273321763398853 0.22464179594030562 0.10533599016508881 0.12102028051791819 0.09575583817019682 0.11744176813928559 0.09480239114857993
0.1112161120021283 0.0785251632084599 0.2648671877936347 0.12471768247969414 0.09628110064794472 0.07309593096129188 0.13905090867512165 0.11224591423172472
0.1044647428307975 0.07478928110567701 0.28317984192071577 0.12527014553848526 0.09077049838364268 0.0691154954789578 0.13966686375708726 0.11274313098463673
0.1364532349194134 0.09847612102920056 0.24217146821302035 0.103899365632335 0.11885737001503598 0.09079297212584213 0.11584003899605108 0.09350942906910148
0.11011581635688564 0.07737863201304854 0.2719391986982325 0.1239026570138858 0.095231374561911 0.07177771393999818 0.13814221610354133 0.11151239131249721
0.10394313605057467 0.07442125647271298 0.2859550379046867 0.124929077358359 0.09031746238065076 0.06871126202139695 0.13928659818909578 0.1124361696225231
0.10212197864878966 0.07373075714270252 0.2917041877602251 0.12455322199811798 0.08896342133773688 0.06796098580278714 0.1388675475113345 0.11209789979830617
0.09283254916073963 0.14731160945926836 0.16804011515944542 0.1557457884015634 0.08095065343409731 0.13572086941920544 0.07922720540427355 0.14017120956140702
0.10340839615706361 0.08830781464042378 0.24423481198978766 0.12966503131679202 0.09040730906578386 0.08271127522168757 0.1445668334233487 0.11669852818511282
0.10357377355742538 0.07707667396331502 0.27551873831777063 0.12668876264427964 0.09037595490067692 0.07149769427358088 0.1412485159630998 0.11401988637985166
0.09327838636323098 0.14857975271037085 0.16372496751137733 0.15606437196531978 0.08134607754531799 0.1371592416575846 0.07938926747801049 0.1404579347687878
0.10367128973513207 0.08863830658747653 0.24243237430910208 0.12986710751939026 0.09062953863616821 0.08308885313634744 0.14479213330893212 0.11688039676745124
0.10370308988274649 0.0771781129416107 0.2748038108072582 0.1267769230036301 0.09048222224128909 0.07160980223555402 0.14134680818464432 0.1140992307032671
0.08141436809486197 0.1296710421268058 0.14268303873819835 0.13617695585267459 0.09466218168448615 0.15961656598838436 0.0923635004913793 0.1634123470232095
0.10165730696005246 0.08640484469608423 0.23400133206257168 0.13120523069748868 0.09447739861446963 0.08788513854902033 0.1462840407925732 0.11808470762773983
0.12004738929995071 0.0893691278934949 0.1967375473686963 0.092188984396921 0.14162572887732486 0.1123593237838245 0.13704511710348255 0.11062678127630518
0.10805386373989238 0.07741818976008628 0.2540350148359681 0.12652346635678832 0.10205068045289752 0.07698344219516708 0.14106422293809084 0.11387111972110948
0.10413042919873186 0.07494108684440536 0.2789891576961782 0.12585380254173573 0.09240851736681961 0.07009098630534816 0.14031759775921876 0.11326842228756215
0.08147985580947398 0.129029986989688 0.14369517108108085 0.13610766781757205 0.09508285282102516 0.1589587589716334 0.0923165051284402 0.16332920138108648
0.07603073630682988 0.14144623733385328 0.10960356559712173 0.1343965706289019 0.09429406380952814 0.1917970067077406 0.09115593486134216 0.16127588475468227
0.10135598823539171 0.08922106820633491 0.2197157218744798 0.13255056400078166 0.09538282350705286 0.09469433954751835 0.14778398702773715 0.11929550760070348
0.10399985709410861 0.07792703746026095 0.2658259381462408 0.12793036221116072 0.09228663434155349 0.07426003793314263 0.14263280682348814 0.11513732599004466
0.10291356077984211 0.07485973544644509 0.2839546037698492 0.12561884254199834 0.09007744472763461 0.06946321955259217 0.14005563489383993 0.1130569582877985
0.11932675398929547 0.08644695430458445 0.21280301164603502 0.09120024903093447 0.13886007445041487 0.10634736216727014 0.1355752955743444 0.10944029883712138
0.10728709335534249 0.07652304248602886 0.26060742336295434 0.12577485162541138 0.10088708533514787 0.07549356399286813 0.14022957337937655 0.11319736646287024
0.13782007015488446 0.09917144318918793 0.23387736051108393 0.10426848214890773 0.1221866105940633 0.09258282310183452 0.11625157636602101 0.09384163393401695
0.08663156068560934 0.13321490573920833 0.13131299671644883 0.13314517689287322 0.10036063223099892 0.16525335200563857 0.0903071634577749 0.15977421227144784
0.10313581497554601 0.08712800366564175 0.22874228425071977 0.13133930879979147 0.09592923224805032 0.08908645026962612 0.14643352787081226 0.11820537791981232
0.12052198824552811 0.08954377357111189 0.1949682605130258 0.09223775474467959 0.14218549070851783 0.11273980902247531 0.13711761750104606 0.1106853056936155
0.08343975065978446 0.13093346760163385 0.12204850049937065 0.1336935461989454 0.10508591984368006 0.17368745885769693 0.09067910090015427 0.16043225543873446
0.10265258556098966 0.08703054157407701 0.2247790026952556 0.13175515496306553 0.09730046359393614 0.09100544683634999 0.1468971653095671 0.11857963946675897
0.1040868974660321 0.0774072481371561 0.26776448447647366 0.12761095965685512 0.09250301582468796 0.07350083393617653 0.14227669681144894 0.11484986369116962
0.13688830511044942 0.09944158329502058 0.23681540268514925 0.10439635207739645 0.11985138861168189 0.09225610955689163 0.11639414179375394 0.09395671686965679
0.12742486841688672 0.0896352688206428 0.19458191434559746 0.08954035401848062 0.14713201650458446 0.11112940291878533 0.13310775015284582 0.10744842482217674
0.10971310261583961 0.07731204270133053 0.25268345477401627 0.12618873672951106 0.10313346976784553 0.07670830597139731 0.14069102438349965 0.11356986305655996
0.10453907903206096 0.07492586452214861 0.2783781553895902 0.12584575860738434 0.09265000333962412 0.07009132698983518 0.1403086293727106 0.11326118274664591
0.10253082863919082 0.07400694847069726 0.2887468717042989 0.12490825824494141 0.08970223977220183 0.06842403431692216 0.13926338643130035 0.11241743242044729
0.10170220597651065 0.07360780004198382 0.29282422293264304 0.12445026544266344 0.0887598871046697 0.06789762096780459 0.13875275863532774 0.11200523889839709
0.10136304278644685 0.0734411834013308 0.2944146554171824 0.12426129363512699 0.08843271763953509 0.06770987367646535 0.13854206917229828 0.11183516427161429
0.0808848913861832 0.12850015566875184 0.14734125315312294 0.13593007914880384 0.09408897194508696 0.15794250003595012 0.09219605368353652 0.1631160949785646
0.13276333563577275 0.11274811687834707 0.1931709247591921 0.10722285041969642 0.12338049928725044 0.11466823112930821 0.1195454765127063 0.09650056537772678
0.11108510867170174 0.0810097769393898 0.25211560795957266 0.1262154619051932 0.09788351599610894 0.07737579185339082 0.14072082095996913 0.11359391571467387
0.1392628476988446 0.10026213276656916 0.23080056120235254 0.10445582156051508 0.12151361896771228 0.09323433257013276 0.1164604458294101 0.09401023940446357
0.11118683440681208 0.07793319264725379 0.26727895853708605 0.12435849902676173 0.09614992030404974 0.07251950002411381 0.1386504459298373 0.11192264912408553
0.13877750618136675 0.0992343747515754 0.23613120459333836 0.10400230679298456 0.12055368838856408 0.09174403247048571 0.11595481070799919 0.09360207611368608
0.09963537030879734 0.1528993911367017 0.151332523965208 0.15278639564434288 0.08606135050365568 0.1420554371857853 0.07772177517560051 0.13750775607990856
0.07923604056117646 0.14740144394755134 0.11118755996669341 0.13382978631745615 0.0920225396920082 0.1849553786927621 0.09077150724140504 0.16059574358094736
0.07511468453970323 0.14533027607873794 0.10133184783644332 0.13348273438129085 0.092995315271373 0.20102974514150526 0.09053611549339728 0.16017928125754902
0.10107809734185454 0.09281400580849482 0.21549889354447982 0.13232748963208815 0.09506527822093115 0.09658621902928732 0.14753527575398484 0.11909474066887935
0.10389289652471534 0.0802638475095727 0.263822178650801 0.12777130412134358 0.0921784811395308 0.07462164942147868 0.14245546892334873 0.11499417370920924
0.08124852074313563 0.13284834681317412 0.13976052123726898 0.13578021348698163 0.09481209881589928 0.16051963704973132 0.09209440566943101 0.16293625618437796
0.0756077202272714 0.1461343365426455 0.1081978424267051 0.13358137710387452 0.09377537778217397 0.1918026724004871 0.09060302099219317 0.16029765252464945
0.10097634994200086 0.09275155085019512 0.21849978851916158 0.13203370856453026 0.09502965664888913 0.09467087597952781 0.14720773178761803 0.1188303377080772
0.10375716556702233 0.0801662544622297 0.2650240313859674 0.12762441979001168 0.09207194761235271 0.07420249951597468 0.14229170385543094 0.11486197781101053
0.1027225401334135 0.07664013594695178 0.2834004530659907 0.12535419827792577 0.08990843050011099 0.0693948873365031 0.13976057628897093 0.11281877845013318
0.11907925681294211 0.08833017388085651 0.21241769123277876 0.09098099194832122 0.13856700148070897 0.10619833911158909 0.13524935519481782 0.10917719033798547
