0.125 0.125 0.125 0.125 0.125 0.125 0.125 0.125
0.06578947368421052 0.10964912280701754 0.05921052631578946 0.09868421052631579 0.13157894736842105 0.21929824561403508 0.11842105263157893 0.19736842105263158
0.06430745814307458 0.11377473363774733 0.056062912227295786 0.09918822932521562 0.12861491628614916 0.22754946727549466 0.11212582445459157 0.19837645865043124
0.07068007980263104 0.12504937195850105 0.0883500997532888 0.15631171494812635 0.08481609576315725 0.18119846013259752 0.10602011970394655 0.1875740579377516
0.09851877475422122 0.07758353511894923 0.19703754950844243 0.15516707023789847 0.08588816260624416 0.07875472645692162 0.1717763252124883 0.13527385610483453
0.07370679616486898 0.12284466027478166 0.10442907501773759 0.14741359232973797 0.09213349520608624 0.1646451963473116 0.1105601942473035 0.18426699041217248
0.07201647071785834 0.12002745119643056 0.09481309233268731 0.14403294143571668 0.09002058839732291 0.19102357304855108 0.1080247060767875 0.18004117679464582
0.07041509621082866 0.11735849368471445 0.09208126784962721 0.1408301924216573 0.08801887026353582 0.20963569472632185 0.10562264431624299 0.17603774052707163
0.06940526595649059 0.11567544326081768 0.09065827210782104 0.13881053191298118 0.09409691645086943 0.21373250648505776 0.1041078989347359 0.17351316489122648
0.05797816945845454 0.09663028243075757 0.056776322306590146 0.08696725418768182 0.13486946670007016 0.2884832915158639 0.10436070502521817 0.17393450837536364
0.08042597772665928 0.14229211443947412 0.07011495494119015 0.12404953566518256 0.09651117327199114 0.25360885522785553 0.08413794592942818 0.14885944279821908
0.09330393620210906 0.07531763524748562 0.1866078724042181 0.15063527049497125 0.08397354258189815 0.10664291446004728 0.1679470851637963 0.13557174344547415
0.09332590582950376 0.07349415084073421 0.2199613892428975 0.14698830168146843 0.09301831203423987 0.08234620053586962 0.162722092215545 0.1281436476197417
0.060185224873194075 0.10030870812199014 0.07487704976725341 0.09027783730979112 0.13983287107496123 0.24562922946147836 0.10833340477174934 0.18055567461958225
0.06673751438182884 0.11807406390631256 0.08941198466840962 0.1475925798828907 0.08008501725819461 0.2208814724701516 0.10010627157274327 0.17711109585946885
0.09133610660355365 0.0719271839502985 0.21176076513798966 0.143854367900597 0.09098330565166897 0.10547407184148323 0.15925269869337558 0.12541150022103328
0.08504577307837721 0.1417429551306287 0.11495790637928621 0.12756865961756583 0.12354456929659609 0.23492244601383214 0.09567649471317438 0.07654119577053949
0.0660222654524911 0.11680862349286888 0.09177907128404156 0.1460107793660861 0.08877127980302989 0.21636164718344245 0.09903339817873666 0.1752129352393033
0.08042738387601964 0.13404563979336606 0.11776913352728258 0.16085476775203927 0.08134710985508342 0.20118418658823636 0.0841394169779898 0.14023236162998295
0.07109201544983969 0.10949119177651748 0.10133712559326989 0.13138943013182094 0.09429301728844315 0.22961835949646686 0.09854207259886573 0.16423678766477617
0.06596606620458509 0.11670919405426591 0.09062414507933605 0.1458864925678324 0.09217452048989444 0.21462669121580977 0.09894909930687763 0.17506379108139886
0.07320683647578287 0.1088621869443202 0.09567848893839924 0.13063462433318426 0.09542670096397905 0.23492191367796603 0.09797596824988819 0.16329328041648028
0.05472635823386749 0.09682355687530403 0.05223143508421575 0.08441028035282916 0.12790980168094987 0.31965769014658585 0.09542031692058948 0.16882056070565832
0.06161008588758844 0.10900245964727186 0.08117518959813379 0.13625307455908983 0.09139179905166454 0.26464857295396116 0.09241512883138267 0.1635036894709078
0.09418453244069766 0.07155055518181658 0.19189228866232036 0.14310111036363315 0.09298674636078065 0.11794670879537136 0.15954705886811038 0.12879099932726984
0.09332096707471962 0.1423337656614911 0.14028499937291397 0.15905340298432588 0.08120380352601535 0.16194395567932054 0.08319716463795508 0.13866194106325844
0.09797592480954204 0.1522957023165952 0.09654480593684048 0.11925589559036007 0.1144872397591036 0.25844497254057247 0.08944192169277007 0.07155353735421605
0.06865435585554625 0.11027772180147723 0.0918101177276498 0.13784715225184652 0.09061701492525373 0.24188072538258437 0.09349632935342635 0.16541658270221582
0.1350680832644873 0.1012770585183138 0.17017801115764822 0.1087356402918501 0.12333053057038278 0.1462406790060379 0.12037482360351333 0.09479517358776675
0.053150895413950384 0.08266983121728587 0.07646017376657054 0.10333728902160731 0.11438509973390848 0.24650606695295013 0.11681606585051262 0.20667457804321462
0.09203136294293576 0.07043070184749947 0.19904361885554528 0.14086140369499894 0.09504787404489941 0.1187598222137501 0.15704995307487193 0.12677526332549904
0.08282822080276854 0.11663385385963718 0.11711781629192386 0.13027998769596458 0.10079939897247014 0.1917807469853065 0.09770999077197343 0.1628499846199557
0.09873713597896036 0.14527405240200572 0.09048115201686625 0.11624181871602265 0.12165545453741661 0.2706839310820979 0.08718136403701701 0.06974509122961361
0.10453942865591487 0.07638428515895854 0.1452283523836771 0.09548035644869816 0.13970311253627768 0.18215007435728456 0.14193796272075132 0.1145764277384378
0.09304681444623764 0.06765830587707229 0.22849051179752655 0.13531661175414458 0.1017787955800339 0.10105608611499217 0.1508679238512627 0.12178495057873012
0.11995845468462477 0.08827682389798158 0.22769777811290107 0.11034602987247698 0.12318447179370308 0.1081974262236201 0.12302758852946315 0.09931142688522929
0.09860694251135493 0.06478002410511333 0.26973603453939293 0.12956004821022665 0.09478826979927502 0.08147485235134472 0.1444497850940885 0.11660404338920399
0.07455794829742121 0.11103172427778468 0.1484076166582999 0.13878965534723087 0.09341254766171772 0.173117329018399 0.09413559232246962 0.16654758641667702
0.07931803633612325 0.11862360104123527 0.10510990541861516 0.12722793432061386 0.10175248191044374 0.213512172331741 0.09542095074046039 0.15903491790076732
0.08652621285402748 0.12752282212276067 0.08459763753697652 0.11117374236343239 0.10873528368457319 0.27263101143386964 0.07540479916824108 0.13340849083611886
0.11248085062871012 0.07414346300502916 0.14768319790705395 0.09267932875628646 0.14133171192653193 0.18269220634158895 0.13777404692725567 0.11121519450754373
0.10345779150436395 0.06448553378210141 0.24046773971670007 0.12897106756420282 0.10331508522847056 0.09943570576882721 0.14379311562755148 0.11607396080778254
0.09004228506014225 0.12561168851073415 0.1656454505159578 0.1570146106384177 0.08407166414604368 0.15642850179458556 0.07987264975954292 0.1413131495745759
0.14514710595780136 0.10910929609033991 0.19082946390811892 0.10526550613096426 0.1219515233250551 0.1193939337253891 0.11653324244046512 0.09176992842186628
0.0762605207307507 0.09299249116896231 0.07785290870823552 0.08107037691653124 0.1449463150090434 0.2730918597277701 0.09164477390564402 0.16214075383306248
0.07208769395882586 0.10294851885649683 0.09365016895289563 0.12868564857062106 0.10152781115496136 0.2593949403213806 0.08728243990007342 0.15442277828474527
0.11106191814228833 0.0733246367051652 0.15227484538257594 0.09165579588145649 0.1468140975540633 0.17862925471262742 0.13625249656407562 0.10998695505774778
0.10836890946228041 0.06296069589491991 0.24478029209192279 0.12592139178983983 0.1063316609853464 0.09791484243795372 0.1403929547268811 0.11332925261085584
0.12147370462707718 0.07128978951037616 0.21441796263740934 0.08911223688797021 0.14502039946112794 0.11927989732626845 0.13247132528420644 0.10693468426556423
0.08641669815374657 0.10480669773395919 0.13654831173109105 0.13100837216744898 0.10760965963573997 0.18754236155045798 0.08885785242661758 0.15721004660093876
0.10593941987175338 0.06435649714223837 0.24229334349889048 0.12871299428447674 0.09819405655308495 0.10115661061367011 0.14350538317985692 0.11584169485602908
0.12402925292945338 0.07103056775747653 0.21584642160332926 0.08878820969684566 0.14166605265913748 0.12010400661596325 0.13198963710157952 0.10654585163621479
0.1279131261623647 0.06914289201453751 0.20152307367214833 0.08642861501817188 0.15835866590843994 0.12443734807104004 0.12848194113149133 0.10371433802180625
0.0883267126608878 0.10329031685436477 0.13357041883663545 0.12911289606795598 0.11454503511454897 0.18864692002492453 0.08757222515913536 0.15493547528154716
0.0926952656607244 0.12238265018252611 0.13215274770423144 0.15297831272815765 0.09046458723392832 0.1938265524733752 0.07781940256171498 0.13768048145534187
0.10838277415713676 0.06413007953550592 0.2414015970116461 0.12826015907101185 0.0969177513238985 0.10247299002637389 0.1430005057105162 0.11543414316391068
0.10738424601681712 0.060405285125905116 0.2972988366011346 0.12081057025181023 0.09354655361707688 0.07713022504405634 0.1346947701165705 0.10872951322662922
0.12275726440965049 0.06892504669365038 0.23998411261208363 0.08615630836706298 0.14152966591017044 0.10918289296154109 0.12807713900536527 0.10338757004047557
0.08835548860443003 0.1028580257633682 0.1474009755025274 0.12857253220421022 0.11082901248695413 0.18049120929842827 0.08720571749502956 0.15428703864505225
0.08029485874855463 0.10460887257096556 0.11858042114367445 0.13076109071370695 0.10281484719893817 0.21733646967493692 0.08869013109277515 0.15691330885644833
0.0781097972895115 0.10406059401208177 0.10913613119459589 0.1300757425151022 0.09987373647418367 0.23442782126876768 0.08822528622763455 0.15609089101812265
0.10497898658520016 0.06421468380937974 0.23015986139481026 0.12842936761875948 0.10085801601088407 0.1125834931103315 0.14318916061375125 0.11558643085688353
0.12448420592959027 0.0699577411002446 0.21280568129032476 0.08744717637530573 0.14759948282335114 0.1227729998311085 0.1299961009997082 0.10493661165036687
0.11287944107496306 0.059232053437067674 0.28181277200706173 0.11846410687413535 0.1078591498193424 0.08105614204103767 0.1320786385596703 0.10661769618672182
0.10693143382147949 0.058221747144640096 0.3189703006727846 0.11644349428928019 0.09460795376419567 0.0702001191277271 0.12982580631954077 0.10479914486035218
0.13910463956493752 0.0769474449910766 0.2838591342894021 0.09618430623884575 0.12037684875861818 0.08972342701914694 0.1072383235230116 0.08656587561496117
0.11381418941187964 0.05690198452928656 0.3184268357384056 0.11380396905857312 0.09673832093333326 0.0710081955090089 0.12688293266679718 0.1024235721527158
0.10545849058543938 0.05696969705685675 0.33751170586628376 0.1139393941137135 0.08985031210014571 0.06669102407828739 0.12703392149693132 0.10254545470234215
0.1216474175308988 0.06734630662586845 0.2583416442799361 0.08418288328233557 0.13867382943351364 0.10364494883520267 0.12514351007344213 0.10101945993880268
0.088490022834066 0.10201130716493703 0.15454065505553272 0.1275141339561713 0.11114255491902693 0.17679651794389237 0.08648784737896836 0.15301696074740553
0.1392086215938074 0.08194690339028836 0.20950849423954654 0.10243362923786047 0.13359464600213522 0.12691158692276266 0.11420585229952501 0.0921902663140744
0.11786751448372408 0.05905465900537975 0.2811085884731438 0.1181093180107595 0.10402473948220259 0.08185371888131976 0.13168307545378707 0.10629838620968356
0.10865073532648079 0.05803644865024145 0.31958081671174593 0.1160728973004829 0.09357315441019609 0.07020772169689493 0.12941261833352347 0.1044656075704346
0.10414630292514529 0.057062619920091075 0.338868917352876 0.11412523984018215 0.0892621659328906 0.06658091255979114 0.1272411256128598 0.10271271585616393
0.10189001137036433 0.05651014927745592 0.3483141819076229 0.11302029855491184 0.0873238929511178 0.06521399870101807 0.12600919853808829 0.10171826869942067
0.10076558180905239 0.05622906734994249 0.35290740490843076 0.11245813469988498 0.08641725872424481 0.06462780348628828 0.1253824277922598 0.10121232122989648
0.11969659631786544 0.06699760173108117 0.2651273293007574 0.08374700216385146 0.13694124615633566 0.10249827821826915 0.124495543515218 0.10049640259662176
0.08816091340967175 0.10186378871590643 0.15689414420021802 0.12732973589488306 0.11054305378010747 0.1760499035357808 0.08636277738957285 0.15279568307385963
0.07987455829791826 0.11465200532716215 0.12129914359284598 0.12826989194286018 0.10209199892068742 0.21288808313889312 0.08700044844820082 0.15392387033143218
0.10460997523592676 0.07131400441309328 0.2369435449761275 0.1260936398544482 0.10055484677577115 0.10641471441104337 0.14058499846458625 0.11348427586900335
0.0851147180101057 0.11240834951830145 0.1484094047627614 0.12978526512322242 0.10067839143832598 0.1798332862201872 0.08802826677922912 0.15574231814786688
0.1374353489637741 0.09194639218211753 0.20597085834963041 0.10183691307586279 0.12940726078462828 0.1282094465657561 0.11354055830995446 0.09165322176827649
0.10606010598865129 0.12924229866457698 0.15780929459484494 0.14554045565018855 0.09304430852303638 0.16328132948887097 0.07403579700466115 0.1309864100851697
0.14545519879774066 0.09274491741448196 0.2096330759817584 0.1009193149983068 0.1255561582644565 0.12234644611383151 0.11251750493094802 0.0908273834984761
0.13697167024084386 0.07451727269755833 0.20106221212388534 0.08383058337218267 0.1549979039203297 0.12340386500351537 0.12461979259506559 0.1005967000466192
0.11689222613036296 0.06371441049083283 0.2755603774063825 0.116936385781716 0.11020703252361541 0.08107147691288631 0.13037534355065947 0.10524274720354442
0.12666289612978285 0.07261772154850313 0.23146176593793472 0.08441769194951988 0.14876261564328427 0.10928350952360837 0.125492568927943 0.10130123033942386
0.11227400930740915 0.06286857646804213 0.2920228068666186 0.1156267756059517 0.10728408441942798 0.07694442335040913 0.12891522593678498 0.10406409804535653
0.10602818065490743 0.06151267917645276 0.3247261732100214 0.11449778265039455 0.09391815908346215 0.06861253779486222 0.12765648304454436 0.10304800438535508
0.10276600482783592 0.06060883231938098 0.3411097226843158 0.11296443951620053 0.08902913692393756 0.06590694828523863 0.12594691987851012 0.10166799556458048
0.10104469501489557 0.06008035031729843 0.3491060584447131 0.11206909218988075 0.08705110958325078 0.06483783705244055 0.12494867442662823 0.10086218297089267
0.09562843873610968 0.12515219737639718 0.2106260440998476 0.14597434103410067 0.08229514843208863 0.13469041077776653 0.07425651261299904 0.1313769069306906
0.12187410063506782 0.07980912473488451 0.205761393503784 0.08718104493172488 0.1401710093427429 0.1309855941994009 0.12960047873432531 0.10461725391806982
0.11235848170412384 0.06442905007915313 0.27915898980394077 0.11765122681690673 0.10628518020196939 0.08305862930013864 0.13117233795855124 0.10588610413521607
0.09966892056384259 0.1270177930064663 0.1857947764268917 0.14755489189810359 0.08798075672003029 0.14412292671081528 0.07506053196555704 0.1327994027082932
0.10798544141848318 0.07000952986257128 0.271859904533445 0.12217735617536098 0.09366298188945421 0.08812653114048054 0.13621863442238005 0.10995962055782488
0.1061989124954313 0.0630831089494506 0.31554832375612374 0.11662540234190977 0.09140738930420385 0.07214538082216712 0.1300286202229949 0.10496286210771878
0.12238443870086707 0.07231850880679921 0.2491860741829707 0.08412137015446895 0.1401612544059428 0.10583064288619871 0.12505206667738966 0.10094564418536274
0.11019524950000141 0.06240745391383116 0.30144908667524944 0.11480731139636387 0.10417064078354452 0.07564209297714213 0.12800158449714 0.10332658025672749
0.140431894983682 0.08186822696729759 0.27542047255195096 0.09527882505533286 0.12401383258477085 0.09100702573054882 0.10622877957661739 0.08575094254979956
0.11434213541909148 0.06201550039214498 0.31423879460004006 0.11279743825202429 0.09812265527741924 0.0712050557007235 0.12576072593173454 0.10151769442682186
0.10561389475198993 0.0607325959224144 0.335595688740658 0.11311072524769929 0.0904316184599554 0.066605806602068 0.1261100175522856 0.10179965272292936
0.10215202149985174 0.06020423757334874 0.3463521960894467 0.11228590203794497 0.0876438310420166 0.06511409869586054 0.12519040122738043 0.10105731183415048
0.0841487812448558 0.10973756187016478 0.1837485604898477 0.12797975968658043 0.09641884973974428 0.1575871122531429 0.08680366309176758 0.1535757116238965
0.11803942106549267 0.07887526083931129 0.19384398423543514 0.08755057919018695 0.1470372107988493 0.13944303261350613 0.13014981622899433 0.10506069502822434
0.14618067797941547 0.08466634980811989 0.22313927067515482 0.09672912798512419 0.14257429883529246 0.11180830041850864 0.10784575911177277 0.08705621518661176
0.11861502918345262 0.06359100899626036 0.28691449120945267 0.11534748128170215 0.10562023877779551 0.07749518378969812 0.12860383360810673 0.10381273315353194
0.14435473341584507 0.08222827242982224 0.2684853225789773 0.09558173577951191 0.12494331120079494 0.09181655996468878 0.10656650242879909 0.08602356220156071
0.15336965764306434 0.08232923249207168 0.2569150610508599 0.09355849827671547 0.13059251960638116 0.09472163888080916 0.10431074360105441 0.08420264844904392
0.15711298288692097 0.08222558197468735 0.2508727523085711 0.09340155469326734 0.13266775645204912 0.09552220924284625 0.10413576321771748 0.08406139922394061
0.12049962925569131 0.062423968913055995 0.3009449668634216 0.1134635902706432 0.10133440468484589 0.07271277304910571 0.1265034357196574 0.10211723124357887
0.12731661013386594 0.07195968224288268 0.24213873164555053 0.0837319821253993 0.1442211733857242 0.105680226696848 0.1244732152192503 0.10047837855047916
0.08956919476725979 0.10951657413342947 0.14873153890115684 0.125958296705273 0.11261529901981181 0.17702655657446936 0.08543258385227212 0.15114995604632758
0.10619795669537545 0.0697162504049074 0.25138940628156786 0.12380110632848679 0.10236417138487768 0.09708111854141607 0.13802899466773078 0.1114209956956381
0.10658193154961365 0.06365663742021385 0.3051804221339263 0.11774487730540839 0.09478776695295854 0.07480122379862358 0.13127675126438815 0.10597038957486755
0.10399956677999078 0.06144405139654784 0.33174003863877827 0.11429868934308939 0.09025404714699803 0.0679602774212067 0.1274345088646086 0.10286882040878045
0.13708615614837738 0.08129005851361028 0.28971409280068194 0.0946972141602338 0.11818506228266422 0.08821959651784197 0.10558032683238007 0.08522749274421042
0.09206536319586296 0.1103351595452799 0.16424064475201716 0.1254916920458985 0.10458068657187734 0.16758031926372433 0.08511610417026158 0.15059003045507816
0.08094899717497359 0.11566154814560228 0.12368255655679553 0.12825369108521387 0.10083734353929744 0.20972197415545477 0.08698946004040593 0.15390442930225662
0.10486478131054136 0.0712407940456511 0.23817119989309368 0.1258109152570593 0.10030478919547973 0.10610791492947316 0.14026978163734824 0.1132298237313534
0.12415808768144344 0.074641195876792 0.21678312481945383 0.08617393549243044 0.14692336539405065 0.11980822523377765 0.1281033429111354 0.10340872259091653
0.147602226537819 0.08348392926895964 0.2336282816305295 0.09578179556077596 0.1414979362580794 0.10501266058406412 0.1067895541550741 0.08620361600469836
0.1088693527933758 0.127166844269282 0.16785851048621017 0.144323804529863 0.09633418876641349 0.15213898320843983 0.07341689186953901 0.12989142407687668
0.11150333803565038 0.07029101365843995 0.26155831659151224 0.1225838327724806 0.09664764036040464 0.09041858359218578 0.13667182549409404 0.11032544949523254
0.08695707155897549 0.11207660240602312 0.15649616845934347 0.1294677775317374 0.09978580722378741 0.1720423124126959 0.08781292736935234 0.1553613330380849
0.10534864256236977 0.06997522230926495 0.2563238719049401 0.1240250694707501 0.0985883271686383 0.09583760720267469 0.13827869685768704 0.11162256252367508
0.14121812783083723 0.08458774927670928 0.25593505674245637 0.09776366457681492 0.12451937931794263 0.09898953392882143 0.10899919020728469 0.08798729811913342
0.11567455269337772 0.06288054373253202 0.30447795870353495 0.11408343554413336 0.09930083745466652 0.07371306293954646 0.12719451694248898 0.10267509198972002
0.1425186416207685 0.0817561309807001 0.2766512541672709 0.09509050005863155 0.12209942488067245 0.09028378697978855 0.10601881125939966 0.08558145005276839
0.11492787997339168 0.06194865334408671 0.3148075620762315 0.11268367742145345 0.09759988094710913 0.07098314546315718 0.1256338910952623 0.1014153096793081
0.14172901433552157 0.08133707165374279 0.2812820942511946 0.094682758473072 0.12104058844318456 0.08914978039754233 0.1055642098199773 0.08521448262576481
0.11444884834762815 0.061779737305780666 0.3171535458648764 0.11241959054389263 0.09710074895718107 0.07058044355637984 0.12533945393475787 0.10117763148950336
0.10550554889764806 0.060614354436920426 0.33699925718422663 0.11291297901731295 0.09009063505230377 0.06636599903342026 0.12588954526258622 0.10162168111558167
0.10205283504928031 0.06014353876891684 0.34701526515979336 0.11218332528085262 0.08755397183466825 0.06501003535551692 0.12507603579820434 0.10096499275276735
0.09597904396005524 0.12517207938755864 0.20989046436128542 0.14598643476177825 0.08253886068801852 0.13478266091601623 0.07426266463968721 0.13138779128560044
0.12202544576608843 0.07979833749104429 0.20540702133178457 0.08716502857190261 0.14042484679838954 0.13100461641478353 0.12957666933972387 0.10459803428628313
0.14746068200629384 0.08448969820718102 0.2286558068440977 0.09642438201107216 0.13974137630152866 0.10894012072692016 0.10750599009294165 0.08678194380996493
0.13648743233825938 0.07288277742110034 0.20818352982936508 0.08263604530929819 0.1603367780023127 0.11746615119408685 0.12284403153441939 0.0991632543711578
0.11628120150828086 0.0632409887455836 0.2790844075424028 0.11624019244037277 0.11160272405894368 0.07933517257829203 0.12959913992978872 0.10461617319633548
0.10785393246797433 0.061848948063526976 0.3181132577636962 0.11508306091096919 0.09573467372920445 0.06948234761715365 0.128309024627603 0.10357475481987229
0.12268496246611897 0.07196768062885336 0.2499228776379736 0.08380793293889448 0.14186572134099149 0.10459518425580967 0.12458612120468492 0.10056951952667337
0.1273727156921001 0.07201173613275114 0.21793210540505065 0.08282237830771305 0.16133167207952528 0.11602151036213797 0.12312102805146598 0.09938685396925567
0.11295470156974449 0.0629738579245299 0.28447980547338014 0.11586131251059072 0.11153313535607604 0.07874528882344375 0.12917671708270337 0.10427518125953164
0.1065805061838408 0.06168699194180289 0.3208770607126862 0.11480949187819277 0.0955142868353089 0.06919910418613825 0.1280040155716567 0.10332854269037349
0.12214823036309867 0.07190462076820538 0.2510861662632301 0.08374646169083347 0.14169113765981622 0.10443288916003987 0.12449474006577632 0.10049575402900016
0.1099978043446561 0.06227847237915859 0.3023466616357275 0.11461127952450148 0.10460650048687352 0.07522610646777382 0.1277830235892576 0.10315015157205132
0.10487884031196341 0.061150482211672644 0.3298614426473109 0.11387938337255203 0.0928700804497529 0.06790131197250152 0.1269670139989498 0.10249144503529682
0.10220524068584759 0.060411472251085896 0.3435969134185154 0.11263006518342848 0.08863625759094448 0.06557887475431479 0.1255741174507777 0.10136705866508564
0.12003438254121299 0.07142770984132019 0.2607396681217892 0.08328506231717729 0.13805975156626327 0.10270251192429802 0.12380883890732625 0.09994207478061275
0.10083721413091569 0.12579592786369498 0.17789337480051037 0.14475224357401284 0.09553066344725211 0.15127872001848278 0.07363483694851958 0.13027701921661153
0.10850842851400339 0.06995486199882087 0.26720495128849847 0.12216584650292339 0.09609841884880901 0.08991242899777094 0.13620580199654295 0.10994926185263106
0.08615347416492053 0.11195976313741221 0.1582498052711872 0.12937138789656297 0.09958465651193747 0.1716876974905222 0.08774755005158186 0.15524566547587557
0.11930802079068475 0.07943400268023819 0.18270691544323384 0.08800200065365422 0.14916759175251887 0.14495818334149452 0.13082088455379048 0.10560240078438507
0.10100753158214319 0.1278526360875926 0.1495033718985074 0.14599251140555825 0.09878527274344227 0.17119966021579605 0.07426575580195789 0.13139326026500242
0.10993713493776298 0.07101960252222418 0.2518006163578479 0.1238110343542755 0.09828236747166683 0.09567924976178697 0.13804006367558774 0.11142993091884795
0.1432207351166557 0.0847261413872996 0.2536804164121068 0.09781387877144872 0.12447928941427906 0.09899187271693273 0.10905517528697342 0.08803249089430384
0.11640302550660406 0.06294096297175994 0.3032701956004858 0.11417694857361786 0.09937943939464934 0.07377139724484696 0.1272987769917799 0.10275925371625608
0.12589765662742072 0.07207558455083811 0.24330213495415637 0.08382640409759265 0.1435580277616771 0.10613492726851394 0.12461357982268997 0.10059168491711118
0.11150875722952958 0.06247035593804153 0.2982017227922659 0.11494488051422931 0.10544329969367339 0.07582562757224615 0.12815496379720787 0.10345039246280636
0.10552948118642089 0.06127749493073562 0.3277794096627767 0.11409671558847327 0.09326732581385214 0.06815320558723564 0.1272093232008799 0.10268704402962593
0.0851232844315226 0.1100864894453311 0.17781563908524037 0.12826257388252335 0.09836289662104784 0.15943854298107343 0.08699548489423324 0.153915088659028
0.1363488213875821 0.09086272363830658 0.22001692831945222 0.10082596358385948 0.1278093449624086 0.12097942581255483 0.11241342507036274 0.09074336722547352
0.11611121498085984 0.06456252106976663 0.28621798779277474 0.11642595128605875 0.10201670563996167 0.08007601589299726 0.12980624718012818 0.10478335615745288
0.10758076538375566 0.061826565761068736 0.321883604372077 0.11488106464766532 0.09284082236211676 0.06951040542205078 0.12808381386836715 0.10339295818289879
0.10341541963527189 0.06070669690780821 0.33971521767446966 0.11311087373097134 0.08895851552817442 0.06618330706537703 0.12611018310005312 0.10179978635787422
0.08452607655049636 0.10989510255894588 0.18163444072629578 0.12810418400424503 0.09696638581113008 0.15826073430613088 0.08688805523766185 0.15372502080509404
0.11821764000285123 0.07890857636390594 0.1929035575091447 0.08757482362161663 0.1474088847110657 0.13971087224080395 0.13018585720467188 0.10508978834593995
0.1117838954807978 0.06470615083888358 0.27224443091373157 0.1182746182306614 0.10916513434711884 0.08551124091807123 0.13186737286314038 0.10644715640759526
0.10693654942752803 0.06230297406385642 0.31500258047248086 0.11577425615856282 0.09549888744314741 0.07120826614478314 0.12907965574693497 0.10419683054270655
0.12248702472844446 0.0721100932799404 0.24868944644098867 0.08393940423747749 0.14193863594580844 0.10532654816217717 0.12478156212019043 0.10072728508497297
0.1273383503699528 0.07205148943432131 0.21741661114237967 0.08285717249417576 0.1614214077776645 0.11631360984192912 0.12317275194656577 0.09942860699301093
0.11296986763793933 0.06299264677174322 0.28420960759823 0.11589146700906762 0.11159300349357439 0.07883075008311506 0.12921033709816943 0.10430232030816085
0.10659797576976693 0.061696387565272896 0.3207420919994707 0.11482498275897689 0.09554815861780896 0.06922663205792934 0.1280212867476951 0.1033424844830792
0.0854403064854861 0.11023107450231806 0.17557629828470034 0.12838367529168396 0.0991206584458234 0.16010995339865136 0.08707762324131609 0.15406041035002074
0.10393691990203599 0.069207494121462 0.2666087498995533 0.12285923968060579 0.09755391679566458 0.09228148024423376 0.1369788836438993 0.11057331571254522
0.14017884592007954 0.08420451148857379 0.2606512580129648 0.09738466860923965 0.12374643862339754 0.0976114376107097 0.10857663798671943 0.08764620174831568
0.09290409643423919 0.11093129759387381 0.15481089968183104 0.12583137741776418 0.1064188317937402 0.17275934471127274 0.0853464994659618 0.150997652901317
0.10703687706336985 0.06965004274767837 0.2547689788682245 0.1235076913315985 0.10033013755578533 0.0958474913920629 0.13770185884284192 0.11115692219843866
0.14186124159521257 0.08449740520947982 0.25504879373329115 0.09768614058132051 0.1251335722009108 0.0989425634189156 0.10891275673768122 0.08791752652318846
0.11590392374900804 0.06288370695316145 0.30398530528989326 0.11409837477463114 0.0995124107953465 0.07371656807116565 0.12721117306962607 0.10268853729716804
0.08777190912350412 0.11028122971722508 0.17010629242356373 0.1282675978343277 0.10027276999221786 0.1623801910638156 0.0869988924441527 0.1539211174011932
0.08010990077361894 0.11606670568116234 0.12579723340164367 0.12876973038509057 0.09987141905314507 0.2075218649385605 0.08733946930467013 0.15452367646210868
0.1045410736281645 0.0712479604630981 0.2394562631672867 0.1257848489103507 0.09999848343283925 0.10552428677292731 0.14024071960601786 0.11320636401931564
0.10674654359328946 0.06423435080239123 0.29932131664903006 0.11865279190152682 0.09477092012649875 0.07719755593165002 0.13228900828423962 0.10678751271137413
0.10435540885509069 0.061688383417602355 0.328908575599818 0.11469410026620395 0.09055573688013804 0.06869774220595985 0.1278753625356035 0.10322469023958356
0.08484719039292073 0.11020185806074821 0.17817485657892426 0.12834877707896705 0.09756156744834417 0.1597932647961228 0.08705395314921244 0.15401853249476047
0.1030740932399584 0.07473932260669267 0.2671284715938409 0.12165669788449834 0.09650454640047086 0.09176770089532588 0.13563813928316457 0.10949102809604852
0.1045494001970612 0.06722984920714271 0.3127711717454046 0.11621049436862589 0.09222573977452717 0.07285787097941014 0.12956602879606496 0.1045894449317633
0.1214255970723588 0.07650716060034755 0.24762192263585533 0.0836775067502171 0.1402645234028032 0.10569804752290948 0.12439223391524809 0.10041300810026049
0.08753708711698252 0.11648146554797903 0.14978492507487184 0.12487885037943577 0.11082824441298948 0.17593436936375764 0.08470043764866078 0.1498546204553229
0.10491331319000863 0.07620419085401692 0.2509996761414595 0.12263931949101005 0.1013538944208603 0.09678052931628113 0.13673368904445446 0.11037538754190902
0.10583464484299518 0.06788054077231519 0.30449745181239724 0.11705130957623705 0.09423283147681906 0.0746535678954752 0.13050347500514786 0.10534617861861335
0.0848692283518109 0.1169161657811244 0.16969351541961245 0.1277399946109326 0.09827649101502026 0.16257557146531304 0.08664103982306731 0.1532879935331191
0.11719007246748865 0.09144608407951396 0.18615044482909693 0.08621505315184802 0.14664556619164212 0.140730248424699 0.1281644670734935 0.10345806378221761
0.11104192599870565 0.07400387338583925 0.2673711148057164 0.1171478500127143 0.10864190925869921 0.0857491511395727 0.13061111038730983 0.10543306501144287
0.1411724265551638 0.09224553126383757 0.258680761738232 0.09530739611487432 0.12614587771976432 0.09441071592890349 0.1062606341758375 0.0857766565033869
0.1511535202685664 0.09393693462564051 0.2509094532115813 0.0924238228775035 0.1303321388203677 0.09501702439838584 0.10304566520820166 0.08318144058975314
0.09446479816104275 0.12555706835515848 0.15015434384116016 0.12293038763745377 0.10693056906173254 0.16906749616353914 0.08337887161496865 0.14751646516494452
0.12053942791719909 0.09290395469191044 0.17676939357288174 0.08589706585869522 0.15025428290780965 0.1428676384162031 0.12769175760486634 0.10307647903043426
0.1125109587737164 0.07449070705101411 0.2620787856251372 0.11751929456087881 0.11007173406789054 0.08653591147780115 0.13102524333877086 0.10576736510479093
0.1070335430530938 0.06972103593725212 0.3090252591767416 0.11513967288497709 0.09563303759084611 0.07144960300676241 0.1283721427538476 0.10362570559647938
0.10327922147002926 0.06756879180083486 0.33278012375057314 0.11274948995161622 0.08974526372129267 0.06669530119418818 0.1257072671550109 0.1014745409564546
0.10104718437279223 0.06647946668065066 0.344457855162075 0.11142054246314426 0.0871643410762771 0.06492653214768071 0.12422558988055037 0.10027848821682983
0.1342796215338495 0.08868663976405128 0.2943375626060985 0.09310617887585643 0.11565715406377307 0.0863308409438247 0.10380644122427575 0.08379556098827078
0.09022329605181709 0.12417206775150991 0.16429685528032226 0.12306527594323785 0.10251340770172929 0.1645804050649543 0.08347036107454393 0.1476783311318854
0.10466107641380502 0.08150924482823188 0.25819003774514254 0.12092284874645519 0.09784332739846946 0.09322294873697881 0.1348199522591075 0.10883056387180967
0.10510803888865189 0.07131620479370104 0.3077389658885267 0.11602662959341435 0.09264818332804026 0.07337697758063681 0.12936103329295598 0.10442396663407291
0.09622581229893684 0.13935196553614615 0.19435522576324754 0.144828145088038 0.08332358301984193 0.13789648999585774 0.0736734477186976 0.13034533057923423
0.09302747730616821 0.16076003182633372 0.15158422147487335 0.14449175003075596 0.08038281511260893 0.166208804205934 0.07350232501564542 0.13004257502768035
0.10634979298529125 0.08833858419056963 0.25150185893498206 0.12193635929163944 0.09194409850802657 0.09423664184514281 0.13594994088187265 0.10974272336247551
0.09696310765393558 0.14575773281102408 0.17398446218015495 0.14601937807982693 0.08349505949684519 0.14808339674402213 0.07427942276234675 0.1314174402718442
0.10657206495096531 0.08492152184642818 0.26370918648628894 0.12067036880335522 0.09193580594287439 0.08904926408273055 0.13453845596433783 0.1086033319230197
0.12330877409734071 0.08383714753325963 0.22689138837496847 0.08459151069074006 0.14146456966047713 0.11264583465316606 0.12575096216115986 0.10150981282888807
0.11095719499028107 0.0713121348899531 0.2889024920875013 0.11476304635560211 0.10514494286916494 0.07768121480740361 0.1279522322800519 0.10328674172004189
0.1401978990752106 0.09098520161733684 0.26849655824134827 0.09452824700577966 0.12398489567901558 0.09133983501145451 0.10539194106465286 0.0850754223052017
0.10501586451228913 0.14297121930075096 0.17845131857020707 0.14102968234356783 0.09022124043672061 0.14364277449161234 0.07174118623564103 0.12692671410921103
0.12404450752297087 0.09589733821040866 0.18944799055715938 0.08546381377640683 0.1422014949465627 0.13334057916927908 0.1270476992855242 0.10255657653168819
0.11306155650182977 0.0745947948766572 0.2690066666400807 0.11687866958527977 0.10711246099393479 0.08384405447665409 0.13031099429881193 0.1051908026267518
0.10688112859963196 0.06951315652509307 0.31253791710822404 0.11474682158581308 0.09449716798866704 0.07061752589279816 0.12793414287254085 0.10327213942723178
0.08470954327830123 0.1214479137644647 0.17182746242254945 0.12670738660362385 0.09783939508469669 0.15947877270390537 0.0859406622181101 0.15204886392434863
0.11704006697832982 0.09224406997884754 0.18704002004638187 0.08612034973835508 0.14634228474793534 0.13984510473546508 0.12802368408865922 0.10334441968602612
0.12591106007805095 0.0840981404800258 0.18999153883979822 0.08304530528985604 0.16419471979444697 0.12965244518686542 0.12345242398312929 0.09965436634782725
0.11322873304414417 0.07222656030788308 0.26852061583857917 0.11608599582820002 0.11321409294589335 0.0828193835754942 0.12942722221442599 0.10447739624538002
0.12466742218774926 0.08056399511018364 0.22760369617536638 0.08355197807367558 0.14959421579155802 0.10955069186651777 0.12420562710653862 0.10026237368841069
0.11119156470505041 0.07059879855345018 0.2889671824427125 0.11441851654619341 0.10732796215829454 0.07695120344898378 0.127568107253741 0.10297666489157407
0.10526815814618676 0.068142680569854 0.32244919971700187 0.11344736037935016 0.0936467313925374 0.06845790485160312 0.1264853406020516 0.10210262434141515
0.10208264315172967 0.066856765846885 0.33933909990011785 0.11191924034457275 0.08861933955486202 0.0656739940896336 0.12478160080208334 0.10072731631011547
0.10036690262419595 0.06614429647669713 0.3476329622196408 0.11101702463097278 0.08657895778337578 0.06456883648629184 0.12377569761095025 0.0999153221678755
0.08283665306526447 0.12004958605770935 0.1830309761121552 0.12611479023952077 0.09514895075990336 0.1559425681851298 0.08553872729289234 0.15133774828742488
0.10168366758717927 0.08038723335581704 0.26895070467670773 0.1203946669398017 0.09514184897797502 0.09085560925545592 0.1342310689612416 0.10835520024582153
0.10370182606606007 0.07080618069209844 0.3132848063799515 0.11546377179070318 0.09146811579203801 0.07262441582026931 0.12873348884724667 0.10391739461163287
0.13673256256727698 0.09060654697574146 0.280343511404859 0.09426071485208291 0.11846022726109726 0.08966813089370063 0.10509366267836708 0.08483464336687462
0.13089189211916144 0.08201821019876288 0.23011969429806087 0.08096130627964397 0.14894686213017191 0.10955404795425988 0.12035441948436626 0.09715356753557278
0.12947912239269982 0.08094863486566166 0.20788007523360152 0.0816342147057464 0.16341534012093606 0.11732681197934922 0.12135474305510958 0.09796105764689568
0.14806326377414203 0.09273032488565602 0.22680538219307148 0.09377426428616664 0.146260999104672 0.10341762129909038 0.10455130659965148 0.08439683785754998
0.11815328794448347 0.07208477104929012 0.2873450771832367 0.11328327066827928 0.10581216695618227 0.07506408977736859 0.1263023928197084 0.10195494360145137
0.12597640119212755 0.08014361524969513 0.23559257696793598 0.08307578652036786 0.14570114294213832 0.10632179692376184 0.12349773637953192 0.09969094382444144
0.11122180215079863 0.07026678603533085 0.29314857376352066 0.11396934979202229 0.10582485913439738 0.075928894468363 0.12706731984274725 0.10257241481282008
0.0856936890483424 0.12145552110675158 0.1654130564761889 0.1264603804652931 0.10117216805192952 0.162279600673205 0.08577312761993793 0.15175245655835168
0.07809410707276893 0.1344774762498747 0.12242117559919473 0.12553624214773226 0.09833614649697389 0.20534504109510626 0.08514632076107058 0.15064349057727872
0.1028031772412427 0.08502048613245483 0.23535416100850842 0.12366549726212508 0.09863578360979373 0.10534414653114567 0.13787780067881705 0.11129894753591259
0.08359071350074591 0.12608702724253765 0.14643480702748243 0.12730644616721182 0.09904276279173392 0.17842352699100336 0.08634698087863062 0.15276773540065416
0.10358461350348919 0.08272550527103854 0.24888445620975175 0.12244259362238709 0.09784172351471143 0.09780841923649865 0.13651435438197485 0.11019833426014837
0.10525881926148081 0.07187203887300149 0.30309868233550263 0.11665780539415364 0.09308625926618244 0.07496962280683205 0.13006474720810862 0.10499202485473828
0.12155155940910513 0.08039313997816418 0.24320254784526404 0.083454380539984 0.1404712540392452 0.10672131972260893 0.12406054181764786 0.1001452566479808
0.10954950937453257 0.0701585739723496 0.2973594677345612 0.1137406000520063 0.10407164381613856 0.0759413840501006 0.1268122809535055 0.10236654004680566
0.12270858076970378 0.07972277975874244 0.24002749490522196 0.08302155685662292 0.14482423954990173 0.10665235958977541 0.12341712034208423 0.0996258682279475
0.08733485337558987 0.12195744579101024 0.14667202813092423 0.12374386554407796 0.1115887180195856 0.17627982863863084 0.08393062184728767 0.14849263865289353
0.07809264516954993 0.1339014739830246 0.11604051754869091 0.12472647282529302 0.10094093017493014 0.2120291069918741 0.0845970859162857 0.1496717673903516
0.1332449812376713 0.11007087597154486 0.1872072453439279 0.10014372798533544 0.12887285021148687 0.13867818077211883 0.1116527832911128 0.09012935518680189
0.08936005762248163 0.12979840583817073 0.12877879995287142 0.12301257548637543 0.10590362005104627 0.19209683404855799 0.08343461641684595 0.1476150905836505
0.10594867236224804 0.08370564022402553 0.23828772891288522 0.12275678453540577 0.100337841520458 0.10161757256020483 0.1368646538029076 0.11048110608186519
0.10645902434161908 0.07234305439679842 0.2975541017404419 0.11717709797435785 0.09419833115268673 0.07616528253531529 0.13064371968185867 0.10545938817692206
