Action: 0
[0.10134953089961786, 0.20141067019481912, 0.18626717970550105, 0.1007053350956035, 0.1081512399863591, 0.1007053739268923, 0.1007053350956035, 0.1007053350956035]
[0.23170078394011684, 0.09608482849696554, 0.12818704226492567, 0.09608482849696554, 0.09608482849696554, 0.1596880313101298, 0.09608482849696554, 0.09608482849696554]
[0.28022851020385947, 0.09826549828444447, 0.12392526897580253, 0.09826549444354539, 0.1045187447575421, 0.0982654944477153, 0.09826549444354539, 0.09826549444354539]
[0.125, 0.125, 0.125, 0.125, 0.125, 0.125, 0.125, 0.125]
[0.10183552995822055, 0.09779360271952947, 0.2719043594311091, 0.09779359279565628, 0.13729213670375984, 0.09779359280041224, 0.09779359279565628, 0.09779359279565628]
[0.2626984116725725, 0.098324293948058, 0.14705784779985412, 0.09832429394805743, 0.098327473930994, 0.09861909080434915, 0.09832429394805743, 0.09832429394805743]
[0.125, 0.125, 0.125, 0.125, 0.125, 0.125, 0.125, 0.125]
[0.125, 0.125, 0.125, 0.125, 0.125, 0.125, 0.125, 0.125]

Action: 1
[0.1168680168223483, 0.15795569815260171, 0.09575455308095868, 0.09575455308095868, 0.24227943659724435, 0.09987863610397099, 0.09575455308095868, 0.09575455308095868]
[0.121484369480411, 0.09948961406524472, 0.09948961406524472, 0.09948961406524472, 0.09948961406524472, 0.2815779461281207, 0.09948961406524472, 0.09948961406524472]
[0.10370570861268484, 0.09737135565191453, 0.09737134934504432, 0.09737134934504432, 0.14621582498971367, 0.2632217133655097, 0.09737134934504432, 0.09737134934504432]
[0.125, 0.125, 0.125, 0.125, 0.125, 0.125, 0.125, 0.125]
[0.10178785386666422, 0.10173972755831354, 0.10173972755831354, 0.10173972755831354, 0.20363022814626636, 0.18588328019550174, 0.10173972755831354, 0.10173972755831354]
[0.1037069674596428, 0.09774222994610633, 0.09774222994610633, 0.09774222994610633, 0.23082720145108623, 0.17675468135873934, 0.09774222994610633, 0.09774222994610633]
[0.125, 0.125, 0.125, 0.125, 0.125, 0.125, 0.125, 0.125]
[0.125, 0.125, 0.125, 0.125, 0.125, 0.125, 0.125, 0.125]

