Action: 0
[0.166818709625266, 0.09830060978994759, 0.24334305856895036, 0.09830024472761335, 0.09833664040160904, 0.09830024743138693, 0.09830024472761335, 0.09830024472761335]
[0.20257860897114296, 0.10128930448557148, 0.18618336231563573, 0.10128930448557148, 0.10128930448557148, 0.10479150628536378, 0.10128930448557148, 0.10128930448557148]
[0.20396910047002, 0.09774946423991177, 0.181765467170046, 0.09773090272557719, 0.1242734338306025, 0.09904982611268819, 0.09773090272557719, 0.09773090272557719]
[0.125, 0.125, 0.125, 0.125, 0.125, 0.125, 0.125, 0.125]
[0.255870474017962, 0.09578016522791953, 0.1253859167570028, 0.09578016522791935, 0.13981075043014146, 0.09581219788321621, 0.09578016522791935, 0.09578016522791935]
[0.10210974938128248, 0.09779174273154388, 0.26031334768324577, 0.09779174273104821, 0.1486171412789762, 0.09779279073180704, 0.09779174273104821, 0.09779174273104821]
[0.125, 0.125, 0.125, 0.125, 0.125, 0.125, 0.125, 0.125]
[0.125, 0.125, 0.125, 0.125, 0.125, 0.125, 0.125, 0.125]

Action: 1
[0.10102748803876385, 0.10102748803876385, 0.10102748803876385, 0.10102748803876385, 0.2076147850646229, 0.18622028670279395, 0.10102748803876385, 0.10102748803876385]
[0.1111111111111111, 0.1111111111111111, 0.1111111111111111, 0.1111111111111111, 0.1111111111111111, 0.2222222222222222, 0.1111111111111111, 0.1111111111111111]
[0.09838496842734222, 0.09831292984081659, 0.09831208172874506, 0.09831208172874506, 0.14595086104160493, 0.2641029137752561, 0.09831208172874506, 0.09831208172874506]
[0.125, 0.125, 0.125, 0.125, 0.125, 0.125, 0.125, 0.125]
[0.09919851765845185, 0.10058345064645499, 0.09919851765845185, 0.09919851765845185, 0.12094757023950135, 0.28247639082178455, 0.09919851765845185, 0.09919851765845185]
[0.09850457780858946, 0.09850457780858946, 0.09850457780858946, 0.09850457780858946, 0.14845857190291456, 0.26051396124554865, 0.09850457780858946, 0.09850457780858946]
[0.125, 0.125, 0.125, 0.125, 0.125, 0.125, 0.125, 0.125]
[0.125, 0.125, 0.125, 0.125, 0.125, 0.125, 0.125, 0.125]

