0.125 0.125 0.125 0.125 0.125 0.125 0.125 0.125
0.07575757575757576 0.12626262626262627 0.09090909090909091 0.15151515151515152 0.0946969696969697 0.15782828282828282 0.11363636363636365 0.1893939393939394
0.09495469861172676 0.1582578310195446 0.08545922875055409 0.14243204791759015 0.12879064023740694 0.19782228877443078 0.1068240359381926 0.08545922875055409
0.08769198837691987 0.1551473640514736 0.07644942576449425 0.13525667635256675 0.10523038605230385 0.18617683686176836 0.0917393109173931 0.1623080116230801
0.08838627501037499 0.14731045835062498 0.10606353001244997 0.17677255002074999 0.08450343260423514 0.15038870987005729 0.09246564154931537 0.15410940258219227
0.06802048212942158 0.10482498992572305 0.056605494559890446 0.09434249093315075 0.1355906350005552 0.2387199364651766 0.11321098911978089 0.1886849818663015
0.07056926601952129 0.12485331680376845 0.08821158252440162 0.15606664600471057 0.08468311922342556 0.182482195189238 0.10585389902928195 0.18727997520565268
0.10272969785021543 0.07587501890706665 0.19269846071635974 0.1517500378141333 0.09067171553469656 0.08598663456120106 0.16799352985528798 0.1322949047610393
0.07881848412275923 0.11973695480545826 0.10191384964355182 0.14368434576654993 0.09749954235571857 0.17097813177286253 0.10776325932491244 0.1796054322081874
0.07576754977688487 0.11741190206824195 0.09279184090079223 0.14089428248189032 0.10246783195561904 0.18887802785279095 0.10567071186141776 0.1761178531023629
0.11157255538517906 0.08186514453230558 0.1359407831013526 0.0982381734387667 0.15858397403861352 0.1350680440723613 0.155933608632963 0.12279771679845837
0.07069111720897708 0.125068899677421 0.08836389651122135 0.15633612459677626 0.09719050423712018 0.1687094324388869 0.10603667581346564 0.1876033495161315
0.10006666987744142 0.07377810633419558 0.20332343257665395 0.14755621266839117 0.10065725743233102 0.0826287785820013 0.1633507930232088 0.12863874950577692
0.09599579218697273 0.1456820556921646 0.10617011128766568 0.13111385012294816 0.1360604423416697 0.20797405070259897 0.09833538759221112 0.07866831007376889
0.0695018399457239 0.12296479375012691 0.08687729993215487 0.15370599218765862 0.1019907718099412 0.17625935183061828 0.10425275991858585 0.18444719062519035
0.0733634966066602 0.11444833785214435 0.09473616682594385 0.13733800542257324 0.10721073247973227 0.19822724996779967 0.10300350406692992 0.17167250677821652
0.0615203509764549 0.09555808310630949 0.0601211227770882 0.08600227479567855 0.14662837629813463 0.2749625127001629 0.10320272975481425 0.1720045495913571
0.07878953370314105 0.13939686732094186 0.06868831143350758 0.12152547407466728 0.11805974576813018 0.24528352508980208 0.0824259737202091 0.14583056888960072
0.12115301534917707 0.09779821720957665 0.15144126918647133 0.12224777151197082 0.13660898879264066 0.12443060132156566 0.1362971422678242 0.11002299436077374
0.09085087182274697 0.0733374507484825 0.20813900158613002 0.146674901496965 0.10563502296574549 0.07982377075171691 0.16353156928094453 0.13200741134726848
0.11002783863630002 0.07948841136415921 0.16489547360276208 0.09538609363699108 0.16068757615107584 0.1188754917259791 0.15140649783649376 0.11923261704623883
0.07996042387547452 0.14146844224122412 0.08948185391641653 0.12333146246670823 0.1296332036070352 0.20447595395567197 0.08365090497741949 0.14799775496004985
0.08933840511739889 0.0721165438899485 0.20633359266161572 0.144233087779897 0.10330103577977404 0.09405842655814055 0.16080912921131799 0.1298097790019073
0.10223757795202608 0.069593627286273 0.24078888390321343 0.139187254572546 0.09788999919611104 0.07487390994627391 0.15408601238800368 0.12134273475555292
0.10005198217521478 0.14100187949700552 0.11773150130603667 0.12690169154730496 0.13333443376860138 0.20966122811697496 0.09517626866047871 0.07614101492838297
0.07702586684824551 0.1362765336545882 0.08478934850326807 0.11880518318605127 0.11992773600924139 0.24002820511871806 0.08058090685662607 0.1425662198232615
0.11573539124872874 0.09342495438150393 0.17212771170182528 0.1167811929768799 0.1321250740577776 0.13450028679927278 0.13020231515481984 0.1051030736791919
0.07261810525246314 0.11495982959150113 0.11281591180098896 0.14369978698937644 0.10125443442512781 0.1847462450735398 0.09746594247975097 0.1724397443872517
0.10039708029213394 0.0700158409892094 0.22314697787517315 0.1400316819784188 0.09834008153239351 0.09096860685685836 0.15502082823821697 0.12207890223759588
0.0987502837944973 0.13936981411331203 0.1181477175416885 0.12543283270198083 0.13215628323435513 0.21680874446649198 0.09407462452648563 0.0752596996211885
0.10667316072275713 0.07816471270524859 0.15377767803307343 0.09770589088156074 0.15543060711605067 0.1457545123520418 0.1452463691313948 0.1172470690578729
0.07137299132744825 0.11379832396628023 0.1086658825236557 0.1422479049578503 0.1093986275634562 0.18733759600134708 0.09648118771054194 0.17069748594942033
0.09779663898478347 0.07005618632694081 0.2161489474274852 0.14011237265388163 0.10076344580350177 0.09280643405304857 0.15621483936186503 0.12610113538849346
0.07635911535342339 0.11490653461237255 0.12586564538313613 0.14363316826546568 0.09898270156084149 0.17047227530005998 0.09742075760614195 0.17235980191855885
0.10004840634066987 0.06933091114195349 0.23218580926227933 0.13866182228390697 0.0974866961838684 0.08789735196096612 0.15350433724551363 0.120884665580842
0.07650639847582515 0.11466772285081689 0.12909219625283125 0.1433346535635211 0.09866548435689916 0.1685136734590582 0.09721828676482301 0.1720015842762253
0.1344616848182958 0.09312947241874281 0.19084489865184717 0.11175536690249138 0.13092861740213552 0.11773441895182188 0.12371778509351915 0.09742775576114633
0.07941502293532814 0.11268831498973615 0.11914614199595629 0.14086039373717021 0.10449828536330101 0.17881927535043193 0.09554009314347196 0.16903247248460423
0.10011817950266738 0.06899443888957406 0.23255654894201055 0.13798887777914812 0.09829838839794985 0.0889862104600713 0.15275936001598814 0.12029799601259066
0.07632984886090619 0.114344662134166 0.1289320490235746 0.1429308276677075 0.09885530399706749 0.17014592765375383 0.09694438746157552 0.171516993201249
0.07552861524389289 0.11071620439148172 0.10821282593955679 0.13285944526977805 0.10554184811035465 0.2014221705053799 0.09964458395233354 0.16607430658722258
0.07239535018859637 0.11275743061373897 0.10165281382663735 0.14094678826717372 0.09904350208320067 0.20846927792752662 0.09559869117251782 0.16913614592060844
0.09730717162462765 0.06950291707006521 0.21680189455174206 0.13900583414013043 0.09892435512986149 0.09837144526092237 0.15498113149653348 0.12510525072611736
0.12950613085350968 0.08886793671130416 0.21826920520240012 0.11108492088913019 0.12667610043979488 0.10176788023173297 0.12385139687191084 0.09997642880021718
0.1056826556199211 0.06530966559154801 0.2599084458330957 0.13061933118309602 0.0994954049783651 0.07579629217131793 0.1456308065578697 0.1175573980647864
0.11705437420149321 0.07573935696599846 0.20319114067647498 0.09467419620749806 0.14469044570516484 0.11030189941725621 0.14073955137711652 0.11360903544899767
0.10348381972859055 0.06539042209913742 0.25589711450791747 0.13078084419827485 0.10356948129023784 0.0773646768808106 0.14581088151658403 0.11770275977844738
0.09996745834265158 0.06493796497652743 0.27836396462952623 0.12987592995305486 0.09396381367206103 0.07120056180435179 0.14480196966407757 0.11688833695774938
0.09858542126738616 0.06444489664365338 0.2874009936765559 0.12888979328730676 0.09130231167448799 0.0696732686179768 0.14370250087405692 0.11600081395857609
0.07841444864750717 0.11260877711834098 0.1455432482514995 0.14076097139792623 0.09650122400259112 0.1617855060434213 0.09547265886120215 0.16891316567751147
0.13784345645221674 0.09199168491414769 0.19716537655416835 0.11039002189697725 0.12898156604063402 0.11518414710762571 0.12220629204712172 0.09623745498710837
0.08570054004010182 0.11092429851727399 0.12356490714984691 0.1386553731465925 0.1036183047723439 0.17710561463763252 0.0940445139602975 0.16638644777591097
0.1030886563710093 0.06814285786003466 0.22799815813418867 0.1362857157200693 0.09832749404752944 0.09155157126702887 0.15194840245207727 0.12265714414806239
0.10300164312997245 0.06551737204310627 0.26859516987908844 0.13103474408621255 0.09367041000444772 0.07415543023569936 0.14609396094388175 0.1179312696775913
0.10147496185394354 0.06446423612316987 0.28380845096977997 0.12892847224633974 0.09133611770558964 0.07020651105258228 0.14374562502688923 0.11603562502170577
0.10059844915797968 0.06407217145361793 0.2894661268092831 0.12814434290723586 0.09035120233103315 0.06916641939343485 0.14287137933090324 0.11532990861651227
0.11751946515700697 0.07496948891211697 0.21370651934509063 0.0937118611401462 0.140669825965357 0.10765963044705386 0.13930897566505315 0.11245423336817542
0.1394171232652159 0.08570253641557461 0.21593144990686683 0.10712817051946828 0.13497757641456298 0.10098787452117387 0.11943991548961612 0.09641535346752143
0.11111595946072997 0.06437173255819102 0.26115791768029883 0.12874346511638204 0.10035763506167504 0.07484481563449057 0.14353935588348862 0.11586911860474382
0.10431909477292317 0.06434288184630557 0.2804565088411471 0.12868576369261114 0.09265916332004337 0.07024437710155905 0.14347502310206048 0.11581718732335003
0.10229503392665215 0.06401510810381197 0.2879589049482753 0.12803021620762395 0.09059467945715648 0.06913472619186481 0.14274413657775384 0.11522719458686155
0.09361630128473056 0.1289379093129232 0.16745012848284999 0.16117238664115402 0.08287715108535781 0.13890328288109782 0.08198769233484793 0.1450551479770386
0.1203426085567682 0.07639681395388959 0.17101249705764193 0.09167617674466749 0.1490978442105365 0.13136109768111023 0.14551774086455158 0.11459522093083437
0.08407221925971026 0.11053032219392532 0.11728339925769637 0.13816290274240664 0.10775490404210887 0.18269027865754522 0.0937104905557193 0.16579548329088797
0.07802812392200398 0.11180089552732658 0.1054179131362899 0.13975111940915824 0.09912872969170566 0.20338415924935763 0.0947877157731682 0.16770134329098987
0.10326789737666996 0.06847186215262702 0.22055726946845466 0.13694372430525403 0.0978792217744046 0.09694864012842115 0.15268203291943996 0.12324935187472864
0.10482608837997355 0.06553351081880258 0.26553199348093165 0.13106702163760517 0.09366259008954546 0.075288528114385 0.146129948004912 0.11796031947384462
0.1034780570984592 0.06436031889442048 0.2823613739721902 0.12872063778884096 0.09126074220123809 0.07045639091808187 0.14351390511681222 0.11584857400995686
0.10255249745370665 0.06392944341963462 0.28860184062075833 0.12785888683926924 0.09021016493004018 0.06922105146343663 0.1425531171178121 0.11507299815534232
0.10211880075532066 0.06377294270241958 0.29091420547923125 0.12754588540483916 0.08979272437511776 0.06886000054197783 0.14220414387673858 0.11479129686435523
0.08176217470682624 0.11200751535116767 0.1462633917976843 0.14000939418895958 0.09585633888942219 0.16112701858928552 0.09496289344990302 0.16801127302675148
0.10519859784146311 0.06781886494756056 0.24295015819224153 0.13563772989512113 0.09505226618549475 0.08493756293401666 0.15015654265963754 0.11824827734446458
0.0988499056745101 0.13440540509729337 0.11276205034766652 0.11717394290533271 0.11621581663065521 0.20050964745278665 0.07947450040535609 0.14060873148639924
0.10729313279448807 0.06750388922963065 0.22179285588801667 0.1350077784592613 0.10055269110077913 0.09581905413976033 0.15052359777472865 0.12150700061333516
0.10581163926474564 0.06535430731123129 0.2656977185720833 0.13070861462246258 0.09403176403709686 0.07502785210234383 0.14573035092982023 0.11763775316021634
0.10390901634387861 0.06430532802034833 0.2823225432227775 0.12861065604069666 0.09127955496244804 0.07043202729799958 0.1433912836752245 0.115749590436627
0.10287704633276322 0.06389523952086883 0.28851983117082014 0.12779047904173765 0.09017891342421325 0.06925021184340906 0.1424768475286239 0.11501143113756387
0.1024209965564887 0.06374259597306796 0.29082234270543555 0.12748519194613592 0.08975537069793567 0.06890035416976675 0.14213647519964703 0.11473667275152231
0.10223580173380137 0.06368627846010133 0.29167768745009043 0.12737255692020266 0.08959569550652101 0.06878578314977037 0.14201089555133042 0.1146353012281824
0.1021636067519664 0.06366547956870691 0.29199558689415267 0.12733095913741382 0.08953606907450484 0.06874591822174991 0.14196451712783303 0.11459786322367246
0.11977856422916289 0.07465373171173562 0.2141076171749758 0.0933171646396695 0.13996814218405285 0.10747194968517186 0.13872223280762813 0.11198059756760342
0.10785230479096775 0.06450462621578497 0.26072426941109145 0.12900925243156994 0.10159912194031433 0.07636640911680981 0.14383568890504886 0.11610832718841295
0.13926921850138468 0.08575823743772572 0.2336167503723657 0.10719779679715714 0.12389784053017573 0.09426459565050133 0.11951754359324833 0.09647801711744143
0.11169582122382717 0.06393158853146749 0.26793777565479193 0.12786317706293499 0.09741848412578678 0.07351839364751675 0.14255790039703345 0.11507685935664147
0.10510593533039846 0.06406966920438906 0.2827964356383182 0.12813933840877811 0.09172805670120124 0.06996936046042175 0.14286579968859292 0.11532540456790032
0.13809976519935463 0.0854224461789011 0.24134937392537759 0.10677805772362638 0.1207095238246765 0.092491015346727 0.11904956585007298 0.09610025195126373
0.1111652913304248 0.0637727238803919 0.27095621759868144 0.1275454477607838 0.0965206135244758 0.07304514698426003 0.14220365593627685 0.1147909029847054
0.1048804755080215 0.06400028817812133 0.28393750562529907 0.12800057635624265 0.09145009134400534 0.06981945391229889 0.14271109035539292 0.11520051872061839
0.1379958642406347 0.08539743867087025 0.24173822763800826 0.10674679833858781 0.12060155684226843 0.0924332817963566 0.11901471396854493 0.09607211850472903
0.11120058749362317 0.06375757048383396 0.2710931925124214 0.12751514096766792 0.09647930731145878 0.07302070823643998 0.14216986612365362 0.11476362687090112
0.12255374271796025 0.07473090571441206 0.20727400799506107 0.09341363214301507 0.14236842985694917 0.1086972847704725 0.13886563823051193 0.11209635857161807
0.12505483740246823 0.07416599792387253 0.18506127246185114 0.09270749740484065 0.1565462727381036 0.1173992036677994 0.13781592151525568 0.11124899688580876
0.11013069922975245 0.06494302093458265 0.2488358152340683 0.1298860418691653 0.10587735842329601 0.07861638293096661 0.14481324369592008 0.11689743768224876
0.14053111525327605 0.08593321340904214 0.22941232926072058 0.10741651676130268 0.12532294073252917 0.09494761946707181 0.11976140003088522 0.0966748650851724
0.1122538578820238 0.0640043288341148 0.2662592766984787 0.1280086576682296 0.09782947800438478 0.07371650859618616 0.14272010041517538 0.11520779190140666
0.08399037505842118 0.11195946351838638 0.14053254039998 0.139949329397983 0.09760476290477074 0.16310217959033405 0.09492215385254499 0.16793919527757958
0.10584798381150043 0.0678983459864838 0.24084215655301378 0.1357966919729676 0.09553415779406922 0.08536128399895003 0.15033252021427426 0.11838685966874099
0.0829918646390162 0.1124160422046801 0.13476363382903955 0.1405200527558501 0.0973195257376469 0.16805556435321384 0.09530925317353313 0.16862406330702012
0.10583771268716022 0.06805019295980878 0.23868652347020042 0.13610038591961757 0.09567441254320014 0.08633043202881202 0.1506687218971753 0.11865161849402558
0.0829877954039443 0.11242114673754089 0.13425764518687314 0.1405264334219261 0.09734842684778189 0.16851325136596812 0.09531358092965424 0.16863172010631133
0.1058466533513231 0.06805604648112795 0.23853968089949273 0.1361120929622559 0.09568950990301792 0.086412509694403 0.15068168207461782 0.11866182463376154
0.07298568495677112 0.09886911471204425 0.08232859669973544 0.0861935871848591 0.1426945007400549 0.24710511234523722 0.09743622899157985 0.1723871743697182
0.10197789990517671 0.06789425749881861 0.20854028666860125 0.13578851499763722 0.10714679247561153 0.10504852420518422 0.151394060751097 0.1222096634978735
0.1052488786039451 0.06563294134357425 0.26055803229356117 0.1312658826871485 0.09582028758847619 0.07698301983008521 0.146351663234776 0.11813929441843364
0.1390402159741475 0.08596130986540465 0.23386522692020803 0.10745163733175582 0.1225165987432622 0.09465798072063929 0.11980055684600237 0.09670647359858023
0.11178628339262664 0.06392755125467124 0.26804049261308394 0.12785510250934248 0.09712317866491238 0.07364890143459857 0.14254889787235644 0.11506959225840824
0.10522679082131103 0.06405311753079289 0.2828097566046197 0.12810623506158578 0.09165035881338 0.07002923768601085 0.1428288919268725 0.11529561155542721
0.0827148452206043 0.1119774506918087 0.14437455451654982 0.1399718133647609 0.09625179107702841 0.16180596524413177 0.09493740384740304 0.16796617603771305
0.08073658429661487 0.10991363432381336 0.11153180323359134 0.13189636118857603 0.10446824831159712 0.1976606462686551 0.09892227089143203 0.16487045148572002
0.07743567068783881 0.11130963458330226 0.10371953625781705 0.13913704322912782 0.0980449445801966 0.20901750685744275 0.09437121192932149 0.16696445187495337
0.10347711682724985 0.06841683629722545 0.21966633394326676 0.1368336725944509 0.09761391300457618 0.09828248852351631 0.15255933347470868 0.12315030533500582
0.10534149863611558 0.06548871284531732 0.26506496025722626 0.13097742569063464 0.09357255576037692 0.07564510847845346 0.1460300552103046 0.1178796831215712
0.10405369034808559 0.06430922257959006 0.28206715028869567 0.1286184451591801 0.09119621334413897 0.07059870967599147 0.14339996796105603 0.1157566006432621
0.08251526242719814 0.11201582735254108 0.1442104804248855 0.14001978419067634 0.0961710670707455 0.16207389692363972 0.09496994058150221 0.1680237410288116
0.10530949509752638 0.0677550316112913 0.24252279166302618 0.1355100632225826 0.09506406271813954 0.08568636708824941 0.15001521040513824 0.1181369781940464
0.08286236104567912 0.11235657223704613 0.13510653991702049 0.14044571529630767 0.09717560476203194 0.16825951540276282 0.0952588329835826 0.1685348583555692
0.10571761309240962 0.06797279401147105 0.23881819199032514 0.1359455880229421 0.09556754580718997 0.08696424633185074 0.15049735426227207 0.11851666648153926
0.0729450201451366 0.09883244971939313 0.08234547412217061 0.08616162283229144 0.14261092642950576 0.2473811657112858 0.09740009537563381 0.17232324566458287
0.13271950842632196 0.08836546245723628 0.16964667320301718 0.11045682807154536 0.1394351417747103 0.13681412054987604 0.12315112025290206 0.09941114526439082
0.1282701416108281 0.07442665482372282 0.17288554258394517 0.09303331852965353 0.15611617327062682 0.125327910444841 0.13830027650079837 0.11163998223558423
0.11132452711327763 0.06518216305597525 0.2439215070826422 0.1303643261119505 0.10616653885718622 0.08036654934444086 0.14534649493377166 0.11732789350075545
0.12310395159251568 0.07506858034201741 0.19870924460668724 0.09383572542752176 0.14605116570734025 0.11113535356341132 0.1394931082474801 0.1126028705130261
0.1093725318154761 0.06477847071586246 0.2545215409373017 0.12955694143172491 0.10332194181162002 0.07740100473155417 0.1444463212679082 0.11660124728855241
0.10516992694324206 0.06439260475843422 0.2777597021629662 0.12878520951686845 0.09338870739668939 0.07101126288184095 0.1435858977747772 0.1159066885651816
0.10350942837548084 0.06395475283636534 0.28671790478755554 0.12790950567273068 0.0907107828614883 0.06946951702132505 0.14260955333959674 0.11511855510545761
0.09471067959542383 0.12869989906524448 0.16699190707689035 0.1608748738315556 0.08279536964014228 0.13930353548020435 0.08183634886213915 0.14478738644840003
0.0831341868670162 0.11022752460307045 0.11698987143919735 0.13227302952368453 0.10169561285642609 0.1911337156632364 0.09920477214276342 0.16534128690460567
0.06656079977596016 0.09515584851165541 0.06256379551938161 0.08295638075375088 0.13882727434672643 0.29424636134165333 0.09377677824337055 0.16591276150750175
0.10080107013133299 0.06809007220535955 0.19962675384582437 0.1361801444107191 0.10679591996539088 0.11411321115111825 0.15183069832060772 0.1225621299696472
0.12126357839899478 0.07582296457156316 0.18507772758929833 0.09477870571445396 0.1474672108144798 0.12096045427536352 0.1408949117785017 0.11373444685734473
0.10945739723615358 0.06511416380833952 0.24922013038071752 0.13022832761667905 0.10411141642166649 0.07946820292074734 0.14519486676068544 0.11720549485501115
0.12255380566594137 0.07503738265773625 0.20043214520722852 0.09379672832217031 0.14532991655152475 0.11085881117762766 0.13943513643116662 0.11255607398660437
0.14407188712608662 0.08542961878206673 0.2104660877810038 0.1067870234775834 0.1360608460580237 0.10201665364876154 0.11905956199664897 0.09610832112982505
0.11362651970538801 0.06428090269813154 0.2585856803132837 0.12856180539626308 0.1005625020640897 0.07534014611395572 0.14333681885225152 0.11570562485663677
0.14127812371611764 0.08566796729893184 0.2326544933284476 0.10708495912366478 0.12351279203034071 0.09403346328317284 0.11939173800802627 0.09637646321129831
0.11231304399719337 0.06391653296669172 0.2674857305227265 0.12783306593338345 0.09733188477347242 0.0735456537318048 0.1425243287346827 0.11504975934004509
0.14063670809135623 0.08550529644865315 0.2357443562007353 0.10688162056081642 0.1224057449314792 0.09346778457725487 0.11916503068496996 0.09619345850473478
0.11205757297966466 0.06385127240158743 0.2686921611153354 0.12770254480317486 0.0970064968593188 0.07337885410317851 0.142378807414883 0.11493229032285739
0.1052618508946174 0.0640311467106294 0.28304095301402127 0.1280622934212588 0.09159986907896274 0.06996792252424248 0.1427799002771348 0.11525606407913293
0.10333813547604406 0.06382155025504872 0.2886755776742516 0.12764310051009745 0.09016855551825123 0.0691617586429763 0.14231253146424297 0.11487879045908769
0.1027199551239931 0.06370536386035129 0.29081568855860446 0.12741072772070258 0.08971790689247258 0.06890724974992306 0.1420534531453206 0.11466965494863231
0.10250636901917579 0.06365676692351985 0.2916188335482533 0.1273135338470397 0.08956166129730396 0.06881556567291097 0.14194508922946067 0.11458218046233576
0.08217311853389254 0.11189409666635833 0.14636784642332545 0.13986762083294793 0.09573922652941688 0.16125021188434804 0.09486673413017338 0.1678411449995375
0.07732331855715234 0.12361909704463077 0.11115367765915736 0.13816611015680966 0.09572945651597589 0.1944963418587011 0.09371266601940133 0.16579933218817156
0.1025531756658109 0.07650753239176962 0.22149503389519223 0.13533037711101653 0.09631022398218096 0.09512304635720537 0.15088327119690947 0.12179733939991488
0.08176613674494305 0.1204872697383568 0.1294541692294531 0.13926570895041604 0.0967463581425421 0.170703025600464 0.09445848085332567 0.16711885074049926
0.11700598961339463 0.08613320762840994 0.16255430708979737 0.0955071947629806 0.1453215578711325 0.136891249641203 0.14197785967750548 0.11460863371557671
0.10888120293882 0.07135518489561052 0.23959037423330817 0.1305208654233687 0.10409931240302145 0.0825632566408746 0.14552102458396476 0.11746877888103181
0.1398069713732479 0.09210945568862064 0.22548792189706274 0.10695872654396661 0.12448996308532782 0.09563310942019979 0.11925099810200454 0.09626285388956993
0.10081077840745027 0.13842797154123068 0.14879302799482466 0.15718503089444857 0.08779761760855564 0.14555970394565834 0.07995934180282818 0.14146652780500368
0.08458811515635657 0.11011476728843315 0.1127856914842459 0.1321377207461198 0.10274694610368434 0.1933513177289207 0.09910329055958986 0.16517215093264975
0.07656485589982778 0.13099471292100118 0.10204630566148964 0.13567594209243128 0.0957974700931245 0.20408590035851543 0.09202368246269252 0.16281113051091753
0.10195134405411822 0.08374938998248933 0.2163380331496944 0.1344341664894764 0.09597980165230195 0.09667245159610909 0.1498840632352819 0.12099074984052875
0.10429122975546808 0.07500857236853808 0.26244841028699917 0.12961872639264782 0.0925966537664751 0.07486434678796924 0.1445152068885193 0.11665685375338304
0.10314664296738027 0.07269587076786717 0.2799318355012374 0.12732818695540724 0.0903816896638115 0.06995897953265501 0.14196142635177492 0.1145953682598665
0.10224783900366419 0.07194912088889262 0.28648099503461427 0.126461074135939 0.08935910847322259 0.06869223547334272 0.14099466026797972 0.11381496672234508
0.10180807205163314 0.0716880413612496 0.28893164592984477 0.12614305227477854 0.08894138659919519 0.0683189651102376 0.14064008962576055 0.11352874704730066
0.10162109960097172 0.0715936576292358 0.28984960537879983 0.12602605216907967 0.08877914743578465 0.06819734759469917 0.14050964323925746 0.1134234469521717
0.10154625105234168 0.07155895950637403 0.2901938161998316 0.12598269174166524 0.0887174722122863 0.06815508712145933 0.14046129959854317 0.1133844225674987
0.13558915272787628 0.09555894889558551 0.2423521798357489 0.10515276338413998 0.11846249512056316 0.09100948903819223 0.11723748395216799 0.09463748704572597
0.12683315677616797 0.08604810090826295 0.19485890385165464 0.0907472531627789 0.14660682496298305 0.11110716975158226 0.1349018867912355 0.10889670379533468
0.10940233460593624 0.07451987508513588 0.25122724455046114 0.12782726824197796 0.10270311895853879 0.07675775239874066 0.14251786474142913 0.11504454141778017
0.1045220374313747 0.07274810075958182 0.2752987235665454 0.1274904203490987 0.09266149131736688 0.0703955437830725 0.1421423044787712 0.1147413783141888
0.10269676088358899 0.0720481416148253 0.284681352095799 0.12662697843435897 0.08994909682524652 0.06885375837545785 0.1411796311798002 0.11396428059092308
0.1193056511758023 0.08393902205579948 0.2107836608368446 0.09229944268114613 0.13902091594103264 0.1066826553301762 0.1372093207618232 0.11075933121737536
0.08321057959323472 0.12588544992731276 0.12505617691398035 0.13546822900130534 0.10420641203904356 0.17172847892267157 0.09188279880088537 0.16256187480156642
0.07648740685540795 0.1345099400619403 0.10504158007490876 0.13597060397482497 0.09632819372633838 0.19627401044951692 0.09222354008727258 0.16316472476978994
0.11489294180711486 0.09489663995528275 0.15342665151947824 0.0947178885765509 0.144415630940603 0.14318427789083368 0.14080450301827568 0.11366146629186108
0.10827335622113084 0.07688094438270973 0.2351160857688314 0.1301090499480433 0.1038481476542232 0.0836123900103474 0.14506188106147513 0.11709814495323896
0.10488007037846336 0.07349304842329173 0.2692403839602774 0.12833940138986644 0.09345825852053652 0.0719945210942516 0.14308885498243318 0.1155054612508798
0.08166301424932312 0.1256373284654367 0.13994270194232447 0.13785383917636584 0.09546960195729101 0.16050804236495445 0.09350086483266552 0.165424607011639
0.10203908185367597 0.08214275159991524 0.23216484575990856 0.13296866368087995 0.09482937995810939 0.0879333428651409 0.1482501369695781 0.11967179731279197
0.10374729409193487 0.07439479761508319 0.2685266074432383 0.1288626968760494 0.09185087892508036 0.07296900746254426 0.14367229039762522 0.11597642718844448
0.10280300076056778 0.07246155454831629 0.28222032760697074 0.1270324691419963 0.09003363511412887 0.06948806754190799 0.14163172305831528 0.11432922222779669
0.10208778550386134 0.0718615220029209 0.2873391263797213 0.12635094383124876 0.08921551811290569 0.06855738152428861 0.14087187319692956 0.11371584944812387
0.10174127649886643 0.07165552380345531 0.2892533618808996 0.1261022483325101 0.08888522721028742 0.06827574249952069 0.14059459627520157 0.1134920234992591
0.1356776877263203 0.09559586742841253 0.24203121131395303 0.10517824712409185 0.1185342754621901 0.09105639211290684 0.1172658964204427 0.09466042241168267
0.10977798685275422 0.0744679629246718 0.26964653649967507 0.12564862474789018 0.09516678002614154 0.07211950684490927 0.14008883983085668 0.11308376227310116
0.10396689793057118 0.07227336803679889 0.2822954244579771 0.12663113663541953 0.09051187484678876 0.06916900785689781 0.1411842672636692 0.11396802297187757
0.1023259661231857 0.07181290987346609 0.28731520787482695 0.12629791325249612 0.08928671397515098 0.06848041891450143 0.14081274805912625 0.11366812192724651
0.13590948295983107 0.09565957710241019 0.2413601492813663 0.10522367929488025 0.11869123959261045 0.0911380105030984 0.11731654990041127 0.09470131136539221
0.10985463607494184 0.0744912915988448 0.26938245431586044 0.12567607976416756 0.0952193277805214 0.07214828855278892 0.1401194501251241 0.11310847178775082
0.10399351443899381 0.07228258121185988 0.28219455025040524 0.1266428923687711 0.09053060403952315 0.06917988052949012 0.14119737402906268 0.11397860313189398
0.10233552797450651 0.0718165137547008 0.28727706635915995 0.12630252766331365 0.08929361207875516 0.06848458448975274 0.1408178927828288 0.1136722748969823
0.08112696972928986 0.12514836250889033 0.1440603756108358 0.1376600352224923 0.09446491344181318 0.15897788602530186 0.09336941519438607 0.16519204226699075
0.13353616901072352 0.10755465122768361 0.1917641884992829 0.10889036253823456 0.1239736140327153 0.11487506032327549 0.12140462808367346 0.0980013262844111
0.11115216431918448 0.07728166581064842 0.2500841891855791 0.12802318906629356 0.09798396557941484 0.0775176540396314 0.142736301839584 0.11522087015966419
0.08276005674565669 0.12634123511750497 0.13542966476973958 0.1377609582730392 0.09640223158593318 0.1625548362300702 0.09343786735040918 0.165313149927647
0.10243275818213383 0.08233443182779496 0.23028073279619746 0.1331366212307385 0.09515178528292714 0.08840331446901854 0.14843739710352488 0.11982295910766466
0.1039028504637848 0.07446489321514735 0.26779615722071154 0.1289474706303287 0.09197515098900365 0.07309394710648114 0.14376680680724704 0.1160527235672958
0.08149394680610265 0.12586870390255123 0.13960560825214866 0.13789862049466106 0.09515611330023994 0.1609674244021503 0.09353123824855271 0.16547834459359326
0.10201453662533845 0.08218464482802502 0.23203747110178885 0.13299176011706001 0.09477625374459271 0.08802686170553674 0.1482758877723042 0.11969258410535402
0.10374714576774623 0.07440412433356233 0.2684799184147981 0.12887058690423744 0.09184466706727584 0.0729889421083194 0.1436810871902468 0.11598352821381369
0.08146218539677583 0.12584994674359723 0.13976048806588276 0.13789037802977686 0.09512348549346522 0.1609194149276169 0.09352564770715302 0.1654684536357322
0.10200191318173919 0.08217830185238319 0.23210106466397737 0.13298499620695722 0.09476458704615975 0.08801429394521268 0.14826834651730902 0.1196864965862615
0.13765943143598502 0.09872664445435252 0.22268087056092714 0.10687477089382201 0.12186653431366043 0.0968470607193727 0.11915739381744037 0.09618729380443981
0.1109472075140478 0.07534994925371995 0.26212610421074695 0.12653693464589583 0.09648958209717581 0.07358774202175808 0.1410792390753495 0.11388324118130624
0.12173032644084107 0.08453636112660459 0.20344476032307532 0.09245044978955258 0.14136834140331908 0.10809541819840651 0.13743380297073787 0.1109405397474631
0.12380301460860269 0.08508707353767697 0.18256541525025935 0.09147731500858323 0.15498009036247842 0.11632714046307113 0.13598717275902822 0.10977277801029989
0.08389051415846381 0.12588713406253776 0.11836634818244152 0.13519407151606322 0.10754632425955998 0.17518587349511072 0.09169684850654723 0.16223288581927586
0.13465045219654317 0.10786714980186757 0.18197482393386546 0.10903218577873665 0.1279347562467989 0.1188489144283158 0.12156275041300936 0.09812896720086298
0.1117313986896932 0.07753955958199321 0.24610090550480979 0.1283908451101533 0.09911261984382194 0.0784266997789211 0.14314621089146945 0.11555176059913799
0.13978805408291858 0.09728714057670218 0.2268925156256 0.10604156627972876 0.12228257022611096 0.09404231070500844 0.1182284328521752 0.09543740965175589
0.1466963015392427 0.09893126113803746 0.21730517998288432 0.1040604515193761 0.1271163272665838 0.09621643444766996 0.11601963773876708 0.09365440636743848
0.10131263993797372 0.14793479275361043 0.14539044356027245 0.15513805603842193 0.08743786875683039 0.14424389392485315 0.07891805459345812 0.1396242504345797
0.1101498502829025 0.06769710040362496 0.24283096842646507 0.13539420080724993 0.09334685425211738 0.0826581099445107 0.14988694594860388 0.1180359699345256
0.08276999388343882 0.1247174797841052 0.13395707981501645 0.1382589246750633 0.09561657170819841 0.16499362204884155 0.09377561847526032 0.16591070961007595
0.10250075383868688 0.08218453894839561 0.2297109807045669 0.13322995208561234 0.09504131227045036 0.08888405123351675 0.14854145404172 0.11990695687705111
0.1039402598424835 0.07446268149309637 0.26758021470871374 0.1289765884934122 0.0919709122058043 0.07319114256080839 0.1437992710516103 0.11607892964407099
0.10288059326580658 0.07249387812578642 0.2818620736387977 0.12707695344677145 0.0900876733487751 0.06954825033355312 0.14168131973841533 0.11436925810209432
0.10211808869003411 0.07187450464601279 0.2872042889351266 0.12636778134773283 0.08923766751153223 0.06857601988532368 0.14089064577127824 0.11373100321295956
0.10175290614167508 0.07166049321730572 0.28920269710059027 0.1261085689017648 0.08889391685554644 0.06828206253329284 0.14060164323823626 0.11349771201158831
0.10159900634197615 0.07158344993637686 0.2899512527968881 0.12601324969726127 0.08876104591534745 0.06818470114602673 0.14049536943858829 0.11341192472753513
0.08097757772110435 0.12507380472730878 0.14466480284700087 0.1376257953927887 0.09433049979306252 0.15883037338967068 0.09334619165771757 0.16515095447134642
0.07632459862066698 0.13476801874210098 0.10978139521483818 0.1364559529434603 0.09448301135428966 0.19188714629170975 0.09255273330078177 0.16374714353215236
0.10127742851517037 0.0883187793178947 0.2188800041896375 0.13344502190494784 0.09513683968353824 0.0940601658340657 0.14878124084029257 0.12010051971445304
0.1037644209877584 0.0781644277477796 0.2629737746994253 0.12897949323013722 0.09208520826597039 0.07414862154551842 0.1438025096162873 0.11608154390712348
0.10275920633334415 0.0753912961275119 0.2797564311180643 0.12684303780787295 0.09003261997670099 0.06963815335198564 0.14142052125743446 0.11415873402708565
0.1358581539873663 0.09931962749996609 0.23831167234945638 0.10498825208801559 0.1187266642256007 0.09125213683642926 0.1170540661339517 0.09448942687921402
0.14465816482926505 0.10292846722630856 0.22072383355879543 0.10325422145236944 0.12538853531189817 0.09499722693375334 0.11512075138047757 0.09292879930713249
0.1121588173439941 0.07886771844272908 0.26042752068258107 0.1256415695017136 0.09682647963381398 0.07291950808574534 0.14008097375788067 0.11307741255154223
0.10456463817976948 0.07536463316521883 0.2783569780845837 0.12654244367189474 0.09088672375777182 0.06931100260783919 0.14108538122821696 0.11388819930470524
0.13639488762726143 0.09929528363734215 0.23774892333758452 0.10496275817155884 0.118944314857877 0.0911617076943395 0.1170256423196335 0.09446648235440293
0.10979398322457246 0.07802737944128839 0.267468905014887 0.12524421617558817 0.09510484053981014 0.07200292659334032 0.13963795445248411 0.11271979455802937
0.08211985406149712 0.13018334331994774 0.13899112408397338 0.13683978867763477 0.09529365724217762 0.15955141214199436 0.09281307405961314 0.1642077464131617
0.10173677912177974 0.08676963871645009 0.23096375421603482 0.13220698928085656 0.09442865461025898 0.08750696684692395 0.14740092685492512 0.11898629035277089
0.10343642078189864 0.07759053483817326 0.26761161106253556 0.12839372174699604 0.09154705659541292 0.07271688727581248 0.1431494181268747 0.11555434957229646
0.10251737741374406 0.07517811837852956 0.28150567549784894 0.12661809850986405 0.0897735708741416 0.06928113994032475 0.14116973072666933 0.11395628865887766
0.08085870612051624 0.12957000669364083 0.14232568469393442 0.1370193241577341 0.09421080490645721 0.15865743848797303 0.09293484595046315 0.1644231889892809
0.13274163299254035 0.11342520835806014 0.19022596370234687 0.10813819797143427 0.12326785033656312 0.11431074774138918 0.12056602072337522 0.09732437817429083
0.1265798244589913 0.09324613343184106 0.17788232218091077 0.09108124510303296 0.14878568807300974 0.11772890438585679 0.13539838824271766 0.10929749412363955
0.10966903023709076 0.07871122814666645 0.24394562415790932 0.1280452793610361 0.10349515789301852 0.07813199790965382 0.1427609308696925 0.11524075142493251
0.0943417290959644 0.14985012464084502 0.15340619425412394 0.15737312172278783 0.08373303244178347 0.1396049655045681 0.08005502278941816 0.14163580955050906
0.10839009458084249 0.06767223350399874 0.24646825189505533 0.1353444670079975 0.0924894034672928 0.08181104869300877 0.1498318885884221 0.11799261226338242
0.08216908215916238 0.12802973298816545 0.13444452418375633 0.13764810425803578 0.09509476760678268 0.16407474080639542 0.09336132288805905 0.1651777251096429
0.13335757295508416 0.11327389803673489 0.18738424317715385 0.10831373221585129 0.12370473029816231 0.11572173601641751 0.12076172830632971 0.09748235899426615
0.11092147672962706 0.08157992767844224 0.2477085561983794 0.12753990040894816 0.09774971753380729 0.07751704002978102 0.1421974710529616 0.11478591036805334
0.08235955227786572 0.1312077795789619 0.13442182673016262 0.1369885136836084 0.09592208805255878 0.16180007484502168 0.09291394841149091 0.16438621642033005
0.13336279744853824 0.11389013427159682 0.18730589427509362 0.1082588241739685 0.123890792274398 0.11515810586258764 0.12070050993724547 0.09743294175657165
0.08504952599547952 0.1372579061232158 0.1186881154479876 0.13395620006979853 0.0999731878852598 0.17347037565150675 0.0908572487429938 0.16074744008375824
0.08775574399707695 0.16984643570157107 0.11845154646932535 0.15490396194154493 0.08177733926700514 0.16905243493190905 0.07879897194417722 0.13941356574739042
0.12134942122596869 0.07695197647300822 0.15636220541254212 0.09234237176760987 0.14998640946619446 0.14100445766324393 0.14657519328192042 0.11542796470951232
0.097572185456785 0.1530161933508792 0.09163628480832398 0.11018876114823561 0.12448701267467348 0.2161363242305036 0.07473672495271631 0.13222651337788272
0.10531814411232776 0.09328186331175167 0.20769805720745452 0.1310445014114909 0.10078152607656803 0.09783101697665676 0.14610483963340848 0.11794005127034178
0.08096694709610582 0.13657356679633978 0.12463380246060517 0.13642765093264894 0.0961638520118626 0.1689874624289408 0.0925335371543184 0.1637131811191787
0.1326942544135256 0.1181413672365065 0.18318795921106093 0.10796918115425194 0.12376480314490103 0.11669259221551513 0.12037757958541223 0.09717226303882673
0.11070672109269432 0.08444194786739713 0.24564926041742377 0.12731876699007866 0.09770737974922444 0.07763810979869473 0.14195092379341603 0.11458689029107079
0.10463769612020422 0.07802502968869496 0.2725633049872064 0.12702074192074142 0.09143042144840291 0.07038549002430115 0.14161864808178184 0.11431866772866728
0.10244488181875244 0.07634576728263413 0.2830925098987435 0.12605696375401773 0.08943261848941225 0.06863188402819528 0.14054410734962872 0.11345126737861595
0.10159393466633895 0.07579976878909127 0.28710767839031853 0.12560249921384348 0.0887143615363861 0.06810209480896387 0.1400374133025986 0.11304224929245914
0.10126286524676553 0.07560469760690586 0.2886277174664044 0.12542175202430794 0.08844658618020228 0.06792091097867396 0.13983589367486274 0.11287957682187716
0.08040929453264484 0.1316212184097335 0.14370935376774144 0.1365227790223097 0.09365450147636611 0.15765745914930096 0.0925980588151318 0.16382733482677161
0.1321330864963243 0.11665083553887405 0.19020243607301107 0.10765473878804702 0.1226916191707373 0.11375101921082213 0.12002699981294195 0.0968892649092423
