Action: 0
[0.1037792764276638, 0.10283483380137369, 0.17639345766118444, 0.10282928183020923, 0.10284602294335222, 0.20565856367579807, 0.10282928183020923, 0.10282928183020923]
[0.25927532295419414, 0.09990384317925001, 0.14100635757728988, 0.09990384317925001, 0.09990384317925001, 0.10019910357226591, 0.09990384317925001, 0.09990384317925001]
[0.20429983973434948, 0.09982842572644564, 0.1700563425081748, 0.09928125515176807, 0.09928171154699855, 0.12868991502872723, 0.09928125515176807, 0.09928125515176807]
[0.125, 0.125, 0.125, 0.125, 0.125, 0.125, 0.125, 0.125]
[0.10227611459990699, 0.10225635860351846, 0.17663402150350385, 0.10225635860351846, 0.10755171227520186, 0.20451271720731348, 0.10225635860351846, 0.10225635860351846]
[0.13915085128191, 0.099845442562359, 0.261754997157246, 0.09984544207363047, 0.09986650006389404, 0.09984588271369967, 0.09984544207363047, 0.09984544207363047]
[0.125, 0.125, 0.125, 0.125, 0.125, 0.125, 0.125, 0.125]
[0.125, 0.125, 0.125, 0.125, 0.125, 0.125, 0.125, 0.125]

Action: 1
[0.10377061446977198, 0.10282466917520017, 0.10282466917520017, 0.10282466917520017, 0.20570777552420597, 0.17639826413002116, 0.10282466917520017, 0.10282466917520017]
[0.1111111111111111, 0.1111111111111111, 0.1111111111111111, 0.1111111111111111, 0.1111111111111111, 0.2222222222222222, 0.1111111111111111, 0.1111111111111111]
[0.09780656351540876, 0.11727480663049339, 0.09780095672873672, 0.09780095672873672, 0.16485757971311538, 0.22885722322603558, 0.09780095672873672, 0.09780095672873672]
[0.125, 0.125, 0.125, 0.125, 0.125, 0.125, 0.125, 0.125]
[0.1001672930320103, 0.1001672930320103, 0.1001672930320103, 0.1001672930320103, 0.16939135183369386, 0.2296048899742444, 0.1001672930320103, 0.1001672930320103]
[0.10006633255959457, 0.09995695801531204, 0.09995695801531204, 0.09995695801531204, 0.2327004518377914, 0.1674484255260538, 0.09995695801531204, 0.09995695801531204]
[0.125, 0.125, 0.125, 0.125, 0.125, 0.125, 0.125, 0.125]
[0.125, 0.125, 0.125, 0.125, 0.125, 0.125, 0.125, 0.125]

