Action: 0
[0.1352857842417358, 0.09631786548624134, 0.28679381227535683, 0.09631786443850937, 0.09633108024261669, 0.09631786443852115, 0.09631786443850937, 0.09631786443850937]
[0.19933624491635138, 0.09966812245817569, 0.20265502033459462, 0.09966812245817569, 0.09966812245817569, 0.09966812245817569, 0.09966812245817569, 0.09966812245817569]
[0.16260551479845334, 0.09606990300118705, 0.2594600893150355, 0.09606990300118705, 0.09758488088039324, 0.09606990300136961, 0.09606990300118705, 0.09606990300118705]
[0.125, 0.125, 0.125, 0.125, 0.125, 0.125, 0.125, 0.125]
[0.1231028743524171, 0.0925206675826091, 0.24999094850512493, 0.0925206675826091, 0.157844466911434, 0.09897903990058753, 0.0925206675826091, 0.0925206675826091]
[0.10046237017553612, 0.09569445288617462, 0.287393089124845, 0.09569445288617462, 0.13367227626874573, 0.09569445288617462, 0.09569445288617462, 0.09569445288617462]
[0.125, 0.125, 0.125, 0.125, 0.125, 0.125, 0.125, 0.125]
[0.125, 0.125, 0.125, 0.125, 0.125, 0.125, 0.125, 0.125]

Action: 1
[0.19495608633359082, 0.09606557689846988, 0.09606557689846988, 0.09606557689846988, 0.1959096803235227, 0.12880634885053704, 0.09606557689846988, 0.09606557689846988]
[0.1111111111111111, 0.1111111111111111, 0.1111111111111111, 0.1111111111111111, 0.1111111111111111, 0.2222222222222222, 0.1111111111111111, 0.1111111111111111]
[0.1484703569181258, 0.0924861071186015, 0.0924861071186015, 0.0924861071186015, 0.12761470915914175, 0.261484398329725, 0.0924861071186015, 0.0924861071186015]
[0.125, 0.125, 0.125, 0.125, 0.125, 0.125, 0.125, 0.125]
[0.0975061345364022, 0.16720151740425226, 0.0975061345364022, 0.0975061345364022, 0.0975061345364022, 0.24776167537733462, 0.0975061345364022, 0.0975061345364022]
[0.09744092231917253, 0.09744092231917253, 0.09744092231917253, 0.09744092231917253, 0.20084685514030523, 0.21450761094465942, 0.09744092231917253, 0.09744092231917253]
[0.125, 0.125, 0.125, 0.125, 0.125, 0.125, 0.125, 0.125]
[0.125, 0.125, 0.125, 0.125, 0.125, 0.125, 0.125, 0.125]

