0.125 0.125 0.125 0.125 0.125 0.125 0.125 0.125
0.09592326139088728 0.15987210231814547 0.08633093525179857 0.14388489208633093 0.11990407673860912 0.19984012789768185 0.10791366906474821 0.08633093525179857
0.07295173961840629 0.12906846240179573 0.09118967452300786 0.16133557800224466 0.08754208754208755 0.15488215488215487 0.10942760942760943 0.19360269360269358
0.0986809039440685 0.07771121185595395 0.197361807888137 0.1554224237119079 0.08602950600252127 0.07723866263839801 0.17205901200504253 0.135496471953971
0.07372086564863402 0.12286810941439004 0.10447312636606589 0.14744173129726804 0.09215108206079253 0.1644616226183135 0.11058129847295105 0.18430216412158507
0.07207586956085517 0.12012644926809195 0.09488931263838163 0.14415173912171034 0.09009483695106896 0.19035831421647112 0.10811380434128276 0.18018967390213791
0.060198484235662944 0.10033080705943824 0.05902763017263433 0.09029772635349442 0.12039696847132589 0.280795659376262 0.1083572716241933 0.18059545270698885
0.10875065555957962 0.08778667376496187 0.13593831944947452 0.10973334220620233 0.13050078667149556 0.13248422836147403 0.16312598333936945 0.13168001064744278
0.0952664098272893 0.07690180070395643 0.1905328196545786 0.15380360140791285 0.09598501375028559 0.07760757569973509 0.17147953768912072 0.13842324126712155
0.1299394842130891 0.10232734381780766 0.1835099400483976 0.1227928125813692 0.11328057598064178 0.10516300788021798 0.13593669117677012 0.10705014430170648
0.07014912487791032 0.12410999016861057 0.10265848346006559 0.15513748771076322 0.09305151405873713 0.16350472715413192 0.10522368731686549 0.18616498525291586
0.10097048546642773 0.07454652510561981 0.2077878451679976 0.14909305021123961 0.08252606767899302 0.0900453344173221 0.16505213535798605 0.129978556594414
0.09721965625066034 0.14768040173720734 0.10768213101585473 0.13291236156348657 0.1107603013029055 0.22431346001917865 0.09968427117261495 0.07974741693809195
0.10528799931933325 0.08499151752283528 0.14498930126524026 0.10623939690354409 0.14948471058524226 0.12358779914055214 0.1579319989789999 0.12748727628425288
0.10403151719993403 0.08397724882404314 0.147998162518575 0.10497156103005392 0.1643729483405718 0.11263541305085628 0.15604727579990105 0.1259658732360647
0.06856319657013424 0.12130411700869904 0.09788354620271632 0.1516301462608738 0.11450942653977034 0.16130859704955636 0.10284479485520136 0.18195617551304855
0.0987496798016631 0.07291471405745634 0.21598374233917195 0.14582942811491267 0.08968797928350415 0.08826193727642756 0.16143917153950443 0.12713334758735975
0.09534655091036179 0.14480869402953625 0.11524269643388106 0.1303278246265826 0.11821262752689003 0.2201190432268617 0.09774586846993698 0.07819669477594958
0.07413962361976643 0.12010063521650778 0.09430651483072512 0.15012579402063475 0.10456501868706398 0.1747870092039358 0.10182445159660444 0.18015095282476168
0.07356989070434815 0.11430307693204524 0.0992329147294849 0.13716369231845424 0.09452110354003122 0.20688193713872752 0.1028727692388407 0.1714546153980678
0.06342648341786683 0.10484649834942789 0.05656160329958259 0.09140463958668071 0.14648427232087693 0.2511402399716079 0.10332698388059561 0.18280927917336143
0.0817106812241924 0.13600053187078617 0.10148342760303361 0.1700006648384827 0.09546948324781107 0.17585601379104893 0.08647859907001076 0.15300059835463442
0.07385259292086081 0.11392379731356192 0.10025156879909855 0.1367085567762743 0.09347302897419069 0.20837334166346524 0.10253141758220574 0.17088569597034287
0.06436110836472377 0.10105626040383715 0.05468931940255052 0.0881003295828324 0.1415827564545686 0.2744178897060992 0.09959167691972358 0.1762006591656648
0.0984984649624191 0.07131999347770011 0.1865487711567341 0.14263998695540023 0.10948127065271805 0.10410258385504295 0.1590329406801253 0.12837598825986019
0.07753851538202673 0.11696297268766263 0.10969399996374155 0.1462037158595783 0.10206938245086322 0.17292269517204997 0.09916425945258356 0.17544445903149394
0.10260264726389796 0.07119710881013082 0.22463086910477054 0.14239421762026164 0.08680769757315958 0.09059265862260586 0.15763625231058673 0.12413854869458706
0.06998885361926407 0.09875293722169905 0.08330928346629296 0.08887764349952915 0.12887677397852929 0.24578604901619217 0.10665317219943497 0.1777552869990583
0.07405431450280442 0.11301054380629044 0.09177048186125676 0.14126317975786307 0.10306873406983959 0.2115036431523943 0.09581328714011582 0.16951581570943566
0.10213642468882717 0.07063613805697755 0.20356589403824363 0.1412722761139551 0.1002818365651557 0.09745433687439398 0.15750804515988723 0.1271450485025596
0.10373163313728276 0.06793845876970055 0.24633049440507132 0.1358769175394011 0.09605737642048316 0.07628327095464103 0.15149262298795912 0.12228922578546099
0.0801115033734993 0.1143800951286747 0.13203171619698612 0.14297511891084339 0.0977604952061914 0.16419650001213404 0.096974428478659 0.17157014269301205
0.07601388861334905 0.11372788293463051 0.10732592987773149 0.14215985366828818 0.09731777072196779 0.19644138381576998 0.09642146596631719 0.17059182440194579
0.07492903627907228 0.11295661588488452 0.10163739950214837 0.14119576985610566 0.09710077892094943 0.20697791008798028 0.09576756564153255 0.1694349238273268
0.10058961955121802 0.06930306998002111 0.21632175693111122 0.13860613996004223 0.09794568629768761 0.09795269900222277 0.15453550231365903 0.12474552596403803
0.10143501236432824 0.06641657498292748 0.26133777291016236 0.13283314996585496 0.09424784910251649 0.0760807564146519 0.14809904929028903 0.11954983496926946
0.11640932424306279 0.07597226570743489 0.20402428496085498 0.0949653321342936 0.14284378654034008 0.11065426336665772 0.1411723444862036 0.11395839856115231
0.12140175398096392 0.07487949819814788 0.1835946881962632 0.09359937274768484 0.15677817732835508 0.11828550813689437 0.13914175411446883 0.11231924729722181
0.12394041320222234 0.07464494549336856 0.17652183337340913 0.09330618186671069 0.16091678624130304 0.11999651540495768 0.1387059061779759 0.11196741824005284
0.10991969518357023 0.06541558808713273 0.24434602977668626 0.13083117617426546 0.10668284119853556 0.07918961310927491 0.14586699791369595 0.11774805855683892
0.10536074709823832 0.0648357431628996 0.27323364491250407 0.1296714863257992 0.09416099600574782 0.07145901452491707 0.14457403027667465 0.11670433769321928
0.08252418736001646 0.11235660056852646 0.14206355388222278 0.1404457507106581 0.09660307355649739 0.1622130760655384 0.09525885700375071 0.1685349008527897
0.11802474187198984 0.07732543555120551 0.16783668447017286 0.09665679443900689 0.1458312868081367 0.13465008672484277 0.14368681680783713 0.11598815332680826
0.12470576652011485 0.07491122004926991 0.17271411285913246 0.09363902506158737 0.15788929610725766 0.12457304938643284 0.13920069994230005 0.11236683007390487
0.1260519200770441 0.07448861416927278 0.17367207050447567 0.09311076771159098 0.16107740866223474 0.12145088770991345 0.13841540991155912 0.11173292125390916
0.12634887464195932 0.07440652441419764 0.1738579268773562 0.09300815551774705 0.16196272578230575 0.12054313615159123 0.13826286999354634 0.11160978662129643
0.14583099169388242 0.08580738103548685 0.2005826802137394 0.10725922629435856 0.14033728811106572 0.1040630960882074 0.11958603289833707 0.09653330366492269
0.08941211375215478 0.11056478058991748 0.12419106315535242 0.13820597573739687 0.10542950284831133 0.17260968774923469 0.09373970528275613 0.16584717088487622
0.10563251714933856 0.06794851532584466 0.22769076014789186 0.13589703065168932 0.09805401768903847 0.0909547838424948 0.15151504760718196 0.1223073275865204
0.10560005907778039 0.06534037805420775 0.2679685484256706 0.1306807561084155 0.09301855335434141 0.07407973371635901 0.14569929076565133 0.11761268049757397
0.08292937533009306 0.11229288522336024 0.1410120339295139 0.1403661065292003 0.09630423398605871 0.16345119969475394 0.09520483747197934 0.16843932783504037
0.10370641139586284 0.06773507506652712 0.23508738362188472 0.13547015013305425 0.0960074845116995 0.08903125246556376 0.15103910768565895 0.12192313511974881
0.12178859658340979 0.07566030485078407 0.1966501709968786 0.09457538106348008 0.14334269339391417 0.11389973980666149 0.14059265602869578 0.1134904572761761
0.10924789764059557 0.0649284595301334 0.2538832624077811 0.1298569190602668 0.1026114138463023 0.0778200464233386 0.14478077393734223 0.11687122715424011
0.1052134049007714 0.06445476106003208 0.2775785861540422 0.12890952212006415 0.09309357795159565 0.07100708085515622 0.14372449705028048 0.11601856990805774
0.08277986891627565 0.11211148524695293 0.1432278553741889 0.14013935655869117 0.09644898781342696 0.16207417638022711 0.09505104183980792 0.16816722787042937
0.13656970164039894 0.08922110622563736 0.1944795910995111 0.1115263827820467 0.1265118346334038 0.11697404517756461 0.12434359393759534 0.10037374450384202
0.11280025458835913 0.0649654778263031 0.2530104580953978 0.1299309556526062 0.09911045279093739 0.078381221746369 0.14486331921268183 0.1169378600873456
0.10605892103204717 0.06446740796859789 0.27724484267789634 0.12893481593719577 0.09238603683530518 0.07111394343669743 0.14375269776878394 0.11604133434347619
0.10376523617718032 0.06399819251823691 0.286572772634975 0.12799638503647381 0.09035738893202065 0.06940686082165119 0.14270641734663572 0.11519674653282644
0.08247463749888699 0.11202715053630515 0.1452789316787546 0.14003393817038143 0.09580077094212032 0.16136430469700908 0.0949795406720848 0.1680407258044577
0.07840399866860324 0.11233889397289815 0.1121962371846273 0.14042361746612267 0.09676853677387892 0.19611653008445665 0.0952438448900658 0.1685083409593472
0.13595836409123044 0.08973072784332141 0.1833095184962446 0.11216340980415175 0.12746127103103666 0.12537580838236598 0.1250538315279125 0.10094706882373658
0.1130605225579542 0.06521107363201108 0.24860536646111914 0.13042214726402215 0.09981130913806445 0.08009868720588888 0.1454109612033202 0.11737993253761994
0.08422134526209392 0.11215020285518146 0.13649672516740008 0.14018775356897684 0.09803266040574499 0.16560214081974192 0.09508386763808865 0.16822530428277221
0.10410424699858739 0.06778046154021926 0.23320819336481738 0.13556092308043852 0.09656699944521778 0.08963403205043327 0.1511403127478919 0.12200483077239467
0.10501119767062499 0.06517243462924943 0.2702343136021026 0.13034486925849886 0.09283328324761897 0.0737687172650793 0.14532480199417708 0.11731038233264897
0.1038041014829633 0.0641937532716647 0.2840163821078042 0.1283875065433294 0.09079895214849987 0.07010805991813444 0.14314248863860757 0.11554875588899648
0.10301584983806308 0.0638407916688772 0.2891219336086658 0.1276815833377544 0.08992773795756917 0.06914324163986389 0.14235543694522765 0.11491342500397896
0.10265024983053796 0.06371327062330273 0.2910145086755588 0.12742654124660546 0.08958539136510152 0.06885506709036027 0.14207108404658847 0.11468388712194491
0.13727969717350108 0.08527067309284228 0.24419048473051264 0.10658834136605286 0.11981023715144976 0.09209301298687825 0.11883804626931564 0.09592950722944757
0.11102696750017937 0.06371067802076001 0.27205576829423866 0.12742135604152002 0.0961291567973811 0.07291154997867885 0.14206530292987382 0.11467922043736803
0.08375190192088885 0.11191332086069518 0.1418497476888755 0.13989165107586896 0.09710186200649894 0.1627385022524969 0.09488303290363287 0.16786998129104275
0.10380762993680615 0.0676538590042376 0.23536033578555404 0.1353077180084752 0.096249571424321 0.08898593164442462 0.15085800798855364 0.12177694620762766
0.10486010117303506 0.06511519894313988 0.27104485599675965 0.13023039788627977 0.0927440144816689 0.07360089846467234 0.1451971749567925 0.11720735809765179
0.08273240908037217 0.11216648934598653 0.14171736758462758 0.14020811168248315 0.09655278601875396 0.16327542651893873 0.09509767574985815 0.16824973401897977
0.10285566977751687 0.07495320335844648 0.23401251405397014 0.13401384724132545 0.09550790869915611 0.08862895571169047 0.14941543864070164 0.12061246251719292
0.1042632506611597 0.06992714029096772 0.26985778715968073 0.12950400476489393 0.09224634879342457 0.07326056320657957 0.14438730083488918 0.11655360428840453
0.10323399952460457 0.06860707966737027 0.28325903147638937 0.1276382141181783 0.09036042212391641 0.06971977688127125 0.14230708350190924 0.11487439270636048
0.11996635743874932 0.0797753595293358 0.21084318457096238 0.09286716232417441 0.13971509830375456 0.10733896890240567 0.13805327414160853 0.11144059478900928
0.08389985992723627 0.11887018423768154 0.1257873450137873 0.13670595924740103 0.10497413625188522 0.17299306143123805 0.0927223027938894 0.16404715109688123
0.07743694232239275 0.1241033905604503 0.10624308337826104 0.13777768739847696 0.09743662069223594 0.19821983670843513 0.09344921406157566 0.1653332248781723
0.11600789561909827 0.08656157238766747 0.15487266290169693 0.09565409449347975 0.14574963309479208 0.14417299211779747 0.14219623599329229 0.11478491339217568
0.10892632178377902 0.07157934984110295 0.23651854779123746 0.13088178276642176 0.1044460941610891 0.08393087867925116 0.14592342048733886 0.1177936044897796
0.10534563319111316 0.06942101278781176 0.27035905625457385 0.12895701679344965 0.09385746070062721 0.07222105509159304 0.14377745006672668 0.1160613151141047
0.08224109447585756 0.11942391690640007 0.14083184787655176 0.13892453950183986 0.09613736439755775 0.16150471047311984 0.0942270789664653 0.16670944740220783
0.07735683289445672 0.1245428025131904 0.10992399616899097 0.13822768961879786 0.09582979618213522 0.1944912221210345 0.09375443295883681 0.16587322754255743
0.11598862602725224 0.08660074720582664 0.1561339459390988 0.09566127637112218 0.1452414271217846 0.14337353335279623 0.14220691233677268 0.11479353164534663
0.10887402090876301 0.07154847414037921 0.23702326494740122 0.1308181050662316 0.10429973518661977 0.08384768058730285 0.14585242460369402 0.11773629455960843
0.08285524554786568 0.11967528181866555 0.13303576028689312 0.13894587702689817 0.09841126146739686 0.166099970045237 0.09424155137476573 0.1667350524322778
0.10314901692411743 0.07567935419021837 0.23043391757245837 0.13436041801703436 0.09619878027014267 0.0894522976185716 0.14980183919212636 0.12092437621533093
0.10445227130841567 0.07006181950176098 0.26847707557483297 0.1296639152140127 0.09254108353668503 0.07354072211964027 0.14456558905204098 0.11669752369261141
0.12060620396970202 0.08012935943778522 0.2062715156200856 0.09315930850199505 0.14085418454095777 0.10870068867038322 0.13848756905669712 0.11179117020239407
0.1425308030703949 0.09204392504900469 0.21160013082474036 0.1058189452667482 0.1339659989274047 0.10082291908542351 0.1179802270362103 0.09523705074007338
0.11273793798791226 0.07020510533445389 0.25817422676150525 0.12754226580514458 0.09963809925375958 0.07471421733939579 0.1422001082931985 0.11478803922463011
0.08353290643207491 0.1193838653212463 0.13794376458741905 0.13875467147435008 0.09733925447783295 0.16242806780742783 0.09411186413042875 0.16650560576922008
0.1031437031475532 0.07553352192929275 0.23242165653787156 0.13413365730325605 0.09581237930085804 0.08868577228953312 0.14954901791870484 0.12072029157293043
0.10437805255920078 0.06999945663280632 0.2692331668827696 0.12956421126446477 0.09239589502666652 0.07336700090718533 0.14445442658888832 0.1166077901380183
0.08206686133658128 0.1195123264950753 0.1405597052571497 0.13895366743387508 0.09582939950134003 0.16208680375235235 0.09424683530297615 0.16674440092065007
0.10273558512500844 0.07550277588782688 0.23354571598311719 0.1340662117079473 0.09543346855576064 0.08858283108999793 0.149473821113189 0.12065959053715257
0.12093586117297733 0.08117432828439688 0.19552669177566598 0.09390730633312094 0.14274441532370838 0.11342311143905923 0.13959951807132603 0.11268876759974514
0.10857946440563165 0.07015740097477095 0.25258728883630127 0.12892913625353575 0.10238123077946107 0.07758289077675717 0.14374636534535998 0.11603622262818215
0.08277867951668828 0.11942726483135808 0.13663895602690868 0.13882635037910254 0.09796288068592489 0.16361376697839866 0.09416048112669566 0.16659162045492307
0.10300918368978025 0.07557120626142408 0.23189838974719854 0.13419615143964844 0.09599039911320464 0.08893943923601938 0.14961869421704088 0.1207765362956836
0.10436593324697967 0.07001577664512329 0.26903499446078394 0.12959026542277927 0.09245056350862575 0.07342775280413784 0.14448347503106881 0.11663123888050135
0.08206465650638717 0.11951479079921784 0.14051333063641663 0.1389545173297858 0.09584155261741516 0.16211831956091882 0.0942474117541156 0.16674542079574298
0.11694924184064166 0.08594935696036114 0.16614570905263318 0.0953845713990159 0.1448538469624099 0.13446021629504462 0.14179557181107438 0.1144614856788191
0.08314807873800376 0.11941882260785107 0.11519080236379398 0.13654601364961996 0.1059049992074552 0.1833222491000767 0.09261381795365528 0.16385521637954395
0.08964659847117222 0.14399261927415552 0.12044165910157652 0.1597686699491435 0.08496829403477402 0.17611672845821083 0.0812736277567382 0.1437918029542291
0.07846494318806495 0.12704399379388184 0.10501306246877613 0.13782657704302625 0.09314653523319098 0.19963062182702787 0.09348237399440043 0.1653918924516315
0.11636596074331178 0.08685860046164126 0.15455031868621918 0.09572346881585138 0.1444657880996907 0.14486833503129684 0.14229936558296713 0.11486816257902165
0.08292717791391364 0.11937597360107265 0.11237881828184497 0.1363819361096925 0.10567249865571614 0.18710274152738124 0.09250253057874795 0.163658323331631
0.13562846990106758 0.09944188428891358 0.1812012170232803 0.11033898933518047 0.12855196927074902 0.12251264092335597 0.12301973885579073 0.0993050904016624
0.14774793831552563 0.09416924863340453 0.2025298005342392 0.10621276877516911 0.13097765350058446 0.10435178748513943 0.11841931085828555 0.09559149189765219
0.10249881147728114 0.1386999019026817 0.14269148535273324 0.15716671912735525 0.0890376806587816 0.14850532758002313 0.07995002668652419 0.1414500472146197
0.10729725822497078 0.07659281112463745 0.23387396935223573 0.13353852138134398 0.09366167175894922 0.08596561313575173 0.1488854857789014 0.12018466924320957
0.10526659895197579 0.07001259032418108 0.26971895512895483 0.1294490714536105 0.09187058644084845 0.07285197909987078 0.144326054292309 0.11650416430824945
0.0822340690521839 0.11951618803494944 0.14068142612284396 0.13895501525121992 0.09571774324004591 0.16190179052255238 0.09424774947474047 0.1667460183014639
0.10277094657584854 0.07549949180099401 0.23359340116724386 0.13405979576858648 0.0954058792960424 0.08855000137995385 0.14946666781960316 0.12065381619172785
0.10425431489858578 0.06997143108699579 0.2696915488576848 0.12951569241987457 0.0922787556191135 0.07332380224187907 0.14440033169797953 0.11656412317788709
0.10322884956082676 0.06860590013386818 0.28318306869858 0.1276288110216183 0.09040658562608633 0.0697842552885955 0.14229659975096845 0.11486592991945645
0.10249546500597075 0.0681558086425614 0.2882008032163218 0.12694357571419465 0.08957779098184522 0.06884472477617663 0.1415326135201543 0.11424921814277518
0.10214665207097129 0.06799613327403363 0.2900690025611045 0.12669581381481917 0.08924693321652548 0.06856285513716397 0.14125637749204467 0.11402623243333727
0.08155337079225004 0.1190531146070552 0.14529908592838214 0.13866253668309841 0.09500676879218552 0.15998070647051355 0.09404937270679718 0.16639504401971808
0.10185584969103653 0.08119713308694633 0.23438565024193547 0.1327640040696715 0.09458330617518383 0.08770449629633609 0.14802195677618601 0.11948760366270438
0.10362412979437602 0.07422012390806867 0.26937646482760635 0.1287526843620346 0.0917274369105171 0.07287210961717824 0.1435496346543878 0.11587741592583115
0.11989864312143078 0.08450925039619088 0.2060717468540309 0.09262101928689717 0.14000597195781125 0.10806077925466166 0.13768736598470088 0.1111452231442766
0.12331005236737447 0.08508973481404479 0.18346303326824145 0.0914872883903368 0.1545408093074028 0.11632233692333661 0.1360019988608589 0.10978474606840416
0.10896655207107363 0.07468720254790666 0.24669111888093812 0.12833395967359354 0.10478869055656918 0.07794912468879764 0.14308278787488712 0.1155005637062342
0.12142276962238323 0.08462298604310443 0.19851723922490894 0.09266917194101502 0.14434613307428412 0.1094597456259057 0.13775894813918055 0.11120300632921802
0.1081439000723467 0.07438887955410116 0.25297672479284533 0.1279483900316431 0.10223858132246517 0.07649706670015348 0.14265290649796625 0.11515355102847878
0.1041893879034519 0.07270629520916604 0.27600735971277135 0.12744675891823812 0.09252957377838664 0.07032491620989442 0.1420936252416774 0.1147020830264143
0.11984945388953137 0.08413871935182515 0.20804225601426182 0.09242870259207911 0.1400257715498644 0.10719917919088219 0.1374014743010609 0.11091444311049492
0.08331447438344028 0.1259361714539227 0.12442816408804705 0.13548190902430918 0.10443242273518086 0.17193649006074543 0.09189207742518361 0.162578290829171
0.1343874593552139 0.10781087662240253 0.18426262508598396 0.10897372796375751 0.126968840035903 0.11802254145752619 0.12149757431183111 0.09807635516738174
0.11159437296550255 0.07748049397763013 0.24703242690016855 0.12830298943613083 0.09883895090105997 0.07822981695566238 0.14304825837132792 0.11547269049251772
0.1397201585899746 0.09725879704800978 0.22721699418871794 0.10601960016056405 0.1221836311539865 0.09397923644567033 0.11820394226856917 0.09541764014450764
0.1112225657826062 0.0750150276539873 0.2638033515365319 0.12625210593786235 0.09637015047745466 0.07294822694571554 0.14076167632176595 0.11362689534407612
0.10449953163472346 0.07248225815291098 0.28006464680342597 0.12689345058151108 0.09093663905933164 0.06944264050684322 0.1414767277378937 0.11420410552335997
0.11985658509856581 0.08404705520305668 0.2093123263933157 0.0923552686125076 0.13941583017478745 0.10689430242446266 0.1372923097582949 0.11082632233500915
0.12323776296767971 0.0849781087994933 0.18448439309317874 0.09143172781001636 0.15427410869426308 0.11595642093681736 0.13591940432653177 0.10971807337201962
0.10891353051618524 0.07464801155425474 0.24710029270928768 0.1282886598379974 0.1046974805964773 0.07785994899281794 0.14303228193878215 0.11545979385419765
0.09463834701660595 0.14456510554533059 0.15485481954737693 0.15831995509765262 0.08437145996128431 0.1402256804333173 0.08053667281054504 0.14248795958788735
0.10448406159320169 0.08395310838541015 0.23787153005459752 0.13201623685206518 0.09181804134296936 0.08385415647281894 0.14718825213207862 0.11881461316685865
0.12084063646684683 0.08642320731826246 0.19637213105075083 0.09327532569040127 0.1408773383481273 0.11162093389766765 0.13866003639946217 0.11193039082848152
0.10813695980366075 0.07471131197840568 0.25223428552495764 0.1281411151089117 0.10161599766212617 0.0769655457472653 0.1428677805766523 0.11532700359802053
0.08220744334130757 0.1258055910489903 0.1359341472388605 0.1377584034117815 0.09720768749237799 0.1623405088845535 0.09343613448799093 0.16531008409413778
0.07651790535885877 0.13486719125961824 0.1077678159493235 0.13641097784314773 0.09507009057871756 0.1931506171484219 0.09252222845013501 0.16369317341177728
0.10181559471736207 0.0841333626994579 0.21884702393164393 0.13430190502888095 0.09569897384369117 0.09459482367599494 0.1497366015769762 0.12087171452599284
0.10417850633251152 0.0749965378904632 0.263429681636072 0.12951553143169975 0.09246538810778514 0.07445022410476004 0.14440015220817864 0.11656397828852975
0.10308684664355183 0.07266984117592898 0.28030399308747306 0.12728331681915844 0.09032458853212853 0.06986502910614144 0.14191139949837517 0.1145549851372426
0.10222118809969663 0.07193657909280068 0.28662101224416753 0.12644371901435505 0.08933592900039819 0.0686669148330903 0.14097531060257198 0.11379934711291954
0.10179714857748365 0.07168303430703167 0.2889842770806154 0.12613658732941208 0.08893238061466194 0.06831076180018894 0.14063288169413554 0.11352292859647085
0.13570317477767588 0.09560652208349986 0.24193950660645758 0.10518567986392213 0.11855468817512128 0.0910691332451219 0.1172741833706714 0.09466711187752992
0.08613490564857713 0.12805769768495978 0.13220405881588618 0.13504148780195163 0.0995598319115203 0.1653588758308306 0.09159335694393242 0.16204978536234196
0.13509025189983964 0.10800592453758565 0.18708015523112714 0.10881614246069943 0.12540347367813642 0.11634764574194882 0.12132187823603353 0.09793452821462949
0.1276745696303454 0.0885377803111767 0.17734098473024748 0.0916023243584872 0.15003497762885676 0.11871356655689087 0.13617300755381082 0.10992278923018463
0.1102248143511515 0.0752664754898553 0.24422987111132366 0.12860701682003936 0.1040200969897608 0.07851818388405876 0.1433872262157752 0.1157463151380354
0.09493483983724822 0.1447500629756227 0.15411458746770584 0.158368601756079 0.08425967163027005 0.14047907559842385 0.0805614191541793 0.14253174158047108
0.07890149322097291 0.1388938220871716 0.11202374066520966 0.13647120394504283 0.0923618530519772 0.1850193648371975 0.09256307745837687 0.16376544473405139
0.10227786360742558 0.08454188162534516 0.22065688102669934 0.13416200167522271 0.09499454160844781 0.09304040917096289 0.1495806197781961 0.12074580150770044
0.10422582238488685 0.0750013235359454 0.2641299585190622 0.1294362003396497 0.09226170466547376 0.0741407062885239 0.1443117039607736 0.11649258030568474
0.10307328367733384 0.07265238751080937 0.28056806085430835 0.1272503515991607 0.09026023860495234 0.06979571557602203 0.14187464573816871 0.11452531643924464
0.10220879019257749 0.0719276572064608 0.2867199740236857 0.12643111667779172 0.08931433944225657 0.06864885750943846 0.14096125993777675 0.11378800501001254
0.0811074411309113 0.1251798046019577 0.14393351574586105 0.13767169493790696 0.09447434412658778 0.15904984200818487 0.09337732352310212 0.16520603392548835
0.07634848250691942 0.13479049787252365 0.10961619721544423 0.13645844564766355 0.09451456503628096 0.19196725293946965 0.09255442400450224 0.16375013477719627
0.11487334483256503 0.0949508815645565 0.15501827451200118 0.09474281589900944 0.14383800651672984 0.1420437384389932 0.14084155915733346 0.11369137907881133
0.14154834589937557 0.10052197363828975 0.19274262856577556 0.10631501918521803 0.13560506024535163 0.10905014276443072 0.1185333124348625 0.09568351726669622
0.1479886366362604 0.09996532310960403 0.20502061283653136 0.10460962797922793 0.13151512672464455 0.10012007902424247 0.11663192850818399 0.09414866518130514
0.10163506040577636 0.1482704269426965 0.1421873176168081 0.15524813155907635 0.08832216559552494 0.14563952994472326 0.07897404953222581 0.1397233184031687
0.07996035574382462 0.13934345201989973 0.10912900464615283 0.1361360449204945 0.09305972774136609 0.1866724088167248 0.0923357522069441 0.1633632539045934
0.10260318018429246 0.08465490781149022 0.21939839232907335 0.1342434428484231 0.09521094207844273 0.09339861557608235 0.14967142060861502 0.1208190985635808
0.12068099558263853 0.08679559816756967 0.19057280111759414 0.09360330879335274 0.14240368851329213 0.1144720319628141 0.13914760531071543 0.1123239705520233
0.10830370256931272 0.07490338617012415 0.2499334317708008 0.12840099566645938 0.10213437896852877 0.07760568075071438 0.1431575280042465 0.11556089609981345
0.0944977434367476 0.14461143225866377 0.15558080346143716 0.15830672692670877 0.08387315958042173 0.14012413640448346 0.08052994369749969 0.14247605423403786
0.07882239396046557 0.1388654322145467 0.11235653109852507 0.13646914456075632 0.09227779440570105 0.18488404962849778 0.09256168065859993 0.16376297347290755
0.10224877668076891 0.0845301697047067 0.22079743824855405 0.1341489153808508 0.09496700931043149 0.0930076372953618 0.1495660295365605 0.12073402384276573
0.1042142388533535 0.07499637316345044 0.2641847308955491 0.12942983135208427 0.09225166022047834 0.07413171428327277 0.14430460301493575 0.11648684821687585
0.0815629684386563 0.12600622421582214 0.1387767321597598 0.1379381063459024 0.09523208482668148 0.16140013644174367 0.09355801995635121 0.16552572761508288
0.07641793607340129 0.1349371417906192 0.10843003023574789 0.1364458203099582 0.0946619682677034 0.19282625821864843 0.09254586073197166 0.16373498437194983
0.11490245457737264 0.09498000641485273 0.15462433088040706 0.09475111635430591 0.14389915678916396 0.1422876970171059 0.1408538983416249 0.11370133962516708
0.10824038502298547 0.076866737158679 0.2356156749651264 0.13006856956009663 0.10370210479213468 0.08342806744705186 0.14501674844983906 0.11706171260408696
0.10485558791954011 0.07347918949432011 0.26943373376640933 0.12831744477758744 0.09341248887238258 0.07195147987163644 0.14306437499829525 0.11548570029982871
0.10298955782857962 0.07229552009498415 0.28248968434888344 0.12692294890457168 0.0902967051767698 0.06926531346535808 0.14150961616673882 0.1142306540141145
0.1194313784702254 0.08400976914935594 0.21010583747078806 0.09234313724555877 0.13918919538204347 0.10683464192082585 0.13727427566653214 0.11081176469467054
0.10730875732272431 0.07405908606350649 0.2576412816094635 0.1275009920976818 0.10079654551819175 0.07578835331101362 0.1421540911895049 0.11475089288791358
0.1380903547287152 0.09648494890928064 0.23089422018807995 0.10575604886675165 0.12246355683016019 0.09322032425296044 0.11791010224397534 0.09518044398007648
0.12765626406057556 0.08628432803252903 0.19115645090969535 0.0908703999076767 0.14808162685623782 0.11182149764549751 0.13508495269857612 0.10904447988921205
0.10971702096708305 0.07463165735994995 0.2497279313077985 0.1279727115360398 0.10313024543684192 0.07696496984951992 0.14268002316033096 0.11517544038243586
0.10464556406685747 0.07279796289214738 0.27472089232768293 0.12755692097383595 0.09279585113117655 0.07046513201922734 0.14221644771262004 0.11480122887645233
0.10274497659905633 0.07206850471103891 0.2844623085708774 0.12665348388023615 0.08999445911905889 0.06887894885358509 0.1412091827739349 0.11398813549221254
0.11932292072254912 0.0839451387567286 0.21071535235805222 0.09230338816820942 0.13904070279451602 0.10669324540475507 0.13721518599333818 0.11076406580185129
0.10726215923055761 0.07403616314797351 0.25788235341226007 0.1274740479588606 0.10074543769164378 0.0757491449102541 0.14212405048547594 0.11472664316297454
0.13806892255870803 0.09647601821945505 0.23097746956189838 0.10574985948219623 0.12244305533020992 0.09320659977146534 0.11790320154209044 0.0951748735339766
0.11070236423126951 0.07482723853477201 0.2652823450808341 0.12608864686151144 0.09631131798680428 0.07272887347937511 0.1405794316500732 0.11347978217536028
0.13884908221334677 0.09638677717555261 0.23342918884735162 0.10549435472277256 0.1209512107923919 0.09232613419523687 0.1176183328028524 0.09494491925049531
0.1107943061351629 0.07475094030399913 0.2662280138954413 0.12597241646093865 0.09591357274533499 0.07251573221693325 0.140449843427345 0.11337517481484478
0.10431530237374029 0.07238870520297713 0.28098537713734606 0.12677980825221993 0.09076661407567695 0.06931234050953687 0.1413500250215049 0.11410182742699794
0.08151351884492726 0.12530955357105844 0.14262766014933825 0.13771579574588852 0.0948171890090282 0.15935009240922104 0.09340723537547223 0.16525895489506623
0.10191479992800954 0.08203082467937647 0.2332613185966056 0.13284875045132716 0.09460640789936488 0.08765758037174692 0.14811644266737517 0.11956387540619443
0.10367977194636903 0.07435263284657073 0.2689483665086183 0.12881061008420197 0.09176967647294527 0.07289517555372366 0.14361421751178932 0.11592954907578175
0.08144768833557985 0.12583493172047847 0.13986694122739543 0.1378844425884935 0.09510432537793068 0.16087871771434317 0.0935216219295869 0.16546133110619218
0.08841457564297639 0.15612248764207587 0.1257720042475556 0.15790651108756176 0.08214054373523476 0.1672016620255957 0.08032635564019446 0.14211585997880558
0.07736412362331123 0.14057747364447798 0.10511592907871235 0.13587551775616555 0.09148089438188985 0.19437639338212354 0.09215904682592098 0.16305062130739864
0.08645207909303926 0.16656264181361136 0.11527282054965732 0.1556428138175797 0.08044669306727018 0.17636959654190384 0.07917482268111664 0.14007853243582172
0.10331565067366995 0.09305817679575462 0.22068498818606452 0.13276912759177043 0.09166631879451409 0.09098585400465914 0.14802766912097387 0.11949221483259338
0.08096740695225238 0.13430775847990858 0.12807985154325263 0.1372146803819986 0.09460056481779433 0.1671047729333873 0.09306734843300776 0.16465761645839833
0.13311521241083243 0.11469852105543443 0.18505792376868016 0.10842556622797038 0.12369231480292757 0.11654103724496107 0.12088641488402072 0.09758300960517334
0.11095047944188298 0.08186937411582138 0.24678434655585493 0.1276483373164181 0.09782409497976594 0.07772149389299629 0.14231837011248405 0.11488350358477627
0.1390671220946636 0.10113768250846895 0.2265968511019789 0.10553435699628416 0.1214892896508837 0.09353084399849128 0.11766293235257354 0.09498092129665574
0.11079363835486446 0.07858051980818427 0.26305252422177344 0.1256914706299183 0.0959670776338754 0.07265583599259356 0.14013660979186413 0.11312232356692647
0.13849095827256896 0.10006389317202444 0.2321397653965206 0.10507087407817493 0.12050344667829072 0.09202109224490364 0.1171461834871592 0.09456378667035742
0.12735637749307385 0.09024142362371253 0.19112097635439024 0.09039589809363573 0.14694087254146335 0.1110898002988821 0.1343795738824794 0.10847507771236288
0.14344974202040453 0.10215208061840858 0.20429462468954254 0.10446752426548031 0.13462935995025646 0.10051240314486515 0.11647349347211014 0.09402077183893227
0.08702150248848467 0.13427171638979332 0.12280638912080927 0.13393161343316826 0.10247336563584893 0.16793690422264043 0.09084057258945326 0.1607179361198019
0.10324107440147783 0.08769988250731081 0.22387228716139784 0.13254125675611572 0.0962960336143321 0.08928872433435645 0.14777361014450513 0.11928713108050414
0.08098542762498281 0.1329420473710431 0.12887314423219412 0.1372484132914402 0.09565478619162537 0.16650785719348757 0.09309022814549855 0.1646980959497282
0.07569114775791204 0.14258302795441644 0.10540117783261516 0.13511803349458656 0.09400163672682059 0.19341806114816484 0.09164527489198046 0.16214164019350386
0.07427847792366708 0.14421061638406124 0.09950825009948902 0.1342497120805219 0.09307468201848534 0.20252228054253432 0.09105632645461485 0.16109965449662625
0.11373330061076127 0.10139319289818997 0.15086206981393355 0.09409588112853427 0.1426989501998073 0.1444217008243532 0.1398798471701793 0.11291505735424111
0.10777717917006434 0.0809086565050159 0.23349835628267188 0.12963134495424794 0.10329893752159788 0.08368803946455924 0.1445292756430197 0.11666821045882315
0.08179527568782832 0.13107681385752387 0.13112533271565027 0.13708890447930994 0.09716671935306279 0.16425822897157297 0.0929820395598798 0.16450668537517193
0.13326233414198488 0.11392924887906417 0.1861090663590688 0.10832437406862636 0.12431800941036725 0.11579143730111917 0.1207735931780058 0.09749193666176371
0.08502522451982981 0.1372594898723769 0.11840470774669645 0.13394988827829502 0.10006049223868003 0.1737073637083676 0.0908529677018001 0.160739865933954
0.07618422650447475 0.1432830735039075 0.10274552122432312 0.13461589043915498 0.0946707887438276 0.19565674015076878 0.09130469090655728 0.16153906852698596
0.07431761643160409 0.14430073220471445 0.09884973043669583 0.1341487504659161 0.09315848108774127 0.2032583406721294 0.0909878481420996 0.1609785005590993
0.10105356275034486 0.09009587384027729 0.21412679062823858 0.13375358298847 0.09510224708197312 0.0963644545995999 0.14912526342147325 0.120378224689623
0.08053523570102011 0.13350325935253254 0.12653259534140215 0.13721231193579456 0.09533547245642056 0.16916060888125073 0.09306574200862588 0.16465477432295345
0.10177680020549242 0.0876582401412254 0.2258692110126269 0.13277458256592573 0.09483026965241968 0.08956002110290716 0.14803375101006944 0.11949712430933315
0.09277338438332008 0.15278867459685855 0.14864188148798207 0.1577580101090459 0.08217908520575332 0.14362594128081904 0.08025081383807986 0.1419822090981413
0.10379409220369126 0.08992705740788921 0.23453511755993503 0.13144996031826017 0.09111521639763853 0.08431669576982265 0.14655689605632888 0.11830496428643417
0.10377757508138248 0.07796818708986647 0.2689508601615978 0.12819898112728498 0.09072052956094105 0.07207248709559179 0.1429322968687789 0.11537908301455646
0.10254852675092829 0.07519934703751467 0.2820080087294339 0.1265527262460447 0.0895577387256777 0.06913935335792257 0.14109684553103788 0.11389745362144023
0.08086290061384378 0.12957240380482582 0.14244104865040208 0.13701435732758943 0.09416108678710079 0.15859949687920055 0.09293147714393024 0.16441722879310733
0.10134586125259837 0.08659766236061994 0.23242816947521036 0.1320970030337347 0.09410107238890038 0.08726462836126198 0.14727830039731318 0.11888730273036123
0.10329773220798523 0.0775282362364992 0.2681847996080813 0.1283315334237643 0.09143616738917217 0.07264306826571897 0.14308008278739093 0.11549838008138787
0.13639781548853888 0.10004160735205454 0.23438643047982385 0.1053209856630113 0.11944889444670838 0.09219034023394464 0.11742503923920813 0.09478888709671016
0.10992045474390662 0.07823611676838634 0.2661698786757463 0.12540469843962423 0.09532236056312521 0.07226538201295364 0.13981688020059596 0.1128642285956618
0.10387391808909123 0.07514408706401958 0.28060094556068715 0.12632821503162048 0.09042358731743096 0.06908732112716902 0.14084653228152313 0.11369539352845844
0.10212602145854068 0.07442913939240524 0.2863294977293262 0.12593562794978594 0.0891023834492261 0.06832643788308748 0.14040882698282103 0.11334206515480735
0.08076614212042785 0.12933001185090562 0.1434278861468603 0.1369585613481268 0.09403673245573858 0.1582367595458069 0.09289363291438166 0.16435027361775215
0.1010647130909873 0.08873829314751912 0.23242415890087592 0.13164439183556875 0.093845378855077 0.08702943882964684 0.14677367268831323 0.11847995265201189
0.10306759403564071 0.07931006059740853 0.26792079447826295 0.1280255927063439 0.09123279130485097 0.07248115172291948 0.142738981718864 0.1152230334357095
0.10227838420742873 0.07671966955986709 0.28140953613360886 0.1263376038502187 0.08956778048833826 0.06912618218173959 0.14085700011360203 0.11370384346519681
0.10161957370940476 0.07591300514551855 0.28648630034874845 0.12569166156340533 0.08879948176987106 0.06823065938753356 0.14013682266845337 0.11312249540706479
0.10129107273921603 0.07564106467829433 0.2883959107527536 0.12545232729069575 0.08848401918889555 0.06795852797336968 0.1398699828151488 0.11290709456162616
0.10114977440357975 0.07554490584010136 0.28911498377836387 0.12536357571079337 0.08836072144799076 0.06786778925264712 0.1397710314268099 0.11282721813971404
0.10109271184952044 0.07550993329183345 0.2893860349511538 0.12533046852899413 0.08831355320263251 0.06783575710998213 0.139734119389789 0.11279742167609473
0.13480404757932274 0.10069520766341408 0.24131820310387272 0.10446546825187596 0.11776561270605691 0.090461338098394 0.11647120117037511 0.09401892142668834
0.08529527765260633 0.13673803027583664 0.1312060923973822 0.13358020952414973 0.09857861942969845 0.16370329022279326 0.09060222906855372 0.16029625142897966
0.10233328663220265 0.09022444515419875 0.22696020082466228 0.13177884521772656 0.09500254735206917 0.08817613594760183 0.1469235781755847 0.11860096069595392
0.11982463668882354 0.0922360827943898 0.19224467111265958 0.09276108268772423 0.14139168764241128 0.11233296021144887 0.13789557963727364 0.11131329922526907
0.14117084822061077 0.1048268065074897 0.20485056122072748 0.10453213827391754 0.13314049352065088 0.10085469454050108 0.1165455332695767 0.09407892444652577
