0.125 0.125 0.125 0.125 0.125 0.125 0.125 0.125
0.099626400996264 0.07845579078455792 0.199252801992528 0.15691158156911583 0.08685378548392246 0.06839735606858895 0.17370757096784492 0.1367947121371779
0.08769198837691987 0.1551473640514736 0.07644942576449425 0.13525667635256675 0.10523038605230385 0.18617683686176836 0.0917393109173931 0.1623080116230801
0.07528847907244005 0.12548079845406676 0.09653825113071936 0.1505769581448801 0.09411059884055006 0.15685099806758343 0.1129327186086601 0.18822119768110013
0.09424420181621392 0.15707366969368988 0.09225583747193203 0.14136630272432088 0.1278733924988978 0.19634208711711235 0.10602472704324066 0.08481978163459253
0.08487273520695683 0.15015945459692362 0.07399161530862902 0.13090824246911292 0.10184728224834821 0.21234084083673915 0.08878993837035484 0.1570898909629355
0.07240241033707809 0.12067068389513017 0.09285478253355708 0.14480482067415618 0.09906564950346054 0.18059201170830547 0.10860361550561715 0.18100602584269523
0.08320091617121168 0.1472016209182976 0.07253413204669736 0.12832961823646458 0.09984109940545403 0.22785611288208052 0.08704095845603682 0.15399554188375747
0.09396499597304604 0.07585126180956729 0.18792999194609208 0.15170252361913458 0.08456849637574144 0.1003134662677143 0.1691369927514829 0.13653227125722114
0.11650666024868529 0.08432088780538553 0.1511270127029239 0.10118506536646266 0.1444542606853877 0.11531356661567567 0.16061121486740101 0.1264813317080783
0.09925848626294304 0.1488464383497517 0.09199381318732933 0.13396179451477655 0.13851482364775702 0.20657622144249407 0.10047134588608242 0.08037707670886593
0.0679120381609737 0.12015206751556888 0.09227850451910873 0.1501900843944611 0.08149444579316846 0.2058767011019053 0.10186805724146057 0.18022810127335329
0.06746592430187871 0.11936278914947773 0.09173496155590144 0.14920348643684717 0.08095910916225446 0.21103065921660577 0.10119888645281808 0.17904418372421657
0.10008237345346127 0.0740199556296768 0.20454529326380683 0.1480399112593536 0.09304548708759686 0.08732027660241047 0.163886267246822 0.12906043545687237
0.06900200140669015 0.13057491707505217 0.10283697261743477 0.1526005800340263 0.08280240168802817 0.17555942902790175 0.10350300211003521 0.1831206960408315
0.11125529742051757 0.08215081225015759 0.14680527494064155 0.0985809747001891 0.1485340546677878 0.1329696300261222 0.15647773761934777 0.1232262183752364
0.06804955042606778 0.1297753146613051 0.09690478559946283 0.15049419805764994 0.08165946051128135 0.19044932743595144 0.1020743256391017 0.1805930376691799
0.10392737930138937 0.09440774324936228 0.14206709256331881 0.10486648212640193 0.12471285516166726 0.14828760009409403 0.15589106895208407 0.1258397785516823
0.11405300972671122 0.09129720747447327 0.14734134074915387 0.10458021207857232 0.12437240743911408 0.13739405873879612 0.15546550929889258 0.12549625449428678
0.12275638264391762 0.09039678707460722 0.14700057635006983 0.10376409289824266 0.12340183465868622 0.1339111215732276 0.15425229332335777 0.12451691147789119
0.10916359437258068 0.07094061312372398 0.22586383816839553 0.14188122624744795 0.09525572364786909 0.0761353292201651 0.15706834977332454 0.12369132544649307
0.07164996196249218 0.10036048148089399 0.080938341283763 0.09032443333280459 0.14038653420132877 0.22730206107374284 0.10838931999936549 0.18064886666560917
0.0853009763516718 0.14761563387849996 0.07144970950130772 0.11691149343945743 0.1037767878615325 0.2553551156377669 0.0792964912024146 0.1402937921273489
0.13272958462364182 0.10704271512122504 0.15459291247988322 0.11633834039956643 0.11471835324012283 0.14016502019613575 0.12970856757981508 0.10470450635960978
0.14692994073530743 0.09382339126478496 0.19175574156103045 0.11258806951774196 0.1301677229986261 0.10194181117311499 0.12463962111854217 0.09815370163085196
0.07773609501420492 0.09740603859032237 0.07525970707997748 0.08766543473129014 0.1510703014497044 0.23033303199437222 0.10519852167754816 0.17533086946258028
0.1156126681874056 0.07755865464800588 0.1380805352730505 0.09307038557760705 0.16471050877604926 0.14689849480776654 0.14773077075810642 0.11633798197200879
0.11928312839992138 0.08628743756764748 0.1539969082688531 0.10003670158814035 0.13872581278875115 0.132914693687205 0.14871127579371313 0.12004404190576842
0.09092077147868588 0.14440981688990343 0.11943300069955494 0.16592340004865627 0.08416036728589112 0.16141707135485342 0.0844045121986643 0.14933106004379065
0.12036401261675382 0.07902254104838588 0.15196982345463336 0.09482704925806305 0.15100173369090744 0.1337619025522283 0.15051912580644927 0.11853381157257882
0.12326215728719639 0.07626848961820072 0.15623747359825435 0.09152218754184085 0.16880329690282292 0.12423034706590619 0.14527331355847756 0.11440273442730106
0.08222125072645532 0.12276663862171842 0.10297987694145068 0.1422788233022604 0.10060266217679051 0.1819140018549051 0.09650215841370706 0.1707345879627125
0.1346464544514712 0.10331868347842613 0.16823254257095632 0.11474760962898438 0.1253922980656597 0.1224545416565487 0.12793502148186764 0.10327284866608592
0.113121021100506 0.07554569863782311 0.22057781650186203 0.13642076402477632 0.0977799984584986 0.08167704242064135 0.15209897123359387 0.12277868762229868
0.10776377362310614 0.0677425819371368 0.2568331549447667 0.1354851638742736 0.0942374722424048 0.06983493650541085 0.14998764580302162 0.11811527106987954
0.08371971667130558 0.11220059212752627 0.13256045643511122 0.1346407105530315 0.10520595335785962 0.16239114974910276 0.10098053291477364 0.16830088819128938
0.11675878177619008 0.07744963241687443 0.15663424339948767 0.09293955890024931 0.1569027786071549 0.13561744690925703 0.1475231093654751 0.11617444862531164
0.08345709303375431 0.10969839257763 0.11032807028749803 0.131638071093156 0.11736222223304224 0.18424000858860723 0.09872855331986702 0.164547588866445
0.07864631176698693 0.11034838005886863 0.10123153330618855 0.13241805607064236 0.10865311158377622 0.2038664950722528 0.09931354205298176 0.16552257008830293
0.07550781795549118 0.12436099372296706 0.09696530714338178 0.13948356443468046 0.09436246411367401 0.20733333160466666 0.0946062437035224 0.16738027732161653
0.10220857821457308 0.07833264144813772 0.20971667197021732 0.138810632805099 0.09391641899781823 0.09732199046432839 0.15476349657523722 0.12492956952458907
0.08190302869364594 0.11977293314649477 0.12173324366402011 0.1329131623420075 0.10408212048115607 0.17376918698866073 0.09968487175650564 0.1661414529275094
0.07891443132041753 0.12264412826914661 0.10257014088843769 0.1308473331059523 0.10476977241420435 0.19855952778993682 0.09813549982946425 0.1635591663824404
0.07802299108469427 0.12233207031531308 0.09828698549068693 0.1301400728230333 0.10448198214830595 0.20645575249189996 0.09760505461727499 0.16267509102879163
0.07763676921967513 0.12190672088035229 0.09715024173384769 0.12969377569700727 0.10410927819791305 0.21011566287719008 0.09727033177275546 0.16211721962125908
0.07505521257388605 0.12518509474148176 0.0976740701054789 0.13885136087904343 0.09322800198146661 0.2092071818936574 0.0941774447701338 0.1666216330548521
0.10403209201614724 0.07788700661625109 0.21803778101105153 0.13778825500857664 0.09556164283861666 0.09403286603735855 0.15253726236195703 0.12012309411004117
0.08340671785715953 0.11898940170443872 0.12490619755058939 0.13200442748994176 0.10401949014057044 0.17266491027741673 0.09900332061745631 0.16500553436242718
0.1167762298100115 0.08539707868475618 0.15389047175913861 0.09112851656680979 0.15468692071571297 0.13956169776012264 0.14464843899493618 0.11391064570851223
0.07159103250390123 0.10001899939323822 0.07004964094594335 0.08248143602557749 0.15741047795003438 0.25450781789945737 0.09897772323069297 0.16496287205115498
0.07493332266958781 0.11665745946848399 0.0902236739069406 0.12645680047662 0.11375141635093089 0.2250637261741967 0.09484260035746502 0.158071000595775
0.08788373183528853 0.14564406331816707 0.07855618099387839 0.11315237243431608 0.1109855438352282 0.2512484341412759 0.07674682652066654 0.13578284692117928
0.07600447289221485 0.12568156400359046 0.09240300642323755 0.13608626863130482 0.09286626872838287 0.22135290606594907 0.09230199089775457 0.16330352235756576
0.13443442121704505 0.10196361210306941 0.1720997665743013 0.11269204544697814 0.12181530916107294 0.1299287837760101 0.12564322081924278 0.10142284090228032
0.09944090232705581 0.14229079447154866 0.13079558977210937 0.1604753623488828 0.08381498079172861 0.15712142506677032 0.08163311910790993 0.1444278261139945
0.0818258367909147 0.12521268642579522 0.10554642890587156 0.13081345704695843 0.10042612892284697 0.19454854781369635 0.09811009278521884 0.16351682130869805
0.09617141731111929 0.15019936478332135 0.0917027788015847 0.11951256568337278 0.12690431577186082 0.25416759397618777 0.08963442426252959 0.07170753941002367
0.07723806315515207 0.12506399936402227 0.09420547360852312 0.13458667590899226 0.09485189712020618 0.22126500391838833 0.09128487583392518 0.16150401109079068
0.10318799442085613 0.07783806155931333 0.21113041075486327 0.1376946584422029 0.09340402449244695 0.09930038929005783 0.15351926844227698 0.12392519259798263
0.1060943324210633 0.07164510176128656 0.26212958128027175 0.13248786629216672 0.09204828668929349 0.07342307497776822 0.1466695141695944 0.1155022424085556
0.08228755745255636 0.1213053524305625 0.13519871772076542 0.14099529111487688 0.09273920988123684 0.16264793330597238 0.09563158875617737 0.16919434933785227
0.13996434616012765 0.10283258564790046 0.1895539209464358 0.10953312987673351 0.12655433281754433 0.11481358627666392 0.12125767735641642 0.09549042091817793
0.07590596748377815 0.1072715952880572 0.07198792838492828 0.08425038187760174 0.14162693099541598 0.255216870092509 0.09523956212250631 0.16850076375520348
0.13324803875992797 0.09904403752931967 0.16424157745761564 0.11115024773179752 0.13176550765141953 0.13659113648495452 0.12392423142634737 0.10003522295861776
0.1281893474616228 0.08347321343477859 0.1686185975556226 0.09436463006912443 0.14678209963096578 0.12505519524426795 0.14027936052066856 0.11323755608294933
0.11093767780665272 0.07185954433901777 0.2378611076935511 0.13193400421823456 0.10146922534093872 0.08010126792307298 0.14709656888212122 0.1187406037964111
0.10567133060989528 0.07030286200915352 0.26650105673642255 0.13068534336085383 0.09172557936824775 0.07179261368087089 0.14570440520978778 0.11761680902476845
0.13817865796109827 0.09278425650180377 0.23157409589142552 0.1079437994045823 0.11888298877581176 0.0931375011724633 0.12034928082869102 0.09714941946412407
0.08673447705634109 0.12155567228790108 0.12863351676732895 0.13812010941371106 0.09817449740406871 0.16735613025880927 0.09368146551538663 0.16574413129645324
0.11843933806382964 0.08553544067025957 0.15568272868237512 0.09104776161937223 0.15274037683971559 0.13822439556154656 0.14452025653868605 0.11380970202421527
0.08299615153832346 0.12044078268288462 0.11164589154099676 0.1379202552205465 0.1044153770960418 0.18353132342000647 0.09354591223654457 0.16550430626465576
0.10589782217323669 0.07674918728186297 0.22516747340054685 0.13628353476091815 0.09698132198775128 0.08923789848783557 0.150871475193202 0.1188112867146466
0.0820856919251287 0.12158819353025936 0.1283510758508673 0.14061871260078235 0.09513675588536084 0.16810094480091448 0.09537617028574803 0.16874245512093883
0.10527875194061148 0.07654921824140194 0.2325155729182699 0.13582346154616812 0.09469473872422643 0.08636590415171934 0.15036215523222518 0.11841019724537735
0.12148872172141724 0.08218844402842118 0.1925886804620367 0.09506681663073753 0.14032567702002113 0.11293827217419092 0.14132320800629042 0.11408017995688502
0.12421620308203182 0.08141386587467009 0.17794734017619865 0.0935168417173523 0.15348978389666632 0.11817668899750745 0.1390190661947506 0.11222021006082276
0.10938798178412217 0.07120725807725532 0.2427256842890868 0.13094710943523608 0.10341119513198381 0.07847211794266118 0.14599625484794232 0.11785239849171247
0.10495874613387503 0.06995308891535505 0.26906207656153286 0.13008582462957854 0.09258045946722554 0.07124657556119252 0.14503598656461966 0.1170772421666207
0.10319917953491672 0.06933238741540818 0.2789523546253756 0.12907856628008085 0.08980381310246127 0.06955002071622121 0.14391296867346326 0.11617070965207278
0.08146172351336796 0.1203074506968767 0.14039131172914104 0.14006153695157328 0.09430656997508417 0.16039930294665394 0.0949982598454149 0.1680738443418879
0.10469648271180085 0.07613504190739692 0.23741562464968097 0.13523470262470821 0.09413335194006867 0.08477750102538759 0.14971037490403186 0.11789692023692509
0.08179794923456934 0.12133923455634554 0.13125189951958258 0.140382877197741 0.09528833448614257 0.16626404000812264 0.09521621236020696 0.1684594526372892
0.10507503717250077 0.07642925753213818 0.23389722231139418 0.1356341421548363 0.09460377008662327 0.08596285028796341 0.15015257088366088 0.11824514957088296
0.08187128031562958 0.12139332634472351 0.13048357881779457 0.1404100675305047 0.09539317558635275 0.1667218358694381 0.09523465449895101 0.1684920810366056
0.079587272046073 0.12250496400859778 0.10613485120438723 0.13043461770933884 0.10274874090669943 0.19772031870622606 0.09782596328200413 0.16304327213667352
0.07538791009113491 0.13405740666622679 0.0999075316656671 0.1365761326902617 0.09453036289435696 0.20301505024368705 0.09263424652035143 0.16389135922831405
0.10158011739732531 0.08465694819063518 0.21454650642764303 0.13568029379173197 0.09477831414322826 0.09537215345415553 0.15127340218272206 0.12211226441255876
0.08071631064014852 0.12890838766527274 0.12551695264230484 0.1393225023864382 0.09478238886813563 0.16906945331534662 0.09449700161862766 0.16718700286372584
0.07935645845206524 0.12331987321821766 0.10503266391007096 0.1304000754931914 0.10257512528045983 0.198515652659612 0.09780005661989358 0.16300009436648927
0.07533719912499788 0.13420179637241342 0.0996630370200403 0.1365563226908588 0.09448125790654463 0.20327198948318415 0.0926208101729303 0.16386758722903053
0.07458435213822502 0.13628180620455302 0.09842352353908722 0.13646643634141783 0.09314614810648665 0.20477816628113235 0.09255984377939647 0.1637597236097014
0.11613636758831768 0.08690788276190813 0.1470505925784569 0.09126013255863596 0.15143705266918683 0.14827545287752347 0.14485735326767613 0.11407516569829496
0.09638832270681026 0.14945305754826888 0.08955328800829174 0.11192718874422458 0.12381268610830018 0.21863699802538683 0.07591583236564797 0.13431262649306946
0.10546871370855133 0.0857886916351692 0.20771876802858819 0.13373816273529282 0.10033625613664329 0.09747699030404569 0.14910807098994586 0.12036434646176354
0.10493992954346064 0.07594953189749293 0.2559503631927516 0.13105448602894276 0.09310911102438782 0.07493156915016899 0.14611597173674662 0.1179490374260485
0.08132679270310951 0.12706688588118847 0.1347585326101352 0.13916003615752526 0.09481752277237743 0.1614913793537035 0.0943868071329302 0.16699204338903031
0.0796973611867738 0.12320202568738071 0.1070989741876632 0.13048365470587026 0.10266703624473576 0.1958836385758358 0.09786274102940269 0.1631045683823378
0.06454492748642271 0.1148678789836183 0.059773498470600775 0.08152411131500471 0.13538994366929638 0.28869372639330315 0.09215769105174446 0.16304822263000943
0.0991271453819858 0.08235107119860768 0.19598926179069495 0.13531104501208877 0.10392275826432054 0.11065706049212352 0.15086171734929896 0.12177994051087987
0.103945582764819 0.07585695379520002 0.2516813717665959 0.13164044303080832 0.09421906131063978 0.07741091853851728 0.14676927006569226 0.11847639872772749
0.1031937045064202 0.07371524728714794 0.27224434697878663 0.12919854802237332 0.09064828090159731 0.07067443972128057 0.144046739362258 0.116278693220136
0.10232767233077447 0.07293863814790773 0.2796683907237372 0.12824143543960892 0.08932658522217493 0.06910035598136074 0.14297963025878785 0.11541729189564802
0.10188560648828142 0.07265925015419027 0.28233797104925173 0.12789619331966523 0.08884611985489999 0.06867357408662478 0.14259471105938792 0.11510657398769869
0.10169883673949512 0.07255952923112749 0.283298088930247 0.12777325273564144 0.08867337311373732 0.06854335030480244 0.14245764148287185 0.11499592746207729
0.13564156000022795 0.09679887324798475 0.236614832879974 0.10655153120988407 0.11827117953023854 0.09142863935058104 0.11879700569221403 0.09589637808889565
0.09829652402093864 0.14851488577083516 0.1483916962473952 0.15673236405169508 0.08499251202484749 0.14228381808972657 0.07972907214803619 0.14105912764652553
0.14564199066771796 0.10450584326034548 0.19376139348260785 0.10848266146050417 0.12339031725542011 0.10954840029547554 0.12009476563800218 0.09457462793992671
0.08710902071695685 0.13058477524239454 0.11943491705106715 0.136158885967046 0.09946985472760661 0.17150063873943375 0.0923512443950399 0.1633906631604552
0.10677058594922596 0.07720929441601782 0.2288267611713978 0.13580905553445158 0.09564369212176484 0.08699676546383585 0.15034620718506644 0.11839763815823982
0.09723080216175674 0.1516825612279602 0.10692792361095746 0.11566924304710542 0.11354776297978747 0.19768469394482607 0.07845392137108018 0.1388030916565265
0.11854480231185302 0.09655808833395299 0.15136471530450138 0.09384772656519512 0.14716746575784315 0.14038898110374218 0.13951094874467812 0.11261727187823413
0.08222309594317168 0.12881376014449714 0.10992505824768116 0.13617246213650053 0.10445378560290952 0.18264443078189976 0.0923604525795395 0.16340695456380064
0.10269074120353733 0.08360906298781445 0.21823160087585336 0.13500147042531113 0.09692256329619416 0.09152667304088652 0.15051656478762301 0.12150132338278002
0.13789825607168585 0.10005802178821788 0.21536715914264953 0.1082979922129992 0.12239678119943288 0.09776941721553858 0.12074417937777673 0.09746819299169927
0.11063533861029796 0.07633065630869411 0.25631980983461566 0.12825381242948775 0.09625629542331363 0.07378222652820517 0.14299342967884676 0.11542843118653895
0.10433319959632319 0.07349322712975802 0.2735773942705358 0.1286495734270887 0.09089331413305411 0.06983400170209136 0.14343467365676904 0.11578461608437983
0.10249460229078733 0.07284410911296829 0.2800746390108073 0.1281085498970003 0.08944579739066684 0.06890313459485896 0.14283147279561076 0.11529769490730025
0.10188961483074126 0.07262110201461791 0.28245039418667595 0.127842682439512 0.08898511771580175 0.06861762419572408 0.14253505042136635 0.1150584141955608
0.08069540716049961 0.12617349239505218 0.14052619853761114 0.13886875524865933 0.09399350995282363 0.15891088771656808 0.09418924269039504 0.1666425062983912
0.11754099065440171 0.08587753522845688 0.1599740774938852 0.09102255539322428 0.15132831040432268 0.1359980899282674 0.14448024665591153 0.11377819424153032
0.07096773920916657 0.10951509851460896 0.0674432480502902 0.0821442125542387 0.1518253972879768 0.2609572042139282 0.09285867506131332 0.1642884251084774
0.10030836147592169 0.08138790603494364 0.1989497204187368 0.13484802873660884 0.10728041450573142 0.10551685420951742 0.15034548875559223 0.12136322586294797
0.1040623894389937 0.07562429060952891 0.2526865775558615 0.1314248709554473 0.09493388763420006 0.07645667665693283 0.14652892328913303 0.11828238385990257
0.10316195277250455 0.07364181921823788 0.2725663013721828 0.12911052786597194 0.09089299425778175 0.07047832597740744 0.14394860345653887 0.11619947507937475
0.10229267427832205 0.07290690767373303 0.2797550525068868 0.12819550653449888 0.0894973790240311 0.06904810114435862 0.1429284229571204 0.11537595588104899
0.1018592957051759 0.07263961633968206 0.2823426995169349 0.1278635886771683 0.0890081321095232 0.06865107852587801 0.1425583593161861 0.11507722980945147
0.10167751685471245 0.07254365700676497 0.28327395730687505 0.12774498899749354 0.08883547732810342 0.06852778288423529 0.14242612952407113 0.11497049009774418
0.0806538303284266 0.1261492237330525 0.140703049712313 0.13885787869205252 0.09395689246896725 0.1588678050870721 0.09418186554765302 0.166629454430463
0.10472503656554823 0.07650964574020967 0.2376286534302049 0.1351581932421587 0.09402375647890966 0.08449881892091936 0.14962567587247522 0.11783021974957425
0.0968357472261235 0.15154124930969626 0.1085823118789784 0.11567633098330742 0.11345899660808982 0.1966350379729838 0.07845872884085196 0.13881159717996888
0.07749450795533298 0.13843812012121368 0.09939184332198839 0.13457360099521518 0.09639322374623165 0.2009443750342226 0.09127600763153726 0.16148832119425818
0.114912862920476 0.09593325512687363 0.15082595836653984 0.09542564481696557 0.1438320322030352 0.1427028425802322 0.14185663020551897 0.11451077378035868
0.12234297328591764 0.08805360883950086 0.16463932738452436 0.09320081035552923 0.1558401445251496 0.12553289883332952 0.1385492643494136 0.11184097242663506
0.08304352462486762 0.12727506522829862 0.11304647083533587 0.1363573946641322 0.10667112845366196 0.17749165752020335 0.09248588507654185 0.16362887359695863
0.10276136998585851 0.08331968803076935 0.21942647257079578 0.13483899968529856 0.09740718442748994 0.090555763545828 0.15033542203719105 0.12135509971676867
0.10402234327004813 0.07542862405217834 0.26045019662658536 0.13067799578314765 0.09253318298244352 0.07358124787179209 0.14569621320897208 0.11761019620483289
0.08114216319504554 0.12690932636017394 0.13573178251797366 0.13908979428073198 0.09494725374591927 0.16093276194678058 0.0943391648164965 0.1669077531368784
0.1177283905525135 0.08597818937535909 0.15853464518976104 0.09107094726984881 0.1517119088365781 0.13658017553013838 0.14455705915849018 0.11383868408731099
0.0821679234280808 0.1267656404383044 0.11160663699435745 0.13630564327853664 0.10570686941103541 0.18142973037869461 0.0924507841367466 0.16356677193424396
0.10260743142348897 0.08329582053992461 0.21886486018543308 0.13490058295343302 0.0972529797193011 0.0912637177349348 0.15040408278539472 0.12141052465808973
0.08087012591335457 0.12856286058810706 0.12646941732533798 0.13921372203993704 0.09591710311763385 0.16748708440148677 0.09442322016621817 0.1670564664479244
0.1052671491102091 0.07703997476623506 0.23201562527513103 0.13580537341328303 0.0948600695058295 0.08627524889985291 0.15034213092557175 0.11839442810388774
0.08137015535196634 0.12730814851467503 0.12942869396697076 0.13922784884623363 0.09545745171900374 0.16570148115952907 0.09443280182614108 0.16707341861548036
0.10527633760305387 0.07687029061410061 0.23317718050591987 0.13565925468157128 0.09466870457820638 0.08590081799118171 0.1501803714830581 0.11826704254290828
0.07168593854773254 0.11212159021839466 0.079681763284426 0.08554091160609263 0.14009889546409404 0.24309065585149195 0.09669842181558298 0.17108182321218526
0.11195963791717063 0.09105546546769851 0.14257253784540305 0.09398835501195668 0.15589183964283185 0.15202613572460794 0.13972000237598337 0.11278602601434802
0.10729525237006364 0.07708938987394875 0.2287129459137477 0.13153062760716067 0.10568251292138471 0.08466487240374396 0.146646834063506 0.1183775648464446
0.12095780427722337 0.08595212717603205 0.19057729094198528 0.09395952885319557 0.14464382473420867 0.11148083903862074 0.1396771503548997 0.11275143462383468
0.1078176198969146 0.07536341914510973 0.24731135173291227 0.12964156966712512 0.10188411763741796 0.07676383378526812 0.14454067543483948 0.1166774127004126
0.10401355116255831 0.0736040721183724 0.27031002276266336 0.12906567781990705 0.09241910241690389 0.07052986467948368 0.14389859900219487 0.11615911003791635
0.10252256131819158 0.07292958913006614 0.2788797407929133 0.12823940562958422 0.08995293234107762 0.06908293854945277 0.14297736717208864 0.11541546506662577
0.08081394351994373 0.12625231432627698 0.13974691539072565 0.13888927295940331 0.09432589777397438 0.15910136942766626 0.09420315905072574 0.16666712755128396
0.11759558525149398 0.08588545413732224 0.15974055312587163 0.09102430036476103 0.15144061347580148 0.13605010173679666 0.14448301645200162 0.11378037545595127
0.07095437772670174 0.10947913639446663 0.06739346621389386 0.08211231711474304 0.1521054107723726 0.26090803820123504 0.09282261934710083 0.16422463422948608
0.11135195992371985 0.0903463327687616 0.13802099300171097 0.0935557532651447 0.15919442189114158 0.15618672440734138 0.13907691082400617 0.11226690391817364
0.08072818694276451 0.12713676398719925 0.10670612160858445 0.13571857857453987 0.10685386221157858 0.18794159126576288 0.0920526011201227 0.16286229428944782
0.07564252500049953 0.1351004840222954 0.10012368297312539 0.13665957467770365 0.09614871404263277 0.19964268771518703 0.09269084195531205 0.16399148961324436
0.11455002060014687 0.09555944719991563 0.15121769373515329 0.09555628945696817 0.14391669495436574 0.14248146446756554 0.14205084223752285 0.1146675473483618
0.10775515891108087 0.07756877128415626 0.23237166815800425 0.1314454135261088 0.10305587301464332 0.0829504162101156 0.14655182672239295 0.1183008721734979
0.10452780676941327 0.0742614395239268 0.2648861484361656 0.1297856839182377 0.09312719963234284 0.07190325412346472 0.14470135207003515 0.11680711552641392
0.10282321942772685 0.07314728925887765 0.27692793556377293 0.1284966246124371 0.09026005195613673 0.0694337698873322 0.14326414714252314 0.1156469621511934
0.1191883960508606 0.08493450579656497 0.20532633521791366 0.09340572848159523 0.13912265921050584 0.10708161215767696 0.13885388890696843 0.11208687417791428
0.10695922364301255 0.07491207999636151 0.252968586147055 0.12906385497912226 0.10032942774814589 0.07571279133434008 0.1438965666707527 0.11615746948121004
0.12046219532697336 0.08533202415057514 0.19787739135600818 0.09358072959507839 0.1424922078195374 0.1088445364217663 0.13911403981596726 0.11229687551409405
0.10746715907128991 0.07511625592253653 0.25009457766288756 0.12933669455866087 0.10122268483068791 0.07615884041036677 0.1442007624407756 0.11640302510279478
0.08167066559450138 0.12670698632548222 0.13337198673378162 0.1389141060147725 0.09668974804175956 0.16172957773152125 0.09422000234045438 0.16669692721772697
0.07977620120101646 0.12312422328301463 0.10679223557132467 0.13043812141517927 0.10306368490798419 0.19592929079112215 0.09782859106138446 0.16304765176897407
0.07539139750895212 0.13413097206182417 0.10002671045937739 0.13649496347571932 0.09525876908810746 0.20232403861684237 0.09257919261831399 0.16379395617086318
0.10109894612890388 0.08860518098685008 0.21369361639324957 0.1348213968950932 0.09516084969858564 0.0949649564519807 0.15031579623975316 0.12133925720558388
0.10360091210722419 0.07876222715144807 0.2579406770422445 0.13048316345411398 0.09203659231628504 0.07426259111815603 0.1454789897018256 0.11743484710870258
0.08074315809348771 0.13121289745048748 0.1347581275204449 0.13839106195400333 0.09445836422628232 0.16050187438951413 0.09386524202097618 0.166069274344804
0.10496471530680028 0.0770244672856145 0.23531103230750447 0.1354426548511066 0.09431309365754165 0.08492523810299919 0.1499405865669556 0.11807821192147756
0.0964412650074319 0.15576126577288757 0.10774387366743744 0.11503298443474569 0.1130673763248027 0.19589128141960707 0.07802237205139272 0.13803958132169483
0.07681338420257196 0.1463083581075026 0.09844416144145143 0.13323067826889837 0.09560393825205787 0.1993575101094129 0.09036515569542673 0.15987681392267802
0.13193922005491626 0.11778305269955366 0.1731476673537943 0.10955785356857681 0.12388884329736564 0.12293246404433275 0.12214883076974159 0.09860206821171912
0.08410603684835705 0.1385713063385907 0.11412626151319774 0.13505759493936173 0.09924051572752766 0.1752248889207728 0.0916042817849584 0.16206911392723408
0.09639454710508177 0.14957739563184733 0.12339964677068846 0.15671735353192706 0.08686211953352714 0.16844832121829142 0.08197523107823877 0.13662538513039793
0.07005979753278394 0.10686851782509496 0.06674795017563998 0.08311383884542488 0.13721631245519836 0.2700292988604983 0.09973660661450984 0.16622767769084976
0.07183744343157884 0.13300077214603648 0.08909200654134551 0.1324929232697965 0.09992490642818266 0.22479567491109428 0.08986476534820981 0.1589915079237558
0.10041415915914023 0.08857955356605458 0.2089190516467104 0.1349230300527047 0.09629938198824986 0.0990049869137799 0.15042910962592598 0.12143072704743424
0.08004363879078566 0.1335662936546693 0.12369887625739467 0.13830656241693 0.09519157413150325 0.16941725055691836 0.09380792929148296 0.165967874900316
0.10517787911235367 0.07747082160956469 0.23093609662714162 0.1359398770972586 0.0948020330868955 0.08667057270818955 0.15049103203278116 0.11851168772581519
0.09645442040590685 0.15585497534134227 0.10690533163752007 0.1150098850032105 0.11315404706450724 0.19660277393278736 0.0780067046108732 0.1380118620038526
0.11769948356253847 0.10230046839484445 0.15056352359583264 0.09314072660026754 0.14651504226133324 0.13955193785312156 0.13845994581174098 0.11176887192032103
0.10806560999278171 0.08130285602773794 0.23128288635260116 0.13066367847639762 0.1032373626794892 0.0821700453618327 0.14568025048040154 0.11759731062875786
0.1043724761827875 0.07703215166341452 0.26405239861978924 0.1293491508000063 0.0929599800143056 0.07160495677938564 0.14421465022030555 0.11641423572000567
0.1364924971610858 0.1006770858958226 0.22974119266032975 0.10652922938844289 0.11980069082169388 0.09211085679740431 0.11877214082562215 0.0958763064495986
0.12622708431335386 0.0909586996734082 0.18813423820167938 0.09150631875024341 0.14625699562508324 0.11107879216692124 0.13603028876901857 0.10980758250029207
0.10867879319733417 0.07853561102173756 0.24560654126084988 0.12896184107784955 0.10192385879819114 0.07644486889016172 0.14378282878381135 0.11606565697006462
0.10400668481337405 0.07623095489728314 0.26927056005264177 0.1286673471272102 0.09224613924464684 0.07032321144434582 0.143454490006009 0.1158006124144892
0.11930214916702174 0.08792179874308463 0.20268823543027148 0.09317039932184222 0.1395035487766883 0.1071053330695752 0.13850405630530574 0.11180447918621066
0.10681068302878757 0.07786887851500839 0.2515120702036446 0.12868066356360083 0.1002604024369634 0.07558536820593392 0.14346933683882063 0.11581259720724074
0.13734953652174658 0.10093896818801233 0.22534617280397293 0.10661765149847541 0.12186568388254253 0.09305537587697893 0.11887072487964348 0.09595588634862787
0.09810934352863905 0.15475595151248836 0.14485665982937457 0.15561203116870612 0.08548333829481435 0.14197268393266962 0.07915916368147224 0.1400508280518355
0.12204018776679705 0.08805213717696651 0.16123480927799258 0.09089082516748269 0.14838423866017225 0.13151311943173932 0.14427115105949634 0.11361353145935335
0.12353986947260544 0.08958086968189945 0.1672070452537627 0.09252854085816159 0.1564955472539552 0.12206398786067407 0.13754989058914768 0.1110342490297939
0.08291621435356596 0.13172655444270567 0.1131917201457503 0.13558883522681947 0.10641598816678811 0.1754894841079095 0.09196460128427755 0.16270660227218334
0.10231570223590199 0.08776738000058175 0.21869696968034683 0.1340885707969455 0.09699707726601975 0.08995583647411999 0.14949874982883324 0.12067971371725095
0.10367702903845309 0.07848115462978034 0.2597325876374316 0.13021076570583373 0.09223216093867374 0.07330132637389394 0.14517528654068326 0.11718968913525035
0.08075722034373409 0.1311381397666769 0.13516013675229077 0.1383828257849866 0.09449985858633299 0.16014277207417785 0.09385965574981701 0.1660593909419839
0.10495363874325261 0.07700811068768008 0.23546828586151775 0.13542267668363397 0.09431087622177238 0.08485714683029599 0.14991846991432006 0.11806079505752705
0.08101531568576159 0.13084565049598706 0.12981341867080423 0.13855766902300762 0.09498385259703657 0.16453664562331902 0.09397824507647475 0.16626920282760912
0.09589766490756216 0.14879225560423026 0.12763848641871178 0.15703961650765566 0.0862137381089963 0.1653681067088317 0.08214379940400451 0.13690633234000749
0.08209866738313142 0.12527875630710109 0.10530921796730731 0.13000345060157764 0.10046341637093677 0.1968395901667905 0.09750258795118322 0.162504313251972
0.11544405794794899 0.09806830147551429 0.1519263267190956 0.09472647874578681 0.14432178505533055 0.14102400267958307 0.14081727288179652 0.11367177449494414
0.10761141166948797 0.08069995129846884 0.23202966384641224 0.13080293506855462 0.10283686354616678 0.08246102182083682 0.14583551118837354 0.11772264156169915
0.10425859200316878 0.07693232471970177 0.2643524537548688 0.12933771404711578 0.09286852771148826 0.07164454602693081 0.1442018990943216 0.1164039426424042
0.08084757484723505 0.13070644970617964 0.1361808221464101 0.13833127654485888 0.09461828995847907 0.15949336302562403 0.09382469191738255 0.16599753185383065
0.10493473474333175 0.07694725719713713 0.23586035683369516 0.1353671229003619 0.09429920765659075 0.08472198752213536 0.14985696959258618 0.11801236355416164
0.0810112991301926 0.13082810990426472 0.1298993849226696 0.13855453485870653 0.09498046602985588 0.16448464402839244 0.09397611929547052 0.16626544183044784
0.14118353277120094 0.10350323886509544 0.18794742341957396 0.10924194035075468 0.12692653304723212 0.11502544958221553 0.120935318581218 0.0952365633827092
0.0858466785736737 0.13503880062654097 0.11754836485827576 0.13515685517123996 0.1000189956388415 0.17253047280979472 0.09167160611614537 0.16218822620548795
0.10285478038832213 0.08816806809850375 0.22042039835727967 0.1338977265551491 0.0955287344111053 0.08933636554866797 0.14928597274133784 0.12050795389963417
0.11994976008528566 0.09076285288288945 0.18815799201615585 0.0940413030912137 0.14165326957620392 0.11278654538678176 0.1397987132520132 0.11284956370945645
0.10744533931108688 0.07867080715896159 0.24599552969733426 0.12931020296977194 0.10115463705124902 0.07687307484265282 0.1441712262961487 0.11637918267279473
0.12040539460209934 0.08851128315087235 0.19546045663279554 0.09335218707825352 0.1425270476219225 0.10894671040531594 0.13877429601483657 0.11202262449390421
0.10727583615224599 0.07811749390014014 0.2487181470436462 0.12894745243688216 0.10107983895494925 0.07604173779603048 0.1437667865229119 0.11605270719319395
0.12030299300333622 0.08836832633937505 0.19626318713549584 0.09329793195276832 0.1424339857429101 0.10868241535599066 0.13869364212680185 0.11195751834332199
0.08254462884062044 0.13173222738974963 0.11981465368353435 0.13594180328509461 0.10370597871870199 0.1709265384337735 0.092204005706412 0.1631301639421135
0.10205897471029172 0.08762045537208742 0.22139921321664902 0.13387397568598272 0.09626849392270956 0.08903281668022502 0.1492594922946703 0.12048657811738446
0.10353379777784771 0.07839311100083747 0.2607433135453118 0.13009662852670834 0.09200844362540324 0.0730897077461956 0.14504803210365838 0.11708696567403751
0.10253693629902623 0.07597936270408541 0.27512172757950726 0.12830282940256407 0.08997233384129623 0.06956618376536929 0.1430480799458438 0.11547254646230763
0.1018297198191518 0.07524567129746547 0.28031438417969196 0.12763647074316478 0.08913544593873358 0.06866034458407244 0.14230513976887177 0.11487282366884831
0.10150021084760645 0.07500385793654049 0.28218737140860073 0.12739880091212955 0.08881580183067188 0.06839488059971224 0.14204015564382202 0.11465892082091658
0.10136570621402272 0.07492071401143044 0.2828635422755273 0.12731416201045131 0.0886977275755404 0.06830961251883479 0.14194578958478676 0.1145827458094062
0.08028111228496214 0.13006621288702644 0.14020915152428867 0.13816102505829791 0.09366666607463926 0.1581133851047652 0.09370921699606295 0.16579323006995753
0.11747758544727102 0.08620168720166146 0.15991012328211685 0.09103900589359684 0.15125000397832702 0.13581647826876594 0.1445063585612648 0.11379875736699606
0.12234433040339457 0.08925082669990012 0.16676699275262377 0.09252686249526497 0.1573853420640921 0.1231460150004304 0.137547395589976 0.11103223499431797
0.10849889104824383 0.07879245299390299 0.23738231069533725 0.12984826732082627 0.10488478000214202 0.0789587294572858 0.14477112789351823 0.11686344058874364
0.10423978865073422 0.07647598741604217 0.2662474179770402 0.12903428680729098 0.09308685078599792 0.07092120987059182 0.14386360036574083 0.11613085812656189
0.10247567483864807 0.07552217411839654 0.2770521388526389 0.12799412497366336 0.08999450246709853 0.06906277472799428 0.14270389754526347 0.11519471247629702
0.1017464117365874 0.07512352395709605 0.2810005262069955 0.12753903419339396 0.08907816895057595 0.06853069889403506 0.1421965052872616 0.11478513077405456
0.10145825425680766 0.07496756678305613 0.28243324671904757 0.12736620884894215 0.0887836064954813 0.06835771100700566 0.1420038179256116 0.11462958796404794
0.08029941446790959 0.1300822795701084 0.1401164340238879 0.13816631328584775 0.09368727492844518 0.1581359039869046 0.09371280379387935 0.16579957594301728
0.07956604016295253 0.12355921563520415 0.1082805770903648 0.13049109969508962 0.10243994089107929 0.19468092713513027 0.09786832477131724 0.16311387461886204
0.06417674666055107 0.11980308292168769 0.05962445399913488 0.08096780139930827 0.13507041027808614 0.28689308296948424 0.09152881897313107 0.16193560279861655
0.1272878168054437 0.11175744170134966 0.15736233892971194 0.10855214062714899 0.13415244596483425 0.14216335351382303 0.12102753589325417 0.09769692656443409
0.12465990817603433 0.09354974198560838 0.16565867490917377 0.0921889485816607 0.15174670727311274 0.12452421691472441 0.13704506386169263 0.11062673829799283
0.12395634578390734 0.09033712013815921 0.168315456578331 0.09226048802503044 0.15722750696450238 0.12003908483088334 0.13715141204914974 0.11071258563003654
0.10879552545980478 0.07890624347609027 0.23793705226719153 0.12975117507906972 0.10478312567062015 0.07838794318641146 0.14466287728964938 0.11677605757116277
0.10428400408283146 0.07647636372001969 0.26644344770505346 0.12900384534814627 0.0930464237431605 0.07081279417691203 0.14382966041054515 0.11610346081333164
0.10247832706224959 0.07551675549220464 0.2771217432460599 0.12798421692242487 0.08998003988253075 0.06904027135680836 0.14269285080753935 0.11518579523018238
0.1017445835717183 0.0751208660559101 0.281025403283243 0.12753569665476683 0.08907314263929471 0.06852539662501463 0.14219278418076242 0.11478212698929015
0.10145701240334365 0.07496652966852835 0.2824421817864879 0.12736505446306312 0.0887818640267811 0.06835627776353438 0.1420025308715047 0.11462854901675681
0.08029915846519962 0.13008193587774675 0.14011836979445635 0.13816620886810432 0.09368686079119383 0.158135282590164 0.09371273297140989 0.16579945064172516
0.1407014680282796 0.10323998457342232 0.1914799869442932 0.10903194929949693 0.1263410163246136 0.11344925071342954 0.12070284985536492 0.09505349426109988
0.08577240650191005 0.1349835020936842 0.11833783484972965 0.13516359208336132 0.09990724930504041 0.17196292916622175 0.09167617550001898 0.16219631050003358
0.0761700564928681 0.14311619636088832 0.10220814099709363 0.13585444969571364 0.09431900061554094 0.19316205901811997 0.09214475718491881 0.16302533963485633
0.10497003969331875 0.0786771381807607 0.22230230915486418 0.1368493591800211 0.09526633009832891 0.09113238806663294 0.15149786608451665 0.11930456954155685
0.0712639919171694 0.11548666980832224 0.07785073896320885 0.08503105630492763 0.13954482939865964 0.2446385373488084 0.09612206364904863 0.17006211260985526
0.09995315270124011 0.08556624858612863 0.20301473611643725 0.13422219877321062 0.10445829006377418 0.10233765981318779 0.14964773505013182 0.12079997889588957
0.10360006574872738 0.07849024798087945 0.25378785875461424 0.13078523691346294 0.09415648065968553 0.07565761765430963 0.14581577906620422 0.11770671322211665
0.10277679286692079 0.0761646820825786 0.2725815805750622 0.12860564440350478 0.09060253428762984 0.07013798974739113 0.1433856960737583 0.11574507996315431
