0.125 0.125 0.125 0.125 0.125 0.125 0.125 0.125
0.07295173961840629 0.12906846240179573 0.09118967452300786 0.16133557800224466 0.08754208754208755 0.15488215488215487 0.10942760942760943 0.19360269360269358
0.09612633457119008 0.07759595682252693 0.19225266914238015 0.15519191364505386 0.08651370111407107 0.0796193001960873 0.17302740222814214 0.13967272228054847
0.07100811987165431 0.12562975054215764 0.10440096139520788 0.15703718817769702 0.08520974384598518 0.1617574305465801 0.10651217980748147 0.1884446258132364
0.099626400996264 0.07845579078455792 0.199252801992528 0.15691158156911583 0.08685378548392246 0.06839735606858895 0.17370757096784492 0.1367947121371779
0.06815152669153247 0.1103845849159276 0.0644358987878671 0.09623271505491125 0.12478257425278771 0.23476246186420827 0.10878480832294314 0.1924654301098225
0.09849423230742095 0.07756420794209402 0.20835260782910406 0.15512841588418805 0.08586676662698237 0.06762007871874863 0.17173353325396473 0.13524015743749726
0.07648121124198802 0.12392545277330665 0.10457528014341458 0.15490681596663333 0.08405378535928626 0.16510204365630335 0.10506723169910782 0.18588817915995998
0.11053314585121903 0.08704485235783498 0.15462868388664538 0.10445382282940198 0.1381664323140238 0.10880606544729374 0.16579971877682853 0.13056727853675248
0.08105203069006892 0.12251748656456653 0.11033255798379193 0.14702098387747983 0.0918881149234249 0.15314685820570817 0.1102657379081099 0.1837762298468498
0.07907540819619764 0.12258637421915206 0.1040269622058037 0.14710364906298246 0.09976734041595894 0.15323296777394008 0.11032773679723686 0.18387956132872807
0.05899287348347415 0.09155888202859341 0.07711406084080999 0.1098706584343121 0.1277596541658249 0.18311776405718683 0.1318447901211745 0.2197413168686242
0.07547508516049334 0.12172419801306648 0.09224264989587817 0.1521552475163331 0.0825607603914712 0.19005481151381898 0.103200950489339 0.18258629701959975
0.10054490518801973 0.07388638780144745 0.216351324532064 0.1477727756028949 0.09299374388732892 0.07603277793278089 0.16359053709396584 0.12882754796149812
0.0806261122825721 0.12228448722499652 0.10411378590173966 0.15285560903124562 0.08294078263956285 0.17007651378293476 0.10367597829945358 0.18342673083749475
0.10351445780876393 0.07356710945437228 0.20056881772443513 0.14713421890874456 0.08858144157800099 0.0901694835901529 0.16404367391765998 0.1324207970178701
0.10338976116132702 0.07091703362825318 0.23591485938226658 0.14183406725650635 0.08591600056959196 0.07624321711207953 0.15813440035911977 0.12765066053085572
0.10069804876753488 0.0689076934654357 0.259107622465953 0.1378153869308714 0.08339097289942163 0.07239255553544542 0.15365387169755362 0.12403384823778425
0.09610256925021335 0.06884208511269739 0.27344932355654333 0.13768417022539478 0.08716520838010933 0.06430225371685339 0.15242203622835726 0.12003235352983135
0.07599117820098521 0.11556988285992535 0.13880727782870936 0.13868385943191042 0.09984895035314459 0.15373113246150438 0.10401289457393281 0.17335482428988802
0.07536142855823892 0.11694308777921955 0.11208715334249043 0.14033170533506345 0.10653702759246388 0.16807618672239677 0.10524877900129759 0.17541463166882929
0.0923303354101213 0.14324977220986154 0.09826985623330906 0.1289247949888754 0.13231638641410745 0.23086038150874338 0.09669359624165655 0.07735487699332523
0.07274187510080539 0.11082880966793499 0.09932738104696902 0.13299457160152198 0.10780488058255265 0.21031333879717207 0.0997459287011415 0.1662432145019025
0.0721653653508343 0.11207773218144748 0.1004326322512372 0.13449327861773697 0.10637201900873554 0.20547241535453473 0.10086995896330274 0.1681165982721712
0.07216673597404204 0.11213999167955437 0.10070933619830248 0.1345679900154652 0.10719527344711664 0.20408469265458876 0.10092599251159894 0.16820998751933153
0.07394683281179845 0.11629240141189813 0.10225084632503233 0.14536550176487265 0.08725868348718843 0.20185140044953617 0.09859573163182667 0.17443860211784717
0.09931439646798129 0.071035909916675 0.21985547057505928 0.14207181983335 0.08607720344000398 0.09538108517734468 0.1583994767395708 0.12786463785001498
0.07473130450100077 0.11318065667677334 0.1258745784630542 0.135816788012128 0.10385746715210106 0.17490562917068664 0.101862591009096 0.16977098501516
0.07400765453428279 0.11583823387228048 0.10823607606987311 0.14479779234035062 0.08671402149384362 0.19843819433705875 0.09821067654389 0.17375735080842072
0.09841696508178095 0.07030338472822471 0.22284356779308198 0.14060676945644943 0.09032517345388327 0.094191992074331 0.15676605490144435 0.12654609251080448
0.09807695966074115 0.06737219181493148 0.26624034733026697 0.13474438362986296 0.08718772419511021 0.07487851590593063 0.15022993219628003 0.12126994526687665
0.09322612567328216 0.06673512024547022 0.2822700650744407 0.13347024049094044 0.09111495292618321 0.06906778160231951 0.1477570427901335 0.11635867119723015
0.07581090289888276 0.11484562165537666 0.14363205995570727 0.14355702706922083 0.09067692745553832 0.1618399144700419 0.09736911401216718 0.17226843248306498
0.10695520133452092 0.07823720875052366 0.16360348127801666 0.0938846505006284 0.15400151121785413 0.13693887902976845 0.1490232547629022 0.1173558131257855
0.07664601305121688 0.11369869561994149 0.1161982615362851 0.14212336952492685 0.09851072317001511 0.18587817346818677 0.09639672019951562 0.17054804342991223
0.0721795928562483 0.11164398457688773 0.10463208858258305 0.13397278149226527 0.10581877760986229 0.20380721189762294 0.10047958611919897 0.16746597686533157
0.07231094167082847 0.11334884515491872 0.10271616465572615 0.1416860564436484 0.09519699307870762 0.20861762341505716 0.09610010784873545 0.17002326773237808
0.09745999507990902 0.06969307112735909 0.22055149226717524 0.13938614225471818 0.0943477683127264 0.09770885626576929 0.15540514666309627 0.12544752802924636
0.1131357897566402 0.07771662901901182 0.19291797589657902 0.09714578627376477 0.14026628274114394 0.11782885677140263 0.1444137360129399 0.11657494352851772
0.10204450453571359 0.06659003329038209 0.2567162449429411 0.13318006658076417 0.10235173174333455 0.07557591149307723 0.14743580834337752 0.11610569907040981
0.07013084072506687 0.1004751271679424 0.08476311439045568 0.08759370060794977 0.140342010721968 0.24248883926607895 0.09901896590463888 0.17518740121589954
0.09918264285768753 0.06893417268695291 0.21094682893040684 0.13786834537390583 0.10168651122002949 0.10358707168508786 0.1537129164094144 0.12408151083651524
0.13633768159579573 0.09107572111702736 0.21800264013348086 0.10929086534043284 0.1288366832864868 0.10018771203301002 0.12098948055595332 0.09527921593781324
0.08368801927858394 0.11234163163606412 0.12809297757932075 0.14042703954508012 0.09909261406891764 0.17259910448562213 0.09524616595231522 0.16851244745409616
0.10119402877628803 0.06864320884221146 0.22978904456715515 0.13728641768442293 0.09564180221322993 0.09082361153763152 0.15306411046308047 0.12355777591598063
0.0688080259429825 0.09878761723719266 0.182859869875692 0.19757523447438533 0.06249794708465838 0.11114793160378113 0.10050566275436124 0.1778177110269468
0.10034568481666212 0.06852735501324302 0.258197691148719 0.13705471002648603 0.08852224734387601 0.07614352038167096 0.151725197912919 0.11948359335642372
0.10250540025556469 0.1388039321554787 0.1283579478041073 0.12492353893993081 0.12953257316836816 0.20722983010764381 0.09369265420494811 0.0749541233639585
0.09825164379764367 0.13212539622013048 0.0970035752621345 0.11891285659811741 0.1350532727819896 0.25812089893252577 0.08918464244858808 0.07134771395887045
0.07822447435829168 0.10586659620667442 0.09712335902168641 0.1270399154480093 0.10970954397818779 0.22795628009113175 0.09527993658600697 0.15879989431001162
0.07422159305796817 0.11133860137522698 0.0998471349613617 0.13917325171903372 0.09660553056955859 0.21741021552283987 0.09439577073117071 0.16700790206284044
0.10014543143086241 0.06915669445951998 0.21841910691953462 0.13831338891903996 0.09592065786951805 0.0993535636243549 0.1542091067500341 0.12448205002713596
0.1011128904464718 0.06637650602881688 0.2640587406954163 0.13275301205763376 0.09207171028186054 0.07613972813486705 0.1480097015030633 0.11947771085187038
0.09967100953338817 0.06522729411243423 0.28076677313550114 0.13045458822486847 0.08988295781952399 0.07114111731820563 0.14544713045369664 0.11740912940238163
0.13246526609557316 0.08687476592872513 0.2403122533894629 0.1085934574109064 0.11923647071376217 0.09371007376795287 0.12107360102380162 0.09773411166981576
0.10778737340416045 0.06462737256035081 0.26973898550380376 0.12925474512070162 0.09451658243034503 0.07363627543892608 0.14410939493308075 0.11632927060863145
0.1025348307403553 0.06475219465858992 0.2821546132643317 0.12950438931717984 0.08980817499303295 0.0703041170590583 0.14438772958199006 0.11655395038546186
0.10113419208240061 0.06455261929980503 0.286869491976027 0.12910523859961007 0.08865635285081304 0.06954468413242847 0.14394270631926676 0.11619471473964908
0.0805015637730011 0.11292762352724027 0.1442026489290986 0.14115952940905035 0.09413337187557663 0.16194084203077339 0.09574298516439939 0.1693914352908604
0.1153180050878196 0.07676097199977197 0.16298315684515605 0.09211316639972639 0.1531316674421277 0.1383401989880794 0.14621137523766092 0.11514145799965796
0.09689304548031084 0.13190149834259657 0.09498899755486673 0.1149910498371355 0.12506221403341342 0.22018000549236158 0.07799392945475277 0.1379892598045626
0.10568407462102697 0.06829058239817618 0.21424623330961987 0.13658116479635235 0.10063267473973829 0.09936441569467493 0.15227780612369435 0.1229230483167171
0.08132299985669302 0.11325914949026006 0.12780892147506961 0.14157393686282504 0.09659493140400661 0.17352727515140462 0.0960240615243509 0.16988872423539006
0.10323779396707211 0.06861551562299978 0.2352636088224758 0.13723103124599956 0.09596910936347164 0.08812523893563295 0.15192039275096406 0.1196373092913842
0.08093882187792237 0.11322018396450638 0.13258879376970847 0.14152522995563296 0.09660407941443858 0.16930158953590652 0.09599102553512498 0.16983027594675956
0.1154828060448749 0.07680844981146778 0.15963725679813148 0.09217013977376134 0.15404184890228986 0.1403450147875723 0.14630180916470054 0.11521267471720167
0.05964332500619168 0.08112231743364036 0.08328237086611504 0.10140289679205045 0.13026614489792795 0.22684778982896003 0.11462936159101354 0.2028057935841009
0.0985743974574449 0.0690789695406754 0.21070776604538452 0.1381579390813508 0.10379861653241074 0.10130437438777308 0.15403579178174484 0.12434214517321573
0.10277322053070807 0.06625709008995999 0.2605586613752474 0.13251418017991998 0.09442618077310297 0.07646448310644668 0.1477434217826869 0.119262762161928
0.10187899575467677 0.06502779652022685 0.27892301098036737 0.1300555930404537 0.09098054359799745 0.07108174577103532 0.14500228059883422 0.11705003373640835
0.08059833325141938 0.1128856798362756 0.14238018462571014 0.14110709979534447 0.09542781340176137 0.16256494512605935 0.09570742420901628 0.16932851975441338
0.1041649971066629 0.06813175204425881 0.24086560711207228 0.13626350408851762 0.09511661444324115 0.0858144007126251 0.15084930041545294 0.1187938240771692
0.08103997351254684 0.11310435424628573 0.13380488906477547 0.1413804428078572 0.09678835007041378 0.1683326368503197 0.0958928220783727 0.1696565313694286
0.11722632365140485 0.07660805788114905 0.15976728263837023 0.09192966945737888 0.15378953163745088 0.13984693766271475 0.1459201102498077 0.11491208682172357
0.08189547472948026 0.11094830184563349 0.11400298042114804 0.13868537730704186 0.10790133763564519 0.18607921068434632 0.09406486460825449 0.16642245276845022
0.10253849332341734 0.06851958443170908 0.2233288240329173 0.13703916886341816 0.09902610513843506 0.09342412575396201 0.1527884464790647 0.12333525197707632
0.1031051707610145 0.0659047427599652 0.2651573781396937 0.1318094855199304 0.09364364808535071 0.07479329794015593 0.14695773982595223 0.11862853696793735
0.10172143287643101 0.06485795936760415 0.2804916412644695 0.1297159187352083 0.0911988711889651 0.07064628060832027 0.14462356909731428 0.11674432686168745
0.10089125342960861 0.06447517200678743 0.28605597224035134 0.12895034401357486 0.09021871810981322 0.06958322017251206 0.14377001041513499 0.11605530961221738
0.09240970844999633 0.12962706389617376 0.16550964647496044 0.16203382987021722 0.08259388527583851 0.13956951438955145 0.08242590476006702 0.14583044688319546
0.08262623959752759 0.1105793200721227 0.11596439494383494 0.13269518408654724 0.10169201220428076 0.1910524809225922 0.09952138806491044 0.16586898010818404
0.07575029157862805 0.12334667267408159 0.103489677100482 0.13810522114115092 0.0961748524314162 0.2037356523221665 0.09367136738269367 0.1657262653693811
0.11397715898682087 0.08697841254156358 0.15382597346627525 0.09625160001451294 0.14521409988178433 0.14516636701035177 0.14308446808127595 0.11550192001741552
0.10731263074204471 0.07205568607868429 0.23533666197673128 0.1317809150465393 0.10397447169807711 0.08401092503579181 0.14692588588024602 0.11860282354188535
0.10401919440568749 0.06992313608478615 0.26835643014856286 0.1298944451307629 0.09369508655110106 0.07238409435592065 0.14482261270549238 0.11690500061768662
0.1022667309630252 0.06905376775815927 0.2807584375739885 0.12852746234671922 0.0906754718124802 0.06974488451865607 0.14329852891492426 0.1156747161120473
0.08077849991402102 0.1198604191993839 0.14196007092082996 0.1395368084373482 0.09520434306671362 0.1605733313098146 0.09464235702707094 0.1674441701248178
0.09688898665259925 0.13296991662183702 0.13321778478937035 0.1595638999462044 0.08768220526718812 0.16710602320809528 0.08346419381801462 0.139106989696691
0.08330514749314784 0.10989350185787466 0.10826934486535811 0.1318722022294496 0.10225856464982021 0.20065683444545043 0.0989041516720872 0.16484025278681197
0.07629965911712686 0.12291245464763663 0.10154171267123885 0.1376731028525267 0.09613755386985194 0.20684951496209034 0.09337827845649638 0.16520772342303203
0.1331670595490203 0.10065757064673193 0.17736880611055528 0.11141247381488449 0.12610046104291128 0.12680580846262196 0.12421659393987869 0.10027122643339603
0.11124195344442624 0.07229167494120571 0.24415708493528843 0.13039970682079766 0.09902870958709864 0.0801351923486807 0.1453859417837848 0.11735973613871788
0.10502457655056922 0.06966053806551101 0.27149878186205306 0.12935616122527965 0.09234300451896715 0.07147392635354895 0.14422246632131924 0.1164205451027517
0.12005117180482701 0.08046438039928883 0.20566517953514962 0.093618873022438 0.14051574140849474 0.10817126362026698 0.1391707425826093 0.1123426476269256
0.107566314442508 0.07023380604299863 0.2551577808032122 0.12921341852655752 0.10116049803159104 0.07631278661454664 0.14406331886468426 0.11629207667390178
0.1040222118462543 0.06922007895339131 0.2755279601492383 0.12878151166571805 0.0924099300681814 0.0705531718713668 0.14358177494670354 0.11590336049914625
0.10264569844624072 0.06875583757797396 0.2832379561594035 0.1280404798257571 0.0901181885546247 0.06920982784678796 0.14275557974603068 0.1152364318431814
0.10208933614365172 0.06854809851219681 0.28608915480194563 0.12770468014673222 0.08943484770310797 0.06881848239671122 0.14238118816359546 0.11493421213205898
0.10186995921550017 0.06846583188704664 0.2871359471762658 0.12757424900061168 0.08921272248770755 0.06868869896297893 0.1422357671693387 0.11481682410055054
0.11916947648889459 0.08012273387129097 0.21039016426728926 0.09331593119826036 0.13914688472453093 0.10715529279769125 0.13872039921413032 0.11197911743791242
0.10720161558685748 0.07009649009263161 0.2569713664767505 0.12899865902921792 0.10078309088953147 0.07602610674673616 0.1438238780519788 0.11609879312629615
0.10387439919101253 0.06916320855887663 0.27619557286651764 0.12869026883682727 0.09231519603020949 0.07046006656175521 0.1434800460016567 0.11582124195314455
0.10258588336083206 0.06873216965663428 0.2834769383119323 0.12800209389729342 0.09011242000944783 0.06917582795588072 0.1427127823004152 0.11520188450756409
0.08133123245826805 0.11970144872940458 0.14252458869602436 0.13937914150095954 0.09504923062697695 0.16022397047352066 0.09453541771369428 0.16725496980115143
0.10164424189396738 0.08161315235100874 0.2323425229154467 0.1335014065805308 0.09448397067922798 0.0874193341115847 0.14884410554575597 0.12015126592247773
0.11978704495671667 0.0865427117694389 0.19335710557301905 0.09386904266623272 0.14167268893829887 0.11258591833626558 0.13954263656054894 0.11264285119947927
0.0828752430353321 0.12691968960322755 0.12028443715764098 0.13619636840886734 0.10433815755074687 0.17357379488492117 0.09237666726862308 0.16343564209064082
0.10252012470789866 0.08292716307049669 0.2230515440606224 0.1341155759264017 0.0969706672979406 0.09018204807000968 0.1495288585328687 0.12070401833376151
0.12014747532741653 0.08682700050099561 0.1904566320678868 0.09398708934076754 0.14265871607443792 0.1134204586088218 0.13971812087075292 0.11278450720892104
0.12314445733714982 0.0860212634306755 0.17762542043681878 0.09226789627647962 0.15525712295342553 0.11779993912117731 0.13716242491249805 0.11072147553177553
0.08342389358171873 0.12655538787291734 0.11658206856422736 0.1358748098270347 0.10710415020716614 0.17525135148920104 0.09215856666529311 0.16304977179244165
0.08848446229339972 0.1564573803906068 0.11913086145885482 0.1582175511051362 0.08403415729455578 0.17079521111803744 0.08048458034478666 0.14239579599462254
0.108177216453451 0.06877001357658745 0.23175347541769475 0.1375400271531749 0.09356126155853327 0.08802885157977872 0.15226246392211465 0.11990669033866529
0.09784087417739105 0.14934527954579652 0.1083044347696855 0.11538740955879374 0.11371271268573582 0.19868163304781944 0.0782627647442253 0.1384648914705525
0.07775679582728648 0.13760360350904666 0.09953096362757471 0.13398197736199088 0.09668999594218819 0.2027835584259126 0.09087473247161121 0.16077837283438906
0.07494414872106177 0.1364536758816957 0.09846973267068712 0.1357077662153347 0.09393424121180897 0.20559584832104413 0.09204526751996617 0.16284931945840164
0.07448731744501333 0.13627756411747333 0.09827614167739622 0.13580926957928544 0.09339365810466112 0.20667081230116496 0.09211411327986316 0.16297112349514248
0.08639280326963089 0.15818670895725584 0.11405645284172203 0.15768699127789615 0.0812288105958888 0.18031525404004817 0.08021468686745152 0.14191829215010654
0.14503641231433853 0.09262616299760035 0.18533600298414993 0.11115139559712042 0.12523092296186095 0.1206687224395171 0.1230491640310002 0.09690121667441268
0.08726620290189632 0.12770656860551366 0.11816633934417793 0.1355892013906603 0.10051024809261702 0.17608954835745977 0.09196484963888263 0.16270704166879232
0.10369737060211869 0.08303820886100859 0.2220928382712836 0.1341173775723906 0.09617985687401234 0.09063784077033951 0.14953086723369519 0.12070563981515153
0.13819120049257852 0.09948160696261879 0.21782362156177829 0.1076626468016682 0.12236050586465061 0.09754821953722491 0.12003581665797933 0.09689638212150138
0.11088351726850224 0.07589300012770382 0.2586390054343608 0.1274706565719782 0.09652224701863957 0.07374771332184432 0.1421202693421906 0.11472359091478038
0.13889423217785152 0.09718402931401131 0.2295710406174021 0.10629786076223045 0.12111373784541861 0.09275684252336791 0.11851418207371066 0.0956680746860074
0.1106075549980383 0.07528673514777033 0.26305182621349776 0.12688566922760378 0.09586670592279489 0.07263635407646642 0.1414680521089851 0.1141971023048434
0.12139570636091934 0.08489101262681074 0.20223781195874108 0.0929364394724034 0.14100051209782682 0.1078585308410208 0.1381562592753937 0.11152372736688408
0.08333203537797532 0.12654989269146863 0.12229928226909456 0.13613247608961418 0.10422307174165633 0.1717709389140461 0.09233333160860788 0.163358971307537
0.07591592141309571 0.14094979362637094 0.10346456412180444 0.13548310406769903 0.09551079332766399 0.1942032105857747 0.0918928879763524 0.16257972488123884
0.10119566786134737 0.08951452745519255 0.21553753925912386 0.13414952023658722 0.09528456479873089 0.09401690827052157 0.14956670390556812 0.1207345682129285
0.10369818908592741 0.07865953091633604 0.2600689493807827 0.12979696095913792 0.09210635841511212 0.07413882125041107 0.1447139251290687 0.11681726486322415
0.09286706307582074 0.15022491222561768 0.1563449765025472 0.15815374978619337 0.0814345910807754 0.13818420763023412 0.08045212489123751 0.14233837480757405
0.12206815491476998 0.07667916056699614 0.16712368665523908 0.09201499268039538 0.14878464249347498 0.13225507790149466 0.14605554393713552 0.11501874085049421
0.09790784391906678 0.15134750997940227 0.09363716162659215 0.11132736974854229 0.12424965060206661 0.21242862181402458 0.07550899861205476 0.13359284369825072
0.13646405801988876 0.11701465470556673 0.16891887844100245 0.10690760968381445 0.13020867259189933 0.1250752712247695 0.11919400661762594 0.096216848715433
0.1272560316387917 0.0941569457949715 0.16992172849745454 0.09158666843441837 0.1507028586028874 0.12032203093900917 0.1361497339711652 0.10990400212130204
0.10977498170846382 0.0792645112874688 0.23956562306537887 0.12904946785606689 0.10374808645537731 0.07857228245457214 0.1438805261022119 0.11614452107046021
0.10460121369792798 0.07626173574821504 0.26865695615714513 0.12828737352171943 0.09290035783761909 0.07080287907569964 0.14303084779212602 0.11545863616954749
0.10258459742448935 0.0751870483827765 0.2797725663327958 0.1272256223878163 0.08993331237853736 0.06894671843156669 0.14184707451298326 0.11450306014903468
0.1017726244764829 0.07475728029360001 0.28391694704978054 0.12674983601063344 0.08901454963987224 0.06839730191119026 0.1413166082088704 0.1140748524095701
0.11861741749659188 0.08720901958100813 0.20859031108823553 0.09248634049772057 0.13828734243284888 0.10633880338733083 0.13748715691899954 0.1109836085972647
0.12233153606746053 0.08876180888313086 0.1828426625072311 0.09158889797085688 0.15307993488276986 0.11533543379669657 0.13615304832682606 0.10990667756502827
0.07329690047737335 0.11597649538747176 0.16575075252559246 0.190841761354094 0.07034782969157806 0.11494830109116655 0.09708037425403913 0.17175758521868462
0.10398859496148202 0.06840119661815731 0.2517870681630763 0.13680239323631463 0.09011864311368203 0.07819260618040044 0.15144587285420258 0.11926362487268455
0.08122471497528619 0.12866133330981763 0.13465660607473412 0.1383976425976913 0.09448569122210185 0.16262713528905295 0.09386970541408628 0.16607717111722956
0.10159214830524466 0.08680414428666519 0.2284088957283944 0.13306394306319136 0.09425025470113604 0.08776669878804257 0.14835636637045363 0.11975754875687221
0.10335054312206385 0.07790375709743418 0.26492482871444223 0.12920473667482243 0.09149892716317203 0.07277930497282616 0.14405363924789902 0.11628426300734018
0.09276664663755364 0.14993818045067236 0.15756339036782538 0.1580743316227234 0.08129298132073008 0.13768584592326738 0.08041172521677668 0.14226689846045104
0.10793431803660056 0.06781151855035068 0.24694104690546256 0.13562303710070137 0.09181635911993653 0.0814979749130736 0.15014027713223752 0.11823546824163708
0.08170982319639211 0.13006662674256758 0.13329127138477065 0.13790766440538565 0.09458429348558174 0.1634137511195344 0.09353737237930504 0.16548919728646275
0.07551974932968837 0.14533227970912233 0.10574317326819356 0.13522445697772026 0.09334189954601173 0.1908516350198066 0.09171745777619289 0.1622693483732643
0.1136905223917586 0.10434820579496565 0.15228511664635588 0.0942016659915826 0.14218703855931578 0.14020834795206816 0.14003710347405415 0.11304199918989913
0.1072838070298925 0.08318874198575105 0.23277768083044661 0.1299058343289151 0.102605986656628 0.08248738746085124 0.1448353108114919 0.11691525089602357
0.10417297371102353 0.07835703263587568 0.26597552358123444 0.128414100588717 0.0927893331930557 0.0715462067456638 0.14317213901458445 0.1155726905298453
0.08082492890102452 0.13274534868516846 0.13736032396914616 0.1373665996057835 0.09453655272156175 0.15915593729253957 0.09317038929783578 0.16483991952694022
0.07537229075936212 0.1461183483717154 0.10665447344320896 0.1352269248075563 0.09334313559224666 0.18929338564823953 0.09171913160860343 0.16227230976906756
0.07388817462642346 0.1489107426457531 0.09920486069101692 0.13423034894224528 0.09244070105617107 0.19920556011208598 0.09104319319560986 0.16107641873069434
0.11325673417082303 0.10507744359285857 0.15009844407839 0.09419090522599058 0.14190733299263456 0.142418946794851 0.14002110687326363 0.1130290862711887
0.08084881400477177 0.13774324110498778 0.10925596005397721 0.1342302149438318 0.10313663367700909 0.18266577597309477 0.0910431023097294 0.16107625793259814
0.10184150085593795 0.09097774317227655 0.21722857854070712 0.13329954236646785 0.09643982009225838 0.09162418483096182 0.14861904201156936 0.11996958812982104
0.10360867457832913 0.0802226424981811 0.2603967976440107 0.12938373729159006 0.0921276675033406 0.0735619053447774 0.14425321157733995 0.11644536356243106
0.08073117559017634 0.1333098981301901 0.1360902368338661 0.13741447777261623 0.09440477371198089 0.15994920144912578 0.09320286318490492 0.16489737332713947
0.10117750669408214 0.08961091258554732 0.22851974016810386 0.1325462662229519 0.09396803051801342 0.08710670888445797 0.14777919532618666 0.11929163960065672
0.11936078114977293 0.0922840458499022 0.19154913878131652 0.0932788464166634 0.14093152189270883 0.11199578001412239 0.13866527019551753 0.11193461569999606
0.14079968230573098 0.10508942158395188 0.20362587927978198 0.10519917660755893 0.13266350799137472 0.10065384205219177 0.11728923123260675 0.09467925894680303
0.08595012908098983 0.13795810362581135 0.1215550537173742 0.13410681062901064 0.10138514305536611 0.1671571851447844 0.0909594019918507 0.16092817275481275
0.10264197614431576 0.09064922528984694 0.2221946530502138 0.13275848960568135 0.09567672395428418 0.08858048275018068 0.14801580856036414 0.11948264064511323
0.08046933743495485 0.13621767118693107 0.12729741562945354 0.1373883475748615 0.09506932846592492 0.16550674252378636 0.09318514009425388 0.16486601708983378
0.10138042333181571 0.09035546221838149 0.22495023387898969 0.132894708609839 0.09435557573447574 0.08829067589324059 0.1481676825844026 0.11960523774885512
0.10326159413680791 0.07992868976923515 0.2633611639100919 0.12906920531600788 0.09148142691470296 0.07283310327164585 0.1439025318971013 0.11616228478440709
0.10236789044785412 0.07713372147543254 0.27768488941708225 0.12728781705599063 0.08971570564165393 0.06933452368499067 0.14191641692660445 0.11455903535039158
0.11873057511841645 0.08908246102099042 0.20652656168511246 0.09241222229146075 0.1384505997089559 0.10652593819800531 0.13737697522730583 0.11089466674975289
0.10662494892362659 0.07913417352250122 0.2540543065363275 0.1275973690974779 0.10008680023143411 0.07540322514893849 0.14226154435196417 0.11483763218773012
0.10328887863606287 0.07710735781894282 0.27393825097471 0.12742989645075845 0.09161574507620379 0.06985813938880867 0.1420748248488307 0.11468690680568262
0.08064395537237057 0.132335263773451 0.13914226853094824 0.13729332873523334 0.0942552418470549 0.15845725472519948 0.09312069253346263 0.16475199448228
0.1010601528235213 0.08935563955596429 0.2297455407032837 0.13241552071930002 0.09384666161220041 0.08676909209161825 0.14763342384674197 0.11917396864737002
0.10302556960378796 0.07963134308102647 0.26517412021072295 0.12885016821088416 0.09123167333562422 0.07246365229721766 0.143658321870941 0.11596515138979574
0.10225280944843676 0.0770362977001559 0.27835814675542275 0.12720432280303087 0.08961030595416314 0.06923089975059395 0.14182332706546874 0.11448389052272781
0.1353766422396454 0.10157557975898271 0.23580154870346595 0.10539327348631011 0.1183975661474041 0.0910958087589401 0.11750563476757263 0.0948539461376791
0.10917225193832028 0.08026783597299932 0.26472742250761 0.1257813058378124 0.09472611549913712 0.07188512364554349 0.1402367693445461 0.11320317525403117
0.10347076571933612 0.0769918288427293 0.27784584458758904 0.12687965986296146 0.09016056231767888 0.06899829267717086 0.14146135211586897 0.11419169387666532
0.10189067096193813 0.07623383398607862 0.2829785104320813 0.1265632702941021 0.08898128240969551 0.06833688729365983 0.14110860135775263 0.1139069432646919
0.10138159822471736 0.07599203107889095 0.2849107743211075 0.12636537497700828 0.0886081908314258 0.06812523024004226 0.14088796284750027 0.11372883747930747
0.10120520052080431 0.07590470232347783 0.2856297220542619 0.126282935823989 0.08847831038893177 0.06804843730288562 0.14079604934405937 0.1136546422415901
0.08023461729212304 0.13191700032805775 0.1417485137969437 0.1371936279776294 0.09353521488603725 0.15768560273513987 0.09305306941091386 0.16463235357315528
0.10088564652567295 0.08921434407320772 0.23080088549872216 0.13231051517969433 0.09362164922569732 0.08657114532896475 0.1475163505063159 0.1190794636617249
0.10295095062085166 0.0795802632540537 0.26557530716083944 0.12880350868709048 0.0911544184071602 0.07240609406765805 0.14360629998396507 0.11592315781838144
0.10222258908639162 0.07701747353363382 0.27850775593062826 0.12718630592388622 0.0895827606066418 0.06921219999755507 0.14180323958976565 0.11446767533149758
0.13536335017619394 0.10156810161377383 0.23585186264180505 0.10538952764452511 0.11838635428378497 0.09108877032632175 0.11750145843352278 0.0948505748800726
0.09575986538019916 0.07040733821677747 0.23223128283166136 0.1103313611688562 0.11078504990443779 0.08407249040263365 0.16401497869280712 0.13239763340262745
0.09142374080608516 0.1504013674514437 0.1494111019043896 0.15857352468986996 0.08506625043610021 0.14174217993159902 0.08066566255962951 0.14271617222088298
0.10790989784394642 0.06800297392505843 0.24372662664370784 0.13600594785011685 0.0928450250268838 0.08237606576878558 0.15056417507216843 0.11856928786933266
0.12101928124965933 0.08793899876300817 0.19634444967519418 0.09320632700432953 0.14042388149416007 0.11066200419007673 0.13855746521837645 0.11184759240519544
0.10750127349953073 0.07919688087093903 0.2500964876159531 0.12804246598193067 0.1008194135528369 0.07634746493312813 0.1427577941619436 0.1152382193837376
0.10362019648003643 0.07721804605279846 0.2724504008409967 0.12760606436047536 0.09188312753600825 0.07010546788395088 0.1422712389213061 0.11484545792442784
0.10210963163480306 0.07641403799718055 0.2809900216507806 0.12681640564313187 0.08949697631495368 0.06864733329910831 0.14139082838122313 0.11413476507881869
0.10149783211189366 0.07607346966561365 0.28417744040953774 0.12645642983911862 0.08877223557855479 0.06822232331646051 0.14098948222361432 0.11381078685520674
0.1012558277569333 0.07593703328278573 0.2853590596573695 0.12631612868452774 0.08853320262803024 0.06808117526779771 0.1408330569064809 0.11368451581607494
0.10116241625555548 0.07588450510280906 0.28579622599817006 0.1262635226549433 0.08845041166182384 0.06803134282793187 0.14077440510931738 0.11363717038944897
0.10112696027660337 0.07586470763571325 0.2859578769159012 0.1262440059297372 0.08842091596244761 0.06801328252564935 0.14075264541718463 0.1136196053367635
0.09191178008162926 0.151128618350306 0.1624928528866883 0.157186462843919 0.08036445025607926 0.13548794879255316 0.07996007022929792 0.1414678165595271
0.12172269414468118 0.07661186149770072 0.16900160375402198 0.09193423379724085 0.14843254726906396 0.1314519120570246 0.14592735523371564 0.11491779224655106
0.1235208508738966 0.08864216687204927 0.17016041572789145 0.09188490808603574 0.1567720207493501 0.12216466074321822 0.1365930872443158 0.11026188970324288
0.14225219327008592 0.1043792354480509 0.19571254439691083 0.10527539996073546 0.13721394923580338 0.10304460314066301 0.11737421458308862 0.0947478599646619
0.1280115882921253 0.0933240397351496 0.17785093233494825 0.09085655272859142 0.152000191725742 0.1138644639723023 0.1350643679368314 0.1090278632743097
0.10949899710582915 0.08037943897329915 0.24234780018121108 0.12836907977833875 0.10360651094686572 0.07714405704317658 0.1431219441707747 0.11553217180050489
0.08172391791930998 0.13324078569365036 0.13196149288389364 0.13726962205722804 0.09679951830495423 0.1611765034508659 0.09310461322142424 0.16472354646867363
0.10151520337710512 0.089690744515001 0.22680134455580736 0.132677002955097 0.09457368148096436 0.08740776343038194 0.1479249570260559 0.1194093026595873
0.11947315198117048 0.09231751204838803 0.19100878151393974 0.09329933820347809 0.14115153355872317 0.112094744237195 0.1386957326129316 0.1119592058441737
0.10732089899815972 0.0800879001417612 0.24801973939659983 0.12826593285557722 0.1011405397803219 0.07671870620813336 0.14300694304942715 0.11543933957001952
0.12032560136527608 0.08987948480726451 0.19711344569441566 0.09265431152663373 0.14242115339759012 0.10868397224174417 0.13773685713511521 0.11118517383196048
0.08256555192781831 0.13407478649771276 0.12041468751170041 0.13489077907240607 0.10383209868129238 0.17086202431220313 0.09149113710997978 0.16186893488688728
0.10192370921266625 0.09003714707035215 0.22182881665003087 0.1328877274266985 0.09627783615690164 0.08928590971313725 0.14815989908618474 0.11959895468402866
0.10346952329801117 0.07993849712586441 0.2621362994401646 0.12917226412836455 0.09195300881174226 0.07305793469840208 0.14401743478192286 0.1162550377155281
0.11932483072099748 0.08987156792475975 0.20179700789478497 0.09269239681687266 0.13952179013751884 0.1077680568477965 0.13779347347702264 0.11123087618024718
0.10691920033685534 0.07938800169562556 0.2522130155729862 0.12779734081392646 0.10045625512983544 0.07572408182569507 0.1424844978925419 0.11501760673253382
0.12014163374195708 0.08968113100556308 0.19839740479576923 0.09258311357164392 0.14211082481590015 0.10835513919012307 0.13763101659307064 0.1110997362859727
0.10719446532302994 0.07941751991117153 0.2508347533823999 0.12789390492479438 0.10107925899291294 0.07588342336349385 0.14259215966988267 0.11510451443231494
0.08129907732114561 0.1329375971145977 0.13386068097674536 0.13723296475567234 0.0962413691176437 0.16066900299919334 0.09307975000819514 0.16467955770680678
0.10136023820756072 0.0895897713343852 0.22757866661840023 0.13260458133326453 0.09440424012875222 0.08727416685538769 0.14784421232231135 0.11934412319993808
0.10316436559396229 0.07972573377646244 0.2643479938052908 0.12894361453552305 0.0914090596627501 0.07259747199473371 0.143762507549307 0.11604925308197073
0.0806435170114385 0.13314819768282346 0.1369768314104883 0.13738519613504563 0.09423964744834706 0.1595613723538584 0.093183002595944 0.16486223536205474
0.08700745518036371 0.16887814329401465 0.12307269246889577 0.1561684448721455 0.08079398881177169 0.16408546607465593 0.07944220891322185 0.14055160038493095
0.08221372171191783 0.110715311666642 0.10660442593695421 0.13285837399997039 0.1013581252442543 0.2005332934403206 0.0996437804999778 0.16607296749996298
0.0753083105825599 0.13924935250935006 0.09947774862606079 0.1346878225566608 0.09439549203011946 0.20390240698012962 0.09135347964712645 0.16162538706799293
0.1312846530526844 0.11916290706777127 0.17350914143957077 0.10881968773752267 0.12350292938330987 0.12445713140025212 0.12132583095511854 0.09793771896377039
0.11039390464449098 0.08495678904583612 0.24061799811188148 0.12845567593422663 0.09770995028643087 0.0790370812141399 0.14321849242218998 0.11561010834080397
0.12128206190766709 0.09094447006333091 0.19487037628657178 0.09276956210367247 0.14149272139659536 0.10940914885916171 0.1379081848585937 0.11132347452440695
0.10757698704552014 0.07972365293775398 0.2494559849710724 0.12804288401296346 0.1010586818326019 0.07614495335307225 0.1427582602353488 0.1152385956116671
0.0813711049793518 0.13303374392876005 0.13355257842945056 0.13724420096012654 0.09624108033831533 0.160776879125845 0.09308737108599888 0.16469304115215186
0.10138668365165243 0.08961484300541023 0.22745378259056676 0.13261725867899762 0.09441290726574604 0.08730064537979579 0.14785834661673317 0.11935553281109786
0.10317458519407806 0.07973324289728757 0.26430054685162524 0.12894921251398558 0.09141453802069428 0.07260483438220919 0.14376874887753316 0.11605429126258703
0.10231555515502662 0.07707563895929449 0.2780322044034749 0.12724335215448315 0.0896732140947373 0.06927417641424885 0.1418668418796999 0.11451901693903485
0.08046280989568273 0.1323141610669727 0.14005736414079478 0.13727626407120788 0.09382859045484553 0.15822017524544513 0.09310911823960187 0.16473151688544946
0.10099177746784473 0.0893293952367433 0.23011970561224002 0.13238146901304912 0.0937322506108357 0.08670662121209857 0.1475954587354443 0.1191433221117442
0.10299795623339997 0.07961754606910329 0.26531701145384434 0.12883414033629545 0.09119740553742296 0.0724447620803835 0.1436404519868846 0.11595072630266588
0.10224188882040135 0.07703038037424681 0.2784115496220052 0.12719799770543888 0.08959916207746554 0.0692245484118714 0.1418162750536759 0.114478197934895
0.10161979721343845 0.07624800916461807 0.28323671190504296 0.12658353447187382 0.08887438881430682 0.06838118300231735 0.14113119440371605 0.11392518102468645
0.0803191574842582 0.1320362657043166 0.1412174710972568 0.13722123571676723 0.09363303145775866 0.15783556101945384 0.0930717946600682 0.16466548286012064
0.07529337625355703 0.14593667597754187 0.10751913357408124 0.13524034637475485 0.09316494583903674 0.18882887139888 0.09172823493244243 0.1622884156497058
0.1309505170530348 0.12203705274341002 0.17621034469644048 0.10851646788460025 0.12285549571854834 0.1207775373603686 0.12098776344745728 0.0976648210961402
0.11012500216163357 0.08632437021525409 0.24150330044760174 0.12815382368871267 0.09740191993689575 0.07827119253533181 0.1428819496947289 0.11533844131984139
0.10441461741860465 0.07927234458382616 0.269069478126753 0.1278119128720673 0.09134792223424722 0.07055225852973929 0.1425007446499019 0.11503072158486058
0.09257442393956247 0.15352395217719914 0.15810028198829326 0.1571813804057195 0.08089535188858794 0.13630388242040672 0.0799574848150834 0.1414632423651475
0.10802034899498594 0.06781068615529134 0.24718049821268795 0.1356213723105827 0.0917285898391061 0.08126605346005539 0.1501384341411416 0.11823401688614901
0.07214993559924901 0.11565514314231376 0.08211881414965694 0.08489064871877193 0.139138125134654 0.24030269378789432 0.0959633420299161 0.16978129743754386
0.0998260557199849 0.08820768231947713 0.20446969141309776 0.13301904811356072 0.10441123036241041 0.10204283691727972 0.14830631185198487 0.11971714330220463
0.07973046787605588 0.13633306380411453 0.12299544116753576 0.13694713560577818 0.09665802211820511 0.17011342342093566 0.09288588328044085 0.16433656272693378
0.11458356418129526 0.10364910225193327 0.15776726704877286 0.09399258800872058 0.14296072219106057 0.13452935569777413 0.13972629500997866 0.1127911056104647
0.10721799657593134 0.08371738698405758 0.23478817141246622 0.12950660694842703 0.10251447750051687 0.08130921224968092 0.1443902020753358 0.11655594625358431
0.10401550055706588 0.07901680243357308 0.26661147173880456 0.12818495706245533 0.09264201124392342 0.07124613452490221 0.14291666108306586 0.11536646135620979
0.1360935221661981 0.103009221821299 0.23167946511232615 0.10553246649950687 0.11938366002485037 0.09166161993651466 0.11766082458974869 0.09497921984955617
0.10939030319546358 0.08139242370914464 0.26299652517926175 0.12578788887654568 0.09497294910397593 0.07200670100525525 0.1402441089414621 0.1132090999888911
0.10350817447083933 0.0778279065392219 0.2770910675293822 0.1268259999463481 0.09019763698697589 0.06900428926220287 0.14140152531331646 0.1141433999517133
