0.125 0.125 0.125 0.125 0.125 0.125 0.125 0.125
0.07575757575757576 0.12626262626262627 0.09090909090909091 0.15151515151515152 0.0946969696969697 0.15782828282828282 0.11363636363636365 0.1893939393939394
0.09326190608043523 0.1554365101340587 0.08393571547239172 0.13989285912065286 0.11657738260054405 0.22204026677903616 0.10491964434048964 0.08393571547239172
0.07168051701312195 0.11946752835520325 0.08601662041574634 0.1433610340262439 0.08960064626640243 0.20315158587079427 0.10752077551968293 0.17920129253280487
0.07105480147039275 0.11842466911732125 0.0852657617644713 0.1421096029407855 0.08881850183799093 0.21010745698746738 0.10658220220558913 0.17763700367598187
0.0594115473353886 0.099019245558981 0.05347039260184974 0.08911732100308291 0.12881763602711313 0.2849884302637193 0.10694078520369948 0.17823464200616582
0.0832937470375599 0.1388229117292665 0.07496437233380392 0.12494062055633987 0.11724493445029424 0.2920635761416768 0.0937054654172549 0.07496437233380392
0.07295173961840629 0.12906846240179573 0.09118967452300786 0.16133557800224466 0.08754208754208755 0.15488215488215487 0.10942760942760943 0.19360269360269358
0.12826062253056003 0.10353568324756052 0.16032577816320007 0.12941960405945063 0.12450535307603855 0.09318211492280447 0.14429320034688004 0.11647764365350556
0.1061975917766646 0.07672555702448333 0.1900961562099139 0.15345111404896666 0.09528403638494388 0.06905300132203498 0.17108654058892253 0.13810600264406997
0.1315437928372376 0.10359073685932461 0.15785255140468513 0.12430888423118955 0.1323071217792963 0.10441002028263255 0.13761504481434086 0.10837184779129344
0.0699570008860903 0.11024559917143172 0.06232100185591147 0.09611154799560714 0.14000271889228236 0.22049119834286343 0.10864783686459936 0.1922230959912143
0.13200190186806818 0.10006156691243571 0.1639047051633995 0.12507695864054463 0.13687871963505352 0.09005541022119214 0.1394514747828162 0.11256926277649018
0.1462042195574377 0.09669533385005258 0.17320093397072372 0.12086916731256574 0.13246219279646598 0.08702580046504732 0.13476010146639789 0.10878225058130915
0.08115087744245014 0.11873651765644377 0.08549029271263951 0.1424838211877325 0.10865961481800737 0.17851123380726175 0.1068628658907994 0.17810477648466563
0.07232991064192666 0.10959629823822861 0.058326028449337215 0.09554549077178905 0.1459107477888346 0.21919259647645722 0.10800794608984848 0.1910909815435781
0.09966762666254737 0.07323633974240219 0.18599705331403732 0.14647267948480439 0.10695601183987141 0.09782488087529585 0.16215127724813508 0.1276941308329064
0.07678066399038927 0.11667597832491382 0.09917886489569423 0.14001117398989657 0.10756070492601365 0.17977026589329928 0.10500838049242243 0.1750139674873707
0.07976158128569896 0.1214371167103395 0.09393727715422331 0.1517963958879244 0.09717209746177367 0.17078230096272135 0.1029575554718096 0.18215567506550923
0.0900833624186637 0.13926244814594088 0.10949181897401669 0.16711493777512906 0.08981792999976755 0.17112558948219958 0.08741396745160597 0.1456899457526766
0.06691808304471833 0.09651570024591954 0.05775867395184047 0.08686413022132759 0.1409966784723346 0.27298151735561116 0.1042369562655931 0.17372826044265519
0.0661555093832249 0.10232270783828443 0.053257415543996114 0.08920441196158131 0.1507336387255672 0.25907772258065676 0.10083977004352669 0.17840882392316262
0.10247535180162129 0.07220163486242241 0.18839630790388626 0.14440326972484482 0.10722225341489379 0.09433937016018153 0.1609988693797897 0.12996294275236034
0.08162097704870186 0.11565016856982935 0.09871163194248346 0.1387802022837952 0.1102363486168471 0.17744026697075246 0.10408515171284642 0.173475252854744
0.0647712708817603 0.10538415976041955 0.056036175011233966 0.08493120490029162 0.1455821053289292 0.2715152284364322 0.10191744588034994 0.16986240980058323
0.05959934178664119 0.09860954359614446 0.050775395699890834 0.07994394425937508 0.1482155747519237 0.30703557827602457 0.09593273311125007 0.15988788851875016
0.1062733676241248 0.08324974631048802 0.1210430103609026 0.09046153162489863 0.16781933538185528 0.174486361428673 0.14358973273793432 0.11307691453112328
0.09969719814029879 0.14510674528148199 0.08119863810386005 0.12016598604427796 0.14510828934352987 0.24649906192677606 0.09012448953320848 0.07209959162656679
0.09358829399527643 0.13537293635089953 0.07630437282122608 0.11801743169052781 0.12163793798144461 0.23341150328972118 0.08004660584227104 0.14162091802863336
0.07846009553786489 0.1227674046874016 0.0836100719785388 0.12905353852907633 0.10755410895798338 0.22044770325098229 0.09679015389680727 0.16131692316134544
0.0762874496700283 0.11495979694582639 0.09315090049541629 0.143699746182283 0.09657768895357739 0.20541880753223274 0.0974659148018963 0.1724396954187396
0.10294754849599214 0.07106800842612304 0.2049067556455958 0.14213601685224608 0.09622139603198245 0.09632680775622138 0.15847105162481767 0.1279224151670215
0.0805487859870186 0.11578209557972316 0.11938810842245051 0.14472761947465396 0.0954741320868657 0.17224303404472077 0.0981630810349827 0.17367314336958475
0.10166660996540983 0.07766242771034246 0.21843302502145173 0.1388577156319753 0.09411112782830083 0.08948115936018158 0.1548159904135605 0.12497194406877778
0.10213601374959724 0.07229687442837035 0.25752136528733116 0.1338447464034078 0.09063607518266523 0.07387774935967231 0.149226903825889 0.12046027176306703
0.07923451467258086 0.12204393060757254 0.13551302558922473 0.14184541014948343 0.09304178611327489 0.16189864945666 0.09620819123182354 0.1702144921793801
0.10164740889491605 0.07696437435958099 0.23022560227233382 0.13667543542298155 0.09237113083921823 0.08672524549302153 0.1523829108372645 0.12300789188068341
0.0806468586435575 0.1223342847086175 0.13046285541013802 0.14153293524284832 0.09315698688918635 0.16603030508430244 0.09599625172993191 0.16983952229141797
0.11766849118180585 0.08823569448014071 0.13544055661281493 0.09419499607564706 0.1557605670072199 0.1414400827610714 0.14951586678674136 0.11774374509455882
0.08207095650325599 0.12166722213745196 0.1081567221146637 0.1390992818854518 0.10292083642600953 0.18482024278310108 0.09434559988752382 0.16691913826254212
0.1438645214446962 0.10566258874257264 0.15902884040080428 0.11274765808656113 0.1330326413352585 0.12255462763892298 0.12481629222443884 0.0982928301267456
0.09153707811350632 0.1223457186260478 0.09249372035084351 0.13227936887961 0.11295214027404511 0.18383323599672718 0.09920952665970752 0.1653492110995125
0.06072487622254844 0.09175547634385336 0.06425947380638067 0.0977808151574207 0.1279034541134134 0.2446772958526372 0.11733697818890482 0.1955616303148414
0.0627033531939983 0.09851592241887445 0.051811189715451615 0.0809479165151363 0.1460613797040835 0.3009269056040196 0.09713749981816355 0.1618958330302726
0.07364855413154979 0.11577276989523311 0.0795987439993749 0.12571708562195677 0.11111870608843331 0.2427099690195386 0.09428781421646759 0.15714635702744598
0.07730414763991117 0.12062127448491719 0.08392504249263358 0.12915792296307785 0.10563366113608395 0.2250421053572205 0.09686844222230838 0.1614474037038473
0.06355000027807302 0.10568160724862546 0.056891214105501624 0.08179335300489658 0.13481070773362325 0.30122436039656014 0.09246205122292657 0.16358670600979316
0.09877484698563099 0.07607851688435502 0.1963767043806088 0.13668626233921413 0.1031381460336322 0.11353290523038118 0.152394982040885 0.12301763610529273
0.11215735659014117 0.07569160577179414 0.2139836387702513 0.1405506159876414 0.09945256463543783 0.08003760248083008 0.15559530951826803 0.12253130624563609
0.08706568145119739 0.12069228027703416 0.11160579565229882 0.13437777389337124 0.1068537037182178 0.17064921722113802 0.10078333042002843 0.16797221736671406
0.0662156457838898 0.10789450210891878 0.061780278330124505 0.08353459441846708 0.1379118604418129 0.28116351899810743 0.0944304110817454 0.16706918883693417
0.08363178351188197 0.14064305311521905 0.10467226292462482 0.15760550219022687 0.08843478850102257 0.20299442406296606 0.08017323372285454 0.14184495197120417
0.10772143503825354 0.07948908185131752 0.20962026926035957 0.13867561470651096 0.09560118589928089 0.09447611747583776 0.15351960602430192 0.12089668974413778
0.1242165272955639 0.08222830601912284 0.1715021489640999 0.09112379690159096 0.15256098222937534 0.11982254500041553 0.14464094746284278 0.1139047461269887
0.083719725406536 0.12005654000885851 0.11597794779549105 0.13787858819890744 0.1063165349831428 0.17707870664215974 0.09351765112621549 0.1654543058386889
0.0768517907392544 0.1249205436637945 0.10364938893875839 0.1386647125485109 0.09680562122679587 0.19865943931350902 0.09405084851116391 0.16639765505821305
0.10543209841229118 0.07782833685079488 0.21660858172041514 0.13769602756134366 0.09676812755803893 0.09318897441593879 0.15243516278667266 0.12004269069450474
0.07156072313749956 0.1065664089355516 0.07789735777730561 0.08585020204427715 0.14113525979807393 0.24824158973390287 0.09704805448483504 0.1717004040885543
0.11214617179145647 0.0842837781832037 0.14300885456553833 0.09456713779706427 0.15700976121786983 0.15492332922887367 0.14058040185951642 0.11348056535647713
0.12124012687003104 0.08148009100480123 0.16286172471977528 0.0933676655587799 0.1607831547311401 0.12942873262919796 0.1387973058157385 0.11204119867053587
0.08329153615049747 0.11933463946741973 0.11360195087500055 0.13709203473693213 0.10861537998513804 0.18056985440955706 0.09298416269113657 0.16451044168431853
0.13548009250438534 0.0999045071604009 0.18096897962545583 0.11093104921767764 0.1289213869640307 0.12027619879093816 0.1236798414412018 0.09983794429590988
0.08612274076663638 0.12165706209905547 0.11792883697209695 0.13724656353503412 0.10194937207639439 0.17731057478063167 0.0930889735281101 0.16469587624204093
0.10652245389447297 0.07678544622429669 0.22533755948442596 0.13618625916005073 0.09689224301927735 0.088785768768487 0.15076378710432964 0.11872648234465959
0.07224661836678319 0.1064197868756361 0.07928258471910019 0.08579439493235158 0.14162008075617455 0.24606277630085385 0.09698496818439743 0.17158878986470316
0.10105911799800336 0.07541961648046143 0.20563367627730583 0.13538738714337178 0.10595028217160607 0.10375443837171147 0.15094683312850557 0.1218486484290346
0.1044175995138882 0.07092303582710753 0.2571545021378731 0.13135081491757525 0.09507553813828133 0.07641641970598136 0.1464463563334757 0.11821573342581772
0.10341128390693446 0.06936162115323907 0.2764763880447919 0.12897960557557167 0.09126063483378145 0.07062618659460408 0.14380263487306275 0.11608164501801452
0.08152201441321992 0.11986558563855222 0.14096419050023548 0.1394956108805368 0.09531115968145533 0.16083229149299202 0.09461441433636408 0.16739473305664412
0.10462184318781464 0.07605611016059174 0.23670353096932412 0.13512229218865165 0.09473986940433807 0.08537150076358804 0.14958593193045686 0.11779892139523479
0.08189234171932556 0.12088561159117692 0.13200353746027513 0.13981694153887497 0.0961545708252732 0.16663430667031773 0.09483236034810649 0.16778032984664995
0.10487121842671518 0.07624482301062853 0.23425066290843746 0.13532102683571823 0.09506644512600428 0.08646770709694801 0.14980593935415285 0.11797217724139537
0.07211624851452147 0.10641954577449005 0.08069006911107862 0.08582946878434555 0.14121213046603984 0.2450489828941817 0.0970246168866515 0.1716589375686911
0.10103582260161922 0.07536756931925861 0.20629741865390927 0.1352893644796758 0.10585626746750812 0.10355558427271212 0.15083754517360867 0.12176042803170822
0.10445935496441604 0.07087774949211319 0.2574864826502129 0.13126892110336177 0.09505083374262638 0.07635957821213776 0.14635505084210632 0.11814202899302559
0.10348715623890203 0.06932947841428574 0.2766306149367707 0.1289218872040553 0.09126115521058141 0.0706017263155917 0.14373828319616314 0.11602969848364979
0.10259802423199368 0.06874334174997059 0.2836535210768897 0.12800300381755458 0.0898962066978093 0.06918940219638116 0.14271379679360188 0.11520270343579911
0.08140956268412669 0.11969429429583474 0.14256062371395206 0.13936795979963654 0.09499764840664283 0.16020052573701168 0.09452783360323173 0.16724155175956382
0.11707507440852537 0.08510707774715652 0.16087721303096456 0.09071915420542688 0.15194948341514308 0.13687439696706843 0.14399865746893156 0.1133989427567836
0.08219994797453323 0.12619182125676207 0.11261668400603618 0.13574280545270065 0.10614676350848373 0.1821415779946726 0.09206903326357088 0.16289136654324077
0.11596906463740733 0.0937706362819194 0.15524702354524902 0.09487568073591553 0.1469320692584878 0.13831563699677019 0.14103907166115204 0.11385081688309863
0.10812099535861595 0.07696528279275255 0.23478686394140358 0.13064135096555127 0.10387314804962709 0.08237978605101347 0.14565535697204 0.11757721586899614
0.13881376393590214 0.09794846768659685 0.22166271437535448 0.106994400115315 0.12379891621889753 0.09519600609229943 0.11929077147185119 0.09629496010378348
0.11083309293522547 0.07558466051590743 0.26004846006832955 0.12725033840768493 0.09665640311828401 0.07322710935699453 0.14187463103065767 0.11452530456691644
0.09463898765673404 0.14510423337698172 0.1568442434589751 0.15878873691895057 0.08256203352368253 0.13837676175276298 0.08077514008485746 0.1429098632270555
0.08222165135752932 0.12525705228674316 0.11242016710973984 0.13039838211868107 0.1003856106177876 0.18852037227215687 0.09779878658901081 0.16299797764835133
0.0760000026682391 0.13441683574007865 0.10163741692785844 0.1361925103547603 0.09502199346229591 0.20092617791956566 0.0923740505014896 0.16343101242571234
0.07476292912728315 0.13600878709166897 0.09907220950796206 0.1359602429304671 0.09370570397819471 0.20512132325154658 0.09221651259631683 0.1631522915165605
0.07448456526954032 0.1362180152521602 0.0984294357838492 0.13584561818973503 0.09335994535773925 0.20650891119929982 0.0921387671199942 0.16301474182768205
0.1014576744264814 0.08473936618870492 0.21435268655150705 0.1351676070930478 0.09536852005965234 0.09656150452297303 0.1507017947738906 0.121650846383743
0.13783920886309853 0.09998461162278342 0.2153057520509224 0.10792975872476052 0.12240303310866531 0.09906722625898377 0.12033362651850167 0.09713678285228447
0.08618400946318117 0.12947564524402275 0.12514872675630287 0.13581566765731617 0.10009677813054983 0.168181918714016 0.09211845284583185 0.16297880118877942
0.10626350171448881 0.07681579672460674 0.23156703297533987 0.13520069934781465 0.09587868537155644 0.08673427563295173 0.1496727318787366 0.11786727635450509
0.0719750273892157 0.11173876297847282 0.07997588849428748 0.08518148116244725 0.14068460391636017 0.24378916459416422 0.09629210914015778 0.1703629623248945
0.1005010684592854 0.0813633537339919 0.20486707812858346 0.13428319340703307 0.10534482056513413 0.1030698721246367 0.14971573951500552 0.12085487406632978
0.08051768118922356 0.12755470937515262 0.12393537870198888 0.138417835390009 0.09766420788002217 0.17192538360063037 0.09388340139496261 0.16610140246801075
0.1050893956836379 0.07681191197051275 0.23158295895641418 0.13546666626482062 0.09551420055681532 0.08746855343000617 0.14996716818897518 0.11809914494881797
0.09707448450238391 0.15109014902718318 0.10813696908408625 0.11518473417988977 0.11404272060507904 0.19812396362001977 0.07812529796549045 0.1382216810158677
0.10541999723812404 0.085458736545164 0.2161285061797744 0.13279107813226423 0.09852489240554799 0.09411267684456319 0.14805214233552444 0.11951197031903779
0.1387575084140286 0.09985640669976704 0.21558654183402975 0.10762967189739776 0.12299493712504155 0.09830917722154572 0.11999905210053154 0.09686670470765799
0.12776702411445504 0.08738106915520985 0.18526306374708704 0.09167324009919076 0.14828830171890828 0.11334098448075604 0.13627842856536418 0.1100078881190289
0.08436377799243971 0.12687344398056566 0.11834555756043545 0.1358977585587279 0.10565177763450737 0.17361624211084367 0.09217413189200675 0.16307731027047348
0.10304334200970496 0.08293374905264063 0.22217484603424775 0.13412134118900973 0.09727296693155833 0.0902092613422968 0.14953528637043323 0.12070920707010876
0.10414159305399502 0.07503710953062111 0.2629668036895026 0.12995346881597525 0.09253481698147006 0.07351966628430694 0.1448884197097515 0.11695812193437773
0.10295243899296527 0.07301409171819721 0.2781051414683585 0.12799881334911625 0.09028225409136596 0.06973920363177728 0.1427091247340147 0.11519893201420464
0.08107940375788673 0.12590750827693334 0.14071546808606464 0.13837415847140752 0.09456091478324379 0.15945977940860287 0.09385377705017206 0.166048990165689
0.10464887658834274 0.0762741393647363 0.2384858928536857 0.1347162303292211 0.0943459331383241 0.08494760421707268 0.14913640476006568 0.11744491874855172
0.07179133462364373 0.11173501109095627 0.08100965781977992 0.08524767320765712 0.14032939243158088 0.24302464948067293 0.09636693493039501 0.17049534641531425
0.11197354842036568 0.09068576075728439 0.14306014947323928 0.09354493291752124 0.15644017422101023 0.15298068905902976 0.1390608256505241 0.11225391950102549
0.1075097458757925 0.07676716849637523 0.22969257913498 0.13091229032215734 0.10620281628230521 0.08513690446314728 0.1459574341353008 0.11782106128994159
0.13879356013463381 0.09799770272151892 0.2199022042526015 0.10708504721736438 0.12455730075513428 0.09589580619719199 0.11939183622592714 0.09637654249562792
0.08637141764109689 0.12905292175483868 0.1262088442004098 0.13578010654067982 0.10057161016737103 0.1669846387148487 0.09209433313193936 0.16293612784881578
0.0967680338121624 0.1479213368128638 0.12699302593569134 0.15626346967842297 0.08736665142458203 0.16671997591304133 0.08173781490871357 0.13622969151452258
0.08225802792684091 0.1247687876371776 0.10547165951424327 0.1295047855355944 0.1008522373536646 0.1981349309612906 0.09712858915169582 0.16188098191949302
0.06486243442171344 0.1146080394167927 0.059579764540515764 0.08103048860613027 0.13529822365558988 0.2909603893748502 0.09159968277214726 0.16206097721226054
0.09920867256170472 0.08208144779793355 0.19585030362182823 0.1347210256405205 0.10469282943268514 0.11199290808756282 0.1502038897812967 0.12124892307646842
0.1040810579993321 0.07553166657241286 0.25285510635775843 0.13099977828941287 0.09481438425703867 0.07776322937373549 0.1460549766898379 0.11789980046047159
0.12013571720283352 0.08529159197172047 0.19945483837681507 0.09338911195059259 0.14121614108892952 0.10961647775080031 0.13882918731759733 0.11206693434071109
0.08310757915315166 0.1266405423234364 0.12166421229713544 0.1361528419263288 0.10426528156012034 0.1724389874695054 0.09234714495872737 0.16338341031159453
0.07636617092012536 0.1350518212816777 0.10393516807472168 0.13655844986732724 0.09610518324766924 0.19549081381419453 0.09262225295349151 0.16387013984079268
0.10493154542014256 0.07782560668099262 0.22350832570232446 0.1362968101501477 0.09578434673444634 0.09194433358625714 0.15088617159479106 0.11882286013089798
0.08148013883962985 0.12708143846183664 0.12835583750905047 0.13869874069427443 0.09581336321551916 0.16805806397566095 0.09407392847089918 0.1664384888331293
0.10532831670234388 0.07664890840894616 0.2335247425581581 0.1352347780952564 0.0949686758127029 0.08668713393779955 0.14971045845303108 0.11789698603176199
0.08156906151213641 0.12684853153226677 0.13065166332630704 0.1386884954791057 0.09565722683578531 0.16609184719712217 0.09406697954234994 0.1664261945749268
0.10526943591700073 0.07657370973464117 0.2344646647550016 0.13513016307391568 0.09486387313575849 0.08629772486704489 0.14959464532399291 0.11780578319264444
0.09713589957053778 0.1510556355356555 0.10870192355595384 0.11519750457491273 0.11390034474841713 0.19763772689990428 0.07813395962472341 0.13823700548989526
0.10541990976165962 0.08543966100049553 0.21636097400225604 0.13276808524194586 0.09847898719299077 0.09401459910419412 0.1480265069787068 0.11949127671775128
0.10479276478426955 0.07540864552431853 0.2606047661633952 0.13004939131811327 0.09287719275548216 0.0742274211268794 0.14499536614123973 0.11704445218630197
0.10317170300668452 0.07310993917041635 0.27721334733041547 0.12809084997216105 0.09041575762531483 0.06990489921975794 0.14281173870030492 0.11528176497494497
0.08112230127029155 0.12593360267576223 0.14051700056755698 0.13838269616658427 0.09459475913141943 0.1595308369537576 0.09385956783472671 0.16605923539990108
0.11760669532060729 0.08555902973391263 0.1605227548089884 0.0906634190953608 0.15175769065133654 0.13665094748033815 0.1439101890402552 0.11332927386920098
0.08201964106958912 0.13031651876866304 0.1120992317788941 0.13496903195480167 0.10573791225665966 0.18135061284759094 0.0915442129780394 0.16196283834576197
0.13335333812903036 0.11409147412390216 0.1783523491199826 0.10889247816519138 0.12663813890979306 0.11926200435358035 0.12140698684984769 0.09800323034867223
0.08469048682626885 0.13749266965398038 0.11592479583743791 0.1345435347332448 0.10018731788295582 0.17445333852366984 0.09125561486254864 0.16145224167989372
0.11619841696815694 0.10008721931968408 0.1557335103575658 0.09429867168900766 0.1444324279284227 0.13591003875176919 0.14018130895858452 0.11315840602680917
0.08171133007729675 0.1340230588899751 0.11094790189215915 0.13490298950785315 0.10409273414954336 0.1809389791032049 0.09149941897054388 0.16188358740942377
0.1022379985013223 0.0881211690791392 0.21838694712436513 0.13367521531940624 0.09680635225974943 0.0914267346097514 0.14903788931880066 0.12030769378746561
0.10381806104098498 0.07834942904640045 0.2610952993776472 0.1296247518402313 0.09231131911723396 0.07361693810837941 0.1445219248129146 0.11666227665620818
0.11961692350741229 0.08820184051608954 0.20166754655572208 0.09291180918062106 0.13987786843538047 0.1081101960956435 0.1381196446923859 0.11149417101674526
0.08265189021987399 0.13142159858884453 0.1217055225529769 0.1353536863736613 0.10354188311992142 0.1710958864776709 0.09180510901865724 0.16242442364839357
0.10214282673515054 0.08743377204571473 0.22280509515318117 0.1332668415537718 0.0963863088950668 0.08944241517294806 0.14858258304577243 0.11994015739839463
0.10364469176566683 0.07812753852795208 0.2627654530655144 0.12942133670438524 0.09208924483192965 0.07317739995392475 0.14429513211668027 0.11647920303394672
0.11953844296451684 0.08813703485546648 0.20217576674588364 0.0928814945266167 0.13976844815608497 0.10796643939634179 0.1380745799231496 0.11145779343194004
0.08263782782791076 0.13140408281432892 0.12182003309098027 0.1353520823599791 0.10351846803494238 0.1710409859609413 0.09180402107894234 0.1624224988319749
0.1021360667070351 0.08742807029189235 0.2228519425033677 0.13326228875613366 0.09637808060115638 0.08942998424372765 0.14857750701616693 0.11993605988052031
0.1198793442661035 0.09036555295708446 0.18997130865597828 0.0935597679758219 0.1420179878140653 0.11285143779888791 0.13908287896107255 0.11227172157098628
0.08266934544342566 0.1319526534930661 0.11902954496454472 0.13534075825279598 0.10396156086678238 0.17284088669587275 0.09179634038015728 0.16240890990335516
0.07573447259393258 0.1422171502811202 0.10265784518212612 0.1353504240151902 0.0953729459987488 0.19444375682209003 0.09180289628856379 0.16242050881822823
0.10117677709989115 0.0897358665757432 0.21519933558720133 0.13417665719017752 0.0952755906994091 0.09407982179274238 0.14959695958367553 0.12075899147115976
0.10370901815907015 0.07870249891696417 0.2599407120747439 0.1298125566774419 0.0921148870825095 0.07415771288845464 0.14473131319111807 0.11683130100969771
0.08093703448750403 0.1309301265843999 0.13622311557527866 0.13782900858814812 0.09462725556871497 0.1605746256738675 0.09348402321630915 0.1653948103057777
0.0796540671675407 0.12326728762369826 0.10782127700137226 0.13002644871112906 0.10283433056500998 0.19634369150899184 0.0975198365333468 0.1625330608889113
0.06415527770253535 0.11941849359537877 0.05961379928239412 0.0805239021002963 0.13526492128795348 0.2889487820652971 0.09102701976555234 0.1610478042005926
0.09863957797665014 0.0864278424780763 0.1950665082189032 0.134017869429858 0.10436598077059149 0.11144621555829679 0.1494199230807521 0.1206160824868722
0.10370505135022519 0.07863250431083203 0.2520907292421908 0.1305323225715452 0.09452857569757647 0.07749792806406905 0.14553379844917053 0.11747909031439069
0.10298143008483722 0.07600298526142092 0.27369724022777214 0.12804594373356926 0.09079831150603321 0.07047106823066805 0.14276167159548692 0.11524134936021234
0.08077526889261023 0.1301504846582327 0.13931744274565977 0.13771000258554167 0.09430306419792045 0.1590884277158874 0.09340330610149783 0.16525200310264998
0.07963200559170812 0.12318735261969718 0.10851121916206367 0.13003121836818482 0.10277087714331355 0.19580489037866292 0.09752341377613863 0.162539022960231
0.07495976234674571 0.13951663586023919 0.1000270665393188 0.1349083224040453 0.09481859585913342 0.20237659404031072 0.09150303606535247 0.16188998688485434
0.10105615682863232 0.08936658955780158 0.21408627315159903 0.13424709708054955 0.09521924820569694 0.0955267529984939 0.1496754948047321 0.1208223873724946
0.11978269761026264 0.09085946709677178 0.18732130836278227 0.09373371204052952 0.14187557881028695 0.1146053231346606 0.13934145849607077 0.11248045444863541
0.08263705543858578 0.132060924315375 0.11841179356794854 0.13532556186624534 0.10391118179828346 0.17347677550826657 0.09178603326580118 0.16239067423949435
0.07572025120176434 0.14222900435049463 0.10251058881681427 0.13533491655252647 0.09535159222218878 0.19465936880972712 0.09179237818345273 0.16240189986303175
0.10094172165362418 0.0920533287704755 0.21468535914061507 0.1337579036199141 0.09506897606125177 0.09398051689309837 0.14913008060309826 0.12038211325792271
0.10351103981063922 0.08049270151620846 0.2594778638774918 0.12953620683172612 0.09194117071718401 0.07403522736192912 0.14442320373626777 0.1165825861485535
0.10255821331901924 0.0773317485390564 0.27624623493417627 0.12746908376022315 0.08992795643251615 0.06962607185635022 0.14211851577445775 0.11472217538420085
0.08051233351355731 0.13240058530157087 0.13965871387303466 0.13729432086337393 0.09389095845213354 0.1583685375051229 0.09312136545515796 0.1647531850360487
0.1010157935881302 0.08935527667710448 0.22995906882724232 0.13239815334734942 0.09375689159005804 0.08674241743441148 0.1476140605230896 0.11915833801261447
0.09210084397384914 0.15603880218630786 0.14822949417689463 0.15780194202897338 0.08154899018581005 0.14198501780735026 0.08027316181473865 0.14202174782607604
0.14411057566282184 0.10515167507115256 0.1948880342742076 0.10839807864805898 0.12288018875944688 0.11006942951884106 0.12000112898767619 0.09450088907779501
0.08640180443641604 0.1392249455913542 0.1193899857454371 0.13390059962029202 0.09911133228884822 0.17047107563953864 0.09081953713376328 0.16068071954435043
0.07591345089830186 0.1490852056893986 0.10214051071189 0.13429560436569665 0.09377717445494968 0.19254587524506353 0.09108745339586381 0.16115472523883598
0.10083225960061716 0.09442508210625264 0.21421138062109402 0.133473686525226 0.09459468576176537 0.0935233877595893 0.14881319975275198 0.12012631787270343
0.07999358130846987 0.13836642435726992 0.12528719015050388 0.137108316233969 0.09465634151409477 0.1670629611614551 0.09299520579347464 0.1645299794807628
0.1410693090795852 0.10400451578181895 0.186957036651227 0.1089696049644697 0.12719600499222006 0.11617055362744264 0.12063383211369864 0.09499914278953768
0.08579996317690332 0.13878943894990345 0.1175298868078511 0.13383718318458107 0.09997632668492133 0.17268605712740925 0.09077652424693326 0.1606046198214973
0.10261528095594252 0.09199592139808814 0.22033187253464148 0.13270484003231311 0.0953899011183706 0.08957183464180425 0.14795599328975803 0.11943435602908181
0.08034789431107363 0.13768744444117959 0.1267271881500286 0.1371427485568141 0.09486821741632856 0.16563664896568975 0.0930185598907087 0.1645712982681769
0.07958612948065066 0.12395712574123015 0.1056668189460415 0.1299528591942882 0.10281837200090313 0.19811297624831017 0.09746464439571614 0.16244107399286023
0.0745407353113943 0.14416617001685522 0.098886889462079 0.1340169220525607 0.09433262985537061 0.20233791275084356 0.09089843408782378 0.16082030646307283
0.1006032964027763 0.09360763631822044 0.2128685920338133 0.13359718870502352 0.09480917964878353 0.09532574159021617 0.14895089546664558 0.12023746983452113
0.10341144225708897 0.08150782924477502 0.2586509266811375 0.12946231144628398 0.0918665959334838 0.07424399823949443 0.14434081589608078 0.11651608030165558
0.1024950022375899 0.07812980201168664 0.27583373439235015 0.12737916140838437 0.0898746748873209 0.0696281207323415 0.1420182590627808 0.11464124526754593
0.1016986858168936 0.0770772770749829 0.2821874118944282 0.12658068429443656 0.08894739627564698 0.06845791211004554 0.14112801666857328 0.11392261586499289
0.10130410259277911 0.07672630104715847 0.28453172124526177 0.12628882495769791 0.0885691878067507 0.06811730459976661 0.14080261528865726 0.11365994246192815
0.08016882378969775 0.13308748900442638 0.14139239735238318 0.1370134801346921 0.09345483930997445 0.15753591206888282 0.09293088217831291 0.16441617616163054
0.10400636218562163 0.08325322814961988 0.23756989750939952 0.13344178157799116 0.09349014798598737 0.08417918412487936 0.14772553760363694 0.11633386086286408
0.060029445528581624 0.10056708045484013 0.0972740020823895 0.10212111509221694 0.11725751441154848 0.2030673517069615 0.11544126053902784 0.20424223018443388
0.10998133071047766 0.0967304292804768 0.14997003068286327 0.09472048347195677 0.15040639546637752 0.14371838971691928 0.14080836050458054 0.11366458016634813
0.08022245860400727 0.13659704691304253 0.10917541530478618 0.13412117812952468 0.10490160470162378 0.18306773568634296 0.09096914690524283 0.1609454137554296
0.10157740309217482 0.09185039518024544 0.21697085837533317 0.13309063784577355 0.09671914802263229 0.09162385436175975 0.14838612906088483 0.11978157406119619
0.0801532335438428 0.13762872760757972 0.12595371269654415 0.13713993179388587 0.09514263551114199 0.16639719130370687 0.09301664939063563 0.164567918152663
0.11679078004316548 0.09412232640159801 0.1550505141397423 0.08992136154025356 0.1510988418601674 0.13788215418459207 0.14273231990516438 0.11240170192531693
0.08148671662817161 0.1358844945570556 0.11038637889572928 0.13415381907642032 0.10512534016329846 0.18098738180535268 0.09099128598226769 0.16098458289170436
0.11486734607306823 0.10341112517375055 0.15330196225722098 0.0937866951138598 0.145471573584652 0.13719704226767582 0.13942022139314084 0.11254403413663175
0.08109064786517955 0.13861383891580073 0.10992220049280557 0.13407910383884794 0.10385133548857976 0.1806073392319069 0.09094060956026208 0.1608949246066175
0.1017556009586191 0.09219791447497705 0.21726558653277322 0.13305238257531513 0.09646623846285103 0.09117165538848632 0.14834347728919461 0.1197471443177836
0.11956315309586081 0.0937039772143209 0.18790754533624393 0.09329888142358443 0.1417853735974823 0.11308735804526578 0.13869505357894044 0.11195865770830131
0.10736573191340078 0.08111837149679539 0.24666238370513605 0.12824512319708778 0.10130121978813986 0.07690281718889022 0.14298374183317097 0.11542061087737901
0.08124134182190301 0.1344182378133498 0.13280020446486057 0.13705565255550783 0.0961835716942491 0.16087472250239318 0.09295948608112707 0.1644667830666094
0.11697475058218791 0.09358750193221395 0.1571309622290383 0.08982895647688881 0.15131080223817703 0.13629518574397229 0.1425856452014108 0.112286195596111
0.07046200825115444 0.11731174631895666 0.06682475789877891 0.08086962278156165 0.15150954743866854 0.2598652372990347 0.09141783444872187 0.1617392455631233
0.12838549227563018 0.11436386225993066 0.15905601344507603 0.10724826753175282 0.13842259886318975 0.13642651014999335 0.11957381469584978 0.09652344077857752
0.10998951609769698 0.08528361057332147 0.23445877312021474 0.1286460177578851 0.10112292526475236 0.0812870318530773 0.14343070935095545 0.11578141598209656
0.1046080046917205 0.0792591925393446 0.26638833377533955 0.12810290876419958 0.09231449766680191 0.07120926132129621 0.14282518335351801 0.11529261788777963
0.08080761587895553 0.13395061908208383 0.13733437259775905 0.13715374256037738 0.09431926535495562 0.15882387676029022 0.09302601669312553 0.16458449107245288
0.10429432112560445 0.08346767779833221 0.2359156755245879 0.13362005696587784 0.09379201538156359 0.08449807698584194 0.14792289578640117 0.11648928043179092
0.08074079340231766 0.13524481928690868 0.13037731692864182 0.13727339050344475 0.09463297659877945 0.16389546546474176 0.0931071692110321 0.1647280686041337
0.10451799928154144 0.08382055913662102 0.23309040957460275 0.13393435829103867 0.09407310003077342 0.0855294466968065 0.1482708402733517 0.1167632867152645
0.07125200175960467 0.11938803792654099 0.07981027638086399 0.08445275560428413 0.13920656101034543 0.24151652368755844 0.09546833242223424 0.16890551120856825
0.09965071066678868 0.0889494647757713 0.20344112993164148 0.13306057573412874 0.1044772230131695 0.10231376566794245 0.14835261204984201 0.11975451816071588
0.11905039191466034 0.09306955457401715 0.18337996007103577 0.09333562748472443 0.14440362228731882 0.11600841161973 0.13874967906684407 0.11200275298166931
0.10738563045241081 0.08110897202595109 0.24486466363012355 0.12841351632961673 0.10198418138503076 0.07749938387092307 0.14317148760928908 0.11557216469665504
0.13749725560761278 0.10379184262251534 0.22405857336932644 0.10583417932721587 0.1222712502499885 0.09329892555208519 0.11799721187676156 0.09525076139449427
0.08536482782787658 0.1390411556748355 0.12617281266509064 0.1340798658491162 0.09915058357406857 0.16435378898806383 0.09094112640200924 0.16089583901893942
0.10558612678734512 0.08425821900192948 0.23099945307197678 0.13380094191903366 0.09498876682516753 0.08559637452302049 0.14812314286518988 0.11664697500633704
0.0713982373379681 0.11946745359517179 0.07949944482902793 0.08442360306210794 0.1394515964501428 0.24147708122680864 0.0954353773745568 0.1688472061242159
0.07199114185490402 0.14081533286109607 0.0917577053582865 0.13163109692649014 0.10065347045566986 0.21591371396858072 0.08928022226318462 0.15795731631178814
0.0727139954467683 0.1482410681741935 0.095204846328105 0.13302248296349972 0.09325975851019958 0.20770692405448654 0.09022394496654763 0.15962697955619964
0.08450745248345902 0.17451248865090666 0.11131964523329775 0.15437135273566752 0.07979612972286375 0.178030677754865 0.07852803595683956 0.13893421746210077
0.10588917042643528 0.08911885916148853 0.22489825961330615 0.13443196558764992 0.09134339993039806 0.08829953507024028 0.14882171200586394 0.11719709820461789
0.07137928926639606 0.12066317255239765 0.07857718223756309 0.08435937603257596 0.13817435582779847 0.24276509911172672 0.0953627729063902 0.1687187520651519
0.09971482975462859 0.08921963219443324 0.2029128605504893 0.13310222165331284 0.10428889376720872 0.10257051845011791 0.1483990441418279 0.11979199948798155
0.13652769155565672 0.10678161594394518 0.2100678105582462 0.10702365850288806 0.12413254368773159 0.09982199470839974 0.1193233923905334 0.09632129265259924
0.12651462327759969 0.09483923769706692 0.18268023253605958 0.09088612265380171 0.14784728512373413 0.11306082591047971 0.13510832561669625 0.10906334718456204
0.10894959230356285 0.08127860298010461 0.24419282068128656 0.1280846472826499 0.10254868137979216 0.07686464965383177 0.14280482316438728 0.11527618255438492
0.08152413395949044 0.13446348887436188 0.13224783414662475 0.13704752214432903 0.09645031961201674 0.1608557031486114 0.092953971541371 0.16445702657319486
0.1046167601989264 0.0836513805588056 0.23380022051033061 0.1338106703665464 0.09437543085714623 0.08495616863476146 0.14813391265649417 0.11665545621698917
0.0960626155419511 0.16086266166502894 0.1077115743935343 0.11383152531116372 0.1126600406568563 0.19506628271658424 0.07720746934148495 0.13659783037339646
0.1043034777362338 0.09556746317302034 0.2142011596070503 0.1311541972306338 0.09745990740956104 0.09304787505043277 0.14622714228549769 0.11803877750757041
0.10407368701806019 0.08170378898634424 0.2588914110526736 0.12914564722325114 0.09224434406674004 0.0737222802329473 0.1439877589190576 0.11623108250092602
0.10261823641380564 0.07814205744554603 0.2758871419911067 0.12733448006663708 0.08992718220317507 0.06952142711859498 0.14196844270116102 0.11460103205997337
0.080433465475095 0.13357559281702863 0.13946377285732806 0.13709835326445996 0.0937833602779795 0.15813898308964502 0.09298844830111198 0.16451802391735193
0.10413522812382665 0.08336591206314092 0.23679034440571026 0.13352896772024714 0.09361754520767925 0.08433007693774278 0.14782205624707861 0.11640986929457443
0.07122887914588777 0.11932612255286036 0.0803677155684836 0.08448838584556331 0.13913447023035708 0.2409690448794321 0.09550861008628897 0.16897677169112663
0.1109560322282218 0.09903293153981636 0.1417713516187823 0.09260369035752704 0.15509125655620898 0.15175870390310203 0.13766160536730884 0.11112442842903245
0.09273702978173702 0.15835749363391735 0.12384697652301542 0.15460146158779994 0.09163645299520727 0.16103417871985706 0.07864509132944607 0.13914131542901992
0.10728412416937866 0.08660601614885788 0.22972328996399338 0.13362809228315062 0.09332942051573258 0.08500098012577408 0.14793179121293026 0.11649628558018259
0.08125958351042002 0.1361736381326749 0.1289646041720506 0.1372473643625624 0.09451464680329526 0.16405380908583603 0.09308951669808581 0.16469683723507486
0.10468882370281465 0.08397281621804892 0.23250825981605733 0.1339949787965341 0.09408900367201982 0.0855920327685793 0.14833794966486474 0.11681613536108103
0.09606632337131565 0.16096097610058469 0.10745521536300227 0.11382308804764833 0.11257369834629172 0.19533124643818325 0.07720174667579624 0.13658770565717795
0.11720529749139064 0.10740843676430022 0.15034776067497452 0.09210988235794239 0.1459911116835572 0.13947812558858694 0.13692752660971735 0.11053185882953086
0.107933878986378 0.08447705930463292 0.23153085854898092 0.12954137740900357 0.10326235943413553 0.08223825810469773 0.14442896854406814 0.1165872396681032
0.12067440707640177 0.0916844160862418 0.19193024638760062 0.09280116912387819 0.14331845723638234 0.11027473032385235 0.13795517081698908 0.11136140294865382
0.14098421570969621 0.10577732354106556 0.20350059875666607 0.10497766302907809 0.13312539090195383 0.10011265121190537 0.11704226012346466 0.09447989672617026
0.1113214046323546 0.08247920001513709 0.25178274420630326 0.12667657800188376 0.09854085563030812 0.07395536631618775 0.14123493099613008 0.11400892020169537
0.10430035841061389 0.07828876205224468 0.2728476340540358 0.1272857808168172 0.09123970624201096 0.06956640901725772 0.14191414667188426 0.1145572027351355
0.1359777761871432 0.10268004070118836 0.23374196673930037 0.10535164834796835 0.11882212661903396 0.09115073204751908 0.11745922584467516 0.09481648351317151
0.08509716749664678 0.13870538427707815 0.1283678316454819 0.13406744825480507 0.09841107681281305 0.16353744957371502 0.09093270403369387 0.16088093790576605
0.10545157082944083 0.08416059528141509 0.23190998576535646 0.1337109260506886 0.09477002410096942 0.08540490673955002 0.14802349159864586 0.11656849963393363
0.07138459823316978 0.11945343251031527 0.07963450060179667 0.08443065850736264 0.13939713393961342 0.2413950060977374 0.09544335309527952 0.1688613170147253
0.0996848998230608 0.08896386569182148 0.20336053834301263 0.13306265529782854 0.10452132639550152 0.10229539407255339 0.14835493060817598 0.11975638976804567
0.10343527793753728 0.08085859504792128 0.2548665010829876 0.12973952369986883 0.09409929628128101 0.07558534774917594 0.14464988687134628 0.11676557132988194
