Action: 0
[0.1115337835672833, 0.10263728251094442, 0.2259189172386884, 0.10263728251094442, 0.149360886639306, 0.1026372825109445, 0.10263728251094442, 0.10263728251094442]
[0.1531349337063479, 0.105174255344118, 0.21581953422894404, 0.105174255344118, 0.105174255344118, 0.105174255344118, 0.105174255344118, 0.105174255344118]
[0.1243652096437386, 0.10336625353199407, 0.2095183394270826, 0.10336625352598257, 0.14928518329202023, 0.10336625352721683, 0.10336625352598257, 0.10336625352598257]
[0.125, 0.125, 0.125, 0.125, 0.125, 0.125, 0.125, 0.125]
[0.10590587784313005, 0.21122466646087226, 0.15303718296948293, 0.10561233323043613, 0.10738279732370469, 0.10561247571150174, 0.10561233323043613, 0.10561233323043613]
[0.21322044301615053, 0.10562770508431406, 0.15301150269313712, 0.10562769674075709, 0.10562954377589208, 0.10562771520823505, 0.10562769674075709, 0.10562769674075709]
[0.125, 0.125, 0.125, 0.125, 0.125, 0.125, 0.125, 0.125]
[0.125, 0.125, 0.125, 0.125, 0.125, 0.125, 0.125, 0.125]

Action: 1
[0.1059580254202705, 0.10339802649738167, 0.10339802649738167, 0.10339802649738167, 0.124345949227175, 0.2527058928656462, 0.10339802649738167, 0.10339802649738167]
[0.10589369613864927, 0.10589369613864927, 0.10589369613864927, 0.10589369613864927, 0.21178739227729854, 0.15285043089080586, 0.10589369613864927, 0.10589369613864927]
[0.10505142528859743, 0.10505142528859743, 0.10505142528859743, 0.10505142528859743, 0.15310941404532213, 0.21658203422309333, 0.10505142528859743, 0.10505142528859743]
[0.125, 0.125, 0.125, 0.125, 0.125, 0.125, 0.125, 0.125]
[0.10505508456034596, 0.10505051067823279, 0.10505051067823279, 0.10505051067823279, 0.15311010262678046, 0.21658225942170967, 0.10505051067823279, 0.10505051067823279]
[0.1058278259204783, 0.1058278259204783, 0.1058278259204783, 0.1058278259204783, 0.10634809111455959, 0.2586849533625707, 0.1058278259204783, 0.1058278259204783]
[0.125, 0.125, 0.125, 0.125, 0.125, 0.125, 0.125, 0.125]
[0.125, 0.125, 0.125, 0.125, 0.125, 0.125, 0.125, 0.125]

