Action: 0
[0.20546633154945265, 0.1026256468960406, 0.1501178362128748, 0.1026256468960406, 0.1113077733452249, 0.12260547130828527, 0.1026256468960406, 0.1026256468960406]
[0.10262684392943167, 0.10262684392943167, 0.2257509677811782, 0.10262684392943167, 0.11171600949404314, 0.14939880307762043, 0.10262684392943167, 0.10262684392943167]
[0.1505644273775447, 0.20784562640763546, 0.12197439089992809, 0.10392281320381773, 0.10392430249962076, 0.10392281320381777, 0.10392281320381773, 0.10392281320381773]
[0.125, 0.125, 0.125, 0.125, 0.125, 0.125, 0.125, 0.125]
[0.21577017500179924, 0.10510028748194508, 0.15320254581605286, 0.10510028748194508, 0.10547198198996188, 0.10515414726440582, 0.10510028748194508, 0.10510028748194508]
[0.1107387523624476, 0.10269901250341157, 0.22624766783957018, 0.10269901250341157, 0.1495185172808374, 0.10269901250349854, 0.10269901250341157, 0.10269901250341157]
[0.125, 0.125, 0.125, 0.125, 0.125, 0.125, 0.125, 0.125]
[0.125, 0.125, 0.125, 0.125, 0.125, 0.125, 0.125, 0.125]

Action: 1
[0.11064756142767677, 0.10517372117373892, 0.10517372117373892, 0.10517372117373892, 0.10517500450656389, 0.2583088281970648, 0.10517372117373892, 0.10517372117373892]
[0.10589369613864927, 0.10589369613864927, 0.10589369613864927, 0.10589369613864927, 0.15285043089080586, 0.21178739227729854, 0.10589369613864927, 0.10589369613864927]
[0.10562821097302111, 0.1056282107685237, 0.1056282107685237, 0.1056282107685237, 0.21321967122620905, 0.15301106395815126, 0.1056282107685237, 0.1056282107685237]
[0.125, 0.125, 0.125, 0.125, 0.125, 0.125, 0.125, 0.125]
[0.10381597741197296, 0.10381597741221395, 0.10381597741197296, 0.10381597741197296, 0.12395883169957381, 0.25314530382834755, 0.10381597741197296, 0.10381597741197296]
[0.1038180011686056, 0.1038180011686056, 0.1038180011686056, 0.1038180011686056, 0.12358371074382253, 0.25350828224454386, 0.1038180011686056, 0.1038180011686056]
[0.125, 0.125, 0.125, 0.125, 0.125, 0.125, 0.125, 0.125]
[0.125, 0.125, 0.125, 0.125, 0.125, 0.125, 0.125, 0.125]

