0.125 0.125 0.125 0.125 0.125 0.125 0.125 0.125
0.06578947368421052 0.10964912280701754 0.05921052631578946 0.09868421052631579 0.13157894736842105 0.21929824561403508 0.11842105263157893 0.19736842105263158
0.07295173961840629 0.12906846240179573 0.09118967452300786 0.16133557800224466 0.08754208754208755 0.15488215488215487 0.10942760942760943 0.19360269360269358
0.11128397299245572 0.08763612873155889 0.13354076759094688 0.10516335447787067 0.13910496624056967 0.12489065738057618 0.16692595948868358 0.13145419309733836
0.07024695119049539 0.10628164795206002 0.0573920898941124 0.09565348315685403 0.127537977542472 0.23679670416207343 0.1147841797882248 0.19130696631370805
0.07718842975818431 0.12847860844771042 0.09077292988153453 0.16059826055963802 0.08714201268627315 0.15417433013725249 0.10892751585784144 0.19271791267156563
0.10219982384419714 0.07707112830731461 0.19095234774648098 0.15414225661462921 0.08592855648591644 0.07912074307646247 0.17185711297183287 0.1387280309531663
0.10700815926756013 0.07707516936389082 0.1957464618765481 0.15415033872778164 0.08532538081798251 0.0756562535219494 0.17065076163596501 0.13438747478832247
0.06846473404131215 0.11018890391098313 0.0641579652183826 0.09606212135829298 0.12456136963850266 0.23584869984134843 0.10859196327459207 0.19212424271658596
0.0752604734069155 0.11780391699319358 0.08996698430262409 0.1413647003918323 0.08835293774489518 0.2045215863768746 0.10602352529387424 0.17670587548979036
0.06342795759141505 0.10477792161274685 0.05601262586713814 0.09134485473931778 0.11844460704049643 0.28004292266058667 0.10325940100966356 0.18268970947863555
0.09983337329844781 0.07407589753039438 0.19831790505821195 0.14815179506078877 0.09139645528858122 0.0950564713681526 0.16401012721422278 0.12915797518120045
0.058296254272705954 0.08862941993637335 0.08508027373345131 0.10635530392364805 0.11572736242051988 0.20557441315762764 0.12762636470837763 0.2127106078472961
0.061902074956047486 0.09763578457811847 0.06032548591041649 0.08787220612030663 0.13034679941273652 0.28072658943739315 0.10544664734436796 0.17574441224061327
0.05229552772043717 0.08209277655604606 0.0653029215218996 0.09851133186725529 0.11131336652761345 0.27524781383153135 0.11821359824070633 0.19702266373451058
0.10898512336131362 0.08374447217968528 0.1378611894677654 0.10468059022460659 0.12449178252383065 0.15900540581848227 0.1556147281547883 0.1256167082695279
0.10070025274187633 0.07161639671725768 0.22491479477221707 0.14323279343451537 0.08900045501844783 0.0871011023182849 0.1585645902083361 0.12486961478906469
0.06608680924062993 0.10017883800190594 0.08041189065333654 0.09016095420171534 0.1307841678309769 0.2438622866259463 0.10819314504205839 0.18032190840343068
0.08796481166317902 0.1375197562797689 0.0873342161265889 0.123767780651792 0.1166289039268101 0.2796980274719417 0.09282583548884402 0.0742606683910752
0.07092263978100505 0.11544360643412964 0.08860247431157102 0.14430450804266207 0.08732505498773178 0.22236020568450912 0.09787610110719688 0.17316540965119445
0.07094178429278476 0.11739119395709229 0.09010756843969848 0.14673899244636535 0.0914430075981988 0.20776334571442628 0.09952731661579564 0.1760867909356384
0.09780138542689414 0.0719765101004177 0.21840664536238769 0.1439530202008354 0.08687580889187334 0.09612721438207626 0.15936191084504361 0.12549750479047186
0.07436287386594582 0.12021022872789308 0.10284660112041105 0.1502627859098664 0.09651160897651166 0.1735731904730142 0.10191736783451807 0.18031534309183964
0.07166775414524224 0.11822930965431737 0.09190325937582226 0.14778663706789671 0.09841789999872697 0.19441328230872748 0.10023789296779083 0.17734396448147602
0.10933488792535406 0.08041202993610191 0.14940116227491856 0.09649443592332231 0.14003925150548097 0.15053441622380856 0.15316577130686082 0.12061804490415287
0.0804207886754347 0.11239418539167957 0.11044681751305704 0.1348730224700155 0.09622259276098342 0.19589654824879865 0.10115476685251162 0.16859127808751936
0.06720405037867735 0.09515382114265868 0.06518043344698737 0.08563843902839283 0.12523687005881304 0.28754338105361366 0.10276612683407138 0.17127687805678565
0.0715659365980308 0.11316822828376831 0.08524306034038485 0.1414602853547104 0.10032822050060308 0.22253495034322052 0.09594697615362967 0.16975234242565246
0.14022832583636857 0.09540277665298032 0.17548482931783504 0.11448333198357638 0.11626702058601704 0.13158997931709784 0.126737754576853 0.09980598172927173
0.11192092052053931 0.13831978893983646 0.10727489069335493 0.1244878100458528 0.11614520117458312 0.23379284506393225 0.09336585753438961 0.0746926860275117
0.09038286875552723 0.13339528294109326 0.07291530279233491 0.1162933235896711 0.11635355442975552 0.2522304684014532 0.0788772107825595 0.1395519883076053
0.10234374667343953 0.07118857055956965 0.1894809531560486 0.1423771411191393 0.102110955047463 0.10561931924905925 0.1587398871880553 0.12813942700722536
0.10198476493493713 0.06983370208696259 0.23031979280053058 0.13966740417392517 0.09712718160168078 0.07964775793211448 0.15571873271331657 0.12570066375653266
0.10731879320460551 0.06761874939337464 0.2686312013188755 0.1352374987867493 0.08222672203674278 0.07135420697264558 0.1497134703703533 0.11789935791665322
0.08553035144329413 0.1125801723552264 0.1374537409917033 0.1350962068262717 0.09156096177558909 0.16758615295537205 0.10132215511970376 0.16887025853283957
0.06419044930790767 0.09868134838845376 0.06343299724667126 0.08602989346685713 0.1365327289009323 0.2818216118364077 0.09725118391905588 0.17205978693371426
0.0965469572722516 0.06981444899062934 0.19794860937369307 0.1396288979812587 0.10454277008284867 0.11017650693409581 0.15567580118208987 0.1256660081831328
0.09853844474288688 0.06785732009562377 0.25043749496228507 0.13571464019124754 0.09521835635900858 0.07877887162180751 0.15131169585501777 0.12214317617212278
0.12959491138280219 0.08888237337260577 0.22726538473180727 0.1111029667157572 0.12259713788169457 0.09669303924925507 0.12387151662189648 0.09999267004418147
0.11118537114335722 0.06595001777257505 0.26797477754947574 0.1319000355451501 0.08932913759796651 0.07265212444498802 0.14601876136866432 0.11498977457782315
0.06859691371658094 0.1010549925476374 0.085379796578488 0.08809922427229927 0.13981257737124017 0.24126761953090423 0.09959042743825135 0.17619844854459854
0.1259844203779232 0.09045777016400491 0.1720378126487014 0.11307221270500614 0.13627290616893492 0.13434280755967073 0.12606707894125313 0.10176499143450553
0.07828117340175138 0.11265145553560836 0.11668542415661697 0.14081431941951045 0.10270062048021861 0.18438098096617023 0.09550884273671145 0.16897718330341255
0.11102568988737174 0.07865027764423427 0.1594677659542277 0.09831284705529282 0.14790233808256215 0.14051701466059913 0.14614865024936066 0.11797541646635139
0.10017183581076781 0.06724951356912538 0.2386780859955409 0.13449902713825077 0.10480618850911805 0.08358984653445298 0.14995637801831838 0.1210491244244257
0.10527458297185403 0.06631661125054981 0.27521867595472876 0.13263322250109963 0.08727031910411213 0.070827195543522 0.14683042946804675 0.11562896320608684
0.08457021341541286 0.1114661762960748 0.1397938476951937 0.13375941155528978 0.09681949787177574 0.16607203005567375 0.10031955866646733 0.1671992644441122
0.08036794324413683 0.1107041000920014 0.10938294355537492 0.1328449201104017 0.10110592218286862 0.1999043305944133 0.09963369008280128 0.16605615013800212
0.06228097402469597 0.09634246345262788 0.06133763126713052 0.08399086557408585 0.13796216966333674 0.2951579690035935 0.09494619586635791 0.1679817311481717
0.12417617153999559 0.08997012503887887 0.16269944661502572 0.11246265629859858 0.1377260483210318 0.14636169248033795 0.12538746903739276 0.10121639066873872
0.10627821547761201 0.06664313646583399 0.23899609508114386 0.13328627293166798 0.10211324342970028 0.08412114339351694 0.14860424758202384 0.11995764563850118
0.07978835165727756 0.11357502694111124 0.13242569281472863 0.14196878367638904 0.09815127280273993 0.16743646102862292 0.09629187066746389 0.17036254041166685
0.10470129582802098 0.06885514568268422 0.23635661184818363 0.13771029136536844 0.09299902732274111 0.08687154874322493 0.15245095340407086 0.1200551258057058
0.1177921646082403 0.07677184489900879 0.19509227012269062 0.09596480612376099 0.14276444835277016 0.11379856884461878 0.14265812970039693 0.11515776734851317
0.13756248426569223 0.08725243048121681 0.20775249192504303 0.109065538101521 0.1354929009195958 0.10311523425162741 0.12159993576393462 0.09815898429136889
0.08549499281922933 0.11168120751291259 0.12444729531735474 0.13960150939114072 0.10421772335832787 0.17234921917941387 0.09468624115225198 0.16752181126936888
0.13654001046657746 0.09012297367828576 0.1863405257103645 0.1126537170978572 0.1286449851936739 0.1187089548948723 0.1256004875702975 0.10138834538807147
0.11196710959675948 0.06580251911163884 0.24727178295270175 0.13160503822327768 0.09949392046850271 0.07868529889872403 0.1467297963474454 0.11844453440094993
0.12254344294757738 0.07592099952463045 0.19733747945219646 0.09490124940578806 0.14360589330343523 0.11073235487321044 0.14107708120621626 0.11388149928694566
0.0976385457638883 0.12904344950079802 0.14118677884675118 0.1613043118759975 0.09178992471599559 0.15180830647994678 0.08205480212822483 0.14517388068839776
0.10808145879260515 0.06852768782930983 0.23962199491379985 0.13705537565861967 0.09149980479997809 0.08400356955952994 0.15172593479505309 0.11948417365110432
0.0991712803906079 0.1355280468212524 0.1105018012676597 0.11815265620314314 0.11485064159539717 0.19987406294038387 0.08013832333778403 0.14178318744377177
0.10717353709054278 0.06809797157247524 0.2196756787489585 0.13619594314495048 0.09973998865396112 0.09469221922839073 0.15184831273026567 0.12257634883045546
0.10567805003363571 0.06602823613981008 0.26174708060606944 0.13205647227962017 0.09365108525234932 0.07475513900569852 0.1472331116311586 0.11885082505165814
0.10391570749593683 0.06505941820694398 0.2770233583019481 0.13011883641388797 0.09116499291712972 0.07053794165109557 0.14507279224055863 0.11710695277249915
0.09442686988505888 0.12999128240508098 0.16185869645562856 0.16248910300635122 0.08269640712230406 0.1396399481948903 0.08265750022496995 0.1462401927057161
0.1067936055096786 0.06815617069889245 0.2479440637688593 0.1363123413977849 0.08945413780856905 0.08159991529890598 0.1509033653243691 0.11883640019294067
0.082739365286235 0.11331262085891904 0.13437217610548147 0.1416407760736488 0.09564512784368452 0.16625160659804739 0.09606939594560528 0.16996893128837856
0.14194181640508674 0.0927684672232848 0.1921307912188783 0.11132216066794176 0.12473642424762788 0.11681204346569798 0.12323820798404624 0.09705008878743641
0.10431079837786517 0.13232643986644646 0.10007791675122726 0.11536151167844051 0.12087940921745878 0.21036491086905612 0.07824519922537704 0.1384338140141286
0.10848616101149379 0.06809443937452084 0.215068834272157 0.13618887874904168 0.10108710085154664 0.09666415841108152 0.15184043645602108 0.1225699908741375
0.10612473615292037 0.0660981261561199 0.2599991705883547 0.1321962523122398 0.09402422849640474 0.07519190327676101 0.14738895593618376 0.1189766270810158
0.10409845792640475 0.0650895540676499 0.27638349868262474 0.1301791081352998 0.09128063456625482 0.0706675585879531 0.14513999071204317 0.11716119732176981
0.10309213277675258 0.06470386474510849 0.28225480919597123 0.12940772949021698 0.09024111868445446 0.06955342747795472 0.14427996108834637 0.11646695654119528
0.10267097594089046 0.06456509905898544 0.284350860620146 0.12913019811797088 0.08985858363767343 0.06923656999857151 0.14397053431958842 0.1162171783061738
0.09412249125110322 0.12983487154458045 0.16361125098782314 0.16229358943072555 0.08238117082814068 0.13913435215086578 0.08255804331910821 0.146064230487653
0.1074619571164492 0.06803636094550895 0.24848734213562618 0.1360727218910179 0.08926531794949871 0.08141070214581063 0.15063809668032915 0.1186275011357592
0.0730519142392428 0.09988001462097607 0.08269373602401975 0.08707488454136375 0.14046364955754348 0.24425355375693278 0.0984324781771938 0.1741497690827275
0.10183187105996022 0.06845500602177935 0.20817976373646868 0.1369100120435587 0.105771441944721 0.10298844809081908 0.15264444626349005 0.12321901083920282
0.09441900819423214 0.13072565094090538 0.14485336035644797 0.16340706367613173 0.08567867525432289 0.1507254214428874 0.08312446282655396 0.14706635730851852
0.10818820126410157 0.06847218280682982 0.24127363108019712 0.13694436561365964 0.09037908709734849 0.08375209436268505 0.15160304211198786 0.11938739566319044
0.08300686753705727 0.1133354071242064 0.13290619864097625 0.141669258905258 0.09584652288872243 0.16714391948172988 0.09608871473574021 0.17000311068630958
0.08076321023929409 0.11079613290471299 0.1081543951038696 0.1329553594856556 0.10098601155496272 0.2004341717401937 0.0997165196142417 0.1661941993570695
0.07725912274433162 0.11219456406237376 0.1024487646477062 0.14024320507796723 0.09685031921684362 0.2075906999304219 0.09512147822679515 0.16829184609356063
0.07665597711515795 0.11223096917550805 0.10121339924830601 0.14028871146938507 0.0960042379584626 0.2101079078385092 0.09515234343140902 0.1683464537632621
0.07652358487390863 0.11218908707117892 0.10091040297059335 0.14023635883897365 0.09579983395713153 0.21094026699066348 0.09511683469078212 0.16828363060676838
0.10312916404825669 0.06900370821012745 0.21751688115401568 0.1380074164202549 0.09681961642841573 0.0974485687130426 0.15386797024765733 0.1242066747782294
0.0947471600874187 0.13084507777071205 0.14727313457800417 0.16355634721339005 0.08412994595061091 0.14904721919491465 0.08320040271289843 0.14720071249205105
0.10855433303919423 0.06839364007860109 0.24216506855540132 0.13678728015720218 0.09001950552431873 0.083400581223094 0.15142914205437114 0.1192504493678173
0.09932082837519463 0.13549412919977372 0.11098944381015131 0.11812308699467454 0.11452635111483452 0.19968018841102622 0.08011826770073575 0.14174770439360942
0.08000728738024161 0.11131095001694893 0.10252167590317372 0.1391386875211862 0.09914885861264233 0.20653378835210093 0.0943723271882828 0.1669664250254234
0.13611566377719714 0.09034590943282597 0.17865690708921247 0.11293238679103246 0.12771218975864873 0.1266866115572117 0.12591118348194216 0.1016391481119292
0.11252850094982492 0.06591283088318678 0.24435796374642868 0.13182566176637356 0.09955792237875874 0.08019824955213722 0.14697577513355378 0.1186430955897362
0.09637487564791575 0.13024820350614352 0.15379419407566883 0.1628102543826794 0.08437517307929679 0.14304720183008643 0.08282086853379779 0.14652922894441145
0.10866246966014674 0.06821656299361163 0.2446219316070891 0.13643312598722326 0.08983924935623604 0.08224788198711375 0.15103707882997447 0.11894169957860488
0.07321692189038122 0.09984831253116978 0.08213500645505903 0.08704724682204545 0.14061742083078327 0.24463936228850594 0.09840123553796443 0.1740944936440909
0.10188742274567343 0.0684588474355176 0.2079360329206621 0.1369176948710352 0.10584688389565257 0.1030741807047465 0.15265301204278106 0.12322592538393169
0.10494631157473648 0.0662786678692323 0.2574388419622507 0.1325573357384646 0.09524848800200571 0.07643721567879216 0.14779153700990003 0.11930160216461812
0.1039571772732505 0.06515148918506397 0.27547393532133346 0.13030297837012794 0.09162627745935101 0.07093736507792887 0.14527809677982922 0.11727268053311515
0.10311612755962236 0.06472172002700753 0.28192471839126826 0.12944344005401506 0.09035402861271177 0.0696210936047475 0.1443197757020138 0.11649909604861357
0.1374198362104545 0.08638837813002774 0.23767264931337642 0.10798547266253468 0.12028923850204398 0.09266175638391828 0.12039574340136329 0.0971869253962812
0.1279905651970934 0.07463675893908003 0.19238951317502567 0.09329594867385003 0.14827018073299827 0.11277120102384806 0.13869069384948454 0.11195513840862005
0.11003974234036495 0.06545469344312554 0.249216949860817 0.1309093868862511 0.10316356247279972 0.0774430197780762 0.14595419702093965 0.11781844819762599
0.09583527994842297 0.1301650071241552 0.15499337296624666 0.16270625890519402 0.08499896737275843 0.14209751418199304 0.08276796648655523 0.14643563301467458
0.10849744095255504 0.06818926162541708 0.24508806502299052 0.13637852325083416 0.0899103119173007 0.0820656686816328 0.1509766313562348 0.11889409719303491
0.08305547079052553 0.11330302204376314 0.13374214256655256 0.14162877755470393 0.09575681566415528 0.16649798049494277 0.09606125781971223 0.16995453306564468
0.14337891490937246 0.09260776294474816 0.19167149198311126 0.1111293155336978 0.1245828750020671 0.116722951745506 0.12302472049314532 0.09688196738835195
0.08811355530855906 0.11140728669361044 0.120728380474771 0.13925910836701305 0.10177968994169426 0.1771470452380494 0.09445400393588713 0.16711093004041563
0.10430479568748634 0.07575401815063107 0.2236318699742734 0.13563492399711763 0.09670596257011613 0.0906741797754368 0.15122281824753264 0.12207143159740587
0.13888349495684316 0.09405423333122041 0.21792834163508681 0.10886344653623241 0.12296183059917073 0.09795693230873947 0.12137461875009793 0.09797710188260916
0.11119009114250245 0.07104297497429869 0.2580159384822988 0.1289693868389214 0.09684000274488248 0.07407791591777699 0.14379124174428995 0.11607244815502923
0.10473800511310856 0.06948742323726581 0.2747237278241503 0.1292088878397077 0.09139376604126448 0.07010192340180871 0.1440582674869577 0.11628799905573693
0.10287750882998098 0.06909291008703353 0.28098732860466397 0.12867256100884544 0.0899313680399051 0.06917271542667362 0.1434603030949366 0.11580530490796088
0.1022749717213393 0.06893043272995038 0.2832705351805118 0.1284144901011061 0.08947189161971639 0.06889206426455033 0.14317257329183022 0.11557304109099549
0.1020687168598005 0.06886678822015978 0.2840951967121185 0.12831392226018024 0.08931593741253373 0.06879646084678442 0.1430604476542606 0.1154825300341622
0.10199629729551278 0.06884305843156029 0.2843920601429815 0.12827676572132554 0.08926119322632628 0.06876251514678715 0.14301902088631369 0.115449089149193
0.101970570631143 0.06883440477535668 0.284498788372759 0.128263275887494 0.0892417076802164 0.06875032362599069 0.14300398072829554 0.11543694829874461
0.08116503669786428 0.1200900105331186 0.1415638154238088 0.1398578739731117 0.09471220467140674 0.1599214867164107 0.09486012321654531 0.167829448767734
0.076971220261045 0.12546923063333212 0.10921885736918448 0.13930575931780817 0.09516537357019599 0.192217002216725 0.09448564545033945 0.16716691118136975
0.10230978520693632 0.07719996780031266 0.2195188695759822 0.13646765042441591 0.09586121773745838 0.09367037780271321 0.15215124607020697 0.1228208853819743
0.08135442378754319 0.12146213624654115 0.1272819438286769 0.14040080718608056 0.09627342081365492 0.16951792594451723 0.09522837356968943 0.16848096862329667
0.13492788117588114 0.10044251402516302 0.18597576789026668 0.1113872382396786 0.12548479451528263 0.11734483158124136 0.12418845815677597 0.10024851441571071
0.14668027073570197 0.09513736410095999 0.2024221671891364 0.10731357092643432 0.1294718630506059 0.10274592705583857 0.11964662310753198 0.09658221383379088
0.08799343142505353 0.12140058253165663 0.12224023064293513 0.13757751697456402 0.10196191188711444 0.1704198598734081 0.09331344629579126 0.16509302036947682
0.0904676710254826 0.14540383073751798 0.12163455151028789 0.16120614736545966 0.08393164049069153 0.17026575997313034 0.08200486626851644 0.1450855326289137
0.12204467346223682 0.0775106246863092 0.15646291426734232 0.09301274962357105 0.14616042764804651 0.1409033881662509 0.14763928511677943 0.1162659370294638
0.09864543804264786 0.14086335024590332 0.09218126242406041 0.11336403647265592 0.12433709251327017 0.2176815865789087 0.07689038995536662 0.13603684376718708
0.10658726744149087 0.07762008495354268 0.21015530706271984 0.13488767105241728 0.10132843653864655 0.09763264202467063 0.15038968697933686 0.12139890394717553
0.10547038164185965 0.07120466717862194 0.2574710858777664 0.13162194696746965 0.09386008951214295 0.07516342821604387 0.14674864833537285 0.11845975227072267
0.10365115523038271 0.06965254952919539 0.27482293704420996 0.12952076473152563 0.09096513803486354 0.07041278022450988 0.14440598694693976 0.11656868825837308
0.1026579859740623 0.06912213932433973 0.28106731798099055 0.12870913615028554 0.08986577045367451 0.06923834593323627 0.14350108164815414 0.11583822253525697
0.11952723904509452 0.08059901452045756 0.2070307438502017 0.09384291036904814 0.13946630695256781 0.1074185036741426 0.13950378914562978 0.11261149244285777
0.12322547504779269 0.08091235514283611 0.18240154085237306 0.09305710160759649 0.1540763227925597 0.11632305098419474 0.1383356316435315 0.11166852192911579
0.10885038431397887 0.07093139219169436 0.24462627100453221 0.13047433433303182 0.1042820312081381 0.07793954015818735 0.1454691458907086 0.11742690089972865
0.10466542207472201 0.0697953669949397 0.2698548242493945 0.12980990995236308 0.09328242079876566 0.07103477468251643 0.14472836229017197 0.11682891895712677
0.10302533986379925 0.06923153918216719 0.2792371851983374 0.12889758082361427 0.09045330155228523 0.06943604724266327 0.1437111833958804 0.11600782274125285
0.1023664048204343 0.06898225098762716 0.2826430688523369 0.12849568591910143 0.08962833024452735 0.06897504127927577 0.1432631005695056 0.11564611732719131
0.08124524265202855 0.120128271585021 0.14116596234947676 0.13988452798119833 0.09480743188018564 0.16002892838740415 0.09487820158724757 0.16786143357743796
0.10228806356418027 0.07606489880893823 0.23200310706285648 0.13512081675597237 0.09485265034175759 0.08741210134605208 0.1506496270398677 0.12160873508037512
0.10390616439696165 0.07068853661517398 0.265760010960739 0.13086563491397443 0.0920207467033994 0.07307441815025095 0.1459054168369237 0.11777907142257699
0.12017629936022245 0.0809764166113615 0.20253220423840743 0.09415314767426783 0.14052369656852762 0.10868948060141904 0.13996497773667277 0.11298377720912138
0.10766665764583287 0.07063197086316189 0.2525960394733694 0.12993027200893142 0.10104275395789931 0.0763325042417642 0.14486255700100265 0.11693724480803828
0.09454904059239524 0.13848154885815972 0.15477128240230967 0.1610135684671066 0.08389016130588904 0.14047528453351985 0.0819069022202238 0.14491221162039591
0.1227438128651746 0.07718383002909675 0.16633278240154836 0.0926205960349161 0.1455922852065366 0.13273412931604092 0.1470168191030414 0.11577574504364511
0.08369208755563642 0.11928453451989515 0.11413048498070073 0.13768226313226858 0.10521864990724018 0.18138877262973693 0.09338449151579956 0.1652187157587223
0.1355716567175876 0.10017037473171272 0.1809647590606453 0.11127179114618482 0.12787029912501824 0.11994676392429988 0.12405974326298516 0.10014461203156633
0.12778597704144493 0.08274925726782659 0.17448959526575444 0.09336300360044796 0.15093957223731766 0.11984661476510942 0.13879037550156145 0.11203560432053755
0.08462842783877943 0.11996274549840089 0.11600811588515994 0.1376735531261497 0.10641927942920962 0.17672103061144537 0.09337858385947546 0.16520826375137965
0.07729438577916399 0.12499129130530208 0.10336260485509396 0.13875774772404723 0.09724953863200597 0.19772118380530668 0.09411395063022335 0.16650929726885666
0.07584736948501465 0.12528608014920276 0.10038869337589257 0.13846990157590086 0.09511706413162711 0.2048082935398004 0.0939187158514806 0.16616388189108106
0.08783039327929504 0.14559330492585126 0.11589158107785257 0.16086598045678369 0.08249794887110755 0.180709584136945 0.08183182484105954 0.1447793824111053
0.08191679975963108 0.11059692469895735 0.1043343433872077 0.1327163096387488 0.09991418021084138 0.20508882302711604 0.0995372322290616 0.165895387048436
0.09000809935284129 0.14513921727539858 0.08240986234548088 0.11334874280586373 0.112365067117585 0.24383050287616467 0.07688001685962931 0.13601849136703648
0.11753888464918305 0.0875989731663215 0.1444322249592472 0.09477748122566543 0.14808404367463004 0.15294232336047847 0.1408930914936758 0.11373297747079851
0.12344011599271709 0.08199509656381722 0.16305323236940705 0.09367429473219542 0.1576721299750845 0.12850284601162681 0.13925313067651737 0.1124091536786345
0.1095379333753637 0.07143711286686655 0.23719188854435028 0.13127460250332984 0.10562894003159706 0.0804209952464101 0.14636138517908565 0.11814714225299684
0.09503156546617582 0.13878004763708418 0.15101008442442818 0.16125020880534977 0.08481801726741896 0.14195760834331125 0.08202728013141707 0.14512518792481477
0.08357500364368395 0.11103625831700532 0.11236433227754448 0.13324350998040638 0.10161880649404736 0.19167506932649986 0.09993263248530479 0.16655438747550794
0.06583124333548739 0.10581007878947213 0.061077672122612066 0.08260533622892775 0.13696286040686143 0.2891221913565176 0.09337994530226616 0.1652106724578555
0.08416414264957393 0.13999998076834266 0.10402220469556943 0.15714735245824246 0.08849303196721404 0.20480049530248995 0.07994017494614943 0.1414326172124182
0.10389237642916306 0.07815746140258156 0.21698716098231924 0.13624596681268278 0.09440585882539519 0.09578572002976601 0.15190408538667766 0.12262137013141451
0.10477130654385881 0.0711941936004888 0.26024750559780063 0.13154887068035695 0.09238024222392198 0.07479672401255512 0.14666717372869648 0.11839398361232126
0.13785436609660626 0.09277364303899077 0.22981671305352294 0.10782242523894968 0.12076952292583114 0.0937091892392604 0.12021395769178417 0.0970401827150547
0.0865300716550135 0.12124288267349619 0.12839004986742372 0.13771870815194856 0.10022852462069998 0.16721810250254068 0.09340921074653903 0.16526244978233826
0.10374159439113464 0.07631195549223703 0.22671805143745527 0.13539021119517664 0.09619996114825363 0.08883705452456601 0.1509499817355178 0.12185119007565896
0.10438717201283133 0.07081513187455223 0.2637798825727978 0.13107159403805638 0.0924304865083928 0.07341625246892754 0.1461350458901912 0.11796443463425074
0.13762425442000514 0.09265225612206196 0.2309541149104441 0.10771726903231033 0.12067934830918588 0.0933304987080539 0.12009671636885942 0.09694554212907928
0.08648817927749729 0.12122326814800008 0.12864018774993932 0.137711138447676 0.10020750357020232 0.1670722801571372 0.09340407651233676 0.16525336613721117
0.11781783805765769 0.08667277029605695 0.16102192345942476 0.09610915149840515 0.14567752534323997 0.13449710075248505 0.1428727087946441 0.11533098179808618
0.1085765870115157 0.07203185408618501 0.2369087431113027 0.13180401545687556 0.10345155078115208 0.08165199452792127 0.14695164111385975 0.11862361391118799
0.08238116028097063 0.12063603330175211 0.13109911313369918 0.14009302815260452 0.09777921635067038 0.16488019590236758 0.09501961909481003 0.1681116337831254
0.14315231597467357 0.09231505042220983 0.19024221845504002 0.1107780605066518 0.12817126578609261 0.11612947705910058 0.12263586673915054 0.09657574505708105
0.08725807627577081 0.12094411218105583 0.1193939893847116 0.13746175386453957 0.10155741609080851 0.17519561885754376 0.09323492870812249 0.16495410463744747
0.1041588286713957 0.07647231150531542 0.22312356966959215 0.1357076326871417 0.09670759251856648 0.09038931251867331 0.15130388301088782 0.12213686941842752
0.10459837632621358 0.07090996493318619 0.2624529063670566 0.13123012567875456 0.09263749779447308 0.07375221895058678 0.14631179683885023 0.1181071131108791
0.10330217137652203 0.06952268664643425 0.2766456366755328 0.1293126010712889 0.09058374268971035 0.07007792057597428 0.1441739000003773 0.11638134096416002
0.1197843598865835 0.0807010140549073 0.2057271652323563 0.09392900355213751 0.1397970234655801 0.10771485710120013 0.13963177244467012 0.11271480426256501
0.12331188113960491 0.08093532904494843 0.18200521278634615 0.09307510309226015 0.154203441957966 0.11641651620862314 0.13836239205953899 0.11169012371071219
0.08384733907748944 0.11973446837341259 0.11766376417860007 0.13765021368310132 0.10711182756709046 0.1754493770720464 0.09336275362853828 0.16518025641972156
0.08961135235810481 0.1451293729002461 0.12045593675187513 0.1611468497784172 0.084831702635859 0.1718179189311189 0.08197470184380354 0.14503216480057546
0.08233359532254368 0.11066103282320076 0.10539662433162503 0.1327932393878409 0.10124223116710766 0.20198679819200008 0.09959492954088069 0.16599154923480114
0.06537894192972309 0.1053331684473259 0.059939291519501905 0.08225741299392893 0.13629191176616443 0.2932978065797522 0.09298664077574575 0.16451482598785785
0.09982883487271818 0.07580890906204905 0.19708453545680643 0.13620476098501005 0.10494083072349486 0.11168970004952805 0.15185814396388436 0.12258428488650906
0.10441516469609186 0.07140529091469237 0.25268545346870946 0.1322361339144032 0.09501095744708984 0.07780105808969348 0.14743342094635697 0.11901252052296286
0.12052837004398681 0.08120200699069625 0.1986109248006643 0.09435917015178485 0.1417143851841048 0.11008289465978878 0.14027124398683244 0.11323100418214184
0.08349451110916084 0.11999560344975908 0.12147487046738692 0.13793304818561497 0.1046492937066539 0.17337842605453005 0.09355458920415624 0.16551965782273795
0.10325314625009084 0.07637759908592018 0.22399458829989535 0.13566347173735738 0.09731121540587746 0.09004820780976552 0.15125464684747156 0.12209712456362164
0.10437030256335755 0.0708855014278165 0.2627817704507736 0.1311963400640145 0.09273650843683583 0.07367874259985929 0.14627412839972959 0.11807670605761306
0.13764989603045497 0.09268139448503529 0.23062985878534253 0.10774475420649751 0.12078803009626742 0.09340842732360873 0.12012736028694573 0.09697027878584775
0.14606243911553413 0.09340555963570285 0.21711666500407625 0.10610717774164567 0.12694643240509568 0.09656368139462941 0.11830158473583481 0.09549645996748109
0.11264634858893491 0.07085201121571849 0.25734960123275186 0.12866825601201143 0.09750073413303498 0.07372611506200297 0.1434555033447351 0.11580143041081027
0.0830548798369986 0.12036678398595554 0.1355989827829065 0.13990846764613846 0.09647256132717472 0.16181372432025304 0.09489443892520696 0.16789016117536612
0.14325920067033385 0.09222536767137472 0.19177321262185254 0.11067044120564967 0.1277079542421183 0.1153651727372796 0.12251672774903015 0.09648192310236126
0.07600520558539418 0.10531240360639536 0.07271998125414937 0.0834860740307864 0.1472605469919953 0.2538680785218611 0.0943755619478455 0.1669721480615728
0.08657502111708372 0.1405705806728421 0.10739834914056909 0.15788227405637822 0.0907297561929921 0.19443594580158455 0.0803140263678098 0.1420940466507404
0.07731503231634221 0.12686936967131 0.10110539107919693 0.13816674922900982 0.09363262348870255 0.20339763566355915 0.09371309947706753 0.16580009907481177
0.07577112133323616 0.12537076351784276 0.09980126725936381 0.13831977168526435 0.0942751483670908 0.20666131319357517 0.09381688862130974 0.1659837260223172
0.07546204355120563 0.12512125724438183 0.0994638408662962 0.1382334909318497 0.09435136235019087 0.20772944817538413 0.09375836776247198 0.1658801891182196
0.10221621107241077 0.07736332103327127 0.21556002394787482 0.1367825664829101 0.09593541017694264 0.09653580347774177 0.1525023539742296 0.12310430983461908
0.10446000060857945 0.07118701352433415 0.2597525203899586 0.13164127496248823 0.09274643228670224 0.07496541315426697 0.14677019760743087 0.1184771474662394
0.10337153966437747 0.06961432225555468 0.2756882426878935 0.12945208113952317 0.09069417479974398 0.07034335655983825 0.14432940986749818 0.11650687302557083
0.10257049636170311 0.06910139814448607 0.28138468637112474 0.12867467386785175 0.08978927989607975 0.06920960010263554 0.1434626587750526 0.11580720648106656
0.10219830991235981 0.06892503348677811 0.28342133140361153 0.12840337069834176 0.08943665393651454 0.06889209094633263 0.14316017598755418 0.11556303362850759
0.10204750991249892 0.06886332450836198 0.28415058207938804 0.12830802829000826 0.08930589196130105 0.0687935614700669 0.1430538763173674 0.11547722546100743
0.10198989172072773 0.06884151078592746 0.28441202540285054 0.1282742469599299 0.08925839939408678 0.06876089081721594 0.14301621265532483 0.11544682226393689
0.10196849919573274 0.06883374855357974 0.2845058312293082 0.1282622088186507 0.08924129478486068 0.06874963845491512 0.14300279102616725 0.11543598793678563
0.10196067427747631 0.06883097517790779 0.28453950498088326 0.12825790396152625 0.0892351533637493 0.0687456832413519 0.14299799143173153 0.11543211356537365
0.10195783502757708 0.06882998192689868 0.2845515962734087 0.12825636145564914 0.08923295013175397 0.06874427822183724 0.1429962716527909 0.11543072531008423
0.11927796686151898 0.08052289855393994 0.20806147000450845 0.09377801816370833 0.13918874939194362 0.10722995270397037 0.13940732252396043 0.11253362179644999
0.10728007042295284 0.0704727125763417 0.25468010986586415 0.12968953387148854 0.10060088976203943 0.07596195107368708 0.14459415194328648 0.1167205804843397
0.0821112975029635 0.12033950725492025 0.13498688171865217 0.13993892256404777 0.09712640492925402 0.16265518364899445 0.09491509530431066 0.16792670707685733
0.10611215678579854 0.06845197338233232 0.23694381811995704 0.13690394676466464 0.09491641048872995 0.08576123895595357 0.15155829678465113 0.11935215871791277
0.07221489066636032 0.105979399312597 0.08053848671311466 0.08615553366175425 0.14097816859255632 0.24442924176464764 0.09739321196546133 0.1723110673235085
0.10102087298485461 0.07556731503433073 0.20594383207771544 0.13576584683348164 0.10542502835996811 0.10271905511979833 0.1513687874397176 0.1221892621501335
0.09344701476294597 0.1396591730435409 0.14321542613774702 0.16167969367494142 0.08490037786080924 0.14934083299531542 0.08224575721725282 0.14551172430744727
0.14646081625501575 0.09221382967741291 0.1945248427375699 0.11065659561289552 0.12457766027029885 0.11259500275250582 0.12250140010869993 0.09646985258560123
0.07661682850700255 0.10547974695304933 0.07320362149704253 0.08361955418724114 0.1465390181010687 0.2527756698206234 0.09452645255948998 0.16723910837448228
0.1020534256824968 0.07551036705003274 0.20250176565864894 0.13567679536848523 0.10664472393537089 0.10423430477145043 0.15126950170187828 0.1221091158316367
0.10470621647080494 0.07123490078797949 0.2546378938107567 0.13195311340934565 0.09516582035664467 0.07642637889190657 0.14711787420415104 0.11875780206841109
0.13796978081295358 0.09287419068710796 0.22794614595758628 0.10793821204230036 0.1216308197397861 0.09415340858548156 0.120343051336714 0.09714439083807032
0.11062899381429578 0.07071692233021118 0.26172809467393354 0.12851174372837593 0.09625902844568504 0.07321364382345734 0.1432810038285027 0.11566056935553835
0.10448639810109403 0.06937435915766724 0.27606602881843123 0.12903529386432247 0.09116641530552914 0.06987501711588816 0.14386472315917745 0.11613176447789024
0.10277665058222138 0.06905251634991755 0.28146965285023884 0.12860990603281858 0.08984691066748172 0.06910500061537406 0.14339044747241114 0.11574891542953672
0.1365796690931121 0.09206605035650679 0.23666076211202552 0.10720071782602605 0.11948660921999828 0.09200474502645789 0.11952080032244994 0.09648064604342343
0.08629012554149577 0.12111792105113471 0.1298848444337323 0.1376624260994924 0.09993738365960061 0.1665413510624543 0.09337103683269918 0.16519491131939082
0.10364032358922326 0.07626862832084326 0.22730504305415722 0.13532784088334204 0.09609716375063636 0.08868550011446698 0.15088044349232316 0.12179505679500785
0.10434498119611402 0.07079810203180688 0.26399617488752364 0.13104489813958856 0.09239240563758608 0.0733777478261205 0.1461052819556308 0.11794040832562969
0.10319425980973805 0.06947787414052144 0.27720347335054424 0.1292415581610411 0.09048907347364513 0.06998166626241234 0.14409469245716075 0.116317402344937
0.08141951707521455 0.12024621250309062 0.13999391235398695 0.1399616003488413 0.09502446677013354 0.16046989377177903 0.09493047675834453 0.16795392041860951
0.08084124019446409 0.11053680390680332 0.10954508204447447 0.13264416468816398 0.10338645135758903 0.19775792843217704 0.099483123516123 0.16580520586020497
0.08993592207664988 0.14536394171199057 0.08346063630554687 0.1135296458645939 0.11338821757535007 0.2410833451028054 0.07700271632555063 0.13623557503751266
0.10497728483225137 0.07826719083088172 0.20692060796189937 0.13546557083720218 0.09942435971225842 0.10199196995950258 0.15103400211252244 0.12191901375348198
0.12144515232360957 0.08233251113657332 0.18486179817023288 0.0950651808220351 0.14400565595325068 0.11689070834106981 0.14132077626678652 0.11407821698644213
0.08361970807952739 0.12010304254608228 0.11840039752191162 0.1379151692198665 0.10508250676974919 0.17583851019772243 0.09354246260130074 0.16549820306383975
0.08956911810715446 0.14518816963452286 0.12064177524459484 0.16116284024953184 0.08446893668677957 0.17193976772590194 0.08198283612693576 0.14504655622457863
0.08233364355894648 0.11066035856125168 0.1054354579525647 0.13279243027350202 0.10116335399620745 0.20202989511052374 0.09959432270512651 0.1659905378418775
0.07656650423331465 0.12335754639958083 0.10065702823456481 0.13812476615862596 0.09575217895924631 0.20610763262107432 0.09368462400324196 0.16574971939035116
0.10240258926850786 0.07718218711953236 0.2159707473198028 0.13667825676391052 0.09616384300431981 0.0962058890145549 0.15238605642185246 0.12301043108751947
0.10448120477114657 0.07115891904913452 0.2598913303545988 0.13161110070878268 0.09277410749069104 0.07489679142138271 0.1467365555663592 0.11844999063790443
0.10337035635982039 0.06960802439178343 0.2757361637760495 0.1294436165590925 0.09069446793300096 0.07032814358506681 0.14431997249200312 0.11649925490318325
0.10256842165389975 0.06909963720939787 0.2814015204387947 0.12867210685118058 0.08978773123326847 0.06920588970436341 0.14345979674303266 0.11580489616606252
0.10219725551598619 0.0689244788207877 0.2834273067629407 0.12840253465213936 0.08943581835677904 0.06889108084601152 0.14315924385842999 0.11556228118692544
0.13635759064563313 0.0920164720997928 0.23730702494469166 0.10715480522479072 0.11933207525612517 0.09192309592826886 0.11946961119838606 0.09643932470231163
0.10995191279725554 0.07044222046944305 0.26521334991230633 0.12810878022266053 0.09551798900653115 0.07263611579987556 0.14283172959153342 0.11529790220039447
0.10422038660740056 0.06927312132867716 0.27733115166055855 0.12887771855571248 0.0909163617883407 0.06970227490974047 0.14368903844942868 0.11598994670014125
0.11997138544731556 0.08064088122327571 0.20588440444999923 0.09387894584693635 0.1398399524455087 0.10757233726683693 0.1395573583038039 0.1126547350163236
0.10750314679104604 0.07052642155681545 0.25384858573242186 0.12977481136024172 0.10079509848520482 0.07606537587079806 0.14468922997925454 0.11679733022421754
0.09450459019244588 0.13844624704858427 0.15507398150909135 0.16098724283395402 0.08383490434078364 0.140371005039484 0.08189351048509835 0.14488851855055862
0.10834335312995212 0.06804525419739346 0.24480614412504959 0.13609050839478692 0.09173458502611802 0.08167936073701564 0.15065778707115196 0.1186430073185322
0.08242658095190658 0.12032584071118141 0.1329248024902266 0.14030192760621873 0.09541934239358911 0.1650778852995449 0.0951613074198701 0.16836231312746247
0.10627459308967621 0.06851205478741491 0.2361672747465278 0.13702410957482983 0.09465695787802243 0.08621677192889195 0.15169132195504156 0.11945691603959524
0.07223209795656475 0.10597648663491983 0.08042357120495842 0.0861488545935738 0.1408832817682876 0.24465233694007305 0.09738566171447474 0.1722977091871476
0.10102818196363991 0.07556950301775475 0.20589666835703932 0.13577001590853752 0.10540855217353903 0.10276062861452569 0.15137343564727987 0.12219301431768376
