0.125 0.125 0.125 0.125 0.125 0.125 0.125 0.125
0.099626400996264 0.07845579078455792 0.199252801992528 0.15691158156911583 0.08685378548392246 0.06839735606858895 0.17370757096784492 0.1367947121371779
0.06509140612911068 0.10848567688185116 0.06919289235371703 0.09763710919366604 0.13018281225822137 0.21697135376370233 0.11716453103239925 0.19527421838733208
0.06454408044110492 0.10757346740184155 0.061743406326878726 0.0968161206616574 0.1443644042475306 0.2151469348036831 0.11617934479398886 0.1936322413233148
0.07295173961840629 0.12906846240179573 0.09118967452300787 0.16133557800224468 0.08754208754208756 0.1548821548821549 0.10942760942760946 0.1936026936026936
0.09639053796822276 0.07590754864997544 0.20900896460918034 0.15181509729995088 0.09082352395022067 0.0756371508548222 0.168065553380491 0.13235162328713668
0.06333036549368885 0.11204603125806491 0.055211087866292856 0.09768115545574889 0.1266607309873777 0.2392861422947433 0.11042217573258571 0.19536231091149778
0.12484012141000413 0.1007745558369913 0.15605015176250517 0.1259681947962391 0.11235610926900373 0.1261943550223865 0.14044513658625465 0.1133713753166152
0.09321813093509655 0.07340927811138853 0.23454095796294366 0.14681855622277706 0.08987328931811726 0.07160994603529264 0.16253417701504014 0.12799566439934412
0.07113799620284399 0.11856332700474001 0.12844224631585366 0.14227599240568797 0.09661233838807837 0.15841611487142007 0.106706994304266 0.17784499050710997
0.08814978930495032 0.14691631550825054 0.1011947863904117 0.13222468395742548 0.1204007868189482 0.23261031467748927 0.09916851296806914 0.0793348103744553
0.08446550565402271 0.14077584275670454 0.09293787094557326 0.12669825848103408 0.11808579849272535 0.26599407472054404 0.09502369386077557 0.07601895508862044
0.05604898824116827 0.09341498040194711 0.060916417734719036 0.0840734823617524 0.12532221056095805 0.3111887771418474 0.10088817883410287 0.1681469647235048
0.0838621016186324 0.14085103489598463 0.069404857774833 0.12279320990931994 0.09553374540771133 0.2569173691725355 0.08328582932979961 0.14735185189118394
0.10023247667856416 0.07490637035240667 0.18558891758954488 0.14981274070481335 0.09114090737560356 0.09645709483414501 0.1670300258305904 0.13483146663433201
0.06956890579645121 0.11594817632741872 0.11734859473053989 0.13913781159290242 0.10055304096553756 0.17916784740134523 0.10435335869467685 0.17392226449112805
0.08656286516057239 0.1436312262522848 0.07868631304713815 0.12521696647635086 0.10675076741509906 0.2239617333103653 0.0849297685665684 0.15026035977162103
0.09869038218258294 0.07348070696059536 0.195986390774193 0.14696141392119072 0.09042956857960768 0.09833525580032666 0.163851009252432 0.13226527252907164
0.11214973164609614 0.08262100672761144 0.17060763027694953 0.1032762584095143 0.13359548211734756 0.12029128614020386 0.15352709459086006 0.12393151009141715
0.0682336310116731 0.1137227183527885 0.11304342518274235 0.1364672620233462 0.11071126314451143 0.1848871762382459 0.10235044651750966 0.17058407752918273
0.07061572463050295 0.11707104081896647 0.09886183008622695 0.14633880102370808 0.09458752674717785 0.19766263303149645 0.09925588243347157 0.1756065612284497
0.09535458161741862 0.07195602463144739 0.20880674158522267 0.14391204926289478 0.09697823767797098 0.09302032566548149 0.1604511952229588 0.12952084433660532
0.08835546766108125 0.0695799307831015 0.25849576179678596 0.139159861566203 0.09358504083852608 0.07544939647726562 0.15405568720393653 0.12131885367310002
0.05924852628262747 0.09874754380437913 0.08809497279066521 0.08887278942394122 0.14346849096744327 0.2371747505743317 0.10664734730872945 0.17774557884788245
0.06817634690050679 0.11378633884512047 0.09644337226903571 0.1422329235564006 0.10227109773534473 0.20993938601374357 0.09647102641216737 0.17067950826768072
0.10607904070618517 0.08014008406409323 0.15098736179775143 0.10017510508011654 0.1465077294246011 0.14698353095082 0.14891702188029265 0.12021012609613983
0.10126157771949758 0.06861297589790627 0.2290062533063506 0.13722595179581254 0.10226497158056716 0.08512821757397489 0.15299669550965964 0.12350335661623127
0.11414616948303868 0.07795215318595498 0.1916650740584236 0.09744019148244372 0.14303421733902452 0.11398257554305685 0.1448513891291253 0.11692822977893245
0.10478010730078627 0.06677955930653388 0.2484199794915321 0.13355911861306777 0.09932518463515669 0.07802439374599571 0.1489084501551666 0.12020320675176098
0.10138529844625055 0.06580523596187896 0.27443359983703025 0.1316104719237579 0.09031598412938624 0.07126413045233304 0.14673585451798085 0.11844942473138212
0.09959032436725224 0.0649831029864993 0.2864275306745967 0.1299662059729986 0.08775557011438183 0.06940505981927418 0.14490262068929843 0.11696958537569874
0.07904252511740348 0.11334631713816304 0.1462550151302761 0.14168289642270382 0.0927152604447037 0.1608405455093236 0.09609796453018171 0.17001947570724454
0.08887205472811265 0.06998674309838872 0.24294296375694502 0.13997348619677744 0.09356045428497389 0.08767972736551767 0.1549564031156836 0.12202816745360086
0.08492227026964139 0.141537117116069 0.126083270819179 0.12738340540446208 0.12861112622041415 0.21949521287421048 0.09553755405334657 0.07643004324267726
0.07499848409975564 0.11056584520589016 0.10663821238355776 0.1382073065073627 0.10045087427101441 0.20954990183163355 0.09374060789195038 0.16584876780883526
0.13142302950659437 0.09040567181183469 0.18243057849793579 0.11300708976479336 0.12703102201548785 0.12800175589220325 0.1259944717228368 0.10170638078831402
0.09854677495176752 0.07760558527451693 0.17615567610834537 0.09312670232942032 0.15869666431175886 0.13164005668476428 0.14782016242765128 0.11640837791177537
0.06639296355199036 0.11065493925331728 0.11785572437531906 0.1327859271039807 0.11693612359799763 0.18980246790943361 0.09958944532798554 0.1659824088799759
0.08201185960132927 0.13668643266888214 0.09719022349643526 0.12301778940199393 0.1330354325628119 0.2619842465758557 0.09226334205149543 0.07381067364119635
0.07889415607479372 0.1314902601246562 0.09000409824502904 0.11834123411219057 0.13283475510698328 0.28867483028489005 0.08875592558414293 0.07100474046731435
0.052719868946136776 0.0878664482435613 0.05931798503283362 0.07907980341920517 0.144370365703476 0.3235901577133307 0.09489576410304619 0.15815960683841035
0.080922839748591 0.12546865553831302 0.0725923599196253 0.10938293046929856 0.11798077032761257 0.2882027658977032 0.07419016153569813 0.13125951656315826
0.06419393261873978 0.10698988769789963 0.09240327497103742 0.12838786523747955 0.10626429470324178 0.2449850142966428 0.09629089892810969 0.16048483154684945
0.07292813907393261 0.11046243868082137 0.0987561846925817 0.1380780483510267 0.09576572245663496 0.22466287158133522 0.0936529371424355 0.165693658021232
0.06590436172690597 0.10984060287817661 0.1001174193042224 0.13180872345381195 0.10418479149622356 0.22452665423303544 0.09885654259035896 0.16476090431726492
0.07357077747062678 0.11105439449478119 0.10096285028628268 0.1388179931184765 0.09695302403481734 0.21790455612900747 0.09415481272383625 0.1665815917421718
0.07493907474421474 0.1112393672450728 0.10129731159407587 0.139049209056341 0.09558935594507362 0.21671499310070322 0.09431163744690954 0.16685905086760916
0.09513170828557928 0.06956660160499431 0.2252376047742623 0.13913320320998862 0.09751353094652215 0.09809556281603024 0.1540261753077611 0.12129561305486188
0.08048085492486795 0.11258630915678106 0.131355185362778 0.1407328864459763 0.09708312942393044 0.17342856101322374 0.0954536099372709 0.16887946373517157
0.10280851523039494 0.06794138145876201 0.23157400198029213 0.13588276291752402 0.09652154458325732 0.09147816705565395 0.15149914014834398 0.12229448662577165
0.09434561472932308 0.12968518516881283 0.1535788407015899 0.16210648146101603 0.08422086840627761 0.14770431390963606 0.0824628623084299 0.1458958333149144
0.07323421547505563 0.11135107927756827 0.1142247831494817 0.13362129513308188 0.10296510962328866 0.19736092707536024 0.10021597134981143 0.16702661891635237
0.07604060979445848 0.11141823367651757 0.10466862631132129 0.13927279209564697 0.09761357144422952 0.20939553108948053 0.09446328507356926 0.16712735051477634
0.10292786159838256 0.0683554770961554 0.22053693679007322 0.1367109541923108 0.09729456504557579 0.09871183489001034 0.15242251161441217 0.12303985877307969
0.10487631642631955 0.0653687358757341 0.26658579137559496 0.1307374717514682 0.09321157212043671 0.07579386339898073 0.1457625244751444 0.11766372457632139
0.08250961167170866 0.11202639819748292 0.14153476241482169 0.14003299774685365 0.09645022613415034 0.16442750371915327 0.0949789028196051 0.1680395972962244
0.10349661543577657 0.06755657097962987 0.23603970062663915 0.13511314195925975 0.09589973661099443 0.08965133641008731 0.15064107021427914 0.12160182776333375
0.10468176927317006 0.06493727919010953 0.2726690284664283 0.12987455838021905 0.09236110476516418 0.07378871691999002 0.1448004404627218 0.11688710254219715
0.10352442409628829 0.06394632871913954 0.28651032134117194 0.12789265743827907 0.09035716842914633 0.07007493946600943 0.14259076881551414 0.11510339169445116
0.10273256223032758 0.06358335165020304 0.2917224403168555 0.12716670330040608 0.08948190539027068 0.06908162001410413 0.14178138412746769 0.11445003297036548
0.1371350698150784 0.08500837294742886 0.2459225629013536 0.10626046618428606 0.11941681563342375 0.0921498030426292 0.11847248990994282 0.09563441956585746
0.12863548730987795 0.07353045591100926 0.1984945260735005 0.09191306988876158 0.14782036133677728 0.11267546395802715 0.13663495165553213 0.1102956838665139
0.08623059499082449 0.11001903690794618 0.12423486903899549 0.13752379613493274 0.10707610020727719 0.17661003780571555 0.09327700955238916 0.16502855536191927
0.1378382222870428 0.08895480587286478 0.18758715631742107 0.11119350734108097 0.12936960651885238 0.12101008239339574 0.12397246266236937 0.10007415660697286
0.08808557890712093 0.11025563475554737 0.12175664189715188 0.13781954344443423 0.10312749890060112 0.18009404658212025 0.09347760337970322 0.16538345213332106
0.11963284015880946 0.07686370246356766 0.16121623694733966 0.09607962807945958 0.14775286981733632 0.14033034858867066 0.14282882024946528 0.11529555369535148
0.0844886449826452 0.11006929773800722 0.11529218795092941 0.13758662217250903 0.10688538208249919 0.18725429647113218 0.09331962199526699 0.1651039466070108
0.10480281099565897 0.06788913020687912 0.22470488083157175 0.13577826041375823 0.09899132117683414 0.09425053434757594 0.15138262765533939 0.12220043437238239
0.12236088981431525 0.07547779767362361 0.19423025956197357 0.09434724709202952 0.14453795442722545 0.11557563536269352 0.14025351955770357 0.11321669651043541
0.10964438409790801 0.0647182818371561 0.2539121440483717 0.1294365636743122 0.10312583331337637 0.07835777667018694 0.14431210905180775 0.11649290730688096
0.10541154691762109 0.06419068403642374 0.2789653008807728 0.12838136807284747 0.09323221339079892 0.07114001073385828 0.143135644702115 0.11554323126556273
0.08295428632610162 0.11173762082281787 0.14444278225611812 0.13967202602852236 0.0965577688273852 0.16229501467678686 0.09473406982804125 0.16760643123422678
0.10365000231327985 0.06741558899334618 0.23715418598676447 0.13483117798669236 0.09613966553562224 0.08913461756931784 0.150326701426954 0.12134806018802312
0.10487913924300821 0.06483910285844888 0.27302374631432036 0.12967820571689775 0.09267608975252917 0.07361180907328532 0.1445815218963024 0.116710385145208
0.08288402072385652 0.11181728073548154 0.1430546817896119 0.13977160091935195 0.09659677800288001 0.16334810914551365 0.09480160758008219 0.1677259211032223
0.11818278291339923 0.07688108255551293 0.16855074743494855 0.09610135319439116 0.1462891672990669 0.13581212667745127 0.1428611160919606 0.1153216238332694
0.08422895440918135 0.11004626013703017 0.11702301407389165 0.13755782517128773 0.10727363024573855 0.1855008356411475 0.09330009011617776 0.16506939020554526
0.10465984703043717 0.06783018280381789 0.22538701438081155 0.13566036560763578 0.09924379176505556 0.09387328562073705 0.1512511837446327 0.1220943290468722
0.1055111135130667 0.06509506882627165 0.26840409550543937 0.1301901376525433 0.09377448972066345 0.07470168309405524 0.14515228780067138 0.11717112388728897
0.10407008900291198 0.0639742749666387 0.2847760272871662 0.1279485499332774 0.09115304591606906 0.0702712331776314 0.14265308477635555 0.11515369493994965
0.1031210839385085 0.06355390935799006 0.29094813671103115 0.12710781871598012 0.09005982372417573 0.06909645849772757 0.1417157322102047 0.11439703684438211
0.0824527583469667 0.11158681428017027 0.14719670615991118 0.13948351785021285 0.09597142257493768 0.161322347260445 0.09460621210710089 0.1673802214202554
0.13637762249180854 0.08879841839867757 0.19636057639651527 0.11099802299834695 0.12661497651746698 0.11719765029006782 0.12375451220860473 0.09989822069851226
0.08781611527191177 0.11019369270177572 0.12380847688517134 0.13774211587721966 0.1031684181640325 0.17855555475658966 0.09342508729063594 0.16529053905266358
0.10531704151227735 0.06769025500356224 0.22822790232259468 0.13538051000712448 0.09815559444745223 0.09244707206576792 0.15093916563480894 0.12184245900641204
0.12239517605047998 0.07539256587629867 0.19529874029849956 0.09424070734537333 0.14449856371754996 0.11499025682870592 0.14009514106864454 0.113088848814448
0.08517616883453791 0.11015722001706398 0.12353116343683727 0.13769652502132998 0.10717265555023592 0.17763627231732285 0.093394164797076 0.16523583002559597
0.104678618061604 0.06769358764364301 0.22810775176482462 0.13538717528728603 0.09904634117989072 0.09229147137941429 0.15094659692478007 0.12184845775855743
0.09564947961034685 0.12931775167015178 0.15280899703110026 0.1616471895876897 0.08498952552321443 0.14787536341918628 0.08222922252938998 0.14548247062892072
0.0778572734826622 0.11065991766942058 0.11366622092976683 0.13279190120330472 0.10268786260949282 0.1967530216987435 0.09959392590247854 0.16598987650413088
0.1168647924938153 0.07690185362436341 0.15849830401123083 0.09612731703045425 0.1484986919004466 0.1448565474250364 0.14289971307810811 0.1153527804365451
0.12453849971105332 0.07445354505168006 0.17005930744781153 0.09306693131460006 0.15993635458320096 0.12791480015093754 0.13835024416319652 0.11168031757752007
0.11078585102344338 0.06503043896029981 0.243667846798773 0.13006087792059962 0.10743684826147358 0.08095517406106809 0.14500817284580284 0.11705479012853966
0.10599319221976317 0.06438510128526985 0.2749158073667059 0.1287702025705397 0.09467857783630973 0.07179477025838378 0.14356916614954204 0.11589318231348575
0.10389361484405957 0.06376669479372532 0.2871513072648639 0.12753338958745064 0.09111071361545724 0.06957401729286362 0.14219021197287407 0.11478005062870557
0.12069146110578506 0.07440152910769636 0.21375275719143055 0.09300191138462044 0.14061643874759788 0.10768002113105347 0.1382535876702716 0.11160229366154452
0.1247008756093285 0.07381756205137886 0.18792871530164698 0.09227195256422357 0.1562258977896231 0.11716019875006398 0.13716845485666668 0.1107263430770683
0.1258337649531039 0.07380957963592531 0.17909352802483508 0.09226197454490663 0.16143202902273443 0.11970113250382 0.13715362186078658 0.11071436945388796
0.11071867380291205 0.06478248172069946 0.24722694304873022 0.12956496344139892 0.10740246455936461 0.07924074111959836 0.1444552652100373 0.11660846709725904
0.08392506783151446 0.11173309440383167 0.136918715256395 0.13966636800478957 0.0999626825426613 0.16546419814311628 0.09473023221194425 0.1675996416057475
0.10408847121463055 0.06754131707256755 0.23396231079422317 0.1350826341451351 0.09719044575613234 0.08995339400845676 0.1506070562782327 0.12157437073062159
0.08281137758324167 0.11209636878397315 0.13385356560511524 0.14012046097996644 0.09782594402445911 0.1701095041391335 0.09503822570815115 0.1681445531759597
0.10395674534065193 0.06763877570365281 0.2327721198279186 0.13527755140730563 0.09685091971130232 0.09092971726310518 0.1508243744794885 0.12174979626657507
0.12196627829123725 0.07535354663387699 0.19678424787029308 0.09419193329234622 0.14401107746504985 0.11463996133343066 0.14002263516295052 0.11303031995081547
0.10941885991623948 0.06462117222180683 0.25486551774410177 0.12924234444361365 0.10325284469143542 0.07818558187999913 0.14409556910355134 0.11631810999925228
0.12258104506541737 0.07466738241950938 0.20321108438902502 0.0933342280243867 0.14506180660307672 0.11039578119426233 0.13874759867505845 0.11200107362926405
0.10928322517276252 0.06442869533914188 0.2573335010310587 0.12885739067828375 0.10321777138637152 0.07724139039882484 0.14366637438310143 0.11597165161045539
0.10516083909535494 0.06406785313591327 0.28020781252531857 0.12813570627182655 0.09335557797589576 0.07088832522410007 0.1428617501269469 0.1153221356446439
0.08287111628754844 0.11166472856076617 0.14469587750438762 0.1395809107009577 0.0967832276538144 0.16223477658463972 0.09467226986673653 0.16749709284114925
0.07847788199298901 0.11188008968723734 0.11231054571774128 0.1398501121090467 0.09724310982161075 0.19756326749264383 0.09485485864787513 0.167820134530856
0.1172201670305542 0.07704497838367334 0.15826025612909264 0.09630622297959167 0.14691155030883626 0.14552368880516997 0.1431656687875721 0.11556746757551001
0.0839031262746012 0.1098519701584727 0.11442507666825963 0.13731496269809088 0.10731333967538503 0.18927820328355888 0.09313536600392251 0.16477795523770905
0.10390774642309161 0.07504903298170815 0.22285475032157132 0.1343821639312554 0.09870734643123215 0.09432892810935806 0.14982608426365343 0.12094394753812988
0.10498567012195345 0.06994034107111076 0.2667066181064282 0.12948717377067098 0.09337053199798656 0.07460267300587109 0.14436853553237497 0.11653845639360388
0.10359455710937396 0.06841910019670443 0.2835086825236988 0.12725490735934564 0.09076812657740356 0.07004548453926958 0.1418797250707928 0.11452941662341107
0.10264670069529037 0.0678719908592471 0.2898754700561252 0.12640482214445872 0.08966820087991377 0.06883653193956304 0.140931943495389 0.11376433993001284
0.10219397452574193 0.06766998348834952 0.2922847019957165 0.1260885504415003 0.08923245190601946 0.06847131809636571 0.1405793241489563 0.11347969539735027
0.08169559023949136 0.11865639773920557 0.1467674445364395 0.13820605588664459 0.09511178276147636 0.15997570212791454 0.09373975964485458 0.16584726706397346
0.07731753612669626 0.1241020625688828 0.11160051645417565 0.1377756083587795 0.0957404290646207 0.194685313466007 0.09344780393030262 0.16533073003053536
0.10263461586320699 0.07634851462535829 0.22216651955413244 0.13493736227009853 0.09645689715140432 0.09556737551395922 0.15044508897875164 0.12144362604308868
0.13903020757274354 0.09302214145297956 0.22108049891504922 0.10750709048305783 0.1233668956210695 0.09937440154893916 0.11986238297140925 0.09675638143475204
0.1120067579412378 0.06995975217135034 0.26340232017319404 0.12695379134948753 0.09742196059473368 0.07445300236431264 0.14154400319114505 0.1142584122145388
0.10517146877704146 0.0683330505391925 0.2818889513943953 0.12706683643064948 0.09155237970231225 0.06995712034838392 0.14167004002044054 0.11436015278758453
0.08230080617177213 0.11882734240309 0.14436626219797888 0.13832472272264693 0.09569099355002893 0.16067995897107681 0.09382024671623009 0.1659896672671763
0.07742955458030086 0.12412499348438487 0.1110478936080081 0.1377814311432535 0.09586874456594285 0.19495791194904247 0.09345175329716324 0.16533771737190417
0.07611422528734345 0.12406602772210748 0.10282081115368027 0.13704247612050152 0.09537955912423858 0.20717538022666485 0.0929505490208619 0.16445097134460182
0.10259474608362715 0.07653332615015086 0.2183941616376341 0.135256015693496 0.09662155442780687 0.09806941811740506 0.1508003637657336 0.12173041412414641
0.0818989816019682 0.12014044385480425 0.1293569811852562 0.13882691726719293 0.09694242126695816 0.17208108847848408 0.09416086562470477 0.1665923007206315
0.10316204155389355 0.0756250578208511 0.22957627951009443 0.1341593628736007 0.09616251528297379 0.09099363866103272 0.14957767771131303 0.12074342658624065
0.10460442131141232 0.06984295723917812 0.26939481533623505 0.1292319163003868 0.09264428150069798 0.07388894113966875 0.14408394250207301 0.11630872467034811
0.12075401523242357 0.07980922987731864 0.20766184879840646 0.09278179766046278 0.14095279218325424 0.10877578522002529 0.13792637383555365 0.11133815719255534
0.1082702548175796 0.06950321555693256 0.25840308828411745 0.12784454517069216 0.10182140122522886 0.07656027706420405 0.14253712722762243 0.11506009065362294
0.12166197923643018 0.07969257759772477 0.20377305618563576 0.09266707810411291 0.1438625171513298 0.10938646248983638 0.13775583550999473 0.11120049372493548
0.10859116985338914 0.06955804941481804 0.25677711074613846 0.12795848386696462 0.10254932420813463 0.07673906605920851 0.14266416037107846 0.11516263548026816
0.10461757733523684 0.06848365785616888 0.2793794826233903 0.12740748150680664 0.09286876647200616 0.07052646699118377 0.14204983385908143 0.114666733356126
0.08220553061290525 0.11886644424430588 0.14377938263719725 0.13835325490606748 0.09599902939628195 0.16093285333619364 0.09383959897976751 0.16602390588728097
0.10274161649968822 0.07516683282041504 0.23552627557656497 0.13349435650467856 0.09549592112331584 0.0885938313838209 0.14883624523730582 0.12014492085421072
0.10428580013989126 0.06965576074179095 0.2716997763455296 0.12893578342334513 0.09230701106640597 0.0733198867583866 0.14375377644364 0.11604220508101061
0.12061731364403665 0.07975676678006145 0.20838733684616606 0.09273572927868502 0.14078304504795938 0.10857904317677361 0.13785789009189595 0.11128287513442203
0.10821175507001929 0.06948207186139953 0.25869389614766486 0.12781157393094877 0.10176081316556765 0.07650910653069722 0.14250036675584882 0.11503041653785387
0.1391025823354595 0.09112616823878447 0.23313188501279092 0.10596405542138877 0.12336332885515573 0.09380231622765209 0.11814201402951854 0.0953676498792499
0.08764950101830933 0.11968792103263538 0.1316703921918132 0.13597523016895685 0.10162664808716465 0.16799335344464497 0.09222667785372726 0.1631702762027482
0.13678086857129804 0.09884829978755101 0.18865241921687015 0.10960629856868019 0.12714368475213192 0.1181199170620982 0.12220284332955836 0.09864566871181217
0.12897941562748502 0.08148209895811379 0.17918421423085779 0.09191546153780743 0.15157192251516502 0.11992982628273 0.13663850700247193 0.11029855384536891
0.14578063908878255 0.09204093236329004 0.20222262973891375 0.10562802723839315 0.1376816084197177 0.10381357095414054 0.11776736768220848 0.09506522451455383
0.1307435358232289 0.08037764190119032 0.18294757081764915 0.09123071617103731 0.1542035119717765 0.1153995768854652 0.1356205870244077 0.10947685940524476
0.111303800267774 0.06990824294113199 0.2479332691832715 0.12849484126457242 0.10529488661715393 0.07815744374524133 0.14326215884273968 0.11564535713811518
0.10553880300617736 0.06869795346368886 0.2758897596934935 0.1277674239016626 0.09370221563970159 0.07096202001580676 0.14245114276797305 0.11499068151149634
0.08239599338892034 0.11892657383089972 0.14297668115302245 0.13839778764925995 0.096208226311151 0.16114758869074516 0.09386980379688935 0.1660773451791119
0.13513350482091796 0.09882648831455196 0.19320314163971566 0.10969034787440171 0.12560692734603038 0.11652172488431906 0.1222965520331016 0.09872131308696153
0.08679902220153297 0.12060960129187355 0.12207661193740435 0.13605717401774656 0.1020204113593409 0.1768863132109429 0.0922822571598629 0.16326860882129587
0.10441741688222156 0.07567887213821546 0.22616738841722603 0.1341524159644483 0.0973410171047142 0.09193578269913684 0.14956993242603414 0.12073717436800345
0.10499813805785403 0.06990987198146682 0.2680139058229793 0.12934886416674385 0.09298085947602355 0.07412005209925457 0.14421433064560843 0.11641397775006947
0.10355082766704918 0.06838411118170304 0.28400812807491527 0.12719211082782528 0.09064449264089974 0.06993771823810874 0.14180971162445594 0.11447289974504272
0.1026179000159045 0.06785627077987857 0.2900640524530547 0.12637916732322008 0.0896259829791268 0.06881203557367037 0.14090334028424684 0.11374125059089805
0.08178719214488211 0.1187031421291611 0.1462551459886359 0.13823794403119635 0.09521555415830493 0.16015410058487692 0.09376138812550709 0.16588553283743562
0.07733332428265727 0.12410615338098845 0.1114809087423157 0.137774547987326 0.09576229229300719 0.1947662310070756 0.0934470847218385 0.16532945758479117
0.13432182662559009 0.0999166601070613 0.1816687297573343 0.11036893716911564 0.12623891859295408 0.12509975584002503 0.12305312845571548 0.09933204345220406
0.10000288478959893 0.13937775220647058 0.1377712278877844 0.15707624130193099 0.0884332455852744 0.15606603004709002 0.07990400101011273 0.14136861717173788
0.07826451378063624 0.11049417511934807 0.11016358407727342 0.13259301014321767 0.10359359651563489 0.19970510007745423 0.09944475760741327 0.16574126267902206
0.06489470645829853 0.10419411674897522 0.06090810354700961 0.08128424648845738 0.13768289469953623 0.2965808995721172 0.09188653950869095 0.16256849297691475
0.07146446820821471 0.1176574696621215 0.08842865254459102 0.13207086021682893 0.1015663188767051 0.24074870173645155 0.08957849649489269 0.15848503226019472
0.07414140161778048 0.12180404513312176 0.0965297354832836 0.13524957821772424 0.09553307659604937 0.22270817256048886 0.09173449653028254 0.16229949386126907
0.10221317735947207 0.07643816977607326 0.21552972496866207 0.13533704311870512 0.09676594582045173 0.10102189685178212 0.15089070329801899 0.1218033388068346
0.13908821038980607 0.09316529663985762 0.21873989048204315 0.1076667275982033 0.12362605615151546 0.10077339745861275 0.12004036644157888 0.09690005483838295
0.08764243832145638 0.11998658760420991 0.12824783844132012 0.13606817663799958 0.10168701484549349 0.17079641237727786 0.0922897198066432 0.1632818119655995
0.07820973237031417 0.12391638182981259 0.10708401555718032 0.1373665150474097 0.09694694590984877 0.198466259283343 0.09317033194519964 0.16483981805689166
0.07619562309441118 0.12393789428349439 0.10183645941582713 0.13691976426794936 0.0955413022693066 0.20839792117442826 0.09286731837304389 0.16430371712153918
0.07567904446906286 0.12369339673949167 0.10044330468406555 0.1366394484199295 0.09504806809603496 0.21185220838528718 0.09267719110221305 0.16396733810391537
0.0879317418314348 0.14386248644284294 0.11648334951707781 0.15894938511159976 0.08283763676409825 0.18602409261051892 0.0808568611219877 0.14305444660043976
0.10148845793847093 0.06898566582278907 0.2321208425152897 0.13797133164557815 0.09434469543633076 0.0920663715333604 0.15273993572485653 0.12028269938332455
0.08176137579333426 0.11933341214164427 0.13268113314356267 0.13892393922897342 0.09651352553846324 0.16985121525438507 0.09422667182486892 0.16670872707476808
0.10302059769898297 0.0754881157740075 0.23096536750289157 0.13401669874593117 0.09596793082035324 0.0905076427309573 0.14941861785553817 0.12061502887133804
0.08201154584085849 0.12003353754319666 0.13237735007058848 0.13882965394536154 0.09683357393670008 0.16915603212244174 0.09416272180641913 0.16659558473443384
0.07730288735933771 0.12415620310599586 0.10818283961856412 0.13767206914677776 0.09602772006137261 0.19807422039748238 0.09337757733433623 0.16520648297613333
0.07604722835517828 0.12399712653641493 0.10210827015048188 0.13696046093542075 0.09536017483837173 0.2082792647315161 0.09289492133011146 0.16435255312250485
0.13406508007600487 0.10001839126354176 0.1781078059686563 0.11048114672942677 0.1262751453828972 0.12844116478137446 0.12317823374161463 0.09943303205648409
0.11250963028639169 0.07159448392504648 0.24640791685228797 0.12908612764133165 0.09955629062039088 0.08074663677037573 0.14392139902697723 0.11617751487719849
0.1408531773976966 0.09160945641700569 0.22886219728661286 0.10631546637028497 0.12309048399485635 0.09505148778744688 0.1185338110128401 0.09568391973325645
0.12928997096127964 0.0802983614784026 0.1920109754392723 0.09118575857328683 0.1492581021429522 0.1129801665810508 0.13555375453581145 0.10942291028794417
0.14548525563644438 0.09165858123201878 0.2067946697883429 0.10530333923896645 0.13665309935579328 0.10192668464006903 0.11740536479329543 0.09477300531506981
0.11383233772705721 0.06999096740684829 0.2572272266656121 0.12714961176528536 0.10053266933604985 0.07507020816909465 0.14176232834129576 0.1144346505887568
0.12315785490897113 0.07969821510687004 0.20333302825040486 0.092623913299256 0.1433921909100908 0.10895443343685379 0.13769166812844622 0.11114869595910719
0.14352977822791754 0.09163299606500924 0.21124569997833595 0.10535347377462569 0.13496129773355686 0.10099736676421932 0.1174612610591722 0.0948181263971631
0.11323077403688997 0.06990961535399001 0.2590745837691265 0.12700567305048874 0.10005067586981149 0.07482172475826054 0.14160184741599263 0.11430510574543985
0.14056438167678043 0.09107446524377745 0.23311881203665227 0.10585248698309223 0.1227722097573059 0.09333278247078781 0.11801762354682076 0.095267238284783
0.11186276819986882 0.06947088588060166 0.2680285291212365 0.126284214770551 0.09684403400599137 0.07305629945422269 0.1407974752740322 0.11365579329349587
0.122456038567178 0.07953725549825802 0.20682870545773083 0.09247799906415509 0.14198398479846647 0.1082676609194665 0.13747475681775892 0.1109735988769861
0.10867108840300838 0.06947176273825471 0.25799494484355656 0.1278165698554488 0.10203804366851348 0.07646674078247785 0.14250593683883617 0.11503491286990393
0.12177067906274877 0.07968833048564927 0.20363133033494502 0.0926647845475679 0.14393216147631732 0.10936254665154457 0.1377524259841457 0.11119774145708147
0.08439437551269315 0.1184531600067564 0.12466237964576417 0.1361914541288841 0.10625524916747739 0.17424030247895556 0.09237333410480836 0.1634297449546609
0.11750699997087319 0.08547352498188043 0.1608824528245637 0.09488574532056644 0.1483040910680632 0.1380302581071582 0.1410540333422152 0.11386289438467974
0.0965856263850124 0.13776685745810122 0.13242870202800924 0.15754110962369036 0.09290650183896228 0.16084372650067813 0.08014047750422511 0.14178699866132133
0.10641659768591838 0.07660796509578699 0.230382697566635 0.1336310150312181 0.09496431936788018 0.08874088242846516 0.14898860929599986 0.1202679135280963
0.095187960273697 0.1383992980121664 0.15231449120209334 0.15989205603179354 0.08345224035593911 0.1455147099751753 0.08133639372052107 0.14390285042861417
0.10134088476886385 0.06811054331151611 0.2474302022876034 0.13622108662303223 0.09328964670034863 0.0840484490228473 0.1508023425375041 0.1187568447482845
0.08174784846411896 0.11920799952058239 0.13633281082972729 0.13887867216124566 0.09629074031703648 0.16669155316964526 0.09419596894414924 0.16665440659349479
0.0896457321531116 0.1439566784918803 0.1265894619015245 0.15974954761153218 0.0834688491609535 0.171551237523883 0.08126390030673594 0.14377459285037894
0.10135139070858411 0.06871116155380283 0.23725665626991047 0.13742232310760566 0.09410205356862818 0.08922017753091588 0.15213216070520444 0.11980407655534851
0.07191816396746094 0.10495955999361074 0.08216705561964953 0.08523932359063355 0.1414538706822005 0.2474258827322874 0.0963574962328901 0.1704786471812671
0.11268386815902387 0.08326860656701288 0.14442835916647667 0.09346001764130711 0.1584961355744016 0.1565763983330424 0.138934593389167 0.11215202116956853
0.10847859405025471 0.07117853118912607 0.23253692454853447 0.13049144211711686 0.10774853346057313 0.08663545693572643 0.1454882197932631 0.11744229790540515
0.10547354768915981 0.0692128987835817 0.27002133677545614 0.1285848106999222 0.09476975441985894 0.0728488539530736 0.14336246804901773 0.11572632962992997
0.10354679073910555 0.06824776852682389 0.2846966333756483 0.12701809368548667 0.0909204849033214 0.06963824895557374 0.1416156954971023 0.11431628431693801
0.10258499932074111 0.0678231938401218 0.29031232154651904 0.12633287738400834 0.08965597620706765 0.06873931159943579 0.14085173045649882 0.11369958964560747
0.08177920202725951 0.11869532578238105 0.14631231231781044 0.13823285889647274 0.09522008035383188 0.16012285086886954 0.0937579390776076 0.16587943067576727
0.07733158804494407 0.1241046925097289 0.11149379654319039 0.13777376466275001 0.09576299150755221 0.19475809571310404 0.09344655342343046 0.1653285175953
0.10264023359541488 0.07635017863984161 0.22211890990772504 0.13493959517368834 0.09646436100879967 0.09559350751859139 0.15044757849961968 0.1214456356563195
0.13903227299934368 0.09302235973065888 0.2210624287078061 0.10750709640645922 0.1233697242302041 0.09938734158415502 0.11986238957555975 0.0967563867658133
0.1289990313012371 0.08057263267567989 0.18959469098261503 0.09138278570787405 0.1496030616425534 0.11434180623605071 0.13584664860454113 0.10965934284944885
0.14547764223170395 0.0917437981953368 0.2059482427224282 0.10537505725957609 0.13683028059197555 0.1023021024311768 0.11748532503418409 0.09483755153361846
0.11386321611233323 0.07001861435809095 0.25689081405146647 0.12719020222625954 0.10060015225551536 0.07515823531655774 0.14180758367614307 0.11447118200363357
0.10580216673145819 0.06846479074319507 0.2793050022294463 0.12730672441500812 0.0923968782695279 0.07021088841694495 0.14193749722091203 0.11457605197350731
0.10327623032098888 0.06794848983327452 0.28820462552823567 0.12654193594049448 0.09010970918424625 0.06894645170071921 0.14108481514559607 0.11388774234644504
0.08192055488400402 0.11873228641769991 0.1458289087654821 0.1382609789571249 0.09533634630208054 0.16023073811066074 0.09377701181439779 0.1659131747485499
0.07735843545147722 0.12411079531346256 0.1113834979101783 0.1377763343925416 0.09578961518270435 0.19480142410799262 0.09344829637059343 0.1653316012710499
0.10201971912477517 0.08254354568194815 0.22087791576800364 0.13380299110027583 0.09592233490120239 0.09523045165458231 0.14918034977896424 0.12042269199024824
0.08125979276983986 0.1272972532469093 0.12927162004565076 0.13764905663914245 0.09614774465330861 0.16983369582728158 0.09336196885089662 0.16517886796697093
0.10238874234982592 0.08246489389044985 0.22839446928540608 0.13303604671346622 0.09544538606377402 0.09021275563263104 0.14832526402232724 0.1197324420421196
0.13802878824866355 0.09855163299535165 0.222402598708298 0.10656694273423246 0.12224747555487767 0.09747812490601876 0.11881418839174873 0.09591024846080921
0.11128063956332983 0.07509416430332412 0.2631736129270946 0.1260268043285188 0.09673430907400386 0.07375586406716093 0.14051048184090079 0.1134241238956669
0.10465891614712099 0.07226706458066445 0.2812686560203573 0.12641595227436836 0.09109229382033787 0.06957840735058787 0.14094435275963157 0.11377435704693153
0.08172736985963744 0.12497548991390386 0.14360926458410814 0.13728508045664253 0.09501613972961985 0.1595294608592639 0.0931150980488532 0.16474209654797103
0.13380510106690624 0.10726693376990097 0.19210491832641585 0.1085229887807455 0.1242665664115253 0.11536776798181016 0.1209950337600252 0.09767068990267094
0.11144569136864017 0.07701085391382571 0.2511836659501544 0.12750760782310203 0.09821809484886365 0.07771577182498436 0.14216146722963763 0.11475684704079181
0.10514914872289119 0.07282830424327423 0.2766795128188889 0.1270231738337775 0.0918065932521288 0.07057105119530854 0.14162135948333104 0.11432085645039976
0.08183902016971906 0.12513459218830852 0.142542826725634 0.1373434892035795 0.09520164111060157 0.15997152914152107 0.09315471441634088 0.16481218704429537
0.11611965941149334 0.09308680915925159 0.1662961652937786 0.0941554917772099 0.1438123542972423 0.13357446752523647 0.1399684624031359 0.11298659013265186
0.14182244679022657 0.09966852706956 0.19733728488465152 0.105631167740161 0.13561117775131984 0.10709047569062234 0.11777086910731384 0.0950680509661449
0.1129327428205044 0.07571669108216066 0.2527803116010507 0.12682116385222492 0.10028435603310269 0.07592955371468257 0.14139613342927163 0.1141390474670024
0.1053941036479515 0.07258822080030033 0.27720092621092124 0.12686181003310348 0.09215170606853494 0.07018615332174119 0.1414414508876542 0.11417562902979314
0.09393064762876731 0.14348100666226002 0.1636594656493798 0.15753906290148814 0.08197112372770728 0.13749410047351857 0.08013943634553962 0.1417851566113393
0.10416033431664999 0.08341321887465238 0.2422894810179463 0.13122457717558547 0.09112253163926239 0.08338212684599247 0.14630561067188408 0.11810211945802691
0.13813225210994545 0.09835959315071474 0.22722897676422288 0.10616673549921438 0.120610895813869 0.09558349752182542 0.11836798719091512 0.09555006194929293
0.11112899390558793 0.07494645467442539 0.26509040657680133 0.12580839991493387 0.09622564169068178 0.07330556609553887 0.1402669772185904 0.11322755992344045
0.12187114301433973 0.08415738419448876 0.20544587636455844 0.09202930786968182 0.14131028645447802 0.10794308543763634 0.13680774722119865 0.11043516944361817
0.10819835843405892 0.07392787899933445 0.25678314830093585 0.12714180773857917 0.10160569653401197 0.07616185559445013 0.14175362743390843 0.11442762696472125
0.1212060518762923 0.08412812485566432 0.20276749314650522 0.09216976855794977 0.1432638503319478 0.10884443749386497 0.13701655146823577 0.11060372226953971
0.10813059073673116 0.07398975020714077 0.2557030268696247 0.127257877610325 0.10211759549602346 0.07638603255188811 0.14188303667897428 0.1145320898492925
0.09459037923496254 0.14393654008409645 0.15797107721373532 0.15768159634413859 0.08396568479795763 0.1397293431272795 0.08021194248810527 0.1419134367097247
0.10404329776609476 0.088167840628481 0.23910180257706737 0.13060883025754227 0.09129934096233605 0.08361184176716209 0.14561909880952847 0.11754794723178806
0.10377658173778109 0.0773913326718599 0.2719842259014182 0.12747615970292603 0.09066308693608358 0.07185366439478186 0.14212640492251605 0.11472854373263343
0.10252453044664725 0.07482849153298393 0.2846391249165128 0.1258837625217539 0.08947989305615664 0.0689978103552473 0.1403510009011196 0.1132953862695785
0.10177230692149335 0.07409046224441906 0.28946238272416885 0.1252623396092236 0.08882569486987973 0.06819254725402163 0.13965816072849252 0.11273610564830121
0.10142428209264774 0.07384852802617303 0.29129985418405907 0.12502934154759843 0.08853629027546028 0.06793691120352748 0.13939838527769557 0.11252640739283859
0.13517447995516457 0.09845050264513311 0.24358044353988445 0.10422377469894509 0.11801067371848384 0.09055699731764882 0.11620173089568951 0.09380139722905058
0.109517151526897 0.07756129714608846 0.27104812722731203 0.12445595977415429 0.09485955316810867 0.0717884399707108 0.13875910738998992 0.11201036379673886
0.10371185988786916 0.074708257708281 0.28392653956358477 0.12556866392005636 0.09021677509012402 0.06885641682698598 0.1399996894750479 0.11301179752805073
0.09304857182312938 0.14801815336865795 0.16477447986819874 0.15643586581509877 0.08113074056516532 0.1362216645419586 0.07957824478420243 0.1407922792335889
0.10342714628399714 0.08861482061578967 0.24189507996717408 0.13028399176325853 0.09046439391413523 0.08280204673863178 0.1452569281300808 0.1172555925869327
0.10353455135224102 0.07738790722094473 0.2730830134524631 0.12734901180709485 0.09040012823505346 0.07164663279850418 0.14198464450731318 0.11461411062638537
0.11960082545007002 0.0873389313556219 0.208031789130889 0.09182979620636268 0.13916815233927654 0.10732359033650701 0.13651115973363767 0.11019575544763521
0.08306776216623296 0.13061679880076443 0.12452935946022503 0.13418847516767288 0.10407730366043808 0.1714793386906027 0.0910147918528564 0.16102617020120746
