Action: 0
[0.15351986993464492, 0.10262974702966865, 0.1279411549263334, 0.10262974702966865, 0.20539023375466328, 0.1026297532656838, 0.10262974702966865, 0.10262974702966865]
[0.15803594415276223, 0.10524550698090472, 0.21049101396180944, 0.10524550698090472, 0.10524550698090472, 0.10524550698090472, 0.10524550698090472, 0.10524550698090472]
[0.10413670491119541, 0.10261697919798603, 0.2590367358374405, 0.10261697919798603, 0.123627935291325, 0.10273070716809496, 0.10261697919798603, 0.10261697919798603]
[0.125, 0.125, 0.125, 0.125, 0.125, 0.125, 0.125, 0.125]
[0.1050669684172655, 0.10506564730217656, 0.26450173193416815, 0.10506564730217575, 0.10506565128508426, 0.10510305915477824, 0.10506564730217575, 0.10506564730217575]
[0.15441078580816225, 0.10122820975658045, 0.22672159246180745, 0.10122820975658045, 0.11272578931488737, 0.10122899338882108, 0.10122820975658045, 0.10122820975658045]
[0.125, 0.125, 0.125, 0.125, 0.125, 0.125, 0.125, 0.125]
[0.125, 0.125, 0.125, 0.125, 0.125, 0.125, 0.125, 0.125]

Action: 1
[0.10268345621316384, 0.10268345621316384, 0.10268345621316384, 0.10268345621316384, 0.2553565100926699, 0.12854275262834697, 0.10268345621316384, 0.10268345621316384]
[0.1027304097205301, 0.1027304097205301, 0.1027304097205301, 0.1027304097205301, 0.1529612641183883, 0.23065627755843116, 0.1027304097205301, 0.1027304097205301]
[0.10506509329737382, 0.10506509330853799, 0.10506509329737382, 0.10506509329737382, 0.21017280703718264, 0.15943663316741025, 0.10506509329737382, 0.10506509329737382]
[0.125, 0.125, 0.125, 0.125, 0.125, 0.125, 0.125, 0.125]
[0.10389074729290687, 0.10389074729290645, 0.10389074729290604, 0.10389074729290604, 0.15950716240803964, 0.21714835383452286, 0.10389074729290604, 0.10389074729290604]
[0.10265436869761899, 0.10265435925257989, 0.10265435925257989, 0.10265435925257989, 0.25632599208721174, 0.1277478429522698, 0.10265435925257989, 0.10265435925257989]
[0.125, 0.125, 0.125, 0.125, 0.125, 0.125, 0.125, 0.125]
[0.125, 0.125, 0.125, 0.125, 0.125, 0.125, 0.125, 0.125]

