Action: 0
[0.16759419861942298, 0.09353478646353691, 0.1776618927465672, 0.09353478646353691, 0.18706994134860958, 0.0935348214312526, 0.09353478646353691, 0.09353478646353691]
[0.11835592092496516, 0.09497403732472988, 0.3117998551266555, 0.09497403732472988, 0.09497403732472988, 0.09497403732472988, 0.09497403732472988, 0.09497403732472988]
[0.15884970615465765, 0.0921525081720944, 0.17835273225111545, 0.0921525081720944, 0.20203502073375496, 0.0921525081720944, 0.0921525081720944, 0.0921525081720944]
[0.125, 0.125, 0.125, 0.125, 0.125, 0.125, 0.125, 0.125]
[0.11019870508293063, 0.0955714293167862, 0.3163727758280154, 0.09557139206089676, 0.09557152152168773, 0.09557139206788975, 0.09557139206089676, 0.09557139206089676]
[0.17431672873515247, 0.11091018682685456, 0.26063385855464083, 0.08927750001572818, 0.09702922582043946, 0.08927750001572818, 0.08927750001572818, 0.08927750001572818]
[0.125, 0.125, 0.125, 0.125, 0.125, 0.125, 0.125, 0.125]
[0.125, 0.125, 0.125, 0.125, 0.125, 0.125, 0.125, 0.125]

Action: 1
[0.09592155384905766, 0.20967149866687046, 0.08854798136239335, 0.08854798136239335, 0.16148809474144035, 0.17872692729305817, 0.08854798136239335, 0.08854798136239335]
[0.1111111111111111, 0.1111111111111111, 0.1111111111111111, 0.1111111111111111, 0.2222222222222222, 0.1111111111111111, 0.1111111111111111, 0.1111111111111111]
[0.10077334624519894, 0.09211700649650788, 0.09211700649650788, 0.09211700649650788, 0.16935463371885806, 0.2692869875534035, 0.09211700649650788, 0.09211700649650788]
[0.125, 0.125, 0.125, 0.125, 0.125, 0.125, 0.125, 0.125]
[0.0953212177435271, 0.0953212177435271, 0.0953212177435271, 0.0953212177435271, 0.2078568844672572, 0.22021580907158014, 0.0953212177435271, 0.0953212177435271]
[0.09396039094433535, 0.09396039094433535, 0.09396039094433535, 0.09396039094433535, 0.20463803006923306, 0.2315996242647548, 0.09396039094433535, 0.09396039094433535]
[0.125, 0.125, 0.125, 0.125, 0.125, 0.125, 0.125, 0.125]
[0.125, 0.125, 0.125, 0.125, 0.125, 0.125, 0.125, 0.125]

