0.125 0.125 0.125 0.125 0.125 0.125 0.125 0.125
0.07575757575757576 0.12626262626262627 0.09090909090909091 0.15151515151515152 0.0946969696969697 0.15782828282828282 0.11363636363636365 0.1893939393939394
0.07515215834697218 0.12525359724495364 0.09018259001636662 0.15030431669394437 0.10193170775368249 0.15656699655619205 0.11272823752045827 0.18788039586743044
0.11049717969717417 0.08701652901152467 0.13259661563660902 0.1044198348138296 0.16042861651340856 0.10877066126440584 0.16574576954576126 0.130524793517287
0.07295173961840627 0.1290684624017957 0.09118967452300783 0.16133557800224463 0.08754208754208752 0.15488215488215484 0.10942760942760942 0.19360269360269358
0.09612633457119006 0.07759595682252692 0.19225266914238012 0.15519191364505383 0.08651370111407106 0.07961930019608729 0.1730274022281421 0.13967272228054847
0.07453393736527429 0.12422322894212383 0.08944072483832916 0.14906787473054858 0.10931944848497227 0.1552790361776548 0.11180090604791144 0.1863348434131857
0.07403806286831843 0.12339677144719739 0.08884567544198213 0.14807612573663687 0.11524514872359465 0.15424596430899673 0.11105709430247766 0.18509515717079608
0.07088015854174039 0.12540335742000222 0.09579154391474426 0.15675419677500277 0.08505619025008847 0.17168927915580798 0.10632023781261059 0.18810503613000332
0.09361573365297432 0.07556932716565397 0.2039071625651372 0.15113865433130794 0.08425416028767689 0.08698185252371886 0.16850832057535378 0.13602478889817715
0.1327574463090899 0.10454648896840828 0.1593089355709079 0.12545578676208993 0.1385318248446884 0.09114309294681748 0.1388847130618171 0.10937171153618097
0.06969293177338338 0.12330287929137061 0.10977193043841477 0.15412859911421325 0.08363151812806006 0.16997842465742696 0.10453939766007508 0.18495431893705588
0.1035672244190286 0.07665551198635226 0.19468066536216447 0.15331102397270452 0.10158032182586509 0.06682788224451224 0.1697216057003485 0.13365576448902447
0.06915107524682435 0.12234421005207383 0.11430309899169892 0.1529302625650923 0.09096968812119688 0.1630587370747664 0.1037266128702365 0.18351631507811073
0.10133067396768765 0.0749660786810511 0.21067386742074323 0.1499321573621022 0.10105103224307922 0.06535504295271122 0.16598106146720307 0.13071008590542244
0.09841432595232025 0.14938314069393935 0.1093860834421362 0.1344448266245454 0.14014218147649846 0.18672892586742418 0.10083361996840906 0.08066689597472725
0.0764442998282666 0.11620110469433362 0.0993335688341094 0.13944132563320033 0.11786803597523665 0.17182901376845278 0.10458099422490026 0.1743016570415004
0.06771965732973557 0.11981170142953217 0.09877555053626572 0.1497646267869152 0.09735483921015335 0.18527658656849638 0.10157948599460337 0.17971755214429824
0.09807497426872362 0.07243996156726777 0.21500332296291977 0.14487992313453554 0.09977654452526216 0.08313166903168104 0.1603880304948867 0.12630557401472328
0.07578103129311853 0.11505453832633797 0.12201190123920816 0.13806544599160558 0.10831672406455176 0.16463946710196692 0.10354908449370419 0.17258180748950697
0.06256139678725522 0.10309504125706294 0.06132220647824334 0.0898777282753882 0.13797098065116042 0.2638162797757613 0.10160091022435189 0.1797554565507764
0.0947218149024751 0.07196401068164768 0.19738542008490814 0.14392802136329536 0.09955905301089929 0.10243745780685098 0.16046900292295763 0.12953521922696581
0.09449201546508329 0.06972892087485187 0.24735645391886096 0.13945784174970374 0.09114904465354214 0.07681857951392816 0.15548508624929658 0.12551205757473335
0.10913320966671214 0.07851119013230878 0.18504519377375278 0.09421342815877054 0.15445177395051854 0.11133329505793345 0.14954512406154052 0.11776678519846318
0.11650636332808947 0.0767432150020303 0.16590608432878823 0.09209185800243637 0.17239602018226227 0.11506408426852804 0.1461775523848196 0.11511482250304544
0.08128510160232766 0.11200856597398327 0.11103187067476222 0.13441027916877993 0.1234627907048378 0.16898083353774923 0.10080770937658495 0.1680128489609749
0.05804082273888636 0.08469086936611654 0.07593660977919589 0.10162904323933987 0.13503293891517165 0.21945677759540214 0.12195485188720782 0.20325808647867974
0.05894550226094955 0.09859138211653895 0.05757488881852141 0.0859514613323673 0.13762870620764767 0.292242615093086 0.09716252150615434 0.1719029226647346
0.09299360764311204 0.07081015179876635 0.20066747504877203 0.1416203035975327 0.09831008013432853 0.11024403870783311 0.15789606983187598 0.12745827323777942
0.12398510795387087 0.09152029274829014 0.21516691096315832 0.11440036593536268 0.11967497443743548 0.10474414794286821 0.12754787067718795 0.1029603293418264
0.07331454786920855 0.11515338639944114 0.12815253632947593 0.14394173299930144 0.09475530127973095 0.17432237053284963 0.09763004499083054 0.1727300795991617
0.09226792076806585 0.13622574501128373 0.12598371647301676 0.16347089401354045 0.08931513961852433 0.16471564477360454 0.08550785225323655 0.14251308708872756
0.08142451193365778 0.11255325624809255 0.10380122152287763 0.13506390749771105 0.1046693067217131 0.1923599810805258 0.10129793062328328 0.1688298843721388
0.07017545870189333 0.11474792211486905 0.10328912819881356 0.14343490264358633 0.09593026430180047 0.20301415907369244 0.09728628179304116 0.17212188317230356
0.10577064995405987 0.0797337449856971 0.15721405266552746 0.09966718123212139 0.14385295048885471 0.14599884422923437 0.14816195896595954 0.11960061747854565
0.09344929016538993 0.0680138875654046 0.24016198558450205 0.1360277751308092 0.10338677884952834 0.08487446714228776 0.15166081794434993 0.12242499761772827
0.08117146659979017 0.11934679206053157 0.12429049042295529 0.13380235627318818 0.10740493681866874 0.16637924527848982 0.10035176720489115 0.16725294534148522
0.07976793294448833 0.1239069520554254 0.10190688107889227 0.13238885239808282 0.10711772867490607 0.19013394805203948 0.09929163929856213 0.16548606549760353
0.06729417248670881 0.1052756014963805 0.062100919764088075 0.0840048532040378 0.1449955670785192 0.26751335571734464 0.10080582384484536 0.1680097064080756
0.07485203985213972 0.1180568268592157 0.0875735024696658 0.12745361369333028 0.11225522205391898 0.22490156768506905 0.09559021026999771 0.15931701711666285
0.0810946557335243 0.13329565515680192 0.08121648970260326 0.11620646859823758 0.1157652847860587 0.2541553832643454 0.07881830044054373 0.13944776231788508
0.1224550543753131 0.0912174305418701 0.1725814010159971 0.11402178817733763 0.13144576712547806 0.1385331646753384 0.1271257847290615 0.10261960935960386
0.108029851974984 0.07740029288557258 0.17674401225298444 0.09675036610696573 0.15337288066234162 0.12777623941187072 0.14382591737692219 0.11610043932835888
0.10596139985571432 0.07689690381760395 0.17726019234099735 0.09612112977200493 0.16110419551815253 0.12442030766625994 0.14289051530286107 0.11534535572640592
0.12045709130508829 0.0804265159566883 0.16040812177636693 0.08921723347095718 0.17186518215604177 0.12448965719305445 0.14161465630310663 0.11152154183869648
0.08611482191432232 0.11713549953797228 0.10705821472295503 0.12942814462136817 0.12050857361751599 0.18089845634312982 0.09707110846602615 0.1617851807767102
0.0800329219859751 0.12159294719978633 0.09728297718305622 0.12995202841908984 0.10855770379152344 0.20267736458238933 0.0974640213143174 0.16244003552386233
0.0786696476115323 0.12163776389042914 0.09515675751974412 0.12946551946681303 0.10544290862461154 0.21069636395324384 0.09709913960010978 0.16183189933351627
0.07827556403320632 0.12139274182521304 0.09458595084377587 0.12918550313488908 0.10453515930850471 0.21365407458463279 0.09688912735116681 0.16148187891861132
0.09569643946409429 0.14850212288887918 0.08670984223310409 0.1185478092841015 0.12769044438865138 0.2628137992076325 0.08891085696307613 0.07112868557046091
0.0492345125567671 0.07918296795853035 0.06943187475556625 0.09897870994816294 0.12084803667503177 0.27247750174647506 0.11188897646314071 0.19795741989632587
0.09084098576279268 0.06977501379404324 0.2058946747041985 0.1395500275880865 0.10354307292711415 0.109213333814934 0.15558786657955315 0.12559502482927787
0.09120508952936657 0.06734868353303203 0.26073296546581315 0.13469736706606406 0.09619698821003689 0.07841376359988668 0.150177512236343 0.12122763035945763
0.08953003577314639 0.06605502853133251 0.28105629415012195 0.13211005706266502 0.09299670877150067 0.07205996968944574 0.1472928546653892 0.1188990513563985
0.11928383756462427 0.08811983956251153 0.24238826665806315 0.11014979945313941 0.12329170159233711 0.09482292940553604 0.12280880625596288 0.09913481950782548
0.09849224380878539 0.06515525630339418 0.2717322180233146 0.13031051260678836 0.09769822555230293 0.07404558546785597 0.1452864968914491 0.11727946134610953
0.1276400671189958 0.08732087052438178 0.2377282858569476 0.10915108815547725 0.12368571364509931 0.09454267766940513 0.12169531768976342 0.0982359793399295
0.10435167193313236 0.0647931158599882 0.26901043362399973 0.1295862317199764 0.09743865190406774 0.07371330865739062 0.14447897775346621 0.11662760854797877
0.11659508390000146 0.07575851093189996 0.2059391547776052 0.09469813866487495 0.14319416139131227 0.10940204048837336 0.14077514344808276 0.11363776639784993
0.10551177926393594 0.06528654205376544 0.2565733329196396 0.13057308410753088 0.10222355484233371 0.07673668659612772 0.14557924451988888 0.11751577569677779
0.08117694502531718 0.11286439804231556 0.1373182863021882 0.14108049755289445 0.09839891426781652 0.16417498079707507 0.09568938094891973 0.16929659706347333
0.10556133176070188 0.07633288201876134 0.22823433563855391 0.13659807019706863 0.09628477842394705 0.08668342601544513 0.15121967885064166 0.11908549709488031
0.1051836267482543 0.1473823076895744 0.11697896692485447 0.12278616804638286 0.12995131326386186 0.2119562904644553 0.09208962603478715 0.07367170082782971
0.07993061800022853 0.10985761867381863 0.10339623836416362 0.13732202334227328 0.1017866268713509 0.2097802917748517 0.09314015496258536 0.1647864280107279
0.10317349350402646 0.0686429078854847 0.21885641659091556 0.1372858157709694 0.09797208934264325 0.09744860333758933 0.15306343937449873 0.12355723419387246
0.1043397529457149 0.06593021701009044 0.2633177584066351 0.13186043402018088 0.09348515315101086 0.07537775024660032 0.14701454360160465 0.11867439061816282
0.12017589889893589 0.07563854107925734 0.2039539734394137 0.09454817634907169 0.14179916013793573 0.10987422408295426 0.14055221439354537 0.11345781161888602
0.1418968065878732 0.08612866660484034 0.21100583426170072 0.10766083325605041 0.13474900704606618 0.10163030762306911 0.12003379468995473 0.09689474993044538
0.10087313345358968 0.1282727548397211 0.1454550344118724 0.16034094354965134 0.09036990757712149 0.14881663612418716 0.08156474084917047 0.1443068491946862
0.10898409339174044 0.07656923353342808 0.2354760123970454 0.1349606777301893 0.09360464187696456 0.08334029625004617 0.14940701808144682 0.11765802673913939
0.08313600544548529 0.11313355451136729 0.13268439842233537 0.1414169431392091 0.09679237723931744 0.16721881065037966 0.09591757882485488 0.16970033176705093
0.10526158022919012 0.07577312634257892 0.23346433557303153 0.1354742064188273 0.09528225277436718 0.08666326479617757 0.14997551544941398 0.11810571841641354
0.08243382907797542 0.11307408817507178 0.13215483445482015 0.14134261021883973 0.0971376349460588 0.16837870915097877 0.09586716171364781 0.16961113226260766
0.07946999241466247 0.12124361455440472 0.10641438450505662 0.13005496494352084 0.10338481917810353 0.19932229451721034 0.09754122370764064 0.16256870617940106
0.07698734489144737 0.11198185310904965 0.10244529511552235 0.13997731638631206 0.09769372341259447 0.2080005510899141 0.09494113633158557 0.16797277966357446
0.10464149963764277 0.07626199923745268 0.2222197840781254 0.1364534811083162 0.09623043682403525 0.09417374125987603 0.15105961278576313 0.11895944506878847
0.10443260062033918 0.14647013529281175 0.11874957007871613 0.12197827355866293 0.12926279516351602 0.21443595598175902 0.0914837051689972 0.07318696413519776
0.06791837098329231 0.09298688769329864 0.06131760897489597 0.08106549183518343 0.14378870710116787 0.2991526981020223 0.09163925163977257 0.16213098367036685
0.0725059843710864 0.10775339884429272 0.08945595333027796 0.13469174855536592 0.1030614730917586 0.23954520104235733 0.0913561424984221 0.16163009826643907
0.0751270484016581 0.11071394921270819 0.09773141997659936 0.13839243651588523 0.09665466118325595 0.22144338655831758 0.09386617433251346 0.16607092381906224
0.0760067285586262 0.11142816254387537 0.10007744268099167 0.13928520317984422 0.09584170117047887 0.2157468150240414 0.09447170302632914 0.16714224381581305
0.10307149009475812 0.06876559898516862 0.21764172408268603 0.13753119797033725 0.09703166864552804 0.09884321983352909 0.15333702221468942 0.12377807817330352
0.08217026951180272 0.11290737205661089 0.12838963113348092 0.1411342150707636 0.09738211767045073 0.17292952103267434 0.09572581543930053 0.1693610580849163
0.07933006679193595 0.12107482398159207 0.10575413394069383 0.12988406244194947 0.10332990210449788 0.20085888585543185 0.09741304683146212 0.16235507805243682
0.07710359464096483 0.1118432614635213 0.10219999906797331 0.13980407682940163 0.09759453730407762 0.20886600377970713 0.09482363471907242 0.16776489219528196
0.10461742088129589 0.0762117313703287 0.2224726916032501 0.13637295952397108 0.0961685216884814 0.09429695608629614 0.15097047208188902 0.11888924676448762
0.08252826060473166 0.1129593016164028 0.12954914398202083 0.14119912702050352 0.09725423323162832 0.17130113844533254 0.0957698426747763 0.1694389524246042
0.07940896775174716 0.12110436693561154 0.10615110945135715 0.1299077809419303 0.10332640787414847 0.20028580516134492 0.09743083570644774 0.16238472617741287
0.07713734342774844 0.1118540887945878 0.10229683893124779 0.13981761099323475 0.09760720846805698 0.20867296178043968 0.09483281441280272 0.1677811331918817
0.07817035588394315 0.12006116498655901 0.09948428002552366 0.12889136769937035 0.10264840806621939 0.21296168793964385 0.09666852577452777 0.1611142096242129
0.09043158593824459 0.1314684376334802 0.0826837239490378 0.11461350973175197 0.11459371172946746 0.25093496056533593 0.07773785877457959 0.13753621167810237
0.09092432267508503 0.1281755574840084 0.11169233606809742 0.1602194468550105 0.08628937248999438 0.19699852624944178 0.08150293600885317 0.14419750216950944
0.0806830822203728 0.12197629531506876 0.101601865263526 0.12893172488233995 0.1001614096560186 0.208782172897994 0.09669879366175498 0.16116465610292494
0.07723063074021404 0.11164172635944768 0.1011247871532046 0.13955215794930959 0.09677555623017392 0.21155978402807737 0.0946527680004013 0.16746258953917148
0.09470403407497693 0.1451421259560095 0.11999190540359515 0.15583869435365272 0.0864116407173057 0.1805366001909034 0.08151562473883375 0.1358593745647229
0.08172876307363822 0.12409127308113811 0.10357729735070084 0.129110650571714 0.1003511602295383 0.20291955454984248 0.0968329879287855 0.1613883132146425
0.06630642332166051 0.11046471664383685 0.06268365582354833 0.08070705059474159 0.138419537701233 0.2831560540118069 0.0968484607136899 0.16141410118948318
0.06086839425101876 0.09065804626910928 0.05260888777024403 0.07903521982435169 0.14268905703642376 0.32672579365957743 0.08934416154057147 0.15807043964870338
0.09931287965388311 0.06825910813524363 0.19463055445198288 0.13651821627048727 0.10723945847702894 0.11896576515292977 0.15220762321500594 0.12286639464343854
0.1049238394029918 0.06625231073389744 0.25373973701459923 0.13250462146779488 0.09607967275009371 0.07951289477760341 0.14773276453200415 0.1192541593210154
0.10420291653105335 0.0649239735956802 0.27588526788780476 0.1298479471913604 0.09198505216194655 0.07152091918687642 0.14477077097305405 0.11686315247222435
0.13806226448475245 0.08609070844941658 0.23730641752611586 0.10761338556177072 0.12094888415638635 0.09314539876425876 0.11998089405170557 0.09685204700559365
0.11111829918267174 0.0642224692160388 0.26764509103409867 0.1284449384320776 0.09649343138303382 0.0732688052546096 0.14320652090859995 0.11560044458886982
0.10492949468510464 0.06443014763657673 0.2806510227458922 0.12886029527315346 0.09146784931871693 0.07001731180509767 0.14366961278962032 0.11597426574583808
0.13807659277835402 0.08593911263943031 0.2388115839197517 0.1074238907992879 0.12062623371420757 0.092671462896672 0.1197696215329374 0.09668150171935909
0.11106915681440734 0.06418388983740429 0.268201624077544 0.12836777967480859 0.09637578243172917 0.07315027080441766 0.1431204946523612 0.11553100170732772
0.10490253766403997 0.06441596418997787 0.2808533594375802 0.12883192837995575 0.09142580774601441 0.06998368121983435 0.14363798582063722 0.11594873554196017
0.10321692584002559 0.06424282796042634 0.28573002392660446 0.12848565592085268 0.0901650566736938 0.06927050147966426 0.14325191786996558 0.11563709032876741
0.102690735464564 0.06414508445301977 0.2875449518458714 0.12829016890603953 0.08978048046320976 0.06905346241482792 0.14303396443703212 0.1154611520154356
0.10251341804220337 0.0641047314570548 0.288212000583959 0.1282094629141096 0.0896505746273416 0.06897731247376762 0.14294398327886548 0.11538851662269865
0.08199100683593127 0.11241455788644932 0.14428076575660292 0.14051819735806165 0.09561321301397266 0.16125242758949243 0.09530799472981574 0.16862183682967397
0.07915931688000812 0.12947282321720693 0.10858129059138098 0.12850456135828206 0.10212252055741391 0.19515036467914385 0.09637842101871157 0.1606307016978526
0.05825260492722939 0.09838697326069974 0.0746490913317623 0.09506692251472221 0.12276787655794828 0.24666237936052696 0.11408030701766664 0.19013384502944441
0.08419779135168957 0.14124642765208917 0.07632279901091464 0.11152855292321512 0.11684248049667934 0.2603822317705037 0.07564545328705025 0.13383426350785815
0.13484174953059785 0.10097331318673065 0.1654844442658708 0.10954377310426082 0.13053201523142388 0.137902176784471 0.12213313210281018 0.09858939579383472
0.14736385324041687 0.09495253835820215 0.1959573401131949 0.10698315172003013 0.13144337558138278 0.1077366740882052 0.11927823035054105 0.09628483654802711
0.13064852086681272 0.08149032686362162 0.17945357703313033 0.09232249709490614 0.15170469715399135 0.11634979177734223 0.13724359269630823 0.11078699651388736
0.1456114741065392 0.0928308177254874 0.20067162413536097 0.10661526352586816 0.13684593604248801 0.10260308482258161 0.1188680624683933 0.09595373717328133
0.11343028984495575 0.07084101345125661 0.25237142964316284 0.1286710003955284 0.10025976735621842 0.07516403582535072 0.14345856312755179 0.11580390035597556
0.10555570346919048 0.06925535594440274 0.2743190782400238 0.12876155682905974 0.09230398906685103 0.07035938851132198 0.14355952679299644 0.11588540114615377
0.10318167152292383 0.0687549409870271 0.2827214377179016 0.12803061575116947 0.09016544626359485 0.0691737515423402 0.14274458203899043 0.11522755417605252
0.10238229199484436 0.06853528619144313 0.28584709308532363 0.12767733650314217 0.08949888878502014 0.06879879854583582 0.14235070204156297 0.11490960285282795
0.08141689775882129 0.11962818599254331 0.14303779938780475 0.13931422644881356 0.09491839446998833 0.16001603582947474 0.09449138837397789 0.16717707173857624
0.0790485471541772 0.13084980055403583 0.10826558863662313 0.12843654664438933 0.10191896694471893 0.194607456777277 0.096327409983292 0.16054568330548666
0.07792638127659408 0.13192189410342686 0.09981724887567658 0.12720888365388205 0.10262397063609054 0.20608385414656588 0.09540666274041154 0.15901110456735257
0.05507895942639018 0.0910297618368013 0.07233325907032101 0.09986475050563672 0.11644763406649906 0.25262554655496733 0.11289058752811106 0.19972950101127343
0.09827955693078406 0.07528116799067659 0.20482417906005296 0.1373718505729636 0.10167922981725044 0.10576998835439047 0.15315936175821465 0.12363466551566726
0.08071145700118747 0.1206880526233696 0.12464285113248126 0.13973216200609492 0.09758134886453179 0.1741906762565394 0.09477485770848178 0.1676785944073139
0.10476280303772402 0.08220442004155588 0.23064222941199586 0.1342770480377254 0.09491954908560109 0.08748169659645948 0.14865021190989544 0.11706204187904265
0.0814135124870523 0.12791160661597237 0.12992731530077511 0.13858574567070794 0.09558232242280491 0.16627931432987939 0.09399728836795843 0.1663028948048495
0.10472376758505082 0.08294099791303167 0.23285899260065887 0.13400065509873807 0.09431059993213899 0.08599966937340785 0.14834423356474055 0.1168210839322332
0.12070608870768015 0.08663667999440468 0.19339261665603813 0.09375194919429461 0.1415309182746908 0.11211083888971216 0.13936856925002603 0.11250233903315353
0.08320075976100899 0.1269162164007326 0.12028452145337498 0.1361615038919744 0.10431964302589407 0.17337053076556755 0.09235302003107829 0.16339380467036924
0.0790553968403738 0.1317707660326446 0.10297973826490257 0.12786106375116357 0.10365651788586722 0.19895438972272114 0.0958957978133727 0.15982632968895447
0.07520683430676817 0.13529823728614696 0.0992478561501481 0.13569446618412906 0.09542015346063831 0.2042628465619793 0.09203624662923535 0.16283335942095484
0.11548780025956389 0.09381312697423609 0.14639259579149325 0.0899027411933504 0.151220580726271 0.14810196476442852 0.14270276379896887 0.112378426491688
0.08178608891772805 0.1276660047069954 0.10911223903958284 0.1353903827677562 0.10577938256199433 0.1859674439378098 0.09182999874682593 0.1624684593213074
0.10532227862628281 0.08329957848858738 0.22394145117577144 0.13454238930926798 0.09692503946520736 0.08973194229114634 0.1489439556048876 0.117293365038849
0.08150128000222431 0.12812412444290092 0.12840014506751404 0.1385777677435901 0.0959990944683418 0.1671123897309465 0.09399187725217417 0.16629332129230812
0.10480111223818023 0.08299797097083134 0.23228966102062854 0.1340481139895251 0.09443359281221651 0.08617031811103971 0.14839677250773636 0.1168624583498424
0.08142651610981098 0.12808374611608914 0.13030871119748189 0.1385912287824944 0.0954850076695769 0.16579430823742677 0.09400100734812665 0.16630947453899328
0.10472188460729745 0.08294449177913704 0.23308780917119387 0.1339698778314558 0.09427017003222013 0.08590135224555052 0.14831016186469667 0.11679425246844864
0.07173138440468509 0.11284223241871544 0.08018592782195086 0.08516282158284036 0.14016595646532568 0.24331501843846065 0.09627101570234128 0.17032564316568072
0.10044774372106197 0.08150342703949327 0.20496710704148935 0.13428458421051637 0.1052330481951979 0.10299067384567832 0.1497172901570981 0.12085612578946472
0.10405535374629953 0.07523147339853642 0.2563220069245255 0.13059196368657378 0.0946432207121305 0.07602292037241996 0.14560029384159792 0.1175327673179164
0.08132871611498778 0.1264892021450444 0.13582319581046176 0.13855812270317835 0.09556737905097036 0.16198508414156151 0.09397855278998185 0.16626974724381402
0.10450764310169353 0.0825952066452857 0.23533375589136 0.1337201074038156 0.09411642097358994 0.08511670635977374 0.14803365573397573 0.1165765038905059
0.08137061117271667 0.12799001250172154 0.13099338606202782 0.13857276969912044 0.09541225174834492 0.16538515790293792 0.09398848727418604 0.16628732363894452
0.10468444207492131 0.08291386215910951 0.23337372201518414 0.13393833768329252 0.09423337696678766 0.08581425754752274 0.14827524562415775 0.11676675592902425
0.08140441653599405 0.12806282556769316 0.13055214533717607 0.1385850906984995 0.09544037735798398 0.16565619153851494 0.0939968441259388 0.1663021088381994
0.10470759081817484 0.08293479606406792 0.23319459518306118 0.13395803311771812 0.09425274189796398 0.08587126733157187 0.1482970492796879 0.11678392630775425
0.08140885534576618 0.12806791929101494 0.1305120156756718 0.13858634194158945 0.09544492359051224 0.16567864103037305 0.09399769279516502 0.16630361032990731
0.1047099656535577 0.08293646224067495 0.23317857067959172 0.13395973895277782 0.09425486881822609 0.08587604249993927 0.14829893770922087 0.11678541344601144
0.12069652379377971 0.08663126997772067 0.1934903293352578 0.09374620669138524 0.14150629986156166 0.1120738896768719 0.13936003263376076 0.11249544802966228
0.10793362882918733 0.07512119979009416 0.24971621859419135 0.12895046992095255 0.10149480531404148 0.07695810383021082 0.143770150792465 0.1160554229288573
0.10410724873076267 0.07322091932298107 0.27290105491604993 0.12832653494617927 0.09237473741271572 0.07050111336184565 0.14307450985790435 0.11549388145156135
0.08129894746257303 0.125973499156513 0.1395545047335056 0.13840563787636398 0.09502785761480383 0.15977765940585262 0.09387512829875123 0.16608676545163678
0.10437044919823019 0.0824284127703436 0.23684853775866715 0.13354816406048986 0.0938865162788428 0.08464800798303902 0.14784330738483206 0.11642660456555524
0.08134331583747466 0.12794850933447954 0.131332542907228 0.13856151680102655 0.09535923142030044 0.1652002086645191 0.09398085487373975 0.16627382016123185
0.11706530421739554 0.09272001484988357 0.1567060239691867 0.08987276038523222 0.1510854290303537 0.13755434185175372 0.1426551752146543 0.11234095048154026
0.09692461830673893 0.15050965704655248 0.091767840091004 0.11151601097543425 0.12489697848642856 0.21492873534867823 0.07563694657464236 0.1338192131705211
0.13705571458141608 0.11104426077994393 0.16931255516733673 0.10784035476181665 0.1311894562489789 0.1262673914031159 0.12023394777175678 0.09705631928563499
0.11226350747005469 0.07845109571972597 0.23964430137338136 0.12939540995956947 0.09980003967518998 0.07972355110742356 0.14426622573104236 0.11645586896361251
0.1398945204271023 0.09801058615780736 0.22318497130343556 0.1067847428183793 0.12250129649175381 0.09446059503314548 0.11905701923183482 0.09610626853654135
0.11106732619781509 0.07554218129186041 0.260602089683018 0.12715865931832665 0.09634575882555753 0.07306877560918187 0.1417724156877463 0.11444279338649399
0.12157112237285933 0.08496044840784568 0.20148723918615433 0.09297691557323154 0.14120485849840841 0.10801068755580412 0.1382164297178188 0.11157229868787785
0.0833677589469333 0.12656657085746495 0.12213155047945566 0.13613595352741084 0.10426822805041638 0.17183110368683407 0.09233569021859171 0.163363144232893
0.10528904894217861 0.082832698575536 0.22940101201427124 0.13402573098635964 0.09622025155228772 0.08701631936376618 0.1483719936031332 0.1168429449624674
0.08150511812884075 0.12803501558286112 0.1296492611849159 0.13857474506847198 0.09585833186100157 0.16609800700182212 0.09398982708992011 0.16628969408216634
0.07896605838748666 0.13233609337766572 0.10529796525764523 0.12825622266005032 0.10198998676944097 0.19664122822761043 0.09619216699503776 0.1603202783250629
0.11517296369619488 0.09463503676655924 0.15279508674853642 0.09484097692602199 0.14561851113697752 0.1421407702975912 0.14098748211689238 0.11380917231122639
0.12256784799099935 0.08748520331706479 0.16575230476919636 0.09268073392548232 0.15682538516939762 0.12569550831163842 0.13777613580564238 0.11121688071057878
0.10912969394278481 0.07574223400125107 0.23850056718498705 0.1298105840061352 0.1054423772072609 0.07981590424223402 0.14472911380982537 0.11682952560552169
0.08218085252816713 0.12649371678514537 0.13174791260451876 0.1384333683614201 0.09782293872192244 0.16330723216346316 0.09389393680165885 0.1661200420337041
0.10483230433544126 0.08268344466912961 0.23362241239186796 0.13385842435645312 0.0946917419221251 0.08542780613813908 0.14818677828634613 0.1166970879004976
0.08143296321037172 0.12801671268775808 0.1306134560968439 0.13858478836393834 0.09554095287779041 0.16551274166233518 0.09399663906423644 0.166301746036726
0.11710376719065231 0.09273368911432017 0.15647971425853643 0.08987715060694855 0.1511537926184526 0.13764330413185122 0.14266214382055323 0.11234643825868566
0.08221148302616632 0.12765450567376566 0.11154532819433409 0.13561121240563223 0.10594332416316869 0.1823209128011368 0.09197977884903752 0.16273345488675867
0.10535629745584561 0.08323382163938696 0.2249901688619369 0.13444312499779312 0.09688447073011122 0.08905122346215032 0.14883406593162282 0.11720682692115299
0.08151155583520305 0.12811547863968653 0.12864341579399052 0.13858102046288628 0.09599508071865968 0.166862140549718 0.09399408344439243 0.16629722455546353
0.07896599636507884 0.13233525508666452 0.1050647192347517 0.12823988525141938 0.10200815298246921 0.19690622057677762 0.09617991393856455 0.16029985656427423
0.07523185924885038 0.1354847983521204 0.09975592053813072 0.1357793303477519 0.09512301791276279 0.20359607051243236 0.09209380667064912 0.16293519641730228
0.11551152264963147 0.09384296982311288 0.14658754444371208 0.0899075789598217 0.15112690855510735 0.14792855907546978 0.14271044279336775 0.11238447369977711
0.08179282060470187 0.12767597571686304 0.10915876177306331 0.1353945993489375 0.10576248471431754 0.18590897993454716 0.09183285868884457 0.162473519218725
0.09472618219841544 0.15854110628030083 0.12086535520443309 0.15363829883610308 0.08715981450671702 0.1707635133154661 0.08036464862196162 0.1339410810366027
0.08090223394308776 0.13759672547575388 0.10279753180934835 0.1272986950576707 0.0994065340241195 0.19740088957467838 0.09547402129325303 0.15912336882208836
0.07820218137103443 0.13311779525674144 0.09860921577491603 0.12705999933074036 0.10194912572544589 0.2069416838796411 0.09529499949805527 0.15882499916342546
0.07492524988918894 0.1353342080840556 0.09812004875017546 0.13543808732513693 0.09489654075089418 0.20689780552898726 0.09186235488139724 0.16252570479016434
0.10416354751287883 0.08466518287674141 0.21967015490157504 0.13521128157549986 0.09506663563526686 0.09366224877191645 0.14968444683978818 0.1178765018863332
0.09666004096967257 0.15269055907894094 0.10567095144734166 0.11494048908415068 0.11367181077613975 0.2004779256683061 0.0779596360744674 0.1379285869009808
0.10540290738329762 0.08572435710415242 0.21511118404937188 0.13288778755644726 0.09852027778065121 0.09459451119890974 0.14815996612636734 0.11959900880080256
0.08145435018439622 0.12853260191328794 0.12632562683590084 0.13848128242866484 0.09626921561655051 0.16883294906822927 0.09392643503857268 0.16617753891439782
0.10486491771485447 0.0830979062000083 0.23144544862413577 0.13412500302967545 0.09454673179092216 0.08650861098379756 0.14848189183586372 0.1169294898207427
0.08143764400372475 0.1281049645097665 0.13011712235444714 0.13859350516843275 0.09550900990850347 0.16592299652137343 0.09400255133163264 0.16631220620211926
0.07896620215369149 0.13235397743711147 0.10540338123052752 0.12826023563493053 0.10191359682511147 0.19658213544876635 0.09619517672619791 0.16032529454366318
0.07523654660420907 0.135496926740159 0.09983615072621468 0.13578832466438545 0.09510892064065535 0.20348723386344378 0.09209990716367014 0.16294598959726253
0.1041955839416746 0.0846490910464386 0.22041225213948912 0.1351631620189478 0.09507039191562462 0.09304379092149484 0.14963117651263247 0.11783455150369809
0.08128181689678714 0.12838509547018107 0.12756617874995294 0.13857321383044713 0.09558107325526735 0.16833597668974196 0.09398878851108589 0.16628785659653655
0.10479009824915247 0.08305325387825911 0.2319711392536393 0.1340845856111289 0.0943716229461799 0.08639789784702549 0.1484371480920922 0.11689425412252265
0.0814233609430211 0.12809370779367468 0.1302343719543098 0.1385904398303077 0.09547027084312878 0.16587884860645832 0.09400047223273046 0.16630852779636926
0.10473463213143269 0.08294588515721395 0.23306251863784921 0.1339693951951482 0.09426757147106707 0.08591653813223393 0.1483096275664644 0.11679383170859071
0.07173301211430178 0.11284170740562455 0.08018191395958392 0.08516222372339671 0.14016421745157606 0.24332213803749253 0.09627033986123107 0.17032444744679343
0.10044828576978282 0.0815033918554792 0.20496525799386142 0.13428459531999745 0.10523275125126919 0.10299227947827175 0.14971730254334045 0.12085613578799773
0.08051421844492412 0.12758343786243498 0.12395712688211383 0.13841756324038537 0.09764163233039408 0.17190172854476296 0.09388321680652226 0.16610107588846246
0.07870914583603221 0.13210138126578191 0.10394121436736806 0.12810983204673265 0.1022846289598257 0.198634133430794 0.09608237403504952 0.16013729005841582
0.08824655742075507 0.15896271849596258 0.0814572106847288 0.11114256650651744 0.11171458906389474 0.2397216242158998 0.07538365380442051 0.1333710798078209
0.11627286577678153 0.09730262645045253 0.14305528740273796 0.09334049506771748 0.14711247357688476 0.1521507425882743 0.13875691505589044 0.11200859408126096
0.14175113310288978 0.10135356852524342 0.1875033442590543 0.10688517758695645 0.13612740828794426 0.11101371190598472 0.11916899650366636 0.09619665982826078
0.08670919451652591 0.12946507444930855 0.11865320870277155 0.13548378594523158 0.10283955852782882 0.17237528425685494 0.09189335046720054 0.1625805431342779
0.0797105834476035 0.13226360953360722 0.10263510928752707 0.1278363375673654 0.10331125284057273 0.19857043218859333 0.09587725317552405 0.15979542195920673
0.075327283630216 0.1354080364506567 0.09917946051009219 0.13570511184313613 0.09535443123591518 0.2041360749550498 0.09204346716317062 0.1628461342117634
0.11553412069492887 0.09382751875906314 0.1463930737701326 0.08990139502314207 0.15119786397956486 0.1480686569733806 0.14270062702086042 0.11237674377892758
0.07040312106707661 0.10988874980791051 0.06550073826744886 0.081275534124099 0.15173936162279583 0.2667647361134896 0.09187669074898148 0.162551068248198
0.10026091066690435 0.08123676272210194 0.19814568609427333 0.1343213824719559 0.1079751096241678 0.1074125867233722 0.14975831747246426 0.12088924422476031
0.1042116004229498 0.07534301616278666 0.25366014860119546 0.13084223090100117 0.0953947257752885 0.07691094721685068 0.14587932310902668 0.11775800781090105
0.10327704715669864 0.07327703384107855 0.2746414953011144 0.12841093901810016 0.09114174342810691 0.07051328203932639 0.1431686140992848 0.11556984511629015
0.13645109640227057 0.09665531743855706 0.23530962990950074 0.1061854987101723 0.11950477300107923 0.09193782892837139 0.1183889067708936 0.09556694883915506
0.12683220259661837 0.08668705232158586 0.19138107595099435 0.09138733453606443 0.14679425488566022 0.111399867522635 0.13585341074316445 0.10966480144327732
0.10923403060930696 0.07501092470508745 0.24851745273863635 0.12869162734818718 0.10249244170629945 0.07674949763867266 0.1434815606404415 0.11582246461336844
0.10441554674756753 0.07321320381387178 0.2723983386003109 0.12833165671945543 0.09258944188763224 0.07047310093076677 0.14308022025288536 0.1154984910475099
0.10265071981242475 0.07252146033387723 0.28150894903933266 0.1274872868336502 0.08997137030954179 0.06898284467799763 0.1421388108428906 0.11473855815028519
0.08100935312307615 0.12577105711247788 0.1414710851381623 0.13832664479839732 0.09447477836487389 0.15913355731993578 0.09382155038499994 0.16599197375807678
0.0789593255262869 0.13200770412834453 0.10798788668429919 0.12836111027461097 0.10177013168890346 0.19419162114833316 0.09627083270595824 0.1604513878432637
0.08841387391191617 0.1591483781857173 0.08228955251017327 0.11129366920370498 0.1117328394862447 0.23808314280658904 0.07548614085120858 0.13355240304444596
0.10409787094230014 0.08710347459581735 0.2052437174060705 0.13365998338465038 0.09874614199329027 0.10183391978342651 0.14902090684825944 0.12029398504618534
0.10737287380548549 0.07580689834261632 0.2625018963184441 0.1304078204321459 0.09250600597181896 0.07334881813677746 0.14436681789802067 0.11368886909469131
0.09772548663551085 0.15099824070928572 0.11419241312074996 0.11522478268574733 0.11344560577865713 0.191991270547254 0.07815246129989817 0.1382697392228968
0.11874212239354001 0.09610034057419499 0.15395363812661905 0.09334218225458149 0.14755490293843493 0.13953677183464924 0.13875942317248233 0.11201061870549778
0.14222028314731391 0.10094925354371238 0.19130973411031965 0.10666239155431292 0.13597216467060452 0.10796941387176286 0.11892060670309217 0.09599615239888161
0.147764107763929 0.10049578496210372 0.20346288970162987 0.10523101301670117 0.13126870279395778 0.09974486359369865 0.11732472645294889 0.09470791171503103
0.11338839738420116 0.07616896880521996 0.25264118871585484 0.12767194573504562 0.09860263054106214 0.07427742591964377 0.14234469173743144 0.11490475116154106
0.09524482929314367 0.14531343655036041 0.1549882086537293 0.1588730272698119 0.08297336377429694 0.13880339169596617 0.08081801821986084 0.1429857245428307
0.14361017702956147 0.11306900248298338 0.1954197544309392 0.10672726076865208 0.12175385345279013 0.10822420830345535 0.11815146491279349 0.09304427861882487
0.12925113094295188 0.08936293813168908 0.17882873372599525 0.09178824227993372 0.1481093743709269 0.1160643027815169 0.13644938703106566 0.11014589073592046
0.11021601673952143 0.07563609513473349 0.2435851881057933 0.12921367804631761 0.10315754581655678 0.07783555770554187 0.14406360820984965 0.11629231024168588
0.08237562193321189 0.12646171361140546 0.13290320723703014 0.1384111590474755 0.09732989585234947 0.16254613836848664 0.09387887309307034 0.16609339085697059
0.10484642963838625 0.08264830609416335 0.23409304841184095 0.1338070177285348 0.09455250881425917 0.08527054841084727 0.14812986903606615 0.11665227186590212
0.07176387668322606 0.11280585025171104 0.08034129069907545 0.0851738157833495 0.14027943906029308 0.2430046520266421 0.09628344392900377 0.170347631566699
0.1004507540538373 0.08149479655156777 0.20503183135208045 0.13427825591219464 0.1052523606728469 0.10293133655976719 0.14971023457673044 0.12085043032097519
0.10405376725021903 0.07522860596203741 0.2563461835084545 0.1305886682816049 0.09464503696541705 0.07601131686783923 0.14559661971098337 0.11752980145344441
0.13724655306932929 0.09739167401865757 0.22921870431954963 0.10668471008598239 0.12095703733190814 0.09353959189684716 0.11894549020034156 0.09601623907738414
0.1102787766927874 0.0753438025406634 0.2629721732920995 0.1269479068012773 0.09587040696646643 0.0727963752265204 0.14153744235903604 0.11425311612114956
0.0823401652436832 0.1262926170966839 0.1372414275166821 0.13824985335460213 0.09569959519726041 0.16050705181200964 0.09376946575355623 0.16589982402552253
0.1046937595868436 0.08251368473707649 0.23586731148332574 0.13361838218068178 0.09408026017294434 0.08481773974613863 0.14792104173034368 0.11648782036264566
0.08140372621149732 0.127971117542161 0.13111494872313625 0.13856842051841783 0.09540389881853002 0.16527024616905528 0.0939855373951008 0.16628210462210138
0.10470074565679746 0.08290656137320492 0.23342112439414944 0.13392953222850346 0.09422634457796421 0.08579111476694501 0.14826549762374008 0.11675907937869533
0.08140737750857059 0.12806105517017857 0.130562859317348 0.13858461584901308 0.09543876006400112 0.16564727101795973 0.09399652205411321 0.16630153901881567
0.10472085985346474 0.08293298551110048 0.23319666164015057 0.1339548270172715 0.0942509299932619 0.08586910474422417 0.1482934999947002 0.11678113124582641
0.08141126582469119 0.12806735818581597 0.13051242502988727 0.13858606794634815 0.09544443081764634 0.16567766370507891 0.09399750695491442 0.1663032815356178
0.10472350823006514 0.08293512329090126 0.23317605039052205 0.13395706969319346 0.09425365713060795 0.0858755221363803 0.1482959827291356 0.11678308639919428
0.08141177519852369 0.12806788957880763 0.1305078109140868 0.13858621254512343 0.09544506259634837 0.1656801890823564 0.09399760503060546 0.1663034550541481
0.11710678740389531 0.09274194825134702 0.1564474199970792 0.08987818229608883 0.15112346344370975 0.13769068931540565 0.14266378142236322 0.11234772787011102
0.08221147024303227 0.12765538475208177 0.11153735841434913 0.13561038314400917 0.10593610372406985 0.18233762355631886 0.09197921639332796 0.16273245977281098
