0.125 0.125 0.125 0.125 0.125 0.125 0.125 0.125
0.07575757575757576 0.12626262626262627 0.09090909090909091 0.15151515151515152 0.0946969696969697 0.15782828282828282 0.11363636363636365 0.1893939393939394
0.06506121454980185 0.1084353575830031 0.05855509309482167 0.0975918218247028 0.14119196794261551 0.2168707151660062 0.11711018618964333 0.1951836436494056
0.06430745814307458 0.11377473363774733 0.056062912227295786 0.09918822932521562 0.12861491628614916 0.22754946727549466 0.11212582445459157 0.19837645865043124
0.12695731825988452 0.10248361835436463 0.15869664782485568 0.12810452294295577 0.11426158643389608 0.11137525249301303 0.1428269830423701 0.1152940706486602
0.09806630557927667 0.07722721564368039 0.19613261115855335 0.15445443128736078 0.10115316004789274 0.06732629056115726 0.17098740459976444 0.1346525811223145
0.0733942460743784 0.12232374345729737 0.10409437782285973 0.1467884921487568 0.1069174768775723 0.1529046793216217 0.11009136911156762 0.18348561518594603
0.07228007354333985 0.12046678923889972 0.09517958681245474 0.1445601470866797 0.10627717233071332 0.17211593681455342 0.10842011031500977 0.18070018385834957
0.08825957926270196 0.14709929877116998 0.08662207739290381 0.13238936889405295 0.12997901234369075 0.2369250153285092 0.09929202667053973 0.07943362133643177
0.09050210849102203 0.14806734368630145 0.07296072007730797 0.12908435090600642 0.10042828528288275 0.21650310637650205 0.08755286409276956 0.1549012210872077
0.10398362127712284 0.08188710175573423 0.13360036898948052 0.09826452210688108 0.1522756308946284 0.1511826704268674 0.15597543191568425 0.12283065263360135
0.07651765105560791 0.12347460741431865 0.08723749436881208 0.1543432592678983 0.0837479945940596 0.1847820889352512 0.1046849932425745 0.18521191112147792
0.1005271754693008 0.07370823699614239 0.20299592215774495 0.14741647399228477 0.0932550581182442 0.09038411065721134 0.16319609656451547 0.12851692604455595
0.06614404362783298 0.10036278677612491 0.07318475922799023 0.09032650809851242 0.13982059087748316 0.24111648547681652 0.10839180971821488 0.18065301619702484
0.07186867885682889 0.11959077444120222 0.08449348194215374 0.14948846805150276 0.09195514130075164 0.20182511541517298 0.10139217833058449 0.17938616166180332
0.09829509589168944 0.07227479676482705 0.21057366185820378 0.1445495935296541 0.09282858246655198 0.09543833308647758 0.16002234204341031 0.12601759435918564
0.07527461550047058 0.1142459206243875 0.121583660569022 0.13709510474926498 0.09968511397865758 0.17792537507966735 0.10282132856194874 0.17136888093658123
0.06139777017392059 0.0951345400040203 0.06564394384636942 0.08562108600361827 0.14016339573233239 0.2780517890281605 0.10274530320434191 0.17124217200723654
0.06952817201125211 0.1160321902111067 0.08197926482306452 0.14504023776388336 0.08950656443516511 0.22549016765119068 0.09837511778767744 0.17404828531666006
0.07106541793946597 0.11066961752576698 0.09468787064452203 0.13280354103092037 0.10006842871509108 0.22509804208239276 0.09960265577319029 0.16600442628865045
0.07063591500232362 0.10976250497134799 0.09640334308467158 0.13171500596561758 0.10402821713354732 0.2240250019112568 0.0987862544742132 0.16464375745702198
0.11039944699912284 0.08340294631033736 0.12915008477160447 0.10425368288792168 0.13649536878474486 0.15621394905483754 0.15498010172592538 0.12510441946550602
0.13294922213607172 0.09693760639009362 0.15010860691003303 0.12117200798761703 0.1333116649878788 0.12136833818042068 0.1350977462190297 0.10905480718885531
0.07560322838194537 0.11834993815823086 0.09590922001895455 0.14793742269778856 0.09874926477773312 0.185585853767762 0.10034016496023922 0.1775249072373463
0.12975748762224718 0.0949370779307804 0.1765236201496397 0.11392449351693651 0.13395188648290338 0.12546754765551288 0.1261190974220868 0.09931878921989336
0.11331030141670904 0.0886602783872854 0.14747588421605645 0.101258568594635 0.1487241092413004 0.12853291266588987 0.1505276631645619 0.12151028231356199
0.10578766393234255 0.07746177636923306 0.20232447978919246 0.1422632430756505 0.10017902139558946 0.08533399730048727 0.15861289936941927 0.12803691876808546
0.10281821248162268 0.06802706489354442 0.25385343844184083 0.13605412978708883 0.09649851763022696 0.07351982967376507 0.15061751445701327 0.11861129263489796
0.07787100819123995 0.12448413605795794 0.11941331996758842 0.14562779098116563 0.09255850077632957 0.16651826270457265 0.09877363214374713 0.17475334917739874
0.10040918657660637 0.06935729526350366 0.2315298723653129 0.13871459052700733 0.09674568128643524 0.08874995145679208 0.15356275385977203 0.12093066866457047
0.098013532723106 0.13790790791776075 0.12395719799511525 0.12411711712598467 0.13215080631004844 0.21629532980790567 0.09308783784448851 0.0744702702755908
0.08647693871653934 0.14826504139090882 0.07844697481721666 0.11295064086699746 0.10930881933281443 0.25240081594272784 0.07660999989239828 0.13554076904039697
0.09993049763033425 0.08036135650372532 0.19730883959481127 0.13914698310671877 0.09320293341535703 0.10967860289223187 0.15513850206077448 0.1252322847960469
0.1363514183586754 0.0907840918786886 0.21630357620299334 0.10894091025442633 0.12725770192842192 0.104786108598194 0.12060206589012598 0.09497412688847423
0.09468904677743833 0.14659102935800022 0.09989130601569383 0.11672207604848578 0.11210515113541387 0.21076688260868165 0.07916801679810337 0.1400664912581829
0.07316240547035441 0.12709619572457612 0.09635580772526718 0.13775524532173666 0.09019474149335123 0.21669531739953957 0.09343399247909095 0.16530629438608396
0.09723299885907821 0.07835307252249737 0.21053975586282886 0.1384098644067982 0.09361851982486614 0.10296024083859157 0.15431666971922128 0.12456887796611839
0.09896658028452988 0.0661253937856565 0.2728337264304918 0.132250787571313 0.09286430054211897 0.07525659471038157 0.1464070582800046 0.11529555839550365
0.06664049399820747 0.1065738812539965 0.08538232824374871 0.08688360169463248 0.1376182582007503 0.24491798782546728 0.09821624539393237 0.17376720338926496
0.12327990349544361 0.09848425382391195 0.16914155072277048 0.1105253802042063 0.13597533473572967 0.13989318406916407 0.1232275507649882 0.09947284218378566
0.10596575281262643 0.07267025405789802 0.2393098515490823 0.13140346687850446 0.10093685362445849 0.0849456415461151 0.14650505934066096 0.11826312019065403
0.10081810973228582 0.06978602642352677 0.27298914227543664 0.12955719976653376 0.09223609595480177 0.07356533676559347 0.1444466092919414 0.11660147978988039
0.13155679025979392 0.09163767469727184 0.24191526485130058 0.10658388765054463 0.11929406260748482 0.09425374033922325 0.11883308070889081 0.09592549888549015
0.10731881346624836 0.06947740940165456 0.27452521973448263 0.12627226122882027 0.09414524582901497 0.07383186726678305 0.14078414796705782 0.11364503510593824
0.10163104338742696 0.06787909600549974 0.2909347266539547 0.12627508284129357 0.0888810336990783 0.06996414900118517 0.14078729385439745 0.1136475745571642
0.13369856340400166 0.09022900248245348 0.25007305023566406 0.10506281719036685 0.11698925668578805 0.0922535738718822 0.11713720065851348 0.09455653547133015
0.1070384693764905 0.06882748267491147 0.28068680613853003 0.12520727492740044 0.09301819077126952 0.07293846095917324 0.13959676771756438 0.1126865474346604
0.09289218846297784 0.13590098496002212 0.16946652716459631 0.15807684768160501 0.08107858058575207 0.13990270310661174 0.08041300512499039 0.14226916291344452
0.13559906819933343 0.09129711930986435 0.209879304024972 0.10955654317183723 0.12444037598962791 0.11243315995903627 0.12128359683654752 0.09551083250878117
0.08638593264415993 0.11921301403315285 0.12860773027404632 0.13541238772851238 0.09944211362684872 0.1765990325684217 0.0918449238506432 0.16249486527421486
0.10418872137386866 0.07508406496747583 0.23180395932456307 0.13320204539949 0.0946161326119813 0.09271289529379804 0.14851034016928213 0.11988184085954098
0.10467268903280666 0.0692190157925063 0.27546162731557106 0.12808539882133935 0.09017170476523463 0.07430704425939544 0.14280566107394105 0.11527685893920542
0.10301500551230966 0.06755335632682188 0.29304500038792575 0.12566670172717626 0.08774692191147301 0.0697639882661024 0.14010899431373233 0.11310003155445862
0.11982176366208806 0.07869829088444309 0.2204923613501031 0.09163107339390458 0.13585009853636507 0.10733337917454622 0.13621574492586414 0.10995728807268551
0.12465946815232044 0.07909755846378871 0.19355730552753117 0.09098341758295034 0.14999690261286802 0.1172722854973912 0.13525296106360976 0.1091801010995404
0.11047048964934639 0.06916019274744782 0.2569013963854935 0.12722800717943208 0.10118799964294645 0.07869697455617974 0.1418497333776653 0.11450520646148887
0.10557458774354868 0.06781623289192931 0.28515559678253705 0.1261491683086437 0.09028536868423452 0.07083788556422775 0.14064690854709977 0.11353425147777935
0.08299731340363757 0.11800044944009144 0.14887240119964695 0.1373523312482869 0.09344830150892844 0.16134569407219165 0.09316071162927286 0.16482279749794426
0.10312809880437505 0.07442792065768977 0.2407785413092825 0.1321644786259746 0.09396614305457868 0.08923325613755358 0.1473535306471687 0.11894803076337714
0.09496061158157727 0.13687981128979107 0.15836144380190745 0.15835067680317627 0.08247766521921236 0.14590188137290477 0.08055230080857229 0.14251560912285863
0.10450049261957252 0.06718605507338539 0.2521638213810727 0.13437211014677078 0.09196635072323348 0.08391080394542409 0.14875544957233067 0.11714491653821042
0.07323910377648468 0.10430947053148087 0.08657261301196915 0.08476666784457138 0.14006745373801832 0.24568816567099125 0.09582318973734155 0.16953333568914275
0.10176919217830367 0.07409109246031644 0.21083451679397608 0.1330193768722245 0.10540566280572478 0.10685604131109182 0.14830667839336073 0.11971743918500205
0.12163401803161564 0.08014509885642802 0.19225107561239738 0.09275336145546029 0.1449106555061526 0.11911765528447057 0.13788410150692304 0.11130403374655233
0.14458249515380983 0.09102919281276124 0.21069238583299627 0.10453697167951252 0.1343132891552727 0.10421146869797285 0.11655092215611322 0.09408327451156127
0.11467566811531293 0.06912840642604146 0.26326805335966746 0.12553432745692497 0.09879443040692917 0.07565681264281268 0.139961406881079 0.11298089471123246
0.12417723158425326 0.07871738301450039 0.20963705072819547 0.09148648748200326 0.14113893502985211 0.10905831892596284 0.13600080825682873 0.10978378497840392
0.10977706675880518 0.06852092747881558 0.2633512948550904 0.12604070595019384 0.101572384887409 0.07677500360287737 0.140525981111634 0.11343663535517444
0.14007554695695437 0.08976229109302626 0.2393067220311523 0.10438184105471292 0.12254634156335333 0.09360563726518499 0.11637796308637396 0.09394365694924162
0.08885175684633215 0.11833640742409972 0.13595523640073692 0.13444969327378098 0.10136752861567887 0.1685077796381827 0.09119196587265145 0.16133963192853715
0.1049285960451111 0.07446699241772897 0.23440582579878694 0.13210482992410533 0.09692991646055805 0.09098246562603478 0.14728702679598013 0.1188943469316948
0.10528850719813626 0.06875961142280755 0.2760026498470957 0.12724286077684901 0.09254007608874412 0.07378142593689543 0.1418662940303078 0.1145185746991641
0.10369804162632557 0.06718255396848262 0.292748250385322 0.12497518114672589 0.09008253764958267 0.06949777171896433 0.1393380004725436 0.11247766303205328
0.10264271918506272 0.06660831727375308 0.2994249982222198 0.12407850754998152 0.0889616501175124 0.06827487452837346 0.1383382763281137 0.11167065679498339
0.09438980446904564 0.13448407208330443 0.17450344460144976 0.15665213992219842 0.08178841022040301 0.13750694029145835 0.07968826248216182 0.1409869259299786
0.10507794824898604 0.07469242047811367 0.2513551103693502 0.13049469678823816 0.09130326800519911 0.08413948049202095 0.14549184850867747 0.11744522710941434
0.0830039094069194 0.11873810784675462 0.14019947442673178 0.13728012591476046 0.0959046499226012 0.16702584380755203 0.09311173757696797 0.16473615109771256
0.10346791646666217 0.07455402819394703 0.23666429712118203 0.13225284817503935 0.0957169423713819 0.09086434821461846 0.1474520560996334 0.11902756335753542
0.08266371472480682 0.1187344243498585 0.1364589732587867 0.13731527117998368 0.09692038704819603 0.1699933287872685 0.09313557523511937 0.16477832541598042
0.07771336465840953 0.12283049388977985 0.11028218549703302 0.1361780902884967 0.09637658191635487 0.2008413054689235 0.09236426993480648 0.16341370834619603
0.08879822292335901 0.14266501539500806 0.1202023702488563 0.15755034461202708 0.08352047072958074 0.18532309063770447 0.08014517530263987 0.1417953101508244
0.11967721572947611 0.08692818890324282 0.16122969713644472 0.09422723955844896 0.14144518035550382 0.14334467054791628 0.1400751202988286 0.11307268747013874
0.11060312611488729 0.07038730494080982 0.24277018662668878 0.12845093217283718 0.10429578870803734 0.08467361899893332 0.14321320348225278 0.11560583895555346
0.10612728319024593 0.06800734738464713 0.27891903081136077 0.12631377610855155 0.09384787550614904 0.07227185454151627 0.14083043395983283 0.11368239849769639
0.08309492837035298 0.11760305652629921 0.14708250723243882 0.1368178680614186 0.09654229351184657 0.1618796984605445 0.09279820616339697 0.1641814416737023
0.10319365197169612 0.07424476766912723 0.2395696270778072 0.13182647621927462 0.09589487902886108 0.08965008624812804 0.14697668318775844 0.11864382859734716
0.10465736766957727 0.06859270060564872 0.27811034522828876 0.12695153064083842 0.09242236619916518 0.07346782941001616 0.1415414826697109 0.11425637757675458
0.10344216018567412 0.06708294385622829 0.29354451037412194 0.12480160750370028 0.09024005569409771 0.06942279681902036 0.13914447881382702 0.11232144675333025
0.12033874582073022 0.07810661243050403 0.2198419880336235 0.09093963580860162 0.1396153679149887 0.10684221050575644 0.13518787651547345 0.10912756297032195
0.08483157225360587 0.11690631768318108 0.13088518715135605 0.1344527843084791 0.10624299800845607 0.17414373702421332 0.09119406240053365 0.1613433411701749
0.1040207139569916 0.07444261414455625 0.2320617453836 0.1322236469609578 0.09851248394411062 0.09231801441979427 0.14741949892512757 0.11900128226486202
0.1051258147839234 0.06878148538895858 0.27497132995446427 0.12728077405867408 0.09324256320582258 0.07413677144515717 0.14190856451019332 0.11455269665280665
0.12126443117066892 0.0785719473176191 0.21365898743388292 0.0913452327318464 0.14117585805688063 0.10857844042742511 0.13579082358346123 0.1096142792782157
0.0850267978618761 0.11699262370566145 0.129343285722833 0.13449605541718063 0.10662428440142839 0.17489827489005522 0.0912234115003486 0.16139526650061672
0.11714225198958785 0.09092491734308239 0.16284254965710904 0.09277929977885783 0.14805005688630354 0.13900310404365024 0.1379226605667797 0.11133515973462939
0.08333797480208188 0.1253962677640507 0.11549551877466908 0.13295785295926255 0.1072593983141366 0.18582345487101054 0.09018010896367373 0.15954942355111507
0.10353499428532928 0.08177172289421263 0.22399563424003302 0.1317468842619432 0.09877672262656766 0.0947139017611331 0.1468879440950322 0.11857219583574889
0.08209100827175991 0.1260015515977665 0.13252829457123763 0.13605954310601645 0.09730974491372091 0.1704545417925461 0.09228386401973289 0.1632714517272197
0.1028320830916917 0.08155536428124686 0.2320396556725501 0.13136650984645581 0.09606669148196613 0.09144598175636504 0.14646385500791415 0.11822985886181021
0.10446706918648668 0.07325336471618345 0.2744050369596193 0.12659730837469568 0.09241718555166255 0.0737759063966669 0.14114655127745923 0.11393757753722614
0.08228438571594426 0.12410295329528928 0.1453061366299004 0.1358065012521515 0.09579038047415578 0.16162960549808286 0.09211223563189407 0.1629678015025818
0.10242627572828661 0.08095460937583746 0.2376794812900251 0.1307659560585008 0.09528720512710356 0.08940282961580452 0.14579428235179118 0.1176893604526507
0.10414625014141939 0.07302006046053701 0.27672760757875225 0.1263059446605874 0.09204617773579658 0.07325690674858974 0.1408217024797892 0.11367535019452864
0.10301440718722793 0.07091167023362661 0.29247823351292 0.12420124695267064 0.08992813368215818 0.06921006457153793 0.13847512160245518 0.11178112225740358
0.11977145788502878 0.08234607532386376 0.2190219097768224 0.09043519256320948 0.13904293486005345 0.1064222107644892 0.13443798775068155 0.10852223107585136
0.08415420515047622 0.12394128266040731 0.12996304134614556 0.13322578613818126 0.10550984258880422 0.17297306119557548 0.09036183755459251 0.15987094336581748
0.07697880626334629 0.13267591090638495 0.10740528634388329 0.13389936834487468 0.09734283623861362 0.2001998478812195 0.09081870200782804 0.1606792420138496
0.07525277971566557 0.13389748064046766 0.10144797212292614 0.1333820608526512 0.09501326126418926 0.21048013980259866 0.09046783257831995 0.1600584730231814
0.10206649059614226 0.08338649496594051 0.21799094675559255 0.13264594247140446 0.09653100822231943 0.10010744185965134 0.1478903269046853 0.11938134822426401
0.10482304760265226 0.07387852654881794 0.26861624455326943 0.12732070314664198 0.09304135451796208 0.07577840833518346 0.1419530824634949 0.1145886328319778
0.08236444659613268 0.12426261467111799 0.14384714650704986 0.13585249041687716 0.09598110956070227 0.16252577546511607 0.09214342828275146 0.16302298850025257
0.10249450748149136 0.08101186085102391 0.23702838762473352 0.13082609585703897 0.095420915563204 0.08961341261205652 0.14586133373911658 0.11774348627133509
0.10418385255483907 0.0730410864362691 0.27645096213475034 0.1263303202957211 0.09213796012766666 0.07330965069071865 0.14084887949388605 0.113697288266149
0.10302997262016664 0.07091780131204499 0.2923588257472148 0.12420688380086202 0.08999555095937392 0.06922336387203355 0.13848140626752825 0.11178619542077582
0.10211979503765138 0.07020730019800611 0.2987213974712962 0.12336408764065564 0.08896526182720559 0.06805272750446098 0.13754175144413397 0.11102767887659008
0.10165091528836077 0.06994501277685554 0.3012650258185133 0.12303579309767582 0.08852095258807345 0.06767435911430872 0.13717572752830423 0.11073221378790823
0.08159557748713141 0.12313415549901773 0.15196890523662493 0.1354270521071362 0.09474274285528259 0.15876423416140364 0.09185487012484021 0.16251246252856344
0.08879997910032306 0.15386264514441492 0.13090770587704992 0.15554674390638176 0.08258299082521214 0.16918191329588908 0.07912595233498551 0.13999206951574358
0.10451897812801147 0.08501125288429971 0.23108500125824336 0.13121006193780596 0.09258738053869604 0.09120884224393137 0.14628942726498664 0.11808905574402537
0.08230345543829157 0.12670256717005762 0.13432308810792382 0.13607680743265335 0.09590155987702725 0.16910477931793225 0.0922955737369301 0.16329216891918402
0.102828044522748 0.08159611573221849 0.2328433047491727 0.13128915212530962 0.09573424379316428 0.09117129524280784 0.1463776069218004 0.11816023691277865
0.10443062524903376 0.07323142315468713 0.27472898092575343 0.12654701691540027 0.09236158962099127 0.07371756885683517 0.1410904800534388 0.11389231522386023
0.08226922780041244 0.12408301340980021 0.14537857148486433 0.13578658376856423 0.09581984313850768 0.1616201334934175 0.0920987263821566 0.16294390052227703
0.1019879772788286 0.08512172911489749 0.23693701385210297 0.1299704812981642 0.0949649034242865 0.08913707450556854 0.14490738735780395 0.11697343316834777
0.10376233403888176 0.07629855938831773 0.27595239079323264 0.1257747458164 0.09177489808120633 0.0730103452369766 0.14022945541022505 0.11319727123476
0.10268381258613167 0.07376909709578132 0.29178437715208416 0.12374236597312484 0.08969987327179091 0.06898884099016402 0.13796350355511078 0.11136812937581234
0.09331959458455266 0.1464999567840811 0.17080883642811404 0.15434847833838194 0.08130278438292131 0.13629031912701103 0.0785163998503943 0.13891363050454375
0.1360858920284348 0.11519910272548238 0.20307279568842232 0.10526870645903136 0.1187865200412355 0.1094783954160619 0.11736675182820362 0.0947418358131282
0.12854831373793768 0.09245851856715595 0.1854341126511732 0.08912430981264137 0.14810530843172345 0.11689099252660048 0.1324892724975982 0.10694917177516965
0.12634300617785338 0.08832125227308844 0.17891268260534993 0.08920699150668615 0.15851603197186195 0.11903946126809299 0.13261218438904387 0.10704838980802338
0.12563435263359285 0.0875195993515088 0.17642946299955437 0.08915883009095119 0.16212868340574052 0.11959788619967912 0.13254058920983192 0.10699059610914143
0.11040294786590504 0.07690660665045954 0.24719034263451586 0.12556268744032167 0.10787765382716576 0.07906031673919289 0.13999302614614967 0.11300641869628951
0.10518625194536238 0.07445415121355238 0.2795818930810841 0.1247271060160751 0.0940827488747714 0.07065203823974972 0.13906141521493745 0.11225439541446758
0.08204207964963674 0.1282120760687075 0.14615443259146318 0.13491141435285475 0.0957763654008841 0.15950480149978752 0.09150513321324062 0.1618936972234257
0.1333018983375244 0.11220043738350256 0.19401069363942433 0.10622003090661361 0.12418342464203597 0.11605807968205092 0.11842740759289605 0.09559802781595224
0.14645916632064984 0.10539608115619098 0.20877666158774158 0.10222506241229971 0.12901837755413123 0.10214877894420357 0.11397331585371324 0.09200255617106973
0.11429787413036252 0.07868656064677046 0.2606896998420376 0.12364183751513928 0.09881406232890204 0.07474088994658211 0.13785142182658067 0.11127765376362535
0.1403056650140696 0.09873758406936335 0.2366566106243519 0.10295475616409788 0.12159677180436357 0.09230246184385509 0.11478686993221061 0.09265928054768807
0.11179919038107904 0.07699402947452151 0.2728080736623897 0.12264997848738625 0.09630812368408265 0.0723100506419268 0.13674557302996648 0.11038498063864763
0.13912655206261765 0.09812944243376732 0.2412037510939543 0.10266369755850904 0.12054043555019608 0.09147643219052713 0.1144623613077705 0.09239732780265812
0.1285711874544569 0.08866801870335239 0.1982982702434947 0.08838214026444952 0.1476986525457458 0.11093717485415873 0.13138598761700257 0.10605856831733941
0.1103707166862482 0.0765309797337807 0.25672838955925387 0.12462351433983729 0.1037687302099994 0.07687058833837272 0.1389459182266544 0.11216116290585357
0.1219438982916347 0.08624318628441913 0.206137168595008 0.09035177847089881 0.14399917435616957 0.10858867273676844 0.1343139871000227 0.10842213416507858
0.10856431490842815 0.07609762248812142 0.26045727608218316 0.12461375268295878 0.10281183830349583 0.07636778341243308 0.1389350347077167 0.11215237741466288
0.10426128604649852 0.07399114026284907 0.28510859862160937 0.12413833038947049 0.09252735276602969 0.06984382023326656 0.13840497432975293 0.11172449735052346
0.08183335634671358 0.1280390607270657 0.14751983073806046 0.1348454135626522 0.09538039378749118 0.15910708110294855 0.09146036745988584 0.16181449627518263
0.10176786033392507 0.0856762652291989 0.2378269417108411 0.12981461437672984 0.09477104516964995 0.08857651286833366 0.14473360737226448 0.11683315293905686
0.10367195437430292 0.07635958892971369 0.2763191428462053 0.1257280269196792 0.09170618310126287 0.07288251227425876 0.1401773673268662 0.11315522422771128
0.08174656444056878 0.12875940064386165 0.14530654741385612 0.13497162343042893 0.09522420168918981 0.16047974359102798 0.09154597067455181 0.16196594811651469
0.13323604522077923 0.11234585232181406 0.19369724339684372 0.10625049272624218 0.12405458670191252 0.11632896593027861 0.11846137024851178 0.09562544345361794
0.12782040898619468 0.09202412654067613 0.1821185630853341 0.08923025861578583 0.15012235729943202 0.11896120262419746 0.13264677250943685 0.10707631033894298
0.08513911657762287 0.13055174937039324 0.11994318806361816 0.13198257333776986 0.10749552428316761 0.1769901454025735 0.08951861495953087 0.15837908800532383
0.07650299246397013 0.14065340903986426 0.10411422751901826 0.1324644341786718 0.09703474815002996 0.20042742532154906 0.08984544231249043 0.15895732101440613
0.13229352656290924 0.11562707755313353 0.177255652077426 0.10689852556010852 0.12542840042410672 0.12710426632060487 0.11918387849761353 0.09620867300409766
0.08572475580932623 0.13646360571221938 0.11831497253266286 0.1314934307655306 0.10123310489089139 0.17979116467759038 0.08918684869314249 0.1577921169186367
0.1348654604444397 0.11422458121828405 0.18256852120160172 0.1063858753478275 0.12617005365451034 0.12142590855189332 0.11861231176839873 0.09574728781304474
0.14727036044443434 0.10602827822391489 0.20431764637969846 0.10243317034410485 0.12988713426910453 0.1036682163618154 0.11420534066723331 0.09218985330969436
0.15030117840458704 0.10342014868377969 0.21197391162666104 0.1014426463558823 0.1299829746154417 0.0984797782532884 0.11310098034006577 0.09129838172029406
0.08959612575155208 0.13346968380014423 0.12743496274059185 0.13157268100324565 0.10263118321353909 0.16816754525874414 0.08924060102828835 0.15788721720389476
0.07712524097362149 0.14578610485497892 0.10564431495342126 0.13186616564911005 0.09560456416931434 0.19629455044122573 0.08943966017939638 0.15823939877893203
0.10157601663770184 0.092759281829278 0.21829021011187838 0.13094324437647265 0.09583209095813007 0.0967582905518553 0.1459919455958583 0.11784891993882539
0.08097098688848288 0.13605014551561276 0.130150701602459 0.13451457316884044 0.09579768728101301 0.16986244637429157 0.09123597136669179 0.1614174878026085
0.11528707355362912 0.10216641521037677 0.1624050310694449 0.09201234024272771 0.14363923350957336 0.13729257441886034 0.13678252370411462 0.11041480829127324
0.10839166733194652 0.08201123511228345 0.24138763036154515 0.12639763253982134 0.10421423965086879 0.08291579809493935 0.14092392762275602 0.1137578692858392
0.08237457794319974 0.13277954198472475 0.13611322922975158 0.1343820159411712 0.09784964380141879 0.16409650898414294 0.09114606298618569 0.16125841912940542
0.10199416625590281 0.08945670463907991 0.232192705166864 0.1297657491541148 0.09544926976078995 0.0896731044888381 0.14467912629570706 0.11678917423870332
0.10374190303852032 0.07885229518026388 0.27366972772030246 0.1256334498667388 0.09187017744934713 0.07309042089393603 0.14007192097082666 0.1130701048800649
0.10259540938118622 0.07574673924094737 0.2906136142916442 0.12353808436222849 0.08964996801093987 0.06893616398319047 0.13773574480385772 0.11118427592600563
0.13559638024988713 0.09964366527116396 0.24795160426703144 0.10226340899844528 0.11814696352859891 0.09034484015069247 0.11401606943558004 0.09203706809860075
0.1100216904500897 0.0788230304993151 0.2773318712919449 0.12181449404356674 0.09501532828833464 0.0715464705628458 0.13581407022469308 0.10963304463921009
0.10379991517851805 0.07544068124251811 0.2916969774751725 0.12293958556906753 0.09002530315195954 0.06838344705703123 0.1370684633135723 0.11064562701216078
0.10189017261348557 0.07459480757552352 0.29781997188468734 0.12256161774569838 0.08859853509152767 0.06758238172087937 0.13664705739706967 0.11030545597112854
0.10121450829502764 0.07429750020567454 0.3003353238943316 0.12230680505563661 0.0881039060048208 0.06730287173091279 0.1363629602635232 0.11007612455007296
0.08094590910301629 0.13035331215850415 0.15101253026321612 0.13420212404551274 0.0939850479600052 0.15743447826252183 0.09102404935260863 0.16104254885461528
0.0873652502596178 0.16772084574169482 0.1289716795215336 0.152812891936017 0.08127673184907958 0.16658574422566808 0.07773525372397386 0.13753160274241527
0.1032729792356994 0.09595185544310336 0.22847581874907064 0.1295583043528837 0.09150126242580188 0.09018946505255601 0.14444784082328974 0.11660247391759536
0.10419234437365524 0.08011324269387249 0.27210396357015926 0.1257873673019081 0.0910768393708952 0.0732740846931279 0.1402435274246647 0.11320863057171728
0.0816243573533817 0.13232801498493793 0.14394840176633264 0.13449614556983588 0.09480565052056314 0.1601785824737787 0.09122347264736695 0.16139537468380305
0.10155630408179793 0.08916097465150126 0.23574285537121153 0.12946137900215726 0.0945058397182399 0.0887176297826857 0.14433977629046488 0.11651524110194154
0.10350327595376144 0.07870102722587419 0.275156093186025 0.1254667727694075 0.09154127076269385 0.07282537616387964 0.13988608844589162 0.11292009549246672
0.1364228211409327 0.10074341910420768 0.24229534726353588 0.10272354726000785 0.11917920904301516 0.09165537439574765 0.11452908925854606 0.09245119253400705
0.11044599887768065 0.07917827046023357 0.2749559390389348 0.12207521821274975 0.09543849409146064 0.07193362471116137 0.13610475821630458 0.10986769639147478
0.13831665975846824 0.10051050777416885 0.2416746030172491 0.10229225077262573 0.11996697644424649 0.09112775067645852 0.11404822586142002 0.09206302569536315
0.09977467496298183 0.1559965198562582 0.15439996279745477 0.15038023168586878 0.08600274166405737 0.14160589048459007 0.07649777003150715 0.13534220851728188
0.09103672501819815 0.17564541573432252 0.12920683841405367 0.15152999957857471 0.07913531886574732 0.1599860508088506 0.07708265195953584 0.13637699962071723
0.07706614704789479 0.15787861081704932 0.10563508390875155 0.1311817645603913 0.08969461692250906 0.1921502015691038 0.08897545770183063 0.15741811747246956
0.10155669209832714 0.09502143579456074 0.21827996611363137 0.13093314771883452 0.09441771311889373 0.09597052363272773 0.14598068857607369 0.11783983294695106
0.10416860188146765 0.08026919338238607 0.2679040585817531 0.12633959242203271 0.09211211664601589 0.0746415866837413 0.14085921722277378 0.11370563317982946
0.08162883252730294 0.13239727167275164 0.14289510780006293 0.13453491927074063 0.0950661426966691 0.16078605157612505 0.09124977133145887 0.16144190312488874
0.11533340507159202 0.1012695883671113 0.16693313153434097 0.09188986411878541 0.14319333434156836 0.13451238490419343 0.1366004547198661 0.1102678369425425
0.14128698870410186 0.10667200896330219 0.19856136210257908 0.10295494922643451 0.13569189716335392 0.10738625435412893 0.11478708518230832 0.09265945430379105
0.11318681350597976 0.0813268669641272 0.25600115329295003 0.1237377945633475 0.10056543313553407 0.07585951665668951 0.13795840677435908 0.11136401510701276
0.08331494437504817 0.13250754484369767 0.1398155386397891 0.13423529276009347 0.09695128915075533 0.1610464925247016 0.09104654639380251 0.16108235131211213
0.10210382493553778 0.08928752748202251 0.23382642929875783 0.12958626105216348 0.09511005265772868 0.08897925917017671 0.14447901045666584 0.11662763494694711
0.09312466299622779 0.15503297413726205 0.153969705930254 0.15443343061877174 0.08237603221698875 0.1435134918375303 0.07855961470607084 0.13899008755689454
0.07791992647899613 0.15252105344797312 0.11229337369086219 0.13199369991218643 0.09097797093974194 0.18637537395604664 0.08952616167956992 0.1583924398946237
0.07449896084202234 0.15081525539677715 0.10146698207231507 0.13129570970931143 0.09244130139018289 0.20287419670059767 0.08905274223761993 0.1575548516511737
0.10102660685775548 0.09384207428651267 0.21639409341547208 0.1311235517480955 0.09521732628680178 0.09819217597263268 0.1461929748594438 0.11801119657328596
0.1375465076596214 0.1058470758280229 0.22057740920531743 0.10440346755010634 0.12202799927630972 0.09923234467070643 0.11640207501482006 0.0939631207950957
0.08682504020137745 0.13767544378753757 0.12927561325718226 0.13121834718273612 0.1004677644789884 0.1680755042098216 0.0890002702630732 0.15746201661928333
0.10303347876778268 0.0919988453061887 0.22843686855612516 0.12940954193841134 0.0959650780108201 0.09040561784327608 0.14428198183282578 0.1164685877445702
0.1040023527152097 0.0804015296192805 0.27187061199623386 0.12554946813196236 0.0919820112037208 0.07322121741098203 0.13997828760384462 0.11299452131876614
0.10262424124644055 0.0769386049656646 0.28972909593872576 0.12343235112628594 0.08963945445376317 0.06892927611914085 0.13761786013632177 0.11108911601365733
0.08114086672929631 0.13261789221560039 0.14821015860809275 0.1340470274561659 0.09425198497568525 0.1579567836627086 0.09091885340505165 0.16085643294739904
0.10111391104849214 0.09059539530675166 0.23733525640613365 0.1289585479523563 0.09409077888273054 0.08806426005177313 0.14377915719464202 0.11606269315712069
0.11970063925558092 0.09266171925152396 0.19978824159615646 0.09072558311161959 0.1411578540649629 0.11222559018147668 0.134869672804736 0.1088706997339435
0.1415773759798809 0.10517551521006893 0.21086787758653125 0.10196092255219501 0.13395823184749625 0.10101642690522593 0.11367881962162638 0.0917648302969755
0.11265119021232183 0.0818690220751151 0.2610477034186171 0.12291349945708523 0.09961725747847071 0.07423979860157644 0.13703937924543683 0.11062214951137672
0.13924568470969712 0.10257228879473386 0.23622048491822084 0.1024110836570549 0.12138990248851886 0.09180986448099228 0.11418071565943284 0.0921699752913494
0.11122897723946297 0.08077085208837535 0.2721016394826276 0.12203267615568271 0.09599265603339134 0.07198646346289016 0.1360573269974552 0.10982940854011444
0.082759450657002 0.1337010046383142 0.143672472053392 0.13382216797669452 0.09565411577583263 0.15903784730775566 0.09076634001897542 0.16058660157203342
0.11539485335275478 0.10320366394297031 0.1668955519797706 0.09159421187037674 0.14307713048501555 0.13376058632929377 0.13616094779536603 0.10991305424445207
0.1081190348434591 0.08323268594040407 0.24311679152162083 0.12593768756203041 0.10380853392225277 0.08203022410763416 0.14041112329677125 0.11334391880582738
0.12127590416725699 0.09064350494997298 0.20125167357158977 0.09026837373200634 0.14400891220702822 0.11003958253988975 0.13419000035384826 0.10832204847840762
0.10829770186620373 0.07975463791242038 0.25788989690319036 0.1242939602323601 0.1027499481317892 0.07657080075450468 0.13857848999040745 0.11186456420912408
0.1210070408383373 0.08962263170038315 0.20622466901504793 0.08997866073210574 0.14325148673157012 0.10818179558286875 0.13375932252116018 0.10797439287852689
0.10804059884364302 0.07941571927064847 0.26002085435247113 0.12406132647763932 0.10239782446226918 0.07608936204883168 0.13831912071462174 0.11165519382987539
0.08217043511531197 0.13335512908281116 0.14066578927003284 0.13398911457459375 0.09725173446839944 0.16090128663570075 0.09087957336363751 0.1607869374895125
0.0756613184137205 0.14842195251063553 0.10885903911177633 0.13183189928103153 0.09432856836346719 0.19328252453934447 0.0894164186427866 0.1581982791372378
0.08535344373503387 0.17590730930502554 0.11600791600429046 0.15119730267549403 0.08058980529311978 0.1779532400876447 0.07691341049144695 0.13607757240794463
0.1336640249790052 0.12974605466611758 0.18027322603911144 0.10521847380503585 0.11882146679016507 0.12026938112832844 0.11731074616770415 0.09469662642453226
0.11200479120876532 0.0877390545299736 0.24827610119133403 0.12465149710362187 0.09732687454173433 0.07883821711130296 0.13897711692000828 0.11218634739325971
0.09501114695924608 0.15587153316170127 0.15770854635132212 0.15348852632549473 0.08248979033655296 0.1392118371723771 0.07807894600036036 0.13813967369294525
0.10406576786845068 0.09460646008429603 0.2408867316148987 0.12794139905775836 0.09071547161044488 0.08399179852836963 0.14264511208379924 0.11514725915198253
0.12049247162170576 0.0934872400398918 0.2010093927867462 0.09064063314956956 0.13987046016877888 0.1109876534732702 0.13474338898055416 0.10876875977948348
0.14180409785223255 0.10535437118931855 0.2113256899561339 0.10192797478191994 0.13352748452164057 0.10068311907846815 0.1136420853165585 0.09173517730372795
0.12914883909887367 0.09384946182917835 0.18712141640723667 0.0880244949179348 0.15204302299785108 0.11332904705895139 0.13085432378845235 0.10562939390152178
0.11060504218578725 0.08055703368920873 0.2512889203317849 0.12447609889932855 0.10488987531337249 0.0773729795594829 0.1387815610116394 0.11202848900939569
0.10481619345838099 0.07735253924009658 0.28086184664447594 0.12401627431268136 0.09303242879835973 0.07003717975179682 0.13826889091279548 0.11161464688141323
0.1197948494393265 0.08894878290106648 0.2143474469173016 0.08982756041177785 0.13960246515355296 0.10615112093637741 0.13353470174646379 0.1077930724941334
0.10745957669702237 0.07908600880896959 0.2635593372816413 0.12374313440885185 0.1012988943821773 0.07551986714977053 0.1379643603036005 0.11136882096796669
0.10361274299204196 0.07676582841620608 0.2860061328583712 0.12350007931777325 0.09185232906664584 0.06941944394747822 0.13769337201548748 0.11115007138599593
0.081342107651605 0.1325672753904943 0.1472829507379764 0.1340554824544037 0.09478759100120632 0.1581734257195211 0.09092458809950862 0.16086657894528447
0.10119428134205206 0.09061019082962414 0.23691460696607905 0.12899401186520165 0.09424281709151941 0.08813078441593833 0.14381869681090392 0.11609461067868149
0.1197305110338288 0.092669920880667 0.1996420750891794 0.09073123821150246 0.14121912391301578 0.11225156552747179 0.13487807949053202 0.10887748585380294
0.1234639548973104 0.09171466010807942 0.18382219895326504 0.08890985657284914 0.15577011700648127 0.11745691122152464 0.13217047335307128 0.10669182788741896
0.10933120983612586 0.08029527772422017 0.2500076807141967 0.12475325923016721 0.10594783702049429 0.07829622807072746 0.13909057409691777 0.11227793330715048
0.10455550341531016 0.07735013233796918 0.2803612086211238 0.12410065971297785 0.09332881593800842 0.07025011189622234 0.13836297433670813 0.11169059374168006
0.10240298820727094 0.0760838284107831 0.2930945693317552 0.12294000849468222 0.0896255927893856 0.06813807027683794 0.13706893484407107 0.110646007645214
0.10142201699942231 0.0755095846003209 0.2982995700515872 0.12236266961359919 0.08840158537880093 0.06745292562737562 0.13642524507665463 0.11012640265223927
0.13478478313600945 0.10044330856055463 0.25058154040312003 0.10186151036826392 0.1173969165809209 0.08968859916433064 0.11356798245536293 0.09167535933143753
0.08614849515618321 0.13782217198354574 0.13669380301278217 0.13078287355404403 0.09919659241364213 0.16371171007394605 0.08870490554100377 0.15693944826485282
0.07622948567877415 0.14949309016129403 0.10762961696522166 0.13136553266990006 0.09453417000876964 0.19400936489257598 0.0891001004195844 0.15763863920388008
0.11369839706523882 0.1070002202373807 0.15384830535931743 0.0917477758942589 0.14299992061980643 0.14421881872001854 0.13638923103086847 0.11009733107311069
0.10816451358014528 0.0843596027400204 0.23737342965362973 0.1265206198712523 0.10425927685006471 0.08439295010161789 0.14106104931914248 0.11386855788412707
0.1214068955400659 0.0909850531224187 0.1993057461587891 0.09037375486442067 0.14430867695445546 0.1108247110375259 0.13434665648501937 0.1084485058373048
0.08364070106154982 0.1350743036172045 0.12395771014414358 0.13146259137182564 0.10584610494009668 0.17309754767983768 0.08916593153915131 0.15775510964619077
0.10238996816937207 0.09165668347632787 0.2260626334577838 0.12966305191610095 0.09742580999890273 0.09154047971772708 0.14456462653929464 0.11669674672449085
0.10392962796524939 0.08040727033638675 0.27088479988625597 0.12566916401142508 0.09239824514472385 0.07349690546875905 0.14011173957691722 0.11310224761028258
0.13651268072987352 0.10236572379929172 0.24049968720426285 0.10264215251658407 0.11938736336128118 0.09177611492991787 0.11443834019386312 0.09237793726492564
0.11041773280739159 0.08065114753410903 0.2740046354840111 0.12192040582369403 0.09543563052034643 0.07190992863345243 0.13593215395567076 0.10972836524132462
0.10392203533670442 0.07672850454989777 0.2901916662035407 0.12290961798401731 0.09013601685810309 0.06845845118949276 0.13703505169262825 0.11061865618561557
0.10188157352538034 0.07568985023122475 0.2970792354786099 0.12245742972283101 0.08858552109759603 0.0675638076670117 0.13653089552679817 0.11021168675054792
