0.125 0.125 0.125 0.125 0.125 0.125 0.125 0.125
0.11301829483647666 0.08900190718372537 0.135621953803772 0.10680228862047045 0.14127286854559584 0.11125238397965673 0.169527442254715 0.13350286077558807
0.06470332216603028 0.10783887027671715 0.05823298994942726 0.09705498324904543 0.1459161474084001 0.2156777405534343 0.11646597989885452 0.19410996649809087
0.06430745814307458 0.11377473363774734 0.05606291222729579 0.09918822932521563 0.12861491628614916 0.2275494672754947 0.11212582445459159 0.19837645865043127
0.09784760923708909 0.07705499227420766 0.19569521847417817 0.15410998454841532 0.10315766623300116 0.06717614711084771 0.17060608790056558 0.13435229422169542
0.0925757931311106 0.154292988551851 0.09844999227531967 0.1388636896966659 0.13548531956474008 0.19286623568981376 0.10414776727249943 0.08331821381799953
0.10970341942874891 0.08855577230995393 0.13712927428593613 0.11069471538744241 0.13164410331449872 0.1248839276653657 0.16455512914312334 0.1328336584649309
0.10644161242175844 0.08382276978213478 0.1442090861007116 0.10058732373856175 0.16245325157125592 0.11708938307973772 0.15966241863263766 0.12573415467320218
0.08467084639636188 0.14980226670125563 0.0738156096788796 0.13059684789340237 0.11674740051250536 0.19907207973085675 0.0885787316146555 0.15671621747208284
0.10230499941125598 0.07457582207716013 0.20265985964165598 0.14915164415432025 0.0988698013151962 0.07729123364530144 0.16511700126159992 0.13002963849350996
0.07800535730157715 0.11831724411969474 0.11494007715772482 0.14198069294363372 0.10385738031580007 0.1589378622743021 0.1064855197077253 0.1774758661795421
0.09372036838588504 0.14521382890363962 0.09401250785711648 0.13069244601327565 0.1284841910322908 0.23144185568987016 0.09801933450995674 0.07841546760796539
0.06810755384393755 0.12049797987773565 0.08513444230492193 0.15062247484716956 0.0916606427960651 0.20106860574766036 0.1021613307659063 0.18074696981660346
0.07295850392134946 0.11396830928065686 0.094307634419721 0.13676197113678823 0.09921533794605364 0.2092643010218544 0.10257147835259119 0.17095246392098526
0.061149373279640894 0.09500719734260775 0.059907372947183964 0.08550647760834698 0.14075884992303742 0.28405000055247276 0.10260777313001634 0.17101295521669396
0.05507703995078811 0.09744399375908668 0.04801588098273836 0.08495117404638325 0.125308339411564 0.3232694617911964 0.09603176196547672 0.1699023480927665
0.0904257086905902 0.07299424677433185 0.1808514173811804 0.1459884935486637 0.09955655732407238 0.11602765644430187 0.16276627564306234 0.13138964419379734
0.13186472484888181 0.09526466830080621 0.19181160541538742 0.11431760196096748 0.13470375720481573 0.1058218584945284 0.12655428462915405 0.09966149914545881
0.06789543858153592 0.12012269902887124 0.10052819803973365 0.15015337378608906 0.10030963183559398 0.17896345231256544 0.10184315787230389 0.18018404854330686
0.13617107530143482 0.09564098834008859 0.1718964537347801 0.11476918600810632 0.1356016584521838 0.11881124362884678 0.12705420673262074 0.10005518780193884
0.06722927778626014 0.1189441068526141 0.09808799836750395 0.14868013356576765 0.10592464710367207 0.18187375936587055 0.10084391667939022 0.17841616027892113
0.10448099756209589 0.07088263126889577 0.21177070656449334 0.14176526253779154 0.10189787280562615 0.0886723272021873 0.15693997317980987 0.1235902288791003
0.10493547473137624 0.13927084595704906 0.11419470079871623 0.12534376136134415 0.13516280068585176 0.21187833862784794 0.0940078210210081 0.07520625681680648
0.06506028328056064 0.11510665503483805 0.09060641374364173 0.14388331879354757 0.10756517725629904 0.20752774441801486 0.09759042492084097 0.17265998255225706
0.10267730783040793 0.06981241252699394 0.21636981512475725 0.13962482505398788 0.10364194530869617 0.09157906679964664 0.1545704208981876 0.12172420645732278
0.10337450853161828 0.137173432960333 0.12117257426527477 0.12345608966429969 0.13753885199538657 0.21061882153628297 0.09259206724822477 0.07407365379857982
0.06412871643783452 0.11345849831309184 0.08999073548779704 0.1418231228913648 0.10690986967563337 0.21730823506788888 0.09619307465675178 0.17018774746963775
0.10113689172750728 0.06872093445083438 0.22041675799150115 0.13744186890166876 0.1023610331482284 0.09794759859917998 0.1521537987027021 0.1198211164783779
0.07072648880058778 0.093821547868034 0.08757153607896036 0.0844393930812306 0.15067462098134843 0.24256035532990106 0.10132727169747671 0.1688787861624612
0.07325247202649264 0.12960052743148698 0.06964087101875722 0.11298507519668097 0.1261844731652923 0.2761211355744804 0.07663335535079228 0.13558209023601714
0.08719758400789636 0.07038841118709707 0.18706784836731924 0.14077682237419414 0.1073752573354482 0.1235392853770568 0.15695565121421345 0.12669914013677472
0.09530518252483466 0.13017042816963967 0.15145869772188236 0.15620451380356756 0.09375533942113859 0.15522056782267887 0.0817069764510969 0.13617829408516147
0.12113918494747139 0.07432668770868613 0.16969847738522384 0.08919202525042337 0.15677467240005735 0.1358042774904684 0.14157464325464025 0.1114900315630292
0.06406976474470535 0.11335419916370948 0.10492184864675852 0.14169274895463685 0.11140865374233287 0.19841683888523473 0.09610464711705805 0.17003129874556422
0.1019342638952618 0.0674764827029086 0.23023800321132062 0.1349529654058172 0.10497353835818259 0.09337496303087091 0.1493984802213361 0.11765130317430217
0.07285987032445203 0.09262831938673413 0.09144672423169435 0.08336548744806073 0.15490121469653134 0.23802882407873302 0.10003858493767286 0.16673097489612146
0.06133902090653043 0.10852288314232306 0.08986695884385426 0.13565360392790382 0.1072357712167883 0.24258890588931986 0.09200853135979566 0.16278432471348458
0.08647357798292843 0.06980397258862897 0.20182069676655703 0.13960794517725794 0.1021291129417851 0.1188651035140391 0.15565244036927117 0.12564715065953216
0.08073513952102813 0.10659212358189826 0.13216097850460043 0.12791054829827792 0.11038863622859507 0.18639147726904431 0.09593291122370845 0.15988818537284738
0.08016305853792553 0.10507525244345559 0.11150088805085064 0.12609030293214668 0.11131302813427885 0.21367686403704936 0.09456772719911002 0.15761287866518336
0.05201424059465869 0.0920251948982423 0.05785987438140204 0.08022709298821125 0.13780822436575046 0.32891969037385654 0.09069149642145619 0.1604541859764225
0.0917642258737424 0.07407473654868361 0.13197585712489715 0.09259342068585454 0.1566594022678162 0.20417391386536723 0.1376463388106136 0.11111210482302541
0.09100719949189796 0.06685205198517165 0.22153506559653377 0.1337041039703433 0.10972927065815026 0.10776851671586812 0.149070098008726 0.12033369357330896
0.08916927962400031 0.06568365672891514 0.2689390677490496 0.1313673134578303 0.09690350098208031 0.08324184837145146 0.1464647509746257 0.11823058211204723
0.086489951335278 0.06375970908318701 0.2979938488571217 0.12751941816637402 0.09161304520526359 0.07568191612202224 0.142174634881017 0.11476747634973662
0.08423280030840337 0.06218285767372903 0.3176832102268509 0.12436571534745806 0.08852572556460285 0.07242205547736114 0.13865849158888235 0.11192914381271224
0.08253680073789052 0.061006816250759904 0.33162247388652727 0.12201363250151981 0.08643216611669112 0.07053974651101177 0.13603609474423178 0.10981226925136783
0.0970432883580293 0.07179803481245173 0.25483542237360046 0.08974754351556465 0.13519695245973712 0.11026595500596545 0.1334157512559737 0.10769705221867756
0.0718701534101757 0.10652533365852286 0.15102237406223665 0.1331566670731536 0.102807772417858 0.18451474209282556 0.09031495679744331 0.1597880004877843
0.09519809927935488 0.064809191056255 0.2538453852771955 0.12961838211251 0.0948846085060785 0.10047296682548881 0.14451482304185817 0.11665654390125901
0.09523085763678177 0.06150942638153162 0.3061950212508266 0.12301885276306324 0.08870087107826645 0.0774711630833582 0.13715684031941527 0.1107169674867569
0.0926341511912418 0.0596584008207022 0.33249188274455393 0.1193168016414044 0.08501923513710889 0.07046507739648743 0.13302932959123742 0.10738512147726396
0.09074943600728345 0.058664069894882265 0.34591255979636504 0.11732813978976453 0.0830040972117496 0.06793425145490713 0.13081212003425985 0.10559532581078807
0.08964625978800049 0.05812717350134476 0.352958730173753 0.11625434700268952 0.08192018546114686 0.06684947056018356 0.1296149212104613 0.10462891230242059
0.08902685990301541 0.05783007276958719 0.3567870299070858 0.11566014553917438 0.08132966844490047 0.0663196615289453 0.1289524309220347 0.10409413098525695
0.08867608864621125 0.057660366354261736 0.35894387143486706 0.11532073270852347 0.08099919584227082 0.06603707463101999 0.12857401094517465 0.1037886594376711
0.0884723122986676 0.05756021845219062 0.360202671643036 0.11512043690438124 0.08080823419475557 0.06587703722202164 0.12835069607100416 0.10360839321394312
0.08835040689470201 0.05749932839868216 0.36096119906163154 0.11499865679736432 0.08069432544995184 0.06578237194029218 0.128214920339748 0.10349879111762789
0.0882754554865915 0.05746135762520657 0.3614308667841594 0.11492271525041314 0.08062442087726399 0.06572448906881652 0.12813025118217705 0.10343044372537184
0.08822829692859405 0.05743719355519655 0.3617281279107836 0.1148743871103931 0.08058049545284307 0.06568818173020355 0.12807636891263233 0.1033869483993538
0.0739703498328434 0.10555077328207377 0.1897101375410179 0.13193846660259223 0.0900773577796115 0.16093805595177488 0.0894886990869756 0.15832615992311064
0.07190681163278154 0.10660333737964248 0.1339614105888158 0.13325417172455312 0.094504007117252 0.2094841651004033 0.0903810903870882 0.15990500606946373
0.0950350203010719 0.06458205660710407 0.24792381867027924 0.12916411321420815 0.09671218570609888 0.10632675648753467 0.14400834712091565 0.11624770189278734
0.094496370548494 0.06091097208137156 0.3068930167198737 0.12182194416274313 0.09214604808889637 0.0782695221005569 0.13582237655159568 0.10963974974646881
0.07522510507510531 0.10608649343632179 0.1722580731365892 0.13260811679540224 0.09677608717026666 0.1679734876227766 0.08994289660905544 0.1591297401544827
0.09403023691059162 0.06340391964538014 0.26846119076947694 0.12680783929076028 0.09666103665831835 0.09512744382617955 0.14138127753760885 0.11412705536168424
0.09322159059106212 0.060137339122484194 0.3169069111384989 0.12027467824496839 0.09213984322074459 0.07497513674088768 0.13409729052088265 0.10824721042047154
0.09076929279280371 0.05850570518767885 0.34029483827635615 0.1170114103753577 0.08879917990883684 0.06885031374742508 0.1304589903737197 0.10531026933782192
0.08919832524023562 0.05772121978569028 0.3513877745493683 0.11544243957138056 0.08691955791041611 0.06672278231400793 0.12870970501465862 0.10389819561424252
0.08837916108644091 0.057350082977756914 0.3566092878781242 0.11470016595551383 0.08596057978243737 0.0658884476332437 0.12788212532652063 0.10323014935996244
0.08797942564306152 0.05717563435703203 0.35905934599299144 0.11435126871406406 0.08549214995444868 0.0655329025563328 0.12749313093941173 0.10291614184265767
0.10526666633188654 0.06846034432533672 0.26994987241111784 0.08557543040667089 0.13632487328622864 0.10451867184770319 0.12721362490305105 0.10269051648800508
0.09383283958127753 0.05870978439729654 0.31547773277468877 0.11741956879459307 0.10206397298470826 0.07590443300071854 0.1309140565515836 0.10567761191513377
0.09061298752732157 0.05825445335796309 0.33918430606919175 0.11650890671592617 0.09182649847368526 0.06885609551785206 0.12989873629372664 0.10485801604433355
0.08909146341308063 0.057647620461254795 0.35071584879927725 0.11529524092250959 0.08826837215032364 0.06667014791715409 0.1285455895061413 0.10376571683025865
0.08830262172208102 0.05729751998871321 0.3561959223084269 0.11459503997742641 0.08687086509986444 0.0658375772176289 0.12776491770617543 0.10313553597968378
0.1193894675968071 0.07758063141159247 0.3045461804945795 0.09697578926449058 0.11717708651798894 0.08893186634579174 0.10812076803070815 0.08727821033804152
0.0951295967814894 0.05769682733922281 0.3325212282049103 0.11539365467844562 0.09542533966201736 0.07132375062361379 0.1286553134996998 0.10385428921060107
0.07479983437801992 0.10501785075574155 0.1801856357829938 0.13127231344467696 0.09889426832561996 0.16326644771251103 0.08903687346682437 0.15752677613361232
0.09338692797559534 0.06297905216776525 0.27234641940104687 0.1259581043355305 0.09792563461886254 0.09360768112363796 0.140433886475584 0.11336229390197745
0.10895699075840076 0.07033026790201707 0.23392448180129707 0.08791283487752136 0.1461758940800237 0.11651579508889158 0.1306883336388228 0.10549540185302561
0.07921515405573579 0.10347930521276362 0.1472472955914762 0.12934913151595454 0.11308480434355057 0.18467289704185694 0.08773245441951699 0.1552189578191454
0.09801538617628401 0.06341194659039966 0.2535350351903514 0.1268238931807993 0.1032288686386211 0.09944418993387422 0.14139917642695088 0.1141415038627194
0.0783571501971217 0.10573289756334499 0.15483765513963604 0.13216612195418123 0.10228993687108595 0.17837378312590715 0.08964310880370553 0.15859934634501746
0.12867311139759768 0.08350124065911438 0.21236728764632437 0.10437655082389297 0.13197326245602342 0.1287975864017405 0.11637206487380304 0.09393889574150367
0.10835744519734575 0.0597485042947683 0.28462180444091784 0.1194970085895366 0.1041983779488481 0.08279930490787533 0.13323024689012514 0.10754730773058294
0.13478318596240152 0.07842771356906848 0.2703093155711204 0.09803464196133561 0.12604959555103215 0.09486305985100733 0.10930130976883239 0.08823117776520205
0.10903910108172363 0.05763444444604796 0.31345009608101476 0.11526888889209592 0.09949360240285572 0.07285565813457628 0.12851620895879948 0.10374200000288632
0.13578847506758132 0.07717895778722463 0.28270116381539756 0.09647369723403078 0.12274489737163782 0.09072550832720017 0.1075609728863 0.0868263275106277
0.0899586166777922 0.10222079992734004 0.16304700938658484 0.12777599990917504 0.10658237601443213 0.1704185373857036 0.0866654608079622 0.15333119989101004
0.11881507486429972 0.07107166803126252 0.18565973367413044 0.08883958503907814 0.15258536362067435 0.1443550627252704 0.1320660099983908 0.10660750204689377
0.11093821456593328 0.05997544664025925 0.26945571305055904 0.1199508932805185 0.11108329878726093 0.08690433527442419 0.1337362944485781 0.10795580395246666
0.1235108659374848 0.06850279395264341 0.22992933148764957 0.08562849244080427 0.1503201739907144 0.11206164608108023 0.1272925051806583 0.10275419092896512
0.12728471322341736 0.06728956525936265 0.21016810477281161 0.08411195657420331 0.16582006176114272 0.11935317776194884 0.1250380727580694 0.10093434788904397
0.12895694106628267 0.06707682819916846 0.2008386255924849 0.08384603524896059 0.17236807971715398 0.12165548502948827 0.12464276284770857 0.1006152422987527
0.10405889773470546 0.11769385141922507 0.15741991244820963 0.14711731427403132 0.10526632202961397 0.1612001811168836 0.07483793813070289 0.13240558284662818
0.08491651783052337 0.10472020605055156 0.12316788578482481 0.13090025756318943 0.10225804014783064 0.20817226102613315 0.0887845225211198 0.15708030907582732
0.12011137649072622 0.07160868734566679 0.1682379178724053 0.08951085918208347 0.15166753634400917 0.1583866876490639 0.13306390409754498 0.10741303101850017
0.08776830099587736 0.10187565718635724 0.12508916283388952 0.12734457148294656 0.11456695375801357 0.20416902817494656 0.08637283978843333 0.15281348577953588
0.08007275658699467 0.10342261783496508 0.11176998096894178 0.12927827229370636 0.10380637290400853 0.2288316792771179 0.08768439338181823 0.1551339267524476
0.07782229906144364 0.103031857881981 0.10713785735680817 0.12878982235247627 0.10017234753999334 0.2411449320843857 0.08735309689994043 0.15454778682297152
0.10498084122563152 0.06384221412087517 0.22981967683650287 0.12768442824175033 0.10099708141042585 0.1154011639463622 0.14235860880087683 0.11491598541757529
0.10756231470488657 0.0599707233877383 0.29496788755262626 0.1199414467754766 0.09549860808357534 0.08038595509734844 0.13372576230041944 0.10794730209792894
0.10503173718461982 0.05784425028312728 0.32725802353032774 0.11568850056625456 0.091001307549472 0.07007248571538725 0.1289840446611823 0.1041196505096291
0.10265930282989148 0.056816222556056103 0.3428824953495972 0.11363244511211221 0.08836354955386344 0.06668508773079065 0.1266916962667878 0.102269200600901
0.10118900153276145 0.056332918742772305 0.35037772267965905 0.11266583748554461 0.08698975944147648 0.06543150548273353 0.1256140008980624 0.10139925373699013
0.13559176995388048 0.07577819654986628 0.29879402880209754 0.09472274568733285 0.11657222207727709 0.08768177323118838 0.10560879257975767 0.08525047111859956
0.09216237430293353 0.1014103066365176 0.16794324929447527 0.126762883295647 0.10445878370008094 0.16916863936286966 0.0859783034526997 0.15211545995477638
0.10668207843599586 0.061949143205312925 0.26295957710742174 0.12389828641062585 0.09948697325891508 0.09537814060509446 0.1381373432070709 0.11150845776956327
0.12438990336395188 0.06880875795048641 0.22757229761550235 0.086010947438108 0.14592446316403046 0.116219443320765 0.12786105022142624 0.1032131369257296
0.08924946320831358 0.10182726705175377 0.14458665581704602 0.12728408381469222 0.11345768878532293 0.1845221273752755 0.08633181336996516 0.15274090057763068
0.13971636998755732 0.08184089157945099 0.20446943188760164 0.10230111447431373 0.13484816106512548 0.1306949197517366 0.11405810822733187 0.09207100302688234
0.11827728559499913 0.05901580091493658 0.27855450932869996 0.11803160182987316 0.10478688787675676 0.0835090450960348 0.1315964277118138 0.10622844164688583
0.1089034025355373 0.05798032304289188 0.31846793227945686 0.11596064608578376 0.09402150810356413 0.0710141398694706 0.12928746660609025 0.1043645814772054
0.14013234883704798 0.07657407172525652 0.28422827800027795 0.09571758965657064 0.12033048806279056 0.09015342366377217 0.10671796936337055 0.08614583069091357
0.11423934292330451 0.05662429905420871 0.31933802272865636 0.11324859810841742 0.09699393936325212 0.07136832402161834 0.12626373550296685 0.10192373829757567
0.08769610107902735 0.10321254884364085 0.1756088634221706 0.12901568605455108 0.09972928468729574 0.1624124012369403 0.0875062914109129 0.15481882326546126
0.09387328706006023 0.12117443939602093 0.1492129585991072 0.15146804924502613 0.08745758633851457 0.1834412969465385 0.07705113809420895 0.1363212443205235
0.08226768308630115 0.10437829005826728 0.12001422208524329 0.1304728625728341 0.0966409069558374 0.2211639629308021 0.08849463722331356 0.15656743508740092
0.07858308767936922 0.10322978891262848 0.1098514914648764 0.1290372361407856 0.09834767377852748 0.23858513066372847 0.08752090799114155 0.15484468336894272
0.07723909350529067 0.10257105415018763 0.10614570136070522 0.12821381768773454 0.09830376136918814 0.24670757522645348 0.08696241547515908 0.15385658122528142
0.10485694779800746 0.06377802068916806 0.2290935321985488 0.12755604137833612 0.10058419719023666 0.11711535647592114 0.14221546702927923 0.11480043724050251
0.10765360670724278 0.05993903519087125 0.2945212052922731 0.1198780703817425 0.09553526116464386 0.08092745556867066 0.13365510235098754 0.10789026334356827
0.12389036011343728 0.06809473820701382 0.24070472142554603 0.08511842275876728 0.1431411226306198 0.11037427521419627 0.12653425233989882 0.10214210731052073
0.14714628898966167 0.07657555214894944 0.24559389206255175 0.0957194401861868 0.13949394006849217 0.10260335781079677 0.10672003256579335 0.08614749616756812
0.13637927818353046 0.06628471187586026 0.21587985859647513 0.08285588984482532 0.15997923313476067 0.11602311534859948 0.12317084520215824 0.09942706781379036
0.09212497204995847 0.1012188126404587 0.14061148244531868 0.1265235158005734 0.11764841786873763 0.18422863038691978 0.08581594984734543 0.15182821896068804
0.0813716451604325 0.10344225139632698 0.1167920335797921 0.1293028142454087 0.10515244926164038 0.2210743900345882 0.08770103922732071 0.15516337709449046
0.07823848326405318 0.10298042443946515 0.10870284950035083 0.12872553054933142 0.1008134688022319 0.23875911649973633 0.0873094902856335 0.15447063665919772
0.1050885404132833 0.06372072212253839 0.23054903464538298 0.12744144424507678 0.1012737204113115 0.11514153856411805 0.14208769977771993 0.11469729982056912
0.08555195934224726 0.10430262652826652 0.14663986832696427 0.13037828316033315 0.10140530142145852 0.18683753371958298 0.0884304877087477 0.15645393979239977
0.10587908877331019 0.06279219475544397 0.2518817020073529 0.12558438951088793 0.09987943581318262 0.10094001624474987 0.14001722233527356 0.11302595055979914
0.10684467527306796 0.059228513471688976 0.3060122390095649 0.11845702694337795 0.09436141365677944 0.07641406243125179 0.13207074496522883 0.10661132424904014
0.08604967932963903 0.10380062571225276 0.17136597333546497 0.129750782140316 0.0993271972566226 0.1659999253360676 0.08800487832125779 0.15570093856837913
0.0803818590947431 0.10428330776915869 0.1270511543552618 0.13035413471144836 0.10033201828515716 0.2127584553696845 0.08841410876080846 0.156424961653738
0.10509289807133117 0.063339202821133 0.24110939413460877 0.126678405642266 0.10043436352712368 0.10809820204673265 0.14123696867876523 0.1140105650780394
0.14236822704342586 0.07915398469266785 0.24965380924230354 0.0989424808658348 0.1262397355899301 0.10428004738840942 0.11031348239817702 0.08904823277925132
0.11674651610275877 0.05762843121986961 0.30185621339687607 0.11525686243973922 0.10032931321570791 0.07594868706736488 0.12850280036191816 0.10373117619576529
0.0884148760495621 0.1033805773265221 0.16994525291855506 0.12922572165815263 0.10093751235724661 0.16537644335812707 0.08764875034205136 0.15507086598978312
0.13894965657791403 0.08162598357607269 0.21729525524535226 0.10203247947009084 0.12974984907462464 0.12475894428785207 0.11375860024501173 0.09182923152308176
0.11743510954663153 0.058661205251036595 0.28535303988102395 0.11732241050207319 0.10290074803014418 0.08193158503118206 0.1308057323060428 0.10559016945186588
0.10832129194029079 0.05775093199269363 0.32182413132680837 0.11550186398538725 0.09329729721666095 0.07057684714969213 0.1287759588016183 0.10395167758684852
0.12320633094251597 0.06738769176139131 0.2518855914345154 0.08423461470173912 0.14110104618701852 0.10588277502784878 0.12522041230288383 0.10108153764208694
0.14636148401315843 0.07623826734601931 0.25073263006714613 0.09529783418252415 0.13839400793956386 0.1009577523524724 0.10624997333484408 0.08576805076427171
0.1359490735366203 0.06617715616295608 0.21804378946561231 0.0827214452036951 0.1594783689975515 0.11539344817587646 0.12297098421325418 0.0992657342444341
0.09199961946314024 0.10116817057339778 0.14128148978894053 0.12646021321674722 0.11755820071533521 0.18400703620054862 0.08577301418179377 0.15175225586009664
0.10776358676388614 0.06251843932507849 0.2480060676511784 0.12503687865015697 0.10451527065724704 0.10021977758273386 0.13940678858457797 0.11253319078514126
0.10751893724337426 0.05924829811351018 0.30385031714047384 0.11849659622702036 0.095797172287082 0.07632688062066263 0.13211486176355852 0.10664693660431833
0.10465331302084172 0.057481486702421675 0.33144962940829886 0.11496297340484335 0.09086662807535915 0.06894415730384952 0.12817513602002684 0.103466676064359
0.10243284633888941 0.05662367045124231 0.3448069567388658 0.11324734090248462 0.08832406840825073 0.06638017653585782 0.12626233381217314 0.10192260681223615
0.12050031416076942 0.06699031329966877 0.26157721261131445 0.08373789162458598 0.13834259219601455 0.10388420607144568 0.12448200008669796 0.10048546994950316
0.10934556547626516 0.05737785998624099 0.3082912497241324 0.11475571997248198 0.10345159046074638 0.07555380249528135 0.127944063909618 0.1032801479752338
0.10470715373800593 0.05706715811270432 0.33317945288262224 0.11413431622540864 0.09254342035037115 0.06839636898297477 0.12725124510504512 0.10272088460286775
0.10230963571076868 0.0565177856673896 0.3455565320854916 0.1130355713347792 0.08866398836229493 0.06615824609009395 0.1260262265478807 0.10173201420130128
0.10103874820610245 0.056184780077157444 0.3515633913790446 0.11236956015431489 0.0871248350643445 0.06530240719616309 0.12528367378398989 0.10113260413888339
0.10038175180973467 0.05601362788556417 0.3544517851306174 0.11202725577112833 0.08646679677978893 0.06493222248731101 0.12490202994184008 0.10082453019401551
0.10005090889598418 0.055929867580723484 0.3558356880408386 0.11185973516144697 0.08617223853011319 0.06476254318200783 0.12471525696358339 0.10067376164530227
0.13499465188201712 0.07553291069651266 0.3011220974659852 0.09441613837064082 0.11627592125089586 0.08741680749758267 0.1052669483027891 0.08497452453357673
0.11184680938124869 0.056134371067394405 0.3278227689097515 0.11226874213478881 0.09533361276907426 0.07038055860048127 0.1251712692159511 0.10104186792130994
0.10451910136461746 0.056454327153257454 0.3425989511859898 0.11290865430651491 0.08943247091707847 0.0665839826638925 0.125884723532786 0.10161778887586342
0.10180314381186074 0.05622765187348928 0.3500643435165673 0.11245530374697855 0.08740973741974233 0.06545077476804681 0.1253792714910343 0.1012097733722807
0.10067353552088155 0.056048441606176023 0.3537160317422512 0.11209688321235205 0.08659509508530011 0.06500315859919543 0.12497965934272681 0.10088719489111685
0.1001711339320858 0.05594940563687912 0.35547946401243347 0.11189881127375824 0.08623445670066272 0.06479897438511567 0.12475882391268268 0.10070893014638241
0.0839978702432064 0.10297356341515063 0.18717946664817103 0.12871695426893828 0.09645119583292641 0.15891693113864508 0.0873036733302364 0.1544603451227259
0.10351237872437748 0.06162844280703743 0.2737674694538221 0.12325688561407486 0.0967580222868984 0.09272337487647468 0.13742222918464764 0.11093119705266737
0.14027887903701525 0.07819793977282796 0.26459246203738823 0.09774742471603494 0.12366541330673513 0.09856411491112199 0.10898108397444493 0.08797268224443146
0.1153250799097726 0.05719270206054841 0.30947607049678355 0.11438540412109682 0.09901684464300385 0.07412584568897299 0.12753118937083482 0.10294686370898713
0.10646057068060476 0.056995735107531205 0.3336425302912325 0.11399147021506241 0.09122370142840379 0.06800168661995015 0.1270919824636591 0.10259232319355616
0.1384472651790929 0.07607136257246984 0.29098611900582255 0.0950892032155873 0.11887382807815024 0.08893457367866409 0.10601736537618464 0.08558028289402857
0.10667292274352758 0.1162791506029084 0.1897387602085874 0.14534893825363548 0.09076349160213332 0.14644431922321685 0.07393837293771893 0.1308140444282719
0.08574990042113821 0.10436909979650313 0.1332335512648562 0.13046137474562894 0.09808352176681576 0.20306205683065903 0.08848684547964397 0.15655364969475472
0.07971872279326378 0.10355327083820752 0.11431481934656153 0.12944158854775942 0.09929048228027575 0.23055604553031425 0.08779516440630639 0.15532990625731127
0.10537331833775568 0.06361022650174596 0.23381048607682056 0.1272204530034919 0.10068739104307849 0.11295840629872811 0.1418413110352365 0.11449840770314273
0.12478290697558887 0.06933757317409259 0.21522699532789916 0.08667196646761573 0.14763430892480278 0.12349618996327207 0.12884369940558993 0.10400635976113885
0.11297826224344125 0.05870797914524974 0.28430463960991914 0.11741595829049949 0.10829497255011399 0.08171379459036678 0.13091003110895988 0.10567436246144954
0.10697917205552196 0.05778009946938188 0.3213260013685787 0.11556019893876376 0.09494670806845851 0.07056264313312936 0.1288409979212784 0.10400417904488739
0.0859680000427035 0.10346760174755376 0.17630063007949504 0.1293345021844422 0.09943852892951581 0.16256680247855487 0.08772253191640428 0.15520140262133061
0.1046301570360808 0.06193225198870068 0.2679104147940159 0.12386450397740136 0.09808967380541211 0.09399526650362515 0.1380996783151027 0.11147805357966123
0.10565590683684405 0.05872192246248486 0.3140297126909241 0.11744384492496972 0.0932261954462738 0.07428183458072854 0.13094112262530205 0.10569946043247275
0.1391594657553324 0.07680917700144146 0.28243924282454064 0.09601147125180184 0.12056819179501098 0.09155650183466006 0.10704562541059101 0.08641032412662165
0.13316146281891675 0.06614642822529306 0.2323711124386617 0.08268303528161632 0.1515584112195241 0.11194602239373526 0.12291388528431321 0.09921964233793958
0.15064524102475985 0.07616854964866755 0.2407263275382722 0.09521068706083444 0.14255332021188608 0.10285344536315216 0.1061528107976766 0.08568961835475099
0.11935122080983593 0.05742274937766647 0.2963652438632379 0.11484549875533294 0.10506657457118367 0.075543603190356 0.1280441605525876 0.10336094887979963
0.10823285449924958 0.05728817270696986 0.3270006307437434 0.11457634541393973 0.09338222175822011 0.0686569893423272 0.12774407466300444 0.10311871087254576
0.10364279449069777 0.0566667103094181 0.34248323208507636 0.1133334206188362 0.08913681066269317 0.06637864700428005 0.12635830627204575 0.10200007855695259
0.10157618564072476 0.05626479872689504 0.3500616637743382 0.11252959745379008 0.08739224184927519 0.06543677141674305 0.12546210342982267 0.10127663770841107
0.10060921101107165 0.05605297440927506 0.3537227972760905 0.11210594881855011 0.08662001574549619 0.06500393198572159 0.1249897668170999 0.10089535393669512
0.11958052619447383 0.0668027038745945 0.2652813342850614 0.08350337984324312 0.137335005306261 0.10315961211153393 0.12413338257294051 0.10020405581189173
0.1088800903217717 0.05727320419585139 0.31018977035035367 0.11454640839170278 0.10304269322584386 0.07526536884462756 0.1277106971173164 0.10309176755253252
0.10447233205189543 0.05700937285000113 0.33411150270172735 0.11401874570000226 0.09237876668411973 0.06827001628836896 0.1271223925938831 0.10261687113000204
0.0852319755735608 0.10325903262365742 0.1803631791444702 0.12907379077957176 0.09853318273155665 0.1611045886394657 0.08754570157223128 0.1548885489354861
0.11915540669425397 0.07068185993335212 0.19302401635212443 0.08835232491669014 0.14888330394312288 0.14253863316039342 0.1313416651000349 0.10602278990002817
0.11238751355717973 0.05944066692798972 0.27282255229170405 0.11888133385597945 0.10983037845669585 0.08710053893198516 0.13254381550808456 0.10699320047038151
0.10738733659392839 0.05815509803440258 0.3156842696075318 0.11631019606880516 0.09591074211783635 0.0721959923642316 0.1296771887513395 0.10467917646192465
0.08610246024596142 0.10355120501114275 0.17448278910562043 0.12943900626392843 0.09977338291242724 0.163530935999976 0.08779341294422972 0.1553268075167141
0.11959107489030626 0.07076219139105693 0.19045782153320587 0.08845273923882115 0.14957287113349027 0.14352907699240613 0.13149093773412815 0.10614328708658538
0.08771024043660786 0.10155329908204301 0.13208941508256433 0.12694162385255378 0.1143503851945286 0.1989255515503841 0.08609953617825387 0.1523299486230645
0.08001739456935386 0.10312067845426787 0.11376642011348584 0.1289008480678348 0.10393119662927451 0.2281540431861977 0.08742840129818362 0.15468101768140177
0.10542151366693285 0.06356197044555785 0.23334921182839521 0.1271239408911157 0.10204617004542844 0.1123519390882324 0.14173370723233347 0.11441154680200413
0.10759723316856917 0.059775771918968906 0.2966113553625063 0.11955154383793781 0.09586192219356778 0.07971473444200826 0.13329104962229782 0.10759638945414404
0.08626117669699823 0.1038840641639395 0.16830924627756985 0.1298550802049244 0.09989944780251855 0.16788926899088705 0.08807561961725306 0.15582609624590926
0.13820118741322068 0.0817512069499602 0.2166561443989925 0.10218900868745026 0.12962386283140256 0.1256753632591857 0.1139331186410826 0.09197010781870522
0.13453480509288893 0.06734377037646161 0.20443583065848256 0.084179712970577 0.15761778965203282 0.12573363849278302 0.12513879719208162 0.10101565556469239
0.15232623782130048 0.07683096635547393 0.2275234197664623 0.09603870794434242 0.14590590583661064 0.1078639328357174 0.10707599229018475 0.08643483714990817
0.12055514383200726 0.05778304994310585 0.28946234434569323 0.1155660998862117 0.10663323523060884 0.07714305982746902 0.12884757703731364 0.10400948989759053
0.10893721678890897 0.057488899587948346 0.3235707331317439 0.11497779917589669 0.09411700259886989 0.06923666380997476 0.12819166564835047 0.10348001925830701
0.12331464103585595 0.06729766380764121 0.2525225316760396 0.08412207975955152 0.14144781226704703 0.10529565418939807 0.12505312155300494 0.10094649571146182
0.1463486277325197 0.07619552261734154 0.2509860479562587 0.09524440327167692 0.13857893799969906 0.10073609562136411 0.10619040185663084 0.08571996294450925
0.11755603278069096 0.057219432815376454 0.30185221562841635 0.11443886563075291 0.10356221073681549 0.0747854683758337 0.12759079496443645 0.10299497906767763
0.107433602741739 0.05714551204034151 0.32975489368946487 0.11429102408068302 0.09275868285582987 0.06832840025026696 0.12742596266906 0.1028619216726147
0.12260680381087655 0.06718320418540805 0.2551235028472501 0.08397900523176006 0.14066487381074927 0.10482737217788402 0.12484043165795974 0.10077480627811208
0.11028502678124633 0.05752906812283426 0.3049127359802189 0.11505813624566852 0.10442298986798228 0.07595848489510555 0.12828123548584236 0.10355232262110166
0.08670286364318397 0.10329808168163776 0.17084480177013145 0.1291226021020472 0.10223281928544367 0.16527290061284122 0.0875788083822581 0.15494712252245663
0.10506476423709188 0.06204089288845998 0.2648794439149438 0.12408178577691996 0.0991028098084952 0.09481476486835491 0.13834193130650627 0.11167360719922796
0.10592627167576156 0.058803350632046676 0.3124899432216975 0.11760670126409335 0.09364159335922918 0.074563413419521 0.13112269528996676 0.10584603113768402
0.09823408440150926 0.11875162354721731 0.19863474190994884 0.14843952943402164 0.08516085019276436 0.14167305079009065 0.0755105432338284 0.13359557649061948
0.10759801989474599 0.061358621400946556 0.27976252455884576 0.12271724280189311 0.09305267070215378 0.08824483439879423 0.13682056772091666 0.11044551852170381
0.10600394664243944 0.058358394454967044 0.31988220265606676 0.11671678890993409 0.09129991533465466 0.07256313255654846 0.13013050942644888 0.10504511001894068
0.10342977980255919 0.05700305800709707 0.3392737251757369 0.11400611601419414 0.08898790501278378 0.06758560013813338 0.1271083114367209 0.10260550441277472
0.08496576860321366 0.10325994176965822 0.18202908504456683 0.12907492721207278 0.0974991475925248 0.16073474475354876 0.08754647236992763 0.15488991265448732
0.1190406976547349 0.0706708701681433 0.19377243343656653 0.08833858771017912 0.14841952123156102 0.14243034072669203 0.13132124381990806 0.10600630525221495
0.08757134322757444 0.10154101274817251 0.13314619474200923 0.12692626593521567 0.11401898593370591 0.19839555878717818 0.0860891195038854 0.15231151912225876
0.10676306953737928 0.0628011102972146 0.2436743795213815 0.1256022205944292 0.10395653833807637 0.10412358051378862 0.14003710266274416 0.11304199853498627
0.10743807611829358 0.059396485213077714 0.30171245133910823 0.11879297042615543 0.09589049245026755 0.07741055419144094 0.13244529687811654 0.10691367338353988
0.10473406837603497 0.05754812904905594 0.3304147898470634 0.11509625809811189 0.09102311068555385 0.06927327314947684 0.12832373850640233 0.10358663228830069
0.12173908105610097 0.06728284284099806 0.25557368371115224 0.08410355355124756 0.1400525271329989 0.10529846634594156 0.12502558110006354 0.10092426426149709
0.08858248469670996 0.10153962499915296 0.15358997065674002 0.12692453124894118 0.11192675401915311 0.17903925394650894 0.08608794293406447 0.1523094374987294
0.13906290950922445 0.08154487392389692 0.2087281143381021 0.10193109240487115 0.13417816248634096 0.12917130293968973 0.11364556123349068 0.09173798316438404
0.11783626855598109 0.058831903360685445 0.2807139675785347 0.11766380672137089 0.10462981629620702 0.08324044782475726 0.13118636361322994 0.1058974260492338
0.10864868182431496 0.05786680860879223 0.31948046388336815 0.11573361721758446 0.09405422769417104 0.07102159891544214 0.12903434636050087 0.10416025549582603
0.08640676559326342 0.10348887515004192 0.1757147412498991 0.12936109393755238 0.09918752792857619 0.1628671153536121 0.08774056806199206 0.15523331272506286
0.11967279988347185 0.07073851771645696 0.190987666657223 0.0884231471455712 0.1492927665421728 0.14333037838043525 0.13144694709998345 0.10610777657468545
0.08772372234919983 0.10153774621862914 0.13224939865010782 0.12692218277328643 0.11427632070383387 0.1988976599220745 0.08608635005492472 0.1523066193279437
0.1068481838673299 0.06282044492953058 0.2431614929323267 0.12564088985906116 0.10406950539067523 0.10430246614087844 0.14008021600704282 0.11307680087315505
0.12494093514374106 0.06905640734011827 0.21899720522378452 0.08632050917514783 0.14869846903044534 0.12008062854158984 0.1283212345349959 0.1035846110101774
0.11281015176558629 0.05857337405435987 0.2862198310052767 0.11714674810871974 0.1084163524517339 0.08079158746988825 0.13060988184658753 0.10543207329784778
0.0874305316081615 0.10352799142867493 0.1648471121636627 0.12940998928584369 0.10356457866171317 0.16815407784548958 0.08777373186344181 0.1552919871430124
0.10556607009793317 0.06220385009734275 0.2616169877937668 0.1244077001946855 0.09974348120203402 0.09578967887867744 0.13870530156034339 0.11196693017521696
0.12410657641954642 0.06880491888833833 0.22695788224142083 0.0860061486104229 0.1463543217104434 0.11670885735555778 0.127853916441763 0.10320737833250747
0.11216892631761426 0.058362801176962784 0.29041899145171723 0.11672560235392557 0.10738379180409906 0.07974650901836847 0.13014033575877967 0.10505304211853302
0.08724862254038404 0.10347899011871953 0.16619068882128923 0.1293487376483994 0.10322561479223683 0.16755667362632523 0.08773218727456655 0.1552184851780793
0.10544600518955871 0.062165697764593415 0.2623472482952062 0.12433139552918683 0.09958730199840093 0.0956038676940951 0.13862022755269038 0.11189825597626815
0.14151766564487128 0.07848177012965239 0.25928261858502255 0.09810221266206551 0.1251504950528412 0.09979660047213154 0.1093766460575566 0.08829199139585894
0.1345951195045032 0.06653785537887708 0.22250848639275475 0.08317231922359633 0.15427332376409206 0.11546487394144013 0.12364123872642081 0.09980678306831559
0.11534439400513913 0.058109861045267636 0.2873284094686349 0.11621972209053527 0.10951448475660125 0.0793090617349821 0.12957631701735797 0.10459774988148172
0.0880526559525722 0.10343282430131456 0.16521711839715317 0.12929103037664322 0.10386801970673216 0.167296068123368 0.08769304669024496 0.15514923645197184
0.13889872069771322 0.0816819745056709 0.2149327512364518 0.10210246813208862 0.13110430529978978 0.12555092642930132 0.11383663238010476 0.09189222131887974
0.11751442185559631 0.05870380412173624 0.2840674667447102 0.11740760824347247 0.10350031764405401 0.082238812541643 0.1309007214296626 0.10566684741912523
0.10839197676729197 0.057773015413263414 0.3211606953102703 0.11554603082652683 0.09360029604239999 0.07071135636291757 0.128825201533456 0.10399142774387414
0.1039947644561425 0.05686483857723599 0.3397049319480893 0.11372967715447198 0.08947437018106623 0.06707460550607316 0.12680010273789635 0.10235670943902477
0.13725369756182554 0.07596240759730771 0.293822466730125 0.09495300949663465 0.11810538964060023 0.0885798008832729 0.1058655195432628 0.08545770854697117
0.09264696365262409 0.10130780191696016 0.1662658834646844 0.1266347523962002 0.1052518290806781 0.1700396693359899 0.08589139727742275 0.15196170287544022
0.10692597562817821 0.06191074210696313 0.261895458806419 0.12382148421392626 0.09993463839327481 0.09602065056944686 0.1380517144892581 0.11143933579253364
