Action: 0
[0.10582808140425957, 0.10634780575747693, 0.2586849577629111, 0.10582783084769352, 0.10582783084786276, 0.10582783168440904, 0.10582783084769352, 0.10582783084769352]
[0.14928826404770124, 0.10342642551669867, 0.22776653990515958, 0.10342642551669867, 0.1058130684636459, 0.10342642551669867, 0.10342642551669867, 0.10342642551669867]
[0.14998347196714926, 0.122592037283019, 0.2142672588291761, 0.10263144638411446, 0.10263144638419769, 0.10263144638411446, 0.10263144638411446, 0.10263144638411446]
[0.125, 0.125, 0.125, 0.125, 0.125, 0.125, 0.125, 0.125]
[0.258637021447274, 0.10562221704492485, 0.10762927373911538, 0.10562221704492485, 0.10562261958898625, 0.10562221704492485, 0.10562221704492485, 0.10562221704492485]
[0.21191744599308526, 0.10587889195446586, 0.15280918756296832, 0.10587889195446583, 0.10587890667161712, 0.10587889195446583, 0.10587889195446583, 0.10587889195446583]
[0.125, 0.125, 0.125, 0.125, 0.125, 0.125, 0.125, 0.125]
[0.125, 0.125, 0.125, 0.125, 0.125, 0.125, 0.125, 0.125]

Action: 1
[0.10393419557781435, 0.10393419557781435, 0.10393419557781435, 0.10393419557781435, 0.15062894709833394, 0.22576587943477988, 0.10393419557781435, 0.10393419557781435]
[0.1111111111111111, 0.1111111111111111, 0.1111111111111111, 0.1111111111111111, 0.1111111111111111, 0.2222222222222222, 0.1111111111111111, 0.1111111111111111]
[0.10505082469737514, 0.10505082464783816, 0.10505082464699161, 0.10505082464699161, 0.25816027859492247, 0.11153477347189762, 0.10505082464699161, 0.10505082464699161]
[0.125, 0.125, 0.125, 0.125, 0.125, 0.125, 0.125, 0.125]
[0.10381756126123383, 0.10381756126123383, 0.10381756126123383, 0.10381756126123383, 0.14968162503547522, 0.22741300739712197, 0.10381756126123383, 0.10381756126123383]
[0.10381478652876305, 0.10381478652876305, 0.10381478652876305, 0.10381478652876305, 0.1496249609322467, 0.22748631989517504, 0.10381478652876305, 0.10381478652876305]
[0.125, 0.125, 0.125, 0.125, 0.125, 0.125, 0.125, 0.125]
[0.125, 0.125, 0.125, 0.125, 0.125, 0.125, 0.125, 0.125]

