Action: 0
[0.7371000000000001, 0.08189999999999999, 0.07289999999999998, 0.008099999999999996, 0.08189999999999999, 0.009099999999999997, 0.008099999999999994, 8.999999999999992E-4]
[0.69564, 0.12276000000000002, 0.05235999999999996, 0.009239999999999995, 0.09486, 0.016740000000000005, 0.007139999999999995, 0.0012599999999999994]
[0.7532960000000001, 0.06550399999999998, 0.093104, 0.008095999999999996, 0.06550399999999998, 0.0056959999999999945, 0.008095999999999996, 7.039999999999992E-4]
[0.71253, 0.10647000000000001, 0.07046999999999998, 0.010529999999999998, 0.07916999999999999, 0.011829999999999999, 0.007829999999999995, 0.0011699999999999994]
[0.69564, 0.09486, 0.05235999999999996, 0.0071399999999999944, 0.12276000000000004, 0.016740000000000005, 0.009239999999999995, 0.0012599999999999992]
[0.6544549999999999, 0.13404500000000003, 0.03444500000000003, 0.007055000000000008, 0.13404500000000003, 0.02745500000000001, 0.0070550000000000074, 0.0014450000000000018]
[0.7125300000000001, 0.07916999999999999, 0.07046999999999998, 0.007829999999999995, 0.10647000000000001, 0.011829999999999997, 0.010529999999999998, 0.0011699999999999994]
[0.671925, 0.11857500000000001, 0.05057499999999996, 0.008924999999999995, 0.11857500000000003, 0.02092500000000001, 0.008924999999999994, 0.0015749999999999994]

Action: 1
[0.46698033712, 0.18016536288, 0.08533230288000002, 0.03292199712000001, 0.14313246288, 0.05522183712000001, 0.02615489712000001, 0.010090802880000005]
[0.42596603279999995, 0.21943704719999996, 0.06744996720000002, 0.03474695280000001, 0.1438119672, 0.07408495279999999, 0.02277203280000001, 0.011731047200000002]
[0.4791898298880001, 0.16906481011200006, 0.09975161011199997, 0.035193749887999996, 0.132646010112, 0.04679934988800001, 0.02761254988799999, 0.009742090111999998]
[0.43850592631999996, 0.20863977367999995, 0.08012911368000002, 0.038125186320000004, 0.13440487368, 0.06394942632, 0.024560086320000007, 0.011685613680000003]
[0.39486375104, 0.16602225895999995, 0.06252504896000002, 0.02628894104, 0.21289944896, 0.08951454103999996, 0.033711751040000015, 0.01417425896]
[0.35766717861599995, 0.199099911384, 0.048265381383999995, 0.026867528616000003, 0.20835146138400001, 0.11598144861600002, 0.028115978616000004, 0.015651111384000004]
[0.4072502939999999, 0.15712095599999998, 0.07441770600000001, 0.02871104400000001, 0.202862506, 0.078266244, 0.03706949400000001, 0.014301756000000006]
[0.3701847666, 0.19070124339999997, 0.05861723340000002, 0.030196756600000006, 0.1995932334, 0.10282075659999998, 0.03160476660000001, 0.016281243400000003]

