Action: 0
[0.09672635925839354, 0.09357685661187445, 0.30021942938471263, 0.09357685661187377, 0.13516992829619784, 0.0935768566132003, 0.09357685661187377, 0.09357685661187377]
[0.09174868737874119, 0.12114377109504881, 0.26120442885141176, 0.09174868737874119, 0.09174868737874119, 0.1589083631598335, 0.09174868737874119, 0.09174868737874119]
[0.12784587243950385, 0.09149197803342092, 0.2065593202608652, 0.09149197787377215, 0.20803837853172064, 0.0915885171131729, 0.09149197787377215, 0.09149197787377215]
[0.125, 0.125, 0.125, 0.125, 0.125, 0.125, 0.125, 0.125]
[0.10673636835769931, 0.09295801680162306, 0.3052470889408282, 0.09295801680162306, 0.1231208890867144, 0.09306358640826597, 0.09295801680162306, 0.09295801680162306]
[0.24594802150998948, 0.08856385741127223, 0.16405551037611704, 0.08856385741127223, 0.12292243290603083, 0.11281860556277377, 0.08856385741127223, 0.08856385741127223]
[0.125, 0.125, 0.125, 0.125, 0.125, 0.125, 0.125, 0.125]
[0.125, 0.125, 0.125, 0.125, 0.125, 0.125, 0.125, 0.125]

Action: 1
[0.1245548803394049, 0.0914493723084191, 0.0914493723084191, 0.0914493723084191, 0.19797743731204298, 0.2202208208064566, 0.0914493723084191, 0.0914493723084191]
[0.1111111111111111, 0.1111111111111111, 0.1111111111111111, 0.1111111111111111, 0.1111111111111111, 0.2222222222222222, 0.1111111111111111, 0.1111111111111111]
[0.09514627557972141, 0.09343779179652824, 0.09308996766504499, 0.09308996766504499, 0.16935655096690116, 0.2696995109966693, 0.09308996766504499, 0.09308996766504499]
[0.125, 0.125, 0.125, 0.125, 0.125, 0.125, 0.125, 0.125]
[0.09782497516246765, 0.09782497516246765, 0.09782497516246765, 0.09782497516246765, 0.09782497516246765, 0.3152251738627264, 0.09782497516246765, 0.09782497516246765]
[0.09346626520245119, 0.09346626520245119, 0.09346626520245119, 0.09346626520245119, 0.2620442188793976, 0.1771581899058952, 0.09346626520245119, 0.09346626520245119]
[0.125, 0.125, 0.125, 0.125, 0.125, 0.125, 0.125, 0.125]
[0.125, 0.125, 0.125, 0.125, 0.125, 0.125, 0.125, 0.125]

