Action: 0
[0.10919106744018343, 0.1092574787652268, 0.10959667850958613, 0.109191067326661, 0.23519026785826894, 0.10919130544675172, 0.109191067326661, 0.109191067326661]
[0.1117568089879498, 0.10866227793007785, 0.23576858151332414, 0.10866227793007785, 0.10916321984833681, 0.10866227793007785, 0.10866227793007785, 0.10866227793007785]
[0.10929508736993539, 0.10924590465921884, 0.23522929557410388, 0.10924569889951437, 0.10924691679863716, 0.10924569889956173, 0.10924569889951437, 0.10924569889951437]
[0.125, 0.125, 0.125, 0.125, 0.125, 0.125, 0.125, 0.125]
[0.10877700440100363, 0.10877681335643073, 0.2357722379695775, 0.10877681335643073, 0.11156669084720477, 0.10877681335649118, 0.10877681335643073, 0.10877681335643073]
[0.21755212109992608, 0.10877106214583801, 0.12685999762942568, 0.10877106214583801, 0.10877106279408646, 0.11173256989320964, 0.10877106214583801, 0.10877106214583801]
[0.125, 0.125, 0.125, 0.125, 0.125, 0.125, 0.125, 0.125]
[0.125, 0.125, 0.125, 0.125, 0.125, 0.125, 0.125, 0.125]

Action: 1
[0.1095932650422513, 0.10920120123047614, 0.10920120123047614, 0.10920120123047614, 0.10920267690845246, 0.23519805189691556, 0.10920120123047614, 0.10920120123047614]
[0.10914790710392475, 0.10914790710392475, 0.10914790710392475, 0.10914790710392475, 0.2182958142078495, 0.12681674316860203, 0.10914790710392475, 0.10914790710392475]
[0.11172944844414742, 0.10877314321104935, 0.10877314321104935, 0.10877314321104935, 0.10877318181925487, 0.23563165368135106, 0.10877314321104935, 0.10877314321104935]
[0.125, 0.125, 0.125, 0.125, 0.125, 0.125, 0.125, 0.125]
[0.1087730898662487, 0.1087730898662487, 0.1087730898662487, 0.1087730898662487, 0.11172984744739842, 0.2356316133551093, 0.1087730898662487, 0.1087730898662487]
[0.10924573598759157, 0.10924554930005738, 0.10924554920653361, 0.10924554920653361, 0.10929763973917984, 0.23522887814703672, 0.10924554920653361, 0.10924554920653361]
[0.125, 0.125, 0.125, 0.125, 0.125, 0.125, 0.125, 0.125]
[0.125, 0.125, 0.125, 0.125, 0.125, 0.125, 0.125, 0.125]

