0.125 0.125 0.125 0.125 0.125 0.125 0.125 0.125
0.09592326139088728 0.15987210231814547 0.08633093525179857 0.14388489208633093 0.11990407673860912 0.19984012789768185 0.10791366906474821 0.08633093525179857
0.07295173961840629 0.12906846240179573 0.09118967452300786 0.16133557800224466 0.08754208754208755 0.15488215488215487 0.10942760942760943 0.19360269360269358
0.0989510669777916 0.07792396524501088 0.1979021339555832 0.15584793049002177 0.09304369796028625 0.06793371329052232 0.17253006549973918 0.13586742658104464
0.07393724452397704 0.12322874087329506 0.10485393623767018 0.14787448904795408 0.10032068512957659 0.15403592609161884 0.11090586678596558 0.1848431113099426
0.07283477642995181 0.12139129404991972 0.09588652644886811 0.14566955285990363 0.09949968245284928 0.17337906203870027 0.10925216464492775 0.18208694107487955
0.08912132264397564 0.14853553773995942 0.08744780078406893 0.13368198396596345 0.12183411538223198 0.23890856112974992 0.10026148797447261 0.08020919037957809
0.07225730034162013 0.12783983906594332 0.09032162542702517 0.15979979883242915 0.09622792034250516 0.15340780687913197 0.1083859505124302 0.19175975859891498
0.10655398930973982 0.08391126658142012 0.13877481499156338 0.10069351989770414 0.145300251562218 0.1390682738206145 0.15983098396460976 0.12586689987213018
0.07148991696924238 0.12648216079173652 0.08936239621155298 0.15810270098967066 0.10582611544624539 0.15177859295008383 0.10723487545386359 0.18972324118760478
0.09446134909951463 0.07438831241586778 0.20503318834327947 0.14877662483173557 0.09696433147896406 0.0859716558038178 0.16470183945556396 0.12970269857125663
0.0703576340283522 0.11726272338058698 0.11383310561568481 0.1407152680567044 0.10243216621852609 0.17396856658673665 0.10553645104252829 0.17589408507088045
0.0687218837137896 0.114536472856316 0.09859891903491368 0.1374437674275792 0.10102411956536084 0.20478730254688232 0.1030828255706844 0.17180470928447397
0.08384370582335694 0.13973950970559493 0.08837091848516516 0.12576555873503542 0.12317847200338425 0.2693183309551655 0.09432416905127658 0.07545933524102126
0.050013814345045815 0.0884859792258503 0.06251726793130727 0.11060747403231287 0.12037085152139275 0.2217551290168507 0.12503453586261454 0.22121494806462574
0.0917573361734255 0.0722589022365726 0.2036109399844919 0.1445178044731452 0.10157605913946108 0.10030192691906081 0.15998715025110088 0.12598988082274196
0.06855462664541917 0.11425771107569861 0.11971805615824987 0.13710925329083834 0.1051558394658539 0.1809860067822634 0.10283193996812877 0.17138656661354792
0.09950516969978047 0.08743240586547649 0.15197583086657115 0.09403238536629256 0.15418139548858292 0.14607457645575994 0.14925775454967072 0.11754048170786568
0.0817988806169033 0.14472109647605969 0.07131184464037722 0.1261671097483597 0.12326971857407089 0.21575660467774488 0.08557421356845268 0.15140053169803167
0.08953841950751065 0.08097083504690536 0.20850844641557967 0.1410230107243293 0.10300654816989883 0.0978913326707015 0.15611826991053138 0.12294313755454347
0.06726185946795032 0.12133153267334146 0.1239943936762419 0.13452371893590065 0.10634930440391709 0.17749175297084718 0.1008927892019255 0.1681546486698758
0.048983355966689825 0.09178936114252592 0.07767206717313657 0.09796671193337965 0.12497270866431699 0.2451223169331363 0.11756005432005556 0.1959334238667593
0.06621881033862186 0.11715635675294638 0.08277351292327734 0.14644544594118297 0.09642660347598048 0.2159165199306387 0.0993282155079328 0.17573453512941956
0.06556013169414161 0.12235260415436226 0.09551009746079031 0.13112026338828323 0.10238274387343418 0.22083363265242198 0.09834019754121243 0.16390032923535403
0.06911426988325112 0.12155822114636847 0.09714799217789392 0.12940754128639692 0.10265771724857481 0.22129917568472085 0.09705565596479769 0.16175942660799614
0.05820832614900094 0.10195704288430403 0.061377198984681275 0.08144948750859618 0.13797013158695876 0.29839945285895103 0.0977393850103154 0.16289897501719236
0.07577984124988647 0.13407202682672223 0.06606447698708051 0.11688330543868093 0.11908080747354792 0.2685822031131683 0.07927737238449661 0.1402599665264171
0.09065413733236666 0.07317864097913934 0.18130827466473332 0.14635728195827868 0.10329135194302157 0.11031131216174965 0.16317744719825997 0.13172155376245082
0.09436092739422036 0.07309132644587188 0.25384988718312645 0.13598270792122674 0.09542709017460581 0.07820058594688094 0.15053844751556233 0.11854902741850536
0.0728884677227792 0.11903312544898458 0.13599689255316033 0.1327463434563234 0.10379971367028508 0.17004277023582054 0.09955975759224257 0.16593292932040427
0.07022560326991917 0.12225885932643706 0.10799219569379616 0.13056404095700483 0.10386239029064821 0.20396882854818482 0.09792303071775361 0.163205051196256
0.05861177808310249 0.10262128740551604 0.06397159040880075 0.08192330032012836 0.13913155300189903 0.29158592975614267 0.09830796038415401 0.16384660064025672
0.052939927095903214 0.0936629479389057 0.0491480470030488 0.08165487769032803 0.13948408227064402 0.32749484870970846 0.09230551391080562 0.16330975538065606
0.11445046602071271 0.09238772558298496 0.15031197511771166 0.11548465697873118 0.13631149132237394 0.15836071942332572 0.1287567742733018 0.10393619128085807
0.09946280574998609 0.08028925283432613 0.15714616540032536 0.10036156604290765 0.15591468391702124 0.13719743817896515 0.14919420862497912 0.12043387925148917
0.08709982562019974 0.07030949778979978 0.22253268492193828 0.14061899557959956 0.10945350529965253 0.08664870865081103 0.1567796861163595 0.12655709602163961
0.12568933167789625 0.09740150914421018 0.22377283753371321 0.10894814222358337 0.1293291649467136 0.09926851081451743 0.12061007197726768 0.09498043168209831
0.06530332750700753 0.11553665635855177 0.12320205480218899 0.1444208204481897 0.10431194590704532 0.17596521917867772 0.0979549912605113 0.17330498453782764
0.09705045648531793 0.07648313306712232 0.23299927267494264 0.13652932221413952 0.09634972361279232 0.09041895698225574 0.15114357200751302 0.11902556295591651
0.07756105961347094 0.11843147336923676 0.13219645845200367 0.13154280962622064 0.10327515227985365 0.1739074274067731 0.09865710721966549 0.16442851203277578
0.0739858405187258 0.12128525272006808 0.10739538411708856 0.12943159325616763 0.10441868877753055 0.20462005409808406 0.09707369494212574 0.16178949157020953
0.07299660910040638 0.12067678450480628 0.10107979262205197 0.1283893427252112 0.10459718806662074 0.21548159753048113 0.09629200704390839 0.16048667840651396
0.10863416357151545 0.08494517047780971 0.148587473892364 0.09040986361851441 0.15600312755629184 0.15490015133097373 0.14350772002938794 0.11301232952314301
0.09731082177567424 0.07855210914421897 0.1630847556599882 0.0981901364302737 0.16376670839272803 0.1353010722172769 0.14596623266351136 0.11782816371632843
0.07508384488985671 0.13284064865128498 0.1290563125760186 0.16605081081410622 0.09789983395714752 0.16515349387780157 0.08446932550108882 0.1494457297326956
0.09797987266099896 0.07722330303882798 0.23630487718425236 0.13558236297956378 0.096553967126287 0.08806035905051007 0.15009524920814543 0.11820000875141456
0.07744797721880504 0.11812299264810724 0.13350511466233267 0.1310535858437843 0.1052637463414119 0.17249941159799037 0.09829018938283823 0.16381698230473035
0.10935540525420116 0.08469097011257415 0.15989826449322336 0.0903765951135326 0.15661526050936792 0.142637847746562 0.1434549128786232 0.11297074389191576
0.07103240962903654 0.1128785229200834 0.10947073932180469 0.14109815365010425 0.10985696457350144 0.19064406913657825 0.09570135638876635 0.16931778438012507
0.11167251766790098 0.08421933772951253 0.1517158745376758 0.09029769535507993 0.15817354030526182 0.14771924004392537 0.14332967516679357 0.1128721191938499
0.07106070030943529 0.11266854372191513 0.10777768310809412 0.14083567965239394 0.11001735745576446 0.19311388962268325 0.0955233305468411 0.16900281558287272
0.10225219827592778 0.07571685958800224 0.22660944037013941 0.135286503554778 0.09927501607218316 0.09315018145385301 0.1497677206630021 0.11794208002211415
0.10287074980811861 0.14519395798147613 0.12196572072702118 0.12089314487349882 0.13061257807278573 0.2152581029578761 0.09066985865512413 0.0725358869240993
0.06941336807001135 0.11090423965436369 0.1007778346110316 0.13863029956795464 0.10268642832072045 0.21720396276132525 0.09402750753304748 0.16635635948154553
0.10914569040430745 0.07826990609111537 0.1494971197148478 0.09783738261389419 0.14933143263937487 0.15307176897674452 0.14544184042304273 0.11740485913667302
0.10508557452483117 0.06739033185258554 0.22614379527660403 0.13478066370517108 0.10682849620116498 0.08819815933220886 0.15027038177278026 0.12130259733465396
0.10219503634121782 0.06616175711378769 0.26188888122531684 0.13232351422757538 0.09582221859536327 0.07498658621729627 0.14753084347462508 0.11909116280481784
0.09995196880911408 0.06497053796262887 0.279844326209911 0.12994107592525775 0.09200966322170757 0.07146085697720456 0.1448746025614441 0.11694696833273198
0.13206048794647082 0.08611329393787183 0.24222615751615598 0.10764161742233978 0.12106581888776477 0.09400279813990622 0.1200123704693848 0.09687745568010579
0.12478252035385289 0.0740284179736781 0.1972570756969716 0.09253552246709762 0.1485864615241744 0.11420710580396312 0.13756026921974512 0.11104262696051713
0.08354074815589277 0.11023685233613638 0.12359736761435854 0.13779606542017048 0.10782563552119091 0.17818637329349604 0.09346167915455042 0.16535527850420456
0.1163070112452182 0.07688543056995553 0.16149364210137143 0.09610678821244442 0.15033583406828901 0.140673952336453 0.1428691956113353 0.11532814585493328
0.08300487423089009 0.10995229156969624 0.11492406901954973 0.1374403644621203 0.10832563512990591 0.18820390711985532 0.09322042111343812 0.16492843735454432
0.11728135810072271 0.07676625654484721 0.1583659684875251 0.09595782068105901 0.1503576966644046 0.14347376933352168 0.14264774537064892 0.1151493848172708
0.09651013615630959 0.12754633814825903 0.13251265325302544 0.15943292268532375 0.09447780409136299 0.16492768066552413 0.08110283458340384 0.14348963041679136
0.10689921206844429 0.07589898105541144 0.23704232374909553 0.133670404510135 0.09476126761215532 0.08721600525454411 0.1479786325875324 0.1165331731626818
0.07309393530678499 0.0985208088648282 0.08219927622953482 0.08588993593343998 0.14288670827181613 0.2485364924715228 0.09709297105519302 0.17177987186687996
0.11349976205404755 0.07535613336257801 0.1450120290380784 0.09419516670322252 0.16045023118419569 0.15842503576862332 0.1400274418453875 0.11303420004386702
0.0826098865934486 0.10917043344960758 0.11051743400013986 0.1364630418120095 0.11044479950446592 0.19448121306298888 0.09255754140292818 0.16375565017441138
0.10444105861546929 0.06782987893220017 0.2219157420916463 0.13565975786440035 0.10048536563559107 0.0963239086264534 0.15125050615627916 0.1220937820779603
0.12218846673655405 0.07529109721601633 0.19339324194325447 0.09411387152002042 0.14571717500793094 0.11645291065676579 0.13990659109543335 0.1129366458240245
0.08508922936989553 0.1098575541407629 0.12311243077024032 0.13732194267595363 0.10784848934109043 0.1788439222411356 0.09314010024977724 0.16478633121114433
0.07850706407562362 0.11111171339895468 0.10690618657252499 0.13888964174869337 0.09956985583332277 0.20414455908637824 0.09420340918607029 0.16666757009843203
0.07713121607452177 0.1107748005590266 0.10280871211600183 0.13846850069878322 0.09737398610111701 0.213362817920661 0.09391776569134863 0.16616220083853986
0.1168103918514478 0.07678585739520753 0.15478849889791765 0.09598232174400942 0.1472138099397918 0.15055616623249607 0.1426841678463185 0.1151787860928113
0.11000255656549018 0.06544342401204005 0.23802706442109406 0.1308868480240801 0.10587704414623084 0.08603583173776903 0.14592906787162363 0.1177981632216721
0.08393553809725456 0.1114547385228115 0.13518759831171656 0.13931842315351436 0.09985223354119266 0.1685751257547355 0.09449423483455757 0.16718210778421722
0.11645431910156936 0.08369626140655329 0.16025369733452088 0.08981177533000155 0.15398362163343718 0.1409772324917308 0.142558373539685 0.11226471916250194
0.12444569061211971 0.0740702927717405 0.17073157187769142 0.09258786596467562 0.16214067712865696 0.1272803811430021 0.13763808134450287 0.11110543915761073
0.11091826470360679 0.06476126612095162 0.24437838758872332 0.12952253224190324 0.10831170869740751 0.08112960404058746 0.14440795758910704 0.11657027901771291
0.08409174425311046 0.11137101988468379 0.1369143907176028 0.13921377485585473 0.10039533537687181 0.16653394909566227 0.09442325598918844 0.16705652982702565
0.10507263131304348 0.07465934586540164 0.23922706934765894 0.13350953708056446 0.09594608957042322 0.08739185133015091 0.14780054573021378 0.11639292976254337
0.08313778676989197 0.11175923805240241 0.13579304438668677 0.13969904756550303 0.09775584934298533 0.16946377932471599 0.09475239747921074 0.16763885707860363
0.10491575218011882 0.07474241159400456 0.23892978143485358 0.13361584873244187 0.09543170641371278 0.08796065083040659 0.14791823709899954 0.11648561171546215
0.08310453525501872 0.11175827708904344 0.13571350448282563 0.1396978463613043 0.0976343309081789 0.16970250752065744 0.0947515827494064 0.16763741563356516
0.14077093351807382 0.10029298208985891 0.19238083499189287 0.107574896400093 0.12801987776992677 0.1180873998140978 0.11908983240059133 0.09378324301546569
0.08881895920652215 0.10973810906358236 0.12330240371341682 0.13717263632947796 0.10376659174693786 0.17955530474730405 0.09303883159738506 0.16460716359537356
0.08073646388843062 0.1191872474437502 0.10543269165897436 0.12803324107486155 0.10478167201078639 0.20576220177347387 0.09602493080614617 0.16004155134357692
0.07741930258087781 0.1104474528870442 0.1025066330521218 0.13805931610880523 0.09833927871425942 0.21391660553078762 0.09364023179553747 0.16567117933056627
0.07675961178163389 0.11041916282686712 0.10176157627433376 0.1380239535335839 0.09683731336389134 0.21695339123487148 0.09361624674451778 0.16562874424030066
0.11668223097534883 0.0767037452792926 0.15467207329167548 0.09587968159911575 0.14692718815455383 0.15154787640388173 0.142531586377193 0.11505561791893891
0.1099293075355831 0.06537259259328072 0.23857618579536088 0.13074518518656145 0.10574245344534733 0.08619248439631726 0.14577112437964387 0.1176706666679053
0.12319213419978199 0.07460187225971097 0.1990087977515042 0.09325234032463872 0.14648195650528947 0.11293422346004527 0.13862586710946292 0.11190280838956647
0.08548234474387033 0.10966406870757846 0.1249300099243909 0.13708008588447307 0.10796525900452388 0.17740607042171835 0.09297605825207739 0.16449610306136767
0.11875538180556476 0.07640578484539504 0.16234803993039912 0.0955072310567438 0.1501748385861542 0.1402221328770285 0.14197791363062212 0.11460867726809257
0.12511460989171289 0.07404191314835377 0.17171472005040228 0.09255239143544222 0.16082366781670782 0.12710448186067075 0.13758534607417977 0.11106286972253065
0.14580318401146714 0.0849283310154768 0.20109434983336344 0.106160413769346 0.14168899339565846 0.10641941664839416 0.11836093893388279 0.0955443723924114
0.10377629949491805 0.12648335301011615 0.14495408929895365 0.1581041912626452 0.09259027292501013 0.15137110718619584 0.08042691468578038 0.14229377213638064
0.1102027094637886 0.07520507646671792 0.24204592254093155 0.1324992396212647 0.09362376017910831 0.08422902919722056 0.14668210491242975 0.11551215761853846
0.12368110013175422 0.07489600009818742 0.20068539175258948 0.09362000012273428 0.14284536133061185 0.11275572832394114 0.1391724180929005 0.11234400014728113
0.1259701148797144 0.07363295220043424 0.18439829953900386 0.0920411902505428 0.15763071898215558 0.11905188466907883 0.13682541117841884 0.11044942830065137
0.12644140572635054 0.07347547476980214 0.1784818538447512 0.09184434346225266 0.1624146273658992 0.12059629746966835 0.1365327852065726 0.1102132121547032
0.12656649458056515 0.07346404223495004 0.1763999637121233 0.09183005279368756 0.16402239363450635 0.12100944852381298 0.13651154116792955 0.11019606335242506
0.08597147652708499 0.10933798838633933 0.11929123667672595 0.13667248548292418 0.1117506216251857 0.18026960987294313 0.0926995988492877 0.164006982579509
0.10507096487401892 0.0674916637957729 0.22667930011180845 0.1349833275915458 0.10035636978975133 0.093437042122794 0.1504963368819175 0.12148499483239121
0.14049111178611978 0.0861068885609563 0.2244708992955645 0.10763361070119537 0.12507681603591767 0.09934698041634518 0.12000344357282529 0.09687024963107584
0.08895444644410316 0.1097175397338885 0.13127852991634434 0.13714692466736061 0.10319864367935694 0.17210621357503428 0.09302139238307938 0.16457630960083272
0.08108245714361521 0.11930313096833844 0.1074126970312932 0.12815334512538118 0.10475697308078641 0.20298470639982327 0.0961150088440359 0.1601916814067265
0.07756947641968313 0.11049655572838879 0.1030766937449 0.138120694660486 0.09837954077877811 0.21293034260980767 0.09368186246537312 0.16574483359258319
0.10371106289739748 0.06799975285461618 0.22018597020911984 0.13599950570923236 0.09804184463350935 0.10003300890886549 0.1516292996489501 0.12239955513830912
0.10563553389025065 0.0649663537508564 0.26772950058663536 0.1299327075017128 0.09383468395171933 0.07609651117358322 0.14486527239370064 0.11693943675154152
0.1042310003806732 0.06369577353174194 0.286155675142093 0.12739154706348388 0.09126199282933098 0.07057955055162744 0.1420320681439141 0.1146523923571355
0.10318942974043258 0.06321173957744973 0.29322587151128715 0.12642347915489946 0.09008431511140513 0.0691312889954001 0.14095274466971625 0.1137811312394095
0.10267665865724447 0.06302988558656177 0.29593709727646156 0.12605977117312353 0.08959801478650378 0.06869754105187105 0.14054723741242278 0.11345379405581117
0.10245469010127471 0.06296120333647494 0.2969783555157597 0.12592240667294988 0.08940560146951738 0.06855349065255736 0.14039408624581126 0.11333016600565489
0.10236383043524894 0.06293506128589506 0.29737896500929484 0.12587012257179012 0.08933080541754639 0.06850231159079678 0.14033579337481672 0.1132831103146111
0.10232763571220298 0.06292504723142885 0.2975333562096523 0.1258500944628577 0.08930191943290282 0.0684833984063912 0.14031346352799212 0.11326508501657195
0.1371262570326134 0.08433056245915656 0.24928188409390745 0.10541320307394567 0.1196725837240753 0.09177577207924688 0.11752785477050362 0.0948718827665511
0.14757442876504218 0.08357156980488836 0.22949935972530258 0.10446446225611046 0.1277716072825469 0.09663047657543913 0.1164700795601709 0.09401801603049939
0.11429220692684672 0.06325666207993395 0.2684764180331555 0.1265133241598679 0.09852385429327344 0.0740226276176364 0.14105291514540497 0.11386199174388112
0.10601011166107363 0.06344282901966254 0.2859927621189759 0.12688565803932508 0.09200484623388577 0.06999866105679518 0.1414680396348893 0.11419709223539257
0.1035745068602071 0.06317677290127371 0.29309386199587195 0.12635354580254743 0.09020762203947762 0.06900072497757892 0.14087477420075062 0.11371819122229268
0.09498851597300767 0.12768333998837642 0.1709298052211415 0.15960417498547053 0.08283919719380176 0.13912125926736538 0.08118994988391327 0.14364375748692346
0.14477873944088424 0.10079322111881257 0.20501314963421127 0.10644521533492286 0.1224651084715733 0.10986694411990716 0.11783922902360201 0.0927983928560866
0.13192981325974545 0.07362626880072123 0.18608961791274836 0.09203283600090152 0.15078456307593857 0.11828450572364221 0.1368129920252208 0.11043940320108185
0.11221877327985796 0.06435424909661455 0.25111844053080135 0.1287084981932291 0.10517672825162896 0.0790852919003169 0.14350037037364496 0.1158376483739062
0.10618192680878956 0.06389302256577253 0.27927935640293 0.12778604513154507 0.09403712334511878 0.07134318107780561 0.14247190404964802 0.11500744061839058
0.10386807935408006 0.06334941591353616 0.2905191902678349 0.1266988318270723 0.0908676129777338 0.06940817866489556 0.1412597423504821 0.1140289486443651
0.12072398540387404 0.07399826418030692 0.21616884967761893 0.09249783022538366 0.1405049517563863 0.10760448531510078 0.13750423717086885 0.11099739627046039
0.10859658013953656 0.06386138751372696 0.2638146973682464 0.1277227750274539 0.10208497201903954 0.07656772780205211 0.14240136260523592 0.11495049752470853
0.10488433031937985 0.06361424270068278 0.28431760853471094 0.12722848540136555 0.09298856474024061 0.07061086488295829 0.14185026655943295 0.114505636861229
0.13833093485575343 0.0846058676200616 0.24459659747401313 0.105757334525077 0.12107618941371233 0.09253993938174966 0.11791153565706347 0.0951816010725693
0.12930177873589713 0.07304328283575573 0.1988996461539767 0.09130410354469465 0.14935218253887145 0.11280439965281883 0.13572968228435206 0.10956492425363357
0.12718763882336395 0.0733351592575933 0.18343475844604448 0.09166894907199162 0.1593872719199916 0.1187114339293956 0.13627204966522932 0.11000273888638995
0.086105731524986 0.10934485521989992 0.1210663264536436 0.1366810690248749 0.11070987694405654 0.1793694372727741 0.09270542072991515 0.16401728282984987
0.10503997129004351 0.0674490221776205 0.22752560099464694 0.134898044355241 0.10006094015596605 0.09321692866890671 0.15040125243785826 0.12140823991971689
0.08313127742287521 0.111673512492236 0.13308299826132358 0.139591890615295 0.09861926582475267 0.17171106953218077 0.0946797171129827 0.167510268738354
0.11847754492033633 0.08352032557764279 0.15938961972509108 0.08957498817005512 0.15325165539082672 0.14163461009862954 0.1421825209048494 0.11196873521256889
0.0843410377429832 0.1093946749968188 0.11514230965255313 0.1367433437460235 0.10913725093927301 0.18840171119068666 0.09274765923643336 0.16409201249522823
0.10482048238487891 0.06759255814614588 0.225042490344902 0.13518511629229177 0.09991790670061344 0.09505352524371444 0.15072131622439094 0.12166660466306259
0.08307969294781897 0.11167058452259111 0.1324678230759662 0.13958823065323891 0.09857529925696085 0.17243525805560136 0.09467723470393596 0.16750587678388668
0.08025448764066016 0.11970874898580687 0.10780180791474421 0.12838639117540407 0.10377698236872504 0.2032987995638515 0.09628979338155307 0.16048298896925509
0.07742442946724208 0.11051763400192083 0.10319843969091 0.13814704250240104 0.09817031823091664 0.2130659519281866 0.09369973317554157 0.16577645100288121
0.07681526732506751 0.11042549041925524 0.10201152468239981 0.13803186302406906 0.09680879260225068 0.21664721487566288 0.09362161144241206 0.16563823562888283
0.10355980353399569 0.06802264093103587 0.21977624779981017 0.13604528186207174 0.09772326249119233 0.1007516730627945 0.15168033664323521 0.12244075367586457
0.08280432353264025 0.11165327946873328 0.13113432351254178 0.1395665993359166 0.09803314909828555 0.1746658428209435 0.09466256302783908 0.1674799192030999
0.10597829784432047 0.07473857563093793 0.23673979528889247 0.13359207540042434 0.09567173173423206 0.08892271881146423 0.14789191904320478 0.11646488624652376
0.12260880050270952 0.07497703314878326 0.1991091465393338 0.09372129143597908 0.14366140735567173 0.11413377686116088 0.13932299443318683 0.1124655497231749
0.1256820593683734 0.07363943804918376 0.1839765020203787 0.0920492975614797 0.15791827335200645 0.11943780933415488 0.1368374632406474 0.11045915707377564
0.11076724891586438 0.06440554389396443 0.25027432888583623 0.12881108778792885 0.10684230445654316 0.07935475693493162 0.14361475011579528 0.11592997900913597
0.08409395681002726 0.11127629559849528 0.1384911091697562 0.13909536949811913 0.10001137873197163 0.1657745005255982 0.09434294626828948 0.16691444339774292
0.10599758251688182 0.07448937137941651 0.23983049457612177 0.13318584544609344 0.09583132091524363 0.08711244232582512 0.14744220578484904 0.11611073705556862
0.07329669327501324 0.09822035966279596 0.08347161750118345 0.0856280058598734 0.14318266708610822 0.24814776870585667 0.0967968761894221 0.1712560117197468
0.102151328208887 0.06741828225143505 0.209475919887772 0.1348365645028701 0.10792569751344958 0.10650659259248978 0.15033270699051338 0.1213529080525831
0.1055038569358658 0.06509421215250248 0.2632557274904135 0.13018842430500496 0.09621847069450602 0.07741934900117492 0.14515037754602791 0.11716958187450446
0.12176526984898484 0.07443909154190459 0.20743584831697376 0.09304886442738072 0.14299753803875365 0.11033136399124836 0.13832338652189732 0.11165863731285687
0.10916674969016048 0.06406335270542184 0.2602729951657241 0.12812670541084367 0.1029274381383182 0.0772770091811154 0.14285171483865705 0.1153140348697593
0.12254625929155533 0.07423961482406925 0.20608923481339556 0.09279951853008656 0.144958354787884 0.11005487841844827 0.13795271709845702 0.11135942223610387
0.08539421637988119 0.1096287043771408 0.126708981828158 0.137035880471426 0.10761515441949028 0.17622793050800772 0.09294607545018459 0.16444305656571118
0.1047153189069915 0.06736102515141926 0.23001017445369334 0.13472205030283851 0.09922466030001068 0.09251189340917806 0.150205032203314 0.12124984527255467
0.10547091436908435 0.064688848982013 0.27156752992856525 0.129377697964026 0.09372830186615161 0.07448030054473403 0.14424647817780215 0.11643992816762343
0.08314952032000929 0.11138942305435659 0.14368173741602747 0.13923677881794574 0.09708196864992376 0.16393757848368257 0.09443885867651973 0.16708413458153487
0.14180913625537309 0.099894985904835 0.19508774363317596 0.10715677533816623 0.1276310783767665 0.11637459807647603 0.11862695519731872 0.0934187272178885
0.10568065596263396 0.13010477819665278 0.10266000970748104 0.11342467842785116 0.12296039627386789 0.2121283462974622 0.07693152102062947 0.13610961411342137
0.10962910242530456 0.06698623165977506 0.217734982119875 0.13397246331955012 0.10258740122350378 0.09914530360812196 0.14936929865627452 0.1205752169875951
0.12370559172197604 0.07500856524010828 0.19257802205587776 0.09376070655013535 0.1460738989355495 0.11697877998852688 0.13938158764766387 0.11251284786016241
0.11017262247618047 0.0643954471181455 0.25419441988471086 0.128790894236291 0.10410244010329707 0.07884013555601273 0.14359223581270056 0.11591180481266189
0.10561296076191508 0.06384875381239602 0.2805533368734592 0.12769750762479204 0.09373677917302578 0.07124971355520417 0.14237319133689502 0.11492775686231284
0.10369197376995101 0.06332309853982135 0.2910235318400386 0.1266461970796427 0.0907676664092339 0.0693648964545697 0.14120105853506432 0.11398157737167842
0.10287102233725492 0.06307985855845044 0.2950876199666559 0.12615971711690088 0.08981008594294183 0.0687892809915033 0.140658669681082 0.1135437454052108
0.08252911712138575 0.1111097549508038 0.14923902085005353 0.13888719368850477 0.09602925622261406 0.16133927597779432 0.09420174876263802 0.1666646324262057
0.08026045303630881 0.11977902669921307 0.11186105752952606 0.12851400877225316 0.1034589585157756 0.19909847790241697 0.09638550657918987 0.16064251096531643
0.07748575453906117 0.11060716138762745 0.10422413269338972 0.13825895173453434 0.09817476611370218 0.2115628546216034 0.09377563682864067 0.16591074208144116
0.13576542226290778 0.08903711323534469 0.1806912551294988 0.11129639154418086 0.12830838994503072 0.13064750462237415 0.12408717087090015 0.10016675238976276
0.11361183480166731 0.06469495903219444 0.24937288741442143 0.12938991806438888 0.10059625684492399 0.08162311490669494 0.14426010267775893 0.11645092625795
0.10662279697483834 0.06397111921266355 0.2786693958156986 0.1279422384253271 0.09313800541505513 0.07186238165762372 0.142646047915999 0.11514801458279438
0.09580388634043105 0.12794192713492136 0.16713196617804507 0.1599274089186517 0.0835498849832643 0.14035588083754252 0.0813543775803576 0.1439346680267865
0.1218548910394644 0.08457076013017743 0.17069489117031142 0.08929026581788532 0.1477524271062849 0.13249335180020982 0.14173058066331004 0.11161283227235663
0.07337884753911426 0.09445706105872642 0.0709562246708192 0.08234718143581278 0.15525458723326205 0.2658236170458078 0.09308811814483184 0.16469436287162556
0.13252388749697003 0.08734006557681763 0.16465092977411186 0.10917508197102203 0.1437005407743789 0.14262985162926684 0.12172206900351264 0.09825757377391983
0.11321042591198367 0.06486437683863919 0.2423510842677229 0.12972875367727837 0.10438326572883748 0.08406833616609688 0.14463787909989098 0.11675587830955055
0.10676071258219985 0.06411944995180492 0.2758709071843399 0.12823889990360984 0.09416684349438352 0.07245137364504507 0.142976803325368 0.11541500991324886
0.10413540341918018 0.0634373422694515 0.28921014706019943 0.126874684538903 0.09100941651011361 0.06968998511630303 0.14145580500083663 0.11418721608501271
0.10304237378107049 0.0631247047072795 0.2943896512829221 0.126249409414559 0.08991987156046728 0.06889085088108275 0.1407586698995158 0.11362446847310313
0.10259675853967372 0.06299853408627547 0.2963851885409291 0.12599706817255094 0.08952283887908898 0.0686249221800733 0.14047732824611275 0.11339736135529585
0.10241893565677677 0.06294941511553427 0.2971521817033408 0.12589883023106854 0.0893744546375061 0.06852943517526228 0.14036780027254953 0.11330894720796168
0.1023490260366323 0.06293049483890344 0.2974467868297399 0.12586098967780687 0.08931831846795 0.06849388255935668 0.14032561087958464 0.11327489071002618
0.10232179806826057 0.06292322766326726 0.29755993255600427 0.12584645532653452 0.08929694602520194 0.0684804244042815 0.14030940616256907 0.11326180979388106
0.10231125337321696 0.0629204378801874 0.29760338823253246 0.1258408757603748 0.08928878003220372 0.06847529117446065 0.14030318536268652 0.11325678818433733
0.10230718339297715 0.0629193668409284 0.29762007895429754 0.1258387336818568 0.08928565343358938 0.06847332627768396 0.14030079710499554 0.11325486031367112
0.12014363897096793 0.07388951466727858 0.21845043243595727 0.09236189333409822 0.13980280869247014 0.10721528204642679 0.13730215785188332 0.11083427200091787
0.10837577181882943 0.06381073479142808 0.264744259689251 0.12762146958285617 0.10185706015337676 0.0764429667450707 0.14228841459461725 0.11485932262457056
0.10479835182971721 0.06359208156497269 0.28468220482962997 0.12718416312994538 0.09290994015951018 0.07056666113484204 0.1418008505344316 0.1144657468169508
0.10334748875194254 0.0632209454986051 0.29261835826218485 0.1264418909972102 0.09045736191299064 0.06914298017970266 0.14097327249987465 0.1137977018974892
0.13760506144778986 0.08444043284188271 0.24755112453876268 0.10555054105235338 0.12014022139219382 0.09203615541257422 0.11768097636732533 0.09499548694711804
0.11141432744059619 0.06303206378037293 0.27608954501135546 0.12606412756074586 0.09646569478977896 0.0729244321529611 0.14055209445951813 0.11345771480467128
0.08414353943051125 0.11107450068702976 0.14464743682541242 0.1388431258587872 0.09753279295198478 0.16297499393759604 0.09417185927813393 0.16661175103054462
0.1420822205398375 0.09978619522260972 0.19535597496817422 0.10706461081314331 0.12777360172523403 0.11607409279388164 0.11852492527950743 0.09333837865761212
0.1057438389716363 0.13010049041677343 0.10271533264421144 0.11342094036334097 0.12300024400169489 0.21198503952858957 0.0769289856377443 0.13610512843600914
0.12314503276004803 0.07523377252053384 0.15285926113709453 0.09404221565066728 0.15363813108821456 0.14843085822970875 0.13980006983293225 0.11285065878080074
0.11140731600760119 0.0652073500818373 0.23759540567002546 0.1304147001636746 0.10709227778919017 0.0855070618981777 0.14540265824218648 0.11737323014730715
0.14165752207173152 0.08544620373969161 0.22776789185986873 0.10680775467461452 0.12624360531154313 0.09686736740116293 0.11908267573423441 0.09612697920715306
0.14960935019138905 0.08394909132004053 0.2216703481849435 0.10493636415005064 0.13018156159051847 0.09821434187265748 0.11699621495535498 0.09444272773504558
0.11506616751383177 0.06342412164600483 0.26528972894073305 0.12684824329200967 0.09929422517342944 0.0744877694874045 0.14142632498377794 0.11416341896280871
0.10630893652711428 0.0635177796833395 0.28474307564895657 0.127035559366679 0.09227045859047288 0.07015701832520399 0.14163516842822269 0.1143320034300111
0.09566667238085509 0.12781295958181302 0.16872951696520225 0.15976619947726628 0.08331603723254609 0.13964666379434218 0.08127237103843546 0.14378957952953964
0.1217787756500881 0.08453233300780108 0.17119941051074847 0.08925739886452132 0.14772538628145843 0.13225653620866523 0.1416784108960656 0.11157174858065164
0.07337319694996394 0.09446423410672243 0.07103532093657747 0.08235343486227084 0.1552605686382018 0.2657111875461112 0.09309518723561051 0.16470686972454168
0.10223023749331832 0.06737609799778708 0.20326470726471285 0.13475219599557417 0.11085476599767571 0.11000637645387946 0.15023864240103568 0.12127697639601676
0.09521313735973415 0.12872654838332642 0.14675642941256287 0.160908185479158 0.087396747224754 0.15432829085678101 0.08185329435244125 0.14481736693124223
0.12187864272739783 0.08477499624063334 0.1639569113521481 0.08944994892628545 0.14951527783350407 0.13662774084743554 0.1419840459147388 0.1118124361578568
0.08508109416134577 0.10952434319179032 0.11635319453565418 0.1369054289897379 0.10840366009375178 0.18658816892525604 0.09285759531477875 0.16428651478768544
0.10497289180143773 0.06757458647769965 0.22557508365259468 0.1351491729553993 0.09972091458603048 0.09469185278088439 0.15068124208609443 0.12163425565985936
0.10569752180948962 0.06479837820903617 0.2698158250826922 0.12959675641807233 0.0939829226108295 0.07498080308719718 0.14449071200641794 0.11663708077626508
0.10415723704198007 0.0636341470788363 0.28696539872841426 0.1272682941576726 0.09121520277045272 0.0703236051288261 0.14189465035191257 0.11454146474190532
0.08282545402870846 0.11121628041149421 0.14733093991620347 0.13902035051436779 0.09641378645719055 0.16207670422765788 0.0942920638271364 0.16682442061724131
0.08031312696118512 0.11977362174273667 0.11140375102105583 0.1284947287200815 0.10365651255547985 0.19936880155929804 0.09637104654006114 0.16061841090010187
0.11751911761601512 0.07652883010110172 0.1578904943692223 0.09566103762637714 0.1489455178017438 0.14645519990721328 0.1422065574266741 0.11479324515165257
0.08411608008676053 0.10936052634936014 0.11472255681074352 0.13670065793670017 0.10809648548410829 0.19024419668600348 0.0927187071222836 0.16404078952404016
0.10478196228145603 0.06760317463213679 0.22487132995540474 0.13520634926427358 0.09970082648409326 0.09540565364118897 0.1507449894036005 0.12168571433784621
0.14046328093611282 0.08615095522955153 0.22391388486469999 0.10768869403693941 0.12494447593173684 0.0998540269862306 0.1200648573814832 0.09691982463324547
0.1130080449367021 0.0635997388960709 0.266677327723269 0.1271994777921418 0.09830455427855932 0.07491340112043393 0.1418179252398954 0.11447953001292763
0.10580808852900261 0.06352137556139172 0.2853651905283832 0.12704275112278343 0.09205185284900952 0.0702290786993434 0.14164318669958095 0.1143384760105051
0.10355604606973302 0.06319812745964208 0.2928646846468017 0.12639625491928416 0.09024408506864923 0.06906178072986936 0.14092239167866458 0.11375662942735575
0.12058780242420743 0.07396102164343042 0.2169213772870906 0.09245127705428802 0.1402373639469821 0.10746459242352632 0.13743503275532964 0.11094153246514561
0.14345524848137362 0.08438435995724355 0.21818332406196517 0.10548044994655446 0.13481738404634566 0.10114399853957955 0.11760283001503906 0.094932404951899
0.11374349919951618 0.0635396118369185 0.26398260391463446 0.127079223673837 0.10047080198642061 0.07512910721004648 0.14168385087217347 0.11437130130645329
0.08463027533677116 0.11116620092771179 0.14177663285616315 0.13895775115963974 0.09850411865544169 0.16396611453834048 0.09424960513436435 0.16674930139156768
0.08063615341552971 0.11972644516217025 0.11007462912220402 0.12844874899761588 0.10414824073594343 0.200068284571305 0.09633656174821192 0.16056093624701986
0.05565981414619959 0.08926851516166963 0.07456382530835191 0.0989159804647397 0.11769513005485953 0.2542467090615161 0.111818064873184 0.1978319609294794
0.0983750700103334 0.0744419079903372 0.20638590429373072 0.135920547066817 0.10276686882314948 0.10823994280040397 0.15154126665509296 0.1223284923601353
0.10442148488878222 0.07008079234486009 0.2615882217324861 0.12980497607155325 0.0949444334936379 0.07761275162301358 0.14472286138126908 0.11682447846439793
0.0823997251553513 0.118833360083002 0.1405543922891908 0.13808547630533874 0.09670572524507406 0.16406077412245015 0.0936579752331863 0.1657025715664065
0.0802224134656069 0.12063427637593957 0.10980133972392972 0.12849702618111755 0.10372996951891819 0.20012092237225293 0.09637276963583817 0.16062128272639692
0.0898863710163801 0.14443480109460619 0.08401292666117244 0.11152810525227368 0.11404487657928467 0.24661404344418628 0.07564514964936822 0.1338337263027284
0.10562809656747464 0.07724700425831006 0.20825720308317672 0.13348342884035447 0.10061620410222297 0.10580891548506048 0.14882406170708176 0.12013508595631903
0.10599849334533691 0.0701230208163738 0.26210230960830194 0.1295017204740597 0.0942975419583622 0.0770406113498333 0.14438475402107848 0.11655154842665373
0.12141324383089241 0.07959716812486352 0.20654166275130384 0.09248651925355532 0.14175438717365546 0.10973577310990916 0.13748742265155386 0.11098382310426637
0.08454719148552735 0.1180382153861489 0.1260147959378661 0.1356778039255659 0.10612028713983426 0.17476339614312508 0.09202494527125339 0.1628133647106791
0.10383536625713125 0.07515570647387329 0.22842388576110997 0.13348150275228782 0.09831030638164817 0.09183796563426505 0.14882191426262537 0.12013335247705904
0.12156721077121539 0.08058148196717616 0.19575713504254236 0.09319982605664713 0.14401605292428188 0.11449070084714479 0.13854780112301573 0.11183979126797654
0.08456262462768582 0.11816511438323045 0.12340244448244951 0.13570270052443179 0.1066164501651542 0.17666559352768083 0.09204183166004937 0.1628432406293181
0.11764480356271352 0.08515846994656659 0.16081933535876725 0.09451865882874466 0.14867618668167507 0.13925182040998005 0.14050833461705925 0.11342239059449359
0.14339291244171412 0.09271562204776355 0.1968236314949725 0.10601435263733892 0.13815246889373425 0.10929000343909243 0.11819809167177936 0.09541291737360502
0.1305519561604647 0.08018909800673146 0.18202670793223663 0.09092417490401435 0.15488875209959388 0.11714540816975622 0.1351648928423855 0.1091090098848172
0.11155260882049164 0.06963188334382599 0.2485702362600683 0.1279619285389362 0.10581518140515977 0.07863442502321391 0.1426680009232617 0.1151657356850426
0.10571449818292591 0.06836878102341619 0.2776519194850095 0.12714964951014682 0.09389520055494202 0.0710228962604278 0.14176237042399953 0.11443468455913217
0.103417719360324 0.06768689650247794 0.28930785016718946 0.1260309265921264 0.0905247594050304 0.06908893618274657 0.14051507785719164 0.11342783393291372
0.10247062071801576 0.06736267887008748 0.2938616489213173 0.12550105110961127 0.08944825658365171 0.06848049156153252 0.13992430623713376 0.11295094599865013
0.10208434335169034 0.06722734660610286 0.2956257283613274 0.12528406807033074 0.08907565181922616 0.06826481418692462 0.13968238634110006 0.11275566126329767
0.10192956407703359 0.06717367108677623 0.296307145254488 0.1251987610284132 0.0889403970224377 0.06818430124972026 0.13958727535555918 0.11267888492557189
0.08178342690917699 0.11816192920499957 0.14881038628694973 0.13765082843425103 0.09515186780814405 0.15989739664518968 0.09336317059018766 0.1651809941211012
0.08013127467174998 0.12059357263910978 0.11176996018805584 0.12852589860625607 0.10340160674793548 0.19852588993438047 0.09639442395469208 0.1606573732578201
