0.125 0.125 0.125 0.125 0.125 0.125 0.125 0.125
0.06578947368421052 0.10964912280701754 0.05921052631578946 0.09868421052631579 0.13157894736842105 0.21929824561403508 0.11842105263157893 0.19736842105263158
0.07295173961840629 0.12906846240179573 0.09118967452300786 0.16133557800224466 0.08754208754208755 0.15488215488215487 0.10942760942760943 0.19360269360269358
0.07411886857043971 0.12353144761739955 0.08894264228452767 0.14823773714087943 0.09264858571304965 0.176045244391945 0.1111783028556596 0.1852971714260993
0.07330221260586402 0.12217035434310669 0.0879626551270368 0.14660442521172803 0.09940592196377104 0.1773455803250375 0.10995331890879602 0.18325553151466
0.061170655817141185 0.10195109302856864 0.055053590235427066 0.09175598372571177 0.13366678628938838 0.26278274298148524 0.11010718047085413 0.18351196745142354
0.07033077895115689 0.12443137814435448 0.0879134736889461 0.15553922268044312 0.08439693474138826 0.1852449761504442 0.10549616842673534 0.1866470672165317
0.09642031583845725 0.0759309987227851 0.1928406316769145 0.1518619974455702 0.0907311048880068 0.09170496706507439 0.16811747376961778 0.13239251059357401
0.07183345471106553 0.11972242451844253 0.10182022919444565 0.14366690942213106 0.09744725162689531 0.17817591168275787 0.10775018206659828 0.17958363677766379
0.08693972220161614 0.1448995370026936 0.08586723091933245 0.13040958330242422 0.11880542135979658 0.2570255677558644 0.09780718747681819 0.07824574998145455
0.08304275246418444 0.1469217928212494 0.07239624573800696 0.12808566553647385 0.11063356921077386 0.2183416806999348 0.08687549488560833 0.1537027986437686
0.09384701378406898 0.07575602317509182 0.18769402756813797 0.15151204635018364 0.09324915214054794 0.09265627045548021 0.16892462481132417 0.1363608417151653
0.1281257606706409 0.1008990365281297 0.18097551698887154 0.12107884383375564 0.1215256597674476 0.10780000975705623 0.13403925731697813 0.1055559151371203
0.0604076529509174 0.10687507829777695 0.06162367750514278 0.09317314518267734 0.1346191713506975 0.2516288202278851 0.1053261641195483 0.1863462903653547
0.09148716543337854 0.07385108534983569 0.19391189180606982 0.14770217069967137 0.09309052426815037 0.10234831103310865 0.16467689778008135 0.13293195362970425
0.10119303237911045 0.07327272041594668 0.22063098944437456 0.14654544083189336 0.08834406180315263 0.08002436427299263 0.16223182705036626 0.12775756380216344
0.06666346957271674 0.10114264806598693 0.07512696536442436 0.09102838325938824 0.13180885807125947 0.24293884923618184 0.10923405991126588 0.18205676651877647
0.066070989474291 0.11689482753143793 0.09317340715958128 0.1461185344142974 0.08948139532837132 0.21381212058342758 0.0991064842114365 0.17534224129715686
0.10909502083636942 0.08066025670765611 0.14264423343186372 0.09679230804918733 0.1393226249085665 0.15685658679981349 0.15363858420505924 0.12099038506148416
0.057604002205602314 0.10191477313298872 0.06240037109599574 0.08884877657747733 0.13081880426227752 0.28027797213529454 0.10043774743540916 0.17769755315495467
0.08961766327104458 0.07234196914650587 0.19870084496008222 0.14468393829301174 0.09115864279150412 0.11196960318626038 0.16131179388788022 0.13021554446371056
0.07970761451902883 0.1150600755977761 0.11123653850165488 0.13807209071733131 0.09405545293342422 0.18572404629612194 0.10355406803799849 0.17259011339666414
0.06519664649069959 0.09538701135355537 0.06151233443917605 0.08584831021819984 0.13326058475167266 0.2840805200484571 0.1030179722618398 0.1716966204363997
0.06412647466812064 0.11345453210513651 0.09106665854137534 0.14181816513142065 0.0872092374100796 0.23595342198398164 0.09618971200218096 0.17018179815770476
0.07411532287093889 0.11099796169401423 0.0927277202308904 0.13319755403281708 0.09602619364110754 0.22654013946459783 0.09989816552461281 0.16649694254102135
0.055542750152194474 0.09826794257695946 0.058228486404530294 0.08566948840042621 0.12161908385218145 0.3124895023167218 0.09684376949613396 0.17133897680085242
0.08862707356449304 0.07154233649181968 0.20032133011248968 0.14308467298363936 0.0895668265302952 0.11855282221590012 0.15952873241608748 0.12877620568527542
0.1059740442764789 0.06974996883336562 0.2393336614385481 0.13949993766673124 0.0893368756530387 0.08005801643153324 0.15443216542674357 0.12161533027356056
0.08404335873385915 0.11311122559971482 0.1252803702485167 0.13573347071965775 0.09830906433135443 0.1720555689275815 0.10180010303974332 0.16966683839957217
0.11823329964602233 0.07836600875788871 0.1529027596074421 0.09403921050946645 0.14603000402636182 0.14361111620572137 0.14926858811026422 0.11754901313683307
0.06601566869281393 0.1167969523026708 0.11317440545111056 0.1459961903783385 0.09065071713142617 0.19314713455041285 0.0990235030392209 0.17519542845400618
0.10222925382211605 0.07011960601944102 0.2233010724600076 0.14023921203888204 0.0934135151355611 0.09318694209784445 0.1552505725460965 0.12225982588005102
0.07157963401826949 0.09676847028865754 0.08179615718120672 0.08709162325979179 0.14082772366873608 0.2432431971520047 0.10450994791175014 0.17418324651958358
0.05461948036692693 0.09663446526456304 0.057184305442157544 0.08424543125628572 0.12460930393162342 0.3189821854578968 0.09523396576797517 0.16849086251257145
0.07399762588414809 0.13091887656426202 0.105700495863337 0.1636485957053275 0.07502376114441198 0.22017957958405207 0.08324732911966662 0.14728373613479476
0.10331813558629756 0.06969397604446675 0.2240564620904757 0.1393879520889335 0.09025135817576785 0.09746622140421136 0.15430819278872573 0.12151770182112154
0.08256196252785541 0.11129141567004654 0.12805100637150893 0.13354969880405582 0.10070668254801637 0.17673983647040534 0.10016227410304188 0.16693712350506976
0.07866645857198197 0.11040581171283481 0.10646165443768603 0.13248697405540175 0.10174583336486724 0.20525931974642475 0.09936523054155132 0.1656087175692522
0.0956254760082263 0.13517573275397485 0.09362381664801309 0.12165815947857735 0.12485675360452424 0.26482154621060466 0.09124361960893303 0.07299489568714641
0.050110653113528435 0.08077460874897804 0.0704747661957883 0.10096826093622255 0.1029452286268108 0.27865192640441006 0.11413803410181679 0.2019365218724451
0.10431583278442093 0.08015253905799448 0.14582390083270347 0.1001906738224931 0.13153347531506338 0.16881460373883567 0.1489401658614972 0.12022880858699171
0.07122583571077205 0.11391124247854045 0.10987078853890844 0.14238905309817557 0.09536074459312839 0.19979854889172793 0.09657692297093648 0.17086686371781068
0.0767829168025394 0.11019304721718927 0.10237114600494225 0.1322316566606271 0.10049683111374691 0.21346108887970075 0.09917374249547034 0.16528957082578388
0.059033640253801006 0.096928822301786 0.05990059781959918 0.08450205021181344 0.12901361796288718 0.30609311426530583 0.0955240567611804 0.16900410042362687
0.09231383600240106 0.07023603675711566 0.20048593710281196 0.14047207351423133 0.09655209213135374 0.11689927935147085 0.15661587897780715 0.12642486616280818
0.10321139160031485 0.06713185173284454 0.26151158339216996 0.13426370346568908 0.09069820043260796 0.07749742230670312 0.14863543892009537 0.11705040814957511
0.08666436491950492 0.1387454346027214 0.11534217665463864 0.12095755837160327 0.10930400085912839 0.20179661582487035 0.08204077872160916 0.1451490700459239
0.09365902806502738 0.06945572971370784 0.22439066781386294 0.13891145942741567 0.09656077505880051 0.09712611570176596 0.15487591073474552 0.1250203134846741
0.10243837797003376 0.06642349229945856 0.2720610804757161 0.1328469845989171 0.08979389240159794 0.07355377945006994 0.1470670728974581 0.11581531990674826
0.08616274776926679 0.13792101912223773 0.11807879942949535 0.12023883718348934 0.11264094324295959 0.1991177503687799 0.08155329826358405 0.1442866046201872
0.10597180432375518 0.07861261263188962 0.16052250946267116 0.09826576578986201 0.14665417117027166 0.14597555688759262 0.14607866078612325 0.11791891894783443
0.09960896266514682 0.06739127907037457 0.2406519716212903 0.13478255814074913 0.10054044735694315 0.08544798489174782 0.150272493927074 0.12130430232667422
0.11281516870744451 0.07716406478518933 0.19874363851870727 0.09645508098148667 0.14109922630881036 0.11458976731526324 0.1433869562053145 0.11574609717778399
0.10341370571980335 0.06611551270598738 0.25509309445133815 0.13223102541197476 0.09792572637886135 0.07878528711387696 0.1474277253473808 0.1190079228707773
0.07952378346032353 0.11356789528069831 0.1374501233340736 0.14195986910087288 0.09445209157916125 0.16640857006410054 0.09628582425972249 0.17035184292104746
0.07840900646571518 0.11071406197899823 0.10964501126242569 0.13285687437479785 0.10082251815182833 0.20183877901663913 0.0996426557810984 0.1660710929684973
0.0761267406360081 0.11232899940672286 0.10340873620814943 0.14041124925840356 0.09372950708782288 0.2102658122740655 0.09523545601874331 0.1684934991100843
0.10246674515754733 0.076680897941028 0.22440616756415155 0.1372809718242866 0.09241508331920181 0.09509360793831817 0.15197567902403725 0.11968084723142934
0.0816693214505353 0.11883526426392123 0.1290333429458689 0.1319983234452585 0.1001651607687382 0.17430194023516082 0.09899874258394388 0.1649979043065731
0.06598746847764039 0.1040110054938661 0.06797890274207391 0.08328105836607537 0.1367158007544769 0.2755263773944262 0.09993727003929043 0.16656211673215074
0.08497977052981294 0.12845090688878985 0.07539583797563441 0.11198284190304757 0.11480648436651222 0.2740511683270006 0.0759535797255453 0.13437941028365707
0.0884090931580153 0.12821500414885761 0.10983115214314083 0.160268755186072 0.08265794301204929 0.2048481537419202 0.0815280189424801 0.1442418796674648
0.14003028104460613 0.10382742267173992 0.1823962633766683 0.10986083083513211 0.12072933747207167 0.12575929987840928 0.12162045578818044 0.0957761089331921
0.07591314602752956 0.0971122829586216 0.0726195116181501 0.08466199027161884 0.14085796695623892 0.26380626305668636 0.09570485856791695 0.1693239805432377
0.07469938488621936 0.10954555332584877 0.0932531334687032 0.13693194165731098 0.09870064687101102 0.22967543198239213 0.09287557781974136 0.16431832998877316
0.07564329677975931 0.1115581690259045 0.09919789629926264 0.13944771128238062 0.09277757767539312 0.21945616948517632 0.09458192591326688 0.16733725353885676
0.07631561668353139 0.11193863032867393 0.10078959718672646 0.1399232879108424 0.09202633058462975 0.21619410088175303 0.09490449093083225 0.16790794549301089
0.10347747214669793 0.06902879037682556 0.21869703537206264 0.13805758075365113 0.09314782421283567 0.09941557472385379 0.15392389973578716 0.12425182267828602
0.08249058425319244 0.11333429638212952 0.12909755707088816 0.1416678704776619 0.09340008902661914 0.17392038519668293 0.09608777301963155 0.17000144457319427
0.07776625172529138 0.12177282049195164 0.10669406492631187 0.13070497307508314 0.09925998872893436 0.2023919549022613 0.09802872980631236 0.16338121634385394
0.07634341894203549 0.12156340691045053 0.10090071214168801 0.1293639502714953 0.10153410917285688 0.21156650201848312 0.0970229627036215 0.16170493783936912
0.06529903772311695 0.09536725392978856 0.06015098034358924 0.08314068291314901 0.1328556215256717 0.30291993792352245 0.09398511981486411 0.16628136582629802
0.0726609297105843 0.10848095535816016 0.08973583411129886 0.13560119419770017 0.09646912905690622 0.24235754063749593 0.09197298389061405 0.1627214330372402
0.10282135391392969 0.06902409692378562 0.21378003905397855 0.13804819384757125 0.09401677824153093 0.10415272952036639 0.15391343403602345 0.12424337446281412
0.08242482307375243 0.1132270846262013 0.1279342063323499 0.14153385578275163 0.09347042240189013 0.17557210474762552 0.0959968760961272 0.16984062693930196
0.13806689820536155 0.10213816415294306 0.18905945896775725 0.10960438821753692 0.125381936740052 0.11886004687318064 0.12133656326890534 0.09555254357426295
0.0765727061460414 0.09717923599247152 0.07372509287288277 0.0847203595831803 0.14224191246905404 0.2603491325020665 0.09577084126794295 0.1694407191663606
0.11548838540187967 0.07660884589708111 0.1434035839196286 0.09576105737135138 0.15168634576759205 0.1597832693015231 0.14235524349532236 0.11491326884562167
0.1436922883134276 0.08717242112582856 0.19040263997391327 0.1089655264072857 0.1358383790242107 0.11437134120035543 0.12148843018842151 0.09806897376655711
0.11426703995246804 0.06524232885164515 0.2502382090719551 0.1304846577032903 0.09878592659060569 0.07806499021892858 0.14548065567814605 0.11743619193296127
0.1064759998580908 0.06489661972661462 0.2750233811021195 0.12979323945322924 0.0909299757102237 0.07135709271411103 0.14470977592770484 0.11681391550790633
0.0829584603176991 0.11267321631176368 0.14184753263551747 0.14084152038970463 0.09450098812152803 0.16264116566573325 0.09552729209040835 0.1690098244676455
0.11683551431585436 0.08475605173768068 0.16156902709475907 0.09096585041208545 0.1496228646983374 0.13815313997683418 0.14439023874934198 0.11370731301510681
0.08375729827368882 0.11107110080089952 0.11474401293108037 0.1388388760011244 0.10484365306083179 0.1859694309650457 0.09416897676598003 0.16660665120134927
0.07874228793944449 0.1204743033943971 0.10281102154160217 0.1294449485528426 0.10392253730489133 0.20571500416113722 0.09708371141463197 0.16180618569105326
0.05586376602210853 0.08103806313546189 0.07367666996784156 0.10129757891932736 0.1159130981512195 0.25510535936092943 0.11451030660445699 0.20259515783865473
0.0992036469949081 0.06925737451938686 0.20696467019041237 0.13851474903877373 0.10013400328103307 0.1068286735839269 0.15443360825666264 0.12466327413489635
0.08165909031339569 0.11297099724633619 0.1262650868237983 0.14121374655792024 0.09636522093237843 0.17628960372172967 0.09577975853493721 0.16945649586950426
0.11736490325405052 0.0846578174023265 0.15634268280087174 0.09081213141940918 0.15149373605055075 0.14166732445026126 0.1441462403482685 0.11351516427426146
0.08370027141292109 0.1107959092246226 0.11338541719870608 0.13849488653077827 0.1065057750269041 0.18698821460043216 0.09393566216870178 0.16619386383693388
0.14132173673195617 0.10123965278845776 0.18243123682714185 0.1087774642975328 0.13007784753309076 0.12089930178331666 0.12042112449706517 0.09483163554143884
0.08823698060253996 0.11099095758583688 0.11958182375348606 0.1387386969822961 0.10233710019553863 0.17952697524398964 0.09410102925755737 0.16648643637875532
0.080548257468097 0.12040634123830844 0.10386443766384189 0.12934283578721756 0.10385668682333875 0.20329576944476127 0.0970071268404132 0.16167854473402196
0.06596473530554411 0.10975846558519818 0.06279125139347903 0.08062480997538284 0.13899875445893792 0.28386259136023284 0.09674977197045939 0.16124961995076567
0.07290889799269337 0.10856434652916526 0.09044587476288292 0.13570543316145656 0.10167832336632163 0.23580691929291817 0.09204368510081402 0.16284651979374787
0.10259105084252033 0.0687609237373875 0.2135701816382297 0.137521847474775 0.09765178625532758 0.10280795021452667 0.15332659710993574 0.12376966272729752
0.08371243300978692 0.12216224877657961 0.12558187180563168 0.129937113468406 0.10351250714577807 0.17521959885700558 0.0974528351013045 0.16242139183550747
0.09672236263685162 0.1602027624162201 0.09578594916459941 0.11738433674043966 0.12636257994731964 0.2450731544949761 0.08803825255532975 0.0704306020442638
0.07865789572828281 0.10896249688480363 0.09812301901453746 0.13620312110600455 0.099610037093248 0.22261843748706284 0.09238124735885526 0.16344374532720543
0.07666536604140943 0.11114615296452472 0.10012137262006215 0.13893269120565588 0.09559270889658965 0.2165898708767872 0.094232607948184 0.16671922944678705
0.07726243221321172 0.12788298386925598 0.09811174527664446 0.12711307932319924 0.10080772279552819 0.2145958778757619 0.09533480949239942 0.15889134915399902
0.09412852493067275 0.159617649565277 0.08914083410135423 0.11588451382159853 0.12436688680288645 0.2604174971190528 0.08691338536619891 0.06953070829295913
0.09141015314273228 0.12732268892603757 0.07879484167968227 0.11099926726885329 0.11596462570695619 0.2670228430142401 0.07528645953887439 0.13319912072262394
0.10639318164929383 0.06810547611201245 0.20671268679397098 0.1362109522240249 0.10008028543775405 0.10804251404796825 0.15186504673335313 0.1225898570016224
0.12238575035917107 0.08358475058155107 0.17991620972665828 0.08898254414165638 0.15122541482634916 0.12143501662935889 0.1412421335581847 0.11122818017707047
0.08476914115358937 0.11092465214874654 0.11893751150013686 0.13865581518593317 0.10666563689027013 0.17961545111991903 0.09404481377828511 0.1663869782231198
0.07931559173392275 0.1285672936147106 0.1028063517923405 0.12781821771095853 0.10411900017432624 0.20173710955182433 0.0958636632832189 0.15977277213869814
0.07785954233731608 0.13118292627358064 0.09860608698417103 0.1268674423730382 0.10285416968881456 0.20889494759700294 0.09515058177977867 0.15858430296629775
0.09457384290300488 0.16052150793546627 0.08930038401177327 0.1159526848180185 0.1251481902609307 0.2579672655664815 0.08696451361351389 0.06957161089081111
0.09157120446681012 0.12742945352364754 0.0788836797590177 0.11109234409753889 0.11623632110832681 0.26612659421797713 0.07534958990963507 0.13331081291704666
0.11892188792421915 0.07609988653276764 0.14438753487176384 0.09512485816595954 0.14918333105632664 0.16072318100310182 0.14140949064671002 0.11414982979915145
0.08359132473408533 0.11018009295753146 0.11019983022285638 0.13772511619691433 0.10623137340237278 0.19338856597725299 0.09341355707268972 0.16527013943629718
0.07893390989054294 0.12802918495647445 0.10059094435261562 0.12739998755740783 0.10382486936381995 0.2064211287643236 0.09554999066805589 0.1592499844467598
0.06570729833469639 0.1107175646511953 0.06216244436691075 0.08035975788264302 0.13913514885497444 0.28476656068512246 0.09643170945917162 0.16071951576528604
0.07280813354323482 0.10845698030612162 0.0902350753431473 0.135571225382652 0.10226211868626991 0.23602833906333226 0.09195265721605964 0.1626854704591824
0.07539777255557548 0.11076154506310262 0.09807616439598683 0.13845193132887829 0.09629138249696757 0.22097235922872627 0.09390652733610877 0.16614231759465392
0.11540530208898202 0.09023195299356905 0.1459408244337303 0.08971870121990187 0.15141486144107946 0.15272934444087297 0.14241063685698707 0.11214837652487732
0.07134597498851897 0.09480503148743859 0.06629713390806086 0.0826505402711003 0.15338245137349002 0.272786741905338 0.09343104552385252 0.1653010805422006
0.10168348009755027 0.06813011032509192 0.20092282893616958 0.13626022065018384 0.1091190512062186 0.10933013284784807 0.15191997735177215 0.12263419858516547
0.10531755540792835 0.06603212628532024 0.256544413697768 0.13206425257064047 0.09614193956101849 0.07780009908872051 0.1472417860750275 0.11885782731357641
0.1390961183774118 0.08641551814295034 0.23139318930481506 0.10801939767868791 0.12245188179173393 0.09497286953092542 0.12043356726265653 0.09721745791081912
0.11168322936151377 0.06426808502899949 0.2659267476845354 0.12853617005799897 0.09684607635559965 0.07374890109598159 0.143308237363172 0.1156825530521991
0.12272216136713014 0.07511502604273504 0.20462526015309346 0.09389378255341879 0.14227503798941288 0.10911677876562187 0.13957941406448526 0.11267253906410254
0.08485294788232199 0.11085420979019832 0.12458462182779441 0.13856776223774792 0.10594753702412064 0.17492651564343806 0.09398509090908119 0.16628131468529747
0.09564531934067164 0.15484890235913257 0.12533508223740839 0.1539494794418176 0.08749258778609989 0.16798884212628332 0.08052742001572 0.13421236669286662
0.08114550934132225 0.1368609318056444 0.10390267784414767 0.12724083319663454 0.09958412661937438 0.1967842547996076 0.09543062489747589 0.15905104149579316
0.09565013535283466 0.16241554142542722 0.09064961023833111 0.11634911762743186 0.12473863112418573 0.25312565543475646 0.08726183822057389 0.06980947057645912
0.07830042873571755 0.1086805519266987 0.0967736448374108 0.13585068990837337 0.10001544350894435 0.22521620612451912 0.09214220706828803 0.16302082789004804
0.10358955912842294 0.06855177890361676 0.21598894255854903 0.13710355780723352 0.09780666360770773 0.100706060621686 0.15286023534627377 0.12339320202651016
0.12206608926677329 0.08361829764159077 0.18285278838380126 0.08895345367931129 0.15068010288348635 0.11944149282476879 0.14119595822112901 0.11119181709913911
0.07329068668423563 0.09591664562567821 0.07217735910563232 0.08361963977623228 0.1553425581197857 0.25788728182370857 0.09452654931226259 0.16723927955246456
0.10201810540572812 0.06805727708584546 0.2034994613881684 0.1361145541716909 0.10952799727263135 0.10652193582252875 0.1517575700988852 0.12250309875452181
0.10529438599548128 0.06596317147608338 0.2575017017253704 0.13192634295216676 0.09623875075860326 0.07725391129315311 0.14708802714219188 0.11873370865695008
0.10420185897858443 0.06473464304208672 0.2778176454473132 0.12946928608417343 0.09184679743886262 0.0710588194363914 0.14434859209683218 0.11652235747575611
0.12074850448062209 0.07514090163140151 0.20855339108077303 0.09392612703925188 0.14084872492412343 0.108443502081659 0.139627496315067 0.11271135244710226
0.12443865290687661 0.07448644150444608 0.18478715526787592 0.0931080518805576 0.15567213574115324 0.11736652779610009 0.13841137264632145 0.11172966225666912
0.1445811169123579 0.08583393780212739 0.20391613134443493 0.10729242225265925 0.1387294389044411 0.10346072884205407 0.11962304391453203 0.09656318002739332
0.11369575746890138 0.0646677000432557 0.25495918715539234 0.1293354000865114 0.1010793674562991 0.07566140851084849 0.14419931920093135 0.11640186007786026
0.10597866254679313 0.06459674959805513 0.27645787688524376 0.12919349919611026 0.09277180915770547 0.07068614304184019 0.14404111029775277 0.11627414927649923
0.10364538605244719 0.06423981047867652 0.2847147926394477 0.12847962095735305 0.09056651150318513 0.06947703017123873 0.14324518933603392 0.11563165886161773
0.10285544240107128 0.06406464887488869 0.287793721300764 0.12812929774977738 0.08988700677428495 0.06909890982130401 0.14285460510311002 0.11531636797479965
0.10257416669236963 0.0639944692381128 0.2889300021638924 0.1279889384762256 0.08965824407749409 0.06896601973562996 0.14269811498767243 0.11519004462860306
0.0820584946635932 0.11227116837438479 0.1448166049202119 0.140338960467981 0.0956438011816546 0.161277792469706 0.09518642536089147 0.1684067525615772
0.11713957075250206 0.09033587156298223 0.16096727153851714 0.08964426825355569 0.15104927960142575 0.13651591368271443 0.1422924892913582 0.1120553353169446
0.07207132202714549 0.09539851634567229 0.06875190874970409 0.08316793732699636 0.15461279110707252 0.2656457206371599 0.09401592915225675 0.16633587465399272
0.08679145796866576 0.1272446497105222 0.10763333551475623 0.15905581213815276 0.0934166400840154 0.20179687357188097 0.08091100008766902 0.14315023092433748
0.10656784619109858 0.08316416122934428 0.22331387019096677 0.13429772117739566 0.09433576793641418 0.09256747073326733 0.14867309792532202 0.11708006461619111
0.06414550956361358 0.09457419320973924 0.09675926972567549 0.09819137283204354 0.12485349006625389 0.2072637715401349 0.11782964739845224 0.1963827456640871
0.06301902003493211 0.09451607379034858 0.05919352694694118 0.08239862843261159 0.14417254031650564 0.29875667799396377 0.09314627561947396 0.16479725686522317
0.11071510160712972 0.07567150178629026 0.13710605641190513 0.09458937723286281 0.15904814511775897 0.16874910289009332 0.14061346227452443 0.11350725267943537
0.10834000992771187 0.06628945269021617 0.22918026579747267 0.13257890538043235 0.10777996911303088 0.08869479669772753 0.14781558555101937 0.11932101484238912
0.12246871801227849 0.07559115017542453 0.19327587296993443 0.09448893771928067 0.14675530908250908 0.11356913458578877 0.14046415219164707 0.11338672526313681
0.08478468663904541 0.11084648202576453 0.12197610677464428 0.13855810253220566 0.10699645777687684 0.17658990210401604 0.09397853910880037 0.1662697230386468
0.1412278082389182 0.10798539125086039 0.18401396897786018 0.10735625117048347 0.12945042310504618 0.11752574488772674 0.11884778314355518 0.09359262922554971
0.0648146030509216 0.08151252861311747 0.08811597809808472 0.10189066076639684 0.12649030246865897 0.2182138585167085 0.11518074695331816 0.20378132153279369
0.11303661672879955 0.07720879342920554 0.14911058241383326 0.09651099178650693 0.15548585604002493 0.1493638980856409 0.14347007137218046 0.11581319014380832
0.12315307940847858 0.0750292404791633 0.16599129732097004 0.09378655059895412 0.16137713665880296 0.12869882825285872 0.13942000656202733 0.11254386071874493
0.08467131145128859 0.11050408559246941 0.11549728529662076 0.13813010699058675 0.10986548716149236 0.18188734863826614 0.0936882464805719 0.1657561283887041
0.14127872515634224 0.1079940100416065 0.18161899420447597 0.10741244600002495 0.13034983758768623 0.11879437429023788 0.11890999312986072 0.09364161958976533
0.08823431401864545 0.11095618645316795 0.11940150283370009 0.13869523306645995 0.10350150707879474 0.17870542748527238 0.09407154938420761 0.1664342796797519
0.11876225120778433 0.09009835491681605 0.1526834004106726 0.08956010218020667 0.15364869122563832 0.14113817998408926 0.1421588923495344 0.11195012772525834
0.07214388868105394 0.09515666633377577 0.06746631192621477 0.08295709372688144 0.155065853180484 0.2675184144848308 0.09377758421299642 0.16591418745376288
0.0867725488928028 0.12718532120381948 0.10725930399297667 0.15898165150477434 0.09348839040158999 0.20235602275383271 0.08087327489590695 0.14308348635429688
0.07926507159936567 0.13089194791807504 0.09960380181818092 0.12683038302998928 0.10061473462154323 0.20913329495286717 0.09512278727249197 0.1585379787874866
0.06574377265157931 0.11109560523669643 0.0619895503372496 0.08027918271386675 0.13807266669968998 0.28592583767654456 0.09633501925664009 0.1605583654277335
0.06068825675019111 0.09038098044722274 0.05242962929518209 0.07879367526168138 0.1425000255056342 0.32854897105134684 0.08907111116537894 0.15758735052336276
0.12844159467362384 0.08819719270840948 0.1572890040335168 0.11024649088551186 0.1388636010902206 0.15482366482447707 0.12291660998727963 0.09922184179696066
0.11176408342101622 0.0658084062983057 0.23711181389095645 0.1316168125966114 0.10279094000722182 0.08570988855391032 0.1467429238950279 0.11845513133695024
0.12324251776199698 0.0754846986419736 0.19573460146621505 0.09435587330246699 0.14502086342724307 0.11266805443825256 0.14026634299889124 0.11322704796296039
0.14420910689941815 0.08587519462478334 0.2080735678863136 0.10734399328097916 0.13579715246332047 0.10241084912977942 0.11968054176252453 0.09660959395288124
0.11348746169692747 0.0645987184063198 0.25661305673754714 0.1291974368126396 0.1003770733718945 0.07540305939696496 0.14404550044633102 0.11627769313137565
0.10587639113965103 0.06456000339544506 0.27707841906008407 0.1291200067908901 0.09259242930954292 0.0706055724421456 0.14395917175044018 0.1162080061118011
0.10360024032551476 0.06422426555119673 0.2849420356652937 0.12844853110239346 0.09052246198120842 0.06944826091434647 0.14321052646789242 0.11560367799215412
0.12042177880228125 0.07501217120923422 0.21068900464870052 0.09376521401154277 0.1403359999517478 0.10786928627085612 0.13938828829178596 0.11251825681385133
0.12430833367448303 0.07445318704065351 0.18543964286045359 0.09306648380081688 0.15552737507323322 0.11717561808547863 0.13834957890390093 0.11167978056098024
0.12537071100617417 0.07444706045816958 0.1770882537761791 0.09305882557271197 0.16042520089733228 0.11960116316871415 0.13833819443346437 0.11167059068725438
0.11026566509644942 0.06532963106005986 0.24473364013311877 0.13065926212011972 0.10661524539574467 0.07912789371366936 0.1456753265727305 0.11759333590810775
0.10557792457679437 0.0648566033951683 0.2726991088393224 0.1297132067903366 0.09426449073527057 0.07152623407063842 0.14462054548116632 0.11674188611130296
0.08267910370980257 0.11242964369269272 0.14120419014809038 0.1405370546158659 0.09675121552054439 0.1624335419040734 0.09532078486989166 0.16864446553903908
0.10473233806721281 0.08066145736683125 0.23783383743750267 0.13337681744814067 0.0942799499551952 0.08518475461609847 0.14765361964140927 0.1162772254676098
0.08438392822031719 0.12437518359359362 0.13110073419444768 0.12963462463474892 0.10303895140788462 0.16819732867951015 0.09722596847606169 0.16204328079343613
0.07934554902608902 0.1311911162466501 0.10550696179364553 0.12770635440065767 0.10346534531087975 0.19737196442076246 0.09577976580049326 0.1596329430008221
0.0660385605454867 0.11162171195947958 0.06307858274459167 0.08063850421809769 0.13954709956216507 0.2810323274722666 0.09676620506171722 0.16127700843619538
0.060849959386699654 0.09056800258549941 0.0526712381063349 0.07895672020274307 0.14319676507968201 0.3265884513956714 0.08925542283788347 0.15791344040548613
0.10965913107531743 0.07527336097532099 0.134316862702265 0.09409170121915124 0.15823168831271273 0.1756435807981099 0.13987363345414125 0.11291004146298148
0.08160306744523024 0.10966417288396732 0.10751818691178376 0.13708021610495916 0.10834903404787605 0.19831291670469495 0.09297614657553753 0.164496259325951
0.13639776374594184 0.08960575015348411 0.18057769031622137 0.11200718769185514 0.13024620932815814 0.1254792743106015 0.12487965553106833 0.10080646892266962
0.08723073731705247 0.1107934851375253 0.11900187615338526 0.13849185642190662 0.103342829788017 0.18101538051140187 0.09393360696442363 0.16619022770628794
0.14209646229827455 0.1080165685590782 0.18295123808473793 0.10739368351908576 0.1284645755535923 0.11856298713793992 0.11888922229219097 0.0936252625551004
0.10484773897212811 0.13162642137014052 0.09903817127923621 0.11475123914319943 0.12231062574281402 0.2118930412756897 0.07783127524495265 0.1377014869718393
0.10897254606422901 0.06775200877290898 0.21517007545648315 0.13550401754581795 0.1018279496661395 0.09774291937971358 0.15107686732347164 0.12195361579123616
0.10648225380481104 0.0656896716095064 0.26189686337999896 0.1313793432190128 0.09435185723889526 0.075480438590063 0.14647816326060084 0.11824140889711153
0.10430410995898792 0.06461734166038569 0.2794125003310511 0.12923468332077137 0.09138610910911867 0.07064701310768343 0.14408702752330776 0.11631121498869423
0.1031944888455677 0.06419597664782281 0.2858582929466007 0.12839195329564562 0.09023620184800671 0.06942288201468247 0.14314744643559293 0.11555275796608107
0.10271781648464054 0.06404033091786067 0.28822028876506384 0.12808066183572134 0.08980260304451779 0.06906532361156346 0.14280037968848333 0.11527259565214922
0.13726882715764416 0.08566395980115656 0.24189995972456335 0.10707994975144569 0.12001631864567594 0.09231287721137746 0.11938615293183572 0.09637195477630112
0.11087301782056198 0.06401220235852541 0.26988015123438264 0.12802440471705082 0.09621325605785414 0.07303734636682124 0.14273765719945813 0.11522196424534574
0.0835471777202955 0.11224940607061676 0.14047000909749102 0.14031175758827094 0.09706637698790026 0.16281318871745565 0.09516797471204465 0.16837410910592512
0.07949385373040938 0.12927487437320623 0.10794036263130179 0.12828615801873744 0.10247326423138038 0.19595917097748974 0.09621461851405311 0.16035769752342183
0.0780246613797693 0.13145167054776355 0.09986466367696176 0.1269943267855945 0.10278018444434744 0.2068958395943743 0.0952457450891959 0.15874290848199313
0.0775541687459357 0.13154260686327016 0.09784344984799456 0.1266383474949426 0.10258827767979435 0.2105564543781774 0.09497876062120694 0.15829793436867823
0.06503547585962167 0.11629155864893455 0.06134652530214965 0.07961038524666669 0.13779342890879165 0.28516939324450225 0.09553246229600003 0.15922077049333339
0.07268327093429736 0.1084439840574458 0.09004658925820652 0.13555498007180725 0.10250828813239612 0.23615527280227858 0.0919416386573997 0.16266597608616867
0.13398492400605236 0.08981910968372635 0.1742645828916662 0.11227388710465795 0.12897475296161648 0.13445923948468633 0.12517700547340221 0.10104649839419215
0.11261349310756912 0.06559400008415964 0.24407953925846193 0.13118800016831927 0.10029591412488191 0.08189502306671098 0.1462648300384097 0.11806920015148736
0.10617401513955743 0.06490288892128843 0.2725208123501314 0.12980577784257685 0.09301883496623625 0.07202871542576383 0.14472375529612672 0.11682520005831917
0.10383726513918434 0.06434202939936928 0.2832851973666068 0.12868405879873857 0.09076206395537566 0.06980061014923715 0.14347312227262343 0.11581565291886471
0.08231992171292406 0.11233666255446446 0.14356640450097077 0.1404208281930806 0.09593860465780842 0.16167063151374805 0.09524195303530684 0.1685049938316967
0.10421007018712777 0.08400741697954608 0.23816391410633614 0.13263814406593855 0.09373366386520676 0.08477765915213557 0.14683587784263444 0.11563325380107464
0.08391782620625485 0.12894650063679658 0.1307315871854576 0.12889576022239238 0.10245060142952346 0.16726620387479035 0.09667182016679429 0.16111970027799047
0.0963503175722374 0.16890779242418824 0.09618107047494125 0.11624163420146727 0.12564373835316364 0.23974924080202134 0.08718122565110047 0.06974498052088036
0.09240046648426822 0.12810551250774757 0.08052363598895756 0.11168172885290813 0.11817421007005563 0.2593470249462527 0.07574934652632029 0.13401807462348975
0.10651184446432262 0.06801680798579578 0.20730324583005014 0.13603361597159155 0.1014464640194824 0.10659043730838633 0.15166733004593866 0.1224302543744324
0.10773713905818215 0.07538026317808932 0.2634142387540248 0.12978706781614546 0.09287481213337594 0.07397915967796843 0.1436796192348049 0.11314770014740888
0.0831399690334473 0.112580743694354 0.1391594629886289 0.1407259296179425 0.09653837566757525 0.16353551206348182 0.09544889139303926 0.168871115541531
0.10456006983843953 0.0841667699950019 0.2363664088752637 0.13283806105333204 0.09399590689699179 0.08520804876982722 0.14705719416567484 0.11580754040546896
0.0637876821453729 0.09797102717735258 0.09898708912046292 0.09790506362937235 0.12457817173288181 0.20347476258056607 0.11748607635524681 0.1958101272587447
0.0630811352996893 0.09470013283084056 0.05959046951961003 0.08255909016021996 0.1443736711849391 0.2972496535466212 0.09332766713763997 0.16511818032043993
0.0999464593559089 0.0683037450891405 0.19819616116680402 0.136607490178281 0.10773304159142084 0.11395920449802777 0.15230715695996402 0.12294674116045289
0.10501972976468324 0.06609781839320907 0.2555285846453198 0.13219563678641813 0.09613969694969511 0.0786541906820711 0.14738826967082733 0.11897607310777629
0.10420904837980165 0.06478049982540589 0.2770904922183358 0.12956099965081178 0.0919645578703746 0.07133865649020193 0.1444508458793379 0.11660489968573061
0.08241802764619499 0.11240683721521713 0.14218235648709682 0.14050854651902142 0.09623870750088528 0.1623338198654223 0.09530144894333627 0.16861025582282568
0.07884973750118174 0.13451276571128953 0.1077970694730645 0.12741377071056517 0.10173674084880648 0.19486237433396225 0.09556032803292389 0.15926721338820646
0.0773482685645896 0.1386217896505953 0.09916568322682712 0.12588084881961603 0.10191333986304739 0.2053083722360926 0.09441063661471201 0.15735106102452
0.0768538426944192 0.13926596013815165 0.09700077516901406 0.12548903773938636 0.10166899664197836 0.20874331213827754 0.09411677830453978 0.15686129717423294
0.0934513192216781 0.16974168799675013 0.08813442734019687 0.11456876174695103 0.1237054447017406 0.25573053063429946 0.08592657131021328 0.06874125704817062
0.06555309255788783 0.09145796365876402 0.05646141270496866 0.07973258370251221 0.14007968413290534 0.3171176099133585 0.09013248592457902 0.15946516740502442
0.1110315593093517 0.0753616399959336 0.13572555371849365 0.094202049994917 0.15734835947486625 0.17325070319173533 0.140037674320802 0.11304245999390038
0.12243099765044523 0.07484718259266113 0.16129828095360452 0.0935589782408264 0.16178917603681495 0.13472290566969625 0.13908170496695985 0.11227077388899168
0.14454046325218778 0.08619218770613461 0.195661832224587 0.10774023463266826 0.14101263976794484 0.10776410994766816 0.12012232129940774 0.09696621116940143
0.15017384093695751 0.08543687186339033 0.20731753604144848 0.10679608982923791 0.13418245560491157 0.10090705457558989 0.11906967030215033 0.0961164808463141
0.13191080731064478 0.07416362596964893 0.18393170199020417 0.09270453246206116 0.1531768378499919 0.11505554153429982 0.137811513928676 0.11124543895447339
0.14677215164309762 0.08575464880585673 0.20344899230320343 0.10719331100732091 0.1379767895613823 0.10286758450020873 0.11951254227234137 0.09647397990658882
0.11420109294791259 0.06466186103422232 0.2547361170901679 0.12932372206844464 0.1009419598463789 0.07555759806899265 0.14418629908228078 0.11639134986160017
0.12351040257491913 0.07519979815217064 0.20107737034552942 0.09399974769021328 0.14398360523746828 0.10969244041405177 0.1397369383573917 0.11279969722825593
0.1252187407296878 0.07451265207599037 0.18236017462159979 0.09314081509498794 0.156809088661353 0.11772947333730906 0.13846007736508656 0.11176897811398553
0.11007931624497558 0.06524239368284082 0.24686017716863776 0.13048478736568164 0.10571418861851116 0.07870202804820335 0.1454808002420361 0.11743630862911349
0.08346790351881322 0.11241919972353925 0.13528506017544176 0.14052399965442408 0.09921326309376112 0.16514984404831964 0.095311930200392 0.1686287995853089
0.11711806007787821 0.09417545461909343 0.15747020956051597 0.08920352962272286 0.15175657571643764 0.13717885421189618 0.14159290416305215 0.11150441202840357
0.09903491889237821 0.1311191529049738 0.09382459397074633 0.11430900509664384 0.12768766706742496 0.21932253075587582 0.0775313251959845 0.1371708061159726
0.07969712953693563 0.10998747873923033 0.09846855433173432 0.13748434842403792 0.1017227763378523 0.2144082408076686 0.09325025371369529 0.1649812181088455
0.10493985221685614 0.08474646262373324 0.21914345223571433 0.1343073061127343 0.09622430472670868 0.09486649252783724 0.14868370884275023 0.1170884207136658
0.10382966080633825 0.15953618451032558 0.11713538251678642 0.11946653305938455 0.12727650653034717 0.21147591294664883 0.08959989979453843 0.07167991983563074
0.08035172277144163 0.10954455624142444 0.1033927366380098 0.13693069530178056 0.10141771839772427 0.21117100382192736 0.09287473246555551 0.16431683436213668
0.10490403406954314 0.08451756320939244 0.2211635566822781 0.13403982034544185 0.09598035377629223 0.0941518528207809 0.14838759110280902 0.11685522799346212
0.08398440765218529 0.12899274801420846 0.1267975358361207 0.12884455916274262 0.10290064297834116 0.17079098803091675 0.09663341937205695 0.16105569895342825
0.07869120641783053 0.1379403316094298 0.10385703835824697 0.1265608880858038 0.10270302797949853 0.19712573137758274 0.09492066606435286 0.15820111010725474
0.07723939014130705 0.13934251247774307 0.09820326605297384 0.1257336689946291 0.10203159752612942 0.2059822268179595 0.09430025174597181 0.15716708624328635
0.07681640527932806 0.13941499920877967 0.09676832736305128 0.12545721385618658 0.10167317086108268 0.20895545571919863 0.09409291039213993 0.1568215173202332
0.07668772126188793 0.1393422963177141 0.09639054260441086 0.12536616639901213 0.10152460164541206 0.20995633897353852 0.0940246247992591 0.15670770799876516
0.07664731750143526 0.1392943034481183 0.0962869738025037 0.12533608157241144 0.1014688396257356 0.2102943209049728 0.09400206117930858 0.15667010196551429
0.09336034004120344 0.16966966020833235 0.08794970176234217 0.11450955576568257 0.12359084577162993 0.256331996167138 0.08588216682426193 0.06870573345940954
0.07788860639845949 0.10868877596092962 0.09616864995887871 0.135860969951162 0.09986048261223596 0.2263501715578908 0.09214917961904903 0.1630331639413944
