0.125 0.125 0.125 0.125 0.125 0.125 0.125 0.125
0.099626400996264 0.07845579078455792 0.199252801992528 0.15691158156911583 0.08685378548392246 0.06839735606858895 0.17370757096784492 0.1367947121371779
0.09444644354078607 0.15741073923464347 0.10039762527401264 0.1416696653111791 0.1180580544259826 0.19676342404330432 0.10625224898338434 0.08500179918670747
0.07295173961840629 0.12906846240179573 0.09118967452300786 0.16133557800224466 0.08754208754208755 0.15488215488215487 0.10942760942760943 0.19360269360269358
0.09735095341516589 0.07666387581444316 0.21080372170226994 0.15332775162888632 0.09160805217501719 0.06683517378695045 0.16974012390336618 0.1336703475739009
0.09222515149284602 0.15370858582141006 0.1116622741253581 0.13833772723926904 0.12517459727134098 0.19213573227676256 0.10375329542945178 0.08300263634356142
0.06338755581627445 0.11214721413648557 0.055260946096239265 0.09776936617026946 0.14107986497474265 0.22429442827297114 0.11052189219247853 0.19553873234053892
0.09460899723123754 0.0763711182469026 0.1892179944624751 0.1527422364938052 0.09627787429962613 0.0830175714053013 0.1702961950162276 0.13746801284442467
0.09264574884140016 0.07295852721260263 0.2430566477700232 0.14591705442520525 0.08809558563605803 0.06858051889234694 0.16153617746705667 0.12720973975530714
0.07109829012089842 0.1184971502014974 0.1294951021509421 0.14219658024179685 0.09641396675918028 0.15790575004209112 0.10664743518134766 0.17774572530224608
0.08940021054035503 0.14900035090059174 0.10244134467140836 0.13410031581053256 0.12971931047113505 0.21430304126175814 0.10057523685789944 0.08046018948631954
0.08293107494887515 0.14672420952493298 0.07922598110061584 0.12791341343199286 0.11159118664999844 0.21135937520175463 0.08675866302343863 0.15349609611839143
0.0695142932890821 0.1158571554818035 0.09757397538203401 0.1390285865781642 0.1033130226314153 0.19665579348117254 0.10427143993362316 0.17378573322270524
0.06930764966855239 0.11551274944758733 0.10065492674135809 0.13861529933710479 0.10592020090950223 0.19275857522168552 0.1039614745028286 0.17326912417138096
0.05793757926590574 0.0965626321098429 0.06358531927365162 0.08690636889885861 0.14263072384445677 0.27427699613093676 0.10428764267863033 0.17381273779771722
0.0793571898715531 0.14040118208044008 0.07341597420076669 0.12240103053166572 0.10829783294089054 0.2462257243325986 0.08301982940408631 0.14688123663799887
0.09157521740188589 0.07392216344489584 0.19615180328142454 0.14784432688979168 0.09104809280653955 0.10156311065125531 0.1648353913233946 0.13305989420081252
0.06908843604218348 0.11514739340363914 0.11836410601384535 0.13817687208436696 0.10350490749799279 0.17936454078923833 0.10363265406327522 0.1727210901054587
0.06132701656592974 0.09560579138320248 0.0651440806546819 0.08604521224488225 0.14099375279224158 0.2755394671754389 0.10325425469385867 0.1720904244897645
0.07728065461506774 0.13672731201127367 0.0749188475868783 0.11919816944572578 0.10559404003311715 0.26239571891422653 0.08084745405884008 0.1430378033348709
0.06534082007786776 0.11560298936853527 0.09223772225293336 0.1445037367106691 0.09269967616707146 0.21819934125331844 0.09801123011680166 0.1734044840528029
0.10684305991516789 0.07895570711727637 0.14497334433452272 0.09474684854073166 0.15114255038404367 0.15451310595181675 0.15039182308052643 0.11843356067591457
0.07849621659753601 0.13887792167256371 0.08562752858377005 0.12107305991967093 0.1254091775391839 0.22310930488163286 0.08211911890203767 0.14528767190360511
0.10006077322378369 0.0807719494698013 0.1437451021064799 0.10096493683725162 0.15327696767686433 0.14993118664544172 0.15009115983567553 0.12115792420470194
0.08763949440128742 0.07074513403477418 0.21931490399826079 0.14149026806954837 0.10858690592985136 0.08713096238136712 0.15775108992231737 0.12734124126259352
0.0946879490547843 0.06851349367569126 0.25909196981012117 0.13702698735138252 0.09626035147260212 0.07326531599300039 0.15169450777198226 0.11945942487043604
0.06627492407606993 0.117255634903816 0.13025693213585215 0.14656954362977 0.0983275902880191 0.16601953649664408 0.09941238611410488 0.175883452355724
0.10634659203900484 0.07850778803382306 0.15821463263926455 0.09420934564058768 0.1549549644704343 0.1404663512522023 0.14953864387394872 0.11776168205073459
0.07720086567599628 0.1365861469652242 0.0911328323111318 0.11907510248250316 0.12835027392602227 0.22400067310676852 0.08076398255334995 0.14289012297900378
0.0640273432241714 0.11327914570430327 0.0963867216582547 0.14159893213037908 0.10140919919132682 0.21733892469885271 0.09604101483625713 0.1699187185564549
0.06444993372547674 0.11402680582199728 0.09784075530912154 0.1425335072774966 0.09769608880269792 0.21573779974199903 0.0966749005882151 0.17104020873299594
0.0991372774056924 0.07002838876987316 0.22144839284829002 0.14005677753974632 0.09650068676175515 0.09567908619916611 0.1550486100562108 0.12210078041926602
0.09847059735577228 0.13926677631166642 0.1194337029415438 0.12534009868049975 0.1299603910952203 0.2183193003966227 0.09400507401037483 0.07520405920829985
0.06362324143317664 0.11256419638177406 0.10102832864657804 0.14070524547721755 0.1031278059068835 0.21467002543194422 0.09543486214976497 0.16884629457266107
0.09886004718820174 0.07980268869409057 0.15142236820261346 0.0997533608676132 0.15117202270894253 0.15099540851510007 0.14829007078230264 0.11970403304113585
0.06453729214672088 0.11418136302881385 0.10817028907381669 0.14272670378601734 0.10918988387588571 0.19311648532544357 0.09680593822008132 0.17127204454322079
0.06857102156759173 0.11386759529691297 0.09996358511728858 0.14233449412114121 0.10000896037106657 0.20791303282889906 0.09653991775173057 0.17080139294536945
0.1277480948267528 0.0918794063941355 0.17437992781902156 0.11484925799266939 0.1302935595141382 0.12943706943820235 0.12804835182167765 0.10336433219340242
0.14215205465567327 0.08855002522906168 0.1924992063439342 0.1106875315363271 0.13461188227499668 0.10847218417785544 0.12340833739945722 0.09961877838269438
0.08697130802498934 0.11239838945121976 0.11510932967486714 0.1404979868140247 0.10510068093522587 0.17603043421420075 0.09529428670864284 0.16859758417682963
0.10174560128188029 0.06934787010365291 0.22957132423218296 0.13869574020730582 0.09704319007678737 0.08914015326468613 0.15354188578098157 0.12091423505252302
0.12077410164306228 0.07747414183741894 0.1828910450500039 0.09684267729677366 0.14606932713100126 0.11577435012503451 0.14396314416057696 0.1162112127561284
0.10872590737588146 0.06686354002156879 0.23621631943544624 0.13372708004313758 0.10529801103623723 0.07971905543364548 0.14909571461525936 0.12035437203882382
0.10468065826084746 0.06605394693337253 0.26295464772899146 0.13210789386674507 0.09537575152868984 0.07263955433791199 0.147290442863371 0.11889710448007057
0.10256091779595415 0.06516975578701238 0.2765417279810659 0.13033951157402476 0.09218648391083392 0.07057721395867084 0.14531882857581566 0.11730556041662228
0.11855421423803099 0.07559221766739273 0.20711991521263817 0.0944902720842409 0.1416850059642629 0.10870391251756334 0.140466135814782 0.11338832650108908
0.10600736982785254 0.06526143243030048 0.2560019551708659 0.13052286486060097 0.1023149698458743 0.07689757568269791 0.14552325380726705 0.11747057837454086
0.11941295850883539 0.0755942704271457 0.20134185936570068 0.09449283803393212 0.1449644418179497 0.11033227593438003 0.1404699502713379 0.11339140564071853
0.10738939123574358 0.06518744408826053 0.2542587986359434 0.13037488817652107 0.10296263755385114 0.07713117010325699 0.14535827084755407 0.11733739935886897
0.10382039570198844 0.06480791516665296 0.2761897180387528 0.12961583033330593 0.09339073089775039 0.07100918456309717 0.1445119779984769 0.11665424729997534
0.10237941026562168 0.06437651612402395 0.284672583950652 0.1287530322480479 0.09084018550420507 0.06955052036287543 0.143550022521331 0.11587772902324311
0.10177511172892019 0.06417664207076053 0.2879010245578636 0.12835328414152106 0.09006125502737812 0.06911039353168566 0.14310433321450186 0.11551795572736896
0.13597941862149063 0.0858454638042377 0.242024478333395 0.10730682975529715 0.12027119240197927 0.09235736309904634 0.1196391072047865 0.09657614677976742
0.08692619816241993 0.11091854208472617 0.1332744254431026 0.13864817760590772 0.10141448166923296 0.16840072840090548 0.09403963350661569 0.16637781312708924
0.10425008964486286 0.06794788096594524 0.23104319423730144 0.13589576193189049 0.09721547515874829 0.08982777924326339 0.15151363307928684 0.12230618573870143
0.1213337491193883 0.07596669827453234 0.19446423183707692 0.09495837284316541 0.1439435369707842 0.11422136451072784 0.1411619990325265 0.11395004741179851
0.1085213522728556 0.06523202668356082 0.252102957887686 0.13046405336712164 0.10286198288417381 0.07794229549323761 0.14545768338095502 0.11741764803040948
0.08285749155052752 0.11248728120516971 0.13650285544423915 0.14060910150646214 0.0986266900209983 0.16481600700829166 0.09536965145655693 0.16873092180775456
0.10353361901331982 0.06799450118140411 0.23260145403539026 0.13598900236280823 0.09665596726111762 0.08921776481791356 0.15161758920151902 0.12239010212652739
0.10460037240963996 0.06543885255894265 0.26878177364817946 0.1308777051178853 0.09289551626075633 0.07369697118497669 0.14591887421352284 0.11778993460609676
0.10348167025505789 0.0644954639692097 0.2820380043985873 0.1289909279384194 0.09091295011873177 0.07017388971273095 0.14381525846268553 0.11609183514457747
0.13748442082593368 0.08585114420038595 0.23991155137927525 0.10731393025048243 0.12053483902000944 0.09267455337144866 0.11964702372703041 0.09658253722543418
0.11075817676874213 0.0640890375542968 0.2691890834269342 0.1281780751085936 0.0964053379536606 0.07311103337194984 0.14290898821808867 0.11536026759773424
0.1046610881226623 0.06431531720346643 0.28184829833372355 0.12863063440693287 0.09144136806313555 0.06992216484118484 0.143413558062655 0.11576757096623957
0.10299002546832284 0.0641392424799824 0.2867522993857633 0.1282784849599648 0.09016751514265303 0.06920085839025032 0.14302093770909508 0.1154506364639683
0.13717434641454268 0.08573241083443012 0.24146358036293727 0.10716551354303765 0.12018699323846097 0.09234664324375423 0.11948155017410317 0.09644896218873387
0.08735377024741423 0.11084840050926564 0.1331323808336268 0.13856050063658207 0.10136696417819666 0.16848521718185613 0.09398016564916002 0.16627260076389846
0.1188932510097083 0.07726026745578726 0.16418217441770677 0.09657533431973407 0.14740613690830695 0.13622671383573973 0.14356572086933603 0.1158904011836809
0.1094179927071146 0.06589804688553537 0.24030380211038752 0.13179609377107074 0.10458922640532857 0.08243554470124151 0.14694280902535797 0.11861648439396368
0.12250370133699359 0.07549298824707389 0.19677839122474336 0.09436623530884236 0.14559441997476336 0.11174303471964885 0.14028174681732386 0.11323948237061082
0.10908779488466591 0.06509795233444045 0.2528317369123713 0.1301959046688809 0.10305378710068847 0.07739779230344657 0.14515871759351348 0.11717631420199282
0.0958975080723793 0.1294881655101803 0.157393898690114 0.1618602068877254 0.08520868851279072 0.14213976262410155 0.08233758350375596 0.14567418619895284
0.1017943687978235 0.06844220417743824 0.24751495984264946 0.13688440835487647 0.09197967638845528 0.08251259024445112 0.15153666696184942 0.11933512523245642
0.08214921328511579 0.11284969264722487 0.1355942169502902 0.14106211580903108 0.09646724903909218 0.1669260599670659 0.09567691333134284 0.16927453897083727
0.10356456173466368 0.06802862927105954 0.2322816396261584 0.13605725854211909 0.09624734358435752 0.08967534480602866 0.1516936897477059 0.12245153268790718
0.10478391200832829 0.06543105448502033 0.2686361017671999 0.13086210897004066 0.09280966535675828 0.07379977366704829 0.14590148567256772 0.11777589807303658
0.10368859358456962 0.06447903151821928 0.28194708892280435 0.12895806303643856 0.09088313371497232 0.07020321594061948 0.1437786165495815 0.1160622567327947
0.10295515276311132 0.06414207056532459 0.28680168003672407 0.12828414113064918 0.09006020452279291 0.06927378004650772 0.14302724391730587 0.11545572701758425
0.1373686411826768 0.08570391696007067 0.24143843243520782 0.10712989620008834 0.12013103226898518 0.09236933487816643 0.11944183949472534 0.0964169065800795
0.11090437319057153 0.06402676816287249 0.2697120732425459 0.12805353632574498 0.09625165577884837 0.07303327383709489 0.14277013676915148 0.11524818269317051
0.12240357523447536 0.07503768245668255 0.20574507767293793 0.09379710307085319 0.14222200969426854 0.10880233466550514 0.1394356935202534 0.11255652368502382
0.1087913833598311 0.06488909367745295 0.2562817479682636 0.1297781873549059 0.10205161024286613 0.0767146148158999 0.14469299396136523 0.11680036861941531
0.13982391728479468 0.08615148257736309 0.23088785715801016 0.10768935322170387 0.12399605357488266 0.09446532596040937 0.12006559232330266 0.09692041789953347
0.1291144516229537 0.07417204544281046 0.19170768144701134 0.09271505680351308 0.1498764013339052 0.11332913611648734 0.13782715906910303 0.11125806816421568
0.12658990556758828 0.07440198110262598 0.17910068561715736 0.09300247637828246 0.15854973594855273 0.11849781616055684 0.13825442757129752 0.11160297165393897
0.11048261572419876 0.06528957717702749 0.2455263011019972 0.13057915435405498 0.10615898727537516 0.07885611305693713 0.1455860123917598 0.11752123891864949
0.09626827898622269 0.1295526476100226 0.15554451975862169 0.16194080951252823 0.08582900709990353 0.14273942276287882 0.08237858570854698 0.1457467285612754
0.10183792432404566 0.06842890842450312 0.24736821809007548 0.13685781684900625 0.0920861388414094 0.08260182150520155 0.15150722907175296 0.11931194289400546
0.09826303128814026 0.1349443519672619 0.1130619223474191 0.11764379402274117 0.11538726020351066 0.19973390531082177 0.07979318203281573 0.14117255282728938
0.14034027255988105 0.08861470991155515 0.18117990791242014 0.11076838738944393 0.13109931069181738 0.12480737724271919 0.12349848564166362 0.09969154865049953
0.08790204942813641 0.11069156252651065 0.11909444168869097 0.1383644531581383 0.10347958548085194 0.1805833696119511 0.09384719431595469 0.16603734378976595
0.11929589549694644 0.07728754495233975 0.15956691084977495 0.09660943119042469 0.14816320517424567 0.13952928675005297 0.14361640815770593 0.11593131742850961
0.08401058941574274 0.11068121708785608 0.11406521888119203 0.1383515213598201 0.10704134428149734 0.18598986015892544 0.09383842318318232 0.1660218256317841
0.09102061273649303 0.13038344699199247 0.12152363002989075 0.16297930873999059 0.08619316683912287 0.17831159104617572 0.08290686575034303 0.1466813778659915
0.10213083274287976 0.06918354099065172 0.23406782285087474 0.13836708198130343 0.09316410810310334 0.08928085322003637 0.15317804761462978 0.12062771249652095
0.07225879944290002 0.09920994168329314 0.08122124661680463 0.08649071839056324 0.14167569137945896 0.2483900492643472 0.09777211644150628 0.17298143678112649
0.1017906579349384 0.06813292787983934 0.2078945337780757 0.13626585575967867 0.10664442034261606 0.10470607404281257 0.1519262600783283 0.1226392701837108
0.10512133405747652 0.06588811245215312 0.25923176216333194 0.13177622490430624 0.09561752386246736 0.07684578342472245 0.14692065672166682 0.11859860241387561
0.09515281573326288 0.1295990188965703 0.15907573621157536 0.16199877362071288 0.08385538596719114 0.14211130151368323 0.08240807179836264 0.14579889625864156
0.07823907372548795 0.11144491177584517 0.11523717422155386 0.1337338941310142 0.10119858374649388 0.19267857413757658 0.10030042059826066 0.16716736766376775
0.07707873694629237 0.11190030927654866 0.10452387821875571 0.13987538659568585 0.09736474415821726 0.2065344795465162 0.09487200134316084 0.167850463914823
0.0767300360957424 0.11170354676563256 0.10196268465523224 0.1396294334570407 0.09636895534952754 0.21134484257490455 0.0947051809534711 0.16755532014844884
0.10254640901989627 0.07600128439777315 0.2171438071511606 0.1359753211268785 0.09651236442030539 0.09784068922535041 0.1516023356444451 0.12237778901419064
0.1046670301740542 0.07065322381365795 0.26223810755766946 0.13076578543021197 0.09294665811174652 0.07524589591148648 0.1457940921139826 0.11768920688719078
0.10349475835291128 0.06909609583389201 0.2789595045193418 0.12849737042277778 0.09073619670499847 0.07030346212018315 0.1432649786653955 0.11564763338049999
0.10262519518259954 0.06855614460862643 0.2850986248617409 0.12766598611002794 0.08974984864398643 0.06906676589370865 0.14233804720028484 0.11489938749902513
0.13660231937955875 0.09136580403836266 0.24002216980590332 0.10638881164029533 0.11942281435680246 0.09183256478743766 0.11861558551537403 0.09574993047626579
0.14593328069373285 0.09249294591842736 0.22192073038226443 0.10513150218933995 0.12661493298226664 0.0960744765569404 0.11721377930662227 0.09461835197040594
0.11288908488754644 0.070240218786584 0.2610426944935276 0.12758495477966775 0.09756558848627829 0.07360329595064742 0.14224770331404749 0.11482645930170099
0.14009852633723413 0.09177252459828529 0.23150431147505052 0.1066851929255389 0.12188980605610035 0.09308693644439134 0.11894602853041426 0.09601667363298501
0.08734102771883388 0.12050480180311414 0.12991484828538896 0.1369209746784195 0.10084301438711615 0.1673020241659221 0.09286813934710192 0.16430516961410338
0.11736571058629304 0.09279945638788303 0.1610470899610666 0.0946786498918743 0.14520450995008172 0.13454403127448236 0.14074617207806986 0.11361437987024915
0.10836807298828696 0.0766124120175781 0.23737383631041414 0.13019441005177237 0.10344974881164035 0.08166949956673691 0.14515705120697606 0.11717496904659515
0.10469149893232917 0.07362900377764615 0.26881852864516853 0.12871723360602422 0.09320250088623788 0.07158561420015737 0.14351010970701505 0.11584551024542179
0.08148067231033292 0.12597296609031924 0.13898988865814235 0.1382848623546452 0.09528088753359792 0.16025567723901998 0.09379321098836806 0.16594183482557423
0.13369582567608973 0.1080466555756329 0.18944859244179776 0.10936636202157234 0.12418389938586248 0.1148936070943842 0.12193533198524557 0.0984297258194151
0.14579975246566568 0.10193214271807698 0.20371696742444836 0.10556205215523487 0.1285825050500214 0.10170692285884061 0.11769381038800068 0.09500584693971138
0.11308858851035455 0.07629074708924527 0.25325780067260356 0.127546133234037 0.09815686544611275 0.07466392494921406 0.1422044201877994 0.11479151991063327
0.10515716707847873 0.07313161365516091 0.2746553575571455 0.1278682635638112 0.0915569867835441 0.06998560268850856 0.14256357146592083 0.11508143720743008
0.08154541107364384 0.1258251258582328 0.14030611505683646 0.13821975040752119 0.09489842621461378 0.15959242279763383 0.09374904810249264 0.1658637004890254
0.10191291885325018 0.08233044420704416 0.23164931371509456 0.13336527293718387 0.09456677853320367 0.08745419941810674 0.14869232669265128 0.1200287456434655
0.10362828366099129 0.07465510661907943 0.2670812164174129 0.12936812977119888 0.09174101780149417 0.07285911857890015 0.14423581035684413 0.11643131679407902
0.13686429933746944 0.09694558406756335 0.23331405612911765 0.10625114709617922 0.11991905996172061 0.09261772119923033 0.11846209982215802 0.0956260323865613
0.11014231246806705 0.07509509913895329 0.2650298772346751 0.12656553678670435 0.09559041504625615 0.07255664788944714 0.14111112832786288 0.1139089831080339
0.10410257954665086 0.07271264787413026 0.27911049115232817 0.12736746069035837 0.09069450876841136 0.06937638371142858 0.14200521363536972 0.11463071462132254
0.10238593996208067 0.07219518178692474 0.2845921476025913 0.1269700005312703 0.08939537000880256 0.06862628441099466 0.1415620752191924 0.11427300047814327
0.1018277796866542 0.07201138398992964 0.2866551201057069 0.12674798566538187 0.088982046553249 0.06838795168823418 0.14131454521200038 0.11407318709884369
0.11893041754080992 0.0841831562525988 0.21021149294551675 0.09263261744397473 0.13860981254707327 0.10656875491307932 0.13770460742417737 0.11115914093276967
0.0829619656661651 0.12626409631388844 0.12432640739190429 0.1359325554535991 0.103822798502232 0.17137537686371185 0.09219773326418028 0.16311906654431893
0.11621248017388679 0.09363614796010887 0.15920476364103991 0.09469499805145169 0.14620350209786265 0.1356436356986158 0.14077047471529236 0.11363399766174202
0.10816344933439183 0.076765366544376 0.23664979638013528 0.13028033452596513 0.10372673399575831 0.08190916756257804 0.14525285058342677 0.1172523010733686
0.10467135410589674 0.07366743524640978 0.26854911115582203 0.12875388393229328 0.09328418822984445 0.07164455970496368 0.14355097208570608 0.11587849553906394
0.13706728862968595 0.09669810876928729 0.23371540640293872 0.10614267227194471 0.1202395992079066 0.09226736118521374 0.11834115848827267 0.09552840504475023
0.1454357097833224 0.09907399322597255 0.2187857820805855 0.10440169301596042 0.12625482608086494 0.09568637555725451 0.11640009654167527 0.09396152371436436
0.08759010360372535 0.12897880961486277 0.12612177154838217 0.13535692984167366 0.1009322796226777 0.16678448102257806 0.09180730893609172 0.1624283158100084
0.11744920917556087 0.09401164198044629 0.1597975101129377 0.09468130647032182 0.14525576225825987 0.1344368809777283 0.140750121260359 0.11361756776438618
0.08245418195668605 0.1279906268005852 0.11257950590870063 0.13567817512586475 0.10494075345581307 0.18151774955942176 0.09202519704189087 0.16281381015103769
0.13429251532229564 0.10861429766172233 0.1796111757247065 0.10955522596837756 0.12717567355355225 0.12000550720619697 0.122145901191609 0.09859970337153981
0.11148725897779596 0.07791782475182281 0.24429237831762132 0.12899794942201398 0.0988320226308425 0.07855132452718845 0.14382308689290216 0.11609815447981259
0.10514552522120528 0.0735920348459437 0.2713763593244324 0.12835839605740612 0.09201153993214896 0.07088355554797077 0.1431100326192274 0.11552255645166551
0.0815551799634521 0.1259477417377236 0.1395671172724431 0.1382588629278893 0.09501248186149858 0.1599724041289576 0.09377557659456842 0.1659106355134672
0.10193897143587505 0.08236487131468233 0.2313524140895904 0.13339731058879098 0.09461308125130478 0.08754772550652093 0.14872804628332367 0.12005757952991189
0.10364418678818108 0.07466661070752134 0.2669684336765214 0.12938135017421942 0.09175947630840305 0.0728861770687415 0.14425055011961477 0.11644321515679747
0.11983005383421375 0.08487833416875028 0.2042304356126474 0.09302391653719902 0.13999283391586395 0.10812942627914897 0.13828629980753765 0.11162869984463883
0.14143285712739773 0.09813911687519705 0.2092221387517681 0.10554200021902627 0.13286783087938356 0.10013680197456269 0.11767145397554121 0.09498780019712362
0.11188067957181938 0.07569303258834059 0.2554167176870173 0.12731362596594661 0.09889278894478847 0.07427569993756838 0.14194519193516733 0.11458226336935197
0.08271196458967424 0.12627666403828755 0.13587347231334712 0.13812444054920842 0.0964326430142703 0.16114708368104702 0.09368440315511528 0.16574932865905007
0.10191602241168433 0.08634223837158761 0.22909751740184803 0.13280728583842158 0.09465880584338897 0.08758136016013042 0.14807021271835957 0.11952655725457942
0.08061917394667283 0.13280419696986293 0.12941036802359338 0.13769283216599587 0.0951743164748045 0.16567605374206953 0.09339166007780592 0.16523139859919506
0.10162468472052373 0.08755049711257835 0.226485500749251 0.13307620961971586 0.09458146766994034 0.08854300880468254 0.1483700426655638 0.11976858865774428
0.0805620839123213 0.13311623287583194 0.12880682106966845 0.1376965385823559 0.095152588470471 0.1660357147955352 0.09339417399498923 0.16523584629882707
0.08738136065073022 0.16510812238916586 0.12157543828662852 0.15676447130399324 0.08133212335880757 0.1670050548693971 0.07974540496768351 0.1410880241735939
0.10184644823013861 0.06942968541959035 0.23473070373645044 0.1388593708391807 0.0924720947927837 0.08788177796675786 0.15372303161683823 0.12105688739826011
0.08086766088303808 0.12882401015342593 0.13101628896461048 0.13825480560740666 0.09501410758164408 0.16634453540813712 0.09377282467284973 0.165905766728888
0.1153478422027553 0.09859945660222323 0.16111272709519223 0.09435498015469108 0.1430016026157253 0.1340923998690488 0.14026501527473484 0.11322597618562931
0.1407665610803338 0.10508744388863293 0.1936683126817984 0.10600598945382303 0.13439495473216181 0.10648258030853196 0.11818876734627733 0.09540539050844071
0.11198556403861333 0.08010819165926533 0.24882491564387185 0.12741103303209173 0.09943995477348543 0.07550661757905464 0.1420537935447351 0.11466992972888258
0.1048139242759974 0.0760552224869883 0.2726088488693523 0.12761153309426662 0.09173414945353969 0.07004860588364681 0.1422773361513689 0.11485037978483996
0.08116235814198239 0.13007398665223116 0.139428094398852 0.1375251130716941 0.09455303729746443 0.158949371972681 0.09327790277906209 0.16503013568603292
0.10143346449613319 0.08684548375679454 0.23053566356477848 0.13264808725523344 0.09415159963663136 0.0871097045821228 0.1478927181785961 0.11938327852971012
0.08052665427264824 0.13292591509327722 0.12972838996788244 0.13767878293921132 0.09505790541663997 0.16548568174625708 0.0933821310370303 0.1652145395270536
0.1015932618083644 0.087561710595458 0.22661621554213596 0.13306362788591547 0.09454781276392407 0.08850409133556648 0.14835601497131173 0.11975726509732393
0.1034546332211409 0.07800137046866332 0.2647335077324848 0.12909323363420075 0.09164280586816058 0.0729612171258406 0.1439293216787283 0.11618391027078068
0.08093790747351065 0.13063898128031895 0.13763354872298134 0.13761758194638665 0.09456194001302284 0.16012832142969669 0.09334062079841879 0.16514109833566398
0.10144163661926633 0.08698678475918456 0.22981986727179496 0.13273181667107667 0.09421027505406732 0.08736491439184381 0.14798607022879742 0.119458635003969
0.13692513127533903 0.10315278304813677 0.22030441732060665 0.1068131352832554 0.1212393419894576 0.09634469461694363 0.11908867471133101 0.09613182175492985
0.11032475458666748 0.07926673198684112 0.2595330415960187 0.12656956049548906 0.09600053043502105 0.07327716199114123 0.14111561446288107 0.11391260444594015
0.09416759938528668 0.15004274727523945 0.1564408161192078 0.15758808326258883 0.08207368680898629 0.1376934194222618 0.08016437279009954 0.1418292749363299
0.13602630900882007 0.1171490909940644 0.19417342186377456 0.10778792719855244 0.11904812352553062 0.10863049797933884 0.1201754949512219 0.09700913447869719
0.12718196006139149 0.09406924043872258 0.17852408960175045 0.09141953502792388 0.14713928428227335 0.11606116961739635 0.13590127893703313 0.10970344203350864
0.08391763061236919 0.13258771133988326 0.11647715815228007 0.13483553354339523 0.10502243758504355 0.1739032222855211 0.0914536662294333 0.16180264025207428
0.11567977886511824 0.10154858847210735 0.15561218513051386 0.09381343504424886 0.14566838814067584 0.1356415301986076 0.13945997209562966 0.11257612205309862
0.08144243130944376 0.13686037681488356 0.11076369521803685 0.1341873187998669 0.10419105589733052 0.18051633186677546 0.09101400753382276 0.16102478255984023
0.10196831349114042 0.09079416068884696 0.2180110436561577 0.1330665823691513 0.09668525762657537 0.09135540903625619 0.14835930899963587 0.11975992413223618
0.08038510419165032 0.13620559149658712 0.12658024192714729 0.13720023366493334 0.09532145422479148 0.16660954430684183 0.0930575497901287 0.16464028039791997
0.0752074087134079 0.14691414117984483 0.10423039980837644 0.13485651563605572 0.09342151477491208 0.19207430356228983 0.09146789756184649 0.16182781876326685
0.07382198974165144 0.14906800474101944 0.09866969187473247 0.13395436740053274 0.09243751225229177 0.200447187393989 0.09085600571514395 0.16074524088063927
0.10059504398494581 0.09337982223050055 0.2131701174272403 0.1336752337046834 0.094574405016311 0.09525975748509125 0.14903790981701268 0.12030771033421507
0.08009720482436516 0.1368917395549045 0.1254129875682242 0.13715341743393453 0.09481813399946612 0.16801661952580235 0.09302579617258168 0.16458410092072143
0.11487006182684129 0.10258838459655278 0.1589126621471918 0.09404213849816707 0.14262332529998745 0.1343129062929001 0.13979995514055882 0.1128505661978005
0.1403531726975738 0.10804396538663179 0.19249926443730198 0.10570826640430772 0.13405706453479152 0.10634399841131055 0.11785682836420576 0.09513743976387694
0.11175512743576738 0.0823317602388459 0.24804616452071535 0.12711508697163365 0.09924650739102878 0.07537793939468754 0.14172383577285125 0.11440357827447029
0.12150268854462223 0.09021568747018643 0.19745005514181282 0.09243638790930422 0.1417880138930696 0.10827060250854578 0.13741289904129403 0.11092366549116506
0.10760310593431914 0.07948414685279143 0.2508346388911957 0.12770916268032198 0.10112510842769577 0.0759194049473555 0.14238618585403062 0.1149382464122898
0.10365270441209133 0.07719048086023964 0.2732505156856019 0.12735162664480465 0.09194529577379253 0.07000535278692334 0.1419875598562225 0.11461646398032418
0.08076593952671267 0.13231653110250222 0.1393346681505972 0.13711979456360518 0.09437589793150236 0.15854042415343939 0.09300299109531482 0.1645437534763262
0.13230257183682775 0.11692134212963654 0.18815849982013258 0.10813988319997099 0.12288369815040853 0.1137002103556192 0.12056789962743034 0.09732589487997388
0.08436627387414772 0.14118723280315668 0.11804464725439089 0.1338321094588575 0.0992019403452568 0.1719961819762495 0.09077308293731204 0.160598531350629
0.10242526043341169 0.09134452912664509 0.2209809261677319 0.13274308187137393 0.09538025789248412 0.08965854073767437 0.14799863008644226 0.11946877368423654
0.10365361266330128 0.08014527761935225 0.26227695280387553 0.12900854020283398 0.09181832718970463 0.0731547085152222 0.14383489482315967 0.11610768618255059
0.10252376689335303 0.07714380908775714 0.2778419567580819 0.12712198302422695 0.08982727163222867 0.06939990352568609 0.141731524356862 0.11440978472180427
0.1017296592223072 0.0762244907195324 0.28362806941256186 0.12639403845730837 0.08894408374959151 0.0684051033381519 0.1409199204889692 0.11375463461157755
0.10135209874761408 0.07591865095987742 0.28577452042473833 0.1261260966518452 0.08858934611839721 0.06810461473933206 0.1406211853715349 0.11351348698666068
0.13491659192266098 0.1010758954868769 0.23879369433945555 0.10501635126244309 0.11792968356340844 0.09066767267247115 0.11708539461648507 0.09451471613619879
0.14380488791536408 0.10558629464223933 0.21954806526762702 0.10338498033074474 0.12473926210627287 0.09462348966834094 0.11526653777174077 0.09304648229767025
0.1115794939139507 0.08116928090333496 0.25855185258248997 0.12589753083716523 0.09641254709172044 0.07271516537257296 0.14036635154531704 0.11330777775344872
0.08210673606667263 0.13331629758065608 0.1358898295086461 0.13691296458220403 0.0952334347353811 0.15938247361551788 0.09286270641227751 0.16429555749864483
0.13275511327435804 0.11718380489104879 0.18687150638429667 0.10816481982856406 0.12315718056910635 0.11392353509954936 0.12059570210736917 0.09734833784570765
0.14458105548319575 0.11034854519273478 0.20160420664598305 0.10454415987778289 0.12745690230118512 0.10081645014836185 0.11655893646075198 0.0940897438900046
0.1123901166191343 0.08246115949766761 0.2515484567974955 0.12666224037161203 0.09753375974647896 0.0741893050248112 0.14121894560834955 0.11399601633445085
0.08226700564888807 0.13372471897050014 0.13430630387616835 0.13696536660454386 0.09549483875291187 0.15998507756801852 0.09289824865351669 0.1643584399254526
0.10159820370726926 0.08971912649569422 0.22798051873940664 0.13239855524217992 0.09427331856014565 0.08725706893150911 0.1476145086058334 0.11915869971796192
0.08034128324307296 0.1359273315536379 0.12887574764790843 0.1372152734874036 0.09482663455165577 0.1650876506182416 0.0930677507131955 0.16465832818488432
0.10133280318886817 0.09027636282247532 0.22581848445606548 0.13265968137849302 0.09430906388445127 0.08830424626820574 0.14790564476079743 0.11939371324064373
0.11949749281647883 0.09241035777148263 0.19106640186905693 0.0931800686093135 0.14113859920492838 0.11237256704700202 0.13851843035056155 0.1118160823311762
0.08245503185926227 0.134730050151332 0.11920625418032671 0.1346814837754716 0.10363052041689724 0.1723296987862592 0.09134918029988509 0.16161778053056589
0.13297365468663586 0.11762523207378783 0.18055570679822527 0.10820653637199458 0.1256247151912487 0.1169860592031933 0.12064221294011933 0.09738588273479512
0.11061056220622299 0.08445905128042289 0.2436798232122365 0.12791159107197078 0.09798859330691372 0.07761806855333671 0.14261187840412265 0.1151204319647737
0.10456459196362011 0.07820233054203088 0.27050691330602106 0.12763132751870473 0.09148830529137773 0.07043893115398984 0.14229940545742154 0.11486819476683424
0.10241845777770776 0.07657213157042683 0.28084872995131166 0.12668641357732205 0.08948122651624651 0.0687293714586497 0.1412458969287456 0.11401777221958984
0.11871499291019147 0.08885704716570308 0.207939893385843 0.09219718464211867 0.13831324721866856 0.10628370578820108 0.1370573073187316 0.1106366215705424
0.1402343773897321 0.10391033576401291 0.20960494098764468 0.10464948841502242 0.1316373103246187 0.09910263762601343 0.11667636991943545 0.09418453957352017
0.1274448184901092 0.09308563084239918 0.1825978875126077 0.09058797200395238 0.15016269252671288 0.11275032756882418 0.1346651046506516 0.10870556640474285
0.12458098431850462 0.0914006833133631 0.17424190498492467 0.09116938700862533 0.15681882800199984 0.11685553085687256 0.13552941710535946 0.10940326441035039
0.10892140303475187 0.08011842030813011 0.24129698200186842 0.12835335726207225 0.10488073510142593 0.07780666601742679 0.14310441473845964 0.11551802153586503
0.10425282526144009 0.07752256488208235 0.26959273956421004 0.12773744729425887 0.09298845527120848 0.07052454407418914 0.14241772108777817 0.11496370256483299
0.1023754805272495 0.07647882834721544 0.2805023166784665 0.1267244281403285 0.08981555868283007 0.06876312196802435 0.14128828032959012 0.11405198532629565
0.10159967448972758 0.07603817596418108 0.2846041839401575 0.12626130132297284 0.08885673148145587 0.0682328331208882 0.14077192848994136 0.11363517119067557
0.1012886829069057 0.07586127018604771 0.2861347946697976 0.12607971496011544 0.08854159826347167 0.06805272230298152 0.14056947324657648 0.11347174346410392
0.1011674335741047 0.07579286097097802 0.2867046257730758 0.12601120108799876 0.08843250798947783 0.06798820423302404 0.14049308539214192 0.1134100809791989
0.10112102609901322 0.07576694005926725 0.2869166264399225 0.12598562459199225 0.08839356656179649 0.06796458460742695 0.14046456950778835 0.11338706213279301
0.08026419178458263 0.13181583344159883 0.14240029220862713 0.13699722255104518 0.09355040329930829 0.15765553435809215 0.09291985529549153 0.16439666706125422
0.0753011448409951 0.14588290416187757 0.10789960377806108 0.13505416155761676 0.09318861197553589 0.18900662676030294 0.09160195305647052 0.16206499386914014
0.1007067784181716 0.09257784702991709 0.21707886894080158 0.13337626094760396 0.09450425091379588 0.09301278139259739 0.14870457750426888 0.12003863485284356
0.11948616793674065 0.09298985518826439 0.1883600235245271 0.0933202263974318 0.14138776489924695 0.11374490606068885 0.1387267843161822 0.11198427167691816
0.12275300756891483 0.09163323798110327 0.17655785210925343 0.09148916032987905 0.1543605493303464 0.11741441865993259 0.13600478162471574 0.10978699239585486
0.10845564508402403 0.08013620835884176 0.24230631721791238 0.12832827375598557 0.1043232952162327 0.07787836548554003 0.14307644850107643 0.11549544638038702
0.12072646981204806 0.08986838620995366 0.19566020845434107 0.09254607635726012 0.143545403866292 0.10902220538507816 0.13757595828631503 0.11105529162871212
0.10748249934224434 0.07947016817741875 0.2501344287067355 0.12778691274440007 0.10155368072858857 0.07609121745741863 0.1424728713732341 0.11500822146996006
0.08140995194282194 0.1329087905173736 0.13400924492986388 0.13705481944441958 0.09640532784090243 0.16078716097683912 0.09295892101447589 0.1644657833333035
0.10140960018751048 0.08958887292782178 0.22787245640950246 0.1324205040033275 0.09448270135983944 0.08740843167245792 0.14763897983654575 0.11917845360299478
0.10320419610922611 0.07967832809747137 0.26494147323737716 0.12872973224050263 0.09144103090420025 0.07262443564304535 0.14352404475172456 0.11585675901645236
0.13610868189266243 0.10241082256732802 0.2317991236086302 0.10557638528705762 0.11926877592739321 0.09210767319823018 0.11770979076034632 0.09501874675835185
0.1443530835965239 0.1060277945588118 0.2171261980126544 0.10353628720507094 0.12526951675929526 0.09506922773802315 0.11543523364505669 0.09318265848456384
0.11178813863806798 0.0813052172738498 0.2576014406234086 0.12599536241663203 0.09659417896328597 0.07284440945422851 0.14047542645555838 0.11339582617496885
0.10432064336128556 0.07727166136466375 0.27567787401914806 0.12693474236280172 0.09074518925471285 0.0692858565183099 0.14152276499255656 0.11424126812652155
0.08087724754321658 0.13232083661866417 0.13988088920825104 0.13708889984662387 0.09410298613814602 0.15824042441143957 0.09298203641771012 0.16450667981594863
0.10111762240768592 0.08933946193436763 0.2302927061411931 0.13220506840131263 0.09383596162162669 0.08682583271504984 0.1473987852175829 0.11898456156118137
0.10305770927622226 0.07957408154449981 0.26586934218511193 0.12862412988818958 0.09123617768114216 0.07247053651579545 0.14340630600966808 0.11576171689937063
0.13603807690265077 0.10236714633196706 0.23211433549452035 0.10555336058888623 0.1191895304104597 0.09205540580137213 0.11768411994014628 0.0949980245299976
0.10953340799933656 0.08045704050282636 0.26379160503668075 0.12571723696290393 0.0950506160703963 0.07213924283096015 0.14016533733028244 0.11314551326661354
0.10362313506341696 0.07699281968705862 0.27806074730866626 0.12670536308277316 0.0902689798836591 0.06904710398674858 0.1412670242131814 0.11403482677449585
0.08074169463672377 0.13222181466544727 0.14041204021370648 0.13706486673074392 0.09398815789027075 0.15812785009058006 0.092965735695635 0.16447784007689267
0.1322703115528333 0.11687822844688212 0.1885434470810064 0.1081184398878072 0.1227523577588374 0.11358662743899219 0.12054399193461489 0.09730659589902649
0.11019452285545242 0.08413749412785554 0.24689212588882575 0.12761757305995056 0.09715785950508239 0.07686053854651509 0.14228407026236276 0.11485581575395548
0.13841983570948893 0.10354261093230487 0.22525189229985626 0.10568527010155392 0.12099165681453809 0.09316080184808208 0.11783118920277728 0.09511674309139853
0.11029245935715558 0.0808101670568943 0.26107623622050347 0.12595782944468611 0.0956060333567746 0.07246164807096181 0.14043357999280676 0.1133620465002175
0.08187658056039274 0.13321614571382398 0.13646432134158326 0.13691953430175033 0.09506165279529444 0.15929116172908528 0.09286716239596979 0.16430344116210038
0.11520540117169667 0.10172745034579034 0.16244942117209832 0.09391660140289314 0.14252292171414258 0.131864946693069 0.13961333581683819 0.11269992168347176
0.10736501545830814 0.08243728978374606 0.23711210061530136 0.12927847551931562 0.10245232382422045 0.08086831427511411 0.1441358525566101 0.11635062796738406
0.08138176846200264 0.13377947308979632 0.13101571209842933 0.13709969688399246 0.09659351279401092 0.1626208407853131 0.09298935962566444 0.1645196362607909
0.11512790596166371 0.1018881960078951 0.16068430001204176 0.09396619784372648 0.14308884806315658 0.13279805044180334 0.13968706425724117 0.11275943741247177
0.10740460053033762 0.08251015257406509 0.236402229370856 0.12935064307353739 0.10262801540930487 0.08107246628178634 0.14421631399392898 0.11641557876618365
