Action: 0
[0.10821316825723135, 0.09530109989554192, 0.31682605771295036, 0.09530109989489435, 0.09530110435617549, 0.09845527009341792, 0.09530109989489435, 0.09530109989489435]
[0.09301282215745892, 0.09301282215745892, 0.27631073579159937, 0.09301282215745892, 0.165612331263647, 0.09301282215745892, 0.09301282215745892, 0.09301282215745892]
[0.09517874359512564, 0.12338235933887157, 0.13554078942971173, 0.0857035889276599, 0.2400440302782708, 0.14874331057504067, 0.0857035889276599, 0.0857035889276599]
[0.125, 0.125, 0.125, 0.125, 0.125, 0.125, 0.125, 0.125]
[0.09620050435408872, 0.09345660280555151, 0.27287000740704076, 0.09345660280555151, 0.16364643915878221, 0.09345663785788216, 0.09345660280555151, 0.09345660280555151]
[0.10763618243614972, 0.09318405064787567, 0.3149890986810586, 0.09318405064787567, 0.09916693821634066, 0.10547157807494845, 0.09318405064787567, 0.09318405064787567]
[0.125, 0.125, 0.125, 0.125, 0.125, 0.125, 0.125, 0.125]
[0.125, 0.125, 0.125, 0.125, 0.125, 0.125, 0.125, 0.125]

Action: 1
[0.09367951163378074, 0.09367951163378074, 0.09367951163378074, 0.09367951163378074, 0.19914350068244566, 0.2387794295148699, 0.09367951163378074, 0.09367951163378074]
[0.1111111111111111, 0.1111111111111111, 0.1111111111111111, 0.1111111111111111, 0.1111111111111111, 0.2222222222222222, 0.1111111111111111, 0.1111111111111111]
[0.0969388635403476, 0.09628708290471495, 0.09455190101730607, 0.09455190101730607, 0.22049504071303572, 0.20807140877267744, 0.09455190101730607, 0.09455190101730607]
[0.125, 0.125, 0.125, 0.125, 0.125, 0.125, 0.125, 0.125]
[0.18512828007156473, 0.09867487085442472, 0.09256414003578237, 0.09256414003578237, 0.14923041336827933, 0.19670987556260175, 0.09256414003578237, 0.09256414003578237]
[0.1168003961339019, 0.09024377912174998, 0.09024377912174998, 0.09024377912174998, 0.15566453638568703, 0.27631617187166124, 0.09024377912174998, 0.09024377912174998]
[0.125, 0.125, 0.125, 0.125, 0.125, 0.125, 0.125, 0.125]
[0.125, 0.125, 0.125, 0.125, 0.125, 0.125, 0.125, 0.125]

