Action: 0
[0.11075104863606151, 0.10267344273840433, 0.12369810751395043, 0.1026734412313864, 0.20554457264946024, 0.1493125047679643, 0.1026734412313864, 0.1026734412313864]
[0.11111431001405543, 0.10267662684000142, 0.25267230889778264, 0.10267662684000142, 0.12283024688815472, 0.10267662684000142, 0.10267662684000142, 0.10267662684000142]
[0.10521127675835527, 0.10518122003654953, 0.15314669168624315, 0.10515937841584745, 0.21031875683569262, 0.11066391943561718, 0.10515937841584745, 0.10515937841584745]
[0.125, 0.125, 0.125, 0.125, 0.125, 0.125, 0.125, 0.125]
[0.10564641237348808, 0.10559197594178543, 0.25863669485544183, 0.10559197546482882, 0.10571747462360026, 0.1076315158111978, 0.10559197546482882, 0.10559197546482882]
[0.20736799249173613, 0.10368399610666208, 0.12412209926041984, 0.10368399610666208, 0.1044510446621276, 0.149322879159068, 0.10368399610666208, 0.10368399610666208]
[0.125, 0.125, 0.125, 0.125, 0.125, 0.125, 0.125, 0.125]
[0.125, 0.125, 0.125, 0.125, 0.125, 0.125, 0.125, 0.125]

Action: 1
[0.14928435349831093, 0.20673351086863148, 0.10336675543431574, 0.10336675543431574, 0.12436527401335408, 0.10614983988244056, 0.10336675543431574, 0.10336675543431574]
[0.10398613021585182, 0.10398613021585182, 0.10398613021585182, 0.10398613021585182, 0.22518561837104734, 0.1508976003338417, 0.10398613021585182, 0.10398613021585182]
[0.10398370488092797, 0.10398990191274163, 0.10398370483919446, 0.10398370483919446, 0.12121604395444643, 0.25487552989510615, 0.10398370483919446, 0.10398370483919446]
[0.125, 0.125, 0.125, 0.125, 0.125, 0.125, 0.125, 0.125]
[0.2116495080946292, 0.10582475404745471, 0.1058247540473146, 0.1058247540473146, 0.15285990419574594, 0.10636681747291182, 0.1058247540473146, 0.1058247540473146]
[0.10566509280319686, 0.10566509280319686, 0.10566509280319686, 0.10566509280319686, 0.10735753085828656, 0.25865191232253226, 0.10566509280319686, 0.10566509280319686]
[0.125, 0.125, 0.125, 0.125, 0.125, 0.125, 0.125, 0.125]
[0.125, 0.125, 0.125, 0.125, 0.125, 0.125, 0.125, 0.125]

