Action: 0
[0.13349917074665704, 0.10095784732856446, 0.15491218135430876, 0.10095784732856446, 0.20679941125621182, 0.10095784732856446, 0.10095784732856446, 0.10095784732856446]
[0.10203494547859984, 0.10734801550012762, 0.21700886869704838, 0.10203494547859984, 0.16546838840982475, 0.10203494547859984, 0.10203494547859984, 0.10203494547859984]
[0.11605840342219577, 0.09988025960344708, 0.1298437260956153, 0.09988025960344457, 0.19976398941113854, 0.15481284265726972, 0.09988025960344457, 0.09988025960344457]
[0.125, 0.125, 0.125, 0.125, 0.125, 0.125, 0.125, 0.125]
[0.10177929012841425, 0.10168974159436495, 0.23470510162804437, 0.10168970274273635, 0.15506705557428485, 0.10168970284668266, 0.10168970274273635, 0.10168970274273635]
[0.10181946446544053, 0.10168592571557646, 0.2305116176079193, 0.10168592571557646, 0.1592392893486657, 0.10168592571566863, 0.10168592571557646, 0.10168592571557646]
[0.125, 0.125, 0.125, 0.125, 0.125, 0.125, 0.125, 0.125]
[0.125, 0.125, 0.125, 0.125, 0.125, 0.125, 0.125, 0.125]

Action: 1
[0.101713484275433, 0.10167945734993708, 0.10167945734993708, 0.10167945734993708, 0.13293118791234643, 0.25695804106253517, 0.10167945734993708, 0.10167945734993708]
[0.10181420568108683, 0.20362841136217366, 0.10181420568108683, 0.10181420568108683, 0.15580825624753653, 0.13149230398485556, 0.10181420568108683, 0.10181420568108683]
[0.10424859491166824, 0.10424859378318367, 0.10424859378318055, 0.10424859378318055, 0.10472293241355585, 0.26978550375887006, 0.10424859378318055, 0.10424859378318055]
[0.125, 0.125, 0.125, 0.125, 0.125, 0.125, 0.125, 0.125]
[0.1032684970340344, 0.10312442196260295, 0.10312442196127838, 0.10312442196127838, 0.21549823380360122, 0.16561115935464796, 0.10312442196127838, 0.10312442196127838]
[0.10281376180940215, 0.10281367050213538, 0.10281367050213538, 0.10281367050213538, 0.16504512825870907, 0.2180727574212119, 0.10281367050213538, 0.10281367050213538]
[0.125, 0.125, 0.125, 0.125, 0.125, 0.125, 0.125, 0.125]
[0.125, 0.125, 0.125, 0.125, 0.125, 0.125, 0.125, 0.125]

