0.125 0.125 0.125 0.125 0.125 0.125 0.125 0.125
0.099626400996264 0.07845579078455792 0.199252801992528 0.15691158156911583 0.08685378548392246 0.06839735606858895 0.17370757096784492 0.1367947121371779
0.0745303753200788 0.12421729220013136 0.1056354961590544 0.1490607506401576 0.0931629691500985 0.15527161525016417 0.11179556298011822 0.186325938300197
0.07450967669499871 0.12418279449166453 0.09799683982351215 0.14901935338999742 0.1010241357052516 0.15522849311458065 0.11176451504249807 0.18627419173749676
0.09369042676968474 0.1561507112828079 0.09187198504425848 0.14053564015452713 0.13283973343660024 0.19518838910350989 0.10540173011589533 0.08432138409271626
0.08769198837691987 0.1551473640514736 0.07644942576449425 0.13525667635256675 0.10523038605230385 0.18617683686176836 0.0917393109173931 0.1623080116230801
0.10772683005139176 0.08483487866547101 0.13848230441542259 0.10180185439856522 0.1538689172873099 0.12444265210654551 0.16159024507708764 0.12725231799820652
0.08589819144004333 0.15197372331699976 0.07488560279388394 0.1324899126353331 0.10307782972805202 0.2028241215706274 0.08986272335266071 0.15898789516239975
0.10720331582137498 0.0844226112093328 0.1376643482407271 0.10130713345119936 0.15639418147650594 0.12556951925479817 0.16080497373206248 0.12663391681399921
0.08506716501905758 0.150503445802948 0.0741611182217425 0.1312081322384675 0.10208059802286909 0.21053644014266334 0.088993341866091 0.157449758686161
0.10250530838634296 0.07470862867975983 0.20305235818921494 0.14941725735951966 0.09653688628282336 0.07810731638032699 0.1654110459983286 0.1302611987236838
0.06811436605119059 0.10337954089889659 0.07161041859097753 0.09304158680900694 0.1439022007658063 0.22221880909529987 0.1116499041708083 0.18608317361801388
0.10762163029286707 0.08687529192315775 0.13452703786608383 0.10859411490394719 0.1291459563514405 0.14149058533846665 0.1614324454393006 0.13031293788473663
0.13771537549066334 0.09822182108022554 0.1780146819410499 0.11786618529627066 0.1322597757499042 0.10268431228947776 0.1304827122530957 0.10275513589931287
0.10461911049277167 0.14574758962900938 0.09867931886609213 0.13117283066610844 0.1338407753690876 0.20885705357768453 0.09837962299958133 0.07870369839966507
0.06858309313024111 0.12133931861504198 0.08572886641280139 0.15167414826880246 0.09266122159550647 0.195129734359682 0.10287463969536169 0.18200897792256296
0.10233545329704259 0.07353041577316329 0.20915265497393135 0.14706083154632657 0.09529944922428223 0.08161193064384586 0.1628023857574311 0.12820687878397702
0.11742006085831956 0.08072641029458762 0.16652929399831423 0.09687169235350514 0.1509852140174964 0.11261312199858574 0.15376459103730974 0.1210896154418814
0.06974006521796364 0.12338626923178181 0.08717508152245454 0.15423283653972727 0.1008159121314692 0.17496033368198544 0.10461009782694547 0.1850794038476727
0.10195506638996105 0.07312777170124411 0.21277794400257644 0.14625554340248823 0.09705175449348956 0.07941618862118995 0.1619108986791892 0.12750483270986152
0.10041091143499174 0.1460391921388113 0.11047884480960389 0.13143527292493018 0.13089807065719838 0.20330008958580864 0.09857645469369763 0.07886116375495811
0.06813930633884152 0.12055415736871962 0.0851741329235519 0.15069269671089952 0.09936867884132679 0.19303083225531895 0.1022089595082623 0.1808312360530794
0.1010885040279073 0.07258807110133947 0.21368389856274445 0.14517614220267894 0.0962723502408659 0.08391126040519443 0.1607159571800109 0.12656381627925858
0.07951731214778801 0.11567517373503462 0.11930981359078043 0.1388102084820415 0.10366260828041278 0.16540446679985962 0.10410765636153116 0.1735127606025519
0.07675676337634228 0.11482867368532736 0.10255062387591785 0.13779440842239282 0.10410853922034861 0.1883721745748856 0.10334580631679463 0.17224301052799101
0.07597923996878164 0.11402794903092264 0.09912788287047285 0.13683353883710717 0.10352766978400048 0.19683664183450084 0.10262515412783038 0.17104192354638395
0.11247634992381061 0.07982238304618555 0.14607216238566365 0.09578685965542268 0.15448136587577996 0.13958467017017245 0.15204263437368679 0.11973357456927833
0.058998409140408464 0.10438180078687652 0.0514345105326638 0.09099951863471287 0.14781838385942928 0.2614993187111558 0.1028690210653276 0.18199903726942573
0.06634103117121971 0.11737259361061948 0.08292628896402464 0.14671574201327436 0.10155121390031938 0.20952269316778363 0.09951154675682958 0.17605889041592923
0.1000276475143344 0.0719034000215677 0.2132338548218868 0.1438068000431354 0.09721444534004288 0.08924378233240506 0.15920003911979172 0.12537003080683598
0.07878729150028155 0.1146373423160086 0.12009526219492522 0.13756481077921032 0.10437220726620787 0.1694134643849457 0.10317360808440774 0.17195601347401288
0.07614834613113675 0.11393356293262752 0.10293680512948218 0.13672027551915303 0.10540543361227868 0.19141502563701596 0.10254020663936478 0.17090034439894128
0.11210182694347753 0.07951311317425867 0.1476630798295209 0.0954157358091104 0.15650408427151807 0.13807894130737658 0.15145354890334983 0.119269669761388
0.08128815417907577 0.1438175035475956 0.07086659595098913 0.12537936206713465 0.12719360860650167 0.21595962602695482 0.08503991514118694 0.15045523448056153
0.09228803294747175 0.07449756876482659 0.1845760658949435 0.14899513752965318 0.10386514914552902 0.09556396263543893 0.16611845930544913 0.13409562377668785
0.1023901027669269 0.06954063397114062 0.24608115444054193 0.13908126794228123 0.09524618448772 0.07244163940507618 0.15396868083150386 0.12125033615480929
0.10092137302331791 0.14264659570233812 0.11920760241335558 0.1283819361321043 0.1305463878964394 0.2049804910541038 0.09628645209907824 0.07702916167926259
0.07883130710198419 0.1394707741035105 0.0767219922377719 0.12158990562870146 0.11922593684186632 0.2357825222096481 0.08246967512207576 0.14590788675444177
0.06622886898363729 0.11717415281720445 0.08899247184958678 0.14646769102150553 0.09923935725746985 0.20679292536933347 0.09934330347545593 0.17576122922580664
0.10091632141834421 0.07131639871694376 0.21651332532504114 0.14263279743388751 0.09682734487534424 0.08954690090623846 0.15790036997158077 0.12434654135261987
0.06956738397618369 0.0985640372351081 0.07940813848560982 0.0887076335115973 0.14472351487120674 0.23516486468318307 0.10644916021391675 0.1774152670231946
0.08273382417691574 0.13692271416144366 0.07278579381155971 0.11936852003818166 0.12134061075552084 0.24264331681075027 0.08096299619981015 0.14324222404581796
0.12726174206252938 0.09494030086141951 0.15762689644100084 0.1186753760767744 0.13303973798445384 0.12933392015047052 0.13231418795425443 0.10680783846909694
0.07885474620846038 0.1179401597630884 0.09630429490994595 0.1474251997038605 0.10243955397274232 0.18013306165030354 0.09999274414696625 0.17691023964463257
0.07722818535936433 0.11328029764323728 0.09920724394333982 0.13593635717188474 0.10483144086644926 0.1976437606719552 0.10195226787891357 0.1699204464648559
0.07559341028862758 0.12368354247244076 0.09799905972152473 0.13306762312011794 0.10348138483751991 0.20003973331953318 0.09980071734008848 0.16633452890014744
0.09281337391292827 0.15368968083705678 0.09027508509727661 0.1228284680725277 0.12736558711095916 0.24720937307133906 0.0921213510543958 0.07369708084351663
0.06223967774530252 0.09695740960383155 0.05211154990611621 0.0845269724751352 0.13955854013179966 0.299999675433044 0.09555222975450064 0.1690539449502704
0.09689425118913865 0.07163471070775188 0.18686781289633822 0.14326942141550375 0.10401026396237306 0.10864634742452135 0.15973471313041984 0.12894247927395336
0.10174661565376725 0.07342697968728595 0.24825778037562587 0.1368680137786185 0.09434074242224265 0.07452051806551091 0.15151851749199932 0.11932083252494946
0.06924020183204323 0.10509950225252415 0.08353444998685795 0.08796203865570222 0.1435695186267755 0.22911576494785005 0.10555444638684265 0.17592407731140444
0.08418200233648897 0.13523942645486112 0.07478287957631467 0.11790103844782764 0.11999663564693255 0.2464491105399164 0.07996766086026569 0.14148124613739316
0.09951092594924683 0.07151406426692 0.196583614393456 0.14302812853384 0.10028817443228852 0.10088408716949626 0.15946568957429624 0.128725315680456
0.1381153398716223 0.09925896563759488 0.20563142235517926 0.1110133440916236 0.12666808901670537 0.09963563960787136 0.12289633533952632 0.09678086407987699
0.07924510840479684 0.11661087520427554 0.11192041996161632 0.14576359400534444 0.10062740958046103 0.1720505380160764 0.09886574202101622 0.17491631280641332
0.13579643368715658 0.10497477330024464 0.18070191622817333 0.11260564197957434 0.1285147934339514 0.1145783456017948 0.12465907455614252 0.09816902121296224
0.07887792136697817 0.11641213905299073 0.10813837890177928 0.14551517381623846 0.10075495389369625 0.17698597606129524 0.09869724832753565 0.17461820857948612
0.07685467981691019 0.12417022059085729 0.10032074778718 0.13319087087135997 0.10304943796922719 0.1960323012217454 0.09989315315351999 0.16648858858919996
0.09373933762853012 0.15303087036560975 0.09076018634248041 0.12217599599165525 0.12671520168524578 0.24864081339774405 0.09163199699374144 0.07330559759499315
0.08583369178859847 0.13334149981837892 0.07621829560105407 0.11624643573909957 0.1153549496490448 0.25466399592864564 0.07884540858825884 0.1394957228869195
0.07225936178717672 0.11348387500135415 0.09089966761652593 0.1418548437516927 0.09678082413465186 0.21828102553150625 0.09621458967506114 0.17022581250203123
0.10139349936266857 0.07806302363012768 0.21591073081340234 0.13985544150424217 0.09519554848800156 0.09283077671697265 0.15482572278857906 0.121925256696006
0.08049068278295345 0.12080958396988739 0.12225506364521044 0.13420710540056674 0.10287472014076622 0.17094863325948217 0.10065532905042507 0.1677588817507084
0.0947882016411717 0.1533169333981497 0.09524233925136828 0.12277147081932428 0.1273053917620509 0.24083417752184733 0.09207860311449323 0.07366288249159458
0.08791213232428409 0.13319991590023716 0.0766940796250857 0.11612300360533498 0.11622055380088381 0.25174102101589285 0.07876168940187937 0.13934760432640197
0.07392060199415781 0.11325528800147006 0.0908205614488256 0.14156911000183758 0.09680305065482361 0.21772766824326012 0.09602078765342029 0.16988293200220508
0.07542057706775994 0.12251303629086985 0.09623124702900474 0.13170656707575773 0.10142158190519704 0.2092938564798954 0.09877992530681831 0.16463320884469715
0.07557540409495193 0.1234868525704472 0.09721845310310623 0.13160026660098764 0.10242991280853508 0.20648857761999642 0.09870019995074074 0.16450033325123453
0.0930422252708686 0.15212152057111727 0.08991499319691866 0.12147816154600491 0.1264444892237344 0.2530030921042495 0.09110862115950369 0.07288689692760295
0.08850454086714726 0.13237253694579842 0.07565002330379422 0.11540169887582427 0.11544066276288811 0.25587604196473873 0.07827245662881992 0.1384820386509891
0.11505289192957549 0.07918122886787786 0.13899674600626627 0.09897653608484731 0.14823142688108587 0.1536540583606081 0.14713526856792228 0.11877184330181677
0.10565171998231665 0.06963434388447205 0.2148763579740937 0.1392686877689441 0.10406228455663152 0.08589059316477403 0.15527419367671827 0.1253418189920497
0.10326955014440739 0.07213697337791816 0.25923485780048894 0.13463033721259737 0.0933761414775059 0.07094078486797409 0.14904131754915134 0.11737003756995669
0.09479977969253305 0.13982065416947248 0.10341045782009384 0.12189492927595039 0.11494847847252632 0.1961752247119867 0.08267656072629676 0.14627391513114044
0.08928529461441909 0.13342590055492273 0.11318146036519813 0.16678237569365342 0.08566534649129182 0.1767140147816291 0.08484146937459762 0.15010413812428805
0.07792322886516975 0.12562048030454648 0.10126809060786562 0.13261767662219054 0.10007949669828865 0.19725567365755792 0.09946325746664292 0.1657720957777382
0.07556797939112554 0.12973258058642265 0.09791434421074119 0.13091123653187806 0.1018583397507427 0.20219304646533376 0.09818342739890855 0.16363904566484758
0.0757370040913789 0.1301057418007324 0.09705431857170882 0.13055462756832978 0.10198656677876947 0.20345248605242117 0.09791597067624734 0.16319328446041223
0.09297427211544203 0.15974503010976487 0.08918096216983394 0.12015530894104308 0.1251949104118105 0.25053984918169747 0.0901164817057823 0.07209318536462585
0.08922234253890954 0.13201391947649874 0.07649874484133425 0.11508905800515278 0.1155426751027519 0.255465985869153 0.07806040456001664 0.13810686960618332
0.1033755007822085 0.07030863682023929 0.20035975242918774 0.14061727364047857 0.09928997693246852 0.10271554683624415 0.1567777662827425 0.1265555462764307
0.1041441165326752 0.07443186813971131 0.25425424513714623 0.13462466169016615 0.09267229771051345 0.07347268659866536 0.149035034512516 0.11736508967860637
0.08130154899986736 0.1234346452410762 0.12984465014765628 0.13311510804751878 0.1022440142442166 0.1638298172246274 0.09983633103563908 0.16639388505939845
0.07701365804396237 0.12988470712861275 0.10392824032664043 0.13139628993104407 0.10278177060033375 0.19220275410731835 0.09854721744828306 0.16424536241380508
0.06459286052165276 0.1106911159770017 0.06271526762683892 0.08328553076452466 0.13924368437246684 0.27295784229103603 0.09994263691742959 0.16657106152904932
0.07182060885155797 0.11187981975335956 0.08946385329075919 0.13984977469169949 0.10034963446943235 0.22396194952226034 0.0948546297908918 0.16781972963003933
0.10145130888860782 0.0810461276663827 0.21473557401603383 0.13866547008989988 0.09582211654692435 0.09388318155605323 0.15350837551669824 0.1208878457193999
0.08082579514455636 0.12443303028883032 0.12201640441426019 0.13305034435064056 0.10286594663370824 0.1707077904667231 0.09978775826298043 0.1663129304383007
0.07685045518973173 0.12988620651108976 0.10237953932677053 0.13122424851283707 0.10292076095315476 0.19429029248074203 0.0984181863846278 0.1640303106410463
0.09332743747793637 0.15998245275940448 0.09043907925885121 0.12036382519598911 0.12594918569738106 0.24744685559585253 0.09027286889699183 0.07221829511759348
0.07580807573691886 0.11206772947350714 0.09427785875959217 0.14008466184188395 0.09825271983311758 0.21639341559109393 0.09501394455362563 0.16810159421026072
0.11321142475954633 0.08980378375003265 0.14421466281107334 0.0921681518412525 0.15165549481172966 0.14743763850852618 0.14629865371627382 0.11521018980156562
0.07978570780890741 0.11403914140253935 0.10497942420455311 0.14254892675317418 0.10449689632131029 0.18640583239051015 0.09668535901519641 0.17105871210380902
0.13801243855110226 0.10826146207284552 0.1771061101191854 0.11085679363873807 0.1287578240022443 0.11763795986515417 0.12272302755285612 0.0966443841978742
0.1247003644390192 0.07803794248544012 0.1657990049900363 0.09754742810680014 0.15114341385799587 0.12070412881885724 0.14501080357369095 0.11705691372816017
0.1069680066448166 0.06840162073153237 0.22859020358720036 0.13680324146306475 0.10374635474525933 0.07984225047717534 0.15252540503419304 0.12312291731675826
0.09890239130703007 0.14609484840513792 0.14913733675027477 0.15885691132190985 0.08713542780406063 0.13828805938820468 0.08309438438376825 0.13849064063961372
0.08088872536603149 0.133662930495142 0.10784721245231066 0.13130069969631117 0.0998961456847528 0.1838028869128297 0.09847552477223338 0.16412587462038894
0.0776970396354227 0.13089593203202027 0.09925691983854716 0.13064659056677647 0.10195265510412613 0.19825768168955438 0.09798494292508236 0.16330823820847057
0.07700043847487081 0.13008955965902466 0.09733567557640478 0.1302728844818068 0.102119582886386 0.20263608995789312 0.09770466336135511 0.16284110560225848
0.09428586270920197 0.1593514260375002 0.08917390544605444 0.11979339969914085 0.12526181263928662 0.2504125038749758 0.08984504977435565 0.07187603981948451
0.08917655704749226 0.1315457366040321 0.07759144456365953 0.11468089857787414 0.11600631306634725 0.2555984058551964 0.07778356599194942 0.13761707829344896
0.10294356992637997 0.06997657976666218 0.20293277235429433 0.13995315953332435 0.09958765723985694 0.10261108898547067 0.15603732861401984 0.12595784357999193
0.10556517248384371 0.07408927303007655 0.25528871143862697 0.13400731906552527 0.09254922841957328 0.07332179116814032 0.14835161084990992 0.11682689354430406
0.08284152034221359 0.12305346826951342 0.1302087796165638 0.1327068211194471 0.10216152222860722 0.16361424618476075 0.0995301158395853 0.16588352639930884
0.07824904758901176 0.12956705632641285 0.10399538873918017 0.13106665799414452 0.10276661662915608 0.19222191673380568 0.09829999349560842 0.16383332249268065
0.09498891620046705 0.1596316551003034 0.09062946484303533 0.12008639698587109 0.1257259699261038 0.24682096101329334 0.09006479773940333 0.07205183819152267
0.07588238490500904 0.11178739449720405 0.09529969013132181 0.13973424312150506 0.09867773966716263 0.21616118668436177 0.09477626924762951 0.16768109174580603
0.07678427031607736 0.12673483431395416 0.09646277172049668 0.1300583217186997 0.10129936361037893 0.20854379488299374 0.09754374128902477 0.16257290214837458
0.06514149944611647 0.10940230222988934 0.06141304475749846 0.08257812634603315 0.13798629104696888 0.27922873186618763 0.09909375161523976 0.1651562526920663
0.0841012426269584 0.13080968549373895 0.07346012600638309 0.11403921299454167 0.11800634930492505 0.26538799220979187 0.07734833577021084 0.13684705559344998
0.13314271745255774 0.09129914445212928 0.16495672499814557 0.11412393056516161 0.13047302334140193 0.13605325581303948 0.127239665868919 0.10271153750864544
0.10789351602474571 0.06795992465683717 0.2330927304832856 0.13591984931367435 0.09946282163893397 0.08180280478780637 0.15154048871241005 0.1223278643823069
0.14369715598322572 0.09926567962605673 0.21649156155179153 0.10797758466014466 0.12438961163037368 0.09450847711510577 0.1195356248577914 0.09413430457551074
0.07358806576711109 0.09975502989640123 0.0744585909340849 0.08696592349942671 0.14652275879745788 0.24646847928122592 0.09830930482543888 0.17393184699885342
0.07312321718232957 0.11199033266980864 0.09303761178505851 0.13998791583726078 0.10256103321113383 0.21636606478529288 0.09494832552440298 0.16798549900471293
0.09243890454454379 0.1531935110909251 0.11604284989207062 0.15716676946046362 0.08604146014447153 0.17588901105600702 0.08221031017931944 0.13701718363219906
0.0981607920967801 0.16456464513854446 0.09287815455957782 0.12013645052758494 0.12167741825752096 0.24039833120775211 0.09010233789568872 0.07208187031655097
0.11657181765554146 0.0779205050890279 0.1472058842665518 0.09740063136128488 0.1499255385909289 0.14930228505112358 0.14479258035199963 0.11688075763354183
0.10527052960969532 0.06814727509274077 0.22780614623942583 0.13629455018548153 0.1037601739436144 0.08409797754038531 0.1519582522217234 0.12266509516693337
0.12087078876422228 0.08357846609126926 0.18073366508125646 0.0908871379325593 0.15144419255958763 0.11461152884975605 0.1442652983056497 0.11360892241569912
0.09599578002136425 0.1351749178502165 0.0955521372878729 0.11784480017711182 0.1255945654285498 0.20849452238048316 0.07992951664186715 0.14141376021253418
0.13562280927386303 0.09111752027833839 0.17316914473649908 0.11389690034792299 0.13257712328227686 0.12412274764871747 0.12698654411925145 0.10250721031313068
0.12324115667684937 0.07726338830418714 0.16987999374302634 0.0965792353802339 0.1522167097819862 0.12135291359965575 0.14357152005778057 0.11589508245628069
0.08099279530884958 0.11358054297041713 0.11333733460778325 0.1419756787130214 0.10594790865447982 0.1774983779888173 0.09629654730100583 0.17037081445562569
0.10448850275011506 0.08048152977297293 0.22334439874576256 0.1373665032467626 0.09611383074557699 0.0863794558272267 0.15207036582466188 0.11975541308692124
0.0833281243023664 0.12404084384131926 0.12382050170412276 0.1326447312543636 0.10283551763836248 0.16804081875073834 0.09948354844077269 0.16580591406795447
0.07879323993226385 0.12955781641931716 0.10267755861139334 0.13086697153321525 0.10280965528783562 0.19356081514954412 0.09815022864991145 0.16358371441651906
0.09541358238223159 0.15946228835318996 0.09034327818122308 0.11993975697636522 0.12565469550520533 0.2472677266836916 0.08995481773227391 0.07196385418581913
0.07580029833749848 0.11152918366214551 0.09606957379453859 0.13941147957768188 0.09906974446972813 0.2162685932994572 0.09455735136573208 0.16729377549321828
0.10382412273783638 0.08060967126843283 0.2169306810475404 0.13789568662939172 0.09523559418290185 0.09263129810536512 0.15265619358239538 0.12021675244613637
0.12094731608072352 0.08519707017003679 0.17820312758937176 0.09109431552348121 0.14920367459406522 0.11689245001339645 0.14459415162457334 0.11386789440435151
0.0959504575543176 0.1350881142247234 0.09534763395689187 0.11776912522155374 0.1253169655110604 0.2093265639848826 0.079878189280706 0.14132295026586447
0.07672853215336467 0.11297963571191318 0.09810306901377394 0.14122454463989148 0.10012517999557259 0.2055825024662097 0.09578708245140466 0.16946945356786974
0.11561382461912811 0.08968981748081582 0.1451735500699363 0.09190650782942586 0.1519545226029884 0.14489529684992977 0.14588334576099343 0.11488313478678232
0.07975982744368129 0.11335013050276277 0.10824847916739135 0.14168766312845346 0.10577282192335744 0.18505468448004125 0.09610119760016844 0.17002519575414415
0.07823786432278594 0.12763536106227194 0.09954436577282491 0.13073486780243018 0.10327508224803798 0.19910272318678873 0.09805115085182263 0.1634185847530377
0.09533345255331947 0.15881875689400363 0.0896707835661736 0.1197335978349097 0.12557349450862285 0.24922955756584275 0.08980019837618228 0.0718401587009458
0.07574047109077083 0.11144559329516397 0.09587944390637486 0.13930699161895496 0.09911413026268795 0.21685849861131476 0.09448648127198685 0.16716838994274594
0.13882338995628504 0.10758475744627868 0.173726676769007 0.11042942090759596 0.1271332089969653 0.12378083470989501 0.12224990837145339 0.09627180284251956
0.09881939360778691 0.13508116934581355 0.09459190373621734 0.11776307071173488 0.12049340186914732 0.21206129313160657 0.07987408274361148 0.14131568485408186
0.10401205475923997 0.06952786302351323 0.21140502088260626 0.13905572604702646 0.10049186285212634 0.09532056174371789 0.15503675724944593 0.12515015344232383
0.1065247726453021 0.07368213817429564 0.2583861875728417 0.1333115802784752 0.09232672328420873 0.07196684659434904 0.1475813994128826 0.11622035203764505
0.07966168008406681 0.11517049369865717 0.13220765258696657 0.1439631171233215 0.09585185507142199 0.16274491188219695 0.09764454900538327 0.17275574054798576
0.1396113252304183 0.10780404186733508 0.18587451972548066 0.11019737313327782 0.12592460040465897 0.11252561290948572 0.12199302194648581 0.09606950478285758
0.09919613204869887 0.1354065826245927 0.09700128045825149 0.1180467643393885 0.12058676763741161 0.20803985465419664 0.08006650103019394 0.1416561172072662
0.07718435242093571 0.11301014420064578 0.09857132795772951 0.14126268025080724 0.09942022114475475 0.2052231093801325 0.09581294834402578 0.16951521630096866
0.10431163797485882 0.08073309526561559 0.2180879919432325 0.13787015890259377 0.09525838038500181 0.09091630468441139 0.15262793333946076 0.12019449750482535
0.10365471612411709 0.15395826446805522 0.11445217067984781 0.12343177955505089 0.12738878698496764 0.2104813797886426 0.09257383466628817 0.07405906773303055
0.07793087877709183 0.11210369424801872 0.10135566601033258 0.1401296178100234 0.10015041078870784 0.20512975456612936 0.09504443642766806 0.1681555413720281
0.07770091499613031 0.1269258999626386 0.09788118537790295 0.1301836166646457 0.10174169209747329 0.20519945757191785 0.09763771249848427 0.16272952083080713
0.09509622337948685 0.15840101821147473 0.08927313676765765 0.1195113522774168 0.12499280192819913 0.2513851418612522 0.0896335142080626 0.07170681136645009
0.08964093627837733 0.13092527620519115 0.07861555113603094 0.1141399843840128 0.11650537624920054 0.25578820942591113 0.07741668506046084 0.13696798126081536
0.13483923487259655 0.0908546646944832 0.16760767703512228 0.11356833086810399 0.13057551624043498 0.13372286483860168 0.1266202136693637 0.1022114977812936
0.12489209072396215 0.07699302260108845 0.16821028978579713 0.09624127825136057 0.15180188618287485 0.12330277446618712 0.14306912408709718 0.11548953390163268
0.12306263366507071 0.07680107435087742 0.1680406030905722 0.09600134293859677 0.15754470687165972 0.12063558342729168 0.1427124441296155 0.11520161152631613
0.10788142489963894 0.06728977771946065 0.23556466268226606 0.1345795554389213 0.10463216316164611 0.07888465513904623 0.15004616106399138 0.12112159989502917
0.10386164706633111 0.06682845319251136 0.2606661128814902 0.13365690638502273 0.09378631096582597 0.07189187753899667 0.14901747622330144 0.12029121574652044
0.10239491191755905 0.06637024275484546 0.26947380852498826 0.13274048550969092 0.09118021939189112 0.07037815960537937 0.14799573533692403 0.11946643695872182
0.11878963030175428 0.07719330076656225 0.19879198733903325 0.0964916259582028 0.14069019856927273 0.10881202314761489 0.14344128276771642 0.11578995114984336
0.08244678752604202 0.11329631322276305 0.11962723305731711 0.14162039152845382 0.10393692738856614 0.17307230753645772 0.09605556990625563 0.16994446983414455
0.10477819964125527 0.08024498912208537 0.2258509946861959 0.13699254300729993 0.09551212645652493 0.08553537415155837 0.15165637646717775 0.11942939646790252
0.12131978248809067 0.08500028903887384 0.18075001340444402 0.0909129608704837 0.1490525310182393 0.11501693499575805 0.14430628709600588 0.11364120108810462
0.07184820374474074 0.09827042589993157 0.07018839679750324 0.0856716533486583 0.15258897974520044 0.2532428169377311 0.09684621682891807 0.1713433066973166
0.07378834183860604 0.11129512469622486 0.09229058141000414 0.13911890587028108 0.1042265708062719 0.2179788782657363 0.09435891006853848 0.1669426870443373
0.10175192436302154 0.06993889974279141 0.21213283046371711 0.13987779948558282 0.09788827115628401 0.09656694746690643 0.15595330778467217 0.12589001953702453
0.08310756949204168 0.12228233859560439 0.12177768411249985 0.13267806061026607 0.10321871267991352 0.17157951328914223 0.09950854545769958 0.1658475757628326
0.09705734282189377 0.15892218814579945 0.09442786211560086 0.1206511721806527 0.12652037481844858 0.23954197747372352 0.09048837913548953 0.07239070330839162
0.07768745655774043 0.11135280041889305 0.09714907833250895 0.1391910005236163 0.09944000872477521 0.21374264576332594 0.09440780905080064 0.16702920062833956
0.07752074803287767 0.126570336002711 0.09689860377236388 0.12992672024018007 0.1014286893873072 0.20780146208420003 0.09744504018013504 0.16240840030022505
0.07745230194850382 0.12896673788642182 0.0967766899052497 0.12978913840809755 0.1017575102220355 0.2056793448134965 0.09734185380607317 0.16223642301012192
0.07746327066748267 0.12939752899315504 0.09677994727636255 0.12982949133636354 0.10185274375446948 0.20501803529943963 0.09737211850227266 0.1622868641704544
0.0950478656364395 0.15885472989938249 0.0890604351330137 0.11947508857258003 0.12499719997210952 0.25127331121349183 0.08960631642943502 0.07168505314354802
0.09082723476671921 0.13067773158802373 0.07866763372806301 0.11392417625622582 0.1163907015151251 0.25553319978632333 0.0772703108520488 0.13670901150747097
0.07676900054873192 0.11149213272774308 0.09410755703978341 0.13936516590967887 0.09754365338195801 0.2189583526834904 0.09452593861699958 0.1672381990916146
0.10429701878892822 0.0806088736587768 0.2163058722408752 0.1378881488725059 0.09497034992656898 0.09307170646833858 0.15264784897566788 0.12021018106833845
0.08346347831294713 0.12390621019684735 0.12252956885242113 0.13247105454740607 0.102502264534128 0.17018531446143823 0.09935329091055457 0.16558881818425758
0.09717273370582649 0.15927882605370883 0.09458972924413306 0.12066979635366215 0.1263665698951772 0.23901811967004827 0.09050234726524663 0.07240187781219729
0.09149850315620325 0.13112173046961736 0.07980858213476562 0.1143112522042818 0.11706643970693817 0.2514871403618905 0.07753284932116504 0.13717350264513814
0.10484984538632436 0.06939072065569198 0.2058639245294166 0.13878144131138395 0.09991687094581642 0.10156294975290647 0.15473095023821462 0.12490329718024556
0.10684458230185223 0.07373654458866102 0.25667519849405446 0.1334269535301641 0.09233299114193978 0.07295367375136368 0.14770912234515515 0.11632093384680971
0.07192664686579414 0.1013499570971835 0.08158036050457894 0.08835637285395484 0.14080887857129226 0.2393839212600333 0.09988111713925331 0.17671274570790968
0.10085791551481352 0.06944091195912913 0.2067674898018468 0.13888182391825826 0.10452425252015582 0.0996910954057239 0.15484286935364017 0.12499364152643243
0.14356835185071318 0.09987584265588424 0.20891580690321798 0.10842904278577895 0.12620905416673112 0.09843861062242942 0.12003540756097628 0.09452788345426882
0.07547379284079062 0.09901506570175415 0.0743582934707673 0.08632082650922157 0.14749827495823223 0.2471120287512361 0.09758006474955482 0.17264165301844314
0.1136437010718295 0.07764056755943269 0.14244395197046894 0.09705070944929084 0.15788369546855316 0.15060412521367336 0.14427239792760252 0.11646085133914902
0.08117970228228996 0.11265109706686265 0.10792873811951598 0.1408138713335783 0.10667604805665866 0.18626535872324293 0.09550853881755746 0.16897664560029393
0.07850445803741189 0.12740544845124807 0.09949204549936971 0.13059277794327923 0.10339918190941046 0.19942053227272236 0.09794458345745945 0.16324097242909905
0.06597826433147548 0.10972952131283925 0.06202054142026159 0.08274266181713986 0.1389259297015054 0.27582656360193086 0.09929119418056784 0.16548532363427973
0.07271096824661137 0.11102806312072243 0.09052948030387682 0.13878507890090303 0.10139657249283583 0.22487525395596308 0.0941324882980038 0.1665420946810836
0.1145950708266102 0.07893103107520363 0.14926098538085336 0.09866378884400455 0.14651952115348202 0.1469627073180428 0.14667034878899782 0.11839654661280545
0.10710173439822729 0.06772170404282223 0.230245930202553 0.13544340808564445 0.10320350332579904 0.08337536036940166 0.15100929229847224 0.12189906727708
0.10400628974046858 0.06685101720619506 0.2598503487842403 0.13370203441239012 0.09359494596918964 0.07259574231031238 0.14906779060605285 0.1203318309711511
0.09328888114552523 0.1321481492087996 0.1534680318981249 0.16518518651099953 0.08284471036890953 0.1403693868260594 0.08402898618168236 0.14866666785989954
0.11961694104990757 0.09173794136853972 0.16113876690964735 0.09171987250589296 0.14646027503916612 0.129089263278777 0.1455870992157031 0.11464984063236619
0.09670758206630878 0.14522712652785963 0.09182176154885706 0.11543676385954281 0.12313212454407454 0.21085428498673778 0.07829623983516816 0.13852411663145137
0.10479321100624717 0.07892782043065717 0.2088912352473642 0.13694504778513839 0.1000756231028965 0.09443301092032826 0.15268350850074386 0.12325054300662457
0.10674681518530782 0.07460215873582887 0.2576829625847276 0.13323968607132816 0.09224477781493451 0.07182411500111797 0.14750180957021267 0.1161576750365425
0.08079720364457423 0.12248746578328831 0.13204778982500967 0.14205100946615534 0.09489489065417625 0.16091278806427825 0.09634764120313145 0.1704612113593864
0.07882149148734947 0.12963367248529017 0.1046895068295106 0.1312531888383321 0.10146014225417498 0.1916356204286784 0.09843989162874908 0.16406648604791513
0.07793596243021211 0.12987738967281381 0.09861985633699374 0.13022968787816167 0.10208199347016682 0.20079573445532875 0.09767226590862126 0.16278710984770206
0.07460208694833308 0.1329722435623663 0.09783714480794686 0.13884332114354464 0.09460822084045198 0.20035300559296015 0.09417199173214331 0.16661198537225355
0.07723981425340999 0.13040755909318374 0.09725821560864786 0.13025892768658576 0.10066426142250683 0.20365336656249453 0.09769419576493933 0.1628236596082322
0.07749851693537733 0.12970370628209035 0.09694337880559967 0.12990988363398268 0.1016867181819446 0.20443802889304008 0.097432412725487 0.16238735454247832
0.07448256604355726 0.13284841927484461 0.09743967404369569 0.13873704640550533 0.09446757911253911 0.20144034969734362 0.09409990973590794 0.16648445568660636
0.10382165878931339 0.08283105030241773 0.2177640219279029 0.13791333389088578 0.09436558738209519 0.09039648064288097 0.152675729826296 0.12023213723820812
0.08345474672984779 0.12432717111052997 0.1228962926150933 0.13252510692552677 0.10241699714784246 0.16932947162010617 0.09939383019414508 0.16565638365690843
0.07899921056824293 0.12951184737526528 0.10258513882880226 0.130754215935955 0.10267775812023766 0.19396339729958698 0.09806566195196627 0.16344276991994375
0.09519378475988824 0.1635243358363726 0.0899548520199848 0.119154268245023 0.12496930074513557 0.2463451962628148 0.08936570118376724 0.07149256094701378
0.07531354780725086 0.13527283244087324 0.0937534920248925 0.13462886643090421 0.09664222211360185 0.21152090745138774 0.0913134920140046 0.16155463971708503
0.10367531195232035 0.08552572371408136 0.2155348141024554 0.1372977750993746 0.09451065439929951 0.0917659435516958 0.1519942809402926 0.11969549624048043
0.07220071107964944 0.11031565817676992 0.07952017721799477 0.08595613051032697 0.14184548576235848 0.23510221961985414 0.10314735661239234 0.17191226102065393
0.08518667008345986 0.1539462566136068 0.07583537715197532 0.11161220517807506 0.11819392038312593 0.24558873303789444 0.07570219133817263 0.13393464621369006
0.10208009498184892 0.08744309312412772 0.2013791684882346 0.13609821987134046 0.0988991210577829 0.09987254601948702 0.1517393585729721 0.1224883978842064
0.1062522857360371 0.07718602968959236 0.25483987253306006 0.13325868398336224 0.09209573004544604 0.07267031965389122 0.14752284103978236 0.11617423731882863
0.08023239096749983 0.12862991854011846 0.13087201774166363 0.14099156231973428 0.09428219238328646 0.16017298360367463 0.09562905966034152 0.16918987478368114
0.10386432487953537 0.08396895157677031 0.22979448613640363 0.1362508672466299 0.0932500335268027 0.08325321837862208 0.15083531091202007 0.11878280734321581
0.08327597610919771 0.12686825145503627 0.12511897083503487 0.13210793550553593 0.10195156838975486 0.16646142669436856 0.09908095162915195 0.1651349193819199
0.09675842476419425 0.16409324917946325 0.09470804708871951 0.12005854569386172 0.1257111082021566 0.23659158838489142 0.0900439092703963 0.07203512741631703
0.0753040064879768 0.14019665725372707 0.09438632088635751 0.1340492372689693 0.0964930955954109 0.20779124555019002 0.09092035223460529 0.16085908472276317
0.10364090209545358 0.08611357646971764 0.2157606169148488 0.13725264734972303 0.09445513673456267 0.09117664366957569 0.15194432266636004 0.11965615409975854
0.07220755296480626 0.11043537597868672 0.07956995779957866 0.08596994838975218 0.14185576357349464 0.2348575664464745 0.1031639380677026 0.17193989677950436
0.061633288288592096 0.11140017565405332 0.054876512477654335 0.08075140565307286 0.14252629566170588 0.29602531326399767 0.09128419769477801 0.16150281130614572
0.09781439356414304 0.08263318841750586 0.19361715440322297 0.13700634463436207 0.10433768991856253 0.10853366897804119 0.1527518499132365 0.12330571017092586
0.10560860183043237 0.07679707824997437 0.2521703482237393 0.13359941409462905 0.09333569379685469 0.07411753644251162 0.1479000432793614 0.11647128408249713
0.09564326665019024 0.15343581153735406 0.1085049094578936 0.1173721207834904 0.11281895568744153 0.1917694742381176 0.07960891670532391 0.14084654494018845
0.1350181594933321 0.11313585141117373 0.17442259379789868 0.11026597515653005 0.12669522566383526 0.11828448334093819 0.12293833349541484 0.09923937764087705
0.14343069229739747 0.10495161183254009 0.1945109518313562 0.10848009110808081 0.12822574747704393 0.10182161739998584 0.1209472060563229 0.09763208199727272
0.08500243662663692 0.13219867559517018 0.1172906667422687 0.13831380267678067 0.09982161039302774 0.16758340467755392 0.09381284007642517 0.1659765632121368
0.1051436012327498 0.08461076876731767 0.22446543709111877 0.13652161939785265 0.09452683011785655 0.08457785103968164 0.15113504467324348 0.11901884768017923
0.1036441669859759 0.15766011063437668 0.11550542092886182 0.12300916035701204 0.12689744213736695 0.20722133247444036 0.09225687026775904 0.07380549621420722
0.090212408057404 0.1638178819083697 0.08100869862715317 0.11029497806766285 0.11406140653682623 0.23344188538853908 0.07480876773284958 0.13235397368119542
0.10309270522891 0.088512717366504 0.20324445872166505 0.13581365347437374 0.09790228609945892 0.09777980270549946 0.15142208827665252 0.12223228812693639
0.10639592647186653 0.07726252273281624 0.2554995274989744 0.13316427564533953 0.09185104829057765 0.07231643961779616 0.14741832712874378 0.11609193261388573
0.09597676435250545 0.15355847708065118 0.109106810041629 0.11736886426599687 0.1124883034285075 0.1910514357745769 0.07960670793693699 0.14084263711919623
0.088710108941228 0.1625605795296289 0.11447675492988668 0.15839961281068046 0.08299013234727289 0.16972596556886632 0.08057719434282443 0.14255965152961242
0.09519277831849406 0.16805076877710642 0.1203599527332605 0.15568869162443488 0.08205604336941412 0.16148600044987307 0.08143716177278133 0.13572860295463554
0.08038891551574445 0.14112238944503327 0.10145507800631043 0.12967336575259508 0.09784144151686461 0.19017207825826202 0.09725502431444633 0.16209170719074384
0.09547311517259337 0.1662984079440376 0.08975207906965256 0.11914125944226152 0.12375198865326065 0.2447424494711414 0.08935594458169614 0.0714847556653569
0.08792166732588871 0.16413877236574445 0.07604185262511552 0.10908556891569608 0.1121851403609054 0.24573584287803812 0.07398847282977647 0.1309026826988353
0.11506096319831448 0.09918383312642005 0.14076691243535605 0.0950448789364118 0.14566083895237733 0.14893812247717814 0.14129059615024797 0.11405385472369414
0.12110659593513627 0.08966521753739994 0.15962353506835536 0.09475285152262325 0.1546723040034246 0.12561959632004294 0.14085647778586977 0.11370342182714788
0.10753821856298199 0.0774444838287075 0.23189367221191648 0.1328894128682225 0.10342984569977985 0.07904211701928662 0.1481617782277048 0.11960047158140026
0.12002494686268093 0.08716831800721145 0.18750720475213437 0.09550969291017761 0.1432232909678288 0.10997334166665378 0.14198157334109984 0.11461163149221312
0.12192264349022801 0.0876453409427523 0.1730069613059176 0.09437776722035687 0.15338724658567457 0.11610783001232092 0.14029888977832156 0.11325332066442825
0.10736464140968163 0.07689233370907637 0.2366372645259406 0.13235185654132628 0.10279040093134478 0.07728438895607743 0.14756244303935925 0.11911667088719363
0.08082075321813516 0.12849076995248487 0.12719864419726604 0.14089891002921465 0.09629213382597052 0.16165387950466453 0.09556621723720647 0.16907869203505757
0.10409377501510586 0.08402404441339067 0.22841360809477645 0.13636476567780956 0.0937133743286168 0.08354692790151373 0.15096140115736342 0.1188821034114237
0.08332664224437832 0.12687963909947847 0.1248511758092183 0.132109526853746 0.10205050669280248 0.16656345559288444 0.09908214514030951 0.1651369085671825
0.09677594565282566 0.1640874965605171 0.094659403175211 0.12005167531831096 0.12573230297730695 0.23662341463610856 0.09003875648873323 0.07203100519098657
0.07571466542240772 0.14013782028700206 0.09435374902904659 0.13396395712828868 0.09645967590152475 0.2077508736255533 0.09086251005223059 0.1607567485539464
0.10373538095183966 0.08610018511693608 0.21573940515440296 0.13723994751924412 0.09444399657139498 0.09116573880154029 0.15193026343196742 0.11964508245267436
0.08320917473942721 0.12721489629256125 0.12221950473605454 0.13204479328464638 0.10213303195363693 0.16908901242438096 0.09903359496348481 0.16505599160580797
