Action: 0
[0.09672024721543479, 0.0954278801473601, 0.31197335585734987, 0.09542787999607541, 0.11416691521606734, 0.09542796157556162, 0.09542787999607541, 0.09542787999607541]
[0.18076798538645888, 0.0927978672945138, 0.1649963542457798, 0.0927978672945138, 0.19024632389519225, 0.0927978672945138, 0.0927978672945138, 0.0927978672945138]
[0.11160637363709616, 0.09263566347346355, 0.3004749327487823, 0.09192201094210008, 0.12750288471573848, 0.09201411259861922, 0.09192201094210008, 0.09192201094210008]
[0.125, 0.125, 0.125, 0.125, 0.125, 0.125, 0.125, 0.125]
[0.09468667403875344, 0.0943007764603264, 0.29796661597252233, 0.0943007764603264, 0.1358428218675681, 0.09430078227985052, 0.0943007764603264, 0.0943007764603264]
[0.10546628329216685, 0.09436988158957554, 0.21716523077875463, 0.09436987721555593, 0.20545971044500824, 0.09442926224782704, 0.09436987721555593, 0.09436987721555593]
[0.125, 0.125, 0.125, 0.125, 0.125, 0.125, 0.125, 0.125]
[0.125, 0.125, 0.125, 0.125, 0.125, 0.125, 0.125, 0.125]

Action: 1
[0.09782497516246765, 0.09782497516246765, 0.09782497516246765, 0.09782497516246765, 0.1956499503249353, 0.21740019870025876, 0.09782497516246765, 0.09782497516246765]
[0.10196178561201524, 0.184305715103878, 0.10196178561201524, 0.10196178561201524, 0.2039235712240305, 0.10196178561201524, 0.10196178561201524, 0.10196178561201524]
[0.09728870573766314, 0.11187892179076438, 0.09089622814811185, 0.09089622814811185, 0.13446246874329318, 0.2927849911358319, 0.09089622814811185, 0.09089622814811185]
[0.125, 0.125, 0.125, 0.125, 0.125, 0.125, 0.125, 0.125]
[0.16227829325612317, 0.09067975274689184, 0.09067975274689184, 0.09067975274689184, 0.11697819167965072, 0.2673447513297669, 0.09067975274689184, 0.09067975274689184]
[0.09337789723370629, 0.09337789723370629, 0.09337789723370629, 0.09337789723370629, 0.19270354427372238, 0.2470290723240398, 0.09337789723370629, 0.09337789723370629]
[0.125, 0.125, 0.125, 0.125, 0.125, 0.125, 0.125, 0.125]
[0.125, 0.125, 0.125, 0.125, 0.125, 0.125, 0.125, 0.125]

