Action: 0
[0.1349095084081061, 0.09400506758878298, 0.28380118846638164, 0.09400506734244818, 0.09580745301701737, 0.10946158049236733, 0.09400506734244818, 0.09400506734244818]
[0.15145307738085517, 0.09317187596715036, 0.22374274139120093, 0.09317187596715036, 0.15894480139219205, 0.09317187596715036, 0.09317187596715036, 0.09317187596715036]
[0.11086608081845317, 0.09268260827631847, 0.25037087483312964, 0.09268260822497572, 0.17015509713931845, 0.09787751425785307, 0.09268260822497572, 0.09268260822497572]
[0.125, 0.125, 0.125, 0.125, 0.125, 0.125, 0.125, 0.125]
[0.10907805605602973, 0.09761563369001665, 0.3007838022536874, 0.0976156336899767, 0.10205997323921671, 0.09761563369111945, 0.0976156336899767, 0.0976156336899767]
[0.12907702092949863, 0.09189141831965374, 0.2834146166012143, 0.09189141831965374, 0.10914379175599459, 0.11079889743467757, 0.09189141831965374, 0.09189141831965374]
[0.125, 0.125, 0.125, 0.125, 0.125, 0.125, 0.125, 0.125]
[0.125, 0.125, 0.125, 0.125, 0.125, 0.125, 0.125, 0.125]

Action: 1
[0.09993302598173767, 0.0972565463720832, 0.09549519161707196, 0.09549519161707196, 0.13326687281047317, 0.2875627883674182, 0.09549519161707196, 0.09549519161707196]
[0.1111111111111111, 0.1111111111111111, 0.1111111111111111, 0.1111111111111111, 0.1111111111111111, 0.2222222222222222, 0.1111111111111111, 0.1111111111111111]
[0.1174633787346217, 0.09681021437620689, 0.0967949666924995, 0.0967949666924995, 0.10086474080191714, 0.2976817993172562, 0.0967949666924995, 0.0967949666924995]
[0.125, 0.125, 0.125, 0.125, 0.125, 0.125, 0.125, 0.125]
[0.09348560688338124, 0.11893023098906473, 0.09348560688338124, 0.09348560688338124, 0.15773336817062666, 0.2559083664234024, 0.09348560688338124, 0.09348560688338124]
[0.09564095309253745, 0.09564095309253745, 0.09564095309253745, 0.09564095309253745, 0.15031813247792408, 0.27583614896685127, 0.09564095309253745, 0.09564095309253745]
[0.125, 0.125, 0.125, 0.125, 0.125, 0.125, 0.125, 0.125]
[0.125, 0.125, 0.125, 0.125, 0.125, 0.125, 0.125, 0.125]

