Action: 0
[0.10505196535113805, 0.10505075006916945, 0.11153391637476813, 0.1050507500347799, 0.2581603680658049, 0.1050507500347799, 0.1050507500347799, 0.1050507500347799]
[0.10619725309990946, 0.10335841654006683, 0.22772716388207928, 0.10335841654006683, 0.14928350031767712, 0.10335841654006683, 0.10335841654006683, 0.10335841654006683]
[0.12124850280040284, 0.1039588620417656, 0.2548568498831004, 0.1039588620417656, 0.10410033710766871, 0.1039588620417656, 0.1039588620417656, 0.1039588620417656]
[0.125, 0.125, 0.125, 0.125, 0.125, 0.125, 0.125, 0.125]
[0.11059102239797369, 0.10271357452675442, 0.22632743491655746, 0.102713569098609, 0.10272544493407569, 0.14950181592881173, 0.102713569098609, 0.102713569098609]
[0.121980939041596, 0.10391694031365105, 0.2544831123350526, 0.10391694031365067, 0.10395124705509735, 0.10391694031365084, 0.10391694031365067, 0.10391694031365067]
[0.125, 0.125, 0.125, 0.125, 0.125, 0.125, 0.125, 0.125]
[0.125, 0.125, 0.125, 0.125, 0.125, 0.125, 0.125, 0.125]

Action: 1
[0.1493876772694996, 0.10262802291202978, 0.10262802291202978, 0.10262802291202978, 0.12316413215551253, 0.2143080760148389, 0.10262802291202978, 0.10262802291202978]
[0.10590165646446617, 0.10590165646446617, 0.10590165646446617, 0.10590165646446617, 0.21180331292893234, 0.15278674828427055, 0.10590165646446617, 0.10590165646446617]
[0.10562235049216363, 0.10562235078268709, 0.1056223504921453, 0.1056223504921453, 0.10762884895368757, 0.25863704780288055, 0.1056223504921453, 0.1056223504921453]
[0.125, 0.125, 0.125, 0.125, 0.125, 0.125, 0.125, 0.125]
[0.10513969368283219, 0.10513976341365128, 0.10513969368280791, 0.10513969368280791, 0.11089236418110426, 0.2582694039911807, 0.10513969368280791, 0.10513969368280791]
[0.10563906111719461, 0.1056253008619125, 0.1056253008619125, 0.1056253008619125, 0.21322069384605868, 0.15301374072718416, 0.1056253008619125, 0.1056253008619125]
[0.125, 0.125, 0.125, 0.125, 0.125, 0.125, 0.125, 0.125]
[0.125, 0.125, 0.125, 0.125, 0.125, 0.125, 0.125, 0.125]

