Action: 0
[0.13905808843453743, 0.15800977405163824, 0.2390567876560081, 0.0889786797890181, 0.10780790328335386, 0.089131407207408, 0.0889786797890181, 0.0889786797890181]
[0.1369906823804219, 0.0903010745803387, 0.2833664740130652, 0.0903010745803387, 0.09503211346431728, 0.12340643182084073, 0.0903010745803387, 0.0903010745803387]
[0.2261125088863856, 0.09200936582728561, 0.20417476500947976, 0.09200936582728561, 0.10457956324242712, 0.097095699552565, 0.09200936582728561, 0.09200936582728561]
[0.125, 0.125, 0.125, 0.125, 0.125, 0.125, 0.125, 0.125]
[0.09577062472500547, 0.09558417092546105, 0.3132773981244985, 0.09558412587949588, 0.1096174594077242, 0.09899796917882313, 0.09558412587949588, 0.09558412587949588]
[0.09843491554575336, 0.19524615020614408, 0.2178781209744712, 0.09762307510307204, 0.09794851286134319, 0.09762307510307204, 0.09762307510307204, 0.09762307510307204]
[0.125, 0.125, 0.125, 0.125, 0.125, 0.125, 0.125, 0.125]
[0.125, 0.125, 0.125, 0.125, 0.125, 0.125, 0.125, 0.125]

Action: 1
[0.09137533355385674, 0.13971747589677633, 0.09137533355385674, 0.09137533355385674, 0.2126167038707993, 0.19078915246314052, 0.09137533355385674, 0.09137533355385674]
[0.1111111111111111, 0.1111111111111111, 0.1111111111111111, 0.1111111111111111, 0.1111111111111111, 0.2222222222222222, 0.1111111111111111, 0.1111111111111111]
[0.095145693091435, 0.095145693091435, 0.095145693091435, 0.095145693091435, 0.12013496278297173, 0.3089908786684183, 0.095145693091435, 0.095145693091435]
[0.125, 0.125, 0.125, 0.125, 0.125, 0.125, 0.125, 0.125]
[0.09827995733352828, 0.09688480685665857, 0.09234331980635438, 0.09234331980635438, 0.1387341371104307, 0.29672781947396504, 0.09234331980635438, 0.09234331980635438]
[0.09357221173617966, 0.09357221173617966, 0.09357221173617966, 0.09357221173617966, 0.1752728086608527, 0.2632939209220694, 0.09357221173617966, 0.09357221173617966]
[0.125, 0.125, 0.125, 0.125, 0.125, 0.125, 0.125, 0.125]
[0.125, 0.125, 0.125, 0.125, 0.125, 0.125, 0.125, 0.125]

