0.125 0.125 0.125 0.125 0.125 0.125 0.125 0.125
0.13585418317672365 0.10698516925166987 0.16302501981206838 0.12838220310200385 0.11843698020534883 0.0932691219117122 0.14212437624641858 0.11192294629405464
0.0947164689857622 0.15786078164293704 0.09782563291061483 0.14207470347864334 0.11839558623220277 0.1973259770536713 0.1065560276089825 0.085244822087186
0.07295173961840629 0.12906846240179573 0.09118967452300786 0.16133557800224466 0.08754208754208755 0.15488215488215487 0.10942760942760943 0.19360269360269358
0.11053870979480043 0.08704923396340535 0.14361629095220124 0.10445908075608643 0.14914322644194125 0.10881154245425669 0.16580806469220066 0.130573850945108
0.07024297968736083 0.10615216725837506 0.06498315259684842 0.09553695053253757 0.14506217370400784 0.21230433451675013 0.11464434063904506 0.19107390106507513
0.06159839540792274 0.10898177649094025 0.05370116522741983 0.09500975386389661 0.12319679081584547 0.26009028001134216 0.10740233045483966 0.19001950772779322
0.09452171575486178 0.07630066211537036 0.18904343150972355 0.15260132423074071 0.09479974633438408 0.08525283988850167 0.1701390883587512 0.13734119180766663
0.13966358869639386 0.10103513542883871 0.18123431126549588 0.12124216251460644 0.12178714411438422 0.09511930464449886 0.13422005781022775 0.10569829552555435
0.1015415936586613 0.14921405306705252 0.10508894659892426 0.13429264776034724 0.12500493937954338 0.2035627450590025 0.10071948582026045 0.08057558865620836
0.08310614310699825 0.14703394549699692 0.0795619904492912 0.12818343966404863 0.11136959854135312 0.20998294389405533 0.08694181125039818 0.1538201275968583
0.1007376730802432 0.07344735138695699 0.21152710364854657 0.14689470277391398 0.09003770301450831 0.08667494314639289 0.16261847437730806 0.12806204857213013
0.0670666248100155 0.10176520826602801 0.08000449853317056 0.0915886874394252 0.13285706233867559 0.23363411880652438 0.10990642492731025 0.1831773748788504
0.06764591876443204 0.11968124089091821 0.09101643060893085 0.14960155111364778 0.09147205995166788 0.19959205918737788 0.10146887814664807 0.17952186133637732
0.11008071558210154 0.08132143144876032 0.14819960864260406 0.09758571773851238 0.14060153413086893 0.14533088061970703 0.15489796466430536 0.12198214717314047
0.06810199694640583 0.12048814844364106 0.09721134276894379 0.15061018555455133 0.10095177201770007 0.17975133618368758 0.10215299541960873 0.18073222266546157
0.07699435760644702 0.11493120490265556 0.1001337753035565 0.13791744588318666 0.09472034521597769 0.19946797932180313 0.10343808441239 0.1723968073539833
0.09887539343022156 0.1410493420249312 0.09284106266983627 0.1269444078224381 0.1157149941770069 0.2531998493152746 0.09520830586682857 0.07616664469346285
0.0776025798572801 0.13729687205518787 0.07382177473719741 0.11969470897118943 0.11161253474341175 0.25515364148115166 0.08118423738915456 0.1436336507654273
0.06519394704283504 0.11534313707578507 0.08742942928798675 0.14417892134473134 0.09328882591726084 0.2237601131534707 0.09779092056425256 0.1730147056136776
0.10374349888335135 0.07144798312767535 0.21636557789627753 0.1428959662553507 0.08645438776283412 0.09632490681789095 0.1581917086750321 0.1245759705815878
0.12232559422684086 0.0782379089458624 0.18303370786128886 0.09388549073503487 0.13503362806324515 0.12110221828062492 0.1490245884683093 0.11735686341879357
0.0646680996713396 0.10216381623922721 0.05937274642776418 0.08906589108035193 0.14219594837286711 0.26371853482647867 0.1006831812212674 0.17813178216070386
0.09504847401135104 0.07203837828210329 0.18914595079980917 0.14407675656420657 0.10039584777556226 0.10899068008685006 0.16063483157233177 0.12966908090778592
0.10517460369938791 0.06829255072999697 0.2549504650770751 0.13658510145999395 0.08905814370343687 0.07565962238811065 0.15120532192559363 0.119074191016405
0.12047583643857986 0.0765820836185456 0.1952904744167693 0.09189850034225472 0.14102701093446596 0.11398233335766964 0.1458706354638964 0.1148731254278184
0.08796134770895057 0.13888972766984847 0.09179242927769017 0.1210833523275602 0.11741745193497005 0.21542956844834574 0.08212609983956258 0.14530002279307225
0.09623631456811961 0.07139071813812566 0.20531144958885753 0.1427814362762513 0.09596199143259102 0.10062415123047401 0.1591906461169548 0.1285032926486262
0.08192570306209558 0.11212925100814933 0.12435204525421316 0.13455510120977918 0.1023549353400338 0.1755727617061705 0.10091632590733439 0.16819387651222398
0.08033517763697891 0.1111023612398928 0.10609748558968414 0.13332283348787133 0.1025687991668257 0.1999276759030042 0.09999212511590351 0.16665354185983916
0.07956494844777309 0.11032083665627246 0.10164327301553784 0.13238500398752695 0.1040823954302248 0.20723353448761087 0.09928875299064523 0.1654812549844087
0.07922056679354131 0.109972154998205 0.10044851530861398 0.131966585997846 0.10516551529869433 0.20929348960740746 0.0989749394983845 0.16495823249730748
0.07817042055817408 0.12077292113421613 0.09900538582467529 0.1299895393973041 0.10415841713694582 0.20792423715407649 0.09749215454797808 0.16248692424663008
0.07795474894245118 0.12192759087856214 0.09865401758109107 0.12990892421713765 0.10437496418663667 0.20736190575984606 0.09743169316285324 0.16238615527142206
0.09564206527835525 0.1498196474734463 0.09075330135390389 0.11958913024867479 0.12845250128345315 0.25429802852645567 0.0896918476865061 0.07175347814920487
0.08190246168956129 0.13197939866285946 0.07836829703463014 0.11505896293685185 0.11008792676629474 0.26649220513275906 0.07803999225282124 0.1380707555242222
0.12413005472796318 0.09247974852212122 0.16845113303487733 0.11559968565265151 0.12332623084416773 0.14308840747033919 0.12888502266049356 0.10403971708738635
0.1272073756076924 0.09117914906367036 0.200402572157722 0.11397393632958795 0.12392724908628547 0.1136607415685585 0.12707243348985403 0.10257654269662915
0.10269183245889878 0.06745807619445977 0.25158843824514254 0.13491615238891955 0.09197882822626106 0.07952069379222679 0.150421441544064 0.12142453715002759
0.1046732676406196 0.06980020752357535 0.27806974311668525 0.13034035044287443 0.09072724620262007 0.06846701012317542 0.14429212584640555 0.1136300491040444
0.09266224683992576 0.13794469524520675 0.11796110523918857 0.12025947790607769 0.10884548951955796 0.19644831370471494 0.0815672980580353 0.1443113734872932
0.10005654738459405 0.06929551568169576 0.22484413249665508 0.13859103136339151 0.09228490909845286 0.0956772783922577 0.15451865735590067 0.12473192822705237
0.12008921377335015 0.08068800588539689 0.18557394395499963 0.0902563715757325 0.1501540975118712 0.11715382096274207 0.14326408186624204 0.11282046446966561
0.0931264893983516 0.13536667510042005 0.10028919779619391 0.11801197316446878 0.11674332382023328 0.21480506938533017 0.08004290353763968 0.1416143677973625
0.0742825783869236 0.11262349962008208 0.10103426876799224 0.1407793745251026 0.09237273698928795 0.214487151298245 0.09548514098224352 0.1689352494301231
0.13967913375835053 0.10252261216014809 0.17845069189655507 0.11008085555776669 0.12759773493103416 0.1238370141373902 0.12186403220070222 0.095967925358053
0.08444470222056351 0.113061140321562 0.11885452046913599 0.1413264254019525 0.09451413162977608 0.18235118528899483 0.09585618418567214 0.169591710482343
0.14276069755629436 0.10208891588590466 0.18442778879321922 0.1095629841914591 0.12761533631064909 0.11673710219577675 0.1212907273100402 0.09551644775665666
0.08497757186098068 0.1131531799514944 0.12027809189383248 0.141441474939368 0.09460253423949894 0.17988315940262134 0.09593421778496267 0.16972976992724162
0.11929149084977696 0.08505530067784198 0.1540991543247951 0.09127248525865271 0.1524676123650376 0.13884638922255962 0.14487696072802017 0.11409060657331589
0.0809643691569602 0.11224914572258408 0.11291771691738935 0.14031143215323008 0.10300395441883906 0.1870119090649302 0.09516775398219085 0.16837371858387612
0.10596855686937237 0.07616955619513587 0.22674040250465516 0.1363261046529341 0.09712687728525746 0.08790150175086021 0.15091860181358596 0.11884839892819896
0.10590070232583396 0.14709865721509569 0.12015111379481673 0.12252484429089573 0.13002692340890923 0.20888921917173947 0.09189363321817182 0.07351490657453744
0.09197589831554069 0.13062596646882702 0.08568910417660293 0.11387904769077228 0.11533129507001781 0.2486041291373105 0.07723970191200207 0.13665485722892673
0.07573712777823535 0.11054819111059422 0.09644293315105795 0.1381852388882428 0.09492305903752404 0.22461552307903745 0.09372564028941685 0.16582228666589133
0.07337256777930981 0.12328356514365675 0.09870646978995637 0.13815531345007298 0.09136125288289326 0.21562911177832159 0.09370534303570167 0.16578637614008754
0.0777776356594699 0.12161367092846129 0.09878878902017363 0.12922077659827522 0.1013879117622294 0.21276966283484025 0.0969155824487064 0.161525970747844
0.08662167650203939 0.14644488033922007 0.0813783590683717 0.11323466987301603 0.11102510166832487 0.24861106304840663 0.07680264565300218 0.13588160384761924
0.07375401837685747 0.12532861685645835 0.09400438112103941 0.1355290642725642 0.09482670216967912 0.2219982790914549 0.09192406098486962 0.162634877127077
0.11198694452387892 0.08736959791957548 0.15047944378504094 0.09652730899118173 0.14409033637004043 0.15021926962800314 0.14349432799286121 0.11583277078941806
0.13922931789654153 0.09500996274393406 0.19136019568038912 0.10860486605667397 0.13521838643481804 0.11174657092419579 0.12108632081244099 0.09774437945100657
0.11155547774552273 0.0716300391744593 0.24822437639823852 0.12991716310627385 0.09959399587174039 0.07730555935530294 0.14484794155281577 0.11692544679564648
0.1392283528626473 0.09271974221476775 0.22663641782205762 0.10769635175647913 0.12216954350867132 0.09454948008724733 0.12007339516729836 0.0969267165808312
0.11027521014612743 0.07061470989002917 0.2628017399551404 0.12833342099737444 0.09585296729127964 0.07353968553130946 0.14308218729110253 0.11550007889763698
0.10376976954843262 0.06919363671331824 0.27842908081042356 0.12869858367053624 0.09056156106824921 0.07002932646482535 0.1434893164207322 0.11582872530348262
0.08110006902163078 0.11999433815778222 0.14145305564844424 0.13968693863334597 0.09458033316708231 0.16081675454734304 0.0947441844643564 0.16762432636001515
0.10501777594408256 0.07593497715375348 0.2385766545205637 0.13488857147052594 0.09440053156896784 0.08425913098244149 0.14932719348792448 0.11759516487174056
0.09757501799331982 0.1443836328634632 0.11025374031585317 0.1164940886078598 0.11391499391262712 0.19857223813907088 0.07901338183837445 0.13979290632943173
0.07845482842512638 0.12581219309606684 0.10121231563725215 0.13622218066123495 0.09753359914051724 0.20490409153696107 0.09239417470935937 0.16346661679348193
0.08827497373599782 0.14512744310047315 0.11627523838439444 0.1601798726772454 0.08274554359040559 0.18175223830527704 0.08148280479668571 0.14416188540952085
0.10752824264065677 0.07829252152755263 0.22853602662092248 0.13589118778255566 0.09261671448877254 0.08822893534866237 0.15043713095993136 0.11846924063094597
0.07254718616824528 0.10667956227336013 0.07988739064093714 0.08587677250670427 0.14001127953668083 0.24616617320091116 0.09707809065975266 0.17175354501340853
0.07372114698038731 0.12044288294752507 0.09379901806729879 0.13510467054299122 0.10215302614808701 0.22101743933730975 0.09163621132481144 0.16212560465158943
0.07484539568133944 0.1236224060905622 0.09795192375986436 0.13709111496866816 0.09542535379059257 0.21357092889825746 0.09298353884831405 0.16450933796240177
0.1022132578601806 0.07705599950438104 0.21538801509577657 0.1363576165455584 0.09604411334099074 0.09819057625534588 0.15202856650676436 0.12272185489100255
0.08149751731462523 0.12104245381186356 0.12713519073542204 0.13989872379610105 0.09613163681739975 0.17152817891625954 0.09488783005300769 0.16787846855532126
0.10555860544845815 0.07633303864773623 0.2331310556936453 0.13546742873747172 0.09512539939136487 0.0863166501352157 0.14996801227754297 0.1180998096685651
0.0723072905267488 0.10647949369848937 0.08056073662105029 0.08587382629022657 0.14081280131307272 0.24514343881578995 0.09707476015416917 0.17174765258045313
0.07372701693444181 0.12042854902481004 0.09396119308008714 0.13511262262529025 0.10232830332619955 0.22066556294775644 0.09164160491106643 0.1621351471503483
0.13309925868088468 0.10027564874687396 0.17422112960266717 0.11120161575759253 0.12728681656555288 0.12985257352292123 0.12398150294167407 0.10008145418183327
0.11183962200619738 0.07230587516154291 0.24282971232960235 0.1304676037592628 0.09897118155815568 0.08070351999866449 0.14546164180323778 0.11742084338333653
0.10562838821625008 0.06967760245201654 0.27094967147245963 0.1293849961552003 0.09207278913991716 0.07158544090815555 0.14425461511632032 0.11644649653968028
0.12069574090678573 0.0804648790319864 0.20548703145773636 0.0936168570250662 0.14002718387507335 0.1082003336061592 0.13916774566711335 0.11234022843007944
0.10795609430726998 0.07025167993780533 0.25510683009690843 0.12924994951007696 0.10067371289510023 0.0763327305086543 0.14410404818511566 0.11632495455906927
0.10431640231486135 0.06923169942882601 0.2755194281581421 0.12880298546788171 0.09203585407218497 0.07056522700341696 0.14360571663359348 0.11592268692109355
0.12025167820600818 0.08035406777804051 0.20686449215405045 0.09352466676824642 0.1398987574769318 0.10784603883635904 0.13903069865846782 0.11222960012189569
0.1078071633139411 0.07021155700971168 0.2556425555030367 0.129188795571627 0.10060422520272282 0.07623992127702582 0.14403586610747068 0.11626991601446429
0.10426457119490558 0.06921582884122841 0.27572119750767343 0.1287778900160902 0.09200553595751038 0.07053713839046995 0.14357773707764085 0.1159001010144812
0.13737015139679587 0.09180106583215027 0.2364176940784104 0.10684935682832289 0.11986556255222452 0.09240268913562452 0.11912905903098091 0.09616442114549059
0.09987149306817711 0.1389246051427091 0.15051061375785307 0.1578803749146041 0.08622721969944248 0.1441802957114241 0.08031306028264644 0.1420923374231437
0.10885091397788564 0.07678671628834459 0.24203574578736012 0.133968133343456 0.09209753670764895 0.08115999161777812 0.14830823064477014 0.11679273163275651
0.09875523097672753 0.14440805911325347 0.11093827285818167 0.1163971885628982 0.11379144207769337 0.1970855218061499 0.07894765832961789 0.13967662627547783
0.07895782752186856 0.1258000740868053 0.10137678544998838 0.13619252997502765 0.0975041597290447 0.20436352345808304 0.0923740638091492 0.16343103597003317
0.10303445838132413 0.07708421916167614 0.21669893725719777 0.1361238878251505 0.09632457799010898 0.09645444391595565 0.15176797642595136 0.12251149904263543
0.12119283095859906 0.08196383988468958 0.18915548612937375 0.09472763753916874 0.14276136568506578 0.11570667925011244 0.14081899550598817 0.11367316504700248
0.10862620225298295 0.07073420843619711 0.24880199367862235 0.12995796183329433 0.102031637300757 0.07799240175941884 0.14489342908876246 0.1169621656499649
0.13925139173888104 0.0923339492643725 0.22712583967738367 0.10731744770813108 0.12330742840594223 0.09442729483815986 0.1196509454298118 0.09658570293731797
0.11123918993309312 0.07036583420902377 0.26290168794994256 0.12788243739390154 0.09661148372484654 0.07332579890595801 0.14257937422872305 0.11509419365451139
0.1047418795745486 0.06900649149205498 0.2783066575300033 0.12835327324620174 0.09112349942426781 0.069845931744308 0.14310432106703388 0.11551794592158157
0.1028822410435235 0.06865805208149478 0.2842210826597025 0.1278797232887405 0.08967621468587769 0.06901458707678089 0.1425763482040137 0.11509175095986646
0.09362110080125215 0.13743552157257094 0.1638589874732451 0.16003772864050972 0.08167054911532945 0.13793165987741812 0.08141049674321582 0.14403395577645875
0.10704472424173657 0.0764636843240661 0.2476750304349357 0.13361069970172396 0.09088269522301691 0.07992950634729988 0.14791253691033338 0.11648112281688756
0.08239909086112568 0.12091103625128617 0.13452415537858642 0.13977375096969424 0.09524494892494666 0.16461545057563076 0.09480306587509696 0.16772850116363308
0.08012365130329697 0.12235616202854112 0.10761802378548137 0.13029786270614538 0.1031156708439049 0.19589290392033942 0.09772339702960904 0.16287232838268173
0.07632769212443119 0.12440889730166875 0.1014365233322952 0.13772787372656314 0.09625869222502693 0.20515144542099192 0.09341542739714717 0.16527344847187575
0.10515360599444296 0.07717998743716492 0.2226305935142034 0.13652524879502412 0.09593583949467469 0.09241365042936277 0.15113906256510606 0.11902201177002103
0.0820372951086363 0.12102323315359881 0.128808549648848 0.1398393529591369 0.09630252240884463 0.16933426203246954 0.09484756113750156 0.16780722355096428
0.14172945114079796 0.10236058181101125 0.18830823284038842 0.10899452097598704 0.1276377422741983 0.11528719135434103 0.12066141516267183 0.09502086444060408
0.08735963356573374 0.1217561776679599 0.11964294482817936 0.13697850199142372 0.10157957966795667 0.17540180201659433 0.09290715787244391 0.16437420238970843
0.10701211870584837 0.0763997458719049 0.2297604606490647 0.1354523365022122 0.09633564118486149 0.08700174019813289 0.14995130455271355 0.11808665233526192
0.08238532187488534 0.1209260664973637 0.13045777387341043 0.139818776057129 0.09649316189591142 0.16730276390269247 0.09483360463005272 0.1677825312685548
0.11828479693731718 0.08535265865065951 0.15757060854938873 0.09089181637437005 0.1526806159029677 0.13733200871357212 0.14427272440376196 0.11361477046796255
0.08305051311397628 0.11967940561378787 0.11257964291223119 0.1369710394935583 0.10691039917710382 0.18354165594491992 0.09290209635215259 0.16436524739226996
0.1035398867613388 0.07629663557997463 0.2210300596397494 0.13548923329749085 0.09817593934965421 0.09246755141416123 0.15106038398988902 0.12194030996774176
0.10469351064843367 0.07065834589461992 0.263193459645393 0.13074642464596897 0.09304544519582127 0.07421852550400486 0.14577250628438632 0.11767178218137207
0.08193831438231376 0.12011014662696397 0.13801330222027475 0.13961798958595065 0.09574242999342786 0.16233881066441377 0.09469741902351435 0.16754158750314074
0.10529735342802715 0.07596953115682115 0.23756911474598902 0.1349277971806212 0.0946986093843369 0.0845376144981077 0.14937061796145285 0.11762936164464413
0.12129709087280141 0.08149343378111494 0.19540068680711045 0.09426021508824897 0.1421393706691224 0.11217280403705238 0.1401241406386507 0.11311225810589876
0.10840275872746197 0.07052617370715612 0.25115535542248424 0.12962473617952955 0.10188788233694936 0.07721892371244145 0.14452190735240086 0.1166622625615766
0.0949382214031281 0.13799519600184917 0.15555054860334436 0.16041400170725945 0.08421849540886331 0.14090903012272063 0.08160190521630155 0.14437260153653347
0.1449824087377165 0.1032750098874026 0.19741199666289852 0.10822551529951759 0.12341793568124138 0.10852659022847447 0.11981009426727218 0.09435044923547685
0.07678719497934083 0.10638602017317174 0.07410598680783542 0.08339127376063075 0.14678637511997103 0.25149220521272786 0.09426839642506085 0.1667825475212615
0.07426114655648543 0.11996613652337255 0.09224051575330204 0.13454300184375473 0.10377549470211868 0.22250684898400122 0.09125525342445973 0.16145160221250565
0.07488911122084821 0.12343874134890685 0.09753778594700546 0.13692785605918936 0.09603829717116774 0.21398197426344837 0.09287280671840671 0.1643134272710272
0.11517508769696778 0.0867884938639063 0.15154461915692144 0.09599503002257206 0.14497828325062387 0.14762139042597913 0.14270305955594295 0.11519403602708649
0.10855903592799547 0.07198239906128788 0.23418005938126416 0.13164787364098265 0.10397194623788003 0.08439804483219214 0.14677755464151349 0.11848308627688438
0.10516432142069897 0.06984923264291214 0.26771577841176697 0.12975066918969574 0.09368893792833516 0.07239314487511454 0.14466231326075032 0.11677560227072618
0.12057128100807485 0.08047445197545976 0.2044237299632063 0.0936112027863757 0.14102334343055606 0.10840320723113893 0.13915934026153762 0.11233344334365084
0.12376441096194496 0.08054809036108784 0.18250664573047862 0.09261363423513082 0.15499335736462092 0.11676111265534063 0.13767638760923925 0.11113636108215699
0.09733777777078843 0.13787727437155367 0.1369003660802717 0.15850175552822304 0.0934230814889338 0.15267901088568905 0.08062915389913955 0.14265157997540073
0.08287397389871543 0.12422469015823316 0.10814769349148504 0.13016858002036302 0.10269814336363257 0.19154975902684482 0.09762643501527227 0.16271072502545378
0.09051285675955184 0.14685932540369293 0.08346183533876303 0.11319268124911823 0.11352275098228176 0.2398451663552052 0.07677416641244539 0.13583121749894186
0.10531752709416031 0.07815023580437945 0.20725442236683542 0.1349996724479846 0.09974193730246876 0.1025219396039038 0.15051456017708134 0.12149970520318613
0.13973824891139747 0.0941124505408363 0.21347259994618145 0.10864192841148532 0.12422715788432198 0.10090223616323232 0.12112764257220826 0.09777773557033678
0.08716477671067006 0.12097256782852386 0.1255326091208184 0.13718725530538559 0.10124098474218116 0.17022835284926185 0.09304874707669632 0.16462470636646268
0.10682199354726384 0.07619770890698048 0.2321643275738237 0.1351908689064157 0.09609015079093473 0.08601439487246801 0.14966184917600764 0.11785870622610602
0.09819004579305898 0.14414538368918184 0.10894071227028793 0.11625790563299208 0.11507365771051543 0.19902961997590896 0.07885318816846419 0.1395094867595905
0.10638327418434099 0.07740669416288741 0.21787357778292787 0.13409852620642673 0.09935035743017337 0.09468904727999582 0.14950984936746384 0.12068867358578407
0.10535777400018569 0.07072913033281969 0.26183389239467886 0.13072166542042563 0.0933677723696185 0.07459536500827968 0.14574490159560885 0.11764949887838307
0.10360899304622288 0.06919774512211276 0.27820710923988684 0.12868836917131896 0.0907973609298097 0.07020296222008082 0.14347792801638096 0.11581953225418705
0.08167724804141158 0.11978841880667634 0.14135015575275073 0.13942055304402554 0.09524454979326492 0.16065090536613608 0.09456350554290427 0.16730466365283062
0.10513088854179571 0.07585717562869286 0.23890279991540933 0.13476366191595363 0.09449419511971645 0.0841760960394551 0.14918891347635077 0.11748626936262624
0.09787233693364185 0.14414945129276052 0.1102545296653727 0.11629553003902976 0.11471453558644253 0.1982802731050968 0.07887870733082018 0.1395546360468357
0.10627106143864495 0.07738048716265651 0.21842198179631472 0.13405332958582067 0.09923917020659007 0.09452651467436408 0.1494594585083702 0.12064799662723859
0.08216760701633305 0.1209236894886753 0.12778102976537473 0.13968508626857634 0.09708873754254985 0.16998881831838208 0.094742928077817 0.16762210352229162
0.1418368555877081 0.10234124968681067 0.1879030613463436 0.10898074965770968 0.12786118901736565 0.11542186628086963 0.12064616974724064 0.09500885867595202
0.10343882512359928 0.14412115482943352 0.09870714305411651 0.11307977860545303 0.12056233587078768 0.2076974392228896 0.07669758896717684 0.13569573432654364
0.14025251786486304 0.10083499827679154 0.17348035144073606 0.10913284850424575 0.13100698243003034 0.1253977559897038 0.12167498183980831 0.09821956365382117
0.12928646035925145 0.08235462836601701 0.172660263506401 0.09279702715476705 0.15218860299226306 0.12140757153386651 0.1379490135017134 0.11135643258572045
0.1108242447866947 0.07092721329621936 0.24188408135996245 0.1302312509618971 0.10454772624573958 0.07917923141133591 0.14519812607244348 0.1172081258657074
0.14002432375721954 0.09242315990856668 0.22467735562485883 0.10740093968378213 0.12430801453338658 0.09476132802486421 0.11974403275191826 0.0966608457154039
0.08723323089438471 0.12075284516564269 0.12810031149870452 0.13714454176988927 0.10128116597390081 0.16789467841664235 0.09301977615696837 0.16457345012386712
0.11939402578762297 0.0851271248121639 0.1564875778582682 0.09063732928169659 0.15396932466473962 0.13721917935577443 0.1438687766376136 0.11329666160212072
0.08323045203773946 0.11961434403131292 0.11231723517378844 0.13692019395842925 0.10728391522223195 0.18346201701110043 0.09286760981528244 0.16430423275011508
0.10357719741627576 0.07628694979289433 0.22089719928131887 0.13547723779948684 0.09833286094468288 0.09245203084100209 0.151047009904801 0.12192951401953815
0.10469779184483927 0.07065328011843061 0.2631276252947447 0.13073692704481302 0.09314652243885543 0.07421270175011158 0.1457619171678736 0.1176632343403317
0.12059102337883003 0.08065001753840086 0.20309975886093512 0.09374850858300385 0.14104330937411436 0.10900571741485467 0.13936345455025648 0.1124982102996046
0.12379583583948606 0.08058189202333027 0.18210243227126688 0.09263768192848036 0.15506374003863854 0.11694106346407458 0.13771213612054692 0.11116521831417643
0.09734523476482689 0.13788381945041456 0.13679664776218042 0.15850422252861768 0.09344592001204986 0.15273994635464044 0.08063040885151422 0.14265380027575592
0.14600704625904118 0.10339614903683916 0.1904672965028981 0.10834237845112357 0.12618823914058933 0.11120709409776143 0.1199394665799984 0.09445232993174875
0.10441611873713173 0.14438354906042022 0.09927162291807032 0.11316384778092678 0.12024106472435789 0.20597256964274377 0.07675460979923729 0.13579661733711212
0.10797677491462108 0.07748274802630048 0.21350117302388633 0.13414406962018796 0.10057340830665235 0.09603153657513734 0.14956062687504537 0.12072966265816919
0.09506807723856424 0.13940794286012267 0.14602560522756355 0.16102243929488982 0.08418750864928834 0.1474568165924223 0.0819114147717483 0.14492019536540082
0.10809334540197185 0.0770554536687988 0.24057571353381263 0.13442203482785448 0.09196095953354874 0.0818933341683121 0.14881071824654624 0.11718844061915518
0.08259736905887805 0.1210104076702796 0.13293247969329752 0.13981500614986628 0.09564631377142771 0.16538936862693684 0.09483104764947452 0.16777800737983953
0.10566553195002872 0.07616450148669955 0.23552343879279417 0.13516639323807747 0.09484657394590139 0.08516143851749876 0.14963475360503486 0.11783736846396498
0.08214176117283545 0.12088556006139996 0.13175450672090672 0.13979924380151887 0.09624418018738093 0.16659529882875745 0.09482035666537801 0.16775909256182261
0.10559504614204088 0.07618361961005082 0.23504465591188597 0.13521562731039963 0.09500691126945558 0.08538459153347171 0.14968925774696254 0.11788029047573301
0.09795597356785828 0.1441849852788734 0.10950799146287456 0.11629161179587195 0.11483249914466329 0.19880095485500338 0.07887604973980879 0.13954993415504632
0.13867936735909434 0.10096280144156049 0.1778224637297469 0.10931332564661471 0.12951645615525603 0.1234473922006681 0.12187620038510624 0.09838199308195324
0.1128502891446651 0.0721304249470996 0.24393997471176032 0.13002887849803843 0.09964375579726356 0.0794081903752747 0.14497249587766373 0.11702599064823459
0.10576064260380644 0.06958615786688373 0.27126827652913627 0.12922709575801186 0.09247581990426437 0.07129905319861961 0.14407856795706694 0.11630438618221066
0.10334097046788213 0.06885891605579747 0.28161543641777803 0.12818703544995985 0.09030013683316383 0.06941019454042473 0.14291897833002987 0.11536833190496387
0.08161160032141213 0.1197106210597241 0.14210523472908218 0.13937109560154948 0.09511844907716137 0.16030772399424734 0.09452996049496398 0.16724531472185933
0.10510009212430951 0.07583071977387056 0.23920271768470255 0.1347250686515036 0.09444260350062121 0.08409998516625 0.1491461891461497 0.11745262395259287
0.07226561223945469 0.10643860333336827 0.08145568446590346 0.08587343279791426 0.141166341278752 0.24397914495200604 0.09707431533677265 0.17174686559582852
0.10109798239452866 0.07534090644648898 0.2066042360262652 0.1352364920169689 0.10586054451888517 0.1033683994581944 0.15077859632339669 0.121712842815272
0.08115779712287058 0.12057051988064901 0.12499401049899712 0.13956455766690837 0.09840959533283536 0.1731648720538073 0.09466117824364222 0.16747746920029005
0.11802198764630334 0.08531403641987885 0.15579537303096322 0.09087697084644958 0.15332596918474273 0.13882028923987103 0.14424916007372948 0.11359621355806195
0.08297460712576811 0.11962836266307778 0.1121457235606262 0.13691521147912675 0.10713089622475147 0.18404271477715972 0.09286423039453813 0.16429825377495205
0.13550182782712542 0.09985972067421219 0.18065310933021916 0.11083593650251511 0.12867447708562327 0.12114878786628175 0.12357379786175939 0.0997523428522636
0.11209963645164928 0.07206470290175467 0.2452150525783091 0.13006847222548246 0.0994595793174999 0.07901429159336246 0.14501663992900804 0.11706162500293421
0.10555744005269421 0.06956077674617045 0.2717654006145007 0.12918862833958605 0.09241003701155888 0.07121227207363712 0.14403567965622502 0.11626976550562744
0.08204896347651407 0.11987471789643521 0.13992056609209677 0.13947651411249506 0.09562170028686238 0.16108425945473626 0.09460146174586621 0.16737181693499403
0.1181461006326715 0.08517257602009233 0.16046822630671806 0.09078098754559477 0.15224590180035283 0.13561316763464878 0.1440968056279282 0.11347623443199346
0.08303126616233056 0.11965800490990766 0.11323648445783244 0.13696640311743674 0.10694496146963746 0.18290424446227832 0.09289895167965274 0.16435968374092408
0.10350672343695111 0.07627313919619307 0.22128081772244979 0.13544801067523193 0.0982390329782261 0.09233464254085388 0.15101442384238545 0.12190320960770874
0.10466927998135661 0.07064359450234181 0.26327366908821087 0.1307204302092209 0.09311676293913512 0.0741843516641405 0.1457435244272955 0.11764838718829877
0.12058072542525039 0.08064712909854889 0.2031442196317142 0.09374591456176064 0.14103147874391708 0.10899583670124281 0.13935959836345313 0.11249509747411275
0.1079621086339446 0.07027658927295062 0.2541242243974332 0.12926529096895015 0.10142379694772115 0.0764880751400709 0.1441211527668743 0.11633876187205515
0.10431172634416691 0.06922190564386933 0.2750894312991574 0.12877610066650932 0.09254258230455936 0.07058402105548751 0.14357574208639173 0.11589849059985839
0.10288466837407534 0.06874199570479007 0.2830262521730562 0.1280107604251794 0.09020031818510012 0.06920387592288521 0.14272244483225224 0.11520968438266144
0.08152124409631156 0.11968044299119968 0.14241482589933327 0.13935013460288367 0.09508691770076313 0.16021052971626631 0.09451574346978198 0.1672201615234604
0.08003049817948972 0.12222831732903355 0.1093780820973033 0.1302976855108081 0.10313362995095934 0.19433641591078993 0.09772326413310606 0.1628721068885101
0.08986294855749555 0.14648100588352628 0.08362687229405588 0.1131076905024424 0.11356210933696505 0.2409136243078839 0.07671652051470006 0.13572922860293088
0.10515263680051141 0.07811504430529144 0.20731518421377715 0.13498285212766942 0.09975086602791987 0.10270304283475057 0.1504958067751777 0.12148456691490249
0.1054532727790265 0.07104449983088146 0.25787681901327314 0.13122438212210227 0.09379035612863945 0.07620333301437857 0.14630539320180655 0.11810194390989204
0.10377237902611638 0.06932076331016115 0.27675773846197993 0.12888232400490054 0.09101196497596406 0.0705665654348844 0.14369417318158312 0.11599409160441049
0.10272865386393834 0.06872749385651496 0.28367880039362237 0.12797236500675407 0.08985924923829484 0.06917867232875906 0.14267963680603774 0.11517512850607867
0.10225293154071796 0.06851420237684637 0.2862076865124944 0.12764086688317036 0.08941280139372558 0.06878468996128416 0.14231004113690782 0.11487678019485333
0.08139095379835817 0.11962035633953491 0.1431154579376313 0.13930753042542626 0.09489654583335268 0.16001327243185254 0.09448684672333259 0.16716903651051146
0.10496042526113292 0.07575463995381843 0.23951924503495886 0.1345823613750486 0.09432648783923893 0.08454042173015047 0.1489882063248401 0.11732821248081159
0.08199049013502212 0.1207868646227823 0.13262529242786034 0.1397340130352264 0.09610216379020015 0.16630424715752695 0.09477611318911008 0.16768081564227166
0.10547328382376152 0.07610761830966593 0.23529861931828594 0.13507332466264177 0.09490887470978174 0.08585032455243455 0.14953172286625377 0.11775623175717488
0.08209308816864577 0.12085575797998063 0.13168382252701574 0.13977142735759127 0.09624097740814128 0.16682772386958442 0.09480148985993146 0.1677257128291095
0.07998587028482995 0.1221308207036646 0.10683202175827196 0.13004475215850356 0.1032058409453208 0.19771118983240202 0.09753356411887767 0.16255594019812944
0.07625596572089684 0.12429987756967154 0.1012039910904139 0.13762663666889308 0.09639284425281971 0.20572195843225358 0.09334676226237966 0.16515196400267168
0.1024396032201664 0.0770133714838051 0.21670853350521702 0.13619708764277091 0.09649227283716245 0.09672216367245907 0.15184958875992516 0.1225773788784938
0.1046194413152509 0.0708367044590454 0.261627187125324 0.13099219281634167 0.0929305024078364 0.07505447888805047 0.14604651945344363 0.1178929735347075
0.10346726355523377 0.06922575888880518 0.2781656094088407 0.12872952716895986 0.0907341713539133 0.07029727905992506 0.14352381611225823 0.11585657445206388
0.09379329620684716 0.1376056768793584 0.16235648729255614 0.16015391903889226 0.08204642221396961 0.13843606893967605 0.08146960229369736 0.14413852713500303
0.10716141474366474 0.07646656881416405 0.24700480399568153 0.13357719442979746 0.09098307308943338 0.08047958663760678 0.14787544519700818 0.11645191309264394
0.07271868866682976 0.10667443356605436 0.0826904075039502 0.08600299054422014 0.14031649465409032 0.24237023205686192 0.0972207719195532 0.17200598108844029
0.10118003816996787 0.07533948321249213 0.20714106286733586 0.1352066184246301 0.10564656629286216 0.10305498495323333 0.15074528949731145 0.12168595658216709
0.10453274861356307 0.07084258346791988 0.2577929639114797 0.13120426386023523 0.09500376529140406 0.07625687453999871 0.1462829628411876 0.11808383747421171
0.1035641674560997 0.06930668864420332 0.2767253256198843 0.128881339086163 0.09126050544837168 0.07057569349703917 0.14369307507069218 0.11599320517754669
0.09382606609831509 0.13763943403100226 0.1620003002272288 0.16018230587727555 0.08215577334777446 0.13854800257389385 0.08148404255496192 0.144164075289548
0.10718175801864784 0.07647808819758392 0.2468630806734344 0.13359371258456026 0.09101649658757012 0.08050681892960268 0.14789373147334303 0.11646631353525766
0.08240540350106151 0.12088072707801001 0.13431885931328588 0.13973387624852998 0.0954076943184298 0.1647967676304005 0.09477602041204643 0.16768065149823597
0.11822760968059232 0.08523782234104971 0.15864877086926465 0.09075854701883293 0.15216165659617906 0.1374562239763609 0.14406118574417925 0.11344818377354114
0.08302131362967026 0.11963008132184207 0.11279714640608052 0.13692541065164823 0.10689548041714844 0.18354892669747108 0.09287114809416142 0.16431049278197787
0.10351620519264466 0.07627958163221224 0.22109911368847682 0.13546227030177782 0.09823997020001926 0.09245649345143618 0.15103032226183286 0.12191604327160004
0.10467763765382891 0.0706483937568051 0.26320532228141935 0.13072864710930282 0.09312249976584437 0.07420903137674147 0.14575268565768537 0.11765578239837256
0.10341843707631823 0.0691677708433066 0.2787323833005804 0.12864278471947785 0.09071837241986727 0.07011464063851659 0.1434271047544029 0.11577850624753006
0.1025813705962329 0.06866881995429504 0.28440308677110665 0.12788001558740383 0.0897400901243169 0.06905792884277132 0.1425766740952099 0.11509201402866343
0.10219503483535075 0.06849245843799916 0.28647276734379684 0.12760683895207842 0.08936681483806282 0.06874782800270315 0.14227210253313818 0.11484615505687058
0.0934458736269873 0.13735118677976893 0.16440350195318326 0.15995952484668605 0.08171568353044352 0.1377899420875992 0.08137071481331422 0.14396357236201743
0.12093217348267139 0.0863371208442885 0.16804086954199748 0.09051046832671841 0.14721827919524416 0.13015559315827196 0.14366741004241018 0.11313808540839801
0.09883670478079636 0.14174753235589685 0.09484430415534742 0.11302845258370327 0.1252699679313855 0.21397611855739315 0.07666277653503352 0.13563414310044392
0.07857705756184077 0.12480885128209215 0.09734441508740045 0.13536814932038826 0.09986613905030366 0.20977868984402795 0.09181491866948074 0.16244177918446592
0.07587328845605992 0.1243921284032434 0.09894624614749188 0.1373912254684275 0.09551786376066473 0.20982268514515312 0.09318709205684647 0.16486947056211299
0.07547658927100087 0.12448434247010398 0.09938903063506901 0.13757773827622874 0.09469406710889378 0.20997134991117838 0.0933135963960508 0.1650932859314745
0.10232267654622909 0.07707766885910822 0.2159912555736298 0.1362872431543874 0.09619362136101692 0.0975189102393255 0.15195010542735432 0.12265851883894867
0.10462124869611096 0.07086170318833798 0.26136536207481736 0.13103126232462925 0.0928944050352759 0.07520780354911283 0.14609007903954935 0.11792813609216635
0.08192207751351097 0.12013396530470631 0.137591045390054 0.13961978445883022 0.09577916688435932 0.16271158268238853 0.09469863641555441 0.16754374135059627
0.14143032590799867 0.10200446884817237 0.1912633890541237 0.10868323741065414 0.1271949298739475 0.11435734842052869 0.120316811459902 0.09474948902467284
0.08728622195194533 0.12166799918561055 0.12028446338915752 0.13691621309895244 0.10167842527892695 0.17500231162259244 0.09286490975407209 0.1642994557187429
0.10697988731629737 0.0763192897240701 0.22989639694178468 0.1352978424958036 0.09629417995054948 0.08748016498191499 0.14978027333682772 0.11795196525275187
0.09818824908115413 0.1441135242590758 0.1084768106530206 0.11621950033530801 0.11508839157999122 0.1996229843312196 0.07882713935786106 0.1394634004023696
0.13876278026764943 0.10096366145302717 0.17743809565063723 0.10932018557274163 0.12959904292029564 0.12364421842937849 0.12188384869080297 0.09838816701546745
0.08675501480026812 0.12151345210366571 0.11710109930460164 0.1369069996948867 0.10213679844529643 0.17843957535479862 0.09285866066261882 0.16428839963386405
0.10696089120250454 0.07638617290309159 0.2285928299466004 0.13543561593985923 0.0964893020886322 0.08813031828170675 0.14993279420285593 0.11807207543474907
0.0981722013514465 0.14410902392475386 0.108218193667281 0.11620963308958089 0.11512464543705318 0.19989429603119338 0.07882044679119399 0.13945155970749706
0.07878012919387378 0.12563478311949158 0.10068412309529833 0.13603364304147791 0.09811463724775313 0.20524601563289438 0.0922662970194372 0.16324037164977348
0.10296929323125258 0.0770511253618833 0.21632883817349713 0.13607369081194434 0.09679949617367943 0.09659922401472099 0.1517120105022723 0.12246632173074992
0.1047423980248236 0.0708390532934233 0.2614618954290062 0.13099047890418852 0.09299513192509784 0.07503500284039413 0.14604460856929674 0.11789143101376968
0.09420774858452687 0.13810933180709495 0.15820968901080398 0.16051382297787317 0.08260391784750935 0.14024036522944844 0.08165268386265724 0.14446244068008585
0.10741273682244781 0.07661258577263586 0.2453637697414061 0.13377749524866 0.09122851427877253 0.08088117737947015 0.148097186437263 0.11662653431934464
0.09842043484594473 0.14432489665882017 0.1115442919171735 0.11634295035984585 0.11394758154711114 0.19689743356043773 0.07891087067885195 0.139611540431815
0.13878503892302654 0.10094884512863987 0.1785614808828623 0.10928524956325028 0.12923408343960252 0.12298367980830816 0.12184489764738503 0.09835672460692525
0.11284934612262293 0.07211264468832686 0.24422945986126152 0.1299981621092519 0.09956212213281283 0.07931166979096266 0.14493824939643457 0.11699834589832671
0.10575033945255612 0.06957785074919809 0.2713760107126732 0.12921360195410095 0.09245031441486955 0.07127611758520454 0.14406352337270656 0.11629224175869084
0.13787962961920514 0.0918740369339363 0.23488243166944997 0.10689559993440394 0.12047618758279051 0.09260545767596744 0.11918061664328321 0.09620603994096354
