Action: 0
[0.10031338008710133, 0.1289199953797646, 0.2540513682536449, 0.09779851117575834, 0.10803520696538658, 0.11528451578682762, 0.09779851117575834, 0.09779851117575834]
[0.1018031300873954, 0.10159016539947097, 0.25866324113101125, 0.10159016539947097, 0.1315828017842386, 0.10159016539947097, 0.10159016539947097, 0.10159016539947097]
[0.21537445328474134, 0.10301314926001545, 0.16571268160395147, 0.10301314889764245, 0.10384712026072183, 0.10301314889764245, 0.10301314889764245, 0.10301314889764245]
[0.125, 0.125, 0.125, 0.125, 0.125, 0.125, 0.125, 0.125]
[0.12889749963278152, 0.099349839797832, 0.21668263306129723, 0.09934980279741211, 0.10205573005641773, 0.1549648890594352, 0.09934980279741211, 0.09934980279741211]
[0.21581990471762408, 0.10033038236112704, 0.15742587896770402, 0.09969667130122793, 0.12763714874608623, 0.09969667130377481, 0.09969667130122793, 0.09969667130122793]
[0.125, 0.125, 0.125, 0.125, 0.125, 0.125, 0.125, 0.125]
[0.125, 0.125, 0.125, 0.125, 0.125, 0.125, 0.125, 0.125]

Action: 1
[0.1016273100275939, 0.10162586667667452, 0.10162586667667452, 0.10162586667667452, 0.1567046351612972, 0.23353872142773627, 0.10162586667667452, 0.10162586667667452]
[0.13149230398485556, 0.10181420568108683, 0.10181420568108683, 0.10181420568108683, 0.10181420568108683, 0.25762246192862337, 0.10181420568108683, 0.10181420568108683]
[0.15739666886633516, 0.10013160143696476, 0.09988748625406148, 0.09988748625406148, 0.11376741671570348, 0.22915436796475064, 0.09988748625406148, 0.09988748625406148]
[0.125, 0.125, 0.125, 0.125, 0.125, 0.125, 0.125, 0.125]
[0.10308437779625952, 0.10327688860030944, 0.10308437779625952, 0.10308437779625952, 0.2157154546007745, 0.16558576781761852, 0.10308437779625952, 0.10308437779625952]
[0.10775246603949726, 0.1033469505125715, 0.1033469505125715, 0.1033469505125715, 0.106016206663078, 0.26949657473456706, 0.1033469505125715, 0.1033469505125715]
[0.125, 0.125, 0.125, 0.125, 0.125, 0.125, 0.125, 0.125]
[0.125, 0.125, 0.125, 0.125, 0.125, 0.125, 0.125, 0.125]

