Action: 0
[0.10424156610979948, 0.10472223347757441, 0.2697854900345033, 0.10424156467208005, 0.10428445168980255, 0.10424156467208005, 0.10424156467208005, 0.10424156467208005]
[0.1287904348659224, 0.10170963195065341, 0.26095177343015713, 0.10170963195065341, 0.10170963195065341, 0.10170963195065341, 0.10170963195065341, 0.10170963195065341]
[0.23445711371499114, 0.10095789182011473, 0.15491202784324729, 0.10095789182011473, 0.10095790559292563, 0.10584138556837694, 0.10095789182011473, 0.10095789182011473]
[0.125, 0.125, 0.125, 0.125, 0.125, 0.125, 0.125, 0.125]
[0.2694703784078691, 0.10337648995625212, 0.10829580368049971, 0.10337648995564502, 0.10337764047822862, 0.10535021761021542, 0.10337648995564502, 0.10337648995564502]
[0.2034312935297893, 0.1016990601705039, 0.1330016437168513, 0.1016990601705039, 0.15507176190084002, 0.1016990601705039, 0.1016990601705039, 0.1016990601705039]
[0.125, 0.125, 0.125, 0.125, 0.125, 0.125, 0.125, 0.125]
[0.125, 0.125, 0.125, 0.125, 0.125, 0.125, 0.125, 0.125]

Action: 1
[0.20368837479185353, 0.10184418739592677, 0.10184418739592677, 0.10184418739592677, 0.12641047090922614, 0.16068021731928647, 0.10184418739592677, 0.10184418739592677]
[0.1043226419226018, 0.1043226419226018, 0.1043226419226018, 0.1043226419226018, 0.1043226419226018, 0.26974150654178747, 0.1043226419226018, 0.1043226419226018]
[0.10168607332450533, 0.1146994787295191, 0.09954443325759818, 0.09954443325759818, 0.13127333240417635, 0.2541633825114065, 0.09954443325759818, 0.09954443325759818]
[0.125, 0.125, 0.125, 0.125, 0.125, 0.125, 0.125, 0.125]
[0.10413620306212766, 0.10413620306212766, 0.10413620306212766, 0.10413620306212766, 0.10541501539349857, 0.26976776623373544, 0.10413620306212766, 0.10413620306212766]
[0.10340657715247456, 0.10290319958680542, 0.10290319958680542, 0.10290319958680542, 0.21661484155124439, 0.1654625833622539, 0.10290319958680542, 0.10290319958680542]
[0.125, 0.125, 0.125, 0.125, 0.125, 0.125, 0.125, 0.125]
[0.125, 0.125, 0.125, 0.125, 0.125, 0.125, 0.125, 0.125]

