0.125 0.125 0.125 0.125 0.125 0.125 0.125 0.125
0.099626400996264 0.07845579078455792 0.199252801992528 0.15691158156911583 0.08685378548392246 0.06839735606858895 0.17370757096784492 0.1367947121371779
0.09444644354078607 0.15741073923464347 0.10039762527401264 0.1416696653111791 0.1180580544259826 0.19676342404330432 0.10625224898338434 0.08500179918670747
0.08769198837691987 0.1551473640514736 0.07644942576449425 0.13525667635256675 0.10523038605230385 0.18617683686176836 0.0917393109173931 0.1623080116230801
0.09713900478901291 0.07649696627134768 0.20787700874399104 0.15299393254269536 0.08468528622631895 0.07805790316754366 0.1693705724526379 0.13337932580645234
0.07268313352936222 0.12113855588227038 0.1167553856154703 0.14536626705872444 0.09085391691170278 0.16247020688502103 0.10902470029404333 0.18170783382340555
0.09074565074251004 0.15124275123751674 0.09723451206982833 0.13611847611376507 0.12308257132147182 0.21781609576132513 0.10208885708532381 0.08167108566825905
0.07077669053046935 0.12522029863083037 0.0884708631630867 0.156525373288538 0.08493202863656321 0.18007926200856278 0.10616503579570404 0.18783044794624557
0.09430589232328099 0.07426589020458378 0.21615700055769224 0.14853178040916756 0.08882860531866567 0.08399080011238404 0.16443078661495145 0.1294892444592743
0.0706747939072623 0.11779132317877052 0.12353403396774787 0.1413495878145246 0.09591499988904707 0.16803608561359826 0.10601219086089347 0.17668698476815578
0.0698986890600458 0.11649781510007633 0.10582475162329842 0.1397973781200916 0.10150415138511153 0.18688245847119317 0.10484803359006871 0.17474672265011446
0.058536757118747174 0.09756126186457861 0.06461716855383995 0.08780513567812076 0.1373246416718357 0.2731786009428914 0.10536616281374489 0.17561027135624152
0.06822934480491451 0.12071345619331028 0.08528668100614313 0.15089182024163783 0.0818752137658974 0.2095892824907597 0.10234401720737175 0.18107018428996538
0.08302957385706995 0.1383826230951166 0.11786581808969518 0.1660591477141399 0.08250695363970383 0.18052466217737165 0.08686170803508857 0.14476951339181426
0.10997845970246697 0.08002815219874308 0.1531090887257104 0.0960337826384917 0.14511823822532094 0.1432554745944988 0.1524345756166535 0.12004222829811462
0.060341326448017873 0.10675773140803163 0.05260525895468226 0.0930708427659763 0.12068265289603575 0.2751899840859391 0.10521051790936452 0.1861416855319526
0.09289372074986836 0.07498649747278531 0.18578744149973672 0.14997299494557062 0.08360434867488153 0.11057060385638084 0.16720869734976307 0.13497569545101357
0.09684368058267478 0.0698189997715301 0.2489938913635478 0.1396379995430602 0.09135198599954043 0.07703274523115727 0.15458500559915492 0.12173569190933452
0.09371583625128607 0.1422677020677108 0.1235521218599564 0.1280409318609397 0.1282696600165296 0.21129848993130887 0.0960306988957048 0.07682455911656383
0.07972339186150595 0.14104907790881824 0.07771417403971177 0.12296586279230308 0.09566807023380715 0.25191745478874533 0.08340293302434468 0.1475590353507637
0.09118305935962132 0.07360560213367022 0.19616299519704855 0.14721120426734044 0.08970768669661837 0.10550986165777633 0.16412950684731836 0.1324900838406064
0.08944064051599959 0.1365711208351477 0.14511369745720354 0.16388534500217722 0.08551668459262317 0.15087346626047865 0.08572464200113886 0.1428744033352314
0.07809935146565883 0.11246778904232255 0.10964441942697707 0.13496134685078706 0.10029202128689037 0.19461237822579008 0.1012210101380903 0.1687016835634838
0.07584283372569 0.11103187352441535 0.1014902199256029 0.13323824822929842 0.10380446972405642 0.20811585841234015 0.09992868617197383 0.16654781028662302
0.07522869764207284 0.11047103868650225 0.09945916448425375 0.13256524642380269 0.10501241653303962 0.2121329433827236 0.09942393481785203 0.16570655802975334
0.06315502170454954 0.09280621707401125 0.062442594416299124 0.08352559536661014 0.14156639450837336 0.2892222717570041 0.10023071443993214 0.16705119073322028
0.06457263988676148 0.11424390133811647 0.08944534253307328 0.1428048766726456 0.08838782488381662 0.23232060284826966 0.09685895983014224 0.1713658520071747
0.09941618879785777 0.07023064065840436 0.21767948819828412 0.1404612813168087 0.09543016612103554 0.09883239780450655 0.15549641236537226 0.12245342473773067
0.09842731254322161 0.13923741232898904 0.11765569732944545 0.12531367109609012 0.13028590358385098 0.2199065471386812 0.0939852533220676 0.07518820265765407
0.06453083973901719 0.1300787693572286 0.09721781289919228 0.1427124340382111 0.08753363380016559 0.20987532971180606 0.0967962596085258 0.1712549208458533
0.09925071422237633 0.07014527652689344 0.22254356241408205 0.14029055305378688 0.09507840706927292 0.09507949283995712 0.15530740916007338 0.12230458471355782
0.0789381321901146 0.11166758512367259 0.12779003521623994 0.1340011021484071 0.10444654677706394 0.17515439424768767 0.10050082661130533 0.16750137768550885
0.09366934001385671 0.13683944619685687 0.09875469804081193 0.12315550157717117 0.13032430378433735 0.25099678325778496 0.09236662618287839 0.0738933009463027
0.05413940428373358 0.10901243834033862 0.05539702357029217 0.0835049588755023 0.12251953303726995 0.3140198141086823 0.0943969100331765 0.1670099177510046
0.09897722838985125 0.0887572524020161 0.13587346648513224 0.09987160093554269 0.13357555163591509 0.17463313644411446 0.14846584258477688 0.11984592112265122
0.10981120590973394 0.08781776782692481 0.15449529335533513 0.10081599090398378 0.13592538092375733 0.140285430293443 0.1498697417020416 0.12097918908478053
0.11849550958236983 0.08729737169704872 0.15784821401488752 0.10026653426274702 0.1355424436178364 0.1311771482087754 0.14905293750103885 0.12031984111529644
0.12472033038078909 0.08678733207231135 0.15786196921624077 0.0996782567589529 0.13480282430788462 0.12835695567260444 0.14817842348047328 0.11961390811074346
0.11256729414415512 0.07569377283298882 0.22053064996826285 0.13911722953140457 0.08817730416625878 0.0836029137339504 0.15510532904471522 0.12520550657826413
0.10219435043479036 0.06699070333752186 0.2691418479365494 0.1339814066750437 0.09109484489294295 0.07146961869952026 0.14832292476846515 0.11680430325516632
0.09775626514680176 0.1475340477994601 0.10903916413438454 0.12037200594934602 0.10237532582969348 0.19683316257458594 0.08164362142651294 0.1444464071392152
0.12124723748791166 0.09067830426774126 0.15186777980584257 0.0983919144089469 0.1293551356862474 0.1441231418715125 0.14626618918106135 0.11807029729073626
0.14446621728936074 0.09779269752540104 0.18626549356580752 0.11169675234186477 0.12301066631196422 0.11170755257527741 0.12453354328264624 0.10052707710767829
0.087933846094897 0.12408160238801749 0.11352419636706312 0.14067044170830878 0.093497241679364 0.17607688559717832 0.09541125611520074 0.1688045300499705
0.13751117920371694 0.09367237845278863 0.18551754954397862 0.11240685414334636 0.12861031418687685 0.11984699722267096 0.12443900824985837 0.09799571899676349
0.08701603925319577 0.12328767022813375 0.11314955839732316 0.14029710626970346 0.0940618680909544 0.1786731929410726 0.09515803729597279 0.16835652752364413
0.10508098892804223 0.06924365824663886 0.22868609347503727 0.13848731649327772 0.0952868128767553 0.08917144549090565 0.1533111521618703 0.12073253232747287
0.09856404306526619 0.1461291389652362 0.10189159164536568 0.11890824666420807 0.10834729293444707 0.2028189799474861 0.08065081078094112 0.14268989599704968
0.0921735348911247 0.14862212594199156 0.11232591512466836 0.1611788935733423 0.07852974947692148 0.18011777439298235 0.08199100238296109 0.14506100421600807
0.08031383366570505 0.11099469273702717 0.10375831324776602 0.13319363128443262 0.1000837087707572 0.20526855772544675 0.09989522346332447 0.16649203910554075
0.06572166827347237 0.10666374243315677 0.058217483043832306 0.08342344211819357 0.1276665076769685 0.2971555115626401 0.09430476065534925 0.16684688423638713
0.10129533203595031 0.07711548880192674 0.19482310221147328 0.13865849299196345 0.09540713230004867 0.11331393592856184 0.1545938720373085 0.12479264369276713
0.10465976135001166 0.06703475438670571 0.2595678730568611 0.13406950877341142 0.09305215028661172 0.07631438452070606 0.14842045741297477 0.11688111021271765
0.07289538165872358 0.1075527101366662 0.0819346422149051 0.08763871656708878 0.13285508525935374 0.24277617751846298 0.0990698535106221 0.17527743313417757
0.10234328011640326 0.0767326074126168 0.20630043576747928 0.13793215705132136 0.09553516253554381 0.10323335410277922 0.15378406166766725 0.12413894134618923
0.14203462706306713 0.09078248270668465 0.21538093036264508 0.1089389792480216 0.12607435773366674 0.10121625125226376 0.12059992818665799 0.09497244344699318
0.0769942415128131 0.10731000788697072 0.07611936939926632 0.08530665733927721 0.13649539564191407 0.2507274008968039 0.09643361264440033 0.17061331467855442
0.07500826076271123 0.122059875524488 0.09314527364256968 0.13710568309571025 0.09300363042174493 0.22215703699909392 0.09299341983882957 0.1645268197148523
0.10294048610834439 0.07785091334325377 0.2129653083771098 0.13819061186291492 0.09000038791060515 0.09960852222622707 0.15407221949492156 0.12437155067662344
0.10624914883294623 0.06649419112375045 0.2661991239779055 0.1329883822475009 0.09130088378134074 0.07360607447800954 0.14722360590687927 0.11593858965166745
0.07315062462514338 0.10730993334050315 0.08494366288732595 0.08744848929888255 0.1323335624107862 0.24106193484955252 0.09885481399004113 0.1748969785977651
0.10212626124808027 0.076451689987809 0.20926890599019393 0.1374290027258139 0.0951531896226831 0.10266176582863087 0.15322308214355665 0.12368610245323251
0.10611596335548634 0.0665012406009693 0.26472835573066983 0.1330024812019386 0.09234770620603266 0.07411415782805139 0.14723921402900814 0.11595088104784392
0.07309270622837542 0.1072454421101585 0.08500689463729208 0.08739182519536977 0.13247661429227542 0.24121210822928427 0.09879075891650496 0.17478365039073954
0.10207529307770148 0.07641738097995701 0.20954598586010004 0.13737127987246062 0.09513913991169602 0.10265804294312682 0.15315872546974335 0.12363415188521452
0.14422188835831534 0.09038912479076702 0.21602729534662155 0.10846694974892043 0.12551850934590306 0.10073792973171501 0.12007737212741698 0.09456093055034087
0.08806752009797017 0.12196638513003265 0.12576712756884717 0.1390358544582119 0.09306949229752277 0.17094801555199132 0.09430257954556982 0.1668430253498543
0.11997947697112517 0.07688004545741702 0.1567557580242942 0.09225605454890042 0.1521237755371926 0.14024663945129362 0.14643818182365143 0.1153200681861255
0.08338877060757972 0.11976296234465099 0.11221492653570045 0.13836318205901701 0.1017343884528642 0.18465361935020802 0.09384633217915937 0.1660358184708204
0.10382579113462467 0.07687761796962217 0.22090437034049135 0.13667491635824086 0.093899200525968 0.09242834682982144 0.1523823321188148 0.12300742472241678
0.13938706638256662 0.09474773294603361 0.2177322577377344 0.10960072118428699 0.11882735971776937 0.09886758800356797 0.12219662496218266 0.09864064906585827
0.1289006146582101 0.08248068540447218 0.18652537281205575 0.0935871459543134 0.14236486713567 0.1147131607251828 0.13912357816491963 0.11230457514517607
0.11048705895393772 0.07139499586496109 0.2470308553825342 0.131220813348654 0.09752220382752329 0.07794392632286314 0.14630141428573806 0.11809873201378858
0.10530084439339 0.07008901867398996 0.2713028199491561 0.1303547093527825 0.08904447725062062 0.07125311899758847 0.14533577296496797 0.11731923841750426
0.10342470387484178 0.06949486314472253 0.2802651307135446 0.129400645986103 0.0870043922436531 0.06967761913976334 0.144272063509879 0.11646058138749271
0.081665420002197 0.120659644993919 0.14087906264476827 0.14048916939546802 0.09160211041628714 0.16082928307413363 0.09528830619866525 0.16858700327456158
0.10559016564035409 0.06836532470285939 0.23935213117636556 0.13673064940571877 0.09404476316272212 0.0853494374583356 0.15136644948455638 0.11920107896908816
0.07245248888464631 0.10652786696433524 0.08114939772449234 0.08663812935819737 0.13667996264039697 0.24533714078487917 0.09793875492665788 0.17327625871639474
0.07405101182116212 0.12147556028290137 0.09441945721602112 0.13644909140410924 0.09750405482622174 0.21981383537751853 0.09254807938713498 0.16373890968493107
0.10223400620958793 0.07737643201110114 0.2139198846867806 0.13731369201937121 0.09363122746192051 0.09884791548265498 0.1530945193111497 0.1235823228174341
0.1048297625256425 0.07149763314435698 0.2597010774855257 0.13227094196621145 0.08957450616347372 0.07561000161869211 0.14747222932650736 0.1190438477695903
0.13845859817524223 0.0932819712576421 0.23033745104310357 0.10842497170317938 0.11671468179729519 0.0943140994574299 0.12088575203324627 0.09758247453286144
0.11104831860949642 0.07104193939731802 0.2633297678477286 0.1291358833353941 0.09176083842265925 0.07348408447280366 0.14397687291274536 0.1162222950018547
0.104852330182135 0.06964654665623662 0.277203412131179 0.12955293766776496 0.08757549584444695 0.07012977624736763 0.14444185736988124 0.11659764390098848
0.08193206623157229 0.12069354492986151 0.1402220204052913 0.14050952698598818 0.0917132475643146 0.16101604754407267 0.09530211395571372 0.1686114323831858
0.1056708176836339 0.06837816628522035 0.23909742402957515 0.1367563325704407 0.09408421957934973 0.08539468862773371 0.15139488180366245 0.1192234694203842
0.08203522907063225 0.1205413789338131 0.13172963725793072 0.1405369232910934 0.09455318533182186 0.16663864236795933 0.09532069579743728 0.16864430794931207
0.10595592073927673 0.06854711570693922 0.23571950349787318 0.13709423141387844 0.094887673932229 0.08650855709715513 0.15176894971336966 0.11951804789927863
0.07231118560470386 0.10621287018015274 0.08047424371001455 0.08635257915599742 0.13905560669464986 0.2452723972965766 0.09761595904591013 0.17270515831199484
0.10127257315928585 0.07577640831095012 0.2063716964170602 0.13616510005883686 0.10304990485704164 0.10300180215290038 0.15181392499097182 0.12254859005295317
0.10460084761666694 0.07133567235111368 0.2564409897130956 0.13213650461582999 0.09296364206142399 0.07627714777415272 0.14732234171347014 0.11892285415424698
0.10364855868413625 0.06982305020913185 0.27472301770252905 0.12984785178940353 0.08958920472715011 0.07073458567019425 0.1447706646069917 0.1168630666104632
0.08161599604523552 0.1205180534970602 0.13956422786887512 0.1402591402413951 0.09358613285752579 0.16101319477563555 0.09513228642459844 0.16831096828967412
0.14240693289394296 0.09220816547860171 0.19322585995980626 0.11064979857432204 0.1273867164958525 0.11516472412765218 0.12249387550759298 0.09646392696222948
0.08718718402315873 0.12104947849345987 0.12012335168640252 0.1376125215841421 0.10058401256510971 0.1749712371940341 0.0933371885527225 0.16513502590097054
0.0778111970916729 0.12525725602577334 0.10434475151324123 0.13893269001678474 0.09545490865719702 0.1972473615333699 0.0942326071418192 0.16671922802014166
0.0759971216553915 0.12542876595032687 0.10067474413429728 0.13861441949557332 0.09417485570229435 0.20475605296608312 0.09401673670134539 0.16633730339468797
0.08791087619916163 0.14570710076550325 0.11602374274325954 0.16099350520684144 0.0818176922110019 0.18075623206111657 0.08189669612695846 0.14489415468615727
0.12096726884404403 0.07718752700029212 0.15420168571964293 0.09262503240035053 0.14900116477698594 0.14321216980530896 0.14702386095293737 0.11578129050043816
0.07182839823468112 0.10278838189735959 0.06697294394713682 0.0827557279507358 0.15060427214606242 0.2659888665869382 0.09354995333561437 0.1655114559014716
0.11245210862444638 0.0839141419705967 0.13897519053895743 0.09447949996673334 0.15814783364829252 0.15820570295228711 0.1404501223386066 0.11337539996008
0.12217778168972826 0.08174826172071445 0.16135509294629855 0.09373659225316987 0.1592616819391792 0.129890938621498 0.13934574012560774 0.11248391070380385
0.10940560368581034 0.07154526218781189 0.23672866236426673 0.1315253974584563 0.10501596366195103 0.0807652500910828 0.1466410028380102 0.11837285771261066
0.10513504179167173 0.0700957597629108 0.26710757450341294 0.13031189765745813 0.09304395072108292 0.07173702655216727 0.1452880411195839 0.11728070789171233
0.10329016370145049 0.06937804190754064 0.27836170804238564 0.12914673604188165 0.08993786508643757 0.0696644499120352 0.14398897287057552 0.11623206243769348
0.11985766422252209 0.08075121134793652 0.20637692273932612 0.09400622436679523 0.1387685111632829 0.10768543054785126 0.13974656637213143 0.11280746924015428
0.10751327727239766 0.07056859772548449 0.2541297744153618 0.12984755867124873 0.1001969583442626 0.07611069296499735 0.1447703378021236 0.11686280280412385
0.1041078986180023 0.06959437322287958 0.27342110606896497 0.129480444878304 0.0919408100679029 0.07056193343393076 0.14436103331954192 0.11653240039047359
0.08160843578157485 0.12031578610346626 0.13919027756950433 0.1400335562709031 0.09508289417607371 0.1607495009287816 0.09497928164461254 0.16804026752508372
0.10579279285151136 0.068349311670775 0.23857906310370258 0.13669862334155 0.09473692184356221 0.08533913306329184 0.15133099531502484 0.11917315881058207
0.12123559843682706 0.08122806307291931 0.1945199366569128 0.09469228872616178 0.14161891062188472 0.11230800889262085 0.1407664471212793 0.11363074647139415
0.08362426917321117 0.1200227884003229 0.1205779429794018 0.13796911532467898 0.10444349609804228 0.17422039750146767 0.09357905213326054 0.16556293838961478
0.10331775719911027 0.07640604065664994 0.2236548568443571 0.13571270240348163 0.0972400432550977 0.09021763211189997 0.1513095353662698 0.12214143216313347
0.10440234023824914 0.0709009928210662 0.2626676466215559 0.13122284650181357 0.092682969624639 0.07371896124126072 0.1463036810997832 0.11810056185163223
0.08169548207529095 0.1205556075183884 0.13684157009124545 0.14014836312107753 0.09551150600600489 0.16201228480405583 0.0950571506386439 0.16817803574529303
0.08081855554888076 0.11048905545564293 0.10882989409103051 0.13258686654677151 0.10384338549718296 0.19825850976694825 0.09944014991007864 0.1657335831834644
0.08991722171070965 0.145334318295722 0.08332171687505971 0.11351131816033212 0.11345034661971493 0.24126121118514204 0.0769902853609209 0.13621358179239854
0.10497723130040242 0.07826826410273456 0.2068640671044917 0.13547108166136784 0.09942870752662787 0.10202652853893299 0.1510401462702116 0.12192397349523106
0.1052585182278782 0.07135929849129301 0.2563302150739439 0.1318320561609319 0.09359915463511477 0.07598900245970662 0.14698290440629275 0.11864885054483872
0.12069107503764763 0.08115581405259262 0.19971351018912503 0.09430702261610616 0.14119437265589066 0.10957605513671076 0.1401937231725996 0.11316842713932737
0.10787560568790172 0.07070838679367739 0.2515293020288499 0.13005049340751185 0.10124993326760316 0.07654423985902171 0.14499659488867364 0.11704544406676068
0.10424252285891673 0.06963734119810137 0.27241782392995406 0.1295402692308338 0.09248042674847812 0.07066764071785682 0.14442773300810874 0.11658624230775043
0.13725671213789864 0.09229975076798914 0.23368301386969714 0.10741880453073632 0.12039006479028609 0.09251077910265522 0.11976395072307466 0.09667692407766268
0.1102719997648316 0.07054243834262991 0.26385846030078913 0.12825950316446919 0.09582229659098064 0.07281197456460782 0.14299977442366937 0.11543355284802229
0.1043365935028776 0.06931227527448405 0.2768396168008858 0.12893953731580254 0.09100668206374186 0.06976174970439698 0.1437579617535888 0.11604558358422228
0.10271877483429252 0.06903060798593923 0.2817498049354793 0.12857616051306664 0.08978353488520888 0.0690697486480435 0.14335282373621008 0.11571854446175996
0.13655629219106846 0.09205948217799595 0.23675442770285246 0.10719522869103061 0.11945136673697433 0.09199281633158377 0.11951468034656698 0.09647570582192755
0.1100152857031586 0.07045823242376535 0.26500813597609685 0.12813334328389342 0.09554559616725578 0.07266028191858213 0.14285911557174386 0.11532000895550408
0.10424216765294357 0.06927988977398215 0.2772581663598316 0.12888868939724196 0.09091844499471145 0.0697115512447568 0.1437012701190145 0.11599982045751776
0.1026841559261728 0.06901851433529956 0.2819008347133995 0.12855723040103573 0.08975385110053631 0.06905218808863364 0.14333171807399056 0.11570150736093214
0.1022029271198125 0.06890423928365676 0.2836002039296998 0.12837409514924303 0.08940182136445145 0.06885249158376605 0.14312753593505156 0.11553668563431874
0.10204291099220336 0.06885792081678448 0.2842151060200728 0.12830044574017752 0.08928444926666916 0.06878334365776492 0.14304542234016807 0.11547040116615977
0.10198765377215865 0.06884039865020855 0.2844366475260614 0.12827292922300754 0.08924353141239409 0.06875845963846801 0.14301474347699497 0.1154456363007068
0.10196820603115818 0.0688339688044828 0.28451632857780407 0.1282628929611895 0.08922899892308502 0.06874944724316731 0.1430035537940426 0.11543660366507054
0.10196129520172252 0.06883163856013862 0.2845449663554809 0.1282592650685983 0.08922379927272388 0.06874618801505561 0.1429995089645417 0.11543333856173849
0.10195882718752114 0.06883079835032875 0.2845552556297397 0.12825795836610956 0.08922193365977948 0.06874501218824086 0.14299805208878186 0.11543216252949859
0.13625588533093966 0.09198459535987544 0.23767662549270316 0.10712650871472842 0.1192346750996626 0.09186978945748857 0.11943806270134648 0.09641385784325558
0.10991829670138349 0.07043290498051033 0.26535367050538566 0.12809569551626843 0.09547594483209808 0.07262022037933556 0.14281714112037688 0.11528612596464158
0.10420948018864719 0.06927021656950101 0.27738412788002853 0.1288735232595212 0.09089470310869681 0.06969741705277896 0.1436843610072572 0.11598617093356905
0.10267281641551372 0.06901489683903418 0.28194633319326856 0.12855156647862787 0.08974549819009572 0.06904707582950843 0.14332540322318657 0.1156964098307651
0.13653708576484438 0.09205383330576501 0.23681865925014273 0.10719010774506321 0.11943625520386668 0.09198399088578751 0.11950897087397346 0.09647109697055688
0.11000888733680912 0.07045641303232494 0.26503215084809806 0.1281306699822759 0.09554071341115943 0.07265742736534377 0.14285613503994044 0.11531760298404829
0.13893013693338654 0.09233473639559611 0.2309618528439561 0.10736270290113321 0.12117310789907829 0.09290962882307398 0.11970140159275597 0.09662643261101989
0.1107171634269405 0.07058835772784318 0.26280218454664184 0.12833796417257456 0.0960404835154134 0.0729224262628616 0.14308725259240776 0.1155041677553171
0.13919507095948097 0.09238739031433987 0.2302188641105437 0.1074117302370705 0.12135515992463188 0.09300516382699997 0.11975606341356963 0.09667055721336344
0.11080018495748123 0.0706078413314976 0.26252197020793605 0.12836747523128278 0.09609781638781027 0.07295382895528799 0.14312015522054958 0.1155307277081545
0.12174331630629556 0.08079198303133109 0.20122747028927374 0.09392905799949909 0.1415130886342148 0.10844836075565684 0.13963185338432998 0.11271486959939889
0.1238503539316731 0.08096312730450209 0.18058962855072536 0.09309902210168207 0.15475158284186005 0.11662950947399343 0.1383979492735453 0.11171882652201848
0.10904597602896918 0.07097072109863999 0.24391985497702046 0.13054091833138137 0.10446376010790825 0.07802856087792433 0.14554338207991327 0.11748682649824324
0.139251628118526 0.09282516426908902 0.22403346857878045 0.10789784010828934 0.12409759079200185 0.09448821239273038 0.12029803964312259 0.0971080560974604
0.11102067667251873 0.07077884970398343 0.2602117741140636 0.12862997729442505 0.09684249520179944 0.07333642201698018 0.143412825431247 0.11576697956498253
0.10461956385114328 0.06941093350771689 0.27550706931141444 0.1290967183509 0.09131908580211753 0.06992637578310348 0.14393320687779446 0.11618704651581
0.0816695488742881 0.12023465358876721 0.13962521645234566 0.13995590324276086 0.09519411564124411 0.16044686567506064 0.09492661263422039 0.167947083891313
0.10577193861004873 0.06832218068510115 0.2387118122026028 0.1366443613702023 0.09488678354901944 0.08526614499860402 0.15127092508219384 0.11912585350222767
0.08195133185520806 0.12033470213956471 0.1315359783629151 0.14027992122805094 0.09604974183182573 0.16636603775409628 0.09514638135467804 0.16833590547366112
0.1061103815888258 0.06850263408539166 0.23553395443027053 0.13700526817078332 0.09530407197835632 0.08643273579995477 0.15167046374624768 0.11944049020017007
0.0721922719655648 0.1059538915139542 0.08032256832672673 0.08613118239794847 0.14105129860487714 0.244720737945177 0.09736568444985479 0.17226236479589693
0.10102021315513735 0.07556874742924916 0.20585219063461202 0.1357712147280214 0.1054444202932926 0.10277434826292783 0.15137477224154028 0.12219409325521925
0.10438973086547787 0.07118290928470296 0.255936560197999 0.1318503725504024 0.09484536737752207 0.07612639861487598 0.1470033258136576 0.11866533529536216
0.12045823661697015 0.08113580058865187 0.19957408365863896 0.09429993832134084 0.14158591462714018 0.10960290830902877 0.14018319189262016 0.11315992598560903
0.10782527631978048 0.07070807720096628 0.2514727234388489 0.13005210478183746 0.10134624305429164 0.07655028944982664 0.14499839145079488 0.1170468943036537
0.1042320624608196 0.06963763328180692 0.272395328277487 0.12954071001966164 0.09251034894255296 0.07066905354521921 0.14442822445475706 0.11658663901769548
0.12006839511826835 0.08074292589909388 0.2044174364812195 0.0939688009497891 0.1404450916931273 0.10790385476951617 0.13969093394923873 0.11276256113974692
0.10757311021603422 0.07056677875578919 0.2532944400290335 0.1298373988521812 0.10096156919070953 0.07615403362723049 0.14475901036205874 0.11685365896696309
0.10411456257737497 0.0695840425831813 0.27305782161652453 0.1294568016263895 0.09237858550065635 0.07056239177404368 0.14433467285807905 0.11651112146375055
0.12002528501023836 0.08072882817585277 0.2046139664162061 0.0939567375365601 0.140389043431762 0.10786505351026394 0.1396730008752446 0.11274808504387213
0.1233832240126718 0.08094396595942084 0.18165642862093406 0.09308278871614666 0.15439772439710864 0.11646270457869716 0.1383738172556449 0.11169934645937599
0.1431454685346114 0.09325232473346928 0.20071685701672776 0.10720476156142415 0.1371786376713164 0.10249235629152181 0.11952530878564752 0.09648428540528173
0.14815894448748065 0.09374297158436655 0.20665829709551603 0.10642627274857519 0.13174136224334052 0.09883115451150234 0.11865735185550101 0.09578364547371768
0.13024793531243592 0.0816144858472608 0.1817975235496313 0.09260593196751501 0.15118153217806737 0.11376053511295948 0.1376649376711119 0.11112711836101803
0.11041351812846786 0.07095287187824362 0.24428253904365518 0.1304184170434319 0.1036582834558742 0.07749099282550169 0.1454068022857368 0.11737657533908873
0.10501428442402701 0.06979653852592445 0.26970525873154744 0.12980884384758873 0.09315765772628723 0.07096228361888678 0.14472717366290863 0.11682795946282987
0.10310524760984482 0.06923337069782112 0.27917807864274385 0.12890083278718706 0.09043072678713633 0.0694261848742183 0.1437148090925802 0.11601074950846836
0.08139308706343193 0.12019358496852629 0.14042129479538196 0.13993031546477716 0.09499864933547053 0.16023743236900442 0.09490925744567495 0.1679163785577326
0.105682977460452 0.06830579709584556 0.23902924971933767 0.1366115941916911 0.09482527100642399 0.08521317281359127 0.15123465046862017 0.11909728724403841
0.08193413826480099 0.12032952797326936 0.1316038726355915 0.14027573293510853 0.09603950891301906 0.16634279915661546 0.09514354059946492 0.16833087952213022
0.10610405357887202 0.06850106517892299 0.23556089027380717 0.13700213035784597 0.09529993136451757 0.08642718451675178 0.15166699005833986 0.11943775467094266
0.08201349656605283 0.12036944228664269 0.13084400793225323 0.1402994335884722 0.09614661968516615 0.16680806381002186 0.0951596158252246 0.1683593203061666
0.10614790708332839 0.0685178731344574 0.23526076461444045 0.1370357462689148 0.09534431473737966 0.0865221290579125 0.15170420425374365 0.11946706084982316
0.07219532763184563 0.10595200794740255 0.08028241950641649 0.08612853873785145 0.14106143497439919 0.24476049776185402 0.09736269596452773 0.1722570774757029
0.10102176279358746 0.07556920254954339 0.20583508542944237 0.13577219004866564 0.10544880020375555 0.10278212827993312 0.15137585965127348 0.12219497104379907
0.08097635056499589 0.12102153101830844 0.1240790017707726 0.14010320782920624 0.09809844990885917 0.17257108594169646 0.0950265235711138 0.16812384939504746
0.08054563490583733 0.11028761170672882 0.1059098655817093 0.13234513404807458 0.10440248718971186 0.2018189984717888 0.09925885053605595 0.16543141756009325
0.0762355787045901 0.12326949079098455 0.10072868228536742 0.13806690749129877 0.09638948624506938 0.20598418475990252 0.09364538073322874 0.1656802889895585
0.11548339904165265 0.08709909398153871 0.15236216602421693 0.09640682222437737 0.144905735150287 0.1447393805870628 0.14331521632161173 0.11568818666925285
0.10835483929513103 0.0722755530130709 0.23361553230562906 0.13219998066084976 0.10358881044043024 0.08359218892347546 0.1473931127666489 0.11897998259476478
0.10497691295699295 0.07019345487897079 0.2659258864874551 0.1303965739456918 0.09352086169364336 0.07224694462428509 0.14538244886183843 0.1173569165511226
0.1376735873996062 0.0924992442375463 0.23157568422844954 0.10759917505649363 0.12085778387027277 0.0929902172579801 0.11996505039880709 0.09683925755084426
0.09958674673317616 0.1395432117524714 0.14826792110888606 0.15854440137931672 0.08656138384950691 0.14415552627708347 0.08065084765817415 0.14268996124138503
0.10860216955334726 0.07707675284573395 0.2401222153394331 0.13444191902615749 0.09196511550689979 0.08175332129571458 0.14883273087144824 0.11720577556126552
0.09840400176169119 0.14485600987715752 0.10975773260872071 0.11676087290516594 0.11391117660795455 0.19700282756525916 0.07919433118785167 0.14011304748619913
0.10620608304835254 0.07769792200161661 0.21768138112652272 0.13460002525821962 0.098824031490713 0.09378155095726735 0.1500689833849105 0.12114002273239764
0.10515887531689107 0.07105441234928686 0.2603041209194186 0.1313314113021599 0.0931534058588454 0.07437478133113576 0.14642472275031854 0.1181982701719439
0.12058444251366308 0.08106941760773897 0.20088726201452944 0.0942309587427289 0.1409753382187598 0.1090947812952486 0.1400806491160567 0.11307715049127467
0.1421291119666456 0.09317081991245534 0.2076102982455278 0.10711077257955073 0.133391628459141 0.10076715543012219 0.11942051808496179 0.09639969532159566
0.112104682708672 0.07106881129135914 0.25382176615915564 0.1291038789377346 0.09911610671461173 0.07465007274676291 0.1439411903977429 0.11619349104396115
0.10505700537738129 0.06956748362387728 0.2731537587727438 0.12935576355792058 0.09195134063487247 0.07027243787918565 0.14422202295189054 0.1164201872021285
0.1029967328269205 0.06913280701379569 0.2804149235826813 0.12873814993621127 0.0900860324177744 0.06923358942577347 0.14353342985425346 0.11586433494259016
0.10231974344351974 0.0689463179880389 0.28306367666283516 0.1284396663274854 0.08951964991963104 0.06891460305833258 0.14320064290542028 0.11559569969473688
0.10208534688765465 0.06887265898310041 0.2840205866788927 0.1283230844091843 0.08933210844431744 0.06880477586192704 0.1430706627666577 0.11549077596826585
0.10200240087497264 0.06884513847693796 0.2843650735311296 0.1282799741646822 0.08926727422538563 0.0687655639174575 0.14302259806122028 0.11545197674821397
0.0811714066384551 0.12009266631474158 0.14153510231783423 0.13985964966549283 0.09471930447383392 0.15992896339184706 0.09486132759920382 0.16783157959859135
0.10477691665450904 0.0760617221232084 0.2379752884937786 0.13512391509717292 0.09403665401399669 0.08463743882187033 0.14958772855690283 0.11780033623856101
0.07202171659793531 0.10679009400769811 0.08069419250522951 0.08616661055048887 0.14073111926618054 0.2438573123057198 0.09740573366577002 0.17233322110097773
0.10098131363993842 0.07563131337336033 0.20602785410833965 0.13577785429118625 0.10537658113132628 0.1026228397348022 0.15138217485897928 0.12220006886206762
0.0809717325225089 0.12103285451583759 0.12412444065581393 0.14010800792786826 0.09808630432003945 0.17251727125428387 0.09502977929020628 0.16812960951344189
0.11768279842513979 0.08554611949961342 0.15493307883127602 0.09110871566201023 0.15260743465115947 0.13961894936597055 0.14461700898731783 0.11388589457751278
0.1233155521367477 0.08171739413478972 0.16625591217490668 0.09354275309413894 0.15887976428252823 0.12497973526726182 0.13905758519666028 0.11225130371296672
0.10939370693000794 0.07133908046849602 0.2384076688575982 0.13112806336361088 0.10576681504108551 0.07975140333789589 0.14619800497405572 0.11801525702724981
0.08251754452544015 0.12052698975002571 0.13143517027615684 0.14005359078158452 0.0982576125874999 0.16415191287214295 0.09499287026924864 0.16806430893790142
0.11805331954422811 0.08545408321398879 0.15715380925815348 0.09105141639788158 0.15257403632886526 0.1373730069851157 0.1445260577744152 0.11381427049735197
0.0977864982703741 0.14189847897610874 0.09227575384325563 0.11329571591571898 0.1258821057724492 0.21606253732822098 0.0768440507950094 0.1359548590988628
0.11932012829905149 0.08714134545334996 0.14734609708654647 0.09455685887683252 0.15201395943706184 0.14558825864074204 0.1405651215542167 0.113468230652199
0.12381508764517579 0.08189428451587812 0.16388667307518975 0.0935981198263953 0.15878907743212245 0.12655912215074352 0.1391398915628205 0.11231774379167438
0.09708066814267885 0.1386396433556121 0.1314947972960186 0.15924410798283994 0.09374713978343553 0.1554671608896752 0.08100678536518381 0.14331969718455592
0.08246862807879696 0.12440038550246388 0.10636334276977061 0.1303037543446345 0.10230950107041106 0.19354687954465397 0.0977278157584759 0.16287969293079313
0.0766676911751812 0.12508433485750287 0.10095713931521329 0.13827435620014333 0.09608455725882413 0.20321660867808344 0.09378608507487984 0.165929227440172
0.10505378370134531 0.07737066665776493 0.2216954803188818 0.13680249560384106 0.09560265174658512 0.0927652216761503 0.15144598617926236 0.11926371411616912
0.08179593331399639 0.12140248555033531 0.12772417009273185 0.14029457020749514 0.09617319161286357 0.1690998477893695 0.09515631718421408 0.16835348424899413
0.11792487519079874 0.0855696446421518 0.1560593876596651 0.09110292074193047 0.15213422981412397 0.13872248032244008 0.1446078107014769 0.11387865092741307
0.07133500133727022 0.10355600081704255 0.06718930277886319 0.08267325688287615 0.15295954954610702 0.26348364970014165 0.09345672517194695 0.1653465137657523
0.10092061451170148 0.07544306388051075 0.19988667054761658 0.13578329560792946 0.10814601532386311 0.10622713256016268 0.15138824152107952 0.1222049660471365
0.08091746264756132 0.1209447029863202 0.12271943517826571 0.1400313724927503 0.0986129472977388 0.17375863193271968 0.0949778004733437 0.16803764699130033
0.10535638964163445 0.07655560230942948 0.2304507736334458 0.13589542227855816 0.09547150501860158 0.08735555615441128 0.15044181872107373 0.11847293224284557
0.08187094202188502 0.12131858696693687 0.12969512416673287 0.14029763415824142 0.0961699076760958 0.16713224867810658 0.09515839534211157 0.16835716098988968
0.10537211742148561 0.07643241144210587 0.23327213618068063 0.13563477572182092 0.09478099345120372 0.08610859160301537 0.1501532722683569 0.11824570191133106
0.09765839953272325 0.14468418112800724 0.10841154842992189 0.11670544605076474 0.1145373113984979 0.1987998408777792 0.07915673732138825 0.1400465352609177
0.13841621540374788 0.10141049194908527 0.17709219826322992 0.10981514179704371 0.1291765393903175 0.12282009763536812 0.12243568794386815 0.09883362761733934
0.08639441091063349 0.12203093917151317 0.11645256313099873 0.13750002862031152 0.1017331495342442 0.17762798531067026 0.09326088897725478 0.16500003434437382
0.10669544159365923 0.07665397733880976 0.22762325265445701 0.13589793029310093 0.09616129427510153 0.08804838993153948 0.15044459519626963 0.11847511871706234
0.08210257876542626 0.12132680451604272 0.129072170208378 0.1402938906436667 0.09631167717256192 0.16738435365886362 0.0951558562626609 0.16835266877240004
0.10544435675365407 0.07644586244518778 0.23301824402156393 0.13565758224271224 0.09482601828039425 0.08616383171270788 0.15017852002449217 0.11826558451928759
0.07208052046112916 0.1067750406710615 0.0799704980376111 0.08612613488560436 0.14088993239173908 0.2445456252153108 0.09735997856633537 0.17225226977120872
0.10101306713351842 0.07564337791053634 0.205725412160042 0.13580061829313722 0.105429585094983 0.10275982792161105 0.15140755502234848 0.1222205564638235
0.10439388789443392 0.07119249022140096 0.2558920122634242 0.13185893658260958 0.09484853424186686 0.07612822180145416 0.1470128740704617 0.11867304292434862
0.08169282900304617 0.12060035743042462 0.13533669613290658 0.14016631754283723 0.09602200469762423 0.16291288572139723 0.09506932842035917 0.16819958105140467
0.10513700284258418 0.07623978186876472 0.2355001896227184 0.1353790100656627 0.09457754361124888 0.08527361609188981 0.14987012917322037 0.11802272672391108
0.12108777805087591 0.08187298518153127 0.1935635851613847 0.09470619607430648 0.14202354851870627 0.11231135039565553 0.14078712132837204 0.11364743528916776
0.1424886010324182 0.09339490236239485 0.20516440436280547 0.10728984429491853 0.13386644792131594 0.10161477047668424 0.11962016968403603 0.09656085986542666
0.10060811609754576 0.13972605346946143 0.1416440507528517 0.15861032073868966 0.08897402595253051 0.147003763774419 0.08068438054968127 0.14274928866482067
0.10908655573530647 0.07722508512448618 0.23744293836195857 0.1346757379344883 0.09271155964713677 0.08235692749557295 0.14909157801457396 0.11740961768647701
0.07275610137359542 0.10701088240156251 0.08070291769869944 0.08624514475663503 0.14045645436632562 0.2428436984258897 0.09749451146402222 0.17249028951327006
0.10115674308768846 0.0756505956408726 0.20603818475474434 0.13578596616506053 0.10532018750901212 0.10244973430108201 0.15139121899298538 0.12220736954855446
0.13831128463735679 0.09429409954109093 0.21194562344038795 0.10915318612085606 0.12559645414535336 0.10076382784158816 0.12169765676459623 0.09823786750877045
0.12793536650046436 0.08186170147206648 0.18381306832733246 0.09286208315798308 0.14956159582131112 0.11448596131133572 0.1380457236199271 0.11143449978957969
0.1254586150634807 0.08103261024245993 0.17496035460676054 0.09307132873278233 0.15728911387378475 0.11814560178071955 0.13835678122067344 0.11168559447933878
0.10956725074006732 0.07107587945888925 0.24170038582428346 0.13072497791778054 0.10514014487397866 0.07839028627603997 0.14574859478295832 0.1176524801260025
0.10491660136550263 0.06986951874817396 0.2687715034978711 0.1299319445481125 0.09353631670546945 0.07117094328419611 0.14486442175737319 0.11693875009330125
0.08175005127669217 0.12034909576465146 0.13816660141149414 0.14003482587993588 0.0957011487471341 0.16097634309343015 0.09498014277073911 0.168041791055923
0.10505175897256487 0.07614945361020542 0.23661157350850245 0.13524744904666397 0.09442363663754987 0.08488361000518906 0.1497244857171046 0.11790803250221986
0.0976082959360502 0.14465902983198528 0.1090464447315867 0.11671347617895936 0.1144665170239555 0.1982878810395915 0.07916218384312024 0.1400561714147512
0.10604294447763662 0.07769898066499074 0.21739573334141202 0.134624743370028 0.09896033343069018 0.09401845344727557 0.15009654223494168 0.1211622690330252
0.1051324789269841 0.07106164313706297 0.2602002289930831 0.13134489827526963 0.09318996780561146 0.07442061469540058 0.14643975971884537 0.11821040844774267
