Action: 0
[0.1694385325000467, 0.09044549402181738, 0.27019221468254073, 0.08952184084530451, 0.11180608438205689, 0.08955215187762479, 0.08952184084530451, 0.08952184084530451]
[0.13688956814091902, 0.09070026045785362, 0.2941808211028052, 0.09070026045785362, 0.11542830846700766, 0.09070026045785362, 0.09070026045785362, 0.09070026045785362]
[0.10536598975278502, 0.09002514346602614, 0.2797122842278668, 0.09002514346602614, 0.09256355707241884, 0.1622575950828247, 0.09002514346602614, 0.09002514346602614]
[0.125, 0.125, 0.125, 0.125, 0.125, 0.125, 0.125, 0.125]
[0.15168080464868708, 0.0892665411778624, 0.19570792538143578, 0.08914505842394652, 0.11645778852986943, 0.1794517649903058, 0.08914505842394652, 0.08914505842394652]
[0.1272529303629696, 0.08670044734138431, 0.22978673986670575, 0.08670044734138431, 0.1399468457541165, 0.1562116946506709, 0.08670044734138431, 0.08670044734138431]
[0.125, 0.125, 0.125, 0.125, 0.125, 0.125, 0.125, 0.125]
[0.125, 0.125, 0.125, 0.125, 0.125, 0.125, 0.125, 0.125]

Action: 1
[0.0940300730347859, 0.0940300730347859, 0.0940300730347859, 0.0940300730347859, 0.12497042462663419, 0.31084913716465035, 0.0940300730347859, 0.0940300730347859]
[0.1111111111111111, 0.1111111111111111, 0.1111111111111111, 0.1111111111111111, 0.1111111111111111, 0.2222222222222222, 0.1111111111111111, 0.1111111111111111]
[0.09254367322890063, 0.09254367322890063, 0.09254367322890063, 0.09254367322890063, 0.15087758174279634, 0.29386037888379984, 0.09254367322890063, 0.09254367322890063]
[0.125, 0.125, 0.125, 0.125, 0.125, 0.125, 0.125, 0.125]
[0.09249971231810333, 0.09249971231810333, 0.09249971231810333, 0.09249971231810333, 0.15451322706101078, 0.29048849903036916, 0.09249971231810333, 0.09249971231810333]
[0.0940886311479117, 0.0940886311479117, 0.0940886311479117, 0.0940886311479117, 0.2208195841838611, 0.2146486289286687, 0.0940886311479117, 0.0940886311479117]
[0.125, 0.125, 0.125, 0.125, 0.125, 0.125, 0.125, 0.125]
[0.125, 0.125, 0.125, 0.125, 0.125, 0.125, 0.125, 0.125]

