Action: 0
[0.12636743266562264, 0.10078375133300317, 0.21523126091332292, 0.10078375133300317, 0.10263317861475281, 0.152633122474289, 0.10078375133300317, 0.10078375133300317]
[0.12683821481250387, 0.11312909537704496, 0.2069789753519702, 0.10012581490956518, 0.15255045482022034, 0.10012581490956518, 0.10012581490956518, 0.10012581490956518]
[0.25886099865081746, 0.1028432190954506, 0.12407955025877683, 0.10284321909545037, 0.10284335561315364, 0.10284321909545037, 0.10284321909545037, 0.10284321909545037]
[0.125, 0.125, 0.125, 0.125, 0.125, 0.125, 0.125, 0.125]
[0.10539085870284336, 0.2100277346032342, 0.15948611467688642, 0.10501386730129068, 0.10503982015353186, 0.10501386995963212, 0.10501386730129068, 0.10501386730129068]
[0.1037938203115204, 0.10303945305242236, 0.2313341301624133, 0.1023161458312565, 0.10233803705115997, 0.15254612192871433, 0.1023161458312565, 0.1023161458312565]
[0.125, 0.125, 0.125, 0.125, 0.125, 0.125, 0.125, 0.125]
[0.125, 0.125, 0.125, 0.125, 0.125, 0.125, 0.125, 0.125]

Action: 1
[0.10266560180688736, 0.10266560180688736, 0.10266560180688736, 0.10266560180688736, 0.15291697870841664, 0.23108941045025924, 0.10266560180688736, 0.10266560180688736]
[0.1111111111111111, 0.1111111111111111, 0.1111111111111111, 0.1111111111111111, 0.1111111111111111, 0.2222222222222222, 0.1111111111111111, 0.1111111111111111]
[0.10391500938833387, 0.10391500938832765, 0.10391500938832765, 0.10391500938832765, 0.11305745724620958, 0.2634524864238183, 0.10391500938832765, 0.10391500938832765]
[0.125, 0.125, 0.125, 0.125, 0.125, 0.125, 0.125, 0.125]
[0.10265429712129912, 0.10265429627130633, 0.10265429627130633, 0.10265429627130633, 0.15366815671802406, 0.23040606480414513, 0.10265429627130633, 0.10265429627130633]
[0.1050704712492576, 0.1050704712492576, 0.1050704712492576, 0.1050704712492576, 0.10507542333183528, 0.26450174917261915, 0.1050704712492576, 0.1050704712492576]
[0.125, 0.125, 0.125, 0.125, 0.125, 0.125, 0.125, 0.125]
[0.125, 0.125, 0.125, 0.125, 0.125, 0.125, 0.125, 0.125]

