0.125 0.125 0.125 0.125 0.125 0.125 0.125 0.125
0.13585418317672365 0.10698516925166987 0.16302501981206838 0.12838220310200385 0.11843698020534883 0.0932691219117122 0.14212437624641858 0.11192294629405464
0.07326493705501909 0.10877172100293205 0.0587367293415833 0.09789454890263884 0.13052606520351845 0.2175434420058641 0.1174734586831666 0.19578909780527767
0.07295173961840627 0.1290684624017957 0.09118967452300783 0.16133557800224463 0.08754208754208752 0.15488215488215484 0.10942760942760942 0.19360269360269358
0.1045515041676174 0.07719829214276654 0.19605915464829596 0.15439658428553307 0.08546168279541105 0.07680726596678161 0.1709233655908221 0.13460215040277243
0.08028562446262925 0.12197727341901826 0.10379901671987422 0.1463727281028219 0.09148295506426368 0.16333694602574872 0.10977954607711643 0.18296591012852736
0.0964343604577541 0.14946679302454774 0.08857124972877589 0.13452011372209297 0.11210009476841082 0.23730523477359303 0.10089008529156974 0.08071206823325579
0.06128613167980649 0.10842930989504225 0.05342893531060053 0.09452811631875478 0.12257226335961298 0.2638411401774724 0.10685787062120106 0.18905623263750956
0.12433680728100947 0.10036826611840524 0.15542100910126186 0.12546033264800655 0.11190312655290854 0.1297172507240668 0.13987890819113566 0.11291429938320588
0.10549086257873849 0.07637011958819027 0.18921552017372514 0.15274023917638055 0.08514698407817632 0.08327609098969413 0.17029396815635264 0.13746621525874247
0.10354953950950874 0.07419276313831946 0.2219192412332066 0.14838552627663892 0.0821344386390838 0.07618787306851775 0.1642688772781676 0.12936174085655702
0.06789904390192994 0.10293121935585098 0.07646347412603936 0.09263809742026588 0.12351746322702117 0.2401087902240419 0.11116571690431905 0.18527619484053176
0.062250042228633146 0.10346940414950598 0.054683537530782374 0.09020409592521034 0.11696541338639804 0.29004946736142034 0.10196984756762908 0.18040819185042067
0.09699337936441157 0.07382512654227878 0.19264037838359854 0.14765025308455756 0.08230950675683918 0.10907711457853424 0.16461901351367836 0.13288522777610182
0.11388851561583653 0.08200405828238358 0.16595429698551234 0.0984048699388603 0.13016517187679932 0.13037879362487337 0.1561982062521592 0.12300608742357537
0.07510354049798713 0.119728005541873 0.10845428619860127 0.14966000692734124 0.08120682115013995 0.18474680493357296 0.10150852643767495 0.1795920083128095
0.09871378395234594 0.07241532723100742 0.21832204818877604 0.14483065446201485 0.08653693673583245 0.09258513954222686 0.16033348804911696 0.1262626218386796
0.07577081660566835 0.11504013931988831 0.12354835893034402 0.13804816718386595 0.0936732159760616 0.17782296761643976 0.10353612538789948 0.17256020897983243
0.07295213529715144 0.11308230960218246 0.10412459922189597 0.13569877152261897 0.0926972048142369 0.2100474364966764 0.10177407864196424 0.1696234644032737
0.07166807083802287 0.11127632152372041 0.09921317217062751 0.1335315858284645 0.09718501501181949 0.22006266297041624 0.10014868937134838 0.1669144822855806
0.07065129150594356 0.11678832411001686 0.09667083825937359 0.1459854051375211 0.08676421296462639 0.20894125402508748 0.0990161878324056 0.17518248616502527
0.12995395745678964 0.09555509531086108 0.17777225498331392 0.11466611437303331 0.12204306152267635 0.13310408367864593 0.126940102195625 0.09996533047905468
0.07439401515268454 0.12762934751888405 0.10803093563175611 0.14567923327676235 0.08865031449878935 0.1819925505491178 0.09880852343989098 0.1748150799321148
0.0919967845950652 0.13544790422126457 0.12163574031957658 0.1625374850655175 0.08199459564762099 0.1796685366236692 0.08501960757273223 0.1416993459545537
0.07758171181317644 0.11099710067067538 0.10542725619889023 0.13319652080481045 0.09548444416861404 0.21091992473421262 0.09989739060360785 0.16649565100601307
0.1076191781818817 0.08957425261548262 0.14807822288098335 0.10075305322893041 0.1400487672146472 0.14324668138244093 0.14977618062091744 0.12090366387471647
0.09608133290020095 0.07628126938192084 0.21909643005258672 0.13987108021907146 0.10312828708550495 0.08371181185960103 0.15594581630394982 0.12588397219716432
0.07888490444984006 0.11199724226040453 0.12744976039744654 0.13439669071248544 0.10422250376528606 0.17425551698956643 0.10079751803436408 0.1679958633906068
0.1062704960874961 0.08845269493787603 0.15915871064808576 0.09928543082465639 0.1464653525727826 0.13363033659420537 0.1475944613453101 0.11914251698958767
0.09395939078199352 0.0745912958683764 0.23255180303613818 0.13671784789574307 0.10590967896979807 0.0807937227624983 0.15243019757928367 0.12304606310616874
0.0709779450339732 0.12329420997249785 0.13086436212197847 0.14313134067642186 0.09950894109249055 0.1633852047017067 0.09708038758922527 0.17175760881170624
0.07736426706535306 0.11064517758098989 0.10722686245583506 0.13277421309718787 0.10222094370331165 0.20422010990294676 0.09958065982289092 0.16596776637148483
0.07242123669623479 0.1251435893602468 0.1020244300628469 0.1403907115033237 0.09692728968541328 0.19940236282482215 0.0952215260631239 0.1684688538039884
0.09674045284787874 0.07791026145028265 0.21749803194511422 0.13793118573176816 0.09682582246005046 0.09517319968746238 0.15378297871885196 0.12413806715859134
0.07518735240217028 0.12209506973192319 0.12967984494951448 0.1411309686010324 0.09657184339779092 0.17025414511041229 0.09572361348591764 0.16935716232123887
0.09393875733041589 0.1331033522581092 0.1288986105269192 0.15972402270973102 0.0875115924318177 0.17402913050174107 0.0835479503404747 0.13924658390079114
0.06120893298588991 0.08149668189899634 0.07894861760877245 0.0977960182787956 0.12073327188380008 0.2468692188515998 0.11735522193455472 0.1955920365575912
0.05835484770046723 0.10067226592178144 0.05612278575731187 0.0808511919375088 0.1414093753738851 0.3094901498524963 0.09139699958153169 0.1617023838750176
0.0935175936460394 0.07532780656073164 0.19643263040269182 0.13586910833160898 0.10762230745607652 0.11746443980035583 0.15148391630404762 0.12228219749844807
0.07402212064190458 0.12042040447363091 0.1253347274645644 0.13944078610979763 0.09932271321279414 0.17955307592586253 0.09457722883968883 0.16732894333175713
0.0952746508215761 0.07619193718988758 0.23040106491234832 0.13527094399747597 0.09781290331404943 0.09248764245631562 0.1508170077106187 0.12174384959772837
0.11020917505645086 0.08162351138754256 0.19964084614397465 0.0944122789866303 0.1453930023112217 0.11507625749338198 0.14035019383684147 0.11329473478395634
0.075030277351267 0.11939639840697183 0.12639055666842242 0.13715785620625318 0.10768909187092182 0.17671758523050574 0.09302880681815433 0.16458942744750377
0.09811885166739974 0.07556210041124671 0.23128803952765964 0.13414657593842746 0.09908795457025343 0.09150113830758452 0.14956342123284377 0.12073191834458474
0.09888318988757507 0.06965889723662591 0.27565188706957 0.1289104813642197 0.09352564826986515 0.07362489640841786 0.14372556653592852 0.11601943322779774
0.13022796017305271 0.0909716846758008 0.24568486108896304 0.10577522252207211 0.12141724431985308 0.09279384751160535 0.11793147943878786 0.09519770026986489
0.1232059376708888 0.07982835057610489 0.20207105038999393 0.09068019598681529 0.14899317790093955 0.11160285049575408 0.1348022017953254 0.10881623518417835
0.10624893948389227 0.06911382919568183 0.26054066122851843 0.12706275971461514 0.10449348573627835 0.07651834611156558 0.1416654947862948 0.11435648374315363
0.13532621443121262 0.09050728811329058 0.23906739798040313 0.10524357793769794 0.1247035894814932 0.09309397650979477 0.11733873540217965 0.09471922014392815
0.1093256002346444 0.06871491014329954 0.27571058693656647 0.124894422999635 0.09752326917012857 0.0721782686507899 0.1392479611652647 0.1124049806996715
0.10296912718268027 0.0672653538950893 0.29264848318596515 0.1251514269804926 0.09126962568986338 0.06852519735894672 0.1395345014245194 0.11263628428244336
0.11861499510196952 0.07849455388926552 0.22000718218845763 0.09140927014503308 0.14007819582182326 0.10581865918022786 0.1358860194991835 0.1096911241740397
0.14151298606379542 0.09039577724580916 0.2213002454091481 0.10397280863168187 0.13434864328364965 0.09897208913789994 0.11592192245950203 0.09357552776851367
0.10217486234729217 0.1365959891657547 0.1514837008514621 0.15512972500012842 0.09049799303095862 0.14558716047378847 0.07891381663050011 0.13961675250011557
0.09462473263094866 0.1453473737152969 0.13255572140563332 0.15845513722521073 0.08263218734401888 0.1631697848051164 0.08060543937108547 0.14260962350268966
0.08256596153592273 0.109840601146163 0.10709385753213743 0.1318087213753956 0.1005678803569327 0.20450553530265744 0.0988565410315467 0.16476090171924448
0.06605653932046199 0.10368853825741885 0.06118904456919089 0.08088858566441845 0.137589732301581 0.29737111780701025 0.09143927075108173 0.1617771713288369
0.10049083547560915 0.07447372477469631 0.19853787691383842 0.13370457126864227 0.10720777286364477 0.1161804855503347 0.14907061901145638 0.12033411414177804
0.10540644440325989 0.06969478138614914 0.26108606774525006 0.12900639881598103 0.09606043781309893 0.07880760356525446 0.14383250733662362 0.11610575893438291
0.08300119759511028 0.11814634167236153 0.14273568092233704 0.13726549954501993 0.0970568487913787 0.16397401493705946 0.09310181708270918 0.1647185994540239
0.10341049877311734 0.07452169664199375 0.23791379086040174 0.13229849456877568 0.09597167901124068 0.08931224661037059 0.14750294842220213 0.11906864511189813
0.10480420584644567 0.06874638397592968 0.2775745825556568 0.12722331073267884 0.09228550599415089 0.07302053404571052 0.14184449719001654 0.11450097965941095
0.10351302672910996 0.06718434885712635 0.2934444468159026 0.12498738120759617 0.0900184290208774 0.06901212165258916 0.13935160262996169 0.11248864308683655
0.1025596417297093 0.0666280639419118 0.29975401780379923 0.12412209442537223 0.08896247437105036 0.06787695030389974 0.13838687244142245 0.111709884982835
0.10207932631075275 0.06641679947609967 0.3022632022262683 0.12378841569850552 0.08851604748947889 0.06751178910787624 0.13801484556236362 0.11140957412865499
0.10186512634760686 0.06633478110144103 0.30326233694819266 0.1236582696112615 0.08833438228246034 0.06738291867142125 0.1378697423874811 0.11129244265013534
0.11971643151474474 0.07799105805382452 0.22324567393832137 0.09087358873818807 0.13842827699477236 0.1056069711650168 0.13508969310930644 0.10904830648582568
0.14282442844318421 0.0899979485954537 0.22214117627232496 0.10353490446286216 0.13346100670443983 0.09942542951447574 0.11543369199068362 0.09318141401657594
0.14989723264237292 0.0905341550590125 0.2207548530846844 0.10283086132794729 0.13133665383221454 0.09744973242282977 0.11464873643578602 0.09254777519515256
0.1329349901861162 0.07905482360555813 0.19220116274121374 0.08973696109489626 0.15211968590970235 0.11286800337174728 0.13340001977689056 0.1076843533138755
0.11243488851592727 0.06873679934014308 0.2553718684546592 0.12636525650527575 0.10528908314887042 0.07718554242001642 0.14088783076035963 0.11372873085474816
0.10605262704736494 0.0675303832154399 0.2839668618290153 0.1256203197889893 0.09360207457157511 0.07011216382353253 0.14005728191399253 0.11305828781009036
0.13836786255535077 0.0893271352212814 0.24708848479163226 0.10397189157511862 0.12052751302276606 0.0912215104063731 0.11592090000987106 0.09357470241760675
0.1479037833471547 0.09015304937282786 0.23045166805884745 0.10246464480500053 0.1273832823968987 0.09518495935247874 0.11424043234229164 0.09221818032450046
0.11460787747453555 0.0684084700715476 0.2712438091798764 0.12427868741266118 0.09816127027035387 0.07288760498342463 0.1385614619362058 0.11185081867139506
0.10597130244947495 0.06707040907799519 0.29036756937842456 0.12478259532126275 0.09145235543472732 0.06892815089974988 0.13912328164922877 0.11230433578913648
0.1032792856624825 0.06663859248155321 0.29839594954290516 0.1241500754897434 0.08949676500945551 0.06788619463303393 0.1384180692400572 0.11173506794076907
0.10233836504577752 0.0664223867890953 0.30166217547618984 0.12379417889121716 0.08882567324738586 0.06752118845609074 0.1380212710921481 0.11141476100209546
0.11991751787043115 0.07798596021380476 0.2226498569043852 0.09085805090056857 0.13886141906683275 0.10563093889319629 0.13506659507009897 0.10902966108068228
0.10823178016950526 0.06813320730654017 0.26882968985099964 0.1254048825442681 0.10143626011615023 0.07528270025916069 0.13981708546353472 0.11286439428984128
0.10454501440597433 0.06717573984935943 0.289540534985275 0.12502531803236502 0.09233159010009949 0.06946511703932558 0.13939389935847266 0.11252278622912854
0.13770663360905336 0.08917132731780715 0.24915297634312103 0.10382204621270971 0.12000035364896001 0.09095298766363508 0.11575383361327485 0.09343984159143871
0.11150953755425136 0.06804934977488043 0.2794338767259059 0.12376455918587626 0.09605254443542383 0.07181378172525488 0.13798824733111875 0.11138810326728864
0.10492732206522505 0.06686202121563782 0.2937502349780871 0.12443394220019478 0.0907440238225012 0.06855734830005117 0.1387345594381276 0.1119905479801753
0.10290296927967235 0.06654040584781061 0.299764459419196 0.12398933014055553 0.08923393514984891 0.06773965286478242 0.1382388501716343 0.11159039712649998
0.09450711489801923 0.13453850400610617 0.17466656877578626 0.15672890184859578 0.0820460036464332 0.13672958422095058 0.07972731094037264 0.14105601166373619
0.10448826970098381 0.08138799259259277 0.250337683493547 0.1293329430242324 0.09095601646506225 0.08290086624191946 0.14419657975985314 0.11639964872180918
0.08241627538241406 0.12610621527692112 0.13934551927596023 0.13622929456919758 0.09544696966351812 0.1645815725541916 0.0923989997947601 0.16347515348303707
0.1028144466619199 0.08149071832312592 0.23530505720099062 0.13131196205208398 0.09536506444632474 0.08912894718075881 0.14640303828792048 0.11818076584687559
0.1044191502901664 0.07322730003867321 0.2758729392424758 0.12659075566817427 0.09206361985034046 0.07275530931011717 0.14113924549869578 0.11393168010135685
0.12069790789573907 0.08307713374914769 0.21364397858096934 0.09093029020213468 0.14017079715400668 0.10718956053167063 0.13517398364377037 0.10911634824256163
0.10839590641098272 0.07280015420991907 0.2643964152430773 0.12510088469907818 0.10171995541197884 0.07551773724323901 0.1394781505525543 0.11259079622917036
0.1044141369145755 0.0711124263509619 0.2872306884419931 0.12459769880796448 0.09223201533712166 0.06935796938506678 0.13891713583514848 0.11213792892716805
0.12035684096543159 0.08251447735495376 0.21733019547667318 0.09060878470418139 0.13982455964634055 0.10593855607999192 0.13469604412740993 0.10873054164501768
0.0844284109354912 0.12424893650237595 0.1297434806875339 0.13356060273093523 0.10564283261304024 0.17151408270556256 0.09058893054793869 0.16027272327712225
0.10345730632758061 0.08134439434924388 0.2306269658252451 0.1313653693461452 0.0979755242781689 0.09053902402690592 0.1464625834351798 0.11822883241153069
0.10471680590623181 0.07330260130974263 0.2738633478467166 0.1267497942890511 0.09287737020796817 0.07309870388772406 0.14131656169241963 0.11407481486014599
0.10331647826802097 0.07107106723347928 0.2913822096200811 0.12444751577357918 0.09020484303446662 0.06882542891465372 0.13874969295949796 0.11200276419622127
0.10228274210890394 0.07030225915908854 0.2983975403708559 0.12352074794165686 0.08900371538565365 0.06760790589766688 0.1377164159886831 0.11116867314749118
0.10175802218855338 0.07001453484813944 0.30120228071804 0.12315803502022943 0.08850041214732439 0.06721246541008681 0.13731201814941998 0.11084223151820649
0.08171250117623344 0.1233137771594907 0.15208259657830608 0.1356295292828743 0.09475568242657444 0.15775827576694826 0.09199220247012345 0.16275543513944918
0.13330112807845326 0.11124566882021912 0.19664040551100279 0.10637285852051782 0.12382269931773922 0.11428386810624823 0.11859779897735347 0.09573557266846604
0.11177370171054621 0.08029647894418533 0.2562461387450691 0.12490414356707612 0.09824236411422992 0.07686464483597877 0.13925879887254602 0.11241372921036849
0.1225810485518434 0.0871078919187257 0.20626086009633557 0.09056745268859132 0.14214574469176858 0.10802145751622144 0.1346346013102044 0.10868094322630958
0.10881420931071996 0.07631407883112037 0.26066063529786077 0.12479112601632855 0.10236888867949542 0.07560625571217126 0.1391327927376081 0.11231201341469571
0.13870008912615542 0.09843163227719509 0.23692625964813135 0.10319151358903822 0.12280221848853799 0.09202508784825307 0.11505083679255454 0.09287236223013438
0.11145510132383338 0.0770068019533319 0.2730470713531223 0.1227918584984848 0.09657971157967066 0.07170302398863983 0.1369037586542808 0.11051267264863632
0.10453347571499934 0.07380342643156722 0.290249491233849 0.12356511589945073 0.09065654032531723 0.0682174631347292 0.13776588295058162 0.11120860430950565
0.10233641344086886 0.07298076474008575 0.2975178146608656 0.12303281155552152 0.08892428148731106 0.06730598038407243 0.13717240333130534 0.11072953039996938
0.10154529225424663 0.07267458493730503 0.30049042796125724 0.12271719499759828 0.08832349899608512 0.06698301093297392 0.1368205144226954 0.11044547549783847
0.08132407336673789 0.12772426253251168 0.15146043176703566 0.13487499390434776 0.09435232231817833 0.15693349277780494 0.09148043064816631 0.16184999268521733
0.1326613055042071 0.11543143669387378 0.19576765704927276 0.10583573063452774 0.12331903911891147 0.11373373195948681 0.1179989414686451 0.09525215757107496
0.11140201763870097 0.0832857448955665 0.2554444878148931 0.12446519165466666 0.09800761661189605 0.07660686864726178 0.1387694002478149 0.11201867248919999
0.0830575226539604 0.13329436942009976 0.13978437957296036 0.1344770133795298 0.09639339567294086 0.16041040721373998 0.09121049603133326 0.16137241605543576
0.10200796201215878 0.09105845850672997 0.23375419894055072 0.12953958455202683 0.09488996430645204 0.08773723594292294 0.14442696964233437 0.11658562609682416
0.12016092581961775 0.09292318960959782 0.19871785523728197 0.09092303113358023 0.14158347318193024 0.11142069510688085 0.1351631925508148 0.10910763736029627
0.0835317225365675 0.13596134699367404 0.12397977283140876 0.13178624536063738 0.10526593934678695 0.17194602512311946 0.089385453375041 0.15814349443276482
0.1156834029373293 0.10376954108594755 0.15966389169096343 0.09162354842128813 0.14648385308077186 0.1366229461294927 0.13620455854866115 0.10994825810554576
0.08218877032758008 0.13876749049366705 0.11362419337112487 0.13109363259920562 0.10589588306808821 0.18220198978008698 0.08891568124120033 0.15731235911904673
0.10241640457864128 0.09275200183936573 0.2214785621175889 0.1302158206033498 0.09778692694021725 0.0929751230036396 0.14518092237418254 0.1171942385430148
0.1041499058347839 0.08078659531116905 0.26903241437288217 0.1259746350427455 0.09263946090810986 0.07358750001134491 0.14045231698049385 0.11337717153847093
0.13670265524632386 0.1025544130599209 0.2398761114848575 0.10275630746722952 0.11952355777925018 0.09154066379710472 0.11456561444480665 0.09248067672050657
0.1105237135505846 0.0807349768196611 0.273793322479064 0.12202095087321733 0.09547900518574524 0.07158492112330482 0.13604425418252736 0.10981885578589559
0.10398567792655551 0.07677561259397352 0.29014338339700607 0.12297798578734265 0.09014817100828376 0.06817770538696913 0.13711127669126114 0.1106801872086084
0.1358888538922745 0.10095499784157033 0.24755317638071173 0.1020846870159001 0.11810236206314445 0.08972289672958532 0.11381680776250354 0.09187621831431009
0.11002220977748933 0.0802079812760996 0.27701508078618864 0.12166114910190344 0.09489679497565683 0.0710586478325583 0.13564310205839086 0.1094950341917131
0.10374060088478973 0.07658561501068059 0.2914596907286756 0.1228219219025648 0.08991228911857775 0.06800287553611076 0.1369372771062924 0.11053972971230831
0.10181766354056289 0.07565152848052448 0.29762717968722957 0.12245011686921198 0.08849053311492441 0.06723513088450753 0.13652274224074828 0.11020510518229078
0.10113819084722939 0.07532571497938174 0.30016383315436795 0.122195548756937 0.0879972037296065 0.06696459685805214 0.13623891779318198 0.10997599388124331
0.11842818274165955 0.08827764811250069 0.22099088895624525 0.08957142408811569 0.1374442282262094 0.10464798107137656 0.13315393789815408 0.10748570890573883
0.10691638901476908 0.07881733513719233 0.2664816478390346 0.12353804893409095 0.1005930767273439 0.0747335530027592 0.13773570530412826 0.11118424404068185
0.10340111444625082 0.07666133857949695 0.28725265684259105 0.12342256294831751 0.09160882608784356 0.06896624739366643 0.13760694704834803 0.11108030665348576
0.10189389712660274 0.07578923210994222 0.2959387678151184 0.12266699602407292 0.08902887892878963 0.06751738526040187 0.13676454631340665 0.11040029642166563
0.1012185840662593 0.075398487655499 0.2994830600992414 0.12227736417638531 0.08818601403317121 0.06705672633045853 0.1363301358802385 0.11004962775874676
0.10092419703097617 0.07522906769455713 0.30091853369107785 0.12211018856551466 0.08788606210404525 0.06688903365495628 0.13614374754990963 0.10989916970896318
0.0808041718048475 0.1320501449780148 0.15105710442244485 0.1340144159101308 0.09381630673613187 0.15654382278679324 0.09089673426948001 0.16081729909215695
0.07554349869066679 0.1482799696801645 0.1115997461909832 0.1321265228513272 0.09369637806262864 0.1905858068208672 0.08961625028176977 0.15855182742159263
0.07389573930070151 0.15226359734652425 0.10111945025423903 0.1309894756143303 0.09289503555519601 0.202804295557745 0.08884503563406751 0.15718737073719632
0.10075476752495297 0.09594482549326147 0.21599761604580062 0.13091901891644633 0.09522033572322315 0.09737138325571461 0.1459649360157991 0.11782711702480171
0.10396759435143332 0.08159045837243258 0.26681449721506456 0.1262974767426439 0.09228957089405264 0.07456041197277716 0.1408122613832164 0.1136677290683795
0.10284301518424538 0.07734139017094228 0.2877260156558139 0.123755153345774 0.08990282126589938 0.06907420584479554 0.1379777605213331 0.11137963801119659
0.10176595020434005 0.07592830242997155 0.2961816986704679 0.12269438163251148 0.08866307131134181 0.06754657305899327 0.13679507922311354 0.11042494346926034
0.0926362094237236 0.15134203045634875 0.17142873083457616 0.15334667053083467 0.0806655902320624 0.13456198047032206 0.07800678457438112 0.1380120034777512
0.07776702882637593 0.15440372872742622 0.11653796362169593 0.13177852323705683 0.0904936317432253 0.18150468019896523 0.08938021576078638 0.15813422788446818
0.07438927692230411 0.15435814518752147 0.10240531262429657 0.13109020943535232 0.0922266514428353 0.1993087936221591 0.08891335944310855 0.15730825132242277
0.10084365788025607 0.09632193847393795 0.21658907901862612 0.13086760726147642 0.0950240864104306 0.09666516856274596 0.14590761585719833 0.11778084653532879
0.10396697519350773 0.08164451123079738 0.267059687002745 0.1262670860386643 0.09222789306082972 0.07441509202241599 0.1407783780162421 0.11364037743479785
0.10283303155269456 0.0773440536482705 0.2878247542929348 0.12374192170026686 0.0898841692568977 0.0690413317946665 0.13796300822402888 0.11136772953024017
0.08123756608849864 0.13284915152659604 0.14780130628125576 0.13416985092617678 0.09437234739691507 0.15756379691052128 0.09100215975862425 0.1610038211114121
0.07562032708398275 0.1485197057524514 0.1107898100187968 0.1321182956288485 0.09382294670707443 0.19097628997553062 0.08961067007869725 0.15854195475461816
0.13112194262192423 0.12330935836535104 0.17904342476485616 0.10602687882855039 0.123648792275278 0.12321335475815522 0.11821205744018974 0.09542419094569533
0.11146937132207198 0.08658075574275553 0.24788500137788155 0.1248631506866816 0.09856859014678097 0.07904320023573842 0.13921309487007635 0.11237683561801344
0.10521299202139646 0.07863881667809476 0.2795470382032859 0.12426890673651127 0.09174764984018609 0.07019202324546552 0.13855055721219986 0.11184201606286014
0.10262766869873977 0.0763754889606197 0.29280368344928087 0.12303678866414275 0.08931963688006142 0.06792678603880825 0.13717683751061885 0.11073310979772846
0.10151445951456273 0.07559463698025037 0.29821291299978964 0.12242699029931851 0.0883634432903752 0.06720630780513644 0.13649695784118046 0.11018429126938666
0.10104250105044633 0.07529980206038168 0.3004033415385954 0.12216902180317801 0.0879779879896374 0.06694588371553671 0.13620934221936415 0.10995211962286021
0.1008460152936616 0.07518426295340719 0.30128835380621427 0.12206383189274568 0.08782217552497452 0.06684584850630008 0.1360920633192254 0.10985744870347113
0.1345463233510353 0.10032804957929203 0.2517319350756645 0.10183026387294507 0.11718013518948556 0.08920291050101663 0.1135331449449104 0.09164723748565055
0.10953045599619032 0.07997623150406233 0.27878411061156405 0.1214797940905061 0.09459164225377775 0.07086504610780531 0.13544090475463888 0.10933181468145549
0.10355137858669818 0.07649182851191874 0.292182193968752 0.12273482105241919 0.08981464772605288 0.06792362504853837 0.13684016615844347 0.11046133894717726
0.10174159258136203 0.07561174162662092 0.2979162654239355 0.12241053254807957 0.08847055922697307 0.06720122062301767 0.13647860867673947 0.11016947929327163
0.10110591249616144 0.07530787414203569 0.30027627331019896 0.12217643706986557 0.0880078190467403 0.0669492808837766 0.13621760968834265 0.10995879336287902
0.080842590923069 0.13207998560632447 0.15089786703599026 0.13401984006340828 0.0938619265049389 0.15657356852978052 0.09090041326039866 0.16082380807608992
0.10100168874109194 0.09045059314504102 0.23862741782635097 0.12894663536672193 0.09396308508842964 0.08719273245165617 0.14376587555065862 0.11605197183004974
0.09268675697371075 0.15724907839707855 0.15509205054107988 0.15403883263146984 0.0819722532601876 0.14196719440257674 0.07835888442557379 0.13863494936832282
0.10363773666292139 0.09502668017629465 0.23989202341105237 0.12821387337966583 0.09075283147414706 0.08413546823539798 0.14294890061882146 0.11539248604169927
0.10375380721818123 0.08066708575383315 0.2766695449330522 0.12504110466735968 0.09043407543932841 0.07148588750923701 0.1394115002783846 0.11253699420062373
0.102409831078542 0.07687461311170563 0.291715605773316 0.12324763272792481 0.08915552664960415 0.06826200829667091 0.13741191290710422 0.11092286945513233
0.10150783537044929 0.07572563164219624 0.2977892143969497 0.12249334220691128 0.08836985676643397 0.06729917636432796 0.1365709352665115 0.11024400798622015
0.10105773824574396 0.0753374258541459 0.3002354962151312 0.12219205628756216 0.08799537883680629 0.06697402995134343 0.13623502395046108 0.10997285065880595
0.11839888386846192 0.08827566969466781 0.22100949671342837 0.08956586806777703 0.13748021770058652 0.10464514377299074 0.1331456785007551 0.10747904168133243
0.10690584392811979 0.0788144498363771 0.2664855030300917 0.1235328005850143 0.10062122024151225 0.0747308080657962 0.13772985378657565 0.11117952052651288
0.08197860698986194 0.1332129621090699 0.1423431905168928 0.13404317654406492 0.0968655512165073 0.15978845928866403 0.09091624148206143 0.1608518118528779
0.07573360406069428 0.14857646778850359 0.10941198655632631 0.13205974550012506 0.094370538065835 0.1918050056108896 0.08957095781747614 0.15847169460015006
0.1009939001391402 0.09496019361658171 0.21985155449670368 0.13062338791631103 0.09534259415868655 0.09503199103523366 0.1456353295126632 0.11756104912467993
0.10388022254065149 0.08128421010272946 0.26841930203123077 0.1261039558510866 0.09219398516222795 0.07402826401510812 0.14059650003098761 0.11349356026597797
0.10275856509877479 0.07723527445871663 0.2883757612056156 0.123671588312281 0.08983414007668371 0.06893564962169046 0.13788459174518494 0.1113044294810529
0.11915276772400007 0.08889512370463165 0.2170300142589956 0.08980141940179677 0.13843144669730373 0.10543168355172862 0.13349584137938744 0.10776170328215612
0.14095318783540434 0.10388768011169372 0.21750886008266196 0.10162445006375806 0.13271669230912228 0.09854344663307107 0.11330367790690636 0.09146200505738224
0.11227164739497494 0.08146254894661949 0.2639510791346835 0.12268770150137964 0.09913606868013462 0.07328439161554719 0.1367876313754188 0.1104189313512417
0.1047571209130887 0.07716194687217652 0.2860503708743758 0.12339538532387301 0.09129840067848098 0.06870428252124594 0.13757664602527334 0.11105584679148571
0.10226151573245618 0.07590400000816634 0.2954197923170884 0.12269874234804537 0.08899846331239077 0.06748867707310495 0.1367999410955073 0.11042886811324085
0.13518844403355137 0.10064041755834022 0.24955093472872666 0.1019794675838794 0.11768616068251211 0.08947355863950193 0.11369949594799687 0.09178152082549144
0.10977120998587737 0.08009354724052427 0.2778599301176212 0.12157272221691239 0.09477738581921756 0.07096524194397905 0.13554451268064707 0.10941544999522114
0.08249898986613262 0.1335276621889636 0.14516804139382192 0.13387147641934802 0.09539800802254599 0.15809026639980375 0.09079978400616648 0.1606457717032176
0.07584653763965644 0.14870229495738255 0.11012082406182537 0.13207350607559437 0.09404117906337482 0.19114715983409358 0.08958029107735968 0.15848820729071325
0.10100074946495394 0.09496342768197939 0.22017696822349075 0.13059388873528222 0.09524231828014738 0.09488570762514491 0.1456024401272475 0.117534499861754
0.13726015098402852 0.10740225797383829 0.2218040438447164 0.10413793529520243 0.1217864584645795 0.09777898530551067 0.11610602636644214 0.0937241417656822
0.08666265193918148 0.14018624408501465 0.12945557775908312 0.13097158715949667 0.1002827787612514 0.16644235310943994 0.08883290259513686 0.15716590459139598
0.07638919380165936 0.1503525072364359 0.10593134215319248 0.13151394381733147 0.09485833790110823 0.1939371806159804 0.08920076189349439 0.15781673258079776
0.10115358577508689 0.09635464855505198 0.21800663723140157 0.13053857658817375 0.09545486862282015 0.09546619308711568 0.1455407712109937 0.11748471892935636
0.12006479042161351 0.09494814560597042 0.19318610497984584 0.09102889518312406 0.14205952381038228 0.11415729920858138 0.13532056657073366 0.10923467421974886
0.1418475148952222 0.10669480917418106 0.20828528638188445 0.10207179626426076 0.13437115708789035 0.10106238402230446 0.11380243553642205 0.09186461663783467
0.10030139300946322 0.16161341113806735 0.14444327038953214 0.14979878264459995 0.08872630545589653 0.14409594355004787 0.07620198943225302 0.13481890438013994
0.12003146328075737 0.11025427976408479 0.16650149324694205 0.09092075338238605 0.13989350085483496 0.12813379889145027 0.13515980652068135 0.10910490405886325
0.10924866514011973 0.0852903549115815 0.24275489745441717 0.12579884487472326 0.10298928551112047 0.08044266765896875 0.14025632406181832 0.11321896038725092
0.10481696841369126 0.07907331692022106 0.27738773801242356 0.12446722372567508 0.09290569385319418 0.07055689186634498 0.13877166585534223 0.11202050135310758
0.11986351562152431 0.08997688357719336 0.21318833773620324 0.08988178877996862 0.13963780484660904 0.10597820704455592 0.1336153158579832 0.10785814653596233
0.10749931139311279 0.07989436336768521 0.2630252986694834 0.12376001497928743 0.10132853255003135 0.0751252846791491 0.13798318087989211 0.11138401348135869
0.13756043411354427 0.10279585959326541 0.23709408478707927 0.10245626394235155 0.12194327807165371 0.09170835363811389 0.11423108830587551 0.09221063754811638
0.11074637007497118 0.08144857328232306 0.27244300199273463 0.12195368676021281 0.09607418951320867 0.07160660057612094 0.13596925971623725 0.10975831808419152
0.10402657935793232 0.07741994771828868 0.28949266072164503 0.12292083890212563 0.09029844415246845 0.06816521195668986 0.13704756217893707 0.11062875501191306
0.11937491442213412 0.08939675894444347 0.21726566278301337 0.08964403308476739 0.13841441139074584 0.10506950362477441 0.13326187604840048 0.10757283970172085
0.14090209056981087 0.10468729788029531 0.2174557710941676 0.10149218868049349 0.13259930117237287 0.09836416445559683 0.11315621633481886 0.09134296981244414
0.11219318031679516 0.08225249418468272 0.2638117628878243 0.12255455254616548 0.09904960637794764 0.07320012616819153 0.1366391802268442 0.11029909729154895
0.10468622726375172 0.07780070606700515 0.28590892597723805 0.12329434685545301 0.09123188059248727 0.06864900540098785 0.13746399567316925 0.11096491216990773
0.13614408383255366 0.10189149358424521 0.24586095505973568 0.10208365058051412 0.1184841455750515 0.08984473363104287 0.11381565221439409 0.09187528552246271
0.11007982348408642 0.08104192466827018 0.2761872559847716 0.12159839359326667 0.09501360615599529 0.07106730753016195 0.13557313434950777 0.10943855423394001
0.09439459471923362 0.15405842451021315 0.1655324246882378 0.15301883276699063 0.08185053442776216 0.13558822446797592 0.07784001492929524 0.13771694949029156
0.10357330241483383 0.09499212353412868 0.24423444835866628 0.1274887322010717 0.09027298581749041 0.08255812637314211 0.1421404223197023 0.11473985898096455
0.10349939738864421 0.08108897081959895 0.27834821983163366 0.12468613641204608 0.0901134859486679 0.07103052966468963 0.13901573716387824 0.11221752277084147
0.1022262620656802 0.07738115989778661 0.29231518203120105 0.12305672955418681 0.088976660192564 0.06809387954492138 0.13719907011489185 0.11075105659876812
0.11884401294262462 0.08938686019406446 0.21828793398420857 0.08964596659093604 0.13794663085723968 0.10504868518662068 0.13326475033518254 0.10757515990912325
0.08315236235369766 0.13557550515149197 0.12874846692779082 0.13144101736718514 0.10435761825029476 0.16984451037291368 0.08915129873600383 0.15772922084062216
0.10207717990156293 0.09251184637385715 0.22818906094464678 0.12941730987131647 0.0968994202576055 0.09013896126850782 0.14429064249831852 0.11647557888418485
0.10374260116575444 0.08109096751521762 0.27172494585843143 0.12551474977051114 0.09218144635379766 0.07284243532107872 0.13993957922174896 0.11296327479346001
0.08137445917430143 0.13493168252880372 0.14365666056669388 0.13413887587677284 0.09487841268805737 0.1590721075185627 0.09098115059468072 0.16096665105212737
0.10124938923449915 0.09252161860968784 0.23515753101907758 0.12901832349682824 0.09431088729130548 0.08777995673558966 0.1438458024658667 0.11611649114714541
0.11971611786230314 0.09414163603981619 0.1989841990917869 0.09068357856779506 0.1412050393227408 0.11164190460506379 0.13480723022914012 0.10882029428135408
0.10797161676090372 0.08144853208708241 0.2569099722758204 0.12437173031949454 0.10217199958382865 0.07652639385150077 0.1386651978338245 0.11193455728754508
0.10393552582842001 0.0781691156007635 0.28318832737713606 0.12372431634624509 0.09222216967887882 0.06946528088880889 0.137943379568127 0.1113518847116206
0.11944245255174915 0.0899562519014501 0.21509925533016339 0.08972566611847249 0.13920340033520076 0.10551894538497829 0.1333832290358188 0.10767079934216699
0.12305172717011711 0.09190014043959743 0.18909043065923462 0.08860737941579624 0.15465784874472896 0.1146427975280878 0.13172082074348218 0.1063288552989555
0.14249734153443072 0.10602080503091975 0.20611415570478514 0.10168059131205637 0.13789356055716337 0.10091474247068027 0.11336627120911356 0.09151253218085072
0.11295934214664634 0.08315364570000854 0.25879566496834205 0.12292197886866911 0.10059273806445884 0.07389801611351209 0.1370488331565609 0.11062978098180219
0.10502704391565053 0.07837546722931217 0.28378098549620906 0.12346404820003404 0.09171097823669234 0.06887063353397353 0.13765320000809764 0.11111764338003063
0.09331398946524258 0.1536975965892131 0.1677776987433704 0.1532117501157718 0.08123991272489568 0.13493032611146275 0.07793815114584914 0.1378905751041946
0.1031825177917519 0.09537668435192649 0.2451724699366801 0.127327128969479 0.09003262236111399 0.08235391374009819 0.14196024677641914 0.11459441607253111
0.13692932974068955 0.10792203459474067 0.23081138664357134 0.10317585999882223 0.11925892097051752 0.09401080984507654 0.11503338420764209 0.09285827399893999
0.11082340351464252 0.08302860284132141 0.26979992247589146 0.1222259874331026 0.09566254127107707 0.07218329912860891 0.13627285464556363 0.11000338868979233
0.10412055390073804 0.07807169831475881 0.28838070501832147 0.12300179253788848 0.09026933869530956 0.06831647880738749 0.13713781944149656 0.11070161328409964
0.10194144243300676 0.07671763307117921 0.296262175904556 0.12244192106987221 0.08862233129479996 0.06730316272758975 0.13651360453611125 0.11019772896288499
0.10113614968528714 0.07625066516324366 0.2994986691765754 0.12210705818470889 0.08802368603263018 0.06694716198239498 0.1361402574089217 0.10989635236623801
0.10082228740520748 0.07607166349182935 0.30081418704456614 0.12195811301518798 0.08779008802477425 0.0668071646445486 0.13597419466021704 0.10976230171366919
0.08067334892769636 0.13344912366352865 0.15088941313953663 0.1337733655548755 0.09367716489363241 0.15627630590896427 0.09073323924591557 0.1605280386658506
0.10079019660840059 0.09197133025774375 0.23832939766958733 0.12863867311575625 0.09377377782977438 0.08729929809146762 0.1434225206230894 0.11577480580418062
0.08059844888598328 0.13887848173948475 0.1349252992110203 0.1339353970537254 0.09504434873077217 0.16505240904332125 0.09084313887122245 0.16072247646447047
0.11473102175392892 0.10629763052268167 0.16365023759432512 0.09153272582491621 0.14284298356326297 0.13503658509185645 0.13606954465912915 0.10983927098989946
0.10796708255413852 0.08514922130528912 0.2415078023729637 0.1258921147415804 0.10378363941308898 0.08203692334259069 0.1403603130029262 0.11330290326742236
0.10449041487356939 0.07949464905460016 0.27680583868110226 0.12442998589209575 0.09308522303877083 0.07097675270713127 0.13873014844984408 0.11198698730288618
0.08143414373328942 0.13495377924531576 0.14484582867934817 0.13390540622625544 0.09498535229150938 0.15836620508627158 0.09082279726650369 0.16068648747150652
0.1148393449086467 0.1053919757480239 0.16714717762299153 0.09141408542395735 0.1426484255245424 0.13296891052837062 0.1358931777347187 0.1096969025087488
0.10785452764720581 0.0849544000505037 0.24302651146849558 0.12571370382070937 0.10360447102988019 0.08154265440416385 0.14016139814040282 0.11314233343863844
0.10439572896842439 0.07948635828780538 0.27742134036265503 0.12433849318706254 0.09298511547049292 0.07084017894365757 0.13862814091154582 0.11190464386835627
0.10238960319711551 0.07751095703566092 0.29178513483520335 0.12292789823584786 0.08956861359612003 0.06812725187856783 0.13705543280922142 0.1106351084122631
0.08096965876294704 0.13430230238475085 0.14857892485925328 0.13376261916727003 0.09408537800471457 0.1570600234286267 0.09072595039171359 0.16051514300072403
0.11465551723775647 0.1051962071519303 0.16847297781392895 0.09137441382085881 0.142271041398348 0.13254634275994465 0.13583420323220208 0.10964929658503057
0.10776016298849883 0.08487673862150807 0.2436153781939602 0.1256574226854228 0.10347156179413708 0.08142840642494946 0.14009864887464302 0.11309168041688053
0.10435047892582358 0.07945406486190043 0.27766724997896647 0.12431082589549974 0.09293573286914394 0.07080461021653947 0.13859729394617656 0.11187974330594978
0.11962861086528193 0.09056351823609039 0.21318566134226902 0.08977472352289233 0.13952998244940218 0.10613167919420419 0.1334561561623892 0.10772966822747079
0.08319504038540379 0.13676363324930563 0.12732374316921058 0.13121057408077313 0.10459825256506299 0.17046106958113963 0.08899499807217656 0.15745268889692776
0.10199605802817281 0.09359304658945476 0.22728617937613727 0.12921817152910972 0.09688056108615783 0.09066101090694059 0.14406861810782828 0.11629635437619873
0.08077033411555623 0.1397744997112308 0.13206938965986517 0.13382424682211458 0.09570514246852495 0.166499541017693 0.09076775001847771 0.1605890961865375
