Action: 0
[0.11256312655995382, 0.10288286543110836, 0.2686640414845221, 0.10288286543110836, 0.10402833730649251, 0.10321303292459817, 0.10288286543110836, 0.10288286543110836]
[0.1043226419226018, 0.1043226419226018, 0.2697415065417874, 0.1043226419226018, 0.1043226419226018, 0.1043226419226018, 0.1043226419226018, 0.1043226419226018]
[0.15513868172397857, 0.10169668527716923, 0.1329762090176614, 0.10169668527716923, 0.10169669364771745, 0.20340167450196567, 0.10169668527716923, 0.10169668527716923]
[0.125, 0.125, 0.125, 0.125, 0.125, 0.125, 0.125, 0.125]
[0.10701257260850076, 0.10098030087856068, 0.26207354884943757, 0.10098030087856068, 0.1260123734205938, 0.10098030160722507, 0.10098030087856068, 0.10098030087856068]
[0.10559726833853447, 0.10264514780359268, 0.2685349969646939, 0.10264514780359268, 0.11264199559750562, 0.1026451478848953, 0.10264514780359268, 0.10264514780359268]
[0.125, 0.125, 0.125, 0.125, 0.125, 0.125, 0.125, 0.125]
[0.125, 0.125, 0.125, 0.125, 0.125, 0.125, 0.125, 0.125]

Action: 1
[0.10769075012289063, 0.10342952822622069, 0.10342952822622069, 0.10342952822622069, 0.10562769435636224, 0.2695339143896438, 0.10342952822622069, 0.10342952822622069]
[0.1043226419226018, 0.1043226419226018, 0.1043226419226018, 0.1043226419226018, 0.1043226419226018, 0.26974150654178747, 0.1043226419226018, 0.1043226419226018]
[0.10213798276454461, 0.10173515307827548, 0.10167405826285175, 0.10167405826285175, 0.26165921339305465, 0.12777141771271833, 0.10167405826285175, 0.10167405826285175]
[0.125, 0.125, 0.125, 0.125, 0.125, 0.125, 0.125, 0.125]
[0.10161187906536161, 0.10169216811480876, 0.10161187906536161, 0.10161187906536161, 0.233295771335021, 0.15695266522336226, 0.10161187906536161, 0.10161187906536161]
[0.10162644603531443, 0.10162644603531443, 0.10162644603531443, 0.10162644603531443, 0.25828971455159966, 0.13195160923651372, 0.10162644603531443, 0.10162644603531443]
[0.125, 0.125, 0.125, 0.125, 0.125, 0.125, 0.125, 0.125]
[0.125, 0.125, 0.125, 0.125, 0.125, 0.125, 0.125, 0.125]

