Action: 0
[0.0974265556496215, 0.0935465908596031, 0.3115217684993089, 0.09335975612031996, 0.09815590743385649, 0.11926990919665004, 0.09335975612031996, 0.09335975612031996]
[0.23704447281070587, 0.08995820843171397, 0.19476250688699864, 0.08995820843171397, 0.11840197814372569, 0.08995820843171397, 0.08995820843171397, 0.08995820843171397]
[0.0957544861313911, 0.09280759805028696, 0.14707037139994822, 0.09280759805020249, 0.20032744990566084, 0.18561730036210547, 0.09280759805020249, 0.09280759805020249]
[0.125, 0.125, 0.125, 0.125, 0.125, 0.125, 0.125, 0.125]
[0.0957256617847887, 0.09315310917166976, 0.2712758460614373, 0.09315209556619267, 0.1671920567474944, 0.0931970395360319, 0.09315209556619267, 0.09315209556619267]
[0.1156374675746868, 0.08864477239371209, 0.26197916834070845, 0.08864467578839055, 0.11258846894582651, 0.15521609537989456, 0.08864467578839055, 0.08864467578839055]
[0.125, 0.125, 0.125, 0.125, 0.125, 0.125, 0.125, 0.125]
[0.125, 0.125, 0.125, 0.125, 0.125, 0.125, 0.125, 0.125]

Action: 1
[0.16159373510791292, 0.0943084951154402, 0.0943084951154402, 0.0943084951154402, 0.0943084951154402, 0.2725552941994459, 0.0943084951154402, 0.0943084951154402]
[0.10185691219185172, 0.10185691219185172, 0.10185691219185172, 0.10185691219185172, 0.10185691219185172, 0.28700161465703794, 0.10185691219185172, 0.10185691219185172]
[0.09360816948835335, 0.09360816948835335, 0.09360816948835335, 0.09360816948835335, 0.21049987552579658, 0.2278511075440833, 0.09360816948835335, 0.09360816948835335]
[0.125, 0.125, 0.125, 0.125, 0.125, 0.125, 0.125, 0.125]
[0.09232690193654326, 0.1591695117097702, 0.09232690193654326, 0.09232690193654326, 0.10878304263855156, 0.2704129359689619, 0.09232690193654326, 0.09232690193654326]
[0.09297766230773213, 0.09297766230773213, 0.09297766230773213, 0.09297766230773213, 0.1874863155315975, 0.2546477106220096, 0.09297766230773213, 0.09297766230773213]
[0.125, 0.125, 0.125, 0.125, 0.125, 0.125, 0.125, 0.125]
[0.125, 0.125, 0.125, 0.125, 0.125, 0.125, 0.125, 0.125]

