Action: 0
[0.16046105054002147, 0.09594555891364916, 0.259944688588195, 0.09590792754645573, 0.10000830624409464, 0.09591661307467256, 0.09590792754645573, 0.09590792754645573]
[0.21542009529680908, 0.09737878412502486, 0.20030719995304183, 0.09737878412502486, 0.09737878412502486, 0.09737878412502486, 0.09737878412502486, 0.09737878412502486]
[0.1159809301501631, 0.09252657877225691, 0.19612503322545174, 0.09252657877219225, 0.19790139134140708, 0.1198863301941444, 0.09252657877219225, 0.09252657877219225]
[0.125, 0.125, 0.125, 0.125, 0.125, 0.125, 0.125, 0.125]
[0.09570201166464315, 0.09568782612943542, 0.2732702850959346, 0.09568781151704865, 0.1525872568425137, 0.09568918571632709, 0.09568781151704865, 0.09568781151704865]
[0.1919541216551455, 0.09579622925232816, 0.1600694537211182, 0.09579622925232816, 0.16899527836209555, 0.09579622925232816, 0.09579622925232816, 0.09579622925232816]
[0.125, 0.125, 0.125, 0.125, 0.125, 0.125, 0.125, 0.125]
[0.125, 0.125, 0.125, 0.125, 0.125, 0.125, 0.125, 0.125]

Action: 1
[0.1385068827624288, 0.15832228206665966, 0.09048145288159364, 0.09048145288159364, 0.13176173745903133, 0.20948328618550557, 0.09048145288159364, 0.09048145288159364]
[0.20498405320191787, 0.10249202660095894, 0.10249202660095894, 0.10249202660095894, 0.10249202660095894, 0.18006378719232846, 0.10249202660095894, 0.10249202660095894]
[0.0957554228644887, 0.097553338516252, 0.0957554228644887, 0.0957554228644887, 0.28507131068075525, 0.1385982364805492, 0.0957554228644887, 0.0957554228644887]
[0.125, 0.125, 0.125, 0.125, 0.125, 0.125, 0.125, 0.125]
[0.09292352019062042, 0.12046553141369487, 0.09292352019062042, 0.09292352019062042, 0.14313743902807238, 0.27177942860513066, 0.09292352019062042, 0.09292352019062042]
[0.09684664716922173, 0.09768663379953535, 0.09684664716922173, 0.09684664716922173, 0.12211079901081731, 0.29596933134353864, 0.09684664716922173, 0.09684664716922173]
[0.125, 0.125, 0.125, 0.125, 0.125, 0.125, 0.125, 0.125]
[0.125, 0.125, 0.125, 0.125, 0.125, 0.125, 0.125, 0.125]

