Action: 0
[0.1035231589972821, 0.09695118770716857, 0.2939706882779854, 0.09695118770716857, 0.11775021418888224, 0.09695118770717599, 0.09695118770716857, 0.09695118770716857]
[0.23086431220085124, 0.10070261166439054, 0.1877683823672164, 0.09613293875350837, 0.09613293875350837, 0.09613293875350837, 0.09613293875350837, 0.09613293875350837]
[0.11851945787140059, 0.09428056839874004, 0.24951448119412947, 0.09428056839874004, 0.16056321789828804, 0.09428056944122169, 0.09428056839874004, 0.09428056839874004]
[0.125, 0.125, 0.125, 0.125, 0.125, 0.125, 0.125, 0.125]
[0.18191288311498605, 0.18811967425052056, 0.1192214682260686, 0.0940598342022687, 0.1345066375992541, 0.09405983420236452, 0.0940598342022687, 0.0940598342022687]
[0.16884907265684815, 0.0907088131817949, 0.23452643947206445, 0.0906902380995489, 0.12230220924607257, 0.11154275114457327, 0.0906902380995489, 0.0906902380995489]
[0.125, 0.125, 0.125, 0.125, 0.125, 0.125, 0.125, 0.125]
[0.125, 0.125, 0.125, 0.125, 0.125, 0.125, 0.125, 0.125]

Action: 1
[0.10020878472352032, 0.10020878472352032, 0.10020878472352032, 0.10020878472352032, 0.10020878472352032, 0.2985385069353578, 0.10020878472352032, 0.10020878472352032]
[0.1111111111111111, 0.1111111111111111, 0.1111111111111111, 0.1111111111111111, 0.1111111111111111, 0.2222222222222222, 0.1111111111111111, 0.1111111111111111]
[0.10014968005720574, 0.10020574107703097, 0.10014968005720574, 0.10014968005720574, 0.2002993601144115, 0.19874649852252876, 0.10014968005720574, 0.10014968005720574]
[0.125, 0.125, 0.125, 0.125, 0.125, 0.125, 0.125, 0.125]
[0.10266153388269475, 0.10266153388269475, 0.10266153388269475, 0.10266153388269475, 0.2053230677653895, 0.178707728938442, 0.10266153388269475, 0.10266153388269475]
[0.09914526582753698, 0.09914526582753698, 0.09914526582753698, 0.09914526582753698, 0.2060816984553299, 0.1990467065794483, 0.09914526582753698, 0.09914526582753698]
[0.125, 0.125, 0.125, 0.125, 0.125, 0.125, 0.125, 0.125]
[0.125, 0.125, 0.125, 0.125, 0.125, 0.125, 0.125, 0.125]

