0.125 0.125 0.125 0.125 0.125 0.125 0.125 0.125
0.07575757575757576 0.12626262626262627 0.09090909090909091 0.15151515151515152 0.0946969696969697 0.15782828282828282 0.11363636363636365 0.1893939393939394
0.11167615861565264 0.08794497490982646 0.13401139033878318 0.10553396989179176 0.1514705873184442 0.10993121863728307 0.16751423792347894 0.1319174623647397
0.07434406616303532 0.12390677693839222 0.08921287939564239 0.14868813232607064 0.11158840935172788 0.15488347117299026 0.111516099244553 0.18586016540758832
0.07307669052428986 0.12179448420714978 0.08769202862914784 0.14615338104857972 0.1050078625753257 0.17396879091834772 0.1096150357864348 0.18269172631072464
0.07210570199822906 0.12017616999704846 0.08652684239787489 0.14421140399645813 0.10294843614753335 0.1856086374699398 0.10815855299734362 0.18026425499557266
0.07176371373315767 0.11960618955526278 0.0861164564797892 0.14352742746631533 0.10466022006475843 0.1872711377680858 0.1076455705997365 0.17940928433289416
0.0715947514029768 0.119324585671628 0.08591370168357217 0.1431895028059536 0.1063210258609928 0.18727742696296937 0.1073921271044652 0.178986878507442
0.07148592520094481 0.11914320866824134 0.08578311024113378 0.14297185040188962 0.10760302243700105 0.18706918224701016 0.10722888780141722 0.17871481300236203
0.08905517475113059 0.1484252912518843 0.08014965727601754 0.13358276212669587 0.1353896150786879 0.23306077064454425 0.10018707159502192 0.08014965727601754
0.06430745814307458 0.11377473363774734 0.05606291222729579 0.09918822932521563 0.12861491628614916 0.2275494672754947 0.11212582445459159 0.19837645865043127
0.12695731825988454 0.10248361835436465 0.15869664782485568 0.1281045229429558 0.1142615864338961 0.11137525249301303 0.14282698304237013 0.11529407064866021
0.09652682040281856 0.07601487106721962 0.1930536408056371 0.15202974213443923 0.10332687782859115 0.0782061241725097 0.16830317403568362 0.13253874955310085
0.07169845637468157 0.11949742729113595 0.1017617252164443 0.14339691274936314 0.10833614418895424 0.1685155086806945 0.10754768456202236 0.17924614093670393
0.08788418773145047 0.14647364621908412 0.08679071569380772 0.1318262815971757 0.13490395526976867 0.23415573333252615 0.09886971119788178 0.07909576895830543
0.06593530822372068 0.10791193541649621 0.05317399716175175 0.0940770719015608 0.1219874052534305 0.26241214391641493 0.1063479943235035 0.1881541438031216
0.09974581055976356 0.07583873526422288 0.1878989560277761 0.15167747052844577 0.09420598445871886 0.08501425926047312 0.1691090604249985 0.1365097234756012
0.09371292269334103 0.07379892662100605 0.22079947323959098 0.1475978532420121 0.0977554810958648 0.07426340071393885 0.16339689084992795 0.12867505154431827
0.05307831611375073 0.08846386018958455 0.08336227224437195 0.10615663222750146 0.12812038306310228 0.20111731303368446 0.12738795867300176 0.21231326445500293
0.0729021976401899 0.12286751836921432 0.09359206193957477 0.1535843979615179 0.09334482343041296 0.17523743579223913 0.10417028731302955 0.18430127755382147
0.06981333376279712 0.11635555627132851 0.0947693027206697 0.13962666752559424 0.10455114105214335 0.19563066361627854 0.10472000064419568 0.17453333440699276
0.06917267721370862 0.11528779535618104 0.09413478751751651 0.13834535442741724 0.10625246282042716 0.20011621380991498 0.10375901582056293 0.17293169303427153
0.0729755827194825 0.1344216860934816 0.09325063333743357 0.15143010841801463 0.09046717705201769 0.17302956526399468 0.10270911701395775 0.18171613010161752
0.0933251238749389 0.07349353505151439 0.21108007282351163 0.14698707010302878 0.09734582186004491 0.08690507354340188 0.16272072880758576 0.1281425739359738
0.10290055962501116 0.0810341907046963 0.16734114267782 0.09724102884563555 0.15602213175519686 0.11955882089707891 0.15435083943751676 0.12155128605704445
0.07509945513604362 0.13460672392413306 0.09915785212691285 0.1511585167494777 0.09430060576662268 0.16176171918474758 0.10252490701268922 0.18139022009937322
0.09275484641856564 0.07304444155462046 0.21632415142961364 0.14608888310924092 0.09774386437589351 0.0849578751075361 0.16172639888365292 0.1273595391208767
0.08747068627959921 0.14578447713266537 0.1106146386828465 0.13120602941939885 0.13324702889855064 0.2145489998707508 0.09840452206454912 0.07872361765163931
0.07252267642786003 0.14271072928743855 0.09254324464147394 0.14774956824260296 0.09536536361468213 0.17159618526070533 0.10021275063411333 0.17729948189112354
0.09242725158428018 0.07278646062262065 0.2167107557017353 0.1455729212452413 0.09767224395364463 0.0867654327881379 0.1611552078905398 0.12690972621380012
0.06950551668673992 0.1158425278112332 0.11968630889458239 0.13901103337347984 0.105954706970058 0.17197783951694667 0.1042582750301099 0.17376379171684983
0.06297124861026819 0.12462189331898724 0.05739100998384187 0.09101799646257133 0.13558771039517473 0.24348423925936818 0.10288990904464584 0.18203599292514266
0.09588280935676434 0.08837786391156349 0.19077205384864154 0.14574804621197246 0.09705254359520601 0.08849524667859421 0.16249819480648275 0.13117324159077523
0.08991440293496769 0.07080759231128705 0.24829840202997666 0.1416151846225741 0.09538914727924318 0.07374204834130188 0.1567738307584052 0.12345939172224411
0.07333632425814628 0.13355862458173542 0.11402559681565438 0.14907729513539572 0.09186792606216859 0.15812818315346067 0.10111329583096407 0.17889275416247485
0.06912680691310208 0.11521134485517014 0.10267364942593898 0.13825361382620416 0.10414624837092513 0.19408110895625122 0.10369021036965312 0.17281701728275517
0.07031218569660543 0.13939620707946546 0.09441386899113344 0.1455539840785329 0.09080452588955004 0.18613087556068575 0.09872357180978754 0.17466478089423948
0.09177413688630828 0.07227213279796779 0.21979377734881173 0.14454426559593558 0.09629287746199373 0.08929341661332185 0.1600164438017683 0.12601294949389255
0.06912238757836041 0.11520397929726736 0.12262917498488507 0.13824477515672082 0.10522122770773105 0.17308890496159374 0.10368358136754063 0.17280596894590103
0.07032387867693474 0.13945905482592286 0.09681472589845593 0.14555188960050736 0.09323680447728352 0.1812292277929861 0.09872215120730064 0.17466226752060882
0.06866853882331059 0.11444756470551765 0.09962869845448576 0.13733707764662118 0.10400972701406573 0.20123423806275678 0.10300280823496588 0.17167134705827647
0.06992233182376764 0.13862362994148683 0.09361056111780042 0.14474673075946018 0.09410504015059515 0.18711958582390353 0.09817604347163388 0.17369607691135222
0.09725644262035443 0.07162934311559467 0.21904389859100012 0.14325868623118934 0.09640687873648347 0.08891930811032606 0.1585932545986304 0.12489218799642145
0.09402975801957913 0.14279871105050065 0.11521139894234163 0.1285188399454506 0.13105526590594144 0.21488559220982817 0.09638912995908795 0.07711130396727035
0.10793041579464677 0.09953361157934103 0.14414204547154594 0.09938381146869274 0.15043685476906546 0.1315719763739513 0.14774071078032533 0.1192605737624313
0.12749342957124288 0.10892273639491049 0.17406767139569632 0.1160581820846284 0.1369217274796643 0.10268767723169615 0.12939621196599616 0.10445236387616555
0.07767789614839993 0.13779276794018178 0.10270421198733513 0.1446329682546495 0.10169953789050473 0.1638341730571524 0.09809888281619705 0.1735595619055794
0.1317545881947539 0.09634371671109007 0.18042759120047921 0.11561246005330808 0.131532726145057 0.11555082214008824 0.12798774576515995 0.10079034979006346
0.07787358232510849 0.13693702253542803 0.10319911730077161 0.1441694675706892 0.10052513122343978 0.16650780952048577 0.0977845084392501 0.17300336108482706
0.08905595105639369 0.1377867812915245 0.12243117936366789 0.16534413754982938 0.08870676890983135 0.16604130791309374 0.0864877027183723 0.14414617119728718
0.11353481081297424 0.07915483478541871 0.15439757449207916 0.09498580174250247 0.15144549796097023 0.13697811415093908 0.15077111387698802 0.11873225217812806
0.07586526585519704 0.13263714575776492 0.09973643088355712 0.14366816604836127 0.10356383107358541 0.1746828658906991 0.09744449523280156 0.17240179925803353
0.07538588504268627 0.11317633378342724 0.10004453453489633 0.1358116005401127 0.10537938312936267 0.19857906188928937 0.10185870040508452 0.16976450067514087
0.07172575969736861 0.13926049673034938 0.09258321865211055 0.14279786741390127 0.09565034511362927 0.18977066577174811 0.0968542057242113 0.1713574408966815
0.09982058247719564 0.07119800699315904 0.2190251840260365 0.14239601398631807 0.09650629306582433 0.08927556373250915 0.1576382409616545 0.12414011475730292
0.0780976802162522 0.11350213530826173 0.12361324183138922 0.13620256236991407 0.10465708881042886 0.17152216672392576 0.10215192177743557 0.17025320296239257
0.07206422381637423 0.13949946038749428 0.0954918233218222 0.14294483385631584 0.09564105823209597 0.18587091244707815 0.09695388731124031 0.17153380062757898
0.09972558494923096 0.07109476154836844 0.22040347820242515 0.14218952309673688 0.09637475598154939 0.08884215210433688 0.1574096470586586 0.12396009705869367
0.07803354984906052 0.11340776179179111 0.12419598069152017 0.13608931415014933 0.10456360866628855 0.17153115655089166 0.102066985612612 0.17011164268768664
0.061966987988457754 0.11996463056881944 0.057320315194048545 0.08571540624545937 0.13707976246317702 0.2696264084238174 0.09689567662530188 0.17143081249091874
0.09517503733396895 0.08701414115721365 0.18912794127778798 0.14049978899732882 0.10287671875962312 0.1022097827033403 0.15664677967314122 0.12644981009759595
0.09955362727487645 0.06879854844425308 0.25252864658097446 0.13759709688850616 0.09482854821221325 0.07441144669282067 0.15232564246509428 0.11995644344126177
0.11277056012853871 0.08998218452222713 0.17730232187477457 0.09925808649140684 0.14295539031002044 0.11106794072596927 0.14755381215737495 0.1191097037896882
0.07532225797553466 0.13423049614453067 0.10597635464549544 0.14256185386275602 0.10291626912353459 0.17122441664505908 0.09669412696778235 0.17107422463530722
0.09967204058464271 0.07073875787046305 0.2244415438857836 0.1414775157409261 0.09736583305409206 0.08634351051961447 0.15662142564726045 0.12333937269721763
0.06584940715715994 0.11552431406852685 0.06972816628382508 0.08858896441919493 0.14072230872070068 0.24226486377746062 0.10014404673474209 0.17717792883838987
0.10635661064609912 0.09603601788460425 0.13607792060431595 0.09759806499640464 0.15491578109004603 0.1468118480717712 0.14508607871107318 0.11711767799568558
0.11218603695246385 0.09291614645069665 0.15033978119754662 0.09758737269572428 0.15909933516435634 0.12569629641637076 0.14507018388797221 0.11710484723486914
0.07481933383529603 0.1340968704151899 0.1015490425317698 0.14159412277923328 0.10632947616069731 0.1756604541011668 0.09603775284156693 0.16991294733507992
0.09965098687912397 0.07076310086399368 0.22291049052199324 0.14152620172798736 0.09805246283316112 0.08703961724640064 0.15667532303627416 0.1233818168910659
0.11282603623054265 0.09031676067718876 0.17101329896866094 0.0992839845178592 0.1456214256975366 0.11420540117366484 0.14759231131311606 0.11914078142143103
0.07512904367318499 0.13395433447627247 0.10482825698037153 0.14212058637707548 0.10446091401212616 0.17256732832924504 0.0963948324992338 0.17054470365249055
0.0996105146723744 0.07070777310030237 0.22428661602691122 0.14141554620060473 0.0976235798691592 0.08651779934214984 0.15655282281874028 0.12328534796975799
0.11278737892174849 0.09028181903086288 0.17126689843666865 0.09925178215126257 0.145705469739512 0.11406007280610565 0.14754444033232467 0.11910213858151508
0.08693635906193142 0.15500560228422014 0.12135467433905774 0.16445678721245205 0.09084030615699684 0.1497367098286703 0.08365845262546474 0.14801110849120683
0.07678400464402914 0.1136381350532091 0.10538777830797669 0.13636576206385093 0.10348273610109217 0.1916100597021401 0.10227432154788821 0.17045720257981364
0.07230787215733413 0.1377198319444275 0.09442929228895755 0.14070322203179758 0.09565550660446022 0.19490691880895103 0.0954334897259149 0.1688438664381571
0.11101694768600634 0.07909356407479909 0.14764747763405595 0.09491227688975891 0.15408353928040172 0.14395144056125733 0.15065440776152206 0.11864034611219862
0.11542905534094025 0.08989306942860655 0.1522061278354767 0.09709638545564814 0.15943417735184956 0.12508522366185704 0.1443402983788441 0.11651566254677775
0.07702082301283758 0.13302159842528263 0.10155062125440788 0.14104505132196674 0.10677341219242685 0.17566909304921033 0.09566533915750786 0.16925406158636006
0.09985974260069982 0.07070009640687905 0.22304500641725136 0.1414001928137581 0.09819970425958892 0.0869874685476138 0.15653582598836874 0.1232719629658404
0.07665521760120875 0.1312256386494645 0.1134856190502818 0.14418815221611972 0.09686330417376764 0.1667591041467067 0.09779718150310727 0.17302578265934362
0.0996092496220952 0.07057069551316261 0.22774863500348305 0.14114139102632522 0.09613744490164654 0.0854969212674374 0.15624932177110484 0.12304634089474509
0.06714972039216016 0.11497052279899343 0.06977356165921966 0.0881235656582469 0.14090226881326756 0.24321528557403507 0.09961794378758346 0.1762471313164938
0.10774358695927859 0.09541282281918735 0.13525067855490286 0.09691702032080864 0.15589361002777807 0.14840819687408105 0.14407366005899316 0.11630042438497036
0.10324592963380722 0.08165172009296076 0.2114277892798611 0.1371283689821946 0.10618510546613467 0.08405765650629114 0.15288789795477517 0.12341553208397514
0.1015528506681637 0.07908296486281986 0.2390197028611724 0.13628471628440428 0.09576238114809943 0.07369385136348103 0.15194728815589548 0.12265624465596384
0.10024134169445759 0.07792921361413374 0.2510463635493633 0.13482235059010542 0.09287277681681606 0.07143097866550843 0.1503168595385205 0.12134011553109487
0.09934215761801916 0.07723486125621158 0.2576587189704856 0.13381398269976566 0.09171525935019557 0.07060983108340664 0.1491926045921268 0.12043258442978909
0.09872478634559248 0.0767700659805749 0.26195175450815594 0.13311328378572068 0.0910742483900921 0.07015252798878491 0.1484113775939304 0.11980195540714862
0.13092199269739874 0.10182255092980147 0.22062372157964566 0.11039997908462029 0.12074933175166218 0.0930347049057709 0.12308773787494232 0.09935998117615824
0.1383696421985958 0.10500134158248199 0.20573196230109292 0.10874056104933265 0.12669348967191987 0.09635888764941393 0.1212376106027634 0.09786650494439937
0.08177050777397886 0.13501214102998685 0.11792987157192027 0.13901907810991992 0.09972750814452495 0.1654267988327761 0.09429120080498918 0.1668228937319039
0.11381352322652051 0.09868075269721005 0.1542188344911366 0.09715859791771898 0.14424898262664476 0.13085621015734483 0.14443278138216137 0.11659031750126277
0.07900884571783713 0.13343586484513983 0.10788927990741343 0.1390131457193059 0.10295377195564652 0.1765961398949175 0.09428717709657271 0.16681577486316707
0.1314450474500896 0.11375325237145308 0.17488379735290752 0.11225380150526781 0.12585792158860543 0.11562314684792817 0.12515461152900753 0.10102842135474102
0.10820533583976241 0.08182848845003901 0.23466792487092253 0.13285019726351113 0.09779271553450564 0.0769721047491101 0.14811805575498926 0.11956517753716002
0.10300703573806053 0.07712601287877438 0.2575244373659274 0.13251602148608874 0.09196045938921876 0.07085613910279612 0.14774547470165417 0.11926441933747987
0.10135613579416222 0.07601156547078636 0.26590668560615205 0.13164588735975455 0.09030562545655166 0.06951746160264007 0.1467753400861741 0.11848129862377911
0.07908769482969104 0.13013970705475497 0.1321110039907755 0.14111650315072163 0.09392982819575255 0.15856165686042717 0.09571380213701122 0.16933980378086597
0.11398526923949708 0.09777696269701888 0.15911741407137298 0.09699738569432916 0.1424244569271251 0.12910851995305622 0.14419312858440572 0.11639686283319498
0.11980538847621078 0.0911181403710389 0.16445085834130915 0.09501870661031891 0.15392093644871208 0.12041183259035923 0.14125168922966813 0.11402244793238271
0.08099088699911342 0.13153099718427572 0.11063963063376715 0.13865681870719124 0.10477595795198584 0.17297203164755104 0.09404549442748623 0.16638818244862946
0.1145997691991825 0.09790666056918289 0.15265396007439203 0.09686110885574953 0.1454617431314054 0.1322928836322532 0.14399054391093513 0.11623333062689943
0.13875431873121521 0.10505817650643036 0.1873952523030288 0.10951762476726769 0.13387362598006963 0.10473116076301608 0.1221039786584313 0.09856586229054093
0.10925800717107263 0.08000433733471214 0.24043209203244428 0.131653187813834 0.09861967128979039 0.07476135577803324 0.14678347954766266 0.11848786903245061
0.10307386410952957 0.07650667473940552 0.2611285144701241 0.13180030176669436 0.0917308780477697 0.07019199465000282 0.1469475006264488 0.11862027159002493
0.09136470978768031 0.14948882786483814 0.15129457940373814 0.1619288652171064 0.081134600984316 0.13667992834952772 0.0823725096973976 0.14573597869539573
0.07721071632351925 0.11357654171984066 0.1113555167402502 0.13629185006380878 0.10164251113485542 0.18733916389010813 0.1022188875478566 0.170364812579761
0.07455074946011044 0.13639472383760337 0.1002618305239502 0.1389254702442726 0.09458137231029567 0.19434757907800357 0.09422771025263707 0.1667105642931271
0.1003866794103675 0.08739652951230008 0.21251284489917704 0.13727983329750557 0.09469671419898072 0.09111877935087435 0.15305676936303975 0.12355184996775499
0.10255107995248078 0.0782527231525557 0.2524317833973664 0.13320258837581275 0.09189035069858512 0.07327819933760644 0.14851094554736138 0.11988232953823147
0.10171230111624001 0.0760606559114018 0.2659377487009691 0.1314375661854358 0.09023530132380168 0.06977953967209446 0.146543077523165 0.11829380956689224
0.11778866034081957 0.08787935280470702 0.19697411873251622 0.09525144215533915 0.1390819266896076 0.10712510244177091 0.14159766624883252 0.11430173058640697
0.10532003475575294 0.07768424197110341 0.24516439075541122 0.13173358506735264 0.09956836847370443 0.07509603593051692 0.1468731164855409 0.11856022656061738
0.07999943075505499 0.13027195261587068 0.1287234909893526 0.14080787893740537 0.09560557862504528 0.16011773894266626 0.09550447440971845 0.16896945472488645
0.13214394330656032 0.11267183051003296 0.1829685521449032 0.11171032987388738 0.12353906762328529 0.11187829843722932 0.12454868121760279 0.10053929688649864
0.10864518117423773 0.08114781307407615 0.23989504467676248 0.1318644324262332 0.09682385471267409 0.07592668322644222 0.14701900152596445 0.11867798918360986
0.1032998084669862 0.07657439027249158 0.26165376639107896 0.13163435228084486 0.0913182800305026 0.07028600617131892 0.14676247933401657 0.11847091705276036
0.07985230523321335 0.13005097454111422 0.13214956797804014 0.14082975804264125 0.09404330411348036 0.15855906628968008 0.09551931415066103 0.16899570965116947
0.10072410530842571 0.08575490211120423 0.2244150365954254 0.13606775060208604 0.09376075517888297 0.08511108705051867 0.1517053876115795 0.12246097554187743
0.10234934576629394 0.07768405770433044 0.2568130335245617 0.13256398553300489 0.09132119731811719 0.07216184213942839 0.14779895103455917 0.1193075869797044
0.10164420076409432 0.07582161939932687 0.26770190395582005 0.13112858631735114 0.0899500460046195 0.06953932784472225 0.14619858802844968 0.11801572768561602
0.07955921118716223 0.12981794640377195 0.13338305675615986 0.1407479136859478 0.09373817641386051 0.1583923968038392 0.09546380232612113 0.16889749642313734
0.1006233444155768 0.08568925733093302 0.2249059560465014 0.13601006765310839 0.09366802150499123 0.08505321673292464 0.1516410754281671 0.12240906088779752
0.07941703639445358 0.13212432208437322 0.12470498472514578 0.14092812082146605 0.09448322557962331 0.16364253563461922 0.09558602977455959 0.16911374498575923
0.11444594697128457 0.0992258051951915 0.1573420222401572 0.09668214335203663 0.14231124029071934 0.13024977025857212 0.14372449966959475 0.11601857202244394
0.10607200792378094 0.08091130252790582 0.231216803785942 0.13306032469280887 0.10119793662821173 0.07943500006031777 0.14835233215750482 0.11975429222352801
0.09227710602235127 0.1518050978429476 0.14473399113890292 0.16163350750876154 0.082597970989651 0.13925990722417375 0.08222226251532654 0.14547015675788538
0.11611507573898262 0.0788081459472543 0.16175219070970506 0.09456977513670516 0.1497641171023192 0.13066772225890602 0.15011075418524628 0.11821221892088143
0.09562856267339115 0.15336565094011453 0.09119213954011336 0.11412782382648433 0.12280100323089795 0.20852299416708014 0.0774084370301372 0.1369533885917812
0.07603833943807133 0.14467158313179915 0.09446349091533496 0.1353311253995552 0.09666519336573261 0.19864311047729863 0.0917898067927418 0.1623973504794662
0.10079852438888484 0.08971339211260268 0.20999458768629875 0.13683439010357817 0.09492426064392138 0.09202376052765363 0.15256013344384012 0.12315095109322034
0.07945879361345316 0.13409662896319252 0.12148369040338114 0.1405978358092779 0.09452219653788933 0.16576144132668402 0.09536201037498848 0.16871740297113344
0.11470936946003876 0.09952340576347396 0.15633686651047726 0.09663569565240014 0.14228036928549045 0.13089600650077582 0.1436554520444635 0.11596283478288018
0.08059459073516198 0.13438445883384129 0.10926651160527145 0.13803328935608947 0.10219870213296164 0.1762599212417584 0.09362257886760851 0.16563994722730735
0.10150760351972993 0.08787302741516062 0.2155469162897028 0.1363807766651856 0.09564143842554496 0.08825315037422767 0.15205438831178153 0.12274269899866704
0.11902286366956569 0.09108923831654325 0.18315688248963874 0.09581085348962053 0.14140370153503878 0.11211416754240358 0.14242926876964485 0.11497302418754464
0.10650597706262678 0.07908289762115658 0.24024575137917484 0.13192807265253437 0.1002308723147036 0.07618120795350328 0.14708995562901964 0.11873526538728091
0.11960750480079277 0.0891276253192207 0.18965979661281043 0.09519212314196986 0.14193662230549992 0.10873629549799615 0.14150948455134624 0.11423054777036384
0.10640378023436928 0.07863014884939679 0.2424870974230976 0.1316248679914806 0.10012529547158663 0.07551452377857827 0.14675190505915822 0.11846238119233254
0.11953824188815598 0.08901793696328097 0.1902713350375653 0.09514985520835925 0.14185441842693466 0.10854173579652979 0.141446650429143 0.11417982625003109
0.10640785231410882 0.07859656048151234 0.24269714772744583 0.13159239877475534 0.1000884052999904 0.07546877219932212 0.14671570430558542 0.1184331588972798
0.11957227453899637 0.08900501134039597 0.19032508739792348 0.09514066259249118 0.14183277522517498 0.10852240880578809 0.14143298498824064 0.11416879511098942
0.10644129429911058 0.07859034442458857 0.2427117671933938 0.13158376129656643 0.10007943109758163 0.0754619423598565 0.14670607416199272 0.11842538516690979
0.10312715749816347 0.07673693376680465 0.26256163106669594 0.13124348168020228 0.09171202450647725 0.0701729501857265 0.1463266877837479 0.11811913351218206
0.08005616328073643 0.13097481971593652 0.13224057459192118 0.14047522971573695 0.09393970091608585 0.15846438466132937 0.0952788514593694 0.16857027565888433
0.10097104432746373 0.08692618803126391 0.22419417145851178 0.1357366253641178 0.0935815020512139 0.08509129825763949 0.15133620768208356 0.12216296282770601
0.10273957802116429 0.07849252824216203 0.25659436569551125 0.1323061550501474 0.09116488548847414 0.07211545867015438 0.14751148928725388 0.11907553954513266
0.08001022758973006 0.13143573182745946 0.1310405707654202 0.1405356064762641 0.09385579807205625 0.15915953484408701 0.09531980265346608 0.16864272777151693
0.0753107450932246 0.1422255654266769 0.10428623929792906 0.13869430063092952 0.09305879817918962 0.18592027366526098 0.09407091694967394 0.16643316075711542
0.10068907941864495 0.0892085476363921 0.21388937637412653 0.13668795372219286 0.09408998455784531 0.0900190321341409 0.15239686780668368 0.12301915834997358
0.07962440473764651 0.13396010272698564 0.12227937741243358 0.14056684231946 0.09435781079733968 0.1651902625191488 0.09534098870363375 0.168680210783352
0.1011657007611148 0.08759369626362563 0.2205616713375725 0.13609985606391112 0.09391195856865373 0.08643606374201766 0.1517411828055845 0.12248987045752001
0.1029051111113789 0.07866857263653718 0.2553466200608194 0.13244818166482764 0.09132064318124554 0.07243766948322537 0.14766983836362124 0.11920336349834487
0.13589016106516155 0.1018306974781473 0.22201729951694488 0.10884597233771377 0.1195298455950904 0.09256951258020531 0.12135513632279432 0.0979613751039424
0.12511870773213554 0.09153031954712991 0.18229577347741033 0.09346646339641959 0.14552658512016944 0.1109582192139661 0.13894417543706555 0.11215975607570351
0.10773254243677093 0.07900690750087729 0.2395943759446637 0.1316276098100019 0.10086881154176419 0.07594994195472411 0.14675496198219615 0.11846484882900173
0.10349783315293083 0.07684577889193775 0.2614609982894455 0.13132703189925163 0.09192074779406231 0.07033344122014856 0.146419840042897 0.11819432870932649
0.1358527041733721 0.1013170809212398 0.22379450334251735 0.1086433928897194 0.11948211614740567 0.09200187356884852 0.12112927535614983 0.09777905360074746
0.0841715312537421 0.13483976727467928 0.12300686811153462 0.1378136096937578 0.09789852067831704 0.16341979260665013 0.09347357874880965 0.16537633163250937
0.11573727904062614 0.09941092548630398 0.1564445337271929 0.09634001876913835 0.14291471542048315 0.13032859653468962 0.14321590849859972 0.11560802252296602
0.12138522541376198 0.09198168028931826 0.1640167781703128 0.09448246713857802 0.15355280849056366 0.12074754669233029 0.14045453323884136 0.11337896056629362
0.1409530377193229 0.10419437209200375 0.19097631466612286 0.10842504305223759 0.13489704728700644 0.10208581485417105 0.12088583158212163 0.09758253874701382
0.11053638012681889 0.08039703443867216 0.2421135354554332 0.13079038881864533 0.09836582428307734 0.07426396388456014 0.145821523056012 0.11771134993678078
0.08123285460569625 0.1317509943980558 0.12803584958549616 0.14034688438133588 0.09514979815629138 0.1598755577742675 0.09519179984125392 0.16841626125760306
0.10135390136710754 0.08710832830557223 0.2225952576773957 0.13582974832780567 0.0938868220260815 0.08553913596389155 0.15144003283712063 0.1222467734950251
0.10291629750170037 0.07853989361164486 0.25601786892708306 0.1323384470800908 0.09124844284051327 0.07228695517609818 0.1475474924907878 0.11910460237208172
0.10218579017470585 0.07651625943189352 0.2672777879935066 0.13088633391994783 0.08982494497434503 0.06958268829376617 0.1459284946838821 0.11779770052795303
0.10168310148377765 0.07596011778865414 0.2710417655862552 0.1303937830622147 0.08924954760349836 0.06893794248457052 0.14537933723503638 0.11735440475599322
0.10146433114532666 0.07579290254917447 0.27230061935125227 0.13023171301173497 0.08904087863875051 0.06876237236966837 0.14519864122353138 0.11720854171056148
0.10138135076753928 0.07574004211718158 0.27272232695334836 0.1301782614520622 0.08896858996055296 0.06870994671904096 0.14513904672341862 0.11716043530685598
0.11816666880592648 0.08828584246150196 0.19883368738910132 0.09484693851566246 0.138267334159154 0.10678685802956056 0.14099634442029824 0.11381632621879496
0.10598107125123946 0.07829568394428599 0.24571832775811048 0.1312468715737376 0.09917603023758631 0.07512936355661345 0.14633046726206267 0.11812218441636387
0.13680057254499578 0.10175205754635044 0.2187812382172075 0.10881614217365766 0.12145989421806225 0.093133689427431 0.12132187791600339 0.09793452795629189
0.10896177421719767 0.07952305405237863 0.25210909627821076 0.12994202174528507 0.09520374476871048 0.07243683228726976 0.14487565708019098 0.11694781957075658
0.08096726271793844 0.13149842198828643 0.13003437524986405 0.14028529740728138 0.09451372936490157 0.15920852857631262 0.0951500278066778 0.1683423568887376
0.07548365360596183 0.14220184640495867 0.10406150285492263 0.13864261164474434 0.09315871274897333 0.18604468043378888 0.09403585833295705 0.1663711339736932
0.07423107924664739 0.14400915393178437 0.09842091259637228 0.13790505197855288 0.0924237446436054 0.19398839475636448 0.09353560047240977 0.16548606237426342
0.10064152378108057 0.08958730000356804 0.21165482613682596 0.13683881937561276 0.09408825938092452 0.0914692621323208 0.15256507175161602 0.12315493743805149
0.11907838903047363 0.09140977292953704 0.1820865322876849 0.09585210762554189 0.14102350984748385 0.11303656331513619 0.1424905958134921 0.11502252915065027
0.08162385227076321 0.1326868560288439 0.11468218386872352 0.13825358094013426 0.10218298911105514 0.17089424662335811 0.09377199402896064 0.1659042971281611
0.1330179726667153 0.11440919086800126 0.17779618763966273 0.11128072934239086 0.12487790736580769 0.11439564702454506 0.12406970868472533 0.10015265640815177
0.08354680891823019 0.13768777206002464 0.11342360899969915 0.13757001683785788 0.09869465867465699 0.17068475505755465 0.09330835924654708 0.16508402020542945
0.07565772377176427 0.14324048888894148 0.10047313418680277 0.13815597412318167 0.09366302123358079 0.18931669770349216 0.09370579114441888 0.165787168947818
0.100889528084139 0.08941956989901936 0.21240464420058705 0.13676065466717727 0.09427056636013345 0.09069252365358683 0.15247792393489762 0.12308458920045953
0.13658900906192864 0.10476323634139206 0.20901021780905119 0.10988605303196562 0.12130121403778031 0.09703807331019017 0.12251474867892284 0.09889744772876904
0.10925780393755621 0.08020170401759122 0.24876029805461258 0.13037387194006061 0.09546502420777216 0.07324767527661363 0.14535713781973922 0.11733648474605456
0.08102948371158954 0.13167878778449177 0.12936264773157272 0.14031118354339603 0.09457499755629693 0.15950189406070908 0.09516758535986862 0.16837342025207525
0.1012804052487836 0.08706351121445843 0.22307165526562078 0.13577134222849643 0.09374098645675327 0.08550297718518558 0.151374914395055 0.12219420800564679
0.10289534258312358 0.07851899680105762 0.25617513788323387 0.1323110773349473 0.09120606893855893 0.07229642959015499 0.1475169772674711 0.11907996960145256
0.10218557508621486 0.07650637027076686 0.26732507803633765 0.1308725821945897 0.0898105282892259 0.06960137961137829 0.14591316253635597 0.11778532397513074
0.10169042578164683 0.07595440241528685 0.2710519506277419 0.13038481739587182 0.08924329629125957 0.06895943064576467 0.14536934118614364 0.11734633565628465
0.07984210846055313 0.13069772690561393 0.13390631113705773 0.1403576500967757 0.09340841199442647 0.15815950948467256 0.09519910180476962 0.16842918011613084
0.1323712503738542 0.1138855695142202 0.18424972491376312 0.11118166482458076 0.1225299680770403 0.11175906481417719 0.12395925914024153 0.10006349834212268
0.14338556734212754 0.10784541221751652 0.1971228721843709 0.1078475926625243 0.12660751098755849 0.09988619371872617 0.12024201749090396 0.09706283339627188
0.08529943074631499 0.13619777526645238 0.11744753359639494 0.13756652900575894 0.09911805727392657 0.16598484571772668 0.09330599358651477 0.1650798348069107
0.1160686972533046 0.09964840752180537 0.15478771733450056 0.09634487623173331 0.14328668778639117 0.1310266329511904 0.1432231294429946 0.11561385147807997
0.08092557457509497 0.13431794471239572 0.10890219410936003 0.1379075685049519 0.10233773538416946 0.17658259317429226 0.09353730733379345 0.16548908220594225
0.10169760380746436 0.08783510119260346 0.21533782028083645 0.13631074736454 0.09564114804624771 0.08852159581259297 0.1519763108676289 0.12267967262808599
0.10320789731796812 0.07880143355884195 0.25350538362857306 0.13261357048766292 0.09175946634437912 0.072905800665045 0.14785423455863314 0.11935221343889664
0.10233248561887656 0.07660769281849794 0.26642305098805447 0.13098342221300646 0.08998409570953689 0.06974743177507434 0.14603674088524748 0.11788507999170579
0.13548333589404207 0.10118222401902327 0.22531890968311796 0.10853839788260662 0.1189050091821266 0.09187535148607014 0.1210122137586674 0.09768455809434597
0.10851717905522093 0.07930324895111562 0.2544075437379969 0.1297064574913863 0.09456379744617206 0.07215294105934475 0.14461302051651576 0.11673581174224766
0.10323756003196986 0.07652583102799637 0.26644327453119265 0.13067004088275178 0.09033421592879119 0.06949869671414158 0.14568734408867995 0.1176030367944766
0.10191561384439836 0.07596118974925097 0.27071910536355054 0.1303881126081549 0.089345631751769 0.06894803023360883 0.1453730151019279 0.11734930134733941
0.07988152995691754 0.13070076753896634 0.1338407804705509 0.14035911980569896 0.09342943136773418 0.15815732844247163 0.0952000986508219 0.16843094376683873
0.07522038801968747 0.1432337585288738 0.10469129688301776 0.1384221447519624 0.09283591024304629 0.18560360360450892 0.09388632426654843 0.16610657370235488
0.10059962053038563 0.09019664323154455 0.21380321033823108 0.13645207329246178 0.09393005631070345 0.09007765160290737 0.15213387873055065 0.12280686596321558
0.10298689158944362 0.0797153187812103 0.2529173269623556 0.13259751411378443 0.09144486119453284 0.07316399175627192 0.14783633289999545 0.11933776270240598
0.13594684564916432 0.10265311603833698 0.22114737790383343 0.10878151766904147 0.11951523781223077 0.09276926484798118 0.12128327417727458 0.0979033659021373
0.10867794759274521 0.08021269619464805 0.25284740202468775 0.12974866408064967 0.0947314186708521 0.0723479960500335 0.14466007771379896 0.11677379767258471
0.13720753925076073 0.10251283982005788 0.22075387190025855 0.10848473298066146 0.1200582420463049 0.09239413292151927 0.12095238139784195 0.0976362596825953
0.1435968520803061 0.10570026146625824 0.2081735430062984 0.10688206494861022 0.1250007957554942 0.09528709814508696 0.11916552614419677 0.09619385845374918
0.11050574424566978 0.08082904234534545 0.24800426621548688 0.12996332105931596 0.09595895458194247 0.07287227837302067 0.14489940422583436 0.11696698895338437
0.10376597839969534 0.07733843984191313 0.2641461008579274 0.13080051751089125 0.0906951413571386 0.06970054048063858 0.14583281579199364 0.11772046575980209
0.0801264684007563 0.13178402931594116 0.1324422375081602 0.14025070258656994 0.0936268851531099 0.1583422704380792 0.0951265634934996 0.16830084310388388
0.11479411048981136 0.09987032967381913 0.1592673736172399 0.09633110627633802 0.14166159689364496 0.12927549603808922 0.14320265947945177 0.11559732753160563
0.12109831958840675 0.09270673390964149 0.16473002812939366 0.09436569534326568 0.15306481595121432 0.12051462854393147 0.1402809441222278 0.11323883441191883
0.10742579803569352 0.0801288684278477 0.23325766074364676 0.13220183995698528 0.10275146132509953 0.0778575298063537 0.14739518574308658 0.11898165596128676
0.1199668198045892 0.08985379286138577 0.18756226485949096 0.09513773908719966 0.1426199601788846 0.10926549730254026 0.14142863900126995 0.11416528690463959
0.12191079571778618 0.09064922392762352 0.172645318536098 0.09399342955449276 0.1528102638698033 0.11547130690451417 0.13972754602429072 0.11279211546539131
0.0945315366713035 0.15368990647177277 0.12992073225075393 0.15908358372685386 0.09023358334693192 0.14844030480412038 0.08092512737409524 0.14317522535416846
0.10347330484716974 0.0699811866067576 0.23314055414241286 0.1399623732135152 0.0942191424572194 0.08226085893475216 0.15494410058639044 0.1220184792117825
0.07081276881045265 0.11494264896500193 0.07774361561088099 0.08662008211919026 0.13900458048467276 0.23971778607146674 0.09791835369995422 0.1732401642383805
0.07235900466866896 0.13673144931815154 0.0918098076462786 0.13542591226841758 0.09968446564848069 0.2096241687110618 0.09185409701683975 0.16251109472210107
0.10020204690340068 0.08941106098528885 0.2087604457899737 0.13667936756388302 0.09546435680425079 0.09408399626478207 0.15238729488092628 0.12301143080749471
0.11890012458169541 0.09197075095111722 0.18112821887123384 0.09575726629412196 0.14131849550740805 0.11366681643708076 0.14234960780439623 0.11490871955294635
0.1217883834409117 0.09111695798795344 0.17089265920562674 0.09411305091240461 0.15259850231978514 0.11664941383133581 0.139905371207097 0.11293566109488554
0.08186504517164123 0.13324730490572873 0.11218641821635178 0.13780399535462867 0.1041740397356863 0.17189134447161739 0.09346705771879162 0.16536479442555438
0.11512647022764692 0.10006024547285597 0.15306010973193473 0.09622089661023416 0.14461587913786503 0.13241249747853573 0.1430388254086466 0.11546507593228099
0.10666284263490637 0.08162940710123272 0.22937154972180882 0.13289300828822428 0.10160974046989082 0.08006395747184347 0.1481657868526918 0.11960370745940184
0.10360418035048956 0.07794175566552203 0.2579269326037956 0.13167717960618164 0.09230394438354422 0.07122631713920552 0.146810228605698 0.11850946164556347
0.10220385786645249 0.0768117163798493 0.26778258903646096 0.13065937745547446 0.08989524798958418 0.06937831639920775 0.1456754551630439 0.117593439709927
0.07986774067603525 0.13163606431094785 0.13316576619924328 0.1402313486433356 0.09346271921108487 0.15824530611621834 0.09511343647113198 0.16827761837200272
0.10085267090566379 0.08776630087680078 0.22430802660326216 0.13548165952038552 0.09336182784755266 0.08524408088436429 0.15105193979362383 0.12193349356834697
0.079630765610369 0.13440329995730665 0.12428511851860823 0.14034024452405594 0.09411550379915459 0.16362947787575713 0.09518729628588142 0.16840829342886712
0.07509839109392571 0.1439950499938725 0.1026891284953697 0.13826829950353464 0.09286339494660024 0.18738179950788422 0.09378197705457134 0.16592195940424156
0.07400222551649464 0.14564830570867593 0.0979293882077074 0.13752679727943226 0.09215692674377582 0.19442515469732818 0.0932790451112671 0.1650321567353187
0.10049157830978843 0.09071048557509052 0.21123727694969552 0.13663941692907228 0.09394352106479552 0.0916594930308898 0.15234275290450297 0.12297547523616507
0.07953571900490804 0.13508790527122377 0.12158729931130079 0.1403083599867123 0.09418463391400098 0.1657603802759423 0.09516567025185703 0.16837003198405473
0.10109922109874372 0.08856819672484455 0.22008555847324993 0.13591111812863926 0.09379329510928834 0.08669185005678187 0.1515307540926769 0.12232000631577536
0.11896629058269331 0.09170839662365879 0.184310977679931 0.09562208577372233 0.14066100395817951 0.11183608957181475 0.1421486528815335 0.11474650292846679
0.10653764503851001 0.07965602849747548 0.24049701931034423 0.13170095030094395 0.09998073733014662 0.07626003309530464 0.14683673115642557 0.11853085527084957
0.1369983574838375 0.10269530486866801 0.2170635005879347 0.10882347227543536 0.12168394722530235 0.09346424207846725 0.121330050432463 0.09794112504789182
0.10900020503485738 0.08029382358442456 0.25138174196563645 0.12986902292132152 0.09522697539236157 0.07255184163306423 0.144794268839145 0.11688212062918936
0.10337085767787903 0.07719408221403866 0.26532248078903975 0.13068667257237715 0.09048374111743186 0.06961827313265276 0.14570588718144137 0.11761800531513943
0.10192420940252668 0.07652297388574557 0.27025757097600467 0.1303358514653379 0.0893538161943141 0.06898856392949475 0.14531474782777223 0.1173022663188041
0.13516933463835673 0.10164559548183935 0.22635791914174838 0.10833735203766832 0.11856643907692792 0.09163168014457539 0.12078806264498246 0.09750361683390149
0.12484352061485997 0.09210368306365734 0.18337598547524123 0.09327989294181813 0.14503673287102278 0.11075748757776989 0.13866682592544904 0.11193587153018174
0.1413432568029539 0.10452822719916395 0.1968554634675898 0.10788232542201673 0.13222060999900753 0.09979528230371212 0.12028074192574104 0.09709409287981505
0.08489158093883334 0.13638485898020627 0.11729445346921265 0.13737824822460107 0.10010612718967048 0.1659125432277907 0.09317829010016421 0.16485389786952126
0.11582580471254471 0.10057834225901748 0.15456245086279052 0.0961889576082834 0.14339946810795232 0.13102688138238158 0.14299134593708995 0.1154267491299401
