0.125 0.125 0.125 0.125 0.125 0.125 0.125 0.125
0.07575757575757576 0.12626262626262627 0.09090909090909091 0.15151515151515152 0.0946969696969697 0.15782828282828282 0.11363636363636365 0.1893939393939394
0.07515215834697218 0.12525359724495364 0.09018259001636662 0.15030431669394437 0.10193170775368249 0.15656699655619205 0.11272823752045827 0.18788039586743044
0.07344775822701911 0.1224129303783652 0.08813730987242295 0.14689551645403823 0.1003741939424038 0.1749412582176742 0.11017163734052869 0.1836193955675478
0.062257413840346325 0.10376235640057721 0.05603167245631169 0.0933861207605195 0.1446271538763667 0.24109969623221633 0.11206334491262337 0.186772241521039
0.08769198837691987 0.1551473640514736 0.07644942576449425 0.13525667635256675 0.10523038605230385 0.18617683686176836 0.0917393109173931 0.1623080116230801
0.10679066881208446 0.08409765168951652 0.12814880257450137 0.10091718202741984 0.1565124123741888 0.13720080176988755 0.1601860032181267 0.1261464775342748
0.07157876871872085 0.1266393600408138 0.08947346089840107 0.15829920005101727 0.08589452246246503 0.17078749468927998 0.1073681530780813 0.18995904006122072
0.07142199306648198 0.11903665511080329 0.08570639167977837 0.14284398613296395 0.10496601540271785 0.19033698634132667 0.10713298959972296 0.17855498266620493
0.07522525019931028 0.1173625342708847 0.08450102467503696 0.14083504112506162 0.10725613742059652 0.19314993005898676 0.10562628084379622 0.176043801406327
0.07448286556057751 0.11571797057242776 0.083316938812148 0.13886156468691332 0.10639710473118134 0.20350042626292542 0.10414617351518499 0.17357695585864164
0.057414016118528456 0.08494355411325177 0.06115935896154128 0.10193226493590214 0.12498717115175507 0.2433803869241345 0.12231871792308256 0.20386452987180428
0.06980507760306165 0.1235012911438783 0.08725634700382706 0.1543766139298479 0.09346964534363267 0.18163147185534245 0.10470761640459249 0.18525193671581747
0.10536665256973668 0.07424133778308306 0.18854942929036964 0.14848267556616612 0.1000156853297972 0.08952135881668793 0.16437642553519405 0.12944643510896534
0.12119953353100378 0.08095291520036352 0.1460663015494912 0.09714349824043622 0.15855944017977605 0.12045290954531059 0.15419602895307336 0.12142937280054528
0.0701590150778188 0.12412748821460248 0.08769876884727348 0.1551593602682531 0.10578962893652005 0.16563598371690022 0.1052385226167282 0.1861912323219037
0.10369559305814373 0.07293658311521298 0.20115142354194535 0.14587316623042595 0.10162709406684428 0.08605707030393944 0.16148759143132216 0.1271714782521662
0.08134700050729779 0.11491678560399926 0.1115975505068535 0.1379001427247991 0.10796712059254593 0.17047111461490602 0.10342510704359933 0.17237517840599886
0.077331516076684 0.1128805703990195 0.09708318379481305 0.1354566844788234 0.10750852145662255 0.1988261548363908 0.10159251335911754 0.1693208555985292
0.1135096889628347 0.07872507432502004 0.14036202866904315 0.09447008919002406 0.15929949901576362 0.1455934858259367 0.1499525225238477 0.11808761148753005
0.06949355344719885 0.12295013302196717 0.08686694180899854 0.15368766627745897 0.11059651539984487 0.1677396603407826 0.10424033017079826 0.18442519953295072
0.10204533022959103 0.07173302100444426 0.20956855033306057 0.14346604200888852 0.10175804282033049 0.08753324793530236 0.1588228059683259 0.12507295970005666
0.0802267707477092 0.113323896813494 0.11932172769961645 0.13598867617619279 0.1074088214862334 0.17175275472436846 0.10199150713214461 0.169985845220241
0.05689668011128396 0.08307900154494512 0.07556283289663543 0.09969480185393416 0.12744416681346896 0.23829915084714312 0.11963376222472097 0.19938960370786832
0.1035917463418655 0.08362225307114445 0.1294896829273319 0.10452781633893057 0.15753305774806642 0.14041444445314616 0.15538761951279828 0.12543337960671666
0.0926351501367114 0.07477777179710439 0.1852703002734228 0.14955554359420878 0.11341692740822046 0.08300104730946375 0.16674327024608052 0.13459998923478791
0.101860244947532 0.06900403630767735 0.2465160721641304 0.1380080726153547 0.09880036292078581 0.07271587158344771 0.15278060948871172 0.1203147299723605
0.07973617373593317 0.11244498909042913 0.13001974022627188 0.13493398690851496 0.10627269085165951 0.16672444537016154 0.10120049018138623 0.1686674836356437
0.07625265676472982 0.11135048630742275 0.10561137077824935 0.1336205835689073 0.10671316023877851 0.19921057520409774 0.10021543767668048 0.16702572946113411
0.07743412717984129 0.11027765475897743 0.10000182460181571 0.1323331857107729 0.10593537372363639 0.2093514626034105 0.09924988928307968 0.1654164821384661
0.06725080357271492 0.11898219093634177 0.09218385378735318 0.1487277386704272 0.10048563842299617 0.19302028284658176 0.10087620535907238 0.17847328640451265
0.10249672570934586 0.07026948586314094 0.2184711274968243 0.14053897172628188 0.09815424346703826 0.0919658720567898 0.1555824188422819 0.12252115483829704
0.11925384552587236 0.07631572006337048 0.18178107668319024 0.09157886407604457 0.15265583448294162 0.11857780276234325 0.14536327631118184 0.11447358009505572
0.06757390626832249 0.1195538341670321 0.0993911282899737 0.14944229270879014 0.11111171027605286 0.17223551763679676 0.10136085940248375 0.17933075125054815
0.07690471292309076 0.11151186383918596 0.1005083867551327 0.13381423660702316 0.10788151581303505 0.2017508108484861 0.10036067745526737 0.16726779575877893
0.06530814767736864 0.09286754567646395 0.06307063526071652 0.08358079110881755 0.14318183825714964 0.28453251047126754 0.10029694933058106 0.1671615822176351
0.07568945989041054 0.1339121213445725 0.07016835940107354 0.1167439006593709 0.12344273959900286 0.26076791873666444 0.07918281957766025 0.1400926807912451
0.11702703195391308 0.09446760410737562 0.15655207567359264 0.11808450513421953 0.1377803503689987 0.13815696719295067 0.1316554109481522 0.10627605462079756
0.09900495229708346 0.07159483249649676 0.20497608491656086 0.14318966499299352 0.10709149053920447 0.08562648559267405 0.15964579067129275 0.12887069849369415
0.08211677957427505 0.11201871061443511 0.12308689524572716 0.13442245273732215 0.10779551376089927 0.171714742592697 0.1008168395529916 0.16802806592165265
0.09557545501456434 0.14995111889535673 0.09570630114014707 0.12086014458209507 0.12976446509521328 0.2449813200867953 0.09064510843657131 0.07251608674925705
0.0699657394376586 0.11276952488114061 0.09323567906063401 0.1409619061014258 0.10180176747665944 0.21650215071284715 0.09560894500792358 0.16915428732171095
0.10155980854217983 0.07713250853955757 0.21777468491384694 0.13805607934302436 0.097230264992209 0.09505631676817125 0.1528337549096566 0.12035658199135459
0.08143841518661615 0.11913397970324023 0.12525251912764426 0.13229581251415556 0.10427695316455134 0.17301069527548138 0.09922185938561669 0.16536976564269446
0.07741716965214498 0.12241847539899463 0.10440167011045684 0.13067039785242163 0.10450085445778018 0.1992506368233585 0.09800279838931623 0.16333799731552703
0.11379840932312238 0.08594255066998303 0.14825687531402554 0.09144394112284271 0.1548889435810351 0.14621524069203665 0.1451491128934011 0.11430492640355337
0.05263923920176591 0.08349081667734248 0.07442828575753516 0.10436352084667809 0.13204342223352272 0.22633151958920697 0.11797615400059264 0.20872704169335618
0.06797099827692643 0.11419799845106977 0.0912145257081985 0.1427474980638372 0.10382443430760158 0.2119275053507244 0.09682004216503742 0.17129699767660464
0.10124072890754494 0.07729701922565604 0.21773207395974048 0.13818605082659707 0.09772518712722805 0.09437141080430597 0.15297763868471467 0.12046989046421282
0.08137725681066832 0.11912801155830698 0.12557508242885745 0.13226392248005722 0.10438891351289502 0.17273896824910054 0.09919794186004292 0.16532990310007153
0.05780066746169224 0.09140787998118041 0.07815473371742006 0.09756596096498361 0.1248883334537025 0.23797134933307357 0.11707915315798034 0.19513192192996723
0.06806560837745082 0.11377722907313625 0.09143472978812386 0.14222153634142035 0.10216737419653028 0.21520437570380113 0.09646330290983292 0.17066584360970438
0.10119981274092361 0.07721946332179087 0.21803254206900824 0.13808938350261044 0.09733752537110973 0.09486503262431219 0.15287062398335383 0.12038561638689114
0.08134853114197338 0.11908130922201093 0.12575920982586009 0.1322185034128372 0.10427684592376205 0.1728785936478818 0.0991638775596279 0.16527312926604648
0.0773776124937013 0.12236785120826511 0.10475541013307525 0.13061451145794178 0.10447722824534555 0.19917836354578755 0.09796088359345635 0.1632681393224272
0.06466217534268806 0.10335372420780986 0.06338135052995261 0.08247678995184479 0.14083602542709214 0.28136420669470913 0.09897214794221373 0.16495357990368958
0.048032408140803354 0.07967045324003043 0.06268763259204115 0.09958806655003803 0.12361299603095903 0.2746544959851394 0.11257781436091255 0.19917613310007606
0.09216428202249656 0.07091664806693161 0.19529027919547848 0.14183329613386322 0.10469889552691339 0.10931309191892048 0.15813354061491913 0.12764996652047692
0.10251275882262353 0.0716982650105412 0.258116251593616 0.1335283665159701 0.09465314349831004 0.07526047870194016 0.14782139068923023 0.11640934516776881
0.1015670916077514 0.14742364523856205 0.12567828569704137 0.12337564978982281 0.12914523254462168 0.2062529679059397 0.0925317373423671 0.07402538987389369
0.05973551925250974 0.09567982132019891 0.06043305875573378 0.08341317756119905 0.14506923789011425 0.29454967285475153 0.09429315724309457 0.1668263551223981
0.09191461201789129 0.06985129586463631 0.19678124555718082 0.13970259172927263 0.10806903005745847 0.11219092800562307 0.15575796421159205 0.12573233255634536
0.07977907747474426 0.11799390904979261 0.12100576120629143 0.13196292369489354 0.10642754956848681 0.17890493161600413 0.09897219277117018 0.16495365461861694
0.07704108672732708 0.12207679278894103 0.10365894507782365 0.13042656946668332 0.10481183445200953 0.20113163255384858 0.09781992710001251 0.16303321183335415
0.07631716953832418 0.12202780856317175 0.09960813730831505 0.12986875586827437 0.10403207771994565 0.2084085392654202 0.0974015669012058 0.16233594483534297
0.07609504700950112 0.12183527967921307 0.09861521247248471 0.12966077774595655 0.1037095008826123 0.2107626267183192 0.09724558330946742 0.16207597218244568
0.11339948225433366 0.0858094763636834 0.14671612985538993 0.09133464098581677 0.1545161536017337 0.14908019509436396 0.14497562061240757 0.11416830123227095
0.07158316060647894 0.11338668732998661 0.10915040142999724 0.14173335916248328 0.10835566755101882 0.18957850149310995 0.09613219143194518 0.1700800309949799
0.07581894176141317 0.12155381270695746 0.10113737810056186 0.13046313982495375 0.10520164597714661 0.2048988019790598 0.09784735486871532 0.16307892478119218
0.0566126557518025 0.09069144717984402 0.07367371237218011 0.09656418669272797 0.12387084744012325 0.2495817531465927 0.11587702403127355 0.19312837338545594
0.07893652977665155 0.1320007551037406 0.07680611614067608 0.11507758137249181 0.1186895328686383 0.2623437666816431 0.07805262040916834 0.13809309764699015
0.06810207904174252 0.1114192515090739 0.09365682145358722 0.1392740643863424 0.0993066023362899 0.22664815599079044 0.09446414801856268 0.16712887726361086
0.09226297103983176 0.07758551631914441 0.21230926066793693 0.13918148971383895 0.09797634496626322 0.10024410219793603 0.1551769743525936 0.12526334074245507
0.08001995141477625 0.11917595282106269 0.1245745485012329 0.1322994310383428 0.10443453322516347 0.1748967209227364 0.0992245732787571 0.16537428879792848
0.09497908768403726 0.1506001610672345 0.09648841286461657 0.12055111455952863 0.1286156502807352 0.24602156888848425 0.09041333591964648 0.07233066873571718
0.06772627902781432 0.12623857421114557 0.09653865940695465 0.1360860390555672 0.09966171512656508 0.2181436511197574 0.09230183518551517 0.16330324686668066
0.10377775954979378 0.0885025032361618 0.1514004921551155 0.09787182634570898 0.14717145081391175 0.14833673294068717 0.14549304334377036 0.11744619161485077
0.10574973725735516 0.08413706584972125 0.1662771743809527 0.09628371614127999 0.1596986874977213 0.12918094864266505 0.1431322108607685 0.11554045936953601
0.10555605163593168 0.08347434745866714 0.17034679256853666 0.0959071550363099 0.16303174165443124 0.12402289811573866 0.14257242748681292 0.11508858604357186
0.11232701990495224 0.08263260445593325 0.17040803673223304 0.0949172744313577 0.1629014256012509 0.1218120060736104 0.14110090348303322 0.11390072931762923
0.09958626374527652 0.07244019679627949 0.23928161717785673 0.13323704067065192 0.10718736515275679 0.07980482256855159 0.14854935728504026 0.11991333660358673
0.08717667044920599 0.14048951066818266 0.15079542310536928 0.16326919050224553 0.0855603900312883 0.14271221644924048 0.08305432734244664 0.146942271452021
0.10306972522202089 0.07768879370061739 0.2415170171171207 0.1355755848024897 0.09221508168673825 0.08165195241211821 0.15008774548749368 0.11819409957140128
0.07889830193902773 0.1222144250669516 0.13114136424436543 0.14127197691992452 0.09570014811830815 0.1654281574966078 0.09581925391090534 0.16952637230390943
0.13725658261036422 0.10336102461066944 0.1887288077880397 0.1100537024254358 0.12750562632655943 0.11531603027537073 0.12183397256702702 0.09594425339653379
0.08268475810509258 0.12313799324233404 0.11843741122690218 0.13862680873220984 0.10155574804946083 0.17517997032958896 0.09402513983575972 0.16635217047865178
0.10455712835548214 0.07699919949962031 0.2283695962420369 0.13645520033566516 0.09613155978758879 0.08746485585612125 0.1510615160411108 0.11896094388237474
0.07908919829883361 0.12210384094084195 0.12828920459736418 0.14124649947683246 0.09647779411759415 0.1674956896381351 0.09580197355819943 0.16949579937219897
0.09442698853630076 0.14815289826619393 0.12715958277872502 0.15772121372795428 0.08652452947603066 0.1660139147327258 0.08250032718077609 0.13750054530129344
0.06937826383369135 0.10713422868674265 0.06723423610753493 0.08347088988403684 0.1372341591066658 0.26844137475241053 0.1001650678608442 0.16694177976807367
0.1096388432409418 0.0849416421005317 0.1395121783188802 0.095324528117936 0.15589226130827674 0.1585947997309189 0.1417063134409914 0.11438943374152319
0.07825676745855405 0.12037404254760489 0.10741099208478862 0.13798769881773482 0.10684234524131044 0.18995125867930518 0.09359165658942013 0.16558523858128177
0.07516764655154101 0.12519075973026147 0.10095803942540185 0.13900502454633556 0.09708506241832787 0.20150576904979767 0.09428166882273196 0.1668060294556027
0.10419302507653082 0.07758163141107431 0.2215038755111989 0.13722081851362994 0.09576637602607627 0.09219678074139671 0.15190908683641569 0.11962840588367739
0.0711994988065658 0.10700989216477054 0.07755922573403995 0.08626158538372021 0.14079426177202276 0.24713926885071316 0.0975130965207272 0.17252317076744042
0.10043136004775127 0.07594604677399933 0.2043249111739628 0.13636932587193437 0.1053078279210482 0.10284651339471981 0.15204162153184322 0.12273239328474092
0.0926989491016182 0.1401838278933918 0.14208992755036004 0.16228265135445732 0.08483542299266804 0.14930235572122555 0.08255247916726743 0.1460543862190116
0.08133964817331713 0.1251741211767262 0.10862147279780014 0.1310275534318298 0.10055466863367997 0.19122742892298727 0.09827066507387236 0.16378444178978727
0.11703345495855935 0.08597288650294715 0.14970596917936946 0.09121470044438304 0.15332543626344977 0.14394393829520435 0.144785238800608 0.1140183755554788
0.08213534386190577 0.12038182358915332 0.10982584800644851 0.13778955050475608 0.10634874391977382 0.18471396916989885 0.09345726034235631 0.1653474606057073
0.07654700017970728 0.1251679563427308 0.10163583540941891 0.13894831944538807 0.0969876079618624 0.1997320893547723 0.09424320797165453 0.16673798333446568
0.10447208166241707 0.0775544448623064 0.22175417971422032 0.13717484102182528 0.09571541215704958 0.09188252977708793 0.1518581878629893 0.11958832294210409
0.0813850530104642 0.12176412744934492 0.12699296779808544 0.14072776430357706 0.0961313714962264 0.1686752629894965 0.09545013578851314 0.16887331716429244
0.07921784856611887 0.12278548687013037 0.10517490454409552 0.13073324933683267 0.10279008831265565 0.19783192369650168 0.09804993700262452 0.16341656167104085
0.07584883039170737 0.12509221648582303 0.10038317473152364 0.1385385633609049 0.09600232347546417 0.20392332906800772 0.09396528645348332 0.16624627603308587
0.10434408683399901 0.07757007650591008 0.221239142627986 0.137205423481017 0.09554394848138666 0.09259029359403802 0.15189204390246894 0.11961498457319432
0.08135532790818154 0.12175457002380333 0.12686971971620736 0.1407149035280221 0.096086569311638 0.16891961245081916 0.09544141282770195 0.1688578842336265
0.07920903984876869 0.12277846991993853 0.1051446255430779 0.1307267061473424 0.10277545956704623 0.1979122866791415 0.09804502961050679 0.16340838268417796
0.08933717381381648 0.14733940997862569 0.0824574026583919 0.11380620727106591 0.11307334714306358 0.2402287133041649 0.07719029710559253 0.1365674487252791
0.07628243135511349 0.12575165938177937 0.09405116481083063 0.13585550247600006 0.09656876706549307 0.21631840069499209 0.09214547124459135 0.16302660297120006
0.11514458879652271 0.08744732797266434 0.14981034314677086 0.09658320668383531 0.14475827004174752 0.14677899167054334 0.1435774236673134 0.11589984802060238
0.08200117475196157 0.120653699770616 0.1098905879628049 0.13792572899375194 0.10462579798753872 0.1858425108581058 0.09354962488271872 0.16551087479250232
0.10528693623027094 0.0769125763126859 0.22473886554256034 0.1365806658175113 0.09689199952922456 0.08931822103468222 0.15120041148702917 0.1190703240460355
0.12108388978380379 0.08231729958094093 0.1892859808082302 0.09518983622079674 0.14290570665334335 0.11348339859850576 0.14150608488942323 0.11422780346495609
0.14231013030283507 0.0938540237940608 0.20286090005845986 0.10780618653299377 0.13404160023074888 0.10190573845472009 0.1201958527464871 0.0970255678796944
0.11208621645233409 0.07147766347983492 0.2508456378649914 0.1298109581880546 0.09928460717477045 0.07493552347602378 0.14472953099474148 0.11682986236924914
0.10502846657775895 0.06989738658082786 0.2708073455723863 0.12995121862507203 0.09204988487413493 0.07042369009243614 0.1448859109148191 0.11695609676256481
0.1201531751833691 0.08102677931546746 0.2029901656558045 0.0942965185429101 0.14029097466616164 0.10790845622249895 0.1401781081622962 0.11315582225149211
0.1232380021463924 0.08123928191189374 0.1805519862904755 0.09342123795005125 0.15415247293994158 0.11641458844767494 0.138876944773509 0.1121054855400615
0.1087382187385806 0.07120252747228187 0.2431634317990279 0.13096772685084926 0.10413073102349352 0.07790716822226465 0.1460192417277379 0.11787095416576432
0.10457798962009869 0.0700560695193848 0.268250353339257 0.1302898774860748 0.09323050538812415 0.07107082463780534 0.14526349027178787 0.11726088973746732
0.102967773399382 0.06949654723916832 0.27747873092278014 0.12938679864201727 0.09046050065646406 0.06950490560776518 0.14425662475460732 0.11644811877781554
0.10232808762741219 0.06925209101395517 0.28079518388518115 0.12899354586084377 0.08966125697200164 0.06905746611502538 0.14381817725082133 0.1160941912747594
0.10208162765000066 0.06915802531525696 0.2819790030360295 0.12884539748615786 0.08940970257426879 0.06891238333184879 0.1436530028688954 0.11596085773754208
0.13626044399745432 0.09235096005355324 0.23580943875696395 0.10754320681071979 0.11934214726436165 0.09200226700579525 0.119902649981504 0.0967888861296478
0.08601898769198633 0.12144085454546881 0.12913069974980754 0.13803347252796228 0.09973106951030179 0.16638204583499627 0.09362270310592224 0.16564016703355472
0.10557921521643075 0.07652290051856547 0.23235729863511415 0.1357940597813553 0.09533742905609022 0.08569492558489443 0.15032960626995784 0.11838456493759181
0.08177760037160864 0.1215650625617887 0.12955537633952605 0.14061292623244015 0.09602349369862824 0.1663577836985555 0.09537224561852463 0.16873551147892818
0.10477094193303416 0.07665075203972385 0.2328322921579905 0.13604323201915164 0.09471291897772673 0.08578262067574505 0.15060545017993182 0.11860179201669632
0.0816458895946175 0.12159647579954583 0.12966383110697505 0.1406346427328958 0.09590364548065175 0.16640696893483148 0.0953869750710076 0.16876157127947497
0.11727532605142464 0.08582590375879737 0.15645019905021476 0.0913942336615037 0.15201348451512536 0.13772784872493757 0.14507021216111698 0.11424279207687964
0.08248266466150742 0.12043398505432283 0.11152924173979134 0.13786213882981851 0.10615333258364344 0.1825975763723009 0.09350649416283344 0.1654345665957822
0.1172700089204279 0.08555959946056661 0.1505469455709039 0.0911791520521088 0.15507426453505627 0.1416672766146756 0.14472881278112507 0.11397394006513599
0.08242120304676895 0.12030755706459016 0.11018206128707107 0.13774947657628495 0.1067081446952552 0.18390210567370305 0.09343007976478458 0.16529937189154192
0.11676225885949242 0.08685130579107103 0.1548988148569316 0.0964132277450586 0.14762972484947115 0.1384240560455791 0.14332473855832592 0.11569587329407031
0.14211015994928197 0.09489091332160583 0.19175438397148437 0.10853041893929931 0.1361271254158848 0.10790630352475124 0.12100331783232328 0.09767737704536938
0.12872638861837007 0.08215944007217056 0.17680500664790455 0.09316584557837815 0.15263623792594647 0.11621077960337836 0.13849728685979795 0.11179901469405377
0.11006668758026388 0.07130983266884144 0.2417220784855166 0.13104338332338938 0.10389186766112955 0.07792351224119405 0.14610359304861473 0.11793904499105046
0.13948342431611618 0.09316833042872741 0.22245413842456238 0.10828497864529738 0.12391181155648547 0.09451116562709266 0.12072967022095094 0.09745648078076763
0.11093198555836335 0.07104458117422091 0.25869927289518857 0.12910940185020464 0.09672834523800543 0.0733406035858435 0.14394734803298934 0.11619846166518416
0.10455520551545913 0.06966993624551071 0.27384148819603454 0.12957361735003017 0.09130009738309641 0.06997848602249476 0.14446491367234707 0.11661625561502716
0.10279404287407282 0.06933164904444458 0.27947275915878717 0.12912126556392142 0.08991163028777147 0.06919893887504151 0.1439605751884318 0.11620913900752929
0.10224289414313939 0.06918999442948565 0.28150347497166567 0.1288957893212264 0.08949185293130048 0.0689605978096665 0.1437091860044121 0.11600621038910376
0.10205899868731115 0.06913439708396683 0.2822283458363455 0.12880794802424184 0.08935316612306364 0.06887874150965843 0.14361124951359502 0.11592715322181768
0.11925840383722558 0.08081126081472316 0.20643543769400904 0.09410684890849107 0.13922708542856763 0.10733659311506726 0.139896151511727 0.11292821869018926
0.09597400339317552 0.13879963874748547 0.1417043398310864 0.15964103373416993 0.08996159691665137 0.14903375724755713 0.08120869976912122 0.14367693036075294
0.10733360697860919 0.07740165864274445 0.2371292747856075 0.1351646931634829 0.09294000933840003 0.08256199919093063 0.14963287155257365 0.11783588634765177
0.09798022099388981 0.14521434749227422 0.10871459585678363 0.11704227913808704 0.11402038613289484 0.19719223739627215 0.07938519802409381 0.14045073496570443
0.09128366928603891 0.14703275197498988 0.11674708073115254 0.15920477837911373 0.08499829196259755 0.17646234855813833 0.08098677856676656 0.14328430054120234
0.08068449279105283 0.12530464188080137 0.10275047243135524 0.1303317963904801 0.10007691938300808 0.2001880843423422 0.09774884729286008 0.16291474548810012
0.06513980843773085 0.10708587807301627 0.05956413009358509 0.08251646189276317 0.13587563119224502 0.291505687863749 0.09327947866138445 0.16503292378552634
0.08574641865787531 0.06541727715912984 0.16926021921254808 0.11737816276128439 0.11989072298691457 0.12696288135611072 0.1744905225525959 0.14085379531354128
0.10225108131959972 0.0716505612802194 0.24185917307004395 0.1341183975436573 0.09889897288731486 0.08098325168433286 0.14953200442554032 0.12070655778929157
0.12007048204154641 0.08160211100564892 0.1946120545113467 0.0948318274663962 0.14305836679617234 0.11105308438857137 0.14097388083064272 0.11379819295967544
0.1077575867628345 0.0710527576741258 0.24882067403881433 0.1306639764279275 0.10160383575948224 0.07682300787755876 0.14568058267412212 0.11759757878513472
0.12109510280228881 0.08125221343628426 0.19634324843783568 0.09445642766762889 0.14343067353687458 0.10965879710157753 0.14041582381635578 0.11334771320115467
0.08344099901178047 0.12027850712770048 0.12054486779312447 0.13828457081625606 0.10475787844940797 0.1729586785729363 0.09379301324928672 0.16594148497950725
0.07939489054211034 0.12232850096689217 0.1036108414623974 0.13038751125561054 0.10446583967028937 0.19903739359147904 0.09779063344170792 0.16298438906951318
0.07599932336317268 0.12494618265535656 0.1001116014029814 0.13842004919707462 0.09628042306372517 0.20425345834753203 0.09388490293366801 0.16610405903648956
0.10437804065792698 0.0775588774085591 0.2211145313729334 0.13720184546900463 0.0956010706862145 0.09264568622860084 0.15188808289608974 0.11961186528067069
0.12104337746778335 0.08240008952063048 0.1885882316352415 0.09522666340566457 0.1425609569447869 0.11434785396589907 0.14156083097319688 0.11427199608679749
0.10818331410909494 0.07125400065834357 0.24658898489505768 0.1309380964965037 0.10169752468382942 0.07750758621645425 0.14598620609386306 0.11784428684685333
0.10438547134649671 0.06999508616902066 0.2695621926308643 0.13016901438274128 0.09266501010451973 0.07094237549068456 0.14512873693120557 0.11715211294446716
0.10290442044858736 0.06946039328371342 0.2779643806238896 0.12932557233412056 0.09031001234420231 0.06945384387434828 0.14418836199042992 0.1163930151007085
0.10231799746302676 0.06923559572795317 0.2809712024299476 0.12896642178537263 0.08961489171301851 0.06903617534299024 0.14378793593085573 0.11606977960683534
0.1020933063985633 0.06915030618095752 0.2820401755328559 0.12883249984566883 0.08939289207193371 0.06890294714665818 0.14363862296226063 0.11594924986110196
0.11927107516260212 0.0808152917556209 0.20638045265961494 0.09411024299371347 0.13924348211693616 0.10734596667168514 0.13990119704737106 0.11293229159245616
0.09352045017368817 0.06170829552838474 0.2209030812673393 0.11355811342950532 0.11688288975753558 0.08834567107771152 0.1688117626504288 0.1362697361154064
0.10220509478973584 0.0701105189108764 0.26065957959486447 0.13167002605676092 0.09662694292148327 0.07342256134325337 0.1468022529319409 0.11850302345108482
0.10274810471305337 0.06970149510012874 0.2748464393931889 0.1297737302665658 0.09137468170596771 0.07007116694070173 0.14468802464048455 0.11679635723990921
0.10239129319802338 0.06933010708420267 0.2798751530836819 0.12911625136356283 0.089918986914733 0.06920859739936347 0.14395498472922602 0.11620462622720656
0.09322595390102079 0.13839021890304082 0.16066093472531723 0.16113182703462203 0.08167061561992794 0.13793474564556002 0.08196705983935121 0.14501864433115982
0.10621372734525406 0.0770132448384113 0.2447011056692301 0.13455541206196217 0.09084035967699709 0.08041305987283387 0.1489583723274469 0.11730471820786445
0.07226879753423951 0.10730880676895288 0.08139008297961355 0.08651878217966093 0.13985513952537243 0.24181698592800477 0.0978038407248341 0.17303756435932185
0.10097889463289851 0.07582041653330304 0.2061685234187519 0.1360953845584481 0.10492119461557135 0.10179354272773614 0.15173619741068764 0.1224858461026033
0.08086953747933602 0.12132851381006383 0.12369148978086068 0.14045430710831788 0.09785673434029882 0.17198958847767348 0.0952646604734678 0.16854516852998144
0.14051319678204408 0.1029767975098414 0.1855339429037083 0.1096821618018097 0.12777092193608922 0.11647997105657695 0.12142266182373723 0.09562034618619308
0.08658024866851552 0.12249303583478571 0.11793967678844879 0.13783376594669056 0.10125681188786019 0.17500869179121958 0.093487249946451 0.16540051913602866
0.10605630480820068 0.07685196504067465 0.227918111451826 0.13624537840132678 0.0959633523632385 0.08735763120406558 0.15082923453463934 0.11877802219602848
0.08187106087218902 0.1216182005502454 0.12859381346446494 0.1406345966043002 0.09615774057108414 0.16697612822876984 0.09538694378378623 0.16876151592516023
0.07931767209785474 0.12279448218186334 0.10553658939543843 0.13075877665144706 0.1028184233811232 0.19725650298937913 0.09806908248858529 0.1634484708143088
0.07602494187607046 0.1250675692651917 0.10056714629034336 0.13850197859672847 0.09599349287054953 0.2037020243455221 0.09394047243952018 0.16620237431607415
0.11593792843699502 0.08615384904921201 0.14749505534619126 0.09143466694598383 0.15215374321860778 0.1473970313427784 0.1451343919777521 0.11429333368247976
0.096979441982015 0.1420295848203841 0.09011943223709384 0.11335564609498171 0.1251792567327908 0.21942516372824739 0.07688469909050932 0.13602677531397805
0.10613128119755659 0.0779098247092921 0.20910365861017358 0.1352958653182104 0.1013616268772258 0.09758667137771469 0.15084479312343754 0.12176627878638935
0.0817996715804927 0.12163465964640457 0.12439628941100866 0.14051849106735603 0.09717481155389618 0.17054569351867746 0.09530819394133715 0.16862218928082723
0.11765047424078422 0.0858074292632062 0.15478261082247025 0.09136545957727184 0.15239599817202631 0.13876666444110874 0.1450245390115426 0.1142068244715898
0.08254222261962511 0.12041077687344645 0.11115325081102877 0.13783737727251283 0.10621501377010394 0.1829468065588241 0.09348969936744349 0.16540485272701536
0.10577527686192993 0.07681535596221938 0.22511662383361275 0.13642647387446385 0.09712312909995018 0.08877752539930818 0.1510297146677011 0.11893590030081465
0.08181283451607728 0.12160246272519404 0.12797142455856741 0.1406232602986021 0.09638632957333002 0.16747652115868097 0.09537925481122575 0.16874791235832248
0.11778351833301678 0.08578477388617958 0.15586254222650905 0.09134295463314741 0.1521059520685345 0.1379527486831666 0.14498881687801174 0.11417869329143425
0.08257400371753333 0.12042043901034094 0.11139745237952817 0.13785110220943214 0.10616686122962583 0.18266981034712787 0.09349900845509311 0.16542132265131856
0.10577539169379162 0.07681085541972393 0.22521496537444005 0.13641748944702028 0.09710660622929 0.08872685557549288 0.15101976853719784 0.11892806772304332
0.08181303664800936 0.12160202052687681 0.12799309188804736 0.14062326050103185 0.09638311390326723 0.16745830898300307 0.09537925494852596 0.16874791260123823
0.10524503156792527 0.07665260478878796 0.23212729234419638 0.13603187531409436 0.09479041290458091 0.08596801394035539 0.15059287784059283 0.11859189129946687
0.08173382594402072 0.12159383109226307 0.12951025132182495 0.1406310462049252 0.09591775420623012 0.16647150009800674 0.09538453568681884 0.16875725544591025
0.10518110093173509 0.07661879464841143 0.2327301250595074 0.13597299304362903 0.09465519118462962 0.08577354434734027 0.15052769274671182 0.11854055803803558
0.0817220272006403 0.1215874767780958 0.1296403493300751 0.14062763539252607 0.09588875521848848 0.16639837134290777 0.09538222226623508 0.16875316247103128
0.10517423083105644 0.07661529749622863 0.23278136554893647 0.13596751649222447 0.0946456059983771 0.08575857004538902 0.15052162997918214 0.11853578360860596
0.08172072878646773 0.1215867806319591 0.12965134506129922 0.14062724414945502 0.09588662784527868 0.1663926236448247 0.0953819569013695 0.16875269297934603
0.07962256626037482 0.12275563774958058 0.10573945233308468 0.1307111466848018 0.10273590581222801 0.19701299779032655 0.09803336001360136 0.16338893335600224
0.07607767649150149 0.1250646429965582 0.10061186572987753 0.13850284831769566 0.09597853943241899 0.20361994671349368 0.09394106233721969 0.16620341798123478
0.0780990182869479 0.12229927415386171 0.09894573068267548 0.12978663843149488 0.10205755536925754 0.20923850621277265 0.09733997882362115 0.1622332980393686
0.11562774094020836 0.08697853786686739 0.15125344128670318 0.09635396022528023 0.14616610809931097 0.1447588259017725 0.14323663340952106 0.11562475227033626
0.12287479299190618 0.08224706440600416 0.1650165955172809 0.09405699540403875 0.15684996680006005 0.12626414946687445 0.13982204092898895 0.11286839448484651
0.08353952689718168 0.12009027421968245 0.11350077134245576 0.1379293086515291 0.10727219512382119 0.17860070055897945 0.0935520528245154 0.16551517038183491
0.07888927006699767 0.1309436311661527 0.10106782126461604 0.12864730853905404 0.10391394850432722 0.19924340338074442 0.09648548140429054 0.16080913567381755
0.07769410399529246 0.13236594333746673 0.09792283028639699 0.12788200643265918 0.10262464039603883 0.2057464626868274 0.09591150482449438 0.159852508040824
0.07737068260857641 0.1324509974709812 0.09712111934948092 0.12767808048009255 0.10219387662877386 0.20782908250191012 0.09575856036006941 0.15959760060011566
0.0944911407109101 0.16189857918691414 0.08887043541606131 0.11702898275441437 0.12478431563103594 0.2549374195822046 0.08777173706581079 0.07021738965264863
0.07648640118056786 0.12590848199878293 0.0944232436708734 0.13391435854200665 0.09791360312159407 0.21982781196379744 0.09082886927196972 0.16069723025040794
0.11523886396946427 0.08728819788365476 0.14983363366644611 0.09636692188545602 0.14492098236473025 0.14745519217976974 0.14325590178793166 0.11564030626254722
0.1082077305078937 0.07251130194245754 0.2320567436800033 0.13263795092609887 0.10342601727500393 0.08390468290700012 0.1478814169280535 0.11937415583348898
0.10489479923110838 0.07044211642574351 0.2643652069045291 0.13085706813823822 0.09345711502318103 0.07231646743149588 0.14589586552128947 0.11777136132441439
0.10319270018342544 0.06961895944065827 0.2761244998852973 0.12957084498056298 0.09062257900349224 0.06979483333677264 0.14446182268728439 0.11661376048250668
0.11966154805995206 0.08093791744402884 0.20464907988199674 0.09421493117689361 0.13975088084473672 0.10767090211715548 0.14005682306296424 0.11305791741227232
0.10733790998987826 0.0707786150734893 0.25255908426051216 0.1302355570924517 0.10063379597943448 0.07604010913436879 0.1452029270866588 0.11721200138320652
0.13843687252106138 0.09293798519257498 0.22604384684895887 0.10806667912555692 0.122831609571275 0.09393671298012238 0.12048628254744928 0.09726001121300122
0.11058847723657297 0.07095321965896202 0.2600384645412689 0.1289692284851949 0.0964145827934441 0.0731726564561793 0.1437910651917024 0.11607230563667544
0.10443776067048709 0.069633434620513 0.27432471762179594 0.1295159186279569 0.0912007326069413 0.06992252518403444 0.14440058390311014 0.11656432676516121
0.10275315408905727 0.06931791742644733 0.2796451914979282 0.1290997471912055 0.08987834371079498 0.06917928980377949 0.14393658380870225 0.11618977247208497
0.13654288836821268 0.09240770161033174 0.23504692525982282 0.10759417398232282 0.11951543777692407 0.09209864184397408 0.1199594745743211 0.09683475658409053
0.10989144170068468 0.07073011836808328 0.26338755298988153 0.12862353193633358 0.0955104126696321 0.07269012425471277 0.14340563933797193 0.11576117874270021
0.10417875427845932 0.06954258665041768 0.2755308478782051 0.12937179369836077 0.09092882160782738 0.06977268619600283 0.14423989536220225 0.1164346143285247
0.1026577332591971 0.06928367064053792 0.28007513842058884 0.12904606367871996 0.08979057784177827 0.06912862814981677 0.14387673069851312 0.11614145731084795
0.10219394220229594 0.06917255493276085 0.28171746363620664 0.12886863689695646 0.08945080878138635 0.06893590726548161 0.14367891307765143 0.1159817732072608
0.10204166651223706 0.06912813834381919 0.2823042292661829 0.12879822546345362 0.08933893767878191 0.06886999023453665 0.14360040958388037 0.11591840291710825
0.10198974164912145 0.0691115507885047 0.28251297268564735 0.1287722567990788 0.08930042611265779 0.06884656438475653 0.14357145646106245 0.11589503111917092
0.10197169573045084 0.0691055406735944 0.28258710678836996 0.12876290526735334 0.08928691999390001 0.06883818660464945 0.14356103020106412 0.11588661474061802
0.10196536342035672 0.06910338993254811 0.28261341616874713 0.1287595675337665 0.08928214830088495 0.06883519498610746 0.14355730887719934 0.11588361078038985
0.10196313036590157 0.06910262419016258 0.2826227501261056 0.12875838046991167 0.08928045775461217 0.06883412928079784 0.14355598538958805 0.11588254242292048
0.10196234083346338 0.06910235213762027 0.28262606111860394 0.12875795892308353 0.08927985823107418 0.0688337503290462 0.1435555153963334 0.11588216303077517
0.10196206129024794 0.06910225557155655 0.2826272355314801 0.12875780932293973 0.08927964555936664 0.06883361573042604 0.14355534860333727 0.11588202839064575
0.10196196223901247 0.06910222130909315 0.282627652083098 0.12875775624819316 0.08927957011430902 0.06883356795396468 0.14355528942895568 0.11588198062337385
0.10196192712710035 0.06910220915477719 0.2826277998269768 0.12875773742114385 0.08927954335116274 0.06883355100160891 0.14355526843820068 0.11588196367902945
0.08105670755945639 0.12040115551767303 0.14042549146109462 0.14021422686883908 0.09463278636711012 0.15991073654174642 0.09510182344147346 0.1682570722426069
0.10410146868311894 0.08208596039744016 0.2358491834320725 0.134400871092159 0.09354077711851201 0.08406445997263677 0.14878728912115283 0.11716999018290787
0.08386759232256577 0.12539392285893153 0.12892943033577428 0.13063890829164537 0.10253183689099474 0.16736049271679745 0.09797918121873406 0.16329863536455674
0.07905543447789712 0.1320966922307923 0.10440594986772805 0.12871946653838764 0.10296059080379204 0.19532293300462755 0.09653959990379074 0.16089933317298455
0.07779289086005575 0.1326798774758545 0.09868694409125608 0.12796983248503685 0.10248301913633956 0.20444777098138353 0.09597737436377765 0.15996229060629608
0.07742518194941087 0.13254489388758553 0.09730463391544736 0.12771125241238993 0.10218752685535826 0.20740400615502838 0.09578343930929245 0.1596390655154874
0.07681558230971298 0.13816765882154758 0.09635852429317285 0.1266327523331548 0.10143871540379262 0.20732126217230956 0.09497456424986611 0.15829094041644348
0.07664193774801316 0.13943767019928346 0.09607871012384106 0.1265034758186953 0.10119005969403244 0.20714119477874401 0.0948776068640215 0.15812934477336915
0.07660373874118816 0.13973655647479769 0.09601040534768614 0.12648891212500382 0.10112565095505037 0.20705691210626614 0.09486668409375287 0.15811114015625477
0.11457681130164149 0.10128732000063437 0.14361525213665877 0.08933639727900451 0.15127371671101264 0.1464362007675234 0.14180380520476907 0.11167049659875564
0.08188935890988412 0.12206433848966887 0.108586537871576 0.13764683700238167 0.10581911833692571 0.1854571416285684 0.09336046335813715 0.16517620440285802
0.11618836628943799 0.09805726047699499 0.14782175515837678 0.08960104776718515 0.15307723914390697 0.14102913611037843 0.14222388534473834 0.11200130970898142
0.08223416433637544 0.12177877062378924 0.10958115807872638 0.1377504482071288 0.10628061395469825 0.18364356816676186 0.09343073878396563 0.16530053784855456
0.10466857458981482 0.08821704811842564 0.22223768330651059 0.13442714039028725 0.09619620929370964 0.08824408236491649 0.1488163703140339 0.1171928916223017
0.08343262235158776 0.13239478572773655 0.12530783578075338 0.12956194999394263 0.10242527825202143 0.16775362790607298 0.097171462495457 0.1619524374924283
0.07819739837311562 0.14202098296421944 0.10267645817945707 0.12712998633659658 0.10193314011239235 0.19378206136102558 0.09534748975244743 0.15891248292074572
0.07679366399253183 0.14376512978000106 0.09730323718508857 0.1262796764545468 0.10119513868738875 0.20210380099134942 0.09470975734091011 0.15784959556818348
0.07639849838982322 0.1439671287452948 0.09599070723611601 0.12601352555729967 0.1008395449531402 0.20476354400372673 0.09451014416797475 0.15751690694662457
