0.125 0.125 0.125 0.125 0.125 0.125 0.125 0.125
0.07575757575757576 0.12626262626262627 0.09090909090909091 0.15151515151515152 0.0946969696969697 0.15782828282828282 0.11363636363636365 0.1893939393939394
0.06379183862841928 0.10631973104736547 0.057412654765577345 0.09568775794262893 0.12758367725683856 0.24300351494275768 0.11482530953115469 0.19137551588525786
0.06430745814307458 0.11377473363774733 0.056062912227295786 0.09918822932521562 0.12861491628614916 0.22754946727549466 0.11212582445459157 0.19837645865043124
0.09567579728864391 0.0772322701004716 0.19135159457728781 0.1544645402009432 0.08610821755977952 0.08393305897246617 0.17221643511955903 0.13901808618084885
0.0987124780791983 0.07773607648736866 0.1974249561583966 0.15547215297473732 0.08605703217160877 0.07694341411518907 0.17211406434321755 0.13553982567028383
0.07308467358115046 0.12180778930191748 0.10368673783768811 0.14616934716230093 0.09135584197643809 0.17155691581590304 0.10962701037172572 0.18271168395287618
0.08840064932307427 0.14733441553845714 0.08733454503114431 0.1326009739846114 0.11050081165384286 0.2548172895896445 0.09945073048845857 0.07956058439076687
0.06988874368527857 0.12364931575087748 0.09441083567559051 0.15456164468859687 0.08386649242233431 0.18331587862308818 0.10483311552791788 0.1854739736263162
0.09476004525464009 0.07462353563802906 0.20657517851356097 0.14924707127605813 0.0826113215040452 0.09684737343670492 0.1652226430080904 0.13011283136887122
0.06104527813096982 0.10174213021828303 0.07431640651316933 0.09156791719645473 0.12209055626193964 0.2562203766505283 0.10988150063574566 0.18313583439290945
0.05834456145749176 0.10322499334787005 0.054435411702095406 0.08999101984173286 0.11668912291498353 0.29560387210083644 0.10172897895152411 0.1799820396834657
0.09194072086099142 0.07421720840586055 0.19352759497746003 0.1484344168117211 0.09205163072433196 0.10074415553930152 0.16549329754978453 0.13359097513054896
0.1048264162820171 0.08255080282208846 0.1674392316777617 0.09906096338650615 0.13103302035252137 0.1340237368229471 0.15723962442302564 0.12382620423313269
0.0680052313509827 0.12031694777481554 0.10939179365095873 0.15039618471851943 0.09187440632811744 0.17753216748790895 0.10200784702647406 0.18047542166222327
0.09825623145103794 0.07255569980715307 0.21940807233723733 0.14511139961430614 0.08032214223665296 0.0971947960575782 0.16064428447330592 0.1265073740227284
0.06549588607958569 0.09948238715061156 0.08140966637433955 0.08953414843555041 0.11937886458073388 0.25818977238541757 0.10744097812266049 0.17906829687110082
0.06532267899196388 0.11557089360116686 0.09333403333335223 0.14446361700145857 0.0876035921573094 0.22236482602505286 0.09798401848794583 0.1733563404017503
0.09640908780286739 0.07125582495775537 0.22114580735951672 0.14251164991551074 0.07888312734436084 0.10778732236389886 0.15776625468872169 0.12424092556736835
0.07417410064036278 0.11266522256390503 0.13173312729434167 0.13519826707668603 0.08449891692292877 0.19133383134840365 0.10139870030751454 0.16899783384585754
0.06029554925029005 0.09347147868872929 0.06930581465567694 0.08412433081985636 0.11216577442647516 0.31143919353543187 0.10094919698382764 0.16824866163971272
0.05260233767092864 0.09306567434087376 0.051605653402575134 0.08113417763050532 0.11716470684103923 0.3504421984011916 0.09171689645187558 0.16226835526101063
0.061116417181288615 0.10812904578227986 0.08369709818409152 0.13516130722784983 0.08225953239074983 0.27576840478838766 0.09167462577193293 0.16219356867341977
0.06280276021255807 0.11111257576067965 0.09044891297892273 0.1388907197008496 0.08663399033553265 0.24923803705160083 0.09420414031883712 0.1666688636410195
0.09327869782538437 0.0707680621276592 0.20417014480426846 0.1415361242553184 0.09132929086724988 0.11373295214298565 0.1578022161473475 0.12738251182978652
0.09287875257086498 0.06850921055387614 0.25293273164646113 0.13701842110775228 0.08897441619728068 0.0836045746469506 0.15276531427983725 0.12331657899697707
0.08167241839784442 0.1319037473844947 0.16095715565575316 0.16487968423061836 0.0780481974271337 0.15027350259667588 0.08387357849992326 0.14839171580755653
0.10821667260977665 0.07873917139678775 0.17441807149849703 0.0944870056761453 0.12498281174093297 0.15106813589355905 0.14997937408911954 0.11810875709518165
0.08991783209794456 0.13229907558020676 0.09853701844238416 0.11533765563402643 0.11071620601537227 0.23655800686528575 0.07822901860394835 0.1384051867608317
0.11108510002021055 0.07669614794133492 0.15327723015952877 0.09587018492666866 0.1377635493084922 0.16774609679599853 0.14251746893576414 0.11504422191200239
0.07943165660013474 0.10972040471984527 0.11292342674010225 0.13715050589980662 0.09390714642586528 0.20926243114156567 0.09302382139291232 0.16458060707976793
0.10379911393070829 0.06791750860034232 0.22417932205832142 0.13583501720068464 0.0890698554165008 0.105501760075645 0.1514459072371812 0.12225151548061618
0.12189656674906485 0.07515615987629529 0.2023583448339023 0.09394519984536912 0.13063916213590582 0.12361447742264996 0.1396558493223696 0.11273423981444293
0.14785085358299974 0.0846408129195151 0.22029077569936353 0.10580101614939388 0.11828834684770399 0.10994704285821533 0.11796023740835407 0.09522091453445447
0.1546180715937854 0.08292131878949807 0.23143856352508907 0.10365164848687257 0.1140027816643511 0.1045172794370038 0.11556385286521466 0.09328648363818533
0.09546806446293361 0.10770598641707228 0.14081769068613895 0.13463248302134037 0.08961115206256368 0.17888969871856397 0.09131594500577869 0.16155897962560845
0.10905032553747812 0.06577918472772715 0.24428652145269425 0.1315583694554543 0.08593653093433204 0.0983087712283391 0.1466777641540662 0.11840253250990887
0.08583060219969081 0.10896679779771065 0.14773301827325136 0.13620849724713832 0.08631010540404785 0.17911588859657962 0.09238489378501555 0.16345019669656596
0.08076427954928296 0.1084366472700948 0.11851155404810261 0.1355458090876185 0.08574680251019758 0.2164045182918721 0.09193541833768909 0.1626549709051422
0.10604053272174004 0.06577428218894785 0.23503759478811231 0.1315485643778957 0.08953411576261391 0.1070043699962737 0.14666683222431057 0.11839370794010612
0.1075480839086739 0.061854876761954426 0.29409713906860924 0.12370975352390885 0.08518570337420968 0.07833852208312608 0.13792714310799986 0.111338778171518
0.09814542056611616 0.12259313113108677 0.189787313445201 0.15324141391385845 0.07656264721133796 0.14379956021896434 0.07795324099096279 0.1379172725224726
0.1082344302728626 0.0633073869819265 0.27422159940460994 0.126614773963853 0.08464472755668223 0.08785776114663059 0.14116602410596743 0.11395329656746772
0.10650169139295329 0.06013479508390708 0.3160862861912606 0.12026959016781416 0.0821820006290892 0.07249138768938 0.13409161769456296 0.10824263115103273
0.08576519424136195 0.10621557476898075 0.17417730245560675 0.13276946846122592 0.08805034010410322 0.16364642268502738 0.0900523351302228 0.1593233621534711
0.104721352753645 0.06335791879039797 0.26763328384258245 0.12671583758079594 0.08983441046782607 0.09241424024523848 0.14127870249679783 0.11404425382271634
0.10530312097763422 0.05993753924013705 0.31421435182719276 0.1198750784802741 0.0858111841927864 0.07331938804560238 0.1336517666041265 0.10788757063224667
0.10298046193740984 0.05826963764251056 0.3369368130019558 0.11653927528502112 0.0828522068476089 0.06760366254701834 0.12993259498195636 0.10488534775651902
0.08441630484050117 0.10515641789947129 0.1815989828075206 0.1314455223743391 0.09042201981854102 0.1600717711043465 0.08915435430607349 0.15773462684920692
0.08046416843972078 0.10653226039694752 0.13144444951703124 0.1331653254961844 0.09250315928312541 0.2057714168045921 0.09032082946697725 0.15979839059542128
0.10563702717028509 0.06445986349940334 0.24558231617418838 0.1289197269988067 0.09237276651891242 0.10326467061095781 0.14373587472852029 0.11602775429892602
0.10741576102475332 0.0604795421798729 0.30410655905153544 0.1209590843597458 0.08708539957784002 0.07623012561870506 0.13486035226377627 0.10886317592377122
0.10484517136711022 0.05843190739659781 0.33263833623839445 0.11686381479319562 0.0833514879140707 0.06839741666255034 0.13029443231420468 0.10517743331387606
0.10260664781107101 0.057458590810717934 0.3463405607410079 0.11491718162143587 0.0813450023670662 0.0657824715905841 0.12812408159882477 0.10342546345929228
0.12125890375872124 0.06826419362594936 0.2641488309157213 0.0853302420324367 0.12830994253711786 0.10344246077425358 0.12684913591687605 0.10239629043892404
0.14664464974881997 0.07793861307228145 0.2591803309540458 0.09742326634035182 0.12327318310707389 0.0992393454946286 0.1086196715764818 0.08768093970631663
0.15643639855042346 0.07739043760094072 0.2557343508622989 0.09673804700117591 0.1212245685855409 0.09755625194948955 0.10785570314907225 0.0870642423010583
0.12082126263648682 0.05822453086264532 0.30598211127302793 0.11644906172529064 0.09081095252293035 0.07307591183164532 0.12983201359521207 0.10480415555276158
0.14597329203391848 0.07788601095731765 0.27977554890056217 0.09735751369664705 0.11236368334260918 0.09047582645629844 0.10854636228566471 0.08762176232698235
0.09555635976346928 0.10347993751809643 0.16285955071635425 0.12934992189762054 0.0961566846487501 0.16964464867409157 0.08773299050447307 0.15521990627714466
0.0966570272872304 0.12276616419351177 0.14544459569676205 0.1534577052418897 0.08118133135641659 0.1843179740573536 0.0780632674491352 0.13811193471770072
0.1450924445955454 0.08388877607803205 0.20788498957712911 0.10486097009754006 0.11705040410160863 0.12993538624913128 0.1169121562132275 0.09437487308778604
0.12064059637706151 0.06002940301354609 0.28227923957624756 0.12005880602709218 0.09232182230581071 0.08276059816804122 0.1338566091078177 0.10805292542438297
0.09007498827600446 0.10527592162426368 0.16443676633165302 0.1315949020303296 0.09262246234884092 0.16882540427107184 0.08925567268144095 0.1579138824363955
0.12248429636672911 0.07207367767076592 0.1879092145914565 0.09009209708845739 0.14138856001269873 0.14401368448000704 0.13392795328373666 0.10811051650614886
0.14989636627585126 0.07920679883925115 0.2226530774953352 0.09900849854906393 0.13624581986958004 0.11349470308847619 0.11038708718828473 0.08910764869415753
0.120601522397553 0.05873199831505565 0.28832714746805044 0.1174639966301113 0.10027809064026483 0.07791605730918835 0.13096359027267632 0.10571759696710017
0.1028960645447968 0.11970905887954802 0.19038043664139698 0.14963632359943504 0.08433744873406052 0.14224862913894978 0.0761193472223213 0.13467269123949152
0.10981240624195482 0.062029505601746575 0.2760797009463288 0.12405901120349315 0.09074638165418195 0.08730334491242063 0.13831653935673044 0.11165311008314384
0.1261042004238003 0.06928428018936236 0.23426481050792317 0.08660535023670296 0.13844616445565927 0.1126241039983948 0.12874466990411365 0.10392642028404354
0.14941513122946926 0.07774020173628096 0.24397609814358667 0.09717525217035121 0.13320472904201314 0.10268770643953147 0.10834315428545127 0.08745772695331608
0.1383874681535074 0.06726363623636053 0.21670320766937876 0.08407954529545066 0.15218320105216954 0.11549759602326579 0.12498989121532665 0.10089545435454078
0.15423643246777283 0.07729456036084449 0.2343300941600033 0.09661820045105562 0.139629972638347 0.10321227632656632 0.10772208318946051 0.08695638040595005
0.12119470133188688 0.058074318767753215 0.2937585260169113 0.11614863753550643 0.10180618663222787 0.07498679289044012 0.12949706304331834 0.10453377378195577
0.08993926264801239 0.1041639597419462 0.16785011760651283 0.13020494967743274 0.09956710603253557 0.16371574229073008 0.0883129223899109 0.15624593961291927
0.14031409959832222 0.08227615152129662 0.2170932800645788 0.1028451894016208 0.12802504931688247 0.1222208484671677 0.11466471116867272 0.0925606704614587
0.1181770545073911 0.05902907090611343 0.2857938940679381 0.11805814181222686 0.10089896672905802 0.08016452653472589 0.13162601781154248 0.10625232763100419
0.10876798717719278 0.05801027039940923 0.3223989140102139 0.11602054079881846 0.09157163276483508 0.06945792338922473 0.12935424474136922 0.10441848671893662
0.12377636243063952 0.06774998995250502 0.25269654774072536 0.08468748744063126 0.13889418996224626 0.10467679949842239 0.12589363804607276 0.10162498492875753
0.1030596704460238 0.1177860666321772 0.176418227938213 0.14723258329022149 0.09549487302453047 0.1526026787295656 0.07489657497806919 0.13250932496119933
0.1101888496298387 0.06202766460895717 0.26792876676850474 0.12405532921791435 0.0959999746847083 0.0898371845763687 0.13831243421758507 0.1116497962961229
0.10753678443661879 0.058895163127811664 0.3141826600396986 0.11779032625562333 0.09183326932302277 0.07242307973499874 0.13132742345216508 0.106011293630061
0.10433951299753516 0.05736164203312226 0.3367110712433568 0.11472328406624452 0.0886424652954122 0.06706316840995581 0.1279079002947532 0.10325095565962006
0.1022520565935307 0.056643808931778575 0.3475379637299021 0.11328761786355715 0.08683026600399998 0.06518219118200436 0.12630723961802565 0.10195885607720143
0.10109904139256459 0.0563089394535205 0.3527155739595226 0.112617878907041 0.08590179566769549 0.06444014894128972 0.1255605306620293 0.10135609101633689
0.12010250926359704 0.06710036535059435 0.2652762915159375 0.08387545668824294 0.136141852546317 0.10216647681615086 0.12468649979326861 0.10065054802589153
0.14506368549328058 0.07637490582293172 0.25761926819241615 0.09546863227866466 0.13482060129284634 0.09829073740314825 0.10644040046591417 0.08592176905079818
0.13584303756966845 0.06651524914875685 0.2216736529440254 0.08314406143594608 0.15638967092465372 0.11306222262664659 0.12359923162716759 0.09977287372313529
0.1160054772943702 0.05838342259712109 0.2872368862942517 0.11676684519424219 0.10875694069794055 0.07757394879934755 0.13018631844790882 0.10509016067481797
0.08854101953946436 0.10400203552284001 0.1655995578812374 0.13000254440355002 0.10283889098065378 0.16483725957515183 0.08817563881284261 0.15600305328426
0.08142796423334811 0.10500566524621928 0.12581283355609527 0.13125708155777413 0.10126382228219234 0.20869759298107352 0.08902654227396854 0.15750849786932894
0.07891523624165 0.10407722392612996 0.11233962201845395 0.13009652990766246 0.09986161417885345 0.23035455233546692 0.08823938550258846 0.15611583588919495
0.07785519433523709 0.10344258466688559 0.10758821071906179 0.129303230833607 0.09890321237503134 0.2400423682870544 0.08770132178279433 0.1551638770003284
0.07727015609706114 0.10293800528472878 0.10570428388428513 0.12867250660591095 0.09822647134187552 0.245508042639384 0.08727352621966136 0.15440700792709317
0.10504502455334432 0.06393322851180039 0.22912016305619318 0.12786645702360078 0.1001474654944181 0.11624629273099996 0.14256155730840264 0.1150798113212407
0.1249924504490339 0.06959655348252962 0.21350570880904607 0.086995691853162 0.14676933750165883 0.12442048874682106 0.12932493893395428 0.10439483022379442
0.1132787536378071 0.05890771146864767 0.2836519742961491 0.11781542293729534 0.10725849663510305 0.08169835600208934 0.13135540437934273 0.10603388064356581
0.10721868726161478 0.0579132584596845 0.3211650037425572 0.115826516919369 0.09408164228802651 0.07041310350613904 0.12913792259517706 0.1042438652274321
0.10373843514108538 0.05696861424317647 0.3398529541541924 0.11393722848635295 0.08908497362977537 0.06684278172366137 0.12703150698403828 0.10254350563771765
0.12125740142866155 0.06720876100396975 0.2596953833515185 0.08401095125496219 0.13813744056355076 0.10398899932430454 0.12488792156707812 0.10081314150595462
0.10976677583416473 0.05752709251204988 0.3074629804683804 0.11505418502409975 0.10298364100531797 0.07537972846563705 0.12827683016866046 0.10354876652168976
0.10495109837702044 0.057167085956579794 0.3328678782894324 0.11433417191315959 0.09209753738588188 0.06820740407379845 0.12747406928228389 0.10290075472184361
0.09770514210923492 0.11827500629767991 0.20589792124165293 0.14784375787209988 0.08414469664268569 0.13786661692116686 0.07520747683058994 0.1330593820848899
0.10715433635479542 0.061216120380057075 0.2836794194356311 0.12243224076011415 0.09213847191272515 0.08668758275943213 0.13650281171314219 0.11018901668410273
0.10574978311520598 0.05831280021707192 0.3219238416537912 0.11662560043414384 0.09053350540737083 0.07186258770063401 0.1300288410810529 0.10496304039072944
0.13897854609631302 0.07668304919530688 0.2861216936023546 0.0958538114941336 0.11884277466671547 0.09038184805401157 0.10686984654644448 0.08626843034472023
0.10698751365242637 0.11660240585078195 0.1881078866708575 0.14575300731347743 0.09042550499372005 0.14680205382496858 0.07414392111163852 0.13117770658212966
0.12704266906687775 0.07054144746575472 0.19639162754886696 0.08817680933219339 0.14444048575923343 0.1365140402331215 0.13108074939532033 0.10581217119863207
0.10407509607241415 0.11801266984716949 0.1555974759108936 0.14751583730896184 0.09786206195866495 0.16913194025796718 0.07504066506586321 0.13276425357806565
0.1459344689570704 0.08179977437894168 0.21001973770462645 0.10224971797367709 0.1285379094960239 0.12543284034866936 0.11400080496468178 0.09202474617630939
0.15769086370790958 0.0773482651438542 0.23107822478920859 0.09668533142981776 0.13475467208545147 0.10762891533591658 0.10779692922100577 0.08701679828683596
0.12222711245791844 0.05783068347601955 0.29154041056765534 0.1156613669520391 0.10296246770715073 0.07672893587615305 0.12895379270622867 0.1040952302568352
0.1094314041411422 0.057501371564233024 0.3246925639913103 0.11500274312846605 0.0927571523257169 0.06889281973953584 0.12821947629397631 0.10350246881561946
0.10417585180406953 0.05679020573880849 0.34142304585124605 0.11358041147761698 0.08884133921139696 0.06633309293957405 0.12663368264743266 0.10222237032985527
0.09736808358442417 0.11807408152617352 0.20890818941620914 0.1475926019077169 0.0833196242483276 0.13682436271671256 0.07507971488349077 0.1328333417169452
0.12349853652843448 0.0706095690555487 0.20596243058915956 0.08826196131943587 0.14156112093618065 0.13298469444439825 0.13120733354351957 0.10591435358332303
0.11326271724943279 0.05919328482441417 0.2798562326604255 0.11838656964882834 0.10674803042822169 0.0840130621649191 0.13199219033981308 0.10654791268394549
0.10738693474762864 0.058011777183472966 0.3192694281323685 0.11602355436694593 0.09448397611651822 0.07104552587787616 0.12935760464493823 0.10442119893025135
0.10384936245386431 0.05699404989463753 0.33888881862987014 0.11398809978927506 0.08958504951020167 0.06701710522137325 0.12708822469043055 0.10258928981034755
0.09731454289226196 0.11815497822321365 0.20801971553622584 0.14769372277901707 0.08355278186716708 0.13720875356993384 0.0751311546310652 0.13292435050111534
0.09685864648342987 0.1214001628143681 0.16123258940341437 0.15175020351796015 0.08334267993071055 0.17164586593786016 0.07719466874609276 0.13657518316616413
0.08332785647684547 0.10480070782202154 0.1241754647662954 0.13100088477752692 0.09569029673360199 0.21495095366765798 0.08885277402301826 0.1572010617330323
0.07908280066601778 0.10358828140848428 0.11143519430456958 0.12948535176060536 0.09824912927171435 0.23495197319477595 0.08782484728110623 0.1553824221127264
0.07757580760617334 0.10290552994126634 0.10689639883971508 0.12863191242658292 0.09842378860848487 0.24396227488958697 0.08724599277629104 0.1543582949118995
0.10504325098948232 0.06385274417516135 0.22969675739569984 0.1277054883503227 0.10059814591990379 0.11578658440385439 0.14238208925028514 0.11493493951529042
0.1248789963419812 0.0695048504303921 0.21361757031100734 0.08688106303799012 0.147561756072134 0.12414395265965608 0.12915453550125097 0.10425727564558815
0.14877436510785202 0.07734373829516233 0.23300995933678145 0.09667967286895292 0.1421450901954043 0.10724484826586732 0.10779062034792214 0.08701170558205762
0.13734120867080976 0.06653186195469174 0.21054679743375604 0.08316482744336468 0.16141490788255514 0.11757250199085788 0.12363010169192717 0.09979779293203761
0.11679183337309033 0.058428196355669544 0.28092721436107576 0.11685639271133909 0.11177710133803799 0.07976235117376068 0.13028615724682133 0.10517075344020518
0.10826659006076252 0.057828374096206274 0.3194860824762091 0.11565674819241255 0.09579506685827895 0.06992742180903076 0.12894864313392862 0.10409107337317129
0.13984153831909202 0.07652416431408446 0.2846459836106823 0.09565520539260557 0.12092681606008972 0.08966819188550934 0.10664841556459158 0.086089684853345
0.09344354995809875 0.10155774198781677 0.16345501739585708 0.12694717748477097 0.10601045025983524 0.17014614694222513 0.08610330298967074 0.15233661298172516
0.10738238866875288 0.06205911962743416 0.2604731058892115 0.12411823925486833 0.10010972892928843 0.09576842808705313 0.13838257421400993 0.11170641532938151
0.08629898929682225 0.104312082049259 0.15659565394669847 0.13039010256157374 0.10111441149509173 0.17638213323055557 0.0884385043461109 0.1564681230738885
0.08038717279806576 0.10427102261677944 0.12232606851027938 0.13033877827097431 0.10066450858321124 0.21720222220738153 0.0884036930881391 0.15640653392516915
0.1053545359078099 0.06351397178585863 0.2385403461335751 0.12702794357171726 0.10065584619975286 0.10895552980155722 0.14162667738518328 0.11432514921454555
0.12475806774879525 0.0693382160819457 0.21735687831990938 0.08667277010243211 0.14730589909835004 0.12171595046292902 0.12884489406271998 0.10400732412291853
0.08936969256326038 0.1018325458773039 0.14122693588331867 0.1272906823466299 0.11381526580989926 0.187379769807657 0.08633628889597507 0.15274881881595587
0.10706577439607388 0.06266580358199386 0.248291192040692 0.12533160716398772 0.10336017626624723 0.10075161122058247 0.13973538888283407 0.11279844644758893
0.12499519121487364 0.0690496484972556 0.2212998079880937 0.08631206062156951 0.14802314662702284 0.11843699711263948 0.12830867519266154 0.10357447274588343
0.11277522462729372 0.05857160372878922 0.28752119740313603 0.11714320745757845 0.10785420555782753 0.08009974022876201 0.1306059342847927 0.1054288867118206
0.08748242856783887 0.10362919072863128 0.16534719358901254 0.1295364884107891 0.10322388632833271 0.16747749501252204 0.08785953126992653 0.1554437860929469
0.10562272338741803 0.06225092988452409 0.26198947524439636 0.12450185976904818 0.09952872944052102 0.09524432602302516 0.13881028245892385 0.11205167379214336
0.14168503329426685 0.07856089440385867 0.25920214536902847 0.09820111800482334 0.1250288407436191 0.09945404384632661 0.10948691813373586 0.088381006204341
0.10800677035951706 0.11702239264590317 0.1784119462293947 0.14627799080737897 0.09261416721083482 0.15160556308788098 0.07441097793244929 0.13165019172664105
0.08612017600023382 0.10449353338118497 0.12969821995075517 0.1306169167264812 0.09858047833932775 0.20515803201140875 0.08859234351883075 0.15674030007177744
0.10689335633211847 0.06330447343468154 0.24260058456380756 0.12660894686936308 0.09976796585440967 0.10571709343272405 0.14115952733046896 0.11394805218242676
0.10765501065393751 0.05954403278183039 0.3013644378997071 0.11908806556366078 0.09471697522939387 0.07767791292976578 0.13277430593440986 0.10717925900729469
0.08631504811779642 0.1039214941105401 0.16991935676382205 0.1299018676381751 0.09945858053732427 0.1664940579641177 0.08810735370241443 0.1558822411658101
0.10510440882704268 0.06218087821278225 0.26459418974075133 0.1243617564255645 0.09829902371875775 0.09488008460568059 0.13865407768641294 0.11192558078300804
0.14138814482563683 0.07851027637938224 0.2604394237812998 0.09813784547422778 0.12449602569237761 0.0992878489363182 0.10941637398395249 0.088324060926805
0.11591166269472265 0.05734388932653389 0.30739221808843903 0.11468777865306778 0.09932142467308755 0.07425571136766947 0.12786831440871885 0.103219000787761
0.0882151009875899 0.10337345983044345 0.17177648527834363 0.12921682478805432 0.10059230702893968 0.1641229163977617 0.08764271594320207 0.15506018974566518
0.10555791496286981 0.0620600859649638 0.26544513359249394 0.1241201719299276 0.09852654672602448 0.0941972630843141 0.1383847290024715 0.11170815473693484
0.08584389998318587 0.10431623077747816 0.1582031970351008 0.1303952884718477 0.10076475133509731 0.1755602644849501 0.0884420217461228 0.15647434616621722
0.10548313879513802 0.06250603525728492 0.25825441972429924 0.12501207051456983 0.09922526367189244 0.09762907920895089 0.13937912936475175 0.11251086346311286
0.10642201136078983 0.05904591652950787 0.3092300950118139 0.11809183305901574 0.09391039577502805 0.07535351747329057 0.13166358103743994 0.10628264975311418
0.13972007693679622 0.07698129468418745 0.2803095254685918 0.09622661835523431 0.12093892668182817 0.0919341029784869 0.10728549837516421 0.08660395651971088
0.13345908994334468 0.0662150393032513 0.23151326749886736 0.08276879912906414 0.15167897787369292 0.11200088829309986 0.1230413790038028 0.09932255895487696
0.09144082744455544 0.10127710379500625 0.14570750302733287 0.12659637974375781 0.11517783070884514 0.18201932897918355 0.08586537060880965 0.15191565569250937
0.08127024443983287 0.1035366621805452 0.11846403312666859 0.1294208277256815 0.10453477701754847 0.2196873790858348 0.08778108315307094 0.1553049932708178
0.11850189852024141 0.07119668459118267 0.16546281025951953 0.08899585573897834 0.15254211035734697 0.16420729675637113 0.1322983168895857 0.10679502688677399
0.08712398733382172 0.10125954418260233 0.12371146912346025 0.12657443022825293 0.11478337238520483 0.20880739736141768 0.08585048311133676 0.15188931627390348
0.10704303318812619 0.06305398665977019 0.2383853738763638 0.12610797331954038 0.1045540322168531 0.1067574455432576 0.14060097920850245 0.11349717598758632
0.1251675986517038 0.0691709069085292 0.21700953792672031 0.0864636336356615 0.1490306402614914 0.12086732359471361 0.12853399865838633 0.1037563603627938
0.08944022220873765 0.10174920865590892 0.14108595943657806 0.12718651081988616 0.11456516407449312 0.1870834883948707 0.08626563342566192 0.15262381298386338
0.08070258185910596 0.10347241569580057 0.11691511070221483 0.1293405196197507 0.10428188341387261 0.22235225185824545 0.08772661330730917 0.15520862354370082
0.10555182737399503 0.06352279376487734 0.23520814274343854 0.12704558752975467 0.10201300839674328 0.11067126233273028 0.1416463490816817 0.11434102877677921
0.107560209218757 0.05973356489722815 0.2975730678815551 0.1194671297944563 0.09574800232872316 0.07920067480089824 0.1331969342633714 0.10752041681501066
0.14068522876497755 0.0773114980645273 0.2750303083252275 0.09663937258065912 0.12212419037640575 0.0934882780316507 0.10774568853395877 0.0869754353225932
0.1525100754504598 0.07548498109978873 0.26106256556826335 0.0943562263747359 0.1301849019475042 0.0962804949235861 0.10520015089839957 0.0849206037372623
0.11897126700433472 0.056917444261205485 0.30692980647327134 0.11383488852241097 0.10063404231742443 0.07334374618962944 0.1269174055615537 0.10245139967016986
0.12698546826636786 0.06724629496958279 0.24499316803647775 0.08405786871197848 0.1442374955318045 0.10665259451130912 0.12495766751810534 0.1008694424543742
0.11209162212928199 0.05775167806659064 0.2995467502261592 0.11550335613318129 0.10577868109664901 0.07659726939322051 0.12877762243505436 0.10395302051986316
0.08721132952698307 0.10338682691566244 0.1691667057812311 0.12923353364457807 0.10266032692502541 0.16560698792626902 0.08765404890675729 0.15508024037349366
0.10531262243567123 0.062095962999353806 0.2639791063799555 0.12419192599870761 0.09926242409586518 0.09492049525723 0.13846472943437996 0.11177273339883685
0.12397560998799734 0.06877979803253204 0.22798573891858462 0.08597474754066504 0.14603256053192396 0.11627461129695812 0.1278072366425409 0.10316969704879805
0.11209005902821839 0.058347189372472893 0.29097650370358585 0.11669437874494579 0.10721310786137163 0.07954829665406697 0.13010552376488732 0.10502494087045121
0.14221332353151175 0.076977323897869 0.27123424419361075 0.09622165487233625 0.12611687997452137 0.09335711968290615 0.10727996446214204 0.0865994893851026
0.1154845320537372 0.05689761661528995 0.31261918084238133 0.1137952332305799 0.09931614985256401 0.0725983846274135 0.12687319287051219 0.1024157099075219
0.12563796958061643 0.06720640244137355 0.24748181655183915 0.08400800305171693 0.14360127451420757 0.10637139133324562 0.1248835388649404 0.10080960366206033
0.11155454958527407 0.057690504219741263 0.3008623408318668 0.11538100843948253 0.10552968410543456 0.07649779133566134 0.1286412138870051 0.10384290759553426
0.08705592015063979 0.10335406535848812 0.1695690270522177 0.12919258169811018 0.10258913983447347 0.16558189506440307 0.0876262728039356 0.15503109803773218
0.080605792076275 0.10421487758128191 0.12646883492810782 0.1302685969766024 0.1013596739078206 0.21240381629559818 0.0883560918623912 0.15632231637192287
0.10517534258970418 0.06334019864812518 0.24074457564116117 0.12668039729625036 0.10083780034403257 0.1079701386897744 0.14123918922432688 0.11401235756662534
0.08564705612188878 0.10433620448177199 0.15003741204988974 0.13042025560221499 0.10144701016781377 0.18314879888008664 0.08845895597367626 0.15650430672265794
0.10575492593636572 0.06269748127161984 0.25373891499831097 0.12539496254323967 0.09983622187783504 0.09991600168102642 0.13980602540268663 0.11285546628891573
0.10670699312630418 0.05916295139335125 0.3069315250672037 0.1183259027867025 0.09434734006297617 0.07610742373950957 0.13192455131592054 0.10649331250803226
0.1042750409413422 0.057405763315707764 0.3329942839168688 0.11481152663141553 0.09038530808182074 0.06879141897491815 0.12800628416965282 0.10333037396827395
0.1022475138795134 0.0565799513665502 0.3455581323659841 0.1131599027331004 0.08816268044850432 0.06628305996801116 0.12616484677854628 0.10184391245979035
0.12041036225691899 0.06697388700889717 0.26188741165353846 0.08371735876112145 0.138295101799431 0.10380357140066204 0.12445147660608502 0.10046083051334576
0.10930029608985267 0.057367236113524636 0.3084458773014537 0.11473447222704927 0.10347314156899864 0.07549757743566363 0.12792037425911315 0.10326102500434435
0.10468370715031025 0.057060688890614115 0.33325124520569005 0.11412137778122823 0.09257817230708593 0.06835874895662651 0.12723681970533954 0.10270924000310541
0.10229710178266366 0.056513891345584905 0.345587327053367 0.11302778269116981 0.08870180540896003 0.06612954450470349 0.1260175427914983 0.10172500442205283
0.10103160863988643 0.05618220371562607 0.35157445367407525 0.11236440743125214 0.0871637398940737 0.0652776910746529 0.1252779288823065 0.10112796668812693
0.11979287429043362 0.06684584454785421 0.26438389338084456 0.08355730568481776 0.1376517926871104 0.10328597562883193 0.1242135469583261 0.1002687668217813
0.12645387859749846 0.06648027716799701 0.2246002440541048 0.08310034645999625 0.1596252547257917 0.11648533686327854 0.12353424637933773 0.0997204157519955
0.08952925728097262 0.1011572548423181 0.14330019311357967 0.12644656855289763 0.11761268220446257 0.18445440220206588 0.08576375954022622 0.15173588226347715
0.1396627437461385 0.08164100869466717 0.20350117401611878 0.10205126086833398 0.13656631569829014 0.13095182209249484 0.11377954010245594 0.09184613478150057
0.09300664332080495 0.10162182337364224 0.13658064784025237 0.1270272792170528 0.11065592346661318 0.1925173148609092 0.0861576328602619 0.15243273506046337
0.12216880924411463 0.07068076464927601 0.17297912238496133 0.08835095581159502 0.15447680127233845 0.15398276983044432 0.13133962983335618 0.10602114697391402
0.1490832429424237 0.07816915908798136 0.21351603350675993 0.0977114488599767 0.1466018918358594 0.1180369462133144 0.10894097357970535 0.08794030397397902
0.09540681002315311 0.10124883913566854 0.1398845122255666 0.12656104891958567 0.1137194062479144 0.1854647176513248 0.0858414070932842 0.1518732587035028
0.10894853160969094 0.06255803501920362 0.24722159402167537 0.12511607003840725 0.10348216580279476 0.10057405940098957 0.13949508107267194 0.11260446303456652
0.10792768725026283 0.0592691222088326 0.30343942290754855 0.1185382444176652 0.0955727362068659 0.07640707064487255 0.13216129638805357 0.10668441997589866
0.1405183449430105 0.07708811375869432 0.27759303179594674 0.09636014219836789 0.12182317119118029 0.09245870063847683 0.10743436749579227 0.0867241279785311
0.09355609130001605 0.10150581398318048 0.1610657437419688 0.1268822674789756 0.10648534350513353 0.17218674194325842 0.0860592770726965 0.15225872097477072
0.10746930362663305 0.06206680024641542 0.259072225100734 0.12413360049283084 0.10052301930056484 0.09661510994129695 0.1383997008479771 0.11172024044354777
0.12480181133790973 0.06879357712484488 0.22579464779051034 0.08599197140605608 0.1466881495388062 0.11690663603933434 0.12783284107527146 0.1031903656872673
0.12913321327786728 0.06705931971788491 0.20800741232085626 0.08382414964735613 0.16464872395923727 0.12212797306897562 0.12461022843099509 0.10058897957682736
0.1143180221776516 0.05852414855763488 0.2797206231949221 0.11704829711526976 0.11323527887893214 0.0813100463358669 0.13050011633597985 0.10534346740374279
0.10752888402135202 0.05783677034255425 0.31888571590276255 0.1156735406851085 0.09646880110072188 0.07053273582078953 0.1289673655101135 0.10410618661659765
0.10382599601868944 0.0569254082126702 0.3385851460588267 0.1138508164253404 0.09035904886116765 0.06705268565582863 0.12693516398467056 0.10246573478280636
0.10181830538728065 0.056385756987153084 0.34819798888367703 0.11277151397430617 0.08790368280450786 0.06569656708947337 0.12573182229672641 0.10149436257687554
0.1201694426229087 0.06691142135360671 0.26297187070675454 0.08363927669200838 0.13808816419660863 0.10351729003167268 0.12433540236603038 0.10036713203041005
0.126619491578983 0.06649906457139718 0.22398977122845018 0.08312383071424646 0.1598569019394459 0.11659318580980019 0.12356915730058132 0.09974859685709575
0.11275303568414223 0.058099818943285385 0.288223538647494 0.11619963788657077 0.11111031534061129 0.07948005477122387 0.12955392462875875 0.10457967409791369
0.10664075055729627 0.05759105527068922 0.32314130979439876 0.11518211054137845 0.09551297240385681 0.06984844437139422 0.12841945757374582 0.10366389948724059
0.13895183567667554 0.07636331877395179 0.28624457674149006 0.09545414846743974 0.12089034586807439 0.08976278875439289 0.10642425209727982 0.08590873362069576
0.09312517399248954 0.10139964391535095 0.16385902979497796 0.12674955489418868 0.10616312420779293 0.17063474400263673 0.08596926331953668 0.15209946587302642
0.12098544862166838 0.07784677170508335 0.18415742697261261 0.08708656005972337 0.15100742136826276 0.14495247857488527 0.12946002062609624 0.10450387207166803
0.14745294731332495 0.0845041344741538 0.21805457467325817 0.09662629626881629 0.14425041839207128 0.11441685281434272 0.10773110942209814 0.08696366664193465
0.09435963873798221 0.11040741600162261 0.14055003305445593 0.12516948991899632 0.1122461503736942 0.18216631693496005 0.08489756707549317 0.15020338790279558
0.10798312032123851 0.06987597708920044 0.2465323548676765 0.12392943534455439 0.10251017743812071 0.09946037118525662 0.13817207194385392 0.11153649181009895
0.10730456465522734 0.0637455502005313 0.3025989689584711 0.11788061987825305 0.0950091901859737 0.07594045412804867 0.1314280941030672 0.10609255789042775
0.12301757746598313 0.07251669077234903 0.2435772299749289 0.08429766269639868 0.14219209395144686 0.10792741252170286 0.12531413738151206 0.10115719523567841
0.12757354529338602 0.07209887562126914 0.21513679541957978 0.08287180881769336 0.16158637368430565 0.11809192075802268 0.12319450982451131 0.09944617058123204
0.11310046022225569 0.06300181434172515 0.2829203748342922 0.11588952324015439 0.11170346055848332 0.07987562594606183 0.12920816994088852 0.10430057091613894
0.10665729717802243 0.06169231064059682 0.3200542299490668 0.1148087359027638 0.09559553943938844 0.06986085186220478 0.12800317271546946 0.10332786231248743
0.08538113844419574 0.11011076315573787 0.17524256464961668 0.12823662492137813 0.09904695980095996 0.16112011439317528 0.08697788472928256 0.15388394990565374
0.136383297078152 0.09078701343595827 0.2185874249715731 0.10071745866424711 0.12801151519008622 0.12257512767978393 0.11229245018237699 0.09064571279782238
0.11612916304085442 0.06452962901143076 0.2853692886876513 0.11635635186373151 0.10208119302949295 0.08108500867126076 0.12972864901822007 0.10472071667735837
0.10758116167665834 0.06180279916070036 0.3214141105052399 0.11483193658441364 0.09285343275339952 0.07013877664950115 0.12802903974411486 0.10334874292597226
0.1033987981840003 0.06068054133592074 0.3394548918309619 0.11305773021597373 0.08894664325280391 0.06665850593919824 0.12605093204676474 0.10175195719437637
0.0844479555108432 0.1097707994591456 0.1814401641073685 0.1279550256222416 0.096876952408336 0.15917618520159393 0.08678688694378126 0.1535460307466899
0.07914726868042746 0.11576355411080483 0.12916941585213007 0.12846237635412328 0.09869567670438689 0.2074758535808175 0.08713100309236188 0.15415485162494794
0.10396167120835151 0.07101928548891126 0.24117277527923464 0.12537444355900346 0.09941229805573858 0.10643937893912676 0.1397831482665307 0.11283699920310312
0.12363992860516856 0.07447470777540147 0.21793750740479462 0.08598812202690595 0.14634973793306538 0.12059713110775264 0.12782711871462438 0.10318574643228715
0.1284001919971702 0.07267797586502671 0.20412674332708264 0.08338560315327571 0.1641657622443339 0.12322270001625078 0.12395829961292928 0.10006272378393086
0.14901146984072805 0.08289301923625954 0.2265286306702903 0.09524746728932312 0.1478018663698106 0.10660100802554914 0.10619381800764832 0.0857227205603908
0.11914211544557944 0.0631625288026175 0.2882972184611044 0.11474284020249961 0.10687634624419662 0.07658069073448838 0.1279297039272645 0.10326855618224966
0.12702581486920037 0.0721640539294948 0.2366353261643849 0.08390944181417513 0.14701110459205607 0.10782590748812867 0.12473702096554991 0.10069133017701017
0.112101995231388 0.06258596615759583 0.294592660000295 0.11513584916124696 0.10666688891984921 0.07692649669726162 0.12836787958724102 0.10362226424512228
0.10583306872283031 0.06134452415727208 0.32593084969488484 0.11420237955596371 0.09371817604761716 0.06886172958180359 0.12732713063926104 0.10278214160036735
0.10263740001510882 0.060501677743588 0.3416427390384319 0.11277219198525384 0.08899574957898465 0.06622269062356903 0.12573257822833525 0.10149497278672846
0.1009706489407726 0.060002279934053514 0.34931496252196503 0.1119253570241721 0.08708821611358149 0.06517729370033265 0.12478842044336798 0.10073282132175489
0.13500895220161707 0.08056345234211323 0.29753176268587034 0.09396650213356479 0.1163251162598736 0.08726872500336046 0.10476563745339239 0.0845698519202083
0.13071294014032897 0.07177555370415974 0.23827263754645964 0.08168072261851775 0.1485910980587816 0.10952630059842121 0.12142388019110996 0.0980168671422213
0.10384542918575497 0.12551127089327627 0.16949899409831273 0.14431695983389065 0.09821092229552951 0.155317749840277 0.07341341000245742 0.1298852638505016
0.12502653466617064 0.07982340638840474 0.1868547360440263 0.08712225338513886 0.14751291219246285 0.1396003721099907 0.12951308115163926 0.10454670406216664
0.11413653625895064 0.06480640457922605 0.26867657928804456 0.11831611116212229 0.10933519519604322 0.08633103908447129 0.13191363438523185 0.10648450004591008
0.1258915524970844 0.07283138765339736 0.2285797465703618 0.08457169555666884 0.1489456181025062 0.11197245931848318 0.12572150563349577 0.10148603466800261
0.11216432163872299 0.06290059776600695 0.29045459682083913 0.11564435041928281 0.10762826002381884 0.07819313741187893 0.1289348205420959 0.10407991537735453
