Action: 0
[0.10352074233858312, 0.09455209556761206, 0.3098592062741648, 0.09455209523674589, 0.10267028734808174, 0.1057413827613207, 0.09455209523674589, 0.09455209523674589]
[0.09826701835319386, 0.09826701835319386, 0.21386385317444914, 0.09826701835319386, 0.19653403670638772, 0.09826701835319386, 0.09826701835319386, 0.09826701835319386]
[0.15898037638213236, 0.09130570926065457, 0.13967326790496679, 0.09130570926065457, 0.24480466692939126, 0.09131885174089137, 0.09130570926065457, 0.09130570926065457]
[0.125, 0.125, 0.125, 0.125, 0.125, 0.125, 0.125, 0.125]
[0.1494155038734074, 0.09331228727865369, 0.28615044664707645, 0.09331223218367926, 0.09787283344379476, 0.09331223220602994, 0.09331223218367926, 0.09331223218367926]
[0.12008279486011646, 0.09562988764492522, 0.3061247883663189, 0.09562988764492522, 0.0956298877966538, 0.09564297839721002, 0.09562988764492522, 0.09562988764492522]
[0.125, 0.125, 0.125, 0.125, 0.125, 0.125, 0.125, 0.125]
[0.125, 0.125, 0.125, 0.125, 0.125, 0.125, 0.125, 0.125]

Action: 1
[0.09389201141245039, 0.09389201141245039, 0.09389201141245039, 0.09389201141245039, 0.15865152452020728, 0.2779964070050904, 0.09389201141245039, 0.09389201141245039]
[0.09657792975442915, 0.09657792975442915, 0.09657792975442915, 0.09657792975442915, 0.15457318092595662, 0.2659592405474685, 0.09657792975442915, 0.09657792975442915]
[0.0967496279047266, 0.09888766775224724, 0.0967496279047266, 0.0967496279047266, 0.20271947220123282, 0.21464472052288694, 0.0967496279047266, 0.0967496279047266]
[0.125, 0.125, 0.125, 0.125, 0.125, 0.125, 0.125, 0.125]
[0.09415289058545841, 0.09415289058545841, 0.09415289058545841, 0.09415289058545841, 0.2666338627657482, 0.16844879372150143, 0.09415289058545841, 0.09415289058545841]
[0.09449968249596784, 0.09980193358094146, 0.09449968249596784, 0.09449968249596784, 0.12361608629734049, 0.30408356764187894, 0.09449968249596784, 0.09449968249596784]
[0.125, 0.125, 0.125, 0.125, 0.125, 0.125, 0.125, 0.125]
[0.125, 0.125, 0.125, 0.125, 0.125, 0.125, 0.125, 0.125]

