0.125 0.125 0.125 0.125 0.125 0.125 0.125 0.125
0.5717420537591422 0.06581384587464671 0.2238868486773374 0.025067559628738134 0.07337752666919566 0.00887184708300999 0.027948458272637887 0.003291860035291962
0.5731971513429215 0.11486743849364979 0.1600368179523763 0.031621730888050904 0.07818202525873819 0.016190040305612063 0.02151640327739339 0.004388392481257945
0.5523052505992898 0.05304471340422052 0.27347013090725947 0.025886072790998003 0.05825459757583027 0.005794638706009312 0.028457599566403858 0.0027869964499887987
0.564743259853296 0.05043194538393814 0.27035908766927425 0.0238338990598392 0.05637693546433973 0.005195958675961962 0.02663766433171582 0.002421249561635138
0.5936343593798168 0.1158968833467078 0.1674436663575038 0.03226593755714921 0.05913239337931818 0.011902027727215575 0.0164582484735645 0.0032664837787244588
0.579868762933852 0.12103867728108916 0.16993869716336782 0.03495845670241452 0.06013143099636761 0.012970985049086418 0.017398167337421402 0.0036948225364011014
0.631104587662447 0.060360634241655615 0.1959051381558274 0.01846914330388544 0.06560180646009511 0.006490638721251094 0.020108826989189865 0.0019592244656483106
0.6419547794784003 0.05851126499992833 0.19000425760850478 0.017116591741070823 0.06538614617359814 0.006131930451214669 0.019124041847767802 0.0017709876995152265
0.581702349464777 0.11613754477818508 0.1523383931690522 0.030035150037506845 0.0790062345775632 0.01621723676184645 0.020426636995459053 0.004136454215610143
0.5844845262049758 0.05623930053802805 0.24101744461889027 0.02280821009165984 0.061765325886426484 0.006152256076320476 0.02507916327123437 0.0024537733124645167
0.5598161608934793 0.11054074208778603 0.17657932085086936 0.03445423301789522 0.07517323645818844 0.015302568727918147 0.02342571948347973 0.004708018480383943
0.5947444639436399 0.1244464274224527 0.15398073404064694 0.03167355886973271 0.06236010852376439 0.013521333928541934 0.015890440084208857 0.0033829331870125308
0.6199152372490089 0.05957709562571537 0.18108380429028548 0.017147397490750425 0.0863590963500131 0.008580092424989628 0.02490208300091181 0.0024351935683252796
0.5648940910293345 0.11382183567457128 0.1664672973523067 0.033139293247552375 0.07808881275701889 0.016217803553421672 0.022714635885181068 0.004656230500613653
0.5844373862833397 0.05605839144054185 0.24154075489616703 0.022776212596746646 0.06157602913311298 0.0061198548567826866 0.025047161973599956 0.002444208819709133
0.6317228072927237 0.05689663432528792 0.17730467103679245 0.01576141484358667 0.0848035983169464 0.007873871750385668 0.02348677014956921 0.0021502322847078846
0.630188422030142 0.057813591257572 0.17492257082147444 0.01585220720988774 0.0869655646538841 0.008215646372163201 0.023821249212970255 0.0022207484419062614
0.621666747250294 0.05713468149655093 0.1831006628560035 0.01663154283742392 0.08598496362950363 0.008139688634266559 0.025004592521754573 0.0023371207742026896
0.5536717404221184 0.05077838986551563 0.2767756431886045 0.02509680316921743 0.0573173963856553 0.00541660631142603 0.028301528101240963 0.0026418925562219195
0.5648339532731752 0.050297006057798244 0.2706215519825731 0.02379390238576767 0.05626405600782018 0.005168810581245258 0.02660934611955662 0.002411373592063541
0.5936548377781449 0.11587792520482869 0.16746049475285846 0.03226321256718442 0.059123429893598284 0.011897515803790167 0.016457035541470242 0.003265548458124914
0.5721116002459907 0.11941708900022918 0.1776982532546316 0.036578559317440675 0.05932603476711664 0.012796963886174538 0.018203018347126263 0.0038684811812906296
0.5718261607920541 0.11960612443011975 0.17771204227291815 0.03663460887720833 0.05930732290172796 0.012837311602524768 0.01819800941790771 0.0038784197055391325
0.6286422627856514 0.06000235799965736 0.17356082079700316 0.016302506658818775 0.08693860140386384 0.008587501065112923 0.02366780717915083 0.002298142110741584
0.6410408323576673 0.05903031829893388 0.18871686828094103 0.017172650238741517 0.06656522411503894 0.006315249080567635 0.019346855053080047 0.001812002575029655
0.5815675887806347 0.1162263986425388 0.15224007382283195 0.030043791874474153 0.0790883378245731 0.016253024717782998 0.020437596328102013 0.004143188009062117
0.6109401912775453 0.058791709351197666 0.1888493484075872 0.017914678927422854 0.08609137979745698 0.008576425019572306 0.026260146346680103 0.0025761208725377295
0.6300402906449842 0.05781367296603487 0.17504224421802358 0.015856804940310998 0.08696564290135834 0.008229088755484691 0.023828647091786698 0.0022236084820165328
0.564239638825035 0.05185612323981536 0.26590154656674 0.024152120758127334 0.05853080143593177 0.005540777808948226 0.02723354692182213 0.0025454444435802147
0.5648186343666307 0.050447996541679536 0.2701976498451974 0.02383146496956096 0.05643274130348607 0.005198265391270571 0.026651245313739396 0.002422002268435285
0.5543527236949086 0.049382897836526975 0.2810584228174727 0.024741270532452182 0.05522379296886281 0.005071767195031749 0.027660944635829125 0.002508180318915723
0.5756540758552172 0.051124879065292464 0.260206974612494 0.022806654112392546 0.05717137388768606 0.005236357354667626 0.025497248432425883 0.0023024366798240262
0.575648270246246 0.051402920633840846 0.2594238316634857 0.02286841785915554 0.05748109365500942 0.005289474165354433 0.025565773018601766 0.0023202187583063936
0.5865244233207588 0.05239861435653711 0.2484845004612557 0.021899084784503132 0.058595220645947 0.0053947901262455 0.024482039337547532 0.0022213269672052872
0.5853011345775262 0.11494173098840209 0.17463527877825238 0.03388010206431803 0.058644851693103774 0.01186429301025109 0.017281743122247544 0.003450865765898868
0.6205863105383428 0.05901116997238215 0.1820574272996211 0.017057916416170684 0.08566024650465208 0.008421171317315748 0.024805376102762542 0.00240038184875304
0.5749316802730557 0.05281094309355887 0.2553692448423238 0.023162701186093655 0.05955518811124156 0.005637988266093421 0.02609540818513519 0.0024368460424978177
0.6425951864386465 0.05755513355887971 0.19184657864517432 0.016970552900664175 0.06438080782266953 0.005944711609650857 0.018977929422728787 0.0017290996015861023
0.5864783151341034 0.05335155085974053 0.24587019697481502 0.022089277296176577 0.059659432537805514 0.005578885079967945 0.024694029594307346 0.00227831252308385
0.5755714483556373 0.05165281428249998 0.2587753702565095 0.022926533991857085 0.057763270352749335 0.005341105267175787 0.025631870670118115 0.0023375868234527643
0.5648924754491741 0.05048692680486952 0.27004755728321245 0.02383944343287471 0.05645817252052573 0.005200447315846295 0.026652281005537067 0.002422696187960145
0.5865271690570395 0.05225249423697583 0.24888855469538768 0.021870085295116852 0.05843238193188943 0.005366794677088774 0.02444985088879588 0.0022126692177059687
0.5756319790563712 0.051564448064437586 0.25897883026714513 0.02290477670801547 0.057661725984536734 0.005321030433172529 0.025606410030244917 0.0023307994560765144
0.5648976757851484 0.05048018155595745 0.27006311313023174 0.023837609249616143 0.05645032604607298 0.0051988736502174065 0.02665009655026237 0.0024221240324934995
0.6156738058370492 0.05484850058989739 0.1950887898251498 0.017174395036778922 0.08178051814550265 0.007511137239046924 0.02560130942641564 0.002321543900159401
0.5643693711715344 0.05149739717185738 0.26687403785317987 0.024063243050072243 0.0580960678806065 0.005462185000358858 0.027120426652498187 0.0025172712198926043
0.6341334930696801 0.05660411329266878 0.2008012023637162 0.017710360239667752 0.06331712137273268 0.005828374293576051 0.01980553173160294 0.0017998036363554531
0.6314579237881263 0.05729814669542179 0.17630413988197718 0.01580696035406321 0.08542999370258603 0.007971124506872608 0.02356150042977137 0.0021702106411815047
0.6326457862200857 0.05807789659348382 0.1975210738486213 0.017931811829398018 0.06552741526380419 0.00619490437723276 0.020213090567696698 0.00188802129967753
0.6145555221286264 0.055898496508058594 0.19278468200454224 0.017342995165716146 0.0833684128688077 0.007800081125715719 0.025858946901643035 0.0023908632968901566
0.5859298875427331 0.05355725226362994 0.24505639925456713 0.022104259188403277 0.06043137382894984 0.005692794473670478 0.024914464953520437 0.0023135684945259057
0.5755438119585117 0.051679850541459404 0.2587020463377739 0.02293223578861011 0.05780851770280476 0.005348988384962787 0.02564431836430619 0.002340230921571102
0.5543265056095904 0.049545102695816565 0.2806013151244429 0.024786100446033178 0.0554054187007591 0.005103776921031436 0.027711166190719297 0.002520614311607067
0.5865322154268052 0.05210552721037775 0.24929319715702086 0.021840842583157574 0.05826845489834544 0.005338507620489036 0.024417335553225283 0.0022039195505787444
0.5543461262546903 0.049645605223972225 0.28029126458574843 0.0248125472011598 0.05551564092867489 0.005121611362488006 0.027739705510218243 0.002527498933048131
0.6343453334215325 0.05636300247015851 0.2012738631912454 0.01766992915183289 0.06302972100206328 0.005775848020002936 0.019755207651274476 0.001787095091890134
0.6231165730901019 0.0565210091514706 0.18470452509353658 0.01656397230734139 0.08426978820255154 0.007859667853063159 0.024689787336474155 0.00227467696546072
0.5750357454244889 0.05266841221128928 0.2556453598513284 0.023125731742840158 0.05942512462232099 0.005607178983411107 0.02606580761335472 0.002426639550966448
0.6512376794162927 0.058316955087975283 0.1832346208973464 0.016195544336759085 0.06523345346163935 0.0060219899515563625 0.018111116104605137 0.001648640743825732
0.6396082167451097 0.05831611105507167 0.1673653717656449 0.01507286296184649 0.08694746102230601 0.008146017510541103 0.02246686248961264 0.0020770964498673943
0.564840842967282 0.11395267148518728 0.16620747156692087 0.03314672107552612 0.07821615559951577 0.016244734735500733 0.02272941548160068 0.004661987088466603
0.6476119708771569 0.06212888064617155 0.1781222189716016 0.016813622310873952 0.06824425262765225 0.006783793319846315 0.018488999936161002 0.0018062613105365184
0.5863008834736928 0.05370801416528233 0.24505843293968 0.022166923429487232 0.060036171027660686 0.005655053295097953 0.024772745776898225 0.0023017758922009063
0.5648241743346492 0.05071652635920117 0.2694381778593919 0.0238983357982702 0.056716550297171875 0.005247615384106258 0.02671883847773904 0.002439781489470471
0.6323659715253123 0.056357903283729464 0.17833381516463334 0.015686779966912506 0.08403207632209023 0.00772137762711826 0.02338346999027932 0.0021186061199246096
0.564352497689351 0.0517303902811028 0.26621478474577387 0.024120485986625247 0.058356668309213044 0.005507725897284742 0.027183863543189732 0.002533583547459432
0.575550733681247 0.05139525707284405 0.25950303798640423 0.022869200295112063 0.0574911141399255 0.005294410364742314 0.025574252648197453 0.002321993811527599
0.564906337650315 0.05046655748911486 0.27009519857490144 0.023833874895050993 0.056435169757734965 0.00519588211137182 0.026645950353795682 0.0024210291677152084
0.5543524602305183 0.04938447265718496 0.28105459795216 0.024741767402269813 0.055225101017740356 0.005072024247735397 0.02766129223712869 0.0025082842552622848
0.578173499331069 0.11254280278656681 0.1834786673596111 0.03528847430556144 0.05742172356488182 0.011526987614879957 0.018000607974512358 0.003567237062917729
0.5529391286762566 0.05241346373551032 0.2754554662815523 0.025742671244792813 0.05706797805543036 0.005594175928972879 0.02807628279509735 0.0027108332823875497
0.5542357131409241 0.049429611993555556 0.28106615324713374 0.024761902297635162 0.055241684173215344 0.005083695038104523 0.02766828979083997 0.002512950318591473
0.6158301454734847 0.054695554891937316 0.19542726175281797 0.017149889917949152 0.08155128477244854 0.00746979491210487 0.02556444875078984 0.0023116195284675813
0.5581797238521358 0.11160263288430693 0.17478536203920342 0.034551956103355604 0.0765905479266847 0.015778290258401394 0.023690493028714368 0.004820993907198042
0.5844768878916078 0.055892829520807645 0.24195660762937482 0.022743908277018183 0.061397610506590136 0.006085323321290848 0.025012942540664048 0.0024338903126465625
0.5863475725644139 0.05279589372922062 0.24755602829940784 0.021985753965266464 0.05901836869944117 0.005478147100919774 0.024571046447899023 0.00224718919343115
0.6426188662867272 0.05761499853789241 0.19169594943162802 0.01697833588826868 0.06442863899770054 0.005951270951884457 0.018981437638312233 0.0017305022675862898
0.6421144673387478 0.05841767504340089 0.19005851321650194 0.017096847700948888 0.06532416605210542 0.006109145919664703 0.019113311987647045 0.0017658727409832792
0.6593290984535038 0.06005395878609151 0.1726729110126419 0.015531625165016405 0.06715609230495817 0.006288664397499574 0.017363545162045906 0.001604104718242507
0.6545764334589727 0.11569246904945396 0.042425201345363366 0.007290937355162905 0.14369504113475712 0.02592953230370562 0.008846731547469448 0.0015436538051150708
0.570799373513937 0.12457336130155551 0.14347309219431742 0.030879804110859884 0.08527213928911329 0.01919767422616769 0.021122691172246535 0.00468186419180278
0.6382866900069946 0.06204885638913724 0.1855035368644831 0.01775491855102693 0.06810375458892279 0.006860965407757213 0.01950842017337083 0.0019328580183073016
0.6308836203157817 0.05771936054962816 0.17556465761401932 0.01586731158063927 0.0860275943445585 0.008097235285651035 0.023643947836433265 0.0021962724732888473
0.5859024269130175 0.05382154134058197 0.24434259021543753 0.022156572002498483 0.06072869030113035 0.005745477841409504 0.024973003011044676 0.0023296983748799867
0.5753383474503999 0.1132773659128254 0.16160471128439763 0.031410070211545384 0.07708500994594658 0.015640348737942095 0.02136827980128485 0.004275866655658301
0.5609505161517343 0.11785358313038731 0.16386462880537792 0.03391091899613679 0.07874987503727068 0.01713160096980904 0.02268354352746529 0.0048553333818186625
0.5626989830057358 0.05417952482687956 0.26280039225230917 0.024911097740026665 0.05943460390749998 0.005931961504979361 0.027358220606547138 0.002685216156022489
0.5754514938112343 0.05154227623925024 0.25922214491042783 0.022908780727804275 0.05761623903864721 0.00532434191456773 0.025602651298976046 0.002332072059092493
0.5543348980654275 0.04953270463893689 0.28063277139340853 0.024782485467935995 0.05539021888014457 0.005100922706286631 0.027706506514308015 0.002519492333551676
0.576453809285249 0.1122367184664703 0.1628399811789325 0.03128943276679312 0.07635457855464421 0.015331992366331385 0.021280559945138052 0.004212927436441304
0.6564451875439841 0.06284691861092771 0.16958912502593207 0.01596777950776365 0.0690369748649243 0.00684296715516378 0.017561265333396296 0.0017097819579080494
0.6540329223015013 0.11587941867496197 0.04224612097304729 0.007272573529997466 0.14411216645285982 0.026080606809071868 0.008832045546842754 0.001544145711717529
0.6015880190901183 0.13133445569242735 0.11244523949468228 0.024226466622352557 0.08990648390618146 0.02024824828494279 0.01657331880851769 0.003677768100777711
0.5840330071846159 0.05729289718956182 0.23855629323398403 0.02302122743473165 0.0628903319587146 0.006382971930893537 0.025300606558992262 0.0025226645085061382
0.5862709322765369 0.05290604458284873 0.2473121132799683 0.022010238747118206 0.059143265709938546 0.005503279725259593 0.02459911415150036 0.0022550115268292264
0.5864893650649039 0.0525917659681161 0.24797554218246548 0.02193850678018426 0.05881169056581829 0.005433514835660022 0.0245262892757874 0.0022333253270644905
0.564885304309681 0.0506300482236492 0.2696399941406502 0.023874836068897506 0.05661768033811871 0.0052279246707495255 0.02669159819380216 0.002432614054451857
0.5865189848298664 0.052264512385417856 0.2488615052907071 0.021872770687184132 0.05844618969731059 0.005369516928758709 0.024452997301320147 0.0022135228794351695
0.5865250535708533 0.05254124137491587 0.24808744151004586 0.021927259680387542 0.05875406300752788 0.005421950037694711 0.02451326969424358 0.002229721124331309
0.5543223612495584 0.04967933295658844 0.28021022043304517 0.0248225608337722 0.055554375197253515 0.005129272197944353 0.027751381222489966 0.0025304959093480337
0.6602409933008526 0.05866719275345636 0.1753727445698797 0.015367977355921535 0.0656065950713214 0.006012374375869852 0.01718097972534262 0.001551142847355879
0.6925805495648146 0.12223451007756485 0.04499623907573349 0.007724369367247777 0.10574574085924811 0.01904964048959932 0.006530811559708183 0.0011381390060835872
0.5480032751181824 0.2164773195355238 0.03192390470492785 0.01216794808686169 0.12928964732588902 0.05233694473388118 0.007064498043578902 0.00273646245115512
0.5484045750278627 0.12833059322841883 0.15369775601742083 0.03537855994642838 0.08468537375298912 0.020550650534629507 0.023378539709002076 0.005573951783248627
0.6264826541467552 0.061055920280666795 0.17144730648794884 0.01642580242401382 0.08916630812338643 0.009018585738331225 0.024018085420765 0.0023853373781325873
0.5857286723230855 0.05404013644994663 0.24389442132765538 0.022205202945870493 0.06096503156931193 0.005796813317945849 0.025024357901067794 0.0023453641651162973
0.623493788501237 0.056028605977106155 0.18583474589162258 0.016495165561954104 0.08356549375047095 0.0077389668761238 0.024595385220932416 0.0022478482205528657
0.5750658434281889 0.052629356174230646 0.2557366903014695 0.02311644819921419 0.05937686592037515 0.005597724737178925 0.026053594627758195 0.002423476611584465
0.5542586048190442 0.04962948369321077 0.28038749917350186 0.024810325765380892 0.055515413465745705 0.005124495320341235 0.027745463548601527 0.002528714214173979
0.6325264092091618 0.05619977860367933 0.17866894683264023 0.015666304032849496 0.0837969433961538 0.007678716434914267 0.023353119976270726 0.0021097815143302956
0.5537904830080858 0.050749396247010074 0.276811434129963 0.025087854460607933 0.05724851523936051 0.005401606823517322 0.02827464303412187 0.0026360670573333136
0.6323483076511993 0.05630579551308166 0.17847228539897875 0.0156811894420827 0.08397930024790441 0.0077143472534770535 0.02338150717907059 0.002117267314205332
0.5643548578392603 0.05172657831703725 0.26622373602083416 0.024119453390992685 0.05835246992681475 0.005506887888333753 0.027182737390339416 0.0025332792263876307
0.5864402572584808 0.05236734088041581 0.24861902086649942 0.02189481079423594 0.05857848571955743 0.00539450945915887 0.024484232821855648 0.0022213421997959383
0.6405214878328696 0.05738804366899478 0.16931822046730322 0.014967611173058488 0.08556639612540529 0.007897795277673477 0.02231069796844982 0.002029747486245579
0.5537542543859097 0.05089667527193255 0.27640199047855024 0.02512823628477207 0.05741754878950061 0.0054320366041092265 0.028321467585090538 0.002647790600135002
0.6156081122323975 0.05482911937708029 0.1951688196150037 0.017172973403142233 0.08177758606414053 0.0075142314167972925 0.025606724813147866 0.002322433078290448
0.585999044123995 0.05346963297415233 0.24525679928790078 0.02208562073918483 0.060321499780078246 0.005671299457329417 0.024889173424469453 0.0023069302128902198
0.5542560488181576 0.04976124238647052 0.2800021289187693 0.02484595483576159 0.05566186095995661 0.005149514885691168 0.027784853708214163 0.0025383954869789734
0.6429283695337831 0.05713703472743585 0.19266218344470012 0.016907490798350043 0.06389619783834884 0.005856600685533314 0.01890281985360548 0.001709303118243304
0.6313691979857813 0.05740019723632618 0.17607760421556773 0.01581978153143386 0.08558022393543048 0.007997276794039502 0.023580108671024405 0.002175609630396662
0.6385092027683518 0.05862576679257871 0.16645644180282673 0.015087216682757129 0.08819550525248951 0.008339435206461611 0.02267244646033588 0.002113985034198523
0.638283259813564 0.058799158486128225 0.1660966011995862 0.015106161266731276 0.0884888917445523 0.008393248852782894 0.022708535075687913 0.0021241435609672594
0.5642176817089566 0.051991078280228684 0.2655259050561302 0.024185385092150652 0.05868485499849309 0.005568108563129034 0.027271758656796676 0.0025552276441151807
0.5542491245557922 0.049515330282787824 0.28072930427920123 0.02477986824750983 0.055389847879794396 0.005103502932859313 0.027712411083031026 0.0025206107390241808
0.5781499188358282 0.11256359547179852 0.18345783371375202 0.035291963572733495 0.05743321953914631 0.011532303681673427 0.018002646227838606 0.003568518957229238
0.5634991993745334 0.0534157167676149 0.26489721206803735 0.024739584403164365 0.058159055765830664 0.005701281734864368 0.026984401672474158 0.0026035482134807043
0.6405363489447771 0.057289021106187256 0.1696537047084396 0.014962457481841674 0.08536650372594758 0.007875538907615802 0.02229075583322106 0.0020256692919700977
0.5537611671180906 0.05088762895287733 0.27642585767545863 0.025125719337890904 0.05740526207658718 0.005429781211201344 0.028317669830624562 0.0026469137972694743
0.6323300569762937 0.05631755236793062 0.1784516686527625 0.015682912815661806 0.08399745707026772 0.007718064188051572 0.023384239275068948 0.0021180486539629133
0.6499438271602459 0.05957243663218006 0.18046681095410563 0.016340746298176532 0.06720349198437951 0.0063423199235838335 0.018415235475395777 0.0017151315719329094
0.5661449750471218 0.11336399910595135 0.16724972583134587 0.03311580977865901 0.07714009084848464 0.01587678702459012 0.02252788052257748 0.004580731841269829
0.5628765242910745 0.05394203834979294 0.263240919796392 0.02484272070169617 0.059238091882944585 0.0058813427246889715 0.027311055242082535 0.002667307011328188
0.623650105260573 0.05584015178985486 0.18633605283031024 0.01647261162297627 0.08322927867929979 0.007688224605829867 0.02454694459744233 0.002236630613713757
0.5806864945246517 0.1164378216328093 0.1516689518436363 0.030018441633187908 0.07991176946891204 0.01650562174130033 0.020579754426947656 0.004191144728554973
0.5522762059621578 0.053178213865539455 0.2730826287449974 0.025919854628789516 0.058418665784690536 0.005823768745553512 0.02850268493687222 0.0027979773313995906
0.6405488086960021 0.057214927431556144 0.16983053861628877 0.014954867355184665 0.08528050907711987 0.007861912879581611 0.022285268438859175 0.00202316750540793
0.5643381455908226 0.05185382216275796 0.2658696975672052 0.02415092962940985 0.05849507937715553 0.0055322089914606725 0.027217769806619278 0.002542346874568925
0.5864329234005261 0.05237797881548952 0.2485951339318944 0.02189718569304141 0.05859072696753183 0.00539692850913627 0.024487022626107035 0.0022221000562734237
0.5756572334613292 0.11304381415811277 0.1618567802390184 0.03138084579216613 0.07690261865548295 0.015557504792527162 0.021342429598752623 0.004258773302610621
0.5523941735963062 0.05293619821583851 0.2736972579499069 0.025853556861092763 0.05814534777715841 0.0057694302257536925 0.028426623780082677 0.002777411593860843
0.5541900604628958 0.049481118100693056 0.2809318684320238 0.02477640614670425 0.05531405943192934 0.00509699994973969 0.027691333596131004 0.002518153879882991
0.564926190639186 0.0501791127416835 0.2709110237768376 0.023762638928483255 0.05611348945039505 0.005140340096016117 0.026566236506134003 0.0024009678612642157
0.6240556023923406 0.05556673379994046 0.18679162257876133 0.016426708560269756 0.08285026867881023 0.007605047795986901 0.024486157080414742 0.0022178591134758945
0.5750963746014698 0.0525925086700636 0.25582280677324487 0.023107782216993087 0.05932996257762836 0.005588530602722585 0.02604162367946031 0.0024204108784174148
0.5542608990852201 0.04962664449302798 0.2803942872955227 0.02480948974893822 0.055511995430208384 0.005123817830045698 0.027744416074566215 0.0025284500424708556
0.5543566580529424 0.049254183882212865 0.2814340813238102 0.024706378774371197 0.05508049717704504 0.005047262504705511 0.02762225027464536 0.0024986880102673558
0.5756615320207735 0.051114134699522924 0.26023165956863425 0.022803980846767307 0.05715903214503824 0.005233927144296494 0.025494122832405534 0.002301610742561723
0.5855855928199444 0.11460437764770524 0.17501767996003648 0.03383403816981642 0.058472326898010483 0.011792801057097024 0.01725814247788676 0.003435040969503448
0.6400143783074801 0.06083600278117103 0.1877789629399504 0.017587778152012314 0.06623546929326395 0.006508897694944929 0.01918292596431645 0.0018555848668608832
0.6310512427663818 0.057623978208797985 0.17573627549567283 0.015854266219568994 0.08586244912372769 0.008063709009595845 0.023618723680091835 0.0021893554961628903
0.6300913401481165 0.05787165943216036 0.17481818545342984 0.01586023173378822 0.08706255455617302 0.008235390390591636 0.023835811306291546 0.0022248269794488467
0.5858707121506986 0.0538499150535462 0.24426257730653245 0.02216137604703571 0.060782011553322864 0.005754502428239888 0.024986439967914196 0.0023324654927100764
0.5755269109242284 0.0517036896627026 0.25864683463463095 0.022938060678941663 0.057836530312140644 0.00535449690555138 0.025651386243523398 0.002342090638281024
0.5756149626152872 0.05144983819520802 0.25931604847144474 0.022879981227289656 0.057535551195068625 0.005300234112696892 0.0255795250823533 0.0023238591006517068
0.5865216151878501 0.05240234634966509 0.2484762508397564 0.021899913725357625 0.058599576527522367 0.005395662032530027 0.024483036614244613 0.0022215987230739787
0.5833151450331524 0.11455240152944662 0.15419212291457196 0.02987612611085276 0.07792830037273296 0.015765586802730665 0.020318630869616452 0.004051686366896168
0.5629437369943375 0.05406560825510035 0.26281460535963996 0.024866738235198242 0.05938740544871887 0.005903393390339395 0.02734367403061281 0.0026748382860528573
0.6152946889415065 0.05510442114650441 0.19465305704037433 0.017221533033685718 0.08213359392117356 0.0075888417098289715 0.025663483488920884 0.0023403807180056215
0.5750844777554294 0.05249586104837004 0.2561035722176688 0.02308680143097189 0.0592244419997496 0.005570823009564797 0.02601948774757348 0.0024145347906721322
0.5542661598937285 0.04961903513637508 0.28041257933280855 0.02480722128067497 0.055503319899928474 0.005122105139841254 0.027741800656901447 0.0025277786597414924
0.5865272547124154 0.05211185712299866 0.24927891630170612 0.021842237325451697 0.058276180435879385 0.005340018818416917 0.024419142992528172 0.002204392290603593
0.5853497374034938 0.11489666954722458 0.1746794275643255 0.033873256311998445 0.05862116846197573 0.011853282329024823 0.01727805888770819 0.0034483994942488953
0.5850761779610436 0.05563177094322515 0.2428748399455904 0.022719307308382862 0.06056647858623471 0.005953897623094233 0.02478348982841018 0.002394037804018929
0.5647581459281192 0.050818607911890606 0.269249657566738 0.023928951556179794 0.056793244852532516 0.005267460330744589 0.026736975798477895 0.002446956055317361
0.6601237132107101 0.058840273204888376 0.17503965934445057 0.015388579997598522 0.06579917543152677 0.006047033643980255 0.017203775058919117 0.001557790107926322
0.6657485869549505 0.11751982636016745 0.07206689826432426 0.012373176478075405 0.10168370008522255 0.01832172486298463 0.010462485284567186 0.0018236017097082676
0.6050186655041373 0.12977174646209988 0.11427265339535145 0.024188349213589016 0.08752576182729452 0.01934672098375186 0.01632106167468439 0.003555040939091437
0.5841482805994785 0.057167508136716706 0.2388310302945961 0.02299605780678664 0.06272999305411278 0.006349566491901132 0.025264865750622412 0.002512697865785759
0.5646592313087322 0.05094539775669911 0.2689449617215925 0.023962488631469363 0.05695062512326094 0.005298015436034603 0.026781242205937 0.002458037816274483
0.6323382454788257 0.056375645569397045 0.17830394990495388 0.015689415296757662 0.08405855315430706 0.007726997944332939 0.023387410744181807 0.002119781907243832
0.572881680873079 0.11509593200312272 0.1590639031216458 0.03156972085370905 0.07898725010033979 0.01633956389714403 0.021643466689462612 0.004418482461496973
0.5531326336483116 0.11650374308601232 0.1711315584730603 0.03552469093749934 0.07785541619921879 0.01698423914709658 0.023763719845238993 0.005103998663562122
0.6358814683148024 0.06111000569064566 0.16427042969949926 0.015512929235314834 0.08937862600909069 0.008907218638732072 0.022717401187308608 0.002221921224606376
0.5641329005016814 0.05210868287281034 0.26530653371351837 0.02421942139027846 0.058781035128969615 0.005592701740568234 0.027294760649426326 0.0025639640027472032
0.6405672606233749 0.05723653163331117 0.16968893906989865 0.014952550567148181 0.08536847845043045 0.007867207428895842 0.022294960620681897 0.0020240716062589854
0.5749773874223492 0.11579989767792587 0.17938730527632107 0.035735560992825204 0.05960324547248898 0.012355654948531917 0.018376424209451868 0.003764524000105745
0.5697694391441019 0.11883550210879777 0.15742083868875723 0.03231732669329635 0.0786894737711611 0.016979296445012542 0.021439576713168092 0.004548546435704966
0.5521844816506343 0.05322516989061708 0.2731536129939003 0.02594483197311644 0.05837534230390988 0.005829593146492502 0.028486633292923995 0.0028003347484054034
0.586342591600868 0.05237392331269985 0.24873573746601663 0.021903281373284362 0.05854602364206439 0.0053974181698293495 0.024478688862660154 0.002222335572577267
0.6340672645927912 0.056808420161971324 0.2003490875583715 0.017742577260567577 0.06352548757736873 0.005863311957424605 0.019835722071633758 0.0018081288198713576
0.5668171863081026 0.11276035843808827 0.16797770418988042 0.03303678479085321 0.07670760910386765 0.015691977508584188 0.02246829803425996 0.0045400816263637565
0.5761380184453856 0.12092233607665671 0.14891275977688945 0.030728811092805314 0.08078933459210234 0.01756563901681192 0.02055459142410008 0.004388509575248493
0.647248876367826 0.062585437225609 0.1773867625971602 0.016878448603274403 0.06866011237106612 0.006876654415583673 0.018538768666376475 0.0018249397531040629
0.6651244010715305 0.11774462121903775 0.07186141917112122 0.012355301923566615 0.1021460161983723 0.018475150950010708 0.010465255532047928 0.0018278339343128286
0.6179804905955752 0.060499842589428324 0.1778930796085249 0.017197410091945965 0.08944047894978281 0.009024018413067028 0.0254341381298182 0.002530541621857709
0.5747942374977286 0.05296147589608237 0.25498694624930746 0.023195892696481434 0.05977783186189893 0.005678885639285103 0.02615426021842851 0.0024504699407876
0.651207028874205 0.05834200790484889 0.18319493287307156 0.01619926962286621 0.06526311540852012 0.006028034586167361 0.01811570374995126 0.001649906980369702
0.5755671697504452 0.052479033183668235 0.25643720188262875 0.023109661864910046 0.05868352532702817 0.00549822327359477 0.025834994411995566 0.0023901903057291746
0.5648464800568991 0.0505530358109209 0.2698920830579239 0.023857435202003997 0.056534089365458305 0.0052154304428613536 0.026673281020418587 0.002428165043513874
0.5649095052501718 0.050332085857254946 0.27048142686088644 0.023800799675978198 0.0562850776541519 0.005170217683749427 0.02660911511955074 0.002411771898256586
0.6601724638045601 0.058797930589578426 0.17510494001023008 0.015382810976504574 0.06575147868985366 0.006037256005141785 0.017197232416545482 0.001555887507585779
0.6592744241358413 0.06022077947372089 0.1723058710461356 0.015549769605045944 0.06733871348393912 0.006317891394029111 0.017382864826147044 0.0016096860351407873
0.6655260078717028 0.11764824913253885 0.07186962800803232 0.012352782128220186 0.10192767442534391 0.01839633920025969 0.010454796336967475 0.0018245228969346681
0.5578389897406847 0.11967653954193282 0.10535257245619532 0.022304576269130412 0.13453386918639978 0.02974416623246921 0.02508426585651008 0.005465020716677757
0.5667106975498223 0.12325539210009243 0.17264840734825349 0.03699140721000284 0.06304482259243996 0.014232335989736387 0.01891494912572063 0.004201988083932175
0.5630469297949392 0.05401385975663797 0.26371211453638516 0.02490862759336313 0.05871139779276638 0.005832410259007601 0.027124377072731607 0.002650283194169019
0.554192542958257 0.04961103845257242 0.280569812478276 0.02481260017546705 0.05544263454752898 0.005120167314538867 0.027724108854500853 0.002527095218858692
0.5756412916505402 0.051141951125036146 0.2601698064609223 0.02281098142664983 0.05719007248596363 0.00524021915324315 0.025501934229971192 0.0023037434676736017
0.5649212432624688 0.050446403054557144 0.27014253587188086 0.02382841795211925 0.056411506270357015 0.005191210777359586 0.026639355442161165 0.002419327369096105
0.5857632313753977 0.11436677229144301 0.17530175808049825 0.03380310489821676 0.05835224083141612 0.011745552707410869 0.017242689165154083 0.0034246506504632753
0.6206323095741894 0.05897825904470917 0.18210753215221134 0.017052320840956776 0.08562043145320615 0.008411456692420884 0.024799463421837448 0.0023982268204687848
0.6300480022044969 0.057870956101632356 0.17490945320114004 0.015864068983050063 0.08701502204906841 0.008237113606467464 0.023830183278806056 0.002225200575338851
0.5749710978871292 0.052846619842069634 0.25516319763657314 0.023164839340114252 0.05964847296470394 0.0056470492974901206 0.026118855266731994 0.0024398677651875575
0.5864258837957245 0.05252923073773562 0.2481791365649998 0.021927157623325588 0.058760421558322014 0.005426295265004157 0.024520710062514602 0.0022311643923738763
0.5756159283228182 0.05158657654135998 0.2589279625529448 0.022910195742277095 0.05768767804653443 0.005326162880881832 0.025612964597375918 0.002332531315807962
0.651372473634995 0.05820980356486287 0.18341609550564797 0.01618019451296905 0.06509421179329596 0.0059951922844164954 0.018089018426236798 0.0016430102775760163
0.5816703282977422 0.11621742828867632 0.15221388875126618 0.030040616245939535 0.0790580987896892 0.016230943269296798 0.02042973513083824 0.004138961226551542
0.6359135486189704 0.061193441507828024 0.16388448272556003 0.015510279623602869 0.08960756373220753 0.008926370853286186 0.022739272601570146 0.0022250403369748744
0.6323047560992522 0.05841694899184234 0.19693216258051002 0.017990794837899223 0.0659006074575371 0.006271327841974575 0.02027714054250833 0.001906261648475947
0.5996995866370503 0.11961067000610753 0.15718134279922885 0.03095130585005732 0.061044978292235035 0.012524911546696986 0.015791587008671074 0.0031956178599529305
0.5633789328770545 0.05389837261126299 0.26364721095572524 0.024859232051159478 0.05866981867371822 0.005799587653472047 0.027108538676904954 0.0026383065007025202
0.5863714118459693 0.05248607957702598 0.24841687703854698 0.021925314107539486 0.058657777907206325 0.005416286748919722 0.02449812850910721 0.0022281242656849083
0.5648916693365531 0.05061995528079592 0.26966550706563314 0.023872169912911263 0.0566052108991014 0.005225615513197748 0.026688104073849153 0.002431767917958256
0.5865196180614767 0.05226367207888246 0.24886338989865578 0.021872584638540846 0.05844518875545218 0.005369319618276755 0.024452765754910868 0.0022134611938043744
0.5604549659851039 0.11003774228314242 0.1770968269535049 0.03436916307752532 0.07485661432121311 0.015140314180840119 0.023375087480662818 0.0046692857180073806
0.628063107894573 0.059924485512708195 0.1731711251510562 0.016257287123360567 0.08775729335006119 0.008675868570974219 0.023834952504076905 0.002315879893189884
0.6410090672124358 0.059043681038197994 0.18868002417182386 0.01717375099004092 0.06660442096545383 0.006321176827077331 0.01935455673052447 0.0018133220644458035
0.5541671907553206 0.05053244746253969 0.2778016139237435 0.0250572829840938 0.056523846761507734 0.005300060120381587 0.028020805895721552 0.002596752096691639
0.6514806163691269 0.05797409021489629 0.18391802010338443 0.01615044202241196 0.06483460566633845 0.0059514225527665535 0.018056810717641144 0.0016339923534343527
0.586492962785008 0.05344666963856814 0.2455946321311206 0.022107716339288676 0.05976423046347971 0.005596114959867672 0.024714030155002256 0.0022836435276650646
0.554272884849547 0.04974934539056319 0.28004206774942286 0.024843347465780034 0.05563481293905176 0.005145187043830353 0.027775633096087046 0.0025367214657178385
0.6343346416452436 0.0563718133256273 0.20125934236243756 0.01767153900226331 0.06303998866932525 0.005777940393747615 0.01975712939032571 0.0017876052110296665
0.6314858372172188 0.05728088306716676 0.17633409307170234 0.015804490477099985 0.0854027674312689 0.007965455473421366 0.023557439505364153 0.002169033756757626
0.5537235594948362 0.050831316254223394 0.27661121620043966 0.025111306669133648 0.05735112973089777 0.0054217535152890056 0.028305863394088828 0.0026438547410916656
0.6239585000271985 0.05556654143525358 0.18683767486994482 0.016428697482606336 0.0828774842687489 0.007614366683933957 0.024496630657734057 0.002220104574579758
0.5579439954919331 0.11183133747090732 0.17449677375465164 0.03458474827228229 0.07674848492613459 0.01584482826204672 0.02371322421089913 0.004836607611145293
0.5628636805539579 0.05384112579194369 0.2635184771019871 0.024818584475761594 0.05914248972033628 0.005863607100867261 0.02729090073295476 0.0026611345221916405
0.5863577663538072 0.05249249530095936 0.248391081798124 0.021925767330177464 0.05867992502159395 0.0054195349809917194 0.024504307239350397 0.0022291219749959457
0.5543250368711582 0.049673934904073375 0.28022479948356105 0.024821002880726112 0.05554773573282442 0.005128098726808626 0.027749361147324708 0.0025300302535235892
0.5756371486072489 0.05114904753359156 0.26015157811657746 0.022812669258783048 0.05719914011888174 0.005241835357927385 0.025504283207235013 0.002304297799754867
0.5756468388900978 0.05140479968520529 0.25941959401789066 0.02286888194720032 0.05748327951672631 0.005289912439221846 0.025566326868900764 0.0023203666347568165
0.5649066249629724 0.05046748785898715 0.2700928913503408 0.023834154821980737 0.056435728289318164 0.005195986477129922 0.026646055501606453 0.0024210707376645726
0.5756386985013154 0.051280826010375556 0.2597770940564322 0.022841756253547094 0.05734572239358381 0.005266795543036204 0.025536463345981267 0.0023126438957284602
0.5543494146784894 0.04951395253710925 0.28067605467811274 0.02477685203242988 0.055369150757479425 0.0050966105228145405 0.027700154990826585 0.002517809802738164
0.5649243325048279 0.05018333784357251 0.27089951465659334 0.02376374719486228 0.05611878876710579 0.0051412475512578465 0.026567725629868002 0.00240130585191233
0.5865446199349751 0.05222708945396569 0.24894564595151403 0.02186440931984349 0.05840315999594676 0.005361026786042476 0.024443187472103483 0.0022108610856091605
0.5756334565190654 0.05156249697188749 0.25898323582010513 0.022904296768148025 0.05765945605883082 0.005320574777958921 0.025605837080582828 0.002330646003421112
0.5756237525683784 0.05143851924741046 0.25934194883278056 0.02287721405602897 0.05752199596055805 0.005297551405741951 0.025576063589200133 0.002322954339901561
0.5543406099752887 0.04952624283021253 0.2806466063556972 0.024780511636808503 0.05538328535499761 0.005099407593647734 0.02770443099812633 0.002518905255221496
0.6158152226012552 0.054705197802634005 0.19540801201943508 0.017151553494414624 0.08156736190560254 0.007472861076040492 0.025567421182345076 0.002312369918272997
0.5751101346439571 0.05246511915461839 0.25617389547478225 0.023079479045311806 0.059186339670240444 0.005563224494350007 0.026009806287492596 0.002412001229247356
0.5542680469249448 0.04961669373400119 0.2804181473208171 0.024806530070455576 0.05550052560759552 0.0051215485894499715 0.027740946079432394 0.002527561673303712
0.5764359407421367 0.11224977160379163 0.16282636460929018 0.031291131550605 0.07636438719829108 0.015336574574791718 0.021281953425555885 0.0042138762955376725
0.5845990957598903 0.05596940202843456 0.24164352832300615 0.022752454158847617 0.06148200424145794 0.00609422679814972 0.02502298483721372 0.002436303853000219
0.5541588159351044 0.04990459165650772 0.279710613633998 0.024891420632484503 0.05578645837370638 0.005178896894553099 0.027819381204954276 0.002549821668691499
