0.125 0.125 0.125 0.125 0.125 0.125 0.125 0.125
0.07575757575757576 0.12626262626262627 0.09090909090909091 0.15151515151515152 0.0946969696969697 0.15782828282828282 0.11363636363636365 0.1893939393939394
0.11125091942508589 0.08761009904725514 0.1335011033101031 0.10513211885670617 0.13906364928135737 0.1251505823709808 0.16687637913762884 0.13141514857088268
0.07295173961840627 0.1290684624017957 0.09118967452300783 0.16133557800224463 0.08754208754208752 0.15488215488215484 0.10942760942760942 0.19360269360269358
0.09799741293070689 0.07717296268293168 0.19599482586141379 0.15434592536586336 0.09226570568873996 0.07679789716964108 0.17086728408430946 0.1345579862163937
0.07313693505780701 0.12189489176301167 0.10370083108111904 0.14627387011561402 0.09923596510005181 0.16320976665116843 0.10970540258671051 0.18284233764451752
0.07140676790900971 0.11901127984834951 0.09404557475269787 0.14281353581801942 0.0975893150529095 0.18950645498297505 0.10711015186351457 0.17851691977252426
0.06982576092486555 0.11637626820810924 0.09133291221978382 0.1396515218497311 0.09543448230191458 0.20807601079613347 0.10473864138729833 0.17456440231216383
0.0847523602482544 0.14125393374709072 0.08304795832583776 0.1271285403723816 0.115766697674232 0.27642698012948824 0.09534640527928621 0.07627712422342897
0.07019568503418651 0.12419236582971459 0.08774460629273313 0.15524045728714325 0.08423482204102381 0.1868099872193473 0.10529352755127977 0.18628854874457187
0.06862663594443184 0.11437772657405307 0.089358810613025 0.1372532718888637 0.09279014241024658 0.22308686879165252 0.10293995391664777 0.1715665898610796
0.055703068327211475 0.10343936478205426 0.05460508424012509 0.08355460249081721 0.12172626467724369 0.3135968875119333 0.10026552298898064 0.16710920498163442
0.06741466673148638 0.1192721026787836 0.084268333414358 0.1490901283484795 0.08089760007778367 0.21902701463370394 0.10112200009722959 0.1789081540181754
0.09202120232107237 0.08111721864565218 0.1995643899605022 0.144933393655689 0.0867189661362065 0.1088454153802022 0.1604472245598185 0.12635218934085707
0.0685017578665031 0.12329702972492959 0.11104786451240652 0.1370035157330062 0.09294551017841532 0.19319729051872686 0.10275263679975466 0.17125439466625775
0.04885037377024779 0.09155513811434136 0.07034960122885653 0.09770074754049558 0.10687145508592434 0.2720302921305485 0.11724089704859468 0.19540149508099117
0.07864233851375989 0.13913644506280598 0.06855998742225221 0.12129843928552317 0.09437080621651188 0.27016187144981624 0.08227198490670265 0.14555812714262778
0.10356297946242356 0.08359903161424553 0.12945372432802946 0.1044987895178069 0.12427557535490828 0.17386688310758258 0.15534446919363534 0.1253985474213683
0.102322829218185 0.07519076455372313 0.18629353605847818 0.15038152910744626 0.08383209122631519 0.09897169118652013 0.16766418245263037 0.13534337619670164
0.06881998221451058 0.1231561942856142 0.1094976538681458 0.13763996442902116 0.09309602173189359 0.19251025461277232 0.10322997332176588 0.17204995553627644
0.06532963961746455 0.12257377836145476 0.09403238692254723 0.1306592792349291 0.09551057375900218 0.23057578363474382 0.09799445942619683 0.16332409904366135
0.053221294083266306 0.09998331587054186 0.056237092279217506 0.07983194112489947 0.12526258732990703 0.33000155771248957 0.09579832934987935 0.15966388224979894
0.06667727968694813 0.11198339265511255 0.08358617454225006 0.13997924081889068 0.07595395327911982 0.25890242843611017 0.09494244159889978 0.16797508898266883
0.08866945089663154 0.07802822672905596 0.20507591112121598 0.13965438516219472 0.09191301867357557 0.1203058854561578 0.15460314515310114 0.12174997680806718
0.09776063391376386 0.08315973778841508 0.17597663317824275 0.09238379904850685 0.14958889050242355 0.13900960588736855 0.1466409508706458 0.11547974881063355
0.11335079938722989 0.08361745370626567 0.1514544332179702 0.10452181713283207 0.12430296103200089 0.1419476536743017 0.1553787012900011 0.12542618055939847
0.10780525937664788 0.07269354745260224 0.20669560758585098 0.1453870949052045 0.08104788051805055 0.09342646371085853 0.1620957610361011 0.13084838541468402
0.06702479362046551 0.11995808045204993 0.12050633616597828 0.13404958724093102 0.103074106153202 0.1872879218855113 0.10053719043069828 0.1675619840511638
0.06382736137992563 0.11980825641441523 0.09964071392658633 0.12765472275985126 0.1065553997865914 0.2272041002129277 0.09574104206988845 0.15956840344981407
0.0716975645970153 0.11388908664432208 0.09475983296027103 0.1423613583054026 0.07724651094136628 0.2326538779084317 0.09655813867670786 0.1708336299664831
0.08740668250751471 0.0771110194379812 0.21632067446673028 0.13766552494933568 0.09542859688203867 0.11365000794131196 0.15240139514130768 0.12001609867377984
0.06496859681613115 0.11705947557437336 0.12754956060855124 0.1299371936322623 0.10641507565090505 0.19419571045325218 0.09745289522419673 0.16242149204032785
0.07156697975543415 0.12674942396830016 0.09847143884185905 0.14171919045443182 0.07689806508136127 0.218409292001594 0.09612258135170158 0.17006302854531816
0.08674865223100137 0.077478612903524 0.22406435997980154 0.13662912726382717 0.09466641915307179 0.11004619568215318 0.15125406030020752 0.11911257248641344
0.0645071754845957 0.11635827762140351 0.13438808497205884 0.1290143509691914 0.10571066870167142 0.19199274031269614 0.09676076322689356 0.16126793871148926
0.0839400264650106 0.1486801453782155 0.08145738544979837 0.11594869419554928 0.09020867717208718 0.2619831761546554 0.07864346215002471 0.13913843303465911
0.09995258138859124 0.08060578784208436 0.19910509798045492 0.13953302857007482 0.07778445697152679 0.121870407591147 0.15556891394305358 0.12557972571306733
0.09549042655265752 0.08156785686103903 0.1887469310883839 0.09023845309226138 0.1495416739135684 0.13838095229777686 0.1432356398289863 0.1127980663653267
0.11477088972684302 0.08548267141087264 0.17812806269111148 0.09862810164021504 0.11729383789093038 0.1407254173081064 0.14661729736366297 0.11835372196825804
0.1077743759429621 0.07388205271989233 0.2416959437345713 0.13576248220489304 0.07568251806496648 0.09165135721837825 0.15136503612993296 0.12218623398440373
0.0720884939819597 0.11625115527024407 0.1394709530499942 0.12930901784714555 0.10100385312332086 0.18325849103304448 0.09698176338535917 0.16163627230893196
0.08221704686770828 0.14311942458117255 0.10075881527456612 0.11437722444048187 0.1297685903653952 0.2753496454760254 0.08578291833036142 0.06862633466428912
0.11365600957451107 0.08750574722042376 0.15302581723865258 0.09478330222119256 0.1127213958355914 0.18366602044970823 0.14090174479448925 0.11373996266543109
0.13913416187431737 0.09531240115340153 0.19678894242933498 0.10893309533165783 0.10888973663666658 0.1314496048168037 0.12145227195932597 0.09803978579849204
0.1435891785569358 0.09423461356175107 0.2193065791831488 0.106796518982445 0.10646178298340316 0.11442431087216595 0.11907014877594987 0.09611686708420049
0.1014928565120598 0.13767184077283315 0.15352642077863823 0.1560334244327145 0.07088090122628002 0.1605909496853026 0.07937352460272869 0.14043008198944304
0.09288776293425001 0.07570920785062005 0.25288420761500613 0.13193456699394504 0.0913390593269685 0.09416832725944602 0.146056989101966 0.11501987891779823
0.08146004400734606 0.11906606011687046 0.14322506832581153 0.1376281157207547 0.08201296529893555 0.1781062422199944 0.09334776544538145 0.16515373886490564
0.0907287709780849 0.07411934545043593 0.25194566734668533 0.1313287067718111 0.09395398787981235 0.0980455515591102 0.1453862769309427 0.11449169308311738
0.08041506307747354 0.12471659957336033 0.14219732610127414 0.13634263787279696 0.08151869027162607 0.17872264153369388 0.09247587612241881 0.16361116544735632
0.0903152956189499 0.07426658256789738 0.25420800962594853 0.13083535460588716 0.09353526539042618 0.09793778519299794 0.14484011580301712 0.114061591194876
0.08020055813466846 0.1245212460605803 0.1426166027469071 0.136061618306807 0.08133184067767818 0.1797089205579649 0.09228527154722563 0.16327394196816838
0.1346271974812189 0.10624961749105068 0.19625318500681174 0.10683304102604567 0.1104234370955167 0.13035291684687617 0.11911086812903897 0.0961497369234411
0.11612580871606616 0.07583322136324011 0.26070098036872336 0.12497924281251627 0.08513280268071063 0.0854040966006883 0.13934252892679053 0.11248131853126463
0.10840958710891146 0.07056701370245723 0.2976402848796494 0.1226196575388866 0.0799426478177132 0.07375134973223751 0.13671176743514668 0.11035769178499792
0.10406043014721378 0.0683596651899625 0.3194742202453894 0.1197138544625131 0.07747544068800338 0.06970190639469001 0.1334720138559661 0.10774246901626179
0.10137742882826599 0.06700900732327565 0.33312661884204375 0.11766855065156268 0.07592542509912062 0.06779962092795573 0.13119165274136912 0.10590169558640641
0.08224938343987627 0.11960519612011328 0.1764177222578229 0.1314745038602065 0.08242545441042405 0.16088432396543 0.0891740113138792 0.15776940463224778
0.10125142659768646 0.07766091190704086 0.26583349958291136 0.12527393511703797 0.08518787762886355 0.09237471870675638 0.13967108885436919 0.11274654160533416
0.10232037543460196 0.06929382085778343 0.3114992650254424 0.11971638048526313 0.08208448114215859 0.07386610443519051 0.1334748301828232 0.10774474243673682
0.10021589361017823 0.06654482397453836 0.3343307677821896 0.11649030875134414 0.07951728664535467 0.06818164040905997 0.12987800095112548 0.10484127787620973
0.13291861742899128 0.08822793754864976 0.29195520297718297 0.09692133583228504 0.10539063671388885 0.08929701073245762 0.10806005651748796 0.08722920224905653
0.0877822158233119 0.12130628186587186 0.16462866056697598 0.12781708409436104 0.08988426496699248 0.1685076651661217 0.08669332660313185 0.15338050091323324
0.10253124631913152 0.07759546196348534 0.2611295285123702 0.12455178209790257 0.089271001735287 0.0939584333536614 0.13886594213004955 0.11209660388811231
0.1022466323610394 0.06891392317848144 0.3110613557670833 0.11893780523786873 0.08529354603916976 0.07389593581766654 0.13260677688460887 0.10704402471408186
0.08183564657472665 0.11889070274023385 0.17219468927273968 0.13003525646505495 0.09011531926775641 0.1626882517972983 0.08819782612412423 0.15604230775806593
0.10053539871388148 0.0770798362947068 0.2657367860610745 0.12422232950506439 0.08907761743832962 0.09304930835733599 0.1384986270750494 0.11180009655455794
0.10140870054219685 0.06864062590345892 0.31369376839535523 0.11854061114729057 0.08500687755418614 0.07385893130998643 0.13216393511496427 0.10668655003256153
0.11793049521899077 0.07829059476907542 0.25031757375693586 0.08565256921727436 0.13005248813973141 0.1076448989112849 0.12732829692597802 0.10278308306072925
0.10535554578892248 0.06785228412627875 0.30348567845214763 0.11643083213405338 0.095850985134382 0.07642523648216787 0.1298116889613998 0.10478774892064804
0.08218043983374622 0.11799562725403986 0.16965760440575026 0.12917798260795998 0.09443554428458983 0.16392285167200635 0.08761637081235549 0.155013579129552
0.10040217304806995 0.07676917337614575 0.26402728686936017 0.12375545177914836 0.0920275341226756 0.09366038095109215 0.13797809325227436 0.11137990660123354
0.0812257189864875 0.1203905819931563 0.15689308971437085 0.12992440343735334 0.09368931130866312 0.17384497158198342 0.08812263885316139 0.155909284124824
0.07656423694359031 0.12790330287614235 0.12101792904660018 0.12836488467057594 0.09272430676302443 0.2123225997970721 0.08706487829830369 0.1540378616046911
0.10174880088829616 0.07960999516382077 0.23707305582464544 0.12625643656625063 0.0934806653907945 0.10743374860732931 0.14076650464923762 0.11363079290962555
0.13804824219066633 0.09242714937867133 0.24818709993557536 0.09928257404569936 0.11806495992474805 0.1039429969698721 0.11069266091363796 0.08935431664112943
0.11326331996386602 0.06911867782601969 0.3014300065688918 0.11542922929316202 0.09250722270846505 0.07567026073546317 0.1286949765402866 0.10388630636384583
0.10451236545099095 0.06567290011625093 0.3300861826765679 0.11468264425803541 0.08548663903854282 0.06848229868595838 0.12786258994142158 0.10321437983223188
0.10076019801176342 0.06447357722885273 0.3443206287259569 0.11326071150003368 0.08287438716574094 0.06609861598698757 0.12627724103063456 0.10193464035003032
0.09902798409749844 0.06388656519935607 0.35122155054748544 0.11243766287390465 0.0817323495428369 0.0651403879183643 0.12535960323403994 0.10119389658651416
0.0982090741054009 0.06359451469506722 0.3545384446430791 0.11202320204906606 0.08120163760811758 0.06471473471085251 0.12489751034425724 0.10082088184415947
0.11708455705044131 0.07594890688982411 0.2664174397200084 0.0836531533348863 0.12919089185688343 0.10296523621841114 0.1243560309276817 0.10038378400186354
0.08586370629738839 0.11736219477481895 0.1562449420854922 0.12620200905166712 0.10128543554748669 0.17600141698088495 0.08559788440026117 0.15144241086200053
0.10335706954021164 0.08127243590668977 0.2551569095104693 0.12274888783886045 0.09338778704210905 0.09674706153112002 0.1368558495755653 0.11047399905497443
0.0954664115664188 0.14428845548032668 0.17569899396210584 0.1471703111068787 0.08012554809558073 0.14993210240334712 0.07486489738915135 0.13245327999619083
0.12117358176506038 0.0974099981902393 0.19013597578678915 0.08701039186534897 0.13339756030252709 0.137113230362232 0.12934679148938444 0.10441247023841874
0.11185150126849333 0.07544116358000776 0.27067180770619165 0.11815797928039273 0.1005883845386716 0.08520965313589936 0.1317373291379901 0.10634218135235346
0.10610451036985644 0.07005643147049646 0.3142224746351908 0.1156223269983333 0.08975385637179462 0.07127003978455228 0.12891026607127606 0.10406009429849997
0.08415804424111646 0.12219597698190074 0.17257067849099836 0.12750850342941727 0.09356900689504687 0.16050355743322364 0.08648402841299607 0.15301020411530072
0.11710387682343831 0.09301342505200881 0.18837266124697294 0.08689038178381207 0.14051333017527912 0.14066947833511312 0.1291683884428012 0.10426845814057446
0.12653465202295533 0.08509980011708121 0.19197048501414102 0.0840995671025353 0.15563338899323723 0.13072297125070118 0.1250196549763062 0.10091948052304237
0.11368860915873884 0.07291491412339955 0.2707713710325879 0.11723044224090413 0.10587368433934456 0.08331038653006886 0.13070319455814236 0.1055073980168137
0.14245229819995814 0.09245070525758327 0.26101576616211297 0.09588048184551 0.12094725330287413 0.09406147957309806 0.10689958199790442 0.08629243366095898
0.15213783974140727 0.09460129695419457 0.2530089514560141 0.09321982407888238 0.12374021937976906 0.09546087957407412 0.10393314714466438 0.08389784167099414
0.11843206619828496 0.07202593155398586 0.3019655850398162 0.11290672313419976 0.09450331602502654 0.07266775680813503 0.12588257041977197 0.10161605082077978
0.10704079844117828 0.06821898117722842 0.32930491174562887 0.11327458145040546 0.08669256037639952 0.06722833851356637 0.12629270499022818 0.10194712330536491
0.13766291783821624 0.08991715169732979 0.288049432114659 0.09414833333966807 0.11272054857512306 0.08779975075059798 0.10496836567870453 0.08473350000570126
0.11241498188427498 0.07037395574024012 0.3204299346421249 0.11150599557221132 0.09056101370374678 0.07003785872234931 0.12432086372006247 0.10035539601499019
0.10436396993354884 0.06740084562107167 0.33851634847210993 0.11229764348561895 0.08503802409449061 0.0661117971907934 0.1252034920653095 0.10106787913705707
0.1012580740585092 0.06652598588592445 0.3476350418791497 0.11163301232227014 0.08316788183569773 0.06484781501088956 0.1244624779175161 0.10046971109004313
0.13461868207910885 0.08908040996146663 0.29646417564394284 0.09359925380952434 0.11099391559729578 0.08664805150141114 0.10435618297867864 0.0842393284285719
0.11113788540747618 0.06997749067912584 0.32471357205322 0.11106095860706955 0.08980473730575599 0.06952581248534666 0.1238246807156432 0.09995486274636259
0.10382506230714535 0.06719776670701869 0.3406178675374029 0.11204628685136925 0.08468267681299825 0.0658654334417543 0.12492324817607883 0.1008416581662323
0.08392605568202428 0.12091690138374489 0.1809903721207607 0.12686396135470807 0.0919134050356215 0.1571056900525585 0.08604686074493244 0.15223675362564967
0.10208039388054584 0.08427288452214782 0.2679466812652513 0.12055657246396924 0.09118438557851634 0.09104658553381044 0.13441158153818658 0.10850091521757232
0.12168627129339508 0.08669997996105736 0.22914426906085364 0.08471727334039783 0.13664684863268792 0.11350671291650956 0.12593791678662125 0.10166072800847739
0.11051169968572454 0.07451443393704064 0.29060116078473625 0.11511411333145227 0.09930825871201605 0.07800398579162644 0.1283436457590968 0.10360270199830704
0.10514791595831285 0.0710811783792104 0.32369959947343674 0.11378216370235969 0.08829203470775292 0.06873453912491882 0.1268586213218846 0.10240394733212373
0.10208587302408836 0.06945751639143599 0.34024693381228377 0.11213923546514652 0.0843758337490506 0.06574241669538594 0.1250268789439768 0.10092531191863185
0.10040049219458796 0.0686209632422002 0.348322868482984 0.11120927928742284 0.08278268163622494 0.06458531659236967 0.12399004720552965 0.10008835135868058
0.09951785108933896 0.0682007204076549 0.35222981334204484 0.11074364921430702 0.08208198244040578 0.06408579479085373 0.12347090442251842 0.09966928429287633
0.09907100971662618 0.06799459186049468 0.3541134856820058 0.11051764654274103 0.08176073469596178 0.06385772130411019 0.12321892830959334 0.09946588188846692
0.09884942461920758 0.06789473016660257 0.35502046093657286 0.11040884107259175 0.08161019969321472 0.06375076821628986 0.1230976183301881 0.09936795696533256
0.08231289749188014 0.12396148219767093 0.18519868095951417 0.12601921828673587 0.09063043978861433 0.15518031475441094 0.08547390457709042 0.15122306194408305
0.11588058504806367 0.09683071426292642 0.19310779581527598 0.08588647833823553 0.13970341815996568 0.1378512158250492 0.12767601854460087 0.10306377400588262
0.12569334962673478 0.08849153388978165 0.19322517350635982 0.0832549372816882 0.15670397756260546 0.12896104737605593 0.12376405601874843 0.09990592473802584
0.08765259586795693 0.12850344744876954 0.13103311615655505 0.12335787865257108 0.11094856324851626 0.18680612219993248 0.08366882204261344 0.1480294543830853
0.10508449899226995 0.08721890364703415 0.2392737426707304 0.12232663940332468 0.09986468707165536 0.09975247867097296 0.13638507408102019 0.1100939754629922
0.10603790082811469 0.07538693075904093 0.2979929243782325 0.11697848028217173 0.09245059878221193 0.07545025693898677 0.130422275777287 0.10528063225395455
0.08434281008638334 0.12689482088988618 0.16679580969892605 0.1266438337272093 0.09558576600132476 0.16186680233472944 0.08589755678888979 0.15197260047265115
0.13413381960208098 0.11207202326997037 0.2120661920866387 0.0987342850703877 0.12315198653826669 0.12089947724605342 0.11008135962325313 0.08886085656334891
0.089580047192038 0.1360233240094587 0.13673927174790942 0.12279260303623897 0.10219418313326982 0.18203402952606237 0.08328541771153601 0.14735112364348676
0.13672914037442432 0.11474923711366515 0.19647187735741567 0.09882300099880176 0.12657910690661417 0.127526665087314 0.11018027126284316 0.08894070089892157
0.15173164584479332 0.1050342353918667 0.22159175114469631 0.0941779398423339 0.13094791025508906 0.10675499694338361 0.10500137471973646 0.0847601458581005
0.11960461332504885 0.0774282643501171 0.28462953809010005 0.1135152760764571 0.10021887747101722 0.07587862068245817 0.12656106153599023 0.10216374846881138
0.10794189070953186 0.07147732062169948 0.320010504420562 0.11336954703843036 0.0906433986664503 0.06812616167484688 0.12639858453389174 0.10203259233458731
0.13781621793669235 0.09295967289582616 0.2829096695831598 0.09361658962040367 0.11633984496750557 0.08772756322395718 0.10437551111409185 0.08425493065836329
0.1486584406054683 0.09689991002444781 0.2621057580364703 0.09152832361321912 0.12411161792624417 0.09227320818542517 0.10204725035682788 0.0823754912518972
0.11654780869411842 0.07443733346913149 0.30580949742654706 0.1112633116641754 0.09655018335493964 0.07120459561998829 0.12405028927334183 0.10013698049775786
0.09897274282246975 0.1436824720891263 0.19295699385640067 0.1434554351081308 0.08291030639818109 0.13593700200815065 0.07297515612022307 0.1291098915973177
0.10590811551851334 0.0878230820975535 0.27324342935203333 0.11877315586953209 0.08973158849748875 0.08520158325612041 0.1324232051261798 0.1068958402825789
0.10464707300778484 0.07425709234207127 0.315172713763849 0.11486013675245198 0.08867361160507527 0.0709547686245735 0.1280604808269875 0.10337412307720678
0.10223406018113583 0.07020114252617721 0.33587010277576795 0.11233200655246213 0.08664401643216639 0.06637806131464304 0.12524180432043167 0.10109880589721593
0.10050543906895881 0.06872512435984107 0.34592407853882035 0.11107929950556651 0.08524888778265743 0.06470067174040242 0.12384512944874355 0.09997136955500986
0.09410984899810107 0.14118494370293228 0.20734599261190095 0.14313512382380777 0.07989070596061389 0.13269955829867142 0.0728122151625457 0.12882161144142698
0.10373199000409375 0.08683862976558034 0.28109962462216764 0.11807382870454709 0.08837118493971902 0.08397478860398395 0.13164350752581594 0.1062664458340924
0.10360905574420955 0.07380982442421236 0.31916786424115723 0.1144243639904105 0.08799761743414945 0.07043471985682496 0.12757462671766662 0.10298192759136945
0.0953044172750564 0.1437008616641107 0.19781219074056797 0.1438637056585365 0.08085328459950653 0.13580536339541402 0.0731828415741251 0.12947733509268283
0.10456495786385082 0.08770344189332087 0.2760084846100144 0.11862582629749573 0.08902590852673216 0.08504919349273639 0.13225894364810345 0.10676324366774616
0.10411289304106033 0.07415362285898087 0.316607181997678 0.11472821595620883 0.08838504469062934 0.07084424811084267 0.12791339898401194 0.10325539436058796
0.0837616887796779 0.12622693812247843 0.17273883750770377 0.12626734372894657 0.09471845374892553 0.15912372728224652 0.0856421983552855 0.15152081247473587
0.11643847445155596 0.0973055617732615 0.18724679493316201 0.08580499801390201 0.14314727056177362 0.13953601007974245 0.12755489256992 0.1029659976166824
0.11063518679821359 0.07778705755226334 0.26781148826337164 0.11683926136159713 0.10597237399382016 0.08553223973497884 0.13026705707031797 0.10515533522543742
0.10609181774583236 0.07225773301112587 0.31188779028498104 0.11463047935265142 0.09308081926759543 0.07107949895560564 0.1278044299648218 0.10316743141738628
0.1027583477074437 0.06986520147831699 0.33412290358782726 0.11238209380122018 0.08789714323240845 0.06653277790674268 0.1252976478649425 0.10114388442109816
0.1352059483019401 0.09221627150811067 0.2894763936433794 0.09323798449100568 0.11494761748763173 0.08704820387709994 0.10395339464892724 0.0839141860419051
0.111256268647311 0.0729021859622365 0.3204057765741124 0.11036421529022973 0.09318417000751719 0.06951172584424968 0.12304786391313671 0.09932779376120675
0.10370748281890182 0.06947380870785615 0.33790564275740687 0.11139999389964589 0.08733683660356921 0.06571356093721413 0.12420267976572459 0.1002599945096813
0.1007972139753937 0.06845889615253163 0.34679944098640714 0.11082978386154976 0.08528755700139357 0.0645133644210941 0.12356693812623534 0.09974680547539479
0.0995384700789278 0.06801481194917375 0.3511774953216695 0.11039401649326187 0.08442947666998635 0.0640100246124978 0.1230810900305472 0.09935461484393569
0.11802726789394792 0.08085756812850446 0.26335565323935944 0.08211201725196823 0.1336362739749309 0.101411770177643 0.1220650286312841 0.09853442070236186
0.08593339936647873 0.1260766342786493 0.15388664048649328 0.12327553919462014 0.10645903066036234 0.1728251345695878 0.08361297441026411 0.14793064703354417
0.10343788473735045 0.08581915176832082 0.25199328101977 0.12094064650726177 0.09846823116072305 0.09565442751582254 0.13483979543421573 0.1088465818565356
0.13891810756046327 0.09882686362904265 0.25207217888417266 0.09609451725506217 0.12224511468727707 0.09821993694766297 0.10713821550676335 0.08648506552955595
0.11423453192280011 0.07541475423607558 0.3011845825797272 0.11236586149897879 0.09714695455059875 0.07324448980342944 0.12527955005930919 0.10112927534908091
0.10549967941031614 0.07055649928965704 0.3283510937277311 0.11244204113441593 0.08946884096530573 0.06711952378382553 0.12536448466777417 0.10119783702097435
0.08401658460009907 0.12477057785569545 0.17653809013297356 0.12590636379735423 0.09522405419935664 0.15705933306470787 0.08539735979298808 0.15108763655682506
0.10204133011221188 0.08491761332763506 0.26490877234010257 0.12015542502197932 0.0947007704071688 0.091171874194377 0.1339643320767441 0.10813988251978138
0.10380623099566885 0.07397696336164657 0.3109849918310585 0.11531089319341425 0.0908950984870523 0.07268297763696654 0.12856304062012006 0.10377980387407283
0.08364000130615214 0.12609859762120457 0.17085769505568546 0.12619461178196095 0.09595307440298777 0.1602296185719783 0.08559286712167787 0.15143353413835312
0.10193254011670412 0.0878785101634373 0.2614177080004206 0.1200144832431732 0.09493833386955747 0.09199819717643298 0.13380719251141845 0.10801303491885587
0.10375190780006253 0.07630467004607595 0.308968965347591 0.11515544602497832 0.09093828922300874 0.07285109150795396 0.12838972862784895 0.10363990142248049
0.10203241397446629 0.07214597883703222 0.3325757846494586 0.11228117800434631 0.0878072226934808 0.06691922735484647 0.12518513428245773 0.1010530602039117
0.10038545338614735 0.07045647274867263 0.34408902118848245 0.11086745073351564 0.08597346224469953 0.06483850016080182 0.12360893387751667 0.09978070566016407
0.09934879962783462 0.06971757614609728 0.349671012592245 0.11019508032885826 0.0850117784488677 0.06402088950690515 0.12285929105321958 0.09917557229597242
0.11771125262270099 0.08267842801724173 0.2624442995203622 0.0818345411522438 0.13431060967413436 0.10116687785803505 0.1216525417725893 0.09820144938269255
0.14128033299256262 0.0973020516677329 0.25303571341707526 0.09237693697964384 0.13264452087789366 0.09722780985237656 0.10299339093103575 0.08313924328167946
0.10434964331801168 0.1531740753590759 0.17145601993993417 0.1390300245623578 0.09106997050208654 0.14506927519590812 0.07072396901650375 0.125127022106122
0.10799212890830015 0.09325079204974611 0.26035436194399036 0.11865480126947903 0.09280686243674095 0.0878604836696588 0.13229124857955346 0.1067893211425311
0.08437648409489948 0.13551337771149258 0.15390077542116773 0.12587076589177584 0.09616350893397424 0.16775695374996333 0.08537321512659579 0.151044919070131
0.13380617000417636 0.1178071172247806 0.20480337091981166 0.09823322902651023 0.12460475268443473 0.12281273448985527 0.10952271952657185 0.0884099061238592
0.0889829960783529 0.14124385086838892 0.13376045880983814 0.1216601212957266 0.10356616992601418 0.1822769578053579 0.08251729966144934 0.1459921455548719
0.13578216558929948 0.11949859046268593 0.1940182538037487 0.09804394985066102 0.1274628094468287 0.1276429886103697 0.1093116873708116 0.0882395548655949
0.11589050639033334 0.08383084072066632 0.2700868911824318 0.11500502086756306 0.10143142841864962 0.08202877783646026 0.12822201580308895 0.10350451878080676
0.10731082173400651 0.07475503303559422 0.31252029367163037 0.1138545847188787 0.09213571162639402 0.07001506361575546 0.12693936535074982 0.10246912624699082
0.137471044720381 0.09569206038004774 0.2790820098184147 0.09344330087623191 0.11763945706752639 0.08839084925245337 0.10418230709633618 0.08409897078860872
0.14814029311080468 0.09984758809709018 0.2597193627066855 0.09106429873997679 0.1253282683248304 0.09241242290274868 0.10152989725188458 0.08195786886597911
0.09297698813946968 0.13480664198391265 0.15207849558215888 0.12139539070956082 0.10411697339736263 0.16661329807218636 0.08233774326387605 0.14567446885147298
0.07849604461423805 0.15044163319171389 0.11648864262525603 0.12247180312558922 0.09718337596653366 0.20488450504077968 0.08306783168518225 0.14696616375070706
0.10217275051351096 0.09739747240014297 0.23006831662431385 0.1220531666154094 0.09743369307765083 0.10494657848419203 0.1360801723309117 0.10984784995386845
0.10513564503612073 0.08070950760093008 0.292619192749526 0.11663303629053058 0.09304375639284301 0.07685199776256259 0.13003713150600946 0.10496973266147751
0.10308371242642263 0.07463452209437738 0.3242909189775824 0.11295326785662962 0.08915526621386229 0.06828990704836446 0.12593446431179453 0.10165794107096666
0.08300998009889891 0.1300518556076176 0.1746734135866783 0.125115918559638 0.09512617497104607 0.15702232318584464 0.084861231718711 0.1501391022715656
0.0763769361661981 0.14923727162328232 0.12398185298069427 0.12323061444674988 0.09506364240619321 0.2006504413290737 0.08358250371170861 0.14787673733609985
0.11342677740760475 0.10855194166947589 0.1642880051491212 0.08530592988699862 0.14438160276850065 0.1548656329741235 0.12681299427977705 0.10236711586439834
0.08335930612575572 0.1397411393803881 0.12019489628087153 0.12123964152117198 0.1092335327325185 0.1985118094499623 0.08223210468392535 0.14548756982540637
0.07549187880800477 0.151138889093358 0.10572351664528189 0.12147568380439171 0.09817812820955013 0.2198288799459474 0.08239220292819611 0.14577082056527002
0.07312411644592197 0.1546152808472766 0.10066532825188898 0.12080572979271494 0.09437695757132036 0.22950791200195167 0.08193779933766752 0.1449668757512579
0.10097497667331684 0.09905399612894496 0.2207536107067515 0.122718941775867 0.09736392832591953 0.1118650368408114 0.13682246195010841 0.11044704759828029
0.10518607261018645 0.08142979204556888 0.28777260240776 0.11714722033882943 0.09357527938093022 0.0788461265638596 0.13061040834791876 0.10543249830494648
0.08358250176738595 0.13290613110028696 0.16274570856260118 0.12545771637867867 0.09669928017693051 0.16296634255503334 0.08509305980466901 0.15054925965441437
0.11568496229123193 0.1037078101382358 0.18182603373647818 0.08500820058385153 0.14469863711397182 0.14069411576170412 0.12637039967390465 0.10200984070062183
0.11011200950090734 0.08250235202541036 0.263930125274651 0.11606296495977707 0.10769935341578292 0.08583498184481592 0.12940154451485594 0.10445666846379938
0.1399601810035401 0.10034449893439643 0.2560255455481407 0.09437465471216536 0.12502105767527802 0.09411617576614621 0.10522069711938435 0.08493718924094881
0.1496421777211863 0.1033229026826856 0.2484059613700532 0.09127223454318924 0.12896012454972938 0.09448985788941677 0.10176173015486921 0.08214501108887032
0.09309934997393939 0.13824866787463058 0.14808802769724796 0.12087907077810793 0.10531692949234636 0.16732552559180344 0.08198754365819494 0.14505488493372948
0.13652680164149128 0.12041184203645376 0.20040196653669923 0.09711043459081876 0.1276136664645999 0.12226501007679487 0.10827088752140539 0.08739939113173686
0.11557074000747711 0.08533633943120089 0.2731139671377077 0.11416603971460573 0.1013609970338388 0.0804158665039493 0.12728661442807532 0.10274943574314514
0.10689025501316836 0.07601555743964954 0.3138097570224055 0.11333573643454657 0.09212811215144834 0.069457530913949 0.12636088823374073 0.10200216279109192
0.08398410710940922 0.13060672057781106 0.17129536322589087 0.12512548881779686 0.0962262429274305 0.1577437679099734 0.08486772285033178 0.15015058658135622
0.10159449735514219 0.09174013192297614 0.2609398550328905 0.11917836638676724 0.09506589802670103 0.09134573691412659 0.13287498461330616 0.10726052974809053
0.10336444778817458 0.07906414960148207 0.3083114575590996 0.11459624119700987 0.09114275895061902 0.07261807084993839 0.12776625697636773 0.1031366170773089
0.08296636625109782 0.13299488186306987 0.16927045147973627 0.12498149844626859 0.09579363459565023 0.15924530941292495 0.08477005981573 0.14997779813552228
0.07611496280186363 0.1521132824779867 0.12196516339370063 0.12271305593992242 0.09515622903544688 0.2014501751943561 0.08323146402881695 0.1472556671279069
0.07343360428458066 0.157823116370283 0.10588249912440359 0.12101661002942384 0.0937321863232519 0.2208112206823566 0.08208083115039182 0.14521993203530859
0.12944020574544673 0.1299830064632794 0.1795697118023504 0.09814859662796918 0.12449444969734139 0.14060193198039128 0.10942836071804923 0.08833373696517227
0.11427944983874164 0.08968401135867923 0.26180768092812007 0.11519702325678209 0.1013702476055312 0.08554818194251013 0.12843608413853166 0.10367732093110388
0.10696644585462427 0.07821660044550315 0.3080221555677009 0.11385865040669273 0.09256089201880965 0.07095857205139282 0.12694389828925293 0.10247278536602344
0.10274236024824517 0.0741127508649342 0.33163389866363435 0.11169656031000819 0.08839718549156718 0.0663570109611466 0.12453332918145689 0.10052690427900736
0.10039112247402047 0.07239138592203422 0.34332173645335906 0.11042946524706518 0.08632861980402823 0.0646305386315257 0.12312061274560848 0.09938651872235865
0.13308805637150883 0.09612365251239881 0.29282289964348496 0.0921042543278793 0.1145040045904515 0.08577393353541528 0.1026893701237699 0.08289382889509136
0.08889808721421082 0.13705110587521285 0.1624819464352891 0.12089329229507739 0.10093654087590255 0.16266988699355323 0.08199718955666119 0.14507195075409285
0.1341504974204076 0.12135395511568595 0.20740898299647356 0.0966257826155746 0.12541066268839712 0.12035637807237819 0.107730536737066 0.08696320435401712
0.13062514739117204 0.09871464187282372 0.1975911932870639 0.08108907457060341 0.1528154783405173 0.12131321942276561 0.12054435563032984 0.09730688948472409
0.1478547352309758 0.10568613432407163 0.22060458359856458 0.09284207112416126 0.14160181845367745 0.10434081246613483 0.10351198079066934 0.08355786401174513
0.11775047000657696 0.08177157622492266 0.2829919213617791 0.11218998772695031 0.10413471184325707 0.07510687995385291 0.12508346392840577 0.10097098895425528
0.10692295387605044 0.0754870743598829 0.3184862110649338 0.11243052568868275 0.09234788239004864 0.06778623369544366 0.1253516458051433 0.10118747311981446
0.10221316900021951 0.07309031542993959 0.3367313116772076 0.11104249633798521 0.08788778625127278 0.06529257793579311 0.12380409666339544 0.09993824670418668
0.0826076337588002 0.13033071681674746 0.17855137109527344 0.12463187430515008 0.09471146309435861 0.15507576832173625 0.08453292344175398 0.1495582491661801
0.10081364975250322 0.09138414713412041 0.26492863963880275 0.11876339325490538 0.09432329083018882 0.09048750492064028 0.13241232053942434 0.10688705392941485
0.12014734755212617 0.09202210314735848 0.22641724495894983 0.08343133485186048 0.1412786715376896 0.11255941327537534 0.12402628285440752 0.10011760182223257
0.08570184115855772 0.13571579226161637 0.1409736595595215 0.12183110334890855 0.10930051189409383 0.1776464976610911 0.08263327009752058 0.14619732401869026
0.10316689241662275 0.0939522175246223 0.2433915406924664 0.12017523922820726 0.09996806953545634 0.09720190185922223 0.13398642343801614 0.10815771530538654
0.10462621842388502 0.08017672551907153 0.2991961329819445 0.11549713657342528 0.09323848259349685 0.07454719290202128 0.12877068809007264 0.10394742291608275
0.12063472060855131 0.08820448051618292 0.2408529227332713 0.08263249852175931 0.13969893901889607 0.10597868137870205 0.1228387589965258 0.09915899822611117
0.10875681397406124 0.07753584077240144 0.2952378207354912 0.11262469968053768 0.10342590721868207 0.07548855259087728 0.12556813531546512 0.10136222971248392
0.10367658659699205 0.07420651837535677 0.3249528627741772 0.11201782465877538 0.09179488350398897 0.06764376694243102 0.12489151495538092 0.10081604219289786
0.10094103151839057 0.07260237806747852 0.339987513715459 0.11073103164032871 0.08750876225072096 0.06511451756218371 0.12345683676914261 0.09965792847629584
0.0822558183550933 0.13008005264374992 0.17957457072459068 0.12456957060816704 0.09456543589551165 0.1549804017610258 0.08449066528206113 0.14948348472980044
0.13136342952416027 0.1191345325854558 0.21656007806714958 0.09682879894372438 0.12299415145430578 0.11801620558337156 0.10795688479248078 0.08714591904935194
0.08791462813212594 0.14586804752749613 0.13696190245022488 0.12058474554162754 0.10294377762446912 0.1792372897067386 0.08178791436736477 0.14470169464995303
0.10401105822552077 0.09659574921242024 0.24097865216475214 0.1202361707617485 0.09815344264745259 0.09775801575174686 0.13405435755078526 0.10821255368557366
0.09487996139180326 0.16019717496093855 0.16826020367478278 0.14311083328238527 0.08386211211443896 0.1480901059517691 0.07279985866973512 0.12879974995414673
0.10492876612793764 0.0988465692337355 0.2585300685361303 0.11860162813658394 0.09114655938151395 0.0889729787566535 0.13223196450451968 0.10674146532292554
0.10447265787961747 0.08078331415984603 0.3069637845215745 0.11461563319761765 0.0900669404153809 0.07215572233822642 0.12778787760988117 0.10315406987785589
0.10208124498894842 0.07480760728243618 0.33125166380844046 0.11187586479850367 0.08780375593211372 0.06675834456570681 0.12473324030519736 0.1006882783186533
0.100216395246016 0.07257628202710117 0.3431676297605722 0.11047190165940668 0.08619244170796095 0.06478271192700417 0.1231679261784728 0.099424711493466
0.09910149832445404 0.07165837864155723 0.3489695849272143 0.10979313788108477 0.08527443204387136 0.06397798886918492 0.12241115521965719 0.0988138240929763
0.09850015949458142 0.0712547320521369 0.3517870903018212 0.10946792901922078 0.08479499425743726 0.06362538714950675 0.12204857160799691 0.09852113611729871
0.1319811606563998 0.09552634953371483 0.2966765484287659 0.09183028948283573 0.11365128948363896 0.08530318211340882 0.10238391976668401 0.08264726053455214
0.0885933082465605 0.13676139267474474 0.16370537768467258 0.12083551363440803 0.10065213330773466 0.16249165753855668 0.08195800055203327 0.1450026163612896
0.11682192379623642 0.10570384900004973 0.18137945159949978 0.08421844689322308 0.14563357557312914 0.13998423909636706 0.12519637776962714 0.10106213627186768
0.11032568000260239 0.08389020398984964 0.26336183508577754 0.11572708014655274 0.10786953441812965 0.08564423621104897 0.12902705801414163 0.10415437213189749
0.08458302045252959 0.13476724636710227 0.15452378505451353 0.12482249109395079 0.10074688434406678 0.1661073720244164 0.08466221135067967 0.14978698931274095
0.13303135376663194 0.12123869553708293 0.2040927547656674 0.09732869608623135 0.12601753650981462 0.12218090405634441 0.10851423280061913 0.0875958264776082
0.11419089679626628 0.08654826665779053 0.2750530683095464 0.1138275689190356 0.10069783364807618 0.08032830889212365 0.12690924475002924 0.10244481202713204
0.12425551818809895 0.08999998715661675 0.22995401814348498 0.0826107375033002 0.1430954419880284 0.10814500223548515 0.12280640978102539 0.09913288500396024
0.11035862811917553 0.0782732864071832 0.28932553840085595 0.11306348689022278 0.1048249694557067 0.07633960221670562 0.12605735030894985 0.10175713820120048
0.08463335347792993 0.13243980869640598 0.1630673879096004 0.1246830986897027 0.09985928586130823 0.16112968000004588 0.08456766693736358 0.14961971842764324
0.10209272565224661 0.09245504355684468 0.25624505926596375 0.11947885873700942 0.09643059620769157 0.09255673255791169 0.13321001115902392 0.10753097286330847
0.10371961912477963 0.07938506944201021 0.3058744581503001 0.11482597449586031 0.09172011138890572 0.07310899789155997 0.12802239246030991 0.10334337704627428
0.120138825481673 0.08786131146129826 0.2436993403712998 0.08248929330190581 0.13883637152257425 0.10536183108000932 0.12262587481895251 0.09898715196228697
0.1084647223813434 0.07735642563820162 0.29673987401720436 0.11247052672076718 0.10305245300166803 0.07529628022135917 0.1253962439707658 0.10122347404869046
