Action: 0
[0.09512029863444875, 0.13513677922150344, 0.2981326417579785, 0.09390341978050545, 0.09396001467169858, 0.09594000637285421, 0.09390341978050545, 0.09390341978050545]
[0.12706500593032521, 0.09207722073638926, 0.3005382345383129, 0.09207722073638926, 0.09207722073638926, 0.11201065584941558, 0.09207722073638926, 0.09207722073638926]
[0.12053629005273903, 0.08949188187698566, 0.28669901479725873, 0.08949188187698566, 0.09971841051206631, 0.13507875712999326, 0.08949188187698566, 0.08949188187698566]
[0.125, 0.125, 0.125, 0.125, 0.125, 0.125, 0.125, 0.125]
[0.09159890030035918, 0.0914195947829895, 0.2045065552474844, 0.09141933888257958, 0.1143572867302801, 0.22385964629114805, 0.09141933888257958, 0.09141933888257958]
[0.19563389629073114, 0.08934024800660975, 0.21930547655763077, 0.08934024800660975, 0.1278689433788371, 0.09983069174636205, 0.08934024800660975, 0.08934024800660975]
[0.125, 0.125, 0.125, 0.125, 0.125, 0.125, 0.125, 0.125]
[0.125, 0.125, 0.125, 0.125, 0.125, 0.125, 0.125, 0.125]

Action: 1
[0.0938712274617468, 0.0938712274617468, 0.0938712274617468, 0.0938712274617468, 0.29428496886709105, 0.1424876663624282, 0.0938712274617468, 0.0938712274617468]
[0.1111111111111111, 0.1111111111111111, 0.1111111111111111, 0.1111111111111111, 0.2222222222222222, 0.1111111111111111, 0.1111111111111111, 0.1111111111111111]
[0.11001787314886255, 0.09162605243665575, 0.09162605243665575, 0.09162605243665575, 0.16758047037616183, 0.2642713942916968, 0.09162605243665575, 0.09162605243665575]
[0.125, 0.125, 0.125, 0.125, 0.125, 0.125, 0.125, 0.125]
[0.09475523243429383, 0.09475523243429383, 0.09475523243429383, 0.09475523243429383, 0.21916622085990975, 0.2123023845343273, 0.09475523243429383, 0.09475523243429383]
[0.09485798338090357, 0.09485798338090357, 0.09485798338090357, 0.09485798338090357, 0.12317714477856553, 0.3076749549360131, 0.09485798338090357, 0.09485798338090357]
[0.125, 0.125, 0.125, 0.125, 0.125, 0.125, 0.125, 0.125]
[0.125, 0.125, 0.125, 0.125, 0.125, 0.125, 0.125, 0.125]

