Action: 0
[0.11066356030084581, 0.10511617440909156, 0.2583042737212816, 0.10511617440909156, 0.10545129393240073, 0.10511617440910556, 0.10511617440909156, 0.10511617440909156]
[0.12197568899163488, 0.10392295627789747, 0.2544865733409804, 0.10392295627789747, 0.10392295627789747, 0.10392295627789747, 0.10392295627789747, 0.10392295627789747]
[0.211630625135593, 0.10581347031015215, 0.1528700699597897, 0.10581347031015215, 0.10643188075337807, 0.1058135429106306, 0.10581347031015215, 0.10581347031015215]
[0.125, 0.125, 0.125, 0.125, 0.125, 0.125, 0.125, 0.125]
[0.10598976653979549, 0.1050204679118617, 0.15328700561276584, 0.10499375963864285, 0.2099875210063103, 0.11073396001333817, 0.10499375963864285, 0.10499375963864285]
[0.11084755907647777, 0.10514490623726773, 0.2582767274714566, 0.10514490623726773, 0.10515118226572671, 0.10514490623726797, 0.10514490623726773, 0.10514490623726773]
[0.125, 0.125, 0.125, 0.125, 0.125, 0.125, 0.125, 0.125]
[0.125, 0.125, 0.125, 0.125, 0.125, 0.125, 0.125, 0.125]

Action: 1
[0.10378194026929019, 0.14931660984488485, 0.1037678697592753, 0.1037678697592753, 0.20780169524863504, 0.12402827560008883, 0.1037678697592753, 0.1037678697592753]
[0.10381447586482116, 0.10381447586482116, 0.10381447586482116, 0.10381447586482116, 0.12398867802191134, 0.25312446678916156, 0.10381447586482116, 0.10381447586482116]
[0.10382823841610497, 0.10477868621976891, 0.10382823841610497, 0.10382823841610497, 0.15099533769264536, 0.22508478400706092, 0.10382823841610497, 0.10382823841610497]
[0.125, 0.125, 0.125, 0.125, 0.125, 0.125, 0.125, 0.125]
[0.1050639695854262, 0.10506396531346296, 0.10506396531346296, 0.10506396531346296, 0.1531118564289954, 0.21650434741826366, 0.10506396531346296, 0.10506396531346296]
[0.10589953112022382, 0.10589950421485454, 0.10589950421485454, 0.10589950421485454, 0.21181405017238553, 0.15278889763311793, 0.10589950421485454, 0.10589950421485454]
[0.125, 0.125, 0.125, 0.125, 0.125, 0.125, 0.125, 0.125]
[0.125, 0.125, 0.125, 0.125, 0.125, 0.125, 0.125, 0.125]

