Action: 0
[0.15196397354019472, 0.11780593206696924, 0.25622109239179053, 0.0947026423487199, 0.0951983157542788, 0.09470275920060711, 0.0947026423487199, 0.0947026423487199]
[0.09860493020869936, 0.09860493020869936, 0.2915479358175378, 0.09860493020869936, 0.11682248293026605, 0.09860493020869936, 0.09860493020869936, 0.09860493020869936]
[0.09608416495251237, 0.09632397349738055, 0.26066576774570244, 0.09470196912866032, 0.1540794025244989, 0.10874078389392489, 0.09470196912866032, 0.09470196912866032]
[0.125, 0.125, 0.125, 0.125, 0.125, 0.125, 0.125, 0.125]
[0.21947330086181682, 0.09436508347418172, 0.1481787435011022, 0.09436508347281573, 0.16052250680411873, 0.09436511494033338, 0.09436508347281573, 0.09436508347281573]
[0.10386273534866373, 0.10012168978445748, 0.2951124820875421, 0.10012168978445748, 0.10041633229510617, 0.10012169113085795, 0.10012168978445748, 0.10012168978445748]
[0.125, 0.125, 0.125, 0.125, 0.125, 0.125, 0.125, 0.125]
[0.125, 0.125, 0.125, 0.125, 0.125, 0.125, 0.125, 0.125]

Action: 1
[0.09755117239268098, 0.09755117239268098, 0.09755117239268098, 0.09755117239268098, 0.2583488416206547, 0.1563441240232594, 0.09755117239268098, 0.09755117239268098]
[0.1111111111111111, 0.1111111111111111, 0.1111111111111111, 0.1111111111111111, 0.2222222222222222, 0.1111111111111111, 0.1111111111111111, 0.1111111111111111]
[0.138750880387778, 0.0950816675955771, 0.0950816675955771, 0.0950816675955771, 0.11093863112157434, 0.27490215051276223, 0.0950816675955771, 0.0950816675955771]
[0.125, 0.125, 0.125, 0.125, 0.125, 0.125, 0.125, 0.125]
[0.09847844962136726, 0.09847844962136726, 0.09847844962136726, 0.09847844962136726, 0.21681025396357154, 0.19231904830822497, 0.09847844962136726, 0.09847844962136726]
[0.09753249968550591, 0.13273070810987023, 0.09753249968550591, 0.09753249968550591, 0.09753249968550591, 0.28207429377709425, 0.09753249968550591, 0.09753249968550591]
[0.125, 0.125, 0.125, 0.125, 0.125, 0.125, 0.125, 0.125]
[0.125, 0.125, 0.125, 0.125, 0.125, 0.125, 0.125, 0.125]

