0.125 0.125 0.125 0.125 0.125 0.125 0.125 0.125
0.06578947368421052 0.10964912280701754 0.05921052631578946 0.09868421052631579 0.13157894736842105 0.21929824561403508 0.11842105263157893 0.19736842105263158
0.07295173961840629 0.12906846240179573 0.09118967452300786 0.16133557800224466 0.08754208754208755 0.15488215488215487 0.10942760942760943 0.19360269360269358
0.13410207414198871 0.1056053833868161 0.16092248897038647 0.12672646006417934 0.11690950053404146 0.10496321425706895 0.14029140064084972 0.11047947800466916
0.10444221496194449 0.15508009067638853 0.0837432489652498 0.13957208160874968 0.11631006800729139 0.212429985608564 0.10467906120656226 0.0837432489652498
0.05290504698323934 0.09360123697034653 0.06613130872904918 0.11700154621293317 0.11689267727977405 0.18720247394069306 0.13226261745809836 0.23400309242586634
0.13767367491982122 0.10334219852876463 0.1574738263295461 0.12401063823451755 0.11440406186334545 0.11769888742712908 0.13728487423601451 0.10811183846086145
0.07179899931367147 0.12702899878572643 0.08974874914208933 0.15878624848215808 0.10196020858438609 0.15243479854287173 0.10769849897050722 0.19054349817858965
0.1021631563536821 0.0753997499269737 0.20753503378771399 0.1507994998539474 0.08347062262977958 0.08222446154644109 0.16694124525955917 0.13146623064190285
0.06828126020868273 0.10369690744389982 0.07553968094421316 0.09332721669950986 0.1244362889326798 0.23607155233258317 0.11199266003941181 0.18665443339901971
0.08535923900991675 0.1510201920944681 0.07441574682915819 0.13165862900543376 0.12903271154615112 0.18122423051336176 0.08929889619498983 0.1579903548065205
0.09369816721177093 0.07563586991793558 0.18739633442354187 0.15127173983587117 0.10754817515965368 0.079648446617755 0.1686567009811877 0.13614456585228404
0.07765835900974337 0.11882087175625074 0.11248684937434483 0.1425850461075009 0.08911565381718806 0.1741631277199705 0.10693878458062568 0.1782313076343761
0.07460397010331654 0.11565627770618855 0.09923914101531316 0.13878753324742624 0.08674220827964141 0.2073958031532614 0.1040906499355697 0.17348441655928282
0.07310041343529211 0.11350025531812091 0.09579226901895647 0.1362003063817451 0.09239245915164516 0.21661368393075012 0.10215022978630883 0.17025038297718137
0.06900071879949632 0.12207819479910888 0.09404770983726209 0.1525977434988861 0.09921816324781481 0.1764390994195239 0.10350107819924449 0.18311729219866332
0.09847543843424333 0.07264710444450309 0.21441894149832275 0.14529420888900618 0.08822704762681119 0.09342385104103781 0.16084666185514723 0.12666674621092847
0.06549985877642474 0.09945559170293077 0.07967131041848888 0.08951003253263769 0.12978698291631038 0.2496441195487669 0.10741203903916523 0.17902006506527537
0.0663811756335563 0.11744361842859963 0.08943785561092273 0.14680452303574953 0.10263653790467035 0.2015590982932676 0.09957176345033447 0.17616542764289944
0.09701132336751912 0.07167055129711002 0.21879477097481775 0.14334110259422003 0.08743138347142805 0.09810233723544316 0.15868449290039824 0.12496403815906364
0.0648660229750621 0.09851852534377306 0.0833473842291842 0.08866667280939576 0.12859544315740126 0.25227259849511735 0.1064000073712749 0.17733334561879152
0.05611428071938528 0.09927911204198936 0.052927378647875604 0.08655102075455481 0.14883423979730553 0.2853516421985439 0.09784028433123589 0.17310204150910963
0.08901370647999639 0.07185443776096094 0.1875522743123807 0.14370887552192188 0.11121859894391216 0.10708944734710467 0.1602246716639935 0.1293379879697297
0.08788049092130588 0.07093967339430715 0.2328877163716025 0.1418793467886143 0.10140748084557215 0.07912899591049444 0.15818488365835057 0.12769141210975288
0.08531265014064097 0.0688668380653367 0.26066631059506074 0.1377336761306734 0.09680410417331815 0.07309334212420998 0.15356277025315376 0.12396030851760606
0.08325530994992897 0.06720609357403905 0.27978392386523504 0.1344121871480781 0.0938597063070349 0.07065225281254148 0.14985955790987213 0.12097096843327028
0.08184518866250153 0.06606780289623616 0.29258320287832595 0.13213560579247233 0.0918987243010964 0.06922609066363983 0.1473213395925027 0.1189220452132251
0.10946657995722335 0.08836458864016826 0.25416768766481096 0.11045573580021033 0.12257062342411659 0.09241471984140483 0.12314990245187628 0.09941016222018928
0.08996594354348575 0.06515505843842594 0.28375644216549767 0.13031011687685187 0.09670394676596428 0.07154333133850597 0.14528605568210198 0.11727910518916666
0.08773848008210104 0.06475319830792994 0.29792136364889127 0.1295063966158599 0.09097458484921885 0.06816025197150523 0.14438996757021988 0.11655575695427389
0.11745465346680263 0.08684577734390618 0.2569827057929702 0.10855722167988273 0.12059636563499104 0.09082857568168358 0.12103320088786924 0.09770149951189444
0.09701789225981866 0.06418321177833278 0.28609047025432066 0.12836642355666555 0.09524144224568057 0.07045179602234809 0.1431189826818346 0.11552978120099902
0.09360054843915801 0.06400593867650745 0.299235524755441 0.1280118773530149 0.08986880442699527 0.06734292660773405 0.142723690123436 0.1152106896177134
0.10939305969537896 0.07518973135023457 0.22491665446312506 0.09398716418779322 0.1391771325274011 0.10483342861483164 0.13971823213588366 0.11278459702535187
0.09666759709192622 0.06475249552047788 0.27346615696649285 0.12950499104095575 0.10161431643738668 0.07305155054680502 0.14438840045909543 0.11655449193686018
0.07525585692727293 0.11284014061272261 0.1476221248215306 0.14105017576590326 0.09914398569643433 0.15915869038974412 0.0956688148673083 0.1692602109190839
0.07553297303628081 0.11359045268076613 0.1162874772858992 0.14198806585095766 0.098730519214637 0.18717988389835602 0.09630494901195391 0.1703856790211492
0.09976532483381971 0.06837840920729059 0.22955363242915677 0.13675681841458118 0.0976846451307482 0.09230638661173993 0.15247364679954054 0.12308113657312308
0.09094471430711842 0.1298454323205332 0.15727069181395892 0.16230679040066645 0.08478133039046384 0.1462101708115377 0.08256475859512165 0.14607611136059984
0.10355135152983806 0.06718547802617235 0.246845240127585 0.1343709560523447 0.09309718092326612 0.08420234457860673 0.14981358831507682 0.12093386044711021
0.0936958862458846 0.12911239244534514 0.16185796980951747 0.1613904905566814 0.0835651042470281 0.14302807434613118 0.08209864084839881 0.14525144150101324
0.10520949490332529 0.06691129690557211 0.2484764990505955 0.13382259381114422 0.09251660903985956 0.08342096652078004 0.1492022053386936 0.12044033443002979
0.08279476755947558 0.11192730728294491 0.14092621116241857 0.13990913410368114 0.09652609200628051 0.16513063600350267 0.09489489095727939 0.16789096092441733
0.07822431647750626 0.1117134469774283 0.11334706668377438 0.13964180872178536 0.09687074511753953 0.19791887094452593 0.09471357461129791 0.16757017046614242
0.10362710373506955 0.0678152797403318 0.22698655857633437 0.1356305594806636 0.09675153755156278 0.09590350524604405 0.15121795213739658 0.12206750353259727
0.08291608174965401 0.11159391139153377 0.13519716742794072 0.1394923892394172 0.0971860881658077 0.17161126571508917 0.09461222922325689 0.16739086708730064
0.0916886174263967 0.12954332396590518 0.12989471947446024 0.16192915495738147 0.0844107718171595 0.17442451581003768 0.0823726570870158 0.14573623946164332
0.10700378303708981 0.06743306793624275 0.23423274258176544 0.1348661358724855 0.09349083928118347 0.09122823214518017 0.1503656768608159 0.12137952228523693
0.12361665304943173 0.07478215894109629 0.20141532679823423 0.09347769867637035 0.14174820199766555 0.1138258446902367 0.1389608774353207 0.11217323841164442
0.1105685245969679 0.06393593939965758 0.26115314829868386 0.12787187879931516 0.10161481126713673 0.07720340453514095 0.14256760218371406 0.11508469091938366
0.08468936106095364 0.1109317205984249 0.14363853277019262 0.13866465074803117 0.09796423337169323 0.16366311395875038 0.09405080659431679 0.16639758089763737
0.1045954173738584 0.0669016199702242 0.2398135917519582 0.1338032399404484 0.09649950103728965 0.08878308676263104 0.1491806272171865 0.12042291594640356
0.10546963918317998 0.06404427684159962 0.2791380927930882 0.12808855368319924 0.09243045101328187 0.07274010966129439 0.14280917850947739 0.11527969831487933
0.12196036143401881 0.07374845010925916 0.2159719399960834 0.09218556263657395 0.14081621995492472 0.10765476027834427 0.13704003042690693 0.11062267516388874
0.12605829745316166 0.073027044697562 0.19208646639009666 0.09128380587195249 0.1562260288813609 0.11607828122897886 0.1356995084305443 0.10954056704634298
0.11130869347373845 0.06382902765516833 0.25653118060272795 0.12765805531033667 0.10587415347795284 0.07757743475029297 0.14232920495047982 0.11489224977930299
0.14164378800070476 0.08438291144278283 0.2377312940001956 0.10547863930347853 0.1247470136159121 0.09348476698066337 0.11760081128313203 0.09493077537313067
0.1134802514123943 0.06274612035935202 0.275639652668196 0.12549224071870405 0.09731131811005445 0.0724729167757016 0.13991448330876405 0.11294301664683364
0.10600762046703673 0.06277661910821491 0.29292268005726885 0.12555323821642983 0.09102974378922186 0.06872969300036484 0.13998249096667623 0.11299791439478685
0.08373562140558502 0.11061971789459309 0.151527347454529 0.13827464736824135 0.09612835164604683 0.15999845482630792 0.09378628256280717 0.1659295768418896
0.1372363858049229 0.08786494581665226 0.20036861827302493 0.10983118227081534 0.12627686621005932 0.11712036570571811 0.1224535718750732 0.0988480640437338
0.11401235257387352 0.06376550960603934 0.26032275098857066 0.12753101921207868 0.09906899955648167 0.07833388159085722 0.14218756918122802 0.11477791729087082
0.12458401309417279 0.07371150321871682 0.20917123581912883 0.09213937902339601 0.14304174926859906 0.10981348936387783 0.1369713753840335 0.11056725482807522
0.11035021248430625 0.06345903310701108 0.26387815383017654 0.12691806621402216 0.10294605800888072 0.07671804443182735 0.14150417233115603 0.11422625959261994
0.10565144458653002 0.0630254913286752 0.2881335377367681 0.1260509826573504 0.09299689818969137 0.07015832223617438 0.14053743887319514 0.11344588439161536
0.1036953626245278 0.0625317670520122 0.2981122642391591 0.1250635341040244 0.09011744755313504 0.06848593630709231 0.13943650742642721 0.11255718069362197
0.10285117144868725 0.06229215282842702 0.3021222644790948 0.12458430565685404 0.08917129653045087 0.06795073049416818 0.13890220347114918 0.11212587509116863
0.12059654608501372 0.07317591613515356 0.22335404370876097 0.09146989516894194 0.13936541681269493 0.10629816521765052 0.13597614266905397 0.10976387420273033
0.10880224108094874 0.06311800867709 0.26985795016869407 0.12623601735418 0.10191387935684507 0.07571574899187951 0.14074373875160068 0.11361241561876201
0.12270436317517866 0.0734415920137977 0.21215670077135773 0.09180199001724712 0.14450365522894537 0.10875948680683944 0.13646982396593751 0.11016238802069656
0.12601746049178178 0.0727550550879426 0.19028476253524898 0.09094381885992824 0.15864234216521755 0.11702988332574538 0.13519409490222167 0.10913258263191387
0.08654395342197826 0.1086255125006318 0.12424719382675938 0.13578189062578977 0.11158859424856345 0.17817904341827218 0.0920955432070574 0.1629382687509477
0.10542288438848084 0.06695540413935455 0.23048076935826278 0.1339108082787091 0.10071686367592939 0.09269298482156589 0.14930055788685925 0.12051972745083821
0.10596728675692803 0.0641090042622588 0.2750105243765787 0.1282180085245176 0.09428810292113077 0.07405735448978198 0.14295351099673825 0.11539620767206582
0.09623324519284955 0.12717320983995672 0.16891285515591753 0.1589665122999459 0.08418074783842122 0.14059799495472444 0.08086557364823335 0.1430698610699513
0.12232628916301039 0.07593642353400214 0.17960792550483765 0.09492052941750267 0.14251355032417146 0.12968490451691633 0.1411057422385562 0.1139046353010032
0.08591517744352789 0.10897001004085016 0.12164083218867695 0.1362125125510627 0.10787255790784145 0.18354627759821876 0.0923876172085469 0.16345501506127524
0.11934865427614559 0.07591887986489702 0.16234571396345893 0.09489859983112127 0.15095626725804331 0.14158042257347075 0.14107314243551758 0.11387831979734551
0.08515446687729716 0.10875435098439645 0.11711347169201275 0.13594293873049557 0.10968874509500151 0.1880097243096049 0.09220477583459699 0.16313152647659468
0.07892186153314476 0.11022818120558925 0.10645201683744039 0.13778522650698657 0.100444538390946 0.20737157617364016 0.09345432754386915 0.16534227180838384
0.10432108503134517 0.06755784776469584 0.22304102648610177 0.13511569552939168 0.09894998512375311 0.09876631683384866 0.15064391725441129 0.12160412597645248
0.12287470626965376 0.07455205136028534 0.1970169331378637 0.09319006420035666 0.1455605700086137 0.11644430851480603 0.1385332894679929 0.11182807704042799
0.14547348915602598 0.08399397181556476 0.21309293464240023 0.10499246476945594 0.13780883633206753 0.1030863220325968 0.11705876295937848 0.09449321829251034
0.1151510743204918 0.0630280630579452 0.26477191752893603 0.1260561261158904 0.10187640576785954 0.07512272625894868 0.14054317344562703 0.11345051350430135
0.10671813665059775 0.06290021845825809 0.28827835674699626 0.12580043691651618 0.0930573554881409 0.06976700344501782 0.14025809906960834 0.11322039322486457
0.13911458940093316 0.08363849447374272 0.24940150205314157 0.1045481180921784 0.12111148620303469 0.09152915391959514 0.11656334957441383 0.09409330628296055
0.11230736798871425 0.06233158424840499 0.2802567242392388 0.12466316849680999 0.09698737883208843 0.0722667948952009 0.13899012965241353 0.11219685164712899
0.14094954127471124 0.08358854904052306 0.24610166428861271 0.10448568630065382 0.12226069555313286 0.09208300308582497 0.11649374278595283 0.09403711767058842
0.11286698063954845 0.06238301177188456 0.2788329766965928 0.12476602354376912 0.09733098157241778 0.07242579923237208 0.1391048053540232 0.11228942118939221
0.10563612550594934 0.06256580998581952 0.29400010865246395 0.12513161997163905 0.09158567615592654 0.06894978366594383 0.1395124180877826 0.11261845797447513
0.12148060690854831 0.0732075092938633 0.2204826592027544 0.09150938661732913 0.14085918513172896 0.1066145395454888 0.13603484935949225 0.10981126394079496
0.10910895209075462 0.06314281476498435 0.26856358147463594 0.1262856295299687 0.10263111104200447 0.07581179189547615 0.1407990526252039 0.11365706657697183
0.08423322789433041 0.11038512530367063 0.14519252967260124 0.1379814066295883 0.09952273331036297 0.16351990038952408 0.09358738884441642 0.16557768795550595
0.0791638965511847 0.11087583777946446 0.11387711414974129 0.13859479722433057 0.09858920960811304 0.19858196033537964 0.09400342768258944 0.16631375666919668
0.10418140892471428 0.06743896260470597 0.22646289006996548 0.13487792520941194 0.09832093904221884 0.09694892036882505 0.15037882109168763 0.12139013268847074
0.10588484057743293 0.06425772543809788 0.27346775949987884 0.12851545087619576 0.09396577063432307 0.07495941016382636 0.143285137021669 0.11566390578857619
0.10435810655431658 0.06292883028375902 0.29228920251788876 0.12585766056751804 0.09124756789143028 0.06972483850426746 0.14032189917005367 0.11327189451076625
0.10322398154899823 0.06241308598504636 0.29975585550067196 0.12482617197009271 0.08997243161403351 0.0682930522473884 0.13917186636068543 0.11234355477308344
0.10265214428116548 0.06221419128282918 0.3027152337336276 0.12442838256565836 0.08943134618888397 0.06784479677822532 0.1387283608605176 0.11198554430909254
0.10239747159800411 0.06213686353634183 0.30388919928726627 0.12427372707268367 0.08921098940451706 0.06768946320846636 0.13855593152730553 0.1118463543654153
0.10229006631282432 0.06210654335159867 0.30435534565008593 0.12421308670319733 0.08912275834254596 0.06763209956614132 0.13848832204072895 0.1117917780328776
0.1022459741028795 0.06209458371223911 0.30454056435961313 0.12418916742447822 0.08908765889817821 0.0676101469906035 0.13846165382997794 0.11177025068203039
0.10222812743932805 0.0620898490211047 0.30461419072249957 0.1241796980422094 0.08907372397073884 0.06760158639071245 0.13845109617541854 0.11176172823798845
0.10222095903646328 0.06208797066648589 0.3046434653915885 0.12417594133297177 0.08906819297178908 0.06759821567605674 0.13844690772497 0.11175834719967459
0.10221809192524839 0.06208722461114099 0.30465510702526244 0.12417444922228198 0.08906599686959733 0.06759688191351261 0.13844524413290243 0.1117570043000538
0.10221694790985467 0.06208692809914763 0.30465973692568976 0.12417385619829525 0.0890651245030631 0.06759635283007095 0.13844458295541276 0.11175647057846574
0.1202961617813009 0.07306849233515048 0.22409310976142655 0.09133561541893807 0.1397576289088364 0.10606972648973793 0.13577652680188407 0.1096027385027257
0.08555241859250201 0.10880354331862707 0.13288541563253212 0.13600442914828387 0.10733252984926231 0.17396986610201595 0.09224648237883601 0.1632053149779406
0.10491606022239486 0.06678838558784735 0.2343734750213131 0.1335767711756947 0.09950601108565603 0.09169207140382857 0.1489281314451402 0.12021909405812524
0.10571191415727321 0.06401036354930888 0.27661373394782074 0.12802072709861775 0.093914807410382 0.07377624251848698 0.1427335569293544 0.11521865438875599
0.10418297973237058 0.06283774508378297 0.2935310057929109 0.12567549016756593 0.09111924879862042 0.0694267965050269 0.14011879276891304 0.11310794115080933
0.083265561534716 0.110382908786588 0.1515073330235057 0.137978635983235 0.09677756636373214 0.16092812150492972 0.09358550962341158 0.16557436317988203
0.10382119311032778 0.06648878240689193 0.24280987013289745 0.13297756481378387 0.09657246869908408 0.08939025143610699 0.1482600610685023 0.11967980833240549
0.12225902852815482 0.07419634636142991 0.20360286878633543 0.09274543295178737 0.14416850483238383 0.1138609837440619 0.13787231525370183 0.11129451954214485
0.12605049311873218 0.07284723901905275 0.18734315752627256 0.09105904877381595 0.15896053457978998 0.11910327654521911 0.13536539190853833 0.10927085852857912
0.1462909953221721 0.08373250841454516 0.2087344740808245 0.10466563551818144 0.1416631667261273 0.10401977523733619 0.11669437273445005 0.09419907196636329
0.11545228556016349 0.06305264502694351 0.26278351058312943 0.12610529005388701 0.10284381708315835 0.07566970307667711 0.1405979875675427 0.11349476104849832
0.10683786656730188 0.06291782113259542 0.2874228729266451 0.12583564226519084 0.09331399769953194 0.07012237096394733 0.14029735040611577 0.11325207803867175
0.10395226003044855 0.06247253556517325 0.2976951556414395 0.1249450711303465 0.0905310436548708 0.0686489399091127 0.13930443005129675 0.11245056401731185
0.09547027035728661 0.12658452097862102 0.17507052030784306 0.1582306512232763 0.0831434457691338 0.13860176094496302 0.08049124431792751 0.14240758610094864
0.12190457484656958 0.0757727681716785 0.18160111995968728 0.09471596021459812 0.14194136323769918 0.12960342493353358 0.140801636378716 0.11365915225751774
0.12647954728533706 0.07323207018472414 0.1799885835646538 0.09154008773090516 0.15882845847987598 0.12400265885057946 0.13608048862683814 0.1098481052770862
0.12724108162760236 0.07277621795504459 0.17866337549281727 0.09097027244380572 0.1640714499075324 0.12187985570924209 0.13523341993138882 0.10916432693256686
0.0866771687907907 0.10843231985852439 0.1211723188147625 0.1355403998231555 0.1128314162101436 0.18076614726956605 0.09193174944527069 0.16264847978778657
0.10550386250302012 0.0669508580487964 0.22896804892727762 0.1339017160975928 0.10108133411100813 0.09379221504103583 0.14929042078343555 0.12051154448783354
0.12295542230247819 0.07434455369251905 0.19883160696523117 0.0929306921156488 0.14599431532011112 0.11527886362167147 0.1381477154435615 0.11151683053877857
0.11029702908980367 0.06364623760029176 0.2594119698047139 0.1272924752005835 0.10457127804484004 0.07829617216903918 0.1419216104102028 0.11456322768052515
0.08446240359665134 0.11039982354359879 0.14286199625125598 0.13799977942949848 0.09998050341052486 0.1650959080574125 0.09359985039565985 0.16559973531539818
0.07815894797787272 0.12198093717226706 0.11198133705850698 0.13630495163501508 0.09743414378945144 0.19812342538285843 0.09245031502201023 0.1635659419620181
0.10320524046175948 0.07550723210780744 0.2241475997226374 0.13353378831779664 0.09743344074967761 0.09711208038804459 0.14888020876625982 0.12018040948601698
0.08261798695205137 0.11887825908434062 0.13330774420642638 0.1373668616150427 0.0977655312868165 0.1720528159088076 0.09317056700846374 0.16484023393805122
0.10358605044022769 0.07471332658854885 0.23356266320901722 0.13251373954712373 0.09677625574790086 0.09184266836476822 0.1477429305100021 0.11926236559241134
0.13947566120603389 0.09138157039364508 0.2288620437994872 0.1056633661170372 0.12347155723538321 0.098242003848413 0.11780676789466683 0.09509702950533347
0.0886868887769798 0.11844730170525464 0.13323638420686695 0.1343572654723479 0.1025779196787101 0.17033624588134375 0.09112927571167943 0.16122871856681745
0.07875292667896382 0.1225234701229483 0.10932942297685336 0.13581564010924055 0.09776278577493162 0.20071855204492361 0.09211843416105012 0.16297876813108866
0.10338001383838265 0.07555057208175339 0.22281706496016718 0.13351848376796888 0.0975343132868009 0.09816977133842253 0.1488631453353325 0.120166635391172
0.12196912920353212 0.0800360680917837 0.1962500140372369 0.09247592825556923 0.14430550325994665 0.11652056482353657 0.13747167842171185 0.11097111390668306
0.1096911561509157 0.06887742849970421 0.25753535402732 0.12652108566782594 0.1038847411614422 0.07855968874418731 0.14106156864756117 0.11386897710104335
0.10527441329727828 0.06746065893200126 0.2848480016540426 0.12546233577921953 0.09343386266250904 0.07072348394070103 0.13988114153295073 0.11291610220129757
0.10327114140095216 0.06676470349002692 0.29612567904152187 0.12433288910799814 0.09028593714404519 0.06869815683665335 0.13862189278160392 0.11189960019719834
0.10236783925864636 0.06643619521748989 0.3006794906420363 0.12379581934880146 0.08922403144308733 0.06805728659608493 0.13802310007993238 0.1114162374139213
0.082224461782724 0.1171600526516266 0.15244558144076653 0.13648494536085284 0.09550929749954512 0.15982132910844818 0.09257239772301323 0.16378193443302339
0.10276632265440015 0.07406132371495307 0.2418904992650004 0.13154595703741215 0.095584961850556 0.08909564890975838 0.14666392523424904 0.11839136133367092
0.10445192685630471 0.06850699705585814 0.2790438879574362 0.12681064790491517 0.0923775006525612 0.07329504752570747 0.14138440893279347 0.11412958311442364
0.13802182772113786 0.08953569506059529 0.24532125025913182 0.10411424233149823 0.12059495779547916 0.09262959825376568 0.11607961048004356 0.0937028180983484
0.11167213008002577 0.06810580424578 0.2777397526974125 0.12380795821405619 0.09652936202457299 0.07268119633669588 0.13803663400880592 0.11142716239265057
0.08408142484882157 0.11736129841513676 0.14667364351317044 0.13649048373813588 0.09725863203881743 0.16176978277254958 0.09257615418760522 0.16378858048576306
0.11772692302368232 0.08446480418588756 0.17025308577503057 0.09374787570801696 0.14593977568494632 0.13600757103373384 0.13936251373908193 0.11249745084962035
0.0841019939656783 0.11750430577277643 0.1181557792437492 0.13433271578599776 0.10764023313256195 0.18595308853597112 0.09111262462006804 0.16119925894319725
0.10425975780422579 0.07479137361308172 0.22635589048176472 0.13276442121824955 0.09938166770881836 0.09493648821171533 0.14802242186572 0.1194879790964246
0.10539461542955393 0.06894789762873693 0.2725991954393886 0.12754923734186369 0.09374388382308083 0.07476297569332227 0.14220788103637638 0.11479431360767733
0.0829687193290798 0.1177710919229978 0.14549077129483948 0.13689538941118823 0.09676770886230565 0.1629810660246615 0.0928507858615016 0.16427446729342587
0.07782628489216359 0.12277818667972633 0.11256861680972889 0.13622753863186282 0.09663025311598127 0.19809826470112532 0.09239780881117653 0.16347304635823537
0.07556383728923657 0.13212685313513406 0.1028907784855989 0.13367840184315755 0.09505986559105145 0.2095973523678037 0.09066882907622861 0.16041408221178907
0.07485023393185729 0.13355680642124215 0.100182619114013 0.13314841339737804 0.09435419056178818 0.21382028184473303 0.09030935865213469 0.15977809607685367
0.11461465859419921 0.0936873674735942 0.15268621234764998 0.09318735487479875 0.14449858571491656 0.15097173327150137 0.13852926187358144 0.1118248258497585
0.12351585188300986 0.0857090911625083 0.16845218377978272 0.09047019369762109 0.1588118581079858 0.12998656964414018 0.13449001928780688 0.10856423243714532
0.125403125743264 0.08400932659518526 0.1733126844556279 0.08979536469964915 0.1629698664983169 0.12326835371039181 0.1334868406579859 0.10775443763957898
0.08503256774242378 0.1239176975902721 0.11821992339325386 0.13280912841329026 0.11101883348202674 0.17955166035898829 0.09007923492379687 0.15937095409594831
0.10382881260727295 0.08146345417430662 0.22510766522804318 0.13153566950834739 0.09959458659001899 0.09343525392743024 0.14665245540706792 0.11838210255751266
0.08214967167743548 0.12592998969864352 0.13281498614663975 0.136043414703122 0.09756982058624826 0.16996709478900368 0.09227292475516101 0.16325209764374637
0.07676071197922124 0.13339377229381852 0.10831094255438896 0.1343024383402785 0.09572420256186352 0.19925291764868866 0.0910920886134063 0.1611629260083342
0.13325783524565157 0.10836131732647897 0.18012829843809683 0.10783848970603661 0.12579856320998484 0.12732898696457307 0.1202318683737453 0.09705464073543295
0.11269614335305958 0.07663598565317851 0.24966542186244683 0.12623536048549286 0.09968818538436057 0.08072407243248339 0.14074300639203455 0.11361182443694355
0.10598517527470858 0.07191469679018901 0.2810995781881068 0.1251946839532869 0.09243231965084626 0.07111560086385166 0.1395827297210527 0.1126752155579582
0.10324961497292717 0.07060841158350815 0.2941314604510057 0.12387834412313099 0.08987264776930148 0.06865390234456417 0.13811510904474456 0.1114905097108179
0.11978085862919763 0.0822564388409273 0.21954457394249688 0.09037787575815465 0.13903987628678557 0.10619414316232093 0.1343527824703314 0.10845345090978557
0.14206157993674132 0.09544155251278244 0.21961372334586524 0.10260342951052426 0.13369825018138523 0.09984321102134668 0.11439516693188302 0.09234308655947182
0.1130758604905424 0.07368028885015056 0.26588579099394327 0.12380151065097982 0.09984003481623242 0.07426570915513274 0.1380294454571372 0.11142135958588183
0.08389169796303267 0.12396346470868612 0.14308153980063062 0.13549649598909275 0.09749223904965423 0.1615767961093903 0.09190197119260204 0.1625957951869113
0.10288102750308713 0.0809645559642044 0.23661387726692684 0.13079914257921127 0.09578301035321357 0.08940787516628945 0.14583128284577732 0.11771922832129013
0.10428903713471249 0.07304006868441511 0.27626288581958247 0.12633776181003578 0.09224353298793853 0.07326555170727342 0.14085717622701002 0.11370398562903221
0.10306106064671715 0.0709209059793691 0.29227783350440717 0.12421254780537805 0.0900393960644165 0.06920924176499517 0.1384877212098767 0.11179129302484024
0.08192726248530165 0.1234404653095094 0.1497521193238924 0.13556315628211074 0.09518494892171202 0.15950907587803106 0.0919471842609099 0.16267578753853287
0.11627857026490035 0.09189109937914089 0.17044606456099443 0.09285709129985288 0.1442439126739778 0.13481644937376766 0.13803830288754249 0.11142850955982345
0.14249635513000278 0.09818437320601417 0.2011164661061156 0.10393562075108305 0.1367947608768652 0.10804990450609511 0.11588046074784931 0.09354205867597475
0.11393207987164902 0.07453122962403746 0.2580521405567044 0.12470224257225788 0.10121758764981975 0.07629900707993725 0.13903369433056215 0.1122320183150321
0.10590757387433807 0.07137328160552966 0.2844048786205514 0.12466065250415811 0.09243502678659628 0.07003667484671679 0.13898732450836732 0.11219458725374232
0.10309208104128006 0.0704416771725261 0.2954392660612423 0.1236888995846931 0.08975133071017682 0.06836284328181941 0.1379038925220384 0.1113200096262238
0.10200639629710409 0.07005482723698643 0.299931566504819 0.1231858181026068 0.0888120409686186 0.06779912038461273 0.13734299421290636 0.1108672362923461
0.13582808418134706 0.0934603811267996 0.2521871083128546 0.10277386424544159 0.11829017625607642 0.09037871911427743 0.11458518894230577 0.09249647782089741
0.11042723262990425 0.07274153003222897 0.27991396522907985 0.1226287250544699 0.09537879483620368 0.07182202263074862 0.1367218770383418 0.1103658525490229
0.10423122247009736 0.07059004758442745 0.2933612218777102 0.12362514891162185 0.09041599232147654 0.06868091753512982 0.1378328152790769 0.11126263402045966
0.08214271579484546 0.1233295848699975 0.15001637724656655 0.13550540611205397 0.09525171302474704 0.15923970103697513 0.09190801458034965 0.16260648733446473
0.10220781490589483 0.08071309131174241 0.23972253432338317 0.1305177501091184 0.09505563389933286 0.08879964911125982 0.14551755124106183 0.11746597509820654
0.12076295401853537 0.08467666386117982 0.20142226364354227 0.09157441107957219 0.14239565498970835 0.11314724652204416 0.1361315125899312 0.10988929329548663
0.0972797139512902 0.14354264790891452 0.14478227690442255 0.15372961041987016 0.09202837594891412 0.15207914105772788 0.07820158443097742 0.1383566493778831
0.12057416998488182 0.09455254925834901 0.1683234844740112 0.09255940448114947 0.14282056362982973 0.13250277135675037 0.13759577143764906 0.11107128537737936
0.12505876584981707 0.08567383999238044 0.1739344178049789 0.09029109269100434 0.15794726340764872 0.12452153541266642 0.13422377361229898 0.10834931122920519
0.08497093739985173 0.124296415021063 0.11837583053880028 0.13285896570062586 0.10982170190694862 0.18013235298631772 0.09011303760564189 0.15943075884075103
0.1171281172710302 0.09196661303672479 0.15879529694557962 0.09275580378434731 0.14939882924094897 0.14076064298730182 0.13788773219285064 0.11130696454121676
0.14301290720720528 0.09835135048352273 0.19648585388213846 0.10409643814230822 0.13859268225634536 0.10971421356263489 0.11605976013776752 0.0936867943280774
0.08853286296020352 0.1268271701382503 0.12402264137682578 0.13259336149633505 0.10517950796918783 0.17379953359651595 0.08993288866707944 0.15911203379560204
0.10455098464016276 0.08167760337945462 0.22772487655457999 0.13129193459557364 0.09802670860134802 0.09218444192436694 0.1463807091684978 0.11816274113601628
0.10501772623513644 0.07334668029507097 0.2725260578061101 0.12672923010298187 0.09302645223462766 0.07400391207379618 0.1412936341595932 0.11405630709268366
0.1033787974800466 0.07105554676658349 0.2907541304222168 0.12439137704857434 0.09033507344285883 0.06944573302542821 0.13868710247057464 0.1119522393437169
0.1365952231592549 0.09385395736502614 0.24883605579209883 0.1030500870515633 0.11902163275942729 0.09100480876873324 0.11489315675748922 0.09274507834640697
0.08743072740028857 0.12609752391215576 0.13742216968418647 0.13278093123483753 0.10068815571983716 0.1661832646858694 0.09006010988102023 0.159337117481805
0.1358140710798089 0.1062753514338731 0.19112334064013972 0.10689181459505688 0.12631032369928175 0.11820606914388929 0.11917639627239923 0.09620263313555119
0.08707602903262832 0.12855686043206024 0.12261162871846935 0.1327641933746504 0.10222035241547868 0.17740514673171745 0.09004875724541506 0.15931703204958048
0.10426023705837288 0.08196894576126362 0.22717718093345207 0.13142033215259716 0.09741215889697463 0.09295898339733046 0.14652386286267174 0.11827829893733745
0.10497503025500146 0.07340561688612843 0.27231988076170177 0.1267728156505038 0.09291386134439433 0.07417503222438948 0.14134222879242736 0.1140955340854534
0.08238572148499645 0.12413597462523784 0.14478115164533745 0.1358092284473162 0.09597076002870168 0.16183200424997307 0.09211408538165794 0.16297107413677941
0.07689142861614434 0.13316922358928018 0.11136038689558866 0.1344325728974761 0.0954563918901389 0.19619055484306885 0.09118035379133162 0.16131908747697132
0.11520777362701877 0.09361981281378884 0.15680912473332156 0.0932006427006014 0.14486733260605772 0.14590552715938693 0.13854901511910298 0.11184077124072167
0.10913220078727187 0.07561184004116413 0.23994961213280325 0.1277124515785491 0.10517616344377564 0.08508667286562821 0.1423898527301137 0.11494120642069419
0.10548278452490689 0.07207690808163288 0.2771607099171791 0.12572057466790795 0.09403369553848691 0.07220775144648965 0.14016905862227944 0.11314851720111717
0.1377001891969087 0.09431677269943217 0.24378973855288325 0.10340033486021542 0.12048910383413321 0.09195990255599312 0.11528365692624017 0.09306030137419387
0.12855623795059248 0.08445403023728532 0.19968313336080915 0.08886829408083138 0.14819542606629557 0.11149223749001219 0.1321086879171762 0.10664195289699765
0.11060529635584156 0.07304207661109002 0.25783445238013986 0.12513328698553083 0.10409534199036434 0.07715531070618764 0.13951427668386795 0.11261995828697777
0.10510015705042496 0.07121572020159561 0.2843637208216235 0.1247050501381171 0.09311448134111021 0.07022950076584794 0.13903682455697533 0.11223454512430538
0.10289434172512373 0.0704255103576461 0.2954306433069538 0.12369381597329614 0.08990782429046613 0.06841405604211154 0.13790937392843614 0.11132443437596652
0.10195699385903452 0.07005257767102259 0.29992885570333383 0.12318488829935344 0.0888470157834547 0.06782131166271559 0.13734195755166717 0.11086639946941808
0.10156124349115102 0.06989002245063819 0.3017416438982215 0.1229675066862814 0.08846630380820855 0.06760293037224586 0.13709959327560028 0.11067075601765325
0.08157265031078088 0.12311286757247485 0.15208381625945322 0.13541429514125639 0.0947398165918219 0.15873318238063572 0.09184621757406955 0.16249715416950763
0.10198928291946512 0.08063016658913984 0.24063697408326493 0.13042344821817417 0.0948708498612166 0.08865576326226905 0.14541241167011357 0.11738110339635675
0.1039166484804801 0.07289182218872231 0.27793569893141135 0.12614239271967626 0.09190534854758854 0.07304058141337094 0.140639354271042 0.1135281534477086
0.1203672926793607 0.08288106300090956 0.2141682294414601 0.09074446855914987 0.14021925880370015 0.10782857795352434 0.13489774729091536 0.10889336227097984
0.10819020135093725 0.07266829189624079 0.26445317998234524 0.12487219886039792 0.10194952158806843 0.07625844443911904 0.1392231829085332 0.11238497897435815
0.08291839374644769 0.12377489002488229 0.14269817563496487 0.13554292025884082 0.09800490596229401 0.16247575110379117 0.09193345895817029 0.16265150431060896
0.10264342613095966 0.08095347537248641 0.23645216599363766 0.13081835738565142 0.09591839299945476 0.08962495454970651 0.1458527059210173 0.11773652164708627
0.09417537200867368 0.14464027545233638 0.15596399663801358 0.1563681585247098 0.0833739031965701 0.14520314912749657 0.07954380237996107 0.1407313426722388
0.11983428352229429 0.0948561814096657 0.1726802148877437 0.09275786351618938 0.139960167434865 0.13071105888724058 0.13789079412257405 0.11130943621942725
0.10972760166517918 0.07534347567590417 0.24685861920242402 0.12698903682160753 0.10345119330055741 0.08175664093258134 0.14158329926229973 0.11429013313944678
0.08326863825702126 0.12445494541825283 0.1382958953039379 0.13572129269235328 0.09841922034720949 0.16492001475037038 0.09205444200003092 0.1628655512308239
0.10289353963818876 0.08116463077499349 0.2345118974872401 0.13102936308482985 0.09616313051112658 0.09022305019836709 0.14608796152890727 0.11792642677634683
0.1043722584488941 0.07312284326462268 0.27539651998802817 0.12644342001312192 0.09240129623341162 0.07348960680160135 0.14097497723851055 0.11379907801180973
0.10311362239863607 0.07095374297077554 0.29192644795288103 0.12425428454029672 0.09010290124245426 0.06928589025406008 0.1385342545546293 0.11182885608626704
0.13646946966404552 0.09380954057818816 0.24926796400306175 0.10301681803493307 0.11891885405784684 0.09094615314377598 0.11485606428670896 0.09271513623143975
0.14629162817490104 0.09628591916040234 0.23018834763973223 0.10139580785315708 0.12636093475722768 0.09517237644180057 0.11304875890493782 0.09125622706784137
0.11371597093845368 0.07348032894427163 0.27029064260843244 0.12326285140938478 0.09776264963054845 0.07312210959925321 0.13742888060120959 0.11093656626844631
0.10537797944373813 0.07090555349034544 0.28937805134084094 0.12403463689752138 0.0912353355160117 0.06914790627922339 0.13828936382454993 0.11163117320776923
0.08239077025806273 0.12343265879464684 0.14903472602796494 0.13555400844072235 0.0954712774387667 0.15951076927291427 0.09194097963805517 0.1626648101288668
0.13414277661300497 0.10588220869880453 0.19609632172962846 0.10699494202717552 0.12474444199544674 0.11655248544834731 0.11929137566313448 0.09629544782445795
0.11227673626682197 0.07587277539282816 0.2564872221878975 0.12545146400953805 0.09886910943606979 0.07826735477717817 0.13986902032108198 0.11290631760858426
0.10560988529897496 0.07162793516895208 0.28387814374081327 0.12483856254422135 0.09200903904892384 0.07049604698214601 0.13918568092616918 0.11235470628979921
0.0824628536507658 0.12364217675643197 0.14766756314323862 0.13563472082076936 0.09568961496532045 0.1601456819914201 0.0919957236871305 0.16276166498492317
0.11645718834521826 0.09193578732482109 0.16970302757180705 0.09287402361683447 0.14444790102836086 0.13506976985877603 0.1380634739139808 0.11144882834020137
0.10895480213258443 0.07504661424162289 0.2455526211892997 0.12709810696380072 0.1045985462051194 0.08265610866886998 0.1417049043312823 0.11438829626742066
0.10521790820496602 0.07184959971706001 0.27945477610850555 0.12543052259595097 0.09370562636149815 0.07160842446793901 0.13984567220772445 0.11288747033635589
0.10312171839303554 0.07064679671422311 0.29347460155697513 0.12396324417197048 0.09021593135100461 0.06880102179464165 0.13820976626337603 0.11156691975477344
0.13640415861653568 0.09370850120096294 0.24981281074317727 0.10295487529914332 0.11889230387217581 0.09078095973988037 0.11478700275889561 0.09265938776922898
0.11065943429683753 0.07283107377937235 0.2789165488759292 0.12273293492079662 0.09559124777272454 0.07197105566318251 0.13683806326244038 0.11045964142871695
0.08336830144169152 0.12369879535186977 0.14631640593043513 0.13537810570493652 0.09642200757717294 0.16054098545244808 0.09182167169552218 0.16245372684592382
0.1026321553401294 0.08084232205638818 0.23804590845593174 0.13064874891658546 0.09542804073330872 0.08915534533737239 0.1456636051353572 0.11758387402492688
0.10417120728584893 0.07298466431265191 0.276854674174266 0.12626345734412114 0.09211387962512309 0.0732006733556553 0.14077433229262462 0.11363711160970903
0.12046308340939624 0.08291047061398421 0.2138026854696589 0.09076410289642231 0.14031778407027784 0.10789801501255862 0.13492693505199496 0.10891692347570678
0.10822746540053353 0.07268073953158714 0.2642959963322671 0.12488781253534802 0.10198414181176024 0.07628422211578775 0.13924059099090294 0.11239903128181324
0.1042971909085143 0.07102931366893998 0.2870781979814599 0.12444959653099441 0.09245463134275873 0.06993441984070212 0.13875201284873556 0.11200463687789498
0.09419874428234136 0.14153405960697713 0.1701622440313752 0.15541000017821494 0.08233379156748659 0.13743576877820637 0.07905639139500499 0.13986900016039341
0.07931672355934626 0.13695092116048269 0.11778963674914417 0.1345087655102684 0.09238453195729261 0.18640687019200516 0.09123203225913856 0.16141051861232206
0.13310678615665641 0.11468846054839787 0.18290299944455682 0.10681772246082984 0.12383607177807239 0.12341822032473998 0.11909378907199983 0.09613595021474684
0.09896480910844652 0.1569489637950262 0.13794878036199784 0.15150747287368965 0.08715916168102414 0.15404289387079179 0.077071192722703 0.13635672558632067
