0.125 0.125 0.125 0.125 0.125 0.125 0.125 0.125
0.11301829483647666 0.08900190718372537 0.135621953803772 0.10680228862047045 0.14127286854559584 0.11125238397965673 0.169527442254715 0.13350286077558807
0.07485325150544486 0.12475541917574144 0.08982390180653384 0.14970650301088972 0.10550364450993392 0.15594427396967678 0.1122798772581673 0.18713312876361216
0.09222404313111056 0.15370673855185094 0.0830016388179995 0.13833606469666584 0.1264145903576884 0.2195632371041858 0.10375204852249938 0.0830016388179995
0.08769198837691987 0.1551473640514736 0.07644942576449425 0.13525667635256675 0.10523038605230385 0.18617683686176836 0.0917393109173931 0.1623080116230801
0.07165948036086878 0.11943246726811463 0.08599137643304254 0.14331896072173755 0.09837361507159234 0.1945861787011689 0.1074892205413032 0.17914870090217197
0.07062988168105332 0.11771646946842221 0.08475585801726399 0.14125976336210663 0.09648723128753516 0.20663126945940527 0.10594482252158 0.1765747042026333
0.06986063423456108 0.11643439039093514 0.08383276108147329 0.13972126846912217 0.09535052875708348 0.2153578801285806 0.10479095135184163 0.1746515855864027
0.06939582805327715 0.11565971342212861 0.0832749936639326 0.1387916561065543 0.09466429407900606 0.22063020246199258 0.10409374207991574 0.17348957013319288
0.0691424090633965 0.11523734843899416 0.0829708908760758 0.138284818126793 0.09428471535825567 0.22351018188289867 0.10371361359509475 0.17285602265849123
0.08536027781062597 0.14226712968437663 0.07682425002956338 0.12804041671593897 0.11637547064998661 0.27827789254299085 0.09603031253695422 0.07682425002956338
0.0701773663223554 0.1241599558010903 0.08772170790294423 0.1551999447513629 0.08421283958682646 0.18702220245025217 0.10526604948353309 0.18623993370163544
0.06966045014847784 0.11610075024746307 0.08359254017817341 0.13932090029695568 0.09932323119849695 0.21336032733652177 0.10449067522271677 0.1741511253711946
0.05693221658522258 0.10570088773201998 0.05123899492670032 0.08539832487783387 0.13324445042248131 0.2942104858466736 0.10247798985340063 0.17079664975566775
0.0692529402478946 0.12252443274627504 0.08656617530986824 0.1531555409328438 0.09343706063714195 0.18739779063472184 0.1038794103718419 0.18378664911941256
0.09433814789996525 0.0831502426107271 0.1886762957999305 0.1485825829424453 0.09529977610187843 0.09593239369016172 0.16448702710763174 0.12953353384726
0.08748997926624226 0.15749084205848757 0.09304556031531346 0.1312349688993634 0.12688083525225688 0.22669060619419582 0.09842622667452254 0.07874098133961804
0.07521930046146226 0.12302014675484602 0.08691640803331512 0.1537751834435575 0.09333528283877682 0.17890376869579508 0.10429968963997814 0.184530220132269
0.06816708917883785 0.12732397964311198 0.08877582539882592 0.1363341783576757 0.09882999448020424 0.20790057622599287 0.10225063376825679 0.17041772294709462
0.082877780771256 0.15558291082930065 0.08116136233241404 0.12431667115688401 0.12133475605453706 0.2668990127938149 0.09323750336766301 0.07459000269413041
0.08586606549851825 0.14071643437231993 0.06933853287911416 0.12267586586304816 0.10656436099175604 0.2444214619046487 0.083206239454937 0.14721103903565777
0.07211244557746307 0.11779855800659866 0.08322724206987948 0.14724819750824833 0.0881347527409084 0.21490827660314857 0.0998726904838554 0.176697837009898
0.09247364555973839 0.08132030019598041 0.20019435200697483 0.14564599175658796 0.09290455858575013 0.09925162323378363 0.1612360999503131 0.12697342871087156
0.06905257673361273 0.12428070643454925 0.11130918787170277 0.13810515346722546 0.10006679553156557 0.18097527302689342 0.1035788651004191 0.17263144183403178
0.06733606971208186 0.1261262616894122 0.09645041280965029 0.13467213942416373 0.09882294756207584 0.20724788995428858 0.10100410456812281 0.16834017428020465
0.06648579722471439 0.12489217884955477 0.0933188740607576 0.13297159444942877 0.1013175301356191 0.2150708363810677 0.09972869583707158 0.16621449306178596
0.055610054014908435 0.10441133508282638 0.05830990457062527 0.08341508102236266 0.1390488553161703 0.29227651072154637 0.10009809722683517 0.1668301620447253
0.07155001673975668 0.1155387273063915 0.08163062255342877 0.14442340913298937 0.08910003819825364 0.22649234804547808 0.09795674706411453 0.17330809095958724
0.06621718302784951 0.12323331422707068 0.09089093535687452 0.13243436605569903 0.10091734865714289 0.22143812056396528 0.09932577454177427 0.16554295756962376
0.0811096324742492 0.15208267042872398 0.08474894252503233 0.12166444871137382 0.12668740333581321 0.2694598967644528 0.09124833653353036 0.07299866922682428
0.07414007070659169 0.11503376439587577 0.08127385527969484 0.14379220549484473 0.08781571957952496 0.2278651116140206 0.09752862633563382 0.17255064659381367
0.100051743048789 0.0879506701489077 0.13727777894938592 0.09454889718110562 0.15338149915979055 0.1585256754624558 0.1500776145731835 0.11818612147638202
0.07853269846846012 0.11885468846606764 0.08397342119885214 0.14856836058258457 0.0925791517240227 0.19844154142228876 0.10076810543862258 0.17828203269910145
0.10059981559506191 0.08867587187459786 0.1384872646415857 0.09506682573733354 0.15618310176723596 0.15125386481992525 0.1508997233925929 0.1188335321716669
0.09311476640324068 0.14082920922941897 0.06939410309855426 0.12277418240513449 0.109942706602771 0.2333430896564541 0.08327292371826511 0.14732901888616137
0.118132778684391 0.0821885095952729 0.1272695204553666 0.10273563699409112 0.13542207548228502 0.1582452898492442 0.15272342454643995 0.12328276439290935
0.12243167031825368 0.08217772587861746 0.12725282178965017 0.10272215734827184 0.1505410601955441 0.13890458950415632 0.15270338614758022 0.1232665888179262
0.10943073339547478 0.072923056429467 0.18067503533270932 0.145846112858934 0.10793733195669433 0.08931869665424166 0.16260753179943838 0.13126150157304062
0.06881427058149074 0.12295933403259321 0.10832782150878993 0.13762854116298148 0.1101378527350163 0.17687509765316536 0.1032214058722361 0.17203567645372683
0.08743837337023784 0.15323472884178543 0.08769753151379431 0.12257412460214587 0.13222668285379055 0.2513534906053491 0.0919305934516094 0.07354447476128752
0.06158997973402545 0.09423002467567812 0.05060418131936415 0.08214925228136041 0.13827604337959495 0.3159876419031095 0.09286437214414656 0.16429850456272083
0.09724636119956115 0.0706157066621292 0.18415222619265453 0.1412314133242584 0.10360813424137033 0.11857540018935657 0.15746248619883732 0.12710827199183256
0.1313330160296249 0.1008928178066603 0.19008595973948034 0.11301476272900365 0.13291433513581857 0.1081214299316483 0.12511198804350424 0.09852569058425958
0.12044608023357165 0.0788339239646442 0.16329957019130434 0.09854240495580524 0.15207353380877028 0.12206369741239764 0.1464899034865403 0.11825088594696627
0.13674728669900454 0.09082844788672091 0.18170940926268683 0.11353555985840112 0.13970800174772272 0.10870561423376002 0.12658367643914276 0.10218200387256102
0.11107952433726595 0.06842486148433902 0.22501014352510582 0.13684972296867803 0.10309004531761472 0.07980372325100345 0.15257722844418284 0.12316475067181025
0.10460604629860325 0.06751264428932338 0.25223058214876976 0.13502528857864676 0.09467431631846247 0.07388524239429445 0.1505431202511181 0.1215227597207821
0.13575606274704058 0.08850101722863858 0.22425151794394868 0.11062627153579821 0.12223979684023513 0.09572165225161126 0.12334003707050936 0.09956364438221839
0.10987612949145127 0.06571918795908134 0.2568604222432411 0.13143837591816268 0.0963380611503231 0.07492930459666641 0.14654398031472762 0.1182945383263464
0.08217810099584431 0.11356253115896071 0.13525850769332212 0.14195316394870092 0.0959537321857884 0.1644688908615626 0.09628127641737975 0.17034379673844108
0.10680516281997039 0.08660037693102042 0.15422830876106378 0.09310287409228121 0.15492052172475737 0.1401818232265375 0.14778233982901778 0.11637859261535151
0.08137615787483458 0.11183852213075259 0.11180105834656145 0.13979815266344073 0.10606101855211875 0.18654769064704668 0.09481961658911633 0.16775778319612888
0.10357081694293307 0.06884160204311393 0.22081772973023978 0.13768320408622786 0.09820690307768719 0.09345836275202588 0.15350649769016744 0.12391488367760506
0.12110327443577856 0.0766233285666976 0.189864936233363 0.09577916070837199 0.14369678616864953 0.11561536571539363 0.14238215532169926 0.11493499285004637
0.14351385423243543 0.08674485350922388 0.20498122142267253 0.10843106688652986 0.13443922554414311 0.10340927049930065 0.12089254770781761 0.09758796019787687
0.08811396206066271 0.11134601596923199 0.12403496178389632 0.13918251996154002 0.10325503034343689 0.17264642890999188 0.09440205701739235 0.167019023953848
0.10485700297746463 0.06839347316044539 0.2266467434005965 0.13678694632089078 0.09705612722186199 0.09064421806321446 0.1525072371667245 0.12310825168880171
0.1049257532192637 0.06587169043353046 0.2653721976889135 0.13174338086706092 0.09247945572223697 0.07415444121745386 0.1468840380711858 0.1185690427803548
0.1035169359797681 0.06488584714490045 0.2795639361564151 0.1297716942898009 0.09032495068572513 0.07045635620423929 0.14468575467833023 0.1167945248608208
0.08193937620471822 0.1128446790357692 0.14200416470110117 0.14105584879471153 0.09516683149180837 0.16204941855747673 0.09567266266076087 0.1692670185536538
0.07700203420199887 0.12449876265544284 0.10964241447554338 0.1391529058550915 0.0947340858427743 0.1936043390152381 0.09438197092780119 0.1669834870261098
0.07574144203796973 0.12517796355285388 0.10202504616710652 0.13839832992140502 0.09452668383937401 0.20418236697673883 0.09387017159886601 0.166077995905686
0.07548173015595366 0.12498106176404324 0.1001594602682104 0.13807999571809956 0.09428325217716052 0.20766424708949346 0.09365425796531972 0.1656959948617195
0.10219771436478446 0.07723667489271457 0.21623206969743108 0.13654891811024145 0.09574780853053666 0.09690093462992445 0.15224185347514982 0.12289402629921732
0.12076473097232591 0.08214327264546487 0.1886694587748069 0.09493649785096268 0.14262476027257578 0.11580800167530753 0.14112948038740125 0.11392379742115522
0.10827900381625405 0.07089282505579116 0.2482131113747724 0.13025033211196058 0.10194772923868997 0.07797229937096946 0.14521940013079782 0.11722529890076451
0.08232325066086202 0.1202226870940799 0.1342245431240493 0.1397309902218369 0.09744488111675315 0.1636023965831426 0.094774062933072 0.16767718826620429
0.10269438390977395 0.07608137245023544 0.22981009625817822 0.13510613137670985 0.09565043387634473 0.08842880995180513 0.1506332539379138 0.12159551823903887
0.10401456007367088 0.0705711272330768 0.2659904716661949 0.13062499477454384 0.09226609231375463 0.07333313760199141 0.14563712103967796 0.11756249529708947
0.08161363337841708 0.12025232042217046 0.1382583960281151 0.13981141371046005 0.09552333971673288 0.16193858925315355 0.09482861103839897 0.16777369645255202
0.13474768914765778 0.09991496112504497 0.19016768644393856 0.11089026506625607 0.1250847402511656 0.11575904925034655 0.12363437015596011 0.09980123855963047
0.08604745984032348 0.12180073025560595 0.11991399035518444 0.13741631088848527 0.10115056689303571 0.17556726218551447 0.09320410651566828 0.1648995730661823
0.10396904661669665 0.0763980461461978 0.22382602398292478 0.13543525776054685 0.0967441582450462 0.09073552996987387 0.15100020529422162 0.12189173198449217
0.09419132224126892 0.1395410655891986 0.14840070164660943 0.16138055212946145 0.0834451025519186 0.14570517371134523 0.08209358521368257 0.14524249691651528
0.10826051911851789 0.08885700079818307 0.15803501566712913 0.09332896861024277 0.1512064243001297 0.13550964072673552 0.14814122001625835 0.11666121076280346
0.07015260179356168 0.1039776222371216 0.06778714221286816 0.08274961047723518 0.15336050186523018 0.2629302625287253 0.09354303793078761 0.16549922095447037
0.07288660563006479 0.11950973361216607 0.09060621748488938 0.1343461790347383 0.10471514668058596 0.2255989465010036 0.09112175621486598 0.16121541484168594
0.11350914580998192 0.09291230215013309 0.1478001515992985 0.09496438493848068 0.14634707988413515 0.14933873727578392 0.1411709364160101 0.11395726192617683
0.1220642165667471 0.08738135885264825 0.16393512666060045 0.09286368054132521 0.15684777853207765 0.1274233239594591 0.13804809823755212 0.11143641664959027
0.12380516648175509 0.08619920183416901 0.168589687777879 0.09238599709732095 0.1595257962443187 0.12129296433294891 0.1373379897148234 0.11086319651678514
0.10918336137029964 0.07558263158598678 0.23917384612726697 0.12984806688246742 0.1056843462808988 0.07889358313915351 0.1447709044197062 0.11686326019422068
0.1388979615805917 0.09770257686392131 0.22254568092427382 0.10698553199548508 0.12401928548184775 0.094281100177903 0.11928088418004083 0.09628697879593656
0.12751768862505572 0.08707945763426478 0.1869809276811559 0.09169837376387743 0.14825408145652844 0.11211563087646213 0.13631579144600287 0.11003804851665291
0.08423444863221731 0.12696978889027566 0.11851709761096646 0.1361180694032561 0.10548792490856486 0.17300742715382136 0.0923235601169911 0.1633416832839073
0.07652075797393891 0.13522853497844425 0.10312726459792461 0.1367290307933127 0.09625990508011853 0.19532171830360426 0.09273795132068166 0.16407483695197525
0.11483368282232488 0.09541697117244537 0.15239380978702047 0.09532171000938236 0.14409578172092224 0.14184986834329524 0.1417021241333505 0.11438605201125883
0.08176003459057435 0.12842878336943267 0.11049431535355779 0.13595194523809687 0.10431153121219644 0.1837001713541513 0.0922108845962744 0.16314233428571623
0.11594791401191372 0.09422670072951848 0.15448395388323974 0.09506319146920764 0.14633032466364415 0.13855426651923197 0.14131781896019524 0.11407582976304914
0.10809520038774902 0.07713368881486259 0.23415510547203996 0.13088354766075067 0.10365869900168105 0.08235317755543409 0.14592538821280707 0.11779519289467559
0.08192603496507504 0.12694118035167878 0.13042964176108957 0.13867103992944 0.09736418063651515 0.16420753431481852 0.09405514012605494 0.16640524791532796
0.10222041001510734 0.08285300186139541 0.22712163637103372 0.13410679772682157 0.09524655195413764 0.0882364126219384 0.14951907149542645 0.12069611795413943
0.13762110809444586 0.09950722340607451 0.2191175605269586 0.10775477975834175 0.12196553062811358 0.09691595777448159 0.12013853802907655 0.09697930178250756
0.09898559687240338 0.14899345544857953 0.1446330596999961 0.15646595552504194 0.08619569940834153 0.14431332178427414 0.07959355128882568 0.14081935997253772
0.10274030207029848 0.07922065201575644 0.23166288897066076 0.13732252440527454 0.09385345284290202 0.08346142769736885 0.15202167943929457 0.11971707255844448
0.0966787768158529 0.1521568998755501 0.1080490425468523 0.11561117230256014 0.11375907697520493 0.19659709046351878 0.0784145342573886 0.13873340676307216
0.1052781549789186 0.08568392656020742 0.21593949448318722 0.13301913557079997 0.09838865607954358 0.09366700095334306 0.14830640936027997 0.11971722201371998
0.10471899640929551 0.07555097759780877 0.25992727842424646 0.13029075770773924 0.09283210693739323 0.07415372933329599 0.14526447165325554 0.11726168193696532
0.10313362199307179 0.07325268513401909 0.2763170928712899 0.1283532715883414 0.0904056091376187 0.06991545562750841 0.1431043192186433 0.11551794442950725
0.13630855010796813 0.0967625393191265 0.23529411239128897 0.10633770986799448 0.11924242028701466 0.09179211829258856 0.1185586108528237 0.09570393888119502
0.08581380315749883 0.1289172364280278 0.12936540772850044 0.13594230504019944 0.09931836270984488 0.16530777286042378 0.09220434602726571 0.16313076604823934
0.10301285239734072 0.08300458103159074 0.22640918050958533 0.13388888663285334 0.09555557492999138 0.08835280964139675 0.14927611688767378 0.120499997969568
0.10394179984749727 0.07504170660551579 0.2640162433504549 0.1299827698421446 0.09202087605342595 0.07309102327574477 0.1449210881672866 0.11698449285793017
0.10282949358217884 0.07309696498674476 0.2778364903246953 0.1281812945469036 0.09012753113604184 0.0696524826796748 0.14291257765154775 0.11536316509221324
0.10209753587474515 0.07250517244720962 0.2828671972631092 0.12751753641921962 0.08931808595497508 0.06875615239007506 0.14217253687336873 0.11476578277729765
0.10176137388015404 0.07230641871202428 0.28469785367059025 0.12728034413623376 0.08900265229082947 0.06849096240880163 0.14190808517875614 0.11455230972261038
0.11885818978372613 0.08448698329185589 0.20859880372893203 0.09297850220538625 0.13861052798814832 0.10667400200240641 0.13821878835308166 0.1115742026464635
0.14085506326455413 0.09827251321333948 0.21002750632898726 0.10582117644776873 0.13215099712336578 0.09965097018245075 0.11798271463654214 0.09523905880299186
0.0865234898812532 0.12907277306820922 0.12358276111320046 0.13576676119965148 0.10196432967707027 0.16808449011170487 0.09208528150932883 0.16292011343958174
0.10333391360910488 0.08314862307706801 0.22404096443372587 0.13408577791792745 0.09625782832539026 0.08896005653349677 0.1494956359771519 0.1206772001261347
0.10409081099705342 0.0751155333238719 0.26312136753400445 0.13008436844097326 0.09223238885278522 0.07324523623144014 0.14503436302299558 0.11707593159687595
0.11990880474563952 0.08522142308047065 0.202124714228806 0.093391585723465 0.1401510430871689 0.10829966151917077 0.13883286474712112 0.112069902868158
0.08299001148643068 0.12677947707524098 0.12201786641390679 0.13636580436753828 0.10390868894036918 0.17180759742618146 0.09249158904928685 0.16363896524104593
0.10258658204671756 0.08292782652685872 0.22347864547398422 0.13420006883769606 0.09674310041667931 0.08966065292061699 0.14962306182352084 0.12078006195392646
0.12028462337517112 0.08691338802866296 0.19015801778521688 0.09410707260618044 0.1424945381926012 0.11321738883138403 0.13989648405336672 0.1129284871274165
0.10786973639993656 0.07534331011541733 0.247995512342007 0.12932762578947668 0.10169653071693505 0.07718176998578934 0.14419065143990908 0.11639486321052901
0.1041007865426644 0.0733997334187574 0.2716514671753683 0.12863793278795363 0.09243281661463465 0.07058142873862544 0.14342169521283785 0.11577413950915827
0.10256969994625043 0.07267757275071073 0.28056610871428767 0.12776504129412222 0.08994904224300948 0.06903551154853736 0.1424484863383721 0.11498853716471001
0.10194104293819825 0.07238149988286026 0.28385187620116575 0.12738058527458193 0.08919534094971804 0.06858728143901957 0.14201984656733238 0.11464252674712375
0.11892067906117883 0.08450938335957603 0.20834264097692637 0.0929929004875147 0.13868973697730536 0.10671298618596681 0.13824019236651441 0.11159148058501764
0.08280714152023237 0.12661168401973288 0.12339894906848159 0.13633258077786148 0.10358987743113478 0.17119161546066053 0.09246905478846258 0.1635990969334338
0.10250174212748069 0.08287296364853437 0.22403555685054305 0.13414379144998814 0.09663649033959824 0.08951972654283469 0.14956031673603154 0.12072941230498933
0.10390700436151512 0.07508635286087201 0.2631317724544542 0.13009216821549832 0.09231495328886244 0.07334173823533137 0.14504305918951826 0.11708295139394846
0.10285198515812559 0.07312480698662659 0.27751270626915464 0.1282226475904479 0.09021422532489913 0.06971456263029129 0.1429586832090516 0.11540038283140311
0.11928839845121687 0.08471346744598525 0.2064410238882976 0.09311420183893472 0.13916378390486328 0.10712156729147472 0.13842051497250596 0.11173704220672168
0.08287595094344292 0.12666198225116437 0.12297829523477982 0.1363446423056447 0.10369474395817795 0.17135357888923158 0.09247723565078511 0.16361357076677363
0.1341375415704794 0.10844174813580074 0.1830478960716982 0.10969900503940981 0.12647104082212055 0.11716745969899398 0.12230620412602854 0.09872910453546883
0.1458172636165878 0.1023538215557323 0.20084127857573011 0.106024548797401 0.12913980827501426 0.10219172563253243 0.11820945962934114 0.0954220939176609
0.11295213122479093 0.07660854972018671 0.25126586891428193 0.12810265766629986 0.0981977834301818 0.0747557137464905 0.1428249033980985 0.11529239189966989
0.08277148989202462 0.12675848525157501 0.13427440252590686 0.13853738715154926 0.09617064672332003 0.1612782351970621 0.09396448867670298 0.1662448645818591
0.10229343294174136 0.08272929028565643 0.22864370922699323 0.13393911231924543 0.09488050150658849 0.08763663785263866 0.14933211477981542 0.1205452010873209
0.10371962022434354 0.07496616641575995 0.2648822973076254 0.12990995563592742 0.09183107923967457 0.07293201534308412 0.14483990576125041 0.11691896007233467
0.1027523588926336 0.07306797525010958 0.27815867536029937 0.12814495897559935 0.09006534911270028 0.06960815312946515 0.1428720662011533 0.11533046307803942
0.10206970125175374 0.07249389555656717 0.2829855275227413 0.12750313109258749 0.08929643026665665 0.06874202031716663 0.14215647600919828 0.11475281798332876
0.08083246685095272 0.12588823404290517 0.14137624171930066 0.13850224215031548 0.09426503524981744 0.15899243820872463 0.0939406511976053 0.16620269058037856
0.07617545246994148 0.13544817147426116 0.10844140381274495 0.13723286588440148 0.09422672393826227 0.19071626041142598 0.093079682947681 0.16467943906128174
0.13267308342716524 0.11036266584964699 0.1782480601130473 0.11022778377830045 0.12440326824675262 0.12198438022582529 0.12289575295879168 0.09920500540047039
0.12672841785742042 0.08950520420648883 0.17348587277132413 0.09244768715945328 0.1494480196209148 0.12001787765750907 0.1374296961355455 0.11093722459134395
0.10973950263815538 0.07590884937169419 0.24116936401855063 0.1297142952778212 0.10350828866320684 0.07859507521705152 0.1446217590634812 0.11674286575003907
0.1047302701679027 0.07361681089368396 0.2690683613323102 0.12890640156501657 0.09298551385596905 0.07095586291232289 0.14372101786427965 0.1160157614085149
0.10279438085093985 0.07276479283213651 0.27961116068082026 0.12787746403294403 0.09013436932274889 0.06915428534835909 0.14257382930240176 0.1150897176296496
0.10202271081786983 0.07241507329932792 0.28350151088079295 0.12742330409958433 0.08926037792091862 0.06862857442264263 0.14206747486923804 0.11468097368962588
0.08082152979892912 0.12586658654788246 0.14148979349720617 0.1384948924767312 0.09425413996995621 0.15894352053560848 0.093935666201609 0.1661938709720774
0.10163482702219637 0.08245360444234409 0.23155451565803187 0.13366815007089292 0.09428950198212818 0.08706805366663728 0.14903001209396566 0.12030133506380361
0.10347585031020938 0.07486258885906949 0.26597864060745807 0.12978266223081616 0.09162651033939082 0.07277136853126248 0.14469798311405918 0.11680439600773454
0.13675137063391246 0.09727890057936996 0.2319150498200908 0.10664464624946399 0.11987495295869793 0.09265407612148528 0.11890082201246208 0.09598018162451757
0.109972368510482 0.07537611336114969 0.2634535728888855 0.12707559675050875 0.09550297628325893 0.07257152800692887 0.14167980712332842 0.1143680370754579
0.10402263792625964 0.07299455015671483 0.27730139428578937 0.12788271813611155 0.09068227885242622 0.06944228708486175 0.1425796872353363 0.11509444632250038
0.10235756533556367 0.07248451501346992 0.2826241474123978 0.1274976250030798 0.08942268651225836 0.06871526109015928 0.14215033713029937 0.1147478625027718
0.10182376331781635 0.07230658451051684 0.28460141325808047 0.12728459956497526 0.08902743571181534 0.06848723436408434 0.1419128296642336 0.11455613960847776
0.10164082321309244 0.07223857932836192 0.2853282045221864 0.12719849624439752 0.08889189132993666 0.06840652785465706 0.14181683088741034 0.11447864661995776
0.10157610615091883 0.07221287141397595 0.2855943747422314 0.12716600309560977 0.08884361848073757 0.0683770198791036 0.1417806034513739 0.1144494027860488
0.10155285480313853 0.07220330643531983 0.28569171652914893 0.12715398970214473 0.08882615867992434 0.06836617370421101 0.14176720941418225 0.11443859073193026
0.10154443560010142 0.07219978084408529 0.2857272949706973 0.12714957950668623 0.08881980404924925 0.06836219109779773 0.14176229237536508 0.11443462155601761
0.09260151712154281 0.14430817551490852 0.16286455256713392 0.15883721646143992 0.08099785858565613 0.13663738351668164 0.08079980141734118 0.1429534948152959
0.0769719018348876 0.12631144918484757 0.11165515687230469 0.13185942679724633 0.10065873252458866 0.18882447919163242 0.09889457009793476 0.1648242834965579
0.0751028043735851 0.13482132922143508 0.10141937281324667 0.1364841214024218 0.09506737774774211 0.20075220989441164 0.09257183886425131 0.16378094568290616
0.07459754717613704 0.1362191885420614 0.09895466319442686 0.1361566211982075 0.0936739159618549 0.20466041019850514 0.09234970829095815 0.16338794543784899
0.1014436617084448 0.08479395285349277 0.21439665184207463 0.13532237984024212 0.09535561638997349 0.0960232406727472 0.15087435483680725 0.12179014185621792
0.10403026696840553 0.07559326831053055 0.25959370874120036 0.13059214143405867 0.09237732754854532 0.07467986768982805 0.14560049201677883 0.11753292729065279
0.10300819707919827 0.07328154540644158 0.27622920806150536 0.1284001171891916 0.0903406027459243 0.07002367547981553 0.14315654856765092 0.11556010547027241
0.10219347650058337 0.07256880835014073 0.2822832572026082 0.12759453452490535 0.08941068974723054 0.06885576858703599 0.14225838401508104 0.11483508107241483
0.08085797029726967 0.12591058301551195 0.14122232033152454 0.13851145818233176 0.09429371755719834 0.159043298725871 0.09394690207149459 0.16621374981879808
0.10244652879406785 0.0769895477737141 0.23482946417539619 0.13612973192385155 0.09487216346063418 0.08535415255212207 0.15070120913018972 0.11867720219002442
0.08102610597402587 0.12712320964875704 0.13066069448061882 0.13896949710879136 0.09561767946782647 0.16558184483738117 0.0942575719520498 0.16676339653054964
0.10253451657516108 0.07711204222297315 0.23302961980265563 0.1361704070867182 0.09520437697908439 0.08649013653746791 0.1507462382075187 0.11871266258842098
0.12015056740221527 0.08600889431668808 0.19312040698082636 0.09400575977313295 0.1418655666093029 0.11229601746762648 0.13974587572244837 0.11280691172775953
0.08301849633006311 0.1269341998386066 0.11998383697821598 0.13637390603632008 0.10425335640122711 0.17329043307778336 0.0924970840941997 0.16364868724358406
0.11621291554739424 0.09395869313675839 0.15754077482725914 0.09501020051501871 0.14622465179664013 0.13580147921120755 0.14123904434769946 0.11401224061802245
0.10805319021772715 0.07702530711684509 0.23535547747502086 0.13075364567831074 0.10353816720619276 0.08181537399885931 0.14578055719656438 0.11767828111047968
0.12119289190025177 0.08566901152457644 0.19336129582201828 0.09359983250282007 0.14400586318578565 0.11070886848980736 0.13914243757135641 0.11231979900338408
0.1234511471968607 0.08587602392898334 0.17811219710884466 0.09230610083161728 0.15536327290522792 0.11690471848083757 0.1372192185496878 0.11076732099794073
0.08347149315187943 0.12666861255050868 0.11648363189227581 0.13607459609807743 0.1069722353609564 0.1747458417533916 0.09229407387521775 0.16328951531769292
0.10283964114909708 0.08302713091914812 0.2211882225182202 0.134375188595726 0.09752391686177633 0.09028992293479324 0.14981830728508555 0.1209376697361534
0.10407505119227753 0.0751726648004313 0.2620542937372031 0.13021390523265647 0.09257802799387982 0.07353475545536345 0.1451787868787976 0.11719251470939084
0.08126731421258977 0.1266087181444797 0.13675178736164556 0.13873612581817407 0.09506380681663414 0.16098961132712386 0.09409928533754416 0.1664833509818089
0.0775252958809962 0.12327195851164788 0.1075382989890632 0.13065365401270923 0.10304451712763885 0.19665896745252612 0.09799024050953194 0.16331706751588654
0.07505358735641711 0.13394642802251558 0.100338598300403 0.1361799633816183 0.09538764591531866 0.20331228058520961 0.0923655403805759 0.16341595605794196
0.10149048448427475 0.08445792618898439 0.21492405469314674 0.13523527449642375 0.09566348803109109 0.09573978618044933 0.15077723887884856 0.12171174704678137
0.10401809760624701 0.07553499168785947 0.25978264199832124 0.13055957345395244 0.09242010877479247 0.07461678922086348 0.14556418114940667 0.11750361610855718
0.11996362906586011 0.08533763307770441 0.2011299198554227 0.0934610418224504 0.140298332014065 0.10872007807433226 0.13893611590322477 0.11215325018694049
0.08299844167180159 0.12680312054255324 0.12179333462860185 0.13636727877135285 0.1039382031837522 0.1719662975966146 0.0924925890797002 0.16364073452562342
0.10259526124400124 0.08293619461342874 0.2233879109035726 0.13420885104009034 0.09675569932096724 0.08969526361805631 0.1496328533238022 0.1207879659360813
0.1039498482805635 0.07511010311995733 0.26288831604500357 0.13012134704780906 0.09235860480406702 0.07338697694955151 0.14507559141001994 0.11710921234302815
0.10286975316447561 0.0731336696543716 0.27742296917694265 0.12823370297626854 0.09023026232919497 0.06972830088089209 0.14297100913921282 0.11541033267864167
0.08100083219874848 0.12607279807047542 0.1401545652965659 0.13857315566860448 0.09449665477647051 0.15942545812462583 0.09398874906218392 0.16628778680232537
0.10208597695782742 0.07669964523179365 0.23773435728640532 0.13555021137357665 0.09456791739723952 0.08513025654830195 0.15005965605866034 0.11817197914619502
0.09643179962686747 0.15133190185293968 0.10908752054398246 0.11542492092282723 0.11380951930432426 0.19711622540705295 0.07828820723461324 0.1385099051073927
0.10517636344885277 0.08554482839354544 0.2163433723161764 0.1329556701695134 0.09836034875319069 0.09372366359208979 0.1482356501740694 0.11966010315256205
0.12094435652971332 0.0872560819990408 0.1878026185293382 0.09406783373289879 0.14297761907961692 0.11423193681712673 0.13983815283278683 0.11288140047947853
0.12351370763364389 0.08619649261298071 0.17644886518116717 0.09242145289241736 0.15519453165512215 0.11792850941817433 0.13739069713559357 0.11090574347090083
0.09643778095473524 0.14640577096888585 0.13413120414047788 0.1571991679564382 0.09264745030391802 0.15173284124995345 0.07996653326479683 0.14147925116079438
0.10508560528788978 0.07809068943837058 0.23541439536522488 0.1354274586598155 0.09414179580201437 0.08385132772831971 0.14992376375852592 0.11806496395983918
0.09707896731210812 0.15169548898578822 0.1086729843783198 0.11544086714917243 0.11371613374653505 0.19656749491310907 0.07829902293596042 0.1385290405790069
0.10534084829581597 0.08559980591852726 0.216170107580491 0.13297171983690456 0.09835085202049976 0.0936385741390732 0.14825354435547416 0.1196745478532141
0.12099124193690242 0.08726653548304984 0.1877503595765376 0.09407109436441428 0.14297883452284843 0.114213620898418 0.1398429999805323 0.11288531323729714
0.10810167012735919 0.07543467339867693 0.24704150796992438 0.12940979203802175 0.10186205004935943 0.07739923290721137 0.14428226067522723 0.11646881283421959
0.08191913382637969 0.12655066248739819 0.13332319856272934 0.13859868115371343 0.09696973940307613 0.1623141051823371 0.09400606199991 0.16631841738445613
0.1023884136938286 0.07682264125643748 0.23565642880907517 0.13570048632577209 0.0951938341891861 0.08570919103872307 0.1502260166080993 0.11830298807887822
0.07135968119045123 0.11193595921122763 0.08038555209804639 0.0853612979432365 0.1404684489590042 0.24327108442790235 0.09649538028365866 0.170722595886473
0.10032593253175412 0.08145999474385344 0.20496203408161393 0.1344642548259412 0.10514417336870482 0.10270817161974355 0.1499176094850419 0.12101782934334707
0.11979775230308476 0.08678701459465454 0.1842258347760968 0.09419456532566534 0.14528145507408613 0.11665335167835637 0.14002654785725774 0.11303347839079839
0.10794107294102084 0.07545705824170786 0.245672963542048 0.12955137618508464 0.10244948499910705 0.07789168909123419 0.14444011643322122 0.11659623856657617
0.08189073366411577 0.1265577791908039 0.13301529536049814 0.1386040307897646 0.09709562716513624 0.16250200643325383 0.09400969044870991 0.1663248369477175
0.11551700315119845 0.09825303315018061 0.16138974629616226 0.09458807639914431 0.1434722570512079 0.13266266377530084 0.14061152849783243 0.11350569167897316
0.14063629811740505 0.10519479307424164 0.1932820577770394 0.10636072613069625 0.1342453771126709 0.10597182200221543 0.11858427226810463 0.09572465351762662
0.14655733923328632 0.10527488569367864 0.20316776441477732 0.1048158527855672 0.13015604713997134 0.09883198944836752 0.11686185377734133 0.09433426750701046
0.11269877182929985 0.0799724331413001 0.25153058871420014 0.12733418228520815 0.09802180016253864 0.07387334911367578 0.14196811069709026 0.11460076405668733
0.10476646795608655 0.07611644116379988 0.27244904308706874 0.12791338047488132 0.0912967171703068 0.06972203426563311 0.14261387345483034 0.11512204242739318
0.08103075128874007 0.13027595101027967 0.13865240443885715 0.13790055367201096 0.09435555284992879 0.15877157288666718 0.09353254944710308 0.16548066440641312
0.10115175781364552 0.08901160876927067 0.2292924197184198 0.132668256345832 0.09384507150222494 0.08671424992990084 0.14791520520945747 0.1194014307112488
0.1364728298058277 0.10548784530103975 0.21895127849871046 0.1068903462084826 0.12084011739662852 0.09598151207072654 0.11917475913094999 0.09620131158763433
0.10990639314773952 0.08141464541800543 0.25775823733227193 0.12675625705641944 0.09567932480552183 0.07308074369352512 0.14132376719573927 0.11408063135077748
0.12076443284780214 0.09005522609111437 0.19963732198633635 0.09264380648322751 0.14042028343535393 0.10758512069376348 0.13772124068252925 0.111172567779873
0.12272712334601926 0.09099507833312108 0.17946730699670968 0.09162869350469198 0.15350678229693937 0.11550837625618217 0.13621220706070628 0.10995443220563038
0.10818780670643112 0.08003228604048757 0.2427306669068206 0.12864848590688693 0.10380255828203355 0.07738109768823985 0.14343346115290231 0.11578363731619824
0.1039517889964886 0.07758538460326093 0.26905122717077384 0.1281345883511472 0.09265974768196368 0.07043562995151688 0.14286050372881634 0.11532112951603248
0.08071943092956023 0.13256177714112086 0.13767321779489508 0.13754932117531915 0.09444875639738982 0.15869398896285442 0.09329432218847734 0.16505918541038297
0.07533932744749038 0.14606361907952084 0.10660406991875136 0.1354478892343283 0.09328370257356117 0.18885492153230524 0.09186900313284875 0.16253746708119393
0.10070163926856873 0.09259055132722475 0.21620181401916624 0.13379248315884762 0.094453599017023 0.09267804415776039 0.14916863420844653 0.12041323484296286
0.10335966166747496 0.08058417096397762 0.2595395620179797 0.12969481595525106 0.09173789363810735 0.0737585203249869 0.14460004107249633 0.11672533435972594
0.09248107419273197 0.15308921041883608 0.15545515347186922 0.15786163392183936 0.08109771342457166 0.13763621721938657 0.08030352682110958 0.14207547052965538
0.07942953607341165 0.12663031590326104 0.11235276384840862 0.13099625405251217 0.10018211286925144 0.1884165091481309 0.09824719053938413 0.1637453175656402
0.08772537749213397 0.16862974432547823 0.08233698772953756 0.11030201104114509 0.11035344640068015 0.23347648183809167 0.07481353792355927 0.13236241324937412
0.10306900364158382 0.09629864720929049 0.20354923682216597 0.13237882190910255 0.09765419452030641 0.10031664876726938 0.14759250741208896 0.11914093971819231
0.12001905797736216 0.09380977375486615 0.18323492599638944 0.0936038989310188 0.1423047354744087 0.11555444655874011 0.13914848258999213 0.11232467871722253
0.08236768580830885 0.13516400382594942 0.11698487341423516 0.1350485893183075 0.10358781690884634 0.1731905499177926 0.09159817362459118 0.16205830718196898
0.11523239129871433 0.10207616049168708 0.1555753248511635 0.09411857375112125 0.14506682414292826 0.13507485568525382 0.13991358127778622 0.11294228850134551
0.08123966811316621 0.13708902177691493 0.11046342916353999 0.1346186111062733 0.10381589467695507 0.1799245056070199 0.09130653622860277 0.16154233332752796
0.10186295189732282 0.0908099541844361 0.21753892928940954 0.13345659081346253 0.09647859498833648 0.0909479077849814 0.1487941393099351 0.12011093173211629
0.11963935232236717 0.09268693867492156 0.18773374993899652 0.0935774477613236 0.1418609452214539 0.11309946761767975 0.1391091611496691 0.1122929373135883
0.10738649347716801 0.08027408690475894 0.2463147879278971 0.12863612743910788 0.10127978285393954 0.07691652431832886 0.14341968238360234 0.11577251469519709
0.10367693788960125 0.07755680682122694 0.27043850897029104 0.12801985462243576 0.09206142182988808 0.07029601652284323 0.14273258418352164 0.11521786916019217
0.13595376965241607 0.10192410526846374 0.2325471975101155 0.10576330701724754 0.11921872309434675 0.09148772660176249 0.11791819454012525 0.09518697631552277
0.10931501936995791 0.0804504187279712 0.2629209453564515 0.12616282944438081 0.09493043909889777 0.07201166180843918 0.14066213969395885 0.11354654649994271
0.10351787589960643 0.07712868868275558 0.27652630376999215 0.12720489573048274 0.09023770786195376 0.06907615606095308 0.1418239658368218 0.11448440615743448
0.10191232915653677 0.07635446814864745 0.28180537430501945 0.1268686739961538 0.08902747800985551 0.06840076609302918 0.14144910369421926 0.11418180659653844
0.09204571125779536 0.15142433662922325 0.1610050115017558 0.1575091727993809 0.08047160618300886 0.13566167472883836 0.08012423138055462 0.14175825551944277
0.10343733670482431 0.07786287039481317 0.24669422801721744 0.13443495577752362 0.09093630998705048 0.08060957181278355 0.148825022268972 0.11719970503681545
0.08071609817280345 0.13282670416973177 0.13271432823366794 0.13785908871146582 0.09419374391918764 0.16275470495247704 0.09350442538690727 0.16543090645375902
0.10125692239634658 0.08961372459488706 0.22691135392059233 0.13290373898834204 0.09397689323274754 0.08754625099505209 0.14817775078252463 0.11961336508950784
0.10312386887198306 0.07979474236959357 0.2635564037232915 0.12921016610276545 0.09131735289145022 0.0726486238935529 0.14405969265487428 0.11628914949248889
0.10229322807508154 0.07716470376725232 0.2771068223469634 0.12751903607080742 0.08966229895719323 0.0693125694460008 0.1421742088729748 0.11476713246372666
0.10164384730652753 0.07636764202013274 0.2820671414939451 0.12688785035865294 0.0889180146167421 0.06844595497387805 0.14147048390733394 0.11419906532278765
0.10133146518840196 0.07610631583337447 0.2838816635543687 0.12666009642513038 0.08862044087136 0.06818937607672863 0.1412165552680185 0.11399408678261734
0.11829131299994869 0.08885354256329969 0.20787381547251063 0.09247087969656856 0.13793822388557994 0.10614299634653517 0.13746417339967507 0.11096505563588227
0.12199332197767689 0.09069787503158425 0.18207478596033969 0.09156228972887455 0.15262052972112172 0.11506295651775497 0.13611349338799858 0.10987474767464946
0.08264140896423731 0.1341144968678379 0.1166470833551041 0.13482343276446193 0.10570050291976207 0.17283949706665094 0.09144545874459158 0.1617881193173543
0.11513022270307044 0.1029702341252937 0.155247908745804 0.0939338963061673 0.14553511583819695 0.13482290086191365 0.1396390458521532 0.11272067556740077
0.10732298577879436 0.08363385926744124 0.23341188370399954 0.12979541010484275 0.10299083198379234 0.08131696402450639 0.14471219604226496 0.11681586909435845
0.10403383016196642 0.07906470853378145 0.26552460763557983 0.12848023060394428 0.09274210129297174 0.07127644518171931 0.14324586904648712 0.11563220754354986
0.1023379876123391 0.07753193911388438 0.27767388915048286 0.12725968214683359 0.089807322743785 0.06897041669801038 0.14188504860251444 0.11453371393215023
0.10156719598705655 0.07696356939682959 0.2821712239984881 0.12673744829541306 0.08886865340425569 0.06832540862122925 0.14130279683085606 0.11406370346587175
0.10124779481907285 0.07675126931312898 0.2838262358458237 0.12653899696333473 0.08854969895830458 0.06811936842794414 0.1410815384053896 0.11388509726700126
