0.125 0.125 0.125 0.125 0.125 0.125 0.125 0.125
0.13585418317672365 0.10698516925166987 0.16302501981206838 0.12838220310200385 0.11843698020534883 0.0932691219117122 0.14212437624641858 0.11192294629405464
0.08769198837691987 0.1551473640514736 0.07644942576449425 0.13525667635256675 0.10523038605230385 0.18617683686176836 0.0917393109173931 0.1623080116230801
0.0710910763941929 0.1257765197743413 0.08886384549274114 0.15722064971792662 0.08530929167303149 0.17643722269496506 0.10663661459128936 0.1886647796615119
0.10530389484429557 0.07796107140360911 0.1979963718186898 0.15592214280721822 0.08630611079276221 0.06796606224930025 0.17261222158552442 0.1359321244986005
0.07861687787584269 0.12697298219273231 0.08970917220138697 0.1587162277409154 0.0861208053133315 0.16175345474502817 0.10765100664166437 0.19045947328909849
0.10162527556884406 0.07648851233979242 0.18950885146873947 0.15297702467958485 0.09205298415445669 0.07911006325509065 0.1705579663218655 0.13767932221162638
0.10433736472403687 0.07515015275094883 0.22408269878732512 0.15030030550189766 0.08319430829571867 0.06551551778287847 0.16638861659143733 0.13103103556575693
0.11606194355298571 0.08533149992337016 0.15992944513131216 0.1066643749042127 0.13675685358322015 0.10869487569955158 0.15856375732029232 0.12799724988505523
0.10388254393106895 0.07383961497550262 0.23624915081166153 0.14767922995100524 0.08174348910596953 0.064372997670951 0.16348697821193905 0.128745995341902
0.07909974480074257 0.11993169269413105 0.12935108341799237 0.14391803123295727 0.08994876952059828 0.14991461586766383 0.10793852342471795 0.17989753904119657
0.08908541320078871 0.1466733121837151 0.08108867804300607 0.1278690413909311 0.11422468147407451 0.20088745683408343 0.08672856720428371 0.15344284966911734
0.08527588687644894 0.13891485232419354 0.10583648100161985 0.1736435654052419 0.08429271784257585 0.1674255609355791 0.08833172674962306 0.1562792088647177
0.10413598249542218 0.07351143538447158 0.20070037466701565 0.14702287076894316 0.09358676978451543 0.0848024541562392 0.1639195290513441 0.13232058369204885
0.10321587128551793 0.07070060859875069 0.2354217163522193 0.14140121719750137 0.09146912497705802 0.07287856126562912 0.1576518048455724 0.12726109547775122
0.07868343712276513 0.11796918851513653 0.12657462251989834 0.14746148564392067 0.0927805855273256 0.1595595424180245 0.10001735548022446 0.1769537827727048
0.10000220925549677 0.07331143525716768 0.23523174030768407 0.14662287051433537 0.08115877244586735 0.07353036072547303 0.1623175448917347 0.1278250666022411
0.07821727087294705 0.11779858472002253 0.12643423690447986 0.14724823090002817 0.09420899488891298 0.15952209150138277 0.09987271313219302 0.1766978770800338
0.11398656630271758 0.08357730472668388 0.16467544220525182 0.10029276567202067 0.13266238845505376 0.12024470940218195 0.1591948661460645 0.12536595709002582
0.07857739757512115 0.11563863919168747 0.11184328814688065 0.14454829898960933 0.1017442959217988 0.17614866642050606 0.09804145496686546 0.17345795878753117
0.0992111375776028 0.07267069194772453 0.2328760372889861 0.14534138389544907 0.08827321166588402 0.07402077795822683 0.16089888652650441 0.12670787313962226
0.07752235203150494 0.11675499535515035 0.12521597659558753 0.14594374419393794 0.09473810877554838 0.16570439917096128 0.098987930844584 0.17513249303272552
0.07625516086193258 0.1182959106760629 0.11142784988963611 0.1419550928112755 0.09678398219888339 0.17137181793965847 0.10646631960845664 0.17744386601409437
0.09417913025079278 0.16292271971058628 0.10081058272018141 0.1315433386502537 0.11990573356293426 0.2130549879274091 0.09865750398769028 0.07892600319015224
0.0745480946652116 0.1128508207097481 0.09791862112174407 0.14106352588718513 0.09730900251435223 0.2113558343049591 0.09567786973217775 0.16927623106462214
0.09854221063728626 0.07024847738231847 0.21226126587083416 0.14049695476463694 0.09728646104071395 0.09807375130083737 0.1566436197151997 0.12644725928817324
0.11045549919603029 0.08474790170806926 0.18628050650401984 0.09503614179160115 0.1379118647847269 0.11592189005922392 0.1508510187168272 0.11879517723950142
0.07589207662935943 0.1235506184968999 0.12214874697906726 0.13664543296574844 0.09721702847641499 0.1712552305210131 0.10248407472431134 0.17080679120718556
0.07339327630706229 0.11446176934940294 0.10539457862163475 0.14307721168675366 0.09637327097156777 0.19856356502584996 0.09704367401362422 0.17169265402410439
0.09781091080626353 0.06983740479940949 0.21849979700035863 0.13967480959881898 0.09657350252023082 0.09616925742655207 0.1557269892094295 0.1257073286389371
0.09767250450551838 0.06705932168935026 0.2619608699149454 0.13411864337870052 0.09294833962275369 0.0760012633346336 0.14953227851326759 0.12070677904083048
0.09596070889049489 0.06581648634810085 0.27918830691089985 0.1316329726962017 0.0906982846014145 0.07147262392621316 0.14676094120009353 0.11846967542658153
0.0743128276259488 0.1203778865949832 0.14199158305326254 0.13534395797639798 0.09829831684686131 0.1589875119497503 0.1015079684822985 0.16917994747049747
0.07222542377340052 0.12559158093972891 0.11096088191338693 0.13435365711623207 0.09855610862316125 0.18960503340162602 0.10076524283717406 0.16794207139529008
0.08813777172376251 0.15431584245717186 0.09574216085026613 0.12316923460827751 0.12059673780395844 0.2517597858353888 0.09237692595620814 0.07390154076496651
0.10534998996882236 0.08823657271653282 0.14619702534453602 0.09112774093454257 0.15419792405596122 0.1563338629788194 0.14464720783260726 0.11390967616817821
0.07552479212763774 0.11203168127453526 0.1112223192273816 0.14003960159316908 0.10602567836565706 0.19212502354966712 0.09498338195014946 0.16804752191180286
0.07255768348248179 0.11307778422992665 0.10400000698065864 0.1413472302874083 0.09710585436102004 0.206424468988242 0.09587029532537258 0.16961667634488997
0.09721125408169072 0.06945408898757256 0.22059845321025576 0.13890817797514513 0.09629477824816865 0.09764363515918822 0.15487225216034836 0.12501736017763063
0.09350780309392004 0.07172664576466661 0.2711317918654115 0.13389112316229548 0.09208158698510607 0.07271247736829085 0.14822297720856478 0.1167255945517448
0.10577326788705907 0.08158112116786433 0.20183588543548667 0.09111893571808043 0.1487150065425674 0.11244388230280136 0.14463323129854036 0.11389866964760051
0.06720321345720025 0.10177152733561835 0.0791920527260315 0.08431530450457596 0.15574506584762546 0.24196386171430545 0.10117836540549115 0.16863060900915192
0.0718707434930419 0.11802226212254116 0.09372280704027747 0.12787156934738528 0.11213699064208937 0.2206324886598942 0.09590367701053898 0.1598394616842316
0.0753338431929266 0.12097971612133752 0.09767130971337942 0.12919732407024231 0.10398382141991186 0.2144393373417177 0.09689799305268175 0.1614966550878029
0.06131649369811013 0.09555635503644973 0.05965238625213232 0.08330554028818694 0.13628969005594638 0.30309697376702405 0.09417148032577655 0.1666110805763739
0.09955855874845376 0.07549224732075037 0.20332123105460675 0.13699070623719167 0.104182154501619 0.10937296386907329 0.15165434308716375 0.11942779518114145
0.06985560112073143 0.1020984138460737 0.08008800372748494 0.08513742161842146 0.14539994809140863 0.24498086241693126 0.10216490594210574 0.17027484323684292
0.10781071981367976 0.07718450379110124 0.14611282768823075 0.09648062973887656 0.1574277235926194 0.15578190353970459 0.1434249361491359 0.11577675568665187
0.09740637569294315 0.1401089872635555 0.13188780329846017 0.1553160614936594 0.09757178528915118 0.16106299349415196 0.08124224755052954 0.13540374591754922
0.06485929805643348 0.09769697700845113 0.06545470345121603 0.08517172354582919 0.1388076260738779 0.28138514598159664 0.09628107879093736 0.17034344709165838
0.10144916340703947 0.0754280015431367 0.20571623050296534 0.13659021605972557 0.10501928237967248 0.10550747221149571 0.15121098399774258 0.11907864989822228
0.08277835332692453 0.11801035970668025 0.12421334982306896 0.13117284222297523 0.10580014311385033 0.1756792673605503 0.09837963166723143 0.16396605277871903
0.07880669320327938 0.1217118040445687 0.10506528027351875 0.12994866093725968 0.10510670579835048 0.19946353386850368 0.09746149570294477 0.1624358261715746
0.09550909506781138 0.1492712039429595 0.09248427563543322 0.11911185212911997 0.12840404640343056 0.25441852644693336 0.08933388909684 0.07146711127747199
0.06131444013348484 0.09223360654206968 0.057244034566559375 0.08040878519052229 0.14053272964619676 0.3165519459334452 0.09089688760667736 0.16081757038104458
0.10517478714421791 0.07623032946226051 0.13711609216290294 0.09528791182782563 0.15671448579793634 0.17347901854502654 0.1416518808664393 0.11434549419339075
0.09946842400660831 0.06725946036304505 0.2308355620034051 0.1345189207260901 0.10679777211876622 0.09007427424444119 0.1499785578841631 0.12106702865348107
0.09678015409959449 0.06617012769842558 0.26883236672284966 0.13234025539685115 0.09479477026295911 0.07442658733312743 0.1475495086290266 0.11910622985716605
0.0952351854678093 0.06535316412148949 0.282997868021015 0.13070632824297898 0.0913496412924348 0.07099431564827009 0.14572780178732134 0.11763569541868109
0.09453531792416754 0.06500686652001587 0.2881533334297424 0.13001373304003175 0.09023720632014966 0.07008557320761975 0.14495560982224434 0.11701235973602858
0.09425496832785504 0.06487558399464331 0.2900164393669903 0.12975116798928663 0.08985588939599254 0.06980703034980408 0.1446628693850703 0.11677605119035796
0.07517095414435218 0.11344395846701079 0.14505849540924284 0.14180494808376348 0.09551472595266397 0.16266023284650663 0.09618074739594393 0.17016593770051616
0.11477743853540057 0.08477954132235717 0.16221259375838218 0.09092799639660537 0.15227602857019606 0.13703625291081742 0.1443301530104847 0.11365999549575671
0.07665189377932252 0.1120031890039689 0.11513825273430685 0.14000398625496113 0.10717856075468504 0.18606010850691562 0.09495922545988668 0.16800478350595335
0.10333591689080558 0.07597439925372777 0.22829422139612307 0.13596228712021577 0.09777109108221574 0.08961501873860139 0.1505158408494045 0.11853122466890606
0.10332970431959942 0.14678092672769177 0.120603947870406 0.12228113741096439 0.1299049520926316 0.21201979607390492 0.0917108530582233 0.07336868244657863
0.087610755216106 0.1302271526375384 0.08593169901424233 0.113531363837854 0.12002954248905898 0.2494279686401877 0.07700388155958791 0.1362376366054248
0.07230627112991166 0.11024301400704285 0.09660356279720472 0.13780376750880358 0.09966913834578539 0.2245428220208036 0.09346690317988415 0.16536452101056426
0.09695404142824811 0.069237054483005 0.21717619944990946 0.13847410896601 0.09830483632986495 0.10083876366518123 0.15438829760837233 0.12462669806940901
0.10419157210695197 0.07041178834091817 0.26847249684277863 0.13124062247193302 0.09266793507361033 0.0733119195315171 0.14528876399009272 0.11441490164219802
0.07641020531416055 0.11358988269029818 0.14030062436613228 0.14198735336287274 0.09686893496664703 0.16415370950527622 0.09630446575916587 0.1703848240354473
0.10258254790107639 0.07557920451779192 0.23881989772435464 0.13507707959458956 0.09495031398190411 0.08569557126241836 0.1495358797302741 0.11775950528759088
0.07926333092135467 0.11340850487363016 0.1334849732392973 0.1417606310920377 0.09721314976162601 0.1686059638870093 0.09615068891459949 0.17011275731044523
0.10340238702301273 0.07570595976497932 0.23599831000198018 0.1353240614049088 0.09519936858616908 0.0865857917087071 0.14980929874698895 0.1179748227632538
0.08095663995079518 0.11319121483088136 0.1327541997861033 0.14148901853860169 0.09713951485865828 0.16871612504071698 0.09596646474792114 0.16978682224632202
0.11620131582725221 0.08475171398031113 0.158323073306803 0.09091185189689313 0.15281964964948458 0.13904805364767428 0.14430452682046527 0.1136398148711164
0.08178388592049696 0.11105374650474156 0.11374865999548442 0.13881718313092695 0.10796782789303648 0.18589381345722472 0.09415426334097654 0.16658061975711233
0.10438733743734728 0.0758326654318784 0.22750203927797233 0.13580166825790582 0.09791114697796939 0.08983591548223485 0.15033802916626124 0.11839119796843074
0.09687385925977776 0.13518972302411406 0.1089787821526031 0.11785770725179176 0.11677160000113566 0.20296080860286442 0.0799382710055631 0.14142924870215012
0.10524568147209323 0.0680156200473351 0.21996961446981528 0.1360312400946702 0.10062382737033518 0.09602121934007221 0.1516646811204756 0.12242811608520321
0.10368600908996406 0.06589403099284344 0.2637230412978517 0.13178806198568688 0.09413194501491046 0.0752338016475835 0.14693385418404192 0.11860925578711819
0.10186513497384721 0.0648694081808821 0.27992208421881787 0.1297388163617642 0.09145641977362039 0.07073410352333448 0.14464909824214606 0.11676493472558779
0.10092430187239047 0.06447463427678793 0.28582206817644334 0.12894926855357586 0.0904072624961728 0.0695993115689171 0.14376881135749428 0.11605434169821827
0.08034216793053978 0.11268638770249066 0.1438417431728056 0.14085798462811333 0.09591878419379875 0.16178489167944773 0.09553845913906818 0.16902958155373599
0.10324928682704333 0.07536374196065221 0.24010210974356713 0.13478751564376004 0.09461485641209516 0.0851601039590925 0.14921532053358863 0.11750706492020106
0.0967408359123747 0.13527966095603913 0.11145665102465355 0.11793611467962387 0.11604521623400045 0.20102673188201484 0.07999145169574487 0.1415233376155486
0.10514609301544733 0.0679710457974779 0.22099076022658734 0.1359420915949558 0.10041168949858992 0.09562515023531452 0.15156528719616713 0.12234788243546021
0.1199810864664493 0.07626306599883691 0.19111113361129098 0.09532883249854611 0.14520916474478165 0.11599940548997122 0.14171271219186857 0.11439459899825533
0.10665771634552232 0.06555166644320837 0.25076364071332763 0.13110333288641673 0.10328402809463583 0.07847618358157188 0.14617043233754223 0.11799299959777505
0.11958262449935937 0.07568156284131163 0.19990450861060158 0.09460195355163953 0.1451988172416581 0.11087603117639824 0.14063215781706412 0.11352234426196742
0.10735377810171616 0.06523516141326884 0.25387987852596655 0.13047032282653767 0.10287513894062565 0.07729775628766734 0.14546467336033378 0.1174232905438839
0.1383740072670153 0.0864999025410285 0.22988785329081543 0.10812487817628562 0.12442279379671119 0.09482700442368784 0.12055117014579904 0.09731239035865706
0.11035432703280973 0.06447926476205049 0.2650369396098339 0.12895852952410097 0.09752287355074014 0.07380625230026139 0.1437791366485126 0.1160626765716909
0.10400949777123122 0.06458331420162251 0.2798820999587065 0.12916662840324503 0.0918470835619369 0.07025025917134614 0.1440111513689911 0.11624996556292053
0.10226105518181848 0.06435394555001415 0.28555663542916615 0.1287078911000283 0.0903670152172932 0.06941666202162279 0.14349969351003156 0.11583710199002549
0.08131432392721082 0.11255784339336537 0.14373800776934093 0.14069730424170673 0.09584505774153954 0.1615812219163267 0.09542947592046196 0.16883676509004805
0.10345257111072158 0.07534615905791363 0.24003297817723804 0.1347700055804348 0.09459044823121956 0.08512010193198227 0.14919593617370067 0.11749179973678932
0.0722081091775332 0.09940543601735438 0.08196851251949851 0.0866611493484628 0.14218232255505645 0.2462873941608198 0.09796477752434923 0.1733222986969256
0.10145952581976377 0.06822543299389436 0.20818334980371678 0.13645086598778872 0.1066129747134433 0.10412953861644554 0.15213253267593757 0.12280577938900984
0.13883067650873518 0.08759407989518589 0.21478653789964733 0.10949259986898238 0.12683383164605852 0.10184285653493384 0.12207607776437288 0.09854333988208414
0.08756448376601042 0.11108129067689175 0.1267869054091116 0.1388516133461147 0.10271677092548943 0.17219938385237563 0.0941776160086691 0.1666219360153376
0.10522477581070919 0.07551525007461082 0.23282364658007995 0.13523206790182554 0.09639548009944142 0.08720669807681056 0.1497074581574951 0.11789462329902738
0.12188357356752075 0.07602614170259271 0.19462341984140705 0.09503267712824089 0.14357134792031678 0.11355116994315523 0.14127245734287752 0.11403921255388907
0.10893459008441395 0.06528132379469571 0.2516918433545059 0.13056264758939143 0.10263898766123346 0.07781661610429917 0.14556760858100806 0.11750638283045231
0.12209041423066444 0.07542895108922243 0.19984339287227879 0.09428618886152802 0.14463448961349296 0.11041038430184254 0.14016275239713719 0.11314342663383363
0.12469055076378431 0.07466761178518092 0.18172938160571836 0.09333451473147615 0.1569249896315973 0.1179035089200682 0.13874802488440333 0.11200141767777137
0.08494237619784657 0.11076933285663916 0.11901551074009481 0.13846166607079896 0.10891240937569867 0.17783157544333417 0.09391313003062887 0.16615399928495875
0.07900557133586832 0.1206223446299347 0.1037746267284294 0.12963674855510998 0.10575939619674524 0.2019278154436925 0.09722756141633249 0.16204593569388748
0.11698033512904948 0.07747086416310754 0.1545154533285315 0.09683858020388443 0.1489668586921113 0.1450645586818352 0.14395705355681926 0.11620629624466129
0.14344334859709623 0.08687924371685833 0.19376723612109112 0.10859905464607292 0.13797961191345626 0.11051251430065132 0.12107984152330817 0.09773914918146562
0.11368801706855533 0.06503974833475394 0.25075984475827784 0.13007949666950788 0.10123031817524876 0.07710209662972257 0.1450289313613767 0.1170715470025571
0.10604354678025621 0.06480912783556672 0.27438553358306556 0.12961825567113344 0.0929323521933294 0.07104007176346928 0.1445146820691592 0.1166564301040201
0.07142608354364827 0.09725019017291832 0.19524794732051368 0.19450038034583664 0.06247302589375578 0.10511053258397492 0.09894149782809951 0.17505034231125297
0.1007298728949265 0.07394538950307454 0.26234416599112675 0.134417844243099 0.08717688452672653 0.07539497645523195 0.14880607909695936 0.11718478728885552
0.08192446144374094 0.11301199975688199 0.13869868676681452 0.14126499969610248 0.0954256622548459 0.16434166891328247 0.09581452153300865 0.169517999635323
0.1037782185203518 0.07552101291091756 0.2380403261167332 0.1350347306755114 0.09469325988053655 0.08572086844282115 0.14948899773601584 0.1177225857171125
0.09848351281243126 0.13499140938832116 0.11095140299072492 0.11768481844110051 0.11588905366059603 0.20095701328701995 0.07982100729048555 0.1412217821293206
0.07995146182066877 0.1108294590780695 0.10271859731619983 0.13853682384758687 0.09965215921462929 0.2081032034960738 0.09396410660966763 0.16624418861710424
0.07709890212477699 0.1116682573860828 0.10138760141120272 0.1395853217326035 0.09668685442706926 0.21139541514224414 0.0946752616968963 0.16750238607912418
0.11667260609062394 0.07762182401827515 0.15397468301725362 0.09702728002284394 0.1463118641385829 0.1477214381734367 0.144237568511571 0.11643273602741272
0.10924481954961454 0.06621468233295731 0.23601193575527343 0.13242936466591462 0.10459343397108709 0.08467047671174309 0.14764885881408688 0.11918642819932315
0.1056252232859869 0.06521681114692536 0.269062440231747 0.13043362229385072 0.09414603186480629 0.07270185610698449 0.14542375500523355 0.11739026006446565
0.08261253545167736 0.112609603001854 0.14004400635625283 0.14076200375231754 0.09669506789898981 0.16288901996933813 0.09547335906678928 0.16891440450278103
0.11648126749204142 0.08460628954327797 0.16051707194067003 0.09079646395145412 0.15260046279913916 0.13738149298258506 0.14412137135151448 0.11349557993931764
0.07183212363896391 0.09544403616163019 0.06855305300786722 0.08320762126911349 0.1548332903033217 0.26565384382013946 0.094060789260737 0.16641524253822698
0.11300830619301784 0.07576601670684847 0.1402053859695383 0.09470752088356058 0.16224309898713246 0.1596315554533218 0.140789090746308 0.11364902506027269
0.14226086969654936 0.08680771067190915 0.18831209251286646 0.10850963833988644 0.1416833135443666 0.11378755171375546 0.1209801490147689 0.09765867450589778
0.11362323925268533 0.06513084886414122 0.24860126413753134 0.13026169772828244 0.10215049508056848 0.07776485503652074 0.14523207194481638 0.11723552795545421
0.12340848580310176 0.07541144679736747 0.19881901587240794 0.09426430849670935 0.14446749574656295 0.11038185132254194 0.1401302257652575 0.1131171701960512
0.10917505396196901 0.06513259070528549 0.25318075390868333 0.13026518141057097 0.1026373406533392 0.07713446010004617 0.14523595599059183 0.11723866326951389
0.12219883453476917 0.07538609859656925 0.2002632898094867 0.09423262324571158 0.14457323514589698 0.11018364726117698 0.1400831235115354 0.11307914789485389
0.14368313932740803 0.08593644521916395 0.2093345262799137 0.10742055652395494 0.13545165694276418 0.10172927077046812 0.11976590406476766 0.09667850087155942
0.13009483428095436 0.07431860231136533 0.1843432616570122 0.09289825288920665 0.1535023366047845 0.11526531643492768 0.13809949235470126 0.11147790346704799
0.11101867330624912 0.06526797110515785 0.2471965837137078 0.1305359422103157 0.10480235062033648 0.07815829697867165 0.14553783407627735 0.11748234798928413
0.10561077506811081 0.06489757952493679 0.27308429617611985 0.12979515904987357 0.09377961205589118 0.07130501884547186 0.14471191613470977 0.11681564314488621
0.10364668719247994 0.064426476978131 0.282889856039933 0.128852953956262 0.09087946034084819 0.06967547916256418 0.14366142776914584 0.11596765856063579
0.10288733386968778 0.06421209611471457 0.2865090442137196 0.12842419222942913 0.09001149395804509 0.06919067616704666 0.14318339044087097 0.11558177300648623
0.0820704327659623 0.11243449660208858 0.14390671066704952 0.14054312075261075 0.09570377996680851 0.1613648150492725 0.09532489929307512 0.16865174490313287
0.10359882941016384 0.07532180191293561 0.24007340821832293 0.1347391185429306 0.0945695384039375 0.08507068798231245 0.14916174295350884 0.11746487257588824
0.08239434928669012 0.11292927341312056 0.133563769127337 0.14116159176640072 0.0969318086177895 0.16788091368829205 0.09574438398068918 0.16939391011968083
0.11650946743031157 0.08469405528671028 0.15852910183451055 0.09086787704332179 0.15279822730398718 0.13878169933141613 0.14423472546559013 0.11358484630415222
0.0987329177648992 0.1311280942470859 0.093815275492503 0.11431680011284412 0.12768079441790525 0.2196093455788989 0.07753661225045079 0.13718016013541293
0.10759919487187812 0.06792058695152461 0.21286218546995164 0.13584117390304923 0.1030297552973895 0.09903727549260026 0.15145277150086237 0.12225705651274432
0.10619618380494196 0.06584090460510666 0.26058829889090057 0.13168180921021333 0.09463535763501167 0.07572842729593328 0.1468153902687005 0.11851362828919197
0.08277565475755433 0.11268832649967138 0.1381485567499703 0.14086040812458922 0.09683819939431498 0.1641162618224974 0.09554010290189531 0.16903248974950705
0.10474078388062866 0.07541478498519738 0.23758588265863392 0.13486079637269902 0.09490983682889165 0.08562051927717985 0.149296445312878 0.11757095068389145
0.09871192562609223 0.1349637720164829 0.11085627252747915 0.11766072432206202 0.11592851832770347 0.20088125280135058 0.0798046651923551 0.14119286918647442
0.12107695862132611 0.07651065813080138 0.15539052686540242 0.09563832266350172 0.15079629360633628 0.14364846280770213 0.14217279010872796 0.11476598719620207
0.1101250070267451 0.06605959848869977 0.2362854177772089 0.13211919697739954 0.10536230199718791 0.08383815546486417 0.147303044988235 0.11890727727965959
0.12276936268152584 0.07562148973942157 0.19511807221681463 0.09452686217427696 0.14581377733509485 0.11219767180256993 0.14052052944116397 0.11343223460913235
0.08477415385963794 0.11100517098920652 0.12219738074858691 0.13875646373650816 0.1066916992877168 0.17595429514281516 0.09411307975171858 0.16650775648380978
0.1055651256220858 0.07554020170430888 0.23075853125512244 0.135264607494447 0.09731640789105106 0.08788865405984628 0.1497434808241334 0.11792299114900509
0.08274744510707455 0.11294612623857404 0.13146452930633867 0.14118265779821754 0.09752402439949533 0.1689573555466914 0.09575867224574755 0.16941918935786102
0.1049699616741971 0.07560508251629454 0.23489583571222183 0.13517401712613034 0.0952660278143518 0.08660186666382694 0.14964319356250486 0.11784401493047258
0.09874909060143568 0.13495923474159718 0.11033313009099371 0.11765676874908475 0.11600654072331258 0.20130513031268638 0.0798019822819879 0.14118812249890167
0.14045759148385356 0.08875002742534233 0.18004645960591517 0.1109375342816779 0.13121123006597965 0.12506630448011924 0.12368707180360208 0.0998437808535101
0.11368492263144007 0.06546221882999619 0.2457414552739088 0.13092443765999237 0.10038564432915538 0.07999834987104497 0.1459709775104691 0.11783199389399314
0.12353874433462571 0.07548975762797738 0.19801504968910663 0.09436219703497171 0.14403214212353352 0.11105172909583125 0.1402757436519878 0.11323463644196605
0.1252072574998159 0.07467663655288223 0.18114911839327164 0.09334579569110278 0.15675770577554973 0.11808373646948972 0.13876479478856474 0.11201495482932335
0.08506951737391621 0.11076451525725986 0.11888264254988934 0.13845564407157482 0.1088760394697147 0.17789582284755664 0.09390904554419859 0.16614677288588978
0.07965714452028477 0.12052788352018841 0.10368563030869196 0.12951725270252282 0.10571996374978508 0.20185761979348132 0.09713793952689212 0.1618965658781535
0.11563195020598054 0.09155023605388898 0.14754224387328718 0.08969148850285762 0.1543654064060008 0.14673687226138518 0.14236744206802796 0.11211436062857201
0.08320308566907532 0.11073317725919657 0.1111150530036228 0.1384164715739957 0.10813016319134476 0.18841980704204236 0.09388247637192754 0.16609976588879485
0.10498837778217511 0.08123789929962735 0.2250933943009587 0.13470956207357704 0.09748139506458453 0.08992124335464441 0.14912902272695544 0.1174391053974774
0.08369360542951847 0.12473598797612638 0.12801851464770544 0.12997758625762645 0.10380270978915149 0.1698164233846189 0.09748318969321984 0.16247198282203304
0.07867926341478766 0.13148866241642693 0.10480511621139561 0.12802186171888144 0.10365479382657193 0.19730657897417353 0.0960163962891611 0.16002732714860182
0.0946062982263096 0.16152863077836882 0.0909600923472736 0.11673124002164098 0.12601362085511064 0.25257294374208095 0.08754843001623076 0.0700387440129846
0.06574463627161119 0.09162686423244158 0.0568469419176884 0.07987983035648753 0.14075519153366672 0.3150879363112739 0.09029893866385548 0.15975966071297507
0.0720218120274269 0.10723885873338039 0.08809727219576925 0.13404857341672552 0.10204592159479199 0.24476937196223028 0.09091990196960513 0.1608582881000706
0.11484559265993634 0.07718833842952016 0.1489206296263286 0.0964854230369002 0.14743165126707788 0.15591379562737046 0.143432061708586 0.11578250764428025
0.12361008125915329 0.07516724250364507 0.16582161962926387 0.09395905312955632 0.15871435091129105 0.1303003456518644 0.13967644315975836 0.1127508637554676
0.11021056908731765 0.06571117769840039 0.2400958486441144 0.13142235539680078 0.10655242547984171 0.08120138520743402 0.14652611862897041 0.1182801198571207
0.10568952164665699 0.06507551142791743 0.27047849061865314 0.13015102285583485 0.09437155004493727 0.07198930511439268 0.14510867772135616 0.11713592057025138
0.10375878456493247 0.06449117182688514 0.2819426687559706 0.1289823436537703 0.09108267634087545 0.06985255794325275 0.14380568762592 0.11608410928839324
0.10294656036059743 0.06423516934082302 0.2861649369143904 0.12847033868164603 0.09008214719021614 0.06924270240751769 0.14323484029132774 0.11562330481348143
0.10262113393491468 0.06413689102043327 0.2877083503509821 0.12827378204086654 0.0897534201422408 0.06904432436851818 0.14301569430526462 0.11544640383677988
0.08201548656016851 0.11241929404262867 0.1441692806456258 0.14052411755328584 0.09563881051698558 0.16129205945078606 0.09531201016657648 0.16862894106394297
0.10377085054272836 0.08071992723671431 0.23895097453278807 0.13354974540545783 0.09397953384216352 0.08475592726744308 0.14784505799871606 0.11642798317398889
0.07263347452235608 0.10842792306039907 0.08557517766490651 0.08479311641911357 0.14338375884242982 0.23384857694963157 0.10175173970293627 0.16958623283822713
0.07483619819772008 0.10989677617105892 0.09637842673195757 0.13737097021382366 0.10467242695510035 0.21882668376350534 0.09317335371024563 0.16484516425658838
0.07601843849150365 0.11133489125418752 0.09973314489061429 0.13916861406773443 0.09748471997872388 0.2148652292421872 0.09439262519376769 0.16700233688128127
0.10380386605926169 0.08170354802489259 0.2206085473478374 0.13536374694054434 0.09568328668004632 0.09497435227141998 0.14985323226629246 0.11800942040970533
0.08342578246256487 0.12475111165510502 0.12692415587972367 0.1299044579006033 0.10331922830853382 0.17186634799226264 0.0974283434254525 0.16238057237575412
0.07856671752388089 0.13138214430775227 0.10448287862286235 0.12790274374202135 0.10346139704818363 0.19839863127125681 0.09592705780651602 0.15987842967752666
0.07727792615386739 0.13195675661064374 0.09902467692931027 0.12715084715709823 0.10291843870329248 0.20736966013159144 0.09536313536782369 0.1589385589463728
0.07690265700076226 0.1318147632209746 0.09764927316667077 0.12688583240116497 0.10259901486771854 0.21037679454037886 0.09516437430087374 0.15860729050145622
0.09378062264344604 0.16084807921443273 0.08911403706966317 0.11614251388153271 0.12513688250888053 0.2581854709419755 0.08710688541114953 0.06968550832891963
0.07783047620816044 0.10865510164704666 0.09626696401613619 0.13581887705880832 0.09998344120783836 0.22634185773416132 0.0921206296572787 0.16298265247057
0.10344194731376181 0.06862555052964885 0.21561444923570816 0.1372511010592977 0.09781846967317807 0.10069775617340289 0.1530247350616349 0.12352599095336793
0.08343565987496512 0.12224675121603414 0.1258852986361375 0.1300804030171895 0.10390657698566286 0.174284504235632 0.09756030226289214 0.16260050377148685
0.07853936236649915 0.13083589663629827 0.10421855762012093 0.12785149013686078 0.1035578945179975 0.1992938184485018 0.09588861760264561 0.159814362671076
0.07725685968656787 0.1318212265378879 0.09894703826732013 0.1271207632987571 0.10291995018527103 0.2076926354266818 0.09534057247406783 0.15890095412344638
0.09393135654085089 0.16097798917608028 0.08944306132283367 0.11624085115975435 0.1253248079865263 0.25715678474828624 0.08718063836981577 0.06974451069585261
0.07787536675985883 0.108683877270519 0.09636195662709805 0.13585484658814875 0.10004602068212508 0.22600708978494477 0.09214502638152698 0.1630258159057785
0.10345114365205525 0.06862516359708158 0.21565611504501653 0.13725032719416316 0.09783027161075779 0.10063781216641796 0.15302387225976102 0.12352529447474685
0.10614530529253946 0.07348171459546346 0.2669294278767045 0.13031748619955225 0.09219344566274959 0.07305569000985564 0.14426681418916648 0.11361011617396863
0.09912957879455542 0.13495361908776865 0.11659726926213075 0.11765187305087524 0.11535115342546724 0.19533559699668923 0.07979866172146319 0.14118224766105028
0.10721321058348715 0.06768731218859367 0.2226596127641901 0.13537462437718734 0.09993252196424605 0.09436295258617186 0.1509326035966551 0.1218371619394686
0.08292586799798926 0.11276306201895714 0.12948720792262627 0.14095382752369642 0.09794722900983106 0.17117474687369613 0.09560346562476803 0.16914459302843568
0.10446058569968102 0.08113493767543108 0.23294981230583384 0.13417212378276897 0.09489850693812357 0.08687940769998381 0.148534056446533 0.11697056945164475
0.08359365369575296 0.12469667491847203 0.1297750653128176 0.1299437609322397 0.10319985465299508 0.16890346862324326 0.09745782069917978 0.16242970116529962
0.07813832268972967 0.13712761380533373 0.10456097444503257 0.12697532652197496 0.10286464883225084 0.19638246066172832 0.09523149489148124 0.1587191581524687
0.06501845031752314 0.11816648230880558 0.06258692167836662 0.08018756729115441 0.13856001373848945 0.2788803493339667 0.0962250807493853 0.16037513458230881
0.07282028286396214 0.10881943495446991 0.09049647746234375 0.13602429369308738 0.1027404124306107 0.23360999044155334 0.09225995572226797 0.16322915243170485
0.10246767249040765 0.0687708814953476 0.21332138510990822 0.1375417629906952 0.09860859851001744 0.10215331128804386 0.15334880142395424 0.1237875866916257
0.10580584153489746 0.07558516410069313 0.2657019637564479 0.130062409157698 0.09225115887625898 0.0732212878386656 0.1439844334183714 0.11338774131696748
0.08273769994347267 0.11273332876274553 0.13934928719942016 0.14091666095343192 0.09636145711793424 0.16322331588437566 0.09557825699450166 0.1690999931441183
0.1037401280507024 0.08428881737758627 0.23633789551626513 0.1331315962041346 0.09397163200955692 0.08508433835314971 0.1473821496439748 0.11606344284463016
0.1029000583174401 0.15999167322772584 0.12082116875603251 0.119993008490415 0.12695760186899585 0.20734592787733058 0.08999475636781126 0.07199580509424901
0.06820700867161414 0.09336807435711139 0.061805860963319664 0.08139780841389198 0.14363069626953626 0.2967800206375604 0.09201491385918224 0.16279561682778396
0.07278746455430199 0.10779003069456018 0.08959271094757619 0.13473753836820024 0.10308632141489724 0.23893368804193166 0.09138719993669232 0.16168504604184025
0.10241078751314052 0.06871881700036948 0.21280152237619573 0.13743763400073897 0.0986440241368173 0.10306063900109992 0.15323270537097314 0.12369387060066508
0.10580537126495572 0.07558534879173552 0.26549299503570745 0.13007437099107816 0.0922692741066884 0.0733767945682304 0.1439976756596388 0.1133981695819656
0.09906905958707947 0.13498596799356566 0.11633131453188783 0.11768007466105726 0.115386800369782 0.19551290349325057 0.07981778977010841 0.1412160895932687
0.10720950350899718 0.06769456399617704 0.22255591305150846 0.13538912799235409 0.0999498139738993 0.09440208823873841 0.1509487740452067 0.12185021519311869
0.10643782483850177 0.07509186118402031 0.2690359939940191 0.12945513991013546 0.09214216463662579 0.07166652693727615 0.14331216139827774 0.11285832710114375
0.07327112990820647 0.09967916813480553 0.08642548267342752 0.08689978760470225 0.14199432994246936 0.23969598401732087 0.09823454250966343 0.1737995752094045
0.13276732915109718 0.08879181689154046 0.17106936664371844 0.11098977111442558 0.13871286362223248 0.1340327466001581 0.12374531197384464 0.09989079400298302
0.086295996828609 0.11064835976782103 0.11643656950402541 0.13831044970977632 0.10483177570046531 0.18369374294746232 0.09381056589010917 0.16597253965173156
0.14020381826191203 0.11258076841780414 0.18125979331226855 0.10704588987408457 0.12840227220463749 0.11868119965994077 0.118504200430407 0.09332205783894551
0.08797981648293275 0.11118560162848475 0.1191754303955078 0.13898200203560593 0.10303683901539303 0.17859585444476378 0.0942660535545849 0.1667784024427271
0.10547509526813496 0.0844623349409057 0.22774231233720496 0.13373580342124097 0.09585333791398791 0.08808989665003804 0.14805103187048246 0.11659018759800496
0.08340209799777935 0.1292442597421183 0.1281589243544434 0.1292137867244478 0.10295613981342452 0.16859721791889115 0.09691034004333586 0.16151723340555973
0.07806015786621501 0.13819402900755545 0.10415241780427381 0.12689080008987527 0.10275265728400107 0.19616833776832898 0.09516810006740646 0.1586135001123441
0.07662891542281254 0.13955920126797464 0.09827965380229359 0.12603090819708393 0.10205732565591148 0.20538217925975596 0.09452318114781295 0.1575386352463549
0.06454967730816946 0.11824015259924259 0.06148607845703314 0.07987136000054629 0.13779418035904958 0.2824701992742107 0.09584563200065553 0.15974272000109258
0.1116968241175602 0.07623670829383679 0.13859739349248892 0.09529588536729597 0.15753037737319384 0.16462401484647093 0.1416637340683982 0.11435506244075518
0.10848796362420834 0.06639015138985295 0.22961664082257935 0.1327803027797059 0.10733100512629358 0.08785153513407191 0.1480401286215527 0.1195022725017353
0.08310769327140886 0.11261575876713784 0.13103735023390736 0.14076969845892232 0.09948025761800279 0.168587025414732 0.0954785780851821 0.16892363815070677
0.10407644250726439 0.08447388493734255 0.23288804268199284 0.13344886766346023 0.09485675720477002 0.08618258433779391 0.14773338219153917 0.11634003847583711
0.08316067011377576 0.129256983688789 0.1293224910148901 0.12921655229215082 0.10273469007165939 0.1678755082344334 0.0969124142191131 0.1615206903651885
0.07802635702514553 0.1382122870522353 0.10441817397814719 0.12690464192796852 0.10271345966672285 0.1959157964938436 0.09517848144597638 0.1586308024099606
0.07662666694051258 0.13957025378828866 0.0983420740782356 0.1260372532798944 0.10205325569379736 0.20529598965948273 0.09452793995992081 0.15754656659986802
0.09324319104753737 0.17017100111671687 0.08849986335784012 0.1149322981164536 0.12394061752393525 0.2540544263803045 0.0861992235873402 0.06895937886987215
0.07788375570305547 0.108913739474882 0.09631669429181713 0.1361421743436025 0.0999094392098869 0.22512367820964177 0.09233990955479128 0.163370609212323
0.10347181729653405 0.0686420584434019 0.21567099144460514 0.1372841168868038 0.09781741409335683 0.10049635139173821 0.1530615452454365 0.12355570519812344
0.10639544453097341 0.07545803896543338 0.26649696885837487 0.12985888614999117 0.09196531862790891 0.07285590678215075 0.1437591250826113 0.11321031100255641
0.08283899925743396 0.11272022170749729 0.1395271830492168 0.14090027713437162 0.09629373508855572 0.16307210671053957 0.09556714449113902 0.16908033256124594
0.11659401226134093 0.09433435134599083 0.1587717822294201 0.08938930677128076 0.15077827105161648 0.13650785435040755 0.14188778852584247 0.11173663346410094
0.09888304423903164 0.13134947783908196 0.09397711344987761 0.11450980119304581 0.12732942727894644 0.21887185723742633 0.07766751733093541 0.13741176143165498
0.10764232452250003 0.06792913676422868 0.21295368003092363 0.13585827352845736 0.10296021112242659 0.09891209154875112 0.15147183630710095 0.12227244617561164
0.1073301717548741 0.07531636659830435 0.2652020812387779 0.1297752678883898 0.09299430367210713 0.07257783958692343 0.1436665562297193 0.11313741303090395
0.0830088421474544 0.11271905332817574 0.13924296444539377 0.14089881666021967 0.0965174868900882 0.16296810262773398 0.09556615390867075 0.16907857999226358
0.10417650998415276 0.08425476754232272 0.2362084246691371 0.13306377375789197 0.09396937607308795 0.08501576498160021 0.14730706740800412 0.11600431558380327
0.08354841696868444 0.12914671147322201 0.13004317780325497 0.12913649403678717 0.10249167346935087 0.1673605381751261 0.09685237052759041 0.161420617545984
0.07838995947451484 0.13815550046132793 0.10455648076020899 0.12685684263994107 0.10263596585974293 0.19569156552438224 0.09514263197995582 0.15857105329992635
0.07696361798378196 0.13952526123525447 0.09834945132191934 0.1259897001010222 0.10201191786165659 0.20518065129432114 0.09449227507576664 0.15748712512627774
0.11470813875418781 0.09883046312752378 0.14505285648299884 0.08900520451325072 0.15233916779210052 0.14752956128638955 0.14127810240198527 0.1112565056415634
0.09823761180997609 0.13105490358679733 0.09121562095382288 0.11425299287054126 0.1273974404190916 0.22324450462031928 0.0774933342948019 0.1371035914446495
0.0794552787285848 0.11004447125690174 0.09777726218665594 0.1375555890711272 0.10149292639407517 0.21530919202036394 0.09329857345693846 0.16506670688535263
0.11561713394797875 0.09380808353715257 0.1451493158364237 0.08926966924615216 0.15245562040507424 0.15041520277722337 0.141697887692305 0.11158708655769022
0.12390903047799744 0.07524743767980353 0.16468591062423993 0.09405929709975441 0.160425937264888 0.12897576777934952 0.1398254625542618 0.11287115651970529
0.08473914321920771 0.11067044690402959 0.11505045715587088 0.13833805863003698 0.10953312571739218 0.18183380607704533 0.09382929194037291 0.16600567035604435
