0.125 0.125 0.125 0.125 0.125 0.125 0.125 0.125
0.07575757575757576 0.12626262626262627 0.09090909090909091 0.15151515151515152 0.0946969696969697 0.15782828282828282 0.11363636363636365 0.1893939393939394
0.06506121454980185 0.1084353575830031 0.05855509309482167 0.0975918218247028 0.14119196794261551 0.2168707151660062 0.11711018618964333 0.1951836436494056
0.07295173961840629 0.12906846240179573 0.09118967452300786 0.16133557800224466 0.08754208754208755 0.15488215488215487 0.10942760942760943 0.19360269360269358
0.13365209282151982 0.10525102309694685 0.16038251138582377 0.12630122771633623 0.1327264292160495 0.09175730218708186 0.1398206509517438 0.11010876262449824
0.08267251970607094 0.12260307576495393 0.08827421455076682 0.1471236909179447 0.1118252725181819 0.15325384470619238 0.11034276818845852 0.18390461364743085
0.07803122478121854 0.12073204331390353 0.08692707118601053 0.1448784519766842 0.10716311553689879 0.17251118925191586 0.10865883898251318 0.18109806497085526
0.07619137529224881 0.1182310462448993 0.0851263532963275 0.14187725549387917 0.10451834706511463 0.19030111161977234 0.10640794162040938 0.17734656936734897
0.07544696253646123 0.11719450884722749 0.08438004637000379 0.14063341061667298 0.10767635787574399 0.19340189252054465 0.10547505796250474 0.1757917632708412
0.09195660082579042 0.1428098508085404 0.0771173194366118 0.12852886572768635 0.13226125943122588 0.2538121350377686 0.09639664929576476 0.0771173194366118
0.08405876403546134 0.14871935175504697 0.07328199941553039 0.12965276819670762 0.1008705168425536 0.21989487862001425 0.08793839929863648 0.15558332183604914
0.1012771967053099 0.07366481139577419 0.18708523529085508 0.14732962279154838 0.09974418040547152 0.09935779508279169 0.16309994871510441 0.12844120961314476
0.07682368439703278 0.11657175916724302 0.09918403279492574 0.13988611100069165 0.1064753075758046 0.1812868830629189 0.10491458325051874 0.17485763875086455
0.05415819679705246 0.0838970812593624 0.06632403984229869 0.10067649751123489 0.12448554891430834 0.24829384363979157 0.12081179701348187 0.20135299502246978
0.060255957045542666 0.10660669323442165 0.05253083434739617 0.09293916846077785 0.13442322338427296 0.26230411791124075 0.10506166869479235 0.1858783369215557
0.12255204717298862 0.09892755615168962 0.1531900589662358 0.12365944518961201 0.12440945416391103 0.12809688461529978 0.13787105306961223 0.11129350067065082
0.07736898810399723 0.12276939695132741 0.08673924784604653 0.15346174618915925 0.0929878763842266 0.17843155168299588 0.10408709741525585 0.1841540954269911
0.13344514054860673 0.0976472521810313 0.16150737181893338 0.11717670261723759 0.13314192044560946 0.12520813736822767 0.12971942658481325 0.10215404843554045
0.07747271567138221 0.12163195430856555 0.0859356198919213 0.15203994288570694 0.10085260390104744 0.17649648800822273 0.10312274387030558 0.1824479314628483
0.07705414272289672 0.11311964667046313 0.08840181996912849 0.13574357600455575 0.10634848991784589 0.20784517270599856 0.10180768200341682 0.16967947000569467
0.09338314498049952 0.13694334705338979 0.08054067939126898 0.12324901234805079 0.1322123708475433 0.26728527870937907 0.0924367592610381 0.07394940740883048
0.11045232497523998 0.08160862491416464 0.12637156469917285 0.1020107811427058 0.14924551896119426 0.1562523702972679 0.15164587763900744 0.12241293737124694
0.11328519055953407 0.08255403804967193 0.12783554399482777 0.10319254756208991 0.1628884622065649 0.1330105077590103 0.15340265279379336 0.12383105707450788
0.07992951666698904 0.11826398209832407 0.08355607430859853 0.1478299776229051 0.10910340581708547 0.18365378116829334 0.10026728917031826 0.17739597314748612
0.11459403431126236 0.07910157581519166 0.13063556337047788 0.09492189097823 0.16236161161329773 0.1490632919693402 0.15066966821941272 0.11865236372278751
0.1205108992603111 0.0810635414163618 0.12552749883503783 0.10132942677045224 0.16967316086771903 0.12966716212352988 0.15063299860204543 0.12159531212454269
0.1087783193173304 0.072530303606984 0.17970194625013944 0.145060607213968 0.11743253321959186 0.08420999227428967 0.16173175162512549 0.13055454649257117
0.10550396772325177 0.06967626289511372 0.23321011672677755 0.13935252579022744 0.10156562290854058 0.07493571218071823 0.15426897441978782 0.12148681735558291
0.08026999494993857 0.11243596029769053 0.1244285043069033 0.13492315235722863 0.10782598637198144 0.17027009700180007 0.10119236426792148 0.16865394044653578
0.09371281966964605 0.13648031142441433 0.09480883107824449 0.12283228028197289 0.13263174358657515 0.2537104355784836 0.09212421021147968 0.07369936816918374
0.06283520559254055 0.09513283203091918 0.051426783920704044 0.08293631510387828 0.1466604225097431 0.3013817152996393 0.09375409533481892 0.16587263020775656
0.09722284388552964 0.07038845925652956 0.18373403984380024 0.14077691851305912 0.11058576170261053 0.11363699173484434 0.15695575840187334 0.12669922666175318
0.11482907870707093 0.07694544033689388 0.16693246879360432 0.09233452840427267 0.15924858535339287 0.12772899440057894 0.1465627434988455 0.11541816050534083
0.06681568600253786 0.09784595519521118 0.06280320996319565 0.0853016019650559 0.1592884018161766 0.26091404325416956 0.09642789787354146 0.1706032039301118
0.09689560758895091 0.0696601263334022 0.1925180663046518 0.1393202526668044 0.11234189159959995 0.10854414341676083 0.1553316846897058 0.12538822740012395
0.07607060993832485 0.11458878983923085 0.11688083161620105 0.14323598729903858 0.10169727777908961 0.17849195347079042 0.09715136529847834 0.17188318475884629
0.10046615969249878 0.06960051878750433 0.22428221063266904 0.13920103757500865 0.09914018430540109 0.09185386756219198 0.1541012707383083 0.12135475070641781
0.11851555589245616 0.0775939767585856 0.18263925245007062 0.096992470948232 0.14694112731304 0.11674082901549976 0.14418582248423745 0.1163909651378784
0.09681655477612601 0.13013401264434166 0.1317764760702334 0.16266751580542707 0.09369154379732225 0.15576487464151303 0.08274825804015204 0.14640076422488435
0.10270746890108767 0.06886585141226878 0.23469043661662273 0.13773170282453756 0.09642723213696883 0.08702885913297452 0.15247465676953284 0.12007379220600713
0.08287198782954285 0.11404110997128476 0.12471583910866062 0.14255138746410598 0.09809523825181406 0.16997574439853175 0.09668702801913275 0.17106166495692712
0.10037594934510621 0.0687415167022628 0.2346282056577952 0.1374830334045256 0.09727755819094361 0.08943736371898271 0.1521993694995155 0.11985700348086849
0.0981969704640527 0.13577955692202964 0.10359579868120829 0.11837192141920533 0.11704175152445112 0.2046806529321107 0.08028704235389579 0.1420463057030464
0.1081625944695877 0.06841258491505942 0.21096078855308917 0.13682516983011883 0.10139010616343815 0.09855624969458675 0.15254985352701309 0.12314265284710696
0.1069579106236914 0.06621901257992342 0.255865183297824 0.13243802515984684 0.09485750923350428 0.07680962184283227 0.14765851461851578 0.11919422264386216
0.10457461271501166 0.06477267517806072 0.2769045720259336 0.12954535035612144 0.09163950146753395 0.07153907485321354 0.144433398083616 0.11659081532050931
0.1029228537009758 0.06398850954752211 0.2873971308095501 0.12797701909504422 0.08999737991339087 0.0698529639808158 0.14268482576716124 0.1151793171855398
0.09402144836408907 0.12847981063438624 0.1687028236295833 0.1605997632929828 0.08220027970934295 0.1397596860786312 0.08169640132729994 0.1445397869636845
0.11379362818539278 0.07655629300994594 0.17264485473240618 0.09186755161193513 0.1499345128009211 0.13454720964934483 0.14582151049513514 0.11483443951491891
0.08322729574063242 0.11006410074720695 0.1181822641244666 0.13758012593400867 0.10695609836412188 0.18557874811786015 0.09331521585089285 0.1650961511208104
0.10417958083802707 0.06778776444207664 0.22613791658911975 0.13557552888415328 0.09894584154803132 0.09419879457380535 0.15115659712904853 0.12201797599573795
0.10504560595939844 0.06499723181932313 0.26976543812103104 0.12999446363864625 0.09343209994274383 0.07483601736636102 0.1449341258777145 0.11699501727478161
0.08267019658368063 0.11169016693983813 0.14318578508159335 0.13961270867479766 0.09661177113541876 0.1640002839867906 0.09469383718812363 0.1675352504097572
0.1180943383997036 0.07675899534111354 0.1691864720397329 0.09594874417639193 0.14592073729949995 0.13631796719504238 0.1426342525368453 0.11513849301167031
0.14396260738942154 0.08566075895428595 0.20112597747624036 0.10707594869285746 0.13759208938526413 0.10883257222826254 0.11938169205009629 0.09636835382357169
0.11442374906634448 0.06406878110457424 0.2570231729331256 0.1281375622091485 0.10137712921820242 0.07678198012181302 0.1428638193585581 0.11532380598823365
0.12396530418555228 0.07436494006260615 0.20502014147041478 0.09295617507825768 0.14416798316375187 0.10979244836648627 0.13818559757902185 0.1115474100939092
0.1259248730840397 0.0736335594691742 0.18589516100425896 0.09204194933646777 0.15739803413443695 0.11782954415723126 0.13682653961062968 0.11045033920376132
0.11079733201100894 0.06444804770598037 0.25108212669555063 0.12889609541196073 0.10626380550467357 0.07879657952732293 0.1437095272727383 0.11600648587076466
0.12319349253155701 0.07442618231969439 0.2031193936349185 0.09303272789961799 0.14588252422683284 0.11040700741825621 0.13829939848958137 0.11163927347954158
0.08559478383545233 0.10980843215023883 0.126075132761642 0.13726054018779854 0.10748492148705086 0.1759650880076916 0.0930984533447677 0.16471264822535822
0.1041353323160344 0.07461819765985166 0.22850374239186486 0.1335869236352643 0.09833518433063415 0.09165293771469853 0.1489394506799141 0.12022823127173789
0.10500654104071977 0.06954474521828512 0.27035535851262427 0.12877453028848704 0.0929652418604218 0.07388251458773445 0.14357399123208928 0.11589707725963833
0.10360321412109677 0.06805083848766347 0.2866366068917716 0.1265858001830996 0.09038502120689629 0.06967757844203287 0.14113372050264983 0.11392722016478962
0.09434313001356508 0.13598741743246226 0.16825214490319512 0.15830521033246048 0.08206588929400908 0.13804234651249406 0.08052917221259948 0.14247468929921442
0.10054607749105013 0.06761354645241696 0.2538808367861707 0.13522709290483392 0.09256591457875765 0.08257429503328971 0.14970195063131797 0.11789028612216293
0.08179278276626281 0.1188381247677628 0.1388155111070821 0.13847835858054958 0.09604434873783466 0.165932391837041 0.09392445190680755 0.16617403029665948
0.10299702502512863 0.07513666202318872 0.23438832421586225 0.13341546430877071 0.09560056152743142 0.08963975869537875 0.14874828632634585 0.12007391787789364
0.10456610750169215 0.06945917155105338 0.27278801362350996 0.12854839567109366 0.09221715880237948 0.07340572873687376 0.14332186800941338 0.1156935561039843
0.12089920577364455 0.07946912232960544 0.21012203285699382 0.09239686153868655 0.14050505377103406 0.10837734944699715 0.13735414043661462 0.11087623384642384
0.1084822797953474 0.06919156173605671 0.2607286869783325 0.12727884367580333 0.10154057940466836 0.07632067682421775 0.14190641227735085 0.11455095930822298
0.12192407006267313 0.07937670063869216 0.20582385399048422 0.09230476951996514 0.14350758175847447 0.10908006114025227 0.1372172394655004 0.11076572342395816
0.10885436886699922 0.06925910260792717 0.2589096929874421 0.12741355636901078 0.1023067294687831 0.07652774209063691 0.1420566068770911 0.11467220073210968
0.13953108757438518 0.09076960174070552 0.2346052578608648 0.1055473363343239 0.12328518499562166 0.09359152544732702 0.1176774033458805 0.09499260270089149
0.08808715880542516 0.11935406688344306 0.1329135688999552 0.135598086878328 0.10157700846376172 0.16778152949761882 0.09197087631747464 0.16271770425399357
0.10454377261692216 0.0751311474160898 0.2314634082559576 0.13328949113409028 0.09680845276339274 0.0901953501553059 0.14860783563756033 0.11996054202068125
0.10500736798808022 0.06949546442573899 0.2715549824878243 0.12861258889409483 0.09253104305440171 0.07365378448265411 0.14339343866252063 0.11575133000468535
0.10356650082918242 0.06800453175960562 0.28710762773636206 0.12650195449526808 0.09024151879619643 0.06968586851978552 0.14104023881785857 0.11385175904574127
0.12027058911555125 0.07908005425115354 0.21465941145009856 0.092060583358657 0.13942825432405798 0.10717416713394039 0.1368542403361528 0.11047270003038838
0.1081511625630599 0.06903795198074002 0.26255038034925693 0.1270372092948875 0.10114064129177162 0.07611215817983914 0.1416370079750462 0.11433348836539874
0.08304430421054644 0.11855351151647514 0.1407444929830102 0.13787859220387627 0.09772620428216816 0.16308093031664317 0.09351765384262913 0.16545431064465152
0.1031816382577689 0.07501354182817381 0.23508395147028502 0.13321535504467616 0.095853315283307 0.08923319914517285 0.14852517943040758 0.11989381954020854
0.10456919746907875 0.06941396918146546 0.27303365167784566 0.12847561247588218 0.09222967995286516 0.07340911783623447 0.1432407201783343 0.11562805122829396
0.10341169263202112 0.06796390695831007 0.28768963255822544 0.1264351457305025 0.09013323013718227 0.06960900879543273 0.14096575203087366 0.11379163115745225
0.08215692792948026 0.11843218752849911 0.14682866912637796 0.13787695372561545 0.09525270835093369 0.16048366634141578 0.09351654252693918 0.16545234447073853
0.1027682921927736 0.07486303584709418 0.2376738397436913 0.13295948640139157 0.09512919829820735 0.08870270476776936 0.14823990498782014 0.11966353776125241
0.10437272810214296 0.06933444517949931 0.27405769570845906 0.1283433167981734 0.0919883965373124 0.07330121218555595 0.1430932203705008 0.11550898511835608
0.10332327161106994 0.0679281712360346 0.28808281158481996 0.12637639548065574 0.09004525592336772 0.06960508834482045 0.14090024988664154 0.11373875593259017
0.10253684457352083 0.06744953799195252 0.29346164824842536 0.12564104410069762 0.08916019205336168 0.06859340536645718 0.1400803879749569 0.11307693969062786
0.10214949921317769 0.06727440828203234 0.29552632561625725 0.12536709431825485 0.08879673247663153 0.06828060079567018 0.1397749544115468 0.11283038488642937
0.10198180975237958 0.06720877875320329 0.2963200706178237 0.12526388668377053 0.08865345443787996 0.06817461613839035 0.13965988560115908 0.11273749801539348
0.08182325645329497 0.11822229047477877 0.1488452923068049 0.13772223801617445 0.09484372342045706 0.1598649087937623 0.09341160491531832 0.16526668561940933
0.0774480212846733 0.12372530566585534 0.11251389029548257 0.1373601901140813 0.09557523029630209 0.1953790922162874 0.09316604199042036 0.16483222813689755
0.10277075193694943 0.07610952392528578 0.22315850224946415 0.13451033854430414 0.096296876338065 0.0961257129241245 0.14996898939193315 0.12105930468987375
0.1049226798056304 0.06980887250273275 0.2683447651134445 0.12908137445218626 0.0927273798514249 0.07502559169181774 0.1439160995757957 0.11617323700696763
0.13829921733814837 0.09086441248994603 0.23835674597810982 0.10561140647257458 0.12058578766475762 0.09348332746247003 0.11774883676867644 0.09505026582531712
0.11147131599206837 0.06909913563121861 0.2716779299845826 0.12558955773510386 0.09608091034449698 0.07302756383135013 0.14002298451958592 0.11303060196159348
0.1049014521758704 0.06778992819762841 0.2867857201701578 0.12612032720366942 0.09079975046265497 0.0694797744393418 0.1406147528673747 0.11350829448330246
0.09459704603711126 0.1358560232365331 0.16824790747716029 0.15818344938490603 0.08210078841534871 0.1381824480545512 0.08046723294797394 0.14236510444641542
0.113820031837361 0.07649893241806806 0.17318500524728467 0.09179871890168168 0.15020480312138593 0.1340318576222251 0.14571225222489154 0.11474839862710208
0.08293877010585723 0.11754246748369239 0.11777752298783234 0.13557953334392986 0.10735740184094075 0.18415057204393137 0.09195829218110026 0.16269544001271583
0.10373496287712351 0.07534234494839119 0.22495114552702464 0.13388167666942555 0.09854420653958727 0.09378407611945608 0.14926807831650876 0.12049350900248297
0.10504351925581361 0.06966981178548384 0.26896688604779334 0.12891335415854552 0.09311048197187351 0.07454515855058493 0.1437287694872142 0.11602201874269095
0.10366436325815538 0.06807726781045978 0.2860961308408797 0.12661704524034667 0.09044277212220367 0.06997852360188316 0.14116855640975964 0.11395534071631201
0.10268711613244494 0.06750767504714479 0.2926900954228091 0.12573255778053125 0.08930480477729026 0.06873602993870911 0.14018241889859226 0.1131593020024781
0.10221014478597812 0.06729519357878833 0.29522502580205084 0.12539891488119947 0.0888489249769152 0.06835234061742732 0.1398104319645612 0.11285902339307953
0.10200409247047308 0.06721496136855248 0.2962001690317304 0.12527256335322187 0.08867112519160725 0.06822222212643045 0.13966955944008466 0.11274530701789968
0.10191977301489823 0.06718443423269405 0.2965755984127124 0.12522441084044686 0.08860251002796021 0.0681754307330744 0.13961587298181163 0.11270196975640218
0.11958815316873198 0.07884352156185842 0.2176707163977306 0.09184973371295405 0.1386207467981256 0.10666664972878245 0.136540798176272 0.11021968045554484
0.08420480058583427 0.11794128916747594 0.1286943581240118 0.13566213056503462 0.10519583818924812 0.173492712046243 0.09201431464411045 0.16279455667804157
0.10367596727590073 0.07509642632080678 0.2295990570195277 0.133390696210024 0.09795186843350588 0.09151368640660439 0.14872067174460887 0.12005162658902162
0.10483452714772196 0.06951209817482176 0.2707687804173619 0.1286432508900592 0.09302898253576553 0.07400581053340403 0.14342762449981228 0.1157789258010533
0.08247271115336148 0.11872938461144444 0.14277794166958027 0.13803059707977414 0.09618446423810947 0.16254743195006743 0.09362075280193376 0.16563671649572895
0.11718437211991031 0.08532110421004462 0.16782624514346497 0.09467849470905969 0.14517012419375847 0.13545952458449734 0.1407459413883932 0.11361419365087161
0.08355345152640381 0.11856063969631017 0.11646725498272249 0.13554996679576006 0.10653200586199364 0.18473848263346912 0.09193823834842857 0.16265996015491208
0.1174296693625882 0.0852421338959321 0.15845727756490763 0.09457632993084766 0.14867629595744097 0.14153263078749864 0.14059406658376758 0.11349159591701719
0.1434022347444582 0.09277852219487868 0.1959675031209115 0.10607940718986902 0.13815434075847327 0.10987590287749409 0.11827062264303308 0.09547146647088212
0.1140990234357341 0.07008925666954384 0.25410782707261675 0.1271499598156519 0.1014736527092408 0.0768826000716455 0.14176271639148053 0.1144349638340867
0.10612004839096434 0.06825565996919473 0.27981261837424 0.12687413439428175 0.09272902161541141 0.07056660467041452 0.14145519163063952 0.11418672095485358
0.1034381915935089 0.06762565652182916 0.29014621704418236 0.1259288832632433 0.09017188729534205 0.06895186218431447 0.1404013071606608 0.11333599493691897
0.12009301625712046 0.07893784279496037 0.21553573459225314 0.09192174837866397 0.13959833572829428 0.10695937138065535 0.1366478528136557 0.11030609805439677
0.10802475401408995 0.06895956704755374 0.2628164606241782 0.12689954201397358 0.10147152687865153 0.07613504237847199 0.14148351923050484 0.11420958781257622
0.1390652829334833 0.09058611348870009 0.2359028505669298 0.10535454508264151 0.12321753037325166 0.09359213149295481 0.11746245548766153 0.09481909057437736
0.1289663699206926 0.07977143537450161 0.19528025334679083 0.09063393394990794 0.1493367833444782 0.11251707315342847 0.13473343017031092 0.10876072073988952
0.1107217068844391 0.0693219434746865 0.2541294960867537 0.1274420353708587 0.10411218223675678 0.07748644527387955 0.1420883588388529 0.11469783183377281
0.1053229496521964 0.06821637036170043 0.279862926437481 0.12690050129959732 0.09331712641953763 0.07068508589746288 0.14148458876238687 0.11421045116963759
0.13788533611409948 0.09031003110212549 0.24219832794786306 0.1051108943863377 0.12059271863652897 0.0921120837211709 0.11719080314417055 0.09459980494770392
0.11118247107646705 0.06892450200723745 0.27313464923088554 0.1253266418665296 0.09623249719689772 0.07267540799539311 0.13972985294671283 0.11279397767987664
0.0835608572437771 0.1183909478739547 0.1432442826608071 0.1376797365448091 0.09679807767458258 0.16172763631790602 0.09338277783039228 0.16521568385377094
0.13555833464051834 0.09840380292101539 0.1938327180387902 0.10922415890038788 0.12587274797798323 0.11702970839365769 0.12177678611729816 0.0983017430103491
0.11255292964593377 0.07079904755015323 0.25382629066137397 0.1277812411607291 0.09912627385867386 0.07844455209778635 0.14246654798069347 0.11500311704465618
0.12315125339833008 0.07955919113182641 0.20353478794586943 0.09236797636864126 0.14322860270380788 0.11000541611786194 0.13731120069129357 0.11084157164236949
0.08487855052782582 0.11802947803075428 0.1252975649079166 0.1356714531248039 0.10644426367671452 0.17485230821061395 0.09202063777160611 0.16280574374976464
0.1361332542445356 0.09845362096437274 0.18672823123879054 0.1092888182540445 0.12887577897925315 0.12031148341906293 0.12184887647130037 0.09835993642864004
0.14836473734173491 0.09321407926901723 0.20597276043357127 0.10514345433712366 0.1314015762044477 0.10404717845124396 0.11722710505944983 0.09462910890341131
0.08960551948001749 0.11938412290117215 0.12580657808319973 0.13528769681219402 0.10361951836017766 0.17219097730729208 0.09176035088131419 0.16234523617463278
0.10507936273823627 0.07523558698516082 0.22827331302915746 0.1334520277572143 0.09772464357808247 0.09133918908791085 0.1487890518427449 0.12010682498149287
0.0825651327176714 0.11961619850241466 0.1325354457827845 0.1383360868405597 0.09739496492116041 0.16972091247401022 0.09382795455272745 0.1660033042086716
0.10332292058804655 0.075277651009897 0.23158452957877257 0.13354799499552314 0.09631890241416224 0.09085875776590255 0.14889604815172505 0.12019319549597084
0.08223373328133762 0.11962797755465816 0.13332619788035927 0.13834509495500044 0.09707754776467918 0.16954127021370352 0.09383406440426117 0.16601411394600052
0.11723213144263232 0.08548088495298 0.16463657274286106 0.09477985423271326 0.14572410553166742 0.13751400688985665 0.14089661912803342 0.1137358250792559
0.14322970195312718 0.09273477870435265 0.19833171848086498 0.10600628442257669 0.13725428117310634 0.10884848307122823 0.11818909621442504 0.09540565598031901
0.11396911180943053 0.07002953463181348 0.2550812093291524 0.1270448900580483 0.10124610028427881 0.07664318138225389 0.14164557145277923 0.11434040105224348
0.1411088253131429 0.0907780191784346 0.23301130872825923 0.10546660203685715 0.12332051952629619 0.09380739275468593 0.11758739062915267 0.09491994183317143
0.11226574815585824 0.06914775811985502 0.26936618785668437 0.1256786453535847 0.09713268443284896 0.07317588469708003 0.1401223105658623 0.1131107808182262
0.10513319184402524 0.06781416241713172 0.28580992244102504 0.12615544459983896 0.0913441996354528 0.06954927277926849 0.14065390614340256 0.11353990013985507
0.10298317456495557 0.06744048658597981 0.29246684998624134 0.12563141860216137 0.08971314171915622 0.06862699553715074 0.14006965626240978 0.11306827674194522
0.10225308520940213 0.06726514813500518 0.2950805449269841 0.12534616132140414 0.08917237754384046 0.06831952199187823 0.13975161568222222 0.11281154518926373
0.10198896318225145 0.06718984511941072 0.2960959676712035 0.12522486757554524 0.08897706783533146 0.06820452559090531 0.13961638220736164 0.11270238081799072
0.10189032326807718 0.06715945497958442 0.2964888671498142 0.12517641570479038 0.08890372333933913 0.06816007943680207 0.1395623619872812 0.11265877413431134
0.10185289827469689 0.06714751191235471 0.29664064324573564 0.12515746508742562 0.08887572283124563 0.06814280660671392 0.13954123346314468 0.11264171857868305
0.10183858573275614 0.06714286861805815 0.2966992333417805 0.12515011201738002 0.08886496147026876 0.06813610266533406 0.13953303533878036 0.112635100815642
0.08176403263995319 0.11815427002163456 0.14890281846095013 0.1376456674259224 0.0951310760401783 0.1598676644200635 0.09335967008019087 0.1651748009111069
0.07740515749668574 0.12365923792947461 0.11248961053627987 0.13728528961813108 0.09589275950493165 0.19541035745783364 0.09311523991490629 0.1647423475417573
0.07615818531448179 0.12361466693659963 0.10336688354339006 0.1365395371223319 0.0955220661725956 0.20834179118517762 0.09260942517862512 0.16384744454679828
0.11573271109493251 0.0859617074455185 0.15432919431299927 0.09494459248591039 0.14548114341445081 0.14847562665717548 0.1411415136059205 0.11393351098309246
0.10928248017216485 0.07103612088890907 0.23780347378515818 0.129865132663477 0.10502681284110554 0.08531742876008991 0.14478993149196612 0.11687861939712929
0.10564010596993309 0.06880570461863848 0.2735574417118605 0.12780480910748143 0.09414805174578997 0.07252673416704289 0.14249282448252032 0.11502432819673326
0.10356496398489788 0.06783525596986097 0.28774950526440185 0.12625912896283512 0.09072552821335066 0.06946289506759759 0.1407695064705042 0.1136332160665516
0.10256545801036011 0.0674155555892188 0.29326617230732094 0.12558336330024208 0.08954410791607928 0.0685842377195745 0.14001607818698633 0.11302502697021788
0.10212923221464094 0.06724690159302958 0.29539756500554737 0.12531477814588846 0.08911584403985713 0.06829575288618661 0.13971662578355024 0.11278330033129959
0.10194881447523023 0.0671811514933417 0.296219710353886 0.12521061544781079 0.0889565177602062 0.06819314441796599 0.13960049214852932 0.11268955390302972
0.08178817093435832 0.11816477335797934 0.14879060115167894 0.1376532964334003 0.09515678719080732 0.1598975706742588 0.09336484453743672 0.16518395572008032
0.08972871733929949 0.14333993359784203 0.13036075368047217 0.15913309326374306 0.08337033483047385 0.1698970706905489 0.0809503126602519 0.14321978393736873
0.07956347864402355 0.10968215412145964 0.10877505335103528 0.13161858494575157 0.10211646430595883 0.20500709474026815 0.09871393870931369 0.16452323118218945
0.06496790636422838 0.10348549755347605 0.060675644509754816 0.08075342488752264 0.13708592430362618 0.3002382722987125 0.0912864803076343 0.16150684977504529
0.07138084564378025 0.11700869526310545 0.08823664148182325 0.1313657555125458 0.10161599028844892 0.24365291363021047 0.08910025156503107 0.15763890661505495
0.11387121380971967 0.08500924641409166 0.14833479148646656 0.0944039207020075 0.14697014750967533 0.15778820655025796 0.14033776868537234 0.11328470484240898
0.08257841305873508 0.11801551064375898 0.11137672484207485 0.13496103260561798 0.10661168495140634 0.19296460743915908 0.0915387873325061 0.16195323912674156
0.13459034256981497 0.10614978292767828 0.18009005672183195 0.10837230365689553 0.12825283746439284 0.1241825722760895 0.12082703109209099 0.09753507329120596
0.1471716280748552 0.10074941130884878 0.20246177660305123 0.10433337287400068 0.1305994145538636 0.10446043631687177 0.11632392468190822 0.09390003558660061
0.11432466950132024 0.07541720383257347 0.2559351035046571 0.12594380515689324 0.09921189594356991 0.07539995346127576 0.14041794395850632 0.1133494246412039
0.0837167319982407 0.12523974876983376 0.1385243985844574 0.13675304843370623 0.09698914499319727 0.16191902755377727 0.09275424154633989 0.16410365812044747
0.11674258642627132 0.09285110170566731 0.16539229049373755 0.09379805294137232 0.14461602237076168 0.13460517696596572 0.13943710556657737 0.11255766352964676
0.10869699086903097 0.07584921508814967 0.24162780511654225 0.12854404151197926 0.10407533330951894 0.08219996329705952 0.14331701344693806 0.11568963736078133
0.08265792365006465 0.12540645547635215 0.1350578976793428 0.13688966578571501 0.09813027351406116 0.16474328120129514 0.09284690375031106 0.164267598942858
0.07672697688894783 0.1341299412154576 0.108169044953718 0.13546782465520768 0.0955477167956846 0.19551458135598543 0.09188252454874955 0.1625613895862492
0.1150732746196356 0.09437528127792735 0.1550396463774456 0.09405458118960412 0.14452278702542448 0.14425048004535473 0.13981845203708312 0.11286549742752494
0.10867311871715819 0.0763194623833921 0.23731793749392263 0.12902962574610452 0.10442813252157808 0.08424665633599211 0.1438584036303583 0.11612666317149407
0.10515740350693872 0.07285956681636208 0.27280403677321774 0.1271602137530237 0.09371375783115683 0.07208668017514862 0.1417741487664309 0.11444419237772134
0.08202513372987631 0.1248143680047793 0.1426379614171706 0.13689305496863527 0.09580197078326354 0.16070664263344706 0.09284920250046567 0.1642716659623623
0.07665416433528241 0.13408806191517766 0.11000903685227026 0.1355462416010085 0.09508155212734898 0.1940297415531049 0.09193571169459708 0.1626554899212102
0.1019608085162668 0.08363102791703368 0.22076464851228675 0.13336549698394515 0.09595205435251851 0.09560443994432843 0.14869257648807016 0.12002894728555062
0.08140945682648353 0.12718308931231478 0.12999308538068569 0.13717368641648003 0.09632060272869054 0.17027211180526117 0.0930395438303082 0.16460842369977602
0.10250756427075325 0.08223403631849881 0.22937730116561186 0.13254093674649522 0.09562152898552749 0.0906585360836081 0.1477732533576596 0.1192868430718457
0.10419701316503104 0.07399791802065919 0.2701084107789901 0.12797028422472345 0.09226997176443935 0.07360582935454982 0.14267731688935587 0.11517325580225111
0.0818577307885695 0.12509503913785328 0.1419882376073041 0.13695749122537657 0.09549181818302331 0.16136778649542674 0.09289290709199456 0.1643489894704519
0.13398222046986294 0.1070233726174414 0.19209301572066534 0.10814300566825708 0.12460253106002855 0.11625576841576407 0.1205713809465493 0.09732870510143136
0.1117669292781558 0.07672214689349525 0.2522808320940182 0.12693986398885268 0.09850220594779682 0.0780136689843214 0.14152847522339246 0.11424587758996742
0.10532705503066392 0.07248593594716846 0.2786537199552123 0.1263847394281235 0.09190567817778554 0.07058705321034964 0.14090955276538544 0.11374626548531114
0.13730865724149754 0.0952206754717932 0.24107096603377404 0.10448892983446474 0.11970660758510142 0.09166676789825358 0.11649735908409725 0.09404003685101826
0.14613505049120742 0.09759738684623488 0.22448680390296438 0.10278532020583758 0.1264139140365394 0.09547677484873762 0.11459796148322487 0.0925067881852538
0.11322884480173054 0.07444840547159043 0.26490063520777235 0.12492445876521947 0.0975517174681714 0.07323247659440182 0.13928144880241633 0.11243201288869754
0.12257598699321261 0.08372457602806523 0.206534413337956 0.09155485789493835 0.14180091334600173 0.10784097745820077 0.1361024454676994 0.10986582947392602
0.12437812633944169 0.08430843826076548 0.18508615603166956 0.09060185599053011 0.1557634526183981 0.11645399944135297 0.13468574412920598 0.10872222718863615
0.14365647962721811 0.09705687201446843 0.204224446662115 0.10418095938015459 0.13846776348053058 0.10249662038296296 0.11615399501041117 0.09376286344213913
0.11336012366153939 0.07488843612844417 0.25660017911948013 0.12580690625680352 0.1008722236816306 0.07498060361973684 0.14026531190124214 0.11322621563112317
0.08352795296713443 0.12511845435734406 0.1386826299202224 0.13673774021345714 0.09736511084930607 0.1617389648568252 0.09274385857956222 0.16408528825614854
0.11668144213558719 0.09282783489983816 0.16543840903546275 0.09379131313840712 0.14473504358808478 0.1345492950397351 0.13942708639679627 0.11254957576608855
0.10867947760560132 0.07584458751056986 0.2416459692090833 0.12854081726562905 0.10409990394974553 0.08218909026743183 0.14331341865287298 0.11568673553906615
0.08265441669792434 0.12540515166656876 0.13506210353165948 0.1368892031115896 0.09813571466369479 0.16473977665809908 0.09284658993655644 0.16426704373390752
0.07672611646603106 0.13412931231705583 0.10816977569759187 0.13546736887999708 0.0955486967291614 0.1955156718399074 0.09188221541425888 0.16256084265599646
0.10203299001484731 0.08368062877248131 0.2199533836419961 0.13343405370585057 0.09610937219969437 0.09592991121304344 0.14876901211682145 0.12009064833526552
0.13834941917301277 0.09860750481421283 0.22054584463116542 0.10634600745953493 0.1227925268627868 0.09907942829753769 0.11856786204816805 0.09571140671358143
0.11170054226156738 0.0748749938863973 0.2637451175666493 0.12552068754986634 0.09709441887445337 0.07414942166357452 0.13994619940261213 0.11296861879487968
0.10486980013272051 0.07194126311178091 0.28311601842443457 0.12579301216515784 0.09121082003525464 0.06960555415607957 0.14024982102592967 0.11321371094864204
0.10268078549732826 0.07121083968056967 0.2909395330491279 0.12513051668940448 0.0894616843493859 0.06844798770329417 0.13951118801042556 0.11261746502046402
0.08148327311376781 0.1243252866733364 0.14694351167706518 0.13669298477995379 0.09474049329219249 0.15906936600742336 0.09271350272031648 0.16403158173594454
0.13299251960552383 0.11189864516271135 0.19304951301741122 0.1072562190733648 0.12360244741274853 0.11508737849086331 0.11958268007134851 0.09653059716602831
0.09833856877512026 0.15683443450457202 0.13938905409698119 0.15296877805297446 0.08665108604395654 0.15033162596481403 0.0778145523139044 0.13767190024767698
0.10556237129909492 0.09050657019367442 0.23173599340120538 0.13056880991747144 0.0923654303324112 0.0861744168134764 0.14557447911694202 0.11751192892572429
0.10451549813952983 0.07773515518880761 0.270487856298286 0.1272301738589271 0.09117135270307176 0.07250065827473348 0.14185214906360977 0.11450715647303437
0.12005731843593911 0.0871825374878825 0.20846991618818841 0.09145686236213096 0.13956137963724868 0.1075669825276615 0.1359567685263917 0.10974823483455715
0.10760940250686851 0.07674172538242463 0.25881140787659407 0.125946677871002 0.10117595223870808 0.07594167722014505 0.14042114682035595 0.11335201008390179
0.10383888996596584 0.07469745243304901 0.28085726818753143 0.12560195639640792 0.0920538381844808 0.06987202597413117 0.14003680810166674 0.11304176075676713
0.08139921575148956 0.1289194752458857 0.14411428763101727 0.13604955616103565 0.0949713966869125 0.15900951086467047 0.09227709026574592 0.16325946739324276
0.1329883579336624 0.11288426753350767 0.19193171145209922 0.1072675843206503 0.12369339362651104 0.11509850777106502 0.11959535147391906 0.09654082588858526
0.08544700287907989 0.13654040131512973 0.12084992778559461 0.1329204849493529 0.10041077342060102 0.1741720640062398 0.0901547637047785 0.15950458193922348
0.10316800792567729 0.08794657410678759 0.22420348607538662 0.13174932072265166 0.09624962994409955 0.09121793200811418 0.1468906605668967 0.11857438865038648
0.10422864377578062 0.07756205677242133 0.26752706946307625 0.12762893833095404 0.09228638816889846 0.07360411729963369 0.14229674169137713 0.11486604449785864
0.10288984113607047 0.07474231774372152 0.2845919234096647 0.12550481738037994 0.09000721142518991 0.06938104791465563 0.13992850534797585 0.11295433564234197
0.10194105173080939 0.07383574635597989 0.2912209045786802 0.1246571396745483 0.08896041202794804 0.06820991195943679 0.13898340796550385 0.11219142570709348
0.13543318821762962 0.09811903882301261 0.2450675831274248 0.10371318397644559 0.11814827671170718 0.09054440322109128 0.11563246034388786 0.09334186557880103
0.10975935422842109 0.07724342607896097 0.2731081358533252 0.12376336793610156 0.09498141948613906 0.07177034609804146 0.13798691917651917 0.11138703114249138
0.0944833368987123 0.148342873308184 0.16292384901887177 0.15567173715574195 0.08211556601731455 0.13716853830352152 0.07918953585748613 0.14010456344016775
0.11880816276830174 0.10124693984338229 0.17287131910424708 0.09273385454810938 0.1383436283362648 0.12686036676298296 0.1378551031789805 0.11128062545773125
0.08287885324799109 0.13370282849687792 0.11643871214082628 0.1333669280580901 0.10390876031764422 0.17920603547294003 0.090457568595922 0.1600403136697081
0.0758773726294266 0.14191702618815338 0.10267983146882045 0.13358079298280004 0.09576503914295367 0.19928036120276058 0.09060262480572526 0.16029695157936003
0.11384200427741663 0.10363322243193052 0.15188831918238757 0.09296468377091932 0.14343865477775514 0.144477248712345 0.13819824632214273 0.11155762052510318
0.09410225943268509 0.15823402642100365 0.12803268336280713 0.1530286493457418 0.0905197529967197 0.16051183544964978 0.07784500858022518 0.13772578441116765
0.07754544020220544 0.1528105852920338 0.104869495149238 0.13254632089868476 0.09224995895021376 0.19102163155879023 0.08990098287041226 0.15905558507842169
0.07426407145153084 0.15076130289820766 0.09918200434153447 0.1323444900307317 0.09239845479285708 0.20247219955785092 0.08976408889040934 0.15881338803687803
0.11339993315364072 0.10548643815893875 0.1506706135287697 0.09296302392518017 0.14231239834652515 0.14541618532675998 0.13819577884996934 0.1115556287102162
0.1406461408478262 0.10845303237227266 0.19105666134590615 0.10446433957912099 0.13509861667205225 0.10979336077712996 0.11646994278448265 0.09401790562120889
0.08663648221146955 0.13846726195916192 0.12033322706427624 0.13218001390563436 0.10269206275936422 0.1714224042425543 0.0896525311707781 0.15861601668676123
0.1165380447061606 0.10259684926461671 0.1577008772494423 0.09262707520600247 0.14534757406652313 0.13634072074486014 0.13769636851519174 0.11115249024720296
0.1083774530215676 0.08244091865989575 0.23737753800862804 0.12784019435110833 0.10403483257747657 0.08234061207685162 0.14253227638847454 0.11505617491599752
0.10465150381742849 0.07764020581012017 0.2721368234785359 0.12634273630482204 0.09323450481802845 0.07142304067925934 0.14086272241746578 0.11370846267433984
0.11979192837735059 0.08866538638354003 0.20870105434490274 0.09113504476389542 0.13989186855517424 0.10697429880646278 0.13547836505199976 0.10936205371667451
0.12302528158718502 0.09003258125208981 0.18521118273505727 0.08995345692197923 0.1544514977661013 0.11565999606659842 0.13372185536461392 0.10794414830637508
0.12392986309035663 0.09029235692290688 0.17691986873632265 0.08990413703537495 0.15939267928111892 0.11802759245082318 0.13364853804064694 0.10788496444244994
0.1092801502880037 0.07950098574170168 0.24496500585352354 0.1265787825698628 0.10630407513877418 0.0783241997076643 0.1411258963875933 0.11392090431287655
0.09433155750145948 0.15202955074402338 0.155113724696608 0.15561139557306003 0.0843109400410522 0.13939373507131242 0.07915884035673054 0.14005025601575402
0.07798812841770854 0.15173143205183554 0.11175392636618373 0.13329489239406778 0.09132748362555336 0.18354155664796723 0.09040870962380247 0.1599538708728813
0.10143275954306577 0.0936421880103604 0.21998923996413142 0.13183277906655066 0.09433365053120402 0.09313617133268275 0.14698371039210945 0.11864950115989559
0.12000479436034817 0.09280046996392728 0.19190863396048666 0.09214967328952874 0.14159700619995694 0.11397313577627192 0.1369866785020457 0.11057960794743447
0.10803267139029885 0.07977059096623981 0.2517179321544676 0.1263817906568418 0.10204720281170208 0.07739993532382833 0.1409062651054639 0.11374361159115762
0.1040447959111275 0.07677592939636643 0.2778215309968398 0.12565343224133696 0.09233315195019051 0.07018887065965385 0.14009419982728166 0.11308808901720328
0.08124299791576789 0.13171487512161828 0.14312916880272233 0.13563175476499525 0.09480170994503603 0.15872767580430394 0.09199371192756202 0.16275810571799432
0.10130949312244222 0.08913939256989276 0.2336682485925178 0.13065653875586994 0.0942397220907667 0.08772342976339959 0.14567229022482808 0.11759088488028294
0.08066075949873566 0.13538944273604492 0.13231608113002555 0.1357405198154724 0.09517818707114649 0.16575890296473123 0.09206748300527692 0.16288862377856683
0.11489271916680345 0.10365698219285199 0.16204862676684725 0.09269639428172881 0.14284445743602492 0.13482573104065151 0.13779941597701773 0.11123567313807456
0.08161820667616754 0.13873684299134567 0.11320171214624881 0.13231345444668527 0.10430313670983528 0.1813074630255086 0.08974303866818653 0.1587761453360223
