0.125 0.125 0.125 0.125 0.125 0.125 0.125 0.125
0.09592326139088728 0.15987210231814547 0.08633093525179857 0.14388489208633093 0.11990407673860912 0.19984012789768185 0.10791366906474821 0.08633093525179857
0.06430745814307458 0.11377473363774733 0.056062912227295786 0.09918822932521562 0.12861491628614916 0.22754946727549466 0.11212582445459157 0.19837645865043124
0.07068007980263104 0.12504937195850105 0.0883500997532888 0.15631171494812635 0.08481609576315725 0.18119846013259752 0.10602011970394655 0.1875740579377516
0.09851877475422122 0.07758353511894923 0.19703754950844243 0.15516707023789847 0.08588816260624416 0.07875472645692162 0.1717763252124883 0.13527385610483453
0.06408885454516519 0.10681475757527532 0.06810165562067838 0.0961332818177478 0.12817770909033038 0.22905723953400972 0.11535993818129735 0.1922665636354956
0.06474825079468785 0.10818408168780022 0.05330809822297402 0.09431432762526173 0.12229504886446979 0.26190534110833485 0.10661619644594804 0.18862865525052347
0.09939093229873865 0.07561136454679988 0.18733561962341463 0.15122272909359977 0.08430102883053658 0.09743581176159753 0.16860205766107317 0.1361004561842398
0.09530608312957543 0.07505354046454066 0.2236662734352245 0.15010708092908132 0.08308735452321961 0.07574237509784842 0.16617470904643922 0.1308625833740709
0.09076780754777367 0.15127967924628943 0.11181935924515063 0.13615171132166048 0.11345975943471709 0.2127168729201669 0.10211378349124539 0.0816910267929963
0.07401183026515067 0.12055446323602909 0.09421723753448144 0.15069307904503637 0.08176737506443711 0.19571510117027532 0.1022092188305464 0.1808316948540436
0.09404525965737238 0.07406064198018077 0.21756673263784512 0.14812128396036153 0.08198817508591438 0.09111018074618175 0.16397635017182877 0.12913137576031516
0.06150076568504149 0.1025012761417358 0.08090477219727857 0.09225114852756222 0.12300153137008298 0.24463683079009987 0.11070137823307466 0.18450229705512444
0.07076866804456951 0.11821363737919195 0.09001955065717787 0.14776704672398996 0.08017968448327803 0.21550635103890728 0.10022460560409753 0.1773204560687879
0.09283362148717164 0.07310647692114768 0.22132759706865854 0.14621295384229535 0.08093187514266247 0.09625602190304601 0.16186375028532493 0.12746770334969337
0.06083069186101628 0.10138448643502714 0.08361803808587863 0.09124603779152443 0.12166138372203256 0.24927204117164295 0.1094952453498293 0.18249207558304886
0.05957668819350227 0.09953040900211839 0.05302300701469943 0.08677010015569296 0.11251263626326427 0.31695901975290125 0.09808793930643553 0.17354020031138592
0.10750173842397463 0.08194139505415782 0.13355320792575262 0.10242674381769726 0.12181138727453908 0.17758920082946802 0.15226423409317383 0.12291209258123671
0.1068806124189461 0.07294690081979954 0.2042176595238169 0.14589380163959909 0.08133035061550785 0.0947655522756755 0.1626607012310157 0.13130442147563917
0.08953850656211204 0.07051157391766325 0.2658476557003333 0.1410231478353265 0.07805921084902075 0.07595822635029499 0.1561184216980415 0.1229432570872077
0.07772817855597493 0.11927859216694318 0.12253645331160741 0.149098240208679 0.08090200164366582 0.17041114380813266 0.10112750205458229 0.1789178882504148
0.09141751506600655 0.07199129311448016 0.23860706416032887 0.14398258622896032 0.07969732082677494 0.08938629864772862 0.15939464165354988 0.12552328030217055
0.06941186972185893 0.11568644953643156 0.13447251408387098 0.13882373944371787 0.08676483715232367 0.17719311117436112 0.10411780458278841 0.17352967430464733
0.08560622271178242 0.14267703785297073 0.1036010534852701 0.12840933406767366 0.10700777838972803 0.2593459725012157 0.09630700055075522 0.07704560044060418
0.07357908924307673 0.11304843968579652 0.0945179021123339 0.14131054960724565 0.08498855433953043 0.22713738922797275 0.09584541625534924 0.16957265952869477
0.1001366261276337 0.0716514232508086 0.206747014150111 0.1433028465016172 0.08665354608740503 0.10276400242394211 0.15977197960702694 0.12897256185145548
0.10142791364238225 0.07987448199337603 0.18685697599632453 0.09584937839205125 0.13763308770649152 0.1264045688157368 0.1521418704635734 0.11981172299006404
0.11630240855094133 0.079661294161116 0.17459273743589787 0.09957661770139499 0.1348408253970965 0.12750684531696985 0.14802733019490955 0.11949194124167399
0.07830121633341648 0.11474527777550916 0.11293315396302882 0.14343159721938645 0.09653322954576078 0.18465356864648552 0.09728403985314908 0.17211791666326373
0.06772913708146999 0.11288189513578333 0.10518609325172247 0.13545827416293998 0.09885005794553263 0.20897799409667173 0.10159370562220499 0.16932284270367498
0.07408612901999423 0.11384178327935643 0.09934146397312371 0.14230222909919554 0.09072277276699775 0.2124249132924083 0.09651803364988916 0.17076267491903466
0.0747640560784711 0.11340590194628321 0.0979996094867932 0.141757377432854 0.0925907807713232 0.21322493927995806 0.0961484820848923 0.1701088529194248
0.10130296186514827 0.06998323721850451 0.21168539171384756 0.13996647443700902 0.09609464090521239 0.09894529312899153 0.15605217373797867 0.1259698269933081
0.10242342186788587 0.0671998809940761 0.2554333943950174 0.1343997619881522 0.09309092961245853 0.07664712056926741 0.1498457047838055 0.12095978578933698
0.10069714902398089 0.06581131737152607 0.2742692705031415 0.13162263474305214 0.09077680448667662 0.07161303744905498 0.14674941515382084 0.11846037126874695
0.07912118658525405 0.11358604112236695 0.140606883448448 0.14198255140295868 0.09495340193362106 0.16306966504614218 0.09630120877765894 0.17037906168355038
0.10015470021743228 0.06855956066508033 0.23414834876906146 0.13711912133016066 0.09468564356443976 0.08904782874380046 0.1528775875128806 0.1234072091971446
0.07907389251576587 0.11375269632275592 0.13218019804539996 0.1421908704034449 0.09576080008156256 0.16996999474286115 0.09644250340407567 0.17062904448413385
0.10033140083888135 0.06868224229591269 0.23132041345276344 0.13736448459182538 0.09501848840674548 0.09050378504228328 0.15315114923894557 0.12362803613264282
0.07907035449327546 0.11370650203852667 0.1317338232215895 0.14213312754815835 0.09579045897452118 0.17060264198130107 0.09640333868483783 0.17055975305779
0.10030879794849745 0.06866322564080991 0.23134028373254967 0.13732645128161983 0.09500497947671317 0.09065371082997889 0.15310874493637314 0.12359380615345784
0.10072560382731044 0.066087629679104 0.2687424765241128 0.132175259358208 0.09152018571890409 0.07442556111089672 0.1473655503590767 0.11895773342238723
0.09944104240855264 0.06511494053067166 0.28240040782785053 0.1302298810613433 0.0896380994178468 0.07077213706296855 0.14519659873555738 0.11720689295520899
0.09870975871395497 0.0647610606529684 0.28736168792695127 0.1295221213059368 0.08884501712796901 0.06982294567070504 0.14440749942617134 0.11656990917534313
0.09839622952341964 0.06463285453873417 0.28916533094511226 0.12926570907746834 0.08853795771809898 0.06954116110077527 0.14412161892666991 0.11633913816972151
0.1318621960248709 0.08666101460218782 0.24305032759850922 0.10832626825273477 0.11864485741615352 0.09318598962615289 0.12077570505192965 0.09749364142746128
0.10756283142786936 0.06456072454316544 0.270755331259976 0.1291214490863309 0.09431807356217775 0.07351150614056 0.14396077980222263 0.1162093041776978
0.11977251188866733 0.07566862134390538 0.2064301711084161 0.09458577667988172 0.13988020954298083 0.10955166760960064 0.14060810981068983 0.11350293201585807
0.10621324289031817 0.06531731264453806 0.25684927034536453 0.13063462528907613 0.10069318079499552 0.07707334693085274 0.14564785834468635 0.11757116276016852
0.10256710285444949 0.06498230734808678 0.27729362650770734 0.12996461469617357 0.09218380299689026 0.07113954583574583 0.14490084653439053 0.11696815322655622
0.10122025141644624 0.06459191819556381 0.28496100388961404 0.12918383639112763 0.089991290486654 0.06975590987727731 0.144030336991302 0.11626545275201486
0.11798712712159098 0.07548286575581467 0.21075096082996803 0.09435358219476833 0.1395819800773011 0.108356248273418 0.1402629371134168 0.11322429863372199
0.1227952646644996 0.0748932844685817 0.18565192197710662 0.09361660558572713 0.15394703405892227 0.11758859065664198 0.1391673718856481 0.11233992670287254
0.1246663598109917 0.07484439005418515 0.1773494516930161 0.09355548756773144 0.15831466690267015 0.11992654304317174 0.139076515846956 0.11226658508127774
0.10995718636540935 0.06558458222706837 0.24483607947482855 0.13116916445413673 0.10493750834940341 0.07921940149768411 0.14624382962274646 0.11805224800872305
0.14037378614820123 0.08667169984521667 0.2268109695552044 0.10833962480652083 0.12411801309290403 0.09538964761344057 0.12079059661264337 0.09750566232586874
0.11186572438491124 0.06454740291585866 0.2638502533045298 0.1290948058317173 0.09658167031403271 0.07394374343877368 0.14393107456163107 0.11618532524854559
0.14035083813831248 0.08625014092457128 0.2331309465338742 0.1078126761557141 0.12140398737392459 0.09381691414194054 0.12020308819152004 0.09703140854014268
0.12919342824755908 0.07443529647513586 0.1923305629472144 0.09304412059391982 0.1477109957714681 0.11331631675715689 0.138316334494842 0.11165294471270379
0.11054489637848522 0.0651997658410983 0.2505144560918137 0.1303995316821966 0.1029052472189358 0.07769077775617872 0.1453857465173147 0.11735957851397695
0.14040658647128773 0.08645477526978261 0.22856536112885667 0.10806846908722825 0.12390629078821411 0.09484861685499156 0.1204882782211336 0.09726162217850542
0.08804901095748942 0.11109020716385784 0.12997051388009587 0.1388627589548223 0.10167250746291115 0.16953451519611373 0.09418517563892297 0.16663531074578675
0.07907644209560762 0.11247126647278258 0.10809509585841429 0.14058908309097823 0.0974108998304517 0.19829423919392827 0.09535607374866349 0.16870689970917385
0.1036556123504882 0.06866112705118782 0.22099890475363215 0.13732225410237564 0.09702188087061364 0.0956461267848263 0.1531040653947382 0.12359002869213807
0.09506426564886124 0.13037197196630523 0.14912096483130363 0.16296496495788154 0.08419650887648804 0.14871328612631857 0.08289956913074843 0.14666846846209336
0.13159216444692595 0.09460894814860807 0.2006912308024699 0.11353073777832969 0.12018808027358122 0.11473012993053332 0.12568319363331573 0.09897551498623612
0.08648191027711812 0.11128251092133783 0.12359700609100596 0.13910313865167231 0.10112850938015926 0.1771349425155655 0.09434821578113427 0.16692376638200676
0.13773129408947907 0.0896841049103238 0.1864661729412644 0.11210513113790475 0.12780334304266905 0.12032648069004331 0.12498885516420127 0.10089461802411427
0.10117531119729081 0.12848739793585587 0.13911409638567057 0.16060924741981983 0.08902352371118799 0.15534087481095044 0.0817012258613866 0.14454832267783785
0.10364548543816789 0.06922239885247809 0.24076889237425686 0.13844479770495619 0.08870907691688847 0.08524980193201648 0.1532640821153768 0.12069546466585925
0.0824828985663634 0.11309382160239359 0.13380612149145232 0.141367277002992 0.09562080536221619 0.16810445134287566 0.09588389222811632 0.16964073240359037
0.10369600775294063 0.06816383887921411 0.23135745686390818 0.13632767775842822 0.0959278591361441 0.08983706263342739 0.15199518699335202 0.12269490998258538
0.08240274244152931 0.11294806012155778 0.13157275612202826 0.14118507515194723 0.09705183246874595 0.16965713166966442 0.0957603118421903 0.16942209018233664
0.07818203146947048 0.11265322289803134 0.10855002867804486 0.14081652862253918 0.09675076497051462 0.1985572478616738 0.09551034115267876 0.168979834347047
0.11708826308417122 0.07770929719247918 0.15647039539600963 0.09713662149059897 0.14619426119190918 0.1444371039088942 0.14440011194721877 0.11656394578871877
0.10933023475144901 0.0661897858065213 0.2370482469647149 0.1323795716130426 0.10426789235369355 0.08404931078280618 0.14759334327603404 0.11914161445173832
0.10566483493608489 0.06520699538085896 0.26947335725015764 0.13041399076171792 0.09389120525700088 0.07257515741668838 0.14540186731194518 0.11737259168554613
0.08266190967380212 0.11262984457559215 0.14014961093092015 0.1407873057194902 0.09649228680019263 0.16284375503556914 0.09549052040104553 0.16894476686338822
0.13644857313345715 0.0896436212625414 0.1926396324513781 0.11205452657817674 0.12641566145306277 0.11701647634446051 0.12493243485656422 0.10084907392035906
0.08726840122979937 0.11110456513179555 0.12168199341186665 0.13888070641474443 0.10234625801682896 0.1778638793985754 0.09419734869869623 0.16665684769769332
0.10499053513582209 0.06823605649791584 0.2261171609431946 0.13647211299583167 0.0975008478074054 0.09170216341927419 0.15215622150430783 0.1228249016962485
0.14002881790673324 0.08732859585397602 0.22096129668108405 0.10916074481747004 0.12376932987493988 0.09880046038283471 0.12170608414723898 0.09824467033572301
0.11218711750844529 0.0646180327771315 0.26152388077595196 0.129236065554263 0.0974061850013017 0.07462769077357059 0.14408856861049918 0.1163124589988367
0.1406329343642804 0.08617361389504592 0.23216599135504848 0.1077170173688074 0.12234124551008688 0.09392744609196975 0.12009643578283452 0.09694531563192665
0.11188263313580989 0.06432645631590814 0.2656740543874972 0.12865291263181627 0.09672481441203555 0.07351311112745253 0.1434383966208459 0.11578762136863464
0.0836965013317982 0.11245800880694362 0.13921411948374632 0.1405725110086795 0.09699619686983321 0.16303081573487058 0.09534483355371307 0.1686870132104154
0.10375298004571047 0.0680012389338189 0.23339225143872105 0.1360024778676378 0.09600608116894037 0.08881012708052818 0.15163261338376927 0.122402230080874
0.10476696248779459 0.06550460541073405 0.2685589654075535 0.1310092108214681 0.09254629690654233 0.07364017596742702 0.1460654932591592 0.1179082897393213
0.10368081886346382 0.06459197011517623 0.28135365498112863 0.12918394023035246 0.09067855385384113 0.07021506298443213 0.14403045276428844 0.1162655462073172
0.10297325832695638 0.0642702272142312 0.28599094984579704 0.1285404544284624 0.08989347133554458 0.0693322157468827 0.1433130141165096 0.11568640898561616
0.10265048457729126 0.0641564701639407 0.28767348040168206 0.1283129403278814 0.08959123611602002 0.06907438924506534 0.14305935287302599 0.11548164629509325
0.0820334819019156 0.11244444987196563 0.1441739280757388 0.14055556233995706 0.0954650453552312 0.16132751971231588 0.09533333793492739 0.16866667480794845
0.10248602365307152 0.07519608916684606 0.23404593710446095 0.13447687127529587 0.09490518490372737 0.08792903386428574 0.14993167588454628 0.12102918414776628
0.1382872381085268 0.09342905494613617 0.2227585668155311 0.10815819570849874 0.12218174663466523 0.09725450494115957 0.12058831670783368 0.09734237613764887
0.11121706209550844 0.07058467054108188 0.2613291571922129 0.12815521321812498 0.09655650712795899 0.07393419901247293 0.1428834989163274 0.11533969189631249
0.12210564962477684 0.08047222720091504 0.20225374928300707 0.09353174893712793 0.14163021076117588 0.10872708869026557 0.13904122677817823 0.11223809872455351
0.08402858028015839 0.11947270291171365 0.12301445526714606 0.13737215277446901 0.10479579724118686 0.1732955724011059 0.09317415579485724 0.16484658332936278
0.10346523079508431 0.07605935334867975 0.22528856617948068 0.13509956814776228 0.09743883186203656 0.09043290190653996 0.15062593642743047 0.12158961133298604
0.08175193254169213 0.12091179964778022 0.12943245670873857 0.13986242984070993 0.09673278027936809 0.168610471889595 0.09486321328326412 0.1678349158088519
0.07710205074728459 0.12506707116591656 0.1068651054187816 0.13870038079913505 0.09561174262700563 0.19613815139306634 0.09407504088984814 0.16644045695896204
0.1025263873984787 0.0769894944107949 0.21913356525163563 0.13607949012520076 0.0961405761714998 0.0949404692259408 0.15171847630376858 0.12247154111268069
0.10456744772135478 0.07078633132796862 0.26255869054193637 0.13090205152160542 0.09272232388697406 0.07470528999394092 0.14594601863677498 0.11781184636944485
0.10343079710957599 0.06920594286243438 0.2785210310159989 0.1286992263904801 0.09060149285025106 0.07022217301432208 0.1434900330055054 0.11582930375143209
0.11994805693093459 0.08029748913248057 0.20776087590947498 0.09345750870177351 0.1397660132376292 0.10769018196353962 0.13893086368203944 0.11214901044212823
0.08362657070025606 0.11942087061360857 0.12423461292192965 0.13733133269910702 0.1045707714097756 0.17287177328134823 0.0931464691350465 0.1647975992389284
0.07650451675132164 0.13366327315206475 0.10456172374365098 0.1366524557923723 0.09619115772426094 0.1957579123915256 0.09268601349395687 0.16398294695084675
0.11483070916180771 0.09508016999105211 0.1529467971699995 0.09515950541192619 0.14411115868921645 0.14221925697679333 0.1414609961048933 0.11419140649431143
0.1080081893501355 0.07720966989418146 0.23393897424097074 0.13078863649855435 0.10338017135364903 0.0831450164639294 0.14581956934988075 0.11770977284869891
0.10468953171366502 0.0738899435473249 0.2670447623021171 0.1290923756874695 0.09325099731678961 0.07192088618176257 0.1439283651321488 0.11618313811872254
0.08142606619939848 0.12616032277196743 0.13825008832414099 0.13847360349988372 0.09522974903231521 0.1603706192507733 0.09392122672166027 0.16616832419986047
0.1019166227917263 0.0824943889219046 0.23056446900353808 0.13361955358342298 0.09464021600633415 0.0875313208309529 0.14897583063704023 0.12025759822508068
0.10362334415296118 0.07479183597580796 0.2661755242775493 0.12961064544129705 0.09175451694757704 0.07288835507682086 0.14450619723081923 0.11664958089716734
0.1197913588597378 0.08501512630934617 0.20355345099788907 0.09318152423003366 0.13996763391014366 0.10815248238828164 0.13852059422852767 0.1118178290760404
0.0957810091406524 0.14598925681971656 0.1413858064358498 0.15701944640029386 0.08995532523045453 0.14867654452218415 0.07987510969058427 0.14131750176026447
0.10488390636610649 0.08462930409450697 0.23121892396403348 0.1329629824627613 0.09315948243650488 0.08523491362425432 0.1482438028353473 0.11966668421648517
0.12084340157583187 0.08694815665827228 0.19297275306830225 0.09384304305321592 0.1412729065582993 0.11200410103266241 0.13950398638955677 0.11261165166385909
0.10799137011260854 0.0751779978593962 0.24952527754802378 0.1289843291750243 0.10146534516742212 0.07696188254605832 0.14380790133394503 0.11608589625752189
0.10412808255885024 0.07323343864606247 0.2728312363316397 0.12833723310980552 0.09237393911664872 0.0705061229261912 0.1430864375119772 0.11550350979882497
0.10257592537410606 0.07251720764737721 0.28167826367227355 0.12747574150049093 0.0899176757285534 0.06898108006874706 0.14212593865801004 0.11472816735044185
0.10194018711391765 0.07222238711344194 0.2849625238810287 0.12709238823596292 0.08916613261347378 0.06853470325329462 0.14169852837651384 0.11438314941236662
0.10168803308751032 0.07210686183382886 0.286173687609724 0.1269442249221187 0.08891747197223136 0.06838658080613881 0.1415333373385413 0.11424980242990684
0.10159078581627062 0.07206317946197696 0.2866194587074759 0.12688897240463728 0.08883134122741405 0.0683344523131798 0.1414717349048717 0.11420007516417356
0.08079386866397281 0.12562752524391246 0.14259870436311303 0.1382621665015421 0.094196922636648 0.15882839550965416 0.09377781727930683 0.1659145998018505
0.07619931372614315 0.1352707256870057 0.10885832875299777 0.1370422159465354 0.0942710334779236 0.19095735071851036 0.0929503725550414 0.16445065913584248
0.10159208652529358 0.08437925178606362 0.21869028682652958 0.13481178257178048 0.09529257743243853 0.09359833355654545 0.1503050769867463 0.12133060431460244
0.10397041487607099 0.07533532760475192 0.26173477100355297 0.13018202410954072 0.09226972250505788 0.07420067639672703 0.1451432418057118 0.11716382169858663
0.10296483396915705 0.07308798399748327 0.27766579669064656 0.12806999545805067 0.09027287122756295 0.06988703527147491 0.14278848747337888 0.1152629959122456
0.11937107969173767 0.08458520452865292 0.20701533381965903 0.09294994739724871 0.13921200457892718 0.10715015339415115 0.13817633971292495 0.11153993687669846
0.10716345576518116 0.07453650568821706 0.25494565017616583 0.12835292714822852 0.10058295627436023 0.07579693532081945 0.14310393519362194 0.11551763443340568
0.1037531978771502 0.07301889711520257 0.27485090717848 0.12808453697893873 0.09202700295101446 0.07018467443418833 0.14280470018398095 0.11527608328104486
0.10242234872127616 0.07244062791600643 0.2824234052067673 0.12738167102647885 0.0897862131318524 0.06888117297411687 0.14202105709967117 0.11464350392383096
0.08096371510092779 0.1257454831232069 0.1416724727036716 0.13831502290039271 0.09442788246710489 0.15908372851787153 0.09381366770635333 0.16597802748047125
0.11574180365324349 0.09372640149047755 0.16497306111257196 0.0949381329281718 0.14320925937779627 0.13235367088444158 0.14113191103949121 0.11392575951380615
0.12262378055406002 0.08728910676666365 0.16967937934828023 0.0926088804541904 0.15592915528440676 0.12306972025278305 0.13766932079458752 0.11113065654502848
0.12398056372013179 0.08601045057723657 0.17063581641252032 0.09215849062734795 0.15941386765147628 0.12021083619154661 0.1369997860669232 0.11059018875281752
0.1092459757229712 0.07540297721584174 0.240331188921772 0.12952543240311026 0.10578413167200906 0.07872621384907348 0.14441119105242295 0.11657288916279925
0.10469327065355369 0.07346144555309247 0.2693263085973953 0.12869887999383886 0.09351092284776454 0.07099053356079926 0.14348964679910092 0.11582899199445496
0.10281745444164424 0.07262792711900722 0.28037347486210984 0.12762873394077373 0.09025069704235805 0.06913933823583146 0.14229651381157907 0.11486586054669636
0.1020377950737564 0.07226742504804198 0.28448053139550533 0.12715103414386847 0.0892725883678659 0.06859078105421211 0.1417639141872683 0.11443593072948165
0.1017259906681319 0.0721240222532088 0.28599600608882475 0.12696597394216053 0.08895385599077153 0.06840718863613132 0.1415575858728267 0.11426937654794446
0.13564118595343083 0.09621160029463682 0.23909041769358302 0.10587825599934975 0.11860598197725257 0.09123577360544534 0.11804635407688696 0.09529043039941477
0.1095724895307574 0.07495998737781909 0.2667419169705337 0.1265222669946736 0.09508741169981803 0.07218300139235437 0.14106288573883752 0.11387004029520621
0.12106868713413318 0.08479691304884458 0.20337200620289345 0.09287835059347066 0.14067753134761207 0.10768258470551302 0.13806990625536833 0.1114540207121648
0.08327409002386144 0.12652487820357114 0.1225510722408127 0.13612480131022456 0.10415030772086145 0.17169696282233382 0.09232812610606536 0.16334976157226946
0.1026782117145569 0.08280319001567696 0.22392775641844243 0.13398542207171485 0.09685215103327026 0.08978264218392817 0.14938374669786716 0.12058687986454335
0.12036126570741343 0.08677343053660133 0.19069023853395728 0.09394217573960277 0.14257718207578723 0.11327374273307837 0.13965135378603635 0.11273061088752333
0.10795441529110553 0.07520981597325706 0.2486343450033218 0.1290777307573683 0.10181077003711658 0.07723092812820824 0.14391203712799122 0.11616995768163146
0.12097649169103453 0.08509527001211994 0.19782761886943087 0.09319902907526628 0.14321773065928217 0.10929840844588198 0.1385466163566645 0.11183883489031954
0.1234123318547254 0.08561709091946579 0.17980495917557252 0.09207407388422889 0.1551903278603566 0.11653803273608068 0.13687429490849548 0.11048888866107466
0.08355262988932181 0.1264651060779296 0.11707579778995696 0.1358587428166306 0.10709830760439121 0.17477125540096794 0.0921476690408451 0.1630304913799567
0.11636166898812714 0.09376935533373124 0.15667437767024786 0.09483472140949095 0.14720087255966188 0.13637915547592952 0.14097818287142236 0.11380166569138914
0.10819772511889551 0.07692064581752572 0.23533016691299452 0.1305618858268956 0.10389620588934947 0.08202091391746004 0.14556675927267312 0.11750569724420602
0.08201658869695326 0.12675675016994223 0.13102061627460823 0.1384698022557611 0.09749417255432838 0.16415965885497721 0.09391864848651624 0.1661637627069133
0.10226524118370496 0.08273820591451046 0.22762934382449218 0.13389554659144476 0.09532173160868687 0.0883603967003692 0.1492835422444914 0.1205059919323003
0.10380000257069352 0.07489336582421356 0.265064313735067 0.1297408473792564 0.09198774785045262 0.0730955973239049 0.14465136267508139 0.11676676264133075
0.08127709074326665 0.12639681989373694 0.13780136781311697 0.13851752123165026 0.09498663761457422 0.16084852282507708 0.09395101440059757 0.1662210254779803
0.1018994948172913 0.08253828633108591 0.2303926002797672 0.13364453278964447 0.09461207098065265 0.08762925470302098 0.14900368058785735 0.12028007951068001
0.08093489515352513 0.12804665237449167 0.1299011179428191 0.13867717208552385 0.09555749408915354 0.16641076252428527 0.0940592993275727 0.16641260650262862
0.10207473001926591 0.08295108250646252 0.22723815709142745 0.1339893452128842 0.09496994547101621 0.08879820829984868 0.14938812070749924 0.12059041069159578
0.10377602933755056 0.07493423517459319 0.26492966001803503 0.12976916118119308 0.09193277085791268 0.07318296791637136 0.1446829304512705 0.11679224506307379
0.0812728490481194 0.12640589189219303 0.1377702698857074 0.138518742048241 0.09497493227097599 0.1608829819641541 0.09395184243271999 0.16622249045788917
0.13363749291675 0.10824850870336854 0.18883453651197232 0.1095448364997065 0.12407825977553397 0.11493169503355842 0.12213431770937426 0.09859035284973584
0.1269322874905143 0.08895968548394846 0.17705665225795178 0.0921356741789997 0.1492610499081623 0.11812597378161814 0.13696586788400553 0.11056280901479965
0.12507777504438974 0.08620651715912891 0.17302720844624309 0.09211103184438568 0.1572264743084797 0.11888851958559048 0.13692923539851962 0.1105332382132628
0.08383024960761976 0.12655790379158582 0.11552744457832653 0.13582933893379348 0.10750886543656808 0.17562326539385084 0.0921277255377034 0.16299520672055218
0.07644586725656083 0.1349510254060011 0.10252409831845487 0.1364646325782331 0.0967312039863081 0.19656699300315186 0.09255862035741028 0.1637575590938797
0.10180525972680073 0.08446863522128294 0.2160174530365536 0.13500158332210535 0.09596763344187492 0.0947213196023642 0.15051669065912343 0.12150142498989483
0.10410552595404363 0.07540999393030802 0.26071402772144875 0.13029603280785668 0.09248736916624999 0.07445026789679947 0.1452703529962223 0.11726642952707102
0.08134258980146435 0.12652971883306985 0.13682462034335097 0.13855673024177514 0.0951080211236267 0.16139263502868328 0.09397760833789966 0.16626807629013013
0.1019461325042464 0.08258009502039947 0.2300023350632401 0.13368688413855076 0.09466663762603318 0.08774882074149501 0.14905089918133943 0.1203181957246957
0.10364953728677065 0.07481671534523582 0.2659647451531765 0.12963697944889724 0.09178386024423665 0.07293932333360674 0.144535557684069 0.11667328150400752
0.11980126733623402 0.08502088558447748 0.2034879445742412 0.09318423339019685 0.13999036179240693 0.10816960567713865 0.13852462157706877 0.11182108006823623
0.1073830405545526 0.07467649193005513 0.2535835370176527 0.1285085310955269 0.10085877265679435 0.0760545267768194 0.14327742198262475 0.1156576779859742
0.12073238595423068 0.08494882249387815 0.1993395545185102 0.09311256946159191 0.14280433381053226 0.10890916207339786 0.13841808833394859 0.11173508335391029
0.08321141070267565 0.12655796512554868 0.12163895179917801 0.1361327292550291 0.10460453290666749 0.1721616317840639 0.09233350332080234 0.1633592751060349
0.1026905034570073 0.08282919180229024 0.22355534829758344 0.13402106274390105 0.09697450062831352 0.08988695321379053 0.1494234833876031 0.12061895646951093
0.08107025010148222 0.12810244377479363 0.1283532997412146 0.13868048289293156 0.09605776916239045 0.1672576299369857 0.09406154491868401 0.16641657947151786
0.0756710607890889 0.14161422619026814 0.10498165413660074 0.1358230699663837 0.0939677579600014 0.19283107345557962 0.09212347354241679 0.16298768395966046
0.0742417032332959 0.14418053059777083 0.09921432586111273 0.13489992193668623 0.09293264715808001 0.20115362653197422 0.09149733835705676 0.16187990632402346
0.10092751335328697 0.09014641831038836 0.2137860607967654 0.13431076048438076 0.09485319825756067 0.0953498896126715 0.14974647474900363 0.12087968443594269
0.08033693582150087 0.13380342861224054 0.1256009753614361 0.13782889829987213 0.0951032898843613 0.16844784564865514 0.09348394841208721 0.16539467795984655
0.10164255844986282 0.0878400235226637 0.22471269647054629 0.1333980906844695 0.09462391221392276 0.0889955210107233 0.14872891603178912 0.12005828161602256
0.10348896269343497 0.07815980502881248 0.2635314345269387 0.12937528319120356 0.09168870906061433 0.07307426474060068 0.144243785886312 0.11643775487208319
0.11948976782208803 0.08813698925822294 0.2024191541984544 0.09287472679697513 0.13963219778610414 0.1079329727432967 0.13806451923848842 0.11144967215637017
0.08262887012219935 0.13140359637726828 0.12187436576422128 0.13535137595755112 0.10348888429019028 0.17102771438569117 0.09180354195381728 0.1624216511490613
0.11558276990667646 0.09894036654416942 0.15764117349267817 0.09425626164947427 0.1454157890442707 0.13493786179697917 0.14011826358638266 0.11310751397936912
0.08161412447279241 0.13374338384630802 0.11139086816637926 0.13491918284232712 0.10431963618447726 0.18059938280125784 0.09151040227566537 0.16190301941079255
0.10198182062336107 0.09023007837324687 0.21814929542929043 0.1332594767541058 0.09665124458852659 0.09122018330901713 0.14857437184375674 0.1199335290786952
0.10360987537487416 0.08007064822617878 0.26074511808355416 0.12934274969863854 0.09214362912463768 0.07347199129336747 0.14420751346997462 0.1164084747287747
0.1025327899304397 0.07722337881100852 0.27670704978343597 0.12740293901789407 0.08992703259803757 0.06949939542014384 0.1420447693229356 0.11466264511610468
0.10174227803658463 0.07632383142608173 0.28260547630722566 0.12666043595677245 0.08899119707248841 0.06846545501929066 0.14121693382046122 0.1139943923610952
0.08034387953415603 0.13206351027398586 0.1410776335195553 0.13722854206933197 0.09366155943974809 0.1578738744069124 0.09307675027311213 0.16467425048319836
0.10093210392957394 0.08925797788002895 0.23053055362247113 0.13233862469574315 0.09366756460227124 0.08662072252475743 0.14754769051898528 0.11910476222616884
0.13641933451445465 0.10545007388001604 0.21981774073603988 0.1066623997608882 0.12078795294838152 0.09594572252260924 0.11892061585281118 0.09599615978479938
0.10996550337654946 0.0813474138898526 0.25860211622107454 0.1264722334761419 0.09570728551300278 0.07307333529533169 0.1410071020995194 0.11382501012852769
0.08176078748649865 0.13342903289174074 0.13558233086928012 0.13712340818870958 0.09503886375727456 0.15951204490422446 0.09300544207582041 0.16454808982645147
0.1014135154782058 0.0896270759011557 0.22826910350729843 0.1325290280782157 0.09409667414797587 0.08702850153551997 0.1477599760812345 0.11927612527039415
0.10315315310234976 0.0797137355612838 0.26460884399790596 0.12891194468588135 0.09132457081117014 0.07253980359373775 0.14372719803037814 0.11602075021729322
0.10230030493331849 0.07706436165637419 0.2781467901832538 0.12722925419733683 0.08964560296120201 0.06925623358134358 0.14185112370956807 0.11450632877760314
0.10164172654988536 0.07626038365908128 0.283138463525791 0.1265953445998689 0.08889152265494203 0.06839238705547193 0.1411443618150777 0.11393581013988201
0.11843105590010107 0.0888265550258444 0.20818257075700028 0.09231239150984172 0.138061146189664 0.10618284074036184 0.13722857006537664 0.11077486981181005
0.1400773081094003 0.1039706090529173 0.2093727757215784 0.10483301591553572 0.13146722502398347 0.09904836246617692 0.11688098938642563 0.09434971432398213
0.12730726253030777 0.09314919428355281 0.1822395389119637 0.09075476887207046 0.15001265157556753 0.11271780178216939 0.13491305939788384 0.10890572264648456
0.12447194375678707 0.0914729614626778 0.1739037968873943 0.09133550728484277 0.15663328767510928 0.11680352813808878 0.13577636605328866 0.10960260874181132
0.10882982556711991 0.08017941651152044 0.24084256343270954 0.12857856009324228 0.10473430923668449 0.0777591219857727 0.1433554990890328 0.11572070408391806
0.10420401262195539 0.07759603992727697 0.26891300454050265 0.12796870567821886 0.09293892187351305 0.07053192332033108 0.1426755569278052 0.11517183511039698
0.1023558496332938 0.07656447971238152 0.2796681463959858 0.12696912298186433 0.08981330980843816 0.06879578396726509 0.14156109681709347 0.11427221068367789
0.08046616649410519 0.13215613006007476 0.14042780112352957 0.13725976342595814 0.09385361726008438 0.1580268790274919 0.09309792649760638 0.16471171611114974
0.132173768402185 0.11687362971247509 0.18837382724035479 0.10828325059078428 0.1226788679200995 0.11343398703326742 0.12072774356912816 0.09745492553170584
0.11008831419207335 0.08416305461946275 0.24646011245081226 0.12783436566911383 0.09708123545024532 0.07679621067306322 0.1425257778430269 0.11505092910220242
0.13834843438412545 0.10362868846971372 0.22468401342703057 0.10587676045989537 0.12095985381339283 0.09316847836993351 0.11804468666200275 0.09528908441390582
0.09831020258534352 0.15812802164254594 0.14518058462920394 0.15421430865370278 0.08524643223982248 0.1416794241459043 0.07844814831514446 0.13879287778833246
0.10457570206748167 0.0933362805201457 0.23128148067481505 0.13136340362437982 0.09134247646229483 0.083413201586834 0.14646039180210702 0.11822706326194184
0.10372334878727173 0.08022104202892984 0.26564431064597316 0.12868336164128127 0.09061582668680751 0.07182473973849794 0.14347234499408526 0.11581502547715317
0.1023878156387378 0.07711705841943396 0.27851652093881796 0.1271697806624642 0.08946283318784028 0.06910837339997945 0.1417848151565086 0.11445280259621779
0.08047427287869935 0.1323231278990824 0.14016593376033892 0.13727118101607474 0.09378126641655138 0.15815313020775632 0.09310567060220722 0.16472541721928965
0.10099106868843019 0.08932797451357183 0.2301632958824203 0.13237686864464263 0.09371903859832849 0.08669224222444609 0.14759032966798213 0.11913918178017836
0.13644740461902669 0.10547383876066133 0.21969270124164164 0.10667136384928005 0.12081109082760003 0.095968763095032 0.11893061014240627 0.09600422746435204
0.08527063948061951 0.1382518555571755 0.12529437309360947 0.13433267677212155 0.09895167226853332 0.1655869725429123 0.09111259815848244 0.16119921212654584
0.10238995087775303 0.09061905211303908 0.22376866162367773 0.13264733721387198 0.09507181325029686 0.08822869949042515 0.14789188193845132 0.11938260349248479
0.1370087870423385 0.10587095374043891 0.21746393833443967 0.10678518436385777 0.1213022342511564 0.09640472481820456 0.11905751152209215 0.09610666592747198
0.08537111541655833 0.13836830151951005 0.12479111163897563 0.13433736786717126 0.09905744402020811 0.16575403815228112 0.09111577994469007 0.16120484144060548
0.11585600218106644 0.1038775799599676 0.15806651251001144 0.09374534686509306 0.1434423280403895 0.13315905976113235 0.1393587544442279 0.11249441623811167
0.10748304942730028 0.08373133590174227 0.23485810034889196 0.129453798566911 0.1025848573371849 0.0810491150368801 0.14433132467086943 0.11650841871021991
0.12051795417621598 0.09150221053792044 0.192981195173977 0.09277070171644063 0.14305872310733725 0.10993449425886519 0.1379098789695147 0.11132484205972876
0.10738816556507055 0.08056513618201272 0.24858711456544286 0.12798097273361975 0.10138215503839515 0.07622434667607603 0.1426892337791253 0.11518287546025778
0.1373857472635372 0.10357628381010824 0.22530709424221504 0.10573572702351809 0.1220063991171775 0.09293914931695221 0.11788744490532539 0.09516215432116627
0.1264843930601233 0.0939737238269134 0.18741169113096132 0.09066123029362884 0.14686003385139956 0.11104144346603027 0.13477400801858855 0.1087934763523546
0.0834311367573297 0.13615857341373863 0.1179442897645362 0.13435631731584732 0.10450139905678435 0.1712520702985202 0.09112863261422689 0.1612275807790168
0.11534554138405233 0.10342635517886659 0.1557807767883278 0.09375414051732446 0.14521249784104173 0.1346038928707094 0.13937182679888832 0.11250496862078936
0.10743333549070869 0.08370377572752087 0.23393450643255087 0.12953906639857668 0.10302789485693091 0.08134986939508727 0.14442639193990564 0.11658515975871903
0.1040889013124836 0.07903270130580153 0.2662791986009141 0.12821553826014642 0.09276948190715135 0.0712694373430586 0.1429507568363125 0.11539398443413178
0.13612373512949918 0.10301917741127864 0.23156564867227644 0.10553947480390956 0.11942549028991228 0.0916723080434554 0.11766863832614992 0.0949855273235186
0.10940086290099897 0.08139690834082652 0.262952210254148 0.12579228477805887 0.09498477730345337 0.07201089007866417 0.140249010043597 0.11321305630025301
0.10351199567651771 0.07782978405018375 0.27707437313475647 0.12682787966279999 0.09020130698651459 0.0690059477358245 0.14140362105688298 0.11414509169652001
0.08058204327783544 0.1334562510493576 0.13972632745591515 0.1370602233364604 0.0938272276180182 0.15791307299567023 0.09296258626299053 0.16447226800375245
0.07519131474889687 0.14791286668146186 0.10700361505845628 0.13491689530337886 0.09302754733697861 0.1885386357792637 0.09150885072750914 0.1619002743640546
0.11342844404712574 0.10615024209354498 0.1524983504692534 0.09401381238742 0.14188023186058105 0.13945449780273741 0.1397578464744333 0.11281657486490398
0.10712564086688733 0.08431666151299963 0.2326947388684697 0.12972645782810852 0.10245704307193076 0.08229032640690769 0.1446353193993986 0.11675381204529768
0.10406821236076083 0.07918078781755418 0.2658280640942539 0.12828358639871482 0.09269616496299289 0.07146133117428298 0.14302662543259698 0.11545522775884336
0.10237187666226365 0.07750565049264217 0.2784413312110399 0.12700165726510199 0.0898031984904219 0.06897742422496667 0.1415973701149719 0.11430149153859179
0.13528359475572002 0.10241069008963137 0.2356823913844172 0.10525794985855483 0.118333328578965 0.09094513143860875 0.11735475902140366 0.09473215487269934
0.08496948095990572 0.13861750747944745 0.12880201802233365 0.13405895487590427 0.09830204872348267 0.16345230078070588 0.09092694330713508 0.16087074585108513
0.1332673592018101 0.11966289384747852 0.18354676391025326 0.10792830225869689 0.12365547264903526 0.11447173343236647 0.1203320026675322 0.0971354720328272
0.14450295742467878 0.11214830388906154 0.19990612493816778 0.10456293203456385 0.12739927770890921 0.10079389915885595 0.11657986601465553 0.09410663883110747
0.11223452625585158 0.08369964747823636 0.25032159144362576 0.12676744395530384 0.09741961658459451 0.07413023496946233 0.14133623975315218 0.11409069955977345
0.10455495924541794 0.07854037302160607 0.2722929664427867 0.12734516060169243 0.09104904713972817 0.06962649830655264 0.14198035070069287 0.11461064454152317
0.10225174106947213 0.0772136980956089 0.28081293775626787 0.12668492603901277 0.08926164224754748 0.06851438292243822 0.1412442384345411 0.1140164334351115
0.10146987895639528 0.0767812630533165 0.2840132982698612 0.1263423020697272 0.08866879265692562 0.068154154853279 0.14086223827774064 0.11370807186275449
0.11828224435726901 0.08956910730937254 0.20836023890938796 0.09220064913141518 0.13786525991743837 0.1060192639026582 0.13706245751476048 0.11064077895769824
0.10638860581685632 0.07985262342460613 0.25464376932860994 0.12738221553090992 0.0998455630217612 0.07522156471796032 0.1420216641814772 0.11464399397781894
0.08105033505679485 0.1339989138819843 0.13458909773116814 0.1369982183881246 0.09585054651957496 0.16019449562378885 0.09292053073281495 0.16439786206574952
0.10111418031989719 0.09129045451315942 0.2275704456233546 0.13227569752750873 0.09415525757955023 0.0870683052393108 0.14747753142246123 0.11904812777475784
