Action: 0
[0.14084472466419323, 0.09125225314396987, 0.2422940435474101, 0.09125225314396987, 0.16059996606854698, 0.09125225314397005, 0.09125225314396987, 0.09125225314396987]
[0.21612955387198346, 0.09798380576600206, 0.19596761153200412, 0.09798380576600206, 0.09798380576600206, 0.09798380576600206, 0.09798380576600206, 0.09798380576600206]
[0.22825436854147393, 0.09413674576192288, 0.20692515530410063, 0.09413674576192288, 0.09413674734481099, 0.09413674576192288, 0.09413674576192288, 0.09413674576192288]
[0.125, 0.125, 0.125, 0.125, 0.125, 0.125, 0.125, 0.125]
[0.14014830067270084, 0.08983246124897121, 0.28226949905854476, 0.08983246124897121, 0.12249575959471133, 0.09575659567815824, 0.08983246124897121, 0.08983246124897121]
[0.16662000840648197, 0.08937762249528534, 0.15143613082490717, 0.08924877709920243, 0.18779986445332061, 0.13702004252239766, 0.08924877709920243, 0.08924877709920243]
[0.125, 0.125, 0.125, 0.125, 0.125, 0.125, 0.125, 0.125]
[0.125, 0.125, 0.125, 0.125, 0.125, 0.125, 0.125, 0.125]

Action: 1
[0.0938556043788314, 0.0938460425353053, 0.0938460425353053, 0.0938460425353053, 0.20131144139677862, 0.23560274154786337, 0.0938460425353053, 0.0938460425353053]
[0.10196178561201524, 0.10196178561201524, 0.10196178561201524, 0.10196178561201524, 0.2039235712240305, 0.18430571510387803, 0.10196178561201524, 0.10196178561201524]
[0.1368682593359988, 0.1038680466340306, 0.08851901259453471, 0.08851901259453471, 0.18701374565811751, 0.21817389799371426, 0.08851901259453471, 0.08851901259453471]
[0.125, 0.125, 0.125, 0.125, 0.125, 0.125, 0.125, 0.125]
[0.09376310171374355, 0.0975784852720546, 0.09376310171374355, 0.09376310171374355, 0.17644613298990752, 0.25715987316932026, 0.09376310171374355, 0.09376310171374355]
[0.10459648974591496, 0.09234342065009105, 0.09234342065009105, 0.09234342065009105, 0.2035523485815869, 0.23013405842204288, 0.09234342065009105, 0.09234342065009105]
[0.125, 0.125, 0.125, 0.125, 0.125, 0.125, 0.125, 0.125]
[0.125, 0.125, 0.125, 0.125, 0.125, 0.125, 0.125, 0.125]

