Action: 0
[0.1087820823363071, 0.10877092403150784, 0.12686012164342064, 0.10877092403150634, 0.2205031758627391, 0.10877092403150634, 0.10877092403150634, 0.10877092403150634]
[0.12598886316113264, 0.10959300409492488, 0.21840518078398358, 0.10920259039199179, 0.10920259039199179, 0.10920259039199179, 0.10920259039199179, 0.10920259039199179]
[0.10914011473607334, 0.10866733788781882, 0.11175473079928763, 0.10866733788781881, 0.2173346757759141, 0.12710112713744978, 0.10866733788781881, 0.10866733788781881]
[0.125, 0.125, 0.125, 0.125, 0.125, 0.125, 0.125, 0.125]
[0.10960136596471083, 0.10918969009775563, 0.23519154251869256, 0.10918969009775563, 0.10925864102781847, 0.10918969009775563, 0.10918969009775563, 0.10918969009775563]
[0.2184481937744174, 0.10918905434585767, 0.12600256413275654, 0.10918905434585767, 0.10919097963483923, 0.10960204507455615, 0.10918905434585767, 0.10918905434585767]
[0.125, 0.125, 0.125, 0.125, 0.125, 0.125, 0.125, 0.125]
[0.125, 0.125, 0.125, 0.125, 0.125, 0.125, 0.125, 0.125]

Action: 1
[0.10925224490221083, 0.10925224490221083, 0.10925224490221083, 0.10925224490221083, 0.10925914647864655, 0.23522738410808847, 0.10925224490221083, 0.10925224490221083]
[0.10924560102985419, 0.10924560102985419, 0.10924560102985419, 0.10924560102985419, 0.10929753299448035, 0.23522886082639455, 0.10924560102985419, 0.10924560102985419]
[0.10920208020113126, 0.10920208020113126, 0.10920208020113126, 0.10920208020113126, 0.10958932335859603, 0.2351981954346164, 0.10920208020113126, 0.10920208020113126]
[0.125, 0.125, 0.125, 0.125, 0.125, 0.125, 0.125, 0.125]
[0.1087742492783989, 0.1270143836400327, 0.1087742492783989, 0.1087742492783989, 0.1087742493258806, 0.22034012064209227, 0.1087742492783989, 0.1087742492783989]
[0.10925321970713782, 0.10925321970713782, 0.10925321970713782, 0.10925321970713782, 0.10925321971185677, 0.2352274620453162, 0.10925321970713782, 0.10925321970713782]
[0.125, 0.125, 0.125, 0.125, 0.125, 0.125, 0.125, 0.125]
[0.125, 0.125, 0.125, 0.125, 0.125, 0.125, 0.125, 0.125]

