Action: 0
[0.10001905296426528, 0.09998753391369229, 0.12231289004395411, 0.09998753391369229, 0.2777281005693902, 0.09998982076762132, 0.09998753391369229, 0.09998753391369229]
[0.10235196341249427, 0.10235196341249427, 0.2835362561125402, 0.10235196341249427, 0.10235196341249427, 0.10235196341249427, 0.10235196341249427, 0.10235196341249427]
[0.10230263795168983, 0.10226994105568611, 0.18126288404712526, 0.10226994105568568, 0.20508477272260375, 0.10226994105583805, 0.10226994105568568, 0.10226994105568568]
[0.125, 0.125, 0.125, 0.125, 0.125, 0.125, 0.125, 0.125]
[0.11485935621868049, 0.10032886068530678, 0.2811057674575273, 0.10032886068528588, 0.10239057223864215, 0.10032886134398566, 0.10032886068528588, 0.10032886068528588]
[0.13538215149157265, 0.09701607642842945, 0.26344352364320284, 0.09676580797125457, 0.11706344408673235, 0.09679738043629893, 0.09676580797125457, 0.09676580797125457]
[0.125, 0.125, 0.125, 0.125, 0.125, 0.125, 0.125, 0.125]
[0.125, 0.125, 0.125, 0.125, 0.125, 0.125, 0.125, 0.125]

Action: 1
[0.10279841015996509, 0.10209046942164002, 0.10162180214105301, 0.10162180214105301, 0.20686637187239618, 0.1817575399817868, 0.10162180214105301, 0.10162180214105301]
[0.1035827720234827, 0.1035827720234827, 0.1035827720234827, 0.1035827720234827, 0.1035827720234827, 0.27492059583562095, 0.1035827720234827, 0.1035827720234827]
[0.10034760498276182, 0.10034760452733765, 0.10034760452733041, 0.10034760452733041, 0.11786413144607222, 0.2800502409345067, 0.10034760452733041, 0.10034760452733041]
[0.125, 0.125, 0.125, 0.125, 0.125, 0.125, 0.125, 0.125]
[0.10000344984127081, 0.10000344984127081, 0.10000344984127081, 0.10000344984127081, 0.27790090528345784, 0.12207839566891728, 0.10000344984127081, 0.10000344984127081]
[0.10472828215986456, 0.09974662174847132, 0.09974662174847132, 0.09974662174847132, 0.18059198398599055, 0.2159466251117883, 0.09974662174847132, 0.09974662174847132]
[0.125, 0.125, 0.125, 0.125, 0.125, 0.125, 0.125, 0.125]
[0.125, 0.125, 0.125, 0.125, 0.125, 0.125, 0.125, 0.125]

