Action: 0
[0.14527988918579968, 0.09218826558050718, 0.12104572046012783, 0.09218826558050718, 0.2727330624108326, 0.09218826562121119, 0.09218826558050718, 0.09218826558050718]
[0.1861178322104478, 0.09263136453561115, 0.21524547883522785, 0.09263136453561115, 0.09263136453561115, 0.13547986627626868, 0.09263136453561115, 0.09263136453561115]
[0.1740411115235695, 0.18264038033484578, 0.137791403588781, 0.09132019016742286, 0.13592224461871422, 0.09564428943182109, 0.09132019016742286, 0.09132019016742286]
[0.125, 0.125, 0.125, 0.125, 0.125, 0.125, 0.125, 0.125]
[0.1872324907517724, 0.11084767154034535, 0.2368506482034673, 0.09294902097927742, 0.09326884662730521, 0.09295327993927749, 0.09294902097927742, 0.09294902097927742]
[0.10135402929515923, 0.09381067654934062, 0.19800398626358173, 0.0938106650187535, 0.22624833685985205, 0.09915097597580591, 0.0938106650187535, 0.0938106650187535]
[0.125, 0.125, 0.125, 0.125, 0.125, 0.125, 0.125, 0.125]
[0.125, 0.125, 0.125, 0.125, 0.125, 0.125, 0.125, 0.125]

Action: 1
[0.09693180722983184, 0.09696336516964306, 0.09693180722983184, 0.09693180722983184, 0.2135515957413238, 0.2048260029398739, 0.09693180722983184, 0.09693180722983184]
[0.10233952171177878, 0.10233952171177878, 0.10233952171177878, 0.10233952171177878, 0.18128382630576995, 0.20467904342355756, 0.10233952171177878, 0.10233952171177878]
[0.09564851791627312, 0.09572145953196105, 0.09564851791627312, 0.09564851791627312, 0.1375288310790539, 0.28850711980761945, 0.09564851791627312, 0.09564851791627312]
[0.125, 0.125, 0.125, 0.125, 0.125, 0.125, 0.125, 0.125]
[0.11148947833786554, 0.1568948257820455, 0.0904402359329168, 0.0904402359329168, 0.12290059543076391, 0.24695415671765789, 0.0904402359329168, 0.0904402359329168]
[0.09555672343330314, 0.0979444363957334, 0.09555672343330314, 0.09555672343330314, 0.12915231357376225, 0.2951196328639886, 0.09555672343330314, 0.09555672343330314]
[0.125, 0.125, 0.125, 0.125, 0.125, 0.125, 0.125, 0.125]
[0.125, 0.125, 0.125, 0.125, 0.125, 0.125, 0.125, 0.125]

