0.125 0.125 0.125 0.125 0.125 0.125 0.125 0.125
0.099626400996264 0.07845579078455792 0.199252801992528 0.15691158156911583 0.08685378548392246 0.06839735606858895 0.17370757096784492 0.1367947121371779
0.0745303753200788 0.12421729220013136 0.1056354961590544 0.1490607506401576 0.0931629691500985 0.15527161525016417 0.11179556298011822 0.186325938300197
0.07346369166295703 0.1224394861049284 0.09668129484448348 0.14692738332591407 0.09182961457869628 0.17480376283119256 0.11019553749443556 0.18365922915739255
0.07194248633518335 0.11990414389197225 0.09409715151601354 0.1438849726703667 0.08992810791897918 0.19247319232675159 0.10791372950277503 0.17985621583795836
0.08871600557569718 0.14786000929282866 0.08693252936003634 0.1330740083635458 0.12030345109850447 0.24346408501860065 0.09980550627265934 0.07984440501812748
0.08769198837691987 0.1551473640514736 0.07644942576449425 0.13525667635256675 0.10523038605230385 0.18617683686176836 0.0917393109173931 0.1623080116230801
0.07028970392899174 0.11714950654831957 0.09048342757046181 0.14057940785798348 0.09665975974106308 0.20367937863721353 0.1054345558934876 0.17572425982247936
0.05844759967764397 0.10848370048282895 0.05722037834801966 0.08767139951646596 0.12785681808216295 0.2797716254401874 0.10520567941975914 0.17534279903293193
0.06336785239446766 0.11211235423636588 0.0552437687541513 0.09773897548811385 0.14134685216963921 0.22422470847273177 0.1104875375083026 0.1954779509762277
0.09460736963715821 0.0763698044058988 0.18921473927431642 0.1527396088117976 0.09629753498111711 0.08301202961220921 0.1702932653468848 0.13746564793061783
0.10610672647851756 0.08961145856282417 0.15017839848409123 0.1002708565221991 0.1447472356649152 0.12458666391692749 0.15916008971777634 0.12533857065274887
0.08379296505626986 0.1482490920226313 0.08327866892290192 0.129242798173576 0.11412147211219395 0.19856331322988413 0.08766033267425155 0.15509135780829122
0.09999654712307751 0.08338549298382943 0.19989910479943485 0.14543521019539177 0.08959250062585787 0.09389871774819417 0.1610027560974626 0.1267896704267518
0.09509238507098694 0.1561335286949362 0.10465671046575135 0.12988605379026769 0.11775979440455153 0.22112535495664476 0.09741454034270078 0.07793163227416061
0.06780051365284455 0.11995475492426345 0.09320682585323056 0.1499434436553293 0.090494923408749 0.196966635639921 0.10170077047926683 0.17993213238639516
0.09751619630169558 0.08052154373461348 0.21228566808730304 0.1438964073928973 0.0868097431061355 0.09422305320305036 0.15929923813947117 0.12544815003483356
0.07514237789892197 0.12330352397301786 0.1205582189137299 0.13696945155673934 0.09301428003940052 0.17707324450471168 0.1027270886675545 0.17121181444592415
0.06118616193334812 0.10658868294300754 0.06493761975646876 0.08530340384178187 0.13241221015734106 0.2766010290743509 0.10236408461013823 0.17060680768356373
0.06026280303503131 0.10065278825217364 0.05271704679575684 0.0877485846301001 0.12837643735972562 0.29555111847646437 0.09919405219054794 0.1754971692602002
0.09591170043087234 0.07307673722856287 0.19047514435729693 0.14615347445712573 0.09179719719539228 0.10809740227534724 0.1629502170439894 0.13153812701141315
0.09640884521114376 0.0743340262760078 0.25010736292520674 0.13850456562522603 0.0890124381314228 0.07755494413874643 0.1533302476599979 0.12074757003224836
0.06462699760309841 0.10550732132489044 0.08599172987554636 0.08827604466437607 0.1363376796912575 0.23677688391482793 0.10593125359725127 0.17655208932875213
0.0699325555775236 0.11632589845284587 0.09434304544668579 0.1454073730660573 0.089489038153605 0.21138911032703567 0.09862413129697802 0.17448884767926878
0.07077329202506473 0.1231510151924079 0.09791740100419812 0.13214859989272035 0.09572548086659764 0.2159870112335705 0.09911144991954028 0.16518574986590043
0.10552103450858838 0.08726809411617975 0.14713008489209614 0.09295547075023321 0.14965168074974833 0.1537309302751513 0.14754836627021142 0.1161943384377915
0.08697557922667427 0.13937471302736293 0.08608986872430505 0.12150616007513691 0.10848522731932699 0.2293481857469368 0.08241287379009286 0.1458073920901643
0.10878544168787582 0.08079738104646664 0.14390801074981724 0.10099672630808329 0.14284485225375643 0.15133309936512007 0.15013841701918054 0.12119607156969993
0.09670196748807663 0.07036198926867863 0.218416340234313 0.14072397853735727 0.10331820701717669 0.08692920249106602 0.1568967342797103 0.12665158068362156
0.07380455700216512 0.11998961507469194 0.12471183951947197 0.13431322159918777 0.10568751152357675 0.1728668120825308 0.10073491619939084 0.1678915269989847
0.07089740475273291 0.1233766660363967 0.10390259054382989 0.13179570728539514 0.1042870871182575 0.20214912969259766 0.09884678046404634 0.1647446341067439
0.08620925274292204 0.1509382064172167 0.09129216729282619 0.12049142310665344 0.128166061438227 0.26023946780817264 0.09036856732999007 0.07229485386399206
0.06892693551259603 0.11203197814711358 0.09552297142112295 0.14003997268389198 0.09804956992808646 0.2223969714400527 0.09498363364646586 0.16804796722067036
0.09310486917062734 0.07824278913642947 0.21137001302614358 0.1404450654951621 0.0955614934751396 0.09828944369878306 0.1565857670520688 0.1264005589456459
0.0939424144115138 0.07295074011120842 0.2625221345936205 0.13506788427371516 0.09356042818678967 0.07467920943707058 0.14952570013207375 0.11775148885400809
0.07113218282930718 0.1233781091740816 0.13457021793040377 0.14348794604435047 0.09434164808305526 0.1635821016294129 0.09732225905616815 0.17218553525322056
0.09376212059075505 0.077533136849638 0.23679059512035827 0.13761267497442237 0.09513156022997538 0.08685699985160246 0.15234288804657256 0.1199700243366759
0.0849175108458527 0.1479581743085523 0.10768863609789103 0.11949100244998799 0.11516779670288785 0.2003416054278942 0.08104607122694837 0.14338920293998558
0.06846189784714013 0.12840875602016566 0.1001726933333049 0.13914167035722827 0.09760109597555983 0.20486953170867686 0.09437435032925048 0.1669700044286739
0.10469236756809455 0.08721357302834985 0.14916513051195768 0.0923995162105732 0.15384954766406048 0.15051457100680612 0.14666589874694158 0.11549939526321648
0.08307907343557852 0.14457059658468865 0.090172537898019 0.11552872603483891 0.12519506162239274 0.224460919002524 0.0783586141801516 0.13863447124180667
0.09280150058686591 0.07934378291333426 0.2101976249591343 0.13784899946011764 0.10148031608723969 0.10057232931993682 0.15369134715926547 0.12406409951410585
0.09866032480905997 0.07196147885816623 0.2657199673414743 0.13293458074480177 0.09354811701584019 0.07411980002136721 0.14716404543177075 0.1158916857775195
0.08498186368661366 0.14657947230594323 0.11470753161155418 0.11892148956560837 0.11447928264140704 0.19696477978738294 0.08065979292276045 0.14270578747873003
0.09235621279455249 0.07895244366430378 0.2217750304641724 0.13696492003076136 0.09867831954904932 0.09529898089786537 0.15270566457161006 0.12326842802768524
0.09811545789733372 0.07157814340602457 0.27084603860939066 0.13225845703473563 0.09255803626570473 0.0729260735011433 0.14641554869128243 0.11530224459438491
0.08482637853671761 0.14632225508417596 0.11662247048632753 0.11873282344750176 0.11412881426742041 0.1963560419634187 0.08053182807743596 0.1424793881370021
0.0921647908557212 0.07878719527095997 0.22339684951850408 0.13668763624205363 0.0984378624191722 0.09511027923571962 0.15239651384002095 0.12301887261784827
0.10507879918396158 0.08375222479382075 0.19320119428016141 0.09680999571668092 0.14380499592009768 0.11726623444852284 0.14391456079673762 0.1161719948600171
0.09769218675150522 0.07188093117070694 0.2521601002589664 0.13205327296012478 0.10105915073408986 0.07907686783181825 0.1472295446286764 0.11884794566411229
0.07519439324763338 0.12134444670517806 0.13577138053817686 0.14104862771026613 0.09639590347104561 0.16531913019363495 0.09566776488174572 0.16925835325231936
0.09829929927458388 0.07670034663255434 0.23787023026409504 0.1362233333679151 0.09478830500255993 0.08655485223289358 0.15080482977644646 0.11875880344895162
0.08991801865498229 0.14567352474844736 0.11042169433847793 0.11756199127460439 0.11474790468459097 0.2008647783396401 0.07973769842973166 0.14107438952952525
0.07238364518723527 0.12673698277073248 0.10166645897795128 0.13729482723621145 0.0976730914165999 0.20636949281977693 0.09312170890803907 0.16475379268345372
0.09894795647616236 0.07751088828923774 0.21752241430567473 0.13686413754667795 0.09631847471642349 0.0970651052508758 0.15259329962293797 0.12317772379201014
0.10039568349704 0.0712933033316399 0.26273382539979234 0.13185485204834935 0.09258468537196779 0.07545996338811886 0.14700832011957754 0.11866936684351442
0.09906791568242704 0.06967966280861694 0.2794296561162815 0.12959258431276327 0.09039036337732127 0.07072043140075343 0.14448606042034948 0.11663332588148694
0.09822893750259339 0.06912950084745505 0.2855319280853098 0.12874787869555993 0.08942522288036664 0.06951916446781085 0.14354427669490039 0.11587309082600393
0.09785813003681267 0.0689319474036177 0.2877610070151483 0.12844001867767885 0.08904262261201597 0.06916922169522435 0.1432010357495912 0.11559601680991097
0.09771100535227062 0.06886015453551962 0.28857677556025735 0.128327739295701 0.08889731933421219 0.06905618793816402 0.14307585261774422 0.11549496536613088
0.09765503761580693 0.06883390052542773 0.2888761151714198 0.12828660751228604 0.0888431181490403 0.06901728051618909 0.14302999374877265 0.11545794676105743
0.11445150528126696 0.08067917447416675 0.21172748478063405 0.09397883128116637 0.13883031125840972 0.10785225067644647 0.13970584471051 0.11277459753739963
0.10225313408448723 0.07055835852533666 0.25847604051987516 0.1298661122100105 0.10069012948167996 0.0764857005763504 0.1447910236132505 0.11687950098900943
0.09935761297212618 0.06956410212164728 0.277609417371682 0.12944546625676523 0.0923559178941868 0.07084452898563283 0.14432203476687108 0.1165009196310887
0.07807756592799586 0.12033874314373585 0.14141279802525655 0.14008332277507365 0.09553945559324716 0.161435090887596 0.09501303631700649 0.1680999873300884
0.09851460553907447 0.07644396701112184 0.24015723119648102 0.13587990912518247 0.09439555689912302 0.08572467725114293 0.150424645022587 0.11845940795528728
0.07803530089764188 0.12137092331027248 0.1329764988640016 0.1403967837425469 0.09625272486806596 0.16726598320103536 0.09522564462537964 0.16847614049105628
0.09850897385152253 0.08235709095385217 0.22922629548934784 0.13452653844410006 0.09521307120787377 0.0891070943823556 0.14998705107125782 0.12107388459969005
0.07751753778246342 0.12845638812288673 0.12984595285920666 0.1392963186014673 0.0958025431116491 0.16744643501870138 0.09447924218186478 0.16715558232176075
0.11073639380075241 0.08665012924910134 0.1584004535501818 0.09173393149369027 0.152348099177427 0.13985416329238481 0.14560941506934963 0.11466741436711282
0.09203632468188622 0.14989697511542616 0.09246593963046798 0.11231040380674018 0.12544641723624492 0.21689570281396603 0.07617575214718028 0.1347724845680882
0.10112043095986024 0.08589450014171535 0.21008683278694565 0.1337867196873772 0.10155954142646302 0.09798171891113222 0.1491622083678668 0.12040804771863949
0.1159438096263104 0.08772410450888966 0.1869117075444681 0.09458399816306484 0.14473229338555246 0.11599782305004777 0.14060546592598894 0.11350079779567782
0.07898959959440004 0.12760853697694166 0.11905450261854153 0.13682929481699613 0.10520396498675269 0.1753129907414012 0.09280595648457128 0.16419515378039531
0.09891331458366552 0.08332602434295627 0.22323449265242631 0.13475993197067335 0.09749174842749053 0.09074328181322229 0.15024726743595967 0.121283938773606
0.0996721782833752 0.0754201740893951 0.26417081043283724 0.1306540743853545 0.09292741188311453 0.0738971413434927 0.14566954263561163 0.11758866694681905
0.11479807913506339 0.08560880512550811 0.2036341142538475 0.09382086714046886 0.14107247299686906 0.10900960037384916 0.13947102040583131 0.11258504056856262
0.10211997387550117 0.07516668803882298 0.25458865082895826 0.12937502467077888 0.10151529395826117 0.07655334876864574 0.14424349765533107 0.11643752220370099
0.11525112806719842 0.08550426229099907 0.20037718269376034 0.09373054424859248 0.143713806493225 0.10960967374731953 0.13933674936059418 0.11247665309831097
0.10228730601905475 0.07521253181503561 0.2532836318640794 0.12947408615925185 0.1021469223792227 0.07671490039769895 0.14435394382233005 0.11652667754332666
0.0991268766246099 0.0735245426765401 0.27505992005472013 0.12894949579242335 0.09280516491173621 0.07071038901493813 0.1437690647118511 0.11605454621318102
0.09792446318471977 0.07286454233584798 0.28328601494595934 0.12813098137591847 0.09033324123866918 0.06928639145994506 0.14285648222061356 0.11531788323832662
0.09743818950759693 0.07258589902565499 0.286320869267409 0.1277636323032319 0.08959118286383734 0.06886604254068321 0.14244691541867796 0.11498726907290871
0.0886641159001866 0.1448275783409868 0.16378917574474872 0.15939019264470095 0.08146301658445859 0.13733364940716583 0.08108109799752179 0.14345117338023083
0.13437951423684455 0.10486683897466728 0.20199629143161976 0.10935195110942002 0.12331228765940033 0.10970354137681475 0.12105710501327734 0.09533247019795592
0.0708650619378136 0.11863144616967362 0.0741558068129685 0.08252745554132931 0.14552538605530035 0.24994802613614456 0.0932919062641114 0.16505491108265863
0.09719520719259292 0.08616939175672951 0.20191354793081626 0.13403901117601774 0.1063891707320496 0.1042150666034 0.149443494549978 0.12063511005841596
0.09965001842157713 0.07874052853589683 0.2554408264800337 0.13091162097685882 0.09508913776475597 0.07639072107646057 0.14595668786524404 0.11782045887917292
0.0984462221753156 0.07628943727061027 0.2757193936732115 0.1286345428170733 0.09119900570395496 0.0705223941761794 0.14341791564828918 0.11577108853536595
0.09755031626189985 0.07539225143792065 0.2832074634744037 0.12769337608755013 0.0897900955459567 0.06907387373227993 0.14236858498119392 0.1149240384787951
0.1136198928802055 0.08780115385794998 0.2090557751706444 0.09309586556250328 0.13923777074724455 0.1070812462403986 0.13839325686604967 0.11171503867500393
0.0782988599291242 0.13177341074052876 0.12360358829115133 0.13600085805261092 0.10367413613137888 0.17120405694769314 0.0922440602443796 0.1632010296631331
0.09821190471236399 0.08773041829457134 0.22429185724099485 0.1338108287044527 0.096684173854249 0.08965198323663498 0.14918908812272563 0.12042974583400744
0.09921785484303661 0.07848560890752736 0.26411535708794226 0.13008812752061616 0.09249097976387081 0.07348420299218311 0.14503855411626906 0.11707931476855456
0.11436934792015394 0.08865432890823177 0.20328013441726434 0.09346097560631124 0.1405640155537465 0.1085820093982321 0.13893601746848655 0.11215317072757348
0.10177366123029301 0.0781719482879872 0.25398999620563795 0.12888266423772707 0.10119892268628629 0.07629385702231989 0.1436945525157942 0.11599439781395433
0.0775797423135123 0.1310730607798167 0.13498945015111177 0.13824101648858456 0.09675677598833805 0.16170726243920827 0.09376347205312692 0.16588921978630147
0.09937129807871137 0.08729897799645932 0.2288451211907341 0.1333114539210552 0.09486154575588045 0.08769897202219755 0.1486323225060123 0.1199803085289497
0.11717672115120205 0.09051194833413392 0.19219421584037966 0.09378301308579058 0.1417810266009788 0.11259871147345073 0.13941474781111557 0.11253961570294868
0.10598731053422424 0.07843791791639376 0.24900209856649536 0.12873095542088964 0.1014827755425176 0.07697567363410455 0.14352540850657397 0.11585785987880069
0.13629943707855047 0.1009437433435122 0.22614258701729625 0.10632362215028963 0.12254310999122835 0.09351333638495746 0.118542904098905 0.09569125993526066
0.10936820911354363 0.07887155177303765 0.26137893326267486 0.12658738025291982 0.09606453455704014 0.07266526665057241 0.14113548216258376 0.11392864222762786
0.10337607724609832 0.07568026309864975 0.2768927568902464 0.1273691282904121 0.09070218749813923 0.06934029863010152 0.14200707288498182 0.11463221546137088
0.08052868232261913 0.130076418241935 0.14005076058655072 0.13771940879113317 0.09429036109316309 0.1586613924525573 0.09340968596268165 0.16526329054935981
0.07551957652670548 0.1422329548154415 0.10764006620522977 0.13590925446707905 0.0936662477109926 0.18975886579725515 0.09218192911680144 0.16309110536049481
0.11395564251252939 0.10118382585476901 0.15333093018685767 0.09457285714316438 0.1426890594059193 0.14019135227333357 0.14058890405162944 0.11348742857179725
0.10740331428038528 0.08101951882209783 0.2335506328103577 0.13022001887565973 0.10284159196705613 0.0825813031218454 0.1451856031345042 0.11719801698809378
0.10423708966847825 0.07673481191035843 0.26651535552432903 0.12866241028519818 0.092951988881023 0.07165318867834822 0.14344898579558663 0.11579616925667835
0.10250955901149772 0.07532973805060045 0.27901607404405665 0.12735688429552 0.09002554290428635 0.06914758408366263 0.14199342174440813 0.11462119586596801
0.10170984984017248 0.0748076384863959 0.2836585428724525 0.12680422300892907 0.08906611705024373 0.06845258238053131 0.14137724565323884 0.11412380070803618
0.08045044701153235 0.12977521235581915 0.1415428755495017 0.13761851443836245 0.09389166346310944 0.15823781658440286 0.09334125327123716 0.16514221732603496
0.1008992917056499 0.08886468680941095 0.2307641008631454 0.13236427141542223 0.09372529215385599 0.08667822808114253 0.14757628469749312 0.11912784427387998
0.09200975242122673 0.15588913077288852 0.14844660409805394 0.15781877175485307 0.08155015496094466 0.14196696838954456 0.0802817230231209 0.14203689457936772
0.10044747886588364 0.0787591538635321 0.24298526016038802 0.1355509043571393 0.0917069353960584 0.08231726085133675 0.15006042321995067 0.11817258328571116
0.08023936018560797 0.13309194085906842 0.1322341302641023 0.1377478634022126 0.09444485813952368 0.16351542545489453 0.0934289856119355 0.1652974360826551
0.10116961674402648 0.08969378904622188 0.22700214165933974 0.1327390134533986 0.09410513326863817 0.08783109961630328 0.14799409410401307 0.11946511210805877
0.08018620783855261 0.13595699785214718 0.12838678512470375 0.13740553199211777 0.094743650714699 0.1652373924751932 0.09319679561204511 0.16488663839054132
0.10114776143754099 0.09135261603270796 0.22520634152205782 0.13266635965807203 0.09416627231075528 0.08814783480245213 0.14791309054414895 0.11939972369226483
0.10308714024532013 0.08077934005918214 0.26333881611403187 0.12891916830226335 0.09136707890964478 0.07274595307395246 0.14373525182356825 0.11602725147203702
0.10222662436028426 0.07788023207437827 0.27758066488366245 0.12716984312984952 0.08963450622326133 0.06927038570871805 0.1417848848029815 0.11445285881686458
0.10154514263089669 0.07699142295195037 0.2828405021897376 0.1265082037035266 0.08885030952999767 0.06835982944200908 0.141047206218708 0.11385738333317394
0.09187189926592976 0.152585704236843 0.16155941353890382 0.15699974689699098 0.08036232199849914 0.13545605321663726 0.07986508863890412 0.14129977220729187
0.09995547535538307 0.07815785037076736 0.24815032621044747 0.13488815417557368 0.09104035764435402 0.08088630364207457 0.14932673152525858 0.11759480107614115
0.09533664993947645 0.1593524437510942 0.11067705010377087 0.1141973810695541 0.11214171372860035 0.19380228913773287 0.07745561498630625 0.1370368572834649
0.0881352882607194 0.17678658299227287 0.1140837705642422 0.15210269308693558 0.08240804525465383 0.17221721740566698 0.07737397865726724 0.136892423778242
0.10089136683112965 0.08107594964725903 0.2289961943476371 0.13696261964861467 0.09285121401702613 0.08819609599202716 0.15162325007905245 0.11940330943725383
0.09538087439479394 0.1601658178340115 0.10690068317306299 0.11406982372643366 0.11242572108206393 0.19680419348607173 0.07736909783184195 0.1368837884717204
0.10416780236072216 0.09547650029100714 0.21390325224731954 0.1312189128893494 0.09745055370038087 0.0933866614953676 0.1462992954154388 0.11809702160041444
0.08047847189668564 0.13851243351862425 0.12511372346315075 0.1368680239768418 0.09515108648694505 0.1668024069273365 0.09283222495820574 0.16424162877221016
0.07502236099832701 0.1491503664583805 0.1035955127562788 0.1346626618479307 0.09313345217048863 0.19150403742813318 0.0913364141229443 0.1615951942175168
0.11338433369612755 0.10642734483989473 0.1513744986564252 0.0940237375661391 0.14193618419635626 0.14025281504647458 0.13977260091921576 0.11282848507936694
0.10714350837274356 0.08439692402021705 0.23224474340456888 0.12977278133486855 0.10250447890521895 0.08245509410854356 0.1446869666524579 0.11679550320138168
0.08117523022933751 0.13539748084688805 0.12949749984540582 0.13707832421532432 0.0964205702408482 0.1629620421829782 0.09297486338082868 0.16449398905838916
0.10134220397469454 0.09119440155469219 0.22559607169814702 0.13257178631401068 0.09446478784941863 0.08770849260319463 0.1478076483232328 0.1193146076826096
0.10314070537093782 0.08073388303285711 0.26347000662234404 0.1288876353417199 0.09140970451965809 0.07265909837916701 0.1437000949257683 0.11599887180754791
0.10226061730838701 0.07786508138939753 0.2776211884300379 0.12715619480389873 0.08963536859923044 0.06925130620746145 0.1417696679380781 0.11444057532350883
0.10157812156954034 0.07698463185378535 0.2828488684231111 0.12649991912946065 0.08884599412755018 0.06835456814316149 0.14103796953687628 0.11384992721651459
0.13491456776523306 0.10219574852002918 0.23716949786802793 0.10515260395515624 0.1179676395710125 0.09072529256015158 0.11723730620074883 0.09463734355964062
0.12568414046233212 0.09358308028872835 0.19117537361787532 0.09054622582220484 0.14540799773807217 0.11034466493650562 0.13460304614763585 0.1086554709866458
0.08328558186468998 0.13604039620028427 0.11879147731804957 0.13435297396751342 0.10419118988433153 0.17098844705223662 0.09112636495187867 0.1612235687610161
0.10200157524674176 0.0914732362630389 0.2208987671257518 0.1327018139047516 0.0962791392972795 0.08926121626480278 0.14795261938335738 0.11943163251427644
0.11955902346928746 0.09350204241998958 0.18902532823409618 0.09323968602226754 0.1416474708193541 0.11253177016921155 0.13860705563907236 0.11188762322672105
0.10732279789695857 0.08105298319691119 0.24709971690846538 0.1281975937125174 0.10123693772011633 0.07678138621891387 0.14293075000485148 0.11537783434126564
0.10361052508491879 0.0782147506876845 0.27122325637879746 0.1276169029341788 0.09199902358659048 0.0701970055649325 0.14228332312213665 0.1148552126407609
0.10208045788492139 0.07719305592621137 0.2804383948909905 0.12675222698251648 0.08949801266235377 0.06864157340465221 0.14131927396408928 0.11407700428426486
0.10144205494019275 0.0767890099967484 0.2838792339712205 0.12636281041587774 0.0887300289687047 0.06818522877974136 0.14088510355322487 0.11372652937428995
0.10118583778632255 0.07663181034342739 0.2851556025008007 0.12621159146141547 0.08847492226805566 0.06803329762070821 0.14071650570399608 0.11359043231527392
0.0801424684112328 0.1330542364767666 0.14153113128853437 0.13700708043982313 0.09343165052282978 0.1574983948173194 0.09292654151570613 0.16440849652778775
0.11454073412976444 0.10282806549240753 0.16377781811805617 0.09386830372640173 0.1417317040244726 0.1310698719603555 0.1395415380768599 0.11264196447168208
0.10701390663568817 0.08341621902764997 0.23719589855426976 0.1292674957735548 0.10207035650644342 0.0805717663467237 0.14412361095947085 0.11634074619619934
0.12035777545911995 0.09141002174960665 0.1937093928708135 0.09273957258350658 0.1428533044549181 0.10977884235918153 0.13786360342264561 0.1112874871002079
0.12267595796433023 0.09204748048678374 0.17779089805852807 0.09140635893277035 0.1544087243851517 0.1161012576664857 0.13588169178662576 0.10968763071932443
0.10823916033999408 0.08091513991221963 0.2423127441461447 0.1283306263584227 0.10410874398107561 0.07751695006233635 0.14307907147722648 0.11549756372258044
0.08140079476300338 0.1343615110364581 0.13182694715499138 0.13706339350241165 0.09679160665649146 0.16111493822124492 0.09296473646250528 0.16447607220289395
0.11495118920602247 0.10316390473793315 0.16062000489063694 0.0939278892696711 0.14290243226697527 0.13209099651621176 0.13963011598894393 0.11271346712360532
0.10720752790768921 0.08355279171921548 0.235920660851296 0.12938644733792173 0.10240984690222273 0.08081868960076777 0.1442562330767575 0.11644780260412955
0.08120101199992383 0.1351502537860945 0.13034326939205093 0.13707710098375747 0.09640921868791286 0.1623525902590291 0.09297403371072245 0.16449252118050894
0.1323814794682106 0.1190515534262261 0.18448708221773608 0.10822132822711991 0.12337924248706922 0.11442141401451608 0.12065870475471428 0.09739919540440792
0.1101669409817999 0.08555090194385083 0.24474331184236015 0.1277993921931899 0.09725254610742903 0.07698066893016679 0.14248678502733259 0.11501945297387091
0.10431057977429148 0.07904700592048035 0.27027930151904855 0.12766057313223197 0.0912169358384007 0.0702590758625423 0.14233201213399593 0.11489451581900878
0.10227066772565317 0.0773609674309784 0.2800806265006942 0.1267876855867646 0.08936186811447219 0.0686704599516879 0.1413588076616614 0.11410891702808813
0.10149972928148429 0.07682703807393713 0.2837451953835359 0.12637746778549547 0.08871185980669402 0.06819754323539236 0.1409014454265151 0.11373972100694592
0.1012063618551164 0.07664152474067798 0.28510515481927123 0.12621679982050826 0.08847467316120457 0.06803805312906308 0.140722312635701 0.11359511983845745
0.10109558522566828 0.07657465812371628 0.2856087976327207 0.1261565086232446 0.08838722378232489 0.06798127640130995 0.14065509245009508 0.11354085776092013
0.08012684100330039 0.13303268424010886 0.1416312855899101 0.1370012842857817 0.09341005510025702 0.15747369842647793 0.09292261021122587 0.16440154114293803
0.10074941556144382 0.09044527479679458 0.23054592037090282 0.13210861695220025 0.09349749550052808 0.08646427251145823 0.1472912490496919 0.11889775525698021
0.09189413103651191 0.15758564376333117 0.1481795333933187 0.15748047136882345 0.08136469064122674 0.14165347447722806 0.0801096310876189 0.1417324242319411
0.10043875575347397 0.07888604194171113 0.24290020317447497 0.13556457847353712 0.0916773528377847 0.08227300247984937 0.15007556102890557 0.11818450431026313
0.07082502319420038 0.11843423613846903 0.08138396303801043 0.08474418609010924 0.1388792139075987 0.24044722987127037 0.09579777558012349 0.16948837218021848
0.07192721049195452 0.14057377024252982 0.09221467079350554 0.13170805466142016 0.10057854696202378 0.21561566157146386 0.08933241968339804 0.1580496655937042
0.1000669905995463 0.09304786047092815 0.20988036376891497 0.13366034146472874 0.09625431446553823 0.09777451583126345 0.14902130608082442 0.12029430731825588
0.103379615509974 0.08148009429188174 0.2574981027209968 0.12957936752986896 0.09224893102343315 0.0747211334532138 0.1444713246937494 0.11662143077688204
0.1193020401831008 0.09094271856470347 0.2002919200306316 0.09267596905521293 0.1396151021397358 0.10819203465440157 0.1377690525059583 0.1112111628662555
0.08228441738067452 0.1354861548565081 0.12100240943813799 0.13468143622317405 0.10311066643358043 0.17046804415309363 0.09134914804702239 0.16161772346780884
0.10172520286440805 0.0913313537327341 0.22185549926015566 0.13265635753828497 0.09600769450282015 0.08913123139012726 0.14790193892701325 0.11939072178445649
0.10334411178700907 0.08084251381375053 0.2620176752011482 0.12902407092933024 0.09182469252847415 0.07297306147969701 0.14385221042419358 0.11612166383639723
0.09240074457714528 0.15416183951556656 0.1563220211212831 0.15730967050307756 0.08102692693600502 0.13717734846432614 0.08002274542982643 0.1415787034527698
0.0767166826474497 0.12703176255778123 0.11302676542633505 0.1313681274396816 0.10025129606357705 0.18886911098581205 0.09852609557976122 0.164210159299602
0.08700919465453287 0.17047922484467173 0.08236254335031723 0.10987480497558656 0.11021759737093623 0.23368308806720153 0.07452378076605001 0.13184976597070386
0.07402467859885155 0.1547429459868334 0.09151669365993971 0.13011032693603036 0.0936923612912729 0.21153185771678906 0.0882487434870467 0.15613239232323645
0.13045778244565048 0.1241499592463414 0.1698934069604898 0.10833465246414152 0.12293411616312332 0.1259438426805653 0.1207850528219608 0.09750118721772738
0.1102094307933258 0.08686702867549463 0.23897320924915427 0.12838077142129345 0.09759555043320584 0.07929633566820349 0.14313497948015852 0.11554269427916411
0.08169648374821831 0.13608340015940154 0.13098180550588087 0.13697064487084157 0.0953215890720738 0.1616794741035685 0.09290182869500559 0.1643647738450099
0.1014214429016396 0.09127573954397562 0.22618831126317657 0.13250256927995696 0.09418356567028233 0.08744558249329452 0.14773047649571322 0.11925231235196126
0.1031454913261712 0.08073152841117251 0.26369178337620003 0.12885842359652783 0.09133249175916754 0.0726001742840258 0.14366752600986013 0.11597258123687507
0.10226124757158231 0.0778580795334535 0.2777019081329724 0.12714439200072097 0.08961207867710547 0.06923583259017531 0.1417565086933411 0.11442995280064887
0.10158254979143806 0.07698057071062696 0.28287712521521013 0.1264946893534021 0.0888380592512485 0.06834964653315959 0.14103213872685277 0.1138452204180619
0.10125483071462622 0.07669153309465467 0.2847863937441177 0.12625751091414836 0.08852662913208542 0.06808364011066563 0.14076770246696838 0.1136317598227335
0.10111724187950996 0.07659169427142945 0.2854913262268338 0.1261710690432044 0.08840722115731672 0.06799615905106987 0.14067132623175177 0.11355396213888395
0.06932330914355257 0.11509481352712368 0.19600929217485943 0.18963837704030737 0.060611518083269623 0.10217993280888907 0.09646821788572157 0.17067453933627663
0.09892872039093108 0.0752841351902616 0.26292874254656284 0.13463034641849875 0.08670085811313251 0.07511582400453626 0.1490413277404626 0.11737004559561431
0.11837517702629013 0.08987496370993316 0.202376482606358 0.09295165540294079 0.13815584694189906 0.10854500905094683 0.138178878778103 0.11154198648352893
0.1066386800457669 0.0800839371718978 0.252373743645669 0.12768947971787697 0.10011770846838716 0.0758116783845307 0.14236424081978225 0.11492053174608928
0.10328524682864987 0.07791002597874426 0.2732109870610988 0.12738691030407748 0.0916148879474092 0.06991682410314783 0.14202689850320277 0.11464821927366971
0.1189324817065725 0.08993459129409721 0.20502053508814083 0.09235636962508238 0.1390033849701662 0.1066310472784062 0.1372939464874359 0.11082764355009886
0.14016742472554522 0.10514498680292138 0.20810485014528718 0.10474873094581359 0.13167265129622566 0.09910048029786629 0.11678701793510858 0.09427385785123223
0.14566848331537938 0.10796039657461662 0.2080330957151417 0.10377020595993837 0.12876564738789087 0.09671295008297809 0.1156960356001104 0.09339318536394452
0.1121925993994271 0.08270442267549549 0.25342413731252256 0.12637761269863104 0.09743161646131843 0.0732281530299907 0.14090160699384682 0.11373985142876791
0.10443460669294093 0.07827856716693903 0.27344401231312365 0.12719650242487576 0.09095404553202258 0.0694008057602738 0.1418146079274361 0.11447685218238819
0.1021848626149495 0.07713695855721123 0.28123766568366965 0.12663108549049854 0.0892073563336467 0.06844988413767673 0.14118421024089908 0.11396797694144868
0.1351429498109932 0.1022583154562536 0.23661401020032377 0.1051826461857332 0.11809652123343051 0.09077037450022118 0.11727080104588461 0.09466438156715985
0.12575684358921116 0.09360086616071468 0.1909992685437403 0.09055144539664717 0.14545665678884545 0.11036237964925184 0.13461080539561282 0.1086617344759766
0.10850216569863462 0.08084998412934473 0.24748190390075134 0.1277503076760892 0.10179313654100809 0.07621516569190284 0.14243205945378898 0.11497527690848028
0.0814370154713106 0.13431858243236386 0.13298343778968216 0.13702390382873642 0.09627912723961475 0.16059129648170903 0.09293795216209949 0.1644286845944837
0.10125105616146808 0.09139117704886573 0.22691150910746014 0.1323357069892768 0.09428871404264762 0.08717526286591792 0.14754443749401455 0.11910213629034912
0.11924835272251082 0.09379847448899845 0.19087752520007126 0.09312699440060643 0.14087378276543921 0.11188294516701329 0.13843953197463282 0.11175239328072771
0.10716060463166567 0.08139752423919731 0.24776913611480827 0.1280564147661177 0.10098873469834077 0.07660346624500639 0.1427733460153581 0.11525077328950592
0.1201551010695396 0.0911615581246671 0.19689543709347263 0.09250978402935939 0.14221819997125235 0.10852617157313157 0.1375220073033462 0.11101174083523126
0.10713863239056969 0.08072950933921405 0.2500564864963256 0.1277491842278165 0.10105375884154777 0.07586735600668719 0.14243080689280435 0.11497426580503486
0.12009821173406811 0.09098055911229787 0.1975834779454468 0.0924630300703685 0.14217799325255023 0.10828858739771124 0.137452504403115 0.1109556360844422
0.10710175900644607 0.08067798229945895 0.2503238160448681 0.1277188693659299 0.10102327300843374 0.07581030976142236 0.14239700808410394 0.11494698242933693
0.08114599397837437 0.13472549489335195 0.13357166824755198 0.13693624728032783 0.09606573501001216 0.16035286569863544 0.09287849815535279 0.16432349673639338
0.0751891372877169 0.1489736778380187 0.10551736679302678 0.13470655388924216 0.09337727549266706 0.18922193965518658 0.09136618437705121 0.16164786466709058
0.07356872447202317 0.1526366164795874 0.09859499461995695 0.1336013479731597 0.09210185676749068 0.19855827566863007 0.0906165664513605 0.16032161756779162
0.10028018337024339 0.0960115364579198 0.21255696705371874 0.1334304524795816 0.09424998650523587 0.09461846988339709 0.14876499701827978 0.12008740723162345
0.10328951599124311 0.08243990607713433 0.2584365363206315 0.12936846085010512 0.09170723372551255 0.07409055278516143 0.14423617948511716 0.11643161476509459
0.10242645904895527 0.07871886793231644 0.27568024050203055 0.1272995572186715 0.08980443181512107 0.06957133565423851 0.14192950633186208 0.11456960149680434
0.1186386014628484 0.09055580137327156 0.20576682457435813 0.0922850104579279 0.13834704380479612 0.10647683948460356 0.13718786629268087 0.11074201254951349
0.1065051822026562 0.0805653436630516 0.2535451324593667 0.1273936265694373 0.09998070596961733 0.07532135858551202 0.1420343866378652 0.1146542639124936
0.09292722596330266 0.15472371720628042 0.1540137497195857 0.15700117280109366 0.08242512325059155 0.13774214154804032 0.07986581399012155 0.14130105552098426
0.1171581035222321 0.08826199554174623 0.16552825659974293 0.09115757067425082 0.14784113656468031 0.131411417128739 0.14469455662579495 0.11394696334281351
0.08168480543461444 0.1351706528160957 0.11289962468198597 0.13439539801742603 0.10459469782439318 0.17882520407971053 0.09115513952486289 0.16127447762091124
0.0749304428644823 0.14884894291634948 0.10051366106227339 0.13399441608829044 0.09474336740478792 0.19529270118494063 0.09088316917292742 0.1607932993059485
0.1005530611499447 0.09522926971428562 0.21335916199755112 0.13336899855725207 0.09476797025251195 0.09399295914593177 0.14869648048099596 0.12003209870152685
0.11926968643326868 0.09496932338254782 0.1866679440480717 0.09330623108115643 0.14127343822504704 0.11383992019396579 0.13870597933855494 0.1119674772973877
0.10729047934504997 0.08187962828592521 0.2460918045456436 0.12820293168550972 0.10119078808287828 0.07702502809165278 0.14293670144638174 0.11538263851695875
0.12020016907133416 0.09143774038091075 0.1963597672569598 0.09251529756742322 0.1422949484491911 0.10864351664528292 0.13753020354799034 0.11101835708090785
0.12252707634324793 0.09255982985797707 0.1785425505233678 0.09129483381311905 0.15410203348758328 0.115703973193191 0.135715902205771 0.10955380057574286
0.10812781100486221 0.08147406487197989 0.24251583526096246 0.12819972195748355 0.103976123180967 0.07739357112284516 0.14293312283916448 0.11537974976173519
0.10387779653744643 0.07880061823422216 0.26937163602021336 0.12768721855163412 0.09263343193386615 0.0703490822379819 0.1423617197881652 0.11491849669647071
0.10215656445145346 0.07773935038966642 0.2796730979156183 0.12674373830866736 0.08963678153863251 0.06867129319193084 0.1413098097262306 0.11406936447780062
0.10144229301992963 0.07729653428335231 0.2835275291493919 0.126312339705082 0.08873867133450532 0.06817269429600643 0.14082883247715858 0.1136811057345738
0.11822465235106557 0.09013262630592167 0.20815138213740628 0.0921431691547327 0.1378261586395714 0.10597319875679671 0.1369770096688265 0.11057180298567923
0.12188198498692306 0.09218930238559105 0.18230695634147084 0.09119426945116839 0.1525264484444727 0.11490150852156343 0.13556640652740853 0.10943312334140205
0.10786186995747186 0.08131743421446348 0.24402390835797796 0.12805883050363512 0.10353426384542014 0.0771747062853487 0.1427760393824111 0.11525294745327161
0.10376847495998485 0.07873458235607267 0.26994462745082376 0.12762305208172042 0.09249905760735218 0.07027927970774375 0.14229017896275395 0.11486074687354839
0.10211307885182688 0.0777129036019154 0.2798871402495441 0.12671860055660736 0.08959280647538138 0.06864694675514292 0.14128178300863536 0.11404674050094664
0.06078169069611233 0.10151172922042008 0.16995846027517258 0.1658925267187435 0.07089300753823292 0.11937314406220022 0.11251840942662604 0.19907103206249221
0.07683391808065525 0.122658721669393 0.11721741130512676 0.1332983777692391 0.09920881024729766 0.18418600538981 0.09997378332692934 0.1666229722115489
0.11383630363758403 0.10162197189650936 0.15586268515098475 0.09402774231247804 0.14381998613959904 0.13821946584424719 0.13977855424362406 0.11283329077497363
0.12140803345346757 0.09519178585355022 0.16581232959362693 0.09177934120151078 0.1553142080256593 0.1239229374502161 0.13643615498015632 0.11013520944181293
0.10830134644446822 0.08230181778877235 0.23749341045097147 0.1287403584867049 0.10464947989944354 0.07911137206836841 0.14353589222323668 0.11586632263803441
0.08134469203368717 0.13545858117673912 0.13064718592993843 0.136935770787846 0.09682759227779664 0.16158507787942972 0.09287817496914771 0.16432292494541517
0.10126962487551286 0.09189272738089202 0.22590577609258314 0.13237470712702806 0.09444476144058828 0.08738724693192114 0.1475879197371492 0.11913723641432525
0.10306412643242392 0.08131839143790531 0.26349324099968596 0.1287674883807811 0.0913441697033228 0.07255570347266532 0.14356614003051263 0.11589073954270299
0.10220167021977661 0.07837883626277328 0.2775551454741545 0.12706476199884761 0.08957669534029637 0.06919687772139901 0.14166772718378978 0.11435828579896284
0.10152854872401836 0.07747207371139328 0.2827553792474524 0.12641718551246633 0.08879356674054063 0.06831205137483125 0.14094572772807812 0.11377546696121968
0.09181666652444218 0.15345502785715887 0.16142213780186426 0.1568165009239653 0.08027467311404875 0.13530827073780435 0.07977187220914758 0.14113485083156876
0.10600185746605262 0.0776947115274221 0.24685102107611062 0.13380234932429924 0.09044990892224297 0.08042724878816916 0.14812470092067315 0.11664820197503013
0.12025200016211178 0.09086565542870917 0.19710290032029362 0.09291433495804093 0.13934292953413777 0.10990157821689538 0.13812339943016236 0.11149720194964913
0.10717466724858127 0.08084855361623032 0.2501785423811697 0.12777286608490185 0.10046243395741292 0.07611014683914052 0.14245721039615175 0.11499557947641166
0.09308802471112072 0.15486732712321422 0.153173078310657 0.1570552986150354 0.08253512735936062 0.1380380275707361 0.0798933475563441 0.14134976875353183
0.10657074526165773 0.07799967719552188 0.24354014649718353 0.13416622877387752 0.09114942334416871 0.08108081828510277 0.14852753042936379 0.11696543021312399
