0.125 0.125 0.125 0.125 0.125 0.125 0.125 0.125
0.125 0.125 0.125 0.125 0.125 0.125 0.125 0.125
0.1232638888888889 0.1232638888888889 0.1371527777777778 0.1232638888888889 0.1232638888888889 0.1232638888888889 0.1232638888888889 0.1232638888888889
0.12138310185185186 0.12138310185185186 0.13662229938271608 0.12138310185185186 0.13507908950617287 0.12138310185185186 0.12138310185185186 0.12138310185185186
0.11954049318415638 0.11954049318415638 0.13472074867112482 0.11954049318415638 0.13454928090706447 0.13302750450102882 0.11954049318415638 0.11954049318415638
0.11796374005217489 0.11796374005217489 0.13293271212674432 0.11796374005217489 0.13291366015295983 0.14433492745942172 0.11796374005217489 0.11796374005217489
0.125 0.125 0.125 0.125 0.125 0.125 0.125 0.125
0.11740830548006204 0.11740830548006204 0.1312971943689509 0.11740830548006204 0.1312971943689509 0.15036408386178815 0.11740830548006204 0.11740830548006204
0.12291160994636405 0.12291160994636405 0.12291160994636405 0.12291160994636405 0.12291160994636405 0.1396187303754516 0.12291160994636405 0.12291160994636405
0.12893428453230615 0.11527743898271015 0.12893428453230615 0.11527743898271015 0.12893428453230613 0.15208739047224099 0.11527743898271015 0.11527743898271015
0.1275373962290094 0.1132113646143087 0.1275373962290094 0.1132113646143087 0.13877111778997198 0.15330863129477446 0.1132113646143087 0.1132113646143087
0.12094333681826741 0.12094333681826741 0.12094333681826741 0.12094333681826741 0.13636234990604207 0.13797762918435347 0.12094333681826741 0.12094333681826741
0.1260375238493718 0.11259937531400875 0.1260375238493718 0.11259937531400875 0.14855079437892807 0.1489766566662931 0.11259937531400875 0.11259937531400875
0.11924517887976871 0.11924517887976871 0.11924517887976871 0.11924517887976871 0.13575082269964958 0.1487781040217381 0.11924517887976871 0.11924517887976871
0.12426153423377724 0.11101206991380293 0.13465106826564174 0.11101206991380293 0.1468022621380161 0.15023685570735332 0.11101206991380293 0.11101206991380293
0.11800990717106864 0.11800990717106864 0.11800990717106864 0.11800990717106864 0.1343212696308482 0.15761928734273983 0.11800990717106864 0.11800990717106864
0.12313711798803902 0.1100249060801425 0.1334190258871181 0.1100249060801425 0.15176359530530684 0.15158063649896605 0.1100249060801425 0.1100249060801425
0.11624386663905176 0.11624386663905176 0.11624386663905176 0.11624386663905176 0.14632927061927048 0.15620752954641906 0.11624386663905176 0.11624386663905176
0.12097479180700563 0.12097479180700563 0.1311028290139409 0.10805880662488876 0.15352883507018297 0.14924233242719853 0.10805880662488876 0.10805880662488876
0.1198788390259479 0.1198788390259479 0.14100196171744234 0.10643719549183617 0.15414440040217597 0.1457843733529774 0.10643719549183617 0.10643719549183617
0.11511561380182232 0.11511561380182232 0.11511561380182232 0.11511561380182232 0.15575520338932766 0.15355111379973865 0.11511561380182232 0.11511561380182232
0.1190470537483177 0.1190470537483177 0.13660622724639349 0.10625642999255967 0.1597907734735213 0.14673960180577084 0.10625642999255967 0.10625642999255967
0.1140342789525473 0.1140342789525473 0.1140342789525473 0.1140342789525473 0.15616251349685106 0.15963181278786498 0.1140342789525473 0.1140342789525473
0.11783502193022155 0.11783502193022155 0.1352292538916903 0.10516454649104963 0.15883888580345015 0.15476817697126752 0.10516454649104963 0.10516454649104963
0.11311595408241298 0.11311595408241298 0.11311595408241298 0.11311595408241298 0.15499322703392343 0.1663110484715986 0.11311595408241298 0.11311595408241298
0.11691370897387932 0.11691370897387932 0.13949466679558536 0.10434526963138901 0.15761771557668616 0.15602439078580285 0.10434526963138901 0.10434526963138901
0.11265948487474059 0.11265948487474059 0.11265948487474059 0.11265948487474059 0.1542148009033743 0.16982828984818227 0.11265948487474059 0.11265948487474059
0.11635261915738832 0.11635261915738832 0.13884245356499267 0.10383489861575046 0.16034065282802945 0.15660695944494982 0.10383489861575046 0.10383489861575046
0.11224000997849072 0.11224000997849072 0.11224000997849072 0.11224000997849072 0.1545132181399453 0.17204672198911056 0.11224000997849072 0.11224000997849072
0.11577154386304918 0.11577154386304918 0.14187824551872302 0.10330043164321687 0.15991552873908169 0.1567618430864463 0.10330043164321687 0.10330043164321687
0.11204088470808377 0.11204088470808377 0.11204088470808377 0.11204088470808377 0.1542020105074576 0.17355268124403986 0.11204088470808377 0.11204088470808377
0.11540133139387718 0.11540133139387718 0.14400517866586152 0.10295234420409008 0.15945341189494755 0.15688171403916615 0.10295234420409008 0.10295234420409008
0.11111162158749638 0.11111162158749638 0.11111162158749638 0.11111162158749638 0.16065981617548783 0.17267045429953395 0.11111162158749638 0.11111162158749638
0.11479404781479749 0.11479404781479749 0.14316065579287568 0.10244831208285346 0.16380277162757179 0.15610354070139695 0.10244831208285346 0.10244831208285346
0.11084233963871302 0.11084233963871302 0.11084233963871302 0.11084233963871302 0.1617420444879413 0.17320391767978044 0.11084233963871302 0.11084233963871302
0.11449706338711735 0.11449706338711735 0.1445108857680722 0.1021812478717048 0.16394900014135722 0.1560022437012217 0.1021812478717048 0.1021812478717048
0.11074831159937912 0.11074831159937912 0.11074831159937912 0.11074831159937912 0.16169345516810077 0.1738166752356245 0.11074831159937912 0.11074831159937912
0.11432688332276 0.11432688332276 0.14547805731444238 0.10202151536727343 0.1637707118366677 0.15603291810154962 0.10202151536727343 0.10202151536727343
0.11069071582232273 0.11069071582232273 0.11069071582232273 0.11069071582232273 0.16158045848423064 0.17427524658183297 0.11069071582232273 0.11069071582232273
0.10918063228793295 0.10918063228793295 0.10918063228793295 0.10918063228793295 0.1647171638199432 0.18019904245245924 0.10918063228793295 0.10918063228793295
0.10869513710617412 0.10869513710617412 0.10869513710617412 0.10869513710617412 0.16530978004112004 0.1825193973218352 0.10869513710617412 0.10869513710617412
0.10808175921923135 0.10808175921923135 0.10808175921923135 0.10808175921923135 0.16865281819133449 0.18285662649327722 0.10808175921923135 0.10808175921923135
0.10787791115659112 0.10787791115659112 0.10787791115659112 0.10787791115659112 0.16967389076492193 0.1830586422955314 0.10787791115659112 0.10787791115659112
0.10632245826687906 0.10632245826687906 0.11830889283983362 0.10632245826687906 0.16849256847446525 0.1815862473513056 0.10632245826687906 0.10632245826687906
0.10501886587197909 0.10501886587197909 0.1284722561819432 0.10501886587197909 0.16675612847609922 0.17967728598206203 0.10501886587197909 0.10501886587197909
0.10389427512965688 0.10389427512965688 0.13776550075311655 0.10389427512965688 0.16499528977847522 0.17776783382012368 0.10389427512965688 0.10389427512965688
0.1037448948687649 0.1037448948687649 0.14006624936050274 0.1037448948687649 0.16420072164928154 0.17700855464639123 0.1037448948687649 0.1037448948687649
0.10292008774579192 0.10292008774579192 0.14644395905120253 0.10292008774579192 0.1630847772868859 0.17587082493295203 0.10292008774579192 0.10292008774579192
0.11278820628680389 0.1013526409817159 0.14685830745240464 0.1013526409817159 0.1611084380073916 0.17383448432653636 0.1013526409817159 0.1013526409817159
0.11251926050532168 0.11124864213808969 0.14562165774553928 0.0999872375845657 0.15901888530088198 0.17162984155647035 0.0999872375845657 0.0999872375845657
0.11201283020204289 0.11187165038346156 0.1495620507064184 0.09951069014589603 0.15777670608785616 0.17024469218253294 0.09951069014589603 0.09951069014589603
0.12045337190865521 0.11067828767205179 0.14965381030145603 0.09824810429611161 0.15605897408551264 0.1684112431439895 0.09824810429611161 0.09824810429611161
0.1220892586583406 0.11050833732056628 0.14964799433373563 0.09821074980144942 0.15539222642133357 0.16772993386167573 0.09821074980144942 0.09821074980144942
0.12942869245466726 0.10951902419232877 0.1486755655819813 0.09724032004559918 0.15417749404723263 0.1664782635869926 0.09724032004559918 0.09724032004559918
0.13087568154898765 0.10892107557662117 0.15122842137712283 0.09675229511080688 0.153244379739938 0.1654735564249097 0.09675229511080688 0.09675229511080688
0.1308989000551513 0.1084963621324006 0.1518055370536939 0.09639402040166492 0.1549165951252628 0.1647005444284968 0.09639402040166492 0.09639402040166492
0.1306404638264656 0.10818461404947585 0.1517524399680145 0.09612946270143136 0.15691720219064734 0.16411689186110257 0.09612946270143136 0.09612946270143136
0.1303803619739256 0.10795800925768231 0.15154101858026497 0.09593749658551834 0.1586241230798938 0.16368399735167835 0.09593749658551834 0.09593749658551834
0.12997703696442564 0.10759808081005495 0.15347482370537058 0.09560274644809026 0.15897126830349595 0.16317055087238203 0.09560274644809026 0.09560274644809026
0.12960441046759305 0.10729179738051708 0.1555584577143696 0.09533645506828878 0.15884365746774853 0.16269231176490556 0.09533645506828878 0.09533645506828878
0.12935644465919927 0.10710804164994264 0.15622633084974957 0.0951867308298852 0.15940381715380902 0.16234517319764372 0.0951867308298852 0.0951867308298852
0.12912001909736834 0.10691657403453592 0.15742631181798356 0.09501568051787562 0.15945922739734444 0.1620308260991409 0.09501568051787562 0.09501568051787562
0.12892737561710718 0.10676498908214094 0.15852945359971926 0.09488536974497028 0.1593513177983296 0.16177075466779225 0.09488536974497028 0.09488536974497028
0.12878418726897478 0.10665574768825756 0.1593948579647827 0.09479297112357524 0.1592152936388074 0.16157100006845174 0.09479297112357524 0.09479297112357524
0.12868244365868128 0.10657961721305352 0.16003014395505805 0.0947289785810249 0.15909630944387745 0.16142454998625513 0.0947289785810249 0.0947289785810249
0.12861178009832533 0.10652731902998895 0.16048085840949397 0.09468513933964967 0.15900436744260096 0.16132025700064165 0.09468513933964967 0.09468513933964967
0.13388252822247526 0.10575436171463087 0.15989902135129117 0.09391799293352099 0.1582000508558879 0.16051005905515198 0.09391799293352099 0.09391799293352099
0.1354190160611491 0.10556714498941493 0.15971602610197438 0.09381666035445595 0.15777355031919632 0.16007428146489752 0.09381666035445595 0.09381666035445595
0.1358796090118568 0.10552949130646726 0.1597296574441561 0.0937998085298656 0.15758427346852344 0.15987754317939956 0.0937998085298656 0.0937998085298656
0.13994439086757968 0.10496695155602287 0.15917692837522604 0.09324145252197093 0.15694939688654638 0.1592379747487124 0.09324145252197093 0.09324145252197093
0.14125939392018744 0.10482235126164313 0.15893768213798143 0.09315935664430727 0.1566106340136762 0.1588918687335899 0.09315935664430727 0.09315935664430727
0.14451013084114545 0.10439828757584675 0.15843081895890782 0.09275135965788639 0.15606568245823285 0.15834100119220804 0.09275135965788639 0.09275135965788639
0.145634435103687 0.104284373053804 0.15820211805134055 0.09268456332315439 0.15577857388921873 0.15804680993248646 0.09268456332315439 0.09268456332315439
0.14602917602218046 0.10425450114168322 0.15809032622840635 0.09266734858014943 0.15564528730516805 0.15797866356211365 0.09266734858014943 0.09266734858014943
0.14616819249372892 0.10424556172483686 0.15807039648868 0.09266172826464984 0.15558578208037932 0.15794488241842528 0.09266172826464984 0.09266172826464984
0.14621274351696573 0.10423818253621482 0.15805576479059946 0.09265534234456628 0.15555533947324957 0.15797194264927159 0.09265534234456628 0.09265534234456628
0.14820861841526797 0.10395337913469599 0.1577657275453036 0.09237135885289431 0.1552590486879711 0.15769914965807846 0.09237135885289431 0.09237135885289431
0.14892089976034545 0.10387180996949316 0.15761723203451933 0.09232143451008248 0.15508934033087424 0.15753641437452034 0.09232143451008248 0.09232143451008248
0.15055287328346464 0.10365909756474101 0.15735212381357597 0.09211778534590842 0.15481708171517206 0.15726546758532114 0.09211778534590842 0.09211778534590842
0.15115583417708936 0.10359805347976811 0.15721936965629715 0.09208037597257464 0.1546696040186474 0.15711601075047424 0.09208037597257464 0.09208037597257464
0.1502574716096096 0.11148255149778079 0.1560294550150196 0.09094541751493729 0.1534750234890963 0.15591924584368178 0.09094541751493729 0.09094541751493729
0.14993625662516427 0.11307685701535405 0.15557775050272327 0.09097671111535123 0.15302337378406144 0.15545562872664317 0.09097671111535123 0.09097671111535123
0.14985582661520186 0.11343852149542331 0.1554427749048142 0.09102232268782037 0.1528863930606922 0.15530951586040714 0.09102232268782037 0.09102232268782037
0.1507714869415663 0.1133936938492221 0.1552703617257886 0.09090579917828455 0.1527144911805148 0.15513256876805442 0.09090579917828455 0.09090579917828455
0.1511188871250899 0.11336641164108557 0.15518489296897645 0.09088740354036091 0.15262659929669392 0.15504099834707158 0.09088740354036091 0.09088740354036091
0.15125423405265204 0.11335756778404028 0.15514896812825477 0.09088396807029812 0.15258763102173048 0.154999694802428 0.09088396807029812 0.09088396807029812
0.15130748398363117 0.11335499497247012 0.1551352238226099 0.09088314845264389 0.15257105736568968 0.1549817944976674 0.09088314845264389 0.09088314845264389
0.15196280479019328 0.11326376837735264 0.15503881530812316 0.09079243188811244 0.15247364042723302 0.15488367543276063 0.09079243188811244 0.09079243188811244
0.15221170265253287 0.11322964944936358 0.15498416763145628 0.09077639759341324 0.15241822255218815 0.15482706493421955 0.09077639759341324 0.09077639759341324
0.1527391503873489 0.11315828043657492 0.1548969305204057 0.09071179226943848 0.15233121296906715 0.1547390488782879 0.09071179226943848 0.09071179226943848
0.15293854757782863 0.1131285908066956 0.1548452606099294 0.09069625073335662 0.1522804953233479 0.15471835348212862 0.09069625073335662 0.09069625073335662
0.15301658002613297 0.11311948184199525 0.15482152041491137 0.0906930273995755 0.15225676793239998 0.15470656758583376 0.0906930273995755 0.0906930273995755
0.15304759314007427 0.11311689042633291 0.15481149585294093 0.09069224173240177 0.15224638978959937 0.1547009055938471 0.09069224173240177 0.09069224173240177
0.15306000204619108 0.11311614754794112 0.15480751389075867 0.09069201257264538 0.15224196496913658 0.15469833382803652 0.09069201257264538 0.09069201257264538
0.15306238122810467 0.11311332274463035 0.15480318721675004 0.09068933503651341 0.15223749857292565 0.1547156051280489 0.09068933503651341 0.09068933503651341
0.1530628222017098 0.11311223419950119 0.15480113504199222 0.09068880647646234 0.15223516434461185 0.15472222478279798 0.09068880647646234 0.09068880647646234
0.15306286558812968 0.1131118820943493 0.1548003292757195 0.09068867016298236 0.1522340843526525 0.1547248282002019 0.09068867016298236 0.09068867016298236
0.15306283621374722 0.11311176523885486 0.15480006989874873 0.09068862310832333 0.1522336006803911 0.15472585864328792 0.09068862310832333 0.09068862310832333
0.15306280298903144 0.11311172081913955 0.15480002287578862 0.09068860185387863 0.1522333838876173 0.15472626386678714 0.09068860185387863 0.09068860185387863
0.1530627778029743 0.11311170036668927 0.1548000466795287 0.09068859020713091 0.15223328459619756 0.15472641993321753 0.09068859020713091 0.09068859020713091
0.1533540090698744 0.11307008752336481 0.15475844774914638 0.09064698141827177 0.1521916356659454 0.1546848757368538 0.09064698141827177 0.09064698141827177
0.1536622961548636 0.1130262986323197 0.15470567965726487 0.09061144179939011 0.15213925827719663 0.15463214188018498 0.09061144179939011 0.09061144179939011
0.1537823905271681 0.11301096142039872 0.15467720576241514 0.09060478523630519 0.15211142665841024 0.15460365992269215 0.09060478523630519 0.09060478523630519
0.1537689407399515 0.11294509491072255 0.1546025870210372 0.09054195915418108 0.15252845408687193 0.15452904577887372 0.09054195915418108 0.09054195915418108
0.1537522116241046 0.11292083833295502 0.154560508684369 0.09053075986164981 0.15268719645585163 0.15448696531777037 0.09053075986164981 0.09053075986164981
0.15387562652579603 0.11289482235163095 0.15452187425418062 0.09050955247055349 0.15273067771613755 0.15444834174059424 0.09050955247055349 0.09050955247055349
0.15401183492858656 0.11287298158291145 0.15448919013640158 0.09049286907377486 0.15273171324409449 0.15441567288668118 0.09049286907377486 0.09049286907377486
0.1540649012495915 0.11286549218191229 0.1544725107452288 0.09048970935637894 0.1527289755117517 0.15439899224237896 0.09048970935637894 0.09048970935637894
0.15408611862997404 0.11286331940443704 0.15446492598832026 0.09048902126733756 0.15272717177718834 0.15439140039806776 0.09048902126733756 0.09048902126733756
0.15409471243958717 0.11286272407414633 0.1544616276522392 0.09048885666543051 0.1527262721405384 0.15438809369719725 0.09048885666543051 0.09048885666543051
0.1540982182487718 0.11286256439113476 0.1544602250337046 0.09048881499986744 0.1527258638666024 0.15438668346018417 0.09048881499986744 0.09048881499986744
0.15409965442749965 0.11286252173683359 0.15445963654502018 0.09048880400090432 0.15272568649308857 0.15438608879484497 0.09048880400090432 0.09048880400090432
0.15405872983073257 0.11282099583809094 0.15441787537511162 0.090447286557891 0.1530162140495885 0.1543443252328032 0.090447286557891 0.090447286557891
0.15403442140199886 0.11280534880907064 0.15439316698484373 0.09043987156526123 0.15312782289659166 0.15431962521171122 0.09043987156526123 0.09043987156526123
0.154021107952677 0.11279896789283152 0.15437965475285353 0.09043659249428494 0.15317026793408675 0.15432022398469641 0.09043659249428494 0.09043659249428494
0.1540149520471487 0.11279704275798237 0.15437339991637325 0.09043593230339306 0.15318699670070685 0.15431981166760983 0.09043593230339306 0.09043593230339306
0.15407238607056895 0.11278792616697594 0.15436207447496375 0.09042719734844067 0.15318511521624592 0.1543109060259234 0.09042719734844067 0.09042719734844067
0.15317237407031936 0.11923956248487708 0.15343363790553194 0.08950345129373032 0.15226059835167702 0.15338347330640362 0.08950345129373032 0.08950345129373032
0.15281795173144336 0.1209120375185055 0.15302064454295894 0.08947497675382078 0.15185336611885847 0.15297106982677128 0.08947497675382078 0.08947497675382078
0.15272516171143147 0.12137590077035246 0.15287252182866223 0.0894978982732099 0.15170945202183897 0.15282326884808506 0.0894978982732099 0.0894978982732099
0.15271712050119354 0.12150780165427359 0.15282078080658612 0.08950750336091266 0.15166009812950235 0.15277168882570633 0.08950750336091266 0.08950750336091266
0.15271773651409615 0.12154652091929759 0.15280329700534545 0.0895114474555458 0.15164382283483727 0.15275428035978608 0.0895114474555458 0.0895114474555458
0.15271814935818645 0.12155688699720593 0.15279621385033232 0.08951160534531627 0.1516373130333032 0.15275662072502322 0.08951160534531627 0.08951160534531627
0.15273074620659532 0.12155809164282355 0.15279175197791267 0.08951007701360399 0.15163311775466456 0.15275606137719192 0.08951007701360399 0.08951007701360399
0.152735744072445 0.12155819239681395 0.1527896879059732 0.08950986016732236 0.1516311821792616 0.15275561294353932 0.08950986016732236 0.08950986016732236
0.15273778022351672 0.1215581861468342 0.1527888007072147 0.08950982735393317 0.1516303563959417 0.15275539446469324 0.08950982735393317 0.08950982735393317
0.15271086861030211 0.12153042998121807 0.15276067874948906 0.08948207283610067 0.15182425466085447 0.15272754948983427 0.08948207283610067 0.08948207283610067
0.15269496717472034 0.12151835132669779 0.15274427130048426 0.08947731198992255 0.15189921426890476 0.15271125995942517 0.08947731198992255 0.08947731198992255
0.15269565763266227 0.12151305459844275 0.15273536379816924 0.08947519975335967 0.15192792135919472 0.152702403351452 0.08947519975335967 0.08947519975335967
0.15267681362675833 0.12149252825909068 0.15271254481360083 0.08945606987642775 0.15207029710746228 0.15267960656380464 0.08945606987642775 0.08945606987642775
0.15266568977745046 0.12148379472144381 0.1526997725278747 0.08945274803070628 0.1521256527409985 0.15266684614011364 0.08945274803070628 0.08945274803070628
0.15266594068385672 0.12148003656081566 0.15269302719535027 0.0894512924343276 0.15214701092490293 0.15266010733209148 0.0894512924343276 0.0894512924343276
0.15266575309254765 0.12147875425121904 0.1526899422230086 0.08945100094960122 0.15215552181282976 0.15265702577159113 0.08945100094960122 0.08945100094960122
0.1526656081138019 0.12147834887276943 0.15268859735181978 0.08945093364723866 0.1521589621123999 0.1526556826074931 0.08945093364723866 0.08945093364723866
0.15266924607986657 0.12147769401852822 0.15268749238577328 0.08945038566949624 0.1521598319892368 0.1526545785181063 0.08945038566949624 0.08945038566949624
0.15267065535701588 0.1214774241633155 0.1526869376146096 0.08945028846413346 0.15216009328720534 0.1526540241854533 0.08945028846413346 0.08945028846413346
0.152673718026975 0.1214769758828373 0.15268633071787815 0.08944991132996398 0.15215982384206517 0.1526534175403524 0.08944991132996398 0.08944991132996398
0.15195985227865647 0.12648225954588718 0.1519709453092385 0.08873477727207398 0.15144457873744277 0.15193803231255315 0.08873477727207398 0.08873477727207398
0.15161934317687273 0.1279907940091118 0.15162786705022036 0.08868798114714986 0.15110300783309652 0.15159504448924901 0.08868798114714986 0.08868798114714986
0.15149046824312312 0.12847169322777174 0.1514979193184414 0.08870012175952934 0.1509743764397189 0.15146517749235675 0.08870012175952934 0.08870012175952934
0.15143265125256544 0.12861668094885848 0.15143965468799708 0.08869567593899279 0.15101702259111088 0.15140696270248968 0.08869567593899279 0.08869567593899279
0.15140147584107305 0.12865450253292926 0.1514082923880122 0.08868844436470275 0.15109476774636244 0.1513756283975148 0.08868844436470275 0.08868844436470275
0.1513822705111183 0.12865996051696474 0.1513890088506214 0.08868214975476803 0.15116595044466077 0.15135636041233078 0.08868214975476803 0.08868214975476803
0.15137341504629287 0.12866075458598406 0.15138012052768582 0.08868124782210361 0.151194485438234 0.15134748093549258 0.08868124782210361 0.08868124782210361
0.15136961993550918 0.12866087354938002 0.1513763115987903 0.08868112003827847 0.15120615802895326 0.15134367677253177 0.08868112003827847 0.08868112003827847
0.15136803077863273 0.12866089303385478 0.15137471663389374 0.08868110255633509 0.15121096763561742 0.15134208424899617 0.08868110255633509 0.08868110255633509
0.1513673705349933 0.12866089696470312 0.151374053952465 0.08868110043262158 0.15121295447888589 0.151341422771088 0.08868110043262158 0.08868110043262158
0.15136328042333225 0.1286570815021958 0.15136996281410148 0.08867728374865128 0.15124049179969284 0.1513373322147236 0.08867728374865128 0.08867728374865128
0.15135837794008739 0.12865268725480258 0.15136505979986875 0.08867407510949628 0.1512692197185383 0.15133242995821422 0.08867407510949628 0.08867407510949628
0.15135579343877675 0.12865076756769495 0.15136247495774524 0.0886735208809406 0.1512805553497222 0.15132984604323924 0.0886735208809406 0.0886735208809406
0.15135288469894181 0.12864833263201816 0.1513595660099241 0.08867168246451813 0.15129723145977986 0.15132693780578163 0.08867168246451813 0.08867168246451813
0.15135136343359995 0.12864725934104038 0.1513580445871769 0.08867136579997613 0.15130381819762853 0.1513254170406259 0.08867136579997613 0.08867136579997613
0.1513495080123278 0.1286457004116463 0.15135618906137366 0.0886701403826066 0.15131461938757318 0.15132356197925922 0.0886701403826066 0.0886701403826066
0.15134852928750295 0.12864500565700793 0.15135521024793472 0.08866993004618193 0.15131888107918315 0.15132258358982564 0.08866993004618193 0.08866993004618193
0.15134808236662345 0.12864474817041746 0.15135476326683414 0.08866988844608528 0.1513206039517466 0.1513221369061226 0.08866988844608528 0.08866988844608528
0.15134788751164707 0.1286446583886527 0.15135456837656283 0.08866987867512449 0.15132130750352554 0.15132194219423836 0.08866987867512449 0.08866987867512449
0.15134780414519813 0.12864462781920433 0.15135448499126683 0.0886698760042598 0.15132159612494395 0.15132185890660743 0.0886698760042598 0.0886698760042598
0.15134776881343534 0.1286446175130327 0.15135444965008707 0.0886698751971698 0.1513217148160834 0.15132182361585197 0.0886698751971698 0.0886698751971698
0.15134887495299137 0.1286444539061478 0.1513542746089089 0.08866971479280147 0.15132160355353239 0.151321648600015 0.08866971479280147 0.08866971479280147
0.15134930602016738 0.12864437603788778 0.15135417508525784 0.08866968776337693 0.15132153045795682 0.1513215491085994 0.08866968776337693 0.08866968776337693
0.15134947933594417 0.12864434663490998 0.15135412866068154 0.08866968255700709 0.151321494987749 0.15132150270969416 0.08866968255700709 0.08866968255700709
0.15134876785523155 0.12864355424059196 0.15135332617589853 0.08866889929930429 0.1513269535889613 0.15132070024140373 0.08866889929930429 0.08866889929930429
0.15134909543448974 0.12864306844137072 0.15135275424852362 0.08866865972691128 0.15132897427266173 0.15132012842222037 0.08866865972691128 0.08866865972691128
0.1513491876250122 0.12864287401020694 0.1513524739057493 0.08866861625190492 0.15132976750700067 0.15131984819631603 0.08866861625190492 0.08866861625190492
0.15134921654387862 0.12864280433166586 0.1513523485383979 0.08866860699046634 0.15133008670200698 0.1513197229126515 0.08866860699046634 0.08866860699046634
0.1513492261827958 0.1286427803422068 0.1513522942789553 0.0886686046527604 0.15133021653414272 0.15131966870361818 0.0886686046527604 0.0886686046527604
0.15134844744341264 0.12864199015647731 0.1513514890757087 0.08866782192146148 0.15132948756274758 0.1513251199972692 0.08866782192146148 0.08866782192146148
0.1513479932005721 0.12864161288463807 0.15135102386360258 0.08866769019015862 0.15132905398451107 0.15132724549620027 0.08866769019015862 0.08866769019015862
0.15134777975894895 0.12864147033311413 0.1513508058736961 0.08866766487123752 0.1513288491328099 0.1513281002877184 0.08866766487123752 0.08866766487123752
0.1513481928309156 0.12864134780613987 0.1513506373607368 0.08866758664040318 0.15132868607854041 0.1513283760024577 0.08866758664040318 0.08866758664040318
0.1513486913712096 0.12864124725734835 0.15135050509481882 0.08866752416536809 0.151328556087233 0.15132842769328586 0.08866752416536809 0.08866752416536809
0.15134911635137427 0.12864117222234472 0.15135040652521659 0.08866748037466976 0.15132845847072227 0.1513284053063327 0.08866748037466976 0.08866748037466976
0.1513492845863357 0.12864114113394684 0.15135035792972326 0.08866747260248015 0.15132841027823005 0.15132838826432374 0.08866747260248015 0.08866747260248015
0.15134935265187993 0.1286411298640033 0.15135033619395252 0.08866747099287546 0.15132838871344448 0.1513283795980935 0.08866747099287546 0.08866747099287546
0.15134885434746392 0.12864059986798645 0.15134980069790305 0.08866694449885552 0.15133206207445316 0.15132784951562683 0.08866694449885552 0.08866694449885552
0.15134855937242198 0.12864034657784276 0.15134949031790795 0.0886668558984821 0.15133349461364556 0.15132754142273533 0.0886668558984821 0.0886668558984821
0.15134842017938435 0.12864025084303068 0.15134934474375197 0.08866683887047959 0.15133407080042374 0.15132739682197044 0.08866683887047959 0.08866683887047959
0.15134835865236726 0.12864021721491914 0.1513492805734567 0.08866683499078826 0.15133430551979843 0.15132733306709367 0.08866683499078826 0.08866683499078826
0.15134833213441434 0.12864020572909055 0.15134925296055468 0.08866683395448341 0.15133440168083595 0.1513273056316541 0.08866683395448341 0.08866683395448341
0.1513483208428569 0.12864020185096361 0.15134924121542365 0.08866683364543698 0.15133444119209538 0.15132729396234945 0.08866683364543698 0.08866683364543698
0.15134831606843657 0.1286402005479043 0.15134923625311372 0.08866683354745813 0.15133445745573734 0.15132728903243364 0.08866683354745813 0.08866683354745813
0.15134831405909158 0.1286402001109939 0.1513492341659368 0.08866683351545748 0.15133446415851426 0.1513272869590909 0.08866683351545748 0.08866683351545748
0.15134846759954942 0.12864017790988924 0.151349211236177 0.08866681145011734 0.15133444486879544 0.15132726403523677 0.08866681145011734 0.08866681145011734
0.15134852747480756 0.12864016729688268 0.15134919802536353 0.08866680773583212 0.15133443316663361 0.1513272508288163 0.08866680773583212 0.08866680773583212
0.15134865540579526 0.1286401484493797 0.1513491770043667 0.08866679218619093 0.15133441277112475 0.1513272298107609 0.08866679218619093 0.08866679218619093
0.15134877558437904 0.12864012995458163 0.15134915566019871 0.08866677954802357 0.1513343916871729 0.151327208469597 0.08866677954802357 0.08866677954802357
0.1513488231548212 0.12864012200527675 0.15134914461808185 0.08866677734575064 0.15133438075403102 0.1513271974305371 0.08866677734575064 0.08866677734575064
0.1513488424114326 0.12864011909014167 0.15134913959992216 0.08866677690076466 0.1513343757816287 0.15132719241458112 0.08866677690076466 0.08866677690076466
0.1513488502797973 0.12864011807741726 0.15134913741473274 0.0886667767938828 0.15133437361567403 0.15132719023073035 0.0886667767938828 0.0886667767938828
0.15134885350880062 0.12864011773299627 0.15134913647999126 0.0886667767641535 0.1513343726890224 0.15132718929672873 0.0886667767641535 0.0886667767641535
0.15134850093421845 0.12863976371407745 0.151348782180967 0.08866642285225926 0.15133684961586907 0.15132683499809021 0.08866642285225926 0.08866642285225926
0.15134829537906486 0.12863959417285847 0.15134857591124096 0.08866636331808292 0.1513378158239599 0.15132662875862704 0.08866636331808292 0.08866636331808292
0.15134819881160222 0.12863953005449644 0.15134847904761012 0.08866635188257795 0.1513382045135046 0.15132653192505297 0.08866635188257795 0.08866635188257795
0.15134791814951568 0.12863926946243534 0.15134819826275864 0.08866611121451247 0.15134002932087584 0.15132625116087725 0.08866611121451247 0.08866611121451247
0.1513477611677184 0.12863914774281265 0.1513480412298132 0.08866607047068074 0.1513407442872636 0.15132609416035003 0.08866607047068074 0.08866607047068074
0.15134768825193495 0.1286391020191445 0.15134796829267624 0.08866606256989441 0.1513410324765821 0.15132602124997893 0.08866606256989441 0.08866606256989441
0.15134765623539892 0.12863908599306825 0.1513479362672175 0.08866606075188793 0.15134115000685128 0.1513259892418003 0.08866606075188793 0.08866606075188793
0.15134768947389826 0.12863907381111905 0.15134791580159557 0.0886660535498456 0.15134119147779596 0.15132596878605467 0.0886660535498456 0.0886660535498456
0.15134773357059395 0.12863906423435878 0.15134790153423877 0.08866604775847685 0.15134120286085187 0.15132595452452627 0.08866604775847685 0.08866604775847685
0.1513477508101767 0.12863906023513094 0.1513478946019411 0.08866604673511001 0.15134120655156708 0.15132594759585413 0.08866604673511001 0.08866604673511001
0.15134775773936987 0.1286390587817214 0.1513478915201804 0.0886660465244115 0.15134120786930996 0.15132594451618375 0.0886660465244115 0.0886660465244115
0.1513477605576026 0.1286390582785519 0.1513478901923063 0.0886660464728712 0.15134120836348858 0.15132594318943698 0.0886660464728712 0.0886660464728712
0.15134776171027137 0.1286390581076765 0.15134788962783577 0.08866604645834954 0.15134120855362182 0.15132594262554608 0.08866604645834954 0.08866604645834954
0.151347602043139 0.12863889791006097 0.15134772924953807 0.0886658863138315 0.151342329608231 0.15132578224753637 0.0886658863138315 0.0886658863138315
0.15134750897378957 0.12863882118850511 0.151347635885576 0.08866585937172236 0.15134276693964202 0.15132568889732018 0.08866585937172236 0.08866585937172236
0.15134746525226614 0.12863879217200863 0.1513475920419909 0.0886658541955096 0.15134294287984595 0.15132564506735957 0.0886658541955096 0.0886658541955096
0.15134744596558924 0.12863878197638032 0.15134757270473986 0.08866585301640215 0.15134301456460897 0.15132562573947522 0.08866585301640215 0.08866585301640215
0.15134743766289935 0.12863877849323363 0.15134756438109487 0.08866585270142206 0.15134304393715434 0.1513256174213517 0.08866585270142206 0.08866585270142206
0.1513474341303108 0.12863877731691598 0.1513475608398235 0.08866585260744961 0.1513430560075269 0.15132561388307392 0.08866585260744961 0.08866585260744961
0.15134732491598604 0.1286386692001108 0.151347451621901 0.0886657448561707 0.1513438150267983 0.1513255046666918 0.0886657448561707 0.0886657448561707
0.15134726155164702 0.12863861747166208 0.15134738825601834 0.08866572672369485 0.15134411123886138 0.15132544131072675 0.08866572672369485 0.08866572672369485
0.151347231823773 0.1286385979125828 0.15134735852747397 0.08866572323859742 0.15134423042870496 0.15132541159167293 0.08866572323859742 0.08866572323859742
0.15134721871751047 0.1286385910405793 0.15134734542091924 0.08866572244433821 0.1513442789964025 0.15132539849157384 0.08866572244433821 0.08866572244433821
0.15134723433780325 0.12863858565569733 0.15134733674325201 0.08866571919484714 0.1513442958610127 0.15132538981769333 0.08866571919484714 0.08866571919484714
0.15134724023270252 0.1286385834080563 0.15134733257497734 0.08866571862049226 0.151344302271063 0.15132538565172396 0.08866571862049226 0.08866571862049226
0.1513472425558231 0.12863858259133604 0.15134733073036233 0.08866571850219888 0.15134430480746414 0.15132538380841767 0.08866571850219888 0.08866571850219888
0.15134717102833725 0.12863850984792766 0.15134725747677885 0.08866564601257629 0.15134481305369457 0.15132531055553283 0.08866564601257629 0.08866564601257629
0.15134714350692102 0.12863847300182304 0.15134721289628636 0.0886656317705948 0.1513450093016315 0.15132526598155366 0.0886656317705948 0.0886656317705948
0.15134712942021455 0.128638458863832 0.15134719174443173 0.08866562908207942 0.15134508788909962 0.15132524483618381 0.08866562908207942 0.08866562908207942
0.15134712298563802 0.12863845387015793 0.15134718238376893 0.08866562848161291 0.15134511983559318 0.15132523548000332 0.08866562848161291 0.08866562848161291
0.15081696141594791 0.13234956338873308 0.15081701960221722 0.08813546957684865 0.150814974161453 0.15079507270110298 0.08813546957684865 0.08813546957684865
0.15054773674102612 0.13357543679985304 0.15054778335218397 0.08808580414663525 0.15054574916930014 0.150525881497731 0.08808580414663525 0.08808580414663525
0.1504393139986091 0.13399985816505358 0.15043935577566137 0.08808888274557816 0.1504373283743527 0.15041749544958896 0.08808888274557816 0.08808888274557816
0.15039863075931786 0.13414994874713523 0.15039866316719086 0.08809309621632821 0.15039663942788994 0.15037682924948143 0.08809309621632821 0.08809309621632821
0.15038376146237048 0.13420351113247891 0.1503837850425148 0.08809507123508915 0.1503817631401197 0.15036196551724867 0.08809507123508915 0.08809507123508915
0.15037838438741655 0.1342226987925357 0.15037840098563648 0.08809584906310017 0.15037637996109915 0.15035658868401172 0.08809584906310017 0.08809584906310017
0.15037644714302215 0.13422958345953867 0.1503764608493824 0.08809613877364761 0.15037444023078672 0.15035465199632736 0.08809613877364761 0.08809613877364761
0.15037575041861262 0.13423205537570254 0.15037576292719987 0.08809624437318085 0.15037374249199534 0.1503539556669471 0.08809624437318085 0.08809624437318085
0.15037550002562045 0.13423294315412426 0.15037551203810953 0.08809628253370157 0.15037349168434963 0.15035370549669155 0.08809628253370157 0.08809628253370157
0.15037541006520178 0.13423326203253544 0.15037542187221678 0.08809629627537297 0.15037340155416185 0.15035361564976535 0.08809629627537297 0.08809629627537297
0.15037537774868692 0.13423337657491696 0.15037538947059925 0.08809630121662386 0.15037336916804123 0.15035358338788407 0.08809630121662386 0.08809630121662386
0.15037536614028854 0.13423341771979755 0.15037537782695348 0.08809630299234657 0.15037335753106848 0.15035357180485226 0.08809630299234657 0.08809630299234657
0.15037536197056428 0.1342334324996101 0.15037537364263073 0.0880963036303255 0.15037335334960103 0.1503535676466174 0.0880963036303255 0.0880963036303255
0.15037536047283118 0.1342334378087418 0.15037537213885135 0.08809630385951418 0.15037335184703712 0.15035356615399584 0.08809630385951418 0.08809630385951418
0.15037536189168818 0.13423343943631855 0.15037537131883463 0.0880963036622987 0.1503733510275356 0.15035356533872699 0.0880963036622987 0.0880963036622987
0.15037536246301206 0.13423343997942389 0.15037537096291245 0.08809630364599257 0.15037335067183324 0.15035356498484045 0.08809630364599257 0.08809630364599257
0.15037536270187613 0.13423344016833977 0.1503753708177508 0.08809630364823866 0.15037335052676545 0.15035356484055196 0.08809630364823866 0.08809630364823866
0.1503753628028142 0.13423344023528244 0.1503753707596418 0.08809630365024941 0.15037335046869643 0.15035356478281683 0.08809630365024941 0.08809630365024941
0.15037536284551958 0.13423344025919237 0.15037537073647667 0.08809630365115056 0.15037335044554834 0.15035356475981143 0.08809630365115056 0.08809630365115056
0.15037536286355657 0.1342334402677606 0.1503753707272329 0.08809630365150078 0.15037335043631178 0.15035356475063574 0.08809630365150078 0.08809630365150078
0.15037536418743339 0.13423344008279578 0.15037537053549468 0.08809630346359097 0.15037335024457665 0.15035356455892657 0.08809630346359097 0.08809630346359097
0.1503753655903184 0.13423343986192002 0.15037537029878303 0.08809630330628915 0.1503733500078678 0.15035356432224323 0.08809630330628915 0.08809630330628915
0.15037536614495534 0.13423343975962498 0.15037537017436897 0.08809630327991094 0.15037334988345677 0.15035356419786103 0.08809630327991094 0.08809630327991094
0.1499944589921576 0.1368997913620063 0.1499944627403373 0.08771539589740622 0.1499924424494273 0.14997265676385307 0.08771539589740622 0.08771539589740622
0.14979345482943168 0.13783351901362578 0.14979345845586914 0.08767214723154454 0.14979144116304177 0.14977168484339798 0.08767214723154454 0.08767214723154454
0.1497090129447264 0.13817445107815363 0.14970901651796392 0.08767095269814172 0.14970738797975744 0.14968727338497345 0.08767095269814172 0.08767095269814172
0.14967588909451945 0.13830122017172913 0.1496758926445562 0.08767280107510353 0.1496744255569529 0.14965416930693165 0.08767280107510353 0.08767280107510353
0.1496632145180512 0.13834871279256164 0.14966321738052688 0.08767384430715279 0.14966181733339726 0.14964150505400453 0.08767384430715279 0.08767384430715279
0.14965841058890317 0.13836655987564758 0.14965841316650247 0.08767428964706012 0.14965704095143215 0.14963670647633417 0.08767428964706012 0.08767428964706012
0.1496565966376991 0.13837327484621284 0.14965659909727008 0.08767446527844162 0.14965523843434028 0.14963489514915304 0.08767446527844162 0.08767446527844162
0.14965591271143416 0.13837580260958215 0.149655915122106 0.087674532613408 0.14965455925312357 0.14963421246353004 0.087674532613408 0.087674532613408
0.1496556553940137 0.1383767542858763 0.14965565732876474 0.08767455809341734 0.14965430344882683 0.14963395526226647 0.08767455809341734 0.08767455809341734
0.14965555845855916 0.1383771126234741 0.1496555601962025 0.0876745677278657 0.14965420714139635 0.1496338583967708 0.0876745677278657 0.0876745677278657
0.1496555222141795 0.13837724751738864 0.14965552356368336 0.08767457132351245 0.14965417085112154 0.1496338218830895 0.08767457132351245 0.08767457132351245
