0.125 0.125 0.125 0.125 0.125 0.125 0.125 0.125
0.07575757575757576 0.12626262626262627 0.09090909090909091 0.15151515151515152 0.0946969696969697 0.15782828282828282 0.11363636363636365 0.1893939393939394
0.09326190608043523 0.1554365101340587 0.08393571547239172 0.13989285912065286 0.11657738260054405 0.22204026677903616 0.10491964434048964 0.08393571547239172
0.07295173961840629 0.12906846240179573 0.09118967452300786 0.16133557800224466 0.08754208754208755 0.15488215488215487 0.10942760942760943 0.19360269360269358
0.09824605037054361 0.0773687646668031 0.19649210074108722 0.1547375293336062 0.08565040288714058 0.08130496167929165 0.17130080577428117 0.13489938454724643
0.07329146774796072 0.12215244624660124 0.10386775298808117 0.14658293549592144 0.09161433468495091 0.16932519184464168 0.10993720162194111 0.18322866936990181
0.07202647986252961 0.12004413310421602 0.0947799978481181 0.14405295972505922 0.090033099828162 0.19095741018179638 0.10803971979379443 0.180066199656324
0.08913760741421106 0.1485626790236851 0.0873470545420382 0.1337064111213166 0.11142200926776384 0.2493205836172078 0.10027980834098746 0.08022384667278995
0.08677625143477143 0.15352721407690328 0.07565109099441611 0.13384423791319774 0.11457415399929073 0.18423265689228394 0.09078130919329934 0.16061308549583728
0.07133261978138186 0.11888769963563645 0.09165969257397015 0.14266523956276372 0.08916577472672732 0.200958494593993 0.1069989296720728 0.17833154945345464
0.07030149498994205 0.11716915831657007 0.091718604295956 0.1406029899798841 0.09533170512065306 0.20367006733722662 0.10545224248491307 0.1757537374748551
0.07000957807019742 0.1166826301169957 0.0913690961840457 0.14001915614039484 0.09547805897241587 0.20640316823516067 0.10501436710529614 0.17502394517549358
0.05897469114279832 0.09829115190466385 0.057735200839702926 0.08846203671419747 0.13368431007675982 0.27977409183644575 0.10615444405703697 0.17692407342839495
0.06939354347466047 0.12277319230132237 0.0867419293433256 0.15346649037665297 0.09364401216414996 0.18573072867591417 0.10409031521199072 0.18415978845198355
0.09447102280963805 0.07439593046258998 0.20461022728122907 0.14879186092517996 0.09308514482175143 0.09021112594290609 0.16471870643731765 0.12971598131938766
0.06117007559246984 0.10195012598744975 0.07071823832042126 0.09175511338870478 0.1381772507627523 0.2426128331043467 0.11010613606644572 0.18351022677740955
0.06864325565877326 0.12144576001167577 0.08580406957346656 0.15180720001459472 0.09307311054699757 0.19409308068881864 0.1029648834881599 0.18216864001751365
0.09362631369565387 0.07373072203532743 0.20977278427991058 0.14746144407065487 0.09227103884856569 0.09133568605176622 0.16324588028985804 0.12855613072826322
0.10389384153678416 0.08181640021021754 0.168326399708979 0.09817968025226104 0.14667497951025793 0.12254333616099776 0.15584076230517624 0.12272460031532628
0.07659235969079725 0.12353071782030917 0.08727713759043583 0.15441339727538647 0.09525643238309969 0.17290131340098475 0.10473256510852301 0.18529607673046375
0.0932376208230584 0.0734246263981585 0.21364835024618709 0.146849252796317 0.094211666313168 0.08803789852457898 0.16256815938379413 0.1280224255147379
0.0525307549303607 0.08755125821726782 0.08810771136038893 0.1050615098607214 0.12171839798151037 0.20883353609544236 0.12607381183286567 0.2101230197214428
0.08522170288846082 0.14364493721739763 0.07078156326654376 0.1252289196254236 0.10863719926261795 0.23127309826919532 0.08493787591985251 0.1502747035505083
0.1131015571609204 0.08441715336565322 0.13072059196547045 0.10552144170706652 0.13853268870710575 0.14421612668673936 0.15686471035856456 0.12662573004847982
0.10281978792979651 0.07493613677532596 0.18566266723438968 0.1498722735506519 0.09956589389296348 0.08516179391033508 0.16709640051095068 0.13488504619558672
0.07035871747924095 0.11726452913206827 0.11344325492628488 0.1407174349584819 0.10259969220541945 0.1741815013815408 0.10553807621886144 0.17589679369810238
0.0680659484071121 0.126599091788498 0.09922708599383116 0.1361318968142242 0.1000273754248108 0.19768480794307508 0.10209892261066816 0.17016487101778024
0.10166369673253213 0.09012959386173537 0.1450266742620821 0.09607219341224288 0.148941501789072 0.14558055307823378 0.1524955450987982 0.12009024176530358
0.06406405387762595 0.10318180762186092 0.05798658213330012 0.08995337074726337 0.1411231747817167 0.2620978502381041 0.10168641910560207 0.17990674149452673
0.12618134575245868 0.09582198526091826 0.15684010452619593 0.11977748157614783 0.12839691562013708 0.1316394805062324 0.13354295333937677 0.10779973341853304
0.10582927540303477 0.07245870042657292 0.20698143353488888 0.14491740085314583 0.09550025080051443 0.08231519099416133 0.1615720872198506 0.13042566076783124
0.08964167250031747 0.07560899127176995 0.24897102185219927 0.14118563418800004 0.09216480616535559 0.07304466139636812 0.15629830076978432 0.12308491185620517
0.06897522397281647 0.12357508207199804 0.12450512187604804 0.13795044794563294 0.1013038677257887 0.16778936051644994 0.10346283595922472 0.17243805993204117
0.06773583453026263 0.1267811580337544 0.1018654992078977 0.13547166906052527 0.1010214712324611 0.19618102981404856 0.10160375179539395 0.16933958632565657
0.06728605966639553 0.1263428653662904 0.09752521726319051 0.13457211933279106 0.10035761045106842 0.20477188925468182 0.1009290894995933 0.16821514916598881
0.056856318901893896 0.10673552785190642 0.06136837627250153 0.08528447835284084 0.1355710857195864 0.2812738821721803 0.102341374023409 0.17056895670568167
0.07051034532688553 0.11528075369152574 0.08866880910670083 0.1441009421144072 0.09350334273359762 0.21727664618590958 0.09773803030368487 0.1729211305372886
0.06708943309682934 0.12469148997419811 0.09507485682176632 0.13417886619365868 0.09886098240970888 0.2117466391165213 0.10063414964524403 0.16772358274207336
0.06697956665654331 0.125573380596886 0.0960110791783649 0.13395913331308662 0.09959892753285934 0.20995964609608675 0.10046934998481497 0.16744891664135828
0.06698318770584898 0.12568062863355078 0.09617233333659334 0.13396637541169795 0.09972492811048862 0.20953979597842443 0.10047478155877348 0.16745796926462245
0.05660128794678316 0.10622972334277121 0.06098220179849479 0.08490193192017473 0.13634025942767683 0.28325841341954033 0.10188231830420967 0.16980386384034946
0.07022781814172388 0.11481253562063701 0.08830081248798022 0.14351566952579628 0.09622019082756149 0.21736310715654467 0.09734106280880096 0.17221880343095552
0.10087405885720249 0.08857144389397725 0.14291600029122362 0.09532598562005636 0.1509137328387586 0.15093020818790748 0.15131108828580375 0.11915748202507044
0.06536829965774754 0.10095153141547887 0.060006675782099915 0.08800902738785338 0.14370426238100228 0.2664536828573206 0.09948846574279077 0.17601805477570676
0.10932119719030554 0.08056876153215818 0.13567624382036306 0.10071095191519773 0.14963301793779177 0.15352309111559292 0.14971359419035363 0.12085314229823725
0.07637098576036302 0.11661645555606083 0.0986150378312022 0.14577056944507605 0.10170702574034136 0.1871247691440311 0.09887047318883418 0.17492468333409122
0.08731633245204337 0.15099978666193106 0.11702742646979315 0.16217078270385005 0.08546923281553771 0.17080898815096152 0.08482779402970618 0.14137965671617694
0.09321143602460677 0.1586948811631575 0.09232533633334211 0.12388288643945596 0.12148965663513123 0.24315390671104087 0.09291216482959197 0.07432973186367357
0.08674353829074669 0.13503601264965032 0.07553622491799747 0.1177237033355926 0.11447519820416642 0.24936949720629867 0.0798473813928367 0.1412684440027111
0.1308393732831202 0.09374197589368113 0.16117333887676003 0.11717746986710142 0.12905433706277902 0.13190964782165246 0.13064413431451455 0.10545972288039127
0.141029615112985 0.09277311147302443 0.1774332556841415 0.11596638934128055 0.13078007516117654 0.10835393291287156 0.12929386990736802 0.10436975040715249
0.09730588083691658 0.1354070761699908 0.12048301932212659 0.1692588452124885 0.08737554383739846 0.1517354352782691 0.08610123865157022 0.1523329606912396
0.10209918528426416 0.07996725346959109 0.22304114964006833 0.14072441622453316 0.09191160059973258 0.08378585685601496 0.1557877135249207 0.12268282440087507
0.09745105748484925 0.1526245182145961 0.11297755291803438 0.12708052670299388 0.12601921142295738 0.21228842220752728 0.09531039502724543 0.07624831602179634
0.06627488054393464 0.09758451525129987 0.05608663249291806 0.08507367996267168 0.13906857393499653 0.2895941109745114 0.0961702469143245 0.17014735992534336
0.13052075883840736 0.09256522633060293 0.15527699572837328 0.11570653291325368 0.13313719090917708 0.13965326627586858 0.1290041493823888 0.1041358796219283
0.08383279080281651 0.11569374596475072 0.10042803125895383 0.14461718245593844 0.10007356538250024 0.18372588926127786 0.0980881759266365 0.17354061894712608
0.10054729474456044 0.07873451927407447 0.21784084216250404 0.14096180313476933 0.09417196387736948 0.08880328912204644 0.1560505105928256 0.12288977709185019
0.06743722198626347 0.10569349987203239 0.07855562107108799 0.0880919374516629 0.14036741991479157 0.23796009985884037 0.10571032494199546 0.1761838749033258
0.06242455710774263 0.09638816400059683 0.052993466512994726 0.08403070707744338 0.14203187060454997 0.29907858645424085 0.0949912340875447 0.16806141415488676
0.11093859764683618 0.07877631074489272 0.13163965527112761 0.0984703884311159 0.1546976137973272 0.16093012190570252 0.14638284608565885 0.11816446611733906
0.1410042529855952 0.09170535175843599 0.1697011076957416 0.11463168969804496 0.13850288455472573 0.11348041316960467 0.12780577940961133 0.10316852072824047
0.14894875464955967 0.09139940347070734 0.17704324702554136 0.11424925433838416 0.13419184959202324 0.10396376949569663 0.12737939252354175 0.10282432890454575
0.11394982558844087 0.06889034065982172 0.22416116282965476 0.13778068131964344 0.10052423776392992 0.07707596111982487 0.1536151775310054 0.12400261318767908
0.10087692393481026 0.07274784368371585 0.2592579501511849 0.13597676089651023 0.09167802098523485 0.07038679360095215 0.15053186391473658 0.11854384283285507
0.09671035112921207 0.13973351366594378 0.10340960778516005 0.12181896063184844 0.1145459136581449 0.1949738662037841 0.08262503416768849 0.1461827527582181
0.10586315854946561 0.07026888872518824 0.20909599848149005 0.1405377774503765 0.09918451189878835 0.09187653122602238 0.1566891339633302 0.12648399970533883
0.07822534413031071 0.12078433617527719 0.11998643567952262 0.13528218954001867 0.10274097336632908 0.17241634202850434 0.10146164215501402 0.16910273692502334
0.07431971028615741 0.12465621700569826 0.10190256498068895 0.13320428182759253 0.10242764889097833 0.19708101335369935 0.0999032113706944 0.16650535228449065
0.07355714478823283 0.12445905132450118 0.09810505463614838 0.13249747066304335 0.10186526690756814 0.20452107035441966 0.09937310299728251 0.16562183832880417
0.07332935046930482 0.12418073047517458 0.09722157496088926 0.13220238675255735 0.1019871450559027 0.20667403878105636 0.09915179006441804 0.1652529834406967
0.07326407294239494 0.12407746121004926 0.09700684580792057 0.13211986364413844 0.10195434346718794 0.20733768564003208 0.09908989773310385 0.16514982955517304
0.07322143097067159 0.12400552298872693 0.09692450911437217 0.1320469159123056 0.10221985681544647 0.20748793237386598 0.09903518693422922 0.16505864489038202
0.09011637369191582 0.15261727641458872 0.0894585691187331 0.12189198803419658 0.12587745869229922 0.2554841502021011 0.09141899102564746 0.07313519282051796
0.055108946692978354 0.08092073672600743 0.06796330550927393 0.10115092090750928 0.11868014548830438 0.2595295835741584 0.11434451928674963 0.20230184181501856
0.11050580693415334 0.07941148921310932 0.1403224891163508 0.09926436151638665 0.15101853127933898 0.15279694771753263 0.14756314040346435 0.11911723381966398
0.10660440442943397 0.06881267129490506 0.22082876240811147 0.13762534258981013 0.10459690612639246 0.08422711838083402 0.15344198643968385 0.12386280833082912
0.1044080182068213 0.06802533825424059 0.24943678679224546 0.13605067650848118 0.0947127529511579 0.07323446715802427 0.15168635127139618 0.12244560885763307
0.10302274979040825 0.06735035199696918 0.2604652592391966 0.13470070399393835 0.09206081338644838 0.07098825533659633 0.15018123266189845 0.12123063359454453
0.10223622031701946 0.06696849513142544 0.2655725153125673 0.13393699026285089 0.09111418203234421 0.070298556861929 0.1493297488452979 0.12054329123656579
0.10177137870068514 0.06673483763546234 0.2684559762207221 0.13346967527092468 0.09066050327551231 0.0699761936493078 0.14880872750355334 0.12012270774383223
0.10147038142263443 0.06657640149075321 0.2703408991839122 0.13315280298150642 0.090387701421625 0.06977885226817515 0.14845543854803775 0.11983752268335579
0.09220977835844589 0.13264791010888832 0.15462378032084165 0.1658098876361104 0.08213910703938705 0.13899386873589298 0.08434676892793443 0.14922889887249935
0.07610919532757676 0.1266794351923221 0.10881912964830756 0.1339406227724174 0.0997157923348504 0.18685457917969092 0.10045546707931305 0.16742577846552173
0.07382475841840552 0.12484231052031385 0.09949353807244539 0.13265929498968101 0.10244844135285937 0.201413066666933 0.09949447124226075 0.16582411873710123
0.07335061347449277 0.12421651285150993 0.09747380027368442 0.13218475478700223 0.1026543621632875 0.20575044687601873 0.09913856609025168 0.16523094348375278
0.07546691598118684 0.1143856538476256 0.09945900541600083 0.142982067309532 0.09643185708016187 0.2027168782884588 0.09697914130559562 0.1715784807714384
0.07363312886753991 0.12324026555264243 0.09761000004086934 0.1324313268316164 0.10179529184243061 0.2064273332016687 0.0993234951237123 0.16553915853952048
0.0644730786776309 0.09765730749302588 0.05924603275738236 0.08513713986571488 0.13701170031807214 0.2899584769607185 0.0962419841960255 0.17027427973142975
0.099627501186772 0.06990773801830129 0.19804881761761003 0.13981547603660258 0.10379678340611667 0.10708593351159226 0.15588382179006285 0.12583392843294233
0.1191731666671117 0.07824374114149057 0.17891282814188303 0.09780467642686322 0.14517721235122197 0.11792954307985673 0.14539322047933695 0.11736561171223585
0.12250915053638893 0.07704643077451133 0.17151766873275817 0.09630803846813915 0.15493412012034927 0.11894657757285232 0.14316836763323373 0.11556964616176699
0.10808399706244846 0.06733567988132332 0.23699364245046267 0.13467135976264663 0.10340382447229944 0.07815875655056131 0.1501485160338762 0.12120422378638199
0.08175601464100088 0.1149981832883248 0.12813786212478404 0.14374772911040598 0.09740923582467133 0.16395524033387662 0.09749845974444928 0.17249727493248718
0.09016321230322746 0.14973523709203237 0.1248521987896411 0.16084739412434362 0.08635885760926133 0.1636816067388199 0.08413556000350282 0.14022593333917135
0.09230749819039752 0.1659322019707954 0.09436388587834142 0.12199762216109362 0.12276715036721794 0.2379348515146776 0.09149821662082024 0.07319857329665617
0.11775378048580484 0.07781715376375838 0.14835755424075842 0.09727144220469797 0.15029736787753054 0.1471764387879628 0.1446005319938495 0.11672573064563756
0.141728270258384 0.08909648319364606 0.18837944751107188 0.11137060399205756 0.13610779849269655 0.10891394074725201 0.12416991221204031 0.1002335435928518
0.11123342563497826 0.06684787025928417 0.24305310831050686 0.13369574051856833 0.09960946498918802 0.07617345043662757 0.14906077338413515 0.1203261664667115
0.10449973060955407 0.06664068706543794 0.2636778595954546 0.13328137413087587 0.09235574757509994 0.0709925785210666 0.14859878578472277 0.11995323671778828
0.0811429840099377 0.11485673347413379 0.13385831388884614 0.14357091684266726 0.09546897656318927 0.16143844010804223 0.097378534901983 0.17228510021120066
0.0742848560222374 0.12936134004799682 0.10408253113248855 0.13253090247181515 0.10177159268907904 0.19290697269275278 0.09939817685386138 0.16566362808976895
0.0729882004387373 0.13068027675955943 0.09783182374621524 0.13135595541418418 0.10233655630486395 0.20209527650807144 0.09851696656063814 0.1641949442677302
0.08934349958451446 0.1605213803481995 0.08893178697077703 0.1207895487173054 0.12564066655677703 0.25170722705406434 0.09059216153797905 0.07247372923038324
0.07669144908870948 0.1114905243432106 0.09614108931472944 0.13936315542901323 0.0989695797843354 0.21558384053855087 0.09452457498663507 0.16723578651481588
0.10248022927427297 0.0699572330687281 0.21381168101119105 0.1399144661374562 0.09665586240362294 0.09526332021582444 0.15599418836519371 0.12592301952371057
0.07737696886617407 0.12354087260952713 0.12025626569923197 0.13425697380033993 0.10344417825331018 0.17261079317073683 0.10069273035025497 0.16782121725042493
0.06248113259889415 0.11389702812829057 0.0644608073201139 0.08396011148096305 0.14007731679702148 0.266451246935635 0.10075213377715567 0.1679202229619261
0.07267564560528574 0.11173465984439428 0.09149923485585038 0.13966832480549285 0.10180256179314878 0.22028602389594587 0.09473155943329083 0.16760198976659144
0.10178058953895834 0.07004429491160176 0.2121906416881414 0.14008858982320352 0.09731357007501457 0.09631425984170013 0.15618832328049706 0.12607973084088317
0.13446810899294914 0.10336431525185637 0.20875026230897042 0.11030632427656263 0.12566947902382297 0.09916338697422775 0.12211363534076124 0.09616448783084948
0.10156499750727828 0.13528184193868042 0.10144478390026088 0.11793801604910603 0.12034914094247572 0.2019028590830082 0.07999274132026321 0.14152561925892723
0.07946420714627501 0.11295249663683334 0.09977351497188947 0.14119062079604167 0.09917286266217695 0.20225347959595757 0.09576407323557609 0.16942874495525
0.1117192655996209 0.09260309529679213 0.14463947160728047 0.09240748972465208 0.15176176825542986 0.1446809922419141 0.14667855511849537 0.11550936215581512
0.12152819432911935 0.07715331257839977 0.1624728470886383 0.09644164072299971 0.15778413939564634 0.12552292065922702 0.14336697635836973 0.11572996886759966
0.08289735879462201 0.11310476347975984 0.1123681763780865 0.1413809543496998 0.10688513417371227 0.1778132985672923 0.0958931690371877 0.16965714521963973
0.10200021262669959 0.0829755684058066 0.22110919814898486 0.13794129780422262 0.09625757641684787 0.08675294353511424 0.15270668702787363 0.12025651603445049
0.08004060067450974 0.12745922130346418 0.12174986628223756 0.1331348327253579 0.1027279516161989 0.168617861947516 0.09985112454401843 0.16641854090669736
0.075873002409609 0.13409001546390747 0.1012669185247634 0.1309028493994165 0.10234755162632021 0.19371396377715058 0.09817713704956238 0.16362856174927062
0.07492442118423108 0.13467893980337972 0.0969312638211123 0.13016183151448457 0.10173500086211672 0.20124487978570652 0.09762137363586343 0.1627022893931057
0.07467978537762754 0.13458179129537645 0.09597294704109423 0.12993721887683266 0.10145331047297348 0.20350050918243043 0.09745291415762448 0.16242152359604078
0.06329164630818902 0.11409327204851545 0.060916863259486094 0.08262441388843887 0.13755664617018212 0.27711903388218395 0.09914929666612664 0.16524882777687774
0.06093285093998552 0.09348272332025663 0.05301857289940619 0.0814977587920186 0.14159744658824044 0.314347228632904 0.09212790124315146 0.1629955175840372
0.09902809768237629 0.0695750401252032 0.1952554485122277 0.1391500802504064 0.10498227105925595 0.11163203500030867 0.1551419551448561 0.12523507222536578
0.08019346688068962 0.11463060709230448 0.11989564712134843 0.1432882588653806 0.0977528929108727 0.17510639743442838 0.09718681905651902 0.17194591063845668
0.07601569364935663 0.1317735866109482 0.10105959997382125 0.1311665831418211 0.10150098013357362 0.19615039020683703 0.09837493735636584 0.16395822892727638
0.07553790417333905 0.13412064803312063 0.0968167991289107 0.13002893035713647 0.10148745565140602 0.2019504019418141 0.09752169776785237 0.1625361629464206
0.07535326695871579 0.13437541432981434 0.09588123475500052 0.12980769401160883 0.1013312644589007 0.2036357374627423 0.09735577050870663 0.162259617514511
0.06387787418359053 0.11399385334043025 0.06087043703485856 0.0825552484354191 0.1374457480442098 0.2770800439681506 0.09906629812250292 0.1651104968708382
0.06097858144848688 0.09343223484073122 0.05299454778299485 0.08145374319448363 0.14156843896157695 0.3145868229020386 0.09207814448072063 0.16290748638896727
0.07130705337743966 0.10978720861000314 0.08786973573811444 0.13723401076250394 0.1008265335723421 0.23521418555089352 0.09308045947369833 0.16468081291500472
0.10140933648500139 0.06994195065796188 0.2105839504698756 0.13988390131592376 0.0971942443863701 0.09913099463039424 0.15596011087014186 0.12589551118433137
0.14043672727078438 0.102473506227339 0.20798551393169784 0.10926452047390686 0.12466669021646636 0.09895647755577827 0.12096031570574954 0.09525624861827776
0.10254682828377501 0.1350362585543635 0.10126433073323741 0.1177239177140605 0.12015422307635029 0.2021582135839779 0.07984752679736278 0.1412687012568726
0.10680380743319723 0.06911777458576829 0.21415151980112046 0.13823554917153658 0.09993051207457775 0.09322652143891265 0.1541223212405042 0.12441199425438292
0.14138271711301587 0.10205337440428962 0.2095207293259295 0.10893482031503095 0.12501091636278305 0.09753330069153535 0.12059532407687593 0.09496881771053979
0.08625303641138582 0.11336970915795132 0.12225294157337349 0.14171213644743913 0.10098493157034073 0.16925488420779766 0.09611779689478482 0.17005456373692696
0.10305955888593141 0.08258845123545158 0.22592216329027412 0.13719453862658532 0.09468313758653318 0.08506666124113507 0.1518799939211689 0.11960549521292055
0.08093257881189998 0.12710725821681262 0.12371002364800732 0.13277545171813615 0.10221277383933547 0.1677110103295362 0.09958158878860213 0.1659693146476702
0.06539147285079362 0.11428274165335346 0.06542028578526846 0.08367624859886585 0.13950319155814447 0.26396206403720335 0.100411498318639 0.1673524971977317
0.06143466695467566 0.09384727499715971 0.0537537327583619 0.08181557307444694 0.14277996437323973 0.31025047213080387 0.09248716956241827 0.16363114614889387
0.07142000100610661 0.1098571922414234 0.08808513356396243 0.13732149030177923 0.10117136707044652 0.23421923403207034 0.09313979342207636 0.1647857883621351
0.10141493073207752 0.06992845689316804 0.2106881069430315 0.13985691378633608 0.09730120577700865 0.09900914167202947 0.15593002178864634 0.1258712224077025
0.08071853847963678 0.12463455587794967 0.12071233161664902 0.13287076662283234 0.1027631673671084 0.17255910679015904 0.09965307496712426 0.1660884582785404
0.07650245191081029 0.1332694108550343 0.10151515653392097 0.13057020354140314 0.10225982102295691 0.19474254905306831 0.09792765265605236 0.1632127544267539
0.06418838011593017 0.11412443656483105 0.06204364426707101 0.08277895977323595 0.1382168876283925 0.27375502037618427 0.09933475172788313 0.1655579195464719
0.0726278963510305 0.11120503580001652 0.0906918556468388 0.13900629475002066 0.101326924700579 0.22405190869930178 0.09428253035218792 0.16680755370002476
0.10167266533289937 0.06995305791173213 0.21181491390493049 0.13990611582346427 0.0973399034682996 0.09741296092930561 0.15598487838825045 0.12591550424111783
0.10335697846130057 0.07537480994793187 0.25796780943226594 0.13391982966034094 0.09182668647652965 0.07254850881016296 0.14825475648194028 0.11675062072952799
0.09712487540741116 0.13753851980306278 0.11109422039391981 0.11990537623856758 0.11449717291095335 0.19462625900668898 0.08132712475311539 0.14388645148628107
0.13852642179561236 0.09063813875789592 0.17889041901807318 0.1132976734473699 0.12962923972102333 0.12073175031383226 0.12631845084356016 0.1019679061026329
0.111252885154766 0.066974542641076 0.24046195505015347 0.133949085282152 0.09895447833970994 0.07850964288900057 0.14934323388920526 0.12055417675393677
0.1047694381205926 0.06656297973078734 0.2633320261481135 0.13312595946157468 0.09241906481682287 0.07155165818013019 0.14842551002656162 0.11981336351541721
0.10287255604946523 0.06616620935884122 0.2711903077323353 0.13233241871768245 0.09068916000296637 0.07010939997621497 0.14754077131658028 0.1190991768459142
0.09324972011524452 0.1319153124678746 0.15606405882207977 0.16489414058484325 0.08222021342044347 0.13937089567869165 0.08388093238446376 0.14840472652635892
0.07866038264081486 0.1354129615795037 0.10902264312419042 0.13127954318561358 0.09865324475121744 0.184412138347433 0.09845965738921018 0.16409942898201696
0.06471177076376144 0.11495438852235193 0.06328627678488213 0.08313483228826234 0.13780280002428152 0.2700784682940212 0.09976179874591479 0.16626966457652467
0.11181419125234128 0.07790765534111421 0.13963862218584386 0.09738456917639277 0.1554738982259954 0.15615087797128702 0.14476870283535404 0.11686148301167132
0.08119022819763363 0.11255145798972487 0.10738293106511378 0.1406893224871561 0.10609351881592043 0.18784129225118423 0.0954240622086798 0.16882718698458732
0.1140041523146607 0.09208767229246605 0.14748778704788007 0.09186806731824289 0.15324749310170802 0.1406474147006627 0.145822329076576 0.1148350841478036
0.09695686594802715 0.13391110593673658 0.09034690881487921 0.11674301543202678 0.12564881627734711 0.21711944990995885 0.07918221916259206 0.1400916185184321
0.13876671177046687 0.09054732057182847 0.17167587620485458 0.11318415071478558 0.13244736552873582 0.12532095809744717 0.12619188146857435 0.10186573564330702
0.09935587810624348 0.13085222415910308 0.1323413061183416 0.16356528019887884 0.08871271417038405 0.15475889818428049 0.0832049468837775 0.14720875217899093
0.10494903965685222 0.08432117279594058 0.22973072000845404 0.13643074880409364 0.09208522934641435 0.08250901503517105 0.15103444719053097 0.11893962716254318
0.10087597849079456 0.158327022245628 0.11635810720069287 0.12368254411415898 0.12653383001867205 0.20725108337593878 0.09276190808561925 0.0742095264684954
0.07908169502509474 0.11199533233655883 0.10214932123246624 0.13999416542069856 0.09998529643440615 0.20384862667363715 0.0949525643722999 0.16799299850483826
0.1021664369839667 0.08277559628422664 0.2190634840076307 0.13772041468997817 0.09508122909264972 0.0906667273328081 0.15246216034055377 0.12006395126818609
0.08070683602444222 0.12698378754481987 0.12274050972588589 0.13259668845926809 0.10234010446876941 0.1694386968582785 0.09944751634445106 0.16574586057408508
0.07649660925552378 0.1337263362739323 0.10218331452726845 0.1305513634476752 0.10225135929323814 0.19368829030701162 0.09791352258575642 0.163189204309594
0.0641866702265065 0.1142020197198342 0.06227381211669095 0.08277115928228286 0.1384049110441845 0.27329371790719575 0.09932539113873942 0.16554231856456572
0.08545154020275222 0.13055629656245504 0.07431027629677639 0.11381830982367874 0.11906894880707855 0.263014150725393 0.07719850579345167 0.1365819717884145
0.10413561393503627 0.06943895497137006 0.2039214168327905 0.13887790994274013 0.10039921335357418 0.10339826645299766 0.15483850556302514 0.1249901189484661
0.09685991981878571 0.14871457400628402 0.1431991066096026 0.15863147670844158 0.08632315888815947 0.1450011913292594 0.08297646473980021 0.138294107899667
0.07939243595615934 0.1380925977809538 0.10625805635340416 0.13052941948239546 0.09912568930777134 0.18554296215452504 0.0978970646117966 0.1631617743529943
0.0939087818044994 0.1661814270626955 0.09077306594392057 0.11967313822101602 0.1243052724007937 0.24359957796870324 0.08975485366576202 0.07180388293260961
0.0775540832584808 0.11135519339906244 0.09654360279454341 0.13919399174882807 0.0990105599422338 0.21489994087644385 0.09440983788181383 0.16703279009859365
0.1025811084714736 0.0827407108138988 0.21688865576636673 0.13774761001683164 0.09505004100665396 0.09241194722480171 0.15249226668529997 0.12008766001467372
0.08133535066032045 0.12684286577237222 0.12231695120556349 0.1324311928507234 0.10233443575265481 0.1698768180569188 0.09932339463804257 0.16553899106340425
0.07703198772083585 0.1336015755438447 0.10208570188492258 0.13042355181380955 0.10228376775591759 0.19372631165305063 0.09781766386035716 0.16302943976726192
0.06461974093236207 0.11412250876451643 0.06225806128141688 0.08270974060454223 0.13840571157494233 0.27321306690768493 0.09925168872545065 0.16541948120908445
0.08555028021331712 0.1305309058060878 0.07429640950902176 0.11379617429248683 0.11905286016940701 0.26303446872987796 0.07718349212881716 0.13655540915098419
0.10420038275605217 0.06943125626676995 0.2039004436704095 0.1388625125335399 0.10038847339925486 0.10341933149296037 0.1548213386008273 0.12497626128018591
0.10458991153064834 0.07524522184090779 0.2558418740518735 0.13375060435581776 0.09252106354317381 0.07338081658723031 0.1480674171134816 0.11660309097686676
0.08153396306013451 0.11473291919376608 0.1325419925677374 0.1434161489922076 0.09568398465598613 0.16271805081436966 0.0972735619251495 0.1720993787906491
0.09299721254014497 0.15834957089590843 0.12560987513749441 0.15748453089607242 0.0849680985049693 0.16091998174986336 0.08237652385333019 0.13729420642221696
0.06765657713909846 0.11951398442808406 0.0659007935895448 0.08355284317922423 0.13510803822132403 0.26089866526920674 0.10026341181506906 0.16710568635844847
0.06198348372191042 0.09400212611547554 0.05390491624594149 0.08195057148528638 0.14192882471315568 0.30968915828602966 0.09263977646162808 0.16390114297057276
0.1104609648259694 0.07723737936854429 0.13581445125078903 0.09654672421068035 0.15578516312779392 0.16477605814275348 0.14352319002065317 0.11585606905281642
0.10709470056215213 0.06776106040037574 0.22520824654123214 0.1355221208007515 0.10512894253937749 0.08621796933370131 0.15109705110173338 0.12196990872067635
0.10468988995238276 0.06686706456338762 0.2582219977172729 0.13373412912677524 0.09398734886009824 0.07303527974852125 0.14910357381746434 0.12036071621409772
0.10327434612299208 0.06624688360943065 0.26947931389634966 0.1324937672188613 0.0911088088091589 0.0704318269917705 0.14772066285446175 0.11924439049697515
0.09357234597007996 0.13188505196937997 0.15567876803946878 0.16485631496172498 0.08229747941478235 0.13947766552456894 0.08386169065444271 0.14837068346555246
0.10442476878579206 0.08381104419857192 0.23862122056145718 0.13535609075495714 0.0903014713570334 0.07963790200169113 0.14984475655412427 0.11800274578637288
0.10205822266869995 0.15793231655828635 0.11825649176139205 0.12340797419796438 0.12604792829919687 0.20569630134720845 0.0925559806484733 0.07404478451877863
0.09368873044409146 0.13217330922940565 0.08440552063015085 0.11522801317435365 0.11791913696752897 0.2401570213313356 0.07815465241390943 0.13827361580922437
0.07786561829196226 0.1118106278825318 0.09560282449227023 0.13976328485316478 0.09810004609283716 0.21434568944563748 0.09479596711779871 0.1677159418237977
0.1031005052856667 0.08278429650939159 0.21666165276570695 0.13771825029003557 0.09489416628317185 0.0923193002497664 0.15245976426084523 0.12006206435541562
0.08184088859167686 0.12676927862086884 0.12239390282614433 0.1323243081107103 0.10227634760379807 0.169746658025381 0.09924323108303273 0.16540538513838787
0.09523137637234869 0.1642020834867551 0.09421570975479267 0.12021255141719994 0.12575514927199846 0.2380961852836851 0.09015941356289996 0.07212753085031996
0.07789767974714293 0.11139644873866054 0.09727091521062031 0.13924556092332568 0.09933780940099693 0.21331209763631145 0.09444481523495135 0.1670946731079908
0.1143151125815929 0.09172692750256843 0.1446442543283209 0.09160537513166456 0.1512686723946279 0.146527581794796 0.1454053573518485 0.11450671891458068
0.08195338920616453 0.112833380779626 0.1086227094559932 0.14104172597453252 0.10554077074389252 0.18509486896588667 0.09566308370446554 0.16925007116943902
0.10386457930483059 0.08257111285520626 0.22147680638527995 0.13717060945305184 0.09593682440372776 0.08754193037334601 0.15185350334240982 0.11958463388214774
0.07149585845993366 0.11006600594458497 0.08039381951718506 0.08618156761509096 0.14247347644577046 0.23360825564914367 0.10341788113810915 0.17236313523018193
0.06305466041676948 0.0948072417166667 0.05604719559939039 0.08265246713760686 0.14509783384190078 0.299602443291679 0.09343322372077298 0.16530493427521373
0.09966219128471245 0.06949858392257419 0.1964367766394822 0.13899716784514837 0.10572461238123788 0.10961174764184442 0.15497146922436691 0.12509745106063355
0.10483665522201455 0.07529910067314247 0.25333805519791913 0.13380407264821056 0.09360247240304201 0.07434333078460917 0.1481266087110837 0.11664970435997844
0.09773194103208081 0.1373476436652865 0.11024996349516784 0.1197389714005062 0.11480192470797676 0.1952285311554225 0.08121425886295203 0.14368676568060743
0.10609335312834071 0.0690228476170607 0.21770789848059033 0.1380456952341214 0.09882976845146912 0.09214866310921795 0.15391064826849057 0.12424112571070926
0.10543996887407127 0.07475413439820064 0.2607774212417912 0.13292470485676564 0.0917367809988318 0.07133080118361815 0.14715311241774623 0.11588307602897518
0.07220747095549893 0.10133619292242316 0.08229810929016956 0.0883443733169843 0.14066486286783836 0.23859269156783047 0.0998675524452866 0.1766887466339686
0.11360826570104106 0.07779967663532206 0.14515112498563695 0.09724959579415257 0.15613426294281454 0.14878950315077208 0.14456805583727755 0.11669951495298309
0.14127664801222026 0.08879967663766236 0.18765143557915226 0.11099959579707795 0.13782893962905948 0.10978780236564098 0.12375626576181675 0.09989963621737015
0.1475239694767371 0.08786774258838612 0.20047125049477574 0.10983467823548262 0.1320164240053604 0.10097725517253911 0.12245746961478436 0.09885121041193437
0.12944288559953648 0.07617000568022998 0.17768254408060674 0.09521250710028747 0.1509825703177317 0.11471469202680541 0.1415397866744572 0.11425500852034498
0.10978429689754572 0.06685419740939572 0.23979807845372472 0.13370839481879143 0.10288569952476387 0.07755689557433303 0.14907488198453314 0.1203375553369123
0.1048482640449864 0.0665134758624684 0.26304770718649395 0.1330269517249368 0.09312150354663636 0.07140271729318753 0.14831512378884745 0.11972425655244315
0.10324371424476983 0.06612203045304707 0.2710511122009261 0.13224406090609414 0.09079711159138384 0.07008005683776854 0.14744225895052585 0.11901965481548474
0.10268363572131693 0.06596036900655274 0.2737383435369308 0.13192073801310547 0.09016419205877388 0.06972227939810764 0.1470817780534176 0.11872866421179495
0.1196569104587451 0.076943108506742 0.20039988510246956 0.0961788856334275 0.14006487233291684 0.10836530193559513 0.14297637326999074 0.115414662760113
0.09620016914264097 0.13085290283438278 0.1390733553252474 0.16356612854297847 0.09001815029310596 0.14987439974023115 0.08320537843273253 0.14720951568868063
0.10570310678957132 0.08395032220160585 0.2325045188412772 0.13573773220112897 0.09205557957872024 0.08144603222249937 0.15026724932318714 0.11833545884200988
0.08261992700253308 0.12701489317844866 0.12572222589518814 0.1322937650621323 0.10173992471851034 0.16602173401892278 0.09922032379659924 0.16536720632766538
0.06650558653209498 0.11413341386170987 0.0659159163057072 0.0835170417973312 0.13969345375446993 0.2629800539972271 0.10022045015679741 0.1670340835946624
0.07336454573582721 0.11137230932990184 0.09160378389697427 0.13921538666237732 0.10180965901206412 0.2211515021535204 0.094424349214482 0.16705846399485277
0.07585298807537948 0.12954143486098132 0.095460018700417 0.12935964325663474 0.10144572830739192 0.20962090028592598 0.09701973244247608 0.16169955407079345
0.06473396386291635 0.11274653272782799 0.06112992782990317 0.08214878037088608 0.13740930007553329 0.2789553979460976 0.09857853644506329 0.16429756074177215
0.08547746811018521 0.13021286057888043 0.07395251053890219 0.1135189040944086 0.11860024271463887 0.2650198984465304 0.07699543060316408 0.1362226849132903
0.116811595096261 0.07772467481334466 0.14257839638447262 0.09715584351668083 0.14974546492380922 0.15496832626539364 0.14442868678002105 0.11658701222001698
0.14230169222140787 0.08881776689900023 0.18681518731009059 0.11102220862375028 0.13628086274418272 0.11106081706416106 0.12378147737603203 0.09991998776137524
0.11215328314449989 0.0666277535128706 0.24288096788207272 0.1332555070257412 0.09981906573311318 0.07676352048565692 0.1485699458928786 0.1199299563231671
0.10524868377519983 0.06643510247715963 0.2640561137572857 0.13287020495431925 0.09245874492353548 0.07120760281648375 0.14814036283712906 0.11958318445888733
0.10331367684362078 0.06609517915002103 0.27137750428813207 0.13219035830004205 0.09064387801727732 0.07002569637843399 0.14738238455243494 0.11897132247003785
0.11987137514779342 0.07696992455423587 0.19974925844994362 0.09621240569279484 0.14024608200802446 0.1084698642262665 0.14302620308958755 0.11545488683135381
0.10735136000654384 0.0665817789201447 0.24788566623620414 0.1331635578402894 0.10042579719978047 0.0762772083277976 0.14846742941297936 0.11984720205626048
0.12104131429491269 0.07711959955196751 0.19307230742448728 0.09639949943995939 0.14328075439804958 0.11010279505192662 0.1433043305107456 0.11567939932795128
0.14235245068956184 0.08809645807240538 0.20268149708263483 0.11012057259050671 0.13361949726601374 0.10124478848218507 0.12277622048523659 0.09910851533145604
0.08683734408591377 0.11301613245493969 0.12072364841569948 0.1412701655686746 0.10251858129608289 0.17029190415404852 0.0958180253422315 0.16952419868240953
0.1047470748797766 0.08227364992560839 0.2259772615301054 0.13663505351819952 0.09499477001381207 0.08499383026050547 0.1512606209074085 0.1191177389645842
0.10271399104345413 0.15726730641631476 0.11585373259787007 0.12317989359432625 0.1270595410540998 0.20763267894159465 0.0923849201957447 0.07390793615659576
0.07950089912466862 0.11188270788765861 0.10198485957094824 0.13985338485957327 0.10003153872219711 0.20406546957697305 0.09485707842649317 0.1678240618314879
0.07720774233875131 0.1300150229607749 0.09776721554639646 0.129740498318256 0.10137646465838769 0.2044120595409217 0.09730537373869198 0.16217562289781995
0.09411010233889186 0.16326639789095515 0.08887812292931975 0.1188786095985346 0.12425865925864314 0.2501219850256338 0.08915895719890096 0.07132716575912076
0.06566093626331423 0.0939934035884698 0.0566390617942122 0.08194296723097366 0.13935932341915727 0.3058871928938683 0.09263118034805719 0.16388593446194732
0.07234490736172418 0.10985387519661284 0.08867401964197177 0.13731734399576606 0.10062960326377335 0.23326245660027797 0.09313698114495438 0.16478081279491927
0.11492800319343008 0.07876151444417798 0.14856454654200232 0.09845189305522246 0.14606059660673 0.14873582302500382 0.14635535146716655 0.11814227166626695
0.10793192894331445 0.06763211237996242 0.23001634596094828 0.13526422475992483 0.10303045682539144 0.08357761258434135 0.15080951626218483 0.12173780228393234
0.10485150906236043 0.06675786276633047 0.2598409291227006 0.13351572553266094 0.09346392659974812 0.07254582382800202 0.1488600701088026 0.12016415297939487
0.1033817230853914 0.06619522260302321 0.26999560439333803 0.13239044520604643 0.09095650781962396 0.07032362968636414 0.14760546652077114 0.11915140068544179
0.08138836251089174 0.11452079763874946 0.13531119163238398 0.14315099704843687 0.09526606201248232 0.16148767296173078 0.09709371973720064 0.1717811964581242
0.10351312680841898 0.08221382608516611 0.23161325042504022 0.1362616304798324 0.09334319218621061 0.08341555708698617 0.1508472262536199 0.1187921906747257
0.12012658080487766 0.08689069805936966 0.18232084760117176 0.09074265117248409 0.14809761223549478 0.11435734191895867 0.14403595424203824 0.11342831396560513
0.08324422111217968 0.11312603348727417 0.11655802892342236 0.1414075418590927 0.10529113695666507 0.1747727851260269 0.09591120230442811 0.16968905023091124
