Action: 0
[0.22128330935742677, 0.0851007148577519, 0.17460177761471468, 0.08510071485773085, 0.09350958045223229, 0.17020247314468187, 0.08510071485773085, 0.08510071485773085]
[0.1580236280208612, 0.08277210311414666, 0.2302025101455737, 0.08277210311414666, 0.16554420622829333, 0.11514124314868514, 0.08277210311414666, 0.08277210311414666]
[0.20277263456476943, 0.08094855945721881, 0.1844904911723292, 0.08054529538445476, 0.14917001338689279, 0.1409824152654254, 0.08054529538445476, 0.08054529538445476]
[0.125, 0.125, 0.125, 0.125, 0.125, 0.125, 0.125, 0.125]
[0.2360463010419755, 0.0828371243290762, 0.1946228752270717, 0.08264834269307234, 0.15590029919012227, 0.08264837213253735, 0.08264834269307234, 0.08264834269307234]
[0.1386062873893587, 0.08068112763478927, 0.2906134836266987, 0.08068112763478927, 0.16729078078436346, 0.08076493766042214, 0.08068112763478927, 0.08068112763478927]
[0.125, 0.125, 0.125, 0.125, 0.125, 0.125, 0.125, 0.125]
[0.125, 0.125, 0.125, 0.125, 0.125, 0.125, 0.125, 0.125]

Action: 1
[0.1111111111111111, 0.2222222222222222, 0.1111111111111111, 0.1111111111111111, 0.1111111111111111, 0.1111111111111111, 0.1111111111111111, 0.1111111111111111]
[0.10089316186663021, 0.10089316186663021, 0.10089316186663021, 0.10089316186663021, 0.10089316186663021, 0.2937478669335886, 0.10089316186663021, 0.10089316186663021]
[0.15155238486071101, 0.1686592858837312, 0.0843296429418656, 0.0843296429418656, 0.12610317990655298, 0.21636657758154249, 0.0843296429418656, 0.0843296429418656]
[0.125, 0.125, 0.125, 0.125, 0.125, 0.125, 0.125, 0.125]
[0.1269456953352131, 0.08261249258930098, 0.08261249258930098, 0.08261249258930098, 0.2135806354093251, 0.24641120630895696, 0.08261249258930098, 0.08261249258930098]
[0.08426041009435488, 0.14122487386691696, 0.08426041009435488, 0.08426041009435488, 0.13130248943766734, 0.30617058622364135, 0.08426041009435488, 0.08426041009435488]
[0.125, 0.125, 0.125, 0.125, 0.125, 0.125, 0.125, 0.125]
[0.125, 0.125, 0.125, 0.125, 0.125, 0.125, 0.125, 0.125]

