0.125 0.125 0.125 0.125 0.125 0.125 0.125 0.125
0.06578947368421052 0.10964912280701754 0.05921052631578946 0.09868421052631579 0.13157894736842105 0.21929824561403508 0.11842105263157893 0.19736842105263158
0.08769198837691987 0.1551473640514736 0.07644942576449425 0.13525667635256675 0.10523038605230385 0.18617683686176836 0.0917393109173931 0.1623080116230801
0.09848805527924762 0.07755934353240751 0.19697611055849523 0.15511868706481502 0.08586138152549792 0.07904198308588142 0.17172276305099585 0.13523167590265928
0.06408541359181377 0.10680902265302296 0.06809501943514916 0.09612812038772066 0.12817082718362754 0.22910161150795982 0.11535374446526478 0.19225624077544132
0.10931109175149155 0.08823907406445704 0.13663886468936443 0.11029884258057128 0.13117331010178987 0.12801356808840297 0.16396663762723732 0.13235861109668554
0.09528913841276766 0.07692014787536668 0.19057827682553533 0.15384029575073335 0.09605624840849161 0.07733917740846366 0.17152044914298178 0.13845626617566
0.09546576864511419 0.07517929280802743 0.22449248366189561 0.15035858561605486 0.08322656753676623 0.0737423227882023 0.16645313507353246 0.1310818438704068
0.07194066424981278 0.1199011070830213 0.11841418772550104 0.14388132849962557 0.08992583031226596 0.16817422513052216 0.10791099637471918 0.17985166062453192
0.08812618699069835 0.14687697831783061 0.09497444041706589 0.13218928048604756 0.11015773373837295 0.24921985139382033 0.09914196036453567 0.07931356829162853
0.06002543993149657 0.106198855263417 0.05698253152829583 0.09258361740913278 0.13243101337520233 0.2619515662551704 0.10465974141901967 0.18516723481826555
0.09221371639493457 0.07443757829470621 0.19449479802122033 0.14887515658941242 0.09352108233047904 0.096485337927894 0.16598468951088222 0.1339876409304712
0.07108485392440857 0.11847475654068094 0.11296393834363547 0.14216970784881713 0.0888560674055107 0.1821112602393129 0.10662728088661287 0.1777121348110214
0.06319618055577204 0.09855376493061711 0.0634153515100693 0.0886983884375554 0.11826451791674053 0.2840369536490684 0.10643806612506647 0.1773967768751108
0.06665563283189234 0.1179291965487326 0.09228354904054484 0.14741149568591574 0.08913506617208608 0.20970781564989113 0.09998344924783852 0.1768937948230989
0.09870872774074091 0.0729959937522584 0.21460629471667708 0.1459919875045168 0.08080956573306586 0.09799323305703048 0.16161913146613172 0.12727506602957875
0.06620240227482121 0.10060430571113532 0.07987650400993099 0.0905438751400218 0.12072516685336239 0.2523073455626584 0.10865265016802615 0.1810877502800436
0.06647874322082079 0.11761623800606756 0.09445090434285718 0.14702029750758447 0.0962462730734692 0.2020450720088682 0.09971811483123119 0.17642435700910133
0.09785256836165347 0.07235146471449243 0.22172949693172483 0.14470292942898486 0.08009604559357729 0.09692413197252829 0.16019209118715458 0.12615127180988425
0.06583979166910962 0.10004473391577012 0.08371848068280423 0.0900402605241931 0.12005368069892415 0.25217421883178087 0.10804831262903172 0.1800805210483862
0.06525203357881598 0.11544590556252057 0.09342731363991372 0.14430738195315074 0.0946327055938382 0.2158877509597559 0.09787805036822397 0.17316885834378087
0.0770289540956794 0.13628199570774052 0.11179222534593199 0.17035249463467564 0.08373967430956764 0.18082983737755762 0.08665757335763935 0.15331724517120804
0.07356202539470777 0.11398094025362128 0.10463479577703086 0.13677712830434552 0.08548570519021596 0.21200514847138752 0.10258284622825915 0.17097141038043193
0.08343355324327863 0.13758922826368136 0.08012254563043097 0.11994958361449144 0.11098754272581048 0.24262093729856662 0.08135710888635071 0.14393950033738975
0.06962304803513375 0.11360515488109706 0.09165991150819679 0.14200644360137135 0.09636883937050676 0.22001145636111846 0.09631741392093013 0.1704077323216456
0.12982892914960942 0.09333149332547803 0.16790802104349664 0.11666436665684753 0.12661934315486062 0.13057785415217926 0.13007206252636583 0.10499792999116278
0.11083217789472798 0.06895080972386329 0.2224103791554656 0.13790161944772658 0.09918347813463561 0.08286006362204239 0.1537500145185847 0.12411145750295392
0.10506221675129064 0.06766654059011037 0.2528833284638865 0.13533308118022075 0.09254719330545426 0.07382158061456275 0.15088628603227597 0.12179977306219868
0.08053809157396853 0.11465158317938282 0.1340396062079586 0.1433144789742285 0.09439648059654998 0.163877781568491 0.0972046031303463 0.1719773747690742
0.10314829742407094 0.06905152271389316 0.22968909390992007 0.13810304542778631 0.09356639692446918 0.08817431326029083 0.15397458945456174 0.12429274088500768
0.10401842228964724 0.06620456218595194 0.2674754699003235 0.13240912437190389 0.08984857186253194 0.07324934505819337 0.1476262923967346 0.1191682119347135
0.10246299695800277 0.06496240293243317 0.28345999763507723 0.12992480586486635 0.08768614636756365 0.06971486230538587 0.14485646265829127 0.1169323252783797
0.1013684864527958 0.06441154333845478 0.29054537992261714 0.12882308667690956 0.08664747542791178 0.06863512219052295 0.1436281279815693 0.11594077800921858
0.10079041249043584 0.06416061286071677 0.2937772651177531 0.12832122572143354 0.08616676008810288 0.06822603010374395 0.14306859046852363 0.11548910314929019
0.10050772542936488 0.06404407594937482 0.29527746633621016 0.12808815189874964 0.08594410582312778 0.06805040730449805 0.14280873054979998 0.11527933670887466
0.10037265053849181 0.06398929294136398 0.2959816470408783 0.12797858588272795 0.08584007374053083 0.06797044994304793 0.14268657261850412 0.11518072729445515
0.11812244657056985 0.07532273173152935 0.2180861455269402 0.09415341466441168 0.13470250202548706 0.10666328724831406 0.13996537463545378 0.11298409759729401
0.1072967638681666 0.06499711037605027 0.264937455181928 0.12999422075210054 0.09570696501442011 0.07513883105310211 0.14493385507734194 0.11699479867689049
0.10393518581000592 0.06456177733870244 0.28431010229181936 0.12912355467740488 0.08824384364605126 0.06965120964721536 0.14396312737913647 0.11621119920966438
0.10255221813227343 0.06413812786898303 0.2917553891172525 0.12827625573796606 0.08643385007358256 0.06837707661284669 0.1430184522929263 0.11544863016416945
0.11998374924498811 0.07524380385456382 0.21660994900756575 0.09405475481820477 0.13475113515945827 0.10667219198571379 0.13981871014765965 0.11286570578184574
0.10748425855489221 0.06477354392330267 0.26389979432754956 0.12954708784660535 0.09830258648651977 0.07496501454334366 0.14443533525584207 0.11659237906194482
0.10378987897868425 0.0643872604606259 0.28357427897920967 0.1287745209212518 0.0905216427951878 0.0694813682475929 0.14357398078832107 0.11589706882912663
0.09434875959139001 0.129266552000647 0.16776197563983572 0.16158319000080873 0.08158461187970564 0.1378333736690824 0.08219666621780271 0.14542487100072785
0.09394061846029196 0.13137964512943207 0.1376398515568779 0.16422455641179007 0.08097076449374564 0.16050214535038418 0.08354031782686712 0.14780210077061104
0.10689196497678541 0.06813924513307078 0.23547137613358446 0.13627849026614156 0.09186660560297291 0.08676133003775664 0.15194034661016081 0.1226506412395274
0.08362471939631982 0.11302418288079208 0.1348523001665541 0.14128022860099007 0.09521855419794618 0.16663888973292945 0.09582485070328024 0.1695362743211881
0.13758389234246157 0.08971467381244233 0.19285507147088984 0.11214334226555292 0.12610181275656349 0.11564074159313989 0.12503145771995228 0.10092900803899761
0.1021574971280314 0.12837785044056263 0.1428515372832861 0.16047231305070325 0.08865547923158529 0.15142867317701467 0.08163156794318384 0.14442508174563293
0.10851640546980783 0.06769207179863407 0.23686596754415265 0.13538414359726814 0.0938390688376075 0.08491339669833275 0.15094321681665565 0.12184572923754133
0.1061893844928196 0.06505897085846733 0.2732262847906361 0.13011794171693467 0.09153192080026258 0.07169755507541437 0.14507179472022416 0.11710614754524121
0.08339686358163177 0.11237148847056308 0.1435145998740343 0.14046436058820386 0.09582997313146462 0.16059400229278042 0.0952714793554774 0.1685572327058446
0.07916088709873012 0.11293313241504915 0.11280719548875136 0.14116641551881146 0.09672764727871812 0.19205736783417224 0.09574765574319387 0.16939969862257373
0.13691929550069476 0.09002779653833964 0.18469941712024077 0.11253474567292454 0.12766734298711907 0.12140228776508695 0.12546784330996213 0.10128127110563209
0.11372030516036845 0.06518809102487641 0.2505042170336969 0.13037618204975282 0.09969963092352842 0.07781329654334969 0.1453597134196498 0.11733856384477753
0.10664240994980675 0.06443278802664165 0.27788502285163347 0.1288655760532833 0.09250927424557462 0.07001040995972835 0.14367550046537705 0.11597901844795495
0.08343497042735251 0.11218222869105654 0.14453471677811358 0.1402277858638207 0.09645164697664417 0.1597842882492276 0.09511101997720013 0.1682733430365848
0.1040668708240979 0.06770305787197635 0.23773429374150956 0.1354061157439527 0.09600006841923696 0.08625637510917246 0.1509677141204965 0.12186550416955744
0.10514432330261408 0.06501183784611973 0.27353616411730797 0.13002367569223947 0.0924311249022065 0.07186487087902965 0.14496669513746696 0.1170213081230155
0.10396343617259474 0.06401220214878164 0.28696892824071046 0.1280244042975633 0.09042259919279283 0.06864880934798906 0.14273765673176086 0.11522196386780698
0.10317190155346215 0.0636534948295417 0.2919968369223865 0.1273069896590834 0.08955501049281984 0.06780168290126963 0.14193779294826162 0.11457629069317506
0.10280011801941825 0.06352362253983826 0.29388207882690653 0.12704724507967652 0.08921223818854578 0.06754397964775892 0.1416481971261468 0.11434252057170886
0.08262257789662988 0.11198493276821604 0.1482044437539702 0.13998116596027005 0.09560670702786654 0.1586790260937576 0.09494374734696577 0.16797739915232404
0.10372113021445167 0.06759547817958886 0.2391880929648364 0.13519095635917772 0.09594017022925623 0.08596448386628637 0.1507278274631429 0.12167186072325996
0.0830578412875145 0.11262624848453558 0.13551087690323926 0.1407828106056695 0.09767967202271016 0.16591570642829104 0.0954874715412367 0.16893937272680337
0.13745530004967996 0.08950956235743826 0.19280191327716345 0.11188695294679782 0.12759731023161638 0.11530510072211456 0.1247456027630716 0.10069825765211804
0.11350439617851067 0.064946602069205 0.25362923214681177 0.12989320413841 0.09970236445383907 0.07659908819702431 0.14482122909163023 0.11690388372456899
0.12406664312817701 0.07496395069194942 0.2032376243534581 0.09370493836493679 0.1439478332971582 0.1083343996316544 0.13929868449474186 0.11244592603792415
0.10983442340801727 0.06463001622993284 0.25767073468996343 0.12926003245986567 0.10297198101219594 0.07518349306447475 0.1441152899216711 0.11633402921387909
0.0840075602361896 0.11213294012808896 0.13972032456547212 0.14016617516011123 0.0991336696196707 0.16157068825060614 0.09506923184772761 0.16819941019213344
0.09173636145715687 0.1305337692103037 0.12955870675330516 0.1631672115128796 0.08536673792778803 0.1697842717030318 0.0830024510739431 0.14685049036159165
0.10653162655829387 0.06798155725210159 0.2314666645464568 0.13596311450420318 0.09437953194407911 0.08972197596997841 0.15158872617110414 0.12236680305378285
0.10585428066415029 0.06506307074808165 0.27094509061808075 0.1301261414961633 0.09256372746020869 0.07325322480462815 0.14508093686214027 0.11711352734654697
0.10412832255195822 0.06397937293669329 0.28583669577508963 0.12795874587338657 0.0907958083170901 0.06947373077104806 0.14266445248868617 0.1151628712860479
0.13811056683157272 0.08513247781091762 0.24385716226763737 0.10641559726364704 0.12039417756664143 0.09167053123581732 0.11864544948648406 0.09577403753728232
0.11151520878576304 0.06351874319180703 0.2733047230900418 0.12703748638361406 0.0964298595901685 0.07222292430505478 0.14163731690829806 0.11433373774525266
0.10516060168646368 0.06373461017650975 0.2863658877374999 0.1274692203530195 0.09134008707607957 0.06908862658747784 0.14211866806523218 0.11472229831771755
0.08296134467751184 0.11180174325929818 0.1462848019841786 0.13975217907412274 0.09632077116744521 0.16038811044604775 0.09478843450244846 0.16770261488894725
0.10370574082076028 0.0674832421906627 0.23810897802103878 0.1349664843813254 0.09619285858916828 0.0875953020943739 0.15047755795947773 0.12146983594319288
0.10492346710928746 0.06488003139714744 0.27348393508482427 0.1297600627942949 0.0927754666470153 0.07272019402370217 0.1446727864288631 0.1167840565148654
0.13879430950879998 0.08544673162130843 0.23964939740779104 0.10680841452663553 0.12141184874167649 0.09267831369982127 0.11908341141999514 0.09612757307397198
0.111827215549858 0.06361193264396739 0.27165075792164783 0.12722386528793478 0.09685188593632209 0.07248774842338643 0.14184511547774217 0.11450147875914128
0.10528737784378187 0.06376899514992021 0.2857241717711109 0.12753799029984042 0.09153470428405346 0.06916722795758487 0.14219534142385193 0.11478419126985637
0.13840518019064402 0.08507656839828233 0.24372607120880174 0.10634571049785291 0.12061404483287433 0.09155375446542327 0.1185675309580539 0.09571113944806761
0.11157649153101767 0.06350884999961486 0.27322718129856016 0.1270176999992297 0.0965425440140196 0.0721960465919459 0.14161525656630536 0.11431592999930673
0.10517054428044761 0.0637293974698778 0.2863229078274922 0.1274587949397556 0.09141824227720503 0.0690801532519829 0.14210704450745884 0.11471291544578004
0.08295920753679865 0.11179261805294068 0.14627038734859746 0.13974077256617587 0.09639261465059512 0.16037477485103147 0.09478069791444972 0.167688927079411
0.10370525869677082 0.06748265033382547 0.2381010576366678 0.13496530066765094 0.09620798567069876 0.0875927381864328 0.15047623820706754 0.12146877060088584
0.10492415807221694 0.06488002129876623 0.27348045092180734 0.12976004259753246 0.09277872234009579 0.07271980252082177 0.14467276391098022 0.11678403833777921
0.13879545159989268 0.0854466532292212 0.23964794163310615 0.10680831653652649 0.12141268687999232 0.09267816307005104 0.11908330216833625 0.09612748488287384
0.12940887527702846 0.07361258427484707 0.19647326974693763 0.09201573034355884 0.14943805358514048 0.11184504704352351 0.13678756331669342 0.11041887641227058
0.1001137274433862 0.12744546274005536 0.14333192832439492 0.15930682842506919 0.0939344234293382 0.1514527930737456 0.08103869098144825 0.14337614558256226
0.1077982074012066 0.06742395238674949 0.2365533631786333 0.13484790477349898 0.0956142909529284 0.08605381646485857 0.15034535054597573 0.12136311429614909
0.12307861771108265 0.07540615081338956 0.1981385690069833 0.09425768851673695 0.14358503896961747 0.1123043240417029 0.14012038472040297 0.11310922622008433
0.08549608136357689 0.11046385781876503 0.1244491459682214 0.13807982227345628 0.10711802687479305 0.17504313864843465 0.09365414032460513 0.16569578672814753
0.10487270706082742 0.06781308136104168 0.22875855779059864 0.13562616272208336 0.09910370213831982 0.09054919239755801 0.1512130500796959 0.12206354644987502
0.12240528126117914 0.07550590709058871 0.19563391758062798 0.0943823838632359 0.14493769170851117 0.1135702051319397 0.14030575272803428 0.11325886063588307
0.10965517826966219 0.06474035745690324 0.2545524548386085 0.12948071491380647 0.10352819126251471 0.07714912544710376 0.14436133438897528 0.11653264342242582
0.09652551203903569 0.12885201848713893 0.15979666419839642 0.16106502310892365 0.08565487839245677 0.141214306003217 0.08193307697280029 0.14495852079803126
0.12212329005580672 0.07703575460850515 0.17452354843340592 0.09629469326063143 0.14290349253835316 0.12841706010458642 0.14314852908595357 0.1155536319127577
0.11045436541822104 0.06531347165079965 0.24626171602904895 0.1306269433015993 0.10389239841326792 0.08024756271369132 0.14563929350193233 0.11756424897143936
0.14110440278703693 0.08582060259688698 0.22984881665584558 0.10727575324610872 0.1250951362061262 0.09470265137031378 0.1196044592161839 0.09654817792149785
0.11270244909056527 0.06380823374352175 0.2677397979787527 0.1276164674870435 0.09796020685493001 0.07303518647577077 0.14228283763107685 0.11485482073833915
0.14101688635509785 0.08525231462071883 0.2371529192773422 0.10656539327589853 0.12271060325258229 0.09258056840871409 0.11881246086133762 0.09590885394830868
0.08891183786002119 0.11031468036130843 0.13377342807439588 0.13789335045163556 0.1025202359021778 0.16758678302391086 0.0935276637845876 0.16547202054196264
0.1046588787514432 0.0747662813840779 0.2312557795899 0.13386961560037305 0.09715795961580816 0.08855419989346691 0.14925463112459503 0.12048265404033576
0.13943984013323796 0.09272417847422013 0.22430213565218612 0.10733108669333633 0.12332642294502723 0.0966122061975088 0.11966615188048095 0.09659797802400269
0.08789573951872906 0.12022387838137516 0.12981079736473916 0.13641442961950973 0.10180340826735675 0.16762986164990673 0.09252456965497184 0.1636973155434117
0.10457627587093384 0.07559502481390015 0.2296696798522802 0.13410349017604217 0.09715263914506074 0.08869436516020555 0.14951538382313956 0.12069314115843795
0.13948628968938373 0.09285545248619524 0.22377467078493973 0.10739868070739254 0.12338984499317283 0.09669473454043831 0.11974151416182421 0.09665881263665328
0.08790780353751632 0.12024689250165718 0.12969022133604646 0.1364241247970943 0.10182184103752549 0.1676690215190961 0.09253114551455091 0.16370894975651312
0.10458226976083417 0.0755987950190718 0.2296174825061714 0.13410713992257417 0.09717477560534367 0.08870365823753452 0.1495194530181536 0.12069642593031676
0.08246920388031342 0.12032332378431596 0.1322899041748958 0.13916791176574944 0.09728830227825973 0.1670677111477537 0.09439214884981267 0.1670014941188993
0.13572538922831287 0.09940676212138486 0.18964638626898517 0.11024121043807245 0.12642526590549413 0.11642717396103726 0.12291072268244795 0.0992170893942652
0.11256804054216639 0.071357134160739 0.25120963671501706 0.1287577954066165 0.0992791033913444 0.0773909408304865 0.1435553330876754 0.11588201586595484
0.08384113451429802 0.1194915500341009 0.13731209210041187 0.13871626687328886 0.09761096688649548 0.1624826535511405 0.09408581579231769 0.16645952024794664
0.10348358922838931 0.0754836033346768 0.23307076348187128 0.1340301945838667 0.09615363340323445 0.08771737613479724 0.14943366470768418 0.12062717512548002
0.10462860244918563 0.06981418289662335 0.2708559317298739 0.12921047625256307 0.09259150929874276 0.07254983029695139 0.14406003844875315 0.11628942862730678
0.10342853763326326 0.06836768292404288 0.2851829814153779 0.1271840310423982 0.09052732498588524 0.06904311079420038 0.14180070326667382 0.11446562793815837
0.10260784207907428 0.06788191651268351 0.29058695194816225 0.12643998978778592 0.08961428050350473 0.0681018755665341 0.14097115279324787 0.11379599080900733
0.1022181058340053 0.0677072497221894 0.2926271546742666 0.12616781787926523 0.08924730215622859 0.06781363221612241 0.14066770142658375 0.1135510360913387
0.10205364003369603 0.06764293085933011 0.29339861361657954 0.1260670635384687 0.08910532850225088 0.06771669840947672 0.14055536785557626 0.11346035718462182
0.11963003757373358 0.0793159785219052 0.2153091333938584 0.09239408233082755 0.1392742868933195 0.10585357353189377 0.137350008957469 0.11087289879699305
0.10781608296506133 0.06936764145472858 0.26159742030943267 0.12767182979061933 0.10127679631647683 0.0750210198840751 0.14234456246804872 0.11490464681155739
0.1216015444492238 0.07974013921518086 0.20493599866412887 0.09274241705923908 0.14375599629529326 0.1080651719189784 0.13786783192686883 0.11129090047108688
0.08454305990695254 0.1187606471327708 0.1252046391750479 0.13656122299475765 0.10643265177585325 0.17200017756359484 0.0926241338573139 0.1638734675937092
0.10390125577878456 0.07559588418388735 0.22773651972624787 0.13428734535013415 0.09833935453430562 0.08956066098980305 0.14972036862171673 0.12085861081512073
0.10489906204142252 0.06993987411265204 0.2687436882607011 0.12943200827937093 0.09321706766474462 0.07297246206327197 0.14430703012640309 0.1164888074514338
0.10356496449441241 0.06842752937804272 0.2843709992283156 0.12728183222599299 0.0907295306245495 0.06916175075750693 0.14190974428778622 0.11455364900339368
0.08211446302425689 0.11903648552719923 0.14510348058277583 0.13856957320521912 0.09564295098388566 0.15926323961294742 0.09398631921745297 0.1662834878462629
0.08997267365243228 0.14436253192696533 0.129248240611607 0.16027068754838958 0.08356997167352663 0.1668032738667391 0.08152900192678948 0.1442436187935506
0.10529152182214255 0.07748159548231805 0.2297973928662064 0.13445746656811453 0.09335218733157305 0.08869807493419078 0.14991004108415157 0.12101171991130308
0.0826318914696355 0.120607156276441 0.13236213924656007 0.13924582820625356 0.09648120974964174 0.16713178468146142 0.0944449965225024 0.16709499384750426
0.11757407215275187 0.0861033209604115 0.16424387167056065 0.09546392649920886 0.14570657363549697 0.13443798478518812 0.14191353849733138 0.11455671179905062
0.14334004843427361 0.09338640304100909 0.19780195624397073 0.1067550414955395 0.13708969838809523 0.10652341057774113 0.11902390447338508 0.09607953734598554
0.11379968280753457 0.07047256855017574 0.25389762087905443 0.1278522584408353 0.10106105612837328 0.07530405364906004 0.14254572694821488 0.11506703259675177
0.14103816017194165 0.09135820294873755 0.23146272759566178 0.10614082342165843 0.12332236827050486 0.09281187935382595 0.11833909715817736 0.09552674107949256
0.11210962280300937 0.06960465235221856 0.26748966063228047 0.12651614984735954 0.09708336412581459 0.07227594980060786 0.1410560655760859 0.11386453486262357
0.1401073392349037 0.09099065937552153 0.23622420702208669 0.10579264889762913 0.12184252742189694 0.0918783254930379 0.11795090854705814 0.0952133840078662
0.11171894142004234 0.06946729447287356 0.269379498926701 0.12630698709357008 0.09661803991042021 0.07201008507740836 0.14082286471477143 0.11367628838421309
0.10493977776994771 0.06819863046245553 0.28424441212295587 0.1268837136409096 0.09124022041133832 0.06883203153981382 0.1414658717757604 0.11419534227681864
0.10296210653680483 0.06786539075541853 0.29016948046847413 0.12642726652860603 0.08976907636612855 0.06806517216006315 0.14095696730875926 0.11378453987574542
0.0940565898531033 0.13643383748961518 0.1680409791648824 0.1588992680687986 0.08208975780891484 0.13663885955255214 0.08083136680021494 0.14300934126191872
0.1383031092000782 0.1000519688563831 0.2023973783748312 0.10925999470099376 0.12103472122924334 0.10880209204691585 0.12181674036066022 0.09833399523089438
0.11271023656731094 0.0710832842575638 0.2563059817298381 0.12816816184639757 0.09769422177090493 0.07578883249569117 0.14289793567053577 0.11535134566175782
0.1056817797598961 0.06867122442955806 0.27929159293386135 0.12757924484365982 0.09191675411536647 0.06979674639685136 0.14224133716151324 0.11482132035929384
0.13800571627953087 0.09086737749762973 0.24067676358635143 0.10575517681164576 0.12031312852537734 0.09129304820137256 0.117909129967611 0.09517965913048118
0.12847696609655396 0.0802370081539459 0.19602984639735366 0.09119098313778447 0.14830990108422437 0.11076459416295546 0.13556152120184078 0.10942917976534136
0.09901583645354751 0.13701601052730597 0.14205546282494153 0.1574487781683142 0.0929790978566611 0.14968740492343063 0.08009350889431636 0.14170390035148275
0.10677944246093043 0.07640709281840385 0.23454651696654014 0.13341499206786225 0.09477648034883226 0.08525422266338022 0.14874775981297475 0.120073492861076
0.14000566148588206 0.09280215695807656 0.2254426940151922 0.10724541139839472 0.12259319221717924 0.09581938334642026 0.11957063032029976 0.09652087025855523
0.14812823428899557 0.09233524395469679 0.21895688879206632 0.1047604029268564 0.12835553487164186 0.09637930120864424 0.11680003132292796 0.09428436263417075
0.11411425190639733 0.06984155463707181 0.2622436334131813 0.1268080852343335 0.09842927678384215 0.07305436956793482 0.14138155174633898 0.11412727671090014
0.10573475033673845 0.06838157214745406 0.2814558495266707 0.12718230765609886 0.09182613528502616 0.06915652633796189 0.14179878181956096 0.11446407689048899
0.13793283181523736 0.09077376642962981 0.24139766157500958 0.10567310791679141 0.1202079077476265 0.09109129811620026 0.11781762927439282 0.09510579712511227
0.11103983977234749 0.06934974393062909 0.2714696869069694 0.12611822869523456 0.09612789458284196 0.0717757870991915 0.14061241318707493 0.11350640582571109
0.10471041097108036 0.06814251736136519 0.285055862983203 0.12679210756345966 0.09107540591524656 0.06874706056285353 0.14136373783567815 0.11411289680711371
0.10288049604681386 0.06784190664406096 0.2904800972832805 0.12638961896747872 0.08970979246454076 0.06803243843547234 0.14091499308762181 0.11375065707073086
0.10227978084459423 0.0677021319053413 0.2925757126085424 0.12616269044094522 0.08927079986903301 0.06780047821919157 0.1406619847155016 0.1135464213968507
0.093884391264164 0.13636724945643758 0.16865819268670784 0.1588440869033529 0.0819705160428925 0.13651258905215694 0.08080329638127082 0.14295967821301758
0.07997617304639396 0.12684848908720545 0.11722969261804594 0.13853003630651253 0.0933311128304143 0.1838889496574564 0.09395950288615633 0.16623604356781502
0.07703571389937429 0.12516635643431379 0.10482086905852313 0.1379831327267484 0.09537680155451388 0.20044880746585128 0.09358855958857717 0.16557975927209803
0.11631901502086016 0.08669695391475411 0.155073662912123 0.09571688398102257 0.14571353769216822 0.14333010891811584 0.14228957678372908 0.1148602607772271
0.10931098553750854 0.07146630637917276 0.2375388161702042 0.1306456042092404 0.10483622760350522 0.08296091729070533 0.14566009902134713 0.11758104378831637
0.14029835284747488 0.09194732131807762 0.22597319108121486 0.10674593897316717 0.12499690545783473 0.09495318940614761 0.11901375584023265 0.09607134507585045
0.12933113876508268 0.08048584168507149 0.19125201501675768 0.09138753073140464 0.15012400178968482 0.11190073273359806 0.13585370240071495 0.10966503687768557
0.1107994925269776 0.06984671374428057 0.2515447500339077 0.12839195016682306 0.10424434732667898 0.07647254810400218 0.14314744294718929 0.11555275515014075
0.10536522808359147 0.0686741574890556 0.277397307057354 0.12774238186861017 0.09343128568587022 0.06999827336384122 0.14242322276992805 0.11496814368174917
0.1208257734224218 0.0796157170304851 0.21020737179906035 0.0926609635188733 0.14104987196563215 0.1067004002725243 0.13774674576835494 0.11119315622264797
0.1428263012930244 0.0916841388405512 0.21397873550716603 0.1054380389578263 0.1343179077091264 0.09930509770265544 0.11755554492760634 0.09489423506204367
0.11305116349635816 0.06993609712862622 0.26032045638585793 0.12707018545688462 0.09990450354757215 0.07368065313873932 0.14167377393476538 0.11436316691119616
0.10555916286015665 0.06844117171022028 0.2807309856139481 0.12728403217742643 0.09220664467551042 0.06931017693359531 0.141912197069459 0.11455562895968378
0.10322959319446276 0.06796829932407852 0.28882755638716023 0.12659263654915848 0.09008112837293979 0.06822607073732868 0.14114134254062893 0.11393337289424263
0.10241941946980979 0.06775193851734586 0.2919474935176509 0.12624172484181315 0.0894003251147577 0.06787144400661095 0.14075010217437972 0.11361755235763184
0.10212308456355534 0.06766167470509309 0.2931379279839074 0.1260970597486713 0.08916284813298297 0.06774123970055664 0.14058881139142904 0.11348735377380419
0.10201236178159391 0.06762608018989731 0.29359047900161706 0.1260405612766605 0.08907633255898567 0.06769186023081007 0.14052581981144086 0.11343650514899442
0.0938155571409511 0.13633699221878504 0.1689179550206595 0.15881928244576407 0.08192286942519585 0.13645931108591594 0.08079067846154085 0.14293735420118764
0.1047593779659856 0.07582029696168935 0.24585697139040769 0.13248741303516195 0.09169387703352298 0.0824298134677568 0.14771357841382982 0.11923867173164575
0.10446320515332533 0.06950570986700148 0.2757864481262771 0.12857984432205274 0.09123069785275978 0.07135530388041748 0.1433569309083185 0.11572185988984747
0.08233261484368927 0.1192723958036006 0.14311936077670454 0.13871104719970145 0.09581797186491825 0.16021107737977272 0.09408227549197143 0.16645325663964175
0.10287715052100305 0.07528383098330177 0.23539854429466062 0.13367924956409563 0.0955486843373729 0.0878588284913137 0.1490423872005663 0.12031132460768607
0.10436387250317651 0.06970574668263885 0.2717095533084309 0.1290231032258346 0.09236001068504754 0.07286578918460786 0.14385113150701262 0.11612079290325117
0.10330338986990244 0.06830813148276586 0.2854672729502725 0.12707884151029594 0.09042736101707581 0.06936062102207628 0.14168342478834484 0.11437095735926633
0.1025375801490474 0.06784182469220636 0.2906561655934796 0.12636603090981133 0.089561533197897 0.06841874347510256 0.14088869416362546 0.11372942781883019
0.13664503541366138 0.09051070900028094 0.24459808663107166 0.10541173545873511 0.11931551912041108 0.09112213397391077 0.11752621848906736 0.0948705619128616
0.1105898336288091 0.06922472304307525 0.27269072323363563 0.1259098684835509 0.09580960190318306 0.072076260972233 0.1403801071003172 0.11331888163519581
0.08331497771732761 0.11891909696855621 0.14221368914630603 0.1383030847119495 0.09664545655662285 0.16083442274461965 0.0938055705002788 0.16596370165433938
0.07696043309967797 0.1334680936264697 0.1097336266125477 0.13633225292553958 0.09529275817421096 0.192145299631845 0.09246883241906163 0.16359870351064748
0.10203235725620705 0.0838124435922969 0.22028220745521673 0.13398514700812594 0.09591124561246916 0.09400652674587834 0.14938344002249263 0.12058663230731333
0.13826271325874478 0.09903748798716519 0.21966794609374862 0.10688735555601941 0.12269061362531038 0.09808383870195776 0.11917142477663657 0.09619862000041746
0.1114783747686462 0.07526307777599957 0.2621530126549754 0.12623757259485424 0.09695637946288048 0.07355229467838548 0.1407454727288897 0.1136138153353688
0.10477400032665182 0.07234305590851127 0.28091867279286686 0.12652795239454798 0.09120110775983856 0.06929082912707626 0.14106922453541396 0.1138751571550932
0.13698383830451033 0.09556943305527807 0.24046308137970832 0.1049789928567801 0.11944430044862032 0.09103551760188926 0.11704374278211155 0.09448109357110208
0.11038633649827953 0.07428103465994101 0.2703426681271284 0.12524387791890398 0.09556669269223698 0.07182232265497199 0.13963757732152432 0.1127194901270136
0.09498851061576696 0.14384454956222253 0.16181511652413075 0.15747279642383027 0.08261590151500517 0.1374318817011268 0.08010572687647019 0.14172551678144726
0.10451978648499607 0.0835404611645928 0.24159535174332814 0.13138798286941786 0.09135534487578167 0.0828640924533551 0.14648779582605245 0.11824918458247609
0.08183794737468131 0.1276555021447448 0.1343282689772567 0.13777707745346698 0.0952523314215727 0.16436757932437443 0.09344880035974283 0.1653324929441604
0.1024416978954836 0.08243829684768983 0.23064666500379424 0.13296330973755893 0.09516030649532173 0.08843857753402562 0.14824416772232318 0.11966697876380304
0.09366269698590554 0.14655734691811145 0.15148436717997996 0.15849899640866802 0.08288945071630152 0.1436302946762142 0.08062775034701808 0.1426490967678012
0.10459501689881688 0.08419780707677837 0.23743665429321284 0.13192914815046033 0.09176719037059362 0.08424679514577764 0.14709115472894604 0.11873623333541429
0.10430489344953603 0.07430619414521519 0.27186573544100384 0.12819133431990773 0.09112563280719188 0.0719102377000178 0.14292377124921055 0.11537220088791694
0.08176903600241935 0.12561180922085732 0.14150131466388957 0.13756417402617682 0.09515611569368151 0.16001614526554747 0.0933043962960156 0.1650770088314122
0.1021748066489701 0.08198204438215856 0.23360871305845018 0.132624552325385 0.09490817796440426 0.08747313003963222 0.14786647848815312 0.11936209709284651
0.08139460290279056 0.1273381057652202 0.13242516839546276 0.1378081790639276 0.09604503603076878 0.1661491976000183 0.09346989536509871 0.1653698148767131
0.11572541493657704 0.09815635847116197 0.16247750098954725 0.09382615700901863 0.14378199927041782 0.13396229676173485 0.13947888415072024 0.11259138841082236
0.0821529944061422 0.13323528545521007 0.11356785401161414 0.13405173737056467 0.10484968294600532 0.1803583130100987 0.09092204795568735 0.1608620848446776
0.10256718709462356 0.08779705623061225 0.22070679858579656 0.13271725642621923 0.09737332042987094 0.09142301380691337 0.14796983664236682 0.11944553078359732
0.10412524361243072 0.07787298348017944 0.2648538889927418 0.12843673307115222 0.09259288462829857 0.0733278339076519 0.1431973725435085 0.11559305976403698
0.13691767381165618 0.09996346370423928 0.23448674092532507 0.1050314666684193 0.11995374628368537 0.0920163414389643 0.11710224716613314 0.09452832000157735
0.1102922803176712 0.07806427035375978 0.2674876945777748 0.12493148749052867 0.09559335716482655 0.07190328604735904 0.13928928530660434 0.11243833874147581
0.12131498055931586 0.08733427619286253 0.20592594270212172 0.09166725978802684 0.14070520904721434 0.10678208153367023 0.13626953843115633 0.11000071174563221
0.10782013603366225 0.07706030168842452 0.2565809921288483 0.1266861610339001 0.10126017476995756 0.07532907405302043 0.14124561536167668 0.1140175449305101
0.12084182572710148 0.08732093357441884 0.2024351133216523 0.09187121088961037 0.14283497033158338 0.1078777676462326 0.13657272544186855 0.11024545306753243
0.141709347475599 0.10138903276780246 0.20959520344095306 0.1041848027059429 0.1338377301800785 0.09935928096242569 0.11615828003184975 0.09376632243534859
0.11216453981037192 0.07878623108466096 0.2571925648301148 0.12570790634750598 0.09923329016299527 0.07362341766116749 0.14015493439042828 0.11313711571275538
0.09498498279560993 0.14946771088402014 0.15774806146824794 0.15667537390753 0.08298168031171961 0.13743427260661265 0.07970008150948267 0.141007836516777
0.11864354378046242 0.10473377678304799 0.17025409906344074 0.09290077211707919 0.13834233308116922 0.1255413112781699 0.1381032373561356 0.11148092654049502
0.12326867315147891 0.09404879157636954 0.1720465374227362 0.09105330364123108 0.1545034510913633 0.12045842736425966 0.13535685138308384 0.10926396436947729
0.09620918787718469 0.15552246259302402 0.13340249742530583 0.15401553248553945 0.09264693141815092 0.15124237722116557 0.07834703174264399 0.13861397923698549
0.07809525353985011 0.15245705270841065 0.10617006609982589 0.1335767621470788 0.09292807423698829 0.1858807858437678 0.09059989084758391 0.16029211457649456
0.11452903988418531 0.10588113422422658 0.15301342989917913 0.09344141965319647 0.14243183199433013 0.1396664945303246 0.1389069462307219 0.11212970358383575
0.08150832174713238 0.1379178205522934 0.11082222263147683 0.1332045738767212 0.10403037032363953 0.1823237521089822 0.09034745010768916 0.1598454886520654
0.10218305474456053 0.09106366831182973 0.21894044613999636 0.13225772484619228 0.09700364693555405 0.09206201343625581 0.14745749322403823 0.11903195236157305
0.09272944103771863 0.15642821272481913 0.14717207901634344 0.15667177729119128 0.08245805859852803 0.1438375798429387 0.0796982519263886 0.14100459956207215
0.10368501575358807 0.09326542068858991 0.23414266797453026 0.13058504199965854 0.09104354536059316 0.08415919374611609 0.14559257667723122 0.11752653779969267
0.08099291773995872 0.1368022547591314 0.13168629929592943 0.13630857379899772 0.09435934321083679 0.16382755084224584 0.09245277179410281 0.16357028855879724
0.10156104851075204 0.09040270823070727 0.22814582624075805 0.1316926447038857 0.09437406872292926 0.08847285232194418 0.1468274710355263 0.11852338023349714
0.08059024196523323 0.1359449247814353 0.1302548648350324 0.13632945335541927 0.09509946299902605 0.16571877445715338 0.0924669335801974 0.1635953440265031
0.13256712847689447 0.11791676553364769 0.18572889239514503 0.10754121924497537 0.12352149145217749 0.1160369715826574 0.1199004339940248 0.09678709732047783
0.11083211535126027 0.08428155684153221 0.24760424491780242 0.1267178021925981 0.09776270535913525 0.07747466047198903 0.14128089289234444 0.1140460219733383
0.10472165545598533 0.07781936927493234 0.2746472066673018 0.12641680798389218 0.0914457061929382 0.07022882042755556 0.1409453068118917 0.11377512718550295
0.08123766256847981 0.1322404898438742 0.14139608090664585 0.13621121863005392 0.0944964033153518 0.15857794278697146 0.09238673959255833 0.1634534623560647
0.07557253814767614 0.14601911853236385 0.10827323174983036 0.13414308731406546 0.09360846537134092 0.19042784706004384 0.09098400704780094 0.16097170477687855
0.10089257219457856 0.09269179195084087 0.21806364361170522 0.13251866857203207 0.09484356610661272 0.09397452984446461 0.14774842600493723 0.11926680171482885
0.08041261487452529 0.1365398296906796 0.12780019816826507 0.13626959804105904 0.0951429102024616 0.1678849953111072 0.09242633606263134 0.1635235176492708
0.13254697691690726 0.11809135744979517 0.18479459355180408 0.10756666742321257 0.12356948246334451 0.11669211470040353 0.11992880681364147 0.09681000068089131
0.08479712298304257 0.14138812201437811 0.11818857020563592 0.1328092485315008 0.09974541448845439 0.17362110714390858 0.0900793163952788 0.15937109823780093
0.07585421557335964 0.1480077766663473 0.10246474779245904 0.13339712096742173 0.09431143576142471 0.19541011081322157 0.09047804726485996 0.16007654516090608
0.11381790062264387 0.10490861053015973 0.15161215647223103 0.09335523084474237 0.14280048182252833 0.1427005219158495 0.13877882077815434 0.11202627701369085
0.12204107147416848 0.09417221824731971 0.16572061187132284 0.09112960699453043 0.1561442066408193 0.12596647493578744 0.1354702814426154 0.1093555283934365
0.08301372062320597 0.1345903418713541 0.1139556106792852 0.13322394775759036 0.10725299390878958 0.17773405719769217 0.09036059065297435 0.15986873730910842
0.0755225885087681 0.1460120765132755 0.10148817602552279 0.133391352548063 0.09595530212189668 0.19708674645306876 0.09047413477172968 0.16006962305767558
0.13134270187108227 0.12069164370008886 0.1747047432345811 0.10781491646906746 0.1241724483325421 0.12403453559675623 0.1202055859737215 0.09703342482216072
0.11092192262445957 0.0850725555793167 0.2430734232202709 0.12717076643672331 0.09825001555812743 0.0792717125668089 0.14178591422124223 0.11445368979305098
0.1390292579826628 0.10347711471699503 0.22603559789736002 0.10488416626844561 0.12151904615406245 0.09372104912614337 0.11693801821272966 0.09439574964160104
0.11085670170539476 0.08056688721038657 0.2636958352334962 0.12482083357001733 0.095968957111624 0.07258612051307603 0.13916591444298948 0.11233875021301559
0.08227983476962261 0.13286872151689666 0.13869442387555367 0.13596733401168298 0.09538391224561155 0.15942365056738456 0.09222132219922846 0.16316080081401957
0.1328449466734924 0.11696659014763157 0.1887664509577237 0.10730784381353939 0.12335858145699713 0.1145382897143796 0.11964023780405064 0.09657705943218546
0.11077481419985305 0.08401604602875559 0.24881579439378923 0.1265550785436948 0.09761592296282376 0.07722330501438512 0.14109946816737312 0.1138995706893253
0.10465674435631528 0.07773353744368598 0.27510698882380424 0.12634397397494251 0.09136874652289627 0.07021632997362084 0.14086410232728666 0.11370957657744826
0.1024395042800853 0.07607837454493531 0.2855512357158073 0.12539988146896935 0.0893654753072492 0.06849412572308994 0.13981150963779118 0.1128598933220724
0.08077096759704756 0.1316452939104639 0.14392925870645792 0.13610194323345035 0.09398016394150405 0.1579374183639 0.0923126223670359 0.16332233188014042
0.10109728917823488 0.08912090533097564 0.2332639237488493 0.1311432656745347 0.09391164960242651 0.08721907294166269 0.14621495441623492 0.11802893910708122
