Action: 0
[0.09711307479083443, 0.09642539743779727, 0.28391610061159134, 0.09642539722716197, 0.09800220567771822, 0.13526702980057276, 0.09642539722716197, 0.09642539722716197]
[0.10460842936830143, 0.0992954004330926, 0.2985644098724118, 0.0992954004330926, 0.10035015859382389, 0.0992954004330926, 0.0992954004330926, 0.0992954004330926]
[0.2124268123394972, 0.10227401907432344, 0.19827077374554322, 0.0968788456628919, 0.09902755364421453, 0.09736430420774586, 0.0968788456628919, 0.0968788456628919]
[0.125, 0.125, 0.125, 0.125, 0.125, 0.125, 0.125, 0.125]
[0.0989453239638068, 0.09724787589015334, 0.19746390156278817, 0.09724787457599858, 0.10051609212275858, 0.2140831827324975, 0.09724787457599858, 0.09724787457599858]
[0.12691275928608461, 0.09497019346084692, 0.28597150627516316, 0.09497019346084692, 0.11226469330059113, 0.09497026729477323, 0.09497019346084692, 0.09497019346084692]
[0.125, 0.125, 0.125, 0.125, 0.125, 0.125, 0.125, 0.125]
[0.125, 0.125, 0.125, 0.125, 0.125, 0.125, 0.125, 0.125]

Action: 1
[0.11175889509001496, 0.09702406073032253, 0.09702406073032253, 0.09702406073032253, 0.1981578994953829, 0.20496290176298948, 0.09702406073032253, 0.09702406073032253]
[0.1111111111111111, 0.1111111111111111, 0.1111111111111111, 0.1111111111111111, 0.1111111111111111, 0.2222222222222222, 0.1111111111111111, 0.1111111111111111]
[0.11606610278872785, 0.10033686451502254, 0.09653996907922502, 0.09653996907922502, 0.10277147328268801, 0.2946656830966615, 0.09653996907922502, 0.09653996907922502]
[0.125, 0.125, 0.125, 0.125, 0.125, 0.125, 0.125, 0.125]
[0.2053230677653895, 0.10266153388269475, 0.10266153388269475, 0.10266153388269475, 0.10266153388269475, 0.178707728938442, 0.10266153388269475, 0.10266153388269475]
[0.09842476492723964, 0.09842476492723964, 0.09842476492723964, 0.09842476492723964, 0.21168610466556678, 0.1977653057709953, 0.09842476492723964, 0.09842476492723964]
[0.125, 0.125, 0.125, 0.125, 0.125, 0.125, 0.125, 0.125]
[0.125, 0.125, 0.125, 0.125, 0.125, 0.125, 0.125, 0.125]

