0.125 0.125 0.125 0.125 0.125 0.125 0.125 0.125
0.125 0.125 0.125 0.125 0.125 0.125 0.125 0.125
0.12326388888888887 0.12326388888888887 0.12326388888888887 0.12326388888888887 0.12326388888888887 0.13715277777777776 0.12326388888888887 0.12326388888888887
0.1216013780197479 0.1216013780197479 0.1216013780197479 0.1216013780197479 0.1216013780197479 0.14879035386176473 0.1216013780197479 0.1216013780197479
0.1200964980727931 0.1200964980727931 0.1200964980727931 0.1200964980727931 0.1200964980727931 0.1593245134904485 0.1200964980727931 0.1200964980727931
0.11808132972495476 0.11808132972495476 0.11808132972495476 0.11808132972495476 0.13142538506637622 0.1600866365838952 0.11808132972495476 0.11808132972495476
0.125 0.125 0.125 0.125 0.125 0.125 0.125 0.125
0.11840861153083884 0.11840861153083884 0.11840861153083884 0.11840861153083884 0.13229750041972774 0.1572508303952392 0.11840861153083884 0.11840861153083884
0.1156137197774487 0.1156137197774487 0.1156137197774487 0.1156137197774487 0.14184019219129437 0.1644774891440134 0.1156137197774487 0.1156137197774487
0.12271559042855537 0.12271559042855537 0.12271559042855537 0.12271559042855537 0.12271559042855537 0.1409908670001124 0.12271559042855537 0.12271559042855537
0.11547941408395396 0.11547941408395396 0.11547941408395396 0.11547941408395396 0.14783291650112307 0.15929059899515338 0.11547941408395396 0.11547941408395396
0.12105280666010565 0.12105280666010565 0.12105280666010565 0.12105280666010565 0.12105280666010565 0.15263035337926031 0.12105280666010565 0.12105280666010565
0.11340081995852527 0.11340081995852527 0.12685113180964813 0.11340081995852527 0.14531593570873633 0.16082883268898926 0.11340081995852527 0.11340081995852527
0.11969976063250998 0.11969976063250998 0.11969976063250998 0.11969976063250998 0.11969976063250998 0.16210167557243027 0.11969976063250998 0.11969976063250998
0.12473379250808812 0.1114338191044759 0.12473379250808812 0.1114338191044759 0.1429922093744812 0.1618049291914388 0.1114338191044759 0.1114338191044759
0.12303873277325933 0.10917942249458287 0.1339064759756319 0.10917942249458287 0.1468787789942531 0.15945832227852422 0.10917942249458287 0.10917942249458287
0.11880628494630745 0.11880628494630745 0.11880628494630745 0.11880628494630745 0.11880628494630745 0.16835600537584763 0.11880628494630745 0.11880628494630745
0.12245259142751148 0.109251893100144 0.13280388572925939 0.109251893100144 0.14616949087895031 0.16156645956370272 0.109251893100144 0.109251893100144
0.11669426839871717 0.11669426839871717 0.11669426839871717 0.11669426839871717 0.13293532294082275 0.16689906666687424 0.11669426839871717 0.11669426839871717
0.12085329266233787 0.10788726284025818 0.13865326642238449 0.10788726284025818 0.14919528610807561 0.1597491034461692 0.10788726284025818 0.10788726284025818
0.1160644582791971 0.1160644582791971 0.1160644582791971 0.1160644582791971 0.1326417122912055 0.17097153803361181 0.1160644582791971 0.1160644582791971
0.12951439275044144 0.10650593602503082 0.13710589254538535 0.10650593602503082 0.14772272337994147 0.15963324722410846 0.10650593602503082 0.10650593602503082
0.11563690501713991 0.11563690501713991 0.11563690501713991 0.11563690501713991 0.1320505409482445 0.174128028948916 0.11563690501713991 0.11563690501713991
0.1286739877693945 0.10575028860778679 0.14168304039560783 0.10575028860778679 0.1467833767091802 0.1598584406946703 0.10575028860778679 0.10575028860778679
0.11533028925869933 0.11533028925869933 0.11533028925869933 0.11533028925869933 0.13163955333749713 0.1763787111103069 0.11533028925869933 0.11533028925869933
0.13516179899557507 0.10475540336749456 0.14059287806414258 0.10475540336749456 0.14566078210307032 0.15956292736723363 0.10475540336749456 0.10475540336749456
0.13828460397089803 0.10264970562390939 0.15097263327884825 0.10264970562390939 0.1479120094511669 0.15223193080344943 0.10264970562390939 0.10264970562390939
0.11547887856463952 0.11547887856463952 0.11547887856463952 0.11547887856463952 0.13191354628143584 0.175213182330727 0.11547887856463952 0.11547887856463952
0.13402690317413218 0.10358133253616 0.14327237216340666 0.10358133253616 0.1445718512229019 0.1638035432949192 0.10358133253616 0.10358133253616
0.1148123525022351 0.1148123525022351 0.1148123525022351 0.1148123525022351 0.13087589152700196 0.18024999345958756 0.1148123525022351 0.1148123525022351
0.1331863040113956 0.10291646045500938 0.14237840959675502 0.10291646045500938 0.14789957997795994 0.164869864593852 0.10291646045500938 0.10291646045500938
0.11310212111612508 0.11310212111612508 0.11310212111612508 0.11310212111612508 0.1424215280739675 0.17896574522928216 0.11310212111612508 0.11310212111612508
0.1321034379876072 0.10228449048355788 0.1437261719514703 0.10228449048355788 0.1512359401756561 0.16379648795103474 0.10228449048355788 0.10228449048355788
0.11297497351261764 0.11297497351261764 0.11297497351261764 0.11297497351261764 0.1429557758740763 0.179194383050218 0.11297497351261764 0.11297497351261764
0.13182853135873526 0.10204310584062964 0.14518717638017428 0.10204310584062964 0.1511781808923473 0.16363368800622483 0.10204310584062964 0.10204310584062964
0.11291859360859104 0.11291859360859104 0.11291859360859104 0.11291859360859104 0.1428879458500887 0.17960049249836488 0.11291859360859104 0.11291859360859104
0.13165548280115366 0.10188492163202627 0.14619306077113864 0.10188492163202627 0.15099668294703755 0.16361508695256505 0.10188492163202627 0.10188492163202627
0.11287956393255612 0.11287956393255612 0.11287956393255612 0.11287956393255612 0.14281293627389902 0.17990968013076422 0.11287956393255612 0.11287956393255612
0.13628954411330704 0.1012136022926157 0.14550642657293428 0.1012136022926157 0.15029958219982342 0.16305003794347248 0.1012136022926157 0.1012136022926157
0.11289593552353289 0.11289593552353289 0.11289593552353289 0.11289593552353289 0.1426911155826446 0.17993327127615816 0.11289593552353289 0.11289593552353289
0.13619723951782 0.10111621042576963 0.1462168446717109 0.10111621042576963 0.1501603195602084 0.16296075454718242 0.10111621042576963 0.10111621042576963
0.11288390322960622 0.11288390322960622 0.11288390322960622 0.11288390322960622 0.14265147605680076 0.18004510456556194 0.11288390322960622 0.11288390322960622
0.13944807282704808 0.10064894754928895 0.14574477503150568 0.10064894754928895 0.14967943225291727 0.16253192969137312 0.10064894754928895 0.10064894754928895
0.11290444000315013 0.11290444000315013 0.11290444000315013 0.11290444000315013 0.1425766823996198 0.17999667758147941 0.11290444000315013 0.11290444000315013
0.1393909159203757 0.10058473198476786 0.14622957727239722 0.10058473198476786 0.14958950949373045 0.16245106937442505 0.10058473198476786 0.10058473198476786
0.11290178139805016 0.11290178139805016 0.11290178139805016 0.11290178139805016 0.1425561976318508 0.18003311397984836 0.11290178139805016 0.11290178139805016
0.1388786945984971 0.10007342444731188 0.14571719491787946 0.10007342444731188 0.14907116117323796 0.16603925152113802 0.10007342444731188 0.10007342444731188
0.112723048867407 0.112723048867407 0.112723048867407 0.112723048867407 0.14227470845134632 0.18138699834421163 0.112723048867407 0.112723048867407
0.13873856618127312 0.09999472786978544 0.14593017697386926 0.09999472786978544 0.14889571445094985 0.16645663091476617 0.09999472786978544 0.09999472786978544
0.11270161970906159 0.11270161970906159 0.11270161970906159 0.11270161970906159 0.14221849897887862 0.1815717827667518 0.11270161970906159 0.11270161970906159
0.1386965295378661 0.09996005660421754 0.1461318541170888 0.09996005660421754 0.14884172352773659 0.16648966640043844 0.09996005660421754 0.09996005660421754
0.11269842225750953 0.11269842225750953 0.11269842225750953 0.11269842225750953 0.1422045984418279 0.18160486801311482 0.11269842225750953 0.11269842225750953
0.1386741893303251 0.09993881538705326 0.14627429661084193 0.09993881538705326 0.14881570458174623 0.16648054792887373 0.09993881538705326 0.09993881538705326
0.11148282864272344 0.11148282864272344 0.11148282864272344 0.11148282864272344 0.15071752768205507 0.1803855004616044 0.11148282864272344 0.11148282864272344
0.13804745101786303 0.09972988659036422 0.14567543170508068 0.09972988659036422 0.15153273952853666 0.16582483138706258 0.09972988659036422 0.09972988659036422
0.11142531600135336 0.11142531600135336 0.11142531600135336 0.11142531600135336 0.15137635105317965 0.18007175293870012 0.11142531600135336 0.11142531600135336
0.1380099466698413 0.09971214980984971 0.14570787377374247 0.09971214980984971 0.15174144575522563 0.16569213456179174 0.09971214980984971 0.09971214980984971
0.11142403144683033 0.11142403144683033 0.11142403144683033 0.11142403144683033 0.15143009110788577 0.18002572021113245 0.11142403144683033 0.11142403144683033
0.14022270210966736 0.09939588848740843 0.14539108219464697 0.09939588848740843 0.15144365533125015 0.16535900641480167 0.09939588848740843 0.09939588848740843
0.1105596219731005 0.1105596219731005 0.1105596219731005 0.1105596219731005 0.15761888282111033 0.17902338534028656 0.1105596219731005 0.1105596219731005
0.13976401856869805 0.0992539327117069 0.1449416267439787 0.0992539327117069 0.1534288381300445 0.16484978571045103 0.0992539327117069 0.0992539327117069
0.1105080152305853 0.1105080152305853 0.1105080152305853 0.1105080152305853 0.15818414731664807 0.1787677612998402 0.1105080152305853 0.1105080152305853
0.13973341488453442 0.09924223822362026 0.1449417743577546 0.09924223822362026 0.15361142969470737 0.16474442816852264 0.09924223822362026 0.09924223822362026
0.11050580343597363 0.11050580343597363 0.11050580343597363 0.11050580343597363 0.15823867361417582 0.17872650576998242 0.11050580343597363 0.11050580343597363
0.13972957789224133 0.09923921165368588 0.14496014604742316 0.09923921165368588 0.15362714426135832 0.16472628518423382 0.09923921165368588 0.09923921165368588
0.11050574695358867 0.11050574695358867 0.11050574695358867 0.11050574695358867 0.1582435002408886 0.17872201803757934 0.11050574695358867 0.11050574695358867
0.1392805213790994 0.09879017583622128 0.14451108686080205 0.09879017583622128 0.15677208339582646 0.16427560501938723 0.09879017583622128 0.09879017583622128
0.11040666152195867 0.11040666152195867 0.11040666152195867 0.11040666152195867 0.1591216661226684 0.1784383647455795 0.11040666152195867 0.11040666152195867
0.14072221362091622 0.09855895706386096 0.14423887224588805 0.09855895706386096 0.1568626328660912 0.16394045301166066 0.09855895706386096 0.09855895706386096
0.11042032053340455 0.11042032053340455 0.11042032053340455 0.11042032053340455 0.15916346227285091 0.17831461452672168 0.11042032053340455 0.11042032053340455
0.14072795019793777 0.09855947739400063 0.14426004242997903 0.09855947739400063 0.1568784676989595 0.1638956300971212 0.09855947739400063 0.09855947739400063
0.10977548128891752 0.10977548128891752 0.10977548128891752 0.10977548128891752 0.16369589994466113 0.17765121232183362 0.10977548128891752 0.10977548128891752
0.10830597680801553 0.10830597680801553 0.10830597680801553 0.10830597680801553 0.16828569492616433 0.18187844422574231 0.10830597680801553 0.10830597680801553
0.10637267591045658 0.10637267591045658 0.11840667333356941 0.10637267591045658 0.16803413809979909 0.18169580901434862 0.10637267591045658 0.10637267591045658
0.11659515256057221 0.10477596634829925 0.11793226338536252 0.10477596634829925 0.16634525574931183 0.18002346291155658 0.10477596634829925 0.10477596634829925
0.11647512657880271 0.10352010962762802 0.1268988374385533 0.10352010962762802 0.16447057664303907 0.17807502082909263 0.10352010962762802 0.10352010962762802
0.12530765873486185 0.10221779169711215 0.12737404067288663 0.10221779169711215 0.1624813586472544 0.17596577515654868 0.10221779169711215 0.10221779169711215
0.12598685836677187 0.10114604244336398 0.13472772769136893 0.10114604244336398 0.1606807412013093 0.17402050296709384 0.10114604244336398 0.10114604244336398
0.12525243054529606 0.10027697103184852 0.1421419621205804 0.10027697103184852 0.1591519066137893 0.1723458165929402 0.10027697103184852 0.10027697103184852
0.12440795814615103 0.09957809058220206 0.1484334511585049 0.09957809058220206 0.15789284678494203 0.17095338158159384 0.09957809058220206 0.09957809058220206
0.12369971970103907 0.09903725917055761 0.1534246724338151 0.09903725917055761 0.1568906840042549 0.16983588717866066 0.09903725917055761 0.09903725917055761
0.1231551179525751 0.09863305762605987 0.15722448441893064 0.09863305762605987 0.15611928058656158 0.16896888653769318 0.09863305762605987 0.09863305762605987
0.12275312742923107 0.09833902819561109 0.16003236061397708 0.09833902819561109 0.15554260168496378 0.16831579748938394 0.09833902819561109 0.09833902819561109
0.12246389947218089 0.09812949028060751 0.1620605869148267 0.09812949028060751 0.15512176319386625 0.1678357892966962 0.09812949028060751 0.09812949028060751
0.12225953839811336 0.09798246535433434 0.16350008730740628 0.09798246535433434 0.1548205390843648 0.16748997379277827 0.09798246535433434 0.09798246535433434
0.12211705938427167 0.09788049859548228 0.16450795424438833 0.09788049859548228 0.15460820097727251 0.1672447910121382 0.09788049859548228 0.09788049859548228
0.1220187064829682 0.09781039053564759 0.1652062981742125 0.09781039053564759 0.15446029023689756 0.16707314296333145 0.09781039053564759 0.09781039053564759
0.12195131090675762 0.09776249230175017 0.16568636535839165 0.09776249230175017 0.1543581961158867 0.1669541584119634 0.09776249230175017 0.09776249230175017
0.12190537644445057 0.09772991824470165 0.16601442866795108 0.09772991824470165 0.15428821381219412 0.16687230809659764 0.09772991824470165 0.09772991824470165
0.12187419085031477 0.09770783863446367 0.16623763158512217 0.09770783863446367 0.15424049202734966 0.16681633099935872 0.09770783863446367 0.09770783863446367
0.1218530774648025 0.09769290743774346 0.16638900021525385 0.09769290743774346 0.15420807511960047 0.16677821744936933 0.09769290743774346 0.09769290743774346
0.12154664010745106 0.09739065556856027 0.16614929996786643 0.09739065556856027 0.15628125641463514 0.16646018123580641 0.09739065556856027 0.09739065556856027
0.1283796822078881 0.09633436913249147 0.1649939597238462 0.09633436913249147 0.1560166982459268 0.1652721832923732 0.09633436913249147 0.09633436913249147
0.1353797031231157 0.09548728941062806 0.1636694468249337 0.09548728941062806 0.15506858626941725 0.16393310614002096 0.09548728941062806 0.09548728941062806
0.1374598348360067 0.09539225036796183 0.16307618970596294 0.09539225036796183 0.15461147225809133 0.16328350172809192 0.09539225036796183 0.09539225036796183
0.1381074136966321 0.09539345377851613 0.162864985036573 0.09539345377851613 0.15443810816456863 0.16301567798816163 0.09539345377851613 0.09539345377851613
0.13831378559158627 0.09539859847477933 0.1628048675817041 0.09539859847477933 0.15437704675829947 0.16290990616929285 0.09539859847477933 0.09539859847477933
0.1383795382437396 0.0954002235884425 0.16279648735700908 0.0954002235884425 0.1543553531002258 0.1628677269452556 0.0954002235884425 0.0954002235884425
0.13839981804196755 0.09540007155542357 0.16280287246159603 0.09540007155542357 0.15434691646500615 0.16285010680973613 0.09540007155542357 0.09540007155542357
0.1423990348353827 0.0948298799337561 0.1622353244714972 0.0948298799337561 0.15377350297239045 0.16227261798570533 0.0948298799337561 0.0948298799337561
0.14368758018980654 0.0947438616086709 0.1619210314433873 0.0947438616086709 0.15346850347470975 0.1619474384574129 0.0947438616086709 0.0947438616086709
0.14412220123102532 0.09473559902164838 0.16178713217829813 0.09473559902164838 0.1533437644731918 0.16180450603089128 0.09473559902164838 0.09473559902164838
0.1471359734768684 0.09432824275590145 0.16132432819873205 0.09432824275590145 0.15288877156622077 0.16133795573457305 0.09432824275590145 0.09432824275590145
0.14817166413679386 0.09425965890535307 0.16106711524141495 0.09425965890535307 0.15264643024122465 0.16107615475915404 0.09425965890535307 0.09425965890535307
0.14854189757838465 0.09425040554329793 0.16095337207259786 0.09425040554329793 0.15254462902635585 0.16095847914947004 0.09425040554329793 0.09425040554329793
0.15068958023838924 0.09396283883770291 0.1606187007375372 0.09396283883770291 0.15221818540263685 0.16062217827062514 0.09396283883770291 0.09396283883770291
0.15145738487193414 0.09391046383943363 0.16042908745165044 0.09391046383943363 0.15204114468158828 0.1604305276370928 0.09391046383943363 0.09391046383943363
0.15174202417510663 0.09390188583756692 0.160342896518653 0.09390188583756692 0.15196495650801892 0.16034257944795374 0.09390188583756692 0.09390188583756692
0.1518497125745304 0.09390087318761153 0.16030680241986717 0.09390087318761153 0.15193484831740922 0.16030514393774703 0.09390087318761153 0.09390087318761153
0.15189088921817645 0.0939009246532064 0.1602923185560014 0.0939009246532064 0.15192340175066038 0.16028969186233616 0.0939009246532064 0.0939009246532064
0.15330218849017305 0.09370170606855678 0.1600871014491641 0.09370170606855678 0.1517198118307681 0.16008407395566757 0.09370170606855678 0.09370170606855678
0.15381769804191955 0.09366343574657132 0.1599641174815116 0.09366343574657132 0.1516037924499259 0.1599606490403576 0.09366343574657132 0.09366343574657132
0.1540129649953924 0.09365642185136926 0.159906355790565 0.09365642185136926 0.1515524718539088 0.1599025199546567 0.09365642185136926 0.09365642185136926
0.15388955259822998 0.09345638863324851 0.15968240028118497 0.09345638863324851 0.15292407942875727 0.1596784131588336 0.09345638863324851 0.09345638863324851
0.15380308419555203 0.0934183460344193 0.15955173061372688 0.0934183460344193 0.1534242420743301 0.15954755897871375 0.0934183460344193 0.0934183460344193
0.1537623918311124 0.09341158301584339 0.1594909341611086 0.09341158301584339 0.15361373793025845 0.15948660401414705 0.09341158301584339 0.09341158301584339
0.15360912642330843 0.09327428488931591 0.15932845680195543 0.09327428488931591 0.1546412152169389 0.1593240620005336 0.09327428488931591 0.09327428488931591
0.1535220145988026 0.09324731289472799 0.1592342503208885 0.09324731289472799 0.1550247086397967 0.15922977486160028 0.09324731289472799 0.09324731289472799
0.15348270864207691 0.09324218875622654 0.15919014794765704 0.09324218875622654 0.1551727857349785 0.1591856026503814 0.09324218875622654 0.09324218875622654
0.15346638554670633 0.09324128892945985 0.1591710083768647 0.09324128892945985 0.15523104101312346 0.15916640934546614 0.09324128892945985 0.09324128892945985
0.15345985440276178 0.09324116280667033 0.159162972655295 0.09324116280667033 0.15525418720727194 0.15915833450798983 0.09324116280667033 0.09324116280667033
0.15345728873638279 0.09324115989656896 0.15915965325554376 0.09324115989656896 0.15526343093684483 0.159154987484953 0.09324115989656896 0.09324115989656896
0.1534562903805604 0.0932411682828541 0.15915829466549114 0.0932411682828541 0.15526713208730789 0.1591536097352241 0.0932411682828541 0.0932411682828541
0.15345590378531382 0.09324117343255646 0.15915774237649902 0.09324117343255646 0.1552686158042638 0.1591530443036976 0.09324117343255646 0.09324117343255646
0.15345575438312328 0.09324117572651648 0.15915751945477963 0.09324117572651648 0.15526921082616787 0.15915281242986323 0.09324117572651648 0.09324117572651648
0.15440883238460856 0.09310501467608183 0.15902126607968362 0.09310501467608183 0.15513328748017444 0.15901655535120626 0.09310501467608183 0.09310501467608183
0.15476287783110715 0.0930783163681352 0.15893813980428376 0.0930783163681352 0.15505228935102777 0.1589334275410406 0.0930783163681352 0.0930783163681352
0.15489928656482915 0.09307328799772294 0.15889868566733312 0.09307328799772294 0.1550149031549745 0.1588939726219716 0.09307328799772294 0.09307328799772294
0.15560214374005576 0.09297968203510842 0.158788739484192 0.09297968203510842 0.15490636183488915 0.15878402680042938 0.09297968203510842 0.09297968203510842
0.15586757856122269 0.09296096676420078 0.1587244902627189 0.09296096676420078 0.1548442855487684 0.15871977857048697 0.09296096676420078 0.09296096676420078
0.15597122635619778 0.09295730494986579 0.15869421987955365 0.09295730494986579 0.15481582496853719 0.15868950899624815 0.09295730494986579 0.09295730494986579
0.15645306746827375 0.09289367653648485 0.15861805476437119 0.09289367653648485 0.15474082687906043 0.1586133447423552 0.09289367653648485 0.09289367653648485
0.15693420293017335 0.09283823545374575 0.15853106933904784 0.09283823545374575 0.15465542491786324 0.15852636099793257 0.09283823545374575 0.09283823545374575
0.1570273469105466 0.09273426701301599 0.1583910752447145 0.09273426701301599 0.15525814068061922 0.15838636911205556 0.09273426701301599 0.09273426701301599
0.1570447726602573 0.09271353337324813 0.15831236250349642 0.09271353337324813 0.15548107210612822 0.15830765923712548 0.09271353337324813 0.09271353337324813
0.15704790300108123 0.09270952470232381 0.1582757546959248 0.09270952470232381 0.15556718983259646 0.15827105366110233 0.09270952470232381 0.09270952470232381
0.15704846332114794 0.09270880257886359 0.15825987139760167 0.09270880257886359 0.1556012832602435 0.15825517170555273 0.09270880257886359 0.09270880257886359
0.15704858569853375 0.09270869540334035 0.15825318618382506 0.09270869540334035 0.15561495932681624 0.15824848717746362 0.09270869540334035 0.09270869540334035
0.15704863057003043 0.09270869013905468 0.15825041228768721 0.09270869013905468 0.15562048300313586 0.1582457135829278 0.09270869013905468 0.09270869013905468
0.15704865469462911 0.0927086958806198 0.15824926926609967 0.0927086958806198 0.15562272184865172 0.1582445706681401 0.0927086958806198 0.0927086958806198
0.1572498517203437 0.09267995939126654 0.1582200593859404 0.09267995939126654 0.15559489047655692 0.15821536085209312 0.09267995939126654 0.09267995939126654
0.1573266636184166 0.09267404998037584 0.1582020525327463 0.09267404998037584 0.1555777294384195 0.1581973544889142 0.09267404998037584 0.09267404998037584
0.15735702847491922 0.09267283394879122 0.15819337886034326 0.09267283394879122 0.15556957556691703 0.15818868130265565 0.09267283394879122 0.09267283394879122
0.157306478614286 0.09260979970541197 0.1581267523516733 0.09260979970541197 0.15600551506619742 0.1581220551461953 0.09260979970541197 0.09260979970541197
0.15740861270001505 0.09257771454284308 0.15806707332996214 0.09257771454284308 0.15615107836934036 0.15806237742931012 0.09257771454284308 0.09257771454284308
0.15753553277400523 0.09255817072460108 0.1580228130054568 0.09255817072460108 0.15619085263883756 0.15801811868329638 0.09255817072460108 0.09255817072460108
0.15758393212731273 0.09255417820774643 0.15800048976948236 0.09255417820774643 0.15620306842144335 0.15799579685077594 0.09255417820774643 0.09255417820774643
0.15766461721399394 0.0925445820063243 0.15798164823551067 0.0925445820063243 0.156198450238854 0.15797695628634412 0.0925445820063243 0.0925445820063243
0.15765351910153372 0.0925001415624824 0.15792940443164022 0.0925001415624824 0.15649179700514856 0.15792471321174797 0.0925001415624824 0.0925001415624824
0.15763989297105302 0.09249110161959326 0.15789872734625318 0.09249110161959326 0.1566029358807127 0.1578940373236081 0.09249110161959326 0.09249110161959326
0.1576738507219782 0.09248337589551664 0.157878296481379 0.09248337589551664 0.15664074172638284 0.1578736074881934 0.09248337589551664 0.09248337589551664
0.15768631751687517 0.09248179978626585 0.15786825878811853 0.09248179978626585 0.15665465398238887 0.1578635705675541 0.09248179978626585 0.09248179978626585
0.15769115538439699 0.09248148212961428 0.15786378395302397 0.09248148212961428 0.1566600359232135 0.15785909622090838 0.09248148212961428 0.09248148212961428
0.15772095399955546 0.09247743967155049 0.15785788820905577 0.09247743967155049 0.15665819834811964 0.1578532007570671 0.09247743967155049 0.09247743967155049
0.15775119186743092 0.0924739251381364 0.15785193190986455 0.0924739251381364 0.15665393099371352 0.15784724467644537 0.0924739251381364 0.0924739251381364
0.15776297753150123 0.09247319600745947 0.15784873593814328 0.09247319600745947 0.15665145360578833 0.15784404889472933 0.09247319600745947 0.09247319600745947
0.15773903562722913 0.09244437627359291 0.15781859256905503 0.09244437627359291 0.15685096104941962 0.1578139056599245 0.09244437627359291 0.09244437627359291
0.15772323284489756 0.09243848252383781 0.1578002147238074 0.09243848252383781 0.15692709394407722 0.1577955283918666 0.09243848252383781 0.09243848252383781
0.1577155000160605 0.09243729012232614 0.15779141100422778 0.09243729012232614 0.15695720326126095 0.15778672522914625 0.09243729012232614 0.09243729012232614
0.15771206369118818 0.09243705424684097 0.1577875290047077 0.09243705424684097 0.15696934670460808 0.15778284361213218 0.09243705424684097 0.09243705424684097
0.1577105970693188 0.09243700984497202 0.1577858768449966 0.09243700984497202 0.15697429502827984 0.15778119167751653 0.09243700984497202 0.09243700984497202
0.15770998267974332 0.09243700245823619 0.15778518520471854 0.09243700245823619 0.15697632212396173 0.1577805001586316 0.09243700245823619 0.09243700245823619
0.1577096153043543 0.09243688936530729 0.15778478566387563 0.09243688936530729 0.15697704246287708 0.15778099910766374 0.09243688936530729 0.09243688936530729
0.15770944009558255 0.09243686620520533 0.15778459703137349 0.09243686620520533 0.15697731546708357 0.1577811825851392 0.09243686620520533 0.09243686620520533
0.15769002809794094 0.09241752672265728 0.15776517942528562 0.09241752672265728 0.15711276649715256 0.1577619190889917 0.09241752672265728 0.09241752672265728
0.15767802270169295 0.09241355552932058 0.15775316628766356 0.09241355552932058 0.15716461889107716 0.15774997000228405 0.09241355552932058 0.09241355552932058
0.15767224427692014 0.09241274587650354 0.1577473813056147 0.09241274587650354 0.15718517922441289 0.15774421168703812 0.09241274587650354 0.09241274587650354
0.15766969004837278 0.09241258321208007 0.15774482274839435 0.09241258321208007 0.15719349011357925 0.15774166424133318 0.09241258321208007 0.09241258321208007
0.1576812071428465 0.09241075069611035 0.15774193058711194 0.09241075069611035 0.15719508277382535 0.15773877671177472 0.09241075069611035 0.09241075069611035
0.157685596064179 0.09241037189060201 0.1577403539717903 0.09241037189060201 0.15719536035319776 0.15773720204842484 0.09241037189060201 0.09241037189060201
0.1576873346725966 0.09241029361906884 0.1577396227334649 0.09241029361906884 0.15719539648076747 0.15773647163689572 0.09241029361906884 0.09241029361906884
0.15768803824412536 0.09241027745958925 0.15773930372628378 0.09241027745958925 0.15719539521058434 0.15773615298064964 0.09241027745958925 0.09241027745958925
0.15767529743586736 0.09239724539411626 0.15772613954163767 0.09239724539411626 0.15728659250095545 0.15772298894507447 0.09239724539411626 0.09239724539411626
0.1576673396871117 0.09239456195249114 0.15771800405603106 0.09239456195249114 0.15732155477167561 0.15771485367521706 0.09239456195249114 0.09239456195249114
0.15767197514967385 0.09239280064862342 0.15771287338089388 0.09239280064862342 0.1573342256903126 0.15770972318462592 0.09239280064862342 0.09239280064862342
0.15767923609429307 0.09239162325590838 0.15770957108129122 0.09239162325590838 0.15733827877929524 0.1577064210214869 0.09239162325590838 0.09239162325590838
0.15768199960102475 0.09239138020589027 0.15770796035959225 0.09239138020589027 0.15733970882089343 0.15770481039492842 0.09239138020589027 0.09239138020589027
0.15768309383307266 0.09239133014607907 0.1577072432075397 0.09239133014607907 0.15734024907395697 0.15770409330111443 0.09239133014607907 0.09239133014607907
0.15768353666066945 0.09239131988238788 0.15770693593005244 0.09239131988238788 0.1573404618235959 0.15770378605613067 0.09239131988238788 0.09239131988238788
0.15768371793846747 0.09239131779750102 0.15770680658393646 0.09239131779750102 0.1573405475605256 0.15770365672706646 0.09239131779750102 0.09239131779750102
0.1576876299331266 0.09239076918955114 0.15770620440634023 0.09239076918955114 0.1573400343442829 0.15770305455804567 0.09239076918955114 0.09239076918955114
0.15768913622554312 0.09239065552415701 0.15770584134466378 0.09239065552415701 0.1573397088262014 0.1577026915069636 0.09239065552415701 0.09239065552415701
0.1576923177447622 0.09239026317750758 0.15770529863334765 0.09239026317750758 0.15733918210757655 0.15770214880428327 0.09239026317750758 0.09239026317750758
0.15769355395017823 0.09239018185562514 0.1577049925435796 0.09239018185562514 0.15733888335930177 0.15770184272443985 0.09239018185562514 0.09239018185562514
0.1576940490007875 0.09239016497018437 0.157704848888809 0.09239016497018437 0.1573387431523065 0.1577016990773596 0.09239016497018437 0.09239016497018437
0.15769425049227376 0.09239016145184767 0.15770478587479222 0.09239016145184767 0.1573386817573356 0.1577016360682077 0.09239016145184767 0.09239016145184767
0.15769606963238733 0.09238991265128484 0.15770451097651036 0.09238991265128484 0.15733840761328502 0.15770136117267794 0.09238991265128484 0.09238991265128484
0.15769677143308963 0.09238986108875762 0.1577043455628362 0.09238986108875762 0.1573382428856843 0.15770119576335948 0.09238986108875762 0.09238986108875762
0.15769821942315224 0.09238968352009735 0.15770409948688474 0.09238968352009735 0.15733799731842618 0.15770094969114748 0.09238968352009735 0.09238968352009735
0.1576995679981406 0.09238953446547701 0.1577038485180971 0.09238953446547701 0.1573377468950664 0.15770069872678788 0.09238953446547701 0.09238953446547701
0.1577000955975224 0.09238950355837701 0.15770371367042615 0.09238950355837701 0.15733761261465645 0.15770056388388695 0.09238950355837701 0.09238950355837701
0.15770030767800994 0.09238949713586912 0.15770365139976272 0.09238949713586912 0.15733755076197442 0.15770050161677657 0.09238949713586912 0.09238949713586912
0.15770039416993914 0.09238949579558431 0.15770362426962434 0.09238949579558431 0.15733752388926137 0.15770047448883812 0.09238949579558431 0.09238949579558431
0.1577004297081598 0.09238949551354772 0.15770361275144126 0.09238949551354772 0.15733751251432468 0.15770046297188342 0.09238949551354772 0.09238949551354772
0.15770044436585287 0.09238949545324084 0.1577036079207942 0.09238949545324084 0.15733750775850996 0.15770045814187975 0.09238949545324084 0.09238949545324084
0.1576916763755501 0.09238072139251806 0.15769483185942332 0.09238072139251806 0.15739892411412246 0.15769168208083187 0.09238072139251806 0.09238072139251806
0.15768676374167462 0.09237883598640702 0.15768931178287324 0.09237883598640702 0.1574224184227185 0.15768616210710543 0.09237883598640702 0.09237883598640702
0.1576846969184013 0.0923783974551351 0.15768658707125116 0.0923783974551351 0.15743168868714866 0.15768343750265848 0.0923783974551351 0.0923783974551351
0.1576837511860852 0.09237830770195396 0.15768536885868845 0.09237830770195396 0.15743542978104647 0.15768221936636406 0.09237830770195396 0.09237830770195396
0.15768334134955292 0.09237828954241717 0.15768484616744857 0.09237828954241717 0.157436957592365 0.15768169672096477 0.09237828954241717 0.09237828954241717
0.15768316802854934 0.09237828595606142 0.15768462610466702 0.09237828595606142 0.1574375853592539 0.15768147668328397 0.09237828595606142 0.09237828595606142
0.15768309557616364 0.09237828528492792 0.15768453429291215 0.09237828528492792 0.15743784410671313 0.15768138488449943 0.09237828528492792 0.09237828528492792
0.15768306546035873 0.09237828517542845 0.15768449615889837 0.09237828517542845 0.15743795092209764 0.15768134675693155 0.09237828517542845 0.09237828517542845
0.15768305297732932 0.09237828516492198 0.15768448035490928 0.09237828516492198 0.15743799505201525 0.1576813309560582 0.09237828516492198 0.09237828516492198
0.1576832869279663 0.09237825100810815 0.157684439652757 0.09237825100810815 0.1574379791314629 0.15768129025538122 0.09237825100810815 0.09237825100810815
0.15768337674458383 0.09237824393317982 0.1576844157207326 0.09237824393317982 0.1574379654775204 0.1576812663244441 0.09237824393317982 0.09237824393317982
0.15768341247585038 0.0923782424665528 0.1576844043424814 0.0923782424665528 0.15743795836853366 0.15768125494692317 0.0923782424665528 0.0923782424665528
0.15768342696956758 0.09237824216203001 0.15768439932557218 0.09237824216203001 0.15743795512629097 0.15768124993044955 0.09237824216203001 0.09237824216203001
0.15768343290876283 0.09237824209859727 0.15768439718434948 0.09237824209859727 0.15743795372303276 0.15768124778946596 0.09237824209859727 0.09237824209859727
0.15768359620058903 0.09237821910738853 0.1576843733063376 0.09237821910738853 0.15743793015194116 0.15768122391157818 0.09237821910738853 0.09237821910738853
0.15768365906503284 0.09237821434371134 0.15768435865340596 0.09237821434371134 0.15743791564773843 0.1576812092589773 0.09237821434371134 0.09237821434371134
0.15768368411253345 0.09237821335559016 0.1576843515966653 0.09237821335559016 0.15743790866589585 0.15768120220254508 0.09237821335559016 0.09237821335559016
0.1576836942806582 0.09237821315016816 0.15768434846864215 0.09237821315016816 0.1574379055752949 0.15768119907473224 0.09237821315016816 0.09237821315016816
0.15768380664342982 0.09237819765091859 0.15768433167389878 0.09237819765091859 0.15743788879888446 0.1576811822801126 0.09237819765091859 0.09237819765091859
0.15768384996762883 0.09237819443942942 0.15768432150674297 0.09237819443942942 0.15743787865470596 0.15768117211320454 0.09237819443942942 0.09237819443942942
0.1576779605308185 0.09237228705965285 0.157678409916164 0.09237228705965285 0.15747922079155902 0.1576752605228471 0.09237228705965285 0.09237228705965285
0.1576703265691471 0.09236709224211286 0.15767076676985584 0.09236709224211286 0.15752292024674275 0.15766761744580304 0.09236709224211286 0.09236709224211286
0.15766616421008844 0.0923660083642393 0.15766651742665863 0.0923660083642393 0.1575399166855709 0.15766336822072477 0.0923660083642393 0.0923660083642393
0.15766421676981618 0.09236578479110885 0.15766453395675314 0.09236578479110885 0.15754672525953525 0.15766138484945985 0.09236578479110885 0.09236578479110885
0.15766341322688343 0.09236573185119347 0.15766365954817121 0.09236573185119347 0.15754948931523335 0.15766051050493832 0.09236573185119347 0.09236573185119347
0.1576603945934234 0.09236304601037007 0.15766061156459485 0.09236304601037007 0.15756934724237767 0.1576574625581239 0.09236304601037007 0.09236304601037007
0.15765862183933055 0.09236248581457998 0.1576587890239629 0.09236248581457998 0.157577005810005 0.1576556400683816 0.09236248581457998 0.09236248581457998
0.15765597211574994 0.09236057028929108 0.15765611868005106 0.09236057028929108 0.15759265828016342 0.15765296976687126 0.09236057028929108 0.09236057028929108
0.15765447841339358 0.0923601739881673 0.15765461643633313 0.0923601739881673 0.15759874162564413 0.15765146757195983 0.0923601739881673 0.0923601739881673
0.1576537778612822 0.09236009206315306 0.15765391234602139 0.09236009206315306 0.15760117802064516 0.15765076351943902 0.09236009206315306 0.09236009206315306
0.15765347081400097 0.09236007515434362 0.15765360383302482 0.09236007515434362 0.1576021697052677 0.15765045503033204 0.09236007515434362 0.09236007515434362
0.15765334016961202 0.09236007167569654 0.1576534725814485 0.09236007167569654 0.15760257675389408 0.15765032379225943 0.09236007167569654 0.09236007167569654
0.15765330749780124 0.09236006780091718 0.1576534143478623 0.09236006780091718 0.15760274138486638 0.15765026556580153 0.09236006780091718 0.09236006780091718
0.15765329316793447 0.09236006700231068 0.15765338943138724 0.09236006700231068 0.15760280873847546 0.15765024065296004 0.09236006700231068 0.09236006700231068
0.1576520761860394 0.0923588559552307 0.15765216806496568 0.0923588559552307 0.15761131263973713 0.15764901928833486 0.0923588559552307 0.0923588559552307
0.1576513215148261 0.09235860530562894 0.15765141157746695 0.09235860530562894 0.15761458286932004 0.15764826281587146 0.09235860530562894 0.09235860530562894
0.15765095710874177 0.0923585534519357 0.15765104641890568 0.0923585534519357 0.15761588499222093 0.1576478976723888 0.0923585534519357 0.0923585534519357
0.15765079546961455 0.0923585427341513 0.15765088446801434 0.0923585427341513 0.15761641339375093 0.15764773573201496 0.0923585427341513 0.0923585427341513
0.15765074121110684 0.09235853839471189 0.15765081305542075 0.09235853839471189 0.15761662782895278 0.15764766432567215 0.09235853839471189 0.09235853839471189
0.15765072786471096 0.09235853606788935 0.15765078115254672 0.09235853606788935 0.15761671428496243 0.15764763242622248 0.09235853606788935 0.09235853606788935
0.15765072185668763 0.09235853558737214 0.15765076745921933 0.09235853558737214 0.15761674959991784 0.15764761873468655 0.09235853558737214 0.09235853558737214
0.157650719269454 0.09235853548840474 0.15765076168905956 0.09235853548840474 0.15761676412243858 0.15764761296542892 0.09235853548840474 0.09235853548840474
0.15765071817765933 0.09235853546813153 0.1576507592790322 0.09235853546813153 0.15761677011493988 0.15764761055584267 0.09235853546813153 0.09235853546813153
0.1576507177213776 0.09235853546402442 0.15765075827679448 0.09235853546402442 0.15761677259191442 0.15764760955381588 0.09235853546402442 0.09235853546402442
0.15765072427196672 0.09235853450030093 0.15765075689798688 0.09235853450030093 0.1576167726537353 0.15764760817510737 0.09235853450030093 0.09235853450030093
0.15765072678537323 0.0923585343007334 0.157650756127376 0.0923585343007334 0.1576167724797635 0.15764760740455364 0.0923585343007334 0.0923585343007334
0.1576507277849888 0.09235853425940337 0.15765075576689183 0.09235853425940337 0.15761677236640378 0.15764760704410216 0.09235853425940337 0.09235853425940337
0.15765072819042594 0.09235853425084249 0.15765075560903377 0.09235853425084249 0.15761677231090845 0.15764760688626187 0.09235853425084249 0.09235853425084249
0.15764991375288245 0.09235771964538426 0.15764994093819745 0.09235771964538426 0.15762247451194816 0.15764679221543476 0.09235771964538426 0.09235771964538426
0.1576494078195936 0.09235755101731938 0.15764943490820688 0.09235755101731938 0.15762466700794134 0.15764628619498056 0.09235755101731938 0.09235755101731938
0.15764916338690935 0.09235751612058132 0.1576491904354221 0.09235751612058132 0.15762553996327666 0.1576460417320664 0.09235751612058132 0.09235751612058132
0.15764905493587814 0.09235750890312157 0.15764908196775843 0.09235750890312157 0.15762589421252596 0.15764593327135115 0.09235750890312157 0.09235750890312157
0.1576490130630489 0.09235750676443723 0.15764903490639245 0.09235750676443723 0.15762603875867773 0.15764588621413206 0.09235750676443723 0.09235750676443723
0.15764899832949575 0.09235750588734236 0.15764901453848634 0.09235750588734236 0.15762609773415454 0.15764586584849402 0.09235750588734236 0.09235750588734236
0.1576489920464557 0.09235750570631121 0.15764900592193684 0.09235750570631121 0.15762612197324044 0.1576458572331222 0.09235750570631121 0.09235750570631121
0.15764898940704586 0.09235750566906831 0.15764900231608658 0.09235750566906831 0.15762613197273403 0.15764585362786046 0.09235750566906831 0.09235750566906831
0.15764899035777816 0.09235750536838921 0.157649000522018 0.09235750536838921 0.15762613581256915 0.15764585183407778 0.09235750536838921 0.09235750536838921
0.15764899068930488 0.09235750530616314 0.15764899971676524 0.09235750530616314 0.15762613734031286 0.15764585102896445 0.09235750530616314 0.09235750530616314
0.1576484428213597 0.09235695730091376 0.15764845137801448 0.09235695730091376 0.15762997390668987 0.15764530269028082 0.09235695730091376 0.09235695730091376
