0.125 0.125 0.125 0.125 0.125 0.125 0.125 0.125
0.07575757575757576 0.12626262626262627 0.09090909090909091 0.15151515151515152 0.0946969696969697 0.15782828282828282 0.11363636363636365 0.1893939393939394
0.055322015260228605 0.09220335876704767 0.06638641831227432 0.11064403052045721 0.11064403052045721 0.21073924895407187 0.13277283662454864 0.22128806104091442
0.07187037818948312 0.11978396364913856 0.08624445382737976 0.14374075637896624 0.08983797273685391 0.20104096246024605 0.1078055672842247 0.17967594547370783
0.07147012449486338 0.11911687415810564 0.08576414939383607 0.14294024898972676 0.09684071430236935 0.1979873906816454 0.1072051867422951 0.17867531123715846
0.05259760764072118 0.08766267940120195 0.06311712916886542 0.10519521528144236 0.12204901134441988 0.23275366826273355 0.12623425833773083 0.21039043056288473
0.11178451178451179 0.09023569023569024 0.1397306397306397 0.1127946127946128 0.13414141414141414 0.10828282828282829 0.16767676767676767 0.13535353535353534
0.09609929576242397 0.07567819541290889 0.19219859152484794 0.15135639082581778 0.1074009151804888 0.07775713950062445 0.16755774645755975 0.1319517253353283
0.06153360064101956 0.10255600106836593 0.06547981374410218 0.09230040096152935 0.15110948934728197 0.23165941116080718 0.1107604811538352 0.1846008019230587
0.07208959055456875 0.12754312175039084 0.09011198819321092 0.15942890218798858 0.09832558275593241 0.15305174610046904 0.10813438583185311 0.19131468262558626
0.07017423814498716 0.1169570635749786 0.09148116491540656 0.14034847628997432 0.10619926632053103 0.19414283817417363 0.10526135721748076 0.1754355953624679
0.0685510126578956 0.11425168776315932 0.08961669154121168 0.1371020253157912 0.10557692373368917 0.2106976083566706 0.10282651898684339 0.17137753164473896
0.0678392661252652 0.11306544354210868 0.08859722646053023 0.1356785322505304 0.10452827845159372 0.21893418866891104 0.10175889918789781 0.169598165313163
0.06076317309838375 0.10750407548175588 0.05297302270115507 0.09372150170204359 0.13323879688929138 0.25841038132097294 0.10594604540231015 0.18744300340408718
0.10509333122005868 0.08483437580414376 0.13136666402507333 0.10604296975517968 0.14208929474922843 0.14568180391001248 0.157639996830088 0.12725156370621563
0.09356892313478225 0.07553154036181219 0.1871378462695645 0.15106308072362437 0.10397926538536424 0.0843385098309825 0.16842406164260804 0.1359567726512619
0.1043042019686995 0.08213955905035086 0.14766184596834758 0.09856747086042103 0.1629952771927571 0.12466600343084835 0.15645630295304927 0.12320933857552628
0.08129606702033139 0.14383150318981708 0.08090289400377498 0.12539156688343028 0.12428789351768305 0.20877200193434634 0.08504819319050054 0.15046988026011635
0.06656454755856381 0.11776804568053595 0.0897457575965762 0.14721005710066998 0.09679788801406462 0.20541481419093968 0.09984682133784571 0.17665206852080392
0.09257204040063359 0.07290048181549896 0.20153228586229394 0.14580096363099793 0.10107702529349476 0.09760101041510616 0.1614076601857201 0.1271085323962546
0.05921567759115341 0.09869279598525568 0.07185465470722208 0.08882351638673011 0.14961197234324897 0.24756613054885326 0.10658821966407613 0.17764703277346022
0.07671839333953165 0.1357325420622483 0.07166458486475381 0.1183309341055498 0.1227058622182051 0.252591320220157 0.08025924226289465 0.14199712092665975
0.0896951522455572 0.0724045204873775 0.19221215561571867 0.144809040974755 0.10281530176664672 0.10628441799066245 0.16145127404200293 0.1303281368772795
0.06883100939765274 0.11471834899608792 0.11009572202011117 0.13766201879530549 0.10913352551589392 0.18423533768433778 0.10324651409647913 0.17207752349413188
0.07169685885022108 0.11175376448206509 0.09610170018157065 0.13410451737847806 0.10815550872473988 0.20997861562596898 0.10057838803385856 0.16763064672309758
0.0653059931165742 0.1155413724370159 0.09528609088899205 0.14442671554626987 0.09716937641404472 0.21099940326671798 0.09795898967486132 0.17331205865552382
0.07103943077233843 0.11108184424705213 0.09346380900002138 0.13329821309646253 0.10547080651833941 0.21904947017286108 0.0999736598223469 0.16662276637057816
0.06484731391022544 0.11472986307193732 0.09431474607092193 0.14341232883992167 0.0961201814250911 0.21720980120865827 0.09727097086533817 0.17209479460790597
0.0961749034347742 0.0710795682041772 0.21070341534531448 0.1421591364083544 0.09969245179713823 0.09888091096513822 0.15737600774551236 0.123933606099591
0.07423278036145038 0.11272901443677415 0.11993486331524801 0.13527481732412897 0.10803008480787377 0.17924880510626687 0.10145611299309674 0.16909352165516123
0.07515312616731097 0.11052746387732613 0.10141666766021648 0.13263295665279137 0.1080760487834636 0.2069278235533089 0.09947471748959352 0.1657911958159892
0.06954243833751644 0.1143942973711795 0.09527682789625962 0.1429928717139744 0.09643759290457989 0.212778056209373 0.09698646951034784 0.17159144605676924
0.1000579109506198 0.0700537067368276 0.2166840952701099 0.1401074134736552 0.09870203887163292 0.09714524401383678 0.15510466611654136 0.12214492456677634
0.11443917342491947 0.0762894627882807 0.1814227823392783 0.09154735534593683 0.15522453935806418 0.12132923010723143 0.145313262453868 0.11443419418242105
0.07266708668782258 0.11519935614115437 0.10765239737776898 0.14399919517644294 0.10562886921915828 0.18438504184885565 0.09766901933706566 0.17279903421173154
0.07484860468592362 0.11033911927331565 0.10138883755223876 0.1324069431279788 0.10758170041108082 0.20862090869350466 0.0993052073459841 0.16550867890997348
0.06927041057597315 0.1139544703138551 0.09495131186963791 0.14244308789231885 0.09603903641247526 0.21579640480755824 0.0966135726573989 0.17093170547078262
0.09947494963869212 0.0696366495060636 0.22009996979311186 0.1392732990121272 0.09819540669523515 0.09772071037839136 0.15418126711965238 0.12141774785672627
0.11376995144961637 0.0758473145364493 0.18543683998136282 0.09101677744373916 0.15443602433716458 0.12125104513947146 0.14447107530752246 0.11377097180467395
0.07253313155649443 0.11504100526531139 0.108120582496092 0.14380125658163925 0.10538079936852036 0.18502695150034218 0.09753476533363359 0.1725615078979671
0.10223918501973855 0.06896896923576581 0.22684239974811404 0.13793793847153163 0.09937604670747431 0.09167890532344534 0.1527029681084925 0.12025358738543784
0.1019741935888292 0.137090675307984 0.12182170415999631 0.1233816077771856 0.13252838816994103 0.21663826049686324 0.0925362058328892 0.07402896466631136
0.07476025565771166 0.11156545273565915 0.09629719268228014 0.13945681591957393 0.09893074102985651 0.21705326163902325 0.09458810123240667 0.1673481791034887
0.1026786607966083 0.06889050472031756 0.22248131130768162 0.13778100944063512 0.09800722560993937 0.0975152694433496 0.1525292412204019 0.12011677746106651
0.0818773970441754 0.10995206468559846 0.12999365821316092 0.13194247762271813 0.10599745745713034 0.17635198973178046 0.09895685821703862 0.16492809702839767
0.057949777375081474 0.08110888925604558 0.08013741616332062 0.0973306671072547 0.12713977228261666 0.24487534307246586 0.11679680052870563 0.1946613342145094
0.06979768077264999 0.11182096168930504 0.09040321784976407 0.13977620211163133 0.09797304834738034 0.22769271830655305 0.09480472838875863 0.16773144253395755
0.07178045425975743 0.11293550048023494 0.092658317815096 0.1411693756002937 0.09366217737259856 0.22264126030103307 0.09574966345063397 0.16940325072035242
0.10225938985463492 0.06902902128422424 0.22164683131566582 0.13805804256844847 0.09701765200287947 0.0987948411720321 0.15283592828090345 0.12035829352121148
0.08177366766528965 0.10989314726923495 0.13005614240642466 0.13187177672308192 0.1057106114849694 0.17695110100483546 0.09890383254231146 0.1648397209038524
0.09599625887117341 0.13437638897910814 0.09976593904296653 0.12093875008119731 0.13158100988395402 0.2540743405319842 0.090704062560898 0.0725632500487184
0.07608444186619655 0.10983048819737007 0.09187309408520031 0.13728811024671259 0.0975317244867673 0.2295292557847976 0.09311715303690071 0.1647457322960551
0.1022743950900102 0.07031094035177997 0.20295173669194888 0.14062188070355994 0.09589627681094659 0.10460217490428302 0.15678290281426757 0.12655969263320394
0.10411459722615092 0.06617238884246326 0.26662100623700175 0.13234477768492653 0.09364423319496848 0.07521438912050737 0.14651110919943025 0.11537749849455133
0.07078086835912528 0.1009719064959641 0.08036177408233748 0.0880267902785328 0.13880426554659467 0.2454922691481258 0.09950854553225447 0.1760535805570656
0.10001086452269928 0.06929243069518776 0.20385810178913857 0.1385848613903755 0.10226680277149298 0.10674878528333444 0.15451177829643356 0.12472637525133794
0.10347288369767259 0.06600926411003522 0.2669862562181912 0.13201852822007043 0.09482913832448879 0.0754409159146936 0.14614993763068435 0.11509307588416395
0.09560585003428723 0.13629387008420465 0.11395551346029814 0.11882029699648614 0.11286547789578802 0.1992834771703186 0.08059115796283405 0.14258435639578335
0.07716966701512656 0.11170366195712748 0.10234304127086781 0.13962957744640936 0.0956435962908424 0.21124968446810963 0.09470527861582549 0.16755549293569122
0.07456380055511133 0.1119635044956511 0.10005309344528578 0.13995438061956386 0.094734522342038 0.21585986190038658 0.0949255798984868 0.1679452567434766
0.1005146538008149 0.06921853056312055 0.21589050179395564 0.1384370611262411 0.09608878645655428 0.10091011921390237 0.1543469920317942 0.12459335501361701
0.11793942958339357 0.0751624362059953 0.1865304267630097 0.09019492344719438 0.1526852358441749 0.12157734869296258 0.14316654515427676 0.11274365430899294
0.08055652059808972 0.11130763223153933 0.1198901283331834 0.13913454028942418 0.10620153277761993 0.18157868313957293 0.09436951428326161 0.166961448347309
0.1006775528426986 0.06848268615279425 0.22543264625757295 0.1369653723055885 0.0985798273223434 0.0938869112196821 0.15270616882429047 0.12326883507502966
0.10077291852157437 0.06583191433507399 0.26757235870235085 0.13166382867014798 0.09342746624622894 0.07543872441313153 0.146795343308359 0.11849744580313316
0.0788480197687726 0.11270686660494983 0.141402554206834 0.1408835832561873 0.09636894885868152 0.1651739057103448 0.0955558216868053 0.16906029990742474
0.1144482226622657 0.07618158243825526 0.16344463938693155 0.09141789892590632 0.15452092451066846 0.14060658234572254 0.14510777607286718 0.11427237365738288
0.09419209362531851 0.13085593450252173 0.0954337774989316 0.11407953264322405 0.12853462884843853 0.2226329106995101 0.07737568301018675 0.13689543917186886
0.10287360597182327 0.06790700527225346 0.21494147725679288 0.13581401054450692 0.1036598295665192 0.10114897551484418 0.15142248638320396 0.12223260949005624
0.13454632740844985 0.0874680218492191 0.22001847802128163 0.10933502731152386 0.1263474734393658 0.10198275126783551 0.12190039612195273 0.09840152458037148
0.10878861522884302 0.06443148885435102 0.264209696697644 0.12886297770870203 0.09836315326328063 0.07569478480427205 0.14367260350507524 0.11597667993783183
0.10263490372213736 0.06422531024319958 0.28317580394468156 0.12845062048639916 0.09194746466239041 0.07074748252829803 0.14321285597513458 0.11560555843775924
0.08066298478969632 0.11203215950856073 0.14544448276251393 0.1400401993857009 0.09618366392439757 0.16260448295685762 0.09498378740943192 0.16804823926284107
0.11667672188006317 0.07589832367229811 0.16437103189437474 0.09107798840675774 0.15400967431560159 0.13955053875617537 0.14456823556628212 0.11384748550844716
0.08284287858824764 0.11001805782790136 0.11593089602086742 0.1375225722848767 0.10820500681631583 0.18717732225715314 0.09327617946278595 0.165027086741852
0.13585062888022748 0.08921292890862793 0.1846796929351125 0.11151616113578493 0.1300295577905593 0.12401428776265844 0.1243321975648229 0.10036454502220643
0.11254579365775723 0.06501194071347376 0.25011472137712765 0.1300238814269475 0.10005682933620574 0.08025841568792211 0.1449669245163131 0.11702149328425278
0.08383570014147772 0.11189497332348518 0.13761868529170168 0.13986871665435646 0.09786095138611614 0.16621103583468044 0.09486747738295483 0.16784245998522776
0.10574225421793622 0.0676215024558506 0.24029678586390482 0.1352430049117012 0.09609660747618859 0.08737612106925337 0.14971956587701554 0.11790415812814976
0.12171275926448183 0.07532197133375597 0.19924202060781948 0.09415246416719496 0.14294620782043435 0.11367765814817768 0.13996396165750177 0.11298295700063395
0.08455509935247213 0.1102629642636485 0.12448023800656437 0.13782870532956062 0.10651496155914222 0.17747976756526357 0.09348381752787589 0.16539444639547274
0.1043070938644448 0.06771509278406379 0.22856647551652293 0.13543018556812758 0.09864963544396717 0.0924497996333628 0.15099455017819596 0.12188716701131484
0.12184913081688302 0.0754459944129759 0.1954702026768103 0.09430749301621988 0.1443714088451449 0.11519235615853954 0.14019442245396269 0.11316899161946385
0.08496090617249544 0.11019908753467614 0.12356896957603823 0.13774885941834517 0.10678838531561989 0.17800549951010733 0.09342966117070368 0.1652986313020142
0.07854566216506755 0.11144822817042095 0.1070850971210205 0.1393102852130262 0.09884073091815873 0.20310893896870905 0.0944887151879656 0.16717234225563143
0.08995947794639614 0.1295951774319127 0.120067528527071 0.16199397178989086 0.08465439240021519 0.18552924816571134 0.082405629127901 0.14579457461090176
0.08161090109421043 0.10900212639079679 0.10577051291171459 0.13080255166895616 0.10177334799251007 0.20943545660389962 0.09810191375171712 0.16350318958619517
0.07746851017878639 0.11069773466246667 0.10235728681266129 0.13837216832808333 0.09713487829647685 0.21407039251399504 0.09385242721383044 0.1660466019937
0.10360106780421889 0.06824211908631708 0.21946721977518588 0.13648423817263416 0.09748893374591157 0.09971086688878267 0.1521697401715787 0.12283581435537075
0.10549694461187023 0.0652672488271777 0.26616670698100275 0.1305344976543554 0.09353462855152239 0.0759827019809674 0.1455362235041843 0.11748104788891986
0.08299729986398835 0.11185522723979698 0.14142754669590538 0.13981903404974624 0.09680107823190555 0.16448319344261225 0.09483377961634963 0.16778284085969547
0.10541648560706741 0.06753858480498273 0.24192902784527112 0.13507716960996546 0.095765882091636 0.08697728689754773 0.14953597938099553 0.11775958376253401
0.08301008314599131 0.11199942111226692 0.13569325338522656 0.13999927639033363 0.09740245938650612 0.16894034396826613 0.09495603094300892 0.16799913166840036
0.1056241623911831 0.06767264269274156 0.2395439816310961 0.13534528538548313 0.09608173523841237 0.08790607237446632 0.14983279456593981 0.11799332572067761
0.08305038654364058 0.11200927152036852 0.13513099616619223 0.14001158940046066 0.09750568121490623 0.16931378549791443 0.09496438237596462 0.16801390728055277
0.10565260291650323 0.06768490803503939 0.23931118206482507 0.13536981607007878 0.09612129812879397 0.08798553029687889 0.14985995104217106 0.11801471144570971
0.08305613604298617 0.1120106929255744 0.13507653661019625 0.140013366156968 0.09751510931996399 0.16934653207557118 0.0949655874803783 0.16801603938836157
0.08046723226449075 0.1090996456111112 0.10934594797412024 0.13091957473333343 0.10496822031861838 0.20336022963165926 0.09818968105000007 0.16364946841666678
0.07732345355037172 0.11078429874394645 0.10326577037628541 0.13848037342993308 0.098145876826029 0.2118979604572122 0.09392581850030243 0.16617644811591967
0.07675003426291543 0.1108411566832891 0.10186436139476074 0.1385514458541114 0.0966566471323194 0.21510059550314264 0.09397402414452771 0.16626173502493363
0.10270409172967032 0.0755487981458653 0.21785687243955923 0.13517168876128594 0.09686384469678747 0.09949383881230053 0.150706345529374 0.12165451988515733
0.10490284923442751 0.0701333592703524 0.2648306561782747 0.12979030377253956 0.09315816602535966 0.07566688926094405 0.14470650286281647 0.11681127339528559
0.08230968701084104 0.1192179376944229 0.1403814757042407 0.13856311404552651 0.09613098150042443 0.16313912896772945 0.09398193822218319 0.16627573685463176
0.07741051837810113 0.12414868885283072 0.11010510828955229 0.1377625833971487 0.0959319428188645 0.1958870885784233 0.09343896960850084 0.16531510007657843
0.11603151845822672 0.08630368840901556 0.1564313234005578 0.09532828245656559 0.1454271345967176 0.14437221921351662 0.1417118945175214 0.1143939389478787
0.08302536700561582 0.11894165959343264 0.11317998802660806 0.13591124672772778 0.10619303762552373 0.18747192455857717 0.09218328038924145 0.1630934960732733
0.1037583980540897 0.07575670974513886 0.22238966094358917 0.13449369671934647 0.09852273947495398 0.09408403301643746 0.14995043499903254 0.12104432704741183
0.08212626677884081 0.12005235660685662 0.13033514827686637 0.13882092182711697 0.09738302999083111 0.17054037117464227 0.09415679915230542 0.16658510619254036
0.10317592418078966 0.07559256034846816 0.2299760339894341 0.13411249526619903 0.0962233971517489 0.09069291949713819 0.14952542382664283 0.12070124573957915
0.10458544396177119 0.06983033183405646 0.2695489336804544 0.12921224678290338 0.09264123449522078 0.07382877468302734 0.14406201245795347 0.11629102210461305
0.10339609702617535 0.06834392211754863 0.2846043325495915 0.12712608394226094 0.09052556977365651 0.06985442246830095 0.1417360965744312 0.11441347554803483
0.1200713883313814 0.07942721164072072 0.21242313978369604 0.09245924075252844 0.1398422058781752 0.10737885338282488 0.13744687132763928 0.11095108890303411
0.14237385432636251 0.0914939762508528 0.21460635892511368 0.1052199612142007 0.1337820522458387 0.1005134274269287 0.11731240451792228 0.09469796509278063
0.08815523699146267 0.11956664649232408 0.12716822636833414 0.13577807029643754 0.10384612020781307 0.17045906326075438 0.09209295202714896 0.16293368435572506
0.10454264219984112 0.07545109901028718 0.228224860069173 0.13387207272671833 0.09754943135656378 0.09061765854626773 0.14925737063710237 0.1204848654540465
0.10494466261445422 0.0698351127727566 0.268799499833827 0.12923615745420283 0.09294901524188222 0.07383433930202082 0.14408867107207388 0.11631254170878254
0.10350763108259968 0.06835773449452774 0.2843053445877005 0.12715132135121135 0.09060852036440911 0.06986902450143899 0.14176423440202218 0.11443618921609021
0.1025962860745268 0.06784690055658774 0.29017683014136325 0.12636465094214855 0.0896061648479948 0.06879382598678119 0.1408871556026641 0.11372818584793368
0.08178192789741048 0.11870096140959363 0.14628114818108506 0.138236574744581 0.09520744253804886 0.16014759614380736 0.09376045939197668 0.16588388969349718
0.07733162505828438 0.12410553303581008 0.11148660946991389 0.1377741021408061 0.09575874719379177 0.19476767821083624 0.09344678232159023 0.1653289225689673
0.10263999002758278 0.07635055639396882 0.2221162080879357 0.13494019994731712 0.09646305765851104 0.09559555515501583 0.1504482527770834 0.1214461799525854
0.10476231934319412 0.07009402188768445 0.2665175518620046 0.12961363475164 0.0929602300290162 0.07489044076121587 0.14450953008876874 0.116652271276476
0.10355694481826855 0.06844205534454954 0.2834535848661096 0.12727947843428544 0.09069491761953082 0.07011436834071076 0.1419071199856884 0.1145515305908569
0.12014704038148463 0.07945313247226105 0.21206057222802097 0.09248144901903275 0.13992965089203904 0.10747053077692431 0.13747988540739794 0.1109777388228393
0.10796628895989592 0.06937057917788418 0.2601594695758046 0.12764108358938286 0.10145249498038517 0.07622282573804007 0.14231028274816268 0.11487697523044457
0.10435491300803566 0.0683909715189664 0.2806950848835263 0.12725538637780318 0.09253265458565968 0.07036088274536048 0.14188025914062533 0.11452984774002285
0.10289838190025978 0.06791824293356483 0.2887599587708194 0.12649435186593555 0.09010533858363326 0.06894704681293214 0.1410317624535132 0.11384491667934198
0.10228738235033256 0.06769722912092757 0.2918536269855664 0.12613428123663112 0.08935500140944282 0.06852131521135026 0.14063031057278125 0.11352085311296799
0.10203729618559873 0.06760630281507347 0.2930315488976753 0.12598894550817383 0.08910237333387026 0.06837521022075065 0.14046827208150126 0.11339005095735644
0.09371570788465693 0.13615228227545267 0.1686300781773743 0.1585931662430311 0.08183339046251198 0.13766587120592058 0.08067565413232453 0.14273384961872798
0.08335543432800596 0.10979054729424412 0.1177180741212021 0.13174865675309294 0.10187842749479022 0.19201154650247887 0.09881149256481972 0.16468582094136616
0.07712382726131532 0.12223935071641356 0.10427003801249604 0.13680773833734217 0.0966180190415711 0.2059804050581149 0.09279133556793644 0.1641692860048106
0.13429675365843938 0.09976323451395465 0.17883164989639347 0.11037398822553468 0.1265333381799459 0.12780568611607251 0.1230587600066782 0.09933658940298119
0.14775511720668233 0.0939488417359113 0.20243937172842555 0.10589434622199805 0.13075125695550152 0.10584186107730612 0.11806429347437693 0.09530491159979824
0.08915932779576577 0.1198835195634797 0.12428445299717769 0.13582180744467348 0.10315881346604466 0.17258329257590688 0.09212261722334376 0.16298616893360818
0.10488491184436359 0.07554311204091219 0.22701485584813894 0.13399701289326035 0.09748857673784846 0.09107754943263849 0.1493966695989037 0.12059731160393432
0.1050699671891686 0.06987182239902728 0.2683259971148743 0.1292938261329836 0.09297655063418611 0.0739444256647932 0.14415296734528169 0.11636444351968522
0.10355458503898353 0.06837198047705156 0.28412346480285977 0.12717375383575522 0.09063124165384254 0.06989935079110506 0.14178924494822256 0.11445637845217968
0.1201306609090818 0.0794346538906836 0.21226801403183368 0.09246557976299011 0.13988874157437559 0.10739735942300203 0.137456294692445 0.11095869571558814
0.10795513774504477 0.06936399465053457 0.2602416604997035 0.12763106213551342 0.10143650589117499 0.07620457358109868 0.14229910957496794 0.1148679559219621
0.12153910637880598 0.07965393814686803 0.20435651816471115 0.09263329898332603 0.14369117684314217 0.10926038212495728 0.1377056205781981 0.11115995877999123
0.0843492225681892 0.11844543516711563 0.1248303055116942 0.13618673024139677 0.10619791794061813 0.17419618220453653 0.09237013007677347 0.16342407628967612
0.11749292598493093 0.08547175680945654 0.16093882091981046 0.09488441404834852 0.14828185308775146 0.13801687797503448 0.14105205431664944 0.11386129685801823
0.14311046174290945 0.09313838702766541 0.19624767649668476 0.10650711134974795 0.13765557834738032 0.10873690395776182 0.11874748086307718 0.09585640021477314
0.11370746794756678 0.07039768684096144 0.2531069270756456 0.12772027210242315 0.10114883175113155 0.07657199735947863 0.14239857203061207 0.11494824489218083
0.08390083061561615 0.11909636310507445 0.13757344240335204 0.1383625582652734 0.09785229664433204 0.16333352996375133 0.09384590908427241 0.1660350699183281
0.1033371973874888 0.07531616069782919 0.2329071942128547 0.13373150038713405 0.09607121958693696 0.08917773441039678 0.149100642968939 0.12035835034842064
0.10451635011811765 0.06972878741689434 0.27067089820884266 0.1290547554122236 0.09250856778555495 0.07348493985463257 0.14388642133273288 0.11614927987100125
0.12070064834090083 0.07977776005554134 0.20806091004300936 0.09275432806709402 0.14087233236465901 0.10864328900824426 0.13788553844003829 0.11130519368051284
0.142702758580378 0.09161398533048688 0.2130482901047093 0.10532490679951757 0.13419493804468755 0.10089329400686431 0.11742941101379048 0.0947924161195658
0.11297757417185397 0.06987432256472635 0.2598192972838479 0.1269435493702634 0.09983577145851469 0.07476770656891973 0.14153258414863693 0.11424919443323703
0.1054959590099897 0.0683883365289756 0.2804505787145868 0.1271801933153495 0.09214829294924397 0.07007804101062785 0.14179642448741206 0.11446217398381457
0.10316516329656246 0.06791571093788759 0.28864461383633533 0.12648921983215358 0.09002200081857548 0.06889695281071358 0.14102604061883392 0.11384029784893823
0.08189705859366568 0.1187232279533987 0.1459297571220294 0.13825436572525673 0.09531265907912898 0.16020516633821233 0.09377252631800022 0.16590523887030806
0.1025966958045455 0.07510480756935814 0.23641852177155015 0.13340008573549564 0.09528021579490636 0.08840845579739917 0.14873114036479884 0.12006007716194607
0.08192520761476145 0.11996250940590368 0.13365713324844364 0.13879209694995928 0.09666927805143653 0.16830601002348505 0.09413724836605934 0.16655051633995113
0.10302747672035185 0.07550852808699718 0.23136832677638505 0.13397373111056374 0.09597091696558675 0.09020395019196459 0.14937071214864342 0.12057635799950735
0.10450723154423135 0.06978870958303038 0.27009086279819594 0.12914411354771152 0.09254499211501432 0.07370833923359178 0.14398604898528433 0.11622970219294038
0.10336470569532591 0.06832631540726146 0.28480977419259773 0.12709771211189783 0.09048956885677124 0.06981951873456066 0.1417044641008771 0.11438794090070802
0.10254631482105066 0.06783251904756545 0.2903699989483601 0.12634121478304222 0.08956832971629462 0.06877350334472136 0.14086102603422765 0.113707093304738
0.10215226934651203 0.06765416870703062 0.2924715246047671 0.12606325061683843 0.08919530695151368 0.06845543748567864 0.1405511167325049 0.11345692555515456
0.08168511427573365 0.11864970522721131 0.14680824929056654 0.1382000031787029 0.09510022428221748 0.1599810456012219 0.09373565432990283 0.16584000381444344
0.07731374678388638 0.12409802039258483 0.11160751742552218 0.13777158748263146 0.09573563317171553 0.1947025130371519 0.09344507672735003 0.16532590497915772
0.1343125301409896 0.09991363175218096 0.18171581493598615 0.11036634389950628 0.12622794884379057 0.12508378376436227 0.12305023715362864 0.09932970950955565
0.14769330422178115 0.09392062999775094 0.203495903319044 0.10584714343997526 0.1306050830732257 0.10516384095722815 0.1180116658950172 0.09526242909597774
0.11453641563463474 0.07027271000578017 0.25599855747413613 0.12738737393174343 0.09937188567697754 0.07575700532470767 0.14202741541345126 0.11464863653856909
0.10600231439249809 0.06851224731076927 0.2789759131373261 0.1273650421596881 0.0921710791220246 0.07034234877981482 0.1420025171541597 0.11462853794371929
0.08247071349667737 0.11887636554157721 0.1436949948803958 0.1383604006643219 0.09584742085347266 0.16087317809839394 0.09384444566797485 0.16603248079718627
0.13513859190070032 0.09880755206960652 0.19346517963149484 0.10967383629146057 0.12548521672776333 0.11644502786633006 0.12227814285032991 0.0987064526623145
0.10018446248546146 0.13920419656079652 0.14097174221394904 0.15703588039473287 0.08829003889922017 0.1530979174984771 0.07988346959210324 0.14133229235525957
0.11030607454236308 0.06747171768320391 0.24147645071091198 0.13494343536640782 0.09382520396294923 0.08494619272338862 0.1493879300759582 0.11764299493481709
0.0833812607112195 0.11903685402885947 0.13490771711128755 0.13875308529108168 0.09635661487973193 0.16694997734413597 0.09411078828438584 0.166503702349298
0.07757480649961099 0.1240693061922143 0.10879513741197945 0.13769992591822197 0.09594873100389398 0.19727571037985372 0.09339647149235926 0.16523991110186637
0.10278085634608601 0.0764071635369487 0.22096328783328192 0.13504342802345115 0.09658157832135153 0.09612125633938949 0.15056334437838503 0.12153908522110601
0.10483730067675141 0.07012646280612767 0.2660650110739614 0.1296676098855834 0.09302240410776685 0.07501065421766379 0.14456970833512056 0.11670084889702503
0.12089041030502053 0.07988713275521163 0.20661582728409758 0.09284961572382923 0.14116377297167454 0.10914651214987908 0.1380271899416924 0.11141953886859508
0.10834026421635523 0.06953392557517668 0.2579844592335745 0.12789211804315734 0.10190173765645251 0.07665442160623548 0.14259016743020675 0.11510290623884159
0.1045210891798445 0.06845667593917389 0.27985618547723495 0.12735961109289134 0.09269782970246383 0.07048849670480455 0.1419964619199848 0.1146236499836022
0.10296745577017392 0.06794376835349052 0.28843983957643765 0.1265346806551516 0.09016705759819287 0.06898925941303885 0.14107672604387797 0.11388121258963645
0.1023151634470886 0.06770692319162971 0.2917317873088006 0.12614953331295023 0.08937847983697363 0.06853621742123968 0.1406473154996624 0.11353457998165518
0.08172004812973933 0.11866447519114379 0.1466385192227617 0.1382108964282481 0.09514706614480532 0.16002287637459212 0.09374304279481176 0.1658530757138977
0.07732041784345724 0.1241002969746296 0.11156869679833883 0.13777242162657607 0.09574650912014636 0.19471910919041335 0.09344564249454725 0.16532690595189126
0.07609525464261045 0.12406450926331684 0.10294123701397495 0.13704354833347168 0.09535433067469007 0.20709758581080637 0.09295127626096342 0.164452258000166
0.11567655124456587 0.08629581211684942 0.15395001199156255 0.09531819580865446 0.14525408341419202 0.14742661041585037 0.14169690003794005 0.11438183497038536
0.14280399629577326 0.09340716841810646 0.19381815768776478 0.10673419364547694 0.13704394910638795 0.1111310998891863 0.11900066067637503 0.09606077428092924
0.11373604200410782 0.07048500379682637 0.2521542616021067 0.12784830055150054 0.10110828407349176 0.07706332327864472 0.1425413141969715 0.11506347049635049
0.10595706657607647 0.06862743570652757 0.27750571223337867 0.12755716651148363 0.09266858439402377 0.07066586324940112 0.14221672146877354 0.11480144986033526
0.08246833901477944 0.11890396916786915 0.14335303081147147 0.13837883756226807 0.09596753069411242 0.16101673698036992 0.0938569506944079 0.16605460507472164
0.10281906547510054 0.07517943973366813 0.23534801582791642 0.1335124984628104 0.09550137815450109 0.08862188156272875 0.14885647216674533 0.12016124861652938
0.10431016726914387 0.06966084145438046 0.27162953279506763 0.1289437779380376 0.09231353643834077 0.07333005422987923 0.14376268973091655 0.11604940014423384
0.10326204418036344 0.06827744484215297 0.28539547758115813 0.1270207961785607 0.09039107210407912 0.06971573997777976 0.14161870857520126 0.11431871656070464
0.12002484907000598 0.07940770451891989 0.21267002140192842 0.09244174780941576 0.1397802954720711 0.10732441746355681 0.13742086689280314 0.1109300973712989
0.12392266114442933 0.07963952942617084 0.1868923666104714 0.09158857963158801 0.15525557068214318 0.11664242185316978 0.13615257509412185 0.10990629555790558
0.10957399318616373 0.06981260350655075 0.2496683331422427 0.12841783220064526 0.1054505010883015 0.07832438841210936 0.143176299483406 0.11557604898058073
0.08311826978520269 0.11903022115114109 0.13673950723911613 0.13837315086622928 0.09881391691969106 0.16402405936813702 0.09385309363100768 0.1660477810394751
0.10257600097649598 0.08121515866491512 0.23146665236811756 0.13267749058835437 0.09578457216301167 0.08894488300883903 0.1479255007007473 0.11940974152951894
0.10399900864457537 0.07406657029553787 0.2694910632056044 0.12839746925674972 0.09214101943703484 0.07319355050883794 0.14315359632058514 0.11555772233107474
0.10291522608846473 0.0721510107445371 0.2840562887581368 0.12646979696607294 0.09010138623002664 0.06947908837067454 0.14100438557262163 0.11382281726946564
0.08139642236531044 0.1249463659109505 0.14425575338515373 0.13728055910581494 0.09478881969691404 0.15948337721536912 0.09311203139350926 0.1647366709269779
0.13368918776315164 0.10725446174302465 0.19235088202665926 0.10851500774965839 0.12419194219995933 0.11534887603689188 0.12098613550596239 0.09766350697469255
0.08583596713436292 0.13003075681855175 0.12100233885940893 0.13456066866040411 0.10087271102904058 0.17495751897086395 0.09126723613488279 0.1614728023924849
0.13535749149193835 0.10827835867957823 0.18336731312324994 0.10866017430753559 0.12618429877046555 0.11921022136578002 0.12114798538467028 0.09779415687678203
0.08610945378158906 0.13019130670946638 0.11884771450726939 0.1345130943114273 0.10127495842017352 0.17641279078078492 0.09123496831557677 0.16141571317371273
0.13548592544420027 0.1083368981467698 0.182553664675464 0.1086918343009656 0.1263386629388465 0.11958707970822607 0.12118328391465866 0.09782265087086903
0.08613034477810066 0.13019952986024055 0.11865309568817774 0.13451002609736218 0.10130598577523192 0.1765560992180153 0.09123288726603697 0.1614120313168346
0.1167547580473002 0.09844389547867081 0.15731622290812008 0.09349713293366564 0.1452001543012355 0.1376015090465328 0.1389897677640761 0.11219655952039878
0.14163483622415315 0.10460803159407997 0.19329440680596524 0.10515448896601544 0.1356768851276611 0.10775290336552691 0.11723940784718437 0.09463904006941389
0.11271664852372847 0.07969877165661 0.25056079637185413 0.12636469092679178 0.10014088626534916 0.07590278423899655 0.1408872001825574 0.11372822183411259
0.12220073716495616 0.08779157051238431 0.20039569297551105 0.09185560929212962 0.14246803046851747 0.1085120958166009 0.13654953261934494 0.11022673115055552
0.14210113158592397 0.10144778336744338 0.20874629395275013 0.10412703937011679 0.1336984856447912 0.10007105242276908 0.11609387822310037 0.0937143354331051
0.10006763528214467 0.1539272205273319 0.14307122593533222 0.15345114471800667 0.08842807377729989 0.14488873937451882 0.07805993013915992 0.138106030246206
0.11029616561334943 0.06751637632061651 0.2425257880947018 0.13503275264123302 0.09387503176606173 0.08354621631630658 0.14948680797075856 0.11772086127697237
0.1221629522554243 0.08611656756668915 0.19840002468772014 0.09249809303549403 0.14114766301774792 0.11117235993858228 0.13750462785574932 0.11099771164259283
0.10827457867645951 0.0770472221517306 0.25352030555727495 0.12698216638458026 0.10159010135997183 0.07672603688612709 0.1415756392377335 0.11428394974612223
0.08203990903759527 0.12978901719547425 0.13658305884676986 0.1365485018276402 0.09694426965688699 0.1616215356550223 0.09261550558744291 0.16385820219316824
0.1156566838730768 0.09839985068726771 0.1636181581473229 0.0935749946810249 0.14378465507144889 0.133570149441583 0.139105514481046 0.11228999361722988
0.08203490510329306 0.13311499480690941 0.11370018680405006 0.13382489648960347 0.10472314968135978 0.18124380066474652 0.09076819066251364 0.16058987578752412
0.10220944124879469 0.09010506571053581 0.22015005182032302 0.1321145644161923 0.09706063268789368 0.09215925611348505 0.14729788002820246 0.11890310797457307
0.09270117619341309 0.15604016680472807 0.14745653269155484 0.15659218029583657 0.08243842331957535 0.14418079714771373 0.07965776128092555 0.1409329622662529
0.08352438724389682 0.11009147321947588 0.1130028718499149 0.13210976786337103 0.10220349829397055 0.19484846580262888 0.09908232589752827 0.1651372098292138
0.07573151198120497 0.1390548582490953 0.1014036972064209 0.13369939927621777 0.09497737482097103 0.20401080852119405 0.09068307081343466 0.16043927913146128
0.07384060535921483 0.14661682502426351 0.09814864091610084 0.13278045963151824 0.09281739223038224 0.2063997352697556 0.0900597900109428 0.15933655155782186
0.1007243007711288 0.09305869787308846 0.21359734860716947 0.13282492471998142 0.09491979507059396 0.0972426219550901 0.14808987875496438 0.11954243224798329
0.10374807327213754 0.08047236750827165 0.2617638342863823 0.12840541625157426 0.09211744080181426 0.07476553662664809 0.14316245662675517 0.11556487462641683
0.08106364330162497 0.13306558909653074 0.1383267913871608 0.13629863069552525 0.09466214298798832 0.16057881792044412 0.0924460277760954 0.1635583568346303
0.13250660837015693 0.11705714229742076 0.18868829768288875 0.1073580331217388 0.12319792399862756 0.11487356958238 0.11969619513722222 0.09662222980956493
0.1265087424338551 0.09603927920684414 0.17770240257954303 0.09039968422867874 0.14869821950281042 0.11778684874734077 0.13438520222651346 0.10847962107441449
0.08391201929758726 0.13524001314000972 0.11684927831591185 0.1332877527379303 0.10567071848593179 0.17469104766269045 0.0904038670744223 0.15994530328551637
0.10252999575520011 0.09036360700694472 0.22140645321462762 0.1319134912361059 0.09713638552986213 0.09085422670689704 0.14707369843786733 0.11872214211249532
0.10386844375005823 0.07975672987800758 0.2647684203582824 0.12798424404086564 0.09231717456582243 0.07342628672760772 0.14269288104257705 0.11518581963677908
0.10265181204954414 0.07673373900657202 0.28164021053221494 0.12594772616121397 0.0899204832986826 0.06933075982096806 0.1404223155857117 0.11335295354509256
0.13559891393992513 0.10094120700450238 0.23993629038496098 0.10421476884673746 0.11843168928394693 0.09089214853530708 0.11619169004255653 0.0937932919620637
0.10956928199746319 0.07978156595960023 0.2693052241155387 0.12426561218914585 0.09489795993979436 0.07179442079047733 0.13854688403774917 0.11183905097023127
0.10363499219169121 0.07644258941369662 0.28302741920821084 0.12536662609414864 0.09014033884973197 0.06878363838117638 0.13977443237661052 0.11282996348473379
0.11917238383408277 0.08844863719457222 0.21090063847305007 0.09136664320525159 0.13853419752236032 0.10611487623418635 0.1358226516901949 0.1096399718463019
0.10695440479266848 0.07862446361652031 0.25829977702960977 0.1261186458989548 0.10047544345154236 0.07540760556355648 0.1406128783380884 0.11350678130905931
0.1373662392560915 0.10168150413226036 0.2314344795374328 0.10453573656159339 0.12178868531507539 0.09256164720030628 0.11654954509180633 0.09408216290543403
0.11026728790513456 0.08011196170489449 0.26586313048804533 0.12458937712512995 0.09586270638572074 0.07226723919864889 0.13890785777980905 0.11213043941261695
0.1039150626694447 0.07658609412031497 0.28168420815038114 0.12551714724668303 0.09044682383103718 0.0689429792313596 0.13994225222876452 0.11296543252201474
0.10203002396154355 0.07570218091837004 0.28806815980051753 0.12508258637823017 0.08896292120359753 0.06812205070697896 0.13945774929035512 0.11257432774040715
0.08068219754466292 0.13150993634379565 0.14451168057469216 0.13606908449044777 0.09387474585421615 0.15777911823621407 0.09229033556743414 0.1632829013885373
0.10093081668712392 0.09029407604163381 0.23328120176341466 0.13088930047864974 0.09376000287194125 0.08711242955100214 0.1459318021754498 0.11780037043078477
0.10300473881019766 0.08024034059888509 0.2693504573208123 0.12730439845447086 0.09115993295332296 0.07243126930479528 0.14193490394849212 0.11457395860902377
0.10221067081985057 0.07739933683717791 0.28329707980759017 0.125588544935329 0.08946221322926685 0.06899060860557044 0.14002185532341904 0.11302969044179612
0.0923318211631794 0.15248311957615435 0.16405820477861782 0.15561967664919923 0.08063300548820901 0.1356534104562031 0.07916305290415787 0.1400577089842793
0.07734614740921386 0.15402021988799083 0.11320317088320724 0.13342869587433695 0.09022861112816702 0.1811592564791991 0.09049946328868072 0.1601144350492043
0.11401579777512082 0.10771221763367109 0.15510871084638483 0.09312552648378414 0.1411609174607467 0.13868884820206634 0.13843734981768507 0.11175063178054097
0.10758006233456208 0.0845429461749444 0.2353817418639483 0.1283926007102129 0.10283314573154942 0.08256799429107048 0.14314816825452095 0.11555334063919162
0.10433121736350194 0.07897172586680741 0.2698082633429821 0.1268895231555981 0.09287608714982593 0.07145026333015396 0.1414723489510922 0.11420057084003829
0.1024763020550613 0.07712953347216177 0.28340883044949233 0.12551354602749057 0.08978466600213915 0.06878669343080077 0.1399382371381126 0.11296219142474151
0.1187771256665748 0.08938545182551388 0.2109596317927921 0.09128097543834754 0.13832460233087718 0.10603974161899077 0.1356953008008868 0.10953717052601705
0.1403513932731638 0.1046217988442589 0.21210874479016598 0.1034791590658788 0.13191485703378109 0.09902126380030907 0.11537154003315143 0.0931312431592909
0.11143864720403142 0.08196182773844864 0.2576726186561093 0.12497561900644355 0.09845387799851879 0.07368086363719642 0.13933848865345272 0.11247805710579921
