0.125 0.125 0.125 0.125 0.125 0.125 0.125 0.125
0.099626400996264 0.07845579078455792 0.199252801992528 0.15691158156911583 0.08685378548392246 0.06839735606858895 0.17370757096784492 0.1367947121371779
0.0745303753200788 0.12421729220013136 0.1056354961590544 0.1490607506401576 0.0931629691500985 0.15527161525016417 0.11179556298011822 0.186325938300197
0.09252272085186682 0.15420453475311138 0.09132283157848368 0.13878408127780023 0.11565340106483352 0.22015392074887402 0.10408806095835017 0.08327044876668013
0.07295173961840629 0.12906846240179573 0.09118967452300786 0.16133557800224466 0.08754208754208755 0.15488215488215487 0.10942760942760943 0.19360269360269358
0.0963574885058669 0.07588152219837019 0.20898899894485318 0.15176304439674038 0.08400396433844806 0.08269080910576948 0.16800792867689612 0.1323062438330557
0.07196994484796289 0.11994990807993818 0.11600166743859149 0.14393988969592578 0.08996243105995361 0.1702963794857766 0.10795491727194435 0.17992486211990721
0.07058184915044108 0.11763641525073514 0.10095928832307778 0.14116369830088216 0.08822731143805133 0.19910404093504816 0.10587277372566162 0.17645462287610267
0.08666869140995263 0.14444781901658774 0.09116368687008398 0.13000303711492894 0.1083358642624408 0.2638768012208518 0.09750227783619672 0.07800182226895738
0.06896481605098637 0.113208426189815 0.05578386218048855 0.09869452539624897 0.12797474264935607 0.22641685237963 0.1115677243609771 0.19738905079249794
0.10112267440624403 0.07676368940112421 0.19019063344159132 0.15352737880224843 0.08558578504871608 0.08346362788062026 0.17117157009743217 0.13817464092202358
0.07147302522675975 0.11912170871126622 0.11266005610971105 0.1429460504535195 0.08934128153344965 0.17856577705825505 0.1072095378401396 0.1786825630668993
0.06922793832215673 0.11537989720359457 0.0988655512636442 0.13845587664431347 0.09401936666718057 0.20713961661048347 0.1038419074832351 0.17306984580539184
0.10247749006286477 0.08070102342450601 0.1437963593528922 0.09684122810940722 0.14872462584687732 0.15269150297239634 0.1537162350942972 0.12105153513675902
0.07674735167210273 0.12396762457363089 0.09930024706311831 0.15495953071703863 0.0840823888412453 0.16988843422086117 0.10510298605155663 0.18595143686044632
0.09244208801249153 0.07279814430983708 0.21604922334230506 0.14559628861967416 0.09503930731088736 0.0899637740992062 0.1611810765346006 0.12693009777099798
0.06903270943971104 0.11505451573285175 0.12157764840486218 0.13806541887942209 0.10404181086953071 0.17609705891477814 0.10354906415956656 0.1725817735992776
0.06778676528090916 0.1129779421348486 0.10289353859141559 0.1355735305618183 0.1059395559235893 0.20368160638378235 0.10168014792136373 0.1694669132022729
0.08807354868788164 0.146497596978535 0.07916173954408234 0.12771585377615877 0.10924800705923872 0.2094195633832315 0.08662466603948157 0.1532590245313905
0.09103648988953729 0.07169123578801062 0.2135397550378829 0.14338247157602124 0.10118337650502048 0.0954362777144696 0.1587302900638086 0.12500010342524928
0.06829468073139205 0.11382446788565344 0.12431486524891333 0.1365893614627841 0.10719919224547504 0.17659870950021384 0.1024420210970881 0.17073670182848016
0.06734022596188899 0.11223370993648164 0.10516388254796064 0.13468045192377798 0.10701752721502696 0.20420329856730782 0.10101033894283348 0.16835056490472244
0.08123182827208586 0.1508945070667033 0.092073607317916 0.12184774240812879 0.12952639601423432 0.2599314666699579 0.0913858068060966 0.07310864544487727
0.08531994827066591 0.13992118374004084 0.07510686361157583 0.1219825704400356 0.1068315244446603 0.24172282066651996 0.08273600429845893 0.14637908452804269
0.09847663331546758 0.0733871426387385 0.19514234559822563 0.146774285277477 0.09034540484843519 0.10013495679241156 0.16364237477951538 0.1320968567497293
0.08755636537847838 0.07403145836182468 0.2580405837959646 0.13790127547110348 0.09380476709022402 0.07578154447281389 0.15266238065991103 0.12022162476967996
0.09800107939268285 0.08300469595453168 0.19572504550963585 0.0926110200260853 0.15208479405343758 0.1158079709419959 0.1470016190890243 0.11576377503260663
0.08770134708456731 0.14155539448632043 0.09309434822224408 0.12340726698807424 0.11033543591534717 0.2121151666997596 0.08370232021799817 0.14808872038568907
0.07150427973445808 0.11641551672778881 0.09544211867531004 0.14551939590973603 0.09396987245592452 0.2038254293967565 0.09870011200834271 0.1746232750916832
0.09513107501831056 0.07812860981720256 0.2210289422369424 0.1396008071318181 0.09605172191895603 0.09381174404978652 0.15454383207103997 0.12170326775594399
0.07335390114907706 0.12030785939371759 0.12707677986747895 0.13362430253299357 0.1043497719932963 0.17403877999744935 0.10021822689974519 0.16703037816624194
0.07002540819022128 0.13211559423224858 0.10464975898933918 0.13010383503062328 0.10363199495847464 0.19926573853784652 0.09757787627296746 0.16262979378827908
0.05870349789138209 0.11311524279570866 0.06308142549437766 0.08204741090964096 0.13931183130351435 0.28118887669452525 0.09845689309156914 0.16409482181928192
0.06733738846397753 0.1253613680256915 0.08831455363492177 0.14052289159016035 0.095093663495824 0.21943148623747158 0.09531117864376094 0.1686274699081924
0.10403735045701115 0.09399704562024662 0.144280081565078 0.09186450577876983 0.15250076739538881 0.15267294112072616 0.14581667583931718 0.11483063222346226
0.07170351557286986 0.1256952604947331 0.10171426187413855 0.14348798083718545 0.098773150033217 0.1891179715284467 0.09732228265478667 0.17218557700462253
0.06987301468220139 0.13305161109838523 0.09924131306935376 0.1300564667234408 0.1029153666291384 0.2047492943505988 0.09754235004258062 0.16257058340430103
0.0691873539574754 0.13353767666012187 0.09803387537398793 0.12894347410304127 0.10318210637357446 0.20922856532571663 0.09670760557728095 0.16117934262880157
0.06852361481410425 0.13929565565577182 0.09703384118841464 0.1277133465346749 0.1024601841842874 0.20954666455339718 0.09578500990100618 0.1596416831683436
0.10300000957788899 0.10002518412134302 0.1456618418703299 0.09075767546311622 0.1539020206010903 0.14914637171492962 0.1440598023224067 0.11344709432889526
0.061521177261427785 0.10854818422228518 0.06105603168750225 0.08592646778054552 0.14169052423645428 0.27227041132485974 0.09713426792583407 0.17185293556109105
0.0930625590690139 0.07854084095137528 0.19421024446254917 0.14130252029774584 0.09878365488244048 0.10938614690111859 0.15754176516778529 0.1271722682679713
0.07229739892767847 0.1295086705257857 0.1201829112096928 0.13183618527343413 0.10445854331479902 0.1780439202017416 0.09887713895507559 0.16479523159179266
0.10840805056649713 0.09794979980935854 0.1523614158169158 0.09037117128128962 0.15404559295741208 0.1404537018458204 0.14344630362109462 0.11296396410161201
0.06174457116071625 0.10818957120687372 0.06497661937960846 0.08573908420342528 0.14167259274560695 0.26927694988435114 0.09692244301256771 0.17147816840685057
0.09248052191038594 0.0780205911756645 0.19942466985390375 0.14035193698130488 0.09820313021194634 0.10872047087461309 0.1564819357090071 0.12631674328317438
0.09855698574283667 0.07828458999204821 0.2593807403858877 0.1327494627489462 0.09324942468920268 0.07508938338231744 0.14695911220070557 0.11573030085805565
0.06741889271245495 0.1123255174879813 0.08792839362681815 0.08554743622565485 0.14347571649769084 0.22955224752730435 0.10265692347078581 0.1710948724513097
0.07933633467881054 0.14643840268831368 0.0788355622398648 0.11441883359757185 0.11196075476916936 0.25410169413865635 0.077605817570527 0.13730260031708624
0.0676316273129194 0.12733752010653177 0.093533349724416 0.1382173303066369 0.09014977369818158 0.2235221958405876 0.09374740664276243 0.16586079636796427
0.09739032282530456 0.08832908131221014 0.21766783980607746 0.13634327020280992 0.094289028850697 0.09617948845342528 0.15093760478292345 0.11886336376655222
0.06677451624607007 0.11364677301396736 0.08144919961084106 0.08493301396462134 0.14266045190711402 0.2387504005705979 0.1019196167575456 0.16986602792924269
0.06682256127113462 0.1236155008183589 0.09409838560358519 0.1381806526767039 0.09934292573372751 0.21840066104285488 0.09372252964159047 0.16581678321204465
0.06527012358730311 0.1246220734574609 0.14636924162096768 0.19363577722053 0.06456698080279695 0.13543871918794553 0.10128640654612339 0.16881067757687232
0.09050506581523148 0.1731105706926327 0.10169272425733981 0.12142460089208026 0.11886761271493686 0.23047621442347052 0.0910684506690602 0.07285476053524816
0.06781226098371507 0.12949629537021765 0.09740941859722153 0.136930390494459 0.09675799737640645 0.21440264285795288 0.09287452572667655 0.16431646859335078
0.12954078864676527 0.1179267350917396 0.17535171919146467 0.10876319134343469 0.1272299465766583 0.12596310294652707 0.12040532375015965 0.09481919245325075
0.08565147596865096 0.14992429456832185 0.0948077079182085 0.11642551125434297 0.11954467202453198 0.21496885625778656 0.07896686850294567 0.13971061350521158
0.06819577219786926 0.12806523169935985 0.09693431482338193 0.13847219259660415 0.09773276844734555 0.21051281935833935 0.09392026976117501 0.166166631115925
0.0998450082086487 0.0880962264287002 0.21864827245613863 0.1356857304752878 0.09548873460314362 0.09373622254894026 0.15020968127504386 0.11829012400409707
0.08015934014362547 0.13063433982523665 0.12537369412613508 0.13008611002469683 0.10283154708740729 0.17074274874350515 0.09756458251852262 0.162607637530871
0.0758013630045457 0.1388824136325184 0.10334609104129605 0.12769202391987175 0.10265263400237544 0.19624142655964907 0.09576901793990382 0.1596150298998397
0.07469290213591503 0.14010322495847047 0.0980641411032131 0.1268692021489003 0.10200365206456677 0.20452847329113372 0.09515190161167524 0.15858650268612537
0.07438358995719217 0.14014470293936074 0.09675996897497868 0.12660668559346572 0.10167168768299344 0.20721999366507773 0.0949550141950993 0.15825835699183213
0.09067538492211559 0.17096265590755813 0.08826779328446728 0.11581887067939421 0.12392988007163738 0.2539899397176453 0.08686415300954567 0.06949132240763653
0.07139818659404629 0.12781013580857656 0.09375399804002638 0.135109862850435 0.09674778597379488 0.22140846224882565 0.09163973306377332 0.162131835420522
0.07385246486335456 0.13700279104802074 0.09577866368558202 0.1265704557350375 0.10043854202320647 0.2132161711747237 0.09492784180127813 0.15821306966879686
0.07414826658753929 0.13917764529294302 0.09613513664912958 0.12640796713977515 0.10118001564071372 0.2101350344103491 0.09480597535483136 0.15800995892471892
0.09056592348253728 0.17054968039524615 0.08808307118632219 0.1157286331103379 0.12371004896087777 0.2551289881657226 0.08679647483275343 0.06943717986620274
0.08345730076277037 0.14937038878938472 0.07642104599264933 0.1101341996451341 0.11428925612889164 0.25946705108683094 0.07469971802017791 0.13216103957416092
0.10956564236497203 0.08876162027724227 0.14188783181948966 0.09579977619421243 0.14872314157751132 0.157889454707494 0.14241280162602327 0.11495973143305493
0.10007685414521612 0.07352836188711176 0.22954414985571922 0.1344528868547115 0.1046602352767149 0.08682497876580929 0.14990493504547683 0.12100759816924032
0.0969119810078307 0.07126514090007739 0.2649435315643475 0.13237935849959587 0.09412228871419553 0.07364317099387185 0.14759310567044492 0.11914142264963627
0.1112844749907286 0.08202994420208151 0.20320000237485006 0.0954198939792909 0.1416894112970919 0.11002431918174263 0.14184808119906528 0.11450387277514908
0.07907384743568602 0.12076386881463348 0.12253647366328957 0.13881349652223735 0.10403691434489835 0.1740474405340095 0.09415176285856099 0.1665761958266848
0.10115408989005378 0.08619274595278217 0.22893765674956623 0.13453187436361116 0.09598025793883938 0.0869868618141918 0.14893231512780722 0.11728419816314818
0.09962128777181807 0.1613504835802025 0.11868603822173604 0.12092407425865573 0.12763670466560198 0.2085339112528004 0.0906930556939918 0.07255444455519344
0.07563429676774167 0.12720365412752332 0.10201067918589615 0.13551153210664968 0.09897630907030319 0.20613752061113524 0.09191216960277108 0.1626138385279796
0.1345300855054913 0.1167937035984787 0.17616211067956267 0.10803290305872797 0.12714395119018884 0.12355785049684029 0.11959686459899879 0.09418253087171155
0.0821785823693143 0.12439019508132326 0.11640508971436908 0.13823640649891164 0.10072312072866826 0.17842257253119678 0.09376034527752268 0.16588368779869395
0.10347835579890685 0.086778391673534 0.22610409414850413 0.13447686378382956 0.09531241723296978 0.08774222098578872 0.1488714161546668 0.11723624022180014
0.10186547720668929 0.16117595855062522 0.11793747115121421 0.12059432128969455 0.12718329347911897 0.2084411445815701 0.09044574096727093 0.07235659277381673
0.07595577334446148 0.12717879354683728 0.10184881195651697 0.13550265106459877 0.09888457027160426 0.20612007259899556 0.091906145939467 0.16260318127751852
0.07582711843073671 0.13710054595733062 0.0976799864234825 0.1267551101767486 0.1010961467390813 0.20803087191912312 0.09506633263256145 0.15844388772093573
0.09224841836822344 0.16986388186885754 0.08835491275673349 0.1156321441917112 0.12363944934888443 0.2541577988067798 0.08672410814378341 0.06937928651502673
0.07388721800782534 0.1270096254236547 0.0946442545539991 0.13419531536115556 0.09729986190480823 0.22090991502673454 0.09101943128843594 0.16103437843338664
0.10222675752392586 0.08770732496675505 0.21702713870000065 0.13514694840782246 0.09515892053034351 0.09529926593186352 0.14961322737862315 0.11782041656066572
0.0819778465587859 0.1302787211634972 0.1248921760885246 0.12975014459581177 0.10258039035575116 0.1710204320460057 0.09731260844685884 0.16218768074476472
0.07698164835259234 0.14156886788442102 0.10283194555978172 0.1269444567273602 0.10215524739284279 0.19562892062828155 0.09520834254552017 0.15868057090920026
0.092308283308254 0.17539820910816403 0.08921136288940405 0.11534433392150262 0.12372283988035933 0.24830012009828742 0.08650825044112698 0.06920660035290158
0.11559179664364262 0.08943620858228953 0.14562745510902173 0.09399425077203925 0.14946571261475045 0.1533627085324794 0.13972876681933 0.11279310092644709
0.0807598335348484 0.12050662234523969 0.10923852871990515 0.13746276911890024 0.10530054174253525 0.18854076428046293 0.09323561731542798 0.16495532294268025
0.10315445344973975 0.088152834021415 0.22274604454800273 0.13435262350660923 0.09627591642434186 0.08945632280400859 0.14873387706063376 0.11712792818524909
0.10144266391637262 0.16389053914622204 0.11691014816280372 0.12010354137656411 0.12700927499050396 0.2085040515491718 0.0900776560324231 0.07206212482593848
0.09073590615918375 0.14940061780092415 0.08308807701091887 0.11067902048414861 0.11644736758419308 0.24176493770344806 0.07506924867620514 0.13281482458097832
0.13481767704450778 0.10224209195581418 0.16807197429070658 0.11020455390867301 0.12975663943304583 0.13285311146171735 0.12286985338772946 0.0991840985178057
0.08495037511287527 0.12213910562731617 0.11430987225880672 0.13755144645112066 0.10141593629249139 0.18127576483615435 0.09329576367989052 0.16506173574134475
0.10391008179835731 0.08829073465835122 0.22479547702777752 0.13413810833456039 0.09531033011034898 0.0881179531651782 0.14849639994709166 0.11694091495833468
0.08213451955519363 0.1325296637683157 0.1264659042796063 0.12945276653676202 0.10245820770475134 0.16805340508184696 0.09708957490257152 0.1618159581709525
0.06575663323966309 0.12141594422838381 0.06607335266593682 0.08129474741401986 0.13953318505895973 0.2657829456681731 0.09755369689682382 0.16258949482803972
0.07112607587273193 0.1311097844233224 0.08939687812611329 0.13336733466106188 0.10044475442477731 0.22405652651991176 0.09045784437880719 0.16004080159327422
0.11262339118209251 0.09489662512750806 0.1474652041330135 0.09541388905930677 0.14466637191165638 0.14859869723306127 0.14183915448219334 0.1144966668711681
0.08055907130611634 0.12853021533456918 0.10898457878419156 0.13630260819851053 0.1039347140034138 0.1856769569742571 0.09244872556072889 0.16356312983821264
0.103063487269096 0.08951571959155204 0.22253927662862902 0.13426946321357883 0.09595335694762332 0.08896145168349723 0.14864181519777547 0.11705542946824822
0.101414923835814 0.16434657649236498 0.11686010092486919 0.12009161779509332 0.12690808272250317 0.20825501420597933 0.09006871334632 0.07205497067705599
0.09034988459220732 0.16335454786355366 0.08168110888859104 0.10830219284161414 0.1147436679655181 0.23814882694600562 0.07345713949257307 0.12996263140993697
0.10396605173151839 0.08774354521264909 0.2043582481185942 0.13397119766133767 0.09895463642225462 0.10106435541662238 0.14936788754181973 0.1205740778952039
0.10520179338828146 0.08010864068745024 0.26041410771364537 0.13060141573812212 0.09225180172339228 0.07298346039959702 0.14458113585986657 0.11385764448964494
0.08104299385083819 0.12781538484190377 0.13560343563892563 0.13901180114018943 0.09479369147972604 0.16063226655901766 0.09428626512117197 0.1668141613682273
0.10247871905904615 0.08877370139104461 0.23360794679202654 0.13343211532300694 0.09341104855360245 0.08425619834791546 0.14771483666201826 0.1163254338713394
0.07131419180429056 0.11552269249442065 0.0838565496421904 0.08453244424562352 0.14215495510450227 0.23211534512297735 0.1014389330947482 0.16906488849124704
0.08521163999768058 0.153196917424329 0.0766387916975449 0.10973680336513514 0.11942162866634916 0.24967987513705528 0.07443017967374382 0.13168416403816216
0.07441253957083782 0.1371931307980277 0.09143194859017562 0.13288141343009183 0.09648487287299864 0.218010135599609 0.09012826302214924 0.1594576961161102
0.1128948931539918 0.10107407170273856 0.1426537644701781 0.08937678810702511 0.15027629219042532 0.15013528761166106 0.14186791763019857 0.11172098513378138
0.08078091703703842 0.12946677974171128 0.10776213433829597 0.13587874200713293 0.105039842699688 0.18585586005838817 0.09216123370918582 0.1630544904085595
0.07717481678018458 0.1409923092611244 0.09892643068469685 0.1266089436840383 0.10244415343084846 0.2006354587910308 0.09495670776302872 0.15826117960504785
0.07613438758154938 0.14340853623765976 0.09652557949289106 0.12583152095149 0.10132631903522739 0.20511061479820256 0.0943736407136175 0.15728940118936247
0.07585186894035367 0.143882446082372 0.09588652495864691 0.12564209037939952 0.10094393010781536 0.20650895877261344 0.09423156778454966 0.15705261297424938
0.06423918971356424 0.12204432952480192 0.06085801794570138 0.07985330845964579 0.13675743224842726 0.2807171350369929 0.09582397015157493 0.15970661691929158
0.08250486458380049 0.1523524872821238 0.0714921362031354 0.10791628163996157 0.11644744997837748 0.26659185131928204 0.07319539102536524 0.12949953796795388
0.07367492007461093 0.13650982326612754 0.08998701549650161 0.13232226418419557 0.09557733300494417 0.22339291298417466 0.08974901396841091 0.15878671702103467
0.10268802705153975 0.0913298854804121 0.2144005691463418 0.13471841786052915 0.09463001022504317 0.09564743796185934 0.14913882644714666 0.117446825827128
0.10201562582739955 0.16454985381167073 0.11494635342808852 0.11976153293107318 0.12621570740527352 0.21083285713954555 0.0898211496983049 0.07185691975864392
0.06591090132031308 0.11904763991779874 0.05928828001673357 0.07889251669946334 0.139356682366689 0.2905361013154647 0.08918284496461074 0.1577850333989267
0.09903679318352457 0.0827383360697395 0.19534844020109132 0.13497858609084415 0.10503932096202676 0.11088674554853564 0.15049105046247843 0.12148072748175973
0.09201664949699755 0.14775838151709925 0.13953334505435705 0.1601545374778995 0.08415867777788152 0.15076940805472397 0.0814699168909315 0.14413908373010956
0.07941773976948399 0.14659920683346825 0.10612612389827823 0.12707888475341217 0.09819639674434419 0.18842387849418882 0.09530916356505911 0.15884860594176517
0.09357100062667043 0.17723059418634923 0.08992785041537031 0.11541884571482394 0.12275403111276328 0.24528223622901038 0.08656413428611795 0.06925130742889436
0.08789158041609131 0.16446983035175622 0.07608539915116144 0.1069474222510074 0.11259885033714656 0.2511317591779014 0.07253825161372676 0.12833690670120887
0.07484365973319898 0.13921236723088337 0.09114876812664342 0.13257980249851156 0.09498329616829547 0.21821265111482827 0.08992369212942525 0.15909576299821385
0.07556176317871821 0.1425871511016751 0.09465349617317076 0.1255552124709028 0.09944404453458038 0.21108790759914725 0.0941664093531771 0.15694401558862847
0.09218918737462363 0.1748312640524469 0.08715553645497055 0.11466949516954503 0.12233951926483096 0.2540111792046971 0.08600212137715876 0.06880169710172701
0.07497686537614714 0.14026291808521746 0.09276184557503929 0.13119518152925616 0.09627582430728351 0.2181085893851492 0.08898455790679982 0.15743421783510736
0.07551641228997641 0.14276413621468875 0.0949147161309688 0.1254128703034957 0.09964556191139376 0.210920562542485 0.09405965272762179 0.15676608787936963
0.11370644686818492 0.10193495223696722 0.14342941378260732 0.08911015827571078 0.15097745109626765 0.14800918421989226 0.1414446956757314 0.11138769784463848
0.09549837700784396 0.15268702660420969 0.08867961227698452 0.11159860113360859 0.12393867900192344 0.21798641836795635 0.07569296424714321 0.1339183213603303
0.1363418033531872 0.11180392383141881 0.16804538741817113 0.10840741541608315 0.13067189126602718 0.126296726757333 0.12086617808330463 0.09756667387447483
0.11173580198060594 0.0788608003250896 0.2381348475123394 0.13009576898013214 0.09947131482420536 0.07956820052213757 0.14504707377337117 0.11708619208211891
0.10511913581887507 0.07424571587637634 0.266908097732955 0.1294672123021544 0.09220060551673466 0.07119246169632489 0.14434627998464084 0.11652049107193899
0.10282324823715455 0.07309689495996086 0.2776492590637767 0.12840790023749693 0.09001664923861388 0.06927371196356293 0.14316522608568688 0.11556711021374724
0.10197434475911586 0.07270725087994212 0.2815647094680042 0.1279450038443861 0.08927962324416885 0.06872943319256011 0.14264913115187525 0.11515050345994747
0.10165964572752606 0.07256600502591076 0.28298292435276157 0.12777007790819012 0.08902029541180571 0.06855387966924371 0.14245410178719106 0.11499307011737112
0.10154385257232393 0.07251458673200908 0.2834958362194658 0.12770613744887194 0.0889276765114651 0.06849357386515217 0.1423828129467274 0.11493552370398477
0.13546874443236837 0.09675650403125353 0.23663409779830447 0.10650733063802215 0.11864267635866137 0.09138632381403224 0.11874772535313814 0.09585659757421992
0.10926710582560722 0.07539958363714283 0.2642512122577824 0.1273125815742803 0.09500806500123081 0.0722361007707052 0.14194402751639906 0.11458132341685226
0.10368960597589759 0.07318075329562992 0.2764542265339925 0.12827868656076352 0.09052750007179 0.06939724717829844 0.1430211624789408 0.11545081790468717
0.10218689006689236 0.07273128675219277 0.2811062191551765 0.12796766330419465 0.08939969641427827 0.0687629525749329 0.1426743947585573 0.1151708969737752
0.13572108193407095 0.09683887937852924 0.2358457993887065 0.10656383464405857 0.11882402401576207 0.09148820635606808 0.11881072310315186 0.0959074511796527
0.1262283440474581 0.08707082656609622 0.19043737512266873 0.09187603863213685 0.14632221463415873 0.11123405243353172 0.13657990220538554 0.1102512463585642
0.08378090454608066 0.12722768938586568 0.11887202250834526 0.13649085656656906 0.10483782900803326 0.17242526304268074 0.09257640706254251 0.1637890278798829
0.0779026548572371 0.14075770464163379 0.10156709096314757 0.12696959053498735 0.10267715537660307 0.1961866225564164 0.09522719290124053 0.15871198816873422
0.11471333888528153 0.10154652145574851 0.14555949153845005 0.0891373221526854 0.15199299519395182 0.14414086514225555 0.14148781294077048 0.11142165269085674
0.09586980459433493 0.15272131605993858 0.0891508375008452 0.11168919929792147 0.12429649895291676 0.2164908909996864 0.07575441343685108 0.13402703915750575
0.1178681571372697 0.09650606957515884 0.1452152733344644 0.09356869218929457 0.1504960198219477 0.14496721191092446 0.13909614540378715 0.11228243062715347
0.12289264845375077 0.0879832233480496 0.16258275230573313 0.09300779121069566 0.15773276567711614 0.12592914112517398 0.1382623284266461 0.1116093494528348
0.1089972225432673 0.07614482108587643 0.23626428372971414 0.13053642198409565 0.10531798688238758 0.07971811500073471 0.145538368988238 0.11748277978568608
0.12120726073114617 0.08569835620346453 0.19281133652259191 0.09381342063695977 0.1443452359230884 0.11008833454017083 0.13945995067822678 0.11257610476435173
0.10776457334389765 0.07527779468446139 0.24815718937019537 0.12954470883077945 0.10175321672660054 0.07647959626562945 0.14443268283073468 0.1165902379477015
0.10394606146859134 0.0735747822030149 0.2706230600277748 0.1290313182323638 0.09237046807255192 0.0704658329603433 0.14386029062623248 0.11612818640912743
0.10247172065497967 0.07292078489315937 0.2789981387622663 0.12823014505340907 0.08993745602610655 0.06906758174126984 0.14296704232074114 0.11540713054806814
0.1018834201266396 0.07264921353007255 0.28204878149209894 0.12787575344685878 0.08922067270564339 0.06866205846994138 0.14257192212657238 0.11508817810217291
0.1356495474875934 0.09680306320562188 0.2361509215744766 0.10653672456377031 0.11875050623377256 0.09144568744060137 0.11878049738677077 0.09588305210739326
0.1093853389682225 0.07541032644115261 0.264056470385601 0.12731972263786756 0.09503744245760697 0.07225095946608508 0.14195198926938365 0.11458775037408078
0.10377095137796252 0.07318135784103795 0.2763716545679315 0.12827624231766832 0.09053349502029648 0.06939924345890597 0.14301843733029587 0.11544861808590148
0.10225379306038575 0.07272838326630042 0.2810657189113351 0.12796111416090866 0.08939818589961036 0.06876070900410644 0.1426670929525355 0.1151650027448178
0.11894903272444568 0.08481545172179872 0.20655718149188965 0.09333241838123292 0.13876294304491898 0.10683916205926737 0.13874490851896715 0.11199890205747949
0.10685988114808259 0.07486953550494332 0.2534377206255712 0.12901381553575827 0.10022053894736606 0.07564529783040759 0.14384077642568868 0.11611243398218243
0.10359677668483974 0.07339919929743703 0.2725620498603478 0.12879924180629887 0.09190993871677494 0.07021193327832634 0.14360154273030634 0.11591931762566897
0.10235167405093136 0.07285089382647143 0.27969759330460997 0.12813952330771336 0.08978747920896936 0.06898125948725511 0.14286600583710726 0.11532557097694202
0.1018540881724829 0.07262178192637463 0.28229711434443044 0.12784002797947008 0.0891683408992055 0.06863053059999977 0.14253209089651367 0.1150560251815231
0.10166034237879888 0.07253227165593557 0.2832374798679644 0.1277253638266422 0.08897111108509254 0.06851635481845149 0.1424042489231369 0.11495282744397799
0.08063780071830323 0.12613035218888238 0.1406862786306042 0.1388361843086012 0.09409465705965468 0.15884415482736414 0.09416715109626865 0.16660342117032145
0.10324544132230525 0.0882585073915795 0.2354309431864965 0.13303146243605568 0.09302364979972773 0.08376255167820129 0.14727129744650852 0.11597614673912546
0.07234485625146604 0.11531423145135099 0.084099877966831 0.08443139523887375 0.14193797246910073 0.2316912018579815 0.10131767428664848 0.1688627904777475
0.08559679596100361 0.15310273430997406 0.0766774832686814 0.10969077680264389 0.11943937808798835 0.24946493774909045 0.07439896165744542 0.13162893216317267
0.11521704782060861 0.09655321253724077 0.14109185021208456 0.09351811499762565 0.1489616109176966 0.1534154665061974 0.13902095901139574 0.11222173799715075
0.10809258070944658 0.07780840073320167 0.22813239502572727 0.1315909371682977 0.10429395099844639 0.08493581718995213 0.14671407472346026 0.11843184345146791
0.1047279322495322 0.07438204198784652 0.26329866824790027 0.12994883568217214 0.09349069734345149 0.07231461826382499 0.1448832541113173 0.11695395211395493
0.08124898662575811 0.12665707071618595 0.1363551656525423 0.1390359579539864 0.09513411820665674 0.16042290155738317 0.09430264974270385 0.1668431495447837
0.13844223458663923 0.11830318107535358 0.1875047225063581 0.10688635705896729 0.12485010920286753 0.11250282657482084 0.11832759104615018 0.09318297794884328
0.12761588821120612 0.09050584160946733 0.1755213305129122 0.09233524977469977 0.1488890310717574 0.1170678086789727 0.13726255041134475 0.11080229972963973
0.14382211140381576 0.09985605779940121 0.19772412749615245 0.10654440066207416 0.13517982165455678 0.10219446472459659 0.11878905566353641 0.09588996059586673
0.11235668750514707 0.07654626560435711 0.24922859603604675 0.128612772248525 0.09935574852641077 0.07475479196681363 0.1433936430890271 0.11575149502367249
0.1049069826893787 0.07365615650433295 0.27090702896413243 0.12889245544225186 0.09180747098665347 0.07012122653707148 0.14370546897815245 0.11600320989802666
0.08125823100267004 0.1264559785037312 0.13802053725706817 0.13896033485515055 0.09475118193171916 0.1595499770695521 0.09425135755392822 0.16675240182618067
0.1160201508102017 0.09895372388428565 0.1574290476709983 0.08943238482173346 0.14966424791938754 0.1347537974825226 0.1419561663837039 0.11179048102716684
0.07067894527182603 0.11174229467262849 0.06705799960020255 0.08205754781898125 0.15149921511259004 0.26008819565565644 0.09276070623015271 0.1641150956379625
0.0723072075278329 0.12912453583293293 0.0896133013742878 0.13324323308285593 0.10331772938027321 0.22212844196793144 0.09037367113445882 0.15989187969942711
0.0736818041159573 0.13456973654841978 0.09579505983414924 0.13565899607430612 0.09477002499229897 0.21072139450399768 0.09201218864170328 0.16279079528916734
0.10308476743965597 0.09090053772538105 0.2170126085483427 0.13467920467744726 0.09438072621300861 0.09343409957941692 0.14909541584153704 0.11741263997521043
0.0831027453942484 0.1330092186695267 0.12458612177315811 0.12916588091522305 0.10206032268843836 0.16974394872895932 0.09687441068641729 0.16145735114402882
0.07806894903714753 0.14216995516336778 0.10266086085992956 0.12673079347911104 0.10192437475759394 0.19498347974462812 0.09504809510933328 0.15841349184888878
0.07669882859808307 0.1438198402426919 0.09737729658175732 0.12589061778669994 0.1012714545583743 0.2031607266589936 0.09441796334002496 0.1573632722333749
0.09299962574823996 0.17549996659732148 0.0878115550463526 0.11482881778847445 0.1230110340565343 0.25083009674863666 0.08612161334135586 0.06889729067308469
0.08775134391033698 0.16379757068663872 0.07560012067517356 0.10674985738578449 0.11248301143755508 0.2531140159451247 0.07240425109644512 0.12809982886294136
0.11574027126124954 0.09803717803318779 0.14067271075796997 0.09344628075067123 0.1467129027396356 0.15434094697787068 0.13891417257860977 0.11213553690080545
0.10823559222612715 0.078008528582747 0.22798195151759623 0.13161869292281644 0.1038464948784672 0.08510689592328746 0.14674502031842368 0.1184568236305348
0.10476865281085473 0.07441177572749358 0.2632473346745633 0.1299593299515975 0.09340691699847774 0.0723476384420032 0.14489495443857214 0.11696339695643777
0.13705351845891667 0.09747465496620067 0.22996566606732352 0.10699633590378811 0.12032214816217436 0.09259804439665036 0.11929292973153689 0.09629670231340928
0.10991648377932801 0.07563409453805917 0.2617293219428498 0.12757059596163975 0.09553042029456195 0.07257385281458562 0.14223169430349983 0.11481353636547577
0.08206865981107381 0.12674044448422075 0.13591780414682117 0.13880220177490799 0.09545063633007876 0.160313509249592 0.09414410207341585 0.16656264212988958
0.11623026318046206 0.09900690430527659 0.15675865173856038 0.08942746900047752 0.1498923056279893 0.13495170640381585 0.14194836349282144 0.11178433625059689
0.08182482031020631 0.12931407933508182 0.11111362904125142 0.13614616183401748 0.10523259601577199 0.18065070514934256 0.09234261411350751 0.16337539420082095
0.10450279579221361 0.08946952916092857 0.22309416261963316 0.13392374190597897 0.09602265453982753 0.08797399707752335 0.14825908749868244 0.11675403140521244
0.10322468963925999 0.1640760766014225 0.11685771583177411 0.11983969073091123 0.12673967136651687 0.20747857334338518 0.08987976804818344 0.07190381443854675
0.07771465868891841 0.13943480216075727 0.10007799931747564 0.13256263854054934 0.09811669656234684 0.20310598799292068 0.08991205048837261 0.1590751662486592
0.10377372645103337 0.09147746298673269 0.21838095982177538 0.1341650820040436 0.09478154786633566 0.0919305294969982 0.1485262609080173 0.11696443046506363
0.10294899908630165 0.16459113985230095 0.11577557395981394 0.11971654534860622 0.12625442410542345 0.2090959814269355 0.08978740901145467 0.07182992720916373
0.07764304710664284 0.1394959428662457 0.09981389099849294 0.1325197971391427 0.09798587658996787 0.2036346958903356 0.08988299284220114 0.15902375656697124
0.07659959225259223 0.14294712196133344 0.09667750670865052 0.1257756067585834 0.10030106529254422 0.20614789350912932 0.09433170506893757 0.15721950844822927
0.0762990050560997 0.14368997638553827 0.09586963773350973 0.12555401599890043 0.10066603253635724 0.2068133002917937 0.09416551199917533 0.15694251999862552
0.11445606472888345 0.10206396895776074 0.14365753584040852 0.08905083002295665 0.15123679253128883 0.14687074654404308 0.14135052384596294 0.1113135375286958
0.09580727477451319 0.15272403363404807 0.08874146895109747 0.11159647966572014 0.12401386581600617 0.21750957622126244 0.07569152533848844 0.1339157755988642
0.07689850277562721 0.13793266395986845 0.0946086372749866 0.13372815459459095 0.09808304786131576 0.20757263359942293 0.09070257442067908 0.16047378551350916
0.1038187391597568 0.09141715350753431 0.21624936819456808 0.1345034863648288 0.09499012541455516 0.09286078926115887 0.1489008884462085 0.11725944965138922
0.07234987344078106 0.11564580625449247 0.0810503584802336 0.0841321130039446 0.14201774579624746 0.23558134141167797 0.1009585356047335 0.1682642260078892
0.07308697388519189 0.13078796092560546 0.09321849358975005 0.1342753853880027 0.10199968128687571 0.21442730280449962 0.0910737396544714 0.16113046246560322
0.11365021315689462 0.09476556041832276 0.1486689024433215 0.095317846670102 0.14548833495025937 0.14603134533694515 0.1416963810200322 0.11438141600412237
0.12199327055152523 0.08787237164614999 0.1639114273398216 0.09317847887167115 0.1563592653226785 0.12635494452336554 0.13851606709878278 0.11181417464600536
0.0829692882884688 0.12721666060363204 0.11287006800885678 0.13633369102957887 0.10677124543851077 0.1777688095667005 0.09246980782875784 0.16360042923549464
0.07809874227314524 0.14056586570178303 0.10015001571588276 0.12676633216828528 0.10296700490621506 0.19791937489811812 0.09507474912621397 0.1584579152103566
0.0767234523881309 0.143325322129885 0.0968051099844463 0.1258384210644785 0.10146279980822952 0.20416805249587283 0.0943788157983589 0.15729802633059814
0.0647478022605562 0.12198805083346388 0.06101626520424175 0.07988761927730034 0.13699061166428989 0.27972926907278683 0.09586514313276039 0.15977523855460068
0.05920965155373425 0.11424012306920364 0.051154830524643105 0.07708560924986263 0.13902104520372774 0.3179772679644763 0.08714025393462731 0.15417121849972526
0.09742214321137622 0.08571344279321186 0.19099218699775744 0.13442609189565174 0.10485603943553143 0.1157315522946358 0.14987506066574902 0.12098348270608657
0.10340982273397308 0.07880458643496492 0.2492662435299615 0.13127620932784662 0.09458639300444842 0.07814497990523396 0.14636317666850956 0.11814858839506194
0.08069935054342901 0.1312147523898146 0.1328191034508213 0.13839954290594342 0.0949840839672626 0.16193272093678324 0.09387099431881381 0.16607945148713207
0.10368529236712211 0.0893122750406146 0.2321756284760149 0.13327442255932145 0.09338969771059262 0.0844344614273596 0.1475402642903355 0.11618795812863923
0.08047375602456881 0.13589059588531285 0.12867539744749673 0.13787707263245091 0.0944083219113547 0.16370574576308208 0.0935166231767928 0.16545248715894106
0.10374123330144988 0.09021812361467106 0.23046235942541243 0.13340497649666114 0.09337006020270777 0.0848166797117365 0.14768479286565658 0.11630177438170457
0.08334444138320365 0.13290170973547796 0.12762221105481147 0.129210370549204 0.10189815475692268 0.1666023714219723 0.09690777791190301 0.16151296318650502
0.0782032124964444 0.1422103597602399 0.10336052191979753 0.12679119058044694 0.1019382110825151 0.1939141229996624 0.09509339293533521 0.15848898822555865
0.06523998743423395 0.12222574487451535 0.0621573133891813 0.08023449995838892 0.13769874509602303 0.27569330938081305 0.0962813999500667 0.16046899991677785
0.08203062045752176 0.16192021256236527 0.07098216715133275 0.1066151674594705 0.11564031355793257 0.2625604216701108 0.07231289618990172 0.1279382009513646
0.10181315415285414 0.09523197913127254 0.1983698481697977 0.1328687883688341 0.09882758849094733 0.10516794870431508 0.14813878345002846 0.11958190953195068
0.10639834330680589 0.08135404455418303 0.2577304228897614 0.13048025982522732 0.09221149654742343 0.07362640020657249 0.14444701128393092 0.11375202138609561
0.08100850931949324 0.13368694961690689 0.1344406882983891 0.13788061052510028 0.09422415985957709 0.15978332695947553 0.09351902279093759 0.16545673263012034
0.07801463403583125 0.14280697182541263 0.10509296987579803 0.12723675059719028 0.10051295046200054 0.19186222200938668 0.09542756294789272 0.15904593824648783
0.0766643000465975 0.14559949513799625 0.09780713159094902 0.12573184271726295 0.10086699853553517 0.2018665465371332 0.09429888203794724 0.1571648033965787
0.07621388240673982 0.14601685377432172 0.09599575213351776 0.12534898024195226 0.10067296597437747 0.20505360498518646 0.09401173518146419 0.1566862253024403
0.09264622913975948 0.17783746090707547 0.0872613112942276 0.1143927315646493 0.122456683912177 0.2509753955698347 0.08579454867348699 0.06863563893878959
0.11486284500308308 0.1081160266449687 0.1417971355695729 0.09115940418126268 0.1473030568346039 0.15185566978699688 0.13551457696199648 0.10939128501751523
0.12146300102284285 0.09493592781830983 0.16064254666479144 0.09221940787147778 0.15594649102077088 0.1270389925142549 0.1370903436417789 0.11066328944577335
0.14159692675264482 0.10616174975179564 0.19172109688954903 0.10602675426386812 0.13676844344099726 0.10408903150379892 0.1182119185598649 0.0954240788374813
0.11161031490727229 0.0821165059205165 0.2461181804118662 0.127975560588495 0.09945671453140964 0.07486151946959226 0.1426831996412026 0.1151780045296455
0.10447738482760308 0.07791189264907049 0.2691767748907583 0.1283368930332186 0.09158101378936406 0.06992677872812701 0.14308605835196164 0.11550320372989674
0.11926133182901856 0.08950276658003184 0.20249048700737607 0.09298753885758593 0.13909847184642699 0.10684213530694188 0.1382322219435158 0.11158504662910311
0.08218019865326333 0.13412283991996457 0.12095311296401733 0.13553380363570444 0.10278696026927062 0.16985524468550006 0.09192727550943432 0.1626405643628453
0.11602161190527435 0.10134113857969176 0.15164080032139457 0.08909881563240449 0.15193594085188286 0.13716148168883924 0.1414266914800071 0.11137351954050559
0.1217595949385526 0.09361144732973482 0.16383791580228232 0.09225814068769524 0.15737697761468458 0.12329823222727204 0.13714792257454397 0.1107097688252343
0.1083131988830883 0.0809287584127554 0.2359692521047791 0.12968546888171653 0.1048496599867388 0.07894711995432878 0.14458961978304813 0.11671692199354486
0.12058214771574766 0.09033997507613407 0.19219208431351223 0.09327216330852517 0.14361857830746788 0.10941312000197802 0.13865533530640456 0.11192659597023019
0.12262226839968186 0.09121880577786172 0.1766063021362357 0.09202057651783155 0.15435115064554858 0.1159614372212036 0.13679476748023914 0.11042469182139786
