Action: 0
[0.11408288115122905, 0.09027700666449713, 0.3443613765182596, 0.08894218243447705, 0.08895023974770484, 0.09550194861487814, 0.08894218243447705, 0.08894218243447705]
[0.2717370727540794, 0.08549230428225232, 0.20004022033960742, 0.08549230428225232, 0.08549230428225232, 0.10076118549505164, 0.08549230428225232, 0.08549230428225232]
[0.12744326790718832, 0.08381586809399404, 0.2158229028948494, 0.08381277981033661, 0.2376668279051919, 0.08381279376776658, 0.08381277981033661, 0.08381277981033661]
[0.125, 0.125, 0.125, 0.125, 0.125, 0.125, 0.125, 0.125]
[0.15254249531815237, 0.08138253292298181, 0.28135908846821456, 0.08131744314288922, 0.13374928974450934, 0.10701426411747426, 0.08131744314288922, 0.08131744314288922]
[0.14383295899625406, 0.08457576924051177, 0.26226299569690287, 0.08457576924051177, 0.17102519910428426, 0.08457576924051177, 0.08457576924051177, 0.08457576924051177]
[0.125, 0.125, 0.125, 0.125, 0.125, 0.125, 0.125, 0.125]
[0.125, 0.125, 0.125, 0.125, 0.125, 0.125, 0.125, 0.125]

Action: 1
[0.09416396288300914, 0.18832792576601828, 0.09416396288300914, 0.09416396288300914, 0.16604068497147195, 0.17481157484746396, 0.09416396288300914, 0.09416396288300914]
[0.1111111111111111, 0.1111111111111111, 0.1111111111111111, 0.1111111111111111, 0.1111111111111111, 0.2222222222222222, 0.1111111111111111, 0.1111111111111111]
[0.12135581639357265, 0.09109899779245714, 0.08301616755405408, 0.08301616755405408, 0.1878980404039837, 0.26758247519377015, 0.08301616755405408, 0.08301616755405408]
[0.125, 0.125, 0.125, 0.125, 0.125, 0.125, 0.125, 0.125]
[0.09286158720128918, 0.09286158720128918, 0.09286158720128918, 0.09286158720128918, 0.09286158720128918, 0.3499688895909757, 0.09286158720128918, 0.09286158720128918]
[0.09019380653900021, 0.09019380653900021, 0.09019380653900021, 0.09019380653900021, 0.12672520443081786, 0.33211195633518087, 0.09019380653900021, 0.09019380653900021]
[0.125, 0.125, 0.125, 0.125, 0.125, 0.125, 0.125, 0.125]
[0.125, 0.125, 0.125, 0.125, 0.125, 0.125, 0.125, 0.125]

