Action: 0
[0.13724140730082107, 0.10682949564980393, 0.2217816187330084, 0.10682949564980393, 0.10682949571715085, 0.10682949564980393, 0.10682949564980393, 0.10682949564980393]
[0.10679166382764421, 0.10679166382764421, 0.2442847479848424, 0.10679166382764421, 0.11496526904929229, 0.10679166382764421, 0.10679166382764421, 0.10679166382764421]
[0.2217481941335944, 0.10671943595552374, 0.13729737215522891, 0.10671943595552374, 0.10735725393355797, 0.10671943595552374, 0.10671943595552374, 0.10671943595552374]
[0.125, 0.125, 0.125, 0.125, 0.125, 0.125, 0.125, 0.125]
[0.21709910118032438, 0.10768155471457792, 0.13680976571056022, 0.10768154328805783, 0.10768340524230621, 0.10768154328805783, 0.10768154328805783, 0.10768154328805783]
[0.11497425355084102, 0.10682065164085873, 0.24406057775544912, 0.10682065164085873, 0.10683004634913297, 0.10685251578114201, 0.10682065164085873, 0.10682065164085873]
[0.125, 0.125, 0.125, 0.125, 0.125, 0.125, 0.125, 0.125]
[0.125, 0.125, 0.125, 0.125, 0.125, 0.125, 0.125, 0.125]

Action: 1
[0.10791949055751526, 0.10791949055751526, 0.10791949055751526, 0.10791949055751526, 0.10791952200469962, 0.24456353465020872, 0.10791949055751526, 0.10791949055751526]
[0.10775053097001289, 0.10775053097001289, 0.10775053097001289, 0.10775053097001289, 0.13799575223989688, 0.21550106194002577, 0.10775053097001289, 0.10775053097001289]
[0.10768078351681308, 0.10768078352491675, 0.10768078351681308, 0.10768078351681308, 0.10940962205529726, 0.24450567683572078, 0.10768078351681308, 0.10768078351681308]
[0.125, 0.125, 0.125, 0.125, 0.125, 0.125, 0.125, 0.125]
[0.10683612405854491, 0.10683612524557276, 0.10683612405854491, 0.10683612405854491, 0.1372616077324339, 0.22172164672926886, 0.10683612405854491, 0.10683612405854491]
[0.10682788054519157, 0.10682788054519157, 0.10682788054519157, 0.10682788054519157, 0.11496877076598579, 0.24406394596286474, 0.10682788054519157, 0.10682788054519157]
[0.125, 0.125, 0.125, 0.125, 0.125, 0.125, 0.125, 0.125]
[0.125, 0.125, 0.125, 0.125, 0.125, 0.125, 0.125, 0.125]

