Action: 0
[0.10506770328256093, 0.10133785300232137, 0.26750156803516506, 0.10133785300232137, 0.1138526054904701, 0.10822671118251852, 0.10133785300232137, 0.10133785300232137]
[0.16078145564982016, 0.10187896219548091, 0.22794477117729436, 0.10187896219548091, 0.10187896219548091, 0.10187896219548091, 0.10187896219548091, 0.10187896219548091]
[0.21139919452278044, 0.10379863783142994, 0.16580897848863882, 0.10379863783142994, 0.103798637831431, 0.10379863783142994, 0.10379863783142994, 0.10379863783142994]
[0.125, 0.125, 0.125, 0.125, 0.125, 0.125, 0.125, 0.125]
[0.1256390208583508, 0.1019020350913937, 0.2629487685919854, 0.1019020350913937, 0.1019020350913937, 0.10190203509269541, 0.1019020350913937, 0.1019020350913937]
[0.13205049586657652, 0.10162724678088572, 0.25818359616307646, 0.10162724678088572, 0.10162967406591847, 0.10162724678088572, 0.10162724678088572, 0.10162724678088572]
[0.125, 0.125, 0.125, 0.125, 0.125, 0.125, 0.125, 0.125]
[0.125, 0.125, 0.125, 0.125, 0.125, 0.125, 0.125, 0.125]

Action: 1
[0.10153490020474061, 0.10260002034939635, 0.10140170130297892, 0.10140170130297892, 0.13177440406917987, 0.25848387016476754, 0.10140170130297892, 0.10140170130297892]
[0.1111111111111111, 0.1111111111111111, 0.1111111111111111, 0.1111111111111111, 0.1111111111111111, 0.2222222222222222, 0.1111111111111111, 0.1111111111111111]
[0.10430669777740786, 0.10430669777740786, 0.10430669777740786, 0.10430669777740786, 0.20867822468304217, 0.16548158865251061, 0.10430669777740786, 0.10430669777740786]
[0.125, 0.125, 0.125, 0.125, 0.125, 0.125, 0.125, 0.125]
[0.10184623440938978, 0.10184623440938978, 0.10184623440938978, 0.10184623440938978, 0.12638076855903713, 0.2625418249846242, 0.10184623440938978, 0.10184623440938978]
[0.10416128529936503, 0.103767268988197, 0.103767268988197, 0.103767268988197, 0.16586187570125407, 0.2111404940583959, 0.103767268988197, 0.103767268988197]
[0.125, 0.125, 0.125, 0.125, 0.125, 0.125, 0.125, 0.125]
[0.125, 0.125, 0.125, 0.125, 0.125, 0.125, 0.125, 0.125]

