0.125 0.125 0.125 0.125 0.125 0.125 0.125 0.125
0.099626400996264 0.07845579078455792 0.199252801992528 0.15691158156911583 0.08685378548392246 0.06839735606858895 0.17370757096784492 0.1367947121371779
0.09444644354078607 0.15741073923464347 0.10039762527401264 0.1416696653111791 0.1180580544259826 0.19676342404330432 0.10625224898338434 0.08500179918670747
0.08769198837691987 0.1551473640514736 0.07644942576449425 0.13525667635256675 0.10523038605230385 0.18617683686176836 0.0917393109173931 0.1623080116230801
0.0974712422172987 0.07675860324612273 0.20846273833701262 0.15351720649224546 0.09308708145396594 0.066917756676107 0.1699498582250336 0.133835513352214
0.07290102769903714 0.12150171283172856 0.11724468290891402 0.14580205539807428 0.09906926932643675 0.15187714103966068 0.10935154154855573 0.18225256924759284
0.09905513166988714 0.15463417397136797 0.09933239258356458 0.13917075657423117 0.12663430636152725 0.19329271746420992 0.10437806743067336 0.08350245394453869
0.07102032309134956 0.12565134085392615 0.08877540386418695 0.1570641760674077 0.08522438770961947 0.1772568724955967 0.10653048463702434 0.1884770112808892
0.11404809605241188 0.08419297275848336 0.1469517831100948 0.10103156731018004 0.14434421621878185 0.12277433825330701 0.1603675671590159 0.12628945913772502
0.08473850069557752 0.1499219627690987 0.07387459034999067 0.13070119831152194 0.11513222325128349 0.20014057822871253 0.0886495084199888 0.15684143797382633
0.10709885167604553 0.07394870792705818 0.2108141827113657 0.14789741585411637 0.09083182545900488 0.07674428870341708 0.16372851897565996 0.12893620869333222
0.10482151808179724 0.14774394957210363 0.11577570885484974 0.13296955461489326 0.12064631132327873 0.19853405882297162 0.09972716596116996 0.07978173276893596
0.059086197215142966 0.10453711814986832 0.051511043726022075 0.09113492351526982 0.13153841972509261 0.27690036318602035 0.10302208745204415 0.18226984703053964
0.09223150167345465 0.07445193508580074 0.1844630033469093 0.14890387017160148 0.09358059092691509 0.10633891262865904 0.16601670301221835 0.13401348315444134
0.10337397057122263 0.07033064948086001 0.2492867302531408 0.14066129896172003 0.09030025590036589 0.06770145561743518 0.15571784012042267 0.12262779909483285
0.10276233163283179 0.14510118433693583 0.12560893204093493 0.13059106590324224 0.12597068289110674 0.1936678642255716 0.09794329942743167 0.07835463954194534
0.05767175215318145 0.1020346384248595 0.05634717646791613 0.0889532745242365 0.129307151395455 0.28722358243674156 0.1005558755491369 0.177906549048473
0.09071320770101517 0.07322632428877128 0.19149800641516604 0.14645264857754256 0.092042548889576 0.11097610654631332 0.1632837738618273 0.13180738371978828
0.11668527338400854 0.07943398354375325 0.17660169105502557 0.09532078025250391 0.15128383845070179 0.11022063220075187 0.15130282579762525 0.11915097531562989
0.0807407645539742 0.14284904498010823 0.09133720079974118 0.12453506485445334 0.11106036090918124 0.21556822469765546 0.08446726137954225 0.149442077825344
0.10671011766760526 0.07160083876041731 0.22127693511334137 0.14320167752083462 0.09819805891970505 0.07563974031020147 0.15853014361280834 0.1248424880950866
0.08498849976331802 0.1145956686524815 0.12906154214251656 0.1375148023829778 0.10461722070921509 0.1541926615835355 0.10313610178723336 0.17189350297872225
0.10094400167709654 0.1418201695167394 0.10155443105379501 0.12763815256506544 0.13075639363437397 0.22497534559009133 0.0957286144237991 0.07658289153903927
0.06550118773479577 0.11588671676156173 0.09614700057299551 0.14485839595195216 0.08872154571903702 0.2168032965151214 0.09825178160219365 0.17383007514234258
0.10288536968722199 0.0708845245703229 0.22358444361123297 0.1417690491406458 0.09525338059597381 0.08508553726972674 0.15694416510482562 0.12359353002005019
0.10431481603500863 0.14130223556526925 0.12117649982638089 0.1271720120087423 0.13093173346445722 0.20342048688833955 0.09537900900655674 0.07630320720524539
0.0657288076072944 0.11628942884367471 0.09922649672932748 0.14536178605459338 0.08903067352640007 0.2113354525622561 0.09859321141094161 0.17443414326551207
0.13756613987855176 0.09458948706241102 0.1812718289060719 0.11350738447489322 0.12746533408359448 0.12098732933199055 0.12565734056642633 0.09895515569606075
0.07946668646431626 0.14059490682148262 0.09076244259738185 0.1225699187674464 0.11615410155563717 0.22023366158705393 0.08313437968574623 0.14708390252093567
0.08923053289650341 0.07202946631404493 0.2064538282444798 0.14405893262808986 0.09642828173384713 0.10153095960404775 0.16061495921370614 0.1296530393652809
0.11918889004453675 0.07685711663284818 0.1809023388733304 0.09222853995941782 0.1511633068010727 0.11797962486743008 0.14639450787209177 0.11528567494927225
0.0659539262381302 0.11668771565207654 0.11495380225676535 0.14585964456509565 0.09990746752215607 0.1826749809304661 0.09893088935719532 0.1750315734781148
0.07803580670361678 0.11196934278862342 0.10477239536734939 0.1343632113463481 0.10543591908484601 0.19669690201652024 0.10077240850976109 0.16795401418293512
0.07958343273031362 0.11123262049636964 0.10210485802531982 0.13347914459564356 0.10650447298591974 0.20013718197514677 0.10010935844673267 0.16684893074455442
0.11776809025714069 0.07751135396870008 0.14979500852761302 0.09301362476244011 0.15774379255664542 0.14026042474831513 0.1476406742260954 0.11626703095305013
0.065310058253482 0.11554856460231433 0.10853513404203605 0.1444357057528929 0.10556393981689827 0.18931866324868196 0.09796508738022303 0.17332284690347147
0.10271121219694236 0.06970596472878536 0.22723207388361832 0.13941192945757072 0.09870484759259929 0.08636063025089948 0.1543347367214458 0.12153860516813858
0.0842080208257999 0.11162050541688852 0.12945553792050896 0.1339446065002662 0.10600733600170144 0.16687478033430264 0.10045845487519967 0.16743075812533276
0.10006526559053586 0.1380331771318438 0.10013566155513462 0.12422985941865941 0.13278926355251763 0.23703646253611857 0.09317239456399456 0.07453791565119564
0.09817554256249668 0.0792501367673166 0.15005653838394822 0.09906267095914574 0.15261215620615942 0.15470443612621337 0.147263313843745 0.1188752051509749
0.09799361555262398 0.07910328002440731 0.1632427989672697 0.09887910003050913 0.1615144924633139 0.133621369596329 0.14699042332893597 0.11865492003661095
0.08258875813951726 0.13278411399413345 0.12817465032443343 0.16598014249266682 0.09456778099803696 0.16208904897458595 0.08443337683322617 0.14938212824340014
0.1054713454085307 0.06898874148251069 0.2347034476154278 0.13797748296502138 0.09560663555776934 0.08421753941032763 0.15274674548834274 0.12028806207206992
0.08439459674818597 0.11114987179311558 0.13093078613382952 0.1333798461517387 0.10499586986283332 0.16838933700681946 0.10003488461380403 0.16672480768967338
0.08036296338846216 0.11070301947060618 0.10765060161817322 0.1328436233647274 0.10642324800800915 0.19632929742056704 0.09963271752354556 0.16605452920590927
0.06255227668543001 0.09685456805068177 0.059179523713378056 0.08443731573649178 0.1381650806422017 0.29448572504019027 0.0954508786586429 0.16887463147298357
0.12508102039508787 0.09064731526004378 0.1593620672298411 0.11330914407505471 0.13631169947253433 0.1469792841624773 0.12633123973741175 0.10197822966754924
0.07817982893432442 0.11273159708776302 0.11158455807631265 0.1409144963597038 0.10268650442513291 0.1892288306498412 0.09557678883527736 0.16909739563164453
0.10482740054475821 0.06914389462362737 0.22793113321323244 0.13828778924725474 0.09758983267504606 0.08857109689992615 0.1530902672985482 0.1205585854976067
0.1049553861067041 0.13841487653259302 0.12097342366989373 0.12457338887933371 0.13132926410325027 0.2115795857211245 0.09343004165950029 0.07474403332760024
0.07776992367569908 0.11081982970010101 0.10236527803206587 0.13852478712512625 0.10024863148611836 0.21008586285891329 0.09395594257182477 0.1662297445501515
0.10254866547645457 0.0693647359635753 0.2156092486279843 0.1387294719271506 0.09661707254929315 0.09760127246799988 0.1546730082531067 0.12485652473443552
0.10603381198297052 0.06640654860921275 0.2670894923692668 0.1328130972184255 0.09276442925585043 0.07207728532781292 0.14702955817424393 0.1157857770622171
0.07205141209236555 0.10055440489138248 0.0844367598223948 0.08766281452069241 0.14029439579608635 0.24057748916012825 0.09909709467556534 0.17532562904138482
0.07394252666732665 0.11065962378516939 0.09561296348406723 0.13832452973146173 0.1016831537687381 0.21996765106762187 0.09382011581786101 0.16598943567775407
0.10165064659914806 0.06927528967835363 0.21438677232111256 0.13855057935670725 0.0976953660902513 0.09927226814613627 0.1544735563872542 0.12469552142103654
0.1375926516610149 0.08847774355326017 0.21550900395762942 0.11059717944157521 0.12392090018183097 0.10105745815076908 0.1233076015565025 0.09953746149741768
0.1108516340555297 0.06535112555858032 0.2573439296368306 0.13070225111716063 0.09709309880054841 0.07530267872960873 0.145723256096297 0.11763202600544456
0.12178426989357821 0.0759717532732508 0.20014557168778688 0.09496469159156351 0.1420199528423131 0.10998473852521747 0.14117139227641382 0.11395762990987619
0.10835434170074543 0.06561429564813637 0.2522833093224873 0.13122859129627273 0.10103622480934708 0.07706741893947637 0.14631008611688914 0.11810573216664548
0.08270269216771176 0.11316696671379498 0.1351430202106851 0.14145870839224373 0.09733266096541941 0.16449959491775681 0.09594590656169576 0.16975045007069248
0.08026124860402978 0.11100123746531922 0.10882749508805874 0.13320148495838305 0.10494693899320105 0.19535862497424203 0.0999011137187873 0.1665018561979788
0.1170103860670826 0.07783133410122568 0.15584100797784164 0.09728916762653211 0.1480127319114772 0.14264148914008284 0.14462688202391935 0.1167470011518385
0.1428377542535055 0.0873938166068096 0.19357604504726766 0.109242270758512 0.13712456260966938 0.10971052755409993 0.12179697948747531 0.0983180436826608
0.11288103561329511 0.06543657764008567 0.24953377274924068 0.13087315528017135 0.1006753653817683 0.07690045209927264 0.14591380148401192 0.11778583975215423
0.08343835407762387 0.11306264129169195 0.13462504618314572 0.14132830161461493 0.09776472442599797 0.16432951372208343 0.09585745674730406 0.16959396193753792
0.10509580918092228 0.06854464019853133 0.23695439660737885 0.13708928039706267 0.0957926990192934 0.08524597423437001 0.15176346873423296 0.11951373162820847
0.09825160621616043 0.1354883544722064 0.10996565113183719 0.11811805261679531 0.11588280929616933 0.20043701004745942 0.08011485307921767 0.14174166314015435
0.10673281473035869 0.06812517628962028 0.21950425466376156 0.13625035257924056 0.09995038036498659 0.09490272886162229 0.1519089751890936 0.12262531732131651
0.10533519288082582 0.06605756162946227 0.26174116264649155 0.13211512325892455 0.093693929557522 0.07485491599759769 0.14729850309614423 0.1189036109330321
0.13832800049125163 0.08690598715728805 0.23123023757027544 0.10863248394661004 0.12173779182420735 0.09427915075973532 0.12111711269868312 0.09776923555194904
0.1281503591224446 0.07475334231461063 0.19049956413136365 0.09344167789326327 0.148800516084355 0.11331719686012125 0.13890733012192572 0.11213001347191594
0.11007715529712965 0.0655125281394328 0.24852827683430123 0.1310250562788656 0.10326357075324614 0.07758770228438493 0.14608315976166059 0.11792255065097904
0.10515845566349317 0.06520922191969203 0.2719425176353774 0.13041844383938406 0.09328461212878428 0.07120331719659972 0.14540683216122371 0.11737659945544564
0.10342220212815233 0.06479294226120197 0.28063220786902077 0.12958588452240394 0.09072678026223184 0.06973409623274247 0.14447859065408317 0.11662729607016353
0.12021729114199649 0.07557743271822619 0.20747915308371742 0.09447179089778272 0.14034371209628138 0.10810580869481821 0.1404386622898382 0.11336614907733926
0.10790913486499205 0.06530867682768438 0.2552830254296151 0.13061735365536875 0.10123199194291219 0.07646559722756519 0.14562860176203055 0.1175556182898319
0.1044758803825984 0.06507484961303148 0.2744434755592751 0.13014969922606295 0.09273136012693231 0.07088280381570425 0.14510720197293886 0.11713472930345667
0.12057668237680984 0.07564361773301219 0.20560899749467523 0.09455452216626523 0.14111276627526817 0.10847633947743579 0.14056164787701517 0.11346542659951826
0.1080863849438731 0.06534216257093234 0.2545657346562592 0.13068432514186468 0.10143789304203962 0.07656433704575145 0.14570326997160135 0.11761589262767821
0.08281140928817746 0.11296849531888974 0.1357007360821015 0.14121061914861216 0.09797422067638327 0.16410413917192077 0.09577763733558042 0.16945274297833457
0.1049196667706862 0.06851613588542425 0.237388414068141 0.1370322717708485 0.09579904011685508 0.08518008174626011 0.15170035784155797 0.11946403180022691
0.08239592628715856 0.11331107730390462 0.13201987754133837 0.14163884662988077 0.09696086555051327 0.1676387034519503 0.0960680872793974 0.1699666159558569
0.14146968145392544 0.09247242283978531 0.19082093653748225 0.11096690740774239 0.12900148797945585 0.11568325494300741 0.12284492802159513 0.09674038081700617
0.0877533543617525 0.11141051536790147 0.12054959140880485 0.13926314420987684 0.10268306068431778 0.17676781962531696 0.09445674129017735 0.1671157730518522
0.10420617102288783 0.07576144010765852 0.2235679610512235 0.1356490151719225 0.09687623198149906 0.09061653815421845 0.15123852885585984 0.12208411365473025
0.10456248029892314 0.07084735536277081 0.262612280748339 0.13120411323837766 0.09263155030255366 0.07377572322543902 0.14628279490905688 0.1180837019145399
0.0816991119490789 0.12054571508564903 0.1368271608597885 0.1401439298953196 0.09552916033812149 0.16202806224257268 0.09505414375508633 0.1681727158743835
0.10543005648496792 0.0685016841806876 0.2378513347892986 0.1370033683613752 0.09527455951254785 0.08483180213591485 0.15166836057913738 0.11943883395607069
0.07211830902825543 0.10602951131564474 0.08068994305596695 0.08619307409607511 0.14112905769592501 0.24401830763781077 0.09743564897817186 0.17238614819215023
0.1127496638191715 0.0843818211890698 0.14377009826782342 0.09474787538929735 0.1569892738261228 0.15281473661189535 0.14084908042946293 0.11369745046715682
0.12204246630193653 0.08165065216011286 0.16269025727524022 0.09357124097638166 0.16030624666028045 0.12835371310741123 0.13909993434697931 0.112285489171658
0.1091887714529498 0.07141396980325201 0.23703827005308317 0.1312752439697744 0.10617504034656683 0.08039888443527612 0.1463621003663007 0.11814771957279697
0.09493823781776503 0.1387841565999624 0.15097700443798662 0.16125917695601075 0.08492024354172532 0.14195607919547398 0.08203184219066634 0.14513325926040965
0.08316925430074522 0.11123604741144986 0.11250692960621522 0.13348325689373985 0.1024192886717868 0.19021870932858348 0.10011244267030489 0.16685407111717482
0.11699070488187757 0.08589894366847145 0.15583224270693782 0.09613841699646242 0.1464354725689442 0.1404219048584521 0.14291621392309936 0.11536610039575489
0.10853610856394527 0.07208418726221529 0.23488991590544675 0.13199890617123533 0.10376325502764161 0.08275968179911639 0.14716892971628773 0.11879901555411179
0.12166418727492254 0.081311949995522 0.19299285535176228 0.09442320884179599 0.14453162371298128 0.11140188241222063 0.14036644180064003 0.11330785061015518
0.10828531952048587 0.07084959778171683 0.24893272067022618 0.13029185633466495 0.10212894929091904 0.07698318916049812 0.1452656965402906 0.11726267070119845
0.13891380999066563 0.09273985389900868 0.225731743498558 0.10780943304238984 0.12338736206844911 0.09418983540059102 0.12019947236218688 0.09702848973815084
0.12783539874098115 0.08154830670702284 0.1879507556223301 0.09263295697811037 0.14857291142689472 0.1125950099864539 0.1377051121644745 0.11115954837373242
0.10969512445579066 0.07084102623662882 0.24670722857630062 0.13022166991140063 0.10296760937657992 0.07718039460689526 0.1451874439161437 0.11719950292026057
0.0825554258149167 0.1204281980715603 0.1332581272172168 0.13999733691974808 0.09765168835127268 0.16315770384558473 0.09495471547600307 0.1679968043036977
0.10566977177191202 0.06851761926182758 0.23631653076073172 0.13703523852365515 0.09575203837619098 0.08553854094670348 0.15170364215886933 0.11946661820010963
0.08194725668982525 0.12038938362513402 0.13102711362256106 0.140320785550969 0.09625524934523996 0.16650117047923332 0.09517409802587462 0.16838494266116277
0.1056294096315306 0.06858438719933466 0.23548537958857055 0.1371687743986693 0.09555444384726643 0.08614309938170597 0.15185147186177472 0.11958303409114761
0.07212621742470422 0.10597986030162822 0.08032436727545404 0.08614643476476479 0.14115087650452363 0.24459644794357444 0.09738292625582105 0.17229286952952957
0.07364414823977487 0.12076627712468876 0.09380827107585114 0.13560684949225232 0.10253131503795486 0.21893809998316058 0.09197681965561463 0.1627282193907028
0.1017833573440425 0.07702874421058682 0.21294507384064493 0.13668901012038162 0.09765020888317541 0.0984854508809969 0.15239804561182846 0.12302010910834346
0.10442757493185832 0.07120781011235017 0.25875215137953395 0.13172105398483133 0.09315208442253328 0.07533123131885969 0.14685914526368507 0.11854894858634821
0.1204425896171079 0.08112094989761717 0.20045170614889804 0.09427952112763842 0.14103466099841885 0.10938230649427605 0.1401528403628774 0.1131354253531661
0.10779301705549967 0.07068971655934513 0.2518103215869754 0.1300199613937775 0.10121094331285317 0.07649552086528107 0.14496255397186833 0.11701796525439974
0.138696944503253 0.09267006425508738 0.22668756872499177 0.10774287722363628 0.12307585391068561 0.0940328342899447 0.12012526759112879 0.09696858950127264
0.11080841452188776 0.07071158633514045 0.2612140728427505 0.12852495874011044 0.09656755589720051 0.07320521121641911 0.14329573758039177 0.1156724628660994
0.1045372960818652 0.06938321326900414 0.2758728215650962 0.12905259598315574 0.09123994005499153 0.0698827829305735 0.14388401373047363 0.11614733638484016
0.09381042115914905 0.13813121879829043 0.16050798293265778 0.16079171794275895 0.08201496897678798 0.1382370962188173 0.08179404782305565 0.14471254614848306
0.08291633326938427 0.11112583663764396 0.11449302055435728 0.13335100396517274 0.10169631474296834 0.1897154829001278 0.10001325297387957 0.16668875495646593
0.07683848558473343 0.12369646822326419 0.10282482404265969 0.13845333055714945 0.09607564278923687 0.20205977575648446 0.09390747637789267 0.16614399666857932
0.07569499110393066 0.12500980370834383 0.1001786494623191 0.13832144762918736 0.09478541315246788 0.20620593244023416 0.0938180253484923 0.1659857371550248
0.102247608100138 0.07733911043949641 0.21584477349758394 0.13675491049297928 0.09600526764119376 0.09625739077559077 0.15247151960933658 0.12307941944368135
0.10445568502558562 0.07117797250300169 0.2598558259999268 0.13162734310847624 0.09275132887572961 0.07491257105975337 0.1467546646298981 0.11846460879762861
0.137775222609656 0.092783831335915 0.22969434846906867 0.1078365986058931 0.12088223559953074 0.0937450646964206 0.12022975993821217 0.0970529387453038
0.11052812811481556 0.0706733364837638 0.2623858930709156 0.12844248189156066 0.09605877730669289 0.07310936738059944 0.14320378204924744 0.11559823370240459
0.12167925823918668 0.08080328303768357 0.2011931623603017 0.09393660563987712 0.14152611334411624 0.10849457715229908 0.13964307345868301 0.11272392676785253
0.08369417648765366 0.11993262544917488 0.1220464439953283 0.13790812356025242 0.10460962198165305 0.1727815764475506 0.09353768380608425 0.16548974827230287
0.10327867746601786 0.07635807385319249 0.22421476370907056 0.13563619323751505 0.09728423063844646 0.08993125382613762 0.15122423335585633 0.12207257391376357
0.1043676175886098 0.07087842710697505 0.26286164720311467 0.13118543877713687 0.09272398537640912 0.07365401476994145 0.1462619742783899 0.11806689489942318
0.10323747482676296 0.06951117567069197 0.27679489312123035 0.12929474019830103 0.09058946866641485 0.0700529948782309 0.14415398645989683 0.11636526617847093
0.10250175846242889 0.06906633570555987 0.2817792468621109 0.12862087649470366 0.0897342500425292 0.06913606486871247 0.1434026787187218 0.11575878884523327
0.10216929213319587 0.06891294583761147 0.2835624522241818 0.12838476189925846 0.08941387248687581 0.06887096114425141 0.14313942856529263 0.11554628570933262
0.1363447997295921 0.09201247387214466 0.23735107904113956 0.10715122668210046 0.11932273944579935 0.09191595582499172 0.11946562139034185 0.0964361040138904
0.1099473642412194 0.0704409827399746 0.2652298490357612 0.1281069859234753 0.09551486202113631 0.07263393962546072 0.14282972908184485 0.11529628733112778
0.10421865606836063 0.06927267766144696 0.27733720475631396 0.12887703575897802 0.09091528579039809 0.06970153059939753 0.14368827718202473 0.11598933218308022
0.0815886691876573 0.1201980599389992 0.1400174775368514 0.13992991695068818 0.0951009494719681 0.16034003942384775 0.09490898714916242 0.1679159003408258
0.08043918424267679 0.11061233373620727 0.10960803213178828 0.1327348004834487 0.10416047662683538 0.19697557181214606 0.09955110036258655 0.16591850060431088
0.0898730702614549 0.14540545000654057 0.08348845212278841 0.11355528193784402 0.11359871987702506 0.24079258319804878 0.0770201042708855 0.13626633832541282
0.11750715774995517 0.08762501443352638 0.14479112819327036 0.0947856660090937 0.14847570877685431 0.15216726690242155 0.14090525872396614 0.11374279921091243
0.10894682867800452 0.07237497506653474 0.2304349728222769 0.13229105251163112 0.10445785089888286 0.08493772167833843 0.14749465108386334 0.119061947260468
0.10520171917677515 0.07026358671618904 0.2647332183850918 0.13051516322102294 0.09377837685463297 0.07252962169348068 0.14551466705388677 0.11746364689892065
0.08181362948124306 0.12042919521637734 0.1372839715733398 0.14008015950726116 0.09576944948763487 0.1615165125292009 0.09501089079622932 0.1680961914087134
0.14204954069913472 0.09224694150920193 0.19243741943622536 0.11069632981104233 0.12840846135228856 0.11511142703692293 0.12254538749940379 0.09650449265578048
0.12904280431961815 0.08178094122400698 0.177674347583747 0.09295534891486729 0.15059719136112698 0.11821857846713939 0.13818436943165346 0.11154641869784074
0.11030152532789457 0.07107569921582664 0.2427560015350658 0.13062780722514253 0.10368986644358273 0.07834381703764846 0.14564025671221112 0.11756502650262826
0.13964796851758643 0.0928526723854611 0.22363755157476814 0.10791942068607588 0.12391959746897692 0.09457321037279953 0.12032210037686371 0.09712747861746829
0.0868480624748545 0.12125874537422376 0.12703311483065322 0.13772753846165775 0.10089698563232224 0.16754730707221827 0.09341520000008091 0.16527304615398927
0.0777979481621154 0.12534222598162173 0.105896091642456 0.1389844757329811 0.09626031344079243 0.19466984279373856 0.09426773136671762 0.16678137087957728
0.10257547157308276 0.07724566817723799 0.21814648182462337 0.1365590429480147 0.09616049569558696 0.09415655921455883 0.15225314191368206 0.12290313865321323
0.10444899084645075 0.07111400118964471 0.26069480595464417 0.13151879816012974 0.0927104966501172 0.07451234374203587 0.14663364511286103 0.11836691834411674
0.08170504319534462 0.12058811488255584 0.13640424511587776 0.14015928746104755 0.09557438080393785 0.16231322339700777 0.09506456019097138 0.16819114495325707
0.10194758448102023 0.0820794696706629 0.2290573293078911 0.13425094507944418 0.094623948247646 0.08753508760550029 0.14967978503633553 0.12082585057149978
0.09291388136502345 0.14762078345475524 0.148092700949227 0.1601457647061177 0.08229723435616157 0.14333299271314054 0.08146545422006858 0.1441311882355059
0.08278413173917708 0.11120596881040654 0.11183407570653174 0.13344716257248784 0.10179194260598308 0.1920423934204379 0.1000853719293659 0.1668089532156098
0.07609192855389624 0.13204216932484208 0.10134441461315691 0.1368727233527347 0.0952233513530443 0.20134273241805895 0.09283541236098528 0.16424726802328163
0.10163481143442303 0.08431497735791425 0.21501785809426574 0.13550939649325455 0.09547658234393853 0.09500505298382535 0.15108286444844948 0.12195845684392909
0.10394885719944962 0.07568510638669831 0.25888514103362453 0.13092744549780938 0.09230786620221494 0.07443655170700528 0.14597433102516955 0.11783470094802845
0.08112940958167787 0.12696647734434433 0.13538142591294575 0.13909904138403126 0.09490519310200143 0.16125416624934064 0.0943454367648212 0.16691884966083748
0.10182955901221048 0.08288224566339934 0.2286254719408969 0.13426182525246158 0.09449942910681616 0.08737391067970336 0.14969191561729672 0.12083564272721542
0.0928909445413225 0.14781398909974955 0.14798268241578272 0.16015062798537913 0.08227542352262338 0.14328283909921724 0.08146792814908417 0.1441355651868412
0.1454237795372873 0.0923091455708609 0.19642148518219138 0.11077097468503308 0.12471205087602596 0.11116497403112847 0.12262802244334145 0.09656956767413141
0.1031127144673503 0.15165787055985286 0.09912443088726305 0.11246924580813927 0.1185748001446573 0.20381435470179754 0.07628348846117271 0.1349630949697671
0.10671486694457467 0.08580003405221046 0.21156303443415553 0.1333269891618467 0.09930018985781222 0.09465095216358994 0.14864964314014847 0.11999429024566202
0.10505427938503094 0.07582391888871788 0.25731815791346185 0.13081839479214682 0.09304652905292002 0.07434941702832196 0.14585274762646816 0.11773655531293215
0.10321048997678552 0.07353666661582016 0.27421574323161246 0.12887102555716884 0.09048360157000837 0.07001697379162265 0.14368157625553002 0.11598392300145195
0.10223482511797283 0.0728419468638087 0.280326452056698 0.12809615351536008 0.08947087559843711 0.06892555692871419 0.14281765175518502 0.11528653816382407
0.11897537389359172 0.08484464211995733 0.20634145133220233 0.0933486226438974 0.13880587285977763 0.1068966927341328 0.1387689972437639 0.11201834717267689
0.1407932136658315 0.09863784761273969 0.20859312540198502 0.10622699033356131 0.13204188696687122 0.09966747788422371 0.11843516683458254 0.09560429130020516
0.11133783929378431 0.07616390827787929 0.2534220197288832 0.12821049499439235 0.09841819198283713 0.07411296625591084 0.14294513397135983 0.11538944549495311
0.12154700017668718 0.08546454247073201 0.1979694220574973 0.09352554163878853 0.14183785035770533 0.10839299411975463 0.13903199921228865 0.11223064996654623
0.10770361622669695 0.07512508867583419 0.25011489874702325 0.12932294339322925 0.1010801012830289 0.07607727170275544 0.14418543091752575 0.11639064905390632
0.12069831538718201 0.08539510661497836 0.19701295041803987 0.09362067336855648 0.14277786503280757 0.10897686221813477 0.1391734189180332 0.11234480804226775
0.10754723755674848 0.0751429830755697 0.249761893842926 0.129370477061191 0.10130604689429162 0.07619950480418673 0.14423842741001444 0.11643342935507191
0.13803542432148272 0.09769747587452166 0.22525461960118678 0.1071056013530072 0.12256636008724363 0.09353072499157328 0.11941475255327816 0.09639504121770646
0.11027665724235693 0.07575747197414626 0.2599267472831902 0.12773581655110686 0.09610655052979386 0.0728186185925489 0.14241590293086093 0.11496223489599618
0.12118754173780728 0.08534307665281436 0.19995800395356822 0.09344838490186543 0.14101877175593755 0.10798885857508508 0.13891730054068352 0.1121380618822385
0.10756140782209435 0.0750669233301383 0.25087976537935053 0.129246331155466 0.10085624008658108 0.07596762019669945 0.14410001398975086 0.11632169803991937
0.08168548674973765 0.12669270940322272 0.13354384906567474 0.13890794165952872 0.09661063322990485 0.16165402860099043 0.09421582129950644 0.16668952999143444
0.07624427839636166 0.13578742190379056 0.10646117958087477 0.13752774498562487 0.0945754211753407 0.19109097207196418 0.0932796879032934 0.16503329398274982
0.07490226680160791 0.13689689364055127 0.1000948788574702 0.1367791875426635 0.09364903653185312 0.20077074089354685 0.0927719706811109 0.16413502505119618
0.07452720701477637 0.1368571430822021 0.09854301774302182 0.1364985674582307 0.09327883440019792 0.20391531229306822 0.09258163705862606 0.16379828094987683
0.13227351540388846 0.11091490557184003 0.17446124772970853 0.11062443747604779 0.12417286830931229 0.12465303955000218 0.12333799223075775 0.09956199372844299
0.08464916926402254 0.13178303298006402 0.11502158811089258 0.1361147942908295 0.09988126720048894 0.1768910562683183 0.09232133873638872 0.16333775314899543
0.07647006100997242 0.1363177326996614 0.10210873287328205 0.13696119408122567 0.09490368707381473 0.1959897407703505 0.09289541859422264 0.1643534328974708
0.10171966508712527 0.08484724898940028 0.21536101829006662 0.13551890714466408 0.09540483966301334 0.0940878362805118 0.15109346811502097 0.12196701643019767
0.10395995575326825 0.07574420877829396 0.25901652637296024 0.130919333430867 0.09228625836678209 0.07428103053414117 0.14596528667590694 0.1178274000877803
0.11985838919567889 0.0855898862568894 0.2000465051270009 0.09375955075605674 0.14020015101383076 0.10865418726113718 0.13937986948213807 0.11251146090726809
0.08283290860594077 0.12711560861325372 0.12110467736174554 0.1367414487112391 0.10367671330550883 0.17169253104033225 0.09274637390849264 0.16408973845348693
0.10211702682513797 0.08688615136605418 0.2219704351416979 0.13387616488073395 0.0962521876176596 0.08914755269261054 0.14926193308344515 0.12048854839266056
0.10352909047388809 0.07826768582340456 0.2609570943412062 0.1300731884526138 0.091989324945708 0.07309584818552475 0.14502189817030225 0.11706586960735244
0.10252860224235126 0.07595487349506311 0.2751991586197898 0.12829279450981734 0.08996205105668453 0.0695621132281546 0.14303689178930382 0.11546351505883559
0.10182525305694956 0.0752399903546188 0.2803422889840737 0.12763284922798906 0.08913107760640629 0.06865787441505929 0.1423011020497132 0.11486956430519016
0.1014982943675908 0.07500229816598165 0.2821974345753627 0.12739752137120297 0.08881411170666806 0.06839384152793407 0.142038729051177 0.11465776923408266
0.10136495177742785 0.07492022858637967 0.2828671760722098 0.12731370752276816 0.08869709927706504 0.06830921712872112 0.14194528286493704 0.11458233677049134
0.09204637773257016 0.14912762307376948 0.16075812084679647 0.15840888489370686 0.0805452151716796 0.1359638708659947 0.08058191101114655 0.14256799640433618
0.10736478828174768 0.06800107571758592 0.24718823593165096 0.13600215143517183 0.09154765090047007 0.08077014727435644 0.15055997228476486 0.11856597817425236
0.07203898721499052 0.11367729698649955 0.08166821720952694 0.08548489367978224 0.13918221224939648 0.2403435080970076 0.0966350972032321 0.17096978735956447
0.10004635310016594 0.08519867253030686 0.20463076612817108 0.13411478775955304 0.10428117292734844 0.10149695878520597 0.14952797978565094 0.12070330898359775
0.10356787157750319 0.07839312553741959 0.2543924831490488 0.13071420503559952 0.09407216593573567 0.0754807804093808 0.1457365838232729 0.11764278453203957
0.10274918927053721 0.07613444943239632 0.2728014054467642 0.12857776467623522 0.090567483582219 0.07009510712480706 0.14335461225842938 0.11571998820861168
0.10195272558703698 0.07532667261358732 0.27947419745284524 0.12774009891114896 0.0893214348251778 0.06879810414744104 0.14242067744272874 0.11496608902003407
0.10155490389880704 0.0750368941149262 0.2818836833742491 0.1274364375874109 0.08887714358676586 0.06843602588111747 0.14208211772805365 0.11469279382866983
0.10138769690490017 0.07493318906300331 0.2827537698564559 0.12732772917043897 0.08871868218122395 0.0683230606148843 0.14196091595569835 0.11459495625339507
0.10132231884357654 0.07489604655538742 0.28306818489146196 0.12728875827160652 0.08866205522198958 0.06828528745975587 0.1419174663117762 0.11455988244444586
0.10129764346231658 0.0748827112869529 0.2831818703535379 0.12727474251543705 0.08864176213988029 0.06827216218838267 0.14190183978959922 0.11454726826389337
0.08026764227207746 0.13005344334224314 0.14027778026659243 0.13815707618021206 0.09365301155867625 0.15809601633736578 0.0937065386265786 0.16578849141625443
0.11497299418042281 0.09891159156291718 0.16337522699050475 0.09478563769437556 0.14217716598002378 0.13112940172626938 0.14090521663223593 0.11374276523325068
0.1218434037005532 0.09161477161021006 0.1680981884123999 0.09266010331012688 0.15473389074124222 0.12211205124303727 0.13774546701027815 0.11119212397215227
0.08261102573775234 0.1322439701101805 0.1133727215481801 0.13558503851958992 0.10603388827612173 0.17548928345833692 0.09196202612633056 0.1627020462235079
0.10224319626223423 0.08784728434376506 0.21877731542107082 0.13408709250253642 0.09691556523358337 0.0899540613436396 0.14949710164088761 0.12067838325228279
0.08044428427852669 0.13350625221531448 0.1259933776880925 0.13841908257026622 0.09541670054254366 0.16623315631240854 0.09388424730852839 0.16610289908431947
0.10154827943258365 0.08786597167292189 0.22416711707848713 0.13390622579703645 0.09451019246603842 0.08819116157382906 0.1492954487617705 0.12051560321733282
0.13691649323958097 0.10383450276611765 0.21677742410185633 0.10764807743595636 0.12133903536054536 0.09658162450110573 0.12001957290247672 0.09688326969236073
0.11006025085717379 0.07973380429162516 0.25631478204408753 0.12759682383931964 0.09587724433764051 0.073319016744957 0.1422609364298086 0.11483714145538768
0.1039538266109098 0.07613922018625513 0.27317900525448996 0.1281793163656503 0.09071008908814282 0.06956678563839096 0.14291037212707577 0.11536138472908528
0.1021833719161641 0.07529776887353931 0.2795652642312906 0.1276816790458924 0.08931673343031814 0.06868612770883323 0.14235554365265915 0.11491351114130317
0.10159937697656593 0.07502725793152096 0.28190938515150116 0.12742622714655508 0.08887021673692896 0.0684131977765558 0.14207073384847257 0.11468360443189955
0.10139610307296593 0.07493060465606442 0.2827618152750848 0.12732557916419848 0.0887160032474331 0.06831835447728622 0.14195851885918845 0.11459302124777863
0.10132381100067665 0.0748953707492226 0.28307086588518426 0.12728822287080394 0.08866119065883381 0.06828426887171858 0.1419168693798366 0.11455940058372355
0.10129786683839975 0.07488252711353595 0.28318279662456003 0.12727459036911665 0.08864149438819285 0.06827192317618357 0.14190167015780616 0.114547131332205
0.10128851731633105 0.07487785778299116 0.2832233196733199 0.12726964164438115 0.08863438633576273 0.06826744706823698 0.14189615269903394 0.11454267747994305
0.10128514116029257 0.07487616364353977 0.28323798825806307 0.12726784842813935 0.08863181669232584 0.06826582483556759 0.14189415339674638 0.1145410635853254
0.08026517610025845 0.13005122738614103 0.1402898715392506 0.13815637676325426 0.09365058417897928 0.1580930476767865 0.09370606423942464 0.16578765211590513
0.07550766823469567 0.14237407427604462 0.10729869187133588 0.1364356620519972 0.09337383336981693 0.18874830495061942 0.09253897078309377 0.16372279446239663
0.11397483199848449 0.10132797861945643 0.15291487113386615 0.09497628866302284 0.1424056798994722 0.13924017118802462 0.14118863210204588 0.1139715463956274
0.10727614873184657 0.08121293840842427 0.23248496604126603 0.130823233506871 0.10244037276893403 0.08216328795418688 0.14585814243228748 0.11774091015618388
0.08131628213628365 0.13173984938895136 0.12905489464257924 0.13828566460629318 0.09656327987883907 0.16330347669523326 0.09379375512426842 0.16594279752755178
0.10164033244624522 0.08749593387705627 0.22534446870920316 0.133756179331644 0.09464738099871162 0.08760698508830488 0.1491281581503553 0.12038056139847957
0.10332664144633481 0.07828799870890546 0.26223663467989516 0.12995073642518393 0.09158002897764654 0.07277692368143973 0.14488537329792897 0.11695566278266553
0.08068921076249216 0.13107461867400452 0.13570581716547425 0.1383627092695277 0.09435439261750612 0.1599319888830127 0.09384601150454924 0.16603525112343323
0.10131296956994003 0.08723454476824122 0.22800694401475544 0.13351671305140614 0.09401856553432665 0.086884050196557 0.14886117111850802 0.12016504174626554
0.11945468447963863 0.09052504153723466 0.19048892320264146 0.0939579085913563 0.14107004224414965 0.11207916790849966 0.13967474172685207 0.11274949030962755
0.14088847809178837 0.10321698894453527 0.20268866326390336 0.10608248006376574 0.13262268088143478 0.10075242802907443 0.11827404866810895 0.09547423205738916
0.11126870568063305 0.07984809222848196 0.2506587048741477 0.1278877573291048 0.09844928016349015 0.07420317256848356 0.14258530555946458 0.1150989815961943
0.1212637667328402 0.08861011313797339 0.19680551283270575 0.09321718295954097 0.14152356447886963 0.10814563698169136 0.13857360332492955 0.11186061955144916
0.10742058476867555 0.07809482417897377 0.24921737784860906 0.12888102948560975 0.10082728877912041 0.0758732385127828 0.14369272988917983 0.11599292653704879
0.10362702761064566 0.0760914208613706 0.27063481351872043 0.12854222698885528 0.0919381337511207 0.07016338259025054 0.14331499038906698 0.11568800428996975
0.10219792842731858 0.0753569576669244 0.2786504445313333 0.12780166434093204 0.0896394464321891 0.06884274239196203 0.14248931830250183 0.11502149790683883
0.11869215019462295 0.08765804762729514 0.20552688573162547 0.09303977087557058 0.1385249992647375 0.1066005529090931 0.1383098683463706 0.1116477250506847
0.08226824302131532 0.13155284853678112 0.12185723470204343 0.1359383494177852 0.10289267327669795 0.17016296866066738 0.09220166308336737 0.16312601930134227
0.1154201532431928 0.09912184379935166 0.15725828747693782 0.09468436605079988 0.1449973575542768 0.13414208308224732 0.14075466953223387 0.11362123926095986
0.10743358120513645 0.08073482595549795 0.2341104301878378 0.13059362732179167 0.10281198097102688 0.08117914109838274 0.145602148670714 0.1175342645896125
0.08134812627403723 0.13161993107205203 0.1294232665332652 0.13828431316425308 0.09664625063796473 0.162944098027309 0.09379283849401512 0.16594117579710366
0.10163595679201409 0.0874671032901391 0.225488835007429 0.13374053805555888 0.09465372993020567 0.08753663337987035 0.14911071929477984 0.12036648425000301
0.11957660444219707 0.09059588911922324 0.1897230630331871 0.09399290303412579 0.1413134639438024 0.11227982947011153 0.13972676331640194 0.11279148364095094
0.12265488693036698 0.08984836143166174 0.17616102789852503 0.09233068883267358 0.15398109773045993 0.11697134031241355 0.13725577026469088 0.11079682659920831
0.08280871979797627 0.13186864147389898 0.11521713712265659 0.1356576941069305 0.10594996231476814 0.173697306687274 0.09201130556817894 0.16278923292831657
0.10223533894223495 0.08774186534870339 0.21951806540169883 0.13401790603960465 0.09684687175709839 0.089603873177128 0.14941996389788756 0.12061611543564417
0.10363245358453686 0.07845690404449418 0.2600387674027203 0.13017530045823605 0.09217811322675971 0.07322494543456837 0.14513574543627214 0.11715777041241245
0.10258175020700828 0.07600636379767746 0.27486430572065085 0.12833390118571295 0.09002654811963848 0.06960389723690534 0.14308272266526503 0.11550051106714165
0.10184803262364538 0.07525609590879875 0.2802210065164646 0.12764793193570056 0.08915366741071822 0.06867220871930584 0.1423179181432363 0.11488313874213052
0.10150729790499999 0.07500772775184024 0.2821535675230168 0.12740295829081033 0.0888221115518803 0.0683988837049242 0.142044790810799 0.11466266246172929
0.10136837002875228 0.0749221273357908 0.28285131042929107 0.12731566465704314 0.08869995174488386 0.06831101268930119 0.14194746492359883 0.11458409819133883
0.10131487555884366 0.07489197905019392 0.2831034523518203 0.12728441176734412 0.08865552765626672 0.06828116274103209 0.14191262028388962 0.11455597059060972
0.10129485412009648 0.07488123249468284 0.2831946265367028 0.1272731746348381 0.08863945330338688 0.06827071001920129 0.1419000917197374 0.11454585717135428
