0.125 0.125 0.125 0.125 0.125 0.125 0.125 0.125
0.09592326139088728 0.15987210231814547 0.08633093525179857 0.14388489208633093 0.11990407673860912 0.19984012789768185 0.10791366906474821 0.08633093525179857
0.06430745814307458 0.11377473363774733 0.056062912227295786 0.09918822932521562 0.12861491628614916 0.22754946727549466 0.11212582445459157 0.19837645865043124
0.10932790581880525 0.08825264686578256 0.13665988227350656 0.1103158085822282 0.1311934869825663 0.12787944045022928 0.1639918587282079 0.13237897029867382
0.07824847058747411 0.1258758092694213 0.08893399567948244 0.15734476158677665 0.08537663585230315 0.16868581830503152 0.10672079481537894 0.18881371390413196
0.11112908461387873 0.0875141541334295 0.1333549015366545 0.1050169849601154 0.13891135576734842 0.12610866086761122 0.1666936269208181 0.13127123120014422
0.06757034373627874 0.1083751395047087 0.05340224265449414 0.09448089085025886 0.13829810252414876 0.24210701372060495 0.10680448530898828 0.18896178170051772
0.0987671511897045 0.07489143039929712 0.1855519021833332 0.14978286079859424 0.09453447632208975 0.09467089242324643 0.16699671196499985 0.13480457471873483
0.10697949927329824 0.07730999357691555 0.1963428408302617 0.1546199871538311 0.08558534087472947 0.07319474466380603 0.17117068174945893 0.1347969118776989
0.10150334562136319 0.15389860375148443 0.0982426286847557 0.13850874337633598 0.11542395281361333 0.20543592219439372 0.103881557532252 0.08310524602580159
0.07421232961824939 0.11963074839120813 0.09250058989635888 0.14953843548901016 0.09014014746757786 0.19310555726258533 0.1014260692881982 0.1794461225868122
0.11460361055062411 0.08435536414823044 0.1397379843485479 0.10122643697787653 0.1338974034098896 0.13896927025061842 0.16067688409186753 0.12653304622234568
0.08944228295824934 0.14251047480296436 0.0796756281447743 0.12423990111027665 0.1091273056163331 0.22164946267331742 0.08426706336175284 0.14908788133233197
0.129553465166537 0.09616415727228327 0.1605189198665649 0.1202051965903541 0.11866302563886116 0.13269073487289504 0.13401982366118584 0.10818467693131867
0.10934625674493119 0.07224026737292759 0.2071223911252799 0.14448053474585518 0.08990326493591169 0.08578978969165478 0.16108501411216986 0.13003248127126965
0.11028810137876627 0.07354276807819453 0.22339314747062552 0.14708553615638906 0.08141486738815185 0.07321742861522991 0.1628297347763037 0.12822841613633917
0.08414637944077097 0.11823734173929437 0.11722512682171768 0.14188481008715323 0.08867800630447076 0.16605871543228642 0.10641360756536493 0.17735601260894152
0.07976403300460422 0.1163954327046459 0.10039961119266601 0.13967451924557509 0.08729657452848442 0.19712079083287434 0.10475588943418132 0.17459314905696885
0.06656788341289054 0.09765919501751745 0.061767357169176536 0.0878932755157657 0.11719103402102092 0.2876627732131785 0.10547193061891884 0.1757865510315314
0.0715504943382309 0.11331893969152737 0.08876198275334787 0.14164867461440925 0.08592237859471248 0.23274436725375133 0.09607475321672974 0.16997840953729104
0.07303604556991067 0.1149024813845602 0.09372797147768988 0.14362810173070026 0.08460234395552302 0.2203320126309093 0.09741732117386627 0.1723537220768403
0.09977457940160951 0.07141239860440964 0.2059567921146357 0.14282479720881927 0.09140889359034969 0.10084123127136116 0.15923899032087763 0.12854231748793737
0.11592149475661924 0.07960122958673813 0.17976568923211508 0.09950153698342265 0.1373640451653433 0.12052844223074555 0.1479157176649089 0.11940184438010717
0.10205287042387248 0.06817933437034786 0.2379403899200723 0.13635866874069572 0.09974739918736233 0.08096879586520278 0.15202973962582045 0.12272280186662614
0.09822745300610705 0.06703495632343869 0.26564607338441576 0.13406991264687737 0.09163516789527722 0.07324556797778778 0.14947794738390655 0.12066292138218965
0.09631450268010645 0.06604141392270227 0.2793616221240043 0.13208282784540454 0.0890333298325511 0.07102926241419244 0.1472624961201749 0.11887454506086408
0.07585199961392684 0.11424828324638682 0.1423902852915153 0.1428103540579835 0.09331394132665428 0.16315003666766859 0.09686267492628448 0.1713724248695802
0.09976076887660537 0.06874531704051505 0.2356803475836195 0.1374906340810301 0.09280938285493072 0.08848018238510441 0.1532917965052679 0.1237415706729271
0.09136105601222656 0.13155152431923176 0.15343415796943294 0.1644394053990397 0.08115847122087787 0.14641030964750051 0.08364961057255497 0.14799546485913573
0.10410970055632535 0.06832009280905431 0.24015127436454284 0.13664018561810862 0.09017860409444235 0.08528036556581528 0.15234360993541363 0.12297616705629774
0.10330894166867283 0.06584288877494084 0.272330809110145 0.13168577754988167 0.088658237035651 0.07283633139452915 0.146819814671286 0.11851719979489349
0.13648799572577952 0.08701043937449277 0.23790293526411344 0.10876304921811594 0.11695128814218173 0.09373486474627689 0.12126268323273524 0.09788674429630435
0.10897260120951369 0.06483655046868028 0.26971553473235166 0.12967310093736056 0.09216620228023673 0.07335438908016056 0.14457583044807212 0.11670579084362448
0.10299502910706049 0.06487876305024268 0.2830895794783556 0.12975752610048535 0.08782686289056817 0.07000050767827998 0.14466995820457096 0.11678177349043681
0.13595623448856262 0.08667868543938435 0.2415133302179255 0.10834835679923045 0.11637123011197517 0.09281830969074113 0.12080033213287335 0.09751352111930739
0.10999471561478218 0.0646242253431288 0.27087291124502316 0.1292484506862576 0.09182301431804483 0.07301070006672197 0.14410237710840956 0.11632360561763183
0.08303332316140415 0.11310596088924586 0.14115434974691982 0.14138245111155734 0.09312198438006349 0.1626488051447539 0.09589418423218672 0.16965894133386877
0.1031940464821102 0.06822937677658726 0.23515627764802086 0.13645875355317452 0.09402993914681394 0.08797740147271774 0.15214132672271843 0.12281287819785706
0.10401554949632855 0.06566714046159006 0.27028650291718376 0.1313342809231801 0.09092806928410986 0.07313968192314016 0.14642792216360526 0.1182008528308621
0.08195514749982051 0.11303859077885355 0.14097248092539788 0.14129823847356693 0.09472751139430334 0.16261307866466249 0.09583706609511497 0.1695578861682803
0.07787936162879344 0.11309634877727394 0.11115602780565054 0.14137043597159243 0.0951546667444551 0.1958126010734175 0.09588603483290617 0.1696445231659109
0.07706997406839786 0.11249055921323879 0.10399404511780101 0.14061319901654848 0.09473355278609397 0.20699040034075047 0.09537243063731116 0.16873583881985818
0.07688130976334467 0.1121990072791556 0.10217592503757704 0.14024875909894452 0.0944282451905027 0.2106429974098493 0.09512524530189281 0.16829851091873343
0.11708917497338527 0.07792696394722559 0.1549476080719557 0.09740870493403199 0.14366964304922472 0.1472628768431954 0.1448045822601431 0.11689044592083839
0.10965231438070532 0.06640232379741348 0.23730270848071483 0.13280464759482696 0.10182073660117433 0.08442581503618556 0.14806727127363545 0.11952418283534426
0.08353883726132709 0.11290222628934848 0.13333561084394177 0.14112778286168562 0.09676657917823554 0.16725417140786078 0.09572145272357807 0.16935333943402273
0.11848632160617856 0.07766743113094256 0.164877105472623 0.0970842889136782 0.1452984153110389 0.13576297481237345 0.14432231605675147 0.11650114669641383
0.08396868840758855 0.11100412998557405 0.1154946410062157 0.1387551624819676 0.10607019936615358 0.18408878661245703 0.09411219716168237 0.16650619497836108
0.10444545329998463 0.06834633311722495 0.22395545290767263 0.1366926662344499 0.09858223144468559 0.09255234147880724 0.15240212190617025 0.1230233996110049
0.1219427340291167 0.07608297335101517 0.19232570072052016 0.09510371668876898 0.14432114007020008 0.11472121269294006 0.14137806242091625 0.11412446002652277
0.1440464098425778 0.08611205343805141 0.20715231690465294 0.10764006679756426 0.13554624156833306 0.10261620969253431 0.12001064163847837 0.09687606011780783
0.11349267162207223 0.0646878259327826 0.2563850729686692 0.1293756518655652 0.10018182308922793 0.07519467091196189 0.14424419693071225 0.11643808667900868
0.10588938961485264 0.06461278745123909 0.277073319575561 0.12922557490247819 0.09243407040906344 0.07038496831793152 0.1440768723166436 0.11630301741223038
0.10360501737303576 0.06426616917256694 0.28500751805112245 0.1285323383451339 0.09037397256103165 0.06923191469721253 0.14330396528927614 0.11567910451062051
0.08229242240107529 0.11241824967483766 0.14402212850456836 0.14052281209354708 0.0957452188859569 0.16106066920343934 0.0953111247243189 0.16862737451225648
0.07831350821415119 0.112739132195636 0.11163109824352885 0.140923915244545 0.09679542096305233 0.19490504954933258 0.0955831772963001 0.16910869829345399
0.13591222604893097 0.09007784466737852 0.1828611363536476 0.11259730583422316 0.1274036010018768 0.12427271762200083 0.12553759322114133 0.10133757525080082
0.11281817466678702 0.0654850286526366 0.24756576423295978 0.1309700573052732 0.09965599051325437 0.07961009304383712 0.14602184001050608 0.11787305157474588
0.10612347720122421 0.064855709511437 0.2738715757385685 0.129711419022874 0.09273175265705681 0.07134723649439194 0.144618552253861 0.1167402771205866
0.10380031926485382 0.06433928655532502 0.2838256176614082 0.12867857311065004 0.09061661392851625 0.06946186753987729 0.14346700613978441 0.11581071579958503
0.08235261895585165 0.11241531921276489 0.1437515045974458 0.1405191490159561 0.09588602925577294 0.1611437599409347 0.09530864020212675 0.1686229788191473
0.11796526304681512 0.07744785626174314 0.16798872552391483 0.09680982032717891 0.14578607185043843 0.1339161785288321 0.14391430006846298 0.1161717843926147
0.08391650931010841 0.11091210311685627 0.11615393844513125 0.13864012889607036 0.10665608702066087 0.18331890415420599 0.0940341743816825 0.1663681546752844
0.1371223474204161 0.08965649832620179 0.18392256960952189 0.11207062290775223 0.12971610386702404 0.12169791618928469 0.12495038106282226 0.100863560616977
0.11300214010423124 0.06539882407908769 0.24784472268230887 0.13079764815817538 0.10010029335635093 0.0793088715996418 0.14582961667784627 0.11771788334235783
0.10613581110545466 0.064823616237194 0.27392982635380125 0.129647232474388 0.09283246026008062 0.07140155529979221 0.14454698904234003 0.1166825092269492
0.10378944101814366 0.06432014970812759 0.28381922833835 0.12864029941625518 0.09065816425735347 0.06957211396036067 0.14342433382678005 0.11577626947462967
0.08232958600974621 0.11236929112081633 0.14371524118995638 0.1404616139010204 0.09590485717737049 0.1613958575348259 0.09526961638503993 0.1685539366812245
0.10335330900619356 0.06784765462570067 0.2354973040527353 0.13569530925140133 0.09586749808490988 0.08832300335310131 0.1512901432996967 0.12212577832626122
0.08240183481296019 0.11280209531441089 0.1328037078434409 0.14100261914301362 0.09724627263502365 0.16890376820862088 0.09563655907091359 0.16920314297161632
0.10298868645798319 0.07542680458034316 0.22979950119102863 0.13483858699170823 0.09583099686409942 0.08942573370766421 0.15033496191463588 0.12135472829253739
0.10433415892746543 0.07031008146521654 0.26702028777330256 0.13019386993461146 0.09240404176912169 0.07340662817248313 0.14515644901664887 0.11717448294115029
0.12049543407295685 0.08047356754139876 0.2047517501789332 0.09356389518605684 0.14076215623532623 0.10858750822577257 0.13908901433628748 0.11227667422326822
0.1079735734269153 0.07014273304233998 0.2551878430363007 0.12902721117390747 0.10141404373081335 0.0762743939706558 0.1438557115625506 0.11612449005651675
0.10433159658518444 0.06909622292541415 0.27605094402082114 0.12854701907315916 0.0925411890519756 0.07042037797215474 0.14332033320544757 0.11569231716584324
0.12024474164895009 0.08018271956295742 0.20741677549305548 0.0933249561653285 0.1405209077356996 0.10758613656178308 0.13873381543383165 0.11198994739839421
0.12372918361173858 0.0803916145024629 0.18376025158155884 0.09244889960253636 0.1549566730618693 0.11634319960316912 0.13743149851362121 0.1109386795230436
0.10926133489843302 0.07046163685187758 0.2466481493448238 0.12960878387273383 0.10491373393116869 0.0779543338947084 0.14450412172079427 0.11664790548546043
0.1218468706716864 0.08050305102091716 0.198057602357559 0.09358009981458891 0.1448219179686596 0.10978123478411131 0.13911310360497098 0.11229611977750668
0.10847801413499145 0.07026713841943788 0.25250909162314483 0.12925241073738977 0.10245158166101465 0.0766078014904749 0.14410679226989576 0.1163271696636508
0.1045328752781665 0.06916388304860345 0.27503475359190305 0.12865931015165682 0.09283665632431082 0.07053361309082688 0.14344552937804128 0.11579337913649115
0.10297952623897214 0.06864454712007978 0.2836163623156697 0.12782550434624657 0.09028365587317663 0.06909155206491062 0.14251589812932264 0.1150429539116219
0.13676420911372258 0.09141674436507306 0.23953541850616006 0.1064416427020581 0.11961646186797305 0.09175355680653807 0.11867448820662296 0.09579747843185228
0.11034176842156236 0.06991985681652096 0.2681483998554705 0.1271558978972646 0.09574230830425137 0.07248212368805368 0.1417693369093383 0.11444030810753816
0.12178388669899179 0.080189716792136 0.20473805334438225 0.09324789906198835 0.1414753944167924 0.10804830593708377 0.1386192648742394 0.11189747887438603
0.10824272951604177 0.07009524117096466 0.2551191928550809 0.12897108405112365 0.10154456058540973 0.07616008216613024 0.14379313400923785 0.1160739756460113
0.1043907150232263 0.06908928185996355 0.2760132987806579 0.12853940237921838 0.09257154758274909 0.07039845107277475 0.1433118411601136 0.11568546214129653
0.10291406637842146 0.06861540710660372 0.2839784275013066 0.1277794273421679 0.09020045299755443 0.06904620835763749 0.14246452570835733 0.11500148460795112
0.10232087437065543 0.0684009259888417 0.2869442199634497 0.127432047861052 0.0894879627935076 0.06864790243679166 0.14207722351075497 0.1146888430749468
0.10208696903574564 0.06831532205585436 0.28804037906415186 0.12729610994845897 0.08925473058941855 0.0685143274699234 0.1419256628828341 0.11456649895361307
0.10199683102345261 0.06828288456795828 0.2884445654667232 0.12724509375518755 0.08917435739842247 0.06846689977407219 0.14186878363451505 0.11452058437966879
0.08140881603748157 0.11946842482502928 0.14401136793579702 0.1391472260867195 0.09490083268985385 0.15970854255788908 0.09437811856316627 0.16697667130406338
0.07717053016203945 0.1249285797292882 0.11035534936389638 0.13870478972654074 0.0954787893040432 0.1928381827495591 0.09407803129278415 0.16644574767184886
0.11593360036756437 0.08692076247571845 0.15608129512762298 0.0960248365697945 0.14503330096242337 0.14202903162280162 0.1427473689903214 0.11522980388375342
0.08274850249215031 0.11984815361296859 0.11244694197607699 0.13696435953284083 0.10556829982580751 0.18516894552455912 0.09289756559618768 0.16435723143940895
0.10355014675473793 0.0762642044542796 0.22122959066061423 0.13539901222802456 0.0980806086346236 0.09265753203214833 0.15095979423034975 0.1218591110052221
0.081839708311661 0.12083895586267085 0.12879622754321884 0.13974219709727523 0.09702550010467545 0.16928511044561645 0.0947816641181519 0.16769063651673027
0.07717490062707834 0.12498058579685628 0.10687102779509891 0.13859948913220596 0.09583952071950153 0.19620847895050691 0.09400661002010491 0.16631938695864712
0.10197062509039316 0.08311540445022858 0.21814505136592768 0.1348307560861756 0.09579089677006286 0.09447335472029134 0.1503262310393629 0.12134768047755802
0.1204005779254693 0.08685323900621651 0.1893379026591429 0.0939714348826761 0.14249765778347864 0.11447861641642407 0.1396948494673812 0.11276572185921133
0.10810631806927685 0.0751816835077244 0.2485239092208459 0.1289802226847743 0.10195645276449185 0.07736589043281901 0.14380332290377074 0.11608220041629687
0.10424565289034556 0.07317466885634819 0.27300932507668224 0.12820418089782412 0.09254968941852983 0.07049462582734085 0.14293809422488749 0.11538376280804173
0.10264132428904398 0.07241726442194141 0.2823529701700539 0.12728123386136764 0.08997378449009763 0.0688712351363816 0.141909077155883 0.11455311047523088
0.09301021929189937 0.1441429448228402 0.16294984408320423 0.15851959518045808 0.08133990615150095 0.13673162595501723 0.08063822885266782 0.14266763566241228
0.13642297416036817 0.11032115587922306 0.19758193289746992 0.10861418870293114 0.1195305629301349 0.10867970072993689 0.12109671486729785 0.09775276983263802
0.14642865922345027 0.10215041316825194 0.2065545668470297 0.10540351102109688 0.12710873063847383 0.09997391032784556 0.1175170488548647 0.09486315991898717
0.08778511879281871 0.12967588539220073 0.12335165851317467 0.13545434180855567 0.10114069068254775 0.16817371497898062 0.09187337966145515 0.1625452101702668
0.10376420631922766 0.08310792383675239 0.22445568508200078 0.13379711947210476 0.09624813144449693 0.0890357229687885 0.14917380335173472 0.12041740752489431
0.13826925422857925 0.09933523103757866 0.21902794688670107 0.1074612731939723 0.12237118679034817 0.09700866187496576 0.11981130011327956 0.09671514587457508
0.11098923524834953 0.07576097743895613 0.25956896732125695 0.12723440399719385 0.09656028733478679 0.07351829970988705 0.14185686535209524 0.11451096359747447
0.10449561590110994 0.07294064111660505 0.2770856476645675 0.12764277902105256 0.09107027516336104 0.06957436698640714 0.14231217302794963 0.1148785011189473
0.10255425016436333 0.07228225705640888 0.2838541132826508 0.12708328591233384 0.08954237519410971 0.0686203811040877 0.14168837996494535 0.11437495732110046
0.10190052063373596 0.07204878287368699 0.2863941783953397 0.12680060098847296 0.08904299250736845 0.06831917634104004 0.14137320737073025 0.11412054088962566
0.10166864089653813 0.07195946970081384 0.28733886053433455 0.12668738854930703 0.0888674013866358 0.06821260528824453 0.14124698394974974 0.1140186496943763
0.10158452966220198 0.07192555763426517 0.2876891173415387 0.1266444305887905 0.08880376846195309 0.06817351975174736 0.14119908902959177 0.11397998752991143
0.10155370969640974 0.07191283587393815 0.28781883216797594 0.12662839049364025 0.08878042248318342 0.06815905232005492 0.1411812055205213 0.11396555144427623
0.1015423622777408 0.07190809732263731 0.28786684912456184 0.12662243389246158 0.08877181356856749 0.06815368895608603 0.14117456435472953 0.1139601905032154
0.10153817434946107 0.07190633852836825 0.28788462030430284 0.12662022638777384 0.08876863230117414 0.06815170122818162 0.14117210315174186 0.11395820374899644
0.11884758314328916 0.08416487090064279 0.21060856329436148 0.09262920191874328 0.13853519858383861 0.10636000984011308 0.13769953001651986 0.11115504230249193
0.08297401035855104 0.12630614012339828 0.12445186961370448 0.13598778032585038 0.10383946995023685 0.17102020310318336 0.09223519013405505 0.16318533639102045
0.10261627438752677 0.08268426219110918 0.22497041969584192 0.1337966679140553 0.09682275599102347 0.08951931879958551 0.14917329989820793 0.1204170011226498
0.10401305267674875 0.07486360365428381 0.26453384674574504 0.12966845856438586 0.09240769313144727 0.07324107797079064 0.1445706545486511 0.11670161270794727
0.1029192200070619 0.07286830194006082 0.27927777025707323 0.1277454149468405 0.09023800505098291 0.06955380992001833 0.14242660442580576 0.11497087345215647
0.08114661025314779 0.12578086094977953 0.14136287291255908 0.13823206446816477 0.09461960091752022 0.15922211288905838 0.09375740024797263 0.16587847736179773
0.08829003515813127 0.1564602657861291 0.12581258758553507 0.15842095764810082 0.0819499549953496 0.16589928457464687 0.0805880523688165 0.14257886188329072
0.0893570852860067 0.1629897780276667 0.12129611788167931 0.15765306937532766 0.07925350006946125 0.16736525597896193 0.08019743094310147 0.14188776243779488
0.13634222718927497 0.11425947350322135 0.18286367388631933 0.10948882383666839 0.11987554174768937 0.11655845061368887 0.12207186777013623 0.09853994145300154
0.11190339642922215 0.0785757679482574 0.24566488743989587 0.12895192949054773 0.09723145707013268 0.07784404697681081 0.1437717781036405 0.11605673654149296
0.08275552032357758 0.1269712491627393 0.1336786241351644 0.13826676590713105 0.09612295885899193 0.1625038256476976 0.09378093687614106 0.16592011908855725
0.10240717295860244 0.08264064219587373 0.22896792663255613 0.13364657898511934 0.09501961683995322 0.0880301793581772 0.14900596194311064 0.1202819210866074
0.10383798744243669 0.07476479980479803 0.26606955577631036 0.12950095842275275 0.09192034449169104 0.07297158709079295 0.14438390439074075 0.11655086258047746
0.10282290403222302 0.07281409585145371 0.2798453227230204 0.12766619469688484 0.09008777084548733 0.0695258568646703 0.1423382797590641 0.11489957522719633
0.1021010438738542 0.07221560224898475 0.2849200114437135 0.12699110653989795 0.08927782309575925 0.06861681006814528 0.14158560684373697 0.11429199588590816
0.10176030773269666 0.07201288610560705 0.2867898962353829 0.12674805561670024 0.08895598131266527 0.06834499973941766 0.1413146232025001 0.1140732500550302
0.10161883945863472 0.07194114507338296 0.2874798807304828 0.12666001631162843 0.0888335900544224 0.06825604774354058 0.14121646594744244 0.1139940146804656
0.10156328912766237 0.07191521518589282 0.2877347785484009 0.12662786628057118 0.08878789188991786 0.06822525825297117 0.14118062106206966 0.11396507965251405
0.10154206587189084 0.07190574049202575 0.2878290144944211 0.12661605887114155 0.08877095248444465 0.06821425812034308 0.14116745668170558 0.11395445298402741
0.10153407268882125 0.0719022582166677 0.287863868993556 0.1266117076988774 0.08876468905777335 0.06821026096596924 0.14116260544934536 0.11395053692898964
0.1015310854694194 0.07190097431384634 0.2878767636698738 0.12661010115899032 0.08876237444784905 0.0682087956196676 0.14116081427726232 0.1139490910430913
0.10152997383918493 0.07190050013303212 0.2878815348217317 0.1266095073664515 0.08876151899351122 0.06820825597338771 0.1411601522428944 0.11394855662980634
0.10152956115613487 0.07190032484283185 0.28788330033094006 0.126609287769179 0.08876120273064993 0.06820805676967952 0.1411599074083235 0.11394835899226112
0.11883539888609528 0.08415587398245401 0.2105966456391654 0.09261882735465685 0.1385209037764968 0.10644565000533708 0.1376841075302063 0.1111425928255882
0.09563706008670017 0.14558060050913263 0.14344920093184252 0.1567377582669054 0.08976541504007018 0.14803416656327378 0.07973181616186058 0.14106398244021484
0.07875813583870361 0.1390567293786255 0.10907428920655343 0.1365697377940064 0.09325693854202952 0.1867705747748172 0.09262990911245651 0.16388368535280767
0.10223290751186209 0.0847882702440971 0.21895728054711858 0.13466074266132083 0.09512838016398596 0.09290107171820784 0.15013667875821887 0.12119466839518873
0.1380229818495227 0.0997753978794474 0.21723922111778568 0.10765938826330172 0.12226131341201495 0.09811606441008094 0.12003218363087519 0.09689344943697153
0.11099691738183962 0.07586032061710841 0.25888497214415185 0.12731315571829305 0.09659411552759019 0.07382401082042644 0.1419446676441267 0.11458184014646373
0.1390126853444095 0.0970484475526147 0.23011946585628965 0.10612624946756627 0.12115985684342684 0.0926968221279104 0.11832284828697312 0.09551362452080964
0.08652602594539714 0.1287370569154221 0.12881656895887567 0.13558593795649962 0.099944915310488 0.16572373318632677 0.09196263617919107 0.16270312554779956
0.10329661611022797 0.08285572378772012 0.22669221287462987 0.13357291118323644 0.09583680550396949 0.08860628263369502 0.1489238278416084 0.12021562006491279
0.13805249652454515 0.09923778559141429 0.2197821237128716 0.10739362084105111 0.12219204101705806 0.09695180076765826 0.11973587278845547 0.096654258756946
0.1109064697643702 0.07572451690355712 0.25985110642029247 0.12718802394894363 0.09649405893015388 0.07356144741913985 0.14180515505949384 0.11446922155404926
0.10446145399826638 0.07292410789870765 0.277183801339076 0.1276186905871232 0.09104298081511786 0.06962682761153548 0.1422853162217627 0.11485682152841085
0.11979329447150772 0.08443541642512646 0.2072854914457368 0.09278242649425304 0.1394602928840281 0.10697685784702625 0.13792730863921795 0.11133891179310364
0.12308615812317444 0.08535065183108004 0.18312311242224016 0.09185282943945952 0.1540186965830502 0.11579975609199994 0.13654540018164432 0.11022339532735144
0.14266795016091174 0.09836003820486872 0.20146535669485596 0.10567722018278611 0.13698165986110775 0.10191606258687079 0.11782221414409137 0.09510949816450749
0.11241307984037983 0.07588824297076316 0.2523360731447862 0.12760287709792575 0.09997455467654345 0.0746748975200498 0.1422676853614187 0.11484258938813317
0.08282792848530691 0.12635397891133954 0.13519763358267156 0.1381721766634957 0.0966914266650732 0.16123346300241675 0.09371678069350144 0.1658066119961948
0.07657919814405098 0.13529589957206212 0.10733418621724482 0.13687003273003878 0.09484558864420321 0.19199746799945766 0.09283358741689587 0.16424403927604653
0.07503763103501451 0.13633524925559323 0.10057767634182065 0.1360775724533178 0.0939113087005419 0.2024713826492193 0.09229609262051121 0.16329308694398137
0.101584180798232 0.08464928648205292 0.2154163477000877 0.13495520160833985 0.09549874045648184 0.09597158299770302 0.1504649785095968 0.12145968144750587
0.10413086495028477 0.07536814562296025 0.2609628652171042 0.13015038371722898 0.09244995263017124 0.07469447738723681 0.14510796512950752 0.11713534534550607
0.10306823308678893 0.07301841650706202 0.2779519291870894 0.12790829168338053 0.09035442905036316 0.06997303813820599 0.14260819983206754 0.1151174625150425
0.08116139606285122 0.12579329120541766 0.14104137450780826 0.13821138366277191 0.09463068786458076 0.15956483303432029 0.09374337326692356 0.16585366039532626
0.07579596560004355 0.141124302044622 0.10801989068013376 0.13579216921991644 0.09382175592655446 0.19039279868958242 0.09210251477524767 0.16295060306389972
0.10109335306609399 0.08942169086655809 0.2176448209421777 0.13386009157861323 0.09487522984941446 0.09338671872530994 0.14924401255108072 0.12047408242075192
0.10365522450884361 0.07853075659274228 0.2613390769916118 0.12951793301760228 0.09199258827304518 0.07399545110307552 0.14440282979723718 0.11656613971584205
0.10270214693643744 0.07568291125703752 0.2777177759840482 0.12743579735842958 0.09002512494277087 0.06966262197817198 0.14208140392051774 0.11469221762258663
0.11903768022978255 0.08738739270674752 0.2071743763698796 0.09246025999863629 0.1387858756839968 0.10675371650715841 0.13744838650543542 0.11095231199836354
0.10688729581391969 0.07739425062706193 0.2549782425695412 0.12764292687152637 0.10035306698741532 0.07555324507596739 0.14231233787019432 0.11487863418437375
0.1034920650765928 0.07553239123921925 0.27504073650439553 0.12743162222084567 0.09179156820809505 0.06994640779840161 0.1420767489536891 0.1146884599987611
0.10215664225420919 0.0748392552530315 0.2827452109593765 0.12673234729959157 0.08953372154327105 0.06863660051970137 0.1412971096011864 0.11405911256963241
0.13548128064977763 0.09940385945872232 0.23803634219551387 0.1053413728561619 0.11847644706226977 0.09100569276887016 0.1174477694381387 0.09480723557054568
0.08544447356642347 0.133951825573305 0.1300576683551221 0.13461763524482687 0.09883211946041337 0.16424924116614756 0.0913058743399695 0.1615411622937922
0.1025670246615875 0.08756745364625633 0.22639023190070373 0.13272748207988927 0.0951806973047086 0.08813113905185377 0.1479812374831004 0.11945473387190035
0.11999273252967343 0.09027334688249393 0.19142682225432742 0.09337065751875578 0.14161840535188078 0.11247149287516647 0.13880175356519517 0.11204478902250695
0.12303943506665439 0.08942924806868817 0.17774999277271517 0.0916751027574226 0.1546080318966025 0.11720686859708014 0.13628119753192972 0.11001012330890712
0.1086354982925108 0.07829076348092183 0.24305847463932687 0.12857310571902789 0.10446779536598753 0.0779091494862735 0.1433494178688266 0.11571579514712509
0.13830614091712673 0.10074187987809849 0.22423870551531927 0.10605268652115268 0.12332909768286202 0.09364324052490923 0.11824083109149411 0.0954474178690374
0.08596366926242398 0.1343270831647838 0.12692718532686656 0.13466316888170132 0.09989831016880231 0.16528802251326988 0.09133675802411047 0.16159580265804155
0.10278289075339636 0.08770523965201583 0.22509945252902663 0.13284852631531008 0.09549476515910148 0.08838925913492801 0.1481161927724427 0.11956367368377907
0.10375560216846214 0.07804200101346791 0.26410650796180063 0.12911952573622013 0.09186256012208696 0.07294759442498136 0.1439586354103827 0.1162075731625981
0.10262296374728361 0.0755305944837423 0.27873577453684695 0.12729521357693044 0.08990787154405466 0.06941722639643136 0.14192466349547317 0.11456569221923738
0.13575125274078512 0.09964271532982026 0.23670056359853806 0.10545694594396329 0.11869267097577339 0.09126797525537299 0.11757662480617999 0.09491125134956697
0.0854955781550438 0.13402005616762705 0.129755680296529 0.13462664400122484 0.09888203844879895 0.16435604550238886 0.09131198462691774 0.16155197280146982
0.11632264364255109 0.09931194447244006 0.16034926352910694 0.09406861070493518 0.14392675894135376 0.13329913800978713 0.13983930785390367 0.11288233284592221
0.10785284022086389 0.0804543402963876 0.23655210639667845 0.12966306614924694 0.10294925264118583 0.08126699235312472 0.14456464240819025 0.11669675953432224
0.1383271588911084 0.10138231787661799 0.22212141601964938 0.1062860628157933 0.12314440648561467 0.09458015313312529 0.118501028243877 0.09565745653421397
0.08596181174956623 0.13449089248347967 0.126435184129195 0.13466562288329964 0.09985222406190468 0.1656570947552268 0.09133842247736845 0.16159874745995953
0.10279659753073196 0.08774336785519556 0.22489619599691588 0.13286612824353028 0.09549808267549836 0.08848429467011924 0.14813581760883152 0.11957951541917725
0.12007708970639991 0.0903225846599254 0.19095881522821473 0.09339149891653792 0.14174765294565833 0.11259982414062462 0.1388327357027937 0.1120697986998455
0.10768366756398662 0.0782614708311995 0.24864027203453368 0.12835049710792362 0.10149291897408079 0.07695450021111619 0.14310122588002827 0.11551544739713127
0.10389073539669891 0.07582718986639234 0.2726539662585705 0.12772152517762117 0.09221953538673372 0.07033770613817955 0.1423999691159448 0.11494937265985906
0.08099479856013281 0.1300143164442375 0.13943438527559754 0.1375279119810355 0.09465822879034834 0.15905706340165987 0.09327980116974581 0.16503349437724257
0.1152616929654719 0.09871294384944712 0.1637938269197469 0.09424445058620705 0.14273949034536312 0.13205354898276 0.14010070564755553 0.11309334070344845
0.10751153187860059 0.08029371838548996 0.23798033356436651 0.1295606875569311 0.10260942793677541 0.08098918395864697 0.14445049791795153 0.11660461880123799
0.1042313314579679 0.07642523821547632 0.2686613454729042 0.12823358531805296 0.09279036805754604 0.07127702673272206 0.14297087795908292 0.11541022678624767
0.11957945416790404 0.0876231870658237 0.20434393851933857 0.09258330437609132 0.13983025452942993 0.1073085958534059 0.13763130023669695 0.11109996525130958
0.10710199697263724 0.07749563371381452 0.25385914398696097 0.1277532157596241 0.10065504309318943 0.07572177054020275 0.14243530174990923 0.11497789418366167
0.10357714263215395 0.0755746219032241 0.27461557581947216 0.12747893414028 0.09188583793442322 0.07000734863107631 0.14212949821311816 0.11473104072625201
0.10218936517880216 0.0748556167622733 0.2825852486135354 0.1267499296550278 0.08956482132175374 0.06866336916370087 0.1413167126153817 0.11407493668952501
0.08065684494033414 0.1296987020449243 0.1416647761722789 0.13744127487965552 0.09404420449358676 0.15834362899960666 0.09322103861402722 0.1649295298555866
0.07566908480484554 0.14206671272622617 0.1081111229372456 0.1357099918958643 0.09365201459056671 0.18989230565823695 0.09204677711197753 0.16285199027503716
0.13174923004282743 0.11676970896145294 0.17736736145041124 0.10906412203321281 0.12363525980930341 0.12165825091945302 0.12159835695344771 0.09815770982989153
0.11066647813177304 0.0825480649532686 0.2428556920559077 0.12848935227079258 0.09787714516507731 0.07866681135516589 0.1432560390243016 0.11564041704371333
0.08215516829450266 0.13169319203802202 0.13255526794869651 0.1374596776366886 0.09581267793998734 0.1621388824940617 0.09323352048401488 0.1649516131640263
0.10186817961648355 0.0872712559228294 0.22771601223012453 0.1329087029529374 0.09460548391380118 0.08782924747357686 0.14818328523260335 0.11961783265764367
0.10347519015816334 0.07792354113607303 0.2651402688177404 0.12903414874866695 0.0916165052236783 0.07281616560119976 0.14386344644067792 0.11613073387380024
0.10252562199028024 0.07548752167413006 0.2791263675513548 0.12725059253763835 0.0898279114408092 0.06938153715532214 0.14187491436659078 0.11452553328387449
0.10181935999695563 0.07474575815797363 0.2843019897901699 0.1265812689581662 0.0890275398540474 0.06847227265533744 0.1411286685250002 0.11392314206234957
0.10148074392860033 0.07449853621824008 0.28621619789781577 0.12633784211752477 0.08870644326213903 0.06819891290604062 0.14085726576386717 0.1137040579057723
0.08051250132060478 0.12957402473908305 0.1424740018985389 0.13739898306577641 0.09383796869718834 0.15813138686830677 0.09319235373157009 0.16487877967893166
0.13257295736848868 0.1135770767979863 0.18979134824537747 0.10851824574421205 0.12304354269852583 0.11384066234737043 0.12098974562824837 0.09766642116979084
0.11041795349051127 0.08171549623377738 0.24773973842099695 0.12794634452319292 0.09735984846564262 0.07701828288631098 0.14265062590869418 0.11515171007087363
0.12140582646133369 0.08868945525577024 0.19764627526001474 0.09271732666507088 0.141497894227298 0.10895189676166528 0.13783053337076207 0.11126079199808506
0.10773264607820805 0.07780996370663572 0.25119360867949725 0.12800331420616992 0.10119643797943169 0.07614690371075963 0.14271414285374467 0.11520298278555292
0.1038085398905139 0.07568745818876603 0.2736034766162486 0.1275940754674754 0.09207480657430835 0.07013910314165517 0.14225787220030467 0.11483466792072786
0.10227555650332193 0.07489790751803652 0.28220650080908316 0.1267950596723289 0.08963312068126043 0.06870927189411236 0.14136702921676073 0.114115553705096
0.10165153642767535 0.0745719587829267 0.2854320595720067 0.12642793059223387 0.08888961043712602 0.06828405896487352 0.14095770769014732 0.11378513753301048
0.10140339379938626 0.07444248491457016 0.2866329675540009 0.1262840006183006 0.08864361156504288 0.06814070448197414 0.14079723651025455 0.11365560055647055
0.10130712004196407 0.07439277548136485 0.28707913602796953 0.12622975764147049 0.08855809419825263 0.06808957509258279 0.1407367596390723 0.11360678187732343
0.09223528839975252 0.14846487986175377 0.16351092849894333 0.15746156652773194 0.08062928785694881 0.13588262470276033 0.0801000142771506 0.14171540987495876
0.07770733998157926 0.14691997274025412 0.11299094176042822 0.13554871863733567 0.09077008876510158 0.1814670839790881 0.09193739177141028 0.16265846236480277
0.10114472197470069 0.09262851453372772 0.21921398130072478 0.13320524234160552 0.09384987236776507 0.09155904485286824 0.14851390452116314 0.11988471810744497
0.13685677612772326 0.106414836052249 0.21635674581073233 0.10677753305280045 0.12115656817360818 0.09728878015410972 0.11904898088125662 0.0960997797475204
0.11027625268520147 0.08156935954103552 0.25770725958389246 0.12640537061619533 0.09594671652153741 0.07339765249711745 0.14093255500044463 0.1137648335545758
0.12097881556888272 0.08996498825893795 0.20049778817030586 0.09232041547283183 0.14057694122194644 0.10763605451441273 0.1372404982252843 0.11078449856739818
0.10738514306168435 0.07936955731325772 0.2520457023338576 0.1275906834734516 0.10078070794841647 0.07574250036312379 0.142254090380102 0.11483161512610643
0.13745494538129935 0.10238597771439138 0.22705282986020764 0.10559926121248688 0.12189382775507394 0.09283852727526135 0.11773529571004135 0.09503933509123819
0.08556504673145564 0.1373457440015739 0.1272582332547279 0.1341262410771179 0.09929311214344927 0.16448755259465395 0.09097258090447997 0.16095148929254147
0.10231933365789632 0.09152735955310991 0.22456431970300705 0.13218062660865887 0.09503976029855192 0.08803450178819482 0.1473715344427883 0.11896256394779298
0.1368596985994579 0.10690251798116047 0.21793568841309152 0.10643458896738403 0.12116454559626509 0.0962452065531359 0.11866662381885952 0.09579113007064563
0.11012821665981712 0.0824429037036036 0.25815507657624037 0.12615528578313437 0.09581390890296838 0.07311112209478625 0.14065372907462892 0.11353975720482092
0.12083401491047221 0.09085382564210258 0.2005331081204113 0.09220393047478107 0.14040647204515122 0.1074565967852817 0.1370673354520626 0.11064471656973726
0.1072741403088557 0.0802343312325816 0.2519267760097447 0.12744344678004121 0.10067745143274444 0.07565481967923285 0.14208993245476237 0.11469910210203708
0.12019132987301175 0.09049374333404495 0.1985991270281766 0.09232720887009639 0.14211242034900068 0.10823292283496283 0.13725059706659107 0.11079265064411566
0.10718971356289063 0.08021924983940977 0.2511706321778864 0.12752778436920456 0.10109944640995853 0.07583420513553642 0.14218396257282956 0.11477500593228411
0.09323017021671297 0.15387159802175757 0.15387982233088537 0.15699724004436816 0.08276988537707804 0.13808995455539222 0.07986381341387423 0.14129751603993132
0.10318643392319445 0.09373371756525198 0.23514931673897255 0.13088243025560367 0.09063439876571217 0.08269537313176528 0.14592414238945664 0.11779418723004331
0.08049517942858771 0.13820957742049272 0.13034583166639926 0.1368933385309903 0.09387976069398167 0.16305491119264465 0.09284939482971517 0.16427200623718838
0.10119766297504718 0.09174504140128649 0.2261845208193811 0.13237123621962762 0.09395215767134601 0.08783121838122614 0.14758404993442062 0.11913411259766486
0.10313447619538407 0.08080187515352287 0.2641739408957684 0.1286603640240857 0.09131048651408143 0.07267782522832815 0.14344670436715226 0.11579432762167713
0.10227331550317029 0.07782488504707796 0.27845112081103096 0.1269092943711138 0.08960415599879006 0.06922447095388598 0.14149439238092837 0.11421836493400245
0.10158544045390593 0.07691647411806517 0.2837565840949373 0.12624246543142142 0.08881913939276084 0.06831074974410505 0.1407509278765251 0.1136182188882793
0.10124888950225222 0.0766168671022968 0.2857256695410072 0.12599777478849092 0.08849937774302129 0.0680353079431364 0.1404781160701533 0.11339799730964183
0.11822715884854453 0.08946936417333783 0.20935262296665555 0.09201794463959856 0.137787676964695 0.1059328438231724 0.13679085501647786 0.11042153356751827
0.08215729073127166 0.13502370867171534 0.12327494512497209 0.13445811351459583 0.10282929701173679 0.16970923173568497 0.09119767699250847 0.16134973621751494
0.10165420103400381 0.09122888310753154 0.222982944222102 0.1323828370759097 0.09593992288357517 0.08906967428511953 0.1475969840234396 0.11914455336831872
0.08022480783473752 0.13745818782618174 0.12758043606974143 0.13695337605176283 0.09503546456414737 0.16551356046055285 0.09289011593076087 0.16434405126211535
0.1321708922467548 0.1197194353672265 0.18367162684300298 0.10812350140162912 0.12311022969564508 0.11534352803947384 0.1205496351448014 0.0973111512614662
0.08417682472556537 0.14343819763859897 0.11681978220147288 0.13349576694371798 0.09905321418293396 0.17227633900472752 0.09054495497052177 0.16019492033246158
0.10228572031617648 0.0929313441746539 0.22022473782267518 0.13255189334798298 0.0952673061095856 0.08965682506507956 0.1477854691506616 0.11929670401318465
0.08032971978991074 0.13796437897783967 0.12694168897002073 0.13694502158808844 0.09488007130821445 0.16572064403525538 0.09288444942496434 0.1643340259057061
