0.125 0.125 0.125 0.125 0.125 0.125 0.125 0.125
0.07575757575757576 0.12626262626262627 0.09090909090909091 0.15151515151515152 0.0946969696969697 0.15782828282828282 0.11363636363636365 0.1893939393939394
0.07515215834697218 0.12525359724495364 0.09018259001636662 0.15030431669394437 0.10193170775368249 0.15656699655619205 0.11272823752045827 0.18788039586743044
0.07460984555421933 0.12434974259036558 0.08953181466506321 0.14921969110843866 0.10841234562707888 0.15543717823795694 0.11191476833132903 0.18652461388554833
0.07288904350477611 0.12148173917462685 0.08746685220573133 0.14577808700955222 0.10715637181810325 0.17367173226810584 0.10933356525716417 0.18222260876194027
0.06609187315964136 0.10313193224433959 0.05569124341194337 0.09281873901990563 0.14552379652407985 0.23972245077639198 0.11138248682388674 0.18563747803981126
0.07295173961840629 0.12906846240179573 0.09118967452300787 0.16133557800224468 0.08754208754208756 0.1548821548821549 0.10942760942760944 0.19360269360269358
0.1382201153270647 0.10185575091353885 0.15520876329682112 0.12222690109624663 0.12908163766117253 0.1115398422342767 0.13531020389979276 0.1065567855710868
0.10891285910622314 0.14720288416955207 0.07948955745155813 0.13248259575259685 0.13443933560446833 0.2186212636495957 0.09936194681444765 0.07948955745155813
0.07218512909818812 0.12771215148140977 0.09023141137273516 0.15964018935176222 0.09713061604881623 0.15325458177769172 0.1082776936472822 0.19156822722211464
0.10659513889346357 0.07488198773016971 0.19017647677503416 0.14976397546033943 0.10017018668407093 0.08205389148249388 0.1657948771884913 0.13056346578593694
0.07182758556507511 0.1013170537246916 0.06479691603370151 0.09118534835222245 0.14812507697649535 0.23095490462070226 0.10942241802266692 0.1823706967044449
0.08317034218901674 0.14714752848826038 0.07250747780580946 0.12828246073335522 0.11352316544661523 0.2144210990899452 0.08700897336697136 0.15393895288002624
0.1406503476576228 0.09670609287876993 0.15798810951516584 0.11604731145452392 0.13423600176031136 0.12473354158020954 0.12846914414176028 0.10116945101163623
0.1072987425944773 0.08661464763650577 0.1341234282430966 0.1082683095456322 0.15688218957119776 0.11594259706261568 0.16094811389171593 0.12992197145475864
0.10584200703019055 0.08543872856653938 0.1323025087877382 0.1067984107081742 0.16902387627161325 0.11367336524064969 0.15876301054528583 0.12815809284980903
0.07606047798145553 0.12224648559666082 0.08636979960633644 0.152808106995826 0.11292533084727303 0.16257631104985315 0.10364375952760374 0.18336972839499122
0.10777678205188386 0.07263936606567063 0.2001729935680657 0.14527873213134126 0.10052396040619403 0.08612538367567188 0.16082952844820844 0.12665325365296418
0.08539679646156573 0.11452586865393996 0.11151292440286273 0.13743104238472795 0.1053427908230342 0.17092849250441355 0.10307328178854597 0.1717888029809099
0.0807766187253812 0.1128524391911545 0.09725298616017944 0.13542292702938538 0.10730248171879586 0.1955466931163329 0.10156719527203904 0.1692786587867317
0.07904764619208662 0.11123799535798741 0.09398430573238087 0.1334855944295849 0.10641341078295737 0.20885985864583304 0.10011419582218868 0.16685699303698112
0.09256366154376838 0.14465928959906058 0.07128138907779796 0.12611322682995024 0.12044121481515173 0.20806767904497328 0.08553766689335755 0.1513358721959403
0.07755166073298993 0.11841770959788792 0.08366468612894255 0.14802213699735992 0.1015367181495138 0.19278290064174294 0.10039762335473107 0.17762656439683186
0.10607058858541417 0.07101956054557292 0.20715531405615348 0.14203912109114583 0.10022758433662243 0.09241570816769165 0.15724314585588792 0.12382897736151176
0.08375300307284045 0.11213479532277942 0.1193410251964802 0.1345617543873353 0.1072823965751067 0.17380351667078736 0.1009213157905015 0.16820219298416914
0.07908911294800179 0.11045424119229191 0.10144209913165506 0.1325450894307503 0.10729162790309373 0.2040876505327066 0.09940881707306273 0.16568136178843784
0.07618302619529775 0.11874579754533494 0.08389648739616057 0.1484322469316687 0.1017853524262077 0.1921626083119352 0.1006757848753927 0.17811869631800242
0.10479214490161162 0.07024222375050955 0.21274238429621609 0.1404844475010191 0.09940471685520326 0.09433840351352955 0.15552205828358642 0.12247362089832434
0.08285293696328337 0.11093100011094391 0.12452589866033907 0.1331172001331327 0.10621854093103758 0.1761200229349981 0.09983790009984952 0.16639650016641586
0.06639098305217683 0.0927476318173875 0.06643035207963509 0.08347286863564875 0.14505644097127893 0.2787885438097969 0.10016744236277848 0.1669457372712975
0.07158475847450499 0.11325270122925195 0.08001549543371062 0.14156587653656494 0.10539429458787287 0.22228922737376394 0.09601859452045274 0.1698790518438779
0.10299797956652407 0.06952208784091897 0.21357280810107795 0.13904417568183794 0.10011476110830402 0.09960257021452544 0.15392761817444003 0.12121799931237154
0.08212144354627492 0.11016096657050967 0.12682520112752013 0.13219315988461156 0.1064847159572887 0.17782819314457168 0.0991448699134587 0.16524144985576447
0.07801717526638141 0.10905490272799845 0.10630660554757942 0.13086588327359813 0.10714299292553167 0.20688067371171476 0.09814941245519859 0.16358235409199764
0.11466164491789083 0.08148257813991515 0.12617638032859993 0.10185322267489394 0.15367841719617992 0.1485122331383276 0.15141165639431994 0.12222386720987272
0.07903318314089819 0.11640658691307817 0.08224378423206609 0.1455082336413477 0.1114156123957514 0.19209017822876187 0.09869254107847933 0.17460988036961725
0.07777860856332502 0.10954071379925924 0.0968041899499548 0.13144885655911107 0.10874037899245477 0.21278953901767292 0.0985866424193333 0.1643110706988888
0.07641764963297838 0.11506558687843729 0.08129633855541765 0.1438319835980466 0.10079347437875966 0.2124409803722033 0.0975556062665012 0.17259838031765595
0.07834980571999825 0.10877126237145585 0.09601043288375359 0.130525514845747 0.1055837836170304 0.21970817087052097 0.09789413613431028 0.16315689355718377
0.07603084458778031 0.11426507405777477 0.08073075884516695 0.14283134257221847 0.09955561813355876 0.21831184010263824 0.09687691061420035 0.17139761108666213
0.10546338860431367 0.06922137813241358 0.21530394143040482 0.13844275626482716 0.09901316584654321 0.09859986261543748 0.15326182215723638 0.12069368494882367
0.08426467429979546 0.10960184426704186 0.12830159645161698 0.13152221312045023 0.10644324617661251 0.17682199944358246 0.0986416598403377 0.16440276640056278
0.07974142272716017 0.1086470310832825 0.10719684337645305 0.130376437299939 0.10718276882016227 0.20610262209312508 0.09778232797495424 0.16297054662492375
0.11771901597850838 0.0805253780437234 0.1246941488363627 0.10065672255465424 0.15422900669235573 0.15175468222517535 0.14963297860363525 0.12078806706558508
0.11258621378945007 0.07165623687199994 0.1775363480709252 0.14331247374399989 0.11431344983479633 0.09183133805539599 0.15978271326383267 0.12898122636959988
0.1096365751616485 0.06651759388998912 0.2554201002362963 0.13303518777997825 0.09857349722887225 0.07356222967299385 0.14727542155536866 0.11597939447485282
0.08500978232137371 0.109419326963266 0.1385755030715011 0.1313031923559192 0.10641435375279394 0.16667145682330758 0.09847739426693941 0.164128990444899
0.06788893842068226 0.09233238667564701 0.0701043329968881 0.08309914800808231 0.1458099883128958 0.2748479319599412 0.09971897760969875 0.16619829601616462
0.05133347633015933 0.07827304581665247 0.059372929242699546 0.09784130727081557 0.12582202217833263 0.28107138770487433 0.11060321691483499 0.19568261454163113
0.09774165319146066 0.07045016743379634 0.18531685920376387 0.14090033486759268 0.10724693403374519 0.11444039146180542 0.15709335842700256 0.1268103013808334
0.12008653251643037 0.07506205692311066 0.17664544961675407 0.09007446830773279 0.15719351132327541 0.12536954940781994 0.1429753465202108 0.11259308538466599
0.08162096546337669 0.11255914289529059 0.10539118546125015 0.14069892861911326 0.11148833736004236 0.18397214818589697 0.0954305776720942 0.16883871434293587
0.10647222079985459 0.06825303957084486 0.22668567661783426 0.13650607914168972 0.10049229524939986 0.09146754788496973 0.15111784097085712 0.11900529976455
0.08538168406374591 0.10922920798541427 0.13190068286133877 0.13107504958249713 0.10667764301882056 0.17358563332318916 0.09830628718687286 0.1638438119781214
0.0666578280659407 0.09649232646095941 0.05888501913588049 0.08412151537622103 0.14253654229162008 0.2879698509699038 0.09509388694703247 0.16824303075244207
0.10076330592939045 0.0689746951555312 0.1896920023061458 0.1379493903110624 0.10947042301908573 0.11519245653261394 0.15380327546621433 0.12415445127995617
0.10557341691085848 0.06736217256089197 0.2409469024009139 0.13472434512178394 0.09900525754918872 0.08092840409157447 0.15020759075518297 0.12125191060960554
0.08186089531336962 0.11311885055165181 0.13105559517189408 0.14139856318956479 0.09901011832963671 0.16797258919217872 0.09590511242422656 0.16967827582747771
0.10568760666604118 0.06772148838083879 0.23822254488895528 0.13544297676167757 0.09692834757391412 0.0879776002319201 0.14994094293519047 0.11807849256146251
0.08173158421115528 0.11288359660606544 0.1302668940607152 0.1411044957575818 0.0985154416325461 0.17046693483073905 0.09570565799209897 0.16932539490909815
0.10564704585446831 0.06770841096023231 0.23804132173470954 0.13541682192046461 0.09681211139167804 0.0884066087826072 0.1499119884508196 0.11805569090502044
0.08171170005527403 0.11286157498783321 0.1302113409020661 0.1410769687347915 0.09854894532146231 0.17061012002713846 0.09568698748968468 0.1692923624817498
0.11821828697760024 0.07576697794048792 0.15988565218135817 0.09092037352858551 0.1553487509740595 0.14189143826719983 0.14431805321997698 0.11365046691073188
0.12242371921015652 0.07482467050343919 0.16612819758552683 0.093530838129299 0.16356969228933102 0.1282460037259218 0.13903987280116684 0.11223700575515877
0.12322733345237763 0.07464068986415574 0.16776146192551408 0.09330086233019468 0.16611312079936122 0.1242974985025005 0.13869799832966254 0.11196103479623361
0.11021147727535638 0.06562538903475074 0.23692615628507993 0.13125077806950147 0.11020554862668037 0.0813201277327699 0.14633482271330983 0.1181257002625513
0.10561719185176154 0.06489755609207094 0.26923126766923083 0.1297951121841419 0.09632162326261084 0.07260978409153977 0.1447118638829164 0.11681560096572771
0.0947611697050557 0.1287775290309769 0.16301039477873216 0.16097191128872113 0.08455153127069691 0.14116703237127087 0.08188571139469727 0.144874720159849
0.10811019227001005 0.066861468789334 0.2517555534080473 0.133722937578668 0.09257581821801524 0.08235826965961932 0.14803678885387744 0.11657897122242848
0.08333185929434404 0.11193004769105173 0.13749353421561042 0.13991255961381466 0.09708229388197927 0.1674574194198611 0.09489721434676127 0.1678950715365776
0.10620055839367917 0.06741649909333132 0.24102148691490757 0.13483299818666264 0.09613322983684365 0.08758283962848122 0.1492656715782346 0.11754671636785974
0.1220686914403768 0.07515017466662861 0.19856090233219062 0.09393771833328578 0.1440172552707273 0.11389526840467992 0.1396447275521681 0.11272526199994293
0.10913551520278836 0.064571855116255 0.2547955792257259 0.12914371023251 0.10378165800760163 0.07835674368692717 0.1439855993189328 0.116229339209259
0.13980549297846967 0.08536545292645627 0.23297024003669906 0.10670681615807034 0.1251158962436176 0.09502983029341104 0.11897013682101276 0.0960361345422633
0.12956954798993947 0.07334107284932305 0.19421028908477214 0.09167634106165382 0.1511424812328752 0.11376562015311263 0.13628303835433908 0.11001160927398457
0.11129038247063407 0.06429630169486822 0.2534954369392385 0.12859260338973644 0.10510190709110505 0.07811886904703834 0.14337115631661657 0.11573334305076279
0.10580564284817592 0.06392565738926437 0.2796255657703971 0.12785131477852874 0.09402896486182187 0.0711519962159705 0.14254467483516564 0.11506618330067588
0.08306812078916652 0.11134424001466049 0.1454106470093191 0.13918030001832563 0.09712139393954218 0.16245838689021794 0.09440055131677738 0.16701636002199075
0.10580934830552738 0.06719577674860568 0.24434680394781322 0.13439155349721135 0.0958495969696591 0.08646807921924111 0.148776974160527 0.11716186715141504
0.08315670227607028 0.1116464697326863 0.13696326145268115 0.13955808716585788 0.09766313377788187 0.1688858514398199 0.09465678955597318 0.16746970459902943
0.08094523314554943 0.10878348858226913 0.11016995276537002 0.13054018629872294 0.10524425400569816 0.2032365126049444 0.09790513972404222 0.16317523287340366
0.07740474369359987 0.11042694247083007 0.10360851314045726 0.1380336780885376 0.09843565217643524 0.21282721419427808 0.0936228425296168 0.1656404137062451
0.11677547040745946 0.07669733423802412 0.1553036310658607 0.09587166779753013 0.1474394068936071 0.15034681491758675 0.14251967332289556 0.11504600135703617
0.08380423170965219 0.10936097453746431 0.11395077054213967 0.1367012181718304 0.10771587366609336 0.19170638245877342 0.09271908710785018 0.16404146180619644
0.1046268578498077 0.06765107346022908 0.22442775475313537 0.13530214692045817 0.09967306465721795 0.09569537348957179 0.15085179664116755 0.12177193222841236
0.1055260576954642 0.0648603740441887 0.2692647248934857 0.1297207480883774 0.09404611894052603 0.07520434959272002 0.1446289534656984 0.11674867327953968
0.10399787576900513 0.06367542662319133 0.28670857622438606 0.12735085324638265 0.09127476707338307 0.07039003556720906 0.14198669757469828 0.11461576792174438
0.12069266726398689 0.07409962939260553 0.2149674746195421 0.09262453674075692 0.14079395163828048 0.10797970133980936 0.1376925949161103 0.1111494440889083
0.1085530955929236 0.06390670282722347 0.2633238735722625 0.12781340565444693 0.1022038929957232 0.07666455527756454 0.14250240899085354 0.11503206508900227
0.1398415493875794 0.08490267399539793 0.23691416925174333 0.10612834249424741 0.1241292707663971 0.0942433040042855 0.1183251818555266 0.09551550824482266
0.14863382142927814 0.08379491653608485 0.2250019327190167 0.10474364567010606 0.12935508542299715 0.09741996888722876 0.11678134823219287 0.09426928110309546
0.09031788845088505 0.10945216669508027 0.1313515308242038 0.13681520836885033 0.10405044314547536 0.17103811027488192 0.09279640219800284 0.1641782500426204
0.10568642173201681 0.06724479626836737 0.2319287291480762 0.13448959253673473 0.09825705427837808 0.09140691361166306 0.14994585914170275 0.12104063328306125
0.14041519197649788 0.08599703887833043 0.22642111053132788 0.10749629859791304 0.12432332018193683 0.09875002027103491 0.11985035082483736 0.09674666873812172
0.0888527288557563 0.10971948588032618 0.13179639350645983 0.13714935735040773 0.103026294300948 0.1718534689088144 0.09302304237679829 0.16457922882048925
0.10534329120018389 0.06726391718690708 0.23218879023527533 0.13452783437381416 0.09804648952784024 0.09156613060336874 0.14998849593617786 0.12107505093643274
0.10546482432822121 0.06464311622262865 0.2724402250502034 0.1292862324452573 0.09340688063660502 0.07425661116619282 0.14414450095016 0.11635760920073157
0.10392823650288792 0.06357631691647421 0.28799540377080834 0.12715263383294842 0.09101251832040962 0.07013182248560518 0.14176569772121264 0.11443737044965359
0.12072499677668433 0.07406220391790007 0.21539626499507072 0.0925777548973751 0.14065044691695186 0.10787197605530871 0.1376230505638591 0.1110933058768501
0.10853831684588529 0.06389100263517192 0.2635263451256423 0.12778200527034383 0.10215385106489468 0.07663727440886166 0.1424673999058908 0.11500380474330944
0.10480381934835492 0.0636309677667755 0.2842244541197898 0.127261935533551 0.0930222477290366 0.07063327256175499 0.14188756096054117 0.11453574198019591
0.0828862426979733 0.11122635971275605 0.14667806849949125 0.13903294964094506 0.09683469250771849 0.16220153805029727 0.09430060932168448 0.16683953956913405
0.13517021537167434 0.09767980778356415 0.19513008412317223 0.10915829081231701 0.12583640952571096 0.11707938253784776 0.12170334811462805 0.09824246173108529
0.11235226799418176 0.07071434900865918 0.2543589079198304 0.12771745515038888 0.09909718310368433 0.07841869584859139 0.14239543133931415 0.11494570963534997
0.12303244253334553 0.07954550266273663 0.20370803010678173 0.0923596022060895 0.143234602081645 0.10998954582587747 0.13729875193621663 0.1108315226473074
0.12504162330560525 0.07937250716215616 0.18473918287169136 0.09123767211618622 0.15691089363866045 0.11758198686221515 0.13563092750406192 0.10948520653942347
0.08507146036119498 0.11774850946504554 0.12060088843702593 0.13535586927482227 0.10939931373130764 0.1775903260057201 0.09180658959509684 0.16242704312978667
0.10410253628988068 0.07523704552818179 0.22603415954264774 0.13365702379600577 0.09918808500489691 0.0924722212941966 0.14901760712778553 0.12029132141640518
0.08236333155280769 0.11961034522432176 0.13198477907875947 0.13833169129451203 0.09772268470935215 0.1701641653609894 0.09382497322584295 0.16599802955341442
0.11726601778467849 0.08548438461068748 0.1641711135005542 0.09478523439758442 0.1459532520845357 0.13769309924038967 0.14090461710446878 0.11374228127710131
0.14324342514986438 0.0927421915478862 0.1981566192070447 0.10601452993333274 0.13733307062644295 0.10889879725184816 0.11819828934358141 0.09541307693999947
0.11397533002765971 0.07003424343305836 0.2550090692389365 0.1270526693389397 0.10127046237206112 0.07665657841386893 0.14165424477042976 0.11434740240504572
0.09673009200807205 0.13639058415724073 0.159710981511789 0.15845902684770866 0.08454286618552923 0.1409459071215837 0.08060741800513876 0.14261312416293778
0.10870767251100732 0.06693984831268754 0.25046793747386514 0.13387969662537508 0.0926739906046359 0.08240489395449087 0.14821032756248279 0.11671563295545521
0.08326597427237692 0.1185716586612255 0.13792378375891004 0.13823682835718892 0.09624581753565659 0.1661111119785307 0.09376063140748467 0.1658841940286267
0.07764422434434531 0.12364978174876964 0.10985022788527575 0.13723195063682114 0.09609045886798125 0.19777595358156025 0.0930790621710613 0.16467834076418536
0.07617083868799013 0.1235618366478282 0.1027102340677991 0.13648133333577028 0.09552695799362354 0.20920125143632476 0.09256994782773985 0.16377760000292432
0.10270329186346662 0.07627771159704765 0.21879121814362354 0.13480320703064488 0.09682579590876333 0.09898037323052784 0.15029551589834583 0.12132288632758037
0.12149777347715769 0.08086107299846589 0.19271102594396555 0.09343168361104409 0.14381309209997772 0.11667485858598697 0.13889247295014914 0.11211802033325291
0.10921578008577225 0.06966844875390134 0.2535355481092748 0.12798154718888344 0.10324463863686988 0.07848077050142865 0.1426898742538745 0.11518339246999508
0.10501767548860315 0.06828627388136345 0.27969977209079244 0.12699185069492466 0.09321941535237638 0.07090591034545 0.14158643652105776 0.1142926656254322
0.10318476972502917 0.06763616372438785 0.29011945537750783 0.12594522274600897 0.09032137829010879 0.06902278520096919 0.14041952446458014 0.11335070047140806
0.10238690733663736 0.06733995871649189 0.2941785638182863 0.12546423179284102 0.08938029112678049 0.06844898314876094 0.13988325544664512 0.11291780861355692
0.13653201104318266 0.08992816354102746 0.24729326704401858 0.10474523817505536 0.11913793346819845 0.09130954861460011 0.1167831237563677 0.09427071435754981
0.110669939490212 0.06877551625758585 0.275183258060213 0.12509678502153732 0.09579826464097523 0.07241555029205067 0.13947357971804233 0.11258710651938357
0.0958300888481362 0.13590462963712627 0.16504671517513345 0.15806651706053818 0.0833015607619069 0.1391828731797053 0.08040774998296941 0.14225986535448437
0.10828517323819287 0.06680722166788573 0.2527091149156736 0.13361444333577147 0.09222840713938625 0.08195457193812421 0.1479166812671137 0.11648438649785205
0.08317601588145651 0.11853399797304191 0.13845062024820354 0.13820819759370756 0.09613117992946006 0.1659089389807318 0.09374121228094948 0.16584983711244905
0.11742073431467313 0.08533247921316087 0.16634742177342868 0.09470862036535671 0.14530856391794175 0.136441110777167 0.14079072519984373 0.11365034443842806
0.10925435198688596 0.07069465289536532 0.2428059293360028 0.12931665087555122 0.10456109002430374 0.08280392386398927 0.14417841522990563 0.11638498578799612
0.08325877809081668 0.11880561086723866 0.13597058914764876 0.13796415070682863 0.09883456829034369 0.16603363722168873 0.0935756848272403 0.16555698084819437
0.10334501886791218 0.07510629241758518 0.23297175440660448 0.13333685722507424 0.09650526965807187 0.0900709906279607 0.14866064529422457 0.12000317150256681
0.12138622859847749 0.08054671901930126 0.19729228299180876 0.09316297119493978 0.14335589014085684 0.1139673287249269 0.13849301389576124 0.11179556543392773
0.0845318129619315 0.11816493683832947 0.12377502033243706 0.13570660239172466 0.10647023573305166 0.17645899072850352 0.09204447814395239 0.1628479228700696
0.07763770896006374 0.12318226885161745 0.10622500747518322 0.13672198214470638 0.09809078825200286 0.20134269524462997 0.09273317049814868 0.16406637857364764
0.07530688922202432 0.13282568643070763 0.1007826982119129 0.1345960870578764 0.09493512971055629 0.2087469458495198 0.09129125904795095 0.16151530446945164
0.11464602190252754 0.09417219455222493 0.1523874275262417 0.09401582319434261 0.14429114583823002 0.14790756347924405 0.13976083567397798 0.11281898783321112
0.14195914121458517 0.09975962077742949 0.19286291387645188 0.105445429649424 0.1364805306935262 0.11102769210690802 0.11756378499719361 0.09490088668448157
0.11343843133224109 0.07557434562555819 0.25206639337788705 0.126435492512058 0.10087460899681082 0.0768526462281637 0.14096613866642885 0.11379194326085221
0.12288629758647353 0.08407664386307347 0.20236745508760007 0.09178856668693267 0.1432212523182517 0.10906363514949118 0.13644986928385813 0.1101462800243192
0.10875349795448166 0.07371302999961428 0.25668842999772506 0.12667712029330963 0.10238913002181817 0.07653384785847206 0.14123553561060043 0.11400940826397866
0.09491803663347768 0.1434288322493231 0.15927376831964138 0.15707483094242194 0.08416781570926346 0.13986608473133036 0.07990328356636248 0.14136734784817975
0.1463980168045269 0.09054453464785917 0.20301777235535032 0.108653441577431 0.12520831752571016 0.11117057767134893 0.12028382624770546 0.09472351317006805
0.08859299978810499 0.12620350633325225 0.12427781857693893 0.13400266434357147 0.10144823080689082 0.17378281929722897 0.09088876364172674 0.16080319721228575
0.1042673406192456 0.0820725892765971 0.22647284784947758 0.13238591661458932 0.0967485536042797 0.09130500960342923 0.14760041747925107 0.11914732495313038
0.10469371621949031 0.07402523172967237 0.26888106808152096 0.12804805210413533 0.09257716680044142 0.07376749589969082 0.142764022271327 0.1152432468937218
0.10320265725993516 0.07187943510140084 0.28549116317676965 0.12590865923566139 0.09025605243390826 0.06956548060106683 0.14037875887916276 0.11331779331209522
0.13646131601965397 0.09500005378563829 0.24354851942359457 0.10434532896884657 0.11908367255036766 0.09131305834452154 0.11633725483541552 0.0939107960719619
0.08679052186953554 0.12722876487173204 0.13417160060647826 0.13403642571687932 0.10014753865047478 0.16586977476450057 0.09091166266014424 0.16084371086025517
0.10351196599234212 0.08196243123561359 0.23076878575558088 0.1320054921921691 0.09617298545213218 0.08959712376107508 0.1471762726381348 0.11880494297295217
0.10435953143937926 0.07390177251449838 0.2706041985485647 0.12784979149589415 0.09231754703393555 0.0733593701327173 0.14254297648870587 0.11506481234630474
0.10306078589707045 0.07181962374311535 0.2861658290962976 0.1258260530366819 0.09014559196300029 0.06945200939887844 0.14028665913194233 0.1132434477330137
0.1021689676747681 0.07114240289857159 0.2921805872246814 0.12503624922873796 0.08916390379421249 0.06836917804649682 0.13940608682666752 0.11253262430586414
0.1192464118225723 0.08310268349926166 0.21574468179223807 0.09137887619120079 0.1387139926325044 0.10631786578735505 0.13584083684542683 0.10965465142944093
0.10742357129048054 0.07329034483987817 0.26225204168013216 0.12614340381219222 0.10098477660537962 0.07573631677722166 0.14064048156374265 0.11352906343097299
0.0823728123709767 0.1247568358272763 0.13999859180054916 0.13671193297127923 0.09736891734397522 0.16201023558336655 0.09272635453704159 0.1640543195655351
0.13415149678641655 0.10696806187983393 0.19128538848910268 0.10813654535383088 0.12515747183629639 0.11641396665799465 0.12056417817807713 0.0973228908184478
0.1279293948382334 0.08777593956187604 0.18012370268757436 0.09077585807517691 0.1504607737246476 0.11905889150753879 0.1349444099147406 0.1089310296902123
0.12605027222279866 0.08498340501162495 0.17600313242189616 0.09070450540747563 0.15890226310001593 0.1196726759653586 0.13483833938185932 0.10884540648897076
0.11029049800891366 0.07432009228218359 0.24540174703180398 0.12750075831882487 0.10660707021613386 0.07897532111167206 0.14215383054352562 0.11475068248694237
0.10518274851972674 0.07234424208338665 0.27586851727968703 0.12665080844897994 0.0938608818491148 0.07090087434727947 0.1412061998677433 0.11398572760408195
0.10301435898555741 0.07144786452843525 0.2881172641052714 0.12547791131230723 0.09026264098931157 0.06885133280805038 0.1398985070899903 0.11293012018107651
0.08156143755249343 0.12440350061412528 0.14627830256750315 0.13673145673168818 0.09494222142868182 0.1592657362877286 0.09273959673975374 0.16407774807802583
0.1337682306364358 0.1068162796201059 0.19368726751547105 0.10804101500319191 0.12433293812843771 0.11565968662723974 0.12045766896624531 0.09723691350287271
0.14658450696990144 0.10063472778956184 0.2075418704341594 0.1040971841888453 0.12916973221377265 0.10222392070981727 0.11606059192398126 0.09368746576996077
0.08861395871598148 0.12825362898377132 0.12536219580501598 0.1338801334103001 0.10233398977665692 0.1700942775115367 0.09080565570437746 0.16065616009236008
0.10423657523836018 0.08230232740249484 0.22693715909277792 0.13234470677310206 0.09691502653487974 0.09059949728123921 0.14755447158135407 0.11911023609579184
0.12121475641846836 0.0857450784978903 0.1947476648554726 0.09266533338379083 0.1429813975001576 0.11369412741761813 0.13775324186605326 0.111198400060549
0.14277442435993892 0.0974312648300086 0.2082913973997499 0.10437948673171958 0.134853199870719 0.10195335055738423 0.1163753381919321 0.0939415380585476
0.113033086193021 0.07486547432124958 0.2583498043433668 0.12569665157313392 0.0999733366162826 0.07481227438021364 0.14014238615691196 0.1131269864158205
0.10535244372322224 0.07205225501742388 0.280931239739341 0.12599233393484924 0.09197711026295784 0.06982946685646474 0.14047204992437667 0.1133931005413643
0.08203308132718594 0.12457725598781728 0.14457743081980837 0.13679421151323223 0.09536554055334245 0.1597172651302819 0.09278216085245318 0.16415305381587866
0.10215609664117986 0.08150119847709462 0.23553965790450157 0.13186430995390175 0.09493600097511222 0.088305992111244 0.14701886497845465 0.11867787895851159
0.1038819938299882 0.07373889120982137 0.2725477613699741 0.127661031483559 0.09191574892981952 0.07302712168011448 0.14233252316152026 0.1148949283352031
0.12016662677095107 0.08380827621061884 0.20946597923687912 0.0917909735351157 0.1401639907019034 0.10800153807705687 0.1364534472253362 0.11014916824213883
0.1078754776327864 0.0735379684258304 0.2596890382638983 0.12643239436445736 0.10151562785967563 0.07619765406228131 0.14096268446305918 0.11378915492801163
0.09469945052040905 0.1433420783500209 0.1600641375695486 0.15701996195843493 0.08397203148188846 0.1397090024043375 0.07987537195276907 0.14131796576259142
0.08395315659668783 0.10960133127355054 0.1163210062148893 0.13152159752826065 0.10264351844709639 0.19291619488299386 0.0986411981461955 0.1644019969103258
0.11676887875034873 0.09058958900574407 0.15746946114390148 0.09372865844085367 0.14650218299191956 0.14313289355747624 0.13933394598073173 0.11247439012902441
0.1089535212296322 0.07573709909279529 0.23823432230713565 0.12882455034166412 0.10474059739326073 0.08393805446947238 0.14362975985854193 0.11594209530749772
0.08269825826938526 0.1253746671500143 0.1342265667662928 0.1368859556078236 0.09827268439885145 0.1654343337964161 0.0928443872818282 0.16426314672938835
0.13440132766715923 0.10718388994030055 0.1891187142196294 0.10825803781163888 0.1255566866605937 0.11734947646827135 0.12069963320193171 0.09743223403047499
0.11197378893014726 0.07681434355619805 0.25103777365454605 0.12706301337857187 0.09880589589635976 0.07828269494078587 0.14166577760267637 0.11435671204071467
0.14005081714995732 0.09635379096332973 0.2309582096205659 0.10498603922629014 0.12223503620044868 0.09387707257748035 0.11705159895826676 0.09448743530366112
0.1472672275815906 0.09795632782221836 0.22076369446337638 0.1029828737761278 0.12736487177164799 0.09616219921522905 0.11481821897129472 0.09268458639851503
0.08878045665591544 0.12770746502168115 0.12860039647458663 0.1338602520507802 0.1019547693574275 0.16767218702249154 0.09079217095618133 0.1606323024609362
0.10416730621669124 0.08214587272511598 0.2283222635031335 0.13220084032480614 0.09672636115355165 0.09006252855656983 0.1473940712278062 0.1189807562923255
0.10460148839951595 0.07398452762288665 0.26961583786497645 0.12795866265579342 0.09251202114278516 0.0735003062165482 0.14266435970728014 0.1151627963902141
0.10315350642453253 0.07185480215959814 0.28577712512901216 0.12587236896632395 0.09021815270524279 0.06950061460851834 0.14033829793708058 0.11328513206969155
0.10220484083418749 0.07115662291648055 0.29202914614263864 0.1250547091212087 0.08919159118163007 0.06838718336559822 0.1394266682291685 0.11254923820908784
0.10174998015137539 0.0709053547073227 0.29444421451410524 0.12474425530017871 0.08876940812239355 0.06803642204754795 0.13908053538691564 0.11226982977016083
0.10155450827229454 0.07081150447337685 0.2953777056716996 0.12462612979189436 0.08860206055321108 0.06791574016430352 0.13894883426051502 0.11216351681270491
0.1014745618029126 0.07077584981750103 0.29573881088239173 0.1245809001804117 0.08853675789580495 0.06787190263955148 0.13889840661905603 0.11212281016237052
0.10144266542744716 0.07076218464452423 0.29587857912822224 0.12456349835330756 0.08851143320401433 0.06785548584402896 0.13887900488047872 0.1121071485179768
0.11896499476367328 0.08298913643733083 0.21693283030575902 0.0913060832015793 0.13840198928889386 0.10610504098359554 0.1357326251772731 0.10956729984189516
0.14140342623168775 0.096515441575717 0.21637715183075676 0.10384124987458934 0.13292318233077355 0.09970717900618377 0.11577524426316153 0.0934571248871304
0.08762435996387109 0.12737431316773043 0.1274931099749496 0.13384612790453332 0.10319875352172929 0.16906539088128053 0.09078259110046608 0.16061535348543998
0.13582850046251113 0.10735809315533502 0.18614122957311482 0.1080386642150991 0.1268458598098507 0.11809780697754621 0.12045504801295376 0.09723479779358918
0.1124061390523442 0.07688773986065757 0.24974337854889206 0.1271435347611283 0.0991625289246909 0.07847194463210301 0.14175555293516842 0.11442918128501547
0.10556743432976791 0.07256736629044978 0.27763827606474667 0.1264959646449061 0.09212483597728147 0.07072619393072369 0.1410335605817087 0.11384636818041546
0.10304942237054894 0.07143359683595804 0.2888166300056068 0.1254034439625714 0.0898365272908322 0.06878179841586873 0.13981548155229973 0.11286309956631424
0.10206236488173616 0.07101901629299082 0.2931910686566445 0.12489247597594214 0.08900540515376314 0.06818065028142796 0.13924579037914742 0.11240322837834792
0.08135340553075988 0.12426300974952424 0.1474728022082748 0.13666381616712725 0.09462165521898881 0.15893501293315554 0.09269371879161675 0.1639965794005527
0.13367043275654578 0.10676944288152578 0.1941348740786723 0.10801495943279234 0.12421120148807346 0.11555700692318206 0.12042861894969534 0.0972134634895131
0.11161514654119212 0.07663763639757752 0.253125601525143 0.12684786944981707 0.09834902315706881 0.07783573224673423 0.1414259081776319 0.11416308250483538
0.10525982511495975 0.07245358784829464 0.27898778331068325 0.12634424328916513 0.0918454480736593 0.07053489081044263 0.14086440259254682 0.11370981896024862
0.10292829057439315 0.07138546274212047 0.2893449049018614 0.1253400000632435 0.0897345194411048 0.06871607588118915 0.1397447463391685 0.11280600005691915
0.10201476494479046 0.07099962126599736 0.2933964799037055 0.12486729949912967 0.08896703356881008 0.06815651078200721 0.13921772048634307 0.1123805695492167
0.0813430886448392 0.12425662101797037 0.14752096594194322 0.13666074192812896 0.09461136715293937 0.15892269134482379 0.09269163365560051 0.16399289031375475
0.07653314826095256 0.13398484252267573 0.11116627231923952 0.13554905221884198 0.0948230997120776 0.1933471042769093 0.09193761802669284 0.1626588626626104
0.10189386648485634 0.0835881457169942 0.22127018650612962 0.13331754253332934 0.09585914256792286 0.09544621705644726 0.14863911085432388 0.1199857882799964
0.1043574249558086 0.0743917379949972 0.266908432745931 0.12838460538721275 0.09259786882811628 0.07467453117340093 0.1431392540660417 0.11554614484849149
0.1374703230213523 0.09588563168532273 0.2370520714407812 0.10491597592384667 0.12032644576291263 0.09295169022967552 0.11697348360464697 0.09442437833146201
0.08699401024001223 0.1274446607345439 0.13261508044261006 0.13408465676580122 0.10044733383749536 0.1665682939672495 0.09094437589332606 0.16090158811896146
0.10361497855922294 0.082030804056458 0.2301027693464718 0.13207411070966268 0.09628874276459322 0.08976911776053965 0.14725277716435525 0.11886669963869641
0.10440852708218792 0.07392774563222977 0.270338183462303 0.12788185290031745 0.09236417385222224 0.07340712689845821 0.14257872256199572 0.11509366761028571
0.08189725203368185 0.1250771854382023 0.14204495823384242 0.13695213793720548 0.09551211676071032 0.1612845079056065 0.09288927616610458 0.16434256552464657
0.07662550106701628 0.13413394544159057 0.10986229821046482 0.1355406670395758 0.09501031755914391 0.1942465395470054 0.09193193068771228 0.16264880044749094
0.11503912631654452 0.09437146311756402 0.15563487481043392 0.09405167392209098 0.14433209374146694 0.14389462919672977 0.13981413018866062 0.11286200870650917
0.12317241826704593 0.08650827642485706 0.16833724256187846 0.0914100655474204 0.1577623952600217 0.12723032136361723 0.1358872019182548 0.10969207865690447
0.10991692996452793 0.07475449000566924 0.24232517380197477 0.12794262832864986 0.10667658589051073 0.080589343883776 0.14264648262910662 0.11514836549578487
0.08288866226184764 0.1251598183517394 0.13524104742846685 0.13685605912679744 0.09872329079376457 0.1640797414166166 0.09282410966861043 0.16422727095215692
0.07677746068929502 0.1340919208074738 0.10822292060346389 0.13547861784131743 0.09569022862235893 0.1952746648819643 0.09188984514454575 0.1625743414095809
0.10204356245267585 0.08367392593001913 0.21997498074890434 0.13343108282799668 0.09613927047703585 0.09588350320844959 0.14876569980972165 0.12008797454519701
0.13835162563025805 0.09860551388893388 0.22055280508889474 0.10634496190693406 0.12280014079271338 0.09906779064098092 0.1185666963350444 0.09571046571624064
0.11170072260445689 0.07487448849882929 0.26374773053210854 0.12552021467688163 0.09709578368828421 0.07414719460572274 0.13994567218452322 0.11296819320919343
0.10486972048937171 0.0719411101667789 0.28311698969367827 0.12579283907971803 0.09121100843266775 0.06960514891745796 0.14024962804858113 0.11321355517174622
0.13701259172503374 0.09502050947929205 0.24263579280331504 0.10435532033546319 0.11937369823239018 0.09133390465902025 0.11634839446356865 0.09391978830191686
0.12774103243507787 0.08533795270566367 0.1969154773016258 0.08990129487422019 0.14731911378573584 0.11125926207141346 0.13364431297719895 0.10788155384906421
0.12572191859697426 0.0844337835765248 0.18156684325286293 0.09046408445590805 0.1574997992840697 0.11727573199689252 0.1344809374896782 0.10855690134708963
0.12527222985885816 0.08439526026319992 0.17630954385844122 0.09056861958884102 0.16109884067106933 0.11903682626718148 0.13463633598579947 0.10868234350660921
0.08454634774672945 0.124958960870345 0.11785683852734018 0.13411090371548304 0.10965949194203954 0.17697219456724245 0.09096217817224068 0.16093308445857965
0.10345336813377795 0.082077067627864 0.22368517165958907 0.132644574005171 0.098800282195099 0.09207061860688572 0.14788880116695932 0.1193801166046539
0.10459510945548264 0.07409861985073674 0.26776548338948264 0.1281792136171289 0.09311548503507089 0.07397453882653991 0.1429102575701422 0.11536129225541601
0.13749902587097806 0.09580214336592574 0.2373277374899902 0.10487246349287008 0.12043357954296272 0.0927548626023857 0.1169249704913044 0.09438521714358306
0.1279809795488943 0.08552607545185884 0.1951827326114033 0.08999355891725311 0.14779945705029016 0.11174345604559055 0.1337814696740061 0.10799227070070373
0.14454220371805238 0.09705386737517585 0.20792868444405269 0.10395517283252106 0.13587431745634912 0.10118383876503784 0.11590225985954214 0.09355965554926894
0.11344207994932379 0.07479493896367669 0.2581227521926772 0.12564502449230716 0.10017557475590794 0.07465428178847341 0.1400848258145574 0.11308052204307645
0.10545206729895161 0.07204358076090497 0.28082730904984826 0.1259909629500487 0.09202163571965 0.06980205618691618 0.14047052137863636 0.11339186665504382
0.13725719992446472 0.09508008546769925 0.24180827556671128 0.10440582025767953 0.11965873629660455 0.09141994614674018 0.11640469810818894 0.09396523823191155
0.08694835936713827 0.1272546465776453 0.13376067715330123 0.13404767805638942 0.10028609715016643 0.16592603334596714 0.090919294681725 0.16085721366766728
0.07739858417306622 0.13427539998961738 0.10770736276942781 0.13515672936692216 0.09587587176434938 0.1957264559083113 0.09167152078799938 0.16218807524030657
0.10219732614591141 0.08369486942738323 0.2197117821605332 0.13341861329396928 0.09617962878414485 0.09596923101364235 0.14875179720984333 0.12007675196457233
0.10448385004211551 0.07444313355377195 0.266276667346797 0.12845314895236412 0.09271485636718818 0.07480483465464129 0.14321567502599403 0.11560783405712771
0.08192243674548716 0.12521286704805162 0.1410707707394981 0.136994892251023 0.09560669915452107 0.16188018861601933 0.09291827474417212 0.16439387070122757
0.11569312140596903 0.09739847750476675 0.1656596912266522 0.09321131731561541 0.1435054769748706 0.13411345114211443 0.13856488365127306 0.1118535807787385
0.08222062345897749 0.13257277493824268 0.11463010167026409 0.13327289254574406 0.10499915861975308 0.18198318972457767 0.09039378798754814 0.15992747105489286
0.11570032792382108 0.09868908972219351 0.15618068777507704 0.093081939569635 0.14663699576978614 0.13964007681360235 0.1383725549423231 0.11169832748356201
0.10842690467783016 0.07997206920620391 0.23711836107008577 0.12829610944733866 0.10455334611636427 0.08312612328231585 0.14304058769725667 0.1154664985026048
0.08224232966294312 0.1303221125602463 0.1335067615069586 0.1361137884960158 0.09780358959340084 0.16435421544009254 0.09232065654512377 0.16333654619521892
0.1158134046191843 0.09835706550227649 0.16301809100140988 0.09322409488654929 0.1442946506936456 0.13483990106441382 0.13858387836866132 0.11186891386385915
0.12286711385554412 0.09053986027823387 0.1703135073779286 0.09084469375529797 0.1571306989162166 0.12424375453388876 0.1350467387765325 0.10901363250635755
0.12433357930157152 0.08870496504584352 0.17220991650107 0.09035312784931493 0.1608422959982384 0.12081636884311539 0.13431599304166816 0.1084237534191779
