Action: 0
[0.15315374836567, 0.10526395134815784, 0.21597814012657662, 0.10512082881835183, 0.10512082996145271, 0.10512084374308728, 0.10512082881835183, 0.10512082881835183]
[0.10589369613864927, 0.10589369613864927, 0.25874412702945515, 0.10589369613864927, 0.10589369613864927, 0.10589369613864927, 0.10589369613864927, 0.10589369613864927]
[0.11066231980865536, 0.10516508712296375, 0.1531413111438059, 0.10516508712296375, 0.10520584630975051, 0.21033017424593312, 0.10516508712296375, 0.10516508712296375]
[0.125, 0.125, 0.125, 0.125, 0.125, 0.125, 0.125, 0.125]
[0.2586320717716349, 0.10545230927896761, 0.10752698086183833, 0.10545230927896761, 0.10563643592482466, 0.10639527432583175, 0.10545230927896761, 0.10545230927896761]
[0.1218317299094592, 0.2078682379536851, 0.15062899109623762, 0.10393411897684254, 0.10393456513312291, 0.10393411897696749, 0.10393411897684254, 0.10393411897684254]
[0.125, 0.125, 0.125, 0.125, 0.125, 0.125, 0.125, 0.125]
[0.125, 0.125, 0.125, 0.125, 0.125, 0.125, 0.125, 0.125]

Action: 1
[0.10587888152973289, 0.10587888152891897, 0.10587888152891897, 0.10587888152891897, 0.10603863167702476, 0.25868807914864744, 0.10587888152891897, 0.10587888152891897]
[0.10589369613864927, 0.10589369613864927, 0.10589369613864927, 0.10589369613864927, 0.15285043089080586, 0.21178739227729854, 0.10589369613864927, 0.10589369613864927]
[0.10506483321689572, 0.1050648332183693, 0.10506483321689572, 0.10506483321689572, 0.11143409029569466, 0.2581769104014575, 0.10506483321689572, 0.10506483321689572]
[0.125, 0.125, 0.125, 0.125, 0.125, 0.125, 0.125, 0.125]
[0.1051395939878928, 0.1051395939878928, 0.1051395939878928, 0.1051395939878928, 0.25826927284948775, 0.11089316322315555, 0.1051395939878928, 0.1051395939878928]
[0.10381188600322382, 0.10381188600322382, 0.10381188600322382, 0.10381188600322382, 0.22770740702661058, 0.14942127695404656, 0.10381188600322382, 0.10381188600322382]
[0.125, 0.125, 0.125, 0.125, 0.125, 0.125, 0.125, 0.125]
[0.125, 0.125, 0.125, 0.125, 0.125, 0.125, 0.125, 0.125]

