Action: 0
[0.09143100917076409, 0.08482433920369792, 0.3065309281279957, 0.08482433908011787, 0.13811344791770072, 0.12462725833948789, 0.08482433908011787, 0.08482433908011787]
[0.09007110694246563, 0.09007110694246563, 0.300871961685663, 0.09007110694246563, 0.15870139665954322, 0.09007110694246563, 0.09007110694246563, 0.09007110694246563]
[0.1531092278526348, 0.08275427511714735, 0.1740728113060997, 0.0827542751170096, 0.22949297409139693, 0.11230788628169243, 0.0827542751170096, 0.0827542751170096]
[0.125, 0.125, 0.125, 0.125, 0.125, 0.125, 0.125, 0.125]
[0.0928094701783025, 0.09279050751478356, 0.3502591923460636, 0.09279050751478356, 0.09296340828176085, 0.09280589913473881, 0.09279050751478356, 0.09279050751478356]
[0.1870210494617987, 0.08555473301421901, 0.21852058788432546, 0.08555473301421901, 0.1663119701292287, 0.08592746046777114, 0.08555473301421901, 0.08555473301421901]
[0.125, 0.125, 0.125, 0.125, 0.125, 0.125, 0.125, 0.125]
[0.125, 0.125, 0.125, 0.125, 0.125, 0.125, 0.125, 0.125]

Action: 1
[0.20219903030560218, 0.10109951515280109, 0.10109951515280109, 0.10109951515280109, 0.10109951515280109, 0.19120387877759137, 0.10109951515280109, 0.10109951515280109]
[0.10109951515280109, 0.10109951515280109, 0.10109951515280109, 0.10109951515280109, 0.10109951515280109, 0.29230339393039245, 0.10109951515280109, 0.10109951515280109]
[0.11490050338619609, 0.10918209183048658, 0.08326813558669689, 0.08326813558669689, 0.11839626784923854, 0.3244485945872912, 0.08326813558669689, 0.08326813558669689]
[0.125, 0.125, 0.125, 0.125, 0.125, 0.125, 0.125, 0.125]
[0.17768310471103002, 0.15546454500738904, 0.08582440005807526, 0.08582440005807526, 0.17164880011615052, 0.15190594993312934, 0.08582440005807526, 0.08582440005807526]
[0.08860736406297073, 0.08860736406297073, 0.08860736406297073, 0.08860736406297073, 0.24190850488015045, 0.22644731074202515, 0.08860736406297073, 0.08860736406297073]
[0.125, 0.125, 0.125, 0.125, 0.125, 0.125, 0.125, 0.125]
[0.125, 0.125, 0.125, 0.125, 0.125, 0.125, 0.125, 0.125]

