Action: 0
[0.11503864643089227, 0.1073525032860691, 0.1372982649671835, 0.10671840853542902, 0.21343692261766914, 0.10671843709189906, 0.10671840853542902, 0.10671840853542902]
[0.13726125387215127, 0.1068364543417895, 0.22172002007711172, 0.1068364543417895, 0.1068364543417895, 0.1068364543417895, 0.1068364543417895, 0.1068364543417895]
[0.10791345605038279, 0.10790745655044472, 0.13665594973712702, 0.10790745655044472, 0.21589331144581264, 0.1079074565648988, 0.10790745655044472, 0.10790745655044472]
[0.125, 0.125, 0.125, 0.125, 0.125, 0.125, 0.125, 0.125]
[0.10786760943585762, 0.21573510996682824, 0.13669523746362797, 0.10786755497893995, 0.10786755497893995, 0.10823182321792639, 0.10786755497893995, 0.10786755497893995]
[0.10939403723836039, 0.10768338258255901, 0.1368222846837234, 0.10768338258255901, 0.21536676516511802, 0.10768338258256205, 0.10768338258255901, 0.10768338258255901]
[0.125, 0.125, 0.125, 0.125, 0.125, 0.125, 0.125, 0.125]
[0.125, 0.125, 0.125, 0.125, 0.125, 0.125, 0.125, 0.125]

Action: 1
[0.10671844125982108, 0.21407092809617764, 0.10671844125982108, 0.10671844125982108, 0.11503861864919071, 0.13729824695552617, 0.10671844125982108, 0.10671844125982108]
[0.10771504342892642, 0.10767621029776413, 0.10767621029776413, 0.10767621029776413, 0.24450583890857466, 0.10939806617367837, 0.10767621029776413, 0.10767621029776413]
[0.10768204610528796, 0.10768204610528796, 0.10768204610528796, 0.10768204610528796, 0.1368117250825807, 0.21709599828569154, 0.10768204610528796, 0.10768204610528796]
[0.125, 0.125, 0.125, 0.125, 0.125, 0.125, 0.125, 0.125]
[0.10682951068688426, 0.10682951068688426, 0.10682951068688426, 0.10682951068688426, 0.24407089631091522, 0.11495203956777907, 0.10682951068688426, 0.10682951068688426]
[0.10768338458253764, 0.10768338455539224, 0.10768338455539224, 0.10768338455539224, 0.21707738857573863, 0.13682230406476248, 0.10768338455539224, 0.10768338455539224]
[0.125, 0.125, 0.125, 0.125, 0.125, 0.125, 0.125, 0.125]
[0.125, 0.125, 0.125, 0.125, 0.125, 0.125, 0.125, 0.125]

