0.125 0.125 0.125 0.125 0.125 0.125 0.125 0.125
0.099626400996264 0.07845579078455792 0.199252801992528 0.15691158156911583 0.08685378548392246 0.06839735606858895 0.17370757096784492 0.1367947121371779
0.11030863736668604 0.08686805192626526 0.1563457528399143 0.10424166231151831 0.13788579670835754 0.10858506490783158 0.16546295605002906 0.13030207788939788
0.09334725100011056 0.15557875166685095 0.09608268529805805 0.14002087650016584 0.131468812676027 0.1944734395835637 0.10501565737512439 0.08401252590009951
0.11178451178451179 0.09023569023569024 0.13973063973063973 0.1127946127946128 0.13414141414141414 0.10828282828282829 0.16767676767676767 0.13535353535353534
0.12997040974844307 0.10235169767689892 0.17619508800357403 0.12282203721227872 0.12741708079372044 0.09819902033549623 0.13596904404452506 0.10707562218506349
0.07222534255450094 0.12778329836565552 0.09028167819312617 0.1597291229570694 0.09662763851062682 0.1533399580387866 0.10833801383175143 0.19167494754848327
0.13850774068178798 0.10219852407080933 0.16882883994808787 0.12263822888497121 0.12332227910719508 0.10182344760884558 0.13576556067037918 0.10691537902792361
0.08078230736064862 0.11884972988203374 0.10975944033634835 0.1426196758584405 0.09967972732651434 0.16306976751913344 0.10696475689383037 0.17827459482305058
0.0948804673283685 0.1467658067837842 0.0938145448782733 0.13208922610540577 0.12059512649002287 0.23353437317184744 0.09906691957905435 0.07925353566324347
0.07174819798693131 0.12693911951534 0.08968524748366413 0.158673899394175 0.10259561594807456 0.152326943418408 0.10762229698039696 0.19040867927301
0.11207419736780726 0.082571435170925 0.1447335045051481 0.09908572220510999 0.14397380474092222 0.1364252591186047 0.1572789241350952 0.12385715275638748
0.0708166324440573 0.13484125159004806 0.08852079055507163 0.1566137063666652 0.10469706462607505 0.15034915811199856 0.10622494866608595 0.1879364476399982
0.10400363917909432 0.07316968943903909 0.21355215227215546 0.14633937887807819 0.08918949631849697 0.08416401586868485 0.16200370799689565 0.12757792004755536
0.10245075710823263 0.14471731188838582 0.11453347091082232 0.13024558069954725 0.11812956386457334 0.2140917815840499 0.09768418552466045 0.07814734841972834
0.08122035308390384 0.16342070076691456 0.07080748730391616 0.12527478523000554 0.1165272624033475 0.20745068417120643 0.08496898476469938 0.15032974227600662
0.09207790247908727 0.08607667869501727 0.18415580495817455 0.1486558907493698 0.09917559544753549 0.0903276015340257 0.16574022446235706 0.13379030167443282
0.11794784488736763 0.08017801071981864 0.17098651363633677 0.09621361286378237 0.13971006799905403 0.12197691339521033 0.1527200204187022 0.12026701607972795
0.05872499414608447 0.11193505534325462 0.059641734353081344 0.09057780162177131 0.1450867818501309 0.2504857319566542 0.10239229748548061 0.18115560324354263
0.09002021895192884 0.08072846799234104 0.1906827422293596 0.14533384746455982 0.1066541024090795 0.09374376412115519 0.1620363941134719 0.13080046271810383
0.14409168518289753 0.09480275738745847 0.20472193855770585 0.11376330886495016 0.11607836097983751 0.10142302037375732 0.1259406593865138 0.09917826926687963
0.06672827879713637 0.12909087836804645 0.11279665421335053 0.14757215503212853 0.10023667883933349 0.16639635051574578 0.10009241819570457 0.1770865860385542
0.10504789415185029 0.07125507970584355 0.22541969159411365 0.1425101594116871 0.08670770555905409 0.08705523878395414 0.15776460463971873 0.1242396261537785
0.08576219807586562 0.11349258704307183 0.1272071674889508 0.13619110445168622 0.09259755441250045 0.17236717962455256 0.10214332833876466 0.17023888056460773
0.12121936560711917 0.07886686270409997 0.15768240753037657 0.09464023524491995 0.13685240384047098 0.14221583539000637 0.15022259562685708 0.11830029405614993
0.06574134530515593 0.12544845706611063 0.10470801387309762 0.1453895136556333 0.10255283360579738 0.1830804021497113 0.0986120179577339 0.17446741638675994
0.10495215477420056 0.07078822959109628 0.22562123706132878 0.14157645918219255 0.08639462899255446 0.09051069921270148 0.1567309601040145 0.12342563108191144
0.10764613716696893 0.14090811003935227 0.12078620911469916 0.12681729903541702 0.11499848748940221 0.2176404034563473 0.0951129742765628 0.07609037942125023
0.05430317859248813 0.10984550889572253 0.057495348654683816 0.08375756540300931 0.13656262032417074 0.29583818208572243 0.09468246523818444 0.16751513080601863
0.08735579551512399 0.07852786243284925 0.1928494826528655 0.14103224818104357 0.10305705231850149 0.11300810360945378 0.15724043192722317 0.1269290233629392
0.10608081596304145 0.06813740038278826 0.25939728586822547 0.13627480076557652 0.08331513138423845 0.07712908687250211 0.15086180630133011 0.11880367246229748
0.07536848521839304 0.09823950281884483 0.08994065201002735 0.08841555253696036 0.12800017917023906 0.2371058601272623 0.1060986630443524 0.17683110507392072
0.07452576448872072 0.14510925393568924 0.07813052738045984 0.11494900952698149 0.11520931135928307 0.2561719067190569 0.0779654151574309 0.13793881143237777
0.09739553404211612 0.09037820239620628 0.14331612992203002 0.0982756141690027 0.14741138137735882 0.15919910002730855 0.14609330106317417 0.11793073700280324
0.10638981780701086 0.08531619927126333 0.16015106648762562 0.09755347329815561 0.15482313364948755 0.13368235137200918 0.1450197901566612 0.11706416795778672
0.09387605492115934 0.07429073846537786 0.23081335457030153 0.13652729871218397 0.10583238763211343 0.08356784739819469 0.1522177494597036 0.12287456884096558
0.10582962480772536 0.0838622395942479 0.19034111673500148 0.0974002980742686 0.1465057710292427 0.11438850717192675 0.14479208489846498 0.11688035768912232
0.07070334178125005 0.12251074812694598 0.1180933561454368 0.14082779280425398 0.10618597591499382 0.17716745265565115 0.09551798120636357 0.16899335136510477
0.06822274397772234 0.12669425379122026 0.1030242165732891 0.1406545507445407 0.09757359950293988 0.1996446966205416 0.09540047789629717 0.1687854608934488
0.07086974155306831 0.12626249507558776 0.09936347336259731 0.13953175250483532 0.09521737078973667 0.20667813592248407 0.09463892778588831 0.16743810300580236
0.07102621636983242 0.1259554224500721 0.09844792262860465 0.13922085734865858 0.09495837940738483 0.20889811321014087 0.09442805976691623 0.16706502881839028
0.09663048751281553 0.07814366735828951 0.21386217267211416 0.13822605580996883 0.09700129656741488 0.09762113299960916 0.15411173685081597 0.12440345022897195
0.0970675106228955 0.07208101462552427 0.2588489776986474 0.13333167260768347 0.09402011799845547 0.07599733626713312 0.14865486483274556 0.11999850534691513
0.09544862326274405 0.07037514505401055 0.2765714533266728 0.13086965939227616 0.09183325730921126 0.07120926437214076 0.14590990382989596 0.11778269345304856
0.09450237363173791 0.06971513700150107 0.2837257453259563 0.12982303496220599 0.09073509349150725 0.06991488842443765 0.14474299569666846 0.11684073146598539
0.09406841576659596 0.06944317801758636 0.2866711376242936 0.12938479260800137 0.09024150077570173 0.06949027368423621 0.1442543881763836 0.11644631334720124
0.07463780855600528 0.12080528027578007 0.1430563849091741 0.14070619129268877 0.09543289377239342 0.16107850798334292 0.09543550365938892 0.16884742955122653
0.12945425566644173 0.10045409131023558 0.1926627484767348 0.11150453649810209 0.12549239126949724 0.11575865696938004 0.12431923696131679 0.10035408284829188
0.08348347006714447 0.12219754421176654 0.12058209495018973 0.13785786759494187 0.10132244955077227 0.17562353535990308 0.09350359715135187 0.1654294411139302
0.10281506219608154 0.07652918206466433 0.22428950982880833 0.13565172725026667 0.09676231103852546 0.09062410047559405 0.15124155262081967 0.12208655452523998
0.13767151955399545 0.09405925288648698 0.21919903625566126 0.10878247948809706 0.12307970349344059 0.09801943024928737 0.12128434653374405 0.09790423153928736
0.08590882207766526 0.12134588310256819 0.1266541481431093 0.13767117794885964 0.10084177716810976 0.16899580515139495 0.09337697286966133 0.16520541353863155
0.10349890619143928 0.07627074774578492 0.22663773520840885 0.1352855739088152 0.09642211197460251 0.0892945894830379 0.15083331896997756 0.1217570165179337
0.1041184460363991 0.07068494064446772 0.26484654819582076 0.1308203150280405 0.09246326577765447 0.07347331224619266 0.14585488854618842 0.11773828352523644
0.10287622162800701 0.06930398562311604 0.2787870664044487 0.12891543522532992 0.09043752425903284 0.06992478543589327 0.1437310897213753 0.11602389170279692
0.10210877677666066 0.068852130982153 0.28383599545578353 0.12822940785185988 0.08959406822378206 0.06900693324705816 0.14296622039602885 0.1154064670666739
0.10176489696608475 0.06869452522727473 0.2856648931922112 0.127985950821352 0.08927041850779104 0.06873717557062178 0.1426947839754477 0.11518735573921682
0.1016267354856298 0.06863849050928221 0.2863282545178858 0.12789898565553645 0.08915037855256873 0.06865024388361335 0.14259782430550108 0.11510908708998281
0.11890812628652536 0.08032857504990973 0.2096713477354281 0.09355575305259498 0.13908414143727166 0.10710824226711953 0.13907691050803672 0.11226690366311397
0.141098670023975 0.0927609749388144 0.21141027161339526 0.1066940309887292 0.13288368142021414 0.10017186081370119 0.11895588231131451 0.09602462788985629
0.11176048261662512 0.07079191127102985 0.25621967371133475 0.1286207188208047 0.0990142026958961 0.07443186102149393 0.1434025029240912 0.11575864693872424
0.12203910391951903 0.0806808945735547 0.20019919830761748 0.09377080688269887 0.1425899265645389 0.10879849902243234 0.13939660247040012 0.11252496825923863
0.10822064895471263 0.07046294904890715 0.2525199434248087 0.129627525965004 0.10163138327245412 0.07634775821059793 0.14452501775501192 0.1166647733685036
0.09476292102957962 0.13819606343232982 0.15551573863010315 0.16067928295312794 0.08407514490776395 0.14042264175660232 0.08173685263267813 0.14461135465781513
0.08398588541719916 0.1124478591318535 0.11416002526910601 0.13493743095822422 0.09151596192912782 0.1930779753780408 0.10120307321866816 0.16867178869778024
0.07715954573452773 0.12377310998308541 0.10303971455225255 0.1383694660850931 0.09412656691464293 0.20363764304013643 0.09385059438815009 0.1660433593021117
0.13419982771263098 0.10081454885699098 0.1777379297437085 0.11151562256976301 0.12541925737627901 0.12561715632394077 0.12433159710389995 0.10036406031278669
0.08586098466485949 0.12180261154610157 0.11702526598231953 0.13731137577767924 0.10111793150825586 0.17897524645140414 0.09313293313616507 0.16477365093321508
0.0775499657046611 0.12494834160704107 0.10375877095725149 0.1384394102571847 0.09620940475116355 0.19906877963094255 0.09389803478313398 0.16612729230862164
0.07590907223136448 0.12500951252100345 0.1006018585061957 0.13813007180139086 0.09493780925142425 0.20596736691383477 0.0936882226131173 0.16575608616166904
0.10234479110461332 0.07719236049663326 0.216355098685805 0.13645730568153064 0.09613130191675057 0.09656785454740409 0.15213971245388563 0.12281157511337756
0.120878464181262 0.08207310248947661 0.18862569552328198 0.09485351071057974 0.14309626096656572 0.1156426388466794 0.14100611442945882 0.11382421285269569
0.10844907770846265 0.07085089436690083 0.2481382183596971 0.13017457379930503 0.10218168289315124 0.07791350118731642 0.1451349352657923 0.11715711641937453
0.08246274693880266 0.12017708891178748 0.13419599050181338 0.13967821507383074 0.09759868678006052 0.16353514608981437 0.0947382676152939 0.16761385808859688
0.10283366373301449 0.07606013328898069 0.22976362733837635 0.13506885254579604 0.09571733164335698 0.08840273333581174 0.15059169082344723 0.12156196729121645
0.1041803400378979 0.07055079529236584 0.26593649216571724 0.13058639196058358 0.0923114602343303 0.0733126857616606 0.1455940817829193 0.1175277527645252
0.10315940149404021 0.06921482106160062 0.2790872758849879 0.12875540247974632 0.09044336148831429 0.06990721020674714 0.14355266515279178 0.11587986223177169
0.10246255933947457 0.06878513767763528 0.2838434620218636 0.12810590892492899 0.08965212060214929 0.0690269650926735 0.14282852830883871 0.11529531803243609
0.10214172675083157 0.06863664307486943 0.28556537678507854 0.12787708363393918 0.08934692008503808 0.06876946921379863 0.14257340518589934 0.11508937527054527
0.10201124619478412 0.06858409985398456 0.28618978807534445 0.12779565835690126 0.08923356483864442 0.0686869280806148 0.14248262207851525 0.11501609252121113
0.08127208823881707 0.11978419693932751 0.1426873548651872 0.13950571452924657 0.09479219663642424 0.1599303241099778 0.09462126724592376 0.16740685743509587
0.11658014304554949 0.08642112271762452 0.16603817217283398 0.09594981361982574 0.14417502651693004 0.1330601032471075 0.14263584233633794 0.1151397763437909
0.14218180149805465 0.09417168072885714 0.19653488370278097 0.10769618624260067 0.1354946516646712 0.1069210179130193 0.12007321063167567 0.09692656761834059
0.11272916197148025 0.07120704982593595 0.25047173245876014 0.12920309662014764 0.10005714312018851 0.07599721833602582 0.1440518107093288 0.11628278695813289
0.10541600281778943 0.06945629606760358 0.2730311705035106 0.12910843000341635 0.09228922757365762 0.07055502153460147 0.1439462644963463 0.11619758700307471
0.10315439619306431 0.06892220533968473 0.2815781324691098 0.12833401610725093 0.09017699100849164 0.06925079359166929 0.14308285079420363 0.11550061449652584
0.11973449497351155 0.08034125347677225 0.2081236838241231 0.09354135241239094 0.13958554895377642 0.10736854047539027 0.13905550298916625 0.11224962289486913
0.10751696170937682 0.07025538791593158 0.255560726152504 0.1292796889603585 0.10085504005828397 0.07604326968640504 0.14413720545281758 0.11635172006432265
0.0822782838070488 0.12004182627132483 0.13583016010161206 0.1395922085363093 0.09730589261620452 0.162761045677563 0.09467993274636631 0.16751065024357115
0.13501849136054994 0.09988334388289329 0.18923369891901493 0.11087101821392475 0.12564478875368812 0.11595183112545362 0.12361291135194295 0.09978391639253227
0.08611865728206702 0.12177586516885841 0.11969443310785295 0.13738917259577668 0.1013369782674809 0.17563218678937473 0.09318569967365722 0.164867007114932
0.10401186078304221 0.07639355457357526 0.22372141279266794 0.13542818296982906 0.09681017949644635 0.09075712728105227 0.15099231743054073 0.12188536467284615
0.13893582746843477 0.09387025059062237 0.2187718176176421 0.10856133931012621 0.12308693442785101 0.09803083346790498 0.12103779173830487 0.09770520537911358
0.08692707128811725 0.12112724417329601 0.12646752089354693 0.13741488477915167 0.1009159861150649 0.16904629177432984 0.09320313924151157 0.16489786173498197
0.10398334395341136 0.07618676207496074 0.2264143692405733 0.13514155017982038 0.09652100799839348 0.0894528281308146 0.15067274326018779 0.12162739516183835
0.13884410504375966 0.09378940970975398 0.2196657719223589 0.10848696620670008 0.1229353654721988 0.09768524078098215 0.12095487127821636 0.09763826958603006
0.11131852116918897 0.07077911471920063 0.25958635528699964 0.1284835521634229 0.09691321596464468 0.07403447141203431 0.1432495723374282 0.11563519694708058
0.08296005189188142 0.12009214435760246 0.1367496253091024 0.13957078873708623 0.09646895502595532 0.1620080836591494 0.09466540453471936 0.16748494648450346
0.07732945404729728 0.12519123796913756 0.10841219304166753 0.13895602956393183 0.09562814100424494 0.1934872714536403 0.09424843744336246 0.1667472354767182
0.1024859683116176 0.07704420424876939 0.21954974757022183 0.13618430378777382 0.09609884997267132 0.09423571698432712 0.15183533571562244 0.12256587340899643
0.10448152765609552 0.07088020472529809 0.2621661526797666 0.131082938050846 0.09272684646344796 0.07453999256090085 0.14614769361788352 0.1179746442457614
0.12050534562444763 0.08082135926821293 0.20233687832614883 0.09393933107747099 0.14090584151747942 0.10911692188855693 0.13964712500471807 0.1127271972929652
0.12370402012640007 0.08074438501242182 0.1815487744211058 0.09282319449418582 0.15488616072629882 0.1169177188172974 0.13798791300926727 0.11138783339302298
0.08407075339674122 0.11941684136873253 0.11794703154938967 0.1372748682102329 0.10753893552795507 0.175913556612946 0.0931081714817232 0.16472984185227948
0.10354896352519415 0.07623244274299658 0.22294424608258653 0.13543110227082802 0.09813394852366165 0.09082573257769153 0.15099557223329632 0.12188799204374522
0.10456390235604422 0.07070586923225133 0.26334852738494574 0.1308548828752857 0.09300092416104758 0.07386307028649154 0.14589342911617675 0.11776939458775715
0.10334296688600061 0.06928321520056806 0.2781292896047308 0.128865219120892 0.09066750674457494 0.07005800272203346 0.14367510251239748 0.11597869720880279
0.1025476045812782 0.0688098559974822 0.28348828515636004 0.12814391931041644 0.08973459530240983 0.06907530522061707 0.14287090705206132 0.11532952737937481
0.1365418312591243 0.09172406826141584 0.23837538449999593 0.10680438872021195 0.11943605019943383 0.09191540426536136 0.11907892294626614 0.09612394984819073
0.11013389974782002 0.07018416691362735 0.26662031506895056 0.12763673475504672 0.09561666869771511 0.0726297194148805 0.14230543412241772 0.11487306127954204
0.10430236293738084 0.06901201650460942 0.27900596407056677 0.12839548706548598 0.09093307863126476 0.06964376610650423 0.14315138632525076 0.11555593835893736
0.10270623982154907 0.0687473101920323 0.28375905694467357 0.12805703479407732 0.08973759091854601 0.06896739871418975 0.1427740373002623 0.11525133131466958
0.08141850757318425 0.11982375726187748 0.14215503414168934 0.13953160521381294 0.09492534437847999 0.160068997290229 0.09463882788415137 0.1674379262565755
0.13463875693450073 0.09977292723063427 0.19148114618487577 0.11076936999471655 0.12488671636289293 0.11525906912392107 0.12349958117321382 0.09969243299524487
0.09932872175073938 0.14054424524164694 0.13873878920906738 0.15857856768428055 0.08759501994192948 0.15182571734752368 0.0806682279089601 0.14272071091585248
0.11041140850302367 0.06918790891722983 0.24001743102627462 0.13837581783445965 0.08339045235095843 0.08479393443637176 0.15318771856317875 0.12063532836850327
0.08301842366827239 0.12039038346072574 0.13255427002108888 0.14021915404538107 0.09386157823355391 0.16658804036400132 0.09510516535251934 0.1682629848544573
0.11720668805226886 0.08659203897437949 0.16289748531880308 0.09609368526409848 0.14409196304979058 0.13495599982517087 0.1428497171985703 0.11531242231691818
0.12351033622236374 0.08170869542398304 0.16945399931793334 0.09342888877875932 0.15672290354417284 0.12417219193403112 0.1388883182442452 0.11211466653451119
0.12463927159910312 0.08090223010712928 0.1709352111024053 0.09291906364347585 0.16007126708085176 0.12089965115620424 0.13813042893865962 0.111502876372171
0.10968174654317571 0.07095594038750902 0.24080072286962106 0.130488237280215 0.10609657435154948 0.0790527183764519 0.14548464663928448 0.1174394135521935
0.10507191885797647 0.06967943113140329 0.2694805440035061 0.12956700198989451 0.09383462472473951 0.07129863946209558 0.14445753803947942 0.11661030179090508
0.10320176198501321 0.06902418658598107 0.28028538822065197 0.12849984519918484 0.09060916723475987 0.06946205223873801 0.1432677378564046 0.11564986067926637
0.10243496990105021 0.06873286205106899 0.28425799386719164 0.12802953504891568 0.08965105492841915 0.06892362552270326 0.14274337713662688 0.11522658154402411
0.08136793185124203 0.1198180877989234 0.14226360263993862 0.13952665893275226 0.09490425065540065 0.16005200438718228 0.09463547301525806 0.1674319907193027
0.11581726773223419 0.09298770549860294 0.16496131934075364 0.09508701443396678 0.14328911083666543 0.13239993143965728 0.14135323339735956 0.11410441732076014
0.1411873008174036 0.10057319795537933 0.19519313447410255 0.1068713249870175 0.13459865419884134 0.10623864319042944 0.11915355188851054 0.09618419248831575
0.11210966515525213 0.07655044301930142 0.24914903438758443 0.12838628567044608 0.09953006853436325 0.0755857186731987 0.14314112745645255 0.11554765710340147
0.1394521198584098 0.09761033465677844 0.22582690840732672 0.10669486087638202 0.12210235116297093 0.09333124267527271 0.11895680757411549 0.09602537478874382
0.08638525244571806 0.12911722787374125 0.12725979765286072 0.1359775181584352 0.0999448488690751 0.165914103502587 0.0922282297074604 0.16317302179012222
0.1032075341707486 0.08307855660253574 0.22555588707724397 0.13396965188596555 0.09574415169307679 0.08850536775542413 0.1493661641176362 0.120572686697369
0.13792849956670047 0.09954904409245906 0.2185463373307906 0.10775910925291705 0.12210933177040552 0.09698111456667065 0.12014336509243141 0.09698319832762535
0.08610694827492055 0.1295345845715445 0.12560767415883636 0.13602220196607656 0.09994248238822769 0.16730092929541587 0.09225853698568671 0.16322664235929185
0.10319858450273374 0.08317589311929173 0.2249033750340384 0.13404505425920052 0.09579561898665616 0.08879069312804855 0.1494502321367504 0.12064054883328044
0.10403503629046615 0.07510052241262494 0.2634523374463543 0.1300519519334376 0.09211559374900022 0.07319958039178728 0.14499822103623564 0.11704675674009384
0.13698810105771397 0.0973691165476618 0.23106860509696955 0.10670602431987662 0.12006824078109261 0.09279523632827756 0.11896925398051916 0.09603542188788895
0.08594179179953525 0.12906138745106308 0.12842477831178328 0.13597120174551525 0.0995049083800174 0.16570654468572682 0.09222394553174078 0.1631654420946183
0.13494283963354384 0.10872467757648047 0.18495217370478148 0.10958738181862543 0.12518932509213723 0.11579320597272362 0.12218175256494507 0.09862864363676287
0.14601060930505452 0.10236268555239253 0.2014947117099276 0.10598480516447599 0.12874408678989477 0.10185162838565374 0.11816514844457249 0.09538632464802839
0.12952213488403266 0.08781309507359175 0.18022428986540343 0.09177219166856476 0.14995297868267188 0.1141631531042182 0.13642552671923958 0.11012663000227771
0.11010398248326293 0.07549472694101328 0.24368671471294198 0.12934219965425572 0.10335100985815154 0.07740648645000849 0.14420690021153584 0.11640797968883017
0.1047166687627993 0.07349549865018135 0.26998255898386714 0.12877429122442632 0.09286758207120906 0.070692813512031 0.14357372469350216 0.11589686210198369
0.10275845186326395 0.07272576355899049 0.2799423214110992 0.12783201875961642 0.09008136573597206 0.06908810057332329 0.1425231612140798 0.11504881688365476
0.1020032025418148 0.0724018831111583 0.28362177278010997 0.1274075016173201 0.08923954977951938 0.06860948243368624 0.14204985628080313 0.11466675145558809
0.10171367980369682 0.07227421706097147 0.2849706281323217 0.127243389754102 0.08896352394264512 0.06844862672710217 0.14186688380046894 0.1145190507786918
0.13562453764981244 0.0964094189262197 0.23815362092911063 0.10610431724845044 0.11862446933236756 0.09129135489104205 0.11829839549939176 0.0954938855236054
0.10950227713401271 0.07511787162423152 0.26581349629147694 0.1268044529042377 0.09505947884243747 0.07220091362043818 0.1413775019693516 0.11412400761381393
0.12100282297280296 0.08495727883408219 0.20259759233269115 0.09306134823220831 0.1406490741625038 0.1077163210508235 0.13834194453623802 0.11167361787864998
0.10758034123218314 0.0747719566406103 0.25271437096914234 0.12872846047494815 0.10089125725551777 0.07593537217210573 0.14352262682803918 0.11585561442745332
0.12073234772632602 0.0850933343895351 0.19860700799395473 0.0932867165062837 0.14276868101727339 0.10889088294676022 0.13867696961232623 0.11194405980754044
0.10764957578274645 0.07488289827806252 0.25117608163219274 0.12889641196526472 0.10145308885292413 0.07622529251402228 0.14370988020604886 0.11600677076873825
0.12077576573286024 0.08512846515815733 0.19813590705008524 0.09331042708460173 0.14297605813579356 0.10898864735748215 0.1387122169794975 0.11197251250152207
0.1416537984274037 0.09853375563427005 0.20637485731265529 0.10599867158857071 0.1335439781662052 0.10031552596855109 0.11818060847263032 0.09539880442971363
0.08666926947737605 0.12913588019837313 0.12277034849137007 0.13578081275301593 0.10226685640878536 0.1683450452393279 0.09209481212813254 0.16293697530361909
0.10299902565460399 0.08706697544530835 0.22296796811996003 0.1334008019672508 0.09599848081882746 0.08877408731376801 0.14873193890975572 0.12006072177052571
0.10377827887777984 0.07813593822162199 0.26227103712871597 0.12962609710401699 0.09196371192520439 0.0730380246674027 0.1445234246816428 0.11666348739361529
0.08088319836651116 0.13087024465439714 0.13637917670952285 0.13801137534237592 0.09453549193502805 0.16009914713170229 0.0936077154496115 0.16561365041085108
0.11522917612934916 0.09900710441558909 0.16248496226514567 0.09456567364302373 0.14263189730154036 0.1320241525775271 0.14057822529619649 0.11347880837162848
0.10739276062700978 0.08049706476625272 0.23680820743436182 0.13003254452705662 0.10240022370862037 0.08086332563591289 0.14497658322643478 0.11702929007435098
0.1206808197872325 0.08880896952397371 0.19346886206499742 0.09322322239433548 0.14323865349620446 0.11012902450966873 0.13858258135038526 0.11186786687320256
0.08274835678118352 0.13166455855179202 0.11960916913586551 0.1355581126748624 0.10410995000254183 0.17169635426444818 0.09194376337947188 0.16266973520983485
0.10218466962531375 0.08755795088923854 0.2217156735511225 0.13353889447160902 0.09648985214492758 0.08944205254663602 0.14888590174670438 0.12018500502444814
0.0805421852888061 0.13327689310074875 0.1271645320738163 0.13806138264882367 0.09543918756995702 0.16620052669049243 0.09364163344876737 0.1656736591785884
0.10160291484909087 0.08774601724993072 0.22508501373988032 0.13352257464312156 0.09458854836865627 0.08841690761467241 0.14886770635583849 0.12017031717880938
0.10341732481457055 0.07820832967546269 0.263120793765581 0.12957765271183472 0.09163679868722568 0.07294980010506145 0.14446941279961273 0.11661988744065123
0.10250686341116078 0.07574507126214572 0.2771494532802914 0.1277856534105444 0.08986168562965963 0.06947271762674291 0.14247146730996518 0.11500708806948996
0.10181786068427633 0.0750040956562111 0.2822727597750877 0.12712203323900412 0.08907386613216914 0.06856797425555676 0.14173158034259115 0.1144098299151037
0.11861692206350037 0.08737690663195974 0.20755906484576647 0.09268537982986347 0.138320785346137 0.1064354432323934 0.1377830422545433 0.11122245579583613
0.14033378780620764 0.10203479975756426 0.2091033955135343 0.10533689697395503 0.13167354441862433 0.09927158909005586 0.11744277916349911 0.09480320727655953
0.08600458294219568 0.13464272700589125 0.12283877061865162 0.13484468313695677 0.10135182636104116 0.16704391813019687 0.0914598720407185 0.1618136197643481
0.10281194241999837 0.08791158922184034 0.22294198937578572 0.13334423676122376 0.09577782186536239 0.08853373434436852 0.1486688729263196 0.12000981308510139
0.10373668332957073 0.07826593586286269 0.2622623703785206 0.12962709349862156 0.09191935773521506 0.07299963945918098 0.1445245355872691 0.11666438414875942
0.11951744185388961 0.08826307925464512 0.20153663370642386 0.09305519213393755 0.1396896280136986 0.10793900139399101 0.13833279308268925 0.11166623056072507
0.08255507604689186 0.131540589536146 0.12142526194926909 0.13557125285262622 0.10337065481749719 0.17089898552655017 0.09195267584786822 0.16268550342315144
0.101877785994771 0.0895701179143603 0.22206268608063312 0.13309082631299618 0.09610169006774803 0.08912881076002156 0.14838633918777333 0.11978174368169656
0.10340701564090872 0.07989728427809327 0.2616947797085127 0.12939312008827297 0.09187940607601598 0.07301091343331804 0.1442636726954327 0.11645380807944568
0.10241643125369725 0.07722741833201889 0.276414039567629 0.12759863926927242 0.08982892171749844 0.06941281401881273 0.1422629604987261 0.11483877534234518
0.11871998126814307 0.08918574442242634 0.2056209942321693 0.09260466540793075 0.13849001876029424 0.1065899425742967 0.13766305484522243 0.1111255984895169
0.10658002361053083 0.07922302147450501 0.25323208399128067 0.12787762015930035 0.100024407738299 0.075398981511076 0.14257400337163786 0.1150898581433703
0.1199801800930449 0.08970116121519896 0.19825645548566093 0.09273981029430024 0.1419042868841812 0.10826637687874743 0.13786395679570604 0.11128777235316029
0.10708612284248135 0.07947232654182775 0.25033476203446614 0.12814203954303718 0.10093539071785707 0.07583271147988248 0.14286881125171458 0.11532783558873347
0.10346962066388486 0.07731490566431386 0.27192594863251857 0.12783128166544622 0.0918669947720777 0.07002075569377016 0.14252233940908704 0.11504815349890161
0.13584785606869143 0.10183611430213685 0.2330409823725024 0.10572425224148678 0.11912738397480521 0.0913969326433517 0.11787465137968751 0.0951518270173381
0.08508986052213267 0.13725501543555885 0.12804890699330382 0.13455134913717967 0.09852624711792073 0.1638060867623319 0.09126091506695665 0.1614616189646156
0.07590121441098265 0.1470390943031359 0.10424954759948213 0.13501206456240936 0.09389581351331416 0.19031438782388957 0.09157340031189505 0.1620144774748912
0.1313559167217117 0.12084513138505855 0.1751234162737987 0.10892290153592392 0.12321501461472426 0.12106610144863761 0.12144090663781368 0.09803061138233152
0.11024758152946046 0.08522129497876262 0.24087264810068107 0.12862210962121237 0.097517196938954 0.07835521660908364 0.14340405356275468 0.11575989865909113
0.12117694514781333 0.09105385923731234 0.19452616027214992 0.09293850184543548 0.1413841471594298 0.10923485899191311 0.13815932513142348 0.11152620221452257
0.1074846612895759 0.07979679172904719 0.2488864944129313 0.128297965622969 0.10094097097608616 0.07608228971415443 0.1430426571945639 0.11546816906067207
0.13747782084445 0.1027106929019072 0.22506431757442397 0.10606590220677918 0.12195686641992737 0.09300952247168873 0.11825556559472244 0.09545931198610125
0.10989473417960018 0.08075572203992064 0.2600245255267974 0.12644076806419782 0.09569678754930788 0.07241875086903124 0.1409720205133668 0.11379669125777804
0.0936731611294599 0.1528802134144837 0.15544562019638714 0.15749032318788958 0.08169426256709968 0.1369604859704354 0.08011464266514383 0.14174129086910062
0.10327638014552089 0.09223930941023505 0.23538135283532602 0.13144627258373628 0.09043304727099559 0.08236920792128469 0.1465527845075388 0.11830164532536266
0.13687761122783904 0.10602463422166532 0.22091433332213695 0.10667616780284588 0.1197026936278256 0.09486004258299774 0.11893596619212816 0.09600855102256128
0.10992868897687812 0.08145280496705574 0.2585009367869455 0.12666664326448113 0.09538183828221512 0.07284525427906696 0.14122385450532446 0.11399997893803299
0.1378792917028964 0.1028208573240417 0.22820229377098739 0.10576580949947467 0.1201539429855454 0.09206759154647108 0.11792098462105607 0.09518922854952719
0.10987797277407643 0.0806926269531844 0.2612166727441605 0.12630354154567167 0.09522878656295836 0.0721881888428492 0.14081902318599512 0.11367318739110449
0.10369757923710257 0.07720918620675728 0.2758863309113491 0.12727402111909542 0.09034442721727508 0.06914080081472077 0.14190103548651384 0.11454661900718588
0.13579339301374455 0.10171675868976571 0.23434557963402441 0.10561399002739927 0.11860685684092678 0.09111911352997652 0.11775171723950337 0.09505259102465934
0.12596155475589474 0.09269080415920096 0.19001091461420477 0.09088548960168141 0.1457030184828959 0.11057824632190355 0.13510738454220103 0.10906258752201768
0.1085703027660399 0.08004789775730994 0.24681059010943582 0.12818040311589904 0.10182850507103279 0.0762883546034709 0.14291158377250238 0.11536236280430914
0.08147972609190499 0.133175174957689 0.1326145616325298 0.13744748228107384 0.0963353217728934 0.16078550567510938 0.09322524885151097 0.1649369787372886
0.10140618871436882 0.08965067992514274 0.2268057388593549 0.13285426874900652 0.09440229751366361 0.08718938920688313 0.14812259515747442 0.11956884187410587
0.08020414510525446 0.13598458134143823 0.128047853072304 0.13761117449510976 0.09475477279368363 0.16492778892313423 0.09333627487494402 0.1651334093941317
0.10126603125199087 0.09028072453312519 0.22501197284764599 0.1330694529154613 0.0942159781803284 0.08803082320298158 0.1483625094445516 0.11976250762391515
0.11939583700327798 0.09251521940408727 0.1900775220695123 0.09350117746526608 0.1410417354462794 0.11227131542130972 0.13899578023194775 0.11220141295831929
0.14076568061744768 0.10524171977515574 0.2027964382073837 0.10544021265025211 0.13260708594271275 0.10069470298937591 0.11755796843244527 0.0948961913852269
0.11127546380425984 0.08164324185752053 0.2512199516316287 0.12713261546649474 0.09845110554018383 0.07411488904354242 0.1417433787365247 0.11441935391984526
0.12119548272285227 0.09015477568001573 0.19758489926859227 0.09270694386022207 0.14137984001904197 0.10791462718300746 0.1378150986340018 0.1112483326322665
0.1073799478856808 0.07955975019157342 0.2500558348850494 0.12815662412112672 0.1008387599910849 0.07578304924858754 0.14288507196788305 0.11534096170901403
0.12023842732510907 0.08980432970511557 0.19727764708424905 0.09278329042812794 0.14221841667011884 0.1084093473385774 0.1379285929349484 0.11133994851375353
0.10717585635290684 0.07951267222348649 0.249951112803694 0.1281800378833513 0.10102884524340106 0.07587826483267635 0.14291117656546778 0.11536203409501618
0.10350219485016973 0.07733103736376643 0.27178191153338577 0.12784763413062017 0.09189696332189186 0.0700368168951851 0.14254057118742278 0.11506287071755816
0.08063008505136458 0.1324702841712327 0.13827477829925475 0.1375235995942902 0.09427424966389768 0.15852180746024988 0.09327687624656204 0.16502831951314823
0.10105380602658494 0.0893920009889654 0.22911333235411832 0.13265480310654526 0.09382486924808701 0.08667165962818259 0.1479002058516258 0.11938932279589072
0.10300222699675486 0.0796981457815123 0.26437975581490647 0.12910785068997252 0.09121913050820736 0.07245020598258255 0.14394561860508875 0.11619706562097525
0.10223800536911878 0.07712708525306294 0.2774101287868764 0.12748117878609216 0.08961780311092699 0.06926073696075173 0.14213200082568783 0.11473306090748295
0.13536165694562635 0.10170451625750276 0.23491707662582736 0.10562425695116959 0.1184167160194714 0.09115078185103123 0.11776316409331891 0.09506183125605261
0.143838623843387 0.10593923119338429 0.2173904159645638 0.10387882208235165 0.12484790528990744 0.09479692728136899 0.11581713447092042 0.09349093987411647
0.08639594862624408 0.13823595541902253 0.12440581465393785 0.1342875454758193 0.09960741684405185 0.16484027704373358 0.0910819873662079 0.16114505457098316
0.10261864861667218 0.09060465195011885 0.22312693992932173 0.13284918525294173 0.09515492044284951 0.0879644596417209 0.14811692743872756 0.11956426672764756
0.08040876668065765 0.13624269081760615 0.12721568347683287 0.13759412267292276 0.09490271112066596 0.16519836873260754 0.0933247092911998 0.16511294720750733
0.10133647449242099 0.09034581223656159 0.2246707500556532 0.13309858302570668 0.094268094267041 0.08809657385589416 0.1483949873435864 0.11978872472313601
0.10321606603524534 0.07997681044841999 0.26271296331744837 0.1293095997004885 0.09144298585835582 0.07279238121368455 0.14417055369591775 0.11637863973043963
0.11920312754714542 0.08993852203260183 0.20149848227776185 0.09285781888251786 0.13932391955134338 0.10770936256156656 0.13803938448804148 0.11142938265902143
0.12232874708694248 0.0909844137825748 0.1800975159315149 0.09164609471423757 0.15317559714200743 0.11555424255820396 0.13623807512743374 0.10997531365708507
0.10808028822771099 0.08001946416041424 0.24298921293486664 0.12863141869442746 0.10371883121853832 0.07737807545437506 0.14341443248468255 0.11576827682498471
0.0813995821198454 0.133182559968228 0.13176447513986006 0.1374752579472541 0.09674796079192936 0.161215766497171 0.09324408799900714 0.16497030953670494
0.07542636116736592 0.14617932349726967 0.1052707649468459 0.1353894677395998 0.09372616057595247 0.18971118266641362 0.09182937811903294 0.16246736128751976
0.11366058785621103 0.10450790364228783 0.1520392273214067 0.09436086271663104 0.14225768161840868 0.13966694148694148 0.140273760098156 0.11323303525995725
0.10720494836960111 0.08324673737135001 0.2323701690197105 0.13014104120123568 0.10250668930974194 0.08230592872587103 0.14509754892137766 0.11712693708111212
0.09330908975183333 0.15405043350612593 0.14857701615281863 0.15795507067333842 0.08311494468269917 0.14048282393682954 0.0803510576903504 0.14215956360600454
0.10341580236729936 0.09264014313566532 0.23267182806737202 0.13174414953686267 0.09092942403326731 0.08314402319570544 0.14688489508065133 0.11856973458317639
0.103386727157289 0.0801269032676047 0.2656469350274809 0.12888997276630276 0.09048877376158551 0.07175701155032113 0.1437027009797435 0.11600097548967246
0.13605418586425283 0.10264496039330706 0.23101932114942372 0.10593381093940511 0.11896036707845713 0.09193863104053202 0.11810829368915765 0.09534042984546459
0.1093942637957005 0.0806158433852073 0.262348683235771 0.12623524625948454 0.09492644531605421 0.07212491733568682 0.14074287903855962 0.1136117216335361
0.10355559495517781 0.07717165866502765 0.2763158572190328 0.12723174104392793 0.09025433270882552 0.06910835211054156 0.14185389635793158 0.11450856693953514
0.10192789941046494 0.0763671009049801 0.28172824261570206 0.12687835324862018 0.08903708850995426 0.06841090204813342 0.14145989533838696 0.11419051792375814
0.10140256738474829 0.07611156011625166 0.2837498068835185 0.12666875678965564 0.08865080780146646 0.06818840898550109 0.14122621092816828 0.11400188111069008
0.08022034386869778 0.1320476855709456 0.14091957231407717 0.1374221435306772 0.09353581109391043 0.15773980881624594 0.09320806256863323 0.1649065722368126
0.07525772915597972 0.1459296436494702 0.10732203586242685 0.13545420828815985 0.09309960926527092 0.1885184347331053 0.09187328909979536 0.16254504994579178
0.1006621994754898 0.09254845216718233 0.2164983237624157 0.13376580007942068 0.09439550363364432 0.09260161624420844 0.1491388845661601 0.12038922007147863
0.10334100450777006 0.080569434795126 0.259652169518545 0.12968185948594027 0.09171735341805104 0.07373890916110584 0.14458559557611547 0.11671367353734623
0.10247577616069276 0.07739783494472156 0.27567212193283086 0.1277007994618076 0.08986167500339469 0.06958421149141782 0.14237686148950787 0.11493071951562682
0.10173319615987603 0.07644380838979913 0.28154178739405 0.12695386859647578 0.08900102972074897 0.06852373868644981 0.14154408931577223 0.1142584817368282
0.11844163903525011 0.08895475362749347 0.20716780322314968 0.09251261391283822 0.138111444953577 0.10627039443708143 0.13752621411520427 0.11101513669540586
0.08216295992789563 0.13386909774964362 0.12243030361462587 0.13511688977443806 0.10279383695195278 0.1698421451007605 0.09164449915135799 0.16214026772932563
0.07535683986644742 0.14600640820170793 0.1029744349215007 0.1349645520482058 0.09474588901700415 0.19245323905459105 0.0915411744326961 0.16195746245784692
0.1007873675380073 0.09266012214996466 0.2146629230638772 0.13388905163553494 0.09484350870726894 0.0933805795800154 0.14927630085335014 0.12050014647198143
0.10342787771012461 0.0806341293335403 0.25895324349916277 0.12975885709405832 0.09186141159189878 0.07391006722348564 0.14467144216307698 0.1167829713846525
0.08063932022764445 0.1334817649632746 0.13539714580212953 0.13762970452004344 0.09429704392489972 0.16005053207218747 0.09334884306576861 0.16515564542405214
0.07517909742636374 0.14783247571518165 0.10592011713044946 0.13513594818996605 0.09307536974734514 0.1890364282338884 0.09165742572884654 0.16216313782795924
0.11343178350056654 0.10608278812282926 0.15205882510690205 0.09418424887111834 0.14185729244872788 0.13935275154983645 0.14001121175467743 0.113021098645342
