0.125 0.125 0.125 0.125 0.125 0.125 0.125 0.125
0.125 0.125 0.125 0.125 0.125 0.125 0.125 0.125
0.1371527777777778 0.1232638888888889 0.1232638888888889 0.1232638888888889 0.1232638888888889 0.1232638888888889 0.1232638888888889 0.1232638888888889
0.13662229938271608 0.12138310185185186 0.12138310185185186 0.12138310185185186 0.13507908950617287 0.12138310185185186 0.12138310185185186 0.12138310185185186
0.13493548720556778 0.11975523171859934 0.11975523171859934 0.11975523171859934 0.146533122482836 0.11975523171859934 0.11975523171859934 0.11975523171859934
0.13282439552491063 0.11783156361318087 0.11783156361318087 0.11783156361318087 0.14688008593838192 0.131137700470803 0.11783156361318087 0.11783156361318087
0.13125157838639764 0.11649331221696313 0.11649331221696313 0.11649331221696313 0.15521769270395672 0.13106416782483013 0.11649331221696313 0.11649331221696313
0.1293975029546997 0.11481399424509997 0.11481399424509997 0.11481399424509997 0.1557365532984957 0.14079597252130463 0.11481399424509997 0.11481399424509997
0.125 0.125 0.125 0.125 0.125 0.125 0.125 0.125
0.12891383318234623 0.11502494429345736 0.11502494429345736 0.11502494429345736 0.14798072267518347 0.14798072267518347 0.11502494429345736 0.11502494429345736
0.12618208086392804 0.11185832162144511 0.12463887098738483 0.11185832162144511 0.1508728808314533 0.1508728808314533 0.11185832162144511 0.11185832162144511
0.12290454332178537 0.12290454332178537 0.12290454332178537 0.12290454332178537 0.12290454332178537 0.1396681967475024 0.12290454332178537 0.12290454332178537
0.1258652859666955 0.11220922559760824 0.1258652859666955 0.11220922559760824 0.15040030696667997 0.14903221870949634 0.11220922559760824 0.11220922559760824
0.1241155733626289 0.11013054158855165 0.1241155733626289 0.11013054158855165 0.16182436315976728 0.14942232376076842 0.11013054158855165 0.11013054158855165
0.12129734080416144 0.12129734080416144 0.12129734080416144 0.12129734080416144 0.12129734080416144 0.15091861437087004 0.12129734080416144 0.12129734080416144
0.12323842442109066 0.12323842442109066 0.12323842442109066 0.10976094210951716 0.1514518350275908 0.1495500653805858 0.10976094210951716 0.10976094210951716
0.13151805363815167 0.12078059811512995 0.12078059811512995 0.10708743984611988 0.15914268025386688 0.1465157503393618 0.10708743984611988 0.10708743984611988
0.13234048231316034 0.11968859280206404 0.11968859280206404 0.10626852634482738 0.1645799019224717 0.14489685112575793 0.10626852634482738 0.10626852634482738
0.1319993094142399 0.11906304886320483 0.11906304886320482 0.10576431632964214 0.16861581942949835 0.14396582444092565 0.10576431632964214 0.10576431632964214
0.1309480828253788 0.11800995103304644 0.11800995103304644 0.10478072338157925 0.16917350508678514 0.14951633987700547 0.10478072338157925 0.10478072338157925
0.11894537908605773 0.11894537908605773 0.11894537908605773 0.11894537908605773 0.13774243520681162 0.1485852902768418 0.11894537908605773 0.11894537908605773
0.12936901801785447 0.11900560479178492 0.11900560479178492 0.10578945156000073 0.15839198074039146 0.1568594369781821 0.10578945156000073 0.10578945156000073
0.13723820152300828 0.1163533930018097 0.1163533930018097 0.10313054802494472 0.1636189427329853 0.15704442566555288 0.10313054802494472 0.10313054802494472
0.11755199339594469 0.11755199339594469 0.11755199339594469 0.11755199339594469 0.13573187592183195 0.15895616370250007 0.11755199339594469 0.11755199339594469
0.13509307022108963 0.11716226327914395 0.11716226327914395 0.10410093067959456 0.1559356463441414 0.16234396483769734 0.10410093067959456 0.10410093067959456
0.11585680175065248 0.1288748310038907 0.11585680175065248 0.11585680175065248 0.1331829846777793 0.15865817556506762 0.11585680175065248 0.11585680175065248
0.1394775004510973 0.11779584411396997 0.11634939641916572 0.103476418446871 0.15433773672780388 0.16161026694735015 0.103476418446871 0.103476418446871
0.14469927649685788 0.11444677882718414 0.11428606241665033 0.1013583517034097 0.1619189528835412 0.16057387426553715 0.1013583517034097 0.1013583517034097
0.11492454149144654 0.12764085025002256 0.11492454149144654 0.11492454149144654 0.13291553625628447 0.16482090603646016 0.11492454149144654 0.11492454149144654
0.13869223475929146 0.1171631579057254 0.11575023471032805 0.10298084121127843 0.15607907684304995 0.1633727721477698 0.10298084121127843 0.10298084121127843
0.12834317525783956 0.12595105560744332 0.11293292695125162 0.11293292695125162 0.1302750466004794 0.1636990147292315 0.11293292695125162 0.11293292695125162
0.1413451262114424 0.11545861832066598 0.12385172289845497 0.10146405658650562 0.15350744681888864 0.16144491599103114 0.10146405658650562 0.10146405658650562
0.12807000441905952 0.1251937257645288 0.1123649903955659 0.1123649903955659 0.12942137337544243 0.16785493485870587 0.1123649903955659 0.1123649903955659
0.14022903637373554 0.11434326521469343 0.13005745701158533 0.1004328512408569 0.15213520878938463 0.1619364788880304 0.1004328512408569 0.1004328512408569
0.12751540740875622 0.12463921061330707 0.11193440336723003 0.11193440336723003 0.12883831545493943 0.17126945305407715 0.11193440336723003 0.11193440336723003
0.13931396732231918 0.11353891759634281 0.13447236116945466 0.09969011641708646 0.1511595489989636 0.16244485566166036 0.09969011641708646 0.09969011641708646
0.1257816112784337 0.12291771686443635 0.11030228157595383 0.11030228157595383 0.14026794025683023 0.1698236052964844 0.11030228157595383 0.11030228157595383
0.14205402547951554 0.1124793760414511 0.13309693484312993 0.09882185194540262 0.1548572888335284 0.16104681896616707 0.09882185194540262 0.09882185194540262
0.12476901824503461 0.12148294608524968 0.10898523763619956 0.10898523763619956 0.1498127775689413 0.16799430755597605 0.10898523763619956 0.10898523763619956
0.14097856832951378 0.1115925364635717 0.13555355321506263 0.09809443134298841 0.15794292150494793 0.1596491264579388 0.09809443134298841 0.09809443134298841
0.12433016059954406 0.12106504594777272 0.10866587522959809 0.10866587522959809 0.1503069305742335 0.16963436196005718 0.10866587522959809 0.10866587522959809
0.14045796124164542 0.11117633500660681 0.13754086246464703 0.09772466323463205 0.15777056186705485 0.1598802897161498 0.09772466323463205 0.09772466323463205
0.12407013716646911 0.12081662314035371 0.1084636970285085 0.1084636970285085 0.15005931040491707 0.17119914117422622 0.1084636970285085 0.1084636970285085
0.1401232751381334 0.11090341855989078 0.1389006061728676 0.09747934932207372 0.15742632653065186 0.16020832563223544 0.09747934932207372 0.09747934932207372
0.12389448972695963 0.12064783899604378 0.1083252369338337 0.1083252369338337 0.14983009396258104 0.17232662957908065 0.1083252369338337 0.1083252369338337
0.13994949878533108 0.11077125988179627 0.13873432469206284 0.09736594443779142 0.15793904021827776 0.16050804310915776 0.09736594443779142 0.09736594443779142
0.1229178679894149 0.11967584144457771 0.10736792367993367 0.10736792367993367 0.15644554581906708 0.1714890500272054 0.10736792367993367 0.10736792367993367
0.13927812003798035 0.11032755432407672 0.13916034977445338 0.09703023860801252 0.1602778197895038 0.15986544024994814 0.09703023860801252 0.09703023860801252
0.1227042836378159 0.11948755411404881 0.10722893696692919 0.10722893696692919 0.1570333062099118 0.17185910817050676 0.10722893696692919 0.10722893696692919
0.13908152156431466 0.11018344573289802 0.13974378400778073 0.09690705083133705 0.16039225094177 0.15987784525922544 0.09690705083133705 0.09690705083133705
0.1220210738216854 0.11881017650708356 0.10656757142565046 0.10656757142565046 0.1616957062600187 0.1712027577086105 0.10656757142565046 0.10656757142565046
0.14113670272057396 0.10962816377700821 0.13899955826545465 0.09642703305399891 0.16179714157857594 0.15915733449639063 0.09642703305399891 0.09642703305399891
0.12214041547828033 0.11863946670677303 0.10645855962043878 0.10645855962043878 0.16206956691278815 0.17131631242040327 0.10645855962043878 0.10645855962043878
0.1410949430887736 0.10952370848363642 0.13938045951537628 0.0963415455162172 0.16186279789000263 0.15911345447355962 0.0963415455162172 0.0963415455162172
0.12167791083702156 0.1181699958808952 0.10600069493826894 0.10600069493826894 0.16530874721410044 0.170840566314907 0.10600069493826894 0.10600069493826894
0.11886842896803566 0.11847866063957718 0.10534866109725549 0.10534866109725549 0.16591934163181976 0.1753389243715456 0.10534866109725549 0.10534866109725549
0.1168694941920847 0.11682618660003376 0.11536729776199801 0.10366189097341408 0.16445629904832415 0.1754950494773173 0.10366189097341408 0.10366189097341408
0.11536151248396573 0.1153567005292934 0.12524626572375044 0.10237601312928965 0.1626343486343762 0.1742731332407455 0.10237601312928965 0.10237601312928965
0.1239313005530493 0.11387960599397788 0.12589084028235945 0.1010621948240564 0.16065295055291895 0.1724587181455253 0.1010621948240564 0.1010621948240564
0.12529512967287745 0.11338045063535132 0.12568358610245126 0.1007271610804649 0.16207899870906145 0.17138035163886375 0.1007271610804649 0.1007271610804649
0.12450333234581432 0.11226282801459452 0.13280100344472598 0.09966500016622215 0.16156143205608253 0.1698764036401162 0.09966500016622215 0.09966500016622215
0.12346694968191435 0.1112592298599657 0.1400518674324848 0.09878558230278851 0.16048436039826627 0.1683808457190035 0.09878558230278851 0.09878558230278851
0.1229368548972193 0.11082307522654294 0.1419803408728801 0.09846093857543566 0.16143341408133707 0.1674434991957135 0.09846093857543566 0.09846093857543566
0.1221923638500912 0.11013520780606066 0.14662134280607125 0.09782153278088922 0.16116640756397033 0.16642007963113906 0.09782153278088922 0.09782153278088922
0.12152283122297503 0.10953683233490817 0.15102302673410975 0.09729958702312365 0.16053969109002364 0.16547885754861236 0.09729958702312365 0.09729958702312365
0.12100009286477546 0.1090803350297065 0.15458383696704106 0.09690957588138338 0.15990376260339811 0.1647032448909289 0.09690957588138338 0.09690957588138338
0.12061380692208909 0.10874695408904836 0.15728408534310528 0.09662691686352541 0.15937157153800513 0.16410283151717592 0.09662691686352541 0.09662691686352541
0.12033628018353322 0.10850896181157996 0.1592591590279209 0.09642596691279681 0.15896179507766056 0.16365590316091502 0.09642596691279681 0.09642596691279681
0.12712285089818337 0.10745319596250258 0.15901885609931365 0.09539664465010482 0.157771680585446 0.1624434825042398 0.09539664465010482 0.09539664465010482
0.12874036033732453 0.1071641443215282 0.15951281570144474 0.09522490032569457 0.15713294710692624 0.16177503155569287 0.09522490032569457 0.09522490032569457
0.13446287465070791 0.10636551177431136 0.15894599728365955 0.0944583846274749 0.15611579871009923 0.16073466369879727 0.0944583846274749 0.0944583846274749
0.13609755784120145 0.10613325678779333 0.15908649796401167 0.0943148665906476 0.15557316170400848 0.1601649259310425 0.0943148665906476 0.0943148665906476
0.13655063816432383 0.10605257322322974 0.15943482504300724 0.09425998913569715 0.15530535885564375 0.15987663730670412 0.09425998913569715 0.09425998913569715
0.13665583296954312 0.106008014027351 0.159775350989085 0.09422439478032547 0.15516468131168468 0.15972293636135992 0.09422439478032547 0.09422439478032547
0.13666264482209234 0.10597718686095409 0.16004691597601103 0.09419851863569285 0.15508360469038743 0.15963409174347648 0.09419851863569285 0.09419851863569285
0.13664619642559328 0.10595519652400356 0.1602463918739473 0.0941799535394531 0.15503322592996216 0.15957912862813453 0.0941799535394531 0.0941799535394531
0.13662808621526198 0.10593975408063425 0.16038722540350717 0.09416695446685608 0.15500045873012197 0.1595436121699064 0.09416695446685608 0.09416695446685608
0.13661351047654557 0.10592909004090376 0.1604846142154732 0.09415800625416662 0.15497865299234895 0.15952011351222847 0.09415800625416662 0.09415800625416662
0.14054811905445855 0.10536283163729188 0.159959814919865 0.09359293274385812 0.15440502312624113 0.1589454130305692 0.09359293274385812 0.09359293274385812
0.14181995367557837 0.10521939135315285 0.1596945649894125 0.09351241006012044 0.15409941375740033 0.1586294460440945 0.09351241006012044 0.09351241006012044
0.14224662061361734 0.10519298046997573 0.15959603830691887 0.09350193698629208 0.15396902259033263 0.15848952706027905 0.09350193698629208 0.09350193698629208
0.14239214046550905 0.1051889168461207 0.15956871394445143 0.09350080790501228 0.15391672930492745 0.15843107572395443 0.09350080790501228 0.09350080790501228
0.14244170739872494 0.10518801589652307 0.15956676095405023 0.0935003584691763 0.15389576050118464 0.15840667984198836 0.0935003584691763 0.0935003584691763
0.14245818110941538 0.10518735293938991 0.15957198695754218 0.09349979561755402 0.15388696969839746 0.15839612244259296 0.09349979561755402 0.09349979561755402
0.14246329127277285 0.10518672729109002 0.1595780369724479 0.09349924363115782 0.15388296828794634 0.1583912452822693 0.09349924363115782 0.09349924363115782
0.14246459649644458 0.10518620659314004 0.15958307655157397 0.09349879244968559 0.15388094699259516 0.15838879601718941 0.09349879244968559 0.09349879244968559
0.1452948115383908 0.1047817990783615 0.15918081387718103 0.09309444279023484 0.15347580419684326 0.15798344293851876 0.09309444279023484 0.09309444279023484
0.14626902120059304 0.10467405714856225 0.15895342473884014 0.0930316350287443 0.15325402240998004 0.15775456941579152 0.0930316350287443 0.0930316350287443
0.14661705897201924 0.10465316400691135 0.1588516794757357 0.09302271321262666 0.15315807561456696 0.1576518822928868 0.09302271321262666 0.09302271321262666
0.1467440516631264 0.10465031092334906 0.15880991559937005 0.09302218158924781 0.15311989541777554 0.15760928162863544 0.09302218158924781 0.09302218158924781
0.1467909464784597 0.10465035741237477 0.15879359104995563 0.09302254508755821 0.15310527738454424 0.15759219241199104 0.09302254508755821 0.09302254508755821
0.14680836679560347 0.10465060019334754 0.15878747698614043 0.09302278270308367 0.15309977902843158 0.1575854288872259 0.09302278270308367 0.09302278270308367
0.1488035420472144 0.10436666407160528 0.15850098173655522 0.09273881960567779 0.15281365843047692 0.1572986948971147 0.09273881960567779 0.09273881960567779
0.14938213846475992 0.10415177353172364 0.1581989870542602 0.0925554775237675 0.15360278524744125 0.15699788313051274 0.0925554775237675 0.0925554775237675
0.14843578576382083 0.11203506701591133 0.1569066021483572 0.09138816434037499 0.15275071919655647 0.15570733285422936 0.09138816434037499 0.09138816434037499
0.14809972108045533 0.1136231785826061 0.15639696863190297 0.09141350277501994 0.15243566699502717 0.15520395638494866 0.09141350277501994 0.09141350277501994
0.14801594155712958 0.11398256400085494 0.15623064468779835 0.09145806316587306 0.15235436763686758 0.1550422926197305 0.09145806316587306 0.09145806316587306
0.14799997454885175 0.11406983566297106 0.1561779109082978 0.09147409076269893 0.15233791707050906 0.1549920895212736 0.09147409076269893 0.09147409076269893
0.1479985886198801 0.11409184799584875 0.1561608650109258 0.0914788024827023 0.15233605697751462 0.15497623394772383 0.0914788024827023 0.0914788024827023
0.14799936042940665 0.11409751277274391 0.15615516183632958 0.0914801035653542 0.15233661497430237 0.1549710392911549 0.0914801035653542 0.0914801035653542
0.14800000670821092 0.11409898728230258 0.15615318863032007 0.09148045509742274 0.15233718941970187 0.1549692626671964 0.09148045509742274 0.09148045509742274
0.14936004824525886 0.11390513412147169 0.15595822594793501 0.09128630963186847 0.1521432734385106 0.15477438935121826 0.09128630963186847 0.09128630963186847
0.1507892628861832 0.11370202821665536 0.15571280408911511 0.09112163290794169 0.1519011294992976 0.15452987658492381 0.09112163290794169 0.09112163290794169
0.15133119688438026 0.11363274388993709 0.15558216504345898 0.09109261201320708 0.15177537487197393 0.1544006832706285 0.09109261201320708 0.09109261201320708
0.1514511312297311 0.1135224469764397 0.15543149787887575 0.09099604992824101 0.15235558108848515 0.15425119304174534 0.09099604992824101 0.09099604992824101
0.15142043582112413 0.11342197406273688 0.15529049020590524 0.09091744212121058 0.15300343173142236 0.1541113418151796 0.09091744212121058 0.09091744212121058
0.152028299585842 0.11329687700758892 0.15512691144183097 0.09081226267668423 0.15316225606016778 0.15394886787451748 0.09081226267668423 0.09081226267668423
0.1522551238624985 0.11325315592594776 0.15504025888302295 0.09079334066120441 0.1532080560952613 0.15386338324965604 0.09079334066120441 0.09079334066120441
0.15230132983074482 0.11319899449412132 0.15495887688152585 0.09074784643577209 0.15351439195332747 0.1537828675329643 0.09074784643577209 0.09074784643577209
0.15231166442499972 0.11317991211882711 0.15491683771244028 0.09073950094736678 0.1536315466773066 0.1537415362243259 0.09073950094736678 0.09073950094736678
0.15231408555421852 0.11317437232955466 0.1548976775312399 0.09073774402162278 0.15367778590465433 0.15372284661546412 0.09073774402162278 0.09073774402162278
0.15231465974616828 0.113172869510734 0.15488934267553578 0.09073733940291985 0.15369632465382632 0.15371478520497606 0.09073733940291985 0.09073733940291985
0.152314794620359 0.11317247433471359 0.15488579689939264 0.09073724214361151 0.15370382238184044 0.1537113853328598 0.09073724214361151 0.09073724214361151
0.15274511743563554 0.11311090245502681 0.15482283484971254 0.0906757486030692 0.15364540052368006 0.15364849892673735 0.0906757486030692 0.0906757486030692
0.15290955430878034 0.11308777377762422 0.1547858382049504 0.09066482584942896 0.15361054340057584 0.15361181275978242 0.09066482584942896 0.09066482584942896
0.1529743393436447 0.11308096461307823 0.15476829315394938 0.09066260168171167 0.15359403890544174 0.153594558938751 0.09066260168171167 0.09066260168171167
0.15300024533528933 0.11307912040008258 0.15476053341000967 0.09066210730802184 0.15358678294119663 0.15358699598935618 0.09066210730802184 0.09066210730802184
0.1533018139452592 0.11303705220269292 0.15471561705185438 0.09062040470485049 0.15354210770184895 0.15354219498379315 0.09062040470485049 0.09062040470485049
0.1534178674665484 0.11302121902525109 0.15468952167578912 0.0906129110683285 0.15351631143480288 0.15351634719262308 0.0906129110683285 0.0906129110683285
0.15346385728774098 0.11301652508893724 0.15467715936562332 0.09061135587908156 0.15350418798556364 0.15350420263489023 0.09061135587908156 0.09061135587908156
0.15348234236762912 0.11301523845869807 0.15467168362987066 0.09061099976824646 0.1534988651187504 0.15349887112031227 0.09061099976824646 0.09061099976824646
0.15348982968870628 0.11301489771999079 0.1546693303477768 0.09061091408932764 0.1534965987584064 0.15349660121713682 0.09061091408932764 0.09061091408932764
0.1534928762374177 0.11301480930228522 0.15466833499186874 0.09061089321918933 0.1534956494017817 0.1534956504090787 0.09061089321918933 0.09061089321918933
0.15346602912494686 0.11298669654658439 0.15463982752999414 0.09058279799129144 0.15369188717213472 0.15346716565246551 0.09058279799129144 0.09058279799129144
0.15344995105746279 0.1129760442177159 0.15462294175590136 0.09057771869599898 0.1537674902088701 0.15345041667205284 0.09057771869599898 0.09057771869599898
0.15363887104704776 0.11294478436668977 0.1545868002400724 0.09054857054782685 0.15376942593054232 0.15341440677216717 0.09054857054782685 0.09054857054782685
0.15371122572902782 0.1129332684819816 0.1545665130546961 0.09054325157249335 0.15376490281901417 0.15339433519780024 0.09054325157249335 0.09054325157249335
0.1537398514552775 0.11292986299278879 0.15455698841487037 0.09054212897626271 0.15376192056454618 0.15338498964372901 0.09054212897626271 0.09054212897626271
0.15388391115576905 0.11290999002806645 0.15453384584987473 0.09052293111097981 0.15374149655791067 0.1533619630754396 0.09052293111097981 0.09052293111097981
0.1539397805871759 0.11290254838219133 0.15452075915850563 0.09051942905398139 0.15372959725668275 0.1533490274535002 0.09051942905398139 0.09051942905398139
0.15396206380141836 0.11290033084252468 0.15451459691049432 0.09051868673583928 0.15372396259100304 0.1533429856470417 0.09051868673583928 0.09051868673583928
0.1539710724090737 0.11289971624174214 0.1545118697845662 0.0905185117370349 0.15372147092315772 0.15334033543035547 0.0905185117370349 0.0905185117370349
0.15397474122985397 0.11289955049718717 0.15451069642725362 0.09051846783008392 0.15372040257747593 0.15333920577797763 0.09051846783008392 0.09051846783008392
0.15406557446286373 0.11288674444340638 0.15449743727587195 0.09050569463327315 0.15370719013484177 0.15332596978319654 0.09050569463327315 0.09050569463327315
0.1541007435666377 0.11288187946131756 0.15448961957889165 0.09050336830546839 0.15369943156694588 0.15331822090980202 0.09050336830546839 0.09050336830546839
0.1541147673001983 0.11288042116560833 0.15448588795773013 0.09050287443703964 0.15369574779603348 0.1533145524693108 0.09050287443703964 0.09050287443703964
0.1541204391048418 0.11288001496389026 0.15448422537085804 0.090502757325834 0.15369411611794637 0.15331293246496142 0.090502757325834 0.090502757325834
0.15412275068681347 0.11287990473294905 0.1544835070940111 0.09050272761975622 0.15369341555430152 0.1533122390726564 0.09050272761975622 0.09050272761975622
0.1541236970477879 0.11287987503426879 0.1544832017689426 0.09050271977310438 0.15369311967386037 0.15331194715582716 0.09050271977310438 0.09050271977310438
0.15410515529498067 0.11286093674171699 0.15446414291119048 0.09048378736797764 0.15382550779047766 0.15329289515770103 0.09048378736797764 0.09048378736797764
0.15408132013474005 0.11284100120869123 0.15444006831265364 0.09046760613571793 0.1539658832673754 0.1532689086693859 0.09046760613571793 0.09046760613571793
0.15406843640936577 0.11283400450684428 0.15442705293170664 0.09046456142620116 0.15402078474027384 0.153256037133206 0.09046456142620116 0.09046456142620116
0.1541225985462915 0.11282336399318244 0.1544124090186267 0.09045530792897871 0.1540341942525296 0.1532415104024337 0.09045530792897871 0.09045530792897871
0.15418373287682538 0.11281374833002164 0.1543988378316578 0.0904478016264418 0.15403222331885083 0.15322805276331905 0.0904478016264418 0.0904478016264418
0.1542348266108549 0.11280652213546208 0.1543878972257706 0.09044248162756867 0.15402608972999032 0.15321721941521627 0.09044248162756867 0.09044248162756867
0.15425494052090488 0.11280406389150838 0.15438234036063891 0.09044145589437044 0.15402253208689712 0.1532117554569395 0.09044145589437044 0.09044145589437044
0.15426303422503107 0.11280334829970792 0.15437981067146117 0.09044122762143114 0.1540208352395301 0.1532092886999764 0.09044122762143114 0.09044122762143114
0.15426632691754907 0.11280315042587459 0.15437870696640185 0.09044117160552072 0.1540200787748716 0.15320822209874072 0.09044117160552072 0.09044117160552072
0.15428600957782945 0.11280047732890121 0.15437561598808444 0.09043853773478074 0.15401713263990952 0.1532051512609331 0.09043853773478074 0.09043853773478074
0.1542936730585667 0.11279946467433279 0.15437385309327945 0.09043805499123715 0.15401543374894686 0.15320341045116284 0.09043805499123715 0.09043805499123715
0.15429674150448625 0.11279916062530018 0.15437301967572875 0.09043795168943726 0.1540146291548144 0.15320259397135866 0.09043795168943726 0.09043795168943726
0.1543103229650741 0.11279731329509367 0.154370887453764 0.09043616463348794 0.15401250996707544 0.15320047241852913 0.09043616463348794 0.09043616463348794
0.1543156166424255 0.1127966184486469 0.15436967574413635 0.0904358359992111 0.15401130654439527 0.15319927462276273 0.0904358359992111 0.0904358359992111
0.15431773751927072 0.11279641015867331 0.15436910336114235 0.09043576545463032 0.1540107392339143 0.15319871336310853 0.09043576545463032 0.09043576545463032
0.154326898064262 0.11279516628514025 0.15436766372209215 0.09043456287221184 0.15400930246902078 0.15319728084284914 0.09043456287221184 0.09043456287221184
0.15433605277431878 0.11279390085515932 0.15436604863875641 0.09043354402598947 0.15400769053458638 0.1531956751192108 0.09043354402598947 0.09043354402598947
0.15433965002154162 0.11279345653255766 0.15436518627461207 0.09043335056046661 0.1540068316718813 0.1531948238180075 0.09043335056046661 0.09043335056046661
0.15434109691878287 0.11279332582712101 0.15436478649663266 0.09043330793692432 0.15400643451479742 0.15319443243189299 0.09043330793692432 0.09043330793692432
0.15434544162298966 0.11279275292562027 0.1543640739350019 0.09043276094628745 0.15400572358002063 0.1531937250975053 0.09043276094628745 0.09043276094628745
0.15434713986499582 0.11279253845350473 0.1543636779214521 0.09043266004536836 0.1540053292093504 0.15319333441459185 0.09043266004536836 0.09043266004536836
0.15434782137434078 0.11279247420382416 0.15436349217650822 0.09043263831234157 0.1540051446823991 0.1531931526259029 0.09043263831234157 0.09043263831234157
0.1543480983498035 0.11279245622935666 0.15436341001117876 0.09043263307464132 0.15400506327304395 0.15319307291269327 0.09043263307464132 0.09043263307464132
0.15435073834419172 0.11279209036049155 0.15436301367617086 0.09043227076900967 0.1540046673621028 0.15319267795001384 0.09043227076900967 0.09043227076900967
0.15435176519600222 0.11279195141134613 0.15436278311130308 0.09043220434919898 0.15400443751255272 0.153192449721199 0.09043220434919898 0.09043220434919898
0.15435217620703864 0.11279190963853596 0.15436267339344364 0.0904321901214741 0.1540043284042671 0.15319234199229237 0.0904321901214741 0.0904321901214741
0.15435234300046333 0.11279189794353092 0.15436262453896515 0.09043218670745284 0.15400427995097857 0.15319229444370344 0.09043218670745284 0.09043218670745284
0.1543524111928454 0.11279189474519882 0.15436260342559402 0.09043218582752224 0.1540042590698116 0.15319227408398342 0.09043218582752224 0.09043218582752224
0.15432440447220003 0.11276385915076498 0.154334559720935 0.09040415086712134 0.15397621548978613 0.1533885085649499 0.09040415086712134 0.09040415086712134
0.15430776455988318 0.11275325961408128 0.15431790341470242 0.09039910906767143 0.1539595974632085 0.15346414774511039 0.09039910906767143 0.09039910906767143
0.15429983010322232 0.11275011482250978 0.15430996152866183 0.09039806551350471 0.15395169408408707 0.15349420292100482 0.09039806551350471 0.09039806551350471
0.1542980063326335 0.11274901165918338 0.1543061925938575 0.09039758576928399 0.15394795187081986 0.15350608023565362 0.09039758576928399 0.09039758576928399
0.15429829347786472 0.1127485292456933 0.15430436793782873 0.09039732204535685 0.15394614338296805 0.15351069981957477 0.09039732204535685 0.09039732204535685
0.1542983598487103 0.11274838106524288 0.1543035596956277 0.09039726949788551 0.1539453443022042 0.15351254659455843 0.09039726949788551 0.09039726949788551
0.15429837573426503 0.11274834008889142 0.15430321335490382 0.09039725789662038 0.15394500284503598 0.1535132942870427 0.09039725789662038 0.09039725789662038
0.15428979476691426 0.11273974441960262 0.15429448236914886 0.09038867035042647 0.15400495324159322 0.15350501415146167 0.09038867035042647 0.09038867035042647
0.154285447794763 0.11273636862454495 0.1542891945655708 0.09038699854888924 0.15402805536136777 0.15349993800708575 0.09038699854888924 0.09038699854888924
0.15428329748800967 0.112735349384537 0.15428665455568996 0.09038664852179665 0.1540372520617415 0.15349750094463183 0.09038664852179665 0.09038664852179665
0.15428232520995022 0.11273506559397106 0.15428552085404978 0.09038656678395178 0.15404097077134102 0.15349641721883261 0.09038656678395178 0.09038656678395178
0.1542819022080097 0.11273498899852447 0.154285030985968 0.09038654644675216 0.1540424871549021 0.15349595131233917 0.09038654644675216 0.09038654644675216
0.15428172179555624 0.11273496858631513 0.15428482287546025 0.09038654121871754 0.15404310855770195 0.15349575452881384 0.09038654121871754 0.09038654121871754
0.15428164571252678 0.11273496317383272 0.15428473531896664 0.09038653985272314 0.15404336398040197 0.1534956722561025 0.09038653985272314 0.09038653985272314
0.1542758344839795 0.11272918238177909 0.15427891933770946 0.09038076013363248 0.1540839246847012 0.15348985871093343 0.09038076013363248 0.09038076013363248
0.15427237505447847 0.11272698367120004 0.15427545787184066 0.09037970739922718 0.15409964544286003 0.15348641576193922 0.09037970739922718 0.09037970739922718
0.15427071941587314 0.11272632487099064 0.1542738013493794 0.09037948446834385 0.1541059236816343 0.15348477727709092 0.09037948446834385 0.09037948446834385
0.15426998120113977 0.11272614173216718 0.15427306274921776 0.09037943192915729 0.1541084674482372 0.1534840510817661 0.09037943192915729 0.09037943192915729
0.1542696622917139 0.11272609224598545 0.154272743671526 0.0903794187481611 0.1541095062176678 0.15348373932862347 0.0903794187481611 0.0903794187481611
0.15426952679628333 0.1127260790154385 0.15427260810267526 0.09037941532768597 0.15410993237038723 0.15348360773215794 0.09037941532768597 0.09037941532768597
0.15426558011226332 0.11272218582345805 0.1542686613866623 0.09037552475851075 0.1541373353444335 0.15347966305765068 0.09037552475851075 0.09037552475851075
0.15426375323910832 0.11272063079680228 0.15426624357946966 0.09037474151281646 0.15414788987050873 0.15347725797566175 0.09037474151281646 0.09037474151281646
0.15426283266578308 0.1127201585557465 0.1542650782520823 0.0903745775380814 0.15415209275053818 0.1534761051616057 0.0903745775380814 0.0903745775380814
0.15426241298147586 0.112720026510005 0.15426455719383228 0.09037453910874971 0.15415379323080325 0.15347559275763462 0.09037453910874971 0.09037453910874971
0.15426222953201976 0.11271999069602766 0.15426433175630802 0.09037452947133649 0.15415448715414629 0.1534753724474888 0.09037452947133649 0.09037452947133649
0.1542621510460098 0.11271998108580382 0.15426423587918653 0.09037452696082567 0.1541547717491327 0.15347527935739025 0.09037452696082567 0.09037452696082567
0.15426246563970936 0.11271992882986179 0.15426414582014603 0.09037447661000103 0.15415483914731576 0.15347519073296398 0.09037447661000103 0.09037447661000103
0.15426258666936626 0.11271990921074188 0.1542640992615566 0.09037446735002636 0.15415485777282595 0.15347514503543008 0.09037446735002636 0.09037446735002636
0.15426263481021818 0.11271990333764392 0.15426407799514302 0.09037446536619541 0.154154863495158 0.15347512426325075 0.09037446536619541 0.09037446536619541
0.1542626542737398 0.11271990169925739 0.1542640687133895 0.09037446489208366 0.15415486538861753 0.153475115248745 0.09037446489208366 0.09037446489208366
0.15426266221346155 0.11271990125332987 0.15426406474814686 0.09037446477094764 0.15415486605088594 0.15347511142133294 0.09037446477094764 0.09037446477094764
0.1542626654694635 0.11271990113267957 0.1542640630736622 0.09037446473869738 0.1541548662926442 0.15347510981545834 0.09037446473869738 0.09037446473869738
0.15426266680908854 0.1127199010999071 0.15426406237130716 0.09037446472984245 0.15415486638381495 0.15347510914635487 0.09037446472984245 0.09037446472984245
0.15426266736139096 0.11271990109090432 0.15426406207791557 0.09037446472733643 0.15415486641903012 0.15347510886874974 0.09037446472733643 0.09037446472733643
0.1542629015202253 0.11271986766969491 0.15426402853698057 0.09037443130791172 0.15415483301417537 0.15347507533518884 0.09037443130791172 0.09037443130791172
0.15426299239137362 0.1127198549376976 0.15426400853913216 0.09037442520128847 0.15415481308654796 0.15347505544138343 0.09037442520128847 0.09037442520128847
0.15426318608182854 0.1127198286337146 0.1542639764768664 0.0903744014212789 0.15415478106163433 0.1534750234821196 0.0903744014212789 0.0903744014212789
0.15426336773037705 0.11271980388135253 0.15426394366014587 0.09037438188338182 0.1541547482736732 0.15347499080430593 0.09037438188338182 0.09037438188338182
0.15426343924472868 0.11271979525803913 0.1542639263524198 0.09037437816694224 0.15415473099146448 0.15347497365252102 0.09037437816694224 0.09037437816694224
0.1542634680455315 0.11271979273128827 0.1542639183670204 0.09037437734966502 0.154154723023805 0.15347496578335973 0.09037437734966502 0.09037437734966502
0.15426347977505275 0.11271979203189174 0.1542639148613115 0.09037437715116806 0.15415471952874965 0.1534749623494903 0.09037437715116806 0.09037437715116806
0.15426348458172484 0.11271979184206775 0.15426391335821973 0.09037437709999147 0.15415471803152053 0.15347496088649276 0.09037437709999147 0.09037437709999147
0.15426348655873678 0.11271979179073832 0.15426391272200424 0.0903743770862925 0.15415471739835443 0.15347496027128854 0.0903743770862925 0.0903743770862925
0.1542634873737507 0.1127197917767859 0.154263912454734 0.09037437708251554 0.15415471713260984 0.15347496001457298 0.09037437708251554 0.09037437708251554
0.15426348771021997 0.11271979177294653 0.1542639123429686 0.09037437708144211 0.15415471702158662 0.153474959907952 0.09037437708144211 0.09037437708144211
0.15426348784925442 0.11271979177186925 0.15426391229636394 0.09037437708112596 0.15415471697533537 0.15347495986379903 0.09037437708112596 0.09037437708112596
0.15426087052618384 0.11271717439100314 0.15426129489640975 0.09037175970047337 0.15417303861998993 0.1534723424649932 0.09037175970047337 0.09037175970047337
0.1542593802530861 0.11271616786183676 0.1542597232177204 0.09037127203724823 0.15418013388632934 0.15347077866928285 0.09037127203724823 0.09037127203724823
0.15425865980125691 0.11271586508302771 0.1542589690495507 0.09037116879138074 0.15418296721662123 0.1534700324754013 0.09037116879138074 0.09037116879138074
0.15425838492410732 0.1127157738298191 0.1542586254744911 0.09037113756062196 0.1541841086395429 0.15346969445017372 0.09037113756062196 0.09037113756062196
0.1542582636811387 0.11271574833913649 0.1542584757795768 0.09037113015984849 0.15418457364884952 0.15346954807175292 0.09037113015984849 0.09037113015984849
0.1542582115912736 0.11271574140961377 0.1542584119060405 0.0903711282835632 0.1541847642297855 0.15346948601259697 0.0903711282835632 0.0903711282835632
0.15425818952276293 0.1127157395407674 0.15425838495719768 0.09037112778841576 0.15418484261193544 0.15346946000208916 0.09037112778841576 0.09037112778841576
0.15425821246321547 0.11271573443379462 0.15425836905964074 0.0903711230519205 0.15418487031610442 0.15346944457148334 0.0903711230519205 0.0903711230519205
0.154258221085864 0.11271573254309797 0.15425836159725292 0.090371122173623 0.15418488090395885 0.15346943734895724 0.090371122173623 0.090371122173623
0.1542582244672071 0.11271573197850282 0.15425835831686402 0.09037112198383694 0.15418488509625508 0.15346943418966003 0.09037112198383694 0.09037112198383694
0.1542564647802361 0.11271397077920074 0.15425659587088933 0.09036936089645943 0.1541972140769446 0.15346767180335083 0.09036936089645943 0.09036936089645943
0.15425541457238148 0.1127133002201003 0.15425554451950999 0.09036903947505821 0.1542019964785856 0.15346662578424805 0.09036903947505821 0.09036903947505821
0.15425491132207197 0.11271309898988877 0.15425504079508617 0.09036897117554982 0.15420390794790856 0.15346612741839505 0.09036897117554982 0.09036897117554982
0.15425468671602305 0.11271304291681725 0.1542548159924325 0.09036895499407539 0.15420468305660007 0.1534659063359011 0.09036895499407539 0.09036895499407539
0.15425461127133758 0.11271302461381497 0.15425471570160357 0.09036894780692084 0.15420499674087026 0.1534658082516111 0.09036894780692084 0.09036894780692084
0.15425339360819157 0.11271183456825438 0.1542534877482194 0.09036776138972195 0.15421341839869884 0.1534645815074699 0.09036776138972195 0.09036776138972195
0.15425267259512285 0.11271138194596587 0.15425276247297104 0.09036754468040961 0.15421668851723608 0.15346386042747534 0.09036754468040961 0.09036754468040961
0.15425232788952828 0.11271124612579235 0.15425241600192555 0.09036749858744882 0.15421799635489306 0.1534635178655145 0.09036749858744882 0.09036749858744882
0.15425217419454285 0.11271120826825116 0.1542522615756519 0.0903674876547099 0.15421852690755494 0.15346336608986944 0.0903674876547099 0.0903674876547099
0.15425212234785177 0.1127111959127014 0.15425219276815005 0.0903674828039864 0.15421874172210814 0.1534632988372293 0.0903674828039864 0.0903674828039864
0.15425209976641213 0.11271119235459212 0.15425216316225424 0.09036748169522414 0.15421882955324132 0.1534632700778276 0.09036748169522414 0.09036748169522414
0.1542520999409302 0.11271118997092704 0.15425214922244407 0.09036748001691366 0.15421886423974737 0.1534632565752104 0.09036748001691366 0.09036748001691366
0.15425210627874733 0.11271118822671347 0.1542521421774899 0.09036747874523454 0.1542188773293588 0.15346324975198708 0.09036747874523454 0.09036747874523454
0.15425211309289683 0.11271118700025363 0.15425213837908092 0.09036747786454519 0.154218881868175 0.15346324606595824 0.09036747786454519 0.09036747786454519
0.15425211574382972 0.1127111865859251 0.154252136634745 0.09036747769334835 0.15421888357618904 0.15346324437926617 0.09036747769334835 0.09036747769334835
0.1542513197608252 0.1127103894228815 0.1542513388314077 0.09036668061244067 0.15422446354268118 0.15346244660488215 0.09036668061244067 0.09036668061244067
0.15425084454843865 0.11271008584417107 0.15425086286506318 0.09036653506222286 0.1542266285025692 0.1534619730530894 0.09036653506222286 0.09036653506222286
0.15425061678168106 0.11270999470906927 0.15425063478601625 0.09036650410814229 0.15422749399862093 0.1534617474001855 0.09036650410814229 0.09036650410814229
0.1542505151074906 0.11270996929964748 0.1542505329824735 0.09036649676521623 0.15422784503372045 0.15346164728101933 0.09036649676521623 0.09036649676521623
0.15425047412225065 0.11270996197604519 0.15425048853331275 0.09036649447874237 0.154227988101192 0.15346160383097235 0.09036649447874237 0.09036649447874237
0.15425045658030329 0.11270995995661416 0.15425046955675523 0.09036649391113208 0.15422804677387272 0.1534615853990584 0.09036649391113208 0.09036649391113208
0.15425044916620273 0.11270995940731023 0.1542504615484995 0.09036649376215734 0.1542280709196356 0.15346157767187996 0.09036649376215734 0.09036649376215734
0.15423154430237854 0.11269105750519681 0.15423155643860123 0.09034759196893717 0.15420917912450938 0.1535938867225027 0.09034759196893717 0.09034759196893717
0.15422030224669941 0.11268389795044091 0.15422031428014984 0.09034417950095745 0.1541979440856203 0.1536450029342173 0.09034417950095745 0.09034417950095745
0.15421493587200263 0.11268176825519992 0.15421494786237838 0.09034346910588999 0.15419258157105906 0.15366535912169008 0.09034346910588999 0.09034346910588999
0.15421255264333178 0.11268118306858821 0.1542125623221526 0.09034330610709974 0.15419019810300544 0.15367358554162272 0.09034330610709974 0.09034330610709974
0.15421152656067402 0.11268102801098079 0.15421153528207454 0.09034326705607203 0.15418917212364536 0.15367693685440934 0.09034326705607203 0.09034326705607203
0.15421109218897353 0.11268098786053284 0.15421110051382 0.09034325764402842 0.1541887378818679 0.15367830862272064 0.09034325764402842 0.09034325764402842
0.15421091008814425 0.11268097769855956 0.1542109182487417 0.09034325544142414 0.1541885558717295 0.1536788717685525 0.09034325544142414 0.09034325544142414
0.15421083554394538 0.11268097501557275 0.15421084209382602 0.09034325477293274 0.15418847983786366 0.15367910318999406 0.09034325477293274 0.09034325477293274
0.15421080455248815 0.11268097436527123 0.15421081043527698 0.09034325465450281 0.15418844823590858 0.15367919844754635 0.09034325465450281 0.09034325465450281
0.15421079261298465 0.11268097409448975 0.1542107971817892 0.0903432545126362 0.15418843500854468 0.15367923756428328 0.0903432545126362 0.0903432545126362
