0.125 0.125 0.125 0.125 0.125 0.125 0.125 0.125
0.11301829483647666 0.08900190718372537 0.135621953803772 0.10680228862047045 0.14127286854559584 0.11125238397965673 0.169527442254715 0.13350286077558807
0.10466093706811239 0.15832697841412693 0.08549656834362854 0.1424942805727142 0.1187452338105952 0.19790872301765866 0.10687071042953568 0.08549656834362854
0.07295173961840627 0.1290684624017957 0.09118967452300783 0.16133557800224463 0.08754208754208752 0.15488215488215484 0.10942760942760942 0.19360269360269358
0.1045515041676174 0.07719829214276654 0.19605915464829596 0.15439658428553307 0.08546168279541105 0.07680726596678161 0.1709233655908221 0.13460215040277243
0.08028562446262925 0.12197727341901826 0.10379901671987422 0.1463727281028219 0.09148295506426368 0.16333694602574872 0.10977954607711643 0.18296591012852736
0.11563560173760308 0.08470793432533126 0.141598881977964 0.10164952119039751 0.14595138746651817 0.12204632548022476 0.1613484463339643 0.1270619014879969
0.06323493971976304 0.1118772010426577 0.05512789616594728 0.09753397013975287 0.14314785823516357 0.2237544020853154 0.11025579233189456 0.19506794027950575
0.09459638995352478 0.07636094128778506 0.18919277990704955 0.15272188257557012 0.0964301651408921 0.08297464490082065 0.1702735019163446 0.1374496943180131
0.10202791134043375 0.07375295269003938 0.22080255916480962 0.14750590538007877 0.0946808489847555 0.06933982978300753 0.16329510078706316 0.12859489186981224
0.07798726124972932 0.11831046379256262 0.11702747932793986 0.14197255655107513 0.10295658369318778 0.15780054228335516 0.10647941741330635 0.1774656956888439
0.0644195055581253 0.09982604320224325 0.06460693680439428 0.08984343888201893 0.14071179654181962 0.253093274588938 0.10781212665842271 0.17968687776403786
0.06922933203082272 0.12248266436222481 0.09177303921588387 0.15310333045278102 0.09402366416115598 0.1818199751875603 0.10384399804623409 0.1837239965433372
0.07373299468760779 0.11511431068372989 0.09587814121103506 0.13813717282047586 0.10020505074302813 0.20065798421317152 0.10360287961535691 0.17267146602559483
0.07690732161301364 0.11364942720031351 0.09543072763056178 0.1363793126403762 0.10004648673971442 0.20482809889526785 0.10228448448028216 0.17047414080047024
0.07659765236874033 0.11253207018414371 0.09454106429898258 0.13503848422097245 0.0991613508249169 0.21205240966029917 0.10127886316572936 0.16879810527621558
0.07609358873634475 0.11174342997974551 0.09385562575491938 0.1340921159756946 0.10240017403057326 0.2136308335713333 0.10056908698177096 0.16761514496961824
0.08258386340588648 0.1461099121796453 0.07834611722823331 0.12737787215661386 0.11580298919230386 0.21053037291706844 0.08639542633231201 0.15285344658793665
0.13827496893473423 0.09499199838610342 0.16484310962991072 0.11399039806332412 0.1357387748669419 0.12659244918944482 0.12619205646407877 0.09937624446546205
0.06836851595534678 0.12095968207484431 0.09891634217238054 0.1511996025935554 0.1006721851491527 0.17589137500943364 0.10255277393302017 0.18143952311226644
0.10423106329312244 0.0712337705037335 0.2123000257749411 0.142467541007467 0.09859347970985534 0.08925422374901483 0.15771742431433056 0.12420247164753533
0.1041117730327265 0.14028888825020253 0.11230593101665215 0.12625999942518226 0.13152599603582107 0.21505641301541925 0.0946949995688867 0.07575599965510936
0.06618706270420613 0.11710018786128777 0.09182197886954759 0.1463752348266097 0.09732052366764947 0.20626413622245857 0.0992805940563092 0.17565028179193162
0.10271644160056474 0.07035795802021036 0.21579188064858834 0.14071591604042072 0.09701990827606602 0.09494417795850246 0.1557783034716908 0.12267541398395652
0.07150301019137663 0.0964233024289298 0.08086887992116018 0.08678097218603682 0.1444826232956405 0.24224210098153837 0.10413716662324418 0.17356194437207365
0.1007550827115081 0.08133241616471136 0.13604697180779987 0.1016655202058892 0.15125635557496891 0.15581240522079323 0.1511326240672622 0.12199862424706703
0.11810993760584393 0.09534175686254871 0.16737571492896444 0.11917719607818589 0.1414421549642771 0.11842008328323812 0.1328736798065744 0.1072594764703673
0.08794264030503207 0.07098984217394154 0.2268205875424087 0.14197968434788308 0.10374587614542033 0.08244290102316182 0.1582967525490577 0.12778171591309478
0.10194139370267513 0.06681178814379363 0.2681255243981315 0.13362357628758725 0.09359091617171006 0.07148766091749066 0.1479267918202024 0.1164923485584094
0.0796977279512901 0.14100367252920554 0.11082246655712148 0.12292627861520487 0.11550088075025773 0.1991613546327094 0.08337608462596503 0.14751153433824582
0.08766796512581676 0.07076811642686413 0.21868317943282747 0.14153623285372827 0.09923089530431799 0.09692866406161973 0.15780233722647016 0.12738260956835543
0.1016040352764832 0.06657479636825711 0.26907408979559655 0.13314959273651422 0.09249309076565981 0.07362319038311704 0.14740207254510324 0.11607913212926882
0.07904314981257705 0.13984557274532866 0.1153157961030028 0.12191665316259422 0.11452722206212572 0.20036032713071628 0.08269129518854215 0.14629998379511303
0.08692600196644079 0.07016918231025943 0.224098649407071 0.14033836462051885 0.09835590209862842 0.09734056789902097 0.1564668035395934 0.126304528158467
0.09573130604482702 0.13287025987286705 0.15525131396585157 0.15944431184744046 0.08712481450631218 0.1471736203139643 0.08340164004327655 0.1390027334054609
0.1022308650827066 0.13677794708187394 0.10558796098723558 0.12310015237368654 0.12552257590608012 0.24059529286394024 0.09232511428026492 0.07386009142421193
0.06326490463543831 0.11193021589346779 0.10145140958316959 0.13991276986683474 0.09765348308806604 0.22299453613966447 0.09489735695315747 0.16789532384020167
0.06401374529690558 0.11325508783298681 0.10150464897019904 0.14156885979123351 0.09568185877171262 0.2180725496421238 0.09602061794535839 0.1698826317494802
0.10216087638697592 0.06910518337199377 0.22476502639227955 0.13821036674398754 0.09527738008094368 0.09698552066270141 0.15300455740482133 0.12049108895629682
0.07252316868787292 0.09550881100552314 0.08442779090719515 0.08595792990497084 0.1429956064341297 0.24352131736440155 0.10314951588596499 0.17191585980994167
0.06300425739677812 0.11146907077891513 0.09665069972592258 0.1393363384736439 0.10325086420626742 0.2245787771549329 0.09450638609516718 0.16720360616837268
0.08696648781195236 0.07020186365543142 0.2185182866937539 0.14040372731086284 0.0986342611618437 0.10237234072486505 0.15653967806151423 0.12636335457977654
0.11759308662651866 0.07558504193658473 0.18622462609452087 0.09070205032390169 0.15061581278550043 0.12193031087745901 0.14397150845063758 0.11337756290487709
0.05565491878695344 0.09846639477691763 0.07333032500305534 0.08584249801064613 0.15401191448362656 0.2639696073402563 0.09703934557725215 0.17168499602129225
0.0861357469336268 0.06953126559702405 0.20738551785390733 0.1390625311940481 0.10830620396111754 0.10937811190510456 0.15504434448052823 0.12515627807464327
0.11229574210096689 0.09064837012969616 0.22043512089578862 0.1133104626621202 0.12867944162930472 0.10631873632262742 0.12633270986358774 0.10197941639590818
0.09170755418250896 0.06627793258875771 0.2662293961202713 0.13255586517751541 0.09847511269300316 0.07766396313399454 0.14778989744418508 0.11930027865976388
0.11972838441230602 0.08826814448523876 0.23917418515939765 0.11033518060654844 0.12331512411956683 0.09686182626344916 0.12301549240759953 0.09930166254589358
0.09163695831660293 0.065748164846124 0.2739132564625115 0.131496329692248 0.0967450589828879 0.07550494052867834 0.1466085944479243 0.11834669672302321
0.10412896059913221 0.07676125400193244 0.21106462422371305 0.09595156750241554 0.14252784492258208 0.1117854181467202 0.1426384496006058 0.11514188100289866
0.097107245076537 0.06573853795640429 0.2619137762458015 0.13147707591280858 0.1006505992018718 0.07819626936435052 0.1465871279206985 0.11832936832152771
0.09519709970907746 0.06524341546796449 0.28259495668444445 0.13048683093592897 0.09174314893051366 0.07181332175937823 0.14548307867035662 0.11743814784233605
0.11064259226220578 0.07603441635871573 0.21298763604061505 0.09504302044839465 0.13999190741544987 0.10996096955355883 0.14128783338298667 0.11405162453807358
0.07616973695673998 0.11182573447952018 0.1276813045096769 0.13978216809940025 0.1052065205307167 0.1767871588198552 0.0948087748848106 0.1677386017192803
0.09660773283043687 0.06855582309316553 0.23095611904285404 0.13711164618633107 0.0980922551103788 0.0924066888837785 0.15286925328535717 0.12340048156769795
0.09622783709305988 0.06605238068297338 0.27110949865695233 0.13210476136594676 0.09327401782777417 0.07505026878519183 0.14728695035874959 0.11889428522935207
0.09476213856978331 0.06502223265797749 0.2860779402902349 0.13004446531595498 0.09098828890485511 0.07107504146038968 0.1449898740164453 0.11704001878435948
0.11032966280937834 0.07584567894642645 0.213866091802496 0.09480709868303305 0.14088646030446778 0.10955936920127365 0.14093711983328494 0.11376851841963966
0.11718306711106315 0.07497557096943092 0.18846954631653282 0.09371946371178864 0.15519780330513483 0.11867091473348318 0.13932027739842015 0.11246335645414639
0.10612236371550833 0.06530655310098288 0.25114195643041126 0.13061310620196576 0.10445167514391909 0.07918868365698331 0.14562386616846032 0.11755179558176918
0.10263590143213068 0.06479242827209743 0.2771325179146035 0.12958485654419485 0.09309566317778742 0.07165481723431563 0.14447744453509487 0.11662637088977539
0.08073280026415683 0.1124696494902255 0.1432561355230697 0.14058706186278186 0.09594566182486391 0.16294951397089438 0.09535470282866945 0.16870447423533824
0.11819805937171639 0.0763857368751228 0.16316007321562465 0.09166288425014736 0.15117028827435622 0.13934771103344804 0.14549664166690054 0.11457860531268418
0.08312658084027057 0.11052010159610523 0.11538265750087708 0.13815012699513154 0.1066673739709449 0.18667118143624967 0.09370182526626314 0.16578015239415786
0.10363887260489725 0.06822438973960879 0.22457700135374706 0.13644877947921757 0.09814868845559814 0.09402816046104513 0.1521302063745903 0.12280390153129579
0.10431783760651821 0.06553548239356313 0.26726666174160313 0.13107096478712627 0.0927831906888429 0.07492765015156945 0.14613434432236316 0.11796386830841364
0.10287990579687976 0.06443895426294488 0.28325050864750206 0.12887790852588976 0.090297842878354 0.07057551196312918 0.14368925025199947 0.11599011767330078
0.08158669134803531 0.11227755820028294 0.14459570998781113 0.1403469477503537 0.09524396831671687 0.16234094427439655 0.09519184282197904 0.16841633730042443
0.11821357477726803 0.07622449680668789 0.16334291146689597 0.09146939616802548 0.15224911127462545 0.13897424656944082 0.14518951772702454 0.11433674521003184
0.07151911771423751 0.09504574510467512 0.0692666410780904 0.08286039316817831 0.1543996004881637 0.26751944557235774 0.0936682705379407 0.16572078633635662
0.07337972613250066 0.10820219984595143 0.09192901691332948 0.13525274980743932 0.10582055964415947 0.23137580019221196 0.09173664769548058 0.16230329976892716
0.10193864244078484 0.06852859867939877 0.21447338180385933 0.13705719735879754 0.09932072228792402 0.10252143290031496 0.15280854690600262 0.1233514776229178
0.08142099435977383 0.11250709310995188 0.1285530062428064 0.14063386638743985 0.09790390054250286 0.17483405118633388 0.09538644850626357 0.16876063966492783
0.08019846415099895 0.10947568053740894 0.10730640295068887 0.13137081664489073 0.10445019237604686 0.20445681005018426 0.09852811248366805 0.1642135208061134
0.07695499066959662 0.11119799430239923 0.10266074336991579 0.138997492877999 0.09771388836322518 0.21140133857644866 0.09427656038681673 0.16679699145359883
0.11634456215416497 0.07731358644223807 0.1547572610310415 0.09664198305279757 0.14662676443357175 0.1486806645353867 0.14366479868744236 0.1159703796633571
0.09679175293603653 0.1280162961477853 0.13148347922098738 0.16002037018473164 0.09283646622391475 0.16543163554805285 0.08140166657223305 0.14401833316625845
0.12270606787848076 0.07611359606793855 0.15893456605495587 0.09133631528152626 0.1520517563979521 0.13970902599259363 0.14497827822464487 0.11417039410190782
0.10012906614299431 0.13034988752989285 0.09424227139830552 0.1136383634875989 0.12753836808465055 0.22065955193637218 0.07707645523506705 0.13636603618511867
0.07989757291644876 0.10960146039286131 0.09865286724988961 0.13700182549107662 0.10162791549220834 0.21589319057862366 0.0929229772895998 0.16440219058929195
0.10405772112994055 0.06840440686016587 0.2172911346889048 0.13680881372033174 0.09820867940079085 0.09956969416636184 0.15253161768520568 0.12312793234829857
0.08257231792352807 0.11243115717866188 0.12920325879727398 0.14053894647332738 0.09763607908939484 0.17364943672704256 0.09532206804277857 0.1686467357679928
0.10627784609750585 0.0680558407640302 0.23568872802364446 0.1361116815280604 0.09604279313432204 0.08848041790484648 0.1506812266000506 0.11866146594753985
0.07298827220502883 0.09880524657543936 0.08186253921229321 0.08613790727089586 0.14239787788346195 0.248159055830946 0.09737328648014314 0.17227581454179172
0.1020042381679139 0.06792567484929178 0.20839288212602994 0.13585134969858356 0.10680723112673476 0.10528829254922537 0.15146411675349541 0.12226621472872522
0.139643656975162 0.0871018755940723 0.2160216424679343 0.10887734449259037 0.12675698536861876 0.10221877112401483 0.12139011393427615 0.09798961004333133
0.14883236755252582 0.08507677062095398 0.21578043201320862 0.10634596327619247 0.13000459784660134 0.09968068895490632 0.11856781278703847 0.09571136694857323
0.08987572256364222 0.11035030246826434 0.1278210201278674 0.13793787808533042 0.10339464755504223 0.1715371103613198 0.09355786513613717 0.16552545370239652
0.09242810230720291 0.1301241955726424 0.1255066058595001 0.162655244465803 0.0856535651102311 0.17450055100235898 0.08274201566303893 0.1463897200192227
0.14628764654771245 0.0916618834817485 0.1891967161286244 0.1099942601780982 0.12589659788537963 0.11930229627257055 0.12176816755572938 0.09589243195013689
0.0893119972401605 0.11038950734961114 0.12151421676790825 0.13798688418701394 0.10254392985589712 0.17907809951771328 0.09359110405727901 0.1655842610244167
0.13870153588013936 0.08920692479823124 0.18608802035603497 0.11150865599778904 0.12845630516477263 0.12135693750898008 0.12432382989604242 0.10035779039801014
0.11353622835743689 0.06508500381481595 0.2495629899034647 0.1301700076296319 0.09986704658740103 0.07949587251321513 0.1451298443273657 0.11715300686666871
0.08428102499975154 0.11209674894936972 0.136687318987387 0.14012093618671215 0.09801162560352658 0.16561867382690676 0.09503854802229172 0.16814512342405458
0.11753203144648108 0.0853327483044224 0.1648138331279245 0.0953609028064219 0.14539003446030516 0.13537697962823686 0.14176038685850184 0.11443308336770629
0.1428650011947909 0.09344083183240927 0.19714788911600004 0.10690699676186931 0.13636415583264228 0.10786550492120826 0.11919332325539755 0.09621629708568236
0.11336017458273238 0.07066553584729786 0.25251457919678333 0.12821985262640334 0.10057010428050309 0.0763163190697956 0.14295556703272133 0.11539786736376301
0.14067427225435325 0.09166256176268833 0.22975690472303767 0.10649322701370778 0.12297745565871222 0.09385967341062694 0.11873200086453688 0.095843904312337
0.11178055941767646 0.06986548090896016 0.26551871108425446 0.12698196019248037 0.09679417727670572 0.07319993759776094 0.1415754093489296 0.11428376417323233
0.12234522410263693 0.0799115706740302 0.2049763122615241 0.09290506350435412 0.14187442940111264 0.10839170705956966 0.13810961679154732 0.11148607620522494
0.10853602067280058 0.06980521115795896 0.2562282944536557 0.1284279360791783 0.10177971463212193 0.07645011597907464 0.14318756455394954 0.11558514247126048
0.13914715116249207 0.09156286333228845 0.23114031566740179 0.10646908689344833 0.1232853201077981 0.09386799820051869 0.11870508643194912 0.0958221782041035
0.1285195461583493 0.08057803396298863 0.19188619586275193 0.091541313834676 0.1489639019046731 0.11257912036250622 0.13608231131244372 0.1098495766016112
0.11028576431396664 0.0700096099383229 0.25071603635198514 0.1286995469579138 0.10360044813322238 0.07736861162819562 0.14349039041427106 0.11582959226212242
0.08309225905546054 0.11940328960448526 0.13621312714714726 0.13881647563146382 0.0982084997044995 0.1635327946274117 0.09415378347177547 0.1665797707577566
0.07747492212786178 0.12448069737607836 0.10883360370520394 0.13815763157277636 0.09623489312841375 0.19532217887471193 0.09370691532762224 0.16578915788733162
0.10266884985697815 0.07662915832592984 0.2205382805806921 0.13543960956355375 0.09648372717340771 0.09533966866242702 0.15100505722981292 0.12189564860719838
0.1047090876205476 0.07039064362097826 0.26472030855413997 0.13016412856720255 0.09292230584411225 0.07482252047104415 0.14512328961149296 0.11714771571048228
0.10351549192850873 0.06876436922190886 0.2813231173986568 0.12787754276767288 0.0906917827298352 0.07016399037676326 0.14257391708574874 0.1150897884909056
0.12006656081353272 0.079805364665504 0.21022441169233558 0.09288824983072093 0.13990146585348634 0.10756342521114028 0.138084622136415 0.11146589979686512
0.10784263741517446 0.0696965592738828 0.2583520971889728 0.1282401139833549 0.10127554749544296 0.07619878512447192 0.14297815693368074 0.1154161025850194
0.08262088942713071 0.1193228168545163 0.1379527811435369 0.13876038969493626 0.09768741473040585 0.16302749793985474 0.0941157425756959 0.16651246763392347
0.11708920099406075 0.08592335420124582 0.16525832914221175 0.09537019979914499 0.14543930911669378 0.1347011595250595 0.14177420746260957 0.114444239758974
0.08316993233592657 0.1194098127692647 0.11498283158401335 0.1365389165021615 0.10602316131257628 0.18341964145721526 0.09260900423624865 0.16384669980259375
0.08965003822510739 0.14398939609990205 0.12038584675627441 0.15976615107129902 0.08498538283486427 0.17616130263385324 0.08127234641453038 0.1437895359641691
0.08237652056205454 0.10971293239107632 0.10580201801406511 0.13165551886929158 0.10189432283195168 0.20524764959297762 0.09874163915196871 0.16456939858661448
0.06534425963270217 0.1041727502154688 0.06009199653791912 0.08134379930046298 0.13665487172533855 0.2977508639083983 0.09195386007878424 0.16268759860092596
0.09991110859200697 0.07518935100281014 0.19721254175630648 0.13509348105384755 0.10585735636000627 0.11453287851458345 0.1506191497719763 0.12158413294846279
0.09356347572845848 0.13850100313087393 0.14262252369620496 0.1602883477634465 0.08533187054592234 0.15389528054658655 0.0815379856014054 0.14425951298710185
0.12233292030245849 0.0762888959983428 0.1630656835993796 0.09154667519801137 0.15011642955378016 0.13690386849652716 0.14531218285398628 0.1144333439975142
0.09927265373810537 0.13949330814091435 0.0942280917861669 0.11229647033431983 0.12633125755719093 0.21745615242405852 0.0761663016180604 0.1347557644011838
0.11999319910216419 0.0861762293311444 0.14826122636349787 0.09359096823805296 0.15289201220388998 0.14764794262916806 0.13912926024641903 0.11230916188566356
0.10991366382931597 0.07153140417809913 0.23343942081525654 0.13080844018680554 0.1060475593166074 0.08469026652139683 0.1458416489843936 0.117727596168125
0.14026859897093147 0.09222409442246496 0.22331219055007945 0.10707581533469526 0.12515737067906146 0.09621215287584393 0.11938154336569756 0.09636823380122574
0.1477547369961579 0.09249359926325192 0.21701773147169057 0.10501612044194977 0.12874041203547285 0.09737775412486173 0.11708513726886044 0.0945145083977548
0.11374203159213353 0.07008066889296785 0.26022612948973367 0.1272494156147035 0.09832002091566745 0.07398365725621239 0.1418736021853485 0.11452447405323313
0.08371367503601328 0.11935449899908492 0.13841908375676576 0.13873410481100293 0.0970401919197757 0.1621596051366909 0.09409791456746286 0.1664809257732035
0.1355452441797939 0.09921663669709736 0.19100462822270634 0.11012143045637285 0.12577152606130515 0.11645407003033129 0.12277717694165748 0.09910928741073556
0.1474860279746076 0.09399279089863738 0.20604364429644775 0.10603412996295507 0.1299818608616385 0.10281068712513255 0.11822014191392156 0.09543071696665956
0.10243210261303144 0.1386535557723981 0.14361312852489028 0.157138167113317 0.08883448333591701 0.14796870983733862 0.07993550240112211 0.14142435040198528
0.11063011794581297 0.06761442030203205 0.2415468475678858 0.1352288406040641 0.09367973486267425 0.08370434355393327 0.1497038854062085 0.1178918097573892
0.1228073565694225 0.08033251155295756 0.1978828929931663 0.09364788942562643 0.14185003428036283 0.11188797045290096 0.13921387741481184 0.11237746731075171
0.08440399846392922 0.11892988374089636 0.12276593020832276 0.13670818471792057 0.1054862365496995 0.1749321324142677 0.09272381224345919 0.1640498216615047
0.10369305356237334 0.07573531149426393 0.2259061146753504 0.13451529499065 0.09790261176881346 0.09120933255723912 0.14997451545972468 0.12106376549158498
0.10471623368641048 0.07015881827729312 0.2666993850851636 0.12983768883434063 0.09302255928618383 0.07395206120917576 0.14475933367052604 0.11685391995090656
0.09439243269668329 0.13738669319386837 0.16086602266005826 0.15971394065083339 0.08272372271756367 0.13992885429460158 0.08124578720064134 0.14374254658575006
0.12234288591097935 0.07613602204389608 0.1689090199774436 0.0913632264526753 0.14911272868897926 0.13291108949085645 0.1450209943693259 0.11420403306584412
0.12489549401265719 0.08005366178525106 0.17196615800588727 0.09241576672902203 0.15861764876692788 0.12377010635362834 0.13738224427179993 0.11089892007482643
0.08457415366013468 0.1185569194338801 0.11652644350059622 0.13629829372164431 0.1089219488634635 0.17911848913441006 0.09244579921989789 0.16355795246597316
0.1175065659947708 0.08575656898192072 0.15780873644961005 0.09522439492144018 0.148999301673925 0.1388776993535685 0.14155745871903644 0.11426927390572819
0.09638743676490777 0.13823072627457134 0.1311623499255758 0.15808244847539416 0.09275567840614811 0.1606913023011085 0.08041585422443964 0.14227420362785473
0.1096412366714611 0.06791359102013375 0.23666733423048603 0.1358271820402675 0.09496977454114536 0.08620116677132098 0.15036627397213168 0.11841344075305371
0.07315153207054276 0.10515051591954008 0.08168909400231407 0.08547004447166118 0.14155513007141035 0.2454252833793314 0.09661831114187784 0.17094008894332235
0.07384703616095978 0.1196580164839453 0.09422083687465248 0.1343306881752657 0.10332274143957516 0.22231260568423283 0.09111124937104977 0.1611968258103188
0.07487465568720042 0.12294505834117839 0.09815276872613844 0.13634949343042638 0.09618197511370734 0.2153961306059397 0.0924805259788979 0.1636193921165117
0.07447587577227453 0.13300050202775818 0.09830403493702455 0.13506192511796114 0.09394837758824302 0.2115277556395245 0.09160721877566061 0.16207431014155335
0.07440058022547118 0.13503420372134606 0.09833287527350389 0.13505400911430782 0.09346375089810788 0.21004792016995447 0.09160184966013922 0.16206481093716937
0.10155415853438986 0.08436820789083899 0.21480395303492053 0.13460460781091058 0.09559094010225376 0.09785989300768733 0.1500740925891794 0.12114414702981952
0.10426065837864655 0.0751311585560746 0.26187308659313707 0.12970500902258933 0.09257037343620701 0.07511380031111341 0.14461140558190183 0.1167345081203304
0.1373453765998076 0.09682603907767923 0.2327532616634598 0.10597533854212356 0.1203493586417871 0.09321822692011747 0.11815459386711387 0.09537780468791118
0.11049859013491534 0.07485075745545447 0.26603209716930887 0.126062287669808 0.0958385198710373 0.07271164567822111 0.14055004311842775 0.11345605890282723
0.10425937755785315 0.07241067796787608 0.2809228165168648 0.12679901607743335 0.09076233419056147 0.06935522290652317 0.14137144031319807 0.11411911446969003
0.10244079914694185 0.07186406366065896 0.28679785838657196 0.1263620367329369 0.08938039908066388 0.06854476897810002 0.14088424095448338 0.1137258330596432
0.11919571875957204 0.08388162925514109 0.21144413560443898 0.09226113327954587 0.13878764621329176 0.10656400568923025 0.13715237126332488 0.11071335993545503
0.12303064952651646 0.08493436084467682 0.18517238820217874 0.09140771514083831 0.15403552937859633 0.11584639085717995 0.1358837078810074 0.10968925816900597
0.10884207086460011 0.07462712043335318 0.2473801556200983 0.12826125599976476 0.1046252365588585 0.07782730141932159 0.14300172870421535 0.11543513039978828
0.13882021632750413 0.09676398237298862 0.22729512635507926 0.10597392324928992 0.1237597705249923 0.09385743432456163 0.11815301592122324 0.09537653092436092
0.11100239001072747 0.07494821883629237 0.2638261245146931 0.12623900531334442 0.09669859383102267 0.07292349260882308 0.14074707010308699 0.11361510478200998
0.10444661087076731 0.07247283290645287 0.2800722549542545 0.1268906195598363 0.09100397053355432 0.06943858221128547 0.14147357135999658 0.11420155760385269
0.1025123291834206 0.07189215445767425 0.28647518107542386 0.12640000939179877 0.0894556202338769 0.06857811956985262 0.14092657763533387 0.11376000845261891
0.10186418758955598 0.07167698854804826 0.2889194525088801 0.12613443938433425 0.08895686131510208 0.06829658831251023 0.1406304868956682 0.11352099544590084
0.11900143907643725 0.08382600087076315 0.21210862838038594 0.09222569282488172 0.13860476902890886 0.1064629517816275 0.13709968664713762 0.11067083138985807
0.1411536163366007 0.09747779743456503 0.21280145679621718 0.10491600991153972 0.13255006850669365 0.09970312059560965 0.11697352149838831 0.09442440892038573
0.08704136659235709 0.1283003638579631 0.1253304386763595 0.13488333886270856 0.10254422753822676 0.168554167130254 0.0914860907068806 0.16186000663525027
0.13548657108144826 0.10813293330361178 0.18451300311823385 0.10890107256060719 0.12635584207597053 0.11718304359621841 0.12141656895936352 0.09801096530454646
0.11184120479426532 0.0775088999046187 0.24711773665149328 0.12828313598241914 0.09869299923295023 0.07807507779803566 0.14302612325204042 0.1154548223841772
0.10525492141312445 0.07323072272942345 0.27376055912481917 0.12771708734338738 0.09196297908908084 0.07073333042916022 0.14239502126195577 0.11494537860904865
0.13719525299055593 0.09617257489737797 0.23669163097747734 0.10556070348650291 0.1197728558377857 0.09191004194943603 0.11769230672301145 0.09500463313785262
0.09931694244518287 0.14733081582807037 0.15054779700133047 0.15523419368087563 0.08605662613636061 0.14283589120120757 0.07896695939418456 0.13971077431278806
0.10970357851764671 0.06752514015813177 0.2447783134318626 0.13505028031626354 0.092992212843418 0.08270812109097056 0.1495062118275282 0.11773614181417848
0.09853524712175474 0.14856931237421075 0.1117116409076665 0.11489587213524387 0.11384709740693366 0.19663640934799317 0.07792937414390454 0.13787504656229263
0.10587835462871971 0.08480865972683427 0.2181990471802667 0.13204637940678368 0.09865940477292404 0.09434455398722097 0.1472218588311454 0.11884174146610532
0.0817485571376305 0.12791913198019866 0.12791969212743304 0.13787211351539597 0.096510474081033 0.16907023533808685 0.09351325960174685 0.16544653621847516
0.10244376657662027 0.08273731696132815 0.22721679177684256 0.13347719126560104 0.09541200185846913 0.08976635214537558 0.14881710727672234 0.12012947213904093
0.08123075665585425 0.12768050495593122 0.13013595786076823 0.13810388317919053 0.0959297143226612 0.16752406331511488 0.09367045989545096 0.16572465981502862
0.10226456717187261 0.08266381064844865 0.22816410138431828 0.13341220196016151 0.09523478666187622 0.08944490135807201 0.14874464905110546 0.12007098176414537
0.10394425726033074 0.07456536332629018 0.2669949295981067 0.12905820523600892 0.09206469797271144 0.07332989426534005 0.14389026762880397 0.11615238471240803
0.10290318110129212 0.0725223228554336 0.2816431841047072 0.12710678358881944 0.0901264641440525 0.06958738085508862 0.14171457812066884 0.1143961052299375
0.10213109755302308 0.07188367519008838 0.28712240474113987 0.12637845537710743 0.08925262434393383 0.06858858643784917 0.14090254651746156 0.11374060983939668
0.10175872045293821 0.07166366029900682 0.2891719701238145 0.12611238918414178 0.08889950484586016 0.0682867022605201 0.1406059025679909 0.11350115026572762
0.10160135164999617 0.07158456061009635 0.28993965958381746 0.12601458877053304 0.08876308894750476 0.06818675813921707 0.1404968624053555 0.11341312989347974
0.11891090734157722 0.08379806719814044 0.21242684944340132 0.09220759478601076 0.1385188272892587 0.10641585750158263 0.137072782696816 0.1106491137432129
0.10710807252179978 0.07397777454197701 0.2585633260334904 0.1274018317729781 0.10058157687824834 0.07566223482834153 0.14204353482748452 0.1146616485956803
0.09417397647922914 0.1442599277361927 0.15778239382114168 0.15814064587853247 0.08351351519976374 0.13935750060407714 0.0804454589903839 0.14232658129067918
0.08364016074328692 0.11023490663069901 0.11488876362651929 0.13228188795683882 0.10222603970594973 0.19216446542302876 0.09921141596762911 0.1653523599460485
0.08981285739476356 0.1540331516032924 0.08405870495573657 0.11124975758853653 0.11249133856003136 0.2393981234704753 0.07545635732092042 0.1334997091062438
0.10456770658773792 0.08618113075676023 0.20629260793319137 0.13300218278507983 0.09915280952951311 0.10281408963181043 0.14828750826933526 0.11970196450657186
0.10513589846153752 0.0754597283865379 0.2583260656540653 0.12986263138193227 0.09347122092205995 0.07608094420042148 0.14478714274970658 0.11687636824373904
0.10347388599630096 0.07284482140627267 0.2783458372679754 0.12749905205391876 0.09068001981205083 0.07025530842946588 0.1421519281854885 0.11474914684852687
0.10237697994994452 0.07200614585918015 0.28588122598771154 0.1265330986206068 0.08946835882875712 0.06877943980183084 0.1410749621934228 0.11387978875854614
0.08114230911021776 0.12520385567862832 0.1437429517555748 0.13768210530990638 0.09451317800134572 0.15911268930137232 0.09338438447106694 0.16521852637188766
0.1017922485016899 0.08199093849514505 0.23372351096523394 0.13280418489167717 0.09450984832489007 0.08758874702470093 0.1480667553941535 0.11952376640250946
0.10363564606864809 0.07433635705570785 0.2691277532704999 0.12878983730445823 0.09173560914922822 0.07287288616486269 0.14359105741258252 0.11591085357401242
0.1027562103840154 0.07243911332927717 0.28244787973853425 0.12700402926654925 0.08999109993428195 0.06945802628787712 0.14160001471957057 0.11430362633989433
0.13620541342422973 0.09588377251518679 0.23972005716859007 0.10537111483912745 0.11903195835250358 0.09147275081555338 0.11748092952959434 0.0948340033552147
0.12704462016857787 0.08612687257634716 0.19402310067076883 0.09078623572613052 0.1468445670862326 0.11127128391069685 0.13495983698988953 0.1089434828713566
0.08452143682089332 0.12614219739521113 0.1210585140709168 0.13521942459242534 0.10579802378071523 0.17328304932276115 0.09171404450616676 0.1622633095109104
0.10314110063698576 0.08253478834114533 0.22399980870629527 0.13343167471895062 0.09746985091723381 0.09056790970836937 0.14876635972396435 0.12008850724705557
0.12066626169412417 0.08637192934580461 0.19191879157467095 0.09345286746715174 0.1429486863643899 0.11357405841822706 0.13892396417504946 0.11214344096058208
0.10824316351641691 0.07480924174925356 0.25045001173924103 0.12832419445046003 0.10219842246182952 0.07741129069754371 0.14307190037984124 0.11549177500541405
0.082230609290476 0.12583473853989077 0.13552400037321455 0.13777158655466484 0.09734090173159843 0.162527183546611 0.0934450760979466 0.1653259038655978
0.10229964846062128 0.08226689313943068 0.23031537530041998 0.13312812453482642 0.09535076264221144 0.08839595991948164 0.14842792392166468 0.11981531208134379
0.10386982435602385 0.0744552654423469 0.26780870444971594 0.12894464487277427 0.092015554028181 0.07309217016700979 0.1437636562984513 0.11605018038549685
0.08148753826539824 0.12586611015675525 0.139608108912887 0.1378978823522179 0.09516465533944794 0.16096750855521497 0.09353073759541734 0.16547745882266146
0.07640668254626788 0.13491262795190434 0.10862165862853387 0.13644827013552077 0.0946504485362462 0.1926748656861141 0.09254752235278801 0.16373792416262492
0.07504130056552695 0.13595237740321692 0.1010288758635329 0.13562960717436412 0.09397873204452871 0.20362132303872038 0.09199225530087306 0.1627555286092369
0.1325489669583616 0.11009765790958846 0.17602419443611275 0.10964946260636108 0.12471812059148889 0.12602611314198645 0.1222509680103757 0.09868451634572495
0.12719848295497205 0.08899765428165586 0.1738517132456408 0.09179148556098542 0.15006973515107036 0.1214869377463117 0.1364542083861813 0.1101497826731825
0.11024360584920644 0.0754173737978722 0.24284651458587886 0.12877344702069246 0.10415188001739804 0.07909829294098948 0.1435727834693392 0.11589610231862321
0.12185706779685299 0.08479243235452542 0.1973345713503478 0.09274911900343019 0.14424330602443683 0.10984676584925102 0.13787779481703952 0.11129894280411622
0.10828847047548298 0.07443929970051685 0.25250664901162606 0.12800154286961127 0.10225507797263525 0.07659540344180625 0.14271216794567107 0.11520138858265015
0.08223412669959555 0.1257440161632384 0.1359997306207671 0.13774984818654426 0.09734729722021326 0.16219483147230615 0.0934303318134822 0.1652998178238531
0.08857994755556874 0.15610281208060717 0.12476553845124327 0.157903714881834 0.08256359454543456 0.1676461158691635 0.08032493322249817 0.1421133433936506
0.1083387184346787 0.06836902902040647 0.23484116209707065 0.13673805804081293 0.09331183983572172 0.08781900364398659 0.15137465114815268 0.11920753777917026
0.0824260373758194 0.12486573296424297 0.1320688789836718 0.13829257204936513 0.09560006424268351 0.16699718775236608 0.09379844017261287 0.16595108645923815
0.10248172861196488 0.08225442922796435 0.22894145261041793 0.13331453848468233 0.0950969904166932 0.08929201444779795 0.14863576156426525 0.1199830846362141
0.08123555206257509 0.12757370862555434 0.13053319451402268 0.1380924172440735 0.09585754898062877 0.1673339948799292 0.09366268300032812 0.16571090069288819
0.10225247318853484 0.08263975437404981 0.2283269878353534 0.13339424462891766 0.09520682236582292 0.08940026947442749 0.14872462796686792 0.12005482016602591
0.0811954902150914 0.12765863751474008 0.1303924293550708 0.13810021966733677 0.09588422357089797 0.16738076099734345 0.09366797507871538 0.1657202636008041
0.07628798902251259 0.1351624369658744 0.10644631087830292 0.13634209266631364 0.09472322964531316 0.19495192329191158 0.09247550633019534 0.16361051119957637
0.10180212822902755 0.0842057688370257 0.218295219750856 0.1343569890960915 0.0956630602761284 0.09495752742322383 0.14979801620116467 0.12092129018648236
0.12047406205926067 0.08674083023101846 0.19021309678095932 0.09361321423861957 0.14256443159052848 0.11489617759287435 0.13916233042039566 0.11233585708634349
0.10826707119390577 0.07490543676931467 0.24979118739349057 0.12841611874716824 0.1021808538342759 0.07769043607874455 0.14317438911064875 0.11557450687245142
0.10434036619406875 0.0728590643196296 0.2748124456367101 0.1276143731390362 0.09262653779605977 0.07061377450001963 0.14228050258934333 0.11485293582513256
0.10267695082726472 0.07207841465487438 0.28450838144761803 0.1266590940136059 0.08996169419711103 0.06890684259330518 0.14121543765397548 0.1139931846122453
0.08120365327122933 0.12523035716171882 0.14343215973973455 0.13769711829494344 0.09462971480411245 0.15917588758297624 0.09339456719135293 0.16523654195393211
0.11587061730393401 0.09332090991508596 0.16614950036702933 0.0944689308707656 0.1434588083129451 0.13293410551773527 0.14043441066758588 0.11336271704491872
0.10806340430470901 0.07636521581659322 0.24026668459374523 0.12955625086055644 0.10321759760233705 0.08148466971496755 0.14444555133259054 0.11660062577450082
0.1046458088555649 0.07329509397716857 0.2712082871072779 0.1280916693133807 0.09315995000505103 0.07150403615489444 0.14281265220461994 0.11528250238204263
0.1028776657625108 0.0722267724055186 0.2831573047946913 0.1268367953872994 0.09018802170957972 0.06914676266748356 0.14141356142434722 0.11415311584856945
0.13620836438054415 0.09582313215053102 0.23994481088040925 0.10533906033921422 0.11905593576733231 0.09137835102235829 0.11744519115431795 0.09480515430529281
0.08623339887143017 0.1281141954168076 0.13174785316779417 0.13505746262576993 0.09967746949756989 0.1654964732278779 0.09160419204182656 0.1620689551509239
0.07658181578139292 0.14124119523969428 0.10599429367477775 0.1349480407763333 0.09480954792338292 0.19295748218974085 0.09152997548307823 0.16193764893159993
0.07444259648023983 0.14387539246074543 0.0996485569597034 0.13425084207302349 0.09325492207148722 0.20236958658286097 0.09105709288431157 0.16110101048762818
0.08568058319341554 0.16724734556754844 0.1136427479031081 0.1553025615401435 0.08062799593034084 0.17872472265237185 0.07900173782694256 0.13977230538612911
0.12089097791873366 0.07681490322543304 0.15457873900213745 0.09217788387051963 0.14960782904309028 0.14439321072015923 0.1463141013817772 0.11522235483814953
0.08290667803251334 0.12779375604964152 0.11133246079806902 0.13446953593113467 0.10578853675104487 0.18514016494955232 0.09120542437068264 0.1613634431173616
0.07571337267995829 0.14066336838591192 0.10103462469049851 0.13445472502205358 0.09579629362446515 0.19979656686003777 0.09119537871061026 0.1613456700264643
0.10106650828227158 0.09187743039855462 0.21454808815860085 0.1332012997404628 0.09539087474320421 0.09552512009537628 0.148509508815113 0.11988116976641652
0.11972919433173614 0.09276485228470334 0.18835969691064527 0.09299029783272057 0.14181701048788378 0.11451426740768848 0.13823632334535774 0.11158835739926468
0.12298505884776563 0.0914501118892409 0.17716657524285484 0.09109368925755942 0.15482270226636763 0.11775254807291768 0.13541688731422266 0.1093124271090713
0.14219654529211032 0.10465427625116176 0.1990252666514711 0.10449075108895758 0.1369798526078654 0.1021122424814298 0.11649938964694226 0.09404167598006181
0.12832160702152423 0.0931753024238892 0.1798240151952261 0.09025171265473192 0.15227436618611107 0.11368570878938698 0.13416523254345225 0.1083020551856783
0.0841111144275654 0.13459435027991257 0.1169737258367601 0.13384520159351881 0.10621731981807826 0.17286208331199054 0.09078196281995189 0.16061424191222257
0.11574083936214682 0.10189889002147015 0.1559861476021391 0.09341907420344008 0.1461928219208676 0.13578560962696287 0.13887372821884525 0.11210288904412809
0.10785375027856918 0.0825368640986461 0.23514949178550748 0.12899081233726695 0.10368830789919538 0.08187391292124727 0.14381512957602746 0.11609173110354025
0.12087887993242055 0.09034476394135273 0.1944216277717105 0.09234080170047952 0.14369372120677737 0.11024043968477694 0.1372708037219069 0.11080896204057543
0.08289261544886298 0.13402652139645352 0.12051095658195474 0.13418892845296765 0.10450280496459806 0.17183635971306732 0.09101509929853459 0.16102671414356115
0.1331233465306053 0.11740828973529381 0.18133456391687086 0.1077689758950051 0.1259863723655125 0.11723200758916479 0.12015436566204299 0.09699207830550458
0.08467811190801973 0.14121174165123937 0.11690169351279377 0.13326661099196954 0.10004279707826377 0.17358958421192747 0.09038952745542284 0.15991993319036343
0.10249460823475287 0.09264237987554431 0.22071791264756954 0.13210855631409635 0.0956200022155251 0.09022765858709371 0.1472911814427313 0.11889770068268672
0.10369293613904336 0.08104539028810256 0.2631904436521182 0.1283539725352812 0.091863393211735 0.07323018816979501 0.1431051007221717 0.11551857528175306
0.10250820789269972 0.07780310029571348 0.2794909409581286 0.12641111421060833 0.08977176947269504 0.06930590570101856 0.14093895867958864 0.11377000278954748
