Action: 0
[0.10954357609250057, 0.09805736336538089, 0.2933928943464451, 0.09805736336538089, 0.099497350668245, 0.10533672543128583, 0.09805736336538089, 0.09805736336538089]
[0.15767451752249853, 0.09348722287940744, 0.245342986583772, 0.09348722287940744, 0.12041691567572614, 0.10261668870037363, 0.09348722287940744, 0.09348722287940744]
[0.10077731468114823, 0.10481087592372261, 0.19554403205567397, 0.09934651570542269, 0.20148171336245288, 0.09934651686073435, 0.09934651570542269, 0.09934651570542269]
[0.125, 0.125, 0.125, 0.125, 0.125, 0.125, 0.125, 0.125]
[0.0974338591380247, 0.0974338496523679, 0.2540657945235845, 0.09743384945389973, 0.1606737334694837, 0.09809121485484001, 0.09743384945389973, 0.09743384945389973]
[0.09834722873697357, 0.09728420065379431, 0.15658499825830174, 0.09728419297839956, 0.25864680043733207, 0.09728419297839956, 0.09728419297839956, 0.09728419297839956]
[0.125, 0.125, 0.125, 0.125, 0.125, 0.125, 0.125, 0.125]
[0.125, 0.125, 0.125, 0.125, 0.125, 0.125, 0.125, 0.125]

Action: 1
[0.09826919407000474, 0.09826919407000474, 0.09826919407000474, 0.09826919407000474, 0.1653561494307739, 0.24502868614919765, 0.09826919407000474, 0.09826919407000474]
[0.10285105474385359, 0.10285105474385359, 0.10285105474385359, 0.10285105474385359, 0.10285105474385359, 0.28004261679302495, 0.10285105474385359, 0.10285105474385359]
[0.09712024821782395, 0.09710405392582304, 0.09710333735334307, 0.09710333735334307, 0.13929925229050535, 0.2780630961524753, 0.09710333735334307, 0.09710333735334307]
[0.125, 0.125, 0.125, 0.125, 0.125, 0.125, 0.125, 0.125]
[0.10047799228483241, 0.10047799228483241, 0.10047799228483241, 0.10047799228483241, 0.20235530469469656, 0.19477674159630898, 0.10047799228483241, 0.10047799228483241]
[0.09945476427214076, 0.10038457835436126, 0.09945476427214076, 0.09945476427214076, 0.1078848122133154, 0.29445678807161946, 0.09945476427214076, 0.09945476427214076]
[0.125, 0.125, 0.125, 0.125, 0.125, 0.125, 0.125, 0.125]
[0.125, 0.125, 0.125, 0.125, 0.125, 0.125, 0.125, 0.125]

