0.125 0.125 0.125 0.125 0.125 0.125 0.125 0.125
0.5596907880793645 0.14120597204194618 0.0616864314942234 0.01470360860100361 0.15962414230828698 0.04229970404539067 0.01662147059243886 0.0041678828373458736
0.6356458432307182 0.14254883055601467 0.0729133016092915 0.015786886808491957 0.09728425126749655 0.022644456081336414 0.01076561717663287 0.0024108132700180183
0.44409964365463117 0.13185373875227513 0.1468584244796468 0.043184798798065666 0.13576062107383194 0.04077713104384086 0.044300275993170324 0.013165366204538296
0.6369974499881568 0.14077715878087146 0.07531833695612351 0.01596165706906433 0.09563128050366719 0.022079535841490777 0.010841010882499414 0.002393569978126496
0.6415181255093328 0.1395654301973375 0.0757823069669092 0.015994075553647166 0.09317769282819363 0.020933373435730325 0.010704145126769461 0.002324850382079901
0.4532772101954394 0.1342843009782179 0.13855539392484215 0.040633505417349086 0.1379846530961148 0.04134204231987158 0.041598271950263326 0.012324622117901817
0.6367263600535056 0.1410783159873227 0.07502655470223528 0.015947198982523662 0.09582506493622234 0.022169429290487267 0.010830089817009168 0.00239698623069391
0.6414751558561539 0.13959995090516167 0.07575902254208074 0.015993784067020754 0.09319806571832373 0.020944902202214604 0.010703664416278676 0.0023254542927659823
0.4359640405826691 0.129157740591138 0.15584972011152984 0.045764674323703965 0.13271760220975448 0.03976480933887576 0.04687364434262003 0.0139077684997086
0.6373980422072759 0.14039306491843748 0.0756764715074908 0.015979004680194916 0.09536035699815895 0.021952986551020594 0.010851792528499698 0.00238828060892175
0.4491807987272292 0.13865564633920296 0.14871189354332645 0.04548076446321829 0.12528803166358907 0.0391393016828686 0.040898351877763396 0.012645211702801888
0.6373760532769949 0.14090099976403564 0.0755332918061765 0.016012687812211202 0.09504029894857681 0.021943235523354237 0.01080725190207235 0.0023861809665784253
0.6903476390699371 0.06851243526069667 0.13051140327689656 0.0125655549995127 0.07516947888513816 0.007703440458374917 0.0138207370319055 0.0013693110175383271
0.7156153877021209 0.06650270443350292 0.08823759117172113 0.008016494988472747 0.0991188666070192 0.009455431438585089 0.011942532327942129 0.0011109913306356978
0.7370500347210792 0.06937181327652456 0.08937123990165197 0.008235900657305575 0.07826828775933309 0.007556510693501693 0.009272215835535063 8.739971550688154E-4
0.4596630684921216 0.13183977830968252 0.08584093585278274 0.02446341166612284 0.195281764695315 0.056468005451267914 0.03608404096501002 0.010358994567697519
0.6520621899421586 0.1481823844635635 0.05174486731146287 0.011290986408821013 0.10278070850591414 0.02435105458982052 0.007814599697551109 0.001773209080708223
0.4620003705081023 0.1490655333578428 0.08409064965754301 0.026874571034491854 0.17777220736911473 0.0580547765869252 0.03185104389804197 0.010290847587937923
0.631812991199234 0.14462274050159404 0.0718058148198413 0.01576992216603076 0.09908113710095982 0.02364878737088215 0.010793428050832563 0.0024651787906254928
0.40523176881497863 0.2447418636940324 0.0866932817114116 0.05186868006429649 0.1083968194889143 0.06635030629317715 0.02286632663018423 0.013850953303005143
0.6278587170461181 0.15066308390057714 0.07057720109097823 0.01617514599399373 0.0973503986714726 0.024379471960412416 0.010491111594974725 0.0025048697414730326
0.4615813049919634 0.13202984749475272 0.1523430209291072 0.04313210540298951 0.12346721015617734 0.035795700675972084 0.04014390194314299 0.011506908405894663
0.6384899887311591 0.14000696365142615 0.07602853840000011 0.016005015990173104 0.09462172928828586 0.021655920088301143 0.010821079373721445 0.0023707644769330205
0.7107192146818103 0.07047368678994398 0.08402576889513616 0.008083901972654023 0.10311010265281037 0.01055681598175087 0.011856755841466633 0.001173753184427867
0.692098740164803 0.06544879808441077 0.13380927507697044 0.012381825865218337 0.07383557122950722 0.007166638274543709 0.013939188636265002 0.001319962668281728
0.6501220566517024 0.13200185811471338 0.08032938652373262 0.015951509100061857 0.08982632158875932 0.01871530368501931 0.010848342909662812 0.002205221426348542
0.4499912525784799 0.13825174804536766 0.14948931102912505 0.04552269256530124 0.1246103330224034 0.03872053716116883 0.04084623378343994 0.012567891814713857
0.6057931293363887 0.13380982342250122 0.0501033032847296 0.010613886514260065 0.1504109327657332 0.03469720753059622 0.01193796553572858 0.0026337516100624083
0.63746690570281 0.14146616679594443 0.0734778129046785 0.015797459369911702 0.0964796026803164 0.022159857412554777 0.010765666421891227 0.0023865287118929137
0.3611838352689014 0.2268061641241523 0.07169680993387552 0.044593601773858384 0.15131066209996344 0.0961515970068136 0.02962819916678029 0.018629130625655087
0.587047205308944 0.1440066877175919 0.044797891685242605 0.010469938458448323 0.1586407792806046 0.04067068913922492 0.011549416004857519 0.002817392405085757
0.635710847993819 0.14278325030867361 0.07262046649544868 0.015778216284081974 0.09730734054470308 0.022643739973564475 0.010746233973392241 0.0024099044263169627
0.3753911763715732 0.23590575253457596 0.06870759809774823 0.042734311932171906 0.1436550531036168 0.09144097892762662 0.025880098614398595 0.016285030418288764
0.6236556350663583 0.15279378030931354 0.06835496139172115 0.015968744169206902 0.10044584894400588 0.025702028423952743 0.010516726592450934 0.002562275102990495
0.5088658265357576 0.1580792113942146 0.0928132950849563 0.028532052351337277 0.1365933777095949 0.04298510503527402 0.024508015135314073 0.007623116753551461
0.7060746798349816 0.07253679367698657 0.08173163651196705 0.008075556964922712 0.10699730129891023 0.01143918535127167 0.011922622326746526 0.0012222240342133644
0.6466243816939243 0.13443212928764783 0.07794880481476783 0.015849973874718364 0.092314487444563 0.019708878992639147 0.010860451673579283 0.002260892218160297
0.6423825381014022 0.13888281304389724 0.07619887881049747 0.01599744851916064 0.09280747120141511 0.020702350292297615 0.010715271539760955 0.002313228491568791
0.47048818538543824 0.13372782525390262 0.0863144039161899 0.024279298277892034 0.18762965348800578 0.05399497909762 0.03391732723542 0.009648327345531456
0.7035759088130704 0.07274961327240076 0.08029189358407535 0.007975397742363617 0.1102230756445092 0.01187848851100987 0.01206040801555352 0.0012452144170172956
0.6918603755992365 0.06571805281814357 0.13325804100257785 0.01237819217421382 0.07425864915672502 0.0072454131669615765 0.01395398096107027 0.0013272951210714225
0.6926931977037639 0.06419759596966514 0.1368975148597842 0.01240785439822187 0.0718150652925821 0.006830062969243168 0.013871622369872544 0.0012870864368669619
0.6927840918234813 0.06404897087736047 0.13719189336651708 0.012406720497429954 0.07162477536247241 0.006793528386584448 0.013866533885364667 0.0012834858007897759
0.6504364840826373 0.13176919960080236 0.08051718109886952 0.015955890601570523 0.08964161421688377 0.018630555920128435 0.010848699774325331 0.002200374704782721
0.6907579644356489 0.06792024904315416 0.1314235126119334 0.012553051714588672 0.07460150977518626 0.0075658581319161125 0.013820800237161137 0.0013570540504114423
0.6926343775445293 0.06431884759845402 0.1367228353639013 0.012413165806851489 0.07189894374743357 0.006853043750532234 0.013869482136308136 0.0012893040519899894
0.7383939379313242 0.06827532687443294 0.09138073659302957 0.00826490503267144 0.07634987188831252 0.007242835333694818 0.009237267529601086 8.551188169336395E-4
0.6928680362050392 0.0648133247808092 0.13532581303544425 0.012409272206545313 0.07247669378117844 0.006939675941928624 0.013868798441789332 0.001298385607265556
0.6927571128826469 0.06410434132101926 0.13708490243425084 0.012407688468002468 0.07168751850502379 0.006805937930320703 0.013867760498474508 0.0012847379602614372
0.6927892237322641 0.06404064384254934 0.13720782088007347 0.01240662788369055 0.0716145882903035 0.006791516230687374 0.013866290605259637 0.0012832885351722486
0.7160653190516882 0.06618640229427658 0.08864215129611369 0.008014573407822566 0.09868520157775394 0.009357820319161908 0.011943306974830904 0.0011052250783522041
0.7142432573580989 0.06719687469079058 0.08663389953629501 0.007980695124033993 0.10108257539279257 0.0097544692870285 0.011979511103129918 0.001128717507830144
0.7140555274403487 0.06729775529216044 0.08648136260135825 0.007979265177666875 0.10128022244481764 0.009792992188570236 0.0119819379408471 0.0011309369142307735
0.7140391768046171 0.06730675938861684 0.08646840048901959 0.007979166221737347 0.10129690201972992 0.009796361802356391 0.011982104449145626 0.001131128824777279
0.6475095821703871 0.1337754805615824 0.07841097369829457 0.015858783683080375 0.09186017779938574 0.019471099455703467 0.010865722033899726 0.002248180597666537
0.642480110041838 0.1388069732969993 0.07624864933466413 0.015998145831931567 0.09276184933233889 0.020676104722048776 0.01071628857872109 0.002311878861458344
0.690487148965789 0.06834727462577841 0.13077751903811868 0.012564426240139348 0.07497941407373583 0.007660131837415129 0.013818503783181009 0.0013655814358427925
0.6926156599232522 0.06435108792760791 0.13666567285396194 0.012413815961564727 0.0719334126113972 0.006860364976891195 0.013869969750182896 0.0012900159951419125
0.6927778511929072 0.06406021964515128 0.1371722234148359 0.012406983998395633 0.07163630844820688 0.006796016319062591 0.013866667519815795 0.001283729461624756
0.6504344918086832 0.13177075607973784 0.08051602481537252 0.01595587435497844 0.0896426743171918 0.018631084861513006 0.010848689056127604 0.00220040470639559
0.46526226578372154 0.13173040460844468 0.0927472651550084 0.02601411620160907 0.18469170225896106 0.05292342555337938 0.0363288351823434 0.01030198525653235
0.599033277062326 0.13538222197424582 0.04784107140569661 0.01038341807870935 0.15597252237309048 0.03675291062286536 0.011939823619982817 0.002694754863083495
0.7069383540128801 0.07184821450477384 0.08120895304328463 0.007992670975038644 0.10753206927870958 0.011315165774874568 0.011951317331818763 0.001213255078619805
0.7364488236699942 0.06983781209227345 0.08877276740060165 0.008234760403346463 0.07886673160082135 0.007679625101627712 0.009278391851842458 8.810878794930629E-4
0.7377724344646788 0.06916939863421821 0.08989677640933409 0.008260096391327595 0.07737332667790729 0.0074274281766590865 0.00923411043883739 8.664288070375661E-4
0.46778174217198015 0.13978321843519356 0.0945884488807075 0.028101864652921263 0.1727646047837447 0.052077716556130485 0.03455474999706691 0.010347654522255412
0.6534656480124159 0.1478867197984723 0.052286987196655615 0.011360972445902423 0.10150121575281339 0.023950726988686204 0.007788104097893931 0.0017596257071602784
0.46491559510357905 0.1384822793503178 0.09179681736530881 0.027087730545049926 0.17867106842514346 0.05389976979075 0.03476793061627547 0.010378808803575633
0.5988482564523371 0.1358018662967881 0.0477817294161481 0.010401923478988844 0.15573285983437796 0.0368252587590976 0.011911417563237634 0.002696688199024469
0.7310560521249367 0.0743166843026553 0.08397137330536714 0.008266212312381607 0.08340184041401047 0.0087782004353872 0.009268528622848113 9.411084824136684E-4
0.6925605243582167 0.06527050579399098 0.13450385685429575 0.012415149493494808 0.07301130434973037 0.0070505685721344285 0.013879131396654044 0.0013089591814828135
0.6927340501726361 0.06414252006490123 0.13701389117392937 0.012408242501338925 0.07173203979468515 0.006814958979282735 0.013868677464672718 0.0012856198485538233
0.6504189320533661 0.13178272422579312 0.08050691174303033 0.015955722005219948 0.08965121091959609 0.01863523239315369 0.010848625788423062 0.002200640871417525
0.4587756209248443 0.13535232890973678 0.15242285710384176 0.044561170728422306 0.12122517637459836 0.03619924974491494 0.039722012044981575 0.01174158416866005
0.6383041282703821 0.14025637014214828 0.07597038171991305 0.016021095254129383 0.09457295722971529 0.021692312146474935 0.010809899843247815 0.0023728553939892
0.7339584088568489 0.07278983807503168 0.08676621669062193 0.008348718472261006 0.07986608785778496 0.008178434057923073 0.009183083262991033 9.092127265374208E-4
0.6484981554420348 0.13360865266992453 0.07888775379820667 0.015922835461404272 0.09085594099079146 0.01917275897031368 0.010822608185490424 0.0022312944818342097
0.4563396285710522 0.1403259781880305 0.08387906185963205 0.02554759802637004 0.18987093012247955 0.05903314349378035 0.03441614648321791 0.010587513255437367
0.6315826206179658 0.14435332437447332 0.07167439062636591 0.0157190475862834 0.09962454900834672 0.023744878381756485 0.0108305565554224 0.0024706328493860567
0.6901262248667497 0.0688132735950095 0.12997066793658826 0.012566354641910657 0.07553882075425447 0.007781296396107146 0.013827083971710072 0.0013762778376700715
0.6496751746273893 0.1323809569623074 0.0800808199009267 0.01595182009510573 0.09002537883087718 0.018831324301882422 0.010842835051584964 0.0022116902299264005
0.43711571816527894 0.13976103237213977 0.15664500175333237 0.0496814978234101 0.12107785963715469 0.039142382772982 0.042848241631371964 0.01372826584433007
0.637408852773943 0.14089872446937587 0.07573732061308698 0.01604364256574346 0.09481667085521854 0.02190382485808115 0.01080543029770473 0.0023855335668462054
0.3699269074384571 0.24169902476763355 0.06779977281679872 0.043858795124835676 0.1411840955662746 0.09339216862602087 0.025474477313155924 0.01666475834682359
0.5873875431965918 0.14451160023102888 0.044799656551085 0.010507602052235533 0.15790431636632607 0.04057232496398395 0.011503035433258429 0.00281392120549046
0.6883722063512379 0.07054638127544158 0.12583136521152224 0.012474484800212857 0.07899827386441835 0.008387712413913943 0.013961056603402642 0.0014285194798506749
0.715277055750426 0.06669898087866231 0.08794506413015189 0.008014639266987679 0.09947682777476585 0.009526079368959736 0.011946219587912216 0.0011151332421344257
0.6922785277831907 0.0651771504800567 0.13427603636186203 0.012377264239885654 0.07353944861311387 0.007102357970239964 0.013935291220036082 0.001313923331615109
0.6501712529515582 0.13196391089459641 0.08035773207561617 0.01595195864994752 0.08979988257777223 0.01870219834879255 0.010848582481580755 0.00220448202013626
0.7345844620049049 0.07224528745774571 0.08733719820953814 0.008343697471240207 0.07935139034904387 0.008049518466643134 0.009186262552532586 9.02183488351582E-4
0.6927062893363337 0.065075472497169 0.13488578377048535 0.012415210548854966 0.07274298046225643 0.006998856037689567 0.01387136455923054 0.0013040427879804323
0.692744868536231 0.06412517500742429 0.13704699706712953 0.012408056149133878 0.071710772806074 0.006810751116033432 0.013868170736367579 0.001285208581606406
0.6504222828054543 0.1317801752047762 0.08050886313974552 0.015955757467677672 0.08964935654337416 0.01863433701929525 0.01084863776256854 0.0022005900571085524
0.4588457584094443 0.14095387340446933 0.1406865735968789 0.042809657390545354 0.1270352302632384 0.03946830963199024 0.03839652130742585 0.011804075996007796
0.6371665668901508 0.1411567179789171 0.07527359457943017 0.015999124966162775 0.09520242850815831 0.022015651992197256 0.010797133287087798 0.002388781797895908
0.7338860340801288 0.07285267981763835 0.08669624738655647 0.008349115066694782 0.07992945033616894 0.008193527349352662 0.009182901526039323 9.100444374209285E-4
0.6926783464895834 0.06511808199385835 0.13481210250266668 0.012415947906514485 0.07278959553788757 0.007008887406544697 0.013872042872623268 0.0013049952903216218
0.6927427953129027 0.06412864469587524 0.13704061504608223 0.012408111546351047 0.07171473609991147 0.006811562700387335 0.013868246721703635 0.0012852878767860615
0.6927880336647166 0.06404265740723969 0.13720408629532918 0.012406659531546 0.07161690457010778 0.006791987101989751 0.013866336698411783 0.0012833347306592676
0.7160650721488608 0.06618656330162877 0.08864193056307408 0.008014573451684699 0.09868545131002096 0.009357872991015913 0.011943308030752843 0.001105228202961992
0.6923100738107851 0.06513338880974512 0.13435761028170545 0.01237699495852636 0.07348389592221082 0.007091198334483138 0.013933969692758836 0.0013128681897852609
0.69272501581114 0.0641465890683993 0.1369940757176012 0.012407269709088304 0.07175322542146838 0.006817738502064572 0.013870201365341206 0.0012858844048970754
0.6927867045896655 0.06404462161132071 0.13720005921710857 0.012406659963797745 0.07161964815406828 0.0067924981101098675 0.013866423601320321 0.0012833847526090175
0.6504373082410145 0.13176856872937967 0.08051766101481417 0.0159558988739358 0.08964116185572042 0.01863033602252428 0.010848703041029226 0.002200362221581885
0.467450487320799 0.1323497860908355 0.1433256404006019 0.04017328863741524 0.12941619997354084 0.03708417089271366 0.03911642264079514 0.011084004043298727
0.7074279776849604 0.0709881882719113 0.08386483939833818 0.008081479919815632 0.10539870143112708 0.01103528028806913 0.01200042974717721 0.0012031032586009881
0.6468864496250047 0.13422934438766226 0.07809613871139547 0.015852418020403707 0.0921777026600498 0.019638652383838107 0.010862242714454571 0.002257051497191374
0.44864285985590824 0.13257362232700678 0.09637083521203767 0.028232240364747623 0.186912858163177 0.0558683226293172 0.03965832266753047 0.011740938780274851
0.5981818014690552 0.1356682752742281 0.047701239676778265 0.010378297261380464 0.15640848187206927 0.03701501784824948 0.011942457785682209 0.0027044288125569983
0.706889308013582 0.07187513908110553 0.08117524028587288 0.007992352525716744 0.10757726152901054 0.011325581817683734 0.011951337440382594 0.001213779306646184
0.691954125612781 0.06562089413324408 0.13345081002426046 0.012379612080740765 0.07410504544142367 0.007216276216936923 0.013948608339486062 0.001324628151127033
0.6926991355881803 0.06418856242876868 0.1369150269033294 0.012407791763254907 0.07180349143610279 0.006827805781014024 0.013871318922445197 0.0012868671769046662
0.6927845700273328 0.06404818503300205 0.13719338088490626 0.012406710581489634 0.07162383302233188 0.006793340469954912 0.01386651260051911 0.0012834673804631082
0.6927919669301074 0.06403591302606323 0.1372166669019077 0.0124065534436007 0.07160912721283709 0.006790413461939718 0.013866179216728506 0.001283179806815702
0.6504389795972773 0.13176729369499954 0.08051863530385048 0.015955916188976745 0.08964023937918618 0.01862988971954058 0.01084870924172511 0.0022003368744441545
0.4496048337011641 0.1272970278676593 0.16115884487707904 0.04522912691148505 0.12447539200801587 0.03566835326564442 0.04406293792964246 0.01250348343930969
0.6386756452611655 0.1396322887856538 0.07628640489493693 0.01600482305275405 0.09458996971105249 0.021598270166756754 0.010843426711817025 0.002369171415863501
0.4521662729853765 0.12861758858525352 0.09696151196676839 0.027328001814277393 0.1890539090346135 0.05443482209866571 0.04002892150291337 0.011408972012131688
0.5985699140634602 0.1353374017304534 0.04779846979214347 0.010371774143202884 0.15637678521259968 0.036886552480296916 0.011958745367096962 0.0027003572107462894
0.7310451010069255 0.07430999484333436 0.0839642382937305 0.008264913283847087 0.08342449126589993 0.008780086376927046 0.009269970088960173 9.412048403753565E-4
0.6925601137220835 0.06527070681639305 0.13450291373973508 0.012415104934923381 0.0730122907389821 0.0070506990722476875 0.013879199483787014 0.0013089714918482053
0.6927340217294482 0.06414255655559296 0.13701380756967907 0.012408241814330168 0.07173210176818562 0.006814969645363914 0.013868680027380842 0.0012856208900194073
0.716052775791726 0.0661946045611993 0.08863086849248539 0.008014575943593524 0.09869793094034014 0.009360498048148544 0.01194336192463047 0.001105384297876703
0.7142421158856255 0.06719754100133035 0.08663297874016193 0.007980690968890322 0.10108371599871506 0.00975470720461965 0.011979519097849077 0.0011287311028084226
0.6922290514349096 0.06524073374958006 0.13414052706367285 0.012376582809356383 0.07363838106796912 0.0071202538275055545 0.013938827319181783 0.0013156427278245085
0.6501573335241191 0.13197410485032968 0.08034961625881591 0.015951765767752778 0.08980796827485876 0.01870595111527936 0.010848565497169217 0.0022046947116750805
0.5207732516049276 0.1474660006578474 0.09579524312819984 0.026853960633752633 0.1376339327228769 0.03946168904378717 0.02494404836170332 0.007071873846905089
0.6365477625316059 0.1420508886901195 0.07405099846592605 0.015911406972056594 0.09600209972774368 0.022282149902760832 0.010757951897497463 0.002396741812290158
0.44903827077018676 0.14432053518423227 0.1370655674371667 0.043626551195155495 0.1311708066344136 0.04263530864055122 0.03945589555616597 0.012687064582128009
0.6362183989762157 0.1418160692468392 0.07482667350910474 0.01598964285068336 0.09567959913051566 0.022273629371586043 0.01079372930518172 0.0024022576098737558
0.44423514646698076 0.13180893742903074 0.14700769626529397 0.043201318618711924 0.13560647504371018 0.04070288118756824 0.04428545627033844 0.013152088718365887
0.6370198142004199 0.14076276147501843 0.07533044647279508 0.015962231867471966 0.0956173812717743 0.022073134951003368 0.010840985036657957 0.0023932447248590297
0.4977158100312534 0.14167812380419437 0.09885153794276924 0.02786236221387008 0.15188733003208246 0.043751807740486946 0.02977048365009697 0.00848254458524661
0.6355278650092941 0.14228741942831996 0.07366808537596291 0.01586175636849676 0.09686440018726916 0.022583932544962257 0.010793569782663106 0.0024129713030316496
0.6623642986960344 0.14434533664704785 0.07813969965892029 0.016517498803209515 0.07227315840521407 0.016266049181888825 0.008290382461051038 0.0018035761466340253
0.3645994390015453 0.21890059262909597 0.08433047046153555 0.05021117284484569 0.14285349711028572 0.08673357022373808 0.032699214145069044 0.019672043583884437
0.6990779605315514 0.07732973299643563 0.07745640672798094 0.0081630683460399 0.11189692447003412 0.01294341147280624 0.011830531381409862 0.0013019640737419458
0.6458327281540683 0.13502593190336645 0.07753530791478809 0.015842648909897134 0.09271473652581326 0.019921342286478842 0.010855092511919994 0.0022722117936678594
0.4674000066427507 0.1381800073802627 0.14305869303822125 0.04187498589376853 0.12395719456747488 0.037100442837403415 0.03736777967194714 0.01106088996817139
0.7074734769217402 0.07116714671955446 0.08385644615989131 0.008098460999914025 0.10518414811421595 0.011039723956277203 0.011977188477949027 0.0012034086504577528
0.692020904249944 0.06552055445028629 0.133672633616085 0.01238062493250749 0.07395101498914544 0.0071889982450081 0.013943301921123249 0.001321967595900579
0.7158436658030725 0.06632287597407242 0.08844224455682753 0.008013855776525794 0.09891942593111752 0.00940463107916992 0.011945287006176915 0.0011080138730372162
0.6477740454494392 0.1335983962911873 0.07855899160025097 0.01586401369853996 0.09169675127328578 0.019398501674277206 0.010865132866421493 0.0022441671465981594
0.4542763177746042 0.1397150285437956 0.15077529157096706 0.045959225924602956 0.12031769408726807 0.037446163723238855 0.03937664358500118 0.012133634790522069
0.6587733755567232 0.14531610277244206 0.05457819969625615 0.011548938314649275 0.09777376382706347 0.022518747664784997 0.007777405452776905 0.0017134667153037733
0.4887333382129287 0.1573558204376896 0.09665160259496554 0.030848121817109327 0.14297360122057504 0.04654047426351301 0.02790225476597539 0.008994786687243381
0.6548822722956869 0.14803716331229297 0.05274654777052536 0.01145353092546213 0.09988231541623323 0.0235219029156464 0.007732191489197763 0.0017440758749555016
0.48804005930430444 0.15128120946033635 0.09639859880506288 0.02961090624362564 0.1495768538499096 0.046881320822017326 0.029162530614239273 0.009048520900504519
0.6014629941614921 0.1357176859102063 0.04842580514361365 0.010498313141895999 0.15332013490211352 0.036043276637362634 0.011860684589174456 0.0026711055141414464
0.7070977129030942 0.07179656588747044 0.08131535891893328 0.007996549335599233 0.1073511227934775 0.011283931034212194 0.011947098231171875 0.0012116608960414186
0.6919617032963602 0.06561185382269684 0.13346926277911864 0.012379709743573409 0.0740912412376732 0.00721369521443891 0.013948147128330294 0.001324386777808612
0.7158303026482757 0.0663310822767211 0.08843035613954497 0.008013816119665644 0.09893341191535127 0.009407448121160806 0.011945401616586162 0.0011081811626944913
0.6923005934026134 0.06514631328543606 0.13433305676439067 0.01237704244813715 0.07350085088518526 0.007094548643385859 0.013934409000369371 0.0013131855704821283
0.650177236914837 0.13195938914699593 0.08036119160477444 0.015952024451833823 0.08979656661730114 0.018700596601134437 0.010848603118149242 0.002204391544974094
0.4631362842324214 0.136653500138363 0.14198940062258117 0.04148774862281149 0.12824565102439253 0.03828416579813914 0.038758227367218255 0.01144502219407298
0.658427309624887 0.14534023540226207 0.05434390946845542 0.01151413888005662 0.09824059044965186 0.022631413359739744 0.00778573157494099 0.0017166712400059415
0.3647405862655444 0.2389395609279365 0.07212147430752014 0.04682375524575288 0.13966679025729012 0.0926094433252408 0.02722624200093773 0.017872147669777468
0.6233201000942881 0.15312251943681326 0.06833562392214958 0.01599829629445178 0.10038494566331976 0.025763993027759797 0.010507740582439844 0.00256678097877786
0.6898707709997863 0.06926127798784018 0.12938116672677022 0.012584788415599183 0.07583223252358727 0.00786962486983281 0.01381594535013329 0.001384193126450512
0.692574428759121 0.06442107501468239 0.1365407727446107 0.01241514009887627 0.07200947417546717 0.006876411045340876 0.013871124626839832 0.0012915735350615516
0.6503703559179248 0.1318207867355822 0.08047881744352084 0.015955343015903158 0.08967685774329563 0.01864811968216549 0.010848348932347797 0.002201370529259975
0.44130748257064323 0.14105909604648048 0.14661690051925544 0.046462956667157065 0.12787950752032584 0.04131220939067732 0.04194113084345127 0.013420716442009378
0.6367036346285114 0.14136759804344962 0.07523162998162308 0.016008770613773635 0.09536425364331585 0.022122930308631134 0.010805351743770099 0.0023958310369251116
0.6903254523031078 0.06854428795166995 0.13046073236662045 0.01256611974941109 0.07520158322314455 0.007710984778752287 0.013820855490494112 0.0013699841368000013
0.7380545851094404 0.0685908121867419 0.0910015972741588 0.008267910908955813 0.07667330125724092 0.007314575086144563 0.009237807663506764 8.594105138106727E-4
0.35672543260497036 0.2348357165081286 0.06666130499994757 0.04362124492390163 0.1513418600553886 0.10038825121203708 0.02798695060250775 0.018439239093118426
0.697307812522178 0.0786004114569333 0.07585599970602862 0.0081463634775564 0.11360052632431873 0.013377621632412386 0.01179003606592137 0.001321228814651323
0.6916307753451343 0.06608685756128956 0.13267785343507013 0.01238767163181004 0.07460105780285321 0.007327219223739699 0.013953711331148814 0.0013348536689542804
0.6926766934264267 0.0642259451592977 0.13684678132089279 0.012408402451850152 0.07184582820783031 0.006836536418583247 0.01387209566368453 0.001287717351434789
0.6927827269704512 0.06405129227624348 0.1371876101819663 0.012406758542820685 0.0716274198566258 0.006794068678824997 0.013866584702767666 0.001283538790300054
0.6504360515920673 0.13176953235142602 0.08051692943741467 0.015955886461045607 0.08964184982775819 0.018630671173859747 0.010848697909922522 0.002200381246505961
0.4454745810083973 0.13142711858500697 0.15967822778709517 0.04670876265137516 0.12333215662462928 0.036812645164752474 0.04365819740656238 0.01290831077218135
0.638257588652151 0.1400510844209684 0.07610547680857896 0.0160177730301872 0.09466370296147344 0.021698994378251686 0.010830812497150408 0.002374567251239051
0.6416667804240138 0.13945964706733704 0.07586042656000991 0.01599646820500619 0.09309676806398065 0.020892319329728817 0.010704847571009006 0.0023227427789145765
0.6904601009728946 0.06838839940306458 0.1307144852021492 0.012565383539405388 0.07501738802289643 0.0076694531759195226 0.01381837422084327 0.0013664154628269432
0.6497563808605796 0.13231963096796176 0.08012739973338286 0.01595271498573683 0.08998069851031062 0.01880956025194766 0.010843145133445411 0.002210469556635329
0.3559361241427102 0.24084916566233186 0.07653399920519853 0.051370886181063134 0.1349127071728196 0.09233995968773076 0.028634305144026293 0.019422852804119633
0.6232457262538444 0.15325871261354593 0.06845001563618297 0.01603388659405496 0.10019221255261365 0.025749007872123593 0.010502397084018946 0.002568041393615538
0.46162978545640876 0.14342650345787158 0.14032542031226825 0.04314348584914505 0.12390145563230857 0.038997067419134814 0.03705035601975439 0.011525925853108557
0.6372624193793438 0.14122552952978118 0.07531060380102696 0.0160134157724545 0.0950349491885761 0.021981112670027222 0.010785243188936776 0.002386726469853489
0.44048859468236745 0.1414983238695478 0.1458138718104503 0.046418092957147855 0.12854540197553974 0.041758495917856166 0.04197685757268874 0.013500361214402122
0.6365736239515893 0.14145946088846695 0.07516299154934902 0.016006457319145666 0.09543561589887065 0.02215948176671119 0.010804703737473427 0.0023976648883937573
0.4532019033784177 0.12904238750418986 0.16186921637494786 0.04566459693050497 0.12071987775647249 0.034828065481755696 0.04252982508686016 0.012144127486851416
0.6389164228712403 0.13959487168742363 0.07640140584063233 0.016021037942596954 0.09434500131245462 0.021524175430081637 0.010832081931987023 0.0023650029835834375
0.6904014641188031 0.0684292252771539 0.13064073889222988 0.012563645751040057 0.07509180272016014 0.007684608630861041 0.013820899789738 0.00136761482001382
0.649746850838029 0.1323262804666135 0.08012206742062644 0.015952553522995353 0.08998632984430678 0.018812160222998996 0.010843144770262944 0.0022106129141668185
0.4365011324457069 0.1288202044963131 0.15642825194249238 0.04577139859386609 0.1322981454223222 0.03947264822657024 0.046858882953564766 0.013849335919164278
0.6374876595722181 0.14032776668073915 0.07572379207523625 0.01598029870525407 0.09531303236352195 0.021928069910299622 0.010852366320193638 0.00238701437253724
0.7339154512402245 0.07281445378502488 0.08672885888166205 0.008347904836956719 0.07991254835011506 0.0081870846480922 0.009184026258013163 9.096719999112249E-4
0.6484925835367347 0.1336124746612056 0.07888470354517506 0.015922738784705313 0.09085923252378054 0.019174279215952425 0.010822609906985494 0.00223137782546078
0.3511063776144911 0.23774717859350122 0.06993466706428804 0.04694656301175114 0.1460866917589254 0.09998659370700491 0.028721762770143332 0.01947016547989471
0.6220809570711341 0.15382781415875 0.06777687098434369 0.01596196874735083 0.10112767858041287 0.026132041194692573 0.01050914550540269 0.0025835237579129333
0.6610674839695663 0.14559164342314193 0.07743445750249635 0.016520839337286864 0.07273242241931267 0.016559052683324544 0.008275389463445157 0.001818711201426103
0.4599659896023283 0.14736700529595143 0.14107851794777737 0.044780416492384637 0.11999032087115222 0.03885697090574575 0.03632003946315351 0.011640739421506782
0.6580142003509747 0.14604679197505085 0.054247356301990735 0.011549918792399685 0.0979703914915274 0.02269504603029351 0.007757300015993399 0.0017189950417697479
0.457166484118096 0.13051802201075288 0.1389446410772771 0.03926329596359764 0.13983316874401402 0.040387298499439145 0.041917353560312016 0.01196973602651108
0.7066464838450746 0.0712310451416146 0.08335626448876438 0.008064003906473742 0.10628005414795876 0.011183987996153891 0.012026920927134784 0.0012112395468253075
0.7135551655886873 0.06759094658469443 0.0861047835640657 0.00797822961049791 0.10175309855787132 0.009897184898449462 0.011983848563834812 0.0011367426318987894
0.6922030171432041 0.06527551034948845 0.13407505063798975 0.012376695881213871 0.07368392895356367 0.007129321000377038 0.0139399809169051 0.0013164951172583228
0.650150429653865 0.13197928309480675 0.08034562547935867 0.015951685453366754 0.08981182993332577 0.01870780236423876 0.010848544791627408 0.002204799229411002
0.36156039502647574 0.23509325796698882 0.06650817893472177 0.04283599563690539 0.1502461232037453 0.09876824917106182 0.027257292984987264 0.017730507075113686
0.6224071559262565 0.15351321156164688 0.06778917891997552 0.01593266331991568 0.10118917631698697 0.026072160685314164 0.010517369307771814 0.0025790839621324985
0.6898362389005457 0.06930436747391834 0.1292989859715307 0.012584377651407618 0.07589182916828788 0.007881642232128528 0.013817309659934813 0.0013852489422462896
0.6496011919596869 0.1324412902407681 0.08003889084389268 0.01595154025577989 0.09006137908087908 0.018850770523641553 0.010842158286113705 0.0022127788092380896
0.36808753822257845 0.2206517363706554 0.06769579839691812 0.04017252258307144 0.1599757176180273 0.09698430626315005 0.029029132902491497 0.017403247643107776
0.6230596003949425 0.15256607654516774 0.06803923862465035 0.015879931514592563 0.10138119016042284 0.025937597801614053 0.010563862552341177 0.00257250240626892
0.3588198162834053 0.23593455867028565 0.06543196041052328 0.04257483563036389 0.15140169569052192 0.10076490191174697 0.027186870802845098 0.017885360600307768
0.6220669886748199 0.15375104251049596 0.06762206180108493 0.015924675999541754 0.10136566389914503 0.026172659366206035 0.0105135434610998 0.002583364287606576
0.44804923716571193 0.13380317147327897 0.15932586021773867 0.04713241334761593 0.12040504701106303 0.03644166845281469 0.04220293004199203 0.012639672289784678
0.5876554104469557 0.12900347628885972 0.07009031368768369 0.0147587830621096 0.1450037148263894 0.03324812057290598 0.016599636851655223 0.0036405442634405744
0.6889559391483817 0.0692841581156106 0.1281493661922318 0.012470395224968166 0.07767254354251366 0.00809421416421479 0.01396970743946354 0.0014036761726157682
0.6494638050367997 0.13251139123521471 0.07995861444053215 0.015946170343853188 0.0901701785512647 0.018890334692621424 0.010844507868772483 0.0022149978309415307
0.3673084874780384 0.22944548255906907 0.07897208734921392 0.048910118484123986 0.13925466706247383 0.08804847328832195 0.029552568654432388 0.018508115124326416
0.5715374345342804 0.13929629155237033 0.06308633180347961 0.014652536391229508 0.1525818236960678 0.038868385624913696 0.016079224596401338 0.0038979718012574173
0.6883990424132911 0.07007456174040279 0.126889589543437 0.0124811173625841 0.07847950152326336 0.00828598887868807 0.013970022789753563 0.0014201757485800043
0.6924905195007692 0.0645309542567886 0.13630369407944898 0.012413880128506458 0.07218160100111462 0.006907319974913488 0.013877473060023777 0.0012945579984346939
0.6927678955142367 0.06407632855910314 0.13714137783134672 0.012407159007079614 0.07165606955573539 0.00679991601110183 0.013867141950566816 0.0012841115708298332
0.6927905720467455 0.0640382651874292 0.13721228758484552 0.01240658927789672 0.07161185184393545 0.0067909653442191804 0.013866234750396798 0.0012832339645313853
0.6927924732302864 0.0640350667528939 0.13721825640506374 0.012406541533614479 0.07160813081981517 0.006790213295849431 0.01386615780638964 0.0012831601560872082
0.6927926330911572 0.06403479778839195 0.13721875850963697 0.012406537525261599 0.0716078177703115 0.006790150045930477 0.01386615132147082 0.0012831539478394345
0.7160660390261919 0.06618593318271704 0.08864279559334584 0.00801457332406723 0.09868447234771006 0.00935766675641535 0.011943303805884339 0.0011052159636681148
0.6923101126992862 0.06513333484224403 0.1343577110403252 0.012376994630905795 0.0734838272857136 0.0070911845664423925 0.01393396804806867 0.0013128668870139894
0.6501798181344293 0.13195745220035435 0.08036268588418395 0.01595205444942785 0.08979512154902045 0.018699904573287702 0.01084861077352128 0.0022043524357752064
0.45875707168540647 0.13536120982134736 0.15240428648877946 0.04456009666497226 0.12124185879512642 0.03620854338290813 0.03972359228572197 0.011743340875737886
0.659280505992534 0.1448682821755938 0.05472482144255193 0.011540896060593468 0.09768303301536756 0.0224061228233413 0.007787001265889801 0.0017093372241282823
0.43216402040950047 0.13911483825451756 0.1653402593177776 0.05281666494813952 0.11534285218590017 0.037567462650968685 0.0435808667993181 0.014073035433877671
0.6379346454942528 0.1405621744461723 0.07614230838249106 0.01607508122767994 0.09436839347319952 0.021735667030912422 0.010804000789257383 0.0023777291560346477
0.45375224064669784 0.14570026363335353 0.13863670329301345 0.04408771537148588 0.12645545681912093 0.04107750701494331 0.03805936523253086 0.012230747988854204
0.6366267093746786 0.14166240251275045 0.07502919087902914 0.016009499747630596 0.09534164635507901 0.022151110830050242 0.010783620953514962 0.002395819347266983
0.6903200890416349 0.06855806003207902 0.13044228403753438 0.012566822723211262 0.07520881504664537 0.007713329552408211 0.013820391542858508 0.0013702080236281415
0.649725448656283 0.1323432043112664 0.08010983141486896 0.015952407197828783 0.08999734746993106 0.018817830669307128 0.010842998957326936 0.002210931323187679
0.44996400048949237 0.13826814834166648 0.14946096107518267 0.045521548598078304 0.12463244248199948 0.03873507921675939 0.040847309508070126 0.012570510288751438
0.6057870850156601 0.13381245300808098 0.05010159271663953 0.010613806999061766 0.15041427854014744 0.034699068387644354 0.011937902254666293 0.002633813078099592
0.7314327844279708 0.07405990906742033 0.08430857718134732 0.008270207175630656 0.08302621154950296 0.008700829233318937 0.009264440169982303 9.370411948265925E-4
0.5200469428400732 0.14958344337890347 0.09688092683152721 0.027680946904327076 0.13474310254791047 0.03912495858535562 0.024794740369020688 0.0071449385428821515
0.6365940288205287 0.1421080633212801 0.07410297922002507 0.015926240589541254 0.09586481214436235 0.02225756710094299 0.010750614370159362 0.0023956944331602744
0.6903006129668003 0.06859550021247857 0.13036889025919432 0.01256707276428695 0.0752535146529683 0.0077221842817422805 0.013821170581220395 0.0013710542813086257
0.738049907220093 0.06859501665121646 0.09099627828649742 0.008267935525628826 0.07667799191300485 0.007315565381330667 0.009237834926513422 8.594700957154347E-4
0.4536244589450468 0.14110078646165866 0.14128105446976047 0.043682850676935676 0.12827164561511384 0.040213436105429184 0.03951995750301489 0.012305810223040422
0.6369305231025286 0.14127898107931744 0.07519823780068487 0.015998272608477786 0.09532481984243302 0.022076256010296363 0.010800482297641602 0.0023924272586200532
0.44461628992887803 0.13188095894985402 0.15881245646072362 0.04668528213906267 0.12403630385965721 0.03724684936684647 0.043722614899469874 0.01299924439550808
0.7074703865935422 0.07089225067306451 0.08429708219268241 0.008101350540285001 0.10503408068000869 0.010995431424432704 0.012007276506098456 0.001202141389885976
0.6469234650930352 0.13420447239162253 0.07811933718450145 0.015853339133218253 0.09215249967360258 0.019628347724070058 0.010862072309195954 0.0022564664907539726
0.44102657800798156 0.14117613324639222 0.14633831634361866 0.04643771223228374 0.12814316959318675 0.04146530912111709 0.041964252967961906 0.013448528487457848
0.6366592430735151 0.14139744455447373 0.07520800552942186 0.016007793744342164 0.09539023592777468 0.02213554100302635 0.010805270457242158 0.0023964657102041216
0.44423613177813426 0.12648471098147424 0.1586710373952842 0.04476078604547855 0.12968664906797733 0.03738063899888492 0.0457325815377281 0.013047464195038409
0.6381577129875124 0.13986475803627074 0.07602533954183395 0.015984063005780386 0.09498753304999905 0.02174953612407474 0.01085374287137068 0.002377314383157989
