0.125 0.125 0.125 0.125 0.125 0.125 0.125 0.125
0.099626400996264 0.07845579078455792 0.199252801992528 0.15691158156911583 0.08685378548392246 0.06839735606858895 0.17370757096784492 0.1367947121371779
0.0745303753200788 0.12421729220013136 0.1056354961590544 0.1490607506401576 0.0931629691500985 0.15527161525016417 0.11179556298011822 0.186325938300197
0.07346369166295703 0.1224394861049284 0.09668129484448348 0.14692738332591407 0.09182961457869628 0.17480376283119256 0.11019553749443556 0.18365922915739255
0.06159966902592785 0.10266611504321309 0.06042796284899261 0.09239950353889179 0.1231993380518557 0.26402900016666536 0.11087940424667013 0.18479900707778357
0.07295173961840629 0.12906846240179573 0.09118967452300786 0.16133557800224466 0.08754208754208755 0.15488215488215487 0.10942760942760943 0.19360269360269358
0.09586464689363429 0.075493409428737 0.208068177650278 0.150986818857474 0.08357430754829655 0.08723449013641996 0.1671486150965931 0.1316295343885671
0.07141133881493202 0.1190188980248867 0.11539747906289125 0.14282267762986403 0.08926417351866502 0.17644007768903294 0.10711700822239803 0.17852834703733003
0.06981371056187062 0.11635618426978436 0.10005045799723837 0.13962742112374124 0.08726713820233827 0.20763024559754453 0.10472056584280594 0.17453427640467653
0.1043614580477208 0.08218464821258015 0.14653740103523163 0.09862157785509618 0.13045182255965104 0.15802393289926878 0.15654218707158124 0.1232769723188702
0.07137126226107882 0.12627223323113945 0.08921407782634852 0.15784029153892434 0.08564551471329458 0.1731913771908868 0.10705689339161824 0.18940834984670915
0.09329028257525543 0.07346609752801367 0.21479475352534827 0.14693219505602734 0.08804895843388698 0.09271299885525557 0.16265997987480435 0.12809473415140846
0.06953882964258358 0.115898049404306 0.12285950725193466 0.13907765928516716 0.09440810906095358 0.1800625267847206 0.10430824446387539 0.17384707410645897
0.08422930457038014 0.14038217428396693 0.0965525804470803 0.12634395685557023 0.12258982805399088 0.2593378140339916 0.09475796764167767 0.07580637411334214
0.06842958382606391 0.12106772523072845 0.08553697978257989 0.15133465653841058 0.08211550059127669 0.20726959044575186 0.10264437573909586 0.18160158784609268
0.0912693254240872 0.07187459377146868 0.21735218143749627 0.14374918754293736 0.09413625342658198 0.0971623941590235 0.15913625971379303 0.12531980452461203
0.06816334387721021 0.11360557312868369 0.12688938689989293 0.13632668775442042 0.1032884887427418 0.17907314408821004 0.10224501581581531 0.17040835969302554
0.06705272946180754 0.11175454910301257 0.10644096947327925 0.13410545892361508 0.10339639927948954 0.209038975911566 0.10057909419271131 0.16763182365451884
0.06644212807369486 0.11073688012282476 0.10143045766797514 0.13288425614738972 0.10257135078351391 0.22016641490982206 0.09966319211054231 0.16610532018423713
0.05872006701564465 0.10388934933537132 0.05119185329569022 0.09057020198468269 0.1287634813252651 0.28334093648260017 0.10238370659138044 0.18114040396936537
0.06591100005191525 0.11661176932261927 0.08238875006489406 0.1457647116532741 0.08898793082336082 0.22655168402213485 0.09886650007787287 0.17491765398392892
0.09031459839333002 0.07112274623474739 0.21849057068371547 0.14224549246949478 0.09458150220118183 0.1017645916916519 0.15747160745503694 0.12400889087084159
0.08453725730700913 0.14089542884501524 0.12109432735775369 0.1268058859605137 0.12838443373975308 0.2270947207432616 0.09510441447038528 0.07608353157630823
0.10383314216714087 0.08381711476142696 0.1297914277089261 0.1047713934517837 0.1400234867444239 0.15628804977344674 0.1557497132507113 0.12572567214214045
0.0926952908146306 0.07482631909132832 0.1853905816292612 0.14965263818265664 0.10307188612855324 0.09282438632284393 0.16685152346633508 0.134687374364391
0.0876328972570191 0.06901090658990254 0.26221376690852755 0.13802181317980508 0.09408313139888957 0.07591495488148006 0.15279582085839227 0.12032670892598392
0.06753066818463975 0.11255111364106625 0.14070585218097412 0.1350613363692795 0.10260887127983849 0.17141948560564296 0.10129600227695963 0.16882667046159935
0.08268454579281789 0.13780757632136317 0.10365077196060091 0.12402681868922683 0.12751414500341543 0.25687993700211953 0.09302011401692013 0.07441609121353611
0.06459667481711029 0.1142864246764259 0.08909173355575435 0.14285803084553236 0.09483610270405453 0.22600638416081845 0.09689501222566545 0.1714296370146388
0.0661470525898951 0.11024508764982517 0.09910914234657693 0.1322941051797902 0.10053560697565674 0.2270807948986754 0.09922057888484265 0.16536763147473774
0.06534955440942115 0.11561844241666819 0.08968248852441224 0.14452305302083523 0.09592705614744952 0.21744741024207961 0.09802433161413174 0.17342766362500228
0.09497904671014902 0.07012919379318128 0.22293233786718356 0.14025838758636255 0.09468819401375857 0.09946449633994929 0.15527180066540744 0.12227654302400838
0.063534116207616 0.096476849454291 0.08544209152465053 0.0868291645088619 0.14109399069651896 0.24877046117970344 0.10419499741063427 0.1736583290177238
0.05363553921822212 0.09489364630916221 0.050789238352530165 0.08272779421824397 0.14160027743195702 0.3173795399605991 0.09351837607279753 0.16545558843648794
0.08805156747494063 0.07107777133519304 0.18532849468790363 0.14215554267038608 0.10527131243161841 0.12168250154171745 0.15849282145489313 0.12793998840334747
0.09340944245742865 0.06745499514005583 0.26251713197969084 0.13490999028011166 0.0951140697186469 0.07962962775336911 0.14935090499059978 0.11761383768009734
0.06671123179497347 0.11802756394495305 0.12135580284366729 0.14753445493119133 0.0969517496957703 0.17231100317955483 0.10006684769246021 0.1770413459174296
0.0940120413382457 0.06932647831584908 0.23727811944023774 0.13865295663169816 0.09590704687725667 0.09045189824192389 0.1534945226040777 0.12087693655071123
0.07317768072669809 0.1111577897128616 0.13548016491922785 0.1333893476554339 0.10427992445652043 0.1757363972183902 0.10004201074157544 0.16673668456929236
0.07096257279538667 0.10999693214720642 0.1103428323553141 0.13199631857664768 0.1048660202276197 0.20784268674453002 0.09899723893248578 0.1649953982208096
0.0763883905495447 0.1351486909722714 0.0795244498378531 0.11782193571941608 0.1133090839320744 0.25650711755063277 0.0799140085749083 0.1413863228632993
0.06349056116542923 0.11232945436960558 0.0906171368055071 0.14041181796200694 0.09588657980352679 0.23353442659137205 0.09523584174814385 0.16849418155440832
0.09362368288813767 0.07101262127251924 0.20429589961231978 0.14202524254503848 0.0964503416074826 0.10642194724494686 0.15834754653902053 0.12782271829053463
0.09328867636796584 0.06701642248384418 0.2711137953728876 0.13403284496768836 0.09279228449354845 0.076526960346259 0.14837986907289877 0.11684914689490779
0.06297897752740417 0.10177668841028763 0.08121610761462392 0.08872839502435331 0.1394441184646138 0.2480972589694372 0.10030166394057331 0.17745679004870663
0.09212396123994401 0.06982035696164077 0.20563844849291582 0.13964071392328153 0.10307133718342049 0.10833956459218537 0.15568897507565868 0.12567664253095337
0.09196656770893619 0.06786649119280164 0.2572812822669285 0.13573298238560327 0.09353749955550333 0.08012334671028025 0.15133214603290393 0.12215968414704295
0.08988992570883862 0.06629424093160799 0.2806353248804274 0.13258848186321598 0.08989388388502235 0.07354224643933312 0.1478262626146602 0.11932963367689436
0.0885768144974502 0.06541388574548156 0.2918481651181642 0.1308277714909631 0.08819431923952406 0.07153084762065533 0.1458632019458947 0.11774499434186682
0.08787822588848057 0.06495652407397264 0.2973984380681335 0.12991304814794527 0.08735183223956686 0.07073683456738475 0.1448433536813658 0.11692174333315074
0.08752064988661172 0.06472365635831576 0.30018018336244157 0.1294473127166315 0.0869281382831129 0.07037338451609185 0.14432409343182645 0.11650258144496835
0.1030720560743645 0.07624334767323139 0.22243899651402585 0.09530418459153923 0.13644590239002444 0.11045441982432132 0.14167607142264638 0.11436502150984708
0.09645834445549786 0.06535750700824923 0.2693937302368641 0.13071501401649846 0.09648875113187066 0.0782056547595675 0.1457374857766035 0.11764351261484864
0.0945970697165058 0.06483951254719583 0.2889896358832509 0.12967902509439166 0.0887345588875846 0.07186663984505826 0.14458243544106053 0.11671112258495249
0.09368188678486503 0.0643777414826474 0.29663124465642127 0.1287554829652948 0.08682511991775684 0.07029583463607725 0.14355275488817193 0.11587993466876532
0.09326658713651062 0.06417018235370782 0.2995632469646706 0.12834036470741564 0.08624489885328249 0.06981846273812768 0.14308992900961115 0.11550632823667409
0.09309369438940046 0.06408685528627728 0.30068668393220954 0.12817371057255456 0.08604458810874646 0.06965400610939583 0.14290412208611677 0.11535633951529911
0.1097153203983781 0.07554700321174505 0.22196638611012498 0.09443375401468132 0.1351945986258049 0.1094403149132561 0.14038211790839195 0.11332050481761757
0.09710237811841993 0.06505436403187877 0.26890394593132994 0.13010872806375753 0.09889189196645452 0.07777931444625975 0.14506152218451773 0.11709785525738177
0.09444567132623952 0.06462803127204564 0.28857775873142094 0.12925606254409128 0.09103421160857181 0.07161694446610364 0.14411086376184504 0.11633045628968214
0.0748196884830643 0.11265184389095409 0.1482387500141517 0.1408148048636926 0.09496704235447255 0.16402093256272904 0.09550917199450457 0.16897776583643112
0.09486355824243417 0.07524891131871156 0.24015770770740574 0.13460423874218772 0.09393004439883171 0.08997804361736435 0.15007368110509586 0.12114381486796894
0.12666170002147215 0.09385901468593928 0.23128520347974388 0.10869788943647954 0.1212447852198509 0.09923327172480191 0.1211900349388809 0.09782810049283157
0.09877412860042549 0.07083058564321498 0.27171125883408814 0.1286769530662829 0.09538373824253642 0.07534887794258348 0.14346519991121393 0.1158092577596546
0.07479513196496823 0.12013738852197889 0.14349372471096705 0.13966413365058636 0.09520422571245003 0.16437971832142645 0.09472871673691945 0.16759696038070362
0.09792764107236394 0.07565368094468396 0.23761158612670466 0.13432126585044823 0.09386016749259574 0.08997833179961365 0.14975818744818628 0.1208891392654034
0.07782741541616933 0.1205759908504046 0.13519497405536654 0.13951993815190064 0.0947765169289142 0.17005032424237035 0.09463091457259348 0.1674239257822808
0.09866907711518563 0.07579004056052738 0.23388737065444262 0.1344825832803559 0.09504029777655426 0.09115826131669481 0.14993804434391916 0.1210343249523203
0.09923681452456519 0.07004387706304412 0.2737183403878211 0.12964531247241692 0.0918293333458359 0.07430069259771539 0.14454484838342604 0.11668078122517524
0.09784685835376307 0.06853865542898932 0.2890843847165924 0.12751862860926205 0.08980282363667162 0.07026812892262632 0.1421737545837593 0.11476676574833584
0.13001763068772998 0.09114996751081031 0.2470638034468713 0.10612994029274848 0.11910656613596737 0.09268818238078229 0.11832696328161658 0.09551694626347361
0.10628583465577769 0.06936506210454216 0.2761342112360192 0.12612944975262863 0.09490342226284784 0.07304059138214178 0.14062492382867697 0.11351650477736575
0.1011913689099753 0.06806256496472932 0.2892700622325298 0.1266517627813357 0.08996107432520925 0.06966931640591727 0.14120726387710114 0.11398658650320212
0.09974973828501732 0.067734555963604 0.29453189574180416 0.12620600913248445 0.0886405767893934 0.06884153404463107 0.14071028182382966 0.113585408219236
0.09926760179307596 0.06758653096356347 0.29657614035441215 0.1259658622267554 0.0882162890773207 0.06857576363543977 0.14044253594535266 0.11336927600407984
0.09909307938348338 0.06752415700686963 0.2973626504483595 0.12586541809087162 0.08806600663314663 0.06847926392581165 0.14033054822967328 0.11327887628178446
0.09902777342632142 0.06749934220546484 0.29766422271648474 0.12582584832872254 0.08801036520572865 0.06844275372358313 0.14028643089784437 0.11324326349585029
0.09900300797891277 0.06748970517276578 0.29777970923140895 0.12581054991249177 0.08798937067890973 0.06842878779884844 0.1402693743054199 0.11322949492124261
0.07942850975606523 0.11867818222490213 0.1493513070603877 0.13827192549024264 0.09412369730393885 0.16043563115670337 0.09378443641946893 0.16592631058829116
0.07555879026509124 0.12407147798849608 0.11279829020847164 0.13775450721627208 0.09530592991658482 0.19577210389452093 0.09343349185103672 0.1653054086595265
0.10142324574062216 0.07626762891241468 0.22361043024987803 0.13478790905260063 0.09608360644965079 0.09623960165302645 0.15027845979446666 0.12130911814734056
0.1034215425014302 0.06996532925879761 0.2688577929325786 0.12937981268435148 0.09254566758238074 0.07513918769139492 0.14424883593315005 0.11644183141591631
0.1021220371457224 0.06826795224178761 0.28639727550219163 0.12696357243189507 0.09023002259432031 0.07019701652727964 0.14155490836809792 0.11426721518870554
0.1011634414866686 0.06767253352158457 0.2931274844865961 0.12604242715603822 0.08915370767533776 0.06887432110563808 0.1405279001277023 0.11343818444043441
0.1006978120744553 0.06745192182162951 0.29570671861401726 0.12569621545821796 0.08870729457194451 0.06847154362601289 0.14014189992132658 0.11312659391239617
0.10049862563259436 0.06736885741282694 0.2966956861488827 0.12556534902364289 0.08853042637710885 0.06833624767073847 0.1399959936129272 0.11300881412127858
0.13448417245532723 0.09018117657092638 0.24866027327538487 0.10506007071145909 0.11847188232913088 0.09145422247796586 0.11713413853949245 0.09455406364031319
0.10942058855568511 0.06892729059231172 0.276073467933401 0.12537796485255845 0.09507507198429127 0.0724983734683886 0.13978707424606143 0.1128401683673026
0.12119063024421915 0.07923746735931776 0.2109734057184315 0.0921612357962455 0.14073185559767246 0.10810805538375245 0.13700386694486644 0.11059348295549458
0.10775453908410307 0.0691880549674724 0.2611592521471811 0.12730679074840875 0.10159836240742033 0.07647931779414291 0.1419375711777035 0.11457611167356788
0.12096204965155309 0.0794317257464109 0.20605344053080396 0.09237458933855089 0.14360645447884007 0.10940120173236087 0.13732103131521894 0.11084950720626106
0.10823770298059107 0.0692821878868416 0.25907007142783806 0.12745219215541687 0.10234935793815372 0.07680183177561731 0.1420996828956663 0.1147069729398752
0.13890616912298337 0.09080642426159845 0.23473253220364584 0.10559000727909619 0.12333803625850187 0.09387084605808495 0.11772497826490276 0.09503100655118657
0.1113096129085124 0.06920104216121013 0.2702564818718451 0.12579103400145727 0.096810206534599 0.07317207640003698 0.1402476155210277 0.11321193060131154
0.0833573515171817 0.11855133777203078 0.14261382629191557 0.1378443066593813 0.09674188284186139 0.16198372762696522 0.09349439929940645 0.16541316799125755
0.11638051094396414 0.09195206988277019 0.16691191861800372 0.09387502840077809 0.1441549902483885 0.13452391306818412 0.13955153475697757 0.11265003408093369
0.10822859299577987 0.0757592671688218 0.2424019544013124 0.1286041297981051 0.10376376073727632 0.08211457067864199 0.1433840074017679 0.11574371681829457
0.10456170605323285 0.07270512212711937 0.2749164683465746 0.12701534747907264 0.09329962326528449 0.07157528631565935 0.14161263368189142 0.11431381273116538
0.08167028695719299 0.12484181831838857 0.14317836873661405 0.13697042920610095 0.09560039263432996 0.16047250668200122 0.09290168241805109 0.16436451504732114
0.10202001061666238 0.08160924208135534 0.23503321996826385 0.1320082612063197 0.09492712753779282 0.08841534362164838 0.14717935988226985 0.11880743508568772
0.0813427507820715 0.12682926361304905 0.13350209791328052 0.1372243551742699 0.09600165933937728 0.1673567365028013 0.09307391046602655 0.16466922620912386
0.13401408567449238 0.1075414065609083 0.1890097064637043 0.10840192123859455 0.12482734103242221 0.11778375742972513 0.12086005248541809 0.09756172911473508
0.11186921629743428 0.0768985079941275 0.25107383024111335 0.12714657349277336 0.0984969752041188 0.07832403973275495 0.14175894089418165 0.11443191614349602
0.12254531963923183 0.08438451829546346 0.20221850118282286 0.09193792977595754 0.14237566257155965 0.10954064525627283 0.13667190754754283 0.11032551573114903
0.14293999645681366 0.0970429282566844 0.21099362444597536 0.1041896633982897 0.13417777465923905 0.10072161638345895 0.11616369934107823 0.09377069705846072
0.12965194508485206 0.08580088045527161 0.18611632739224873 0.09009652805950813 0.1523229604548658 0.11396098466203758 0.1339345402198061 0.10811583367140974
0.12639933004609366 0.08460793414432288 0.17794701871648488 0.09059245444245007 0.1590225259225628 0.11804802330060792 0.13467176809653772 0.10871094533094008
0.09797401116369911 0.14450667297750203 0.13667712549823557 0.15504938469843416 0.09443796052887846 0.152937451036326 0.07887294786833389 0.13954444622859072
0.0918960406007923 0.15938084471655345 0.12536416672378659 0.15624031344588457 0.08189187624256676 0.1651317080249094 0.07947876814421084 0.1406162821012961
0.10515702148412731 0.08629460982779508 0.22712682287686595 0.13251004461607563 0.09225465280985026 0.08965899729319289 0.14773881093762462 0.11925904015446807
0.10494622434458806 0.07457426170136457 0.2692433057101817 0.12812751970905145 0.0914896897450605 0.07345160833121747 0.14285262272039018 0.11531476773814629
0.10327762363587646 0.07196031298641707 0.28567616905340104 0.1259423519941253 0.08989958903680532 0.06947951270819706 0.14041632379046504 0.11334811679471274
0.11973603844864929 0.08335747448882488 0.2137085061020959 0.09154916295907285 0.1389692075961343 0.10672663529129565 0.13609397956303965 0.10985899555088743
0.10764351343600849 0.07339769801545605 0.2614680508227931 0.1262882565855162 0.10092384368746449 0.07581722492970683 0.14080198159609045 0.11365943092696457
0.0824403256926413 0.12482692112535403 0.13983949173173726 0.13677329573957067 0.0972284055012241 0.16199563082036597 0.09276797450162186 0.1641279548874848
0.10242434470454624 0.08166570650104081 0.23354334735489457 0.13209189086936954 0.09536007519458016 0.08875933287758533 0.1472726007155508 0.11888270178243258
0.10403758248907725 0.0738282086440976 0.27178330974296194 0.127792199738712 0.09194767737146813 0.07311927627150201 0.14247876597734008 0.11501297976484082
0.09389978002597354 0.1435123159724794 0.1633928762263158 0.15716801055666235 0.08199850208587058 0.13862662200070433 0.0799506836309978 0.1414512095009961
0.10433287774240095 0.08323881798465899 0.24317459829308788 0.1308012689603607 0.09111565288901641 0.08378198846407683 0.1458336536020738 0.11772114206432463
0.09411008458188976 0.14607960163819445 0.15564466795167256 0.15759826428486398 0.08197202541555676 0.14258736643957945 0.0801695518318656 0.1418384378563776
0.10467012487123725 0.0837865105892353 0.23996207908148826 0.1311811890738959 0.09136026982596908 0.08471952021524963 0.14625723617641823 0.1180630701665063
0.12120372085715575 0.08585308711795249 0.19914599404643396 0.09254604866687119 0.1407352421472262 0.11188473164142279 0.1375759171226921 0.11105525840024542
0.10855017997017385 0.0740949819352131 0.2555458067559976 0.126990188907771 0.10181817880014472 0.0771249098613104 0.1415845837523954 0.11429117001699389
0.1044593246618855 0.07210640338667076 0.27999211081071707 0.1262780338832878 0.0923981155561647 0.07032519716032123 0.140790584045994 0.11365023049495902
0.10271913403127361 0.07133386213104707 0.289767080555074 0.12532586331711526 0.08970400446943418 0.06862779358843565 0.13972898492221655 0.11279327698540373
0.10196828821692282 0.07099859224090072 0.29358898221686075 0.12488092352191332 0.08883280945116456 0.068104662927487 0.13923291025502874 0.112392831169722
0.10165479818921151 0.0708604032326881 0.2950730974403446 0.12469994751305799 0.08852858922596618 0.06792207612615216 0.13903113551082733 0.1122299527617522
0.13569083960205292 0.09463099982726314 0.24695734420459714 0.10410354177540453 0.11816935919152657 0.09068704764274352 0.11606768015854803 0.09369318759786407
0.11007874894134519 0.07370716693944482 0.27440051142934235 0.1243193898879304 0.09505087983259042 0.07194900991157664 0.13860684215863284 0.11188745089913738
0.10411085137604772 0.07153610576220848 0.28731663338686586 0.12531120453030375 0.09030475283855334 0.06892772655988644 0.13971264146886103 0.11278008407727338
0.11988766816283332 0.08323193850568765 0.21417488978437627 0.09146791120453743 0.13900553919817268 0.10649736632623238 0.13597319337271535 0.10976149344544492
0.10764903718198744 0.07335721198590682 0.26163017486935486 0.1262394544416018 0.10100775664118895 0.0757532850349415 0.14074757084757694 0.11361550899744162
0.08243462528022519 0.12480472066203191 0.13987182470256604 0.13675496273607912 0.09731830324026092 0.16195406815280997 0.09275553994273192 0.1641059552832949
0.07672962252742203 0.13408408579158274 0.1093583926811834 0.1355472522761873 0.09538381543512643 0.1943037313610507 0.09193639719602269 0.16265670273142474
0.11509352286182041 0.09438431243842882 0.15548621901237777 0.09407692776902478 0.14446221039758217 0.14375282246965485 0.1398516717282816 0.11289231332282972
0.10867436792635536 0.07632016832986739 0.23752882058723485 0.1290342490097115 0.10438248718019849 0.08406552463363166 0.14386355822426042 0.11613082410874034
0.10515752405624716 0.07286085582467795 0.27289913930300236 0.12716469217761447 0.09368471113707626 0.07200571266588991 0.14177914187563884 0.11444822295985303
0.10313604246996494 0.07160577028850318 0.28699609375269197 0.1256581672961351 0.09032100052215311 0.06909109604401065 0.14009947906001927 0.11309235056652159
0.10215588496646087 0.07109412460110016 0.292497028438212 0.12499487691807198 0.08915812104667563 0.06824461501545379 0.13935995978776086 0.1124953892262648
0.10172620948909437 0.07088980407245912 0.29463083681237756 0.12473066260688832 0.08873575044605021 0.067963759678654 0.139065380548277 0.1122575963461995
0.11908101752997322 0.0830357784825683 0.21654420443389402 0.09134129564806936 0.13849611733312708 0.10610706095068903 0.13578497084399566 0.10960955477768324
0.0963024315427234 0.14404384773029727 0.1472122085550479 0.15497033542893354 0.09049804968690048 0.1486670893214257 0.07883273584863143 0.1394733018860402
0.10531906172986807 0.08361186342317856 0.23605427524950454 0.13122329084012413 0.09346620712849646 0.08592016336887671 0.14630417650383987 0.11810096175611172
0.1388263935458237 0.09815761143205926 0.22619108647299777 0.1058375041548532 0.1214837727417343 0.09624895910170815 0.11800091881145572 0.09525375373936787
0.11160487084238713 0.07467197562425142 0.26602392524573376 0.1252626370454113 0.09659750951391696 0.07344421603978414 0.1396584923476451 0.11273637334087015
0.1394333219276735 0.09563791415395431 0.2362420474341507 0.10455035990417272 0.12113181675487264 0.09234336688393241 0.11656584902748808 0.09409532391375544
0.14692230675811135 0.09773706676450163 0.22268753568997302 0.10286630699772215 0.1268875692414135 0.09563128253794259 0.11468825571238575 0.09257967629794994
0.1305881711713387 0.08573963456546002 0.18998001982277005 0.08990291445269716 0.1498806647335096 0.11237837732160513 0.13364672058938265 0.10788349734323657
0.08564215464748744 0.12534863289760195 0.12123881878169238 0.1342153895856491 0.10718016758909336 0.17428332214630013 0.09103304684939678 0.16105846750277888
0.10363325672987558 0.08205050346626673 0.22517561319169074 0.13252999299240276 0.09813609667793524 0.09143649136012179 0.14776105188854455 0.11927699369316248
0.10458985788567574 0.07406014656375687 0.2683684787350191 0.1281171903336264 0.09291731444453827 0.0738004344994798 0.14284110623764018 0.11530547130026376
0.13748421033655095 0.09578664143567898 0.23754769131689998 0.10486206176371535 0.12035370091879835 0.09267646530146731 0.11691337333954532 0.09437585558734381
0.12798062853929665 0.08552726973993219 0.19526451352937726 0.08999806588408613 0.14776023435132218 0.11168343931217231 0.13378816958291012 0.10799767906090335
0.11010330505619378 0.07393095003718561 0.2534576663277505 0.12670249283207757 0.10347807159388261 0.07703144650618632 0.14126382409785365 0.11403224354886983
0.13932674151077964 0.09579566105418372 0.2317602886753017 0.10487302025836327 0.12346495026683578 0.09346802875872921 0.11692559124327964 0.09438571823252694
0.14700456993153957 0.09784490290424401 0.22104735178708274 0.10295830098917728 0.12768175115832084 0.09600983019174118 0.11479082214763497 0.09266247089025954
0.11356379581962571 0.07456249478867141 0.2634871716368816 0.125071457963109 0.09792582060644321 0.07337960508049719 0.13944534193797375 0.1125643121667981
0.10529087810251012 0.07187912106923552 0.28294203698204545 0.1257423472210073 0.09135654464559761 0.06942762608652972 0.1401933333941678 0.11316811249890657
0.1027837453862783 0.07120459584542876 0.29086187530201446 0.1251325362358369 0.08948661225230453 0.06839791271189836 0.1395134396539853 0.11261928261225321
0.10192649381107521 0.07093878779107289 0.2939834198413615 0.12479530089036454 0.08885835295773518 0.06804442649646202 0.13913744741060047 0.11231577080132808
0.10161476514159337 0.07082910063777434 0.2952007628618065 0.124651882476246 0.08862925882204715 0.06790998925018615 0.138977546581725 0.11218669422862142
0.09313396920317 0.14235729573805198 0.16956793499828782 0.15660943003000719 0.08124632597606497 0.13647002088171228 0.07966653614569931 0.14094848702700644
0.10390566047151717 0.08290529674203323 0.24570904147312678 0.1304751176471509 0.09085521364769283 0.08325204490854812 0.14547001922749508 0.11742760588243582
0.10392786510370156 0.07363064653944196 0.27654825951837486 0.12715603183471408 0.09068201897020504 0.07184526314272066 0.14176948623959915 0.1144404286512427
0.12010872840224003 0.08373825361094056 0.21077220034027555 0.09172478839942966 0.1396510649940664 0.10758015959786352 0.13635505857586855 0.11006974607931558
0.09655873973803596 0.1442690745147406 0.1456581109269255 0.15504202553434598 0.0907707839223464 0.14929423808913572 0.0788692042935586 0.13953782298091136
0.10543065632185723 0.08367777648053142 0.23538507503564252 0.13128199865066262 0.09358248157156485 0.08611858182273492 0.1463696313314104 0.11815379878559636
0.10465040785693598 0.0739822230067046 0.27241693161287406 0.12761915684681224 0.09159167867331311 0.07259652477470835 0.1422858360665205 0.11485724116213103
0.12038972769263287 0.08384788997281496 0.20943058843396187 0.09179732513528738 0.14005676525850294 0.10785802403886377 0.13646288930559136 0.11015679016234484
0.09662916037034797 0.14431055270738635 0.1452995349078943 0.15506064889946386 0.09086175372341766 0.14940508746354952 0.07887867791842294 0.13955458400951748
0.10546009427544022 0.08369238919250536 0.2352320411675599 0.13129734649635197 0.09361557792208441 0.086148196065349 0.14638674303399243 0.11816761184671679
0.10466277698214228 0.07398781830946059 0.27235541966713617 0.12762602853471938 0.09160562923268818 0.07260540410688159 0.14229349748572442 0.11486342568124744
0.1203940147349896 0.08384929373991636 0.2094101562063302 0.0917980589150355 0.14006562782636936 0.1078611977608457 0.13646398011847066 0.11015767069804258
0.10793570879676115 0.07354682775951733 0.2596690411288222 0.12644053347005835 0.10149602869818385 0.07614362106519615 0.14097175895840833 0.1137964801230525
0.10413873459552782 0.07191176617173227 0.28157755773675003 0.1260369719717591 0.09232383235558031 0.07005604438973306 0.1405218180043344 0.11343327477458319
0.0817987183905559 0.12454603650346355 0.14472628858554518 0.1367936509803031 0.09544210031478183 0.15975904338408536 0.09278178066490125 0.16415238117636374
0.102096186258351 0.08149621100656315 0.23560956467219127 0.13186373244803865 0.09495069605454483 0.0882880292545615 0.14701822110251472 0.11867735920323479
0.12049300626164688 0.08554146940654216 0.19763183551446503 0.09256007364793833 0.142174407357658 0.11293035323519873 0.13759676619902475 0.11107208837752601
0.09669515387197622 0.14480971274449284 0.1420945603279565 0.15518619116632082 0.09131964590850174 0.15128462320732605 0.07894254072373712 0.13966757204968872
0.13825829242929788 0.10978566753796115 0.1913997167990728 0.10756846485818782 0.12284739601931202 0.11339803316429739 0.11993081081950191 0.09681161837236901
0.11281236458457715 0.07705359103232784 0.25191474653443974 0.12691726699183825 0.09809892083829713 0.0774742884678011 0.1415032812580644 0.11422554029265441
0.12280205111748964 0.08435695233664944 0.20243647003516044 0.09187641301725007 0.14239187521927776 0.10930408389947088 0.1365804587540016 0.11025169562070007
0.12452535964605708 0.08446129121726337 0.18375175969142063 0.09067770205889214 0.15606283462189716 0.11690931588983403 0.13479849440396505 0.10881324247067056
0.10966528024220286 0.0740879242614941 0.248694818729666 0.12721224497852568 0.10573326792475463 0.07828328368274529 0.14183215969993834 0.11449102048067311
0.08283552505315435 0.12499761073273154 0.1367771777778241 0.13681583216476095 0.09849911161174837 0.16309891876770802 0.0927968252943596 0.16417899859771312
0.10259680379022805 0.08174537774228581 0.2321861745415103 0.1321776477087173 0.09586371316388466 0.08910218692386865 0.1473682131916594 0.11895988293784557
0.12069121226321655 0.08562075060414133 0.19650556875219496 0.09261279299318907 0.14255209158782112 0.11320709516101862 0.1376751370465915 0.11113535159182687
0.14256811292764024 0.09738545112753298 0.20895221898759 0.10435119177493585 0.13469262312152916 0.10179053803664732 0.1163437914266822 0.09391607259744225
0.11296102208650281 0.07484568444291895 0.25862695018741744 0.12567278507425148 0.09991819006243968 0.07475408478790319 0.14011577679174006 0.11310550656682633
0.14002954582054092 0.0957810630194589 0.23352554477831036 0.10468159090370817 0.12225520126624513 0.09280146059978717 0.11671216179861192 0.09421343181333733
0.11156210789137175 0.07413543579028542 0.26886416222806114 0.12481309742608827 0.09649222992873616 0.0726438898321452 0.13915728921983275 0.11233178768347944
0.13930136665232642 0.09546175716100418 0.23721332407226509 0.1044427323385564 0.12101896798551909 0.09211754036189435 0.11644585232373376 0.09399845910470075
0.1112549859402241 0.07400686583819634 0.27036587016383545 0.12465583751592603 0.09610771246945242 0.0724365181522161 0.13898195615581604 0.11219025376433343
0.08309153399233966 0.1248591411536027 0.1419602004975766 0.13663190923043284 0.09622765416425003 0.1605991923202896 0.09267207756498923 0.16395829107651938
0.10249019687686346 0.08159196772358678 0.23439472822015545 0.1319519427936463 0.0951945257697918 0.08850332104666893 0.14711656905500564 0.11875674851428168
0.1380121496206756 0.09790527312115228 0.22566410183118113 0.10592322919970804 0.12209402065427855 0.09697382345418977 0.11809649583907746 0.09533090627973721
0.11142396238380109 0.0746527242925311 0.26581219852823795 0.12528083077289878 0.0967700713715958 0.07362868795927364 0.13967877699605283 0.11275274769560892
0.09540649438145228 0.14347995914620953 0.16165920121992416 0.15685418721590277 0.08296794072866831 0.13867240575152776 0.07979104306200271 0.14116876849431248
0.11973579878156124 0.09518087006169529 0.17319502166680195 0.09347100021018269 0.1394425436268667 0.12785864568523703 0.13895091971543574 0.11216520025221922
0.09648885199610728 0.14712476133497973 0.13528554252440245 0.15523896975342374 0.09073444255442442 0.15644297009705674 0.07896938896152426 0.13971507277808137
0.0791734271984683 0.13833551057776372 0.10805937252671939 0.13508637564981635 0.09371317042230894 0.1919046902304856 0.09162380261465805 0.1621036507797796
0.07566419239074432 0.13604717303197333 0.10130264022728538 0.13473546685053453 0.0940452727136312 0.2051368996578707 0.09138579490731909 0.16168256022064142
0.10198107694306394 0.08410228227015834 0.2169487923900772 0.1337061555427098 0.09597259072335822 0.09788117678338137 0.14907238535881223 0.1203355399884388
0.10454057535040262 0.07457410445255234 0.2651888219037846 0.12860072515912735 0.09276684294019744 0.07520806606733574 0.14338021148338526 0.11574065264321462
0.10331353995896761 0.07205506073100981 0.2840753226719394 0.12611195982474827 0.09042781789334878 0.06991011121340392 0.14060542386430888 0.11350076384227342
0.0936150039034557 0.14284930994079828 0.16663593848736474 0.15686051097503112 0.08170675739859584 0.1373637594864497 0.07979425993077671 0.141174459877528
0.10412568595751591 0.08304692430307574 0.2444849550116864 0.13060870516668338 0.0910539681488413 0.08351296741962634 0.14561895934255592 0.11754783465001505
0.10402334665173733 0.07367874803325294 0.2760603328054035 0.12721176684218097 0.0907705263450307 0.07193306255083602 0.14183162661359575 0.11449059015796287
0.13706100757128764 0.09554393294315938 0.24026977421080117 0.1046484214006719 0.11953079265027813 0.09208731168513447 0.11667518027806255 0.09418357926060471
0.11063564678267247 0.07397163838393636 0.2716743259373995 0.12458462812362979 0.09571944415571312 0.07238558830784259 0.13890256299753945 0.1121261653112668
0.10432333595474833 0.07162207994469359 0.28621799372363543 0.12540638198063844 0.09065760510284045 0.06908810228767963 0.13981875722318943 0.11286574378257462
0.11993621133386596 0.08323442073481353 0.21377809242089488 0.09145534713716004 0.13931753598436852 0.10657745978160134 0.1359545160427036 0.10974641656459204
0.10765795146338505 0.07335241323900685 0.2614381545015766 0.12622523546145759 0.10117853367894364 0.0758132819944844 0.14073171774583404 0.11360271191531182
0.10400581375215151 0.07184000019877602 0.28227060136360477 0.12594760353750792 0.09219711430736165 0.06996384478741043 0.14042217886943048 0.11335284318375716
0.0937712726768975 0.14280006443491747 0.16615636340165205 0.1568590874812098 0.08205975139420171 0.13738674607237358 0.07979353580565891 0.14117317873308882
0.1369469699790254 0.10917530229758661 0.20069775981154617 0.10732087206658338 0.11981396853961815 0.10980157911177821 0.11965476333393697 0.09658878485992503
0.14739648216938978 0.10086173659722 0.21008140890739604 0.10392759695555746 0.12765739542253662 0.10066902787326931 0.115871514814629 0.09353483726000171
0.08878923542640298 0.12832723336733648 0.12599963675190148 0.1339041658739146 0.1020084737648024 0.1694642997828982 0.09082195598404644 0.1606849990486975
0.10426343360708909 0.08229816056085108 0.22721867521570807 0.13232547807813705 0.09682512137373049 0.09044316787271552 0.14753303302144533 0.11909293027032335
0.12122075460593677 0.08574343251754177 0.1948441273726558 0.09266426370960908 0.14294894458355792 0.1136297090356295 0.1377516517235383 0.11119711645153088
0.12425895254580704 0.08479505217618405 0.18131038166912977 0.0908428374539723 0.15647317438928066 0.11826421756092448 0.13504397925993494 0.10901140494476676
0.10969480986749572 0.07419694520880467 0.247694363946479 0.12733343584566426 0.10591727408093322 0.0785958003168222 0.14196727847270327 0.11460009226109784
0.13937160892471617 0.09596882266299586 0.2297045293148063 0.10502525440004658 0.12434070382946505 0.09397103095742843 0.1170953209504997 0.09452272896004192
0.11154558803577037 0.07425935498898846 0.2673275517390422 0.12499162202462415 0.09707863365423071 0.07294845891071337 0.139356330824469 0.11249245982216174
0.09542049526379044 0.14335852040527636 0.16206636705680327 0.1568173213339546 0.08301722551063476 0.13841219168083943 0.07977228954814213 0.1411355892005591
0.07925414502662641 0.13805174719121852 0.1147317778494883 0.135594815619977 0.09230632478667594 0.18537875323110062 0.09196865755094091 0.16271377874397236
0.1158288320555283 0.09496288912274159 0.15741746043446567 0.09409744347409268 0.1434557516652589 0.1414385213772161 0.13988216970178555 0.11291693216891122
0.12340226880915096 0.08659838549141244 0.16897463473827273 0.09141950848907926 0.1574710507794657 0.12652950202046556 0.13590123948525815 0.10970341018689513
0.14384424448908636 0.09779313854082212 0.1983566963367476 0.10459367840288945 0.13944515128125382 0.10521863446576675 0.11661414592083348 0.0941343105626005
0.10143972503786837 0.1470082842680372 0.1418273580336917 0.15418039883754728 0.09042257418082444 0.14792840214913822 0.07843089853910015 0.13876235895379255
0.10672272543453924 0.08407711919945193 0.2336387520392966 0.1313578450505496 0.09357164176350355 0.08595566156005924 0.1464541944071053 0.11822206054549465
0.09467204911074434 0.14634772129019488 0.15308489054461943 0.1576798575204909 0.08261263470879819 0.14347991710063465 0.0802110579560758 0.1419118717684418
0.1197162683088917 0.09574074066015265 0.17040061518645233 0.09364373333600032 0.1395459417558734 0.12937252164098698 0.13920769910844227 0.1123724800032004
0.10927190308752627 0.07609627384157479 0.2437483951212039 0.12835799147899174 0.10278214283598844 0.0811115197591346 0.14310958154448777 0.11552219233109255
0.13946594084426436 0.0964517387229894 0.22843571352122294 0.1052380954950473 0.12363940820868667 0.0947221943744851 0.11733262288776168 0.09471428594554256
0.111627411942524 0.07436123444528109 0.2668367252350065 0.12506990219380645 0.09697596324605193 0.07312224359160091 0.1394436073713036 0.11256291197442582
0.10473046122699797 0.07179029929811093 0.28430986339187253 0.1256283441352923 0.09107788349578601 0.06933141026888852 0.1400662284612886 0.11306550972176309
0.13692897247224223 0.09496701437825508 0.2430545853652003 0.10432069588159214 0.11930074054888734 0.09122957427897296 0.11630979078141689 0.0938886262934329
0.11049195981416551 0.07382152465174656 0.27277647425469315 0.12444110240888158 0.09557134086913464 0.07215806329691567 0.13874254253646948 0.11199699216799344
0.10424745158836374 0.07157385861648527 0.28664646036173574 0.12535066445618712 0.09058928717678479 0.06902004344842465 0.1397566363414504 0.11281559801056841
0.10240519308739963 0.07107429255348427 0.29231062750398185 0.12495977829789469 0.08921622346552369 0.06824925717804756 0.13932082744556318 0.11246380046810524
0.1359773911506654 0.09469800138305981 0.2459346877091739 0.10413999197321014 0.11858117052711517 0.09083444507194914 0.11610831940893727 0.09372599277588912
0.11016189833185341 0.07372044858769285 0.27394830494813766 0.12432106885082435 0.09532794574136505 0.07202265749742094 0.13860871407696387 0.11188896196574191
0.1041275924077878 0.07153248217694512 0.2871085535242035 0.12529711397454624 0.09050106965402178 0.06896885413467849 0.1396969315507254 0.11276740257709161
0.09374822555208469 0.14263605074558086 0.16742627966906562 0.15674503030541756 0.08167956122734955 0.13695880980939187 0.07973551541623415 0.1410705272748758
0.10412624635450071 0.08299442463836615 0.24480465642847604 0.13056393801145574 0.0910193034499759 0.0834148396016057 0.14556904730530962 0.11750754421031016
0.10401092394396247 0.07366301984721527 0.2761849888825562 0.12719456524053158 0.09075198863137261 0.07190695662642504 0.14181244811145832 0.11447510871647841
0.10277784193523438 0.07164545803059663 0.28834321169523514 0.12555918146249376 0.08963112344096068 0.06905080287672344 0.13998911724251167 0.11300326331624437
0.10202428980690188 0.07106528190254216 0.2930258624875356 0.12493266481024225 0.08898515478840038 0.06823674994493446 0.1392905979302253 0.11243939832921804
0.08134897177438133 0.12427823728487741 0.14743579323971706 0.1366711056257922 0.09462048453039347 0.15894141784769839 0.0926986629461895 0.16400532675095064
0.11599002088835361 0.09265040735098208 0.16844446530331408 0.09373011025701275 0.14371018365995136 0.13366257602900858 0.13933610420296225 0.11247613230841529
0.08272913550114773 0.12670150583863948 0.11586293506388132 0.134245646826171 0.10559188044663997 0.18272055098045137 0.0910535691516638 0.16109477619140516
0.10311093564383964 0.08238915049672992 0.2229238435712396 0.13280534302227337 0.09798589145384878 0.09319198046868214 0.14806804662334058 0.11952480872004602
