Action: 0
[0.2545011462718422, 0.10391725542127123, 0.1219467731274747, 0.10391725542127123, 0.10396580349432707, 0.10391725542127123, 0.10391725542127123, 0.10391725542127123]
[0.10497326926740426, 0.21107164517801885, 0.1532990502104064, 0.10497326926740426, 0.11076295827455339, 0.10497326926740426, 0.10497326926740426, 0.10497326926740426]
[0.20802733053500677, 0.10397081499737136, 0.1509072848572552, 0.10397081499737125, 0.12120684546066744, 0.10397527915758557, 0.10397081499737125, 0.10397081499737125]
[0.125, 0.125, 0.125, 0.125, 0.125, 0.125, 0.125, 0.125]
[0.10565542943656869, 0.10561732846142209, 0.25863861041351177, 0.10561732846142209, 0.10760242362971116, 0.10563422267452026, 0.10561732846142209, 0.10561732846142209]
[0.22521650956471012, 0.10397479251675923, 0.15088750593550762, 0.10397479251675923, 0.10402202118045434, 0.10397479325229099, 0.10397479251675923, 0.10397479251675923]
[0.125, 0.125, 0.125, 0.125, 0.125, 0.125, 0.125, 0.125]
[0.125, 0.125, 0.125, 0.125, 0.125, 0.125, 0.125, 0.125]

Action: 1
[0.10514663391066736, 0.10514594175993333, 0.10514594175707971, 0.10514594175707971, 0.11084679197539722, 0.2582768653256832, 0.10514594175707971, 0.10514594175707971]
[0.10398562840473598, 0.10398562840473598, 0.10398562840473598, 0.10398562840473598, 0.12120557261586275, 0.2548806569557213, 0.10398562840473598, 0.10398562840473598]
[0.10397205953955375, 0.10397204938048933, 0.10397204854863579, 0.10397204854863579, 0.15083052273956418, 0.22533717414584958, 0.10397204854863579, 0.10397204854863579]
[0.125, 0.125, 0.125, 0.125, 0.125, 0.125, 0.125, 0.125]
[0.12312851564440111, 0.10262802780078734, 0.10262802780078734, 0.10262802780078734, 0.1493989272527955, 0.21433241809886683, 0.10262802780078734, 0.10262802780078734]
[0.10477215587278702, 0.10382978930512712, 0.10382978930512712, 0.10382978930512712, 0.12125345535469398, 0.2548254422468833, 0.10382978930512712, 0.10382978930512712]
[0.125, 0.125, 0.125, 0.125, 0.125, 0.125, 0.125, 0.125]
[0.125, 0.125, 0.125, 0.125, 0.125, 0.125, 0.125, 0.125]

