0.125 0.125 0.125 0.125 0.125 0.125 0.125 0.125
0.07575757575757576 0.12626262626262627 0.09090909090909091 0.15151515151515152 0.0946969696969697 0.15782828282828282 0.11363636363636365 0.1893939393939394
0.07295173961840629 0.12906846240179573 0.09118967452300786 0.16133557800224466 0.08754208754208755 0.15488215488215487 0.10942760942760943 0.19360269360269358
0.11128397299245572 0.08763612873155889 0.13354076759094688 0.10516335447787067 0.13910496624056967 0.12489065738057618 0.16692595948868358 0.13145419309733836
0.0735429313797266 0.12257155229954435 0.08825151765567193 0.1470858627594532 0.10363903723508237 0.17073737315161505 0.11031439706958991 0.1838573284493165
0.0719486673289691 0.11991444554828183 0.0863384007947629 0.1438973346579382 0.09860837464042664 0.191498107713745 0.10792300099345364 0.1798716683224227
0.10687314901981787 0.08416260485310657 0.12824777882378147 0.1009951258237279 0.14602072233149388 0.14714698833868564 0.1603097235297268 0.12624390727965987
0.07069294667373796 0.11782157778956326 0.08483153600848554 0.14138589334747592 0.10978596251932668 0.19271029696645886 0.10603942001060694 0.17673236668434486
0.07102611310684649 0.1256615847274976 0.0887826413835581 0.15707698090937203 0.08523133572821578 0.17718979739299384 0.10653916966026973 0.18849237709124642
0.12874400611630987 0.101385904816594 0.15449280733957182 0.1216630857799128 0.12812419136574082 0.12483871314437124 0.13468603716783184 0.10606525426966758
0.06715251356904564 0.09962065038854896 0.053795151209816434 0.08965858534969406 0.14520991113228685 0.25765571523158687 0.10759030241963287 0.17931717069938813
0.059367928483754925 0.09273313826242897 0.05007589466171164 0.08345982443618608 0.13945003107973308 0.30784174488038996 0.10015178932342328 0.16691964887237215
0.06762579030116296 0.11964562899436523 0.08453223787645371 0.14955703624295658 0.08115094836139555 0.21658122928037354 0.10143868545174446 0.17946844349154786
0.10660565061946481 0.08605516375306195 0.133257063274331 0.10756895469132743 0.13765123046281383 0.13987071564021092 0.1599084759291972 0.12908274562959293
0.10418784638563286 0.07439129710066825 0.18893027835090348 0.1487825942013365 0.10147683250453313 0.08781480102676803 0.16470844779309532 0.12970790263706258
0.07711515567105211 0.1244317983276779 0.08791377055759851 0.15553974790959735 0.09232635523855014 0.17052895013488897 0.10549652466911823 0.18664769749151683
0.08544787636419643 0.14089564106778313 0.09954583336310764 0.1761195513347289 0.07793473967077955 0.17195751197135153 0.08959125002679688 0.15850759620125598
0.1198943454154225 0.08472576881735086 0.13119848529552464 0.10590721102168858 0.13530647116004546 0.1384408827093121 0.15743818235462959 0.12708865322602628
0.10292123699017619 0.07251577942235392 0.2078861226923832 0.14503155884470784 0.09890814158652267 0.08574349375528079 0.16055589745934282 0.12643776924923247
0.08424153574121972 0.12275699688024996 0.08673048692626355 0.15344624610031246 0.09102595612192207 0.17358669859814105 0.10407658431151627 0.1841354953203749
0.10835000957527811 0.07413569965157482 0.18367949465912564 0.14827139930314964 0.09536916817171488 0.09143842407310915 0.1653115451932131 0.13344425937283466
0.07694015862674496 0.11592589536670897 0.10971408447584223 0.13911107444005075 0.1011403248867945 0.17894631332375727 0.10433330583003807 0.1738888430500634
0.07757034721302102 0.11763365285425467 0.09206249342705763 0.14704206606781833 0.09362793860805292 0.19588014295458875 0.09973287959382461 0.17645047928138197
0.09824027898214567 0.07182169156197955 0.21159335427735612 0.1436433831239591 0.09585140744326993 0.09460318996387844 0.15901912987267752 0.12522756477473357
0.09923619699255067 0.1421035498113551 0.08452708146379664 0.12388514598938648 0.11218586303335461 0.20537354067731756 0.08402644684497518 0.14866217518726377
0.11038281202839856 0.07163452881442557 0.19253782604498995 0.14326905762885114 0.09970811618868818 0.09379119989323016 0.15973430753545045 0.12894215186596603
0.1096252120686239 0.06959980099433792 0.23069660445113485 0.13919960198867584 0.09474353899124126 0.07565843152880375 0.1551971681873744 0.12527964178980824
0.0966178465469476 0.0685474383752738 0.2629986570655506 0.1370948767505476 0.0918011628868692 0.07165174374674348 0.15176966412759033 0.11951861050047738
0.1079074780335459 0.07737664855412194 0.19510844250368437 0.09285197826494634 0.14811372881355991 0.11519265851491688 0.1473840924840418 0.11606497283118292
0.07146984490176166 0.09927667687949787 0.0707315593154718 0.08654889779238277 0.1502134837226756 0.2508238573424904 0.09783788446095443 0.17309779558476554
0.09530178740926923 0.06988122993801431 0.20929068166048703 0.13976245987602862 0.10681277607256986 0.10238408095032574 0.154722788303947 0.12184419578935828
0.08059193104826744 0.11510016087034301 0.11974836568347907 0.14387520108792878 0.09689522479418813 0.17355395621150999 0.09758491899876909 0.17265024130551454
0.10382019350048599 0.06981670808171234 0.21938660259155432 0.13963341616342467 0.09473849086225468 0.09125367563545855 0.15568083861802723 0.12567007454708223
0.09480722673156668 0.06752685943334155 0.26975920767097084 0.1350537188666831 0.09240264892427419 0.07320118040417191 0.1495100184441913 0.11773913952480064
0.08019231251291992 0.1143512989293802 0.13612996169100275 0.14293912366172523 0.09395719657518366 0.16395314392602614 0.09695001430969191 0.1715269483940703
0.07250213602559552 0.11176423762155446 0.10954240558063467 0.13411708514586537 0.10334626150487858 0.2004937038297406 0.10058781385939904 0.1676463564323317
0.07548996576645366 0.1129861660752072 0.10178831416606242 0.141232707594009 0.09455676435597676 0.20867421386571772 0.09579261906376262 0.1694792491128108
0.10035464618633115 0.06963618645955959 0.22511971822154736 0.13927237291911918 0.09534527913536314 0.09467461468786507 0.15418024189662358 0.12141694049359107
0.09671885544164938 0.13646423628869198 0.10554829173095287 0.11896882137988533 0.11268042879855054 0.20616488446413742 0.08069189624027003 0.14276258565586236
0.10284482321395179 0.06894116779274279 0.22568316763730564 0.13788233558548557 0.09810113675155478 0.09370084251646404 0.15264141342796936 0.12020511307452589
0.07921282547881267 0.11132940164576995 0.1299053367484116 0.13359528197492393 0.10424448787706081 0.17452210232517326 0.10019646148119295 0.1669941024686549
0.07681928619069364 0.11334352439421466 0.10622780758518115 0.14167940549276833 0.09502755627865431 0.20079153669815777 0.0960955967690081 0.17001528659132198
0.10029303424731367 0.06943781758682609 0.22734832738139213 0.13887563517365217 0.09606766629445282 0.09316541585104073 0.1537410369036768 0.12107106656164549
0.08095641527161787 0.11422524682974283 0.12715675672775922 0.14278155853717855 0.09445481473612082 0.17224419360166274 0.09684314405130372 0.17133787024461425
0.06847782173757609 0.10073081966910208 0.15013041239985106 0.20146163933820416 0.06216324212618443 0.1332379293135252 0.10248266001117343 0.18131547540438378
0.11206241037218415 0.07878879057617047 0.1682476804940118 0.09454654869140457 0.14508608174802606 0.13301141544219403 0.15007388681175327 0.1181831858642557
0.07914316089716125 0.10943088010890505 0.11583241636912012 0.13131705613068603 0.11481917757417308 0.1868231966585825 0.09848779209801455 0.16414632016335753
0.09038611341765365 0.13327626552133792 0.08580699028262655 0.11618956481347409 0.11401486250892559 0.24209189041502213 0.07880683526479111 0.1394274777761689
0.10485141042842046 0.06870285332772684 0.2095053461967871 0.13740570665545368 0.09901110766742117 0.10366133097066467 0.15319710876361775 0.12366513598990833
0.07088274431579746 0.09893100864066062 0.17586273431891447 0.19786201728132125 0.06304425334761733 0.11468987862113209 0.10065154792136778 0.17807581555318913
0.099764278403873 0.06849408252564794 0.24969592161802032 0.13698816505129588 0.08830358669276313 0.08073303612743045 0.152731581034803 0.1232893485461663
0.10196466634563843 0.06557756354509359 0.2751214723233462 0.13115512709018717 0.08962525827311582 0.0722881190319431 0.1462281790095072 0.11803961438116846
0.10132947720931565 0.06478099624062346 0.2842448967547152 0.12956199248124692 0.0889007793600353 0.0701241119097598 0.14445195281118126 0.11660579323312224
0.1182092724976983 0.07563771029959188 0.2107000743811647 0.09454713787448984 0.13824373304965987 0.10865483581667643 0.14055067063133117 0.1134565654493878
0.09223756216890514 0.056898162893570546 0.22540337976533786 0.11379632578714109 0.1165771536188514 0.08936594350223293 0.16916588131939184 0.13655559094456932
0.0913184225923492 0.1306450612466917 0.1504521835352371 0.1633063265583646 0.08729296505025795 0.14693612882183804 0.08307321829273331 0.14697569390252815
0.11417872621081346 0.07730118734619001 0.16607925391765974 0.09276142481542803 0.15142105844816886 0.13506621139256914 0.14724035684988576 0.11595178101928504
0.08241178664651412 0.1111359184989441 0.11554945280992031 0.1389198981236801 0.10656416661375794 0.18449096865748865 0.09422393090127869 0.1667038777484161
0.10345836684463837 0.06849152877067234 0.22393474397851953 0.13698305754134468 0.09802132298337213 0.09310034155187782 0.1527258865423649 0.12328475178721024
0.08174063076252265 0.11314605664785052 0.1299700933388354 0.14143257080981314 0.09696695008471429 0.17109643492218005 0.09592817846230806 0.16971908497177576
0.07607964625652902 0.11060129896279407 0.10790707480796655 0.13272155875535285 0.10478528049553815 0.20246202321111348 0.09954116906651465 0.16590194844419107
0.07604276750191151 0.11185158229028055 0.10265657890202552 0.13981447786285067 0.09751224550349166 0.20951428517095522 0.09483068933306395 0.16777737343542082
0.10247471290873834 0.06879572326461114 0.2188637259633565 0.13759144652922228 0.09723515969013695 0.09780273490594953 0.15340419486168513 0.12383230187630005
0.10419850403240584 0.06593952051925757 0.26334185407088934 0.13187904103851514 0.0933459011762322 0.07556875318957244 0.14703528903846388 0.11869113693466361
0.10294226956881079 0.0648084898984166 0.2796316511900935 0.1296169797968332 0.09109736839918525 0.07073469976498192 0.14451325956452896 0.11665528181714989
0.1020839808439539 0.06439937450229845 0.28554276636581977 0.1287987490045969 0.0901230648836421 0.06953219700236676 0.14360099329318493 0.11591887410413722
0.08129725377280901 0.11258548086281538 0.1437465390078645 0.1407318510785192 0.09566048501232823 0.1616472612834015 0.09545290768803913 0.16887822129422306
0.11206642297542926 0.0770210490101082 0.16350435965908475 0.09242525881212985 0.15417619551623182 0.13856838049260006 0.14670676001925373 0.1155315735151623
0.08228967152705695 0.11082188750992177 0.11477425650090478 0.1385273593874022 0.1079226031975399 0.18547370337561883 0.0939576872366728 0.16623283126488264
0.103722299449356 0.0683925844509325 0.22338569119059484 0.136785168901865 0.09889295284056263 0.09320939567785648 0.15250525547715396 0.1231066520116785
0.10472039943327163 0.06576236273232482 0.2648774556317364 0.13152472546464963 0.09346711841991294 0.07463543178485535 0.14664025361506458 0.11837225291818469
0.12071640634760741 0.07553562445783077 0.20431101701675344 0.09441953057228845 0.14164106157127257 0.10971194954153213 0.1403609738059691 0.11330343668674614
0.10799268830921534 0.06510514330936501 0.255497101790333 0.13021028661873002 0.1018657554524056 0.07696501416877856 0.1451747523943154 0.11718925795685702
0.10430737206960858 0.06478665996653463 0.27633586426423273 0.12957331993306925 0.09293659599600759 0.07097961775615387 0.14446458207463095 0.11661598793976231
0.09026301447535107 0.056497667419503864 0.24930871047634462 0.11299533483900773 0.10596927614675256 0.08139644035913877 0.1679751544770921 0.13559440180680932
0.10086587874930206 0.0651829886309788 0.2746015225069176 0.1303659772619576 0.09422946370339651 0.07207645376887614 0.1453483358428094 0.11732937953576184
0.11949792718108533 0.07537077617720454 0.20720969152936047 0.09421347022150567 0.14174771744736428 0.10884960192301671 0.1400546512546562 0.11305616426580681
0.10785596465673186 0.0650188602448805 0.25656423010765655 0.130037720489761 0.10177455824454609 0.0767323637770547 0.14498235403858425 0.11703394844078491
0.1044472797121253 0.06473943242663707 0.276685014593403 0.12947886485327414 0.09286226615312727 0.07089689218394045 0.14435927170954593 0.11653097836794672
0.10310901604742687 0.06437187464192438 0.2842711963035434 0.12874374928384877 0.09054759651684641 0.06954752014193873 0.14353967270900747 0.11586937435546386
0.09428363839350089 0.12935900538047793 0.16492994037531297 0.16169875672559741 0.08260763969571737 0.1393366838681171 0.08225545450823868 0.14552888105303766
0.10454683197420227 0.06779726150381789 0.2501345891626881 0.13559452300763578 0.09203937123853623 0.08156810245250719 0.15010871085908395 0.11821060980152862
0.08247581905540248 0.11286263868855319 0.13582105649899548 0.1410782983606915 0.0962886857369628 0.166491654303661 0.0956878893229038 0.16929395803282976
0.11574209453150852 0.07674629851114213 0.16061397887330867 0.09209555821337057 0.15397394476878856 0.13952525159965953 0.14618342573550883 0.11511944776671319
0.07159092818063229 0.0953009236107832 0.06848143937475014 0.0830828564811956 0.15498540551449103 0.26647298307092676 0.09391975080482981 0.1661657129623912
0.1015934393027268 0.06817355640037932 0.20181724639587578 0.13634711280075865 0.10946935093129463 0.10787003703310784 0.15201685561517417 0.12271240152068276
0.08172858586379668 0.11262490421166031 0.12460819224517364 0.1407811302645754 0.09980180340247807 0.1760316958632004 0.09548633183162505 0.16893735631749046
0.10493802680858841 0.06846845188660956 0.2336325837220079 0.13693690377321913 0.09659540001545384 0.0884529617772748 0.15159478154788603 0.11938089046896025
0.08256619480764375 0.1128783394172392 0.13206088172977454 0.141097924271549 0.09728920364085063 0.16908874619681627 0.09570120081026802 0.1693175091258588
0.10489770289340408 0.06832664370803163 0.2367159181438969 0.13665328741606325 0.09586498998340963 0.08712701609007452 0.15128080658188522 0.11913363518323464
0.08255996955423825 0.11287076202203986 0.13276076654670832 0.1410884525275498 0.09713310452601216 0.16858602529344502 0.09569477649694684 0.16930614303305977
0.07983752887990536 0.11006098121808908 0.10825847964062672 0.13207317746170688 0.10458173320831722 0.2010417446679411 0.09905488309628017 0.16509147182713357
0.07711630166032431 0.11170038953324274 0.10265586542643428 0.13962548691655344 0.09773946416070675 0.2089094038333859 0.09470250416948843 0.1675505842998641
0.07664793905953624 0.11176199106398789 0.10142654839955659 0.13970248882998487 0.09630286009740059 0.21176045439930147 0.0947547315542506 0.1676429865959818
0.11557936845368758 0.0858209845524102 0.15280009227764732 0.09597332852024866 0.1449928335800431 0.14699459957648917 0.14267079881517564 0.1151679942242984
0.12322577512523901 0.08157127512813314 0.1664417542161069 0.0933282302419616 0.15721480107624808 0.12748560535331005 0.13873868256864738 0.11199387629035391
0.08397430341008445 0.1192445066924499 0.11464520517791134 0.13695621568548597 0.10802219469351548 0.17991807357477047 0.09289204194319918 0.16434745882258314
0.1036659385405353 0.07620148315313775 0.22182546539136583 0.1353722507186214 0.09839724164760312 0.09177263775748441 0.15092995714449284 0.12183502564675927
0.1389335529781459 0.09373645392661754 0.21856104991328998 0.10841461964994276 0.12358882617332038 0.09831812940730636 0.12087421026642871 0.09757315768494848
0.1114846344724112 0.0706849612343288 0.2596836642069083 0.12829878023794697 0.09713850920657868 0.07419698299820149 0.14304356542947225 0.11546890221415229
0.10489613251529392 0.06909910126791796 0.27710273361814874 0.1284872383568748 0.09146339219633957 0.07005920535619965 0.14325368216803802 0.11563851452118731
0.08190376669844042 0.11976949602784617 0.14110463322532962 0.1394101769473973 0.09537366500982809 0.16058958191169898 0.09455646784258254 0.16729221233687677
0.10254804784349615 0.07578600463829674 0.2328219965066594 0.13460678180394403 0.09512727538023232 0.08788727377464822 0.1500765164291734 0.12114610362354962
0.08158240609370213 0.12086278679008416 0.13112867837939501 0.13983596784839986 0.0963014557266378 0.1676402785943518 0.09484526514934948 0.16780316141807983
0.10478562819343502 0.06841081172620056 0.2364851531155988 0.13682162345240112 0.09578933375977405 0.08695989858223059 0.1514671614939076 0.11928038967645226
0.0819797616802858 0.11996335687270991 0.13196640416884767 0.13979818141823502 0.09643846021856373 0.16727638184710766 0.0948196360923681 0.167757817701882
0.10286048922853563 0.0760199690370922 0.22919141986241479 0.13500444888912924 0.09562440846141515 0.08927537496869004 0.15051988555250675 0.1215040040002163
0.10427059079274499 0.07045365464629068 0.2662882812369127 0.13039635613539877 0.09235184603132468 0.07350034461585311 0.1453822060196162 0.11735672052185887
0.10322033256761859 0.06908183082856788 0.2798752643078634 0.12850432816804971 0.09046444511646856 0.06992716762804817 0.14327273603213903 0.11565389535124475
0.09372324655005408 0.13755721987268635 0.1627797203541527 0.1601176255954454 0.08197631883354543 0.13828886578140176 0.08145113997681352 0.14410586303590084
0.0822187959187962 0.11078951145648491 0.11552387053955605 0.1329474137477819 0.10181936777314067 0.1908062130686764 0.09971056031083643 0.16618426718472737
0.06569191412386918 0.10540959444514521 0.0616319845201578 0.08227618470820318 0.13726355549744526 0.2901665363142825 0.09300786097449053 0.16455236941640636
0.11080301842736788 0.0837729036755001 0.1371438236846259 0.09402252267076816 0.1559914560688007 0.1656684533723661 0.1397707948956494 0.1128270272049218
0.08127746719263225 0.11882973008443844 0.10745089162255167 0.13619645685387133 0.10716775292437798 0.19326522584007422 0.09237672725740839 0.1634357482246456
0.0765463659006479 0.12402072186886016 0.1014259515002716 0.13774187931803386 0.09730770737052799 0.2042421920182209 0.09342492684179689 0.16529025518164062
0.10249743155248983 0.07698630183892338 0.21679258823050848 0.13618553492584 0.09667741593339645 0.0964570377428956 0.15183670834269025 0.12256698143325599
0.10462678691044248 0.07083178286368344 0.26165564453540546 0.13098641824000087 0.09296426580743684 0.07500724399526787 0.14604008123176218 0.1178877764160008
0.08192221937767989 0.12013010161673568 0.13765837410816203 0.13961893424775204 0.09579402741679437 0.16263556238492424 0.09469805975064922 0.16754272109730245
0.0764137518567737 0.1341787338737795 0.10778694931811238 0.13709051272644993 0.09462835971437848 0.19240994686778284 0.09298313037098342 0.16450861527173988
0.10166921773352372 0.08426517462281653 0.21824168460656013 0.1348461624124194 0.09539611210325952 0.09387669440684417 0.15034340794339895 0.12136154617117748
0.1378016870276367 0.0998153364794958 0.2166084404719764 0.1078228500976975 0.12230459389498956 0.09839209556269424 0.12021443137758211 0.09704056508792773
0.11086509302918594 0.0759689643926865 0.25818588746840093 0.12753346127800283 0.09655330301202227 0.07392288376700928 0.14219029190248972 0.11478011515020256
0.10445838811601163 0.07308918770801559 0.27600059937429994 0.12789426980950136 0.09108040521439852 0.06977974046012098 0.14259256648910076 0.11510484282855124
0.08135068724818646 0.12592248533346634 0.14024653310476293 0.13837164676687355 0.0947345748434398 0.15947602312375192 0.09385207345927077 0.16604597612024824
0.10183380448699869 0.08241239329210391 0.2313597174237424 0.13353085420448804 0.09448215027205986 0.0873263740876834 0.14887693744888442 0.12017776878403923
0.10357611846091445 0.07476094595906088 0.26647339069828546 0.12957227009238836 0.0917034134341561 0.07283540669142687 0.14446341158061807 0.11661504308314953
0.10270816336280965 0.07289499830995633 0.2794088273461708 0.12784105542612312 0.09001059246033946 0.0695461767882333 0.14253323642285665 0.11505694988351081
0.061221821494870036 0.09510132272130302 0.1704560119010389 0.16725749276636231 0.07139615425653874 0.12041399305524099 0.11344421248501098 0.2007089913196348
0.07772035718878986 0.11243203501581023 0.11830577307609882 0.13491844201897227 0.10059642043117747 0.1861900882312067 0.10118883151422921 0.16864805252371534
0.07542917853857434 0.13217829290746255 0.1031906980555351 0.13664787400460685 0.09533294343910076 0.20056065840258916 0.0926829058466029 0.1639774488055282
0.07469016423882201 0.1355862709113696 0.09943437742855447 0.13599476774395675 0.09380696548340671 0.20505380347480662 0.09223992942633588 0.16319372129274806
0.10148706801880732 0.08463255525552182 0.21476240263905225 0.1351248153142254 0.09543642686471944 0.09629031299095082 0.15065408513391995 0.12161233378280288
0.08082155290107619 0.12843908938137646 0.12630832418917007 0.13866725392166124 0.09568950160789758 0.16962100106769828 0.09405257222512675 0.16640070470599347
0.10395752691408804 0.07692810838166907 0.23302510573561716 0.1355974241164239 0.0951147960026827 0.08705197737045828 0.15011192250576838 0.11821313897329261
0.12055171725874941 0.08583651770747662 0.1934948182692617 0.0938105764561659 0.1418469939614866 0.11243096198701105 0.13945572261244962 0.11257269174739909
0.10789963535307985 0.0750233438957823 0.24971838646895234 0.12894990722366562 0.10156595298691316 0.07701833414332511 0.1437695234269824 0.11605491650129907
0.10409877031818114 0.07320864556917266 0.27290126261517583 0.12832550702919962 0.09238880225623927 0.07051069207856948 0.14307336380718227 0.11549295632627966
0.10256618585454716 0.07251213812937594 0.2817036041763278 0.12747175819568982 0.08991952422708592 0.0689807094704342 0.14212149757041834 0.11472458237612083
0.10193659462022381 0.07222096947786141 0.28497157019600833 0.12709083411859098 0.08916679701620803 0.0685346882127525 0.14169679565162308 0.11438175070673189
0.10168640869684457 0.0721063119518835 0.28617676208546505 0.12694347626732783 0.08891839208485808 0.06838701762870666 0.14153250264431924 0.11424912864059505
0.10158981041289382 0.07206288481595065 0.286620338959934 0.12688850548448707 0.08883248898302633 0.06833510208392087 0.141471214323749 0.11419965493603836
0.1015532156405159 0.0720467297503641 0.2867835107682241 0.12686821222937553 0.08880197664392708 0.06831637510243355 0.14144858885872166 0.11418139100643798
0.10153951426687875 0.07204076425902908 0.2868435280509857 0.1268607431641155 0.08879097357007754 0.06830954643285975 0.14144026140834967 0.11417466884770397
0.08078292419230115 0.12562009463049667 0.1426476987086996 0.13825852279866813 0.09418771356919732 0.15881747284400835 0.09377534589822707 0.16591022735840172
0.11606852052330931 0.08566854645549532 0.1614097477982315 0.09082781072888864 0.15178006278024458 0.13653942016162657 0.14417112814109304 0.11353476341111077
0.08209139150157449 0.1263001506855518 0.11273030882546715 0.1357333045476128 0.10615849709393753 0.18204379271729654 0.09206258917142432 0.16287996545713532
0.10268250066635971 0.08300474277266381 0.21989750906575012 0.1343460858910085 0.09755113650736064 0.09182068785378035 0.14978585994116916 0.12091147730190764
0.10414030450057135 0.07510579093367717 0.26211495735737966 0.13006177957633855 0.09266583235377679 0.07384655553488793 0.145009178124664 0.11705560161870468
0.08134545969176285 0.1264574867976575 0.13714146956731513 0.13854194006126772 0.09514206645856224 0.16115367261270558 0.09396757673720768 0.16625032807352125
0.10369135875793485 0.07650293259506824 0.2373857032323108 0.13508605544740762 0.09467133673309995 0.08534946647581623 0.1495458163683145 0.11776733039004768
0.1203967860626042 0.08571143179842615 0.19482461448025012 0.09373199046575943 0.14160522102375414 0.11191266835074781 0.13933889925954684 0.11247838855891132
0.123362272474554 0.08578426604259053 0.1789437428476411 0.09217090461246796 0.15480287406654417 0.1173126141316615 0.13701824028957924 0.11060508553496154
0.10885589553294141 0.07520547024076485 0.24367156286356154 0.12923384914969474 0.10457843393100856 0.07805822656249473 0.1440860974848089 0.11631046423472528
0.08212524292489219 0.12636240234812052 0.13291354421255225 0.13839995761936347 0.09762884285851951 0.16261878529061727 0.09387127560269871 0.16607994914323615
0.10397839034928809 0.07658044887241929 0.23562108584718763 0.1352326287465361 0.0952975738448101 0.08568668106354457 0.14970807903564434 0.11789511224056994
0.08133528075840549 0.12684652094714532 0.1311338168723321 0.13870163466936675 0.09573723887640842 0.1657276549321401 0.0940758913409618 0.16644196160324007
0.10389411335239412 0.07668286374554965 0.2349607352754377 0.13535898132394147 0.09498231567301182 0.08626776832726278 0.14984795653281266 0.11800526576959
0.07163848309236774 0.1117650148577395 0.08047596671571693 0.08522136130968347 0.14046600513378865 0.24365325522560768 0.09633719104572915 0.17044272261936694
0.1004149989533508 0.08135793741820815 0.2050857552664766 0.1342696104820225 0.10528779381410856 0.10304065906474333 0.14970059556726986 0.12084264943382024
0.08050670119192689 0.12755066232138418 0.12398236876537885 0.13841401121104513 0.09765167182260699 0.17191696363039063 0.09388080760401322 0.16609681345325414
0.10393559348005951 0.07689821925279665 0.2320249300111063 0.13564828933769646 0.09559038553227957 0.0874768669770748 0.1501682323966359 0.11825748301235077
0.12055547753451398 0.08583943389437222 0.19317648395305465 0.0938189324030155 0.14200973911345505 0.11254906992930827 0.13946814428866186 0.11258271888361861
0.10791061041824337 0.07503067109774779 0.2495929383650487 0.12896208586965258 0.1016093611189007 0.0770453541393159 0.1437831017084037 0.1160658772826873
0.1041055737788295 0.07321252971757049 0.2728541166166189 0.12833098341309845 0.0924014336911864 0.0705180081443638 0.1430794695665441 0.11549788507178863
0.08129864960912074 0.12597180865616994 0.13954385284449633 0.13840576314248287 0.09503362983187402 0.15978416688301852 0.09387521326185796 0.16608691577097945
0.10359246942200408 0.07640213094608597 0.23834383503362275 0.13496486677260985 0.09456867165821811 0.08505469191901417 0.14941165552360552 0.11766167872483936
0.1203512291002835 0.08568228901158118 0.19511583853142636 0.09371391727931302 0.14154953833764772 0.11181845475054901 0.13931203225402355 0.11245670073517564
0.1077982036270322 0.07496478008595168 0.25034818424807004 0.12887910120045357 0.10145249052734935 0.07687546923560243 0.14369057999513257 0.11599119108040823
0.08192753436244707 0.12629441524658988 0.13440928269081592 0.13837325387659977 0.09694568282155966 0.16214876285115695 0.09385316349891114 0.1660479046519197
0.07878654229021026 0.12285099762590822 0.10749386046961515 0.1301722432877524 0.10342299620834895 0.1969288735426603 0.09762918246581428 0.16271530410969046
0.07528278091734104 0.13370575307873314 0.10039328424964289 0.1359506503176763 0.09552131409225116 0.2037954306607199 0.09221000630242396 0.16314078038121158
0.10157749136431625 0.08435409172232265 0.2151142045895389 0.1350505775836072 0.0957572582170787 0.09602954109348 0.1505713156044098 0.12154551982524647
0.10408470812119544 0.07541929518601619 0.2603765161319133 0.13033683744317837 0.09247204981679026 0.07469159248256203 0.14531584711948392 0.11730315369886053
0.08133749206766638 0.12653033327693688 0.13674557099808524 0.13855606219928832 0.09510337237575742 0.1614827392122981 0.09397715523082165 0.16626727463914595
0.10370308992410796 0.07651811019036825 0.23722813241602175 0.13510398209778215 0.0946836278690537 0.0854144368435627 0.14956566190719064 0.11778295875191265
0.0812819764277266 0.12682544045168054 0.1314903539205915 0.13869021520098157 0.09560039081610104 0.165615218979336 0.09406814596240491 0.16642825824117788
0.10387003722341345 0.0766721453341563 0.23510548139801132 0.1353421976873166 0.09495068666710423 0.08623944145160461 0.1498293763571433 0.11799063388125036
0.1204863142658794 0.0857677457491238 0.19412662181528842 0.09377106582203176 0.1417443884685222 0.11218159749160636 0.13939698740110992 0.11252527898643813
0.10786288964208227 0.07499920681671787 0.24996332142547592 0.12892181776630168 0.10152429419762221 0.07696062838387875 0.1437382057782498 0.11602963598967152
0.1040821783716409 0.07319954624853867 0.2729926436757482 0.1283141224374474 0.09237281983671303 0.07049530839923426 0.1430606708369749 0.11548271019370264
0.06145761021351052 0.0952309037563652 0.16882788268169113 0.16741215081944458 0.07183957227670851 0.12078818827836678 0.1135491109905798 0.20089458098333351
0.09959638695870195 0.07457691681804395 0.25234035461593673 0.1358679171881465 0.09000399232500345 0.07875410919275573 0.15041136945533518 0.11844895344607644
0.08064709098740752 0.1265876608046534 0.13502602145609094 0.1388808610029469 0.09471375809261563 0.1632901209029247 0.09419745354982484 0.16665703320353623
0.1036284481628946 0.07658077587057192 0.236571496248135 0.13521255120851206 0.09467173686330473 0.08577153052497583 0.14968585237572354 0.11787760874588231
0.09680894426176828 0.15109451371205537 0.10911775555624846 0.11522709499567586 0.11387835519253196 0.19744679263766793 0.07815402964924102 0.13827251399481105
0.10533247376718213 0.08543686020557649 0.2165398015775929 0.13275716362486778 0.09846536758271898 0.09397255578896978 0.14801433019071078 0.11948144726238098
0.0814430542327542 0.12847309159149206 0.12665021469468332 0.13847794135003366 0.09625883027603696 0.1685991693192845 0.093924168915675 0.16617352962004037
0.11639861806836091 0.08602249979004285 0.1564571102408273 0.09097143693620634 0.15273227584611518 0.13930465670024286 0.14439910624794655 0.11371429617025791
0.08212557304992688 0.12633863437851275 0.11159000316707647 0.1357006992243222 0.10632899794523097 0.18303477890924724 0.0920404742564968 0.16284083906918664
0.10272375504198025 0.08303630836491253 0.2194276407663985 0.1343886241193541 0.09761915103769701 0.09202147207095891 0.14983328689127987 0.1209497617074187
0.10416569613368909 0.07512138335097798 0.26193692880202263 0.13008300658984023 0.09269407940338147 0.07389135512861941 0.14503284466061292 0.11707470593085621
0.10299457942051315 0.07305087159388929 0.27772593748794383 0.1280478483545313 0.09034798333303933 0.06982592118528128 0.1427637951057237 0.11524306351907818
0.10217531771710921 0.07239103683248775 0.28352131628255367 0.12728714000289576 0.08937927818326828 0.06877182291614911 0.14191566206293005 0.11455842600260618
0.08091476322986967 0.12572670632793423 0.14191498470296315 0.13830388318699813 0.09433596285613823 0.1590329277970391 0.09380611207465961 0.16596465982439776
0.10420043668431912 0.07625762900545094 0.2391406002400099 0.13471769468175135 0.09428620178961009 0.0848132163767688 0.14913802585851185 0.11744619536357812
0.08136216501752606 0.12675161160528733 0.1319142584053071 0.13866089332754902 0.09550377337035972 0.16536596819787874 0.09404825808303324 0.1663930719930588
0.10465039535235601 0.07658678737005163 0.23511007088458583 0.13518011613553899 0.0948427748088648 0.08613057801637204 0.14964994541663246 0.11784933201559808
0.08144969490764312 0.12683779023459696 0.13101106282550107 0.13868969183697147 0.09563240862299721 0.16588393038284818 0.0940677909850763 0.1664276302043657
0.07928368170463788 0.12278547306936251 0.10665377355279976 0.1300244589901955 0.10303425556523979 0.19816943913737364 0.09751834424264663 0.16253057373774435
0.07534998092847955 0.1336570425451348 0.10018346280038083 0.13591043410820078 0.0954149175150661 0.2042089119516825 0.09218272922121445 0.16309252092984092
0.11394742514460697 0.09961727411409979 0.15078172730863632 0.09453190380757458 0.14321170408059794 0.14394365680771684 0.14052802416767804 0.11343828456908948
0.10756495865258091 0.08082160257013153 0.23249732373530171 0.13028989553122275 0.10301762963953946 0.0832841735023421 0.14526351039078117 0.11726090597810047
0.1043878055796691 0.07672195568742593 0.2660982455078309 0.12868986740491398 0.0930101544215711 0.07179149229913552 0.14347959843503094 0.11582088066442257
0.10263360358211943 0.07532995813610378 0.27884340390734924 0.12735827091844243 0.0900407649553264 0.06917658694857326 0.14199496772548728 0.11462244382659817
0.10181807604877668 0.0748038289085553 0.2835774023740896 0.12679497892816233 0.08906544693826203 0.06845784657376726 0.14136693919304066 0.11411548103534608
0.13532178561092667 0.09948839572502757 0.23780642224625953 0.10549961821374254 0.11832145942347916 0.09098846118571027 0.11762420120248608 0.09494965639236827
0.1092532040950696 0.07831823215331815 0.2657665108181868 0.12601147139887645 0.09480008981907374 0.07194678068788853 0.14049338676859804 0.11341032425898878
0.10359059098956895 0.07544570645789193 0.27844217926741405 0.12708843224200475 0.09027030019916506 0.06908908408767718 0.14169411773847396 0.11437958901780428
0.10202764304923236 0.07481417079199718 0.28339196484235724 0.12677725630735892 0.08910513220113003 0.06843712233787262 0.14134717979342853 0.11409953067662304
0.11869323111979893 0.08722397796075837 0.20842625314184918 0.092491966364789 0.13832371781368272 0.10635497381312159 0.1374955201482535 0.11099035963774681
0.10669833407760684 0.0774075836622967 0.25504195129998847 0.1277931923150609 0.10012825996393285 0.07543693297166328 0.14247987262589626 0.1150138730835548
0.1034060980811389 0.0756089775065633 0.27451637622931296 0.12763501410372258 0.09171613737886539 0.06994236828244853 0.14230351572459812 0.11487151269335032
0.10212246434303172 0.07494268506012898 0.2819518671531769 0.12696482561131567 0.08952126956393669 0.06867223964859481 0.14155630556963106 0.11426834305018412
0.08059197073290458 0.12981286383820043 0.14115982586937137 0.1376216357405816 0.09399132995384003 0.15833304064800968 0.09334337032839447 0.16514596288869787
0.10415506740825384 0.07656864212415268 0.23884278578993084 0.13475755232972814 0.09424023262895766 0.08477262674903856 0.14918214991325213 0.11748094305668606
0.08105061396340749 0.1304584117574595 0.13146325720277255 0.13799658454707997 0.0951300829264368 0.1647074647144152 0.09359768343193252 0.16559590145649597
0.07921341619302978 0.12319670973741313 0.10675242371982098 0.13002327679557762 0.10291955530485385 0.1978480646581494 0.09751745759668323 0.16252909599447202
0.0748612977344449 0.13947234240685405 0.09960837824933715 0.13486292912975226 0.09481812695608449 0.2030691629841664 0.09147224758365805 0.1618355149557027
0.10104396426321408 0.08936987225495163 0.21391075683137448 0.1342609786864412 0.0952300061154955 0.09565856927136539 0.14969097175936055 0.1208348808177971
0.10372219560988792 0.07867970688025124 0.25945390402382595 0.12986936398221915 0.09214439567807918 0.07445335714514575 0.1447946490965936 0.11688242758399724
0.09019908637593181 0.06656961810908088 0.24269425301777123 0.11212980696297502 0.10546009648257028 0.08170288153920068 0.16668848915690018 0.13455576835557004
0.10051083527276326 0.07465233720163289 0.2707053284746353 0.12899893564667858 0.09359788995106047 0.07161144491141445 0.14382418645980433 0.11609904208201073
0.10165018466159868 0.07494201627688223 0.28064705712353605 0.12723719871174463 0.09007143175548767 0.06907865137992204 0.1418599812502586 0.11451347884057018
0.10154211230596356 0.07470528681225959 0.28425735619627246 0.12672445986867711 0.08902503733385217 0.06840541789683471 0.14128831570433106 0.1140520138818094
0.1013926177459404 0.07457429990064073 0.2855792705560755 0.1265519798380788 0.08870102297859546 0.06820801378454025 0.14109601334185798 0.1138967818542709
0.08044501435869758 0.12968598808718912 0.14196254606665448 0.13758000816839874 0.09379500984333315 0.1581202876985604 0.09331513597508784 0.16509600980207847
0.07944534486134203 0.12315439921718965 0.10910927703740804 0.13005294431062425 0.1026643635569157 0.19546778239527185 0.0975397082329682 0.16256618038828033
0.07493135024260823 0.13951608779529837 0.10016374667431993 0.13491661659897614 0.09480156058533076 0.2022620364914766 0.0915086616932186 0.1618999399187713
0.07396826009749304 0.14337521309387896 0.09797446491071293 0.13461242863474213 0.09293053939821244 0.20430183660318385 0.09130234290008597 0.16153491436169054
0.10088754812312531 0.09004309950902405 0.21325058940420366 0.13433635884082787 0.09487776792936248 0.09592689823059458 0.14977501500611703 0.12090272295674508
0.1037129534580574 0.07880407282797154 0.2592117063598757 0.12990650112692867 0.0920952617530918 0.07451759921832295 0.144836054241516 0.11691585101423581
0.11963590885283171 0.0883190036273402 0.20110842558880254 0.0929553031577742 0.1398647599771879 0.10838593359607301 0.13818430141066135 0.11154636378932904
0.10716252008923689 0.07775978316205938 0.25220388612008693 0.12810965595748125 0.10067850405083624 0.07595425428806094 0.1428327059705052 0.11529869036173312
0.12038376329206267 0.08799766903785051 0.1985829107620892 0.09278216176067478 0.14239610867445673 0.10859187726508318 0.13792691509497323 0.11133859411280972
0.10739068336288389 0.0777475628725242 0.25116356454273353 0.12816598860447934 0.10126018533937543 0.07602711286599301 0.1428955126679792 0.11534938974403142
0.137681234307369 0.10058913880144615 0.22660544126864643 0.10606185079578115 0.12223979996148557 0.09311582057526485 0.11825104857380375 0.09545566571620304
0.11015147006470703 0.07874590593833754 0.26142167286948886 0.1264434530637602 0.09592326470093872 0.0725401115178776 0.14097501408750576 0.11379910775738418
0.12099243442852567 0.08802536512285411 0.20139984586266627 0.0926018414184547 0.14066175320772561 0.10753769346243255 0.13765885679519535 0.11112220970214565
0.12302986036671208 0.08895563419410056 0.18054276564940133 0.09164251535044392 0.15391897372415134 0.11570647813190871 0.13623275416274946 0.1099710184205327
0.09590968603592245 0.15158701778571002 0.13475392193590488 0.1558417762969841 0.0920676955075093 0.15030626974134823 0.07927603402933539 0.14025759866728565
0.10810271544380658 0.07804829898591269 0.23568113979063568 0.1345945807889107 0.09378318169319576 0.08344948427609622 0.14900173371828943 0.11733886530315295
0.12125242153347104 0.0885385725287773 0.19392259991781632 0.09337584255836923 0.14093887458887125 0.11111121632782228 0.13880946147482948 0.11205101107004306
0.08293838624592142 0.1315064456349909 0.11995198381621418 0.13536557020498302 0.10375966857676575 0.17222609191872187 0.0918131693564233 0.16243868424597965
0.08879994627534246 0.07597341029247805 0.19284874398573543 0.11578162038418846 0.11170670335846934 0.10383447616417545 0.17211715507858463 0.13893794446102617
0.13455643660896516 0.10221156678729532 0.2079332443256206 0.1083959900044458 0.1273996504801531 0.1010932811875473 0.12085343960197166 0.09755639100400121
0.11013766000657046 0.07952599099611324 0.2543587390432094 0.12735978186402133 0.09762795233249656 0.07436941976291922 0.14199665231705064 0.1146238036776192
0.1041819656522753 0.07592300882263447 0.27419781076582733 0.12761354042962397 0.09119408180723224 0.06975783195525387 0.1422795741804912 0.11485218638666157
0.13626772711307614 0.09989137037286835 0.2346148746255127 0.10570271949362585 0.11910539024649047 0.09143482663141918 0.11785064397274403 0.09513244754426325
0.09608043450638598 0.06879409650201532 0.23195819672688206 0.11060532357135704 0.1111295572183122 0.08428376098483438 0.16442224220458448 0.13272638828562844
0.09172038878404122 0.14798717454517743 0.14964712218013007 0.1590609906931551 0.08533910435626253 0.14217669342131065 0.08091363439608326 0.1431548916238396
0.0816434888573475 0.12550798258359952 0.11103750656084281 0.1303230387722745 0.10095541732521998 0.18988648835616664 0.09774227907920587 0.16290379846534309
0.07539305140637738 0.14025935435884965 0.1006859783432182 0.13506468390386034 0.0945364526349642 0.20037376871591442 0.09160908995218353 0.16207762068463238
0.10114592310520408 0.08947152913334169 0.21436987846764952 0.13423385313708913 0.09514499382349181 0.09516262571371584 0.1496607287961277 0.12081046782338023
