0.125 0.125 0.125 0.125 0.125 0.125 0.125 0.125
0.07575757575757576 0.12626262626262627 0.09090909090909091 0.15151515151515152 0.0946969696969697 0.15782828282828282 0.11363636363636365 0.1893939393939394
0.07408784041121591 0.12347973401869318 0.08890540849345908 0.14817568082243182 0.09260980051401987 0.1763901740953166 0.11113176061682387 0.18521960102803975
0.09076510169516303 0.15127516949193837 0.08168859152564673 0.13614765254274452 0.11345637711895379 0.24286777669284834 0.10211073940705842 0.08168859152564673
0.11178451178451179 0.09023569023569024 0.13973063973063973 0.1127946127946128 0.13414141414141414 0.10828282828282829 0.16767676767676767 0.13535353535353534
0.07218683555094924 0.12771517059014095 0.09023354443868656 0.15964396323767624 0.0971092722627426 0.15325820470816917 0.10828025332642388 0.19157275588521144
0.09752565933067288 0.0768014567229049 0.19505131866134576 0.1536029134458098 0.08502236967289431 0.08804131058577518 0.17004473934578862 0.13391023223480855
0.10816950891994381 0.08518348827445575 0.15333037399058036 0.10222018592934691 0.1352118861499298 0.12585506094414403 0.16225426337991575 0.12777523241168365
0.08476953112608777 0.1499768627615399 0.07390164252017908 0.13074905984339377 0.11431464751085733 0.2007074134016547 0.0886819710242149 0.15689887181207252
0.10243216800547983 0.07463609479125675 0.2029012143135861 0.1492721895825135 0.08262522500293788 0.09274792891872292 0.16525045000587577 0.1301347293796272
0.07778348230465447 0.11803568983575796 0.11397043006619025 0.14164282780290954 0.08852676737681847 0.17675514700785014 0.10623212085218217 0.17705353475363694
0.07471721154232606 0.11582791689686571 0.0994727827282732 0.13899350027623883 0.08687093767264928 0.2061306503311691 0.10424512520717914 0.17374187534529856
0.07335910295019464 0.11391314756904122 0.09603944611269531 0.13669577708284944 0.09271780267873729 0.21388316944078326 0.10252183281213709 0.1708697213535618
0.072780057052995 0.1131117814370096 0.09495884542525462 0.13573413772441154 0.09259567904129894 0.21935122387020725 0.10180060329330864 0.1696676721555144
0.061118751439542054 0.09501872642515619 0.05975796354710113 0.08551685378264057 0.12447418637256444 0.3004595863285458 0.10262022453916868 0.17103370756528113
0.06701814920732206 0.11857057167449285 0.08377268650915257 0.14821321459311607 0.09001344101386598 0.21402885567932825 0.10052722381098309 0.1778558575117393
0.13210587863506795 0.0975875373927116 0.17020894761152291 0.11710504487125394 0.117617669978932 0.13364324541607267 0.12964009851437147 0.10209157758006754
0.10651074171048952 0.0859785505373831 0.1331384271381119 0.10747318817172888 0.1524204605034701 0.1257446935670076 0.15976611256573425 0.12896782580607463
0.09309223459657891 0.07514674359000949 0.18618446919315781 0.15029348718001898 0.11070349555063301 0.08174940915374271 0.16756602227384204 0.13526413846201707
0.10466644614463023 0.07108768894825246 0.23812562217026073 0.14217537789650492 0.08721844464990683 0.07538466710423943 0.15739398774053454 0.12394776534567097
0.07079853333250287 0.09970930953104258 0.08237537899579399 0.08973837857793834 0.1300924255245293 0.24012316258879027 0.10768605429352598 0.1794767571558767
0.06659211680069196 0.11781682203199348 0.08992356205000723 0.14727102753999186 0.10244768616651499 0.19933537716177238 0.09988817520103795 0.1767252330479902
0.10135906442882257 0.0715188005839545 0.21778917278991045 0.143037601167909 0.08724653190655535 0.09600087760539842 0.15834850434542633 0.12469944717202323
0.10031362496968517 0.14180416052922118 0.11831679544172059 0.12762374447629907 0.11570989531311672 0.22393972422695343 0.09571780835722431 0.07657424668577943
0.1013129236016696 0.08178272146158871 0.14139217158504785 0.10222840182698588 0.15237842945469707 0.14626188447512345 0.1519693854025044 0.12267408219238307
0.10128077490231208 0.08175677010186637 0.14416099329152327 0.10219596262733295 0.16663174954260498 0.12941743202809272 0.15192116235346811 0.12263515515279956
0.08947796224203416 0.07222919843634083 0.20433354482935023 0.14445839687268167 0.11501486871781472 0.08341313968070337 0.16106033203566147 0.1300125571854135
0.10089155221473095 0.06868007033475512 0.2629638649200508 0.13736014066951024 0.0847834652148256 0.07350771823132923 0.15206332219009677 0.11974986622470123
0.06059721587901743 0.085584867617066 0.10475730310210213 0.10270184114047921 0.11157447618458502 0.20613840442721673 0.12324220936857504 0.20540368228095843
0.06558480239835954 0.11603465039709765 0.09689869590331597 0.14504331299637205 0.10145300093542582 0.20255635817624326 0.09837720359753932 0.17405197559564645
0.07435048051827295 0.11100765750943636 0.10040969689310994 0.13320918901132361 0.09823336279672837 0.21637123524848154 0.09990689175849272 0.16651148626415455
0.06557687843512916 0.1160206310775362 0.09624410583699058 0.14502578884692024 0.09917268519287956 0.20556364634154628 0.09836531765269374 0.17403094661630428
0.07399741158213936 0.1104095981337745 0.09985832259772164 0.13249151776052942 0.1014160153248432 0.21684409907993313 0.09936863832039705 0.16561439720066176
0.08274330843375419 0.13630270507743136 0.07891425574021055 0.1188279992982735 0.1175455943930059 0.24247615576665404 0.08059638213274202 0.1425935991579282
0.09510773742626068 0.07081212043643707 0.2001178357047465 0.14162424087287415 0.10421714741663439 0.1027586417574052 0.1579004596000552 0.12746181678558674
0.1139315322065137 0.0765883259700136 0.17951302580043432 0.09190599116401632 0.15394075565396964 0.12335535459286323 0.14588252565716878 0.11488248895502039
0.0855676864964165 0.13549246179560542 0.09421542700393624 0.11812163336027139 0.1308825755715663 0.21385697398247694 0.08011728175740147 0.14174596003232567
0.09410856992654042 0.06983512481805011 0.2102313409331776 0.13967024963610022 0.10584386398283038 0.09888572083951723 0.15572190519129384 0.1257032246724902
0.10294056542481525 0.06659920766319694 0.2655435686198982 0.13319841532639387 0.09382921166393852 0.07431121472995149 0.1474561211590522 0.11612169541275363
0.07183635797103571 0.11494758305610227 0.13616632850051028 0.14368447882012786 0.09806028508820216 0.1654280324323034 0.09745555954756499 0.1724213745841534
0.10134995334012309 0.06855202169888779 0.23932029471247576 0.13710404339777557 0.0948809870412673 0.08748628589006266 0.15177981198288545 0.11952660193652229
0.0717084134678125 0.11494568316787848 0.13058592743101374 0.1436821039598481 0.098221795285334 0.17098360316352898 0.09745394877276654 0.1724185247518177
0.13680225373756683 0.0925476304330142 0.192292144358993 0.11105715651961703 0.1281490769855216 0.11938784093705057 0.12294483749831434 0.09681905952992254
0.0731813724427518 0.11339817168116012 0.11974783157953152 0.1417477146014502 0.10455615099386129 0.1811295730150431 0.09614192816446186 0.17009725752174018
0.10346618714855833 0.0686009641523378 0.23257613783044334 0.1372019283046756 0.0963137296111695 0.09034094085784893 0.15188817459858264 0.11961193749638385
0.0728301353523676 0.09561877771431222 0.08591294900778247 0.086056899942881 0.14352297532022176 0.24067618284521572 0.10326827993145718 0.172113799885762
0.06735227450930693 0.11075842288704538 0.09563743498962829 0.13844802860880673 0.10568129075738868 0.2220810336434566 0.09390388027379934 0.16613763433056805
0.09243878562108265 0.06980505015069126 0.21499016273663318 0.13961010030138252 0.10079803949232129 0.10105392825480515 0.1556548431718399 0.12564909027124427
0.1039567741751507 0.0660396158186998 0.27018174303418463 0.1320792316373996 0.0922133563266872 0.0741661433867805 0.14621713880900564 0.11514599681209195
0.10571487211144079 0.07705669389549008 0.20637288324047579 0.0963208673693626 0.1443269410279757 0.11143526285547488 0.14318743865654499 0.11558504084323512
0.09151035676485483 0.06652742560353968 0.2576060320791134 0.13305485120707936 0.10469146170796272 0.07851427692169322 0.14834622962938548 0.1197493660863714
0.07057510948190145 0.11405258289543198 0.1381180753107006 0.14256572861928996 0.10026468561933989 0.1666481886666698 0.09669675506351842 0.17107887434314795
0.07795839458936325 0.11002060374149544 0.11004158010892652 0.13202472448979452 0.10372982261385649 0.20217542547697484 0.0990185433673459 0.16503090561224315
0.06882357122828285 0.11275301424079522 0.1037116121241509 0.140941267800994 0.09869652489598608 0.21034954149227175 0.09559494685632638 0.1691295213611928
0.06817421605356659 0.11267723244602525 0.10222591210108037 0.14084654055753154 0.09752142217637427 0.2140081309225799 0.09553069707380402 0.16901584866903782
0.07117004402133909 0.11211740767871035 0.10154794837405665 0.14014675959838796 0.09692939274576942 0.21485627303172103 0.09505606303195009 0.16817611151806552
0.07148409990095024 0.1120655747791963 0.10136489635382794 0.1400819684739954 0.09677445664494552 0.21511852393071051 0.09501211774757949 0.16809836216879448
0.1092680139440777 0.07811732703754504 0.15480455891372608 0.0976466587969313 0.14780553173757885 0.15002360235450465 0.14515831665931875 0.11717599055631756
0.1036454861255788 0.06650104992714038 0.2372496304144018 0.13300209985428077 0.10595466225047166 0.08565776575159072 0.14828741580768318 0.11970188986885268
0.13412114075979234 0.08713808278351069 0.22605672757110037 0.10892260347938836 0.1267449606580451 0.09754556728969412 0.12144057432701955 0.09803034313144951
0.10849020995042251 0.06450194161046503 0.2648666374180185 0.12900388322093007 0.09868518907321626 0.0745189411922379 0.14382970263587275 0.11610349489883705
0.10261968953478315 0.06442646402887818 0.2816881485058794 0.12885292805775636 0.09239101522621947 0.07039272050025802 0.14366139889424479 0.11596763525198073
0.10089872212587093 0.06410852988475287 0.28841664529666683 0.12821705976950573 0.09064226064003382 0.06936897528491193 0.14295245320570266 0.11539535379255517
0.1003045119692349 0.06394603031561176 0.29106000856067993 0.12789206063122352 0.09006923350049573 0.06903519703446792 0.142590103420185 0.11510285456810117
0.11738796025691507 0.07492208439296918 0.21412985780490573 0.09365260549121149 0.14053460341237847 0.10776887388911155 0.1392208881630547 0.11238312658945378
0.10529146193912503 0.06473385848953916 0.26117404933957006 0.12946771697907833 0.10195325642773907 0.07651186888202938 0.14434684266174852 0.1165209452811705
0.10203049387198863 0.06447991869737173 0.2807537049784686 0.12895983739474345 0.09314908809039125 0.07078250848509046 0.14378059482667668 0.11606385365526913
0.08055992056454686 0.11232047916460311 0.144025573217521 0.14040059895575388 0.0967814719507191 0.16220300506474444 0.095228232335207 0.16848071874690465
0.10405321906143519 0.06786383418285295 0.24258978058805114 0.1357276683657059 0.09483417571042146 0.08634852860595654 0.15025610824367933 0.11832668524189748
0.08186536342539633 0.1125228157336173 0.1351902143689722 0.14065351966702164 0.09722092113548639 0.16836316351231762 0.09539977855676249 0.16878422360042594
0.10463655346361941 0.06805858892304056 0.23902163082327793 0.13611717784608113 0.09518974867821227 0.08762273140632784 0.15068731125003687 0.11866625760940405
0.0979404991538573 0.13445982779934387 0.11197020032031622 0.11722138833788955 0.11625995085810331 0.20197578673932345 0.07950668078569897 0.14066566600546743
0.1392107684652781 0.08845482551736125 0.18127650730917494 0.11056853189670157 0.1317430878753714 0.12595893854723636 0.1232756616818449 0.0995116787070314
0.08687156316101707 0.11047649321397775 0.11965651522812992 0.13809561651747218 0.10395717948158321 0.18156303963456763 0.09366485294228548 0.1657147398209666
0.11817963769398061 0.07713174376233835 0.16020232471040383 0.09641467970292293 0.14866081698079822 0.1403862845148378 0.14332689699121082 0.1156976156435075
0.10854891019677897 0.06583759781683136 0.23967756998250273 0.13167519563366273 0.10537423371957647 0.08357079995595428 0.1468080166243971 0.11850767607029646
0.10454241987487116 0.06488161398128425 0.2724140308800543 0.1297632279625685 0.09443004171734819 0.07250544506228053 0.14467631535528158 0.11678690516631166
0.07074199020935154 0.09699968703090324 0.196441315894485 0.19399937406180648 0.06288150229739826 0.10565005574072801 0.09868663810970157 0.17459943665562586
0.07935876286017265 0.11215579580614242 0.12500591297474367 0.1345869549673709 0.09822642935962632 0.18149223409720233 0.10094021622552818 0.1682336937092136
0.09101111820927879 0.13244449479943324 0.0884696203434372 0.1154644313636085 0.11493247013606356 0.24080554189131403 0.07831500562053445 0.13855731763633017
0.10545920000690126 0.0679960518548147 0.21164458509302858 0.1359921037096294 0.10105163403268436 0.1038424849924943 0.15162104697178086 0.12239289333866647
0.12131241156628134 0.07588060029827261 0.18918851517778273 0.09485075037284074 0.14565974852217112 0.11828506261322859 0.141002011002014 0.11382090044740889
0.1081933635355752 0.065149362568132 0.2511160256855119 0.130298725136264 0.10371476243070747 0.07898555327969542 0.14527335474147643 0.11726885262263761
0.08246484154584842 0.11221071119458223 0.13708241508617447 0.14026338899322777 0.09902666402118232 0.16550074418040034 0.09513516818671101 0.16831606679187333
0.11839269664888843 0.0761811722301801 0.16126089073382602 0.09141740667621613 0.1534271466406783 0.1399419340007882 0.1451069947241526 0.11427175834527016
0.08303632513396061 0.11027607735614035 0.11480057904143733 0.13784509669517545 0.1084882341318518 0.18664463645745277 0.09349493514977118 0.16541411603421052
0.10351632094874755 0.06813162539360312 0.2241051757542276 0.13626325078720625 0.0994789839543456 0.09394436172496169 0.1519233557284225 0.12263692570848563
0.1042049727725921 0.06545588101194152 0.26690861336614674 0.13091176202388305 0.09389934344101335 0.07484199644077828 0.1459568451221502 0.11782058582149475
0.10277284739732735 0.06436330186615706 0.28295979466755417 0.12872660373231412 0.09131054526817299 0.07049240701082651 0.14352055669856514 0.1158539433590827
0.1018722837068024 0.06395650331411402 0.28891760392864013 0.12791300662822805 0.09025107618253334 0.0693543636305659 0.14261345664371097 0.11512170596540523
0.10146070332196888 0.0638075351473293 0.2911254586746238 0.1276150702946586 0.0898412941415623 0.06901509528882867 0.1422812798658358 0.11485356326519275
0.09336538628647044 0.12879483961358548 0.16818614885406938 0.16099354951698186 0.08266830545743066 0.13920085703884438 0.08189671866733425 0.14489419456528366
0.10697600876795962 0.06720269095164991 0.2522061123400614 0.13440538190329981 0.09150524393950088 0.08173835663808866 0.14879228277451176 0.11717392268492803
0.07298383647025102 0.09907721328580159 0.08447946336732709 0.08637500645428857 0.14168090704745656 0.2450122488223197 0.09764131164397838 0.17275001290857714
0.11346018308110253 0.07582792893600714 0.14627750059534558 0.09478491117000892 0.15918424013866106 0.15581920606989558 0.14090413660496848 0.1137418934040107
0.10863975384837087 0.06591258490009802 0.2335922617267546 0.13182516980019604 0.10790724181446193 0.08650510846196231 0.14697522662797977 0.11864265282017644
0.08317340324118119 0.11215057899379557 0.13294593724714096 0.14018822374224446 0.09988565441758399 0.1683461473291424 0.09508418653821799 0.16822586849069335
0.08053529008199047 0.10948445074938071 0.10861458551655706 0.13138134089925682 0.10493856712544046 0.20228308382886082 0.09853600567444264 0.16422667612407105
0.07717761950367416 0.11118849825135764 0.1029617373669324 0.13898562281419705 0.09805031375367225 0.21058495154610954 0.09426850938702061 0.16678274737703644
0.1166705851210972 0.077250847026782 0.15476182566863092 0.0965635587834775 0.14696221199587453 0.1483664851201685 0.1435482157437964 0.115876270540173
0.1436498432790572 0.08643099148010468 0.19462537226515775 0.10803873935013084 0.13792451200072298 0.11164054442680167 0.12045513178290708 0.09723486541511775
0.11406537433784911 0.06466529088288717 0.25243607711717114 0.12933058176577433 0.10150608107314357 0.07740512410109202 0.1441939471328857 0.1163975235891969
0.0843148476143026 0.1120409409800115 0.13734712033105026 0.1400511762250144 0.09845470502515144 0.16473856578444282 0.09499123257000976 0.16806141147001724
0.1058874427757695 0.06784200296891284 0.23956937687964713 0.13568400593782567 0.09568582900475832 0.08683494973072249 0.15020777214118264 0.11828862056118136
0.08292611635868186 0.11236419757808876 0.13442047296809226 0.14045524697261094 0.09731348185231764 0.16870888995643496 0.09526529794664047 0.1685462963671331
0.10569944354373478 0.06793627264997344 0.2384424723703624 0.13587254529994688 0.09556985819692694 0.08760992676349927 0.15041649296534615 0.11845298821021012
0.082890654754419 0.11236898343912648 0.134154546427361 0.14046122929890806 0.09728713593984335 0.16901461945717564 0.09526935552447678 0.16855347515868968
0.10570051410441429 0.06794235609022889 0.23833695685627007 0.13588471218045778 0.09557281466594869 0.08766908866621882 0.15042996220221616 0.11846359523424525
0.08289059584011325 0.11236899139622461 0.13412958461456068 0.14046123924528076 0.09728751080997891 0.16903922872879268 0.09526936227071217 0.1685534870943369
0.10570116651395547 0.0679427683085657 0.2383280429571484 0.1358855366171314 0.09557349907602046 0.08767379766576526 0.15043087488750403 0.11846431397390945
0.06124464976457331 0.08302497767417662 0.0991014947817234 0.10378122209272075 0.11980330071768575 0.2081640075484291 0.11731790323524954 0.2075624441854415
0.09968850429650161 0.06852545969776642 0.21777864009477138 0.13705091939553285 0.1025124080351086 0.09829669357887234 0.1528015474454672 0.12334582745597958
0.12086358341883703 0.0758187655051886 0.19113272807274673 0.09477345688148574 0.1460260263269561 0.11677018250124194 0.1408871090357609 0.11372814825778288
0.09799506356224608 0.12791520667459685 0.14122080394405423 0.15989400834324607 0.09303932411533844 0.15469359899872812 0.08133738685286866 0.14390460750892148
0.12231994993622602 0.07606019279132117 0.1624677661880208 0.09127223134958541 0.15201456724413157 0.13689844560597864 0.14487655769775462 0.11409028918698175
0.08468247505524994 0.11018467272389218 0.11506333276946086 0.13773084090486523 0.10816208901333244 0.18548214052927872 0.09341743991808249 0.16527700908583826
0.1373452086754414 0.08927319128513636 0.18370142531167605 0.11159148910642046 0.13030179172134843 0.1229383710736078 0.12441618263059118 0.10043234019577842
0.11328508266384044 0.06512718908676168 0.24859997085935528 0.13025437817352337 0.10045815047213598 0.07982237720071664 0.14522391118749545 0.11722894035617103
0.10628266099656561 0.06453418894290466 0.27551015300494963 0.12906837788580933 0.09297537334614805 0.07156609635221589 0.14390160937417845 0.11616154009722837
0.10384003594183641 0.06400889176089021 0.2858741324462308 0.12801778352178042 0.0906945801695092 0.06961829592930002 0.1427302750608507 0.11521600516960237
0.10293002947457137 0.06377456785302062 0.28977542087150465 0.12754913570604123 0.08991542751363324 0.06905342872577278 0.14220776772001908 0.11479422213543711
0.10258636904054548 0.06368254368431386 0.291233065552054 0.12736508736862773 0.0896355014239875 0.06886628673995292 0.1420025675587536 0.11462857863176495
0.10245676354186248 0.06364771462147287 0.2917763695901549 0.12729542924294573 0.08953288139422032 0.06880005134370676 0.14192490394698573 0.11456588631865117
0.09442663213187007 0.12860029725391262 0.16826412254267709 0.16075037156739078 0.08251992972379503 0.13899029726803014 0.08177301510167269 0.14467533441065167
0.08337528700732723 0.11002530114922378 0.11713900622675821 0.13203036137906854 0.10148283596418846 0.19188648551529672 0.0990227710343014 0.16503795172383567
0.0779927554238605 0.11143190989326852 0.10509165760863566 0.13928988736658568 0.09750542205133643 0.2070656226895088 0.09447488012690158 0.1671478648399028
0.10357479638383417 0.06839466086670437 0.2202492072815861 0.13678932173340874 0.09746212858995643 0.09790961001002985 0.15250988557441242 0.12311038956006787
0.1053432029757888 0.06547457088475261 0.26528726707555056 0.13094914176950523 0.09352278060693356 0.07557028834592885 0.14599852074898567 0.11785422759255472
0.12144946571315003 0.07505942753249853 0.205840727531812 0.09382428441562315 0.1419080104906709 0.10985284260263103 0.1394761004148667 0.1125891412987478
0.10877584466263769 0.06465655022852405 0.2574128023729323 0.1293131004570481 0.1022477500837116 0.0770377050055717 0.14417445677823126 0.11638179041134332
0.08336523616154332 0.11201078199963187 0.13846449762408114 0.14001347749953985 0.09859515200507737 0.1645690187109907 0.09496566299968791 0.1680161729994478
0.1062611889403666 0.06776136058981763 0.23992018269223414 0.13552272117963526 0.09562388593334538 0.08673342404458219 0.15002922328392668 0.11814801333609228
0.08302748493468184 0.11234351970896014 0.13449247452976246 0.1404293996362002 0.09728811561759962 0.16865595929958502 0.09524776670977056 0.1685152795634402
0.08101034789076868 0.10942710862545986 0.10893383660574345 0.13131253035055185 0.1043072961082779 0.2023838197180946 0.09848439776291387 0.16414066293818977
0.07738964939434993 0.1111552909299913 0.103012873993448 0.13894411366248913 0.09789427888620433 0.21063050138484227 0.09424035535368827 0.16673293639498693
0.07580379521056092 0.12246451439520445 0.1004988751778466 0.1369550658028172 0.09537751513040808 0.21166289329700175 0.09289126202278035 0.1643460789633806
0.10184174275983121 0.08273533359131972 0.21574389793959534 0.13454143285961834 0.09595941637777558 0.09808722966516632 0.15000365723303713 0.12108728957365648
0.12050064329355631 0.08654637458406274 0.18937208396608066 0.09362686745044871 0.14268160908895672 0.11573755383957009 0.13918262683678645 0.11235224094053846
0.1082989744202313 0.07490011770702074 0.249452547407394 0.12844803409980485 0.10223154627905115 0.07785557704957757 0.14320997234709584 0.11560323068982438
0.10435819953743945 0.07286689981715681 0.2746831158569491 0.1276298096361782 0.0926476049756521 0.07064982837238475 0.14229771313167927 0.11486682867256037
0.10268444784700977 0.07208275793483689 0.2844598672091892 0.1266653852114727 0.08997016899730037 0.06891607423976104 0.14122245187010463 0.11399884669032542
0.10197370834445697 0.07175231992770924 0.28816563582242616 0.12623172477987266 0.08912672899221352 0.06840237697984666 0.14073895285158936 0.11360855230188538
0.08105531010380078 0.1251276445011327 0.14426116607617917 0.13765057827555074 0.09442319428958304 0.15893841190576263 0.09336300091733007 0.16518069393066087
0.10175336372290758 0.08196780225791739 0.23393509524004752 0.13278102714112494 0.09447472614722656 0.0875441248332855 0.1480409362304781 0.11950292442701244
0.12015536477391937 0.08619084436110352 0.19510930649818795 0.09333323312954357 0.1418139056090562 0.11265134617568419 0.13874611969705283 0.11199987975545227
0.10801660204390237 0.07471373444840525 0.2517349566783818 0.1281952071410463 0.10185822365217376 0.07717750045338537 0.14292808915576355 0.11537568642694165
0.10421224748982065 0.0727858809620599 0.27555386875498694 0.12752247860559102 0.09249781200305841 0.07047943439709835 0.14217804704235298 0.11477023074503193
0.11986621599051715 0.08415922822189087 0.20790523909353004 0.09244002651084879 0.14002979198258708 0.10725315832073382 0.13741830806687372 0.11092803181301854
0.0833161727053604 0.12594033375402922 0.12439603677507752 0.13548209314753012 0.10443298339631188 0.17196166613589517 0.09189220230875957 0.1625785117770361
0.1027675588192304 0.08244518111467487 0.2254381212473478 0.13333414065292482 0.09709520697578249 0.09026144808340017 0.14865761651900722 0.12000072658763233
0.10413017607445818 0.07458748759146644 0.2658965978361867 0.12914050647243724 0.09251902323271242 0.07351772560200719 0.14398202736553825 0.11622645582519353
0.12009878576713558 0.08461063829132472 0.204981605254931 0.09268111783988493 0.1403403546801709 0.10829345023850387 0.13777670652018717 0.11121734140786192
0.10764488452538079 0.07426102598285823 0.25561752242491903 0.1277312966664131 0.10120840962558957 0.07616783017833527 0.14241086359673225 0.1149581669997718
0.10398746316434669 0.07262938058241232 0.27702821485663637 0.1273348731678116 0.09223764261103432 0.07021215878709341 0.14196888097963475 0.11460138585103045
0.10251702312934098 0.07199366239156177 0.2853427331543769 0.12655336115939894 0.08981197900982979 0.06878566269998612 0.14109755341204627 0.11389802504345906
0.10190499940325569 0.07171901006041032 0.28849706988479995 0.12618980343898353 0.08906674694066297 0.06835933349184613 0.14069221368495624 0.11357082309508518
0.10165719404722164 0.07160784201596437 0.28968532658856044 0.12604534053370867 0.0888178325046731 0.06821450950314527 0.1405311483263886 0.1134408064803378
0.1015595335663297 0.07156471901700903 0.29013197718323486 0.12599019066734152 0.08873040473051301 0.06816234289391343 0.1404696603410509 0.11339117160060735
0.10152175101668591 0.07154831681386556 0.290299761938362 0.12596938281899467 0.08869879203204332 0.0681430896999846 0.14044646114296866 0.11337244453709519
0.10150730307626767 0.07154212858123289 0.2903627815100025 0.12596155969456227 0.08868717127408147 0.06813591319570543 0.1404377389430418 0.11336540372510602
0.10150181743443026 0.07153980110218001 0.2903864515218303 0.12595862129618085 0.08868285950813722 0.06813322712254839 0.14043446284812997 0.11336275916656277
0.1014997435698965 0.07153892664028946 0.2903953422097724 0.12595751782916445 0.08868125120407325 0.06813221993580092 0.14043323256475496 0.11336176604624798
0.11887373944470538 0.08378470627938406 0.2125685370190121 0.09219916923165772 0.13848155370319637 0.10639303369968041 0.13706025754437476 0.11063900307798925
0.10709427454497752 0.07397279701583019 0.2586196819765303 0.12739585277133664 0.10056928790129831 0.07565496960897557 0.14203686868684845 0.11465626749420298
0.09105787647423637 0.06364367736663078 0.24413014154574939 0.11162880483971445 0.10766748779547083 0.08197373031926385 0.16594371585127698 0.13395456580765733
0.07933808092119053 0.12402753449640476 0.13432011487173762 0.1384685503442751 0.09886714698639483 0.16489851260292393 0.09391779936394311 0.1661622604131301
0.10167663140525703 0.0821019883883583 0.22989352236039112 0.13323896109560698 0.09575117059481346 0.08887116275397695 0.14855149841554985 0.11991506498604627
0.10374345653325566 0.07445038702363771 0.2676578541085834 0.1289726094241483 0.09211802570400883 0.07318748403830612 0.14379483468632653 0.11607534848173347
0.1199655777136468 0.0845687117294942 0.20553722744075034 0.09265389408273357 0.1401748235593442 0.10817885599803019 0.13773623657672035 0.1111846728992803
0.14163377560093046 0.09773003899352697 0.21048480414488466 0.1050683527512368 0.13315729153183126 0.10022084710569468 0.11714337239578193 0.0945615174761131
0.11213448279170495 0.07537104013767074 0.25697189661686276 0.12673330034300653 0.09910964808968718 0.07432148953889066 0.14129817217347143 0.11405997030870588
0.13950198413660694 0.09662857200438883 0.23052362699006143 0.10567392664521287 0.12191684602314165 0.09282996812441292 0.11781854209548359 0.09510653398069158
0.06624668227828183 0.09786665983085811 0.15814076263066265 0.16486874040939356 0.07652333596243813 0.12668731516289583 0.11182401523419738 0.1978424884912723
0.10269767782906855 0.06830658142124597 0.25003116622522714 0.13661316284249195 0.09142534726928651 0.0805910225973784 0.1512363870295393 0.11909865478576222
0.07193593371696332 0.1103482880189022 0.08356189525990984 0.08524394786985104 0.14021293585308303 0.2418463798626265 0.09636272367896205 0.17048789573970208
0.10049975331351718 0.08088121964055132 0.2067349872105893 0.13360768477192186 0.10560639694422491 0.10346044402651697 0.1489625977979487 0.1202469162947297
0.09103690065501735 0.06537721689455382 0.22593114684786844 0.11348441702933404 0.11050946505568253 0.08877734508052686 0.168702208001816 0.13618130043520088
0.1015661484609032 0.07267768335025346 0.2664409633564207 0.12948566287524094 0.09552221728851787 0.0734033770842231 0.14436685099672386 0.11653709658771685
0.1023798092730395 0.0723182114512771 0.2814545208096224 0.12715059503542603 0.09087692454745422 0.06962097873717318 0.14176342461412422 0.11443553553188342
0.1020166992994042 0.07186444561436348 0.2870537505746533 0.12638801041054676 0.08941552000493928 0.06859916505991676 0.14091319966668422 0.11374920936949207
0.10173448983882041 0.07166320462342264 0.2891467939746195 0.12611576896654558 0.08893567188402667 0.06829020786952572 0.14060967077314857 0.11350419206989103
0.10159642116256369 0.07158520622065033 0.28993043182908024 0.1260158840191573 0.08877145902338227 0.06818799561701328 0.14049830651091122 0.11341429561724159
0.10153749296016784 0.07155588230781884 0.2902241701738231 0.1259788528262066 0.08871343745509461 0.06815217723901008 0.14045701949429304 0.11338096754358594
0.10151380046444336 0.07154492206121148 0.29033436405161084 0.12596505132565408 0.08869247447279578 0.068139209580056 0.14044163185113973 0.1133685461930887
0.1015045576524084 0.0715408244770092 0.29037572427911407 0.1259598914805373 0.08868478849697956 0.06813443227257031 0.14043587900889754 0.11336390233248357
0.10150101012873201 0.071539290476241 0.29039125354209405 0.12595795873370674 0.0886819439632641 0.06813265615520969 0.1404337241404163 0.11336216286033605
0.10149966088847319 0.07153871550357807 0.2903970853762874 0.12595723393470015 0.08868088505603142 0.06813199265608628 0.14043291604361344 0.11336151054123011
0.08095643823256461 0.1250594711120003 0.1447653190751324 0.1376191760784167 0.09430957847579784 0.15880530369619228 0.0933417020357957 0.16514301129410003
0.08829942892714318 0.155916801359857 0.12703826884120312 0.15787270596156547 0.08198035945053793 0.16649784097470524 0.08030915911957896 0.1420854353654089
0.1083224083001726 0.06833291988423493 0.23584751215097266 0.13666583976846985 0.09280358827866664 0.08758845080580227 0.15129470255198937 0.11914457825969164
0.0824221429264799 0.12485560052888153 0.13230036252870164 0.1382883573338611 0.09548687045344582 0.16690505593198648 0.09379558149601015 0.1659460288006333
0.10247371571927126 0.08224752563340795 0.22903767748249879 0.1333052572131289 0.09506588615963191 0.08926979266112989 0.14862541363911536 0.119974731491816
0.10395860733362654 0.07448871489796678 0.2673237727280782 0.12900999435443203 0.09199811656862238 0.07327528310461255 0.14383651609367273 0.11610899491898884
0.10289401478794627 0.0725038213883476 0.2817657671501649 0.12708951243325675 0.0901015137888346 0.06956948719041031 0.14169532207110866 0.11438056118993108
0.1021244857765645 0.07187816652464195 0.28716816005235957 0.12637233936946862 0.0892435093417478 0.06858250587733311 0.14089572762536276 0.11373510543252176
0.10175552823290264 0.07166181282882098 0.289189095816057 0.12611018568272622 0.08889619354125768 0.0682845709554289 0.14060344582835296 0.11349916711445361
0.13568382448003807 0.09559824059400406 0.24200914604490775 0.10517985926226782 0.11853893533905481 0.09106042710948628 0.11726769383420009 0.09466187333604104
0.10978007146053209 0.07446871620782984 0.26963779290328 0.1256494168272722 0.09516835940853537 0.07212144510774825 0.1400897229402572 0.11308447514454499
0.12126539819496426 0.08429828396881785 0.2057868136616115 0.09231247594741235 0.1407621220157715 0.10757123948703098 0.1372286955874966 0.11077497113689481
0.09636374921519741 0.14524278673264726 0.14287251593556968 0.15620751049492906 0.09045062344615035 0.14881397330438878 0.07946208142568131 0.14058675944543614
0.08396665105718691 0.10998177669655118 0.11132335933666099 0.1319781320358614 0.1032325425829376 0.19556127421907912 0.09898359902689606 0.16497266504482672
0.07641657943096632 0.13090441812590345 0.10166993037121158 0.13560592597557738 0.09585723676079266 0.2048426048944641 0.09197619327039162 0.16272711117069286
0.101923899534081 0.08374528340458887 0.21617379636832923 0.13444349215342322 0.09600149715808716 0.0968184277887719 0.14989446065463752 0.1209991429380809
0.08108990663159849 0.1278327249028051 0.1275091545974029 0.13806458016072398 0.09600673209123817 0.1701756032273934 0.09364380219596931 0.16567749619286876
0.11603917213137055 0.09385110665973494 0.16096408050232103 0.09464503027316815 0.14415676079634185 0.13607361905243265 0.14069619425682908 0.11357403632780178
0.08235699870894583 0.12762367248691175 0.11321399209617511 0.13521367064397613 0.10499771853116768 0.18262740093196406 0.09171014182808816 0.16225640477277137
0.10289025245179181 0.08294142506374891 0.22078139077403486 0.13379281140517646 0.09755420242318423 0.09245738743879767 0.14916900017860718 0.12041353026465881
0.08129625408524575 0.12770188592747045 0.12862729335846565 0.13808813745156634 0.0963820035548099 0.16853888049602173 0.09365978018454064 0.16570576494187958
0.08835801400061041 0.15652035186352323 0.12279801946692014 0.15787587525520883 0.0823564640660275 0.16969221629254636 0.08031077132547579 0.14208828772968793
0.09953646971241663 0.13286965677642237 0.12886815979209176 0.1594435881317068 0.08551685897619708 0.17136190265309212 0.08340126148427743 0.13900210247379569
0.07935910243968274 0.13580667489516485 0.10581490319951456 0.13578412523134872 0.09219516821843785 0.19600201688566585 0.09209705885256697 0.16294095027761846
0.10253678024397499 0.08427656284433777 0.21796450856815563 0.13432674999476407 0.09509764962964648 0.09513937186399934 0.149764301859834 0.12089407499528768
0.10437514084909714 0.07503364000011709 0.2630805394485 0.12955025461573716 0.09236195585607344 0.07456437410921371 0.144438865967098 0.11659522915416345
0.120235333686872 0.08472644167203619 0.20412207638922683 0.09274526660820963 0.14037088811534265 0.10863360562565981 0.1378720679728012 0.11129431992985155
0.10770897020621836 0.07429756862680788 0.25527952901331774 0.12777151997563713 0.10124371228599231 0.0762486223291757 0.14245570958477752 0.11499436797807341
0.1040148808153497 0.07264248935754988 0.2768995096700122 0.12735088863688515 0.0922556227771408 0.07023407193739824 0.14198673703246747 0.11461579977319664
0.10252837276037066 0.07199848140493019 0.28529411048168246 0.12655935225927092 0.0898196269068274 0.06879240611226793 0.14110423304130656 0.11390341703334386
0.1019098083232886 0.07172076896365986 0.2884786783324937 0.12619197937475135 0.08906975766406577 0.06836158621351035 0.1406946396909541 0.11357278143727623
0.0810427113209013 0.12511759010827625 0.1443318676227713 0.13764594153853096 0.09440840115288074 0.15891850241035527 0.09335985600004709 0.16517512984623717
0.10174891575910494 0.0819645986303137 0.2339637534096257 0.13277766821124648 0.09446929393365765 0.08753867739159953 0.14803719127433002 0.11949990139012184
0.10361714525743855 0.07432694456303839 0.26922028726990793 0.12877849715289633 0.09171963184841431 0.0728584324808268 0.14357841398987098 0.11590064743760668
0.10274870468064871 0.07243561143244756 0.28248290742447957 0.12699965610034913 0.08998492629721357 0.06945336460893407 0.14159513896561315 0.11429969049031423
0.11937727685354353 0.08403825402661544 0.21011841945817422 0.09235400625312189 0.13910114490962572 0.10689565781889016 0.1372904331762827 0.11082480750374628
0.12310204017811681 0.08497316470888636 0.18475094573584577 0.09142764788886854 0.15416478658807822 0.11595489818384103 0.13591333924972102 0.10971317746664225
0.10887327725689096 0.07464193337929195 0.2472101813230454 0.12827906362199185 0.1046665149734037 0.07785628931151199 0.1430215828740715 0.11545115725979266
0.10454016083071636 0.07286612565684016 0.2737678753557997 0.12767957653030096 0.09320094182545899 0.0706805014189342 0.1423531995046788 0.11491161887727086
0.10275449270785933 0.07210173549644618 0.2841050887835563 0.12669971666043914 0.0901091704849323 0.0689393219987177 0.14126072887365376 0.11402974499439521
0.11933228413880172 0.08395508969276355 0.21060373160802506 0.09230981572929141 0.13908609077343703 0.10671646818794324 0.13722474099458842 0.1107717788751497
0.08321563493589527 0.12588926162640304 0.12501479667882695 0.13546899514387878 0.10422098863376186 0.171744210363166 0.09188331844541343 0.1625627941726545
0.07648794600094141 0.1345100632256317 0.10503175622675376 0.13596988989803793 0.09633089896474108 0.19628252204931854 0.09222305575693009 0.1631638678776455
0.10186651235298141 0.08413728217203702 0.21764508501361018 0.13436593083477422 0.09603195571020896 0.09521591059258944 0.14980798557250197 0.12092933775129679
0.10422914172803642 0.07502531249224574 0.26295876514531363 0.12956559335924198 0.09257030153798246 0.07458588419243839 0.1444559675214235 0.11660903402331778
0.08156640987815508 0.12601546749385026 0.13849147189035588 0.13794421536553417 0.09530361170723273 0.16158360176091213 0.09356216346531884 0.165533058438641
0.07641620584204274 0.13493488135769305 0.10836232817247439 0.13644165306968375 0.09467454362648343 0.19289736999204277 0.09254303425595942 0.16372998368362046
0.07449925433147331 0.14240194600295156 0.10028908064688122 0.13443520401850376 0.09333036088741498 0.20253977091280298 0.09118213837776777 0.1613222448222045
0.07392317303498283 0.14389627873251248 0.09817776772152065 0.1339752574723589 0.09275506203333411 0.20563197740503428 0.09087017463342603 0.16077030896683064
0.11362309529642706 0.1013278301873063 0.1503894753365315 0.09408043734939632 0.1425794477925014 0.1452463002633399 0.13985688895522197 0.11289652481927556
0.10776655442546543 0.08091017878464518 0.23330495979917934 0.12964972182151555 0.10328841388131466 0.08384565716990079 0.1445497644786151 0.116684749639364
0.0916547139818701 0.06701578140594898 0.23501463001029668 0.11214336983898536 0.10887901634268078 0.08401179333040666 0.166708651283029 0.13457204380678245
0.07918364336872899 0.12803932307931754 0.1318678899896646 0.1379167729388193 0.09881375812132165 0.16513493463445258 0.09354355034111222 0.16550012752658314
0.07514181422595936 0.14477018480130394 0.10579890797848661 0.13461080571621528 0.09441660766127617 0.1924274706193457 0.09130124213795471 0.16153296685945834
0.10079268290219728 0.09248992258444366 0.2165929325931236 0.13303228964119415 0.09495942987407795 0.0940826065607664 0.1483210751671224 0.1197290606770747
0.10355627683753005 0.08038993341839268 0.26180135877515254 0.12876217347184465 0.09196096158929372 0.07408312547944274 0.14356021430368351 0.11588595612466018
0.08089907985898857 0.1331789014093408 0.13752893749806064 0.13676189341523592 0.09451803698297528 0.16023863798591204 0.0927602407512035 0.1641142720982831
0.10126740244867921 0.08957163368483144 0.2299612654257626 0.13186447139542654 0.09410877681171917 0.08752938100399023 0.14701904497370688 0.11867802425588386
0.10319912241882924 0.07951913300294024 0.26696653246480373 0.12813782766557175 0.09136310404348848 0.07262612018269235 0.14286411532265983 0.11532404489901459
0.07009216286907924 0.11525385579294216 0.19248422433047813 0.1897096562770123 0.06138199677356078 0.10383493598409263 0.09650447732352366 0.17073869064931108
0.11734796346450942 0.07731552485612887 0.18112581667802952 0.09277862982735464 0.14354415280337904 0.12464695869377895 0.1472676663926264 0.11597328728419329
0.060707562289012654 0.09613634991390535 0.08665629044070916 0.09919161690718709 0.12849422391305415 0.21830106882667652 0.11212965389508105 0.19838323381437417
0.09818836110444594 0.08453464490515646 0.20912933537968575 0.13443730171777868 0.10336084477325506 0.09946838179281077 0.14988755878086665 0.12099357154600081
0.11899087531176951 0.091336617972534 0.18655225484162127 0.09305056565222797 0.14448154434979907 0.11560154758248047 0.1383259155068941 0.11166067878267356
0.08250417960204481 0.13426075945052746 0.1186318196081665 0.13415795342871412 0.1046197645851227 0.17384188905931794 0.09099409015164958 0.16098954411445696
0.10207351689295426 0.09014933328585933 0.22175466683691672 0.1323344704483352 0.0967165068810599 0.09032742340822905 0.14754305884314386 0.11910102340350169
