Action: 0
[0.17426928065489017, 0.10431777812581944, 0.15334308005942382, 0.08188325684967002, 0.23647150980654966, 0.08594858080430677, 0.08188325684967002, 0.08188325684967002]
[0.14432152157795314, 0.09291371851199, 0.3124216775918451, 0.0836730426482457, 0.115650911725229, 0.0836730426482457, 0.0836730426482457, 0.0836730426482457]
[0.28342196548447146, 0.08502736596027788, 0.17859469607071785, 0.08502736593865064, 0.11284103368832873, 0.08503284098025217, 0.08502736593865064, 0.08502736593865064]
[0.125, 0.125, 0.125, 0.125, 0.125, 0.125, 0.125, 0.125]
[0.14214595923459028, 0.08530066691646226, 0.321575782795257, 0.08529981343428546, 0.1097625320716874, 0.08531561867914673, 0.08529981343428546, 0.08529981343428546]
[0.2676507050704925, 0.08470013322837974, 0.2018721775085446, 0.08470013322837974, 0.1069764512790641, 0.08470013322837974, 0.08470013322837974, 0.08470013322837974]
[0.125, 0.125, 0.125, 0.125, 0.125, 0.125, 0.125, 0.125]
[0.125, 0.125, 0.125, 0.125, 0.125, 0.125, 0.125, 0.125]

Action: 1
[0.1111111111111111, 0.1111111111111111, 0.1111111111111111, 0.1111111111111111, 0.1111111111111111, 0.2222222222222222, 0.1111111111111111, 0.1111111111111111]
[0.1111111111111111, 0.1111111111111111, 0.1111111111111111, 0.1111111111111111, 0.2222222222222222, 0.1111111111111111, 0.1111111111111111, 0.1111111111111111]
[0.09391357368723754, 0.09391357368723754, 0.09391357368723754, 0.09391357368723754, 0.1878271473744751, 0.24869141050209967, 0.09391357368723754, 0.09391357368723754]
[0.125, 0.125, 0.125, 0.125, 0.125, 0.125, 0.125, 0.125]
[0.10109951515280109, 0.10109951515280109, 0.10109951515280109, 0.10109951515280109, 0.19120387877759135, 0.20219903030560218, 0.10109951515280109, 0.10109951515280109]
[0.08981728368917181, 0.14202133359343966, 0.08981728368917181, 0.08981728368917181, 0.08981728368917181, 0.3190749642715294, 0.08981728368917181, 0.08981728368917181]
[0.125, 0.125, 0.125, 0.125, 0.125, 0.125, 0.125, 0.125]
[0.125, 0.125, 0.125, 0.125, 0.125, 0.125, 0.125, 0.125]

