Action: 0
[0.13718749680152564, 0.09478126925468348, 0.2767901520343183, 0.09097513336929844, 0.09098345759170975, 0.12733222420986745, 0.09097513336929844, 0.09097513336929844]
[0.09455132352593909, 0.09455132352593909, 0.2533581725936484, 0.09455132352593909, 0.17933388625071703, 0.09455132352593909, 0.09455132352593909, 0.09455132352593909]
[0.09894768607117892, 0.09865611556696029, 0.2104536072587218, 0.09865611556696029, 0.09866201326833396, 0.19731223113392407, 0.09865611556696029, 0.09865611556696029]
[0.125, 0.125, 0.125, 0.125, 0.125, 0.125, 0.125, 0.125]
[0.12188753171060006, 0.095024721648852, 0.20676165578144642, 0.09502472160549293, 0.10120174724471495, 0.19005017879790762, 0.09502472160549293, 0.09502472160549293]
[0.13552106191702515, 0.15835332183604695, 0.15449950612906607, 0.09159608737365879, 0.18455273985275894, 0.09228510814412652, 0.09159608737365879, 0.09159608737365879]
[0.125, 0.125, 0.125, 0.125, 0.125, 0.125, 0.125, 0.125]
[0.125, 0.125, 0.125, 0.125, 0.125, 0.125, 0.125, 0.125]

Action: 1
[0.09637453651136288, 0.19274907302272576, 0.09637453651136288, 0.09637453651136288, 0.20836141622801058, 0.11701682819244916, 0.09637453651136288, 0.09637453651136288]
[0.1111111111111111, 0.1111111111111111, 0.1111111111111111, 0.1111111111111111, 0.2222222222222222, 0.1111111111111111, 0.1111111111111111, 0.1111111111111111]
[0.09445906668089812, 0.09449053552580354, 0.09445814726631281, 0.09445814726631281, 0.18213013266891917, 0.25108767605912796, 0.09445814726631281, 0.09445814726631281]
[0.125, 0.125, 0.125, 0.125, 0.125, 0.125, 0.125, 0.125]
[0.09653359453335725, 0.09872549058319602, 0.09642440658057475, 0.09642440658057475, 0.11268174231214154, 0.30636154624900613, 0.09642440658057475, 0.09642440658057475]
[0.0946978443219339, 0.0946978443219339, 0.0946978443219339, 0.0946978443219339, 0.17157881628776764, 0.26023411778062905, 0.0946978443219339, 0.0946978443219339]
[0.125, 0.125, 0.125, 0.125, 0.125, 0.125, 0.125, 0.125]
[0.125, 0.125, 0.125, 0.125, 0.125, 0.125, 0.125, 0.125]

