Action: 0
[0.10614535721718499, 0.10175898225373091, 0.28330037612509046, 0.10175898202581743, 0.10175935630072407, 0.10175898202581743, 0.10175898202581743, 0.10175898202581743]
[0.10148350953265194, 0.10148350953265194, 0.2830062190408292, 0.10148350953265194, 0.10809272376325929, 0.10148350953265194, 0.10148350953265194, 0.10148350953265194]
[0.16525897770789907, 0.09897207530497665, 0.24044964743856698, 0.09897207530497625, 0.09934908964035236, 0.09905398399327608, 0.09897207530497625, 0.09897207530497625]
[0.125, 0.125, 0.125, 0.125, 0.125, 0.125, 0.125, 0.125]
[0.10235324998227223, 0.10235170287666051, 0.2835364824469261, 0.10235170287666051, 0.10235170287798742, 0.10235175318617212, 0.10235170287666051, 0.10235170287666051]
[0.23450548999793372, 0.09903096409035843, 0.17054838851299722, 0.09903096409035843, 0.09979130103727686, 0.09903096409035843, 0.09903096409035843, 0.09903096409035843]
[0.125, 0.125, 0.125, 0.125, 0.125, 0.125, 0.125, 0.125]
[0.125, 0.125, 0.125, 0.125, 0.125, 0.125, 0.125, 0.125]

Action: 1
[0.10233121738518515, 0.10233121738518515, 0.10233121738518515, 0.10233121738518515, 0.10247647806322363, 0.28353621762566544, 0.10233121738518515, 0.10233121738518515]
[0.1111111111111111, 0.1111111111111111, 0.1111111111111111, 0.1111111111111111, 0.1111111111111111, 0.2222222222222222, 0.1111111111111111, 0.1111111111111111]
[0.10223958644669091, 0.10223967508377318, 0.10223958391433277, 0.10223958391433277, 0.10303380500520412, 0.2835285978070007, 0.10223958391433277, 0.10223958391433277]
[0.125, 0.125, 0.125, 0.125, 0.125, 0.125, 0.125, 0.125]
[0.10057414103564306, 0.10057414103564306, 0.10057414103564306, 0.10057414103564306, 0.11563541096823095, 0.2809197428179107, 0.10057414103564306, 0.10057414103564306]
[0.09945127844339686, 0.09945127844339686, 0.09945127844339686, 0.09945127844339686, 0.22977549764021588, 0.17351683169940296, 0.09945127844339686, 0.09945127844339686]
[0.125, 0.125, 0.125, 0.125, 0.125, 0.125, 0.125, 0.125]
[0.125, 0.125, 0.125, 0.125, 0.125, 0.125, 0.125, 0.125]

