0.125 0.125 0.125 0.125 0.125 0.125 0.125 0.125
0.06578947368421052 0.10964912280701754 0.05921052631578946 0.09868421052631579 0.13157894736842105 0.21929824561403508 0.11842105263157893 0.19736842105263158
0.08769198837691987 0.1551473640514736 0.07644942576449425 0.13525667635256675 0.10523038605230385 0.18617683686176836 0.0917393109173931 0.1623080116230801
0.1337461832712469 0.10532511932610693 0.16049541992549626 0.12639014319132832 0.11659923669801012 0.10733853487057958 0.13991908403761213 0.11018627867961955
0.07363055662519166 0.12271759437531943 0.10134848734759799 0.14726111325038332 0.09203819578148957 0.16848182611925142 0.1104458349377875 0.18407639156297914
0.07201146578955131 0.12001910964925219 0.09455818794727419 0.14402293157910262 0.09001433223693912 0.19132810963967517 0.10801719868432698 0.18002866447387825
0.06011801025842608 0.10019668376404346 0.05893551392315456 0.09017701538763913 0.12023602051685216 0.2817703069094394 0.10821241846516692 0.18035403077527826
0.060734187167638926 0.10745279268120733 0.05294775291537753 0.09367679361951409 0.12146837433527785 0.270471006211201 0.10589550583075506 0.18735358723902817
0.0941155365126036 0.07597278248607761 0.1882310730252072 0.15194556497215522 0.08470398286134323 0.09887208594498682 0.16940796572268646 0.13675100847493968
0.0947894110651362 0.07464666121379478 0.22292242323625747 0.14929332242758955 0.08263692246704182 0.08028426177050552 0.16527384493408365 0.13015315288559087
0.08957976813386176 0.14929961355643628 0.11068037319562327 0.13436965220079264 0.11197471016732721 0.22269685227488867 0.1007772391505945 0.08062179132047559
0.08145639516222895 0.14411516067163585 0.07841244612990861 0.12563885802142613 0.09774767419467476 0.2366469151016209 0.08521592109279337 0.15076662962571136
0.09242670602060316 0.07460950967928208 0.1986753061917505 0.14921901935856416 0.08318403541854283 0.10122023507146384 0.16636807083708566 0.13429711742270772
0.09189637066076434 0.07236839189535194 0.2450494586258966 0.14473678379070387 0.08011478467861506 0.07942385512261935 0.16022956935723012 0.12618078586881876
0.07006320787845029 0.11677201313075049 0.1290733414733032 0.14012641575690057 0.08757900984806286 0.17613318039873158 0.10509481181767544 0.1751580196961257
0.05872686697108703 0.0978781116184784 0.06777541021724696 0.08809030045663055 0.11745373394217407 0.2881866153331654 0.10570836054795667 0.1761806009132611
0.0658363274353323 0.11647965623174175 0.0918190962784835 0.1455995702896772 0.07900359292239875 0.22778778134175545 0.09875449115299846 0.1747194843476126
0.0919868252524922 0.07243962488633762 0.22122591385914997 0.14487924977267524 0.08019364252781372 0.10258247166459712 0.16038728505562744 0.1263049869813066
0.06922876648011227 0.1153812774668538 0.12868571559126502 0.13845753296022453 0.08653595810014032 0.18479568348095496 0.1038431497201684 0.17307191620028065
0.06827744800391287 0.11379574667318815 0.10809776563240388 0.13655489600782575 0.0853468100048911 0.21481754166212666 0.10241617200586933 0.1706936200097822
0.06717489706588453 0.11195816177647422 0.10255061588988422 0.13434979413176906 0.09110236076101114 0.22416458211143883 0.1007623455988268 0.1679372426647113
0.08207568466656671 0.13679280777761121 0.09315087607919516 0.12311352699985009 0.11912241153929894 0.27954143148768024 0.09233514524988756 0.07386811619991004
0.04682540467565337 0.08284494673384829 0.06796020440925772 0.10355618341731035 0.09365080935130674 0.2809865728888693 0.11706351168913344 0.2071123668346207
0.09029676358219331 0.07289015855430063 0.20182082439965296 0.14578031710860126 0.08126708722397397 0.11420838928558878 0.16253417444794793 0.13120228539774112
0.12024349909531457 0.09469175553756022 0.21773195438877474 0.11363010664507227 0.11975217817762811 0.10909516284741165 0.12579319905355985 0.09906214425467838
0.080495302190311 0.14241476541362713 0.10361984137422735 0.12415646215546983 0.09659436262837319 0.21952104166771796 0.08421046998370994 0.14898775458656377
0.06556477965105056 0.11599922553647408 0.10067213641738706 0.1449990319205926 0.07867773558126069 0.22174108311194823 0.09834716947657586 0.1739988383047111
0.10640449232891257 0.0785859750940379 0.1505703829619558 0.09430317011284549 0.14216957535049138 0.16039986990300867 0.14968757160769125 0.11787896264105686
0.0484271534346185 0.08567880992278659 0.08049663451884853 0.10709851240348323 0.096854306869237 0.2461796744575135 0.12106788358654624 0.21419702480696645
0.08891904398628256 0.07177802345880639 0.20989001825967873 0.14355604691761278 0.08774517999040014 0.10885696598605914 0.1600542791753086 0.12920044222585153
0.07347918925313211 0.1123200043862485 0.12448463456724952 0.1347840052634982 0.10112325065982088 0.18424090534305448 0.10108800394762366 0.16848000657937276
0.052816856136356755 0.08188499269042819 0.07791137018039923 0.09826199122851384 0.12392389776374278 0.250762520069315 0.11791438947421659 0.19652398245702768
0.05417793286184075 0.09585326583248749 0.056565811604635474 0.0835643855975532 0.12182046801253994 0.3264252768290374 0.09446408806679926 0.1671287711951064
0.08780130978471454 0.0708757560912756 0.20131824874072204 0.1417515121825512 0.08887359045030252 0.12376086417365188 0.15804235761248617 0.12757636096429606
0.07290742953051253 0.11150691379651477 0.12206661440007124 0.13380829655581772 0.10284356635244842 0.18925058625299992 0.10035622241686329 0.16726037069477212
0.07448436812194296 0.10967019118714492 0.10407282440050641 0.1316042294245739 0.10429005930733252 0.2126698687093516 0.09870317206843043 0.16450528678071738
0.062268473643113505 0.09139293714668512 0.06280691138363219 0.08225364343201662 0.14140526348987742 0.296661111922222 0.09870437211841993 0.16450728686403324
0.07390533696396219 0.13075559616701002 0.07547112685654123 0.11399205819688055 0.10145785444351532 0.2903112050196888 0.07731635251614505 0.13679046983625662
0.1152037588280817 0.09299580531905391 0.17357788273862856 0.11624475664881738 0.11436774793505497 0.15338553886483594 0.1296042286815919 0.10462028098393564
0.12610778758580074 0.09112908537213489 0.20780119300503425 0.11391135671516861 0.113410690040577 0.11811700434773585 0.12700266188989695 0.10252022104365174
0.12630542702429706 0.09035187653958013 0.22152256676476464 0.11293984567447517 0.11237209912035039 0.10894282418915742 0.12591949958034768 0.10164586110702764
0.1013636985700272 0.0665679515832395 0.2689006630933484 0.133135903166479 0.08283013001298505 0.07894274420862725 0.1484365965154624 0.11982231284983111
0.09640124299741547 0.06575146153238788 0.28904366885327776 0.13150292306477576 0.07956415288612168 0.07276797434147336 0.14661594556625 0.1183526307582982
0.128000560782444 0.08791702868042664 0.2507154854713643 0.1098962858505333 0.10609005790478411 0.09594776653698513 0.12252615750798264 0.09890665726547997
0.07913633690556529 0.11346180163703043 0.13920498183968097 0.14182725204628802 0.08545009598511817 0.17453095382981074 0.09619587530096059 0.17019270245554563
0.07554360232052892 0.11016515374593214 0.10801695955680281 0.13219818449511858 0.10205921069673739 0.20762052019464292 0.09914863837133893 0.16524773061889822
0.07490110360512618 0.1129343900595958 0.10463563638499633 0.14116798757449475 0.08457944739620739 0.21663112788313718 0.09574872200704862 0.16940158508939368
0.10301140338350627 0.06907669744894229 0.2235060010500855 0.13815339489788458 0.09441085697950884 0.09845873781780369 0.15294148722924136 0.1204414211930276
0.07096506102406998 0.09518309124726773 0.08363517224320235 0.08566478212254096 0.14447946861747532 0.24594512195331264 0.10279773854704914 0.17132956424508192
0.07334055842485333 0.11143467277328807 0.09789022175565434 0.13929334096661009 0.08683360933443662 0.22957836501656836 0.09447722256865729 0.16715200915993209
0.10026658809580619 0.06917298206767389 0.22024522143477182 0.13834596413534778 0.08925953421804195 0.10395291664131424 0.154245425685231 0.124511367721813
0.10352583488595637 0.06597392649077757 0.2709290007763618 0.13194785298155515 0.0912980396193608 0.07522218643592685 0.146071697236398 0.11503146157366345
0.09552613809476626 0.13584241656734458 0.12073946854562681 0.11842672213563375 0.10763952982363062 0.19938944673476408 0.08032421153547332 0.1421120665627605
0.0771497853675342 0.11156610392683743 0.10682988486043767 0.13945762990854677 0.09056050450752497 0.2124982822095878 0.0945886533292752 0.1673491558902561
0.10040517040288886 0.06869880635756577 0.22351556398676714 0.13739761271513154 0.09275835797635423 0.10037855249349013 0.15318808462418396 0.12365785144361839
0.10071722057671585 0.06577104041188692 0.2708072393616113 0.13154208082377383 0.08932674287605225 0.0767881996632515 0.14665960354531202 0.11838787274139645
0.09898737685042794 0.06450471330348512 0.2890478230813762 0.12900942660697023 0.08714674236574647 0.0713595507480987 0.14383588309762202 0.11610848394627322
0.07855060170446197 0.1124830176048515 0.1483271485941129 0.1406037720060644 0.09211144547243905 0.1638334515458102 0.0953660366649828 0.16872452640727725
0.09867320502682966 0.07512702673980572 0.23991724143818913 0.13438384999225134 0.09120415920355496 0.08992108851050462 0.14982796409583843 0.12094546499302622
0.09934013196007419 0.07010955960044402 0.27660675083240926 0.12989730900325042 0.08811982114885678 0.07419304364244594 0.1448258057095941 0.11690757810292537
0.09808064261896486 0.06873729261152614 0.29069673964234 0.127926417421013 0.0863571568291559 0.07043956652122771 0.14262840867686072 0.11513377567891167
0.09731152823604404 0.06824837387925867 0.2960547738823657 0.1271649294484154 0.08558535526174718 0.06940719637372005 0.14177940641487508 0.11444843650357385
0.11414640424969069 0.08012534796448824 0.21931482539336625 0.09334766709506677 0.13384727374225716 0.10843370428480224 0.13876757675624854 0.11201720051408012
0.10446198560814698 0.06983431560909543 0.26617760945886754 0.12853717964280567 0.09496284604840637 0.07703323897926374 0.1433093629748893 0.11568346167852511
0.10153343332194699 0.06867469651173877 0.2860300693664792 0.1278039860020356 0.08751626855371294 0.07092605206088043 0.142491906781374 0.11502358740183205
0.10026136866514565 0.06813872923703312 0.29379988902989623 0.12693717450572103 0.08568273741552693 0.06941116744111968 0.14152547665040838 0.11424345705514895
0.09971124205052666 0.06789915544744761 0.2967800834323861 0.12654718854979843 0.08512711097735436 0.06895207843468396 0.1410906714129842 0.11389246969481859
0.09948459616760943 0.06780254497937735 0.29791673718682676 0.12639249439034314 0.08493688710438298 0.06879529625061984 0.14091819896953184 0.11375324495130884
0.0993943759987866 0.06776511587263628 0.2983496039061863 0.12633300183368706 0.0848678255428103 0.06873850598697184 0.14085186920860335 0.11369970165031835
0.07971902376365148 0.11913961603342153 0.149692236432741 0.1388227244581876 0.09076200212835471 0.16111910602739568 0.0941580218064229 0.1665872693498251
0.08777555275689433 0.14413205575270888 0.13098755852840127 0.16001615998753427 0.08092048243190925 0.17075412169054724 0.08139952486322394 0.14401454398878083
0.10445616281846917 0.0683236302206464 0.2382540901972662 0.1366472604412928 0.09258278959256995 0.08933355135915491 0.15127413447306326 0.11912838089753731
0.120640738187853 0.08044535840831997 0.19981268931914717 0.0937172861463592 0.13933319569323344 0.11427294856830134 0.13931704030115488 0.11246074337563106
0.10749516906362228 0.06978351115073046 0.2571166203065288 0.1283070673046825 0.10065320246440256 0.07811526424537475 0.1430528048904445 0.11547636057421425
0.1377437374087755 0.09123564320434537 0.23456469632550114 0.10606734346657341 0.12210039645898527 0.09457040152406705 0.11825717249183632 0.09546060911991607
0.11075465758383041 0.0693920939598191 0.27051267097460013 0.12612142672332496 0.09561748350323741 0.07347640445445837 0.14061597874973694 0.11350928405099246
0.10422147579006409 0.06799369790377516 0.28663548922151344 0.12649141521171967 0.0900562728794988 0.06973088699966523 0.1410284883032158 0.1138422736905477
0.13675819084424481 0.09041741303719529 0.24501988698971622 0.10527686320574146 0.11841296139908346 0.09198966164677863 0.11737584599207292 0.09474917688516729
0.11055208261646447 0.0690418087638525 0.27462359259371105 0.12556528480089635 0.09448273886070195 0.0727298140342094 0.13999592200935757 0.1130087563208067
0.10434684154785925 0.06782917001033367 0.2881625343310833 0.12621810156334135 0.08965603819749242 0.06946725896106781 0.1407237639818149 0.11359629140700721
0.10252889176596117 0.0675200123434648 0.2936387001451307 0.12579931888248758 0.08837035258631082 0.06866648473730429 0.1402568525451018 0.11321938699423881
0.13642002181197502 0.09017889875504277 0.2474357546881308 0.10503849733183664 0.11772325913960321 0.09155883484359134 0.11711008583116711 0.09453464759865297
0.08734248508921716 0.11934814386971074 0.13601872364578171 0.13568398052885056 0.09924472535014349 0.16751203026210748 0.09202913461956821 0.16282077663462066
0.10427691296099086 0.07513464791300785 0.23297015375016827 0.13331664406745528 0.09537292364704372 0.09030562886870032 0.14863810913192402 0.11998497966070974
0.10489720300279685 0.069538254675452 0.27231990026689074 0.12870509076159406 0.0914101871361607 0.07379821113001318 0.14349657134165786 0.11583458168543465
0.13820832114751366 0.09087610327874801 0.23995056131830805 0.10566134047155257 0.11916509343609137 0.0932388644722701 0.11780450945111903 0.0950952064243973
0.11144794970772952 0.0691635124754068 0.2725193932086977 0.12572818842435088 0.09476236202796368 0.07304567718141304 0.14017754739252253 0.11315536958191579
0.08367432424093744 0.11861456071364129 0.14319263370021665 0.13793082435550083 0.09543181440297306 0.16208577249292047 0.09355308086720926 0.165516989226601
0.10331706108753805 0.0750228109650923 0.23626497873526792 0.13324184705281433 0.09446867017353879 0.08921225359574958 0.14855471604246612 0.11991766234753289
0.10462159852835125 0.0694564582463582 0.27364642059441124 0.12856573426852508 0.09112953515679753 0.07352989311225995 0.14334119925162422 0.11570916084167256
0.08248981338616482 0.1188651869478808 0.14354350789173276 0.1382127211383004 0.0947718093347 0.16251741551102233 0.09374428042423853 0.16585526536596046
0.1029835168093627 0.07500794620820628 0.23636427828749776 0.13317473313210432 0.09486914817521834 0.0892632285393406 0.14847988902937603 0.1198572598188939
0.1044826953746333 0.06940479555681059 0.27359372701389595 0.12846194483768963 0.09171964871256627 0.07349595636876091 0.14322548178172262 0.11561575035392066
0.1380074549142947 0.09074151586991605 0.2402630305357348 0.10550897718960493 0.11982882722782767 0.09305747902983579 0.1176346357621416 0.09495807947064443
0.1113530515147774 0.06907686391050108 0.2725082128647909 0.12557003308791068 0.09553052710657757 0.07294706574129409 0.14000121599502877 0.1130130297791196
0.1398738356119658 0.09042972613054984 0.2393971647655511 0.10515623266529026 0.12058431597309191 0.09267676351304094 0.11724135194174898 0.09464060939876123
0.08812184023864217 0.1192761033624742 0.13403794020266613 0.13555127263909597 0.10055845728389956 0.16785373505544193 0.0919391240508651 0.16266152716691515
0.11871196385232186 0.0853037074181475 0.1646604420325126 0.09459309305200328 0.14575437149053866 0.13684572440282555 0.14061898608924667 0.11351171166240394
0.1096955230431255 0.07079063469524356 0.24221699439092492 0.12951160742767537 0.10388150709617112 0.08294750942542391 0.1443957772365276 0.11656044668490785
0.10563541169463328 0.06873032030404015 0.2753991649507708 0.12770205466956527 0.09318977035643862 0.07203316786945768 0.14237826095248543 0.11493184920260874
0.08263660954646769 0.11864544952229945 0.14392047160543892 0.1380375819717998 0.09572202030933945 0.16176727829762194 0.09362549038087292 0.16564509836615976
0.11731069123436909 0.08537989168798552 0.16833174246665958 0.09476058668789644 0.1443311389734367 0.13530526829560255 0.14086797662857442 0.11371270402547572
0.10924954663803782 0.07073415486412094 0.24381206414692533 0.1294010625166107 0.10347623817220702 0.08259344948683774 0.14427252791031075 0.11646095626494965
0.1225388918940258 0.07980166987284155 0.20043303456251105 0.09267477119537992 0.14414701331108015 0.11142762192284228 0.1377672718068633 0.1112097254344559
0.14377027968256575 0.09138811324548987 0.21124242426935316 0.10503293203254535 0.13511778837264293 0.101814942630334 0.11710388093777818 0.09452963882929082
0.08875181493223706 0.11920556621763219 0.12710619668692894 0.1353347231971026 0.10408810597298776 0.1713196781185535 0.09179224703803482 0.16240166783652313
0.10484245295590246 0.07520855051635586 0.22886881278010782 0.13343114210378335 0.09765099523416197 0.09114425261848319 0.14876576589780025 0.12008802789340502
0.10514399833416221 0.06953989041597139 0.2704741561030426 0.12868227232110263 0.09291455546701993 0.07395995178633033 0.14347113048337862 0.11581404508899237
0.10361511851351343 0.0680139681564451 0.2866508743960448 0.12651102860551836 0.09047376397609996 0.06982496483379669 0.14105035577361524 0.11385992574496652
0.10263949974413891 0.0674756054801926 0.29287919723775097 0.12567761414976522 0.08941317797071141 0.068683891832093 0.1401211608505591 0.11310985273478869
0.10217701505571554 0.06727533669369753 0.2952745504445341 0.1253633575389163 0.08898436195981664 0.06832756834084669 0.13977078818144847 0.11282702178502468
0.10197968949981888 0.0671997138459338 0.2961963903626904 0.12524427653300826 0.0888162216039929 0.0682058375283449 0.13963802174650325 0.11271984887970744
0.10189943432644306 0.0671709223299685 0.29655143340107987 0.12519886090941934 0.08875111754933633 0.06816186994984846 0.1395873867154272 0.11267897481847738
0.08178877311561224 0.11818315206411474 0.14888060023577804 0.13767831476254788 0.09498335456350585 0.15989001405226452 0.09338181349111944 0.16521397771505744
0.11691522237893877 0.0852193945775775 0.16988390798414574 0.09461058317008696 0.14456114341843068 0.13463206234222855 0.14064498632448746 0.11353269980410434
0.1090190760610488 0.07061634510908146 0.24431497683721967 0.12918870524662293 0.10417978868460474 0.08237550793763003 0.1440357654018318 0.11626983472196063
0.10534148758927539 0.06861489322801062 0.2761335484753559 0.12749747721076513 0.09367738328247853 0.07183730837152795 0.14215017235289784 0.11474772948968862
0.08253762647342931 0.1185441388028418 0.14405303106342587 0.13792501606550644 0.09629231540137258 0.16158871158342933 0.09354914133138698 0.1655100192786077
0.1029220679060828 0.07491110261386366 0.23644120372293495 0.1330241797575255 0.0956357171572924 0.08903193380848051 0.1483120332520471 0.11972176178177295
0.1044264329696347 0.06934442743905854 0.27352218225117647 0.12835210676271885 0.0923253274769401 0.07340960648902291 0.14310302052500146 0.11551689608644695
0.1033296089354099 0.06791956043374138 0.28783321220367986 0.12635539514567667 0.09031522950679903 0.0696503020632552 0.14087683608032905 0.11371985563110902
0.12013496151095926 0.07901767198140273 0.2148235842997098 0.09199138873445332 0.13968124346102032 0.10721010565123658 0.1367513778798739 0.11038966648134399
0.08430731323678782 0.11796073473410222 0.1280098892207759 0.13566128452402879 0.10554427566720745 0.17370922038066122 0.09201374080760213 0.16279354142883454
0.07763206686779577 0.12321633914466358 0.10726550493976732 0.1367865799914508 0.09788890773566214 0.20028972064106595 0.0927769846898536 0.16414389598974097
0.10291617373906067 0.07613933845381356 0.22074975234878613 0.13460764887374915 0.09719483685679164 0.09716788259412518 0.15007748314729943 0.12114688398637424
0.10500976207052642 0.06984100574675466 0.26732253692218994 0.1291332632866379 0.09323904644239778 0.07526049681961089 0.1439739517539082 0.11621993695797411
0.08251318499119892 0.11879016755446377 0.14194930255537294 0.13806097275037524 0.09629629517473567 0.1630755542427138 0.0936413554306893 0.16567316730045029
0.07753720125331738 0.12372741458939751 0.1108408122589288 0.13728851461832423 0.09613444391365007 0.19660796851805137 0.09311742730634164 0.16474621754198904
0.10281178688921462 0.07612000685840867 0.222366518116986 0.13451895368262728 0.0967288908355293 0.09640819067462691 0.14997859462824265 0.12106705831436457
0.12146966931248346 0.08080469699021035 0.1938844142043167 0.09337886354937446 0.14369633192212128 0.11589743538138318 0.13881395238086114 0.11205463625924934
0.10916901788069894 0.06963813419723862 0.2540204296150066 0.12793276181813 0.10316741907139017 0.07829726957503494 0.14263548220618372 0.11513948563631698
0.08322912660356993 0.11862131694700496 0.13867382009946466 0.13787884531036598 0.09848743622700605 0.16413701492529242 0.09351782551485692 0.16545461437243913
0.1026503122284801 0.08091167710964736 0.23302747002844063 0.1321267018872648 0.09580978639955189 0.08924860824541 0.14731141240266687 0.11891403169853833
0.0815664748810529 0.12663218053770608 0.13299149390012463 0.137158681973502 0.09630760794655978 0.16772377548908574 0.09302936690376656 0.16459041836820237
0.13412794122827323 0.10746889712214124 0.18874086890199296 0.10834865696737842 0.1250602079786384 0.11793896973297749 0.12080066679795771 0.09751379127064057
0.11193138093507295 0.0768689038499465 0.25090360482116103 0.12709919034099146 0.09871213368813034 0.07838940284180439 0.14170611221600088 0.11438927130689229
0.10541929243289998 0.07254204561703988 0.2781136351367091 0.12645545328100669 0.09199326564956753 0.0706780064956738 0.140988393434197 0.113809907952906
0.12041889844956927 0.08349915395907766 0.21117714133597087 0.09161918784120544 0.1399694604534826 0.10717505629775409 0.13619807625349348 0.10994302540944653
0.08381540474932661 0.12508674961342842 0.12644573759679395 0.13447694273648078 0.10505452511102814 0.17253786079224784 0.0912104481169174 0.16137233128377693
0.07674039598391223 0.13370578324837676 0.10589478079993932 0.13503638750471708 0.09685181316576964 0.19813727667972922 0.09158989761189508 0.1620436650056605
0.1020837680712899 0.08366623339310213 0.21891099615242252 0.13348313163587774 0.09644754251830749 0.0964497794104407 0.14882373034626964 0.12013481847228995
0.10448580978751154 0.07446147087078024 0.2659575731347901 0.12849246729106245 0.09279572227422168 0.07490422404023966 0.14325951203943826 0.11564322056195618
0.13754229878936422 0.09592006692592617 0.23671596562880645 0.10494342059210483 0.1204054222898201 0.09301966487943875 0.11700408236164525 0.09444907853289435
0.08701012316097857 0.12745645115549775 0.13253698449504003 0.13409077214931683 0.1004626534123939 0.1665855653289254 0.09094852371866709 0.1609089265791802
0.10362314125608954 0.08203559819806872 0.23007207469797503 0.13208044400211458 0.09629362559449607 0.08976287833654761 0.14725983831280534 0.1188723996019031
0.10441255722352451 0.07392998246104174 0.27032733831112277 0.12788516193818214 0.09236493311711023 0.07340096931238306 0.14258241189227172 0.11509664574436393
0.10308425484597519 0.07183099710686021 0.28605860178689224 0.12584095784937846 0.09016329922359821 0.06946175023705563 0.14030327688579955 0.1132568620644406
0.1021791245441654 0.07114720446507387 0.2921398858878697 0.12504278926729567 0.0891697632448157 0.06836934376861657 0.1394133784815968 0.11253851034056611
0.10174064729903606 0.07090200533295801 0.2944881690589745 0.12474033256821736 0.08875997067091912 0.06802641392497939 0.13907616183351995 0.1122662993113956
0.08128554979137463 0.1242262292769844 0.147778564580163 0.1366474525240442 0.09455550452225234 0.15884713630349848 0.09268261997282999 0.16397694302885304
0.101866800876234 0.08137517725303597 0.23690409344506344 0.1317266478130649 0.09465795886946628 0.08804995674666152 0.14686538196471563 0.1185539830317584
0.09359556994156874 0.14567855531542132 0.1539568664781899 0.15765878419040918 0.0828143615948101 0.14420261866354622 0.08020033804468642 0.14189290577136826
0.14155042187898886 0.0915322297885854 0.20159511287008758 0.10983867574630247 0.1245999948454111 0.1135308414361424 0.12159592919411588 0.09575679424036626
0.0876695146073637 0.12644698401144502 0.12392742884998705 0.13407277183853572 0.10131561419827256 0.17474404547592878 0.09093631481222424 0.16088732620624285
0.07742635686859359 0.133923673711097 0.10525995974830052 0.13496758230267422 0.09597328452814506 0.19894481434225358 0.09154322973572687 0.16196109876320905
0.07523091476541247 0.13495340115948595 0.10051112209100022 0.1345212917750584 0.09441697887463074 0.20770021286995471 0.09124052833438744 0.16142555013007007
0.10188026496036238 0.08397158163905931 0.2165714429097794 0.13370678689600704 0.0960668962014191 0.09839382991634359 0.14907308927062274 0.12033610820640632
0.10452695619118899 0.07456566440383856 0.26503425931541413 0.12861297927585133 0.09279686204605145 0.0753177235103434 0.14339387390904618 0.11575168134826619
0.08193257658317679 0.12524461470238296 0.14077099155629566 0.13700510759738063 0.09562762291665988 0.16208775411337176 0.09292520341387557 0.16440612911685676
0.10226827392087856 0.0816944846992399 0.23394529433423625 0.13205040301308577 0.09512119523081485 0.08884864123806446 0.14722634485190308 0.11884536271177719
0.10396911946258895 0.07380680607826867 0.27191795953785636 0.12774216002915748 0.09200899233589381 0.07316404309449966 0.14242297543549348 0.11496794402624175
0.10292373447381084 0.0717769801378901 0.28668676631122564 0.12576926400388672 0.09004029880208897 0.06938727506923652 0.14022334359836322 0.11319233760349803
0.08155157029565988 0.12449000206305416 0.14593607981722778 0.13675697835419148 0.09490018899705188 0.1594998993901596 0.09275690705762553 0.16410837402502976
0.13304262075139184 0.11195621554046538 0.19267516205851257 0.10728053317845573 0.12367432118424887 0.11520887894227612 0.11960978848403947 0.09655247986061016
0.11116400978830561 0.08089018858568352 0.2518947606939153 0.12622107472688646 0.09795668783358119 0.07754723228014027 0.1407270788372898 0.11359896725419781
0.10493260211645922 0.07551308494493099 0.2780952978072446 0.12590338985974572 0.09155733339574991 0.07031235708384469 0.14037288391825378 0.11331305087377115
0.10263664879986706 0.07410567991082301 0.28864027090982425 0.12492257674261842 0.08947477624894246 0.0685103778319027 0.1392793504876656 0.11243031906835657
0.10172845713930512 0.07362319935557453 0.29277963878514723 0.12444943842551948 0.0887108554772227 0.06795207966133347 0.13875183657292992 0.11200449458296752
0.09272225017331208 0.14723652444569396 0.1683038376805278 0.15569406686238735 0.0808788718668559 0.13583889391290324 0.07920089488217096 0.14012466017614858
0.10335610253974094 0.08827614623264429 0.24431911201646178 0.12962213088769745 0.09036824307323438 0.08287934480486055 0.1445190026464328 0.1166599177989277
0.10354780721892283 0.07706055755669279 0.27553813777500313 0.12666436684392518 0.09035480058871055 0.07161508339092623 0.14122131646628672 0.11399793015953266
0.08136408172341852 0.1296031395431264 0.1428326734249584 0.13613169582832135 0.09460776139285051 0.15976981070543436 0.09233280238790492 0.1633580349939856
0.10161996597002178 0.08637453647748801 0.23403076602169004 0.1311610189250102 0.09444274235695552 0.08809130525067951 0.14623474796564567 0.11804491703250918
0.13722851088446686 0.10216045962431264 0.2249375208907874 0.10538522094393785 0.12142085263956867 0.09652407938361894 0.11749665678376355 0.09484669884954407
0.11094782491082925 0.0784241389670007 0.2649892494280922 0.12469418310620946 0.0963573554379024 0.07333777472700655 0.13902470862737085 0.1122247647955885
0.10438839995713357 0.07476380316704248 0.28322003948766844 0.1252490765104827 0.09077603678444413 0.06923510187061428 0.13964337336317995 0.11272416885943444
0.093375833177411 0.14771213786368823 0.16576787784385666 0.15585016628644752 0.08134970928703568 0.13639882390326083 0.07928030198049722 0.14026514965780276
0.10360233391452316 0.08842263978264579 0.24324852795932775 0.1297321966554466 0.09054713911946367 0.08304646781508113 0.14464171776360985 0.11675897698990194
0.08134040069264574 0.13263769618734525 0.13494135449035383 0.13622341732918494 0.09462241114087855 0.16437160587173122 0.09239501349283849 0.16346810079502194
0.11560306141840462 0.098817963711628 0.1635899329404252 0.09326748824906532 0.14326352069877746 0.13488866156630025 0.138648385516521 0.11192098589887838
0.12282062850184601 0.09063393881670546 0.1705331090964789 0.09085699742794817 0.15679563350274547 0.12426626672844499 0.1350650290122931 0.10902839691353779
0.08362839436327632 0.13080724650417794 0.11589494164038076 0.13321281534734883 0.10811922321684309 0.1781289605364309 0.09035303997472356 0.15985537841681857
0.0880708573901226 0.16354273220820842 0.11881673921744264 0.1547491641859255 0.08403357694515434 0.1727924552868861 0.07872022699892732 0.1392742477673329
0.10383680163103257 0.09232844316747481 0.2232117528656942 0.1317114561200982 0.0925349123294616 0.09098787901738398 0.14684844436076622 0.1185403105080884
0.1044415908860923 0.07828571571664322 0.2671567185413955 0.12769931831823117 0.09151468356125915 0.07359737636501738 0.14237521012495327 0.11492938648640807
0.10295965970803599 0.07486847806425556 0.28445561636589944 0.12553168770800022 0.0898559394121625 0.06939163604642197 0.1399584637580241 0.11297851893720018
0.1019639205869636 0.07385986417019069 0.29116984384825045 0.12466592602843311 0.08893303826039413 0.06821486958579076 0.1389932040943874 0.1121993334255898
0.10148207584286702 0.07352186265900983 0.2937709573080864 0.12433582063234723 0.08851951160320115 0.06784237217289335 0.13862516121248264 0.1119022385691125
0.11870075204642105 0.0860306373597931 0.21593972918751186 0.09098969841264465 0.13806838943598485 0.1058208575236739 0.13526229793879713 0.10918763809517358
0.08308980663088705 0.12995891304435192 0.1270849043255574 0.1336018759221636 0.10414808996805539 0.1711772344638774 0.09061692453851097 0.16032225110659631
0.10238937960106166 0.0867262064880416 0.2269385984065538 0.13151966958581054 0.09692347547675131 0.09050035112708825 0.14663461668746341 0.1183677026272295
0.1039394996769552 0.07729574828069122 0.26862235108011173 0.12749625781511198 0.0923459287620592 0.07340476953372545 0.14214881281774425 0.11474663203360078
0.10278032501492937 0.07467118732778619 0.2850207711176823 0.12545098902946686 0.08998498733280096 0.06931735929706517 0.13986849075374888 0.11290589012652019
0.081191014304473 0.1289016677394521 0.14510668281126596 0.13603447393226892 0.09448921408510488 0.15876871782856497 0.09226686058014762 0.1632413687187227
0.07594296154702505 0.141352631916172 0.10989131912973235 0.13432342756298288 0.09412009746805809 0.19207512451860095 0.09110632478184925 0.16118811307557945
0.10129952116879033 0.08917927887631176 0.21979538450102185 0.13249094925930394 0.095312921145557 0.09496256967579068 0.1477175210398508 0.11924185433337353
0.08087231297068467 0.1328177274862163 0.12923755189009928 0.1362803065321373 0.09568158446140491 0.169140549607791 0.09243359921310182 0.16353636783856473
0.10195057895850268 0.08727712035134311 0.22822849862836536 0.13175833389917277 0.0951075316293405 0.09019472643792745 0.14690070958609264 0.1185825005092555
0.08103131580865072 0.13235946187323472 0.13132081223525488 0.13630694191313572 0.09567523237295919 0.16728624055122293 0.09245166494977901 0.16356833029576284
0.10192192222352757 0.08714462456986609 0.2291221867841273 0.13166947097761522 0.09504210051540161 0.08979553698949126 0.14680163406011726 0.1185025238798537
0.10377460041203539 0.0773241824412573 0.26954540029944024 0.1274399937157563 0.09188820269087312 0.07324554355068093 0.14208608254577604 0.11469599434418068
0.08142542393342701 0.1297126018144272 0.14140307554980455 0.13619246853748754 0.09498313482703713 0.1604783109543617 0.09237402213846982 0.16343096224498505
0.11553059121450063 0.09820307557745814 0.165756731814145 0.09318440492688343 0.14326832486264834 0.13371070911422991 0.13852487657787446 0.1118212859122601
0.08219047375845202 0.1327885652877995 0.11465385610516003 0.1332750070351361 0.10494590294274925 0.18182096426557792 0.09039522216296186 0.15993000844216326
0.11569455334017194 0.09873083872108232 0.156192774298461 0.09308461488910966 0.14662220858587624 0.13959694031395942 0.13837653198440777 0.11170153786693157
0.10842543451804201 0.07997879291182815 0.23712422883554807 0.12829637667217195 0.10454994384566889 0.08311759857878248 0.14304088563300366 0.11546673900495477
0.104835420662136 0.07579673968055611 0.2722963337394604 0.12666266824321004 0.09350325134581501 0.07168976225668303 0.1412194226532506 0.11399640141888905
0.10282579980189693 0.07430897358954962 0.28638511715027387 0.12520932601048373 0.09008474184870656 0.0688985936675176 0.13959905452213633 0.11268839340943534
0.11922199478937275 0.08628443547314563 0.21354862309842765 0.09112339705867915 0.1387670463584035 0.10624537679566916 0.13546104995588723 0.10934807647041499
0.08319322186856913 0.13003562159467497 0.12651620981038747 0.1336157888823059 0.10431242455508971 0.17136142547525043 0.09062636115495531 0.16033894665876708
0.10243323855710254 0.08675361626089258 0.22669129221888734 0.13154298913777246 0.09697756040385717 0.09055199694985694 0.14666061624763585 0.11838869022399519
0.08111237091505162 0.13219954925947908 0.1309443995073969 0.13627926761149886 0.09608915081291998 0.16740724620596883 0.09243289455388619 0.16353512113379862
0.10195047372476572 0.08712604011900399 0.2289522371651547 0.13167887143839738 0.09514349518365672 0.08982578320210148 0.14681211487236245 0.11851098429455764
0.10378679885519775 0.07732522979877968 0.2694757518773845 0.12744670334240848 0.09191510637808582 0.07325481346120123 0.14209356327877481 0.11470203300816764
0.10271695567720455 0.07465609738911967 0.28536235686630745 0.1254168159422455 0.08986814820377237 0.06927410126160204 0.13983039031172745 0.11287513434802095
0.10187275454034136 0.07380239228650724 0.2915220068790289 0.12462109862429631 0.08890675692389693 0.06817277709995898 0.1389432248841035 0.1121589887618667
0.10144758184338179 0.07350350583847255 0.29390754768419997 0.12431856921383518 0.08850275885003485 0.0678273971093627 0.13860592716826103 0.11188671229245169
0.11868798543211606 0.08602492634335081 0.21598337872210602 0.09098681512672091 0.13805917562770506 0.1058155288553182 0.13525801174061794 0.10918417815206508
0.12282901537158897 0.08765542442904646 0.1878867050761038 0.09011347703177207 0.15396030966593874 0.11545915998198324 0.13395973600544028 0.1081361724381265
0.10883131476013963 0.07718372695395705 0.24994402164317372 0.12650513214640743 0.1048994365114004 0.07773796739141436 0.1410437816617408 0.1138546189317667
0.08231431724232016 0.12953883229428534 0.13661653552712205 0.1360255112242065 0.09787510977779151 0.16213829893924306 0.09226078152598353 0.16323061346904777
0.13342708312574042 0.1131318807475547 0.18905587263710757 0.10737976294711053 0.12467959255400914 0.1159635990651951 0.11972042227088293 0.09664178665239946
0.11138496775973891 0.08116974282588228 0.2503786386372778 0.12637148545899138 0.09829283934811851 0.07777321347799347 0.1408947755789053 0.11373433691309226
0.08278788955999747 0.13058761034753005 0.13669218349023857 0.13600714541112496 0.09634270857668488 0.16212556340744158 0.09224832471363259 0.16320857449334994
0.10215444616172617 0.08668364653999591 0.2313591456657731 0.13138802737716898 0.09499993628126978 0.08867772788574056 0.14648784544887347 0.11824922463945207
0.08107436413270275 0.13220379099838836 0.13208347409634474 0.13629846204550547 0.0956551157339564 0.16668072515110943 0.09244591338738631 0.16355815445460653
0.10190690771449917 0.08709756954769424 0.22944784203593063 0.13163550536622984 0.09501353908317293 0.08966291648469664 0.14676376493816967 0.11847195482960687
0.10375891594289062 0.0773076622400748 0.26967493461776415 0.12742389165898235 0.09187125525592467 0.07321370783716016 0.14206812995411908 0.11468150249308409
0.10270317535338748 0.07464807970088051 0.28544053626687627 0.1254073425741216 0.08985240287095607 0.06926202670383144 0.13981982821323707 0.11286660831670944
0.1018666852509296 0.07379908492426171 0.29155246758995473 0.12461736964357674 0.08890092099212765 0.06816877157104734 0.1389390673488833 0.11215563267921906
0.09276378180223577 0.14731115322459137 0.16797931717686385 0.15572067889702318 0.08092702235883532 0.1359350032246439 0.07921443230848571 0.14014861100732084
0.07811266951203481 0.14622819578977267 0.11531637246949467 0.13418109819620566 0.09106484705102524 0.18306971080424597 0.09100978834177428 0.16101731783544676
0.10167169219355056 0.08981221670751144 0.2221524129018492 0.13226612232156204 0.09445121962349773 0.09313997038022487 0.14746685578239827 0.11903951008940584
0.08095513739525204 0.13300483407185007 0.12982144652038494 0.1362937997728527 0.09549912835780656 0.16843034300414778 0.09244275115028268 0.1635525597274232
0.10195354863989865 0.08729185695551382 0.2284815973251607 0.13173601863711062 0.09504952227664691 0.09004920965805838 0.14687582973421137 0.11856241677339954
0.08103260834374068 0.13236437546206115 0.13138276231303112 0.13630734163095581 0.09566283314675483 0.16722933308357416 0.09245193606273526 0.16356880995714698
0.07549646566092723 0.14585089012927996 0.10613499493261414 0.1334657325737299 0.09387740421553611 0.1944910495668199 0.09052458383261679 0.16015887908847584
0.10099881224422826 0.09274981735432998 0.2175665764952803 0.13209020654960058 0.09510204967260577 0.0953406289646107 0.1472707228247039 0.11888118589464053
0.11991590252514256 0.09264559223591266 0.19109796909884894 0.09218144878747686 0.1418981329951746 0.11460930089855123 0.13703391491392083 0.11061773854497223
0.0830322533077038 0.13435734212010048 0.12074763815887027 0.13308754506497492 0.10466594426522875 0.17413614896108187 0.09026807404406995 0.15970505407796987
0.13327023439619257 0.11739043762499528 0.18211031932626548 0.10688856837190888 0.1263539333897189 0.11861401838035622 0.11917277697584466 0.09619971153471799
0.11136021988662922 0.08416955107366234 0.24704594083631345 0.12620483113290207 0.098674054745002 0.07825208586367328 0.14070896844220573 0.11358434801961187
0.13918581831933596 0.10293694082348107 0.22861572754354015 0.10424829432355608 0.12158944263072002 0.09337124302085807 0.11622906844730804 0.09382346489120047
0.08659963769786075 0.1371809573417516 0.12967192446042305 0.1325303379575284 0.09987306712578346 0.16521752760077346 0.08989014226684534 0.15903640554903406
0.10288413631643127 0.09034884661386298 0.22748224033704678 0.13086062733623355 0.09560690400527001 0.08914284702710293 0.14589983376144244 0.11777456460261018
0.13745162439977485 0.10515837809416176 0.22213156596423644 0.10515476303253406 0.12159052675914771 0.09663414160996439 0.1172397134108999 0.09463928672928064
0.1275873105776034 0.09303130647978275 0.18945978388352175 0.08946354484301504 0.14771472661675472 0.11239350563301322 0.13299356815469102 0.10735625381161804
0.10975632764170956 0.07967355993945521 0.2502332843663854 0.1260597772518152 0.103277801208544 0.07699820587574636 0.14054724418971037 0.11345379952663369
0.1044779925213773 0.07676778482230551 0.2771600855432757 0.1256591498148983 0.09261474447184549 0.0701264334977712 0.14010057449511798 0.11309323483340848
0.08132899615328738 0.13171746913313664 0.14297614631339448 0.135637113908389 0.09486999766228248 0.158708393314623 0.09199734682482039 0.1627645366900668
0.10133538487289269 0.08914362469421971 0.2336012794542282 0.13066226700386968 0.09425914151110609 0.08772358536633426 0.14567867679386662 0.11759604030348271
0.1032870493084661 0.07909668134387207 0.2710421316484984 0.12688183814733073 0.0914062724760354 0.07262859200281739 0.14146378074038216 0.11419365433259766
0.10238469287513632 0.0762818934443622 0.285746007535093 0.12504941462419372 0.08956550096076211 0.06900725213856966 0.1394207652601085 0.11254447316177435
