Action: 0
[0.10281350841518698, 0.10305980162985127, 0.23127912884116428, 0.10255553281024526, 0.15262542987281624, 0.10255553281024526, 0.10255553281024526, 0.10255553281024526]
[0.10507118105670978, 0.10507118105670978, 0.26450173260303156, 0.10507118105670978, 0.10507118105670978, 0.10507118105670978, 0.10507118105670978, 0.10507118105670978]
[0.22769113505024932, 0.10278641805698939, 0.15559015909788163, 0.10278641805698939, 0.10278657665477503, 0.1027864569691364, 0.10278641805698939, 0.10278641805698939]
[0.125, 0.125, 0.125, 0.125, 0.125, 0.125, 0.125, 0.125]
[0.25536213127422236, 0.10268287617560638, 0.1285406028828624, 0.10268287617560638, 0.10268288496488329, 0.10268287617560638, 0.10268287617560638, 0.10268287617560638]
[0.2266277127515406, 0.1028646894558233, 0.1561677502741743, 0.1028646894558233, 0.10288108969516849, 0.1028646894558233, 0.1028646894558233, 0.1028646894558233]
[0.125, 0.125, 0.125, 0.125, 0.125, 0.125, 0.125, 0.125]
[0.125, 0.125, 0.125, 0.125, 0.125, 0.125, 0.125, 0.125]

Action: 1
[0.10411376001389074, 0.10411376001389074, 0.10411376001389074, 0.10411376001389074, 0.11149992540428671, 0.2638175145123689, 0.10411376001389074, 0.10411376001389074]
[0.1111111111111111, 0.1111111111111111, 0.1111111111111111, 0.1111111111111111, 0.1111111111111111, 0.2222222222222222, 0.1111111111111111, 0.1111111111111111]
[0.10502813149261135, 0.10502813149261135, 0.10502813149261135, 0.10502813149261135, 0.10533062055055278, 0.26450059049377916, 0.10502813149261135, 0.10502813149261135]
[0.125, 0.125, 0.125, 0.125, 0.125, 0.125, 0.125, 0.125]
[0.1046258796769311, 0.1046258796769311, 0.1046258796769311, 0.1046258796769311, 0.10787618068457484, 0.2643685412538384, 0.1046258796769311, 0.1046258796769311]
[0.10541201468837301, 0.10383978176071154, 0.10383978176071154, 0.10383978176071154, 0.11163937355316073, 0.2637497029549086, 0.10383978176071154, 0.10383978176071154]
[0.125, 0.125, 0.125, 0.125, 0.125, 0.125, 0.125, 0.125]
[0.125, 0.125, 0.125, 0.125, 0.125, 0.125, 0.125, 0.125]

