Action: 0
[0.1184632598189548, 0.1052091279051546, 0.21049269770526063, 0.1052091279051546, 0.14477641542425934, 0.10543111543090679, 0.1052091279051546, 0.1052091279051546]
[0.10590183511647716, 0.11970341433333155, 0.21381119304841886, 0.10395041109981018, 0.14478191310253177, 0.10395041109981018, 0.10395041109981018, 0.10395041109981018]
[0.21432891205153579, 0.10666600629467865, 0.14547641992913984, 0.10666600629467858, 0.10672017680626432, 0.10681046603434559, 0.10666600629467858, 0.10666600629467858]
[0.125, 0.125, 0.125, 0.125, 0.125, 0.125, 0.125, 0.125]
[0.1445537776512261, 0.10515184945482715, 0.2245067463395216, 0.10515184945482715, 0.10517709963411495, 0.10515497855582867, 0.10515184945482715, 0.10515184945482715]
[0.1445564927260798, 0.10513873422323644, 0.2245101991027837, 0.10513873422323644, 0.10523963705495423, 0.10513873422323644, 0.10513873422323644, 0.10513873422323644]
[0.125, 0.125, 0.125, 0.125, 0.125, 0.125, 0.125, 0.125]
[0.125, 0.125, 0.125, 0.125, 0.125, 0.125, 0.125, 0.125]

Action: 1
[0.10990080853006286, 0.1063317396156671, 0.1063317396156671, 0.1063317396156671, 0.21278231718168272, 0.14565817620991903, 0.1063317396156671, 0.1063317396156671]
[0.1068350623709704, 0.1068350623709704, 0.1068350623709704, 0.1068350623709704, 0.1068350623709704, 0.2521545634032071, 0.1068350623709704, 0.1068350623709704]
[0.10983831082774133, 0.11971814418940434, 0.10392004586424634, 0.10392004586424634, 0.24871013370266756, 0.10605322782320127, 0.10392004586424634, 0.10392004586424634]
[0.125, 0.125, 0.125, 0.125, 0.125, 0.125, 0.125, 0.125]
[0.10515711681591232, 0.10515708995578985, 0.10515708995578985, 0.10515708995578985, 0.14455266589392488, 0.22450476751121354, 0.10515708995578985, 0.10515708995578985]
[0.10609203146779413, 0.11023226362624207, 0.10606643362036672, 0.10606643362036672, 0.14586465665231244, 0.21354531377218455, 0.10606643362036672, 0.10606643362036672]
[0.125, 0.125, 0.125, 0.125, 0.125, 0.125, 0.125, 0.125]
[0.125, 0.125, 0.125, 0.125, 0.125, 0.125, 0.125, 0.125]

