0.125 0.125 0.125 0.125 0.125 0.125 0.125 0.125
0.099626400996264 0.07845579078455792 0.199252801992528 0.15691158156911583 0.08685378548392246 0.06839735606858895 0.17370757096784492 0.1367947121371779
0.09444644354078607 0.15741073923464347 0.10039762527401264 0.1416696653111791 0.1180580544259826 0.19676342404330432 0.10625224898338434 0.08500179918670747
0.06430745814307458 0.11377473363774733 0.056062912227295786 0.09918822932521562 0.12861491628614916 0.22754946727549466 0.11212582445459157 0.19837645865043124
0.09567579728864391 0.0772322701004716 0.19135159457728781 0.1544645402009432 0.08610821755977952 0.08393305897246617 0.17221643511955903 0.13901808618084885
0.09562650361947367 0.07530587160033554 0.2248180624771421 0.15061174320067108 0.0899506101444691 0.06565127267721559 0.1667333909262618 0.13130254535443117
0.09204640523788975 0.15341067539648293 0.11353516270266037 0.13806960785683464 0.12478083395380185 0.19176334424560365 0.10355220589262598 0.08284176471410078
0.08425153255507062 0.1490604037512788 0.08112292361138324 0.1299500955780379 0.10110183906608473 0.21043302591765617 0.0881400648268431 0.1559401146936455
0.09576420731132018 0.07541431325766465 0.21664862704705512 0.1508286265153293 0.09713330152371892 0.06574581155796405 0.1669734896710198 0.1314916231159281
0.09052125559357554 0.15086875932262594 0.11930190742441857 0.13578188339036334 0.13163470253874374 0.18858594915328245 0.10183641254277252 0.08146913003421802
0.06959502220186588 0.12312965466483963 0.0966927915669992 0.15391206833104953 0.09378760694733869 0.17379584098784862 0.10439253330279882 0.18469448199725944
0.09423711102689712 0.0742117249336815 0.22649430390989245 0.148423449867363 0.0982303463374347 0.06469740122423515 0.16431086025202576 0.1293948024484703
0.08936720459835934 0.14894534099726556 0.12487803682563998 0.134050806897539 0.1356083451229365 0.18618167624658197 0.10053810517315427 0.08043048413852341
0.05878652030534912 0.10400692054023307 0.057335650481948296 0.09067269995815191 0.13273440375067422 0.27261883118160257 0.10249957386573694 0.18134539991630383
0.09122714521244181 0.07364118950883856 0.192659823727244 0.14728237901767713 0.09273623507305996 0.10569022496243399 0.16420886138239524 0.1325541411159094
0.07122738188420699 0.118712303140345 0.12530130716100243 0.14245476376841398 0.10900433758377229 0.14839037892543125 0.1068410728263105 0.17806845471051747
0.07654381782787463 0.11941592956601636 0.11185921004076844 0.1432991154792196 0.11301378417016131 0.14926991195752043 0.10747433660941472 0.1791238943490245
0.07692386379060488 0.11944132225398418 0.1090989696804272 0.14332958670478102 0.11524543134316032 0.14930165281748023 0.10749719002858577 0.17916198338097628
0.06665497467275512 0.10345518247842866 0.07051545314152852 0.09310966423058581 0.16140343498196993 0.20691036495685733 0.11173159707670295 0.18621932846117162
0.05696450569765118 0.10078335623430593 0.055616797285691945 0.08786241312734365 0.13175545522937845 0.2919699182878574 0.0993227278830841 0.1757248262546873
0.08974962928794027 0.07244849593122889 0.19692660570299222 0.14489699186245777 0.09136509685919487 0.11265655496168157 0.16154933271829247 0.130407292676212
0.09622249055258685 0.06965106159465306 0.26237462821461377 0.13930212318930613 0.09607220484031208 0.060721438313287295 0.15421317666866613 0.12144287662657459
0.10843602994965466 0.0778514165060964 0.20149197816154188 0.09342169980731567 0.15641906779106182 0.09731427063262049 0.14828841239256454 0.11677712475914458
0.08011905671546155 0.14174910034273966 0.10073917397955184 0.12357613876033717 0.11090594219182148 0.21080236216458537 0.08381685933309822 0.14829136651240457
0.09895972952590176 0.0723732927545113 0.23073107616706154 0.1447465855090226 0.10366489934629838 0.0630946654782919 0.16024042026232863 0.1261893309565838
0.07627186961558911 0.11565756944258403 0.13549190793483765 0.13878908333110082 0.11163944121045682 0.14457196180323 0.10409181249832562 0.173486354163876
0.09346160673198559 0.14486075054645828 0.10662275427124983 0.13037467549181245 0.14175215733569682 0.20692224370885012 0.09778100661885936 0.07822480529508748
0.06526246024386669 0.11546435273914875 0.10085152860770641 0.14433044092393596 0.08931628731065179 0.2136847107001674 0.09789369036580003 0.1731965291087231
0.10741560625197025 0.07943123266568788 0.15400309708855073 0.09531747919882547 0.15706165821617374 0.13632649155037838 0.15129758602988166 0.11914684899853183
0.057328690798982174 0.10142768372127617 0.06691652131923566 0.08842413452624076 0.13238068734150746 0.27671629594974345 0.09995771729053303 0.17684826905248152
0.088674450129436 0.07158058022496643 0.20402579831668194 0.14316116044993285 0.09042821423920772 0.11367074200185075 0.1596140102329848 0.12884504440493955
0.09913628328789259 0.06737679922941006 0.2677762190362812 0.13475359845882012 0.09361316196401903 0.07068866911564729 0.14917777281562503 0.11747749609230473
0.09922902923408618 0.14009326082859455 0.13342967376268824 0.12608393474573507 0.1332944437666273 0.1976563457555263 0.09456295105930132 0.07565036084744105
0.055452389657054665 0.0981080740086352 0.06452202833530006 0.08553011580239991 0.12570750902837777 0.30293343369985 0.0966862178635825 0.17106023160479983
0.08726962873385959 0.07044656777311557 0.20352554553630445 0.14089313554623115 0.09634053983226537 0.11763542886566862 0.15708533172094724 0.126803821991608
0.09833726171707381 0.06688231545620886 0.26781906073679834 0.13376463091241772 0.094376332575935 0.07412213425635877 0.14808294508822797 0.11661531925697953
0.06562187741156468 0.11610024465122981 0.14068359525926027 0.14512530581403726 0.09191087667736408 0.1679749170923521 0.09843281611734703 0.17415036697684472
0.1323534665759471 0.09330473827591067 0.19841670943326156 0.1119656859310928 0.12998453314214575 0.11241313892614646 0.12395061690377386 0.09761111081172193
0.06531830194807903 0.1155631496004475 0.12482692009472293 0.14445393700055936 0.09639798833797193 0.1821175256954294 0.09797745292211854 0.17334472440067125
0.11299704662938981 0.07743750490467366 0.1595780881053274 0.0929250058856084 0.15636334712598873 0.13704274064976604 0.14750000934223556 0.11615625735701049
0.07738891647640089 0.13691885222747852 0.09620918452438583 0.11936515322395565 0.11858520926981939 0.22733378778774743 0.08096071262146556 0.14323818386874676
0.06394673901047018 0.11313653824929339 0.10050887319211113 0.14142067281161672 0.09288844274306533 0.22247381810379785 0.09592010851570526 0.16970480737394006
0.10256262743291782 0.06938108756565486 0.22637341200123323 0.13876217513130973 0.09701760079031874 0.09131551242719091 0.1536154319727971 0.12097215267857771
0.08429327641877583 0.11071673155179387 0.1320871202009428 0.13286007786215265 0.10634956140910488 0.16797307683292462 0.09964505839661449 0.1660750973276908
0.08038403278760486 0.1098912483394622 0.10919692363349223 0.13186949800735465 0.10756897522285679 0.19735032599452004 0.098902123505516 0.16483687250919332
0.06708750023826565 0.09247536201732705 0.06563816704610587 0.08322782581559435 0.14534240813274368 0.27989969414006155 0.0998733909787132 0.1664556516311887
0.06672949157145598 0.1103924805611535 0.09200924384455735 0.13799060070144187 0.09463949034271796 0.23905634731335637 0.09359362482358666 0.1655887208417302
0.07943175307164094 0.1315951339185354 0.11599822204437671 0.16449391739816926 0.07825399740233445 0.19850510991708759 0.08367734058950349 0.14804452565835233
0.10506004600209694 0.06861892760463537 0.2322208603694853 0.13723785520927073 0.09300505732131749 0.09228604794680662 0.15192794715881824 0.11964325838756937
0.08421227601177299 0.10987718744746656 0.13287510331456429 0.13185262493695987 0.10480596173004264 0.17267159668527374 0.09888946870271992 0.16481578117119985
0.09848260326334944 0.1345086884980177 0.10061830228764339 0.12105781964821592 0.13149426874582343 0.2504102610318586 0.09079336473616195 0.07263469178892956
0.06203709570356849 0.09293419144047908 0.05856006699790398 0.08101955151221253 0.13044913225032007 0.32137353997032875 0.091587319100762 0.16203910302442506
0.06833793498324348 0.1084995215064632 0.08912846487159423 0.135624401883079 0.09128474371499275 0.2523869260254528 0.09198872475547967 0.1627492822596948
0.10939187448244331 0.078616452504903 0.15122941076744154 0.09827056563112875 0.13610608540509844 0.16237513637908665 0.14608579607254363 0.11792467875735449
0.07591891045972576 0.11187439231783715 0.11208392949029933 0.13984299039729645 0.10002104496891899 0.1975971156196958 0.09485002826947064 0.16781158847675573
0.10400189896175267 0.06836694925331877 0.22988280953296555 0.13673389850663753 0.0975663619722679 0.09287412388161612 0.15137004637283435 0.11920391151860708
0.0797042286583369 0.11352683356480678 0.13097431768145293 0.1419085419560085 0.09449138525831317 0.17285343146805707 0.09625101106581446 0.17029025034721018
0.14049071390882734 0.09164018882753329 0.1924044781229838 0.10996822659303995 0.129084964790982 0.11880234444553883 0.12173934730690623 0.09586973600418867
0.08421736581293285 0.11182036563743876 0.12154611672987874 0.13977545704679847 0.09901355755497505 0.18109236572138063 0.09480422304043722 0.16773054845615815
0.08063719807475328 0.10907215119705212 0.10618238416822194 0.13088658143646253 0.10525120845781304 0.20619731379277192 0.0981649360773469 0.16360822679557815
0.0885831725325901 0.13207920967921521 0.08399286228976754 0.11514597766905943 0.11140215594556271 0.25252243774018024 0.07809901094075333 0.13817517320287132
0.10283028878504358 0.06873141456209252 0.20995065966715823 0.13746282912418503 0.09664743601040594 0.10740002958596574 0.15326079605338244 0.12371654621176655
0.10768640688126287 0.06550483311742201 0.2688135038054253 0.13100966623484403 0.09306043259586433 0.07467851624437909 0.14503308594170766 0.11421355517909479
0.08009250629735684 0.11309124392811609 0.1411445400011798 0.14136405491014514 0.093475332073622 0.16531375008878568 0.09588170680862018 0.16963686589217414
0.10538100366294068 0.06767058668884246 0.24207108723676476 0.13534117337768492 0.09516173478167743 0.0865564309544487 0.14982824240427467 0.11798974089336632
0.09529332034737242 0.13518976589848652 0.11250826466332838 0.11785774462944981 0.11461529555065277 0.20316801899800432 0.07993829635736593 0.14142929355533973
0.11625338085318386 0.07667649349170368 0.1568257731627188 0.09584561686462958 0.15028213082476957 0.1466209177039897 0.14248094686144935 0.1150147402375555
0.14093342318650975 0.08674349486699105 0.19547847888045292 0.1084293685837388 0.1378250487593019 0.11211309977069611 0.12089065422694462 0.09758643172536492
0.11097916942672739 0.06492124919877373 0.2538350230831291 0.12984249839754747 0.10077055902136167 0.07802855634008891 0.14476469597457903 0.1168582485577927
0.08216340394808633 0.11224579494632471 0.1383754730094984 0.14030724368290587 0.09766424667329873 0.16571023221373218 0.0951649131066666 0.16836869241948704
0.10587978429078275 0.06765018214476062 0.24072793509939458 0.13530036428952125 0.09606959872054993 0.08663490664927138 0.14978306506613664 0.11795416373958262
0.07241703413867874 0.09883900364057498 0.08300414422447278 0.08616733650716793 0.14176694098750459 0.2480643131748143 0.0974065543124507 0.17233467301433586
0.0867582587608166 0.12750322678930698 0.1120910912352674 0.15937903348663374 0.09074452435971764 0.19900731384795617 0.08107542138233108 0.14344113013797033
0.10786009163902291 0.06817743004824804 0.2294931230638955 0.13635486009649608 0.09533351039662823 0.0929570817076164 0.1509504352716603 0.11887346777643248
0.08311673683159719 0.11228394446547602 0.132576087361049 0.140354930581845 0.09646671420920545 0.17157841258840542 0.09519725726420791 0.168425916698214
0.10631600102421829 0.06778202872531505 0.23830291535566397 0.1355640574506301 0.0959942102065312 0.08778175291734686 0.1500749842351298 0.11818405008516472
0.0828561913747745 0.11228596547297937 0.1346775535035901 0.14035745684122422 0.09662957071151923 0.16956534315935226 0.0951989707270912 0.16842894820946905
0.10617988682100703 0.06773545869143426 0.23918949032081072 0.1354709173828685 0.09596397046514572 0.08738555091559702 0.1499718743514051 0.11810285105173152
0.0989663045907023 0.13415470226939438 0.11239959191318111 0.11695538146562588 0.11544428958275475 0.20240701368638342 0.0793262587332071 0.14034645775875104
0.1072667090382776 0.0673956875634838 0.22199921727575173 0.1347913751269676 0.10010297159477133 0.09684947757775361 0.15028232420872356 0.12131223761427083
0.10568455583609072 0.06520556425903297 0.26688798765674965 0.13041112851806594 0.09361901135969874 0.07542306058022906 0.1453986761238735 0.11737001566625933
0.08263503483126514 0.11198097214989369 0.1415837431453749 0.1399762151873671 0.09651228819416871 0.16439989883565825 0.0949403894314316 0.1679714582248405
0.08093709178229892 0.1093186091519218 0.11103330566063357 0.13118233098230617 0.10491103998047727 0.20025296047774988 0.09838674823672963 0.1639779137278827
0.07735391116272228 0.11097141550349801 0.10375419268887472 0.13871426937937253 0.09774220630876043 0.21092242073116796 0.09408446097035703 0.166457123255247
0.10337484226370064 0.06826197555030561 0.2201155171519323 0.13652395110061122 0.09749971755935312 0.0991384232609253 0.15221401712262175 0.12287155599055011
0.12179995708367676 0.07559791339884506 0.19281685800637183 0.09449739174855631 0.14424020358993495 0.11717408640037438 0.14047671967397327 0.11339687009826757
0.10942050466636499 0.06476736882710758 0.2533391725191048 0.12953473765421517 0.10313077129951621 0.07880461543191428 0.14442156571298317 0.11658126388879367
0.14028388016533783 0.08559019504114761 0.23220205760126025 0.1069877438014345 0.12430852291184867 0.09505528087906567 0.1192833501786143 0.09628896942129105
0.1122971538985478 0.063712326786422 0.26859146476812495 0.127424653572844 0.09741019520160166 0.07381303812568435 0.1420689794312156 0.1146821882155596
0.10539926322429374 0.06380336146761198 0.28449684583206103 0.12760672293522396 0.09153103116987789 0.07004475154622644 0.14227197318300344 0.11484605064170157
0.1033654539380042 0.06355142586965007 0.2908137794916039 0.12710285173930014 0.08993974286819637 0.06912398512599884 0.1417101944018764 0.11439256656537011
0.13753358419575934 0.08493606819069956 0.24547338714593891 0.10617008523837444 0.11977729686840123 0.0921847797461915 0.11837172190009808 0.09555307671453699
0.10148493176732144 0.12683434522454548 0.15617212288580473 0.15854293153068183 0.08763366328494795 0.1459932669765207 0.08065009995256425 0.14268863837761364
0.10999002310422512 0.06705496022796847 0.2476490970181705 0.13410992045593695 0.09312767755352533 0.08268678592313422 0.14846519480673523 0.116916340910304
0.1002872463427576 0.1338998615684149 0.11430522194332218 0.11673321264938735 0.1155437652834958 0.19997526671464255 0.07917557031871489 0.14007985517926483
0.10794192671716803 0.06722731771473248 0.22281159514032262 0.13445463542946495 0.10039654071866626 0.09625192781729099 0.14990688457583629 0.12100917188651844
0.141187244677376 0.08644603049725448 0.22189571802074443 0.1080575381215681 0.1247809863730493 0.0999046069904302 0.12047609101016621 0.09725178430941128
0.11297292528936811 0.0639483288319823 0.26456628375713154 0.1278966576639646 0.09800292538491331 0.07491065840644279 0.14259522876862918 0.11510699189756815
0.10574882842166469 0.06388457348390256 0.28294374702365516 0.12776914696780511 0.0918902529182688 0.07031815505554415 0.14245306385813494 0.1149922322710246
0.10354265167741913 0.06357193679214093 0.29020063643096916 0.12714387358428186 0.09016151138672636 0.06919397320490954 0.14175593069769932 0.1144294862258537
0.10278957792240366 0.06341407795929106 0.29298685561775445 0.12682815591858213 0.08959127229366674 0.06884079090011422 0.14140392906146393 0.11414534032672391
0.10251788913155281 0.06334892954935116 0.2940460109234247 0.12669785909870232 0.08938766549320075 0.0687149147839949 0.14125865783094124 0.11402807318883208
0.08230765365130838 0.11153713683172925 0.14789514803780082 0.13942142103966157 0.09570115353802888 0.16126768738349803 0.09456409427037914 0.16730570524759383
0.08975553028493982 0.14289740509656546 0.12967631151240427 0.15971028217252253 0.08325100033010802 0.16972629049955865 0.08124392614863103 0.14373925395527026
0.09976788672670829 0.13236541461712847 0.13099616535726197 0.15883849754055415 0.08586284949799108 0.17060984610122415 0.08308475255967449 0.13847458759945744
0.08439173064642568 0.10919293215621377 0.10852810897596335 0.13103151858745649 0.10228908705370776 0.20250358540531999 0.09827363894059239 0.16378939823432062
0.07715521091753633 0.12191445455437652 0.10196334727611144 0.136511626343462 0.09638974718080985 0.20966116772607093 0.0925904943894786 0.1638139516121544
0.13433591786660182 0.09975485193489948 0.1779457525422752 0.11039473904814281 0.12642367702816953 0.1287079008112651 0.12308189562531743 0.09935526514332853
0.14780144632021017 0.09397420285070743 0.20213470071348716 0.10592541098468261 0.1306551743399262 0.1060772665382677 0.11809892836650435 0.09533286988621434
0.1146190465894816 0.07031558033610928 0.25546614315627697 0.12746114938125322 0.0993568071944145 0.07595656936531256 0.1421096695340241 0.11471503444312788
0.10604672102967017 0.06853434736020554 0.2787818966645361 0.12740240831199798 0.0921335509886631 0.07039473053866267 0.1420441776254664 0.11466216748079819
0.10335889049709371 0.06797291129597782 0.28801723837897397 0.1265804859840815 0.09002401772902385 0.06899622316184924 0.14112779556732669 0.11392243738567334
0.08194094231066817 0.1187460794136131 0.1457900127531542 0.13827499225605042 0.09526860534195498 0.1602628607305862 0.09378651648671246 0.1659299907072605
0.10261795606316294 0.07511516001884203 0.23637240284652114 0.1334174251542269 0.09522425494434783 0.08842664581139727 0.14875047252269774 0.12007568263880421
0.08193356902515028 0.11997289059332016 0.13365122859158862 0.13880389995548306 0.0966051335018403 0.16832334450318848 0.09414525388284938 0.16656467994657964
0.13526184890847037 0.09913322987247371 0.18984067438808308 0.10993200696045065 0.1259010137311258 0.11842643599520457 0.12256598387978603 0.09893880626440558
0.11235894487041655 0.07124275234509607 0.2511341227271283 0.12855504728534106 0.09901027247477417 0.07867003367752658 0.1433292840629101 0.11569954255680696
0.12298349184028651 0.07997799078379876 0.2015438246288199 0.09284560462230704 0.14307655906343206 0.11013657634471001 0.13802122716987733 0.11141472554676844
0.09774163962550338 0.13687117195165513 0.14341891459314102 0.15732766331585546 0.0918036043425493 0.15121021089156872 0.08003189829545691 0.1415948969842699
0.10978081138194346 0.06743542013774875 0.24253245532650128 0.1348708402754975 0.0945264995578983 0.08396670208741579 0.14930756432615105 0.11757970690684398
0.0993677046816719 0.1420220028684062 0.11246683882940144 0.11546147375953138 0.11508566522320306 0.19872954653292715 0.07831299959342128 0.13855376851143766
0.09215250696315927 0.14481456605170787 0.11868388692778095 0.15691718615791303 0.08589513628611642 0.18048815972130583 0.07982309034989489 0.1412254675421217
0.14703152526382518 0.09152104042047503 0.18735295282228767 0.10982524850457002 0.12648276484412113 0.12046031501927548 0.12158106468556389 0.09574508843988157
0.13158980787738866 0.0807010162440526 0.17845205517831833 0.09167317210108614 0.150961439828736 0.1203363747675003 0.13627832748161461 0.11000780652130336
0.11170445009608636 0.07006467141814333 0.24617052510725337 0.12874850403547128 0.10472474161036437 0.07916848019852273 0.1435449739022344 0.11587365363192415
0.10570581507788551 0.06876021759290846 0.2752232855210136 0.1278665283545433 0.09361536543314147 0.07118727566433833 0.14256163683708037 0.11507987551908898
0.10340732239596981 0.06807869420387613 0.2866646926937099 0.12675333992362461 0.09047774484918328 0.06921968519200451 0.1413205148103695 0.11407800593126215
0.12002869848132745 0.0793638884471705 0.21305721340705025 0.09240728021269337 0.13972667837964206 0.1071578763215969 0.13736962849528744 0.11088873625523205
0.08407326063542267 0.11841363692185383 0.1268834757057351 0.13618645031434312 0.1052763032801823 0.17337319255204467 0.09236994021320664 0.16342374037721172
0.07750731984628331 0.12365559046580626 0.10670778144265272 0.13727804707271485 0.09764913250918876 0.19935814459634196 0.09311032757975442 0.1647336564872578
0.08846694011133871 0.14410420423775291 0.11833760307643103 0.15923486558843186 0.08345929498939657 0.18208362916772766 0.08100208379933273 0.14331137902958865
0.10875337854676066 0.06824949115613828 0.2325832506348513 0.13649898231227656 0.09375863499523235 0.09004716508071207 0.15110998448896712 0.1189991127850616
0.08309707480988948 0.11917926887544245 0.13279547912199885 0.1388293796442732 0.09634077103863813 0.16900023517790558 0.09416253575872442 0.1665952555731278
0.11739212626117149 0.08573346598120252 0.16401189578629158 0.09514109917753855 0.14526862765930504 0.13684983212020804 0.14143363400123643 0.11416931901304625
0.1430650304210136 0.09316156395240632 0.1974511042837518 0.10650997349510641 0.13674832785550248 0.10845435190506486 0.11875067194155893 0.09585897614559577
0.11366097487579745 0.0703779266836199 0.2536088192164363 0.12768194957698475 0.10090208662716457 0.07649864312607253 0.1423558452746382 0.11491375461928627
0.10588671079769155 0.06858362914314245 0.2780663128524772 0.12748772076031792 0.09256464471732886 0.07053273840601337 0.14213929463874247 0.11473894868428612
0.08245374115763948 0.11889536363368017 0.14348426705092115 0.13837427489980303 0.09592913180505129 0.16096023555414443 0.09385385601899683 0.1660491298797636
0.10281188845845711 0.07517621222928571 0.23540368446675305 0.13350790860858572 0.09548313270776997 0.08860870095961021 0.14885135482181122 0.12015711774772714
0.10430716817357283 0.06965981127366809 0.2716523958722015 0.1289423310710664 0.09230224312515242 0.07332687593816001 0.1437610765822188 0.11604809796395976
0.1032611826388118 0.06827737289527769 0.2854053074056453 0.12702087069153997 0.09038256635828527 0.06971512473644136 0.14161879165161248 0.11431878362238597
0.09406274369357087 0.1363950105399404 0.16667078995468929 0.1587831207829611 0.08215188922384542 0.13825935391943028 0.0807722831808976 0.14290480870466496
0.14639096773568108 0.09063535367451377 0.20484208910676086 0.10876242440941652 0.12421757469760698 0.10992859180923896 0.12040447472267518 0.0948185238441067
0.08888427878796565 0.1194883751158765 0.12481226346968496 0.13583508308161185 0.10166083044929633 0.17418544782923284 0.09213162156839762 0.16300209969793422
0.10480611615965983 0.07550631145698244 0.22725046259887602 0.13398064087411632 0.0971412035989757 0.09135427250533433 0.1493784160193506 0.1205825767867047
0.1050451663842367 0.06986505427401099 0.26842355004751056 0.1292858443746882 0.0928910326079735 0.07398802409392471 0.14414406828043594 0.11635725993721939
0.12088808015037669 0.07982036639186506 0.20734623473328243 0.09279316176831524 0.14104006686533008 0.10881702862371502 0.1379432673451373 0.11135179412197828
0.10831303209392242 0.06951110241665276 0.2582751952011741 0.1278579150031379 0.10184082329839889 0.07657777489083913 0.14255203359305074 0.1150721235028241
0.10450472102273459 0.06844821655731684 0.27996892280403335 0.12734650033174422 0.09266945072033707 0.07046849386554328 0.14198184439972078 0.1146118502985698
0.10296021173565621 0.06794087869977022 0.28848378020392756 0.12653032023908148 0.09015211829696484 0.06898353810406241 0.14107186450536396 0.11387728821517332
0.10231253938604416 0.06770616817067282 0.29174948294758796 0.12614853361816522 0.08936875200437883 0.06853464270222097 0.14064620091458122 0.11353368025634869
0.11962517955758471 0.079255584409668 0.2146624551733795 0.09231069628304006 0.13926892155018858 0.10687827748961347 0.13722604999687746 0.11077283553964808
0.10775112021105245 0.06929528137795907 0.26120218486437113 0.12752511548382128 0.101217436983626 0.07605527017893311 0.14218098696479772 0.11477260393543916
0.08274965461644142 0.11890673503148418 0.13942876224936526 0.13829054499566948 0.09782142312358019 0.16305716068724543 0.0937970653014106 0.16594865399480335
0.1171707041782582 0.08561557737802122 0.16615040493763966 0.09502776654210521 0.14562048499662636 0.13511658469005164 0.14126515742677134 0.11403331985052624
0.14292722343832573 0.09310357606727125 0.1982151712397291 0.10645431618158574 0.13680024058697832 0.1080019697321683 0.11868861819051425 0.09580888456342716
0.11359788137128529 0.07035398905671024 0.2539133074288475 0.12764477007447053 0.10089658959503034 0.07639877650270811 0.14231439290392459 0.11488029306702346
0.10585988130306273 0.06857352477438794 0.27818229518335724 0.12747145631201018 0.09256001923050829 0.0705073515232204 0.14212116099264419 0.11472431068080917
0.10333292347271826 0.06798689533849214 0.28778260691552615 0.12660156563917963 0.09017634209877236 0.06902695965039739 0.1411512978096525 0.11394140907526164
0.1024228180342646 0.06772540385714311 0.2914789185039616 0.12617931901010745 0.08939393215311035 0.0685576970031368 0.1406805243291795 0.11356138710909669
0.10208272927282201 0.06761775110252141 0.29288924332579036 0.1260072729256042 0.08911716315266682 0.06839058880333299 0.1404887057842184 0.11340654563304378
0.10195405982313532 0.06757553727046123 0.2934256002310905 0.12594037141078962 0.08901560171607283 0.06832837969088928 0.14041411558785052 0.11334633426971066
0.09369416391881034 0.13614107887180815 0.16873129756572802 0.1585844506608913 0.08180828099038062 0.1376435018439955 0.08067122055358383 0.14272600559480214
0.14624065366434663 0.09058484556259783 0.20557399407448756 0.10870181467511741 0.12405610693403311 0.1097395232455344 0.1203373772553192 0.0947656845885639
0.0775119609476809 0.10422636817609977 0.07604009460730073 0.0826393551334053 0.14775000600931332 0.2531351034042356 0.09341840145515382 0.1652787102668106
0.1024814004179921 0.07461421015011063 0.2042237042189489 0.13403246928370388 0.10809450470432634 0.10648828804133575 0.14943620082824896 0.1206292223553335
0.10518868387721565 0.07026743532168098 0.2591771758289289 0.13014391474686948 0.09587417757580999 0.07711833666699656 0.1451007527103157 0.11712952327218254
0.13843784002285614 0.09143159191073871 0.23367720443952963 0.10625663115763283 0.12194518332916252 0.09415236695679022 0.11846821414142047 0.09563096804186955
0.11137627818257782 0.06951785111335786 0.2683317725989446 0.12633101274491282 0.09667874739098636 0.07321677497573967 0.1408496515230595 0.11369791147042153
0.10484118475957098 0.06817484162654405 0.2837727366411351 0.12682174417158312 0.09122869551832072 0.06962444708637262 0.14139678044204865 0.11413956975442482
0.08222824595296155 0.11878686280448145 0.1448000297148052 0.1382966352052836 0.0955991017067254 0.1605319663171232 0.09380119605227931 0.1659559622463403
0.10271312615268938 0.07513584736786391 0.23594787224606745 0.1334482523070773 0.09537032194126456 0.08849631041107563 0.14878484249759213 0.12010342707636956
0.1042644465866154 0.06964331869664646 0.27186465101857216 0.12891622395310126 0.0922609930603265 0.0732937960329672 0.14373196909398003 0.11602460155779112
0.10324359582201108 0.06827088821679442 0.28548658169111185 0.1270106098142493 0.0903671727832204 0.0697042513006181 0.1416073515391705 0.11430954883282438
0.13698594197594943 0.09063225320171807 0.24276927325088488 0.10550937899150165 0.1196403007699685 0.09186932697635485 0.11763508374127125 0.09495844109235149
0.1464963299833724 0.09163178249078961 0.22489980972545628 0.1041466278478616 0.12690374485831857 0.09607402211716695 0.11611571791395912 0.09373196506307543
0.1134331763770861 0.06957449876648666 0.26449281611677117 0.12638103482705867 0.09785025745422209 0.0736198627023614 0.14090542241166096 0.11374293134435282
0.12292446765526209 0.07957094556642683 0.20566606943455096 0.09250847666228927 0.14234877685491715 0.10845102801741832 0.13752006381438825 0.11101017199474712
0.10882063238691722 0.06949845116743625 0.25751964284395523 0.1278620236249782 0.10214189936955868 0.07652491494488482 0.14255661439978914 0.11507582126248041
0.10464398470008632 0.0684599083503915 0.2796625526367301 0.1273698843974134 0.09275053241569774 0.07047232565414646 0.1420079158878624 0.11463289595767207
0.10300239298728169 0.06794822752933993 0.2883641472888368 0.12654277379195916 0.09017758164294594 0.06899063105942016 0.141085749287453 0.11388849641276326
0.13680327306736798 0.09052284396720783 0.2437420647208564 0.10541185015433209 0.11949165518795136 0.09163130139728684 0.11752634636609861 0.09487066513889887
0.12795587946671008 0.08005543467910217 0.19685344284477868 0.09099802901397253 0.14779900726345235 0.11186588997802815 0.135274681937189 0.10919763481676702
0.1101886192430723 0.06960265872886741 0.25367836906642466 0.12797056922301459 0.10348095231590966 0.07722768448081611 0.14267763464118194 0.11517351230071313
0.10508001779267992 0.06854206523687605 0.27813466496319716 0.12751066426337615 0.0931388296522137 0.07066928532216772 0.14216487493245072 0.11475959783703853
0.1377343249897468 0.09077983632455301 0.24015044294649698 0.10565692089433773 0.12057949433304298 0.09220816975457491 0.11779958195234372 0.09509122880490395
0.11096715607183116 0.06930991539491692 0.2708715736819433 0.1260254112003808 0.09617792034922115 0.07271622461437219 0.14050892860699174 0.11342287008034273
0.0833338900674592 0.11884462953858414 0.14171187958197345 0.1381999164181209 0.0966639327302539 0.16167025647826827 0.09373559548359506 0.16583989970174506
0.10306508882556407 0.07519938291692693 0.23463104616784075 0.13355241150039052 0.09568398233869242 0.08876994567517156 0.14890097222506227 0.12019717035035148
0.08201832559375913 0.11998576057663989 0.13324419126581968 0.13880803015126758 0.09676422618287307 0.16846177481508584 0.09414805523303368 0.1665696361815211
0.13528782328868486 0.09913250676559777 0.18967630095604193 0.10992882385174807 0.12601749930897976 0.11845866941124633 0.12256243495112806 0.09893594146657327
0.12860139277823146 0.08153447018087231 0.17958244397534245 0.0919527246016025 0.15123421658423997 0.12005758130824189 0.1366939010495464 0.11034326952192298
0.11098037689427043 0.07013184960859094 0.24671377021241847 0.12876951887687144 0.10482248680991514 0.07912102672662544 0.1435684038821238 0.11589256698918428
0.08339593981632272 0.11909843262585458 0.13605813864980604 0.13841280884463042 0.09868607350514502 0.1643732438587616 0.09387999208592325 0.1660953706135565
0.10326481233583151 0.07535387627251358 0.23228015542054206 0.1337990356855817 0.09630120089205065 0.08940584748969659 0.1491759397867605 0.12041913211702354
0.10452212497121406 0.06974769677091083 0.2704280537013825 0.12908575996736707 0.09257749710092177 0.07354069441962842 0.14392098909794507 0.11617718397063038
0.09448372245691242 0.13687448457868076 0.1627998359039581 0.15913578534220157 0.08271718112788917 0.1398151016735174 0.08095168210885907 0.1432222068079814
0.10853174733731609 0.06710729123306196 0.250831800159441 0.13421458246612392 0.0920860090561597 0.08163992507948283 0.14858105995435777 0.11700758471405674
0.08304808212783539 0.1189729060422873 0.13711654311708443 0.13872078150614262 0.09596093206258895 0.16562693944556742 0.09408887789112282 0.16646493780737112
0.10317340383577862 0.07534221594857138 0.23277702772929312 0.13379860820479011 0.09569502830904955 0.0896195054106266 0.14917546317757943 0.12041874738431112
0.10448775576826322 0.06973842932352362 0.27063191692893684 0.12907006710769225 0.09243655061338918 0.07356872713075543 0.14390349273051659 0.11616306039692303
0.10334001544195737 0.06830850921704734 0.2850150672477623 0.12707015880017788 0.09044770700901301 0.06978165514935523 0.1416737442145267 0.11436314292016012
0.10253316543026678 0.06782606062373586 0.29044786080769247 0.12633115668832437 0.08955193815498326 0.06876196526628399 0.14084981200922134 0.11369804101949194
0.10214651604599197 0.06765183648953306 0.29250118490734056 0.12605962935277834 0.08918845314490124 0.06845163434863277 0.14054707929332153 0.11345366641750053
0.10198254434004866 0.06758749242339779 0.293278350818478 0.12595883730407603 0.08904701006308526 0.06834810779643269 0.14043470368081312 0.11336295357366845
0.10191662746882904 0.06756345225721598 0.293572833822389 0.12592108786460204 0.08899290821159474 0.06831149542430535 0.14039261587292198 0.11332897907814185
0.13630543680192264 0.09037156867900044 0.24554956369252037 0.10527071196460339 0.11902363060846796 0.09136645966809036 0.11736898781725184 0.09474364076814305
0.11044044597854706 0.06915778285248461 0.2730135142078325 0.12579394043615078 0.09568338012544575 0.07244553402819069 0.14025085597881284 0.1132145463925357
0.08322362380143337 0.11880382854648229 0.14220407560646586 0.13817071276954604 0.0965402337769854 0.16153688238411357 0.09371578779151819 0.16580485532345524
0.10302177564239537 0.07518424724101366 0.2348349700183121 0.1335300171504941 0.095643315896533 0.08873265441965943 0.14887600419614785 0.12017701543544466
0.10437359484635168 0.0696716061694461 0.2714241242027668 0.12896331334007713 0.09235596872151368 0.07335994046745052 0.1437844702463248 0.1160669820060694
0.10328392267811527 0.06828307384519734 0.2853161684509508 0.1270301378537365 0.09040480446520419 0.06972564479255072 0.14162912384588233 0.11432712406836285
0.10250914305680899 0.06781656695489946 0.2905619956308769 0.12631625985822623 0.08953328947376149 0.06874490799765787 0.14083320315536565 0.1136846338724036
0.13658682337922368 0.09046555753313275 0.24451095629715175 0.10535697711671749 0.11926100747077084 0.09153223177379659 0.11746516702416113 0.09482127940504573
0.14631925625577022 0.09158033284422656 0.22551597550643782 0.10410338009758821 0.12675895577590882 0.09596155753239066 0.11606749989984837 0.0936930420878294
0.14958848967593447 0.09177861407664367 0.21832483745453404 0.10420120954942576 0.12905405177427776 0.09709513643675907 0.11617657243794186 0.09378108859448318
0.11437458511872314 0.06970763380570337 0.26179193160378 0.12660527775269628 0.0984930576434494 0.07392732755902087 0.14115543653920018 0.11394474997742662
0.08400360460478844 0.11895074865412857 0.13961006348199162 0.13827526992322325 0.09722374241223909 0.16221954219827053 0.09378670481749055 0.16593032390786785
0.11751932509601708 0.08561914450776348 0.16621387731568296 0.09502761765355068 0.1454303600876858 0.13489159806110404 0.14126493609393506 0.11403314118426082
0.1090602766785519 0.07098722672400562 0.2418389549344292 0.12986587011816944 0.10427092011465856 0.08230671462491833 0.14479075369891428 0.11687928310635251
0.10529488941892862 0.06898282027040634 0.2736622534009023 0.1281750441297777 0.0937408614437268 0.07188098271655693 0.14290560890290138 0.11535753971679992
0.09460495100563275 0.1366757938789171 0.16363460013218992 0.1590133051133677 0.08290171407029219 0.13916828424859523 0.08088937694897401 0.1431119746020309
0.10852238369218653 0.0670803501770244 0.2511581285534694 0.1341607003540488 0.09209201161799371 0.08150440479885224 0.1485214102413564 0.11696061056506821
0.12224248356162677 0.07989968964903107 0.20194766275306916 0.09316403617041565 0.1412553491349146 0.11119933827310959 0.13849459705333428 0.11179684340449877
0.10882974388937121 0.06964548671981217 0.2561081842640334 0.12810026502222133 0.10207345319770114 0.07713039260835511 0.14282223577850642 0.11529023851999919
0.09541018332596485 0.13683025485229813 0.15897295740086875 0.1590879984586911 0.0845572255378579 0.14103480868251098 0.08092737312898635 0.14317919861282197
0.08415410770454138 0.10989252337917925 0.11557286765274022 0.1318710280550151 0.10260216654274737 0.19216525055574657 0.09890327104126131 0.16483878506876887
0.07727838541157259 0.12226603352990874 0.10378911765756085 0.13682657980287236 0.09678718704593778 0.20605668579197006 0.09280411499673083 0.16419189576344684
0.10280820449435524 0.07634531366474649 0.2187218737148118 0.13514156424199691 0.0968670509017638 0.09781582622606344 0.15067275893846518 0.12162740781779723
0.10491794245607501 0.07017281006023572 0.265178819464526 0.12976216863134463 0.09314950934887986 0.07535766399070708 0.14467513428002154 0.11678595176821016
0.10364204485445586 0.0684809796170443 0.28294092911681196 0.1273434679210696 0.09077761231741506 0.07022738155612279 0.14197846348811788 0.11460912112896264
0.10267905497407309 0.0678913465799857 0.2896620298402321 0.12643385686059078 0.08968908692004776 0.06888983861343236 0.14096431503710644 0.11379047117453171
0.11977071093128165 0.07930473341757398 0.214007095955563 0.09235296872246193 0.13943670321551013 0.10701533447338336 0.13728889081727175 0.1108235624669543
0.10780798100113195 0.06931348997418522 0.26093814822127026 0.12755287201542595 0.10128325115808946 0.07609473938985979 0.142211933426154 0.11479758481388337
0.10429041797734001 0.06836765580980066 0.28099564451942544 0.12721827356270096 0.09247280544478238 0.07031987535812041 0.14183888112139942 0.11449644620643086
0.10287294961879737 0.067909037359507 0.2888745191919978 0.12647974349309338 0.09008383092070975 0.06893267506413935 0.14101547520797125 0.11383176914378405
0.10227768753994118 0.06769363725662329 0.29189700763744486 0.12612858159901008 0.08934739343891697 0.06851601318677461 0.14062395590217988 0.11351572343910907
0.10203379440067843 0.06760487734174117 0.2930478413784423 0.12598666761562077 0.08909990549361274 0.06837318051454934 0.1404657324012966 0.1133880008540587
0.10193649110045655 0.06757021151577657 0.2934849840121043 0.12593176571859602 0.08901226643508649 0.06832117118797322 0.14040452088327046 0.11333858914673642
0.10189839759545823 0.06755693339321225 0.2936509153377123 0.12591081333433707 0.08898028404264643 0.06830176375729771 0.1403811605384325 0.11331973200090337
0.08163004396385967 0.11862349006650698 0.14707876642725237 0.13818115954593993 0.09504298220817281 0.15990329290198108 0.09372287343115926 0.1658173914551279
0.10249351250690797 0.07506922370857226 0.23689344856071642 0.1333478921259393 0.09518655895103667 0.08832331284829288 0.14867294838518905 0.12001310291334538
0.1384965069549528 0.09254675722856659 0.2261940369170273 0.10707633939655148 0.12256922335936223 0.09736630303108527 0.11938212765555814 0.09636870545689633
0.11168760148411949 0.06979828135445597 0.26542154694145365 0.12671348896124104 0.09708240614800585 0.07397845108434273 0.14127608396126426 0.11404214006511694
0.12247568285194074 0.0796156977667342 0.20602309741957486 0.09254241049512628 0.14214345994691824 0.10857825018951572 0.13757050873603846 0.11105089259415153
0.12465782085200483 0.07969632613020511 0.18467942345508076 0.09163611407418916 0.15611069184930818 0.11703304851452467 0.13622323823566032 0.10996333688902699
0.14422899413231008 0.09174978566001767 0.20417862810004003 0.10547621396507893 0.13882048373840356 0.10301919462376687 0.1175981072118119 0.09492859256857104
0.11362832286695597 0.07006163655279292 0.2561842532195887 0.127268972616745 0.10109097252474664 0.07532836008095317 0.14189540678314702 0.1145420753550705
0.09642455133958382 0.13683685541096846 0.15898344713782342 0.15901989019627735 0.0843471232576091 0.14037750472906874 0.08089272675201936 0.1431179011766496
0.0843570193857761 0.10990279181233391 0.11558871801685015 0.13188335017480068 0.1025696765061686 0.19193174375446914 0.09891251263110051 0.16485418771850083
0.07731978406303408 0.12227412407599468 0.10379835440466474 0.13683451866460775 0.09678560059598505 0.20597669618218958 0.09280949961599483 0.16420142239752927
0.10281830924516791 0.07634585456371494 0.21872605917969853 0.1351416523060336 0.09686663152973539 0.09780114897692532 0.15067285712329417 0.12162748707543024
0.10492015492177623 0.07017271478310116 0.26518030960107636 0.12976192387013 0.0931493288998849 0.07535497505138149 0.14467486138953298 0.11678573148311701
