Action: 0
[0.16541059203047206, 0.10298628748448989, 0.21661215159705913, 0.10298628748448989, 0.10304581895001935, 0.10298628748448989, 0.10298628748448989, 0.10298628748448989]
[0.10817476118471823, 0.10371439254979795, 0.16582449096669608, 0.10371439254979795, 0.2074287850995959, 0.10371439254979795, 0.10371439254979795, 0.10371439254979795]
[0.21114685331554983, 0.10384294476248021, 0.1657954781095663, 0.10384294476248021, 0.10384294476248279, 0.10384294476248022, 0.10384294476248021, 0.10384294476248021]
[0.125, 0.125, 0.125, 0.125, 0.125, 0.125, 0.125, 0.125]
[0.16563771249831336, 0.10412943923915914, 0.20956054532934537, 0.10412943923915831, 0.1041305636776506, 0.10415342153805676, 0.10412943923915831, 0.10412943923915831]
[0.1074307450836321, 0.10104112310128795, 0.261977566690518, 0.10089180645604513, 0.12598333930038141, 0.10089180645604516, 0.10089180645604513, 0.10089180645604513]
[0.125, 0.125, 0.125, 0.125, 0.125, 0.125, 0.125, 0.125]
[0.125, 0.125, 0.125, 0.125, 0.125, 0.125, 0.125, 0.125]

Action: 1
[0.10370604260924425, 0.10370604260924425, 0.10370604260924425, 0.10370604260924425, 0.2119373474222978, 0.16582639692223675, 0.10370604260924425, 0.10370604260924425]
[0.1111111111111111, 0.1111111111111111, 0.1111111111111111, 0.1111111111111111, 0.1111111111111111, 0.2222222222222222, 0.1111111111111111, 0.1111111111111111]
[0.10162881131462058, 0.10162881131462025, 0.10162881131462025, 0.10162881131462025, 0.15648426766606272, 0.2337428644462155, 0.10162881131462025, 0.10162881131462025]
[0.125, 0.125, 0.125, 0.125, 0.125, 0.125, 0.125, 0.125]
[0.10431152729200002, 0.10431152729200002, 0.10431152729200002, 0.10431152729200002, 0.10434250891041472, 0.2697883273375851, 0.10431152729200002, 0.10431152729200002]
[0.10315085503709726, 0.10315085503709726, 0.10315085503709726, 0.10315085503709726, 0.11235317714073847, 0.2687416926366779, 0.10315085503709726, 0.10315085503709726]
[0.125, 0.125, 0.125, 0.125, 0.125, 0.125, 0.125, 0.125]
[0.125, 0.125, 0.125, 0.125, 0.125, 0.125, 0.125, 0.125]

