0.125 0.125 0.125 0.125 0.125 0.125 0.125 0.125
0.07575757575757576 0.12626262626262627 0.09090909090909091 0.15151515151515152 0.0946969696969697 0.15782828282828282 0.11363636363636365 0.1893939393939394
0.05627417563478994 0.09379029272464989 0.06752901076174793 0.11254835126957988 0.122122860097277 0.18758058544929979 0.13505802152349586 0.22509670253915975
0.09153084442137595 0.15255140736895992 0.08237775997923835 0.13729626663206393 0.12727618735730925 0.22361757428776627 0.10297219997404795 0.08237775997923835
0.10683775575485602 0.08413473265694912 0.12820530690582724 0.10096167918833895 0.14957685079790792 0.14382494207841312 0.16025663363228404 0.12620209898542367
0.06068362035330111 0.10113936725550186 0.054615258317971 0.09102543052995168 0.1511873026364996 0.2500676432109295 0.109230516635942 0.18205086105990337
0.06903997421208496 0.11506662368680827 0.08284796905450195 0.13807994842416993 0.11405640794164766 0.2047491798324474 0.10355996131812743 0.17259993553021238
0.07022336608977302 0.11703894348295502 0.08426803930772762 0.14044673217954604 0.11091385385584884 0.19621560072505745 0.10533504913465953 0.17555841522443252
0.07295173961840627 0.1290684624017957 0.09118967452300783 0.16133557800224463 0.08754208754208752 0.15488215488215484 0.10942760942760942 0.19360269360269358
0.09612633457119006 0.07759595682252692 0.19225266914238012 0.15519191364505383 0.08651370111407106 0.07961930019608729 0.1730274022281421 0.13967272228054847
0.12501265871479064 0.10091383293844546 0.18380210291422114 0.1261422911730568 0.11251139284331158 0.09745041830628372 0.14063924105413944 0.11352806205575112
0.09617369414648935 0.07573678414036038 0.1923473882929787 0.15147356828072076 0.10526485746703237 0.07926236091586007 0.16768746671695578 0.1320538800396027
0.07107771318605002 0.11846285531008337 0.10095579297710766 0.14215542637210005 0.11042675079123547 0.17261060861922334 0.10661656977907505 0.17769428296512504
0.0896347789384317 0.14880849550776154 0.08016809522061029 0.1297304832631767 0.10093097956178608 0.2070594772052235 0.08799111038719812 0.15567657991581207
0.07423754071410169 0.12109082859923345 0.09203189819397925 0.15136353574904182 0.08213117070208878 0.19484481976509377 0.10266396337761098 0.18163624289885016
0.08430311298663741 0.14050518831106237 0.1101655661907438 0.16860622597327482 0.08822261024178941 0.1730132272465909 0.088194025893713 0.14699004315618833
0.07811566674136096 0.12131139661208216 0.09465766636555227 0.1516392457651027 0.08228077335428181 0.18717718955064444 0.10285096669285228 0.18196709491812324
0.10372004554765385 0.07407401628997465 0.20015199165274847 0.1481480325799493 0.08258700025165829 0.09281168385274452 0.16517400050331657 0.13333322932195435
0.07980795875139168 0.12017539370754968 0.1135696630030661 0.1502192421344371 0.08151026703642499 0.17256655101027465 0.10188783379553125 0.1802630905613245
0.07590114438248223 0.11824651799771957 0.09967057758821123 0.14780814749714946 0.08657700186519927 0.19417435102241842 0.1002524826502405 0.17736977699657933
0.07396033624281381 0.1147500935176271 0.09067282453251942 0.13770011222115253 0.10444940819566297 0.20306700084791923 0.1032750841658644 0.17212514027644063
0.07682248089230653 0.11353290035429046 0.0890892713184651 0.13623948042514855 0.10739209295647367 0.20444481320301858 0.10217961031886143 0.1702993505314357
0.0745331116910619 0.11642398960540605 0.094908516198598 0.1455299870067576 0.09360756332548213 0.20165355222956707 0.0987072955350182 0.17463598440810907
0.11495500355817748 0.08022488465572365 0.13371646810708182 0.09626986158686839 0.15764176104678262 0.1440453899556402 0.1528093041061403 0.12033732698358549
0.05722588591034407 0.08417907271385316 0.0735003097842366 0.10522384089231646 0.12839146173112 0.22208305747913906 0.11894868970435772 0.2104476817846329
0.10294631496590731 0.07202881357195977 0.19640129120869962 0.14405762714391954 0.10611561868223766 0.09338391880914974 0.15947771503111968 0.12558870058700677
0.08395373372158918 0.1140681492908014 0.1104027369984554 0.13688177914896166 0.1090283990370469 0.1719016435052222 0.10266133436172126 0.17110222393620209
0.05451700409609965 0.08415042726624486 0.07088465238409679 0.10518803408280607 0.11781324188598753 0.23816235967772012 0.11890821244143294 0.21037606816561213
0.07437969999584865 0.11056594920022697 0.08959460975245437 0.13267913904027234 0.10843462277582415 0.2189877011548287 0.09950935428020427 0.16584892380034044
0.07729027154707872 0.11048123954706897 0.092206608203956 0.13257748745648276 0.10640895680948105 0.21588046152296694 0.09943311559236208 0.16572185932060346
0.11582749430992967 0.07778532783066959 0.13796490257653357 0.0933423933968035 0.15793777924308827 0.15230158169569563 0.1481625292012754 0.11667799174600438
0.08343246038762481 0.11007194195292806 0.09903953624840843 0.13208633034351366 0.1176556784547979 0.1935413919256999 0.09906474775763525 0.1651079129293921
0.06331257462023168 0.09769336224522801 0.056515643461895075 0.08516857221378851 0.13911250336484624 0.29158268325084646 0.09627751641558702 0.17033714442757703
0.09716832021410006 0.07040358214665107 0.19219985583775046 0.14080716429330215 0.1032148605669817 0.11249028888754611 0.15698948018969658 0.12672644786397194
0.10689928053990491 0.06925128880369585 0.2355933851068114 0.1385025776073917 0.09745899169405585 0.07822059251711118 0.15332804684253376 0.12074583688849533
0.06853072581283921 0.10196691011725927 0.07654383843132874 0.08889422933299526 0.14022542960909842 0.2455612792192765 0.10048912881121204 0.17778845866599052
0.10206909694869169 0.06951757634664622 0.20736370580414673 0.13903515269329245 0.1060975406647264 0.10078916507005542 0.1539176293552118 0.12121013311722932
0.0672994723977254 0.10084221636162656 0.07260883771581837 0.08791372708449496 0.1408968870483448 0.2552306702579187 0.09938073496508126 0.17582745416898993
0.10865151694966554 0.07823493376164242 0.1410240504615044 0.09779366720205303 0.15332918994211922 0.1582373865133206 0.14537685452723106 0.11735240064246362
0.10555375708048216 0.06833138629842514 0.2235643911200365 0.13666277259685028 0.10273472130969916 0.08778768352622636 0.15236879273111514 0.12299649533716524
0.10503677904594338 0.0667594155714943 0.2643029514801237 0.1335188311429886 0.09426748660784802 0.07190266923373032 0.14781083463936875 0.11640103227850289
0.07082970804734665 0.10124306427310586 0.08283576632720546 0.08826318423809229 0.13886953275517178 0.24165660239635425 0.09977577348653911 0.17652636847618458
0.09976546563978532 0.06937254861059455 0.20757937844281776 0.1387450972211891 0.10174248335741813 0.10323400993923192 0.15469042928989293 0.1248705874990702
0.10411628477582864 0.06686866693461535 0.26193448875951164 0.1337373338692307 0.09424645851306897 0.07445251917371165 0.14805272613931927 0.11659152183471394
0.07055542432224168 0.10095345228681657 0.08385966721758 0.08801070199363496 0.13855234190449534 0.242556649512548 0.09949035877541344 0.17602140398726993
0.07273441332516449 0.11082154807809785 0.09558696543105172 0.13852693509762232 0.10143002691084888 0.2207103895825504 0.09395739945751774 0.16623232211714675
0.0764076037810103 0.10938764364827841 0.0987179725847694 0.13126517237793406 0.10428492624179075 0.21740633661034886 0.09844887928345056 0.1640814654724176
0.07799642748156894 0.10913018661841292 0.09922384962579998 0.13095622394209547 0.10475951636837892 0.2160213480795529 0.09821716795657162 0.16369527992761937
0.09621444887864049 0.13415885320631862 0.09159487610151608 0.12074296788568675 0.1289315785361359 0.265354268746025 0.09055722591426507 0.07244578073141206
0.07547810590140516 0.1091479846384809 0.09602390401659977 0.13643498079810112 0.09958228187519547 0.22707225709726236 0.09253850871523381 0.16372197695772134
0.1397017812377287 0.09252568733651512 0.1770661030182691 0.11103082480381815 0.12983419346314226 0.13012961925889727 0.12291568720650603 0.09679610367512351
0.08374564759021515 0.11200981021856933 0.11645541925961929 0.1400122627732117 0.10224089117568683 0.18255641455649144 0.09496483909835227 0.168014715327854
0.10639280323950877 0.06877747173677341 0.22868116987548207 0.13755494347354683 0.096979274117908 0.0894156663445773 0.15227897690193218 0.11991969431027161
0.07020232538573301 0.10002161644744917 0.07880720886834063 0.08719833228751979 0.14233579704351812 0.24846602758911646 0.09857202780328324 0.17439666457503958
0.09906347274975047 0.06886914462861679 0.20620787933363835 0.13773828925723358 0.10649416099070753 0.10409467916353796 0.15356791354500518 0.1239644603315102
0.0787212037798816 0.1136779059676818 0.12453425045145117 0.14209738245960224 0.09920765314769779 0.17486565105217178 0.09637909418999109 0.1705168589515227
0.11757974570953714 0.0768638414619967 0.15608769792794178 0.09223660975439604 0.15433750704443455 0.1411915188382289 0.1464073170704699 0.11529576219299503
0.06857666680643279 0.10298688898137226 0.0669906191312749 0.08297663419917617 0.15354521647436284 0.2651710325664818 0.09379967344254697 0.16595326839835234
0.12714982424955978 0.09818097231173165 0.16217740310615292 0.11055462819791399 0.14072742584792702 0.1384504208133058 0.1232601600952862 0.09949916537812259
0.10623417591438006 0.07301440919568356 0.23736645835083856 0.13214469520728134 0.10253458428713727 0.0824439777464256 0.1473314736117002 0.1189302256865532
0.10099670488904955 0.07052083343266183 0.2678062173435336 0.13096896452421508 0.09352983910335338 0.07228475099421597 0.1460206216411771 0.11787206807179358
0.09911596998324235 0.06969706811936685 0.27913768190922905 0.12973612767321024 0.09090451349826921 0.07000002335573627 0.14464610055505678 0.11676251490588924
0.098394405794555 0.06936487447304203 0.2832766127658415 0.12920795619297146 0.09004423530373191 0.06936752612581111 0.14405722877037266 0.1162871605736743
0.07797932566917794 0.12060065499700041 0.14145415466898362 0.14044327577525254 0.09509878869350728 0.16063469091386473 0.09525717835191042 0.16853193093030303
0.08003186826479337 0.11055384483601544 0.10966702437565988 0.13266461380321853 0.1039723733407694 0.19778104777310634 0.0994984603524139 0.16583076725402315
0.0752747548042857 0.12355059543542785 0.10170106984139961 0.13838383074006333 0.09640737993851001 0.20476143498071628 0.09386033737152122 0.166060596888076
0.10093423856806731 0.07729520094015326 0.21667003830143414 0.13689012093775188 0.09634686455419449 0.09604015868949595 0.15262226916492633 0.12320110884397667
0.1026457589874317 0.07130788572382754 0.2604850443254267 0.13190096523599365 0.09290429709357992 0.07498544703882795 0.1470597328825183 0.1187108687123943
0.1014558969165952 0.06976802831504016 0.2762942980699476 0.1297499131646696 0.09082637642783456 0.07046909490844444 0.14466147034926594 0.11677492184820262
0.10066298734010577 0.06926010072579214 0.2819420999509725 0.12897756789486006 0.08992136705110515 0.06935570292065533 0.143800363011135 0.11607981110537405
0.11733337345328289 0.08080949716077732 0.20759616778793094 0.09409434244122777 0.1396959204883875 0.10767992793076697 0.13987755980815353 0.1129132109294733
0.0823074586576244 0.12004460480882845 0.12350304475612252 0.13805494060323079 0.10420272640375225 0.17258403198524294 0.09363726406132174 0.1656659287238769
0.10269088678620332 0.0763749822015702 0.2248892353976026 0.13566257429831916 0.09714332885305134 0.08988902932484896 0.151253646269917 0.12209631686848722
0.1380269324058994 0.09416778424894122 0.2184739986788168 0.10893506341197243 0.12306788448312145 0.09783231347846831 0.12145446622200509 0.09804155707077518
0.1108151237583251 0.0710690661977668 0.2582873053113497 0.12900881360495955 0.09680870327801398 0.07406785595899465 0.14383519964612657 0.11610793224446361
0.10451385302991723 0.06950477624021226 0.2748682898776219 0.1292413764320484 0.09134944641199684 0.07011052937646403 0.14409448984289575 0.11631723878884356
0.13709875268908386 0.09225996295515118 0.23452031116177346 0.10738636374792124 0.11999888261829837 0.092360217783453 0.11972778167118978 0.09664772737312911
0.11003783264331304 0.07054356007537786 0.2642189484581299 0.1282708889559778 0.09568776750428255 0.0727847335710233 0.14301246873151552 0.11544380006038002
0.13879426047799512 0.0923926206288261 0.2307458508842127 0.10742442305226588 0.12121161618010769 0.09297903307426578 0.11977021495528746 0.09668198074703928
0.11052161993908838 0.07062119715186735 0.2627726281269681 0.12839615789735845 0.09602401658884599 0.07295570393552261 0.1431521342527265 0.11555654210762259
0.12151784899435315 0.08081747573417877 0.20134382924595096 0.09395981923667432 0.14145820331895193 0.10847345835643761 0.13967758202944422 0.11275178308400917
0.14227789053256407 0.09312704926257252 0.20774283895053267 0.107085999878783 0.1333890294002632 0.10060689371206494 0.11939289837231477 0.0963773998909047
0.14767605972698422 0.09366709122860653 0.20912617140619988 0.1063544795718884 0.13053147860141398 0.09834838002901262 0.11857730782119495 0.09571903161469955
0.11322531545430535 0.0710383256204187 0.25430916793594915 0.12897960256451738 0.09837785625601579 0.07418545834476614 0.14380263151596187 0.11608164230806563
0.08315059203519101 0.1204261749339389 0.13494899513534117 0.13995676947387747 0.09662194956646207 0.16202019532164574 0.09492720016489081 0.16794812336865295
0.1191902041520991 0.07679685234716999 0.1592276488030023 0.09215622281660399 0.1533763227664985 0.1377777518373567 0.14627971875651424 0.11519527852075497
0.08296764427380197 0.11909484694901938 0.11245731990744985 0.13751064418207992 0.10664351815890223 0.18304516441284005 0.09326808909741072 0.16501277301849587
0.1033705240971302 0.07649495752550803 0.22037851562483543 0.13597884851711825 0.09790009827447145 0.09188982387420616 0.15160626842132435 0.12238096366540642
0.10451030755103949 0.07098421795916116 0.2614598656342366 0.13136859323739578 0.09291237378687427 0.07406673008430135 0.14646617783333526 0.1182317339136562
0.10331164877761663 0.06955865010997925 0.27630126545355616 0.12937248316760902 0.09062345422593715 0.07015659934549263 0.1442406640689611 0.11643523485084814
0.10252990880263481 0.06908761723967163 0.2816137509332101 0.12865623772964688 0.08971142700532667 0.06916834047604242 0.14344210385678538 0.11579061395668218
0.10217618880089656 0.06892436380953064 0.2835145629323152 0.12840464197929966 0.08937043177959242 0.06888403954604529 0.1431615933709505 0.11556417778136968
0.1020342474582564 0.06886698168495613 0.28419541933949133 0.1283158921090839 0.08924638224771636 0.06879413037353586 0.14306264388878456 0.11548430289817549
0.1019802404358565 0.06884664728103493 0.28443954289776696 0.12828438333399034 0.08920174824344489 0.06876397885135879 0.1430275139559564 0.11545594500059128
0.10196022846638081 0.06883940231370056 0.2845271340524003 0.12827314378766883 0.08918574893811654 0.06875353033225093 0.14301498270058 0.11544582940890193
0.10195291593787198 0.06883681221710636 0.2845585746850836 0.12826912269992016 0.08918001833266988 0.06874984620959843 0.1430104994878214 0.11544221042992812
0.1019502640933533 0.06883588438643243 0.2845698629435076 0.12826768164255498 0.08917796512501971 0.06874853551443161 0.14300889281640083 0.11544091347829949
0.13624735657524153 0.09199338646504154 0.23769438215574387 0.10713696060098196 0.11917846377412464 0.09187647011345489 0.11944971577452766 0.09642326454088376
0.0862282302544855 0.12111353387279247 0.13011489793775194 0.13766791054064004 0.09980436571109626 0.16649481231994454 0.09337475671452107 0.16520149264876802
0.07769622621305286 0.1253384299881696 0.10657108526582615 0.13899851724975093 0.09601963304926335 0.1943006323561441 0.09427725517809195 0.1667982206997011
0.10253258767388773 0.07723417001348303 0.21842542008413074 0.13654018414706104 0.09607131900218495 0.09407803758890564 0.15223211575799195 0.12288616573235493
0.08139065086248887 0.12147074921206245 0.1270429700982597 0.14040747527917774 0.09629501592584191 0.16967127201084434 0.09523289627631186 0.16848897033501326
0.10619280356296616 0.06865054130331591 0.23350557885624695 0.13730108260663182 0.09554366759391637 0.08711000388178892 0.15199794248678816 0.1196983797083457
0.07218902044279579 0.10595476637896484 0.08002928600918129 0.08612153488441898 0.1410650575110595 0.24504248643974622 0.09735477856499537 0.17224306976883796
0.10102949134808334 0.07557787068962665 0.205738542282507 0.1357881656866181 0.10542378319511833 0.10283912638471163 0.15139367129537867 0.12220934911795629
0.10439636377275632 0.07118892643410082 0.2558998658544965 0.13186099276525678 0.09482212727856862 0.07614166384542322 0.14701516656066688 0.1186748934887311
0.12046291685870707 0.08114084833566669 0.19956963794163043 0.09430561262580976 0.14155072598064156 0.10961189597924981 0.14019162712732317 0.11316673515097171
0.10782573607861698 0.07071034727724647 0.2514748545755643 0.13005602799030233 0.10132680697221844 0.07655303637932295 0.1450027655354565 0.1170504251912721
0.10423109391310749 0.06963902152808037 0.2723986540848006 0.1295432397913568 0.09249772048283154 0.07067030942619401 0.14443104496140824 0.11658891581222112
0.08161223492140307 0.12029066604809019 0.13894908388410918 0.13999458037794632 0.09545274442827917 0.16075434806507308 0.09495284582156359 0.16799349645353556
0.10580254716329882 0.06835333703385346 0.23830862121951055 0.13670667406770692 0.09497803633958715 0.08533069898386116 0.15133990779982207 0.11918017739235987
0.0721756078555659 0.10597914404844677 0.08073497494456024 0.08616252304312405 0.14099880676258789 0.24422278425419647 0.09740111300527066 0.1723250460862481
0.11278168232931622 0.08437335208491015 0.14377820768708527 0.09474224271032063 0.1569288678911774 0.15286424897095574 0.14084070707384977 0.11369069125238475
0.10786025593696934 0.07213535108508752 0.22997668592551684 0.13226752491915442 0.1061935889788348 0.08505740115315608 0.1474684195740423 0.11904077242723896
0.12155385168400491 0.08135330028043089 0.1914727850439879 0.09446840891909628 0.1453295883149465 0.11202634030324511 0.140433634751373 0.11336209070291553
0.08366295537024951 0.12000190708933431 0.11989329398037547 0.13792171282680488 0.10538805658653293 0.17407911788070424 0.09354690087383287 0.16550605539216584
0.10274017039022922 0.08227984014598541 0.22223401784648134 0.1346420266597312 0.0969818888880207 0.08982842026263099 0.15011581181316302 0.1211778239937581
0.1039228266562168 0.07523224733827587 0.2614876316347927 0.13055011607352007 0.09236312903071169 0.07339530792431542 0.14555363687599923 0.11749510446616807
0.10283255773310225 0.07337345222490353 0.27575390765781066 0.12870388601460228 0.09023146567957943 0.0697760051381914 0.1434952281386685 0.11583349741314206
0.08088265208856121 0.12637440058794516 0.13906940634256834 0.13893135836641954 0.0943991680865341 0.15939368055278372 0.09423170393548456 0.16671763003970344
0.10165686042372828 0.08271483528625893 0.230065925498868 0.13410373282034685 0.09428331159552066 0.0869663204835336 0.14951565435343148 0.12069335953831217
0.11985672015483842 0.08702762267661558 0.19148643988703198 0.0943141661912478 0.141524972600771 0.11240873648315791 0.14020434257684003 0.11317699942949737
0.08281736939787929 0.12740306364327716 0.1191974895103725 0.13674795408128812 0.10392628825459481 0.17305950396860356 0.0927507862464389 0.16409754489754572
0.11611804589246584 0.09421540125710735 0.15705625112620308 0.09528400854311238 0.1459674147534178 0.1353719898044067 0.14164607837155213 0.11434081025173486
0.10789264730377042 0.07723879888282431 0.23457876125594945 0.13115808785619115 0.10326260192061838 0.08159534366742523 0.14623148004264894 0.11804227907057205
0.10447740199254114 0.07416137457176561 0.26568306140230163 0.1296749841496678 0.0930918236897882 0.07162593836997785 0.14457793008925648 0.11670748573470105
0.11980471238124839 0.0852220038391746 0.20194944397854572 0.09358151244317446 0.14022003647640316 0.10780927237740276 0.13911520357224144 0.11229781493180933
0.12285339630728656 0.08597482394577567 0.18025999668162046 0.09253733715875248 0.15378246362425033 0.11598421081103916 0.13756296688077235 0.11104480459050296
0.12364122578747425 0.08606406145338037 0.17322295777990204 0.09250331378195636 0.15801541418835224 0.11803666162457434 0.13751238884601275 0.11100397653834763
0.08333338526762293 0.12694257086417984 0.11501809396582569 0.1364198365869049 0.10721438424191669 0.1748396881798851 0.09252823698937898 0.16370380390428588
0.11623298258317254 0.09413405982110723 0.15566422993533024 0.09526059041050303 0.1469771170507728 0.13580704596194196 0.14161126574456867 0.11431270849260362
0.10795594082915935 0.07725476743719352 0.23402029193094132 0.1312013753443531 0.10351073600850662 0.08169590827838827 0.14627974236153996 0.11808123780991782
0.08177674154835186 0.12721172908576603 0.1298315580769744 0.13901979332004294 0.09719519995779795 0.16384954012298636 0.09429168590402913 0.1668237519840515
0.13383741286953477 0.1088152140087686 0.18543686884028754 0.11012786454804105 0.12464308000605571 0.11524013116036388 0.12278435047371146 0.09911507809323694
0.09800553837792433 0.15157330669764138 0.13551454198111967 0.15705122694911164 0.0865351602584955 0.15008284516391526 0.07989127631759158 0.14134610425420047
0.10973219986942676 0.06845383786902819 0.23702147062867415 0.13690767573805637 0.0932736442149786 0.08369333715056058 0.1515624249114828 0.11935540961779272
0.07251274967813438 0.1108068469833447 0.08034929538922904 0.08571279457294328 0.139942016076105 0.24235798385450807 0.09689272429984892 0.17142558914588657
0.1005465560604682 0.08144839810667442 0.2047795731778524 0.13479248604137548 0.10476531943200597 0.1020708669490013 0.1502835627953843 0.12131323743723793
0.11975690109611517 0.08699113179714626 0.18355473982434525 0.09447404347393976 0.14502322532870113 0.11638909541543671 0.14044201089558805 0.1133688521687277
0.14160358539019616 0.09940752135805817 0.20087801010338727 0.10670819165911866 0.13425035092320875 0.1021432976707919 0.1189716704020323 0.09603737249320678
0.11177835413986231 0.07643955941730556 0.25048703829334634 0.1285282194710935 0.09909691423647868 0.07469514386582961 0.14329937305209978 0.11567539752398415
0.1217118769390992 0.08554224256080341 0.19708798551369788 0.09357268632522142 0.14210897875977324 0.10858692335603366 0.1391020829551053 0.1122872235902657
0.10776911682359967 0.07515479003702351 0.24977779957807011 0.12935897303161278 0.10116151434706873 0.0761291291786293 0.14422560127554437 0.11642307572845151
0.10391953837773803 0.07351753554643002 0.27120992351745526 0.12895281029273678 0.0922006300780458 0.07036927279178105 0.1437727601323498 0.11605752926346309
0.10247157549812877 0.07289681717678008 0.27920473007632374 0.1281979731088932 0.08988339483844279 0.06903616049993033 0.14293117300349734 0.11537817579800388
0.08080336031085805 0.12624233856648368 0.13981694236466294 0.13888497250434828 0.09431002490413075 0.15908015212395776 0.09420024222034057 0.16666196700521793
0.10161455561886754 0.08267861514124901 0.23035573401377749 0.13406977605978032 0.09424692638802845 0.08689379922500864 0.1494777950994864 0.12066279845380228
0.10342377736386602 0.07509757518420933 0.2645274144726628 0.13022315941370913 0.09159595648245977 0.0727421690106938 0.14518910460006076 0.11720084347233821
0.10262407342034702 0.07328462810355284 0.2768622748535711 0.12857057310873773 0.08999565876132025 0.06960268175725322 0.14334659419735385 0.11571351579786394
0.10201951988954855 0.0727484147422902 0.28128607745619205 0.12797930245296799 0.08929812318867941 0.06879981852180439 0.14268737154084637 0.11518137220767119
0.10173605120309555 0.07257261346848012 0.28287417472873905 0.12777211785852535 0.08902682226233409 0.0685669382265733 0.14245637617957976 0.11499490607267282
0.11879742749428064 0.08476894034798026 0.20709757085227284 0.0933025136232016 0.13860971454679274 0.10676036370000486 0.13870045308762508 0.11196301634784192
0.1068144806758481 0.07485119813226976 0.2536429472155318 0.12899103686413083 0.10017316298204544 0.07561986104573147 0.14381537990672494 0.11609193317771774
0.13771818437448924 0.09757545764377874 0.22654679673942285 0.10701724967216149 0.12217473810727654 0.09333580173538171 0.11931624702254423 0.09631552470494535
0.08587070274000447 0.12934977129861921 0.12686834906458952 0.13633601330759154 0.09976411935765649 0.1657364453233668 0.0924713829390621 0.16360321596910984
0.07682084868300686 0.1360735493797437 0.10484512760878621 0.13721142303554165 0.09505409245259386 0.1922761120953104 0.09306513910236738 0.16465370764264997
0.07497599494612632 0.13691014165749396 0.09971716794438866 0.13672684653850453 0.09371701201212052 0.20114415122904455 0.09273646982611612 0.16407221584620543
0.10145032470599688 0.08498729238464664 0.21441544100419066 0.1356193540394407 0.09523030233120759 0.09503440799236093 0.15120545890665998 0.12205741863549661
0.10393503331817992 0.07578793068700088 0.2586752392419584 0.13096771031075086 0.09228269120975612 0.07446123266591559 0.1460192232867625 0.11787093927967576
0.13701466614771335 0.09785385000090911 0.22856420154459872 0.10718721776063722 0.12020673117841582 0.09319908862614328 0.11950574875700896 0.09646849598457348
0.10996279042944657 0.07572002298653387 0.2612193494057655 0.127642742386297 0.09555492616257383 0.07270956829878492 0.14231213218293112 0.11487846814766729
0.08207895822860145 0.1267622385148151 0.13580661922650325 0.13880800558675815 0.09545806850360565 0.16036846466371854 0.09414803857188814 0.16656960670410975
0.10201319734473939 0.08282867894397211 0.2287491540039507 0.13420810262638583 0.09458225112966508 0.08719930468916606 0.14963201889837344 0.12078729236374725
0.10356346867237809 0.0751533315402844 0.2639288690596706 0.130291208756331 0.09170840131746102 0.07282765823440213 0.145264974538775 0.11726208788069789
0.10267447612532486 0.07330570668627007 0.2766440463435144 0.12859706027385331 0.09003529455784681 0.06962993635691901 0.1433761254098036 0.11573735424646796
0.11916443042022552 0.08496806461887771 0.2052541062270471 0.09341970499614857 0.13907073454542063 0.10714464726232906 0.1388746659345731 0.11210364599537828
0.09537783925593699 0.1464251762322448 0.14097451844807848 0.15766164586407658 0.0894614446263699 0.1480021005299855 0.08020179376563895 0.1418954812776689
0.10888724535365446 0.06828983131089142 0.23912092741966157 0.13657966262178284 0.09366307225050353 0.08319051067024272 0.15119930090811937 0.11906944946514403
0.09784572631134095 0.14974078140400168 0.10900398857488715 0.11585608999553773 0.11360093528667199 0.1963445180881158 0.0785806523447995 0.13902730799464527
0.10537180669291707 0.08546751068826641 0.21594779560412078 0.1332804694866109 0.09814130607583223 0.0932409117404247 0.1485977771738781 0.11995242253794981
0.08126435729831702 0.12885383359759756 0.12572264556935178 0.13901639396090293 0.09600172712130065 0.16803198944770362 0.09428938025174285 0.1668196727530835
0.10214810607797958 0.08335082492437224 0.22481093257801663 0.13464400085764056 0.0949934629061613 0.08875505898744943 0.15011801289650373 0.12117960077187652
0.137562719882531 0.0998848398926892 0.21756223684413376 0.10814639833885296 0.12189105949146165 0.09704582352428451 0.12057516352107935 0.09733175850496767
0.11047239990371577 0.07624516457712456 0.2571223755727795 0.128136170259708 0.0962359740720685 0.07360309494205791 0.14286226743880875 0.11532255323373719
0.10425710214880245 0.07345205921549579 0.27384788437836693 0.12858987877446945 0.09097729454670826 0.06977677146521111 0.1433681185739234 0.1157308908970225
0.1024561810785029 0.07282179838125451 0.280151527318829 0.12807378288704566 0.08955934031734152 0.06887825524462103 0.1427927101740643 0.11526640459834107
0.08079654427284559 0.1262185218407456 0.14002198641470395 0.13887357782746235 0.09423668446932625 0.15901187812507392 0.09419251365688751 0.1666482933929548
0.10122768509727623 0.0863811173130729 0.22974303618483355 0.13337761453635363 0.09389151385366012 0.08663309327737465 0.1487060866547107 0.12003985308271826
0.1030916726025541 0.0780088542095991 0.2638696459371969 0.12975847813670344 0.0913006698457804 0.07251702929122635 0.14467101965390664 0.11678263032303308
0.13617812389080447 0.10092462453253687 0.22976071257519298 0.10659178744219776 0.11941653579212794 0.09235371868211469 0.11884188838704735 0.09593260869797797
0.08519087157419651 0.13469940317677498 0.12705758550130059 0.1354475357120991 0.09869229374883434 0.16450650407972134 0.09186876335255417 0.16253704285451892
0.10243732975380199 0.08788598106877013 0.22424800959057956 0.13355888466391713 0.09500502946305393 0.08775357994302942 0.1489081893193225 0.12020299619752542
0.10352304911399238 0.07835972801953388 0.26179575040302633 0.12996715798140124 0.09166749114041901 0.07281269905074404 0.14490368210762195 0.11697044218326111
0.13636024420227585 0.10103695681179141 0.22907306920937984 0.1066400355919544 0.1195625611609098 0.09245541951751197 0.11889568147341781 0.09597603203275895
0.10951149140765581 0.07899107240974265 0.26091805367820936 0.12706147709793178 0.09514459917275497 0.07235391208115634 0.14166406476441049 0.11435532938813861
0.08166830743579043 0.1310568468939848 0.1353180549487367 0.13808560544412074 0.09497467362039166 0.15953572230106206 0.09365806282296885 0.16570272653294485
0.11537455724514839 0.0991193844593848 0.16179902717918004 0.09481370510053572 0.14263549759748664 0.13153444158100427 0.14094694071661729 0.11377644612064285
0.12196328485451763 0.09166307130149279 0.16760399906495857 0.09267265670120725 0.15489627112725932 0.12222940043985822 0.13776412846925734 0.1112071880414487
0.10840785406362147 0.07916668895029237 0.23775334613382507 0.12985500635355998 0.10436565876760288 0.07880329860079091 0.14477864141210345 0.11686950571820398
0.1381701633457949 0.10146452468916516 0.22074980048243256 0.10691872279318891 0.12327227226575803 0.09399126900454847 0.11920639690524197 0.09622685051387002
0.11016817790632571 0.07923694966714968 0.25772781657223054 0.12735966065470528 0.09611581415986696 0.0727713692727783 0.1419965171777087 0.11462369458923476
0.1039234861221936 0.07602264331801645 0.27368034673399527 0.1281037636273127 0.09070989470138269 0.06944034177042432 0.14282613646209344 0.11529338726458147
0.10215880036357458 0.07526660794442903 0.27974427511845 0.1276569001140736 0.08930093107152985 0.06865335829242161 0.14232791699285519 0.11489121010266624
0.10158784559660931 0.07501793409764208 0.2819736578220116 0.1274178053714021 0.0888616871148629 0.06840370096554224 0.14206134419766772 0.1146760248342619
0.10139141815651576 0.07492758114666308 0.282784974220391 0.12732264004434254 0.08871242034954546 0.06831534808274768 0.14195524195988637 0.11459037603990828
0.10132201619450922 0.07489434028343825 0.2830792280584102 0.12728718044845067 0.08865980745324868 0.06828325800163182 0.14191570715670543 0.1145584624036056
0.08027242277243897 0.13005741253805891 0.1402556800250229 0.13815835844141253 0.09365742611977108 0.15810126163942517 0.09370740833417546 0.16579003012969504
0.10107697730546966 0.08695647412118909 0.22979392734908718 0.13332583470193993 0.09374476229251767 0.08646041699454439 0.14864835600350615 0.11999325123174594
0.11936148297930901 0.09045095099528339 0.19102571097374269 0.09392836753499471 0.14094662860376536 0.11194199090844147 0.13963082696246976 0.11271404104199365
0.10722246879927484 0.0785566393126954 0.24710284216802733 0.12919783601512042 0.10092664939077005 0.07666956637319756 0.14404594552730587 0.11627805241360838
0.10366064489187435 0.07622066458501353 0.2698750903993027 0.1286496384044212 0.09202762369353978 0.07034691736022376 0.14343474610164572 0.11578467456397909
0.1192074987799748 0.08791623037708982 0.20287657139806786 0.09316613921814393 0.13942974162502528 0.10710672816489386 0.13849772337503188 0.11179936706177272
0.10678406191482812 0.07786425409388355 0.2515857633940048 0.1286743052188413 0.10024052718603275 0.07558196573653514 0.14346224775891708 0.11580687469695716
0.10341191536829598 0.07600164457191104 0.2715136979290882 0.12844486621934215 0.09175523382272607 0.07006582209443979 0.14320644039678893 0.11560037959740793
0.10212225626353046 0.07532230308289187 0.27897139323493725 0.12776371069026193 0.08957822687605736 0.06880776741671857 0.14244700281436665 0.11498733962123577
0.1354268290616363 0.10002643984017419 0.23466413788136645 0.10617420658574742 0.11854515289570927 0.09123013091333795 0.1183763168948557 0.09555678592717268
0.14395457176876397 0.10382668983961338 0.21687131365798393 0.10457513674838403 0.12503607853748572 0.09502511301445787 0.11659347335976548 0.09411762307354561
0.11145617093699917 0.07956606618016801 0.2559782410769317 0.12724557869954367 0.09644997741300963 0.07291362055247626 0.1418693243112823 0.1145210208295893
0.1384913875441315 0.10109585748198158 0.22667374007550933 0.10639992762355503 0.12063814395443362 0.09231302945203176 0.1186279790071576 0.09575993486119952
0.08559839575972117 0.13474294294547576 0.1263829616291089 0.13544113265165247 0.09895041441011636 0.1644903730147347 0.09186442040720777 0.16252935918198294
0.10234187016907535 0.08994475712671675 0.22358411094216085 0.1332054921023982 0.09489209776208922 0.087632546019593 0.14851418298580812 0.11988494289215838
0.08026314040861598 0.13612038555349648 0.12680241700685285 0.137968806040243 0.09475416225386608 0.16494967913090386 0.09357884235773004 0.1655625672482916
0.10125854718962295 0.09030167056309085 0.2240713781943823 0.1334703609253669 0.09415282142734224 0.08781240491027656 0.14880949195708817 0.1201233248328302
0.10313878926922064 0.08005641795169689 0.26153038475046436 0.12973938454523742 0.09138633846322744 0.07273350720512266 0.14464973172431694 0.1167654460907137
0.08048113572919845 0.1333932953552975 0.13532587099061424 0.13798254190620113 0.09410391398158097 0.1595460328915473 0.09358815885811904 0.16557905028744135
0.10105846521397656 0.08960772975216104 0.22745616774491934 0.1331388666434 0.093784902627148 0.08668898746826086 0.1484399005710743 0.11982497997906
0.08004401113108803 0.13603216852834416 0.12765765512077698 0.13797512018487776 0.09452795366018925 0.16460982215790995 0.09358312499496056 0.1655701442218533
0.1011849456438764 0.09026597792891929 0.22441670564051827 0.13344031668662745 0.09408441281184039 0.08773536139725253 0.14877599487300106 0.12009628501796471
0.08006425508841829 0.13621887265031613 0.12698393540250216 0.13798213389648667 0.09458894417093343 0.1649954159944639 0.09358788212109531 0.165578560675784
0.10120956816174205 0.0903160007889137 0.2241486898452056 0.1334668969809428 0.09411563012778365 0.08781737689500509 0.1488056299175586 0.12012020728284853
0.13654795933119915 0.1060031483800135 0.2164560558284496 0.10736460151731858 0.12099155451954725 0.09630502064977033 0.11970351840811488 0.09662814136558671
0.1262659612766267 0.09384663783729008 0.18388520690931584 0.09146967216527449 0.14665011349543655 0.11214299055860254 0.13597581115912447 0.10976360659832937
0.10868396358281122 0.08047125238972033 0.2437136539330666 0.12886141629438855 0.10200975414482616 0.07661382234559817 0.14367086264463916 0.11597527466494971
0.08138979151729807 0.133400333878934 0.13133764784464863 0.13784463505178723 0.09626319239961802 0.16085621521044408 0.09349462203512525 0.16541356206214466
0.10136646275543794 0.0896966315928618 0.2258346820871226 0.13326439194061226 0.09432546001558798 0.08699456695191982 0.14857985190990652 0.11993795274655104
0.10310060088327523 0.07990565016428589 0.2621750077740101 0.12965415300716626 0.09136567686883398 0.07255546867604863 0.14455470491993014 0.11668873770644965
0.10226759975263203 0.07731844307217046 0.2754497550960622 0.12800509819753705 0.089686723718181 0.06935165991464856 0.14271613187098534 0.11520458837778334
0.10163687057569219 0.07654433518497518 0.2802493355372143 0.12739531802565102 0.08895682041329536 0.06852526155477094 0.14203627248531536 0.1146557862230859
0.10133837940695348 0.0762936601202839 0.28198331624670847 0.12717770135093145 0.08867098364115776 0.06828238188507313 0.1417936461330534 0.1144599312158383
0.13489625822459608 0.10156773971822422 0.23540755879208852 0.10587126210411305 0.11803463280471453 0.09089985605693135 0.1180385564056305 0.09528413589370173
0.0972659260966638 0.15750479924276609 0.14694422200539953 0.15488607985483083 0.08447597824881511 0.1407356472777629 0.07878987540441394 0.13939747186934776
0.10919685523943218 0.06822952592557599 0.24161046163780506 0.13645905185115198 0.0925499336476591 0.0819240902574717 0.1510657798270791 0.11896430161382482
0.08175361809465795 0.13038457016326055 0.13118331353770515 0.13850232390294928 0.09460537260752289 0.16342730636314734 0.09394070664721778 0.16620278868353913
0.1014912070683294 0.0892074445884559 0.22584278256938883 0.13333225830153844 0.09401675647749898 0.0874550006857186 0.1486555178376854 0.1199990324713846
0.08012311864853891 0.13592440616906204 0.1273067996232058 0.13798707316650208 0.09458093553915316 0.16490194681906462 0.09359123223467099 0.1655844877998025
0.10121361423798657 0.0902564936116808 0.22427702466824023 0.1334541949116915 0.0941050562981367 0.0877933727934827 0.14879146805825902 0.12010877542052234
0.10312237574384858 0.08004388003551823 0.26160769277441465 0.12973092943116524 0.09137106051058964 0.07272592011330985 0.14464030490310512 0.11675783648804872
0.1191095106865554 0.09007456311671865 0.2003105854084922 0.09317584500965674 0.13927098393851362 0.10773534614247804 0.1385121516859972 0.11181101401158809
0.08214921646994 0.13428199697453555 0.12046577071943419 0.13553562094871355 0.10281690565353895 0.17017923597364534 0.09192850812173615 0.16264274513845622
0.07519475133031121 0.14754025846259605 0.10222401793897902 0.13507616088820823 0.09449563916668777 0.19176090480580057 0.09161687434156733 0.16209139306584988
0.10060172181070967 0.09393739297352802 0.21383583019428484 0.13404880227301333 0.0946007542660831 0.09287716554421976 0.14945441089244918 0.120643922045712
0.10325513715408831 0.08157233782927859 0.2576097542909606 0.13005381910464903 0.09171099023298102 0.07374922140106317 0.14500030279279524 0.11704843719418412
0.08042003352308602 0.13472158352255034 0.13435112613574302 0.13781806469983732 0.09407538884199451 0.15975552523187692 0.09347660040510704 0.16538167763980474
0.11461052739869355 0.10361382759611742 0.1609695079604887 0.09433286193414499 0.14183655131286163 0.13120515442237882 0.1402321350543409 0.11319943432097397
0.10687706558897171 0.08395082097333942 0.23509318753451078 0.12996293671048517 0.10182882614543666 0.08042154430224896 0.14489897570557075 0.11696664303943664
0.12017019128669136 0.09193560700156887 0.19188970933168872 0.09321240384541649 0.1426289244344313 0.10974178063490529 0.13856649885079825 0.11185488461449977
0.10710378000835179 0.08101016996711118 0.24693616379746733 0.1286471808453828 0.10100538699233051 0.07608284952179407 0.1434320061067178 0.1157824627608445
0.10341685787570397 0.07855118261431013 0.26945671809648897 0.12824284399142064 0.09184616596342579 0.07008647117742979 0.1429812006889421 0.11541855959227856
0.10198108783766878 0.07764698178660681 0.2779050631019039 0.12746735819388494 0.08946421857181791 0.06869807623685696 0.14211659189676426 0.11472062237449644
0.0918255416395645 0.1533933645888281 0.1590383390612495 0.1576862278618061 0.08037584202120732 0.13554878123071326 0.08021429852100571 0.14191760507562548
0.10763656609404243 0.06805229217256785 0.24653830475334507 0.1361045843451357 0.09147183160304884 0.08086777264518952 0.15067336972680875 0.1186552786598619
0.08138050973842874 0.1314050239960324 0.13214191524046298 0.13827548870462095 0.09425849571294209 0.16282112695361614 0.0937868532083516 0.16593058644554512
0.07522330793351324 0.14772322018995018 0.10493949442548117 0.13541282604637722 0.09292517172157051 0.18943536728295568 0.09184522114449933 0.16249539125565265
