Action: 0
[0.19752560411540282, 0.09782934193254143, 0.18453376002089877, 0.0978293418117936, 0.1097498341711773, 0.11687343432459882, 0.0978293418117936, 0.0978293418117936]
[0.10113333067160078, 0.10113333067160078, 0.2873468243315363, 0.10113333067160078, 0.10585319163885909, 0.10113333067160078, 0.10113333067160078, 0.10113333067160078]
[0.21499909464869318, 0.09969025044302915, 0.18515877318388815, 0.09969025044298674, 0.10134566287661058, 0.09973546751881873, 0.09969025044298674, 0.09969025044298674]
[0.125, 0.125, 0.125, 0.125, 0.125, 0.125, 0.125, 0.125]
[0.2035658745263592, 0.10176168694457036, 0.18586159250036416, 0.10176167739288307, 0.10176326371401069, 0.10176255013604638, 0.10176167739288307, 0.10176167739288307]
[0.13105362744479165, 0.09878776831496713, 0.2762197641900066, 0.09878776767754908, 0.09878776771842138, 0.09878776929916604, 0.09878776767754908, 0.09878776767754908]
[0.125, 0.125, 0.125, 0.125, 0.125, 0.125, 0.125, 0.125]
[0.125, 0.125, 0.125, 0.125, 0.125, 0.125, 0.125, 0.125]

Action: 1
[0.10109407273284549, 0.10103146125884406, 0.10103146125884406, 0.10103146125884406, 0.20751573676195215, 0.1862328842109821, 0.10103146125884406, 0.10103146125884406]
[0.10526439825366936, 0.09813956933688117, 0.09813956933688117, 0.09813956933688117, 0.22303559599146278, 0.18100215907046197, 0.09813956933688117, 0.09813956933688117]
[0.09830278765993494, 0.09830344807433274, 0.09830278763979085, 0.09830278763979085, 0.14454408261388063, 0.2656385310926882, 0.09830278763979085, 0.09830278763979085]
[0.125, 0.125, 0.125, 0.125, 0.125, 0.125, 0.125, 0.125]
[0.10169622637786285, 0.10169622637786285, 0.10169622637786285, 0.10169622637786285, 0.10220255902880507, 0.28762008270401773, 0.10169622637786285, 0.10169622637786285]
[0.09852491446563946, 0.09851975338589947, 0.09851975338589947, 0.09851975338589947, 0.13502449085074686, 0.2738518277541163, 0.09851975338589947, 0.09851975338589947]
[0.125, 0.125, 0.125, 0.125, 0.125, 0.125, 0.125, 0.125]
[0.125, 0.125, 0.125, 0.125, 0.125, 0.125, 0.125, 0.125]

