0.125 0.125 0.125 0.125 0.125 0.125 0.125 0.125
0.07575757575757576 0.12626262626262627 0.09090909090909091 0.15151515151515152 0.0946969696969697 0.15782828282828282 0.11363636363636365 0.1893939393939394
0.07515215834697218 0.12525359724495364 0.09018259001636662 0.15030431669394437 0.10193170775368249 0.15656699655619205 0.11272823752045827 0.18788039586743044
0.07344775822701911 0.1224129303783652 0.08813730987242295 0.14689551645403823 0.1003741939424038 0.1749412582176742 0.11017163734052869 0.1836193955675478
0.08979024715042158 0.14965041191736933 0.08081122243537943 0.1346853707256324 0.12272646540786719 0.24051103188372627 0.1010140280442243 0.08081122243537943
0.08769198837691987 0.1551473640514736 0.07644942576449425 0.13525667635256675 0.10523038605230385 0.18617683686176836 0.0917393109173931 0.1623080116230801
0.09621186229718579 0.07576684155903382 0.19242372459437157 0.15153368311806764 0.0922052983122183 0.09199828595956051 0.16775401631304188 0.1321062878465205
0.10679287539818862 0.08409938937607354 0.15133391572971935 0.10091926725128825 0.14506248727994767 0.12545366780338937 0.16018931309728293 0.1261490840641103
0.07169593207809312 0.12684664906124166 0.08961991509761641 0.15855831132655207 0.08603511849371175 0.16943020223378288 0.10754389811713969 0.1902699735918625
0.10082648345264614 0.07431090028611491 0.20488468464043127 0.14862180057222982 0.08902696919456049 0.08823099564230344 0.16453044263592392 0.1295677235757901
0.11363647990360036 0.08152159581922855 0.1675007070026866 0.09782591498307426 0.1405656364707928 0.12138804195991064 0.1552792301318639 0.12228239372884281
0.07093168283897648 0.1254945157920353 0.08866460354872059 0.15686814474004412 0.09607210972191432 0.16732964541179138 0.10639752425846472 0.18824177368805292
0.10386013528660608 0.07298336542265828 0.2133116935037163 0.14596673084531656 0.08832274140321839 0.08671111482870457 0.16159117130617054 0.1272530474036093
0.08166672461311196 0.11526335946499078 0.12228412731494605 0.13831603135798892 0.09402724279247911 0.17181045174050533 0.1037370235184917 0.17289503919748617
0.11592268145603635 0.07992275483922073 0.15484297642804634 0.09590730580706487 0.1387027366643193 0.14258359380510838 0.1522338187413728 0.11988413225883109
0.09272127739312785 0.14808207879460947 0.0729679808553148 0.1290971968978647 0.11339320474558681 0.20126004800968092 0.08756157702637778 0.1549166362774376
0.10958260738740287 0.07149587159570688 0.21115740045838455 0.14299174319141375 0.08811036650273496 0.093704804760713 0.15829773768036035 0.12465946842328376
0.1061122590483063 0.14170712431934976 0.11749129496376358 0.1275364118874148 0.11575940395195634 0.21921934978119917 0.0956523089155611 0.07652184713244888
0.0748084936902864 0.1201971337862014 0.08492188800112055 0.15024641723275173 0.09051979899050114 0.19710430201849213 0.10190626560134466 0.1802957006793021
0.10510759153406306 0.0708695750356933 0.2184285608618238 0.1417391500713866 0.09096468434253398 0.0924119083836074 0.15691106560609341 0.12356746416479858
0.08356903382804702 0.1122194004804645 0.12868293973010345 0.13466328057655738 0.09794593054172478 0.17359285368998803 0.10099746043241806 0.16832910072069673
0.11747238920865295 0.07769852573924182 0.15949534999573298 0.0932382308870902 0.14494881519177305 0.14260170848437603 0.14799719188427016 0.11654778860886275
0.09031596441514499 0.14367374959573892 0.0707957606703641 0.12525403810910574 0.12110892873807018 0.21359179993621233 0.08495491280443693 0.15030484573092687
0.09968955351579135 0.07397012703688219 0.18326926997197676 0.14794025407376438 0.09952445888121993 0.09751776487919843 0.16494234297477908 0.13314622866638795
0.10801855925752911 0.06777928332482483 0.25733120108071905 0.13555856664964966 0.08841369301332995 0.0746505277481857 0.15006890569273384 0.11817926323302792
0.10689468943455427 0.13897988987608453 0.1296527970351462 0.12508190088847607 0.1210784683550706 0.20945168821122562 0.09381142566635706 0.07504914053308565
0.07270081584345178 0.11631799831342064 0.09272716668343516 0.1453974978917758 0.09547971883535901 0.20428237160974386 0.09861743335268273 0.17447699747013096
0.10517690815572088 0.06985372875226507 0.22293474987679088 0.13970745750453015 0.09054051998006729 0.0953284923089628 0.15466189841771347 0.12179624500394935
0.10580284590549754 0.13846833537766878 0.12232505765450219 0.12462150183990191 0.12097449314105962 0.21956873859750245 0.09346612637992643 0.07477290110394114
0.0718591267798057 0.11498438112693951 0.09116453645069932 0.14373047640867437 0.09452036153451254 0.21377778809698877 0.09748675791197046 0.17247657169040925
0.10453560396159363 0.06946198240959212 0.22186668981237792 0.13892396481918423 0.09361293810422149 0.09669108098628512 0.1537945398079695 0.12111320009877602
0.1220647189594922 0.07546886120030796 0.18873559746982518 0.09056263344036956 0.1460027893773017 0.12021189594213087 0.1437502118101104 0.11320329180046194
0.08820086985634439 0.13918767161799933 0.08143074706433688 0.12134309833364047 0.1249893223296739 0.2169342974061238 0.08230227539151265 0.14561171800036854
0.09698281153640058 0.07192538260309293 0.1927557299096819 0.14385076520618587 0.10266650455208338 0.10197024943382255 0.1603828680731654 0.12946568868556727
0.10589479998122533 0.06656932118973782 0.26278645945170875 0.13313864237947565 0.09340998075496916 0.07474126052900018 0.14738995004972477 0.11606958566415826
0.08445451127779989 0.10993729495505128 0.14011000363689632 0.13192475394606154 0.10284289959134842 0.16688102870071955 0.09894356545954616 0.16490594243257692
0.06812409186918308 0.09304645476190707 0.07056744694236643 0.08374180928571637 0.1416027265937043 0.2749436808328303 0.10049017114285963 0.16748361857143274
0.07888359585418663 0.13040973933966243 0.07245613044287526 0.11369054198842367 0.11730689519394012 0.2737126009243944 0.07711184587040909 0.13642865038610838
0.09449436266497743 0.07056158621173893 0.19764773662487728 0.14112317242347786 0.0998650362775878 0.11195544494406431 0.1573418056721462 0.1270108551811301
0.10499422447326923 0.06628732220518378 0.26475546319897425 0.13257464441036756 0.09256503447274449 0.07647983499883913 0.1467655811136344 0.11557789512698712
0.07249244441379242 0.11591358498073166 0.13106154278281007 0.1448919812259146 0.09512173358124153 0.16837377436509646 0.09827456117931599 0.17387037747109751
0.10307148373711116 0.06835714226580164 0.2388121215200117 0.13671428453160328 0.09428457321509834 0.08822524967841801 0.15134833289619898 0.11918681215575672
0.07286798084149225 0.09548955748788679 0.08758800856375294 0.08594060173909811 0.14308053257393274 0.2400233932287231 0.10312872208691772 0.17188120347819622
0.07111049562426891 0.11106944453122532 0.09442976521171095 0.13883680566403164 0.10035782036333103 0.22342392927125093 0.0941675725373432 0.16660416679683798
0.10064461847530817 0.06985087373383554 0.21054535105983166 0.13970174746767108 0.0958042678878453 0.10196454573169335 0.15575702292291085 0.12573157272090396
0.10568775325136107 0.06582470124663173 0.26974234219370563 0.13164940249326346 0.09223155679994269 0.07435166976916674 0.14574130027744264 0.11477127396848609
0.07087140810015183 0.10061940097304047 0.08447623323226268 0.08771947777136861 0.13817795659072843 0.2435354190046854 0.0991611487850254 0.17543895554273722
0.09955922502280884 0.06894448173933887 0.208607917123977 0.13788896347867774 0.10169805989018049 0.10546538155663639 0.1537359040575705 0.12410006713080995
0.10167023246022598 0.06666886747069663 0.25973665559541553 0.13333773494139325 0.09187212452100113 0.07804879968159449 0.14866162388241902 0.1200039614472539
0.10006423028514198 0.0652568472186842 0.2808919909258246 0.1305136944373684 0.08839045657281099 0.07190742609681551 0.1455130294697227 0.11746232499363159
0.0988389234610409 0.06459157068187514 0.2899039123697946 0.12918314136375028 0.08697873403658055 0.07020932877193937 0.14402956208764395 0.11626482722737524
0.09819601386840345 0.06429103662827225 0.2938464999451277 0.1285820732565445 0.08637288926461635 0.06962820510220719 0.14335941600393845 0.11572386593089007
0.09788939111153735 0.06415501733586637 0.2956079799868103 0.12831003467173274 0.08610508082806345 0.06939735157816998 0.14305611328326023 0.11547903120455946
0.09774700745179614 0.06409281382268907 0.29640798122802225 0.12818562764537814 0.08598433424438912 0.06929776199390374 0.14291740873298128 0.11536706488084032
0.11500553778955792 0.07542626263818572 0.21838205659088125 0.09428282829773216 0.1348922465946559 0.10871391743836324 0.14015775669334513 0.11313939395727858
0.10521786477665349 0.0649806226053442 0.2651296388843598 0.1299612452106884 0.09574191089701486 0.07710650712679096 0.14489708980952867 0.11696512068961956
0.1022512695061302 0.06456550096051783 0.28448455574772424 0.12913100192103566 0.08826374106671575 0.07111459856892392 0.14397143050002034 0.11621790172893211
0.10100279749773301 0.06414713993773019 0.29192686742899127 0.12829427987546038 0.08645485864923057 0.0696706568617926 0.14303854786114759 0.11546485188791433
0.13489238294350353 0.08587104949213782 0.2473088539302294 0.10733881186517226 0.1153486204320589 0.09296058578767052 0.11967476487057264 0.09660493067865503
0.1274831082503589 0.07438767729270095 0.20031885567165741 0.09298459661587619 0.14123989583668167 0.11377650229007244 0.13822784810360103 0.11158151593905141
0.1094536964194095 0.06484800182396579 0.25688286395746235 0.12969600364793157 0.09980648065808556 0.07798518494880564 0.1446013652612013 0.1167264032831384
0.10434110539172646 0.06442371790822082 0.28069111047182616 0.12884743581644165 0.0909000776127742 0.07117858510916558 0.14365527545504764 0.1159626922347975
0.10246186835225689 0.06394342544318271 0.28994229967664786 0.12788685088636542 0.08855988275887614 0.0695232121414871 0.14258429494345518 0.11509816579772889
0.13638334193212986 0.08543572507234067 0.24589948279650103 0.10679465634042583 0.11776312143016789 0.09254040965294982 0.11906807206910165 0.09611519070638326
0.1274000072030582 0.07401172218081183 0.19923861440910698 0.09251465272601478 0.14507899107061076 0.11320918419125331 0.13752924494792645 0.11101758327121773
0.14423932947752582 0.0853954312721835 0.21126826279391708 0.10674428909022939 0.1346175666015745 0.10265334423948076 0.1190119163438826 0.09606986018120645
0.11253447297206616 0.06430322307065241 0.2605781486828215 0.12860644614130481 0.09930731898989925 0.07553799866450726 0.1433865899515742 0.11574580152717436
0.10473958194379028 0.06419468183872973 0.2818289972634926 0.12838936367745946 0.09159827791771352 0.07055411084453032 0.14314455920457048 0.11555042730971354
0.10239464928735466 0.06381320318816051 0.29018503719732414 0.12762640637632103 0.08951935684786858 0.0693036626133692 0.14229391875091316 0.11486376573868892
0.10159499753250807 0.06362425576218353 0.29337685354699944 0.12724851152436706 0.08885789040026851 0.06890123666965015 0.1418725941920928 0.11452366037193035
0.13582821731883282 0.08520223721979538 0.246856235296784 0.10650279652474423 0.11882886702061987 0.09218645959175398 0.1187426701551999 0.0958525168722698
0.08672032672179497 0.11046281431782222 0.13605223998920968 0.13807851789727776 0.10041720104033605 0.168921422939542 0.09365325561728405 0.1656942214767333
0.07840249351747042 0.1119110873184984 0.11030318194620807 0.139888859148123 0.09695409404665875 0.19979251379700166 0.09488113924829213 0.16786663097774757
0.10335821473545617 0.06828375223019972 0.2232819187191963 0.13656750446039945 0.0964834412792153 0.09685183869263878 0.1522625758685349 0.1229107540143595
0.10490129626961765 0.06532915359542239 0.2679641686497188 0.13065830719084479 0.09245966979238943 0.07542066613239438 0.14567426189785235 0.11759247647176033
0.1210146936960119 0.07497291181603262 0.20814104799052727 0.09371613977004076 0.14044966039142162 0.10993084247615485 0.13931533613576208 0.11245936772404892
0.10863931958648691 0.06453742774241242 0.25974896987506263 0.12907485548482484 0.10079054070028456 0.07713268526090858 0.14390883141367783 0.11616736993634236
0.10479348320025199 0.06416008072385336 0.28142139597100974 0.12832016144770672 0.09187021256982313 0.07087911690167742 0.14306740388274167 0.11548814530293605
0.10323682263630138 0.06373450459394385 0.28985933787778834 0.1274690091878877 0.08949457540065517 0.06936520940245587 0.1421184326318688 0.11472210826909893
0.12036175842500367 0.07454713292492192 0.21490433118200628 0.09318391615615239 0.13885907486689322 0.10779893707028473 0.1385241499873549 0.11182069938738286
0.10839030387040795 0.06435838791641202 0.2623876223687466 0.12871677583282404 0.10021948406056783 0.07657272837744077 0.14350959932405902 0.11584509824954164
0.10477468048507249 0.06407936527998798 0.28239874999782616 0.12815873055997595 0.09165410405071424 0.07070409163244182 0.14288742049000303 0.11534285750397834
0.10332718439330084 0.0636955410545746 0.2901993731420483 0.1273910821091492 0.0894047565583652 0.0692985390897986 0.14203154975452903 0.11465197389823428
0.10272443347054584 0.06351582622957166 0.29316956430501623 0.12703165245914333 0.08872125890341494 0.06887796490119842 0.14163081251788068 0.11432848721322898
0.1024795604677871 0.06344388112272065 0.2942922290836968 0.1268877622454413 0.08849262620101543 0.06873456919076305 0.14147038566767858 0.11419898602089716
0.10238269462851775 0.06341629874010167 0.294715643135975 0.12683259748020334 0.0884118317983538 0.06868271541345357 0.1414088810712118 0.11414933773218301
0.10234508718070637 0.06340586012845668 0.29487524648148755 0.12681172025691337 0.08838242184337783 0.06866351135259095 0.1413856045252452 0.11413054823122203
0.13716599658806358 0.08498516742830738 0.24708570682688671 0.10623145928538423 0.11845493182963861 0.09202827530251252 0.11844014938236122 0.09560831335684579
0.11114853889455192 0.06349326553819613 0.2746931312852381 0.12698653107639227 0.09487431421876015 0.07293583547472768 0.14158050554338064 0.11428787796875305
0.10500639682635285 0.06374231694084741 0.2870005507511628 0.12748463388169481 0.09014698777236232 0.0697470903346126 0.14213585299944184 0.11473617049352534
0.10326998837303455 0.06356766774718883 0.2919070865854234 0.12713533549437767 0.0889419612218871 0.06900974726852156 0.141746411364627 0.1144218019449399
0.12054442118634937 0.07448500863953277 0.21550623051920081 0.09310626079941595 0.1385923018195745 0.10762955399271953 0.1384087100839079 0.11172751295929913
0.10848410956758064 0.06433397969595177 0.26260385320197194 0.12866795939190354 0.10013439601648469 0.07651936603794374 0.14345517263545063 0.11580116345271317
0.10485397013559514 0.0640662326894531 0.28246524817271124 0.1281324653789062 0.09162183800800454 0.07068289000111583 0.14285813677319842 0.1153192188410156
0.10340627881871264 0.06368671504691166 0.2902098935604304 0.12737343009382332 0.08938861105455254 0.06928711526637313 0.14201186907475524 0.114636087084441
0.10280458957185996 0.0635085912534795 0.2931593939908077 0.127017182506959 0.08871033217084641 0.068869766648742 0.14161467960104232 0.11431546425626309
0.10256032216631662 0.06343723196277415 0.29427444142375964 0.1268744639255483 0.08848347175546861 0.06872749219972937 0.1414555590334098 0.11418701753299347
0.1024637131937978 0.06340986557879849 0.2946950564503494 0.12681973115759698 0.088403299611738 0.06867603988420298 0.14139453608167904 0.11413775804183732
0.10242620354808356 0.06339950666915886 0.2948536326324322 0.12679901333831772 0.08837411276368788 0.06865698178454524 0.14137143725928858 0.11411911200448598
0.08232344840921392 0.11169157199217686 0.148165829961662 0.13961446499022107 0.09470747593120933 0.16126482229910158 0.09469502842814995 0.16753735798826525
0.10337429712129129 0.06737828334127154 0.23878512193477822 0.13475656668254307 0.0952942175968195 0.0888870879181722 0.15024351539083536 0.12128091001428878
0.08266309824960051 0.11216356551527387 0.13502690091956857 0.14020445689409233 0.09693605795129023 0.16966537534735762 0.09509519684990611 0.1682453482729108
0.10476413713428173 0.06788354839003491 0.23969183474498393 0.13576709678006982 0.09518260619176189 0.0880499609083592 0.15029975711916557 0.1183610587313429
0.12210353295758933 0.07532189905194388 0.19909373095869046 0.09415237381492984 0.14265424279043074 0.11372754450570875 0.13996382734279125 0.11298284857791582
0.10943513999201093 0.06464700771692752 0.25594341082188476 0.12929401543385505 0.10221912921059481 0.07794350453263091 0.14415317840162642 0.11636461389046954
0.09636969228477604 0.1287085325530265 0.16003546995270887 0.16088566569128313 0.08486872731575311 0.14249297444603629 0.08184183863426141 0.1447970991221548
0.10693739885039369 0.06731954512740648 0.2500400904741186 0.13463909025481297 0.09191164093562075 0.08272355840367895 0.14905100752669567 0.11737766842727286
0.08338007802753893 0.11211398862016589 0.13771674452755914 0.14014248577520735 0.09619494214222649 0.16722761371213016 0.09505316426492325 0.1681709829302488
0.14126442301239023 0.0913926119866247 0.19472100266718548 0.10967113438394964 0.12794183967989572 0.117987801711239 0.12141045401886162 0.09561073253985354
0.08867051686721758 0.11007975495282944 0.12336420984344162 0.1375996936910368 0.10308615957795295 0.17875154474348745 0.09332848789479017 0.16511963242924416
0.13860894203840976 0.08891791031217013 0.18719412220458145 0.11114738789021267 0.12857529402988152 0.12160265150715181 0.12392104291640127 0.10003264910119139
0.11375714416334513 0.06483497275679109 0.2509698869705894 0.12966994551358219 0.0998830027758199 0.07960978447160959 0.14457231238603863 0.11670295096222398
0.10646920812483329 0.06424749104702572 0.27779845822995536 0.12849498209405144 0.09262848146680366 0.07145357929558513 0.14326231585709914 0.11564548388464631
0.10392083349740631 0.06371653881412428 0.28828322522576333 0.12743307762824857 0.09038096626649479 0.0694972170782083 0.14207837162433085 0.11468976986542372
0.10296676485052997 0.06347602828798529 0.29228769401214344 0.12695205657597058 0.08959861864270056 0.06891991766416239 0.14154206904813435 0.1142568509183735
0.10260347097490001 0.06338016664464854 0.29380559286694685 0.1267603332892971 0.08931239105297886 0.0687254333196599 0.14132831189120137 0.11408429996036737
0.10246499412940036 0.0633433527904812 0.2943795165088293 0.1266867055809624 0.08920566810643482 0.06865550537001244 0.1412462224910133 0.11401803502286614
0.08231423373442132 0.11156184032091271 0.14798920433011245 0.13945230040114087 0.09555615867001123 0.16119846352908465 0.09458503853294772 0.16734276048136904
0.10336766320657224 0.06732781091385365 0.2385989217935397 0.1346556218277073 0.09580684605917908 0.08892210714331981 0.15013096941089155 0.12119005964493657
0.10475440501924121 0.06479961527258564 0.27357840581305715 0.12959923054517128 0.09255564530281946 0.07357992008297402 0.14449347047349692 0.11663930749065415
0.12126558518138866 0.07466205742261486 0.20956132073271605 0.09332757177826857 0.14133083200604826 0.1091218430268989 0.13873770371814254 0.11199308613392228
0.143715571140221 0.08498391923584445 0.21463377234561726 0.10622989904480556 0.13484424901160771 0.1015472702510271 0.11843840983055187 0.095606909140325
0.10294600704085413 0.12693075753287883 0.14793111547676124 0.15866344691609852 0.09077073222536464 0.14924943297840837 0.08071140560514577 0.14279710222448866
0.08442895844850744 0.1095786672636378 0.11276589987971647 0.13149440071636537 0.10277436754718937 0.19596890471185288 0.09862080053727403 0.1643680008954567
0.07821908090548303 0.11103923618443666 0.10425941003831368 0.13879904523054581 0.09776689771646348 0.20921551453521048 0.09414196111289194 0.16655885427665496
0.13596130935285455 0.08939893818933581 0.1804447359110415 0.11174867273666977 0.12795952016457507 0.12932158753432313 0.1245914306481975 0.10057380546300278
0.11339237754298288 0.06499750309981835 0.24829609998673155 0.1299950061996367 0.10023642706926793 0.08115234972916036 0.14493473079272925 0.11699550557967303
0.1064732073520958 0.06430115410071853 0.27675505563333674 0.12860230820143706 0.0929678802915372 0.07177634058215818 0.14338197645742312 0.11574207738129337
0.1039454721026021 0.06372630487296695 0.2878596648074843 0.1274526097459339 0.09064359712924254 0.06956485409250046 0.14210014847792926 0.11470734877134049
0.12069708249326144 0.07439472145134368 0.21398528469945882 0.0929934018141796 0.14037337858804813 0.10772311115442003 0.13824093762227296 0.11159208217701552
0.10848919533459259 0.064219138394408 0.2617063029775817 0.128438276788816 0.10184592389467638 0.07650761982648994 0.14319909367350084 0.1155944491099344
0.10482797646618204 0.06397203356748368 0.281906475749359 0.12794406713496737 0.09290725893549667 0.07064444093426359 0.142648086790777 0.11514966042147061
0.10337204482033584 0.06359739642536973 0.2898120359002166 0.12719479285073945 0.09049283378292669 0.06924288077489188 0.14181270187985429 0.11447531356566551
0.102765867313317 0.06341933094760248 0.2928320643387128 0.12683866189520496 0.08975059899640392 0.06882303836170407 0.14141564244137028 0.11415479570568447
0.10251889481487132 0.06334747024553175 0.293976773871052 0.1266949404910635 0.08950170337312187 0.06867936696117201 0.1412554038012305 0.11402544644195714
0.13721644434095434 0.08483151102545097 0.2465186683463382 0.10603938878181371 0.11979050788491756 0.09194202461239304 0.11822600510449977 0.09543544990363233
0.14741259976469293 0.08406760914472697 0.22734964643225242 0.1050845114309087 0.12768127636672952 0.09666690845512728 0.11716138811774449 0.09457606028781783
0.11404930636148125 0.06362562971691073 0.2663064323755588 0.12725125943382146 0.0983643743146822 0.07400120640103973 0.1418756579060666 0.11452613349043929
0.12358078786732744 0.07445508346058578 0.2067842176265029 0.09306885432573223 0.14308133310447937 0.10899399557609168 0.13835310284840194 0.11168262519087865
0.10939346090292824 0.06434654613224891 0.258753186928165 0.12869309226449782 0.10262861436912196 0.07687812245218428 0.14348319391280576 0.11582378303804804
0.14020100365885582 0.08539186198865059 0.23399025524319403 0.10673982748581323 0.1242272269847215 0.09437703791361868 0.11900694198791414 0.0960658447372319
0.14866271615089194 0.08426811037883322 0.2228479407294199 0.10533513797354152 0.12921047320197077 0.09743317937984852 0.11744081800930674 0.09480162417618736
0.11450230928058525 0.06371863563341443 0.26450207448642044 0.12743727126682886 0.09882700870828773 0.07423610926592769 0.14208304721838977 0.11469354414014596
0.10607432725888787 0.06384739796910187 0.28283663659549896 0.12769479593820374 0.09211519830075857 0.07013615958445188 0.14237016800871372 0.11492531634438337
0.1036170209147478 0.0635632424026742 0.29013590915645077 0.1271264848053484 0.09028369877858004 0.06912326411052652 0.1417365435068586 0.11441383632481358
0.09486105120672023 0.12823193780970268 0.1689384053108227 0.16028992226212835 0.08275979310545331 0.13911917372721802 0.08153878654203921 0.1442609300359155
0.10786574720723464 0.06696293006813188 0.2533779709713958 0.13392586013626376 0.09105200450023795 0.08179817658254203 0.1482614324666819 0.116755878067512
0.07363438284606165 0.09875395492649959 0.08514790849992016 0.08609319147438427 0.14167475492196688 0.24518668619396441 0.09732273818843439 0.17218638294876853
0.13294160855105105 0.08804750954980048 0.1708420145794852 0.11005938693725059 0.13944226460431866 0.1369057644866189 0.12270800304794953 0.09905344824352552
0.1128624950250445 0.06506549768393805 0.24411846630200632 0.1301309953678761 0.10295589707663541 0.08266240414654047 0.1450863485668708 0.11711789583108848
0.14173121326881588 0.0856966292265356 0.22887228831281517 0.10712078653316949 0.12470976535333421 0.0960289265295405 0.11943168289593674 0.09640870787985255
0.11280755691271435 0.06374633063827322 0.2672248590054859 0.12749266127654643 0.09783410648126456 0.07400628759118169 0.14214480294564205 0.11474339514889177
0.08426394968907923 0.1115845478749947 0.1415950845204959 0.13948068484374337 0.09771187048213367 0.16338275018739162 0.09460429058966942 0.16737682181249203
0.1431754983874838 0.0910317210787112 0.19568751231796416 0.10923806529445344 0.1279418002626951 0.11676118879559393 0.12093102873460046 0.09523318512849788
0.0890010418109369 0.10999185162998137 0.12355253995491122 0.13748981453747672 0.10333759324028459 0.1783854202168876 0.09325396116454944 0.16498777744497206
0.13865090480141457 0.08885909524519282 0.18717858319084218 0.11107386905649101 0.12890902446021052 0.12152296619172522 0.12383907490328179 0.09996648215084192
0.11373621653424985 0.06480097342105749 0.25089463714225085 0.12960194684211498 0.10022891611559866 0.07959905884494416 0.1444964989418804 0.11664175215790348
0.10644182804617333 0.06422273759210159 0.27772028345877214 0.12844547518420318 0.09291081377609171 0.07145081492971127 0.14320711934716385 0.11560092766578285
0.10389467534652973 0.06369472896794313 0.28821117222368997 0.12738945793588627 0.09063373743961892 0.0694959770214864 0.14202973892254783 0.11465051214229766
0.082603144213889 0.11159881401360651 0.14655357216180948 0.13949851751700812 0.09612013827916369 0.16161120699996873 0.09461638579414465 0.16739822102040974
0.1059336729152214 0.06744383684375174 0.24412786956713814 0.13488767368750348 0.09446974819769409 0.08621661699437211 0.14932619960521346 0.11759438218910559
0.08311870063952376 0.11199003766696404 0.13621820817048627 0.13998754708370506 0.09716207643181735 0.16859029809376172 0.09494807541329561 0.16798505650044607
0.11936096633762737 0.07591175488253236 0.16136788257579454 0.09109410585903885 0.15278409316162503 0.1410197460357122 0.14459381882387118 0.11386763232379854
0.09964911041949893 0.12976769742126337 0.0949434079726046 0.11313081313648603 0.12841100718404597 0.22160878440974494 0.07673220369257311 0.13575697576378323
0.12124937419263178 0.07551918403315701 0.14992688210062288 0.09439898004144626 0.15508883064627463 0.15020754887451931 0.14033042406161264 0.11327877604973552
0.11080709460628115 0.06555089947873924 0.23561704549850496 0.13110179895747848 0.10715945879832432 0.08560336147769272 0.1461687221212484 0.11799161906173064
0.10630872785124382 0.06459332796909857 0.27184235659240297 0.12918665593819714 0.09489732001713455 0.0728701407116752 0.14403348057587054 0.11626799034437743
0.12162832865581671 0.0746061551430363 0.20888091453002333 0.09325769392879536 0.14218973917472383 0.10889411025143786 0.13863382560161222 0.11190923271455444
0.10887985924229686 0.06432348978488758 0.25964775691998687 0.12864697956977517 0.10243165734261676 0.0768561938282033 0.14343178169943588 0.11578228161279765
0.10498725335468462 0.06401576791675836 0.2811050819232617 0.12803153583351673 0.09311798489610645 0.07076838596336234 0.14274560786214477 0.11522838225016507
0.1034333719869673 0.06361253422000505 0.28950047560533143 0.1272250684400101 0.09058257133929132 0.06929695990986706 0.1418464569025187 0.11450256159600908
0.12050717038540815 0.07435671350184866 0.21448086749982342 0.09294589187731082 0.14037323800519746 0.1076307375674869 0.1381703109101516 0.11153507025277298
0.10841974924057372 0.06420135578174244 0.2618922946930554 0.12840271156348487 0.10186148246884831 0.07650052474378095 0.14315944110137788 0.11556244040713637
0.10480019340785435 0.0639628552628485 0.28197025289401123 0.127925710525697 0.09292697935333775 0.070653248541787 0.14262762054133682 0.11513313947312732
0.13826901505989744 0.08507008721442025 0.24232569357282926 0.10633760901802533 0.1210872666123197 0.09264798199365094 0.1185584984126342 0.09570384811622278
0.11151911939345928 0.06346114195138795 0.27256177110215846 0.1269222839027759 0.09668557171839462 0.07311118167996179 0.14150887473936355 0.11423005551249829
0.1403834666338311 0.08504602041940922 0.23870833177403386 0.10630752552426152 0.1221498903007776 0.09320303481372677 0.11852495756212443 0.09567677297183537
0.112123163995514 0.06351747458728058 0.2710854860029771 0.12703494917456115 0.0970002911703437 0.0732726927026705 0.141634488109548 0.11433145425710503
0.12298882432720136 0.0744103234185444 0.20833502648430416 0.0930129042731805 0.14259779499277297 0.10876971203873562 0.13826992933744445 0.11161548512781659
0.09859376749804946 0.12726524255275423 0.14636865522635414 0.15908155319094278 0.09255913686295378 0.15203415234779158 0.08092409444930568 0.1431733978718485
0.10150550871594173 0.13182843420779589 0.135304618950524 0.15819412104935507 0.08706821256392214 0.16543858694618127 0.08274769408735497 0.13791282347892492
0.07211558052261166 0.09292209534347391 0.06991812109404576 0.08362988580912652 0.13906080585859215 0.2747378767829452 0.10035586297095181 0.16725977161825303
0.07400727007856694 0.10775423157284107 0.09201001616747355 0.13469278946605134 0.10340363518024431 0.2351438616681523 0.09135684850740874 0.1616313473592616
0.10285527652265981 0.06824272249825344 0.21462141863985268 0.1364854449965069 0.09911662884898838 0.10367052230674728 0.1521710856901353 0.12283690049685618
0.10547520451285543 0.06535085474760659 0.2642350237395201 0.13070170949521318 0.09412486600001338 0.07675815073085437 0.14572265222824513 0.11763153854569187
0.12163244755644308 0.07478432891218545 0.20658319007573991 0.09348041114023181 0.14221438197640565 0.11016383727568474 0.13896490969503117 0.11217649336827817
0.12506294073188898 0.07389024500839378 0.18559888749845613 0.09236280626049223 0.15688184599732996 0.11806439201256436 0.13730351497828397 0.11083536751259065
0.14516790085453862 0.08508115367794343 0.20552221582536037 0.10635144209742928 0.13975586213704697 0.10383120625614475 0.11857392126385026 0.09571629788768635
0.15069471245301516 0.0845102747387836 0.21227581317865613 0.1056378434234795 0.13408032118434374 0.09994866394456167 0.11777831199602863 0.09507405908113155
0.09048190217894991 0.10990114643898621 0.12759092438062392 0.13737643304873276 0.10482462728556538 0.1717961880712611 0.09317705893740136 0.1648517196584793
0.12006617826699156 0.07668198547290886 0.1629361254832455 0.09585248184113608 0.14884736271403595 0.138101735902212 0.14249115211010677 0.11502297820936327
0.08451473429585557 0.10993644184073038 0.11563051320897826 0.13742055230091302 0.10785327102061477 0.1865328412720627 0.09320698329974969 0.16490466276109558
0.078359187148881 0.11121877735576255 0.10508061841908178 0.1390234716947032 0.09916535425328143 0.2060302442930213 0.09429418080162479 0.16682816603364384
0.10375612500653157 0.0682006888732337 0.22065397290988772 0.1364013777464674 0.09798480125709909 0.09816443725494324 0.15207735698001665 0.12276123997182067
0.14018117677503397 0.08667543916105444 0.2214295546493367 0.10834429895131804 0.12452021736359756 0.10054363610819765 0.12079580793527549 0.09750986905618624
0.0886056563663612 0.11015647620259622 0.129842642988138 0.1376955952532453 0.10279464803727685 0.17227673267672178 0.09339353417176637 0.16523471430389433
0.10529091748033503 0.06754392681231466 0.23070298760798355 0.13508785362462933 0.09787696406599951 0.091305406538216 0.1506128756083554 0.12157906826216641
0.10545241581390885 0.06495115554248448 0.2704373155036701 0.12990231108496897 0.09332310941380062 0.07419023000727427 0.14483138265742063 0.11691207997647207
0.12149152552416013 0.07468294615888364 0.20852796258948095 0.09335368269860456 0.14179017381360248 0.1093527706220023 0.1387765193549405 0.11202441923832547
0.10886687770466566 0.06433749003753693 0.25952162556221314 0.12867498007507386 0.10236527483077662 0.07696326954891347 0.14346300017325397 0.11580748206756646
0.12233257112786924 0.0745944922620367 0.20467920011535992 0.09324311532754587 0.14465398924487097 0.10999273999756715 0.13861215353169506 0.11189173839305504
0.09847513871890935 0.12730813609638167 0.1454070534790394 0.1591351701204771 0.09298220410237606 0.15251927522614434 0.0809513691482427 0.14322165310842938
0.10977586922868102 0.06728369539659333 0.24315345484137083 0.13456739079318666 0.09439804520667039 0.08453475005385852 0.14897163327532265 0.11731516120431659
0.1232644556169813 0.07511791624931248 0.19995883415950122 0.0938973953116406 0.14283912336078625 0.11266061625557962 0.1395847846722299 0.1126768743739687
0.1095992401193806 0.06453410182806973 0.2560995612235994 0.12906820365613947 0.10287740528757092 0.07775868947361556 0.14390141512109877 0.11616138329052553
0.10528445087805646 0.06410171349770023 0.27974230296219216 0.12820342699540047 0.093327681361628 0.07102008632921593 0.14293725367994647 0.11538308429586044
0.12118289896651797 0.07448209932812819 0.2113673283756231 0.09310262416016023 0.14147896608353755 0.10825963011843812 0.13840330397540238 0.11172314899219227
0.09819473918654893 0.12725961977223474 0.1471768334163659 0.1590745247152934 0.09233426136302764 0.15187243020846392 0.08092051909430144 0.14316707224376407
0.10964555007204757 0.06724514106396569 0.24389946312186522 0.13449028212793138 0.09420677477177457 0.08437857976386358 0.14888627081317596 0.11724793826537608
0.08382820067718355 0.1119951950418113 0.13620207723904026 0.13999399380226413 0.09712543592944246 0.1679098567773099 0.09495244797023134 0.16799279256271696
0.1066473706354981 0.06761596133068626 0.23964928966651886 0.13523192266137252 0.09572272015178539 0.08753094150465036 0.14970729737034316 0.11789449667914527
0.0732121387717 0.09849389439020072 0.08289783231085002 0.08586647203248268 0.1428303801109757 0.24789989167341026 0.09706644664541521 0.17173294406496536
0.1328036450021586 0.08803772680670628 0.16993077633430165 0.11004715850838286 0.13984210825062557 0.13760177317794903 0.12269436926233135 0.09904244265754457
0.12852700866144742 0.07411553926646357 0.1734880398400672 0.09264442408307945 0.1565672232131036 0.12576229724995364 0.13772215878618974 0.11117330889969534
0.11158335805954406 0.06491379095675229 0.24497279292670085 0.12982758191350457 0.10654476138155736 0.08056482583174537 0.14474806520804165 0.11684482372215409
0.1412587918754441 0.08564464744489686 0.22911490612599422 0.10705580930612107 0.1257039173629065 0.09551246137230375 0.11935923813682452 0.09635022837550895
0.0888093863771198 0.11009678219290282 0.13167666970008013 0.13762097774112855 0.1030588712138627 0.1702492154524385 0.09334292403311327 0.16514517328935424
0.10527355734432868 0.06749952193712178 0.2314521157268227 0.13499904387424355 0.0978732387944484 0.09088952347194716 0.15051385936426856 0.1214991394868192
0.0830149524987962 0.11206745269577872 0.13324243897519147 0.14008431586972342 0.0979584451474658 0.17051750587512912 0.09501370989424718 0.1681011790436681
0.14335221691428454 0.09106178509440838 0.19244914115069442 0.10927414211329006 0.1291519891829891 0.11847512157411941 0.12097096725606388 0.09526463671415031
0.10556508218750169 0.13041236154930794 0.10154206514982413 0.11369282801734538 0.1228916295561017 0.21235124352473117 0.07711339639437338 0.13643139362081444
0.10941526207245926 0.06724869505870432 0.21684066885755293 0.13449739011740863 0.10233023118498684 0.09866554874097515 0.14995455286224516 0.12104765110566779
0.10679811595924958 0.06516264950335443 0.2647963192482711 0.13032529900670886 0.09459873433274205 0.0757231302197384 0.14530298262389776 0.11729276910603796
0.10447312149753395 0.06403494327741108 0.2833494759660459 0.12806988655482215 0.09144062526527519 0.07058068348516554 0.14278836605440617 0.11526289789933994
0.10325484330232299 0.06357719342440074 0.2903893060315917 0.12715438684880148 0.09017928117247806 0.06923838885341696 0.14176765220306672 0.11443894816392133
0.10271575915725277 0.06340283383265212 0.2930478420985486 0.12680566766530424 0.08968928568234442 0.0688346543278372 0.14137885633728695 0.11412510089877381
0.10249453585493246 0.0633373237481072 0.294051120555181 0.1266746474962144 0.08950211028598577 0.06870030068660989 0.14123277862637637 0.11400718274659298
0.09456812675975107 0.1281425817437241 0.169932518432327 0.1601782271796551 0.082585477209554 0.13895069647408317 0.08148196773921586 0.14416040446168957
0.12242900176107742 0.07567435682086657 0.17225377571493808 0.09080922818503988 0.1486090655563029 0.13257140469072956 0.14414163203974584 0.11351153523129984
0.10055400263087604 0.13004399465506208 0.0972599315430168 0.11337168764800283 0.12760621597114075 0.2182225629260876 0.07689557944821061 0.1360460251776034
0.14119551598308128 0.08776569753151164 0.17516474533909157 0.10970712191438955 0.13493806596509794 0.13017718970798337 0.12231525383589402 0.09873640972295059
0.1146454203729269 0.06492860705872493 0.24575223343988659 0.12985721411744985 0.10181631119332062 0.081347618207904 0.14478110290408214 0.11687149270570486
0.08464719541394448 0.11172008883094331 0.13654436092419686 0.13965011103867914 0.09868939779205606 0.16644950700579159 0.09471920574797368 0.16758013324641496
0.1197480073951941 0.07572293937989845 0.16117905445980696 0.09086752725587814 0.1544770636854668 0.14018682850648234 0.1442341702474256 0.11358440906984767
0.07252158771347335 0.09434843489964072 0.06901346346781369 0.08225248170737907 0.15617648041953455 0.2682015220994936 0.0929810662779068 0.16450496341475815
0.10197439408463164 0.06762837018462667 0.2021883824962854 0.13525674036925334 0.11066736086487604 0.10975251394287604 0.15080117172512272 0.121731066332328
0.10555049059370111 0.06550350622063264 0.25906709804493644 0.13100701244126528 0.09686777979663737 0.07803475947639715 0.14606304222929128 0.11790631119713874
0.10439456486849044 0.06418070384526083 0.28118267517567697 0.12836140769052165 0.09211257881307561 0.07112941232010261 0.1431133903654025 0.11552526692146949
0.13821188633615553 0.08512405508616822 0.2421114425975716 0.10640506885771027 0.12092193529064911 0.09282733876023946 0.11863371109956654 0.09576456197193925
0.14783909218882546 0.08414088807743511 0.22577332016963245 0.10517611009679387 0.1281457979813976 0.09700277860431597 0.11726351379448512 0.09465849908711449
0.11419876892292842 0.06365150545618467 0.26566418539415393 0.12730301091236934 0.09854125050066329 0.07413521204997112 0.14193335694259687 0.1145727098211324
0.10595625515165658 0.06381451103036168 0.28327566122211156 0.12762902206072335 0.09204094228936816 0.07012065334730642 0.1422968350438214 0.114866119854651
0.10356788430924922 0.06354699934295434 0.29029435382823365 0.12709399868590868 0.09027440943508115 0.06913743167323454 0.14170032390802056 0.11438459881731779
0.10278585194664996 0.06339957832769204 0.2930000445563738 0.12679915665538408 0.0897063597978287 0.06881817067910352 0.14137159704712224 0.11411924098984567
0.10251120690895887 0.06333726110074195 0.29403059149556615 0.1266745222014839 0.08950591015942473 0.06870079922038676 0.14123263893210217 0.11400706998133549
0.1024112135462131 0.06331274727777535 0.2944212967571275 0.1266254945555507 0.08943215242294639 0.06865617357472517 0.1411779767656662 0.1139629450999956
0.0822816366024389 0.11151338886565867 0.1479721225607622 0.13939173608207336 0.09581002762690388 0.16121704483844262 0.09454396012523238 0.16727008329848803
0.10590552274608352 0.0673168375252768 0.24451878490100165 0.1346336750505536 0.09516597110037045 0.0860412485237668 0.1490450126729775 0.11737294747996979
0.12218986383899957 0.07511322766531381 0.2004103924306885 0.09389153458164223 0.1430819367061819 0.11306713097574704 0.13957607230345626 0.11266984149797069
0.125320949175535 0.07396510093033176 0.18361177314807184 0.0924563761629147 0.15729804616326734 0.11895749010160102 0.13744261292278068 0.11094765139549763
0.08554326879053359 0.10982632279563344 0.12057346420144133 0.1372829034945418 0.10983752800374026 0.1790834070200137 0.09311362150064577 0.16473948419345016
0.10480958454015682 0.0677076538734921 0.22676335689178645 0.1354153077469842 0.09967907365454495 0.09277328380284335 0.15097796251790624 0.1218737769722858
0.12224571993627563 0.07538347318383815 0.19478342907535146 0.09422934147979768 0.1449995803928128 0.11520500121007997 0.1400782449460873 0.1130752097757572
