0.125 0.125 0.125 0.125 0.125 0.125 0.125 0.125
0.07295173961840629 0.12906846240179573 0.09118967452300786 0.16133557800224466 0.08754208754208755 0.15488215488215487 0.10942760942760943 0.19360269360269358
0.099626400996264 0.07845579078455792 0.199252801992528 0.15691158156911583 0.08685378548392246 0.06839735606858895 0.17370757096784492 0.1367947121371779
0.05612507465341754 0.09354179108902921 0.07954877568395238 0.11225014930683508 0.11225014930683508 0.18708358217805843 0.1347001791682021 0.22450029861367016
0.07328976007000376 0.12214960011667295 0.09435635819365079 0.14657952014000752 0.0916122000875047 0.17885352111214525 0.10993464010500566 0.1832244001750094
0.1098550243124833 0.08867815215586002 0.1373187803906041 0.110847690194825 0.13182602917497996 0.12367455906873265 0.16478253646872493 0.13301722823379
0.07832324534222301 0.1259458064522883 0.08898345021085588 0.1574322580653604 0.08542411220242163 0.16819227779539134 0.10678014025302705 0.18891870967843247
0.10687081271976644 0.0765867235763778 0.1897521808011748 0.1531734471527556 0.08538848136052866 0.07959528923085947 0.17077696272105733 0.13785610243748003
0.12485156536547379 0.08573266735269254 0.15634708949933313 0.10716583419086567 0.12744736818400265 0.1105472641485902 0.1593092102300033 0.1285990010290388
0.09569520393587307 0.07535997309950003 0.21906604749103323 0.15071994619900006 0.08342658804665856 0.07748218896113052 0.16685317609331712 0.13139687617348725
0.07193096938881047 0.1198849489813508 0.11761184308883824 0.14386193877762093 0.08991371173601308 0.16907271047212466 0.10789645408321571 0.17982742347202615
0.07050175210166684 0.11750292016944476 0.10119521908692551 0.14100350420333368 0.08812719012708356 0.19966240590487824 0.10575262815250028 0.17625438025416712
0.07985934563644066 0.12311257133373682 0.09522581505502015 0.15389071416717104 0.0835024396872302 0.17536220751075832 0.10437804960903775 0.18466885700060523
0.10068238460001985 0.07365899047610609 0.2169714151029265 0.14731798095221219 0.08154353036019883 0.08830757747082575 0.16308706072039766 0.1284310603173132
0.0769715974203741 0.11683321135686993 0.12385349858759498 0.14019985362824391 0.08762490851765244 0.17411722323277679 0.10514989022118294 0.17524981703530487
0.11069242825837118 0.09034512616932042 0.15709935679592132 0.09724772066094285 0.12863455113881328 0.14005970478387644 0.15436146136657594 0.12155965082617855
0.08496572779104604 0.12144511637897933 0.09875442571548158 0.15180639547372415 0.09255155568101285 0.16534476659171773 0.10296433779956943 0.18216767456846897
0.12287585354200395 0.08388187151195203 0.14221290416609206 0.10485233938994004 0.13578143667839013 0.12870274261924566 0.1558700448244482 0.12582280726792805
0.11320386807290032 0.07191328717457227 0.20314015418997533 0.14382657434914453 0.09899588306127596 0.07912041916504947 0.1603558970728522 0.12944391691423007
0.10863749206261558 0.07011844853545125 0.23503712844202657 0.1402368970709025 0.09162215348860799 0.07178099824260761 0.15635367479397635 0.12621320736381225
0.10400450165246192 0.07366285387834921 0.2662047637348328 0.13773203183065522 0.07623751049641478 0.06960923838260309 0.15247502099282956 0.12007407903185328
0.08087094474386422 0.12228060189999018 0.13712959526879806 0.1365763415062561 0.08536021344141007 0.16462962012716914 0.10243225612969209 0.17072042688282013
0.11839093035585367 0.08104753135601955 0.16363123437156335 0.10130941419502443 0.13835871687610313 0.1250876272468627 0.15060324856454377 0.1215712970340293
0.11120166512872279 0.0748090743852344 0.2480185595248859 0.13835507100316743 0.07658237548404871 0.07725126211846653 0.15316475096809742 0.12061724138737673
0.12224990606259759 0.07881399696513217 0.1906681646733673 0.09851749620641519 0.13750424897893854 0.10757231670825455 0.14645287495759632 0.11822099544769822
0.12673760018410005 0.07778579079533342 0.17331512039725577 0.09723223849416678 0.15223227549340781 0.11147603539767621 0.14454225304505988 0.11667868619300013
0.11134269449479088 0.06762637223154747 0.23485399581862354 0.13525274446309493 0.10519924541202752 0.0732007609751723 0.15079671658795807 0.12172747001678544
0.0838451099712811 0.11515106494316432 0.13081884961823972 0.1439388311789554 0.09937202710835849 0.15651944296561526 0.09762807679963934 0.1727265974147465
0.10557350080943398 0.0780762980330289 0.23931403439672747 0.14003089786457038 0.07750998009597708 0.08239710995714411 0.15501996019195416 0.12207821865116392
0.10526437879077863 0.15267702796333563 0.12690297164842 0.12728435123124227 0.10607029269270189 0.2099671035113446 0.09546326342343171 0.07637061073874538
0.08182024296097745 0.11384985158310569 0.10676439695044669 0.14231231447888212 0.09951980829186326 0.1884337341917809 0.09652487416828527 0.17077477737465854
0.10414199606550878 0.06953115954353263 0.21926303379649034 0.13906231908706526 0.09832985458900026 0.08947144174297274 0.15504410799707125 0.12515608717835872
0.08201759954783 0.11416405947985953 0.1292497366939088 0.14270507434982438 0.09835202823923583 0.16547414464967125 0.0967912678198809 0.17124608921978926
0.07772501854692103 0.11352560197787878 0.10840178746740625 0.14190700247234847 0.09759553319834854 0.19430668647599023 0.09624996689428855 0.17028840296681816
0.07858591683678853 0.12416960275647478 0.1040935992762611 0.13361624771863265 0.09177772475676502 0.20052441321781256 0.10021218578897449 0.16702030964829082
0.07649505138099764 0.11249382668927717 0.10204651556799545 0.14061728336159648 0.09540141191810633 0.20882997015937613 0.095375200888735 0.16874074003391573
0.10578131500482503 0.07768755098696195 0.22694252015832161 0.13940654308730607 0.08466031802641032 0.08965906958986582 0.15432877378814508 0.12153390935816426
0.08193075973281896 0.11356196109024994 0.1304643516850643 0.14195245136281243 0.09548692178531347 0.16997981961011047 0.09628079309825541 0.17034294163537492
0.11670320744676559 0.07770160094486728 0.16328224687452272 0.0971270011810841 0.14648847496478423 0.1377592564596905 0.14438581071098472 0.1165524014173009
0.08325267384846206 0.11077407142564348 0.11436385868533316 0.13846758928205435 0.10704334459467123 0.1860202075123249 0.09391714751304557 0.1661611071384652
0.14379381638757016 0.10392674044072568 0.18789709393836695 0.11205189186507471 0.11465782457535764 0.11594031767365634 0.1240460504163627 0.09768626470288563
0.08845948739741244 0.11131787116834073 0.12036640209045653 0.13914733896042591 0.10090032947874474 0.17845356903112397 0.09437819512098454 0.1669768067525111
0.1075439214184616 0.07691483489428726 0.2350021294291416 0.13812852800820294 0.08433455668434134 0.08474232863927998 0.15291395856015955 0.12041974236612565
0.08560673561825768 0.12044996515894137 0.134508823883898 0.1338805460791532 0.09098014794194934 0.16681268915949393 0.10041040955936492 0.1673506825989415
0.05724127532204131 0.08201841234415991 0.0793226458293473 0.10252301543019988 0.11690216988739308 0.24105086766623274 0.11589558266022597 0.20504603086039977
0.11078967381572044 0.07721607100880505 0.1457846722089831 0.0965200887610063 0.15356496064242442 0.15681683241408853 0.1434835946357646 0.11582410651320757
0.08178404598359666 0.11012212570494037 0.10994558871308374 0.13765265713117547 0.10877379950179793 0.19317418348424137 0.0933644109237538 0.16518318855741054
0.10370140977929969 0.06828820510008833 0.22056045736273333 0.13657641020017666 0.10015082411124697 0.09553141916251713 0.15227250510377904 0.122918769180159
0.1046579991134552 0.06553408954288796 0.26484911446048354 0.13106817908577592 0.09449036169590695 0.07530765645104637 0.1461312384732457 0.11796136117719831
0.10309228010658625 0.06430366697900344 0.28257132551689745 0.1286073339580069 0.0916874827308868 0.070603730345471 0.143387579800942 0.11574660056220619
0.10363212844511781 0.06847781253670256 0.29759731795215266 0.1282465365109644 0.08304504666749195 0.06522229727857227 0.14197418775328577 0.11180467285571255
0.08180767692644506 0.11197790743300595 0.14860560566418005 0.13997238429125747 0.09464671798189572 0.16008505546920193 0.09493779108450505 0.1679668611495089
0.104489002131176 0.07576679238138638 0.24597332823293006 0.13582633781608855 0.08807406261126344 0.08109243268314978 0.150365339381262 0.11841270476274385
0.08222838508072541 0.112619629102301 0.13671189722147412 0.14077453637787626 0.09611317995108025 0.16714106915679272 0.09548185945629868 0.1689294436534515
0.11864397757315732 0.08601470867609289 0.163425537961193 0.09247947223369629 0.14359259334066884 0.1334515568537122 0.14679281306935918 0.11559934029212035
0.09885629989602088 0.13089670046906404 0.09572645478177998 0.11411507220379943 0.12671195049601963 0.21935564740531024 0.07739978810344657 0.1369380866445593
0.079081893940932 0.10945028258746797 0.09912001996181813 0.13681285323433498 0.10204649402191811 0.21651822756990827 0.09279480480241852 0.16417542388120196
0.11670322346746574 0.07689603968366206 0.1532999900614409 0.09612004960457757 0.14828457606981155 0.15046315202611735 0.14288890956143172 0.11534405952549308
0.08325922902226833 0.10984554380090432 0.11302426964462738 0.1373069297511304 0.10755585905362985 0.1911099354557514 0.09312991757033193 0.16476831570135644
0.11797128567109391 0.07680380490976146 0.15789905707451113 0.09600475613720182 0.1499516386256801 0.1434462321385227 0.14271751807858657 0.11520570736464217
0.10963609052761093 0.06558961139394093 0.23894502229450076 0.13117922278788186 0.10596851770466789 0.08436519086805343 0.14625504391425037 0.11806130050909366
0.14063761056289834 0.0859372937865646 0.22702260854075873 0.10742161723320574 0.1258847051478764 0.096649622542386 0.11976708667642492 0.09667945550988517
0.11248579150705366 0.06383640195987272 0.26632342355604277 0.12767280391974545 0.09822726799818401 0.07420313898200229 0.14234564854932816 0.1149055235277709
0.10544873352520225 0.06385603683679447 0.28349340746050944 0.12771207367358894 0.09200917010813041 0.07015028069525936 0.14238943139428498 0.11494086630623007
0.08281034380436468 0.11165316134839735 0.14542722515264211 0.13956645168549667 0.09646940118143772 0.16193121192272864 0.09466246288233689 0.167479742022596
0.10444717621789852 0.07551800344931554 0.244007571564721 0.13533484600903137 0.09170056231426352 0.08118637797187193 0.1498212377470758 0.1179842247258222
0.08295261117640175 0.11238878466289715 0.13642526661489346 0.14048598082862143 0.09681054786806582 0.1670674883362316 0.09528614351854324 0.16858317699434572
0.08012961799569887 0.12267543836487711 0.11022182407765725 0.13183741198930019 0.10090413409001524 0.19055674950385093 0.09887805899197515 0.1647967649866252
0.11711921671578623 0.08602194935172798 0.15335101788920344 0.0915128661644437 0.14954453417034333 0.14280081528160135 0.1452585177213392 0.1143910827055546
0.08389483241472843 0.11008984139986465 0.11342617036667381 0.1376123017498308 0.10805854653794689 0.18844650598344706 0.09333703944771134 0.16513476209979697
0.10457930651297528 0.06790404501399729 0.22383956854685166 0.13580809002799457 0.09955724340899368 0.09466858001487018 0.1514158854491223 0.12222728102519512
0.08277752180471717 0.11210439061402727 0.1314239294529776 0.14013048826753408 0.09833803946165193 0.17202401765311479 0.09504502682493615 0.16815658592104088
0.07937366756239586 0.12144750986141377 0.10819263513948318 0.1304231583416207 0.10254482098206455 0.19717189142978056 0.09781736875621552 0.16302894792702585
0.07730604284285077 0.11123606007394557 0.1033146121048288 0.13904507509243197 0.09794915677725735 0.20998612945681336 0.09430883354095385 0.16685409011091834
0.135582387111872 0.08943923587785489 0.1801222736888886 0.11179904484731862 0.12813985163344738 0.12965047468557342 0.12464759179245823 0.10061914036258675
0.11322814787646228 0.06500683799783645 0.24814906318182783 0.1300136759956729 0.10036532809261745 0.08126909223743627 0.1449555462220413 0.11701230839610563
0.1063686872328958 0.06430515193270549 0.2766866288457945 0.12861030386541097 0.09305899864695122 0.07183006497130931 0.1433908910260627 0.11574927347886989
0.12148242421762907 0.0745434924184259 0.2104233809863197 0.09317936552303237 0.14148670404459734 0.10855200901677435 0.13851738516558243 0.11181523862763881
0.10871995399834367 0.0642959494560587 0.2602729310668994 0.1285918989121174 0.10223896608425673 0.07677722058477415 0.14337037087664428 0.11573270902090564
0.12220569333351744 0.07459137614944483 0.2049252976859698 0.09323922018680604 0.144606432458754 0.10993855281796917 0.13860636314337135 0.11188706422416725
0.08509308367517042 0.11007923033756906 0.12578206022033736 0.13759903792196132 0.10718573882931545 0.17581396039700603 0.0933280431122868 0.16511884550635356
0.10455347895234215 0.06762832400610694 0.22901194787292506 0.13525664801221388 0.09896735599851487 0.09205019319298859 0.15080106875391605 0.12173098321099247
0.10532671522730666 0.06499506501580986 0.2697884559374284 0.12999013003161972 0.09361428569825844 0.07436493683183569 0.14492929422928347 0.11699111702845776
0.08294870192229492 0.1118089379412702 0.1422782904488148 0.13976117242658775 0.09691588901872576 0.16377906698888947 0.0947945343415117 0.16771340691190528
0.07921836805519855 0.12109764885400943 0.11045587272234908 0.13003168312925564 0.10201229775811665 0.19712076322255945 0.09752376234694174 0.16253960391156952
0.0773192492311739 0.11117698814300236 0.103802160180719 0.13897123517875298 0.09779695480839633 0.20990917942655846 0.09425875081689333 0.16676548221450355
0.10354110254089649 0.06823482800522959 0.2201375698570237 0.13646965601045918 0.09773229336376511 0.09890837766423805 0.15215348214897462 0.12282269040941327
0.14011855896295042 0.08669390849285338 0.2212624598413374 0.10836738561606674 0.12447216280209814 0.1007333293866491 0.12082154784358483 0.09753064705446003
0.11275312084905632 0.0639724574936832 0.2643428533704592 0.1279449149873664 0.09811890405282822 0.07506829367504754 0.1426490320829294 0.11515042348862974
0.10569752012443852 0.06388285000342098 0.28284714888411594 0.12776570000684195 0.09203172786257005 0.07033670235855807 0.14244922075389693 0.11498913000615775
0.1212237179734075 0.07443298817012156 0.21234743057654049 0.09304123521265194 0.14097593560232474 0.10801716502797847 0.13831204518179305 0.11164948225518231
0.1086516220040223 0.06424464666381267 0.26103062153345846 0.12848929332762535 0.10205804078630182 0.07662943838284772 0.14325597330706885 0.11564036399486281
0.09610091693927136 0.12849852379991614 0.16129458876483674 0.16062315474989516 0.08521496803488696 0.1419987079765589 0.08170830045972927 0.14456083927490562
0.0815529685520794 0.12308955466302167 0.11495337660980755 0.13007539655758585 0.0996027263906895 0.19057518411164448 0.0975565474181894 0.1625942456969823
0.07831981919469426 0.12132433420269556 0.10339309807052398 0.12883578188250466 0.10292633388223155 0.20752906900234078 0.0966268364118785 0.16104472735313083
0.06540069010281087 0.09420939091971159 0.06040960387903314 0.08213126387872292 0.13844185794469893 0.3023006280894552 0.09284403742812157 0.16426252775744585
0.10057926690791617 0.06789203769560108 0.1986485610874045 0.13578407539120216 0.10708490126870222 0.116416378875856 0.15138911092123583 0.12220566785208195
0.12132774748646669 0.07554829533942906 0.1854771541026918 0.09443536917428631 0.14775149547216493 0.12175297646419193 0.14038451895162565 0.11332244300914358
0.14436649479529076 0.08539075836223982 0.20596389342081092 0.10673844795279977 0.13749564568897116 0.10497475271081345 0.11900540391155437 0.09606460315751979
0.08925661832149898 0.10991425546215133 0.12604443437078142 0.13739281932768915 0.10556062843758912 0.17377168777784774 0.09318817310921526 0.16487138319322697
0.10481631129913921 0.07476249500184304 0.22769094069719079 0.13386219137153768 0.09793692051709688 0.0912088152153178 0.1492463536634905 0.12047597223438393
0.10501568852014487 0.0697900801067521 0.268570104033338 0.12923932213115363 0.09304096557924114 0.07393625026062783 0.1440921994507041 0.11631538991803826
0.08233490857034159 0.11915187349127646 0.1412684527308236 0.1385267443720306 0.09610819921671604 0.1624204582765629 0.09395727009581206 0.1662320932464367
0.10371682407698814 0.07551294716357826 0.2409414514652282 0.13415833941864527 0.0941724094812 0.08602067949185581 0.14851879658881362 0.11695855231369075
0.08213050343268082 0.11999087291335625 0.13472988095033128 0.13875998095978484 0.09641723624386322 0.1673440830016051 0.09411546534663669 0.1665119771517418
0.10391270055958449 0.07575093338817505 0.23822854279046754 0.13448225008124653 0.09445488256576348 0.08705237563917453 0.14887737900732215 0.11724093596826621
0.08217152691902728 0.12003363146754356 0.13409324603245493 0.13878099368812144 0.09648644867409555 0.16776724333498144 0.0941297174580302 0.16653719242574572
0.10394418669236428 0.07577033652810719 0.23796501932960568 0.13451180992060818 0.09448935606541199 0.08714248241465694 0.14891010296461304 0.11726670608463277
0.12130072706859558 0.08084200766925842 0.1978406506485608 0.09346672120174394 0.14243357877759033 0.11301169051016284 0.13894455868199548 0.11216006544209273
0.14320830024521916 0.09193787215805428 0.20942901570780828 0.10559501807376731 0.13493629603950735 0.1021274165822319 0.11773056492702118 0.09503551626639058
0.113230237738809 0.06998532946293838 0.25837272559284874 0.127108670206768 0.10011585823973608 0.07507269401391944 0.14171668155888908 0.11439780318609119
0.1056058311372284 0.06843240280652971 0.27989310233705644 0.1272499011539633 0.09225455098018066 0.0701651570210856 0.14187414352538893 0.11452491103856699
0.09460569603362051 0.13647940765911135 0.16524291719560488 0.1588597746234107 0.08255517365217716 0.13847195701874893 0.08081127665625674 0.1429737971610696
0.10552575100096387 0.07604225880077532 0.25073184968356643 0.13291040897358045 0.09054394831177891 0.08123788399060974 0.14713728628739878 0.11587061295132656
0.0824806578510506 0.1200465234555649 0.13707015313501172 0.13873832946067785 0.09561402776779837 0.1654635329950583 0.09410077998202497 0.1664859953528134
0.11650775339603067 0.08487231753185802 0.1609347063395492 0.09040040912608943 0.15146396046287147 0.13932762883743485 0.14349271289855467 0.11300051140761178
0.0831095226174954 0.11871518785759415 0.11423025813146498 0.13582198043044938 0.10754468850514153 0.18546925138848874 0.09212273455282653 0.16298637651653924
0.10373595169079594 0.07570444686157778 0.22280708586101924 0.13442725193848964 0.09878098586754713 0.09368339700898677 0.1498763540269429 0.12098452674464068
0.13927433044696222 0.09288390670500378 0.2211981212642653 0.10740979258256562 0.12393774736366969 0.0988733852398266 0.1197539030733978 0.09666881332430906
0.1120497863148463 0.06993889269037286 0.2634291831850044 0.1269315969552588 0.0975328183124562 0.0743600271844505 0.14151925809787808 0.11423843725973291
0.08356815983308416 0.11899022393490692 0.13998624814139726 0.13829315290609107 0.09701214862631613 0.16239944892589428 0.0937988341450009 0.16595178348730927
0.1410225074429953 0.10135038949929637 0.19362061417703544 0.10803205323423133 0.12668776608793153 0.11550895575108938 0.11959592380834726 0.09418178999907346
0.0878170690329135 0.12072862766264605 0.12208259998183003 0.13581541863845492 0.10216013309622732 0.1762993652756998 0.09211828394608249 0.16297850236614592
0.07816735699666283 0.12388447020808001 0.105569056476802 0.13723362889386526 0.09695943890033253 0.2004254933844758 0.0930802004671434 0.16468035467263828
0.07615721329615815 0.12388337607104066 0.10145081209868621 0.13686127642802887 0.09550637215538163 0.20907976987718946 0.09282764835988046 0.16423353171363464
0.10263767354290401 0.0765431523363124 0.21778815546947308 0.13529269579038855 0.09668137274038766 0.0984522645727366 0.15084125933644812 0.12176342621134968
0.10491786965301386 0.07021625649366274 0.26482695522022515 0.12981926805203742 0.09314624934699631 0.07549726411428767 0.1447387958729432 0.11683734124683368
0.10365595328972979 0.068494161236823 0.28280903252501244 0.12736311594075508 0.0907895945033312 0.0702609685938718 0.14200036956379708 0.11462680434667957
0.08202068228065536 0.11886072173145436 0.1445788016195739 0.13834464783837327 0.09552568063005341 0.16082212735129273 0.09383376114254884 0.1660135774060479
0.10491128667422518 0.07527970404643973 0.2420489057051551 0.13374214136162305 0.0938106703443027 0.08555353065530717 0.14805804823101937 0.11659571298192778
0.12145694909527882 0.08071515165569694 0.19909976445482552 0.09335864163492404 0.14207475175280657 0.11248048029771707 0.1387838911468423 0.11203036996190884
0.08433846491569504 0.11860719874672511 0.12358945295408205 0.1362412894768268 0.10583738085898371 0.1754895302042562 0.09240713547123905 0.16348954737219215
0.10375293018523865 0.07549062839384885 0.22678418671930636 0.13406751681979565 0.09812939187581052 0.09163930465268037 0.1494752762155035 0.12066076513781605
0.1391593551301882 0.09277579209259836 0.22259256020904972 0.10730380063250149 0.12364282015109287 0.09831652125639463 0.11963572995892328 0.09657342056925133
0.08767115007456157 0.11994852416977846 0.12918191819542396 0.1360713341853073 0.10170746262907956 0.16984214827605446 0.09229186144742585 0.1632856010223688
0.10438892444177468 0.0754552701345673 0.22912800856597526 0.13383723367990108 0.09704656667020788 0.09047195849583281 0.14921852769983 0.12045351031191098
0.13928650853320107 0.09271912750882022 0.22341024813553237 0.1072398786948784 0.12326847136896127 0.09799541316444876 0.1195644617687674 0.09651589082539055
0.08769649058585681 0.11994146629758966 0.1293771795466216 0.13606991127728485 0.10162444048831194 0.16971572192700016 0.0922908963445932 0.16328389353274178
0.10438883675284792 0.07545017546795688 0.22920991201485394 0.1338290353582217 0.09702238588319859 0.09044413551754879 0.14920938718297255 0.12044613182239952
0.1215632128530873 0.08092067620797669 0.1950113517369892 0.09359406896758268 0.14343645616767461 0.11402748161646736 0.13913386968912295 0.11231288276109923
0.08435409907868593 0.11863393049004745 0.12262170901222232 0.13624806587120505 0.1061363175094619 0.1760964673585487 0.09241173163438257 0.16349767904544607
0.10378745278980848 0.0755148374673515 0.22637528694670053 0.13410732090764346 0.09822430964214314 0.09177454862647422 0.1495196548029995 0.12069658881687913
0.1391826505490914 0.09278685586725559 0.222448446506454 0.10731442600500345 0.1236806893041778 0.09835637190719004 0.1196475764563247 0.09658298340450308
0.11198270537643057 0.06990131601764264 0.263924296566306 0.12687406830584605 0.09743675540142291 0.07423907891012481 0.14145511794696566 0.11418666147526145
0.1225844511635125 0.07964478873401303 0.20554564639967376 0.09256798642863034 0.14229336905512507 0.10867364542571008 0.13760852907897883 0.1110815837143564
0.12469455312452059 0.07970358763487864 0.18452350932647915 0.09164209494767858 0.15616875088955787 0.117064860933868 0.1362321292058028 0.1099705139372143
0.10983512780081665 0.06986546741499182 0.2486860002025889 0.12850771471408753 0.10572055236578318 0.07845168248080936 0.14327651177824385 0.11565694324267878
0.12221903002625023 0.07981561062284269 0.2006040195764728 0.09278182024910299 0.14530217815593577 0.11001274965538761 0.13792640741508444 0.11133818429892357
0.09757714646676406 0.13684250682248594 0.14317004398384414 0.1573169056040606 0.09231414627763629 0.15116760990731495 0.08002642589423953 0.14158521504365454
0.10850149421422663 0.07638946703255264 0.24094936360560998 0.13341095977753448 0.09296873699710548 0.08378157119414596 0.14769141660353835 0.11630699057528647
0.08304436369398886 0.12010853599158261 0.13477571128849253 0.13876886308301362 0.09616649661737396 0.16649190388267074 0.09412148974326141 0.16652263569961634
0.09640980845241431 0.14624446422232246 0.13044156133136026 0.15572221694892782 0.08612448520641286 0.1678449355815962 0.08145469809636226 0.13575783016060375
0.08253088561884879 0.12402682182677588 0.10705508106340215 0.12883405523593794 0.09998420988990592 0.19990083589325355 0.09662554142695345 0.1610425690449224
0.07684044431908776 0.12368623512091473 0.10165350383096423 0.1365758470069429 0.0960365272410173 0.20868237332020645 0.09263405275253518 0.16389101640833145
0.10277746142226019 0.07650529172082654 0.2178297173587974 0.1352452787341432 0.09677297262765043 0.09836013441827256 0.15078839285732082 0.12172075086072888
0.10494610761450493 0.07020936096553683 0.26483598318058754 0.12981075453541638 0.09316113449870636 0.07547767618612536 0.1447293039372478 0.11682967908187473
0.12094512824643541 0.07991255933100742 0.20622735147904994 0.09287264428511527 0.14123918426400253 0.10929453580751262 0.1380614234447385 0.11144717314213833
0.10836716465463828 0.06954501031629577 0.2578287756263212 0.12790962802347378 0.10193098878576896 0.07669007762083094 0.14260968975154462 0.11511866522112639
0.13917768733785613 0.09115103117746494 0.23282948652611715 0.10598718713955092 0.12343505053388336 0.09386328469051006 0.1181678041690217 0.09538846842559583
0.12874785697218943 0.08020411036872702 0.1932736239791417 0.09111638805513905 0.14927879942820388 0.11258892492906118 0.1354506306013709 0.10933966566616686
0.11049666010374687 0.0696893751986576 0.25220997883012164 0.12811281478486142 0.10391665582339893 0.0774367541255375 0.1428362278273007 0.11530153330637527
0.13995752222648744 0.09123958387237288 0.23078543023689252 0.10607674602803789 0.12409503839612922 0.09410895216866029 0.11826765564618553 0.0954690714252341
0.11180685384059146 0.0695422503600132 0.2671159305909207 0.12639651048985304 0.09720735191628771 0.0732515667406898 0.14092267662077643 0.11375685944086772
0.12245793697415182 0.07955628050935816 0.20653795766596475 0.09249441548677828 0.14212464649603146 0.10833630335099793 0.13749916093258382 0.11099329858413394
0.08452751104653598 0.1184374157729305 0.1253534263570941 0.13618849253310725 0.10585527974638571 0.1738403581339364 0.09237132537028143 0.1634261910397287
0.10373671071913959 0.07543220355972875 0.22751435704134643 0.13398378749022588 0.09807433147590744 0.09129127671095802 0.14938192426149063 0.1205854087412033
0.08213707675033274 0.12001395958567944 0.13155987318639822 0.13881417039174615 0.09729580864528331 0.1694498870525848 0.09415221991788 0.16657700447009538
0.10559322030291637 0.07564627387544222 0.23645438194433208 0.13424140330687853 0.09507005012426412 0.08735295173308436 0.14861075172759852 0.11703096698548385
0.08247718980725288 0.12000107541320662 0.1336698313636372 0.13875464991199848 0.0966124215632968 0.16786740254068044 0.09411184950552942 0.16650557989439815
0.10560118445702524 0.0755902369971582 0.2373428969343136 0.1341424127430498 0.09485580116847354 0.08702163507616685 0.14850116510423095 0.11694466751958187
0.12172457517560124 0.08079807675702784 0.19758467375204472 0.09342939677567523 0.14251233730671245 0.11294659068634828 0.13888907341577988 0.11211527613081028
0.10887193668006784 0.06982333167641008 0.25437824999145403 0.12831760462716027 0.10250221716335846 0.07755626247846528 0.1430645532186399 0.11548584416444424
0.10477733358761114 0.06856855818610227 0.2784678088511306 0.12753563628380463 0.09294205925228577 0.07073381431199675 0.14219271687164484 0.11478207265542417
0.13763884641444074 0.09078247568830257 0.24027917020561979 0.10565739350179298 0.12052751220026946 0.09222283896357389 0.11780010887438708 0.09509165415161366
0.14676151768847986 0.09168600220341329 0.2240007093904244 0.1041944144188841 0.12721819639830065 0.09619519054901489 0.11616899637448719 0.09377497297699568
0.11352636800161846 0.06959721180948195 0.26412873218489374 0.12641605094756264 0.09795223918737139 0.07366048924338595 0.14094446277287953 0.11377444585280637
0.08383405874334254 0.11891767036478641 0.14014789332501676 0.13824980163162087 0.09709094450824529 0.16209043879716112 0.09376943067188198 0.16589976195794504
0.1345491790734173 0.10632932713339109 0.1908068392829026 0.10858171402446999 0.12492831791985097 0.1160205719196477 0.12106050802429714 0.097723542622023
0.11166114019925327 0.07691841168584222 0.25063331695008184 0.12754505480100534 0.09839326695994338 0.07785504226751987 0.14220321781544923 0.11479054932090481
0.0830218670194438 0.1259500389036713 0.136338834017708 0.13731862014950147 0.09664189504078093 0.1628085539793961 0.09313784671009666 0.16478234417940174
0.10562685308668772 0.07593320870038235 0.23843721993261305 0.13400019600459 0.09476436219002068 0.08607375106075031 0.14834372532864665 0.11682068369630925
0.081992076792288 0.12597729507298436 0.13351973751416676 0.13766663342909877 0.09595410988992316 0.166316296686884 0.09337389049973656 0.1651999601149185
0.118131533027671 0.08513258495864287 0.159430775364703 0.09014239211938013 0.15209165527326018 0.13930990701286355 0.14308316209425415 0.11267799014922515
0.07140455710409037 0.10804195741628744 0.06802816371196994 0.08089408645183943 0.15370903057834476 0.2646885428012751 0.09144548903251414 0.16178817290367886
0.10057154992735651 0.08052454760935725 0.19943585763050206 0.13322347902295398 0.10924182061573627 0.10856737701351507 0.14853423705992033 0.11990113112065859
0.13803299959000206 0.09865237776041912 0.21183334826609077 0.1070148489378935 0.126710723043596 0.10212876797489977 0.11931357038299471 0.09631336404410415
0.12823239531758934 0.0865533162926074 0.18586457459047315 0.09077921512235512 0.15011229957694583 0.11457374056235876 0.13494940039084433 0.10893505814682616
0.11025255607381697 0.07455775886712226 0.24851510682486164 0.12768947748994203 0.10401256461586646 0.07768776805164199 0.14236423833580103 0.11492052974094782
0.09509252004798621 0.1441517604587519 0.15609383824163925 0.15777885855157958 0.08437355093441877 0.14024707971905137 0.08026141935015135 0.14200097269642162
0.10777022144913384 0.07661218938740175 0.24644523967720267 0.13290586997654477 0.09165542908119739 0.08161213312043647 0.1471322614310955 0.11586665587698775
0.0824063007401472 0.1261230067984665 0.13544075274752096 0.1376513124329584 0.09526943904963572 0.16456411444414945 0.09336349886757178 0.16518157491955002
0.10550937252461455 0.0759703245862736 0.23806716568165648 0.13404332831285573 0.0947589434850166 0.08640110462118071 0.14839147456693833 0.11685828622146396
0.09761001514049222 0.15002390091378925 0.1108161829230693 0.1143345224041168 0.11426082092555313 0.19820449822089886 0.07754863258714008 0.13720142688494016
0.10584610850569803 0.08484972714523377 0.21826540613431078 0.1316656304850199 0.09899096738015307 0.09508574071558917 0.1467973521974774 0.1184990674365179
0.12150124482134565 0.08639358603241544 0.1907670033795716 0.09304124073759677 0.1435248782126327 0.11481050453632698 0.1383120533949946 0.11164948888511611
0.09668419197677709 0.1454790943781321 0.13954055355651582 0.15583162394121355 0.09129340322372839 0.15165180180644516 0.0792708695700956 0.1402484615470922
0.10864367117534109 0.07703873108124747 0.2392923728517186 0.13345908150978517 0.09355287854989136 0.0839196326380502 0.1477446893392819 0.11634894285468451
0.08257057682630135 0.12622355820837355 0.1337536266251164 0.13767570972597676 0.09569817732968894 0.16548745301662138 0.09338004659674945 0.16521085167117208
0.1182513504905237 0.0851205253347668 0.1594599642867347 0.09010499155945248 0.15236560230582347 0.1390425304472682 0.14302379612611507 0.1126312394493156
0.08287279214228653 0.12535735031468664 0.11318298855856371 0.1345783045957447 0.1070703901563021 0.1841650108178001 0.0912791978997225 0.16149396551489362
0.10309042633541757 0.08246367718055107 0.22117751130848218 0.1333361793725766 0.09816892393849319 0.09310083088988484 0.14865988953927572 0.12000256143531896
0.13841369689526464 0.09867083788305142 0.21979284832269586 0.1067009326391215 0.12316871110019276 0.09825855664801117 0.11896357713645338 0.09603083937520934
0.14683458347886758 0.09902580981291925 0.21581615079681257 0.10385148847005124 0.12779816545459308 0.09742080283068301 0.11578665953302726 0.0934663396230461
0.11341788431546658 0.07512928349886491 0.2601152225312048 0.1259252252129931 0.09794332927347059 0.07373912376868565 0.14039722870762064 0.11333270269169379
0.1052377725918213 0.072320188840237 0.28001897804427756 0.12649970620861878 0.09141285052930005 0.0696230360519612 0.1410377321460272 0.11384973558775689
0.10277802584816902 0.07162039635563186 0.2879787525371278 0.12586991020596086 0.08956644479762592 0.06856799446735468 0.14033555660276528 0.11328291918536476
0.10194463372083758 0.071352164185882 0.2910632369446717 0.12553350677120112 0.08895175971204079 0.06821405069354354 0.13996049187774212 0.11298015609408102
0.1016450516250803 0.07124402386233013 0.2922463481132647 0.12539342342704884 0.08873037398972604 0.06808238849521264 0.13980430940299327 0.11285408108434397
0.10153422516839174 0.07120132074569138 0.2926984739415164 0.12533842623164945 0.08864790262903233 0.06803207604084295 0.13974299163439122 0.1128045836084845
0.11894061948387469 0.08342238833087773 0.2145122227373973 0.09178811335466015 0.13846824945779765 0.10627347523481316 0.13644919537498734 0.11014573602559218
0.10720753332513494 0.07363898738469445 0.2604923700013306 0.12679226468762653 0.10072340703184311 0.07566848633310791 0.1413639130173985 0.11411303821886387
0.10381836180746369 0.07218370527698552 0.2802970627874669 0.12658804524740933 0.09205339816524363 0.06999396241094948 0.14113622358181308 0.1139292407226684
0.13665803825087944 0.09551969424328695 0.24020487644895117 0.10494502157673645 0.11966196278494971 0.0915540199361005 0.11700586734003303 0.0944505194190628
0.08655814898957331 0.12772506554272128 0.13253950648651963 0.13458905689813763 0.10003415421134416 0.16576070882824528 0.09128649076569335 0.16150686827776517
0.11728525315534559 0.09333272041703992 0.16263724537104626 0.09398519909158239 0.14525257368035882 0.13500945848634607 0.13971531088838218 0.11278223890989887
0.10868857728252654 0.07621167865762454 0.23955373560389365 0.1291776713115104 0.1039737777089115 0.08211119186756474 0.14402346338760932 0.11625990418035935
0.08247945797626223 0.1258512791055081 0.13372625976997174 0.13740282456417258 0.09791606169182382 0.1645457681456416 0.09319495926961271 0.1648833894770071
0.10567147254338428 0.07596277198817956 0.2372643268786678 0.13405618469062464 0.09534985517020624 0.08642018727764851 0.14840570710561615 0.11686949434567274
0.08199914131386496 0.1259824707715412 0.13324207545131317 0.1376667034564902 0.09608405468523107 0.16645157217719528 0.09337393799657595 0.16520004414778822
0.08004602641166866 0.12193734446577999 0.1078454017566548 0.1291030860148176 0.10324779737804407 0.19961417194339964 0.09682731451111322 0.16137885751852202
0.07559878641074871 0.13274746011901054 0.10084805471757671 0.13484265004188858 0.09580601254139205 0.20688736304722746 0.09145849307188965 0.1618111800502663
0.07471000682614627 0.1348112822396323 0.0991403253746231 0.13474994169497048 0.09407188011093733 0.20942102109183308 0.09139561262789303 0.16169993003396457
0.101688659085102 0.08416355657255217 0.21552383293027805 0.13418746726063482 0.09585173324624173 0.0982070183651061 0.14960901200551374 0.12076872053457136
0.10438428297819011 0.07486809527627647 0.2633027229602634 0.1291996905890942 0.0926875412898722 0.07522993213723342 0.1440480132388856 0.11627972153018479
0.13746012051506118 0.09642436602644652 0.2344291994416084 0.10550820243386114 0.12039649699555247 0.09319046042969055 0.11763377196730486 0.094957382190475
0.1106911592717884 0.07451267190600577 0.2679172519027971 0.12545625254198223 0.09593711030749982 0.07270056760473868 0.13987435917740404 0.112910627287784
0.09501664424561264 0.14383661572790846 0.16111013722294593 0.1573957958934727 0.08265434055088024 0.13826369301359245 0.08006655704146222 0.14165621630412542
0.08278664520832417 0.12436736937998476 0.11461795702009951 0.12947400903165612 0.10054783213124478 0.18925816916537827 0.09710550677374212 0.16184251128957017
0.08957791191599397 0.15684344377646828 0.08405876567335088 0.110717243489752 0.11207501336309827 0.23877175574841134 0.07509517384522309 0.13286069218770238
0.10466258621279387 0.0863917037088249 0.2065499594168607 0.13261348339349838 0.09928686345195158 0.1032891313067828 0.14785413745513923 0.11935213505414854
0.10528448666084235 0.07526337620740028 0.2595213480015482 0.1293852592306226 0.09359377937597399 0.0762501087902686 0.1442549084257837 0.11644673330756035
0.10356760449367536 0.07255003602931655 0.2802155387980091 0.12693629193069242 0.09071816926142295 0.070245204104145 0.14152449264511527 0.11424266273762318
0.11976018060825 0.0838128040516858 0.2105760672939999 0.09203143558545247 0.13946121102947875 0.10710966851499211 0.136810910213598 0.11043772270254297
0.08347772935090736 0.12552965247128745 0.12560988698470066 0.13500594545371547 0.10460137374714067 0.17219902748787835 0.09156924995991136 0.16200713454445853
0.10286536953021004 0.0821863365783086 0.22649287178300145 0.13286511045395755 0.09726307781704344 0.09061395157950485 0.14813468284941234 0.11957859940856178
0.10423061063231989 0.0743030647050816 0.2675197525188734 0.1286085518542324 0.09260321880612689 0.07359816715021114 0.14338893766434566 0.11574769666880916
0.08170283738261531 0.12552833388906198 0.140397520929533 0.1374705080321192 0.09542737284021893 0.16126795097047128 0.09324086631743737 0.164964609638543
0.10523624925238274 0.07576243508746472 0.2400714636059786 0.13373364398702892 0.09472106525664606 0.08583819650812428 0.14804864128804174 0.11658830501433291
0.08190760267622862 0.12591939139887687 0.13389051933143456 0.13763673039064397 0.09593039300591183 0.16619767828925994 0.09335360843887157 0.16516407646877274
0.11812298320247093 0.08503169571079518 0.15940775884656458 0.09002732273494798 0.1525449804708487 0.13943059333799238 0.1429005122776952 0.11253415341868497
0.09761973319916047 0.1476827989927769 0.09300219157746681 0.11058995666662545 0.1262076754790203 0.21718085591111433 0.07500884017388508 0.13270794799995053
0.07758338719692594 0.13582660640072242 0.09592275091824773 0.13206256744702805 0.09937928690135957 0.21117744836564614 0.08957287183363642 0.15847508093643364
0.13320463306744557 0.10965098656814963 0.17393537883202242 0.1090368045494315 0.12624168976038427 0.12822948313042848 0.12156789999764975 0.09813312409448835
0.12761804648108 0.08864901907053455 0.17367830493718292 0.0914009317801299 0.15081852040605928 0.12228043522914205 0.13587362395971547 0.10968111813615587
0.12581352168984528 0.08550613059191453 0.1732409274995089 0.09122337009502636 0.1587004718965367 0.12043786752411223 0.13560966658902426 0.10946804411403163
0.11009332740950842 0.07472391433679024 0.24331906183099533 0.12820565629555336 0.10630217236683102 0.07903103791107234 0.14293973918325126 0.11538509066599802
0.10507480340847285 0.07272680769693986 0.27356364421352874 0.12733741502422474 0.09375527574121473 0.07096666543397223 0.1419717149598446 0.11460367352180227
0.10297231789901452 0.07184022993855801 0.2855189018813321 0.12618577015413232 0.09026938139890689 0.06895848871599836 0.14068771687333856 0.11356719313871909
0.08140007832987033 0.12486503479519713 0.14459844986722817 0.13725667776873668 0.0948176580802533 0.15925825421917414 0.0930958336170562 0.16470801332248403
0.10499893253859265 0.07559598514889848 0.24181303214014552 0.13351501499196652 0.09450421416010565 0.08536850563936282 0.1478066100033166 0.11639770537761182
0.09750522539988901 0.14993342246445604 0.11156605706637893 0.11432724344805355 0.11420174434458702 0.19772991958290012 0.07754369555607109 0.13719269213766425
0.10579514460034416 0.08481829793839675 0.21858734151618647 0.13163404170232723 0.0989545190404025 0.0949778846081014 0.1467621330621469 0.1184706375320945
0.0818798193220201 0.12761207860353535 0.12864887530140864 0.1374376235217029 0.09672459383019028 0.16955329915429213 0.09321856204080721 0.16492514822604348
