0.125 0.125 0.125 0.125 0.125 0.125 0.125 0.125
0.07295173961840629 0.12906846240179573 0.09118967452300786 0.16133557800224466 0.08754208754208755 0.15488215488215487 0.10942760942760943 0.19360269360269358
0.099626400996264 0.07845579078455792 0.199252801992528 0.15691158156911583 0.08685378548392246 0.06839735606858895 0.17370757096784492 0.1367947121371779
0.0745303753200788 0.12421729220013136 0.1056354961590544 0.1490607506401576 0.0931629691500985 0.15527161525016417 0.11179556298011822 0.186325938300197
0.07139867651839453 0.12632073537869803 0.08924834564799318 0.15790091922337254 0.08567841182207345 0.1728737935638295 0.10709801477759182 0.18948110306804702
0.09535873861785435 0.0769763311734487 0.1907174772357087 0.1539526623468974 0.09255233742292039 0.08023932757882511 0.17164572951213783 0.13855739611220763
0.0737302702521206 0.12288378375353434 0.10394100329542831 0.1474605405042412 0.09216283781515075 0.1649004833710425 0.11059540537818091 0.1843256756303015
0.08393430906452856 0.148499162191089 0.0802166587550514 0.12946080806402632 0.10931730800706382 0.20541058398928716 0.08780820025212219 0.15535296967683157
0.09598156553634553 0.0755854828598721 0.20635532465118447 0.1511709657197442 0.08367623662142942 0.08808787868981409 0.16735247324285885 0.13179007267875137
0.09061401608983424 0.15102336014972373 0.10939219993113289 0.13592102413475135 0.1132675201122928 0.21628849700035072 0.10194076810106353 0.08155261448085083
0.0678664819147758 0.12007146800306488 0.09367346781179932 0.1500893350038311 0.09022718012083165 0.19616514226893614 0.10179972287216371 0.1801072020045973
0.10584987235469137 0.08335677447931947 0.14690569048736343 0.10002812937518335 0.13231234044336423 0.1477372226090618 0.15877480853203707 0.1250351617189792
0.07726121738554503 0.11685540513465334 0.10501948945262535 0.14022648616158398 0.08764155385098998 0.19254287569143447 0.10516986462118799 0.17528310770197997
0.08022890537858622 0.1419434479774987 0.07695811960483104 0.12374557003166554 0.10433279294387832 0.24036470209102057 0.08393177793452096 0.14849468403799865
0.11994908194336024 0.09682636735186911 0.16117095352737099 0.12103295918983638 0.11892038326226226 0.13822787426816785 0.1349427171862803 0.10892966327085275
0.08930947953276774 0.0720931943216318 0.22757795033075737 0.1441863886432636 0.08964515872810205 0.08666301550555836 0.16075706315898194 0.12976774977893724
0.09786011598909822 0.07090762920220862 0.2499847683955805 0.14181525840441725 0.085339567013342 0.0734635253167712 0.1569953206593467 0.12363381501923555
0.07614363272487727 0.11571326954974796 0.12934383636335658 0.13885592345969755 0.09410550928008043 0.16812598170284518 0.10414194259477318 0.17356990432462194
0.06647358473007355 0.11760711144551472 0.1065494771286204 0.1470088893068934 0.0870958221462427 0.19914407097927278 0.09971037709511033 0.17641066716827208
0.09699511170725389 0.07168289225664137 0.2248390747495271 0.14336578451328275 0.08617426772134812 0.09324549652301695 0.1587118167994013 0.12498555572952853
0.0584944180048979 0.10349012416251167 0.07627643341044121 0.09022215952629223 0.1344289190228375 0.2546533595298437 0.10199026729059121 0.18044431905258446
0.08807286390484047 0.07109496242920857 0.20649004247656658 0.14218992485841714 0.09814635297575158 0.10750376595392735 0.15853115502871284 0.12797093237257542
0.06596497089565685 0.11670725620000826 0.12496493357328718 0.14588407025001035 0.09274216652669039 0.17972826191084934 0.09894745634348527 0.1750608843000124
0.08754349934491842 0.07066764404951247 0.22964340664139404 0.14133528809902493 0.09154933987062824 0.09448076388454629 0.15757829882085317 0.12720175928912245
0.10904906850355366 0.07897056948925958 0.18947834302259195 0.0947646833871115 0.13681290251862327 0.12204844648447621 0.15042013236049445 0.11845585423388938
0.06518949033322478 0.11533525212801309 0.12268502085956062 0.14416906516001637 0.0971734014334561 0.18466065639387227 0.09778423549983718 0.17300287819201962
0.13513697638623365 0.09552192863641412 0.19018437811859754 0.11462631436369695 0.11599861916591457 0.12170510834489631 0.12689604194922902 0.09993063303501785
0.08793413563005223 0.11188526855405158 0.1199146825002972 0.1342623222648619 0.09389667193583476 0.18358227458517853 0.10069674169864642 0.16782790283107735
0.06506227831391488 0.11511018470923402 0.10707080722851793 0.14388773088654253 0.09091307368864146 0.20769723063842577 0.09759341747087233 0.17266527706385104
0.10251484496372537 0.07041704968431327 0.22712510143483364 0.14083409936862654 0.08508962049680671 0.09533170117409485 0.15590913727418157 0.122778445603418
0.07206632471909333 0.1154908102304784 0.1313109095267486 0.144363512788098 0.09019506210749927 0.17542104356522015 0.09791612171714473 0.1732362153457176
0.06944029279954986 0.1145367016346201 0.10924096265265866 0.1431708770432751 0.09007434424777348 0.20462456561040596 0.09710720355978661 0.17180505245193012
0.10298896752636683 0.0701140862167792 0.22999133523759363 0.1402281724335584 0.0846770676074096 0.09451181812035138 0.15523835124919771 0.12225020160874323
0.07684507097352375 0.11470530587566188 0.13158137681703963 0.14338163234457738 0.08965121766259239 0.17452728687939884 0.09725015063371335 0.1720579588134928
0.111547893847199 0.07920008311287605 0.1659834279831243 0.09900010389109505 0.13654405783581647 0.14175400496575324 0.1471703036948219 0.11880012466931407
0.10500790743675563 0.06728272200143418 0.24292090760850177 0.13456544400286835 0.09373467401228447 0.0853490174696897 0.15003042786588452 0.1211088996025815
0.10156573056402687 0.06591706880307593 0.27510485652913474 0.13183413760615187 0.0860401986522899 0.07390205893740276 0.14698522506238126 0.1186507238455367
0.11965412057038179 0.07632372844770588 0.20599188844505834 0.09158847413724706 0.1319158056491905 0.11466185970227515 0.14537853037658263 0.1144855926715588
0.08720935469734262 0.11085650574999856 0.12613695238567185 0.13302780689999824 0.0945283766502511 0.18218538981674118 0.09977085517499869 0.16628475862499778
0.07665241438212275 0.11298302997075853 0.10824910444095501 0.14122878746344816 0.08968650428489248 0.20593565430908564 0.09578996019259962 0.16947454495613778
0.10085174412582827 0.0692417940090223 0.22388044340181734 0.1384835880180446 0.0896536695791814 0.09885466560586685 0.154398866043999 0.12463522921624015
0.10136060774690255 0.0663290859443864 0.2696898214703073 0.1326581718887728 0.08599871074966862 0.076667285707659 0.14790396179240786 0.11939235469989552
0.11707618885866343 0.0764225800111971 0.2107366250933182 0.09552822501399637 0.13150290161060446 0.11209048683730477 0.14200912255811998 0.11463387001679563
0.12311409858244635 0.07589327844994341 0.1899889664525399 0.09486659806242925 0.1402871755702037 0.12098439555053789 0.1410255696569844 0.1138399176749151
0.10971716567594682 0.06588695418544803 0.25417092220593196 0.13177390837089606 0.09257511154657035 0.08036134652161017 0.14691807395979006 0.11859651753380646
0.10511384497501736 0.06503809893431424 0.2805511131760366 0.13007619786862848 0.08487817659856788 0.07224873692109453 0.1450252534445753 0.11706857808176563
0.13841818894642313 0.08642639760525696 0.24374469883817346 0.1080329970065712 0.11147558726971536 0.09422370352957449 0.12044872949837117 0.09722969730591408
0.11237415193347132 0.06471159347069923 0.27958112752048986 0.12942318694139845 0.08648843753130021 0.07131424378738693 0.14327678814839387 0.1128304706668602
0.08426231308616493 0.11273866480379438 0.1450540751890743 0.140923331004743 0.0887293272746326 0.16360151040659532 0.09558278102930394 0.16910799720569158
0.10563768157079659 0.06838898973277605 0.24467425830287354 0.1367779794655521 0.0877928231481344 0.08606708090094424 0.15141884580639056 0.11924234107253258
0.08495673735290248 0.11099129738684241 0.1362408962326571 0.1331895568642109 0.09660262772173839 0.17163977071322686 0.09989216764815817 0.1664869460802636
0.06761090296071934 0.09649917636490526 0.06625530062753207 0.0841274870873533 0.1335719370357094 0.28857958417206575 0.09510063757700808 0.1682549741747066
0.10106121251783497 0.0682215756697961 0.20223171142116245 0.1364431513395922 0.10321959646903703 0.11389998495802578 0.15212393141891847 0.12279883620563299
0.10512345474041622 0.06582700552039994 0.2597313019595775 0.13165401104079988 0.09339580392701329 0.07899541549077847 0.14678439738429477 0.11848860993671988
0.12141435026029841 0.07523485664324402 0.2057547220529986 0.09404357080405501 0.1396045905775007 0.11129354033757619 0.13980208435946087 0.11285228496486602
0.084603530323478 0.11044861400542955 0.1261529994123959 0.13806076750678695 0.10472635134336375 0.17669360017840685 0.09364121622199463 0.16567292100814432
0.10408315487726325 0.06774300796816703 0.22943333080283318 0.13548601593633405 0.09799094277265531 0.09226933642774575 0.1510567968723008 0.12193741434270065
0.10475000036804809 0.06509439741922282 0.2701686770948448 0.13018879483844564 0.0930048755315094 0.07447254873016568 0.1451507906631625 0.11716991535460107
0.0948652117872118 0.12880926121240133 0.16386581513364254 0.16101157651550166 0.0831525572761947 0.14147927028799362 0.08190588892310302 0.14491041886395148
0.1071298669296327 0.06779784163692974 0.25239914896996635 0.13559568327385949 0.08631359215095802 0.08244225040149233 0.15010999532148872 0.11821162131567238
0.08324590118948229 0.11222995727323322 0.1383212882262575 0.14028744659154155 0.09503742065476967 0.1673815646406029 0.09515148551426296 0.16834493590984984
0.10303117659839214 0.07490575291538125 0.233437195806963 0.13389288509752192 0.09503335473340492 0.08991546338318045 0.14928057487738638 0.12050359658776975
0.10422750520971384 0.06976180932959514 0.27103090434348326 0.12918194122208207 0.091863318414673 0.07364255036133201 0.1440282240192467 0.11626374709987386
0.10306357756778198 0.06837290593010158 0.2853089655761557 0.12719976841393302 0.08992599620915794 0.06983074546882564 0.1418182492615044 0.11447979157253971
0.10226031294310851 0.0678952905850153 0.2906978138317152 0.12646450607642942 0.08905554398173572 0.06880999048769774 0.1409984866255116 0.11381805546878648
0.10187793243871282 0.06772181414062374 0.2927323150909667 0.12619367548960536 0.08870316859143225 0.06850025557557377 0.14069653073244062 0.11357430794064484
0.10171643671282736 0.06765763533518847 0.2935013928923805 0.12609305234907145 0.08856632329111935 0.06839706886531371 0.14058434343993487 0.1134837471141643
0.10165171377380776 0.06763365278401268 0.2937924247972485 0.126055370641306 0.08851406802248162 0.06836060525612388 0.14054233114784415 0.11344983357717542
0.10162643615406303 0.06762463599383911 0.2939026348335907 0.12604118559547023 0.08849424219694602 0.06834728230984498 0.14052651588032278 0.11343706703592321
0.10161669604800298 0.06762123353811328 0.29394438919113725 0.12603582898647425 0.08848673570234931 0.06834232678505682 0.14052054366103922 0.11343224608782683
0.09342337767782223 0.13626019887143362 0.16891763437450563 0.15873081634668815 0.08135245229806627 0.13771210957788882 0.08074567614157616 0.14285773471201932
0.10664572539308691 0.067696296272833 0.25471357836170155 0.135392592545666 0.08593859954622396 0.08169347448324475 0.1498851655369196 0.11803456786032418
0.08267352404892672 0.11922493084882649 0.13811149233714243 0.13895595242178188 0.09423258548877288 0.16580598682755074 0.09424838512086076 0.16674714290613823
0.0774249452202501 0.12420959148461948 0.10960969614459717 0.13785129743611763 0.09506271085263829 0.19692106106872148 0.09349914086971457 0.16542155692334115
0.10265934421931357 0.07643841568702942 0.22140372530310395 0.13509357854758144 0.09615894611021622 0.09604251096971816 0.15061925847021393 0.1215842206928233
0.10469846866035488 0.07015514778947017 0.266314740985984 0.12972364064169098 0.09271760058272227 0.07500694631547491 0.1446321784467808 0.11675127657752188
0.10345282383874328 0.06848754867399705 0.28344671186476217 0.12736322980869655 0.09045994120078517 0.07016234126713472 0.1420004965180542 0.11462690682782689
0.10252070938063061 0.0679143305284412 0.2899221502808072 0.12648150379778117 0.08942125606209404 0.06888925871591074 0.1410174378163321 0.11383335341800303
0.10206735448782282 0.06770612246423717 0.29236865152142105 0.1261565689080446 0.08899623578719462 0.06850899515089146 0.14065515966314823 0.11354091201724013
0.10187405558723102 0.06762913522197904 0.2932939963177951 0.12603591461086402 0.08883028674446691 0.06838364924204235 0.14052063912584392 0.11343232314977762
0.08154787154611555 0.11869105797337416 0.14702214904546734 0.13825713386799737 0.09481348024309766 0.1599853428414485 0.09377440384090258 0.16590856064159681
0.10245675241933946 0.07510517125588391 0.2369361000209029 0.1334125234864832 0.09492812236148779 0.08834505178910826 0.14874500752895958 0.12007127113783486
0.1209057616145362 0.08086112738040833 0.19759956549866417 0.09355704856198513 0.14232226808583986 0.11340693421442727 0.13907883636975701 0.11226845827438214
0.10863350659896526 0.06986109572942346 0.25445831471022884 0.12838564906671168 0.10232131118247906 0.07765262086135453 0.14314041769079647 0.11554708416004053
0.12180055695853716 0.07981424454377142 0.2025747408613141 0.0927819743823429 0.14398119595036557 0.10978228150035961 0.13792663654449777 0.11133836925881146
0.10860693837339655 0.06961283960257826 0.25633223142521605 0.12804858894265436 0.10254728091889032 0.0768437698826624 0.14276462080621313 0.11524373004838892
0.08288544234506982 0.11900717342127708 0.13831430156528238 0.1383718345567765 0.09810222071051078 0.16342062510313815 0.09385220082981363 0.16604620146813176
0.11717662382218359 0.08564812854945787 0.16580274443166845 0.0950577544773395 0.14571834900455188 0.13521735783537928 0.14130973650661216 0.11406930537280738
0.09647026499101219 0.13783744680785542 0.1337851077121014 0.15760073355063972 0.09240815875256177 0.159886820053624 0.08017080793662978 0.14184066019557576
0.07991980396710618 0.12617821160201026 0.1085081515641029 0.13755584200540935 0.09502221555318086 0.19445001988933464 0.09329874501236461 0.16506701040649122
0.07658405922089775 0.12434680295169045 0.10227127262124219 0.13709401562690215 0.09521019437742216 0.20699533019827257 0.09298550625129015 0.16451281875228257
0.11582394535447516 0.08633829151533284 0.15374782569428996 0.09534219661510092 0.14521560228426175 0.14738892374970106 0.14173257884871718 0.1144106359381211
0.09616000265465632 0.1378408433302292 0.1304344463055421 0.157502535568193 0.09224951299879001 0.16393952208130871 0.08012085504990688 0.14175228201137366
0.13822624516577442 0.10921001757449975 0.1865940617458665 0.10827168983531896 0.12328057301394235 0.1162580376232835 0.12071485418952727 0.09744452085178706
0.09987395716657023 0.15030119551085266 0.13787630766685047 0.1550521370311178 0.08699021596161371 0.15148491536698555 0.07887434796800341 0.139546923328006
0.10632827067896693 0.08483597835711709 0.23132173359594033 0.13208601869815254 0.09284634244041344 0.08643818571820694 0.14726605368286558 0.11887741682833729
0.10487216334649033 0.0744925915885283 0.26938113339760555 0.12837116871845358 0.09148795889389201 0.07273665902531042 0.14312427318311166 0.11553405184660823
0.1374017023789672 0.09620822180016 0.2365142196373169 0.10532499197807584 0.11986469772554037 0.09246416771814524 0.11742950598152634 0.09479249278026823
0.08670748701764443 0.12789674398580958 0.1316796118904698 0.1346299646674585 0.10008630163466767 0.16612969629811478 0.0913142369048849 0.1615559576009502
0.10345572395668423 0.08232112477320853 0.22903307899448838 0.1326029186109612 0.09606927846075641 0.08933288994300917 0.1478423585110269 0.1193426267498651
0.10427983450514358 0.07425348481123316 0.26851283068317416 0.1284900782175816 0.09226357917113127 0.0733022738151164 0.14325684840079622 0.11564107039582346
0.10301425300830876 0.07219894327415378 0.2836794224024786 0.12651681804584564 0.09015499270796327 0.06951362375245647 0.14105681056753236 0.11386513624126106
0.10216101987758928 0.07154234514841959 0.2894453871938627 0.1257587196243958 0.08921727654380086 0.06848081654785076 0.14021158740212486 0.11318284766195623
0.09313342368381942 0.14305395380475738 0.1668304039475177 0.15731981245036358 0.08131039108822075 0.13673627922567858 0.08002790459431539 0.1415878312053272
0.10386275956991863 0.0832778725677566 0.24359971511142348 0.13108881787777152 0.0908848158357784 0.08315183376124481 0.14615424918611242 0.11797993608999438
0.08163595480424803 0.1274640092582822 0.13469430932198026 0.13760900681911545 0.09505001440026421 0.1650810925880321 0.09333480462513917 0.1651308081829385
0.10230984195517749 0.08234837542292113 0.23067648663385626 0.13281501169417254 0.09504224158328678 0.08919570571486503 0.14807882647096546 0.11953351052475526
0.10397755815393118 0.07423738035989272 0.2692093113537341 0.12846062145271944 0.09201855931698337 0.07325800374905068 0.14322400630624094 0.11561455930744752
0.10292346102586254 0.07218247062336144 0.28395521022049425 0.1264907251671363 0.09008656947507682 0.0694921918826448 0.14102771895500119 0.11384165265042266
0.10213140777300733 0.07153367802735586 0.28955180598903263 0.12574640881513138 0.08919619311970617 0.06847087657363622 0.14019786176851215 0.11317176793361827
0.10174397047518811 0.07130727565268731 0.2916760218018181 0.12547080955534068 0.08883010137218902 0.06815750338201568 0.13989058916095445 0.11292372859980662
0.10157786871687152 0.07122473611664787 0.29248335324534974 0.125368071077563 0.08868642542270369 0.06805223802577447 0.13977604342528294 0.11283126396980672
0.10151060413026154 0.07119400834085325 0.29279053310227465 0.12532944673675145 0.08863112368677432 0.06801480177231703 0.1397329801676915 0.11279650206307629
0.1014841163547793 0.07118244444157655 0.2929074975288245 0.12531484050002556 0.08861000215197469 0.06800104726903655 0.1397166953037598 0.11278335645002299
0.11892350727104592 0.08341800819268935 0.21458046861466118 0.0917861044444755 0.13845086620684177 0.10625151094184472 0.13644620899507107 0.1101433253333706
0.10720204609058419 0.07363809858441472 0.2605222158458716 0.12679213660720964 0.1007165699418596 0.07565223976627951 0.14136377021729193 0.11411292294648867
0.12086988671515203 0.08404092273727727 0.20397166227453892 0.09211410492075 0.1428945561628699 0.10863813755157599 0.13693380373293584 0.11053692590490001
0.12373240081075755 0.08471640126910258 0.18342949941777725 0.09107936820676395 0.15579417461127676 0.11655731572585154 0.13539559811035357 0.10929524184811674
0.1245156198949163 0.08478968176358118 0.17632650523949003 0.09103819865060891 0.16008055211672467 0.11866920715393875 0.13533439680000967 0.1092458383807307
0.10966229735739604 0.07455379206779401 0.24457498928663707 0.128060288353736 0.10649465281570829 0.07862205582388748 0.1427776647764788 0.11525425951836242
0.08265989303031687 0.1254789582893449 0.13493362058758476 0.13734931234710812 0.0984786779047535 0.16312169899762805 0.0931586640267342 0.16481917481652975
0.10250916462062094 0.08205761277015212 0.23068723806945843 0.13273165299602596 0.09575304649545838 0.08881690960853052 0.14798588774333044 0.11945848769642337
0.10401516726447418 0.07419331164710417 0.26919368139611644 0.12844294572835935 0.09216229685101568 0.07318964676474335 0.1432042991926633 0.11559865115552341
0.10293115859784857 0.0721754865403388 0.2839446983817607 0.12648719140199713 0.09011609249290976 0.06948312125276283 0.14102377907058483 0.11383847226179741
0.08140092777264636 0.12495440989605885 0.144231325709347 0.13728430272427178 0.09479337136540399 0.15947992871972683 0.09311457054341911 0.1647411632691261
0.0884803113657624 0.15558026617269838 0.127296633877432 0.1574075700349209 0.08219439152765413 0.16730146749407834 0.08007254649602498 0.14166681303142878
0.11816022454980489 0.09756831440308655 0.16126355316633928 0.09427103023423743 0.13968329281248107 0.1357881304734131 0.14014021807955293 0.11312523628108491
0.1238504454703216 0.08728186576615707 0.16978324214696697 0.09184263618976256 0.155796349850065 0.12470404991766311 0.13653024723134852 0.11021116342771506
0.10980391923443027 0.07508519316719078 0.24203151447374077 0.1284675771166863 0.10584138112468852 0.07991783412576119 0.14323176135248458 0.11562081940501767
0.09504465829984662 0.14437003867343626 0.15440152334260235 0.15789797847493034 0.08477211803788122 0.1410834874066188 0.08032201513724718 0.1421081806274373
0.07903426406644315 0.13854192693431885 0.11246528139720731 0.1360538276536454 0.09256950456032621 0.1857906147516469 0.09227998745203778 0.1632645931843745
0.11571619984493713 0.09530066811334613 0.15632481418476282 0.09447293345097862 0.14339889074421922 0.14097861274867918 0.14044036077190256 0.11336752014117435
0.10857584959384282 0.07665595448580892 0.23704409011116462 0.12953394214447347 0.10382038778755316 0.08336854916814329 0.14442067877898757 0.11658054793002613
0.1050066257175626 0.07318076086175182 0.27125134441452586 0.12774999846390403 0.09348580867986757 0.07191874853959657 0.14243171470527805 0.11497499861751362
0.10305164687096234 0.07196608444758185 0.28465819567815986 0.12631920212579942 0.09029666266947789 0.06918444273066172 0.14083648356413755 0.11368728191321949
0.13631627998550006 0.09541074900855794 0.24175891498318083 0.10485943755041616 0.11907580339170434 0.09129487374771267 0.11691044753755354 0.09437349379537453
0.11015077925800068 0.07420044215930069 0.27081262798593586 0.12512116277722007 0.09541912207255462 0.07218606015109681 0.13950075909639312 0.11260904649949807
0.13865516806526976 0.09582986594264292 0.2365509609529779 0.10491288478724836 0.12061501263447921 0.09204447409083681 0.11697003721802168 0.09442159630852351
0.11086721715363011 0.07435764574230619 0.2686924366648423 0.12530231357926877 0.09588637375563651 0.07241920216101333 0.13970272872196088 0.11277208222134191
0.08283028704574934 0.12530333393987783 0.14057805839419485 0.1371477511877504 0.09602102334807364 0.16052029167953577 0.09302195297951768 0.16457730142530047
0.10236940036588126 0.08189017161312723 0.23305081686570758 0.1324901387997482 0.0950425396302716 0.08819919036756256 0.1477166174379282 0.11924112491977337
0.10389887435970856 0.0741115069927288 0.2701198172309597 0.12833140015527078 0.09193652432164501 0.07302368259697747 0.14307993420296608 0.11549826013974371
0.10287102308971635 0.07214151791368802 0.2843003445600608 0.12644273454577784 0.09003973813687427 0.06943196766910648 0.14097421299357618 0.11379846109120005
0.08138782671322263 0.12494357256200408 0.14431328272365188 0.13727927709661003 0.09477447207829266 0.15945527445345534 0.09311116185683116 0.16473513251593203
0.10191675969104219 0.08176582935989832 0.23465177602017587 0.13236388161856202 0.0946753008706988 0.08792310887983361 0.14757585010308333 0.11912749345670583
0.09091395388931749 0.0649024771463116 0.2372825403746388 0.11240554969068096 0.10728143073143175 0.08522898929713325 0.167098399241669 0.13488665962881716
0.11738197461280232 0.08362432680312247 0.19721786231218755 0.09312706068106597 0.14627841283736917 0.11217825943118584 0.13843963050498762 0.11175247281727914
0.10745668852354341 0.07411263315131908 0.25357424586013605 0.12759920527777496 0.10300784586616657 0.07714650501509515 0.14226359155596702 0.11483928474999748
0.10412430453721158 0.0724213120648184 0.2776240512710071 0.12691982568142057 0.09276126476354864 0.07041526456271331 0.14150613400600173 0.11422784311327852
0.11991891063118122 0.08379811733338546 0.20969347231513602 0.09203484049658135 0.14014306907154625 0.10715380971359283 0.13681597184267913 0.11044180859589761
0.10760441402852189 0.07379953241905281 0.2585429788993887 0.12699649132957166 0.10123690294146238 0.07593122770301496 0.14159161048237318 0.11429684219661451
0.10397956972727881 0.07225206699305814 0.2795392718813405 0.12667804344946357 0.0922227129202946 0.07008153106322731 0.1412365648608198 0.1140102391045172
0.1025096275231994 0.07163367841727612 0.2878191947326941 0.12591071593639555 0.08976340762155065 0.06866267947913199 0.1403810519469962 0.113319644342756
0.10188964501742574 0.07135995369936289 0.2910077364494278 0.12554526251308906 0.08900070426243079 0.06823236314383054 0.13997359865265302 0.11299073626178016
0.10163490596278331 0.07124709641757254 0.2922267269066313 0.12539752736765458 0.08874317899412733 0.06808390472983733 0.13980888499050442 0.11285777463088914
0.08111529910262057 0.12467496183338059 0.14614567707112897 0.13716834091397778 0.09443238451848814 0.15882540927849784 0.09303591818513277 0.16460200909677333
0.10178815459624432 0.08168261339766339 0.23541036980291977 0.13227919989960005 0.09454287682834482 0.08776406925961579 0.147481436305972 0.11905127990964005
0.10368074101573868 0.07402749081238759 0.27105046958294293 0.12822485358053878 0.09175862098177946 0.07289431308075082 0.1429611427233768 0.11540236822248488
0.10278720054848028 0.07210762632295432 0.28465907035542015 0.12639890669813494 0.08997342392219534 0.06938940791030417 0.14092534821418928 0.11375901602832146
0.1020744532695286 0.07150560338930026 0.28981905139222497 0.1257108369847134 0.08915082296205182 0.06844127688372861 0.1401582018322103 0.11313975328624205
0.10172123657505829 0.07129628335197655 0.2917767112449029 0.12545646975644711 0.08881280940390471 0.0681510655315855 0.13987460135532237 0.11291082278080242
0.101569030758898 0.07122010905342328 0.29252059887355475 0.125361730727311 0.08868023437932013 0.06805376414500064 0.1397689744079124 0.11282555765457988
0.08110090489370171 0.12466549629730207 0.14621270781422843 0.13716335238593566 0.09441573619919794 0.15881324488474635 0.09303253466176506 0.16459602286312278
0.11586564944693355 0.09298134589082485 0.1675093089682497 0.09411167457235117 0.1434905699616223 0.1332041164880302 0.13990332518516682 0.1129340094868214
0.14171308728356116 0.09963082391334586 0.1977840699735819 0.10560830543674259 0.1354920361796132 0.10697882297494267 0.11774537934514435 0.09504747489306833
0.08735559615029093 0.12838784924712218 0.12234012197379071 0.13440917957557283 0.10342652616988855 0.17162522437617198 0.09116448701647548 0.16129101549068736
0.07730798435206263 0.1347154029992188 0.10465981654841978 0.13551801729110566 0.09630849414001358 0.19695209567023336 0.0919165682496195 0.16262162074932676
0.07518248889480057 0.13549974695077116 0.10021823154690984 0.13506459865420115 0.0943804116096027 0.20596797182799775 0.09160903213067557 0.1620775183850414
0.10178595688630229 0.08423329575727151 0.21601245490472623 0.13417185303681523 0.09590020504894735 0.0975499633216083 0.14959160331119548 0.12075466773313372
0.0934840521485212 0.1469397396954153 0.1474778953041001 0.1584654058051083 0.08299955257891319 0.1474038262903112 0.08061066295303335 0.14261886522459744
0.10462779100023879 0.08430680117995672 0.2356773874528145 0.1319894370445403 0.09185624972539629 0.08559346791029307 0.14715837234667403 0.11879049334008628
0.13849519830323384 0.09866667192915277 0.22492747662298782 0.10635723761408107 0.12101036703954603 0.09624115180590974 0.11858038283241576 0.09572151385267295
0.11130027239839077 0.07504351673979438 0.2641755689288574 0.125913660752029 0.0963855478898907 0.07347480341754656 0.14038433519666518 0.11332229467682613
0.08292954780816925 0.12548678248425596 0.1395270352687864 0.13720470620789607 0.09615636609408328 0.16098933134632581 0.0930605833410078 0.1646456474494753
0.1024290367383345 0.08194136180614434 0.23261409821295387 0.13253772045503667 0.09510508768637363 0.0883190792589189 0.14776966743270506 0.119283948409533
0.10392838441234002 0.07412902506418423 0.26994874331997015 0.12835187982277838 0.09196361545675395 0.07305889257956917 0.14310276750390363 0.11551669184050052
0.08163906612168742 0.12547645059377993 0.14096381995024154 0.1374482389541062 0.09527452756731199 0.16103424799472568 0.09322576207321988 0.16493788674492746
0.10209095351779743 0.0819227995907745 0.23326321105463207 0.13251632186806037 0.09488973216885585 0.08830648251348955 0.14774580960513597 0.11926468968125432
0.10382934162012876 0.07411341565596391 0.2702117467035701 0.1283282737414362 0.09190105879522084 0.07304426863153249 0.14307644848485498 0.11549544636729259
0.10285189483094169 0.07213976492833442 0.28433698741916197 0.126439088728918 0.09002988511895192 0.06943705093781241 0.14097014817985332 0.11379517985602618
0.10210084571503077 0.0715176653620933 0.289695905734935 0.12572598265870671 0.08917266364236481 0.06845846436559475 0.14017508812843868 0.11315338439283604
0.119158977680034 0.08351512337904728 0.21356565842167208 0.09184665529798972 0.13871579117650917 0.10644558578149181 0.13653622190566828 0.11021598635758764
0.1072925345569524 0.07367351821340622 0.26011122425229405 0.1268338280090367 0.1008072142802677 0.07572098246087948 0.14141025301903046 0.11415044520813303
0.09437204616365344 0.1437936690094277 0.15911054543630265 0.1575981335022068 0.08367762421408696 0.13944017621903967 0.08016948530329651 0.14183832015198614
0.10440841588215176 0.08356456832237773 0.24039467742722512 0.13140433258922735 0.09162015836135057 0.08383792354385132 0.14650602454351164 0.11826389933030458
0.08174615533626194 0.12754042643389765 0.13394883723914075 0.13763390785379082 0.09522756317153877 0.16539072651824985 0.09335169402257117 0.16516068942454895
0.10235957879133212 0.08237562386684602 0.23035997447953238 0.1328434282219961 0.09510341660200507 0.08928838385963953 0.14811050877885235 0.11955908539979648
0.08135528703852801 0.1272985189402845 0.1315584064009132 0.1376676949669158 0.09600109588039442 0.16754315231336578 0.09337461049929942 0.16520123396029895
0.1023398538052179 0.08240677740615011 0.22935671409168085 0.13294258027611502 0.09534543832306554 0.08973925792947915 0.14822105591978793 0.11964832224850351
0.10403105784706755 0.07427790725652539 0.2686911388061811 0.12852067603321418 0.09212555838858949 0.07339409055672216 0.14329096268180744 0.11566860842989277
0.08166270357507696 0.1255174027326432 0.14067038966596176 0.13746255067683774 0.095316518406083 0.16117990497646745 0.09323546915472473 0.1649550608122053
0.10210656599688452 0.08193579890982057 0.23314133801558343 0.13252957075828026 0.09490807696424412 0.08834145454372683 0.14776058112900797 0.11927661368245221
0.1203976625424451 0.08593877451706211 0.19578165001358444 0.09300073323809688 0.14208896104947125 0.11293950247728897 0.13825183627633508 0.11160087988571625
0.1422647054392026 0.09783443356102721 0.20783025241105066 0.10487367315968683 0.1342533752918384 0.10163093511394476 0.11692631917953143 0.09438630584371814
0.08750055244629427 0.12805171209386207 0.12476651017042094 0.13442713335797793 0.10319530930687104 0.1695695582304587 0.09117666436454157 0.1613125600295735
0.11758564268996001 0.09340879591652582 0.1599797214214931 0.09401270446961799 0.14635784613853683 0.13608384452011654 0.13975619948020826 0.11281524536354158
0.12356146006605297 0.08659318108686341 0.16917065446300844 0.09172314921572128 0.15786361438668628 0.12466753990361044 0.13635262181919164 0.11006777905886553
0.10973643544062943 0.07499885319446671 0.24174360175905008 0.12846116386523937 0.10630009414232966 0.07992019306384725 0.14322461105572207 0.11561504747871543
0.10505584242917798 0.07280882510452076 0.27296964355658276 0.12742786346094215 0.09381392920810441 0.07116626090892282 0.14207255821690118 0.11468507711484793
0.12026020822743373 0.08391770892080312 0.20820818518221648 0.09211338468931388 0.1405919699028848 0.10743974838963916 0.13693273306053227 0.11053606162717666
0.10773605292768278 0.0738491113345408 0.25794040014744285 0.12705855011884842 0.10138045480463166 0.07602193415872613 0.14166080140116383 0.11435269510696358
0.08227119142108998 0.12527001085194817 0.13805187582276876 0.13726060498473844 0.09729506444859962 0.1620400291951725 0.09309849729399652 0.16471272598168613
0.1162597132838256 0.09312170084998088 0.1647606029863211 0.0941700753647563 0.14453710944224107 0.1341565657496491 0.13999014188551834 0.11300409043770755
0.09436243117875441 0.06629809278161689 0.20935928142687618 0.11241699874955065 0.12045318839693586 0.09509418993015979 0.16711541903664542 0.13490039849946078
0.10284223431643429 0.07284888818725924 0.2608366776484834 0.12950250528499568 0.09818888918189186 0.07484292159773524 0.14438562902670413 0.11655225475649611
0.09355660460260355 0.14386371902818124 0.15945513886489351 0.15794881278352546 0.08329949577356925 0.13937442311304324 0.08034787432901078 0.1421539315051729
0.13691626240780272 0.10980337124457602 0.197533734030099 0.10791159293667023 0.12026733943433741 0.11013389328307463 0.12031337302043679 0.0971204336430032
0.11199127195130487 0.07717682849156085 0.25335187889977795 0.12725659594461955 0.09716224201012244 0.07664863863509727 0.14188160771735941 0.11453093635015761
0.10519948455861794 0.07279116750331759 0.2775136102756747 0.12691913891583897 0.09151132464588209 0.07033268076278432 0.14150536831362942 0.11422722502425507
0.1028684644416266 0.07175099017504147 0.28704131547399825 0.12600826715917196 0.08967524925310173 0.06875845877335526 0.14048981428044993 0.11340744044325478
0.0813735379712167 0.12483239551709385 0.144950342464691 0.1372378092760712 0.09467510190740999 0.15916240587541833 0.09308303585681353 0.16468537113128542
0.07646365931989588 0.13443432428827018 0.1101815658844685 0.13603636737015543 0.09468922399422366 0.19268307347382488 0.09226814482497499 0.1632436408441865
0.10181448211104449 0.08385857573999668 0.22032416326718676 0.13381311652452438 0.0956939544445717 0.09487226416923135 0.14919163887137268 0.12043180487207193
0.09125652514784294 0.06539804947219612 0.2321498733771323 0.11290620153948058 0.10796970988582971 0.08698954688936157 0.1678426518407801 0.1354874418473767
0.11757883427531393 0.08377343104285256 0.19558898359872087 0.0932231180247568 0.14663083169286098 0.11275463353779003 0.1385824261979967 0.11186774162970817
0.12299016997248527 0.0848109918745826 0.18074637945199395 0.09124074439822598 0.15724424860783578 0.11784307775934386 0.1356354946576613 0.10948889327787117
0.12434193518539871 0.08482707576733486 0.17543869111428814 0.09106671999011161 0.1606038845667608 0.11906483370117904 0.13537679568679278 0.10928006398813393
0.12472123036131388 0.08482968305115512 0.1736092352383316 0.0910639434147275 0.16172947108775182 0.11939703662804928 0.13537266812099788 0.10927673209767301
0.08421821853432061 0.12544025937689635 0.116703447295001 0.13465839961490966 0.10936876641677591 0.1766873060071357 0.09133352321706917 0.16159007953789156
0.10329333939957135 0.08237059371459678 0.22263803759116416 0.1331712997581804 0.09855624590168735 0.09164025277876496 0.14847606107367275 0.11985416978236238
0.10446228897551271 0.07442051326593772 0.26599170719927084 0.12877943831088656 0.09299674752742891 0.07386834693037095 0.1435794633107944 0.11590149447979792
0.09383749955958826 0.14412715939400433 0.16074590007070214 0.1578119575723176 0.08223322556062718 0.13893523934958263 0.080278256678092 0.14203076181508584
0.10424502954627225 0.0835796291594124 0.2411099540414333 0.1313695666002703 0.0912746790011564 0.08372126865091084 0.14646726306030133 0.11823260994024325
0.10404864436190767 0.07409696757230949 0.27323396569376734 0.12793371796024755 0.0908660010811163 0.07204380893313796 0.14263654823329092 0.11514034616422279
0.10279409562360431 0.07205718280696906 0.285488361384453 0.1262907552972794 0.08971312534202518 0.06919003230488226 0.1408047674732354 0.11366167976755147
0.11944202830881588 0.08366228818378027 0.21224540920640142 0.09193314216759065 0.13900397245007057 0.10672859863608264 0.13666479044614968 0.11031977060110877
0.10740660074224785 0.0737243873756623 0.2595806435449372 0.12689278272024115 0.1009123612806504 0.07580373676562609 0.1414759831224181 0.11420350444821704
0.1209423884015462 0.08406494416191607 0.20366893220703983 0.09212833368357619 0.14298034670354892 0.10870609867754125 0.13695495574454014 0.11055400042029141
0.1080373653297929 0.07396113982801071 0.2560710584465713 0.12722084769997125 0.10202830306663559 0.07634077160668824 0.14184175109235597 0.1144987629299741
0.10416470867619373 0.07233124105854849 0.2785733362774365 0.12678682668501845 0.09246511749941749 0.07021277573655706 0.14135785005031162 0.11410814401651659
0.10258604174632506 0.07166714564838407 0.28744747185860736 0.1259547578665782 0.08984381740616919 0.06871132798157696 0.14043015541243867 0.1133592820799204
0.10192008715040392 0.07137307939182658 0.29086519550827783 0.12556200473662713 0.08902875086164681 0.06825281310577504 0.1399922649824783 0.11300580426296443
0.10164662218202324 0.07125196986976158 0.29217189283042855 0.12540353285736083 0.08875315660188243 0.06809406542356258 0.13981558066335603 0.11286317957162477
0.1189820524590099 0.08343762023472101 0.21434563770558238 0.0917979473839261 0.13851549783741268 0.10629989319865088 0.1364638143199857 0.11015753686071132
0.10722313733606811 0.07364486758575546 0.26042515231299523 0.12679945368520215 0.10073888419197617 0.0756770683581178 0.141371928213203 0.11411950831668194
0.10382436749952824 0.07218609893936807 0.2802709317880331 0.12659113939345398 0.09205875495352361 0.06999700864823785 0.14113967332374647 0.11393202545410859
0.08157119041361666 0.12496208302947417 0.14337006668062896 0.1372921277084026 0.09523487439863493 0.15969922659519964 0.09311987792396002 0.16475055325008311
0.07649723879351211 0.13445616865319118 0.10981381693542691 0.13603353189956716 0.09480907019661149 0.1928837136059824 0.09226622163622816 0.1632402382794806
0.10183381700993611 0.08387040771518256 0.22016590406986766 0.13382759988167175 0.09573101922095105 0.09491862547514189 0.14920778673374446 0.12044483989350457
0.1042523309499119 0.07470961696982427 0.26512197632237805 0.12897994819139755 0.09251311942682658 0.07453803790326356 0.14380301686414024 0.1160819533722578
0.10313828974712272 0.07234912448441612 0.2823944410267804 0.12669299696496528 0.09032489875720424 0.06982331483637222 0.14125323691467023 0.11402369726846875
0.11960053104646289 0.08375270065919488 0.21126838840624576 0.09199300117310939 0.13928203322148244 0.10695796920753896 0.13675377487823426 0.11039160140773126
0.10747855533197088 0.07375956525634782 0.2591875139197702 0.12693593217748325 0.10100410992566018 0.07586789288189848 0.14152409154713433 0.11424233895973493
0.1209694932005551 0.08407548036475013 0.2035433878140538 0.09213507558549937 0.1430193861216629 0.10873010817631622 0.13696497803456326 0.11056209070259923
0.1080481562598534 0.07396544528696852 0.25602008329898224 0.12722621822095576 0.10204076109679008 0.07634800061512136 0.14184773882246857 0.1145035963988602
0.1211766153894245 0.0841427958082172 0.20252042850046087 0.09218121059153309 0.14342231473830624 0.10890562144256637 0.13703356081965218 0.11061745270983969
0.12383340489940699 0.08474245352544037 0.1829489199780022 0.09109293064349722 0.155992421528196 0.11666259306979317 0.1354157595834675 0.10931151677219667
0.08408334695520218 0.1254690802998287 0.1189310304733684 0.13470944392476342 0.10812098842234308 0.17566663263972132 0.09136814457505693 0.1616513327097161
0.11663917111860447 0.09304730244126083 0.15795442924379982 0.09401735513137653 0.14801635441775332 0.1377414484882831 0.13976311300127017 0.11282082615765184
0.10868162637914223 0.07628217163780536 0.2375939536741384 0.12935758565857366 0.10472742477761157 0.08271135632187125 0.14422405445814107 0.1164218270927163
0.10499917530268454 0.07311034040273247 0.2714411302180647 0.12770201586545918 0.09365115647567857 0.07178614976766426 0.142378217688803 0.11493181427891326
0.12028883289677599 0.08399448130780322 0.2077422904360743 0.09215513573945602 0.14059083394185365 0.10764746398994607 0.13699479880074358 0.11058616288734723
0.10776092789829828 0.0738715335417269 0.2577562506509064 0.12708211815132323 0.10139688740032717 0.07607129802266209 0.14168707799856484 0.1143739063361909
