Action: 0
[0.09900296602018877, 0.09868432855746355, 0.31851995745707645, 0.09672238739581364, 0.09690319838201675, 0.09672238739581364, 0.09672238739581364, 0.09672238739581364]
[0.26662332554425733, 0.09606666385977643, 0.15697669129708414, 0.09606666385977643, 0.09606666385977643, 0.09606666385977643, 0.09606666385977643, 0.09606666385977643]
[0.18046993683192708, 0.09317037579183428, 0.1924845903335889, 0.09317037579183428, 0.09472864922584284, 0.15963532044130407, 0.09317037579183428, 0.09317037579183428]
[0.125, 0.125, 0.125, 0.125, 0.125, 0.125, 0.125, 0.125]
[0.20383349076310323, 0.09328035706776114, 0.23646090167039566, 0.09328035706776114, 0.09330382222769548, 0.09328035706776114, 0.09328035706776114, 0.09328035706776114]
[0.2019033508385243, 0.12225636158250451, 0.20817951858260197, 0.08844952985605635, 0.11386208261219394, 0.08845009681600617, 0.08844952985605635, 0.08844952985605635]
[0.125, 0.125, 0.125, 0.125, 0.125, 0.125, 0.125, 0.125]
[0.125, 0.125, 0.125, 0.125, 0.125, 0.125, 0.125, 0.125]

Action: 1
[0.0941416574450775, 0.09492010304134475, 0.09193582802749214, 0.09193582802749214, 0.283253805201744, 0.15994112220186518, 0.09193582802749214, 0.09193582802749214]
[0.10185691219185172, 0.10185691219185172, 0.10185691219185172, 0.10185691219185172, 0.10185691219185172, 0.28700161465703794, 0.10185691219185172, 0.10185691219185172]
[0.09427940160263908, 0.09427937235846415, 0.09427937235846415, 0.09427937235846415, 0.12425595126732449, 0.3100677853377158, 0.09427937235846415, 0.09427937235846415]
[0.125, 0.125, 0.125, 0.125, 0.125, 0.125, 0.125, 0.125]
[0.09380876440165743, 0.09380876440165743, 0.09380876440165743, 0.09380876440165743, 0.1309393440138798, 0.3062080695761756, 0.09380876440165743, 0.09380876440165743]
[0.09526901142338352, 0.09526901142338352, 0.09526901142338352, 0.09526901142338352, 0.31509992454827973, 0.11328600691141913, 0.09526901142338352, 0.09526901142338352]
[0.125, 0.125, 0.125, 0.125, 0.125, 0.125, 0.125, 0.125]
[0.125, 0.125, 0.125, 0.125, 0.125, 0.125, 0.125, 0.125]

