0.125 0.125 0.125 0.125 0.125 0.125 0.125 0.125
0.09106475716064757 0.15177459526774598 0.10927770859277709 0.18212951432129515 0.0793897882938979 0.13231631382316314 0.09526774595267748 0.1587795765877958
0.07078850095907666 0.10906238251654031 0.05889368655893176 0.09815614426488628 0.13087485901984838 0.21812476503308062 0.11778737311786353 0.19631228852977256
0.06430745814307458 0.11377473363774734 0.05606291222729579 0.09918822932521563 0.12861491628614916 0.2275494672754947 0.11212582445459159 0.19837645865043127
0.12695731825988454 0.10248361835436465 0.15869664782485568 0.1281045229429558 0.1142615864338961 0.11137525249301303 0.14282698304237013 0.11529407064866021
0.10893310627098209 0.07687095093491 0.19522781189818414 0.15374190186982 0.09398052133638371 0.06701570081504975 0.17019860524457078 0.1340314016300995
0.10198290753363987 0.1543355849833034 0.09847331610389011 0.13890202648497307 0.12586894791035066 0.19291948122912925 0.1041765198637298 0.08334121589098384
0.11873774392104713 0.08763515681211115 0.13570369431726165 0.10954394601513892 0.1302755465445712 0.12380674399098918 0.162844433180714 0.13145273521816672
0.09649130055268565 0.14463876807414516 0.1174541311496888 0.17356652168897418 0.08494301543641122 0.14080321746014113 0.09078864211423267 0.15131440352372108
0.06726991812277802 0.11681688896055782 0.061648025454560884 0.0924269783974993 0.13318696551262196 0.23288489267998422 0.11091237407699917 0.1848539567949986
0.0880011087264235 0.14649163284092193 0.07218428284914993 0.12771065427157297 0.11171758956433571 0.21402080720272845 0.08662113941897992 0.15325278512588755
0.10124910559451199 0.08392182921587693 0.1996218966983499 0.14686486929048448 0.0901484239651786 0.08757238785654402 0.16258544748478543 0.12803603989426854
0.09644227610419716 0.15826922014880163 0.10607929439977862 0.1316846859492286 0.11936705087117346 0.21038314649536183 0.09876351446192147 0.07901081156953717
0.0637789621799035 0.10336099717643908 0.05093150585505694 0.09010958728202383 0.13010494316604979 0.27963181806636533 0.10186301171011387 0.18021917456404765
0.08168275375330838 0.1360210880654995 0.09610185569845073 0.17002636008187436 0.07800818587305751 0.1986443623255169 0.08649167012860565 0.1530237240736869
0.09885164235749393 0.08171903980488415 0.2135889505586718 0.14404623753155996 0.08588838502331225 0.09086186728067348 0.15946510626204438 0.12557877118135996
0.07549384863095365 0.12387047651486424 0.12233846694114388 0.13746833861895022 0.09325924292493352 0.17263294913125418 0.10310125396421267 0.17183542327368775
0.08959759832987875 0.1560590895378681 0.09586583994224816 0.12494452195631196 0.11385052967690355 0.25100731591576836 0.09370839146723398 0.07496671317378717
0.07605597626170299 0.11651101344684353 0.08231756384831336 0.14563876680855442 0.08784831320601438 0.21808076964033002 0.09878107661797603 0.17476652017026528
0.09719883293776166 0.07944474697650762 0.2146362778562835 0.14218158496190844 0.0856734719111439 0.09951104950584592 0.15740085921709032 0.12395317663345863
0.07425924778340762 0.12174192526157938 0.12659099141790778 0.13522483610974265 0.09183887413098066 0.17989445307689667 0.10141862708230699 0.16903104513717832
0.08810608300192538 0.15343118704518244 0.09820858817303608 0.12288671332207958 0.11196184308134875 0.2595085223916203 0.09216503499155969 0.07373202799324774
0.08808893649955178 0.13503741631291524 0.06654017615419013 0.1177249270420287 0.10176516861307026 0.26972525154278126 0.07984821138502815 0.1412699124504344
0.08707502943466673 0.13334705855746473 0.09421259571994792 0.16668382319683092 0.07473588693513447 0.20913882913085433 0.08479133614795312 0.1500154408771478
0.09704385805501373 0.07972987989167983 0.22242260794182797 0.14039463704386126 0.08362583183454159 0.0989652262150646 0.15542263441567056 0.12239532460234061
0.07375609669073882 0.12095081648054115 0.13085726291352034 0.1342216766490273 0.09104659053926234 0.18072420342885556 0.10066625748677047 0.1677770958112841
0.05995123860917463 0.1044362495734769 0.06876765434129138 0.08357286146336707 0.12986853290703862 0.2859703064228768 0.10028743375604048 0.16714572292673413
0.07250665771691049 0.11279890225202957 0.07969487659110785 0.14099862781503697 0.08650996452742064 0.24265876581012058 0.09563385190932944 0.16919835337804437
0.06927607358201009 0.11995742483365562 0.09493899408041777 0.12884057051275216 0.09699428852212377 0.23231150744353626 0.09663042788456412 0.1610507131409402
0.08737588011994335 0.14956131629781466 0.06579080665366399 0.11639911946417475 0.09935838410357035 0.26288658201942633 0.07894896798439678 0.1396789433570097
0.07554245384200159 0.1280587272035954 0.07844849775121494 0.13879349602138027 0.08298137865759889 0.2354850539970947 0.09413819730145793 0.1665521952256563
0.1269529117181058 0.10504317075899683 0.17299747783025998 0.11122280210366689 0.12548495320091393 0.13820700191836657 0.12312821396905735 0.09696346850063266
0.08722541603673821 0.1285648814747858 0.08224632177679718 0.14551272314356425 0.08880485219788166 0.19433495146579927 0.0986955861321566 0.17461526777227707
0.09628893280579036 0.07879332920042885 0.2193545506195809 0.1391395387186175 0.09521908677032058 0.09587023659021995 0.15403318897624727 0.12130113631879473
0.09032178604797843 0.1480387299367044 0.12286452058960269 0.12311154865461311 0.1289035100801723 0.22055931400720133 0.09233366149095984 0.07386692919276787
0.09202182372377553 0.15140438813797658 0.06482599078506739 0.11469213754281155 0.10095177872349749 0.26068212709341676 0.07779118894208087 0.13763056505137386
0.10982432875087036 0.08232505418574493 0.1763935926568538 0.1423900085302314 0.08765117209306375 0.11451060271485915 0.15875423339116843 0.12815100767720825
0.12922329205271887 0.0991644686995972 0.21285944010879546 0.10966101030113837 0.12483284307921706 0.10725779309913748 0.12139924624301844 0.09560190641637703
0.07585551610622573 0.11043481001236219 0.06010022886652044 0.08750684038436421 0.12778279775799323 0.26438535001713326 0.09892077608667259 0.17501368076872842
0.10455083267927479 0.078134977490382 0.1844373463213767 0.14006321632368196 0.09651069779326757 0.11408600097862807 0.15616003372207526 0.12605689469131376
0.10702976619481892 0.08219820582299342 0.1807991887359951 0.0912275187406283 0.15191770834019214 0.12798762843700212 0.1448055853025846 0.11403439842578537
0.0818927289124118 0.12214885001323625 0.10588777735408018 0.14064473537529643 0.09760481375411044 0.18765359162509077 0.09539382051541845 0.1687736824503557
0.0995632153797419 0.07681745939732486 0.2291177813236115 0.13617860527208733 0.09530375836936013 0.09354405659776487 0.15075531393572544 0.1187198097243838
0.0962789398154175 0.14632020134915488 0.12515983212057194 0.12178205030964265 0.12791686392778848 0.21813634455940697 0.09133653773223199 0.0730692301857856
0.11953105865263004 0.08819345086733917 0.14591635173860096 0.09538963917999219 0.1406664645510296 0.15403236258654848 0.14180310540786897 0.1144675670159906
0.0830812214865062 0.12119223138769336 0.09961297559060761 0.1385802693273669 0.10060314259752194 0.1966402624389019 0.09399357397856188 0.16629632319284024
0.13357091771450888 0.10276218493575259 0.18165491907137385 0.10936666312886922 0.1284611512265375 0.1277654760383174 0.12107339182357521 0.09534529606106547
0.10099239631669873 0.14504473608410914 0.08636964448424549 0.1139958388128165 0.11994752687019546 0.2195359340965577 0.07731891675999726 0.1367950065753798
0.1080747452645416 0.07881155609969583 0.19657051049904098 0.13646924174151964 0.10124453683344384 0.10385407172436774 0.15215302027002264 0.12282231756736768
0.14187477374096835 0.09601382235844305 0.21783499545756702 0.1063162657725242 0.1253026501484882 0.10227504067585003 0.11769647655729173 0.09268597528886724
0.10290004085261817 0.1440298404707536 0.09867075468957219 0.11378235335926559 0.11939681188283847 0.20750725678320092 0.07717411793063231 0.1365388240311187
0.10723530919645885 0.07775098030074018 0.20707287803216554 0.13461476231988537 0.1016199314396139 0.10046743851435211 0.15008541410888712 0.12115328608789686
0.08147314285056233 0.12060674592452182 0.12337356360182213 0.1392628955330449 0.09801247027140435 0.1756991345565776 0.09445657262241307 0.16711547463965387
0.10212526376404353 0.07582283844046382 0.23643908739626693 0.13448517787022216 0.0943620651448031 0.0906414587944488 0.14888062019007092 0.11724348839968086
0.09599587882457486 0.14333145459573204 0.10780501472684707 0.11562264809493236 0.11568530668643152 0.2043902015192614 0.07842231783830192 0.1387471777139188
0.1048703852582932 0.07711598916704154 0.2151923771317937 0.13353578790997855 0.10095596905254145 0.0992648441990515 0.14888243816231936 0.1201822091189807
0.10374794318550593 0.07030412576314386 0.26289323921785573 0.12989419569397995 0.09467510120321068 0.07675828420962785 0.14482233460209407 0.11690477612458194
0.10143919723015911 0.06835412740842496 0.28451056136699154 0.12707281140114238 0.09143455090205378 0.07114651976355348 0.14167670166664678 0.11436553026102812
0.0998961526932298 0.06746102651446036 0.29475389732937934 0.125608850938031 0.08979672650933075 0.06939088517028236 0.14004449500105842 0.1130479658442279
0.09904326767958128 0.0670190478730009 0.2997727330892465 0.12487212699143257 0.088977838350927 0.06870696894352217 0.1392231027800002 0.11238491429228932
0.09859721618888674 0.06679608570953322 0.3022868955522741 0.12449876015753177 0.08856673812119231 0.06839859350540602 0.13880682662339736 0.11204888414177858
0.09836732122351667 0.06668231208399068 0.30356472657926326 0.12430775312636684 0.08835848571863775 0.06824855541659011 0.13859386803790452 0.11187697781373017
0.13179171114935645 0.08936951852573302 0.25505190583946596 0.10413443570164321 0.11838179599612986 0.09144751607540544 0.11610212458078728 0.09372099213147889
0.14306962006140228 0.09044937222468093 0.23404814107480534 0.1028341656619064 0.12612899244626408 0.09626653891366699 0.11465242052155834 0.09255074909571574
0.1468502173230247 0.09068935690546973 0.22575881125807817 0.10298534368193454 0.12860484502778935 0.09760364375801454 0.11482097273194791 0.09268680931374108
0.11335410599572093 0.06870854147440707 0.2695221153469754 0.12479103455882691 0.09798666045191405 0.07419292029989233 0.13913269076931897 0.11231193110294421
0.0837459616640801 0.11773870779130167 0.144713806885203 0.1368870981032194 0.09694063408132375 0.16286411155925995 0.09284516219174882 0.16426451772386327
0.07746901264353948 0.12293017736391984 0.11245466589473521 0.1364355789131916 0.09594561409419478 0.19850334200129388 0.09253891439329517 0.1637226946958299
0.10238844603018739 0.07565518119151515 0.2245624397526452 0.13369727224913686 0.09635163551249576 0.09795499909038571 0.14906248114941076 0.12032754502422316
0.12085161504775714 0.08025379547951345 0.19718922413856038 0.09273837635616257 0.14297411531709525 0.11684499688316113 0.1378618251503551 0.11128605162739508
0.14272647860662838 0.09086118265475988 0.21245914518866968 0.10431801582649919 0.1356749497040356 0.10376721105556555 0.11630680271999239 0.09388621424384927
0.14860832234895574 0.09091908900162864 0.21727782565028703 0.10319526686658116 0.13238686344290246 0.09968187109280252 0.11505502141691958 0.09287574017992303
0.11402641144192031 0.068859926921261 0.2658603052726533 0.125029617998398 0.09954761472067389 0.07475077394682896 0.13939869349970643 0.11252665619855823
0.14006855174681102 0.08971619808569258 0.24019815683864182 0.10428822801650682 0.12237520206184571 0.09322066650082403 0.11627359153482178 0.09385940521485613
0.11123972000265718 0.06836753725385644 0.2758441205149035 0.12429637088637685 0.09669732412656802 0.07310701572816246 0.1385811776897366 0.11186673379773916
0.1217166466246062 0.07840876178244245 0.21377075255729372 0.09118295716123137 0.1417191160796767 0.10823262715263532 0.13554959004863648 0.10941954859347763
0.1429838478944105 0.09016697683234356 0.21847680369231162 0.10368463926988866 0.13463525326655806 0.10113566857530905 0.11560063512627886 0.0933161753428998
0.08875787554461785 0.11816148449137075 0.1305240792752698 0.13418588403227819 0.10454181942997548 0.17179276200064372 0.09101303438711043 0.16102306083873383
0.10463306291658103 0.0745572602868981 0.23192834596423387 0.13227662185162675 0.0980242902501305 0.09205289708919243 0.1474785619748734 0.11904895966646407
0.08249553621530124 0.11872480774199004 0.13525569735645282 0.13730676645096637 0.0976588219583431 0.17066044372556613 0.09312980681022068 0.16476811974115962
0.134171882868153 0.10553054774451542 0.19093305476954092 0.10747028038319056 0.12560217968367268 0.11974745974897621 0.11982134245707962 0.0967232523448715
0.09971562831687662 0.14808406475971644 0.14130225753802442 0.15316143504454155 0.08799310235684352 0.15398566435603459 0.07791255608787549 0.13784529154008737
0.14105593915029616 0.10359805903694769 0.19681004080161926 0.10741560125890093 0.1230066259571819 0.11555587733564185 0.1189134861311398 0.09364437032827261
0.08801862082139249 0.12805200149440685 0.12409934891659687 0.13281135220706225 0.10118820565984872 0.1763761050161238 0.09008074323609441 0.1593736226484747
0.10436446473098838 0.08188966352715035 0.22790397954500036 0.1314100302894822 0.09690718855720004 0.09274326903555029 0.1465123770540943 0.11826902726053397
0.10487123187101643 0.07340773024464761 0.27268658729302697 0.12680329639163013 0.09258556333640702 0.0741464115667037 0.14137621254410104 0.11412296675246711
0.10323718885934324 0.071092781347943 0.2908876003646933 0.12445432996477386 0.09005686402405737 0.06950504819673436 0.1387572902741583 0.11200889696829648
0.10212509018306379 0.07029816605418857 0.2981874019762024 0.1234999953711518 0.08887138900449337 0.06817468315559416 0.13769327842126927 0.11114999583403663
0.10157257566748881 0.0700002690553565 0.3011083560870714 0.1231245506846598 0.08836429020176256 0.06774317707337635 0.13727468561409084 0.11081209561619382
0.11904725706121609 0.08210657804189625 0.2219633001047345 0.09030212426099432 0.13809722177138323 0.10588079686456686 0.13424017278201544 0.1083625491131932
0.1075197821958203 0.07240509005746892 0.26783592202998224 0.12458207879466339 0.10090812994395978 0.07572540537691802 0.13889972068599035 0.11212387091519704
0.1039479517884024 0.07093144744614438 0.2885847119749563 0.12433833627855749 0.09189673516502675 0.06976834872593878 0.13862796597027233 0.11190450265070176
0.08206710849065718 0.12348308182544207 0.14884341315356067 0.13561765706471737 0.0954340443750827 0.15982935660376651 0.09198415000911266 0.16274118847766084
0.10222567875739282 0.08078740269563255 0.239258010799943 0.13062063753946435 0.09493626397468888 0.08898116939962922 0.14563226304773114 0.11755857378551793
0.10401743411018197 0.0729720850179192 0.277411862253198 0.1262601382800154 0.09177356672510727 0.07316015737772617 0.14077063178383803 0.11363412445201383
0.10293866422727396 0.07090416985008723 0.2927880876422039 0.12420213245733552 0.08971189822767045 0.06919701950975296 0.13847610887407405 0.11178191921160195
0.102067860081774 0.0702148378725246 0.2989332428726356 0.12338586445915398 0.08872267356968166 0.06806221215936771 0.1375660309716239 0.11104727801323858
0.08167903718182468 0.12324985349924006 0.1514086192055035 0.13550551825074483 0.09462987317033957 0.15901238615181804 0.09190809063963563 0.16260662190089378
0.10203714518472139 0.08068856491642083 0.24039115282600873 0.13050362367816778 0.09466888033940446 0.08875557042016273 0.14550180132476317 0.11745326131035101
0.12070471813013783 0.08470205903645622 0.20171195563012276 0.09161057081062113 0.14196687293901394 0.11318587202212863 0.1361852664587741 0.10993268497274535
0.08429687276356969 0.12446726225395022 0.12559566217264798 0.13330262082999045 0.10610380404710273 0.1758566814172785 0.09041395151947179 0.15996314499598852
0.1034296806221434 0.08138594064921921 0.22855493112275432 0.13131904451761334 0.09811657884280306 0.09259574947117116 0.1464109347084435 0.11818714006585199
0.10470456924394618 0.07330674489053307 0.2729151949117383 0.12672530047480998 0.09292106305808993 0.07408510407611628 0.1412892529174374 0.11405277042732902
0.10328113159054701 0.07105327344440625 0.29093943615464457 0.12439896661084075 0.09020166453332014 0.06947089345036805 0.13869556426611648 0.11195906994975668
0.1022265115563589 0.07027145026575217 0.29816836198166885 0.12345476177990922 0.08897641792377774 0.06815036454793987 0.1376428463426749 0.1111092856019183
0.10168973025197549 0.06997727565396562 0.30106140884047755 0.12308345293280948 0.08846152171992962 0.06772263827353946 0.13722886468777415 0.11077510763952854
0.08159603751970693 0.12315732052595571 0.15192431084183675 0.1354489508969468 0.09464252286738607 0.15882239305477217 0.09186972321705958 0.16253874107633617
0.10200560709125346 0.08065092774109317 0.24059135242268262 0.1304540935567893 0.09474784760193933 0.08869490844942796 0.14544657893570387 0.11740868420111036
0.10392529836717566 0.07290688680657 0.27793940619338575 0.12616832971697692 0.09177682758776694 0.07306348249541014 0.14066827208743543 0.1135514967452792
0.10290939768718531 0.07086986511358088 0.2929788735309959 0.12415043702268116 0.08978094376054871 0.06915661724229225 0.13841847232230273 0.11173539332041303
0.1020668098869207 0.07019366527234248 0.29898777289783696 0.12335154989666097 0.08881516476523009 0.06804086957878139 0.13752777279523246 0.11101639490699486
0.1358900125435401 0.09352570597923991 0.2518725960621857 0.10282612538026016 0.11819978903868245 0.09049880194631384 0.11464345620754376 0.09254351284223414
0.11046145416642103 0.07276989665429799 0.27980761927227726 0.12266884143227902 0.09523844142114592 0.07188518595868833 0.13676660380583944 0.11040195728905111
0.10424964092922684 0.070606401789726 0.2933378294535222 0.12365133198644035 0.09028498677185494 0.0687216028278947 0.13786200745353872 0.11128619878779632
0.12006559095385246 0.08225393822453955 0.21925755456796125 0.09037419697516359 0.13901486905618135 0.10623750013977261 0.13434731371233274 0.1084490363701963
0.08421399630457363 0.12392727269732587 0.13002709231337992 0.13323183244294562 0.10542396270750352 0.1729317060762171 0.09036593852651965 0.15987819893153474
0.1163058175216132 0.09657026121967867 0.16239314066434385 0.0921230958271603 0.1469304644147736 0.13818233604065655 0.13694716931918158 0.11054771499259235
0.14207509925363773 0.10316136469606493 0.19720756231262182 0.10341914566634328 0.13712757947568044 0.10862738792466171 0.11530462957128124 0.09307723109970893
0.08786776740944023 0.13331844194981307 0.12360228465236778 0.13156602607454618 0.10416599858850566 0.17236416278530992 0.08923608725056177 0.1578792312894554
0.08920874430717007 0.16373312669872198 0.12160191931545851 0.15339370455209955 0.08354300394284599 0.17243445651031164 0.07803071057650281 0.13805433409688958
0.09607491925351035 0.15103091166731103 0.12793839281591393 0.15436692952672817 0.0827116285019878 0.17255514217675355 0.08074577852167321 0.134576297536122
0.0914817282669278 0.17635026283212496 0.08609835809467029 0.10725786999752183 0.10605328543947695 0.23130023520001985 0.07274881617223218 0.1287094439970262
0.11661075585280652 0.10928826379627557 0.14374589453080452 0.08997499056704189 0.1450730747828339 0.15358316521549822 0.13375386657428914 0.10796998868045027
0.10927691029650219 0.08372821372905832 0.23282319677649213 0.1269306734407782 0.10503427843006671 0.08645089278225097 0.1415182284481512 0.11423760609670038
0.10533142074020577 0.0776129179189737 0.27348633754842966 0.12520004728402193 0.09379311473682271 0.07230740978135293 0.1395887094345737 0.11268004255561972
0.08185606743343485 0.1315560559921157 0.14432718020264176 0.1344763282478163 0.09542811820424206 0.15977462468906833 0.09121003133330148 0.16137159389737954
0.10144715725669674 0.0905135669446356 0.23562971255016993 0.12915992007422647 0.09447035270576873 0.08853169031894148 0.14400367208275697 0.11624392806680381
0.10336618015342407 0.07993720630353371 0.2749332177727971 0.12525987411100087 0.09140298245274972 0.07271124062462715 0.13965541188196662 0.11273388669990078
0.13620916789666354 0.10215925422735496 0.24201620101529825 0.10254438444957126 0.11894659972551301 0.09150511058571657 0.11432933609526824 0.09228994600461413
0.11028885772491245 0.0805740635772644 0.27465573905879265 0.12186227824082589 0.09525025944941275 0.07182540549339633 0.13586734603865214 0.1096760504167433
0.12126478379699333 0.08954434462201163 0.21194395717253825 0.08966618019930442 0.14016739242364534 0.106519126324689 0.13329479922165255 0.10759941623916532
0.14167730706552362 0.10405389174330743 0.2154062481788438 0.10160374070976624 0.13322712008606594 0.09930773705502383 0.11328058852267968 0.09144336663878962
0.14750823222236795 0.10688844236304038 0.2155155980806328 0.10055397837280344 0.13015782286510305 0.09676716370309045 0.11211018185743905 0.0904985805355231
0.11391178748188534 0.08199657921757482 0.26286481361966063 0.12255433315838625 0.09847483086499177 0.073259820189111 0.13663893562584256 0.11029889984254762
0.10516976217738744 0.07725879291584233 0.2855377523366764 0.12337086181851714 0.09112887010335396 0.0689508808646436 0.13754930414691388 0.11103377563666543
0.13636472877659758 0.10113593970381415 0.24577994252479055 0.10214370586392878 0.11848566177693201 0.09027807670273717 0.11388260937366386 0.0919293352775359
0.11017488462137809 0.08026159310428357 0.27621499027926083 0.12166987006562813 0.09502873452082396 0.07149421906743449 0.1356528252821257 0.10950288305906532
0.13800607825976083 0.10185371419625035 0.24193581613062168 0.10206543860575232 0.11962372948296361 0.09086098135783674 0.11379534722163727 0.09185889474517707
0.11070954787128154 0.08048300709710403 0.2745417263349209 0.12179395131845523 0.09538936686522975 0.07167667770716588 0.13579116661923293 0.10961455618660972
0.10397101181300346 0.07667797029416286 0.2904017357863293 0.12287647855386778 0.09008746236762398 0.06839840678542843 0.13699810370110332 0.11058883069848098
0.10188671313420974 0.07567501518449563 0.2971647370326917 0.12244854207582744 0.08855280619151852 0.06754751204936592 0.1365209864636464 0.1102036878682447
0.10114631732429137 0.07532074417300587 0.2999462325832265 0.12216751690804814 0.08801585840559138 0.06724490101499343 0.13620766437359993 0.10995076521724331
0.10086507415107769 0.07518076639510766 0.301077117687163 0.12204019951103388 0.08781064106905281 0.06712430664940704 0.13606571497722733 0.10983617955993048
0.1007549098061311 0.07512394917394555 0.3015350751566597 0.12198693974252856 0.08772943323877423 0.06707511280373178 0.13600633430995346 0.10978824576827569
0.10071112457519153 0.07510082418839616 0.30172025154046894 0.12196516829869328 0.08769687570895077 0.06705504344466363 0.13598206077481173 0.10976865146882395
0.10069359397805522 0.0750914314803051 0.3017950835340182 0.12195633485472647 0.08768375895236022 0.06704688368727979 0.135972212144001 0.10976070136925384
0.10068654785502346 0.07508762454967678 0.3018253163066937 0.12195276025671457 0.08767846487134126 0.0670435751955285 0.13596822673397876 0.1097574842310431
0.08070560004183996 0.1319142428292735 0.1512159896968887 0.13390560034696664 0.09370559978263442 0.15704331795505072 0.09082292893098606 0.16068672041635995
0.10089860437554173 0.09036727422545134 0.23867393804248435 0.12882455342387467 0.09385941292503648 0.08780435563114748 0.14362976329497668 0.1159420980814872
0.1365774796582907 0.10572414416543087 0.2286473548366017 0.10356808824488778 0.120777486560515 0.09602347768263444 0.11547068943124056 0.09321127942039899
0.11089720680548142 0.08164500675672884 0.2690258038508061 0.1224818522970824 0.09614892721106312 0.07300941113695565 0.13655812487450827 0.11023366706737416
0.10423070042061314 0.07705960203469381 0.2881619044816587 0.1231563671265028 0.09045382901579983 0.0687867079344948 0.13731015857238446 0.11084073041385252
0.10203454109722311 0.07581012818402909 0.296259392961599 0.12255880952377136 0.08871554233761354 0.06767473088517993 0.13664392643918985 0.11030292857139423
0.10121559819996119 0.07537083470075273 0.29957986843092577 0.12221047533833239 0.08808814380471933 0.06729009190329556 0.13625555981751386 0.10998942780449913
0.08082170785629934 0.13202699156979364 0.15066133372829174 0.13393309927195113 0.09382424136993137 0.15717132670163314 0.09084158037575817 0.16071971912634134
0.1318230685915883 0.11923219155918956 0.19463510739617895 0.10512374667437457 0.12263131153135963 0.11473806975416609 0.11720513248620569 0.09461137200693712
0.11092965008069439 0.08600964327044833 0.2544320293045325 0.12390920503542695 0.09768020391993577 0.07737146719817636 0.13814951665890138 0.11151828453188427
0.10473885257866927 0.07882314911974095 0.28211216430152825 0.1237725880008956 0.09123819869839746 0.06992251923926233 0.1379971988607 0.11139532920080604
0.10233489866572557 0.0767786543849209 0.2937380763364394 0.12275943875941574 0.08904240134126253 0.06799542256415944 0.13686761306460232 0.11048349488347417
0.10133157091192922 0.07607358142368965 0.2984913684693638 0.12223712601685477 0.08819557846365886 0.0673720879641246 0.13628527333520973 0.11001341341516929
0.08077836701595532 0.1329991734038164 0.15030010627975815 0.13379099118929427 0.09377050599832307 0.15706647266165652 0.09074519402404307 0.1605491894271531
0.10085620018696322 0.09143247049240326 0.23810273036131002 0.12869649078748208 0.09382193770741908 0.08777634574337632 0.1434869830123121 0.11582684170873385
0.11952711699359185 0.09345912115832328 0.19996373314815244 0.09061830688334731 0.14093174358591207 0.11204781048436677 0.13471019948628943 0.10874196826001677
0.08316065823547412 0.13675652948415765 0.12397555946025698 0.13126721191930324 0.10489474889812818 0.17339122439772778 0.08903341330178828 0.15752065430316387
0.11524187850034602 0.10529665687858199 0.15926203774040631 0.09126734091349012 0.14605036356742518 0.1376858811396276 0.13567503216393456 0.10952080909618815
0.10822077782801379 0.08483283812861837 0.2394891551709507 0.1260120918607044 0.10465007536745122 0.08289010043239442 0.14049407853723309 0.11341088267463394
0.08207047862388228 0.13638343066991263 0.1352932560402722 0.1337984373061026 0.09762523090311731 0.16352079725568555 0.09075024443370437 0.16055812476732312
0.075412836644547 0.15127940106620796 0.10725097870001851 0.13135309758079156 0.09413370393994977 0.1938545987863029 0.08909166618523254 0.15762371709694983
0.10073066373659731 0.09697549349569767 0.21839077324884595 0.13025585227317604 0.09513463075650314 0.09605676474472087 0.14522555469860074 0.11723026704585843
0.10372315948104983 0.08257209449947255 0.2675806683900074 0.12589895494202905 0.09206138832125403 0.07448673560239727 0.14036793931596372 0.11330905944782615
0.10263627639306763 0.07822707849116627 0.2878723658162785 0.12349488646254206 0.08972493698421251 0.06921147566701392 0.13768758236943124 0.11114539781628786
0.10160174204128762 0.07677326409465082 0.2960959360734883 0.1224835198020229 0.0885256586005766 0.06772472754807689 0.13655998401807629 0.11023516782182062
0.10103967553865922 0.07625113660310898 0.29941590685877684 0.12207865087183564 0.08798866650379596 0.06724659246415458 0.13610858537501674 0.10987078578465209
0.08067662773207704 0.13344234704195576 0.1504782049992435 0.13369428193986385 0.0936749389411599 0.15692086109343392 0.09067959992442941 0.16043313832783662
0.10077292383678042 0.09195953114019702 0.23809252280295376 0.1285957923181472 0.09375688500356183 0.08771142007821243 0.14337471173381483 0.11573621308633249
0.11945542353170113 0.09391362281828126 0.19991039210514022 0.09056515762357684 0.1408631281271775 0.11198289710391643 0.13463118954191425 0.10867818914829222
0.10783288152514833 0.08134367098152002 0.2572502783186586 0.12425128077068229 0.10202781081066148 0.07693701932404401 0.13853090557567113 0.11182615269361405
0.08200991879098722 0.1351878638451758 0.1398080717007617 0.13374771077626993 0.0970201273427485 0.16101321599906285 0.09071583861347005 0.1604972529315239
0.0754382813371956 0.15095004720190558 0.1084068727814863 0.13141587306719082 0.09404279497526094 0.1929128386151069 0.08913424434122508 0.15769904768062895
0.07350039850918205 0.15496519268578754 0.09986924656511888 0.13018763888023926 0.09253064137292381 0.20442053417690784 0.08830118115355359 0.1562251666562871
0.1004266742059006 0.09796930748002344 0.21491853767065885 0.13048703319659244 0.09495149243665636 0.09832532095733279 0.14548330417590233 0.11743832987693321
0.10377572619548044 0.08287740017031751 0.26612732086246527 0.12606620262019327 0.09213726603518604 0.07500209376223656 0.14055440799594685 0.11345958235817394
0.08128591293965899 0.13587678505672685 0.14210606153846117 0.13396703274128577 0.09475565075487868 0.16038352155926922 0.09086459612017643 0.1607604392895429
0.07530680423679176 0.15119968816769463 0.10897907969204862 0.13144048661206212 0.09352411878200331 0.1926702998293525 0.08915093874557257 0.1577285839344745
0.10065170781951986 0.09690858572497528 0.21919767733452514 0.13019275324095694 0.09494268074322004 0.09577791323338215 0.14515520398655946 0.11717347791686125
0.08046863220268544 0.1404057325036366 0.12997056105726779 0.13381857994361374 0.09520346537639704 0.16878682658752478 0.09076390639653802 0.16058229593233647
0.08659173110175056 0.1759976719393351 0.12216427918471434 0.15145374171955656 0.08091652147683033 0.1695238271120031 0.07704385991820921 0.1363083675476009
0.1427946355970746 0.10649268379102536 0.18908514293291373 0.10763411320064091 0.12136071228908603 0.1196424564377267 0.11915538783302533 0.09383486791850744
0.08738381264159495 0.1411012969006445 0.12074835843264382 0.13038839671395708 0.09973998436400681 0.1757347275539812 0.08843734733642307 0.15646607605674848
0.10329363487211388 0.09427760584581259 0.22423937727498922 0.129443440631601 0.0959058337920516 0.09202123466901192 0.144319776345979 0.1164990965684409
0.13757724994584433 0.10811367458710018 0.2229322092436854 0.10368746811293995 0.12157801933160725 0.09718886840200369 0.11560378907517334 0.09331872130164594
0.08651132702683678 0.14190819002983224 0.12946821236979264 0.13049927360451888 0.09997527276829321 0.16652604508267346 0.0885125507926302 0.15659912832542264
0.10274498165392065 0.09443141813763427 0.2281538595165515 0.12903304186803535 0.09566687010515804 0.08997787868609165 0.1438622123513767 0.1161297376812318
0.10381605721356159 0.08189759386726363 0.27155740555625635 0.12532988036644171 0.09181068295036053 0.07305802408388279 0.13973346363243574 0.11279689232979755
0.11964046041908812 0.09118072134547128 0.21118753472141802 0.08992781765737581 0.1393333305497973 0.10713301324225771 0.13368374087574075 0.10791338118885098
0.08316487841351779 0.13677335206492564 0.126776290525131 0.13115836602486294 0.10451011167148133 0.17126737467946937 0.08895958739077661 0.15739003922983552
0.13268456278698945 0.12158668222791867 0.18457674337132135 0.10506534394114195 0.1260132168312991 0.11837462349723751 0.11714001779706423 0.09455880954702775
0.09783367979075384 0.16811101779359894 0.13710969928475925 0.1493311563396417 0.08667861404011355 0.15057368208137656 0.07596410996407861 0.1343980407056775
0.11919317036011289 0.11276178364216481 0.16366317113752338 0.09076911013562089 0.1390313289306022 0.13072412498186006 0.13493437864937077 0.10892293216274507
0.12368529161355786 0.09803105814027695 0.17109407598352014 0.08913033194164047 0.15548301621025795 0.1231216029839514 0.13249822479682674 0.10695639832996856
0.10975089555144502 0.08298439962562985 0.24423611774410198 0.1250979910449761 0.10624098742564234 0.07962649232355153 0.1394749243441748 0.11258819194047848
0.10477684247870328 0.07892432002599901 0.27781680068656506 0.12418847341736995 0.09349733548111676 0.0705657217707691 0.1384608800638438 0.11176962607563296
0.11972010992615675 0.09032254942275844 0.21319415985820545 0.08974271436444202 0.13968758882463728 0.10623304796798555 0.13340857239848394 0.10769125723733043
0.1230690662961018 0.09212550638275042 0.18831750076514378 0.08853153097537472 0.15475383764531847 0.11535665382236383 0.13160806694249735 0.10623783717044967
0.10895077635407675 0.0812718684603771 0.2517675075271142 0.12433335487374467 0.10545603329027807 0.07769802803238644 0.13862241207565265 0.1119000193863702
0.10429373499509356 0.0783624711875149 0.2809364156102733 0.1238245084892148 0.0930676307864851 0.07001809496061244 0.1380550863305126 0.1114420576402933
0.10222020968709959 0.07709673492847895 0.2931919609792305 0.1227307223338331 0.08945996283072 0.06800716274709356 0.13683559639309453 0.11045765010044979
0.10127844013122783 0.07651928608217966 0.29820855598141394 0.12218057738135883 0.08827450812673082 0.06735388682718671 0.13622222582667917 0.10996251964322294
0.09228454386373496 0.1529366841260867 0.17168884138011636 0.1528337836157563 0.0803777472035118 0.1345821133259894 0.07774588123062387 0.13755040525418066
0.13445542108854788 0.12480692073872411 0.20191213810768865 0.10392001253160697 0.11735597300475181 0.10815846450230829 0.11586305874792599 0.09352801127844627
0.14557541920383207 0.11453032710228941 0.21054129014973194 0.10091914394132716 0.12580308214578986 0.09928619369465395 0.11251731421518116 0.09082722954719442
0.11352339796196066 0.08492755555733832 0.26060114988060806 0.12258437331400096 0.0975754752799506 0.07378968386599012 0.13667242815755032 0.11032593598260088
0.10506031263514544 0.07879919448362066 0.28446832607372874 0.1232918072907359 0.0909264807199451 0.06903008798713249 0.1374611642480294 0.1109626265616623
0.10227328049810834 0.07707657479215899 0.2946089455992298 0.12254262918201707 0.08885308727181543 0.06773122982723316 0.136625886565622 0.11028836626381536
0.0925390083899305 0.15320798717088382 0.170689922727359 0.15289561767142312 0.080521168484763 0.1347629037054619 0.07777733594589785 0.1376060559042808
0.10280551386566994 0.09542255344772699 0.24633162898734642 0.12705258245818854 0.08970706065837275 0.08267918846544993 0.14165414790487585 0.11434732421236969
0.11985561219166997 0.09476608765842294 0.20269810637085267 0.09036395469875531 0.13919389620600173 0.11035350935525325 0.13433208788053774 0.10843674563850637
0.107812174405314 0.08159996698163377 0.2584139356693595 0.1240846810924833 0.10152573301547804 0.07654213648520512 0.13834515936729108 0.11167621298323498
0.10379560800459592 0.07826947555438513 0.28374741060062003 0.12356481469068971 0.09198547762349032 0.06966333317930688 0.13776554712529135 0.11120833322162073
0.10199849060595732 0.07700386527621408 0.29434739706533475 0.12260447729964316 0.08913025293584306 0.06787664464608474 0.13669484260124393 0.11034402956967886
0.11861827125344686 0.08964677613217188 0.2188423643240676 0.08948240432131781 0.13780956108058923 0.10520013366695567 0.13302160403586943 0.10737888518558136
0.10689685591113858 0.08009090484488703 0.2653253807196677 0.12334813805404997 0.10064749692895718 0.07515393044731816 0.1375239688453363 0.11101332424864499
0.10331004574645945 0.07776941951494096 0.28659209866441704 0.12323187995900932 0.0915594568154647 0.0692340575912571 0.1373943497453432 0.11090869196310837
0.10177314420667789 0.07682380088900762 0.2955038938575175 0.12246697551339504 0.08894278841924004 0.06772758078120185 0.1365415383709046 0.11022027796205555
0.10108421942240256 0.07640120700762201 0.2991470571751234 0.1220710747625565 0.0880855678522522 0.06724676791519056 0.13610013857855183 0.10986396728630086
0.08066618722935018 0.13370449938730716 0.15038589976117453 0.13365222653916614 0.09367736239618622 0.15688007744803417 0.09065107539178226 0.16038267184699936
0.11450423736252532 0.10484957885769479 0.16906585128422483 0.09131589957052982 0.14205156259837906 0.132886572972984 0.1357472178690264 0.10957907948463579
0.10768596233817194 0.08467084347596619 0.2438553076200547 0.12560163300839483 0.10338871573461093 0.08171962056708046 0.14003644754816555 0.11304146970755534
0.13810742805529413 0.10501002336206088 0.22983451783875408 0.10284013907789256 0.12299697073332959 0.09399571532795986 0.1146590804346056 0.09255612517010331
0.11107654114907392 0.08258921928393505 0.2692318366334605 0.12210928201959725 0.09647893262042674 0.07247309765700462 0.1361427368188644 0.10989835381763752
0.13832381797364318 0.10373341424370373 0.2391109088780256 0.10203897879488641 0.12009166014041803 0.0911002925467906 0.11376584650713453 0.09183508091539774
0.08668319708083501 0.14073447240212766 0.13358951916278242 0.13042744435102727 0.09963737055966614 0.16395123140163217 0.08846383182069675 0.1565129332212327
0.1026337014866015 0.09418627787166957 0.22998439210371519 0.12882585773089797 0.09544206990157307 0.08935321144776319 0.1436312174999713 0.11594327195780817
0.12007059351714797 0.09479454836756343 0.19704092461116968 0.09061016928143685 0.1415392802524193 0.1125141784380443 0.1346981023944942 0.10873220313772422
0.1080622093293032 0.08184803403053748 0.25594722173905876 0.1243152401038809 0.10225431481692289 0.07708704842770082 0.13860221545910303 0.1118837160934928
0.10394006323391142 0.07846099955535202 0.2827140549229324 0.123665567811907 0.09222351161536485 0.069818912493257 0.13787787933655898 0.11129901103071631
0.08127365916187664 0.13463089289876706 0.14627785633672055 0.13377427014488677 0.0947168897480291 0.15806345474193267 0.09073385279392321 0.1605291241738641
0.10102627554130937 0.09269301406353567 0.23613796177450236 0.12870145667169025 0.09409570743125331 0.08802175391057195 0.14349251960261583 0.11583131100452124
0.10310802679998704 0.08142036020862796 0.2749383009506311 0.12498387229666018 0.09121090851092346 0.07250535571004901 0.1393476904561271 0.11248548506699418
0.10218124455864945 0.07799120443722132 0.29083186024943786 0.1230829582248952 0.08926898691588853 0.06864077008613373 0.13722831312536823 0.11077466240240569
0.1013554059726397 0.07684021505447172 0.2972604389145967 0.12229412230964887 0.08830768528004897 0.0675286024416896 0.13634881994822046 0.11006471007868399
0.11836839307452418 0.08964642939566969 0.21982666293128147 0.08942407916886322 0.13744705916370983 0.1050435814839311 0.13293489977938472 0.10730889500263585
0.10679006763462304 0.08014634307997197 0.26573571799353546 0.12328947997554007 0.10052445597794071 0.07509483389513649 0.1374585694652663 0.11096053197798605
0.1032603909363246 0.0778403251231057 0.2867499192288461 0.12319734633402463 0.09151116530564808 0.06920739404080722 0.13735584733062148 0.11087761170062216
0.10174709708722653 0.07690206212075056 0.29555711001481855 0.12244448252526048 0.08891963723154593 0.06771311637994773 0.13651646036771578 0.11020003427273442
0.08080173017414857 0.13401666143399812 0.14948159121427934 0.1336676016754319 0.09388176781212726 0.15708802193442092 0.09066150374507555 0.16040112201051826
0.10079770001458184 0.09246864489507484 0.2375743774787989 0.12856428131792202 0.09380140450611962 0.08774615928124208 0.14333957932013097 0.11570785318612982
0.08052565104458012 0.1393675880603705 0.13463826838466902 0.1337796475548556 0.09496212401821616 0.16545364379079738 0.09073750008068468 0.16053557706582672
0.13190915681923104 0.12256818934727731 0.18808625524465125 0.10523239948777877 0.12317458774626754 0.11699397955106065 0.11732627226473245 0.09470915953900089
0.14516210341166677 0.11444085747128362 0.20529758596619765 0.1012768841114657 0.12797650136933578 0.10178070416187346 0.11291616780785803 0.09114919570031912
0.11361213408746908 0.08517025509463491 0.25833260714191064 0.12280478379457058 0.0982503323524026 0.07438741271905665 0.1369181693948421 0.11052430541511353
0.0830848116207157 0.13678172937409191 0.14000423977707016 0.13353803266896935 0.09601818729590812 0.15975373790239797 0.09057362215808355 0.16024563920276322
0.10167836479676015 0.09331088335302472 0.23326140794287342 0.12891859210463577 0.09456828350601898 0.08850112599630147 0.14373460940621327 0.11602673289417217
