Action: 0
[0.1580667101304465, 0.09998363696193863, 0.2415097401400465, 0.09998363695392379, 0.10050536459773181, 0.09998363730806517, 0.09998363695392379, 0.09998363695392379]
[0.10283633122976353, 0.10283633122976353, 0.27922330127790307, 0.10283633122976353, 0.10283633122976353, 0.10375871134351554, 0.10283633122976353, 0.10283633122976353]
[0.2066494501533541, 0.09889896847192069, 0.16955838309523655, 0.09889896780033669, 0.09920691258751405, 0.12898938229096463, 0.09889896780033669, 0.09889896780033669]
[0.125, 0.125, 0.125, 0.125, 0.125, 0.125, 0.125, 0.125]
[0.16248487335871353, 0.097741996688027, 0.23266293269366733, 0.09771895975180246, 0.11622967955507676, 0.0977236384491081, 0.09771895975180246, 0.09771895975180246]
[0.10853577516191636, 0.09691881702386736, 0.21714400270899006, 0.09547553258231253, 0.15876108054824284, 0.13221372681004576, 0.09547553258231253, 0.09547553258231253]
[0.125, 0.125, 0.125, 0.125, 0.125, 0.125, 0.125, 0.125]
[0.125, 0.125, 0.125, 0.125, 0.125, 0.125, 0.125, 0.125]

Action: 1
[0.10260082943411902, 0.10260082943411902, 0.10260082943411902, 0.10260082943411902, 0.20784878800836604, 0.17654623538691977, 0.10260082943411902, 0.10260082943411902]
[0.09996709773021883, 0.09996709773021883, 0.09996709773021883, 0.09996709773021883, 0.16729576063385967, 0.23290165298482735, 0.09996709773021883, 0.09996709773021883]
[0.10652339404373212, 0.09890618698901518, 0.09890618577257118, 0.09890618577257118, 0.15836070620295944, 0.2405849696740086, 0.09890618577257118, 0.09890618577257118]
[0.125, 0.125, 0.125, 0.125, 0.125, 0.125, 0.125, 0.125]
[0.10114748118773233, 0.10114728799585973, 0.10114728426702072, 0.10114728426702072, 0.11671438774555407, 0.2764017060027711, 0.10114728426702072, 0.10114728426702072]
[0.09979253155259385, 0.10024585819571458, 0.09979253155259385, 0.09979253155259385, 0.2608861902444457, 0.13990529379687047, 0.09979253155259385, 0.09979253155259385]
[0.125, 0.125, 0.125, 0.125, 0.125, 0.125, 0.125, 0.125]
[0.125, 0.125, 0.125, 0.125, 0.125, 0.125, 0.125, 0.125]

