Action: 0
[0.15293713488575505, 0.10200805474542494, 0.23084003642212014, 0.10200805474542494, 0.10618255496499998, 0.10200805474542494, 0.10200805474542494, 0.10200805474542494]
[0.15266909970670506, 0.10268382891202857, 0.23122792682112364, 0.10268382891202857, 0.10268382891202857, 0.10268382891202857, 0.10268382891202857, 0.10268382891202857]
[0.10795517246245147, 0.10451287296273057, 0.2643558310691638, 0.10451287296273057, 0.10451393780256665, 0.10512356681489599, 0.10451287296273057, 0.10451287296273057]
[0.125, 0.125, 0.125, 0.125, 0.125, 0.125, 0.125, 0.125]
[0.1283758505518486, 0.10266188408304817, 0.25565264319779446, 0.10266188408304817, 0.10266188408308712, 0.10266208583507704, 0.10266188408304817, 0.10266188408304817]
[0.10506459587989064, 0.10515827174465288, 0.26450161757370105, 0.10505478212911076, 0.10505638628531241, 0.10505478212911076, 0.10505478212911076, 0.10505478212911076]
[0.125, 0.125, 0.125, 0.125, 0.125, 0.125, 0.125, 0.125]
[0.125, 0.125, 0.125, 0.125, 0.125, 0.125, 0.125, 0.125]

Action: 1
[0.10275449700686755, 0.10275448948042162, 0.10275448948042162, 0.10275448948042162, 0.15529265098703465, 0.22818040460398972, 0.10275448948042162, 0.10275448948042162]
[0.10524550698090472, 0.10524550698090472, 0.10524550698090472, 0.10524550698090472, 0.26328145113366697, 0.10524550698090472, 0.10524550698090472, 0.10524550698090472]
[0.1047223945728118, 0.10472053272421822, 0.1047189249542537, 0.1047189249542537, 0.15970130009214703, 0.21198007279380823, 0.1047189249542537, 0.1047189249542537]
[0.125, 0.125, 0.125, 0.125, 0.125, 0.125, 0.125, 0.125]
[0.10410772068945873, 0.10410772068945873, 0.10410772068945873, 0.10410772068945873, 0.21565343083908117, 0.15970024502416655, 0.10410772068945873, 0.10410772068945873]
[0.10266194369978165, 0.10266194369978165, 0.10266194369978165, 0.10266194369978165, 0.1529902203459066, 0.23103811745540356, 0.10266194369978165, 0.10266194369978165]
[0.125, 0.125, 0.125, 0.125, 0.125, 0.125, 0.125, 0.125]
[0.125, 0.125, 0.125, 0.125, 0.125, 0.125, 0.125, 0.125]

