Action: 0
[0.10807310286147322, 0.09939664604673773, 0.2570582476547043, 0.09939664604673773, 0.13715794850383622, 0.1001241167930353, 0.09939664604673773, 0.09939664604673773]
[0.10359804474457607, 0.10359804474457607, 0.2746709265237108, 0.10359804474457607, 0.10359804474457607, 0.10374080500883291, 0.10359804474457607, 0.10359804474457607]
[0.1303421513514329, 0.10082737834071648, 0.26466724591380936, 0.10082737834071648, 0.10085371103012628, 0.10082737834176553, 0.10082737834071648, 0.10082737834071648]
[0.125, 0.125, 0.125, 0.125, 0.125, 0.125, 0.125, 0.125]
[0.2084403417115113, 0.10333368445353681, 0.17129948468804349, 0.10333368445353681, 0.1033888713939225, 0.10353656439237531, 0.10333368445353681, 0.10333368445353681]
[0.12725790242067206, 0.10058401991650548, 0.2663905356863924, 0.10058401000334621, 0.10058406669233183, 0.10343144527405956, 0.10058401000334621, 0.10058401000334621]
[0.125, 0.125, 0.125, 0.125, 0.125, 0.125, 0.125, 0.125]
[0.125, 0.125, 0.125, 0.125, 0.125, 0.125, 0.125, 0.125]

Action: 1
[0.10348678924925399, 0.10348678924925399, 0.10348678924925399, 0.10348678924925399, 0.17117349174374036, 0.20790577276073569, 0.10348678924925399, 0.10348678924925399]
[0.10222735834405952, 0.10222735834405952, 0.10222735834405952, 0.10222735834405952, 0.17089546576508088, 0.21574038417056204, 0.10222735834405952, 0.10222735834405952]
[0.10238933170434408, 0.10066019841746916, 0.10064864353001635, 0.10064864353001635, 0.1286279663149117, 0.2657279294432096, 0.10064864353001635, 0.10064864353001635]
[0.125, 0.125, 0.125, 0.125, 0.125, 0.125, 0.125, 0.125]
[0.10101675088543778, 0.10101764595378104, 0.10101675088543778, 0.10101675088543778, 0.1654756939770826, 0.22842290564194734, 0.10101675088543778, 0.10101675088543778]
[0.10347805945394936, 0.10349126676782057, 0.10347249435665413, 0.10347249435665413, 0.10448220827456561, 0.2746584880770479, 0.10347249435665413, 0.10347249435665413]
[0.125, 0.125, 0.125, 0.125, 0.125, 0.125, 0.125, 0.125]
[0.125, 0.125, 0.125, 0.125, 0.125, 0.125, 0.125, 0.125]

