Action: 0
[0.10686362037762354, 0.10681984436022493, 0.24406709872185167, 0.10681984436022493, 0.1149574368966168, 0.10683246656300817, 0.10681984436022493, 0.10681984436022493]
[0.13756119592888255, 0.10678059512986297, 0.2217552332919396, 0.10678059512986297, 0.10678059512986297, 0.10678059512986297, 0.10678059512986297, 0.10678059512986297]
[0.22178147363503706, 0.10683004003016593, 0.1372414767483493, 0.10682936541811956, 0.10682954791396929, 0.10682936541811974, 0.10682936541811956, 0.10682936541811956]
[0.125, 0.125, 0.125, 0.125, 0.125, 0.125, 0.125, 0.125]
[0.21708920060850428, 0.10767543656993915, 0.13683032651715946, 0.10767543656993915, 0.10770328200371707, 0.10767544459086259, 0.10767543656993915, 0.10767543656993915]
[0.2444906895335043, 0.10768135721330957, 0.10941808346735077, 0.10768090253349019, 0.1076862596518747, 0.10768090253349019, 0.10768090253349019, 0.10768090253349019]
[0.125, 0.125, 0.125, 0.125, 0.125, 0.125, 0.125, 0.125]
[0.125, 0.125, 0.125, 0.125, 0.125, 0.125, 0.125, 0.125]

Action: 1
[0.1082349945130846, 0.10786235188578716, 0.10786235188578716, 0.10786235188578716, 0.1078905692583786, 0.24456267679960092, 0.10786235188578716, 0.10786235188578716]
[0.10791901034418083, 0.10791901034418083, 0.10791901034418083, 0.10791901034418083, 0.21583802068836166, 0.13664791724655345, 0.10791901034418083, 0.10791901034418083]
[0.10791726095429122, 0.10791718619688992, 0.10791718619688992, 0.10791718619688992, 0.107933273933408, 0.24456353412785115, 0.10791718619688992, 0.10791718619688992]
[0.125, 0.125, 0.125, 0.125, 0.125, 0.125, 0.125, 0.125]
[0.10786769239514943, 0.10786768619326086, 0.10786768619325683, 0.10786768619325683, 0.10823106759254793, 0.2445628090460145, 0.10786768619325683, 0.10786768619325683]
[0.10768091963061843, 0.10768091961954714, 0.10768091961954714, 0.10768091961954714, 0.13682477441956356, 0.21708970785208234, 0.10768091961954714, 0.10768091961954714]
[0.125, 0.125, 0.125, 0.125, 0.125, 0.125, 0.125, 0.125]
[0.125, 0.125, 0.125, 0.125, 0.125, 0.125, 0.125, 0.125]

