0.125 0.125 0.125 0.125 0.125 0.125 0.125 0.125
0.07575757575757576 0.12626262626262627 0.09090909090909091 0.15151515151515152 0.0946969696969697 0.15782828282828282 0.11363636363636365 0.1893939393939394
0.07408784041121591 0.12347973401869318 0.08890540849345908 0.14817568082243182 0.09260980051401987 0.1763901740953166 0.11113176061682387 0.18521960102803975
0.09067082418695435 0.1511180403115906 0.08160374176825892 0.13600623628043154 0.11333853023369295 0.24365420824048897 0.10200467721032366 0.08160374176825892
0.07295173961840629 0.12906846240179573 0.09118967452300786 0.16133557800224466 0.08754208754208755 0.15488215488215487 0.10942760942760943 0.19360269360269358
0.13167155694678936 0.10369135109559662 0.15800586833614724 0.12442962131471594 0.1147905881074574 0.12118520270879732 0.13774870572894884 0.10847710576154723
0.08594483901755116 0.15205625364643666 0.0749262699127369 0.1325618621533038 0.1031338068210614 0.20239120996966128 0.08991152389528428 0.1590742345839645
0.0760001307540277 0.1171188829777895 0.08432559574400844 0.14054265957334738 0.08783916223334211 0.21308824957079006 0.10540699468001055 0.17567832446668422
0.09770662074511985 0.14413872724260565 0.07783491271100705 0.1297248545183451 0.10810404543195423 0.2673622857512021 0.09729364088875882 0.07783491271100705
0.0583613817614566 0.10325475234719246 0.05087915333050063 0.09001696358473188 0.1167227635229132 0.2989727516227402 0.10175830666100126 0.18003392716946376
0.09260520839585172 0.07475360195809717 0.18521041679170344 0.14950720391619435 0.08334468755626653 0.11333302274477869 0.16668937511253307 0.1345564835245749
0.11110624925414116 0.07574265392730327 0.19236229568838922 0.15148530785460654 0.08385023145391325 0.08568868437390666 0.1677004629078265 0.1320641145399134
0.08443577209532956 0.11830984311641286 0.10084518460735237 0.14197181173969545 0.08873238233730964 0.18176138262450925 0.10647885880477158 0.17746476467461927
0.0664493562674501 0.09648406295722746 0.057257945217020496 0.08683565666150472 0.12586350481598704 0.2892353727639952 0.10420278799380565 0.17367131332300945
0.06583773166414895 0.11648214063657122 0.0868629742509319 0.14560267579571404 0.07900527799697875 0.2327293912045749 0.09875659749622342 0.17472321095485682
0.07472793948835835 0.11146027763536812 0.087218917301184 0.13375233316244173 0.09537286758723229 0.22996299850053203 0.10031424987183131 0.16719041645305216
0.07524544668724185 0.11050794923681383 0.08658429274256098 0.1326095390841766 0.10185044859363321 0.2279832454872204 0.09945715431313246 0.16576192385522073
0.0749920740162332 0.1099561319592261 0.08614814512879229 0.1319473583510713 0.10638525843704334 0.226676315405491 0.09896051876330349 0.16493419793883912
0.0664891015598103 0.11763456429812594 0.0900378413874173 0.14704320537265742 0.08799834371756016 0.2146114448775245 0.09973365233971547 0.1764518464471889
0.1016605272344247 0.07145377132045615 0.1980550047074383 0.1429075426409123 0.09886233776491467 0.10427022930697982 0.15820452420971973 0.12458606281515427
0.06821482156981039 0.09598568571912258 0.07045914191663298 0.08638711714721033 0.14757038353030022 0.2549440752458504 0.10366454057665239 0.17277423429442065
0.054770264088766805 0.09690123646474127 0.05108715860590382 0.08447800102054367 0.13816178582603295 0.31014868123404865 0.09549687071887546 0.16895600204108735
0.08868808137962984 0.0715915837642795 0.18662859471831467 0.143183167528559 0.09990906124154442 0.12149611410863563 0.1596385464833337 0.12886485077570312
0.07755037600703886 0.11126044552228727 0.10736470309951174 0.13351253462674473 0.10727084358485889 0.19601602790606906 0.10013440097005855 0.16689066828343088
0.07346504208665744 0.11939720794723917 0.09246059376375652 0.12827776272694963 0.10545007470854623 0.22439379331295162 0.09620832204521224 0.16034720340868702
0.07195391256646626 0.11861571526236558 0.08907732645073788 0.12629379965924997 0.10633084328430512 0.23514080345837512 0.09472034974443748 0.15786724957406245
0.046297236578720195 0.08191049548542804 0.06707608274434451 0.10238811935678505 0.11017427663786694 0.27163445903648464 0.1157430914468005 0.2047762387135701
0.08811808316030185 0.07113146471976176 0.1977478297438191 0.1422629294395235 0.09520634439191426 0.1188841623605651 0.15861254968854333 0.12803663649557112
0.1007170666597266 0.0732276310694756 0.23655964801553725 0.13639577475711273 0.09855185825838057 0.08464315478918441 0.15099572948284357 0.11890913696773932
0.0778991069098128 0.11758245105413818 0.12509177303098454 0.1309887825115211 0.1081743183198099 0.17828600315069118 0.09824158688364085 0.16373597813940138
0.08896281362915383 0.14531579237266812 0.09183733089623351 0.1161694972383714 0.1337566785576949 0.2671290660340768 0.08712712292877857 0.06970169834302284
0.06209017479907298 0.1098518477214368 0.09514551629511338 0.137314809651796 0.09294075719206046 0.24474386055975555 0.09313526219860947 0.16477777158215517
0.08671118001684612 0.0699957718208276 0.21359598493837087 0.1399915436416552 0.0956992777977983 0.11193372847668924 0.156080124030323 0.12599238927748965
0.09770397795116495 0.07101346664455781 0.2579934121627969 0.1322296195781958 0.09764225610571008 0.08175653886844639 0.1463836244414703 0.11527710424765786
0.06464147082697948 0.11436567915542523 0.14064325148048618 0.14295709894428155 0.09601693729230218 0.17286483732691832 0.09696220624046922 0.17154851873313784
0.0860162373756723 0.14322831233856154 0.13063767100586363 0.1530747220112144 0.08941235392871684 0.18411109109868767 0.08006985459048137 0.13344975765080228
0.06418489755934942 0.10117048234245217 0.06606902720242407 0.07876194920869337 0.1387540516437771 0.2990213545754852 0.09451433905043202 0.15752389841738673
0.09394886567717331 0.07583824096832063 0.14057470000961522 0.09479780121040078 0.15938915019440864 0.1807705819718406 0.14092329851575996 0.11375736145248094
0.08309827036382071 0.06707932667922877 0.23538647594428455 0.13415865335845753 0.11383681480821221 0.09612078416850722 0.14957688665487728 0.12074278802261178
0.10821910583447913 0.08735759145674822 0.23865162319413538 0.10919698932093526 0.13339373559305268 0.10315717014801849 0.12174649406378901 0.09827729038884173
0.08820610301241008 0.06376440219875464 0.283699004038637 0.12752880439750927 0.1027133307110592 0.07712733185560372 0.14218509982826777 0.11477592395775835
0.06835470428841525 0.11043287814382495 0.15672437598567557 0.13804109767978118 0.10056158750858307 0.1666081642299572 0.0936278749480255 0.1656493172157374
0.09240676353039276 0.06604196442358463 0.2534145909752293 0.13208392884716927 0.09795114671878198 0.09196234588741138 0.14726372365497828 0.11887553596245234
0.09145730634559164 0.06262900287484133 0.30174250683564335 0.12525800574968265 0.09277192013264852 0.07375572408835136 0.1396533287985268 0.11273220517471441
0.08872561400223843 0.060701537038243186 0.3270871056560399 0.12140307407648637 0.08909090187199827 0.068373633021775 0.13535536766438105 0.10926276666883772
0.08684310547517742 0.05958984971326258 0.3411340061531133 0.11917969942652516 0.0868431303042661 0.06627200859062703 0.13287647085315565 0.10726172948387265
0.08569011115888783 0.05892747143577126 0.34932297299534903 0.11785494287154252 0.08550222685628354 0.06523335994099781 0.1313994661567795 0.10606944858438826
0.08498314901754378 0.058519599805590156 0.3542995178371415 0.11703919961118031 0.08469002540295995 0.06464325537768369 0.13048997329783835 0.10533527965006227
0.1015336504202889 0.06997293828312275 0.2682927445400858 0.08746617285390343 0.13481097975432116 0.10293976618256724 0.1300243405410266 0.10495940742468411
0.12618638235841903 0.07995444826389345 0.26309918025728696 0.0999430603298668 0.1314207453116343 0.09801837535155575 0.11142905383046342 0.08994875429688011
0.09913458289126925 0.0596596270443614 0.3118693788734722 0.1193192540887228 0.09734387013527847 0.07225389440006616 0.133032063886979 0.10738732867985053
0.09259206130670442 0.059054168186285484 0.3374680273654754 0.11810833637257097 0.08823273293602739 0.06656519009715907 0.13168198100046344 0.10629750273531385
0.09023775689672645 0.05830244395872443 0.3500261943844832 0.11660488791744886 0.08514183274858993 0.06473673679767505 0.1300057481706482 0.10494439912570395
0.08918803547748878 0.05787424457247115 0.3561007293020153 0.1157484891449423 0.08389109891868253 0.06397283490429234 0.12905092744965954 0.10417364023044808
0.12066361885645557 0.07844558546913322 0.305321546202517 0.09805698183641652 0.1133792587874733 0.08655550813283684 0.10932621706239275 0.08825128365277488
0.07907898369177965 0.10525996185455812 0.17157732426188801 0.13157495231819766 0.10018182682043797 0.16519486669895872 0.08924214157234275 0.15788994278183716
0.09815848598934339 0.06381117944882579 0.2685068403700647 0.12762235889765158 0.09524376026967923 0.08950784590230144 0.14228940611424737 0.11486012300788644
0.07937715606818452 0.10745078075089198 0.16082607561327492 0.13431347593861498 0.09689160787522742 0.1688651576430165 0.0910995749844519 0.16117617112633795
0.09875566799438068 0.06418310886256164 0.2628915278186968 0.12836621772512327 0.0964897787911778 0.09066534966042328 0.1431187531950255 0.11552959595261096
0.09805106212851374 0.06045636016119846 0.3140384147615638 0.12091272032239692 0.09141606142513006 0.0714952730889047 0.13480865982213505 0.10882144829015722
0.09529642996528548 0.058636322184720285 0.33865714260716345 0.11727264436944057 0.08779305096383742 0.06604878319500834 0.13075024678204794 0.10554537993249653
0.09345688946898216 0.05778447139425845 0.35032803252094963 0.1155689427885169 0.08581039917641269 0.0641884694799879 0.12885074666122703 0.10401204850966522
0.0776004979164048 0.10554610155373054 0.1866186936703324 0.13193262694216318 0.09490098828017476 0.15559720103278357 0.08948473827381503 0.15831915233059582
0.11175522460570039 0.07284064181955745 0.19900283278284397 0.09105080227444681 0.14709491618623968 0.13364148666851877 0.13535313293335674 0.10926096272933616
0.08058217691354241 0.10509797371716786 0.13707687619250203 0.1313724671464598 0.11352541104559684 0.18559333060529334 0.0891048038036858 0.15764696057575175
0.09954320796889563 0.06440714484404936 0.24914315589557062 0.12881428968809872 0.10401165374349008 0.09452936714506989 0.1436183199955369 0.11593286071928884
0.09857517986597654 0.060626780033412625 0.30678310559905425 0.12125356006682525 0.09596980157931123 0.07247469809390658 0.13518867070137083 0.10912820406014272
0.09549775720989845 0.05864303719614075 0.3348483404333744 0.1172860743922815 0.09112292762776154 0.06627917593221488 0.13076522025527504 0.10555746695305333
0.11145844635685197 0.06882185907551173 0.2596251140283301 0.08602732384438966 0.14087856913352464 0.10207050409885256 0.12788539484927178 0.10323278861326758
0.13229825064269488 0.07842150903716226 0.25783570822762975 0.09802688629645283 0.13945490454896825 0.09644588079901542 0.10929266278126905 0.08822419766680754
0.08677942724646928 0.10375408720282474 0.15589227465893626 0.12969260900353094 0.11223349208853262 0.16805155723655243 0.08796542175891664 0.1556311308042371
0.11793834654683977 0.07224592198535845 0.18405434408480237 0.09030740248169807 0.15609803290397128 0.13673904980769339 0.13424801921159893 0.10836888297803768
0.11040771556841479 0.060679267212841434 0.2696118264374832 0.12135853442568287 0.11208901141608203 0.08132525467879151 0.1353057092775897 0.10922268098311458
0.10499044121808356 0.059001996646688176 0.31513197904184376 0.11800399329337635 0.0966372216368018 0.06846512794520926 0.1315656462539584 0.10620359396403872
0.10139492494767656 0.05770867562938903 0.33766620653642115 0.11541735125877806 0.09056637418158515 0.06468911789488073 0.12868173341836894 0.10387561613290025
0.09504278325105489 0.1195780952759388 0.2084287798977305 0.1494726190949235 0.08419350108801836 0.13272279275426802 0.076036071452635 0.13452535718543113
0.10532688519745832 0.061858712187912474 0.2861024830430839 0.12371742437582495 0.09253923299709159 0.08117388472495174 0.13793569553543467 0.11134568193824244
0.08523387887486096 0.10569759293651493 0.16603338752365607 0.1321219911706437 0.09938101648869527 0.16337256698076785 0.08961317662008876 0.1585463894047724
0.10371259433262286 0.069972920491773 0.26285764343019663 0.1250665565178742 0.09809647697951591 0.08829403018961418 0.13943987719231643 0.11255990086608678
0.10420747524396237 0.06394644458755702 0.31190714108953943 0.11836468157071132 0.09307792618435132 0.07000033114408702 0.13196778676615128 0.10652821341364017
0.08421224527813974 0.11198766074075506 0.17358501792328965 0.1302570597262103 0.09863250222605033 0.1566687758371947 0.08834826659690787 0.15630847167145234
0.10285397972878707 0.06999105094087847 0.26661083913862405 0.12423492572831693 0.09738775158629995 0.08859734879764897 0.13851267092395933 0.11181143315548525
0.10365240323262208 0.0637079876308038 0.3136586236844476 0.11788622068105746 0.09261285197334676 0.07094997560454673 0.13143433858022377 0.10609759861295172
0.13631865249721825 0.08276602828274632 0.28258227501874894 0.09627363891020449 0.11976227975414976 0.08831292773278897 0.10733792278495932 0.08664627501918402
0.11169998012037287 0.06236217068081949 0.31864369314899005 0.11342539818335565 0.09639273876231638 0.06893230634663805 0.12646085439248753 0.10208285836502008
0.10376664334654345 0.060992027642970334 0.33826925597238133 0.11361205134044193 0.08958219739386229 0.06485801936410437 0.12666895873329867 0.10225084620639774
0.13570794524894564 0.08149481394189638 0.29320533342215854 0.09501560097617022 0.11741327570257659 0.08571368545776045 0.10593530437193902 0.08551404087855319
0.09137047210310716 0.11122320915889074 0.16599262450131688 0.12656790787427635 0.10412174409792478 0.1629964935614955 0.08584605925385701 0.15188148944913157
0.10572165885791776 0.06970295337247219 0.2615813623967664 0.12368121417247299 0.09880610836092812 0.09129828622326557 0.13789532386095124 0.1113130927552257
0.12335335029406351 0.07442060331611729 0.22719873669118307 0.0860674911749365 0.1450367525001956 0.11269697032964499 0.12794510628393546 0.1032809894099238
0.128053024155556 0.0731107770927007 0.20896174701862913 0.08394186627390592 0.1626254751578702 0.11779164866994914 0.12478522210270192 0.1007302395286871
0.08958970470175154 0.11011420842284513 0.13826803938235524 0.12656024052954198 0.11734205195814262 0.1804126075759629 0.08584085879395022 0.15187228863545038
0.08037927953597647 0.11621074587714773 0.11590980457675265 0.1290132391581606 0.10446513935872373 0.21170127272660674 0.08750463177683937 0.15481588698979273
0.11799429243535076 0.08066530054807967 0.16449904292765263 0.08907314135147257 0.15227953718003012 0.15618770879226385 0.1324132071433831 0.10688776962176709
0.14742698783655928 0.08599103254334729 0.20964063729650503 0.09813612055455888 0.1455966808053771 0.1154715816373025 0.109414450827247 0.08832250849910299
0.11958497723553473 0.06432203604030552 0.28013599465925776 0.11658924309922496 0.10694727630500418 0.0775018485055181 0.1299883053658523 0.10493031878930247
0.12755149482248318 0.07280254912383637 0.2337452575508575 0.08459089743729165 0.14735058647297394 0.10670008714908724 0.12575005051872012 0.10150907692474996
0.11237495883776523 0.06298569969873123 0.2934642214955285 0.11585776867257758 0.1068110788003535 0.07506151472194005 0.12917276596778424 0.1042719918053198
0.1059197083011455 0.06160758855932464 0.32560257877029264 0.1146844795191201 0.09377329554613736 0.06733168161620041 0.1278646361205712 0.10321603156720809
0.12177000638024016 0.07203099203008055 0.2533875512345506 0.08391551341370487 0.14081140870577039 0.10263986533316267 0.12474604680604486 0.10069861609644586
0.08828929898008216 0.110016809478142 0.1527224158810174 0.12656670188193198 0.11167224441996493 0.1730072458241023 0.08584524127644083 0.15188004225831836
0.10574505685013914 0.06989827878914513 0.25408282533198917 0.12415167122580129 0.1020460834358845 0.09391973189714256 0.13841984836667692 0.11173650410322115
0.08559139419611743 0.11248879486355799 0.15434984638616112 0.1300550615008172 0.10158538910498727 0.17165218104247615 0.0882112591049021 0.15606607380098061
0.10503464297249344 0.07023008278606507 0.25543745011971836 0.12448349145851428 0.09922825706306103 0.09476113012403713 0.13878980316344802 0.11203514231266286
0.08531914608991757 0.1123913093761241 0.1546334192177289 0.12989017272686326 0.1006193317304884 0.17317899208494328 0.08809942150169857 0.1558682072722359
0.07958066987296913 0.11665516730404378 0.12110338293964268 0.12924073620739082 0.0999982572711003 0.21067396883271058 0.08765893412327379 0.15508888344886898
0.13518661548260819 0.10090617360278195 0.1916350587668098 0.10169788308046421 0.12954858283895723 0.13611204121550305 0.11338555024045785 0.09152809477241779
0.10462670572065974 0.14028946299717665 0.15153642886801325 0.14411124348130808 0.0925914219720901 0.16383585483925742 0.07330876298831761 0.12970011913317728
0.08348300239080268 0.13124483946629484 0.11901601579065244 0.12704510528949967 0.09649137438914551 0.2040958127385446 0.08616972358766066 0.1524541263473996
0.10550851759405865 0.07962122902346842 0.2348093269690923 0.12536701925980503 0.09875127993327117 0.10333743915950333 0.13977487072697664 0.11283031733382454
0.1069988616755912 0.06904397438565245 0.29656188627650726 0.11845959552188362 0.09425054783141228 0.0759978896006802 0.13207360873857768 0.10661363596969525
0.10429376989199848 0.06554354018028564 0.3272443595841188 0.11439775116185347 0.0901758848790109 0.06784176285720708 0.1275449553998575 0.10295797604566811
0.1369205254431446 0.08605671532681082 0.2872208059084933 0.09439264023865833 0.11781288257718854 0.08740230465169124 0.10524074963922057 0.0849533762147925
0.11238907096050291 0.06632492933856698 0.31991232868461755 0.1116224905669592 0.09558766905014426 0.06925252294339584 0.12445074694555003 0.10046024151026328
0.1044895084364369 0.06413201311958598 0.3381164444761238 0.11232557518438255 0.0892389185193146 0.06536988877323607 0.12523463382497577 0.1010930176659443
0.1364142851513861 0.0853946860489952 0.29195030703501945 0.09386941090824995 0.11694395813678939 0.08628749491935474 0.10465738798278017 0.08448246981742495
0.13103080124114003 0.07732194887948778 0.23567455044356284 0.08141602970232664 0.148412615322817 0.10741442237456436 0.12103039639330945 0.09769923564279195
0.11298614381316494 0.06681307658962238 0.2934149693638225 0.11439526458298463 0.10661889126547655 0.07527373321025844 0.12754218304998435 0.10295573812468618
0.10589628031363746 0.0650066285050088 0.3250186716094229 0.11382316600282623 0.09344262801027624 0.06746744032925316 0.12690433582703162 0.1024408494025436
0.1375130514213735 0.08590362322316292 0.28600234123788876 0.09430554914121501 0.11901901159355122 0.0872377795908082 0.10514364956490688 0.0848749942270935
0.1048998045481209 0.1353886422263878 0.18585005497513718 0.14244160026030342 0.08942611342767154 0.1413369215869953 0.07245942274111088 0.12819744023427304
0.10889200190363314 0.07737224614924731 0.2705429344855626 0.12067038405733063 0.09339492646715268 0.08598568831409395 0.13453847297138205 0.10860334565159757
0.12442815007757743 0.07902636801686676 0.23021139180703937 0.08497669617289874 0.14232881935675673 0.11073297291032713 0.12632356625105545 0.10197203540747848
0.11152295337928465 0.0675218210641354 0.29120201589272876 0.11537729346109 0.10543404826814075 0.07646523185630472 0.12863707196333465 0.103839564114981
0.0863379383345982 0.11683888557419135 0.16551924002397383 0.1277224968069769 0.1016358251065832 0.1620494462379635 0.08662917174734085 0.15326699616837225
0.10374810692458974 0.0805806816560301 0.25958920585577927 0.12167450740498502 0.09780956143373923 0.09143288449095176 0.1356579955694385 0.10950705666448651
0.10487836140092524 0.07124083081746437 0.3086254906580379 0.1162169418516941 0.09261262098959766 0.07225728935722543 0.12957321725853055 0.10459524766652467
0.10279018031407607 0.06797998388076416 0.3328313999308362 0.11309958358105843 0.08898775724018987 0.06642387440467394 0.12609759542544874 0.10178962522295258
0.10097692627830479 0.06662770818646639 0.3445844630718873 0.11159923697811742 0.08695578174042491 0.06439174953515986 0.1244248209293339 0.10043931328030568
0.1343652954494343 0.08882740427826302 0.2945241175716563 0.09324800769798003 0.11558887324062803 0.08555852505715322 0.1039645697767031 0.083923206928182
0.09039817504173467 0.12448847720591279 0.1645806918494009 0.12339753331013024 0.1025688609444064 0.16279350343112692 0.08369571824513182 0.14807703997215627
0.07936112808622037 0.13549850465536062 0.12232236491250137 0.1256847998203587 0.09877858941638015 0.20228577170746154 0.08524708161728678 0.15082175978443044
0.13397518126256494 0.11057172315801901 0.19080116081012363 0.10041381378891907 0.1280468943623432 0.13386488540155148 0.11195390880645155 0.09037243241002715
0.0898179223800908 0.1303962690372054 0.13028620825559048 0.12353125539640906 0.10585540939604712 0.18808901235531497 0.08378641670365136 0.14823750647569087
0.10581988652243395 0.08759125839840788 0.23875021596776252 0.12229181698486773 0.09996986326025653 0.0991680738967617 0.13634624968312864 0.11006263528638095
0.123284919719435 0.08750030055682968 0.21582953323151635 0.08474539652630567 0.14519436117994391 0.1157712891630585 0.12597972379134395 0.10169447583156681
0.11128469147960497 0.07471676064816736 0.28273274369664925 0.11498774350910691 0.10647549524585857 0.07811084342465123 0.12820275283776547 0.10348896915819622
0.14026743343586665 0.09451871990028851 0.26530914159065655 0.09440225838559414 0.12434041867665138 0.09094852230862631 0.10525147315528183 0.08496203254703473
0.15012231275474544 0.09758278972947179 0.2535640575451878 0.09180662934758703 0.1289665260824048 0.0929741776462115 0.10235754048156345 0.08262596641282832
0.11732760796533763 0.07475813088266893 0.3011586767726455 0.11152290843188654 0.09939496052201689 0.07112737754029981 0.12433972029644665 0.1003706175886979
0.08701127022136476 0.12612506866406986 0.16777360583741277 0.1258028183306905 0.09882208338407975 0.15817464261082456 0.08532712895472923 0.1509633819968286
0.07808203427796936 0.14150464197292106 0.12274638791578718 0.12476035482304962 0.09716442595558779 0.2014096625174789 0.0846200667495467 0.1497124257876595
0.10245788161813937 0.09032861720253176 0.23494289344727015 0.12304470882321543 0.09792053328932378 0.10337945978169746 0.13718566789692824 0.1107402379408939
0.10538683860246703 0.0760981384918526 0.29570505158113236 0.11712609661341657 0.09347796430805386 0.07620556648052182 0.13058685697048086 0.10541348695207492
0.10331679447951135 0.07115865039566552 0.32617966206185994 0.11336758948137943 0.08956175337664023 0.0679883176678356 0.12639640200386631 0.10203083053324148
0.13566415253872666 0.09270570503007448 0.28576045902724184 0.0934154332414216 0.11686218929811583 0.08736693418394338 0.1041512367631969 0.08407388991727942
0.11148818321172117 0.07304106472892571 0.3183643405479303 0.11040052851310635 0.09488960873962857 0.06936744815019015 0.12308835044670213 0.09936047566179569
0.10379190562513455 0.06949739182782749 0.33677130820044204 0.11137019200257513 0.08869025593639772 0.06547632073079261 0.12416945287451284 0.10023317280231762
0.10079927319623697 0.06843657543356516 0.3461326299393948 0.1107610913569698 0.08644950144952193 0.06424559529310346 0.12349035110993499 0.09968498222127284
0.1184755099750656 0.08093667878897867 0.26103189655326586 0.08209032995625282 0.13574576626478735 0.1011786335045525 0.12203278900959373 0.09850839594750338
0.14188560459113958 0.09484826631461941 0.25261307743375144 0.0926832456965294 0.13418557659331926 0.09703440595226084 0.10333490229150369 0.08341492112687647
0.09168122236535953 0.13006491593062064 0.15015678760340737 0.12215331759602534 0.10758311981438132 0.16892484016201909 0.08285181541295632 0.14658398111523038
0.11905962461870737 0.0978990736724032 0.17627635358929605 0.0853936362625549 0.14999020302359947 0.14196536962060508 0.12694337569776817 0.10247236351506588
0.11181574546746224 0.07810824479950175 0.2614091148955138 0.11706950069135783 0.10979437306639278 0.085916713716588 0.13052375674096164 0.10536255062222205
0.10664965853007403 0.07243496630326213 0.3084198717410255 0.11478991539401473 0.09538574395883248 0.07102673096544805 0.12798218925272986 0.10331092385461328
0.13764704760684202 0.0934604086654332 0.2775144158424945 0.09389668258704639 0.11962023737213852 0.08866639972826532 0.1046877938694383 0.08450701432834175
0.11248429173249835 0.07343398197787453 0.314097419117407 0.11079769480453397 0.0960439945360273 0.06989353128520981 0.12353116122236847 0.09971792532408057
0.13935773736828916 0.09314033657823778 0.2794860033312507 0.09319897146050944 0.11921653983187265 0.0878114390840377 0.1039098980313441 0.08387907431445848
0.11288228962262373 0.07326276883253206 0.31501232516901195 0.1105977116830385 0.09579885239466833 0.06959991681737615 0.12330819496601456 0.09953794051473465
0.12326120422133478 0.08224136371095851 0.2473538962156554 0.08232537459225234 0.14031711611789766 0.10332839698361142 0.12238219864758705 0.0987904495107028
0.12648447906129207 0.08366570188105639 0.21565831475311725 0.08148102172338399 0.15933345618510403 0.11447278893023836 0.12112701139774695 0.0977772260680608
0.11192774590319617 0.07360868620422353 0.281917004865856 0.11422449918083526 0.11033859761093325 0.07782962460192955 0.12735179237027452 0.10280204926275173
0.08563114369400965 0.12580787901155932 0.16146313445134666 0.12597665111296696 0.10225376283365084 0.162250414632111 0.085445032928795 0.15117198133556037
0.10318112728548365 0.08562837149763823 0.25648911427096854 0.12088947600557055 0.09779843992617078 0.09243019846563065 0.13478274414352417 0.1088005284050135
0.10453027952818446 0.07437927643018048 0.3066248084193738 0.11575450096287233 0.0925274078105291 0.07294704580426636 0.1290576301780084 0.10417905086658509
0.095681279081892 0.14409841982631658 0.19340272583516996 0.144067468398386 0.08294997904694398 0.13685291145878262 0.07328649479396157 0.12966072155854735
0.10482181952856354 0.08789514169191805 0.2735081882380387 0.11875378334303144 0.0905881541302549 0.08515290185462272 0.1324016062048425 0.1068784050087283
0.12208327171254708 0.08691851444712795 0.23075449459545452 0.08398545527116598 0.14015731733121853 0.11046838024233839 0.12485002007474826 0.10078254632539918
0.08692193481950185 0.12811183647907873 0.14331387274822716 0.12333912466536613 0.10982760513031918 0.17682257461212345 0.08365610194694399 0.14800694959843932
0.1174521942477235 0.0976005495794195 0.17329667298395138 0.08556420736281797 0.15125872161402756 0.14495366428210116 0.12719694109457716 0.10267704883538155
0.12593730728543498 0.0883269375726094 0.1834941406914641 0.08281066258143253 0.16626306769997032 0.13069147723389682 0.12310361183747284 0.09937279509771904
0.14726751031821683 0.09826324814355111 0.2148788773298868 0.09420752286634569 0.14806192705471766 0.10749978612374947 0.10503435758382125 0.08478677057971112
0.13521906708831863 0.08703787555792182 0.20050755062268083 0.0810844672971603 0.16260450768477133 0.11570766438364183 0.12053750660891292 0.09730136075659235
0.10368371789614375 0.14705314569588773 0.15361177948813215 0.14133256589301638 0.10055972915733002 0.1546644907854147 0.07189526178036051 0.12719930930371473
0.10893405519906572 0.0897166181606127 0.25102110170604797 0.12029383056968668 0.09710306013686947 0.09054824278133393 0.13411864393366557 0.10826444751271799
0.12403876034394623 0.08765642669489017 0.22097645576667724 0.08435817799913686 0.1435706176469764 0.11276565050591568 0.125404097443493 0.10122981359896423
0.1112349762995101 0.07452893557406239 0.28537974011859985 0.11460430435070258 0.10581163683129684 0.07752128611918868 0.1277752467910072 0.10314387391563233
0.12342926548277627 0.08312433887459528 0.23477813189156788 0.08304179183264766 0.14570434499822132 0.10682477572800363 0.12344720099301057 0.0996501501991772
0.11028530757857322 0.0731039780813323 0.29250444939044484 0.11368419995045274 0.1057284479309649 0.07562843806358839 0.1267493990492361 0.10231577995540747
0.1393687408781693 0.09374294832218778 0.2696962138663368 0.09397758010527432 0.12370893050590205 0.09014777566224871 0.1047779885651342 0.08457982209474688
0.1133547475933791 0.07369918139268943 0.30998605450362643 0.11111975761485354 0.09751315433973326 0.07042908548101326 0.12389023722133671 0.1000077818533682
0.10473507486074565 0.06987339335266318 0.33258187207940304 0.11179982136527093 0.08979570857824137 0.06594583298290604 0.12464845755202593 0.10061983922874383
0.10126999936254671 0.06863342846875209 0.34407041091643115 0.11097968005666405 0.08696476684322259 0.06446594110388114 0.12373406119750453 0.09988171205099763
0.08285049301094134 0.12394032757811485 0.18159371351261486 0.12564586905629901 0.09500462782132547 0.15496924974974297 0.0852206764034028 0.1507750428675588
0.0770638477466186 0.14081522036931224 0.1270922924303673 0.1247636096197244 0.09610902653491653 0.19981739740462212 0.08462227435076959 0.14971633154366926
0.10193376788973092 0.09002797080889684 0.2374438024039112 0.12281717927307939 0.09748962080857419 0.10282020804169231 0.13693198942834373 0.11053546134577144
0.10509876631298312 0.07594866277468217 0.29699766063827976 0.11697109961825743 0.09330528400169819 0.0759904901098491 0.13041404688781838 0.1052739896564317
0.10316201901309449 0.0710816512223093 0.32681615110520235 0.11328101524394889 0.08951110086999702 0.06789527063599865 0.12629987818989524 0.101952913719554
0.11988605880118451 0.08194178419676101 0.2529548656022639 0.08258213678974985 0.13781867670381107 0.10295402085914047 0.12276389289938933 0.09909856414769981
0.08638700918223868 0.12639893402350844 0.15054354883836985 0.12320968922880342 0.10916651066045181 0.1728743700368752 0.08356831095518841 0.1478516270745641
0.10369055477273509 0.085968641997583 0.25002555760138334 0.1210522282959463 0.1001330882931086 0.0952187227712922 0.13496420080159982 0.10894700546635168
0.10496146206141524 0.07463842981281908 0.3032665293347383 0.11606434763975455 0.09344237415379553 0.07376585802185255 0.12940308609984572 0.10445791287577907
0.08398216251265342 0.12640924093340497 0.16843245291141615 0.12630814623622202 0.0972383027742503 0.16039004604923618 0.08566987309935059 0.15156977548346642
0.10215046605216599 0.08803527933322149 0.26006277346180023 0.12015457425130696 0.0958724324975659 0.09162197404682827 0.13396338353093476 0.10813911682617626
0.12115970382095906 0.08908682789247545 0.2247218491349382 0.08399316500258759 0.14259246122343824 0.11279271381417214 0.12486148110832422 0.10079179800310509
0.12610847351628676 0.08761310784956992 0.20580428107479898 0.08175772546370078 0.16089622076366936 0.11817257068322581 0.12153835009230742 0.09810927055644093
0.11212791933921189 0.07641429790967072 0.2763891485212666 0.11443399873200458 0.11115261164808567 0.07890605625542302 0.12758536873553344 0.10299059885880413
0.10577721845360431 0.07293082901809896 0.31561789322549183 0.11343075585841603 0.09491947312969012 0.06876932224177099 0.1264668278003534 0.10208768027257442
0.102220234190303 0.07109969737328738 0.3355929929360167 0.11166288758501636 0.08894275553073368 0.06548904695214726 0.12449578660598093 0.10049659882651472
0.10025559822770745 0.07009576538226414 0.34546120689059884 0.1106075185258585 0.08651744268915977 0.06419657274723384 0.12331912886390492 0.09954676667327265
0.0992169958971091 0.06957252284259911 0.3502787653676167 0.11006584518924216 0.08546545332619063 0.06362595318996346 0.12271520351696104 0.09905926067031794
0.08207626586668991 0.1263411597526628 0.18329404378859115 0.1250917709345451 0.09424652577879736 0.15399525542774203 0.08484485332951755 0.1501101251214541
0.1318951830439585 0.11436658947961557 0.21921811614978332 0.09751158033623851 0.12340922867709361 0.11712074491939718 0.10871813509129874 0.08776042230261465
0.08860513785061577 0.1401150786808227 0.1385288998819355 0.12173730612909991 0.10373363976837185 0.17862551922058406 0.08256965111365039 0.1460847673549199
0.07751588037838603 0.14928027796571786 0.11236280996974339 0.1228592448379053 0.09751798220273424 0.2097020926021433 0.0833306182378836 0.14743109380548633
0.10228827204649198 0.09524299264645533 0.22817178355519133 0.12277120115106098 0.09815324529993716 0.10599769701141197 0.13688072725349634 0.11049408103595489
0.1054211424050823 0.0790606408640917 0.2918574374976314 0.1170581884924887 0.0936806914937671 0.0770583851202826 0.1305111444834165 0.10535236964323982
0.08386397710117924 0.13037712479144345 0.16438117463088298 0.12589228683868078 0.09703585000015595 0.1619910304884833 0.0853878119427574 0.15107074420641692
0.10223980896715382 0.08902922193021283 0.2577489714935938 0.12027393849136032 0.09593648188455896 0.0924285668400809 0.13409646575081516 0.10824654464222429
0.10398363333404638 0.07664819046305171 0.30703139634780585 0.11530244778910284 0.09177755788621036 0.07293094654502341 0.1285536246245669 0.10377220301019258
0.12052231197991889 0.08524148065332494 0.24447742608410644 0.08282493139289974 0.13921103672961446 0.10520807210458374 0.12312482338407187 0.09938991767147969
0.12538943544911557 0.08628991479962754 0.2142968295244509 0.08134512312905252 0.15879676911743706 0.11534279121569775 0.12092498900975569 0.09761414775486302
0.11146651735677461 0.0758203227981137 0.2809282318387748 0.11393247925510111 0.11012535481344247 0.07816165066258954 0.1270262119456127 0.102539231329591
0.08525185684212956 0.12884216951715868 0.16079653912887118 0.12542594574192484 0.10188955071169487 0.16221129214295338 0.08507151102495772 0.1505111348903098
0.10278042835940009 0.08876319831189161 0.25561237046122054 0.12034002012679776 0.09746223433853043 0.09256558844517898 0.13417014184286258 0.10830601811411798
0.10423634691453476 0.0766510801936604 0.3059008287410794 0.1153947222676665 0.0922865593187755 0.0730187087413734 0.12865650378201027 0.10385525004089986
0.10228282101413635 0.07228696287251225 0.33098683671825785 0.11238325757503359 0.08868301028956606 0.06693323432706817 0.12529894538589567 0.10114493181753023
0.10049658945327093 0.07050592901552002 0.3432535598600339 0.11088933172370516 0.08663969869945554 0.06478116314801134 0.12363332954866826 0.09980039855133463
0.09938368251826503 0.06972392894214018 0.3492102980761224 0.11017622433913019 0.08558048830584054 0.06392850788144841 0.12283826803183619 0.09915860190521716
0.09877368836671876 0.06936605830913717 0.352095880652166 0.10983668475979841 0.08505332883480544 0.06356163605389974 0.12245970673965582 0.09885301628381857
0.0984581673950942 0.06919835315008101 0.3534926160412143 0.10967428882402487 0.08479570488915002 0.06339536236844522 0.12227864739036802 0.09870685994162239
0.13225167045050418 0.09299174313529174 0.29780980126795464 0.09215624902454635 0.11391540792314249 0.08518716374611648 0.10274734033035242 0.0829406241220917
0.10965365707263093 0.07442313524830173 0.3242597104910735 0.10935442132633784 0.09345690959838 0.06851116806841621 0.12192201900115578 0.09841897919370407
0.1027843306561295 0.0709078810976208 0.3394964789646335 0.1107016062958359 0.08795688919563535 0.06509733841793842 0.12342402970595436 0.09963144566625232
0.10020327511805638 0.0698824791125795 0.3472935920716396 0.11028827030467228 0.08604208715452479 0.06406766204254608 0.1229631909217764 0.09925944327420505
0.09364864292508496 0.14384569941395273 0.20739384073294348 0.14229529870248153 0.08055580200213701 0.1318099476164264 0.07238499977474061 0.1280657688322334
0.10318717947185002 0.09006401266555356 0.28051098630167265 0.11731960446763773 0.08902788065122896 0.08350008863413026 0.1308026037870528 0.10558764402087396
0.1031716962084466 0.07602349012722519 0.3184777523758161 0.11389261852499123 0.08882477948156502 0.07012453640324197 0.12698177020622156 0.10250335667249212
0.10136990811096501 0.07172706787032919 0.337187858675918 0.11165119504206338 0.08720091842076579 0.0658942260489355 0.12448275029316616 0.10048607553785704
0.08267717716978983 0.12726205402070448 0.17905084939788007 0.1252682640158388 0.09484539309003005 0.15560978380644216 0.08496456168030805 0.15032191681900653
0.10119758848412756 0.0877814434583128 0.26581086484362637 0.11946345459012626 0.09468040766049822 0.09035629514738285 0.1331928366848124 0.10751710913111363
0.12063192534786456 0.0888860839665561 0.22714539193436756 0.08383043314614402 0.1418554493921338 0.11243462716359182 0.12461956927396932 0.10059651977537283
0.14372785303405966 0.09994362063108637 0.23624290929301492 0.09329675934829046 0.1374720586058574 0.1013307914456135 0.10401892422861639 0.08396708341346142
0.133362518422468 0.08937724018312584 0.20977874524363663 0.08054735819360528 0.15723800871932728 0.11330024155352422 0.11973905785198635 0.09665682983232633
0.13014049648464412 0.08725843649654824 0.19825125656884005 0.08119802090573719 0.166838341100743 0.11816951168180535 0.12070631167479737 0.09743762508688462
0.113664661534478 0.07646642259304476 0.2720190084353647 0.11457799988936172 0.11313316416635014 0.07927262420134336 0.12774591927963166 0.10312019990042555
0.14112969560699182 0.0968733562620517 0.25969069215308077 0.09415183775434918 0.12681510730546758 0.09163038409959412 0.10497227283955052 0.08473665397891426
0.13224941382594538 0.08852601208618593 0.2204171156598717 0.08049430932764523 0.15231173526251782 0.10974804549490626 0.1196601971497532 0.09659317119317427
0.0890508050458884 0.13095898564992456 0.13949407202871444 0.12215360423870929 0.1130164790706751 0.17588971904816472 0.08285200983147238 0.14658432508645114
0.07769560320301801 0.1460844480160231 0.11277359867211373 0.12293377018768573 0.10037432227431563 0.20923656755519074 0.08338116586643032 0.14752052422522285
0.10210594435114823 0.0965253984677561 0.22798920467039863 0.12233279437090239 0.0988128309774907 0.1057423758179484 0.1363919364105434 0.11009951493381215
0.10521492305457494 0.08058776720098068 0.2915295523421799 0.11676450468405125 0.09373855723797457 0.07689293231088178 0.13018370895371087 0.10508805421564613
0.08363896502036418 0.13264430153554932 0.16405315946260993 0.12551907995560785 0.09684792515397027 0.16153899260745241 0.08513468031771662 0.1506228959467294
0.11559481583930863 0.10505651460297073 0.1823128858964728 0.08488619192100638 0.14467730307574475 0.13941983275731543 0.12618902560197368 0.10186343030520766
0.10998726304295713 0.08379038290746871 0.2640695651519037 0.11589875100155853 0.10763785567751497 0.08508884811097907 0.12921845820621525 0.10430887590140267
0.13978434928563516 0.1016978424125972 0.25595307094810676 0.09424556813890653 0.12491406292187177 0.0935073197443397 0.10507677522352712 0.08482101132501586
0.11374324164469699 0.07985959434351261 0.302286819874091 0.11097798246722922 0.09806007738445484 0.07145993155353852 0.12373216851197048 0.0998801842205063
0.10485091296344753 0.074454424606346 0.32832539166351393 0.11151014790956704 0.0899254840105133 0.06624901246166381 0.12432549326633817 0.10035913311861033
0.1011570724008331 0.07254971032303449 0.3416205919770845 0.11055292599678215 0.08685446315584032 0.06450934048126741 0.12325826226805413 0.09949763339710392
0.11826235937684028 0.08525931977886697 0.2587486060819185 0.08166441468065246 0.13558109465715654 0.1010872704616184 0.12139963734616396 0.09799729761678296
0.1072019261314431 0.07625685463702332 0.30465451848087705 0.11174484042384335 0.10148825862647434 0.07349608741349015 0.12458715790538952 0.10057035638145902
0.08383095251275291 0.13158709685212341 0.16805893930409854 0.12462054291175219 0.09883944978799737 0.15899312933615853 0.08452523780101452 0.1495446514941026
0.10165522758479602 0.09208428520599266 0.259093776064456 0.11930043091452143 0.09596261509330296 0.09152219986140261 0.13301107745245896 0.10737038782306929
