0.125 0.125 0.125 0.125 0.125 0.125 0.125 0.125
0.08769198837691987 0.1551473640514736 0.07644942576449425 0.13525667635256675 0.10523038605230385 0.18617683686176836 0.0917393109173931 0.1623080116230801
0.1274100709995851 0.1028490934574964 0.15926258874948138 0.12856136682187053 0.1146690638996266 0.10820625605772334 0.14333632987453324 0.11570523013968345
0.09962640099626402 0.07845579078455792 0.19925280199252804 0.15691158156911583 0.08685378548392246 0.06839735606858895 0.17370757096784492 0.1367947121371779
0.09444644354078607 0.15741073923464347 0.10039762527401262 0.1416696653111791 0.11805805442598259 0.19676342404330432 0.10625224898338434 0.08500179918670747
0.07305900891983433 0.12176501486639056 0.09576190948238417 0.14611801783966866 0.0913237611497929 0.17973625206259217 0.1095885133797515 0.1826475222995858
0.07267834860904435 0.12113058101507393 0.09495325952727816 0.1453566972180887 0.09853602013730328 0.17663169905703416 0.10901752291356653 0.18169587152261088
0.08907354596019049 0.1484559099336508 0.08733223787253004 0.13361031894028572 0.1216703138174942 0.239483742906463 0.10020773920521431 0.08016619136417144
0.07589458394594203 0.12407868724938681 0.08766428990445808 0.15509835906173353 0.08415771830827977 0.18179118277076975 0.1051971478853497 0.18611803087408021
0.08647994811347928 0.14292045083941363 0.10097640548436831 0.17865056354926703 0.07270301194874519 0.16660534793445464 0.09087876493593149 0.16078550719434032
0.10725880845668667 0.07586629176716544 0.18796723034849946 0.1517325835343309 0.08458525365682475 0.08685999974194555 0.1691705073136495 0.1365593251808978
0.09449764196401023 0.07441689304665805 0.22229033459307065 0.1488337860933161 0.08891351190676874 0.07653018160834427 0.16476511932186397 0.12975253146596788
0.07097397497857039 0.1182899582976173 0.11684628858194084 0.14194794995714077 0.0962715449124943 0.17177438335795486 0.1064609624678556 0.17743493744642597
0.05910686456468416 0.09851144094114027 0.06369056025255945 0.08866029684702624 0.12921091673633558 0.27710697074777035 0.10639235621643148 0.17732059369405248
0.06681767280838107 0.11136278801396844 0.08905031473865675 0.13363534561676213 0.09424930816559433 0.23761387942311307 0.1002265092125716 0.16704418202095264
0.08314339588262237 0.1385723264710373 0.08637088056067958 0.12471509382393355 0.12089544841131325 0.27793747818810366 0.09353632036795018 0.07482905629436014
0.08087369698608628 0.13478949497681048 0.08389651240434394 0.12131054547912941 0.12269100970116806 0.2926695040556372 0.09098290910934707 0.07278632728747766
0.06492419453337397 0.10104329267498885 0.05383343897140229 0.08808902438332361 0.11422285258911782 0.3021302509521718 0.09957889712897453 0.17617804876664722
0.10108248982772772 0.07343581218079902 0.1915410191727018 0.14687162436159804 0.0818754502970998 0.10925824164043561 0.1637509005941996 0.13218446192543826
0.10373251235799175 0.07148910266337855 0.23461871263296336 0.1429782053267571 0.07970501446200563 0.0793860388388109 0.15941002892401127 0.1286803847940814
0.09016047499960586 0.07100137406218962 0.25208092794462744 0.14200274812437924 0.08922792412782614 0.07452640365926655 0.15720287948649225 0.12379726759561269
0.06893934786828987 0.10558609770017949 0.0805338267993716 0.09204941850784878 0.11935819740020288 0.24537841030823274 0.10405586440017689 0.18409883701569757
0.11349644082454188 0.08187815616127248 0.1490390844284182 0.1023476952015906 0.1217173784128767 0.15655728771329547 0.15214672301609586 0.12281723424190871
0.12164472704474036 0.09579522254773302 0.19371671034183668 0.11495426705727962 0.12847885470507053 0.11793457872967518 0.12725909906218988 0.10021654051147455
0.0759654856983068 0.11274561137512736 0.11625201192139373 0.13529473365015282 0.10374674638228108 0.18540594367243252 0.10147105023761462 0.16911841706269098
0.07251502403753772 0.11231887053278142 0.10163157231883761 0.1347826446393377 0.09952177112982251 0.20966482806300754 0.10108698347950329 0.1684783057991721
0.07608966796781731 0.11625333441156153 0.10032249665517108 0.14531666801445192 0.07885008768784174 0.21022513403601206 0.09856260960980219 0.1743800016173423
0.10805106560872231 0.07905222940693814 0.14722848183328388 0.09486267528832577 0.14739503804753973 0.15425649064394842 0.15057567506083452 0.11857834411040719
0.09696914750551508 0.1386670645032166 0.09041412514036536 0.12088923572075295 0.09405244375000779 0.2319464623742063 0.08199443814103241 0.14506708286490352
0.10442129618451652 0.07006693296968844 0.21432773793297982 0.14013386593937688 0.094063044274723 0.0996851869244985 0.15513395008347786 0.12216798569073883
0.08107526315900347 0.11643321475086832 0.12142789153606721 0.1455415184385854 0.08645023423849359 0.1757069388966825 0.09871511685399706 0.17464982212630248
0.07657773205874424 0.1116235226769688 0.10456005116207348 0.13394822721236258 0.09988342008020028 0.20551059238492547 0.10046117040927192 0.16743528401545318
0.07547368560269344 0.11401644373755927 0.09938002765833602 0.1425205546719491 0.09100257268917904 0.20991593469123093 0.09666611534271331 0.17102466560633892
0.10077810470997427 0.06995429987788779 0.2217589198169528 0.13990859975577558 0.09504379624604599 0.0957001086480723 0.15488457115820495 0.1219715997870864
0.07912396721133502 0.11162933843464382 0.1274875183779677 0.13395520612157258 0.10379090299218767 0.17610265461914812 0.10046640459117942 0.1674440076519657
0.06538837710726599 0.09830822333919102 0.06223959718723651 0.08570460496237166 0.1315364425856287 0.28853007841436007 0.09688346647920275 0.17140920992474332
0.13128940902997144 0.09233718190992708 0.16425461693550916 0.1108046182919125 0.13672017871644218 0.14532982981901393 0.1226652672991461 0.09659889799807755
0.10040068437245013 0.134850086084723 0.10574966574598287 0.12136507747625071 0.1366964817207893 0.23709515000686568 0.09102380810718802 0.07281904648575042
0.07726755221087593 0.11106811563697877 0.09754940282094375 0.13883514454622348 0.0940785281926944 0.2204326372706814 0.0941664458661342 0.16660217345546816
0.10048442689921065 0.06948608919106834 0.22287822534485136 0.13897217838213669 0.09602197855310607 0.09715395498984332 0.15384791420407476 0.1211552324357089
0.06978631692193954 0.1006337423962143 0.07454436022118345 0.08773198055054579 0.13842630627685376 0.2542380501706851 0.09917528236148655 0.17546396110109158
0.10857122729566102 0.0758286125584372 0.1393981685639948 0.09099433507012465 0.16509305527613352 0.16193622990573175 0.14443545249226133 0.11374291883765582
0.06782666288253296 0.09598008019326236 0.06249168132154118 0.08367494170694668 0.14978966438578797 0.2782980215577481 0.09458906453828754 0.16734988341389337
0.07372809367027787 0.10607795080698032 0.08974745585200221 0.1272935409683764 0.11192872516111942 0.23663715160449103 0.0954701557262823 0.1591169262104705
0.086717479237698 0.13132874249162654 0.07796537042143545 0.11449172422346929 0.11432303503237155 0.2601283230954046 0.07765525642983134 0.13739006906816315
0.10299410681805518 0.06929782900664752 0.20252692395286773 0.13859565801329504 0.09984104058789764 0.10748453368400068 0.1545238157252707 0.12473609221196552
0.1365385706477927 0.08926560728000443 0.2090312924990178 0.11158200910000554 0.12465547294811274 0.10409762620416 0.12440561313090169 0.10042380819000497
0.11232886946899262 0.06523845421271525 0.2632795818501892 0.1304769084254305 0.09681928783254551 0.07366449741059787 0.1444433011465897 0.1137490996529394
0.07428332189591053 0.09595053404790913 0.09009038881782366 0.08635548064311822 0.14533713001317855 0.23164560652408142 0.10362657677174186 0.17271096128623645
0.08611430985678152 0.1300167619655213 0.07959454360682233 0.113347946328916 0.12108467039104709 0.25694475561573027 0.07687947664048216 0.1360175355946992
0.07833386995395747 0.10679334118324554 0.09406079873625992 0.12815200941989463 0.1063601547370784 0.22999580712977463 0.09611400706492097 0.16019001177486827
0.0742875178463853 0.1114485427126885 0.09845992949109923 0.13931067839086064 0.09601455334743327 0.21881698227739477 0.09448898186510549 0.16717281406903278
0.10037047717809354 0.06931518493213219 0.2164509184721313 0.13863036986426439 0.09600271920405368 0.09990048062282222 0.15456251684866487 0.12476733287783792
0.1013934229538333 0.06655249664347214 0.2619895834948687 0.13310499328694428 0.09230256193046323 0.07646031342567979 0.14840213430648863 0.11979449395824986
0.09988848648592423 0.06534880840251567 0.27929072759504114 0.13069761680503134 0.09007473478512053 0.07135368161772193 0.14571808918411702 0.11762785512452821
0.11591446911070387 0.07599753056228215 0.2093527241406494 0.09499691320285268 0.13911681704812315 0.10940595822623236 0.14121929186573323 0.11399629584342322
0.1187113681432401 0.07536996945079706 0.1856482467500796 0.09421246181349632 0.15449584224644472 0.11845400523132527 0.14005315218842143 0.11305495417619559
0.10427535222949548 0.06583617660101027 0.24872827857680416 0.13167235320202053 0.10501716399517388 0.07916070998843938 0.1468048475252378 0.11850511788181849
0.10048834425069882 0.06533584066892205 0.2744750826959917 0.1306716813378441 0.09389863710263657 0.07183672766616102 0.1456891730736859 0.1176045132040597
0.07883992770753964 0.11311434142151826 0.14141483537192998 0.14139292677689783 0.09657959809108724 0.16308556903267993 0.09590128946606982 0.16967151213227738
0.10388627654414226 0.06821275732304402 0.24049140749317596 0.13642551464608804 0.09484154787756939 0.08617877930308664 0.15102865276245803 0.11893506405043572
0.09497483805325005 0.13553563778493985 0.11157921180997396 0.11815927396635784 0.11606819852255391 0.2017488991956785 0.0801428119076166 0.14179112875962938
0.10295528863064878 0.06816262602849829 0.2214499193743408 0.13632525205699658 0.10053335226496621 0.09588835227597407 0.1519924825172783 0.12269272685129694
0.07921973049821607 0.11327797023088709 0.1294147263189259 0.14159746278860888 0.09828263225183059 0.17225050432597053 0.09604001823923038 0.16991695534633067
0.10435056367478292 0.06846496744844327 0.23576344718637465 0.13692993489688654 0.09553052783509254 0.08799867720479276 0.15158706671531597 0.11937481503831134
0.09687720062990206 0.13516805603528365 0.11054112462965633 0.11783881808204218 0.11610392192885227 0.20213883777494962 0.07992545922086337 0.1414065816984506
0.11874184308135373 0.0767387277837273 0.15561735701585983 0.09592340972965911 0.15104797892802063 0.144226000605579 0.14259659118020968 0.11510809167559094
0.10866073490657338 0.06618179890006026 0.2366372270942798 0.13236359780012052 0.10542233341426266 0.08403153619789346 0.1475755336667015 0.11912723802010845
0.10466208713442182 0.0652839399398799 0.2694498357403634 0.1305678798797598 0.09430335499447809 0.07264836822501386 0.14557344219429932 0.11751109189178381
0.10277828215217205 0.06461680689158938 0.2817673066038237 0.12923361378317877 0.09113731047403521 0.07007059262163175 0.14408583506870826 0.11631025240486088
0.10195853632170888 0.06433391845807707 0.28629029646748566 0.12866783691615413 0.09013110762594125 0.06936221490196423 0.14345503608413004 0.11580105322453874
0.08126378334957755 0.11256169372712346 0.14390342771157277 0.14070211715890435 0.09573244535206778 0.16156125177620334 0.09543274033386556 0.1688425405906852
0.10166190137288031 0.07527068021268522 0.23407706257705452 0.1346113318605822 0.09512120437129501 0.08802603152821036 0.1500815894027685 0.12115019867452397
0.1030429708835451 0.07036232889834831 0.26829178226992967 0.13033178046495253 0.09212101766599458 0.07324130843262396 0.14531020896614857 0.11729860241845728
0.10209182371184151 0.06911513395265481 0.2807994781897177 0.12859062150410527 0.09038987791221809 0.0699125587137281 0.14336894666203975 0.11573155935369475
0.1014386647388406 0.0687052884336211 0.28534914604911243 0.12796731480096496 0.08964143139851359 0.06905356505461502 0.14267400620346393 0.11517058332086848
0.10113827505767507 0.06856193245073035 0.2870054168469009 0.127745636397646 0.08934881597512416 0.06880199918711434 0.1424268513269277 0.1149710727578814
0.08054920444049488 0.11973380706995312 0.14333526697115384 0.1394484427011484 0.09487759193665832 0.16013513363321707 0.09458242200599631 0.16733813124137806
0.07569185057255678 0.1342039660029382 0.10911113210273223 0.13722382519483825 0.09443456137732702 0.19159252351408537 0.09307355100171638 0.16466859023380587
0.1139568209944792 0.09525143984215417 0.15461615507341028 0.0952867000402362 0.1436586417637519 0.14123612277488592 0.1416500794627989 0.11434404004828345
0.08096778403512084 0.12837083828540832 0.1112254686802401 0.13590730943376456 0.10441257245411424 0.18384664591402028 0.09218060987681423 0.16308877132051747
0.10219268869452186 0.08335513140912355 0.21941269494924745 0.1345179548864836 0.0972644830617234 0.09221340655598535 0.14997748104507946 0.12106615939783524
0.10368684611337188 0.07520434355942 0.26202889929035134 0.13017441059915594 0.09265383095904389 0.07395994662961139 0.1451347533098052 0.11715696953924032
0.08096419186674221 0.12652836667114337 0.13714279748430283 0.13861103212308326 0.0951558640583013 0.16125007006959236 0.09401443917913474 0.1663332385476999
0.10171671197239421 0.08258908077750204 0.2301709946190603 0.13370981370727064 0.09467154543963945 0.08772655720828948 0.1490764639393002 0.12033883233654356
0.1034280590261251 0.07483223012160656 0.2660692191798863 0.12966794880721805 0.09178549735264505 0.0729458053785722 0.14457008620745054 0.11670115392649624
0.10252432059357186 0.07293291363160818 0.27930005147142056 0.12789939436999784 0.09004653348838153 0.0695890515203974 0.14259827999162442 0.11510945493299803
0.13588172292231745 0.09653010886350835 0.23691854088640882 0.10610477787703124 0.1191046534138137 0.09166698688170806 0.11829890906588407 0.09549430008932809
0.144770388809025 0.09914935938532987 0.21954396173080087 0.10454842871969318 0.1258135245128623 0.0955170550936533 0.11656369590091165 0.09409358584772386
0.1121234148559843 0.07564819349348292 0.2589398166860274 0.1270584505747814 0.09699570529865993 0.07322112315680313 0.14166069041695778 0.11435260551730328
0.10465332009484023 0.0730114812571205 0.2762343299577698 0.12781848113335417 0.0911115952324451 0.0696260915333835 0.14250806777106798 0.11503663302001874
0.13672285333440046 0.09654159910010894 0.23578167012872506 0.10609965561642778 0.11939591951387622 0.0916754141241071 0.1182931981275695 0.09548969005478501
0.09882376972624207 0.1479577311178163 0.14918807303605475 0.1560081071827104 0.08571574108805713 0.1425386355569535 0.0793606458277266 0.14040729646443936
0.1217931156603376 0.07676124522076913 0.1649383603416151 0.09211349426492295 0.1494775041888934 0.1335625168337003 0.14621189565860787 0.11514186783115367
0.08324042456654066 0.12467218401665366 0.11369605041361826 0.1359792416050737 0.10580926740302923 0.18119834341511984 0.09222939865387608 0.16317508992608842
0.11629872808902074 0.09353825141725419 0.15558128279873784 0.0948565474683532 0.14681115036574538 0.13807555412501452 0.14101062877385043 0.11382785696202384
0.10821309508916974 0.07692020331494369 0.23490191245774697 0.13061041494843778 0.10384676168846257 0.08233737342602895 0.14562086562161644 0.11754937345359401
0.10468578145134509 0.07382319963880518 0.2673881571302661 0.12903313009833467 0.093321938709456 0.07175566516171547 0.1438623107215761 0.11612981708850122
0.10288411764435605 0.072728736570975 0.2796771421094439 0.12773619343463366 0.090277580714185 0.06931733230736843 0.14241632312786764 0.11496257409117029
0.1361651044957385 0.09644865686272538 0.23697964492986615 0.10604465550678432 0.11912678455130277 0.09156308658767415 0.1182318771098028 0.09544018995610587
0.08589181459928717 0.128703131579627 0.13006683535982197 0.13572358611543045 0.09938818401532785 0.16530214745282737 0.09205599753916152 0.1628683033385165
0.10305669722331672 0.08288316475238389 0.22695733800545353 0.13367207064165737 0.09561437552701414 0.08847710703489442 0.14903438323778814 0.12030486357749164
0.10398466875079705 0.0749130034762869 0.2647780676185058 0.12974078035780065 0.09204919461253507 0.07311629491089414 0.14465128795115983 0.11676670232202059
0.10285498238011351 0.07295414841666467 0.2787768695307331 0.127916099592694 0.09012753664091376 0.0696289687371841 0.14261690506827226 0.1151244896334246
0.13620120680162526 0.09651274171120135 0.23669225482632827 0.10607825736350887 0.11911851368186345 0.09165725331586551 0.11826934067244944 0.09547043162715797
0.10978178651055093 0.07505491441035973 0.26582683564048853 0.1266259953799955 0.09526187794778626 0.07230665912127579 0.14117853514754725 0.11396339584199597
0.10394902694867295 0.07278600709890416 0.2788339343429918 0.1275385342893444 0.09058165635452257 0.06933021217360152 0.14219594793155263 0.11478468086040994
0.10232708065008664 0.07230968899707793 0.28388144962552025 0.1271910270448174 0.08936716175524331 0.0686431642996373 0.14180850328728148 0.11447192434033567
0.08093965277918733 0.12570542858886352 0.14199595365334255 0.13829738999872232 0.09432796336720364 0.15897503561508033 0.09380170799913341 0.1659568679984668
0.07622522357928564 0.1352878154990214 0.10872603805739375 0.1370447049930266 0.09429778441090197 0.1910127266908597 0.09295206077787892 0.1644536459916319
0.10160225044669144 0.08438492521897628 0.21863654057297205 0.1348177040016564 0.0953005734276203 0.09361039379143259 0.1503116789391602 0.12133593360149077
0.12022806242813622 0.0871145754267399 0.18914174057988717 0.0940848941388577 0.14226095192249824 0.11440438826515861 0.13986351427209295 0.11290187296662924
0.12342088163940039 0.08606041347059123 0.17719247758239715 0.092264129428144 0.15513594903093406 0.11805236829531048 0.1371568252394499 0.1107169553137728
0.09651664924286354 0.1461970594375955 0.13455963036034663 0.1569491442724044 0.09277172046223826 0.1519122190755993 0.07983934730378832 0.14125422984516395
0.10885703066592482 0.0682683820516491 0.2375920751789987 0.1365367641032982 0.09415117079768041 0.08441071596100155 0.15115181048472573 0.11903205075672152
0.08230007990837392 0.12526690425855228 0.13171293758433486 0.13886765692512062 0.09559637276355896 0.16542636250939796 0.0941884977405166 0.1666411883101447
0.10232882822245962 0.08255012034178263 0.22794449733044841 0.13389724058500085 0.09491438175028291 0.08857198432263583 0.149285430920889 0.12050751652650077
0.08101349975986868 0.12805540844161056 0.1293507564411332 0.13868911676353693 0.09562358668182382 0.16677329086051407 0.09406740093526852 0.16642694011624432
0.10211007629063802 0.08296587399625557 0.22701583846805362 0.13401191857232522 0.09499821609394535 0.08887406154499257 0.14941328831869694 0.1206107267150927
0.09315670619415707 0.14742225960502145 0.14856784611578866 0.15956058580832957 0.08252301834588296 0.14399728044430368 0.08116777625901983 0.1436045272274966
0.0829006286942717 0.11086995167833949 0.11240360593266877 0.1330439420140074 0.10128878915102318 0.19340519850167476 0.09978295651050555 0.16630492751750922
0.08957142546542723 0.15471137471511565 0.08339406574863124 0.11177677781588863 0.112036148217852 0.23856426013941612 0.07581381451860271 0.13413213337906635
0.11660555852427744 0.09667713174353547 0.14367788392726183 0.0933237888268126 0.14718266063573016 0.15181234964348306 0.1387320801067244 0.1119885465921751
0.12288894126993569 0.08771435331677559 0.16264408712554212 0.09259321122884234 0.15725944399862424 0.12814208214697226 0.137646027438697 0.11111185347461082
0.12410971658851118 0.08611124804885949 0.1683736916944619 0.09220272099759853 0.15991691407502914 0.12157690591542422 0.1370655374829972 0.11064326519711823
0.12429775105918035 0.08578313649836435 0.1701015700717729 0.09208332124758824 0.16059565089531933 0.11975054299544831 0.1368880417352207 0.11049998549710588
0.10932501053301277 0.07537694371739573 0.2400938088763252 0.12952661097867063 0.10603946456547231 0.07865170637210034 0.14441250507621933 0.11657394988080358
0.10471684057378418 0.07346215249120476 0.2692321508161465 0.1287055748688007 0.09356903052886342 0.07098212225421409 0.1434971110850658 0.11583501738192059
0.10282542888381063 0.072629935929603 0.28033762914012056 0.12763220752478488 0.09026545940789414 0.0691399657429516 0.14230038659852878 0.11486898677230639
0.11926690896696411 0.08446863941843773 0.20780638026164616 0.09288627107446126 0.13913149238900924 0.1068951020177944 0.13808168058233347 0.11146352528935352
0.10711113826233282 0.07450172898455851 0.25524837478349294 0.1283157616340126 0.10054206068381956 0.07573425176235521 0.143062498418817 0.11548418547061132
0.13792258990697637 0.09707155649206825 0.22849827938306225 0.106427981156737 0.1223393287187473 0.09329582469823716 0.11865925660310826 0.0957851830410633
0.11043478791149977 0.07530169753819631 0.2626499146781664 0.12693624151945657 0.09615661655648051 0.0727536879883402 0.14152443644034932 0.1142426173675109
0.1386506970577863 0.09698880652907166 0.23089784693077747 0.10617873578133802 0.12089648015159225 0.09244520473629039 0.11838136660993955 0.0955608622032042
0.11051492140561082 0.07522899392533619 0.2635560296522868 0.1268249772199388 0.09578027100084024 0.07255194224834918 0.14140038504969293 0.11414247949794491
0.12137024207092613 0.08487447652799698 0.20238998848630257 0.09292619116920409 0.1409602755866532 0.10782637227150306 0.13814102448436905 0.1115114294030449
0.10775214888686858 0.0746588536664295 0.25309666895334293 0.128502535644439 0.1010672097125243 0.07599956355431696 0.14327073750208347 0.1156522820799951
0.13816965279192842 0.09713629746907912 0.22776128306765642 0.10647427157431223 0.12252967202678068 0.09339111168916613 0.11871086696419587 0.09582684441688101
0.11051540962323056 0.07532627665119312 0.2623642908016459 0.1269655521865919 0.09621682974022368 0.07278552838234026 0.14155711564684198 0.1142689969679327
0.10422838944872052 0.07290015959050926 0.2775372085666367 0.1276875836228089 0.09087834928278131 0.06948735741273428 0.142362126815281 0.11491882526052802
0.10243330130452984 0.07235448136313714 0.283400728646143 0.127248315176133 0.08946766725037682 0.0686996473226959 0.14187237527846466 0.11452348365851968
0.10184865767847466 0.0721588435278233 0.28559328702178066 0.12701069165415593 0.08902337670504248 0.06844807813942366 0.14160744278455892 0.11430962248874034
0.1016457814877925 0.07208321322493845 0.2864047577865527 0.12691444418462558 0.08887061392963413 0.06835805558161404 0.14150013403867953 0.11422299976616301
0.10157326917302299 0.07205440729027791 0.28670400260887136 0.12687791471376586 0.08881600612597933 0.06832487044094225 0.14145940640475088 0.11419012324238928
0.10154698266233297 0.0720436162441295 0.2868142019620523 0.12686432011851895 0.08879615814459473 0.0683125833161317 0.14144424944557263 0.11417788810666707
0.09266144422429835 0.14408946221170624 0.16361200363414616 0.15858538822101836 0.081027366664508 0.13662578815906243 0.08067169748634413 0.1427268493989165
0.12169363234938102 0.07661623135670254 0.16935698137050373 0.09193947762804304 0.14772606132424596 0.13180759016139845 0.14593567877467148 0.11492434703505379
0.08323814220705017 0.12464891501633923 0.11469664520583613 0.13598101175511015 0.10546925851455168 0.1805582139176013 0.09223059927737907 0.16317721410613217
0.10289315659138577 0.08274837310673384 0.22069778466762904 0.13426724464083695 0.09734575275169241 0.0915092102340654 0.14969795783090328 0.12084052017675327
0.13803363468963545 0.09946092767433208 0.21734626574284058 0.1076916433399981 0.12271116231161337 0.09776574160128586 0.1200681456342964 0.09692247900599829
0.11088506047150581 0.07590003737895326 0.2584513354659057 0.127486547641751 0.09660760764384678 0.073793531821375 0.14213798669908656 0.11473789287757591
0.0824646010635609 0.1264417644876868 0.136234497240912 0.13829755400587987 0.09587808432336443 0.16092461483276957 0.09380181923877069 0.16595706480705583
0.11618626490010711 0.09385960255061808 0.16321461362713885 0.09497446843066666 0.1437297974390891 0.13287996473118613 0.14118592620439402 0.1139693621168
0.09502361405082033 0.14814307525198878 0.13090702189305806 0.15713921203938797 0.09063525356972453 0.1567904984091 0.07993603395047126 0.14142529083544916
0.08346749819114736 0.11043247531779653 0.10817761175989532 0.13251897038135582 0.10271686305738359 0.19764864052970962 0.09938922778601689 0.16564871297669478
0.07620979035616422 0.13137037963705508 0.10067943554611374 0.13616647672980214 0.09550295563120281 0.20431479711151185 0.09235639291238755 0.16339977207576256
0.07476397470487356 0.13531006137803442 0.09880457468363255 0.13586599092951815 0.09376593931967082 0.20629768471665386 0.0921525851521949 0.16303918911542173
0.11438567546839076 0.09533348230380205 0.15104937177499544 0.0951671476038327 0.14338417935232364 0.1450072096356124 0.14147235673644384 0.11420057712459925
0.10797035065186349 0.07728895511325594 0.23319104490382314 0.13086957340737806 0.10331300947357042 0.08367464242031734 0.14590980796315137 0.11778261606664026
0.08196787194482119 0.12682622159899262 0.1305203605834833 0.1384687105921903 0.09735950599719125 0.16477696851885945 0.09391790805383343 0.16616245271062838
0.10227016297279631 0.08276013346765763 0.22742991421688966 0.1339171681414317 0.09530842369815919 0.08848109751659858 0.14930764865917834 0.12052545132728854
0.10380824070482882 0.07490132439555607 0.26498993968437784 0.12975046627021652 0.09199131690196537 0.07312120537918632 0.14466208702067423 0.11677541964319486
0.1369333481136353 0.0971600484363666 0.23213099973851248 0.1064758618085677 0.1200218991570087 0.09273692716148184 0.11871263995671655 0.09582827562771094
0.11010865836203872 0.07524613846689825 0.2640885751212046 0.12682568574741251 0.09559066678852492 0.07259598333629871 0.14140117500495095 0.11414311717267127
0.10408236608222557 0.07285170158340631 0.2781872482808685 0.127617009523985 0.09070317133338958 0.06941975266272242 0.1422834419618161 0.1148553085715865
0.10237917869532083 0.07233315629073862 0.28364203180166353 0.12721974440144262 0.08941339733780478 0.06867420051489889 0.1418405209968323 0.11449776996129837
0.08095026657807675 0.12571166895506117 0.14194251697334548 0.1382992765951201 0.09434170802022943 0.15899244336037643 0.09380298760364666 0.16595913191414408
0.10168828616040368 0.08234438658550278 0.23204160036281724 0.13346053842631175 0.09435158918320474 0.08720057409441533 0.148798540603664 0.12011448458368056
0.11999402143010487 0.08662872104681155 0.1932356460073027 0.09384736850029195 0.14165628008302975 0.11251070427495843 0.13951041645715043 0.11261684220035034
0.08307102201781982 0.1269126979061182 0.12024431395491375 0.1361619093762029 0.10434329311327947 0.17351917732505878 0.09235329505516371 0.16339429125144347
0.07634772368168363 0.13508584565785517 0.10360626317598494 0.13653789047594758 0.09610637920711139 0.1958621209074636 0.09260830832281661 0.16384546857113708
0.10175579378856353 0.08446373175143307 0.21647576441765 0.1349691323290678 0.09580895434136778 0.09457389405215441 0.15048051022360243 0.12147221909616102
0.08088522189582244 0.12842651821624904 0.12671863545534615 0.1386878249238532 0.09578768357566371 0.16900220129348023 0.09406652473096132 0.16642538990862385
0.1021620824986661 0.08307894997521802 0.2259556429358523 0.13412082717837653 0.09511086766923976 0.08932817199517211 0.14953471328693624 0.12070874446053889
0.10384034401572823 0.07498278324562574 0.26444763512151875 0.12982913014802347 0.09200126093310612 0.07330283802878615 0.14474979137399036 0.11684621713322114
0.08128600146462604 0.12641943037022305 0.13766280400488273 0.1385237163177713 0.09499170367927369 0.16093266829680064 0.09395521628509707 0.16622845958132557
0.07627569285302575 0.1354138856200483 0.10775327992693326 0.1370329035248708 0.09442681616559999 0.1917138813758516 0.0929440563038254 0.16443948422984495
0.11424690043450483 0.0999687521044853 0.1533829799705765 0.0945952152099911 0.14294992770564885 0.1407198255031754 0.1406221408196286 0.11351425825198933
0.10755456192840641 0.08081650922475112 0.23354636655318206 0.1301953050806426 0.10288407336471328 0.08266936017835311 0.14515804909737315 0.11717577457257833
0.0815509398410046 0.13136771744315767 0.13016771550993742 0.13771795407634657 0.09685653509992341 0.16366889385144912 0.0934086992865655 0.16526154489161587
0.10176650565782101 0.08731609399712997 0.22651579359614885 0.13317754980678867 0.09484581033899298 0.0880354223655592 0.14848302941144945 0.11985979482610981
0.11975161525669854 0.09032296770683979 0.19114518264203992 0.09353466856062953 0.14149409418098305 0.11246430238544616 0.13904556699460752 0.11224160227275544
0.08264933300836853 0.13194567774883081 0.11929692760871177 0.13534416229462343 0.10385267720471733 0.17269957817267292 0.09179864920852718 0.1624129947535481
0.10221544694128991 0.08757935720571067 0.2218214947255336 0.13336294684569233 0.09652168311276968 0.08978268573365344 0.1486897332742271 0.12002665216112308
0.11991858784279905 0.09040666015006871 0.18965386659082564 0.09357642381606567 0.14208545888411853 0.11295965515057294 0.13910763898627074 0.11229170857927878
0.12296656194088638 0.08955137813453697 0.17692936401375361 0.09184367486473745 0.15464596453819074 0.11731885537874948 0.13653179129146045 0.11021240983768493
0.1236083588063103 0.08925788934500824 0.17248643549638878 0.09165927654202101 0.15846089135151786 0.11827834580854805 0.13625767079978052 0.10999113185042522
0.142442923476076 0.10265374021858892 0.196794547541879 0.1054721935598301 0.1378201351087479 0.10229786113104124 0.11759362475998969 0.09492497420384709
0.09951229087182596 0.15499409020982552 0.13844565165596306 0.15490452838373164 0.08870033747472636 0.14522976576771418 0.07879926009085479 0.13941407554535845
0.12400984317131251 0.07671032861904815 0.16144659109272527 0.0920523943428578 0.15037281970742122 0.13422761848273304 0.14611491165532983 0.11506549292857224
0.08333190389180362 0.1282860287514966 0.1125254486098605 0.13529371101436477 0.10565029984272782 0.18079572459320079 0.09176443007930828 0.1623524532172377
0.10256861395248387 0.08716321114895526 0.21901962001725098 0.13360481963304702 0.09708762747547676 0.0913523667211243 0.1489594033819196 0.12024433766974232
0.10386734653250791 0.07818145078674363 0.2613245090419451 0.1295872365026237 0.09234557399924892 0.07358527227343527 0.14448009801113418 0.11662851285236134
0.1027063531248864 0.07569835939979272 0.27712836989594525 0.12762703795027083 0.09007424226720014 0.06960668029792597 0.14229462290873476 0.11486433415524375
0.10189737391747092 0.0749075381340398 0.2829543788782261 0.1268822833538125 0.08912780743227007 0.06857228615336433 0.14146427711238496 0.11419405501843125
0.08054787090699626 0.1297968530434676 0.14138167073252164 0.13761253951206676 0.09390199407357383 0.15828682360436144 0.09333720071253224 0.16513504741448007
0.11509898182161525 0.09870602132942581 0.16425323696251132 0.09435694215140586 0.14241350338899963 0.13167505184972794 0.14026793191462725 0.11322833058168703
0.14053631863176166 0.1051408706315661 0.19455205230785316 0.10611617908209801 0.13403717411968843 0.10580122349444722 0.11831162055869732 0.0955045611738882
0.11179944775471888 0.08015916200386018 0.24879228341353868 0.12758381074036387 0.09925543802943619 0.07533800059615502 0.14224642779559973 0.1148254296663275
0.10472393547857192 0.07613955096561476 0.27206609116496755 0.1278209264226668 0.09167135139225138 0.07002851670936032 0.1425107940861673 0.11503883378040011
0.10249530172020364 0.07507839120930167 0.28102713775315313 0.1270629882657026 0.08957691037029289 0.06873683163851252 0.14166574960370124 0.11435668943913233
0.08066378499081812 0.12985737436077535 0.14095672595269676 0.1376333876391496 0.09400913330020073 0.15836818740804362 0.09335134118133624 0.16516006516697948
0.10123992655484 0.08680683057256317 0.23089758877866 0.13275749189362274 0.09394644864393319 0.0868552746662456 0.14801469618587487 0.11948174270426046
0.10318422072603248 0.07783803854395147 0.2658616429488917 0.12908774602315362 0.09135982854197634 0.0725663483932223 0.14392320340193393 0.11617897142083825
0.1362841002706365 0.10052527156530916 0.23192295639647695 0.10599192771189914 0.11943359849594899 0.09227632106560403 0.1181730895534159 0.09539273494070923
0.14460930372059022 0.10366968138932751 0.2171565373034069 0.10405129821234653 0.12553146141770474 0.09532611708100036 0.11600943248451173 0.09364616839111188
0.08689273649680047 0.1349792329937474 0.12494136696910746 0.13459282459694108 0.10014988440824586 0.1656435187704684 0.09128904624836004 0.16151138951632926
0.10300287465750531 0.08787487518686947 0.22403129718412737 0.1330638521290245 0.09552884680018138 0.08838452214052624 0.1483562649856437 0.11975746691612202
0.09282193312130495 0.15319310129288832 0.14711890983573264 0.15846395050719808 0.0821573152754382 0.14301731186164574 0.08060992264931381 0.14261755545647825
0.14646549790794347 0.09195749972017522 0.1967885267893336 0.11034899966421027 0.1243949490004739 0.11168195615376489 0.12216087874914608 0.09620169201495254
0.0872854577609522 0.1320578699347545 0.12040090151866142 0.13487789508127046 0.09998735318661259 0.17205465001727574 0.09148239840294867 0.16185347409752454
0.13478264288793224 0.11427900703252045 0.18129609900861754 0.10872828379979242 0.12484421977643048 0.1169903696891551 0.1212239223857387 0.09785545541981316
0.11109951382480247 0.08207473581589715 0.24396503029817004 0.12845223895443114 0.09789675111894389 0.07769005448255835 0.14321466044620904 0.11560701505898802
0.08217332498753564 0.1316579540676151 0.13252199777791748 0.13763557358381937 0.09576472143417365 0.16173091602628667 0.0933528238220688 0.16516268830058323
0.07587472433139535 0.14255290358913908 0.10591915031939034 0.13581826563293445 0.0939199225175871 0.19081289989899852 0.0921202149510338 0.1629819187595213
0.10113751393102483 0.08972147332238402 0.21659370983014375 0.1340923271154939 0.09489378334066689 0.09337516021264976 0.14950293784369245 0.12068309440394452
0.11977414661736799 0.09089892923896056 0.18811215429911274 0.0937070310792574 0.14173570268270974 0.11402180333234795 0.13930179545513488 0.11244843729510888
0.09530070352662556 0.1523128315882699 0.13676480186214227 0.1560649521580293 0.08985199726770335 0.14985669403548404 0.07938956261951924 0.14045845694222633
0.10929318024448478 0.0681888825856929 0.23842820113206706 0.1363777651713858 0.09385358211489056 0.08398916031709656 0.15097579213112305 0.11889343630325942
0.09776857979532151 0.15300078270769124 0.10925826265369895 0.11482552074779835 0.11336857208124565 0.19610599956620567 0.0778816575506806 0.137790624897358
0.1364499867379532 0.11736070801717385 0.17502657183944573 0.10701953642050567 0.12716895672394501 0.12133786090622652 0.11931879657629513 0.09631758277845508
0.09805898054409315 0.15912634401347805 0.1325090773796853 0.15468597037446546 0.08653205366095823 0.15118212010850748 0.0786880805817933 0.13921737333701892
0.11014035386575875 0.06832379559668399 0.2368028650287511 0.13664759119336797 0.09333852499536817 0.08434369944536302 0.1512745006292067 0.11912866924550028
0.08226691604496761 0.12854338549218536 0.13120453508490976 0.13828930633453243 0.0951074265563428 0.16484503771959244 0.09379622516603071 0.16594716760143893
0.07589383957890446 0.1417530171489842 0.10562882667761427 0.13583545453129095 0.09378332708353954 0.19197111603393743 0.09213187350817996 0.16300254543754913
0.10115126623402677 0.08960259413765852 0.21647540089102432 0.13410375569064484 0.09487321571136563 0.09358470736159252 0.149515679852107 0.12069338012158037
0.08039190232690377 0.13368470609797664 0.1262297230600817 0.1378467055870294 0.09512509855998355 0.16780979126543075 0.09349602639815909 0.16541604670443527
0.07548799556026242 0.14293346729163056 0.10443085633353306 0.1356953650010141 0.09369309285284769 0.19288792869793803 0.09203685626155739 0.1628344380012169
0.11402664055282713 0.10131707481716463 0.1522627311236622 0.09457272826962757 0.14270700014891533 0.14103783869178882 0.1405887124724613 0.11348727392355307
0.10754142157150964 0.08105795489857327 0.23310184523195543 0.1302440122223481 0.10286939066132339 0.08275341048866348 0.14521235392551346 0.11721961100011327
0.13829142639883324 0.10169302834903923 0.22056917568409487 0.10655861887682895 0.12318423225177919 0.09499585353835124 0.1188049079119272 0.09590275698914605
0.11050321200927335 0.0790714827136604 0.2591076110033579 0.12670783202355757 0.09630476247736525 0.07299827405367723 0.1412697768979067 0.1140370488212018
0.10409444787049216 0.07572474877429618 0.27595034932694634 0.12738155560501707 0.09077157377634935 0.06941299618902858 0.14202092841335484 0.11464340004451536
0.11935278740804246 0.08747195958847026 0.20612407154342405 0.09259413983532659 0.13898623778728555 0.10671042816045401 0.13764740787460492 0.11111296780239191
0.10692273327701281 0.0774987009198269 0.25413846358656644 0.12788359937848515 0.10033309314204876 0.07554750050060476 0.1425806697548185 0.11509523944063664
0.10348646306521453 0.07564478631918471 0.27417589251791297 0.12767409830980972 0.09178416036415256 0.0699808192472434 0.1423470916976535 0.11490668847882876
0.10215185018354264 0.07495653315773178 0.2818252596521232 0.1269799592874755 0.08954500365041429 0.06868625222081427 0.1415731784891704 0.11428196335872791
0.11875535478744144 0.08727213674352555 0.20794801666408505 0.09251955781505883 0.13849832378052462 0.10644660413905703 0.1375365366922367 0.11102346937807059
0.12237733637783452 0.08877924381773156 0.18264005846787937 0.09159607677227649 0.15315727275953514 0.11537099958071648 0.13616372009729463 0.10991529212673179
0.10824027133031769 0.07813693355159369 0.24465027480549986 0.1285717195237724 0.10389086299572263 0.07744751785713447 0.14334787236456412 0.11571454757139514
0.10408321835869533 0.075962905491752 0.2705767880801827 0.12806227500183584 0.09277942226683177 0.07049946355819733 0.1427798797408528 0.11525604750165225
0.13634369049753273 0.0999808319237163 0.2334032474765616 0.10579682235256457 0.1196309706798546 0.09167173531460274 0.1179555616378593 0.09521714011730811
0.14457392791303414 0.10351835260141316 0.2176459223824075 0.10400527591853552 0.1255382468048225 0.09515540499169335 0.115958121061412 0.09360474832668196
0.11188971556607208 0.07928423969899599 0.25766168051751986 0.12652743602464706 0.09672880831997877 0.07296477862909437 0.14106864882150946 0.11387469242218234
0.10443561032970554 0.07577412328927374 0.27536627561178 0.12740641411490475 0.09087995286135893 0.06942320729279583 0.14204864379676693 0.11466577270341428
0.08102577632508791 0.13006569829413595 0.1396946665447982 0.13766896961611405 0.09430648428043917 0.15866016635611477 0.09337547504397302 0.16520276353933688
0.11524550977930625 0.09876957949829754 0.16371309840467144 0.09437337986091218 0.14256615092856376 0.13179185802132054 0.14029236767383363 0.11324805583309462
0.12212126172317962 0.09134602930256665 0.16882438469520059 0.09218240725728304 0.1552972886900803 0.12257439987928752 0.13703533974366255 0.11061888870873963
0.1086542214997131 0.07888757610753094 0.23921995358908574 0.12916737630053027 0.10479307591424784 0.07901517269976414 0.14401198521865088 0.11625063867047722
0.10436464877956582 0.07621814082571114 0.2685412353174049 0.12831306033537193 0.09313223102627466 0.07088944274141476 0.1430594866724221 0.11548175430183474
0.10253745737919635 0.07518421719767682 0.2797322501344501 0.12723246831279855 0.08998519832226459 0.06896447996364659 0.1418547072084485 0.11450922148151868
0.1356447907140207 0.09964648528344054 0.23651231152314675 0.10559387072882481 0.11866527764265453 0.09117349472893724 0.11772928572303303 0.09503448365594233
0.1442880057339719 0.10339566128743112 0.21872466031360843 0.10394519306839979 0.12520936892306736 0.09499530374465616 0.11589113316730544 0.0935506737615598
