Action: 0
[0.10072606731996708, 0.09905444637697104, 0.18541947817383686, 0.09653037256545277, 0.22867848242825292, 0.09653040800461385, 0.09653037256545277, 0.09653037256545277]
[0.09694763668421949, 0.09694763668421949, 0.15148894033060165, 0.09694763668421949, 0.2668252395640814, 0.09694763668421949, 0.09694763668421949, 0.09694763668421949]
[0.11755189783284303, 0.09317459121301652, 0.17896366411256082, 0.09317459121301652, 0.1343677078186816, 0.1964183653838485, 0.09317459121301652, 0.09317459121301652]
[0.125, 0.125, 0.125, 0.125, 0.125, 0.125, 0.125, 0.125]
[0.1947159695975909, 0.09779741462709618, 0.2066878253193186, 0.09779741462709618, 0.10958518157034407, 0.0978213650043618, 0.09779741462709618, 0.09779741462709618]
[0.09698167901933913, 0.15981575399475434, 0.2539614266931786, 0.09667700811434496, 0.10253241614825229, 0.09667769980144077, 0.09667700811434496, 0.09667700811434496]
[0.125, 0.125, 0.125, 0.125, 0.125, 0.125, 0.125, 0.125]
[0.125, 0.125, 0.125, 0.125, 0.125, 0.125, 0.125, 0.125]

Action: 1
[0.19538248858921609, 0.09769124429460804, 0.09769124429460804, 0.09769124429460804, 0.18762419914322184, 0.1285370907945218, 0.09769124429460804, 0.09769124429460804]
[0.1111111111111111, 0.1111111111111111, 0.1111111111111111, 0.1111111111111111, 0.1111111111111111, 0.2222222222222222, 0.1111111111111111, 0.1111111111111111]
[0.09709447646416905, 0.09709447646416905, 0.09709447646416905, 0.09709447646416905, 0.13961497998417693, 0.27781816123080877, 0.09709447646416905, 0.09709447646416905]
[0.125, 0.125, 0.125, 0.125, 0.125, 0.125, 0.125, 0.125]
[0.09916662080739677, 0.09828217086803752, 0.09828217086803752, 0.09828217086803752, 0.11852300475001326, 0.29089952010240233, 0.09828217086803752, 0.09828217086803752]
[0.09907607205179293, 0.10073741119479226, 0.09907607205179293, 0.09907607205179293, 0.20900109384522783, 0.19488113470101523, 0.09907607205179293, 0.09907607205179293]
[0.125, 0.125, 0.125, 0.125, 0.125, 0.125, 0.125, 0.125]
[0.125, 0.125, 0.125, 0.125, 0.125, 0.125, 0.125, 0.125]

