0.125 0.125 0.125 0.125 0.125 0.125 0.125 0.125
0.07575757575757576 0.12626262626262627 0.09090909090909091 0.15151515151515152 0.0946969696969697 0.15782828282828282 0.11363636363636365 0.1893939393939394
0.11125091942508589 0.08761009904725514 0.1335011033101031 0.10513211885670617 0.13906364928135737 0.1251505823709808 0.16687637913762884 0.13141514857088268
0.07295173961840627 0.1290684624017957 0.09118967452300783 0.16133557800224463 0.08754208754208752 0.15488215488215484 0.10942760942760942 0.19360269360269358
0.13284297718543756 0.10461384453353209 0.1594115726225251 0.12553661344023853 0.12507321029458493 0.10410541458691361 0.13897419151707313 0.10944217581969512
0.082160853656493 0.1219331343379521 0.08779185672332551 0.14631976120554252 0.10204300196341229 0.1671118697021896 0.10973982090415689 0.1828997015069281
0.07740979649521033 0.13348605952622095 0.08624364220502222 0.143739403675037 0.09843805865400039 0.17320423209443497 0.10780455275627776 0.17967425459379624
0.05689177737160162 0.09951571232383069 0.0636026239272681 0.10600437321211352 0.11589675844638951 0.21887476044003315 0.1272052478545362 0.21200874642422704
0.07369761854554169 0.12758676135217767 0.08386523025678642 0.1397753837613107 0.09706132770764056 0.19846291085392168 0.10483153782098303 0.1747192297016384
0.0747109820361136 0.13054753754481702 0.08371645489694933 0.13952742482824887 0.09905260853063681 0.19339014250673664 0.10464556862118665 0.1744092810353111
0.09221616895127892 0.16142663812363245 0.0774071631791343 0.1290119386318905 0.12247690139734187 0.24329507256366986 0.09675895397391787 0.0774071631791343
0.07052389841205556 0.12477305103671366 0.08815487301506944 0.1559663137958921 0.08462867809446667 0.18300776147264883 0.10578584761808334 0.18715957655507048
0.1121849643949044 0.09266731213911925 0.1260609691114905 0.09927301317529877 0.14983895649450363 0.13830730682619688 0.15757621138936312 0.12409126646912345
0.07094176588709865 0.12551235503102065 0.0886772073588733 0.15689044378877584 0.08513011906451837 0.17816692749253427 0.10641264883064795 0.188268532546531
0.07444338405335299 0.13018106600779053 0.08361426220396231 0.13935710367327053 0.10078499124368714 0.1929049854713954 0.10451782775495291 0.17419637959158815
0.07623337664124692 0.129509744408884 0.08273770563115411 0.13789617605192353 0.10241494554979935 0.19541569961314514 0.10342213203894264 0.1723702200649044
0.09395161161898152 0.15916193531291156 0.07626862003830512 0.12711436673050855 0.12628565551413998 0.24561341569896672 0.0953357750478814 0.07626862003830512
0.08166094320216799 0.14447705335768185 0.07119159150958236 0.12595435420926113 0.09799313184260161 0.2421477910160928 0.08542990981149882 0.1511452250511133
0.10368677475695909 0.08352115075692076 0.18543361259278426 0.14602896991681763 0.0959373943550008 0.0964247179977621 0.1616600725167863 0.12730730710696922
0.07998755605819834 0.12567328912110126 0.09881230318418421 0.13943339249832537 0.10278342913019993 0.1744432450113401 0.10457504437374404 0.1742917406229067
0.07749530099403547 0.1277177342203673 0.0897788885110843 0.13627869775028204 0.10179785911455695 0.19437412390910994 0.10220902331271153 0.17034837218785254
0.07673752634455755 0.12717187944898528 0.08849201778536481 0.13537171730066994 0.1021474822308855 0.19933594228819707 0.10152878797550247 0.16921464662583743
0.07640848214321022 0.12671010161168192 0.08810196957057163 0.13490455031362394 0.1019020959676887 0.20216369976597562 0.10117841273521798 0.16863068789202995
0.07620981267953914 0.12639143108724954 0.08787996359731366 0.13459334691773908 0.10165616932660468 0.20408258255607573 0.10094501018830432 0.16824168364717387
0.11563274143455748 0.08950275540606566 0.13170797413190452 0.09531509838807087 0.1523519586826376 0.1450517920064834 0.15129380696519185 0.11914387298508858
0.07018238740674017 0.12416883925807874 0.08772798425842519 0.15521104907259844 0.08421886488808819 0.18696403511884097 0.10527358111011025 0.1862532588871181
0.10413362785268629 0.08127010478996469 0.19974889604948015 0.14469236652183073 0.09439381790335298 0.08943872614636415 0.1601803976147251 0.12614206312159604
0.12100412924258476 0.08592982560632156 0.15621169139411184 0.09538858957611461 0.15151749693333252 0.1193020706327652 0.15141045964462638 0.11923573697014327
0.0705195560675568 0.12476536842721589 0.08814944508444601 0.15595671053401988 0.08462346728106818 0.18305806586353424 0.10577933410133522 0.18714805264082385
0.10422225073057638 0.08069160900486412 0.2055618976279401 0.14350203039448503 0.09376166538758679 0.08829356607392655 0.15886264659055727 0.12510433419006387
0.10320601175161444 0.15316349273921445 0.10388603845747237 0.1274966576258829 0.12764191022096966 0.21248540140990424 0.09562249321941219 0.07649799457552975
0.0684503962295364 0.12110454717533364 0.08556299528692052 0.15138068396916707 0.08214047547544369 0.20702848675629354 0.10267559434430462 0.18165682076300044
0.1032050686832533 0.07992929262252564 0.20791893085026258 0.14247779820152182 0.09279370077104868 0.09173501560488428 0.15772877944979213 0.12421141381671134
0.07129381254336048 0.10584599572108357 0.07419065328065141 0.08813081050612788 0.14106942155810953 0.237450712771058 0.10575697260735344 0.17626162101225576
0.05701739478471517 0.10087692923449607 0.04970747237641835 0.08794398958904787 0.12944352510607998 0.29970776497831014 0.0994149447528367 0.17588797917809573
0.1023155172604239 0.08259204405359519 0.12789439657552987 0.10324005506699399 0.1454117374266253 0.161184907645803 0.15347327589063584 0.12388806608039278
0.06807071123991427 0.12043279680907909 0.08508838904989284 0.15054099601134888 0.10125840654725583 0.19185343826901916 0.10210606685987142 0.18064919521361864
0.1140875892003759 0.08836066093114771 0.13980087899508895 0.09452931497115945 0.15234888185002063 0.14266449863800496 0.1500465317002531 0.11816164371394929
0.08920985232092112 0.14222621544593117 0.0700824829733574 0.12399208526055538 0.12093685702481757 0.22066302509372188 0.08409897956802886 0.14879050231266647
0.1418715262330394 0.10708461358015596 0.16200046291497888 0.11207689425335346 0.13089822093705172 0.12428649133668934 0.12407372908796147 0.09770806165676967
0.07747687947588118 0.12068579798967449 0.08526713988400916 0.15085724748709312 0.09961118362437123 0.18275248669364808 0.10232056786081101 0.18102869698451174
0.11657767800665438 0.08824686157309851 0.1409621160104884 0.09436887398426434 0.1516917279719588 0.14039978650611884 0.14979186346708623 0.1179610924803304
0.07522201891820572 0.1196181212315288 0.08451280304401491 0.149522651539411 0.10389253244050747 0.1863893273262211 0.1014153636528179 0.1794271818472932
0.10476968016375164 0.07921183342393551 0.2108230777589719 0.14128517358129986 0.09579252986026604 0.08853752045301233 0.15640849496993717 0.12317168978882553
0.08337847470600777 0.1215641893762081 0.11820265024913064 0.1349557116485574 0.10196814470139963 0.17001940602158158 0.10121678373641807 0.16869463956069677
0.0790265574715978 0.12468396651851267 0.10044359089195662 0.13308615011049485 0.10168271124717826 0.19490472353927 0.09981461258287115 0.16635768763811856
0.0779714476343191 0.12438399172339046 0.09685436195053854 0.1323594303695641 0.10111405642832542 0.20259785115473408 0.09926957277717309 0.16544928796195513
0.06552463470624055 0.11009715358922822 0.06078734743212835 0.08348991902340576 0.13612810525655042 0.27680509911754825 0.1001879028280869 0.16697983804681152
0.07108739886026377 0.11486804860121001 0.08115677346824621 0.14358506075151253 0.09813288482543177 0.22147963242962523 0.09738812816189546 0.172302072901815
0.07611760953507422 0.12805492761589599 0.09269709849445873 0.13110955584211276 0.09961680628729085 0.210184890540942 0.09833216688158457 0.16388694480264093
0.06502124312785024 0.11015635337681358 0.060082724140139904 0.08312044485741477 0.13597465345914522 0.27965915749490916 0.09974453382889771 0.16624088971482953
0.07088299412938312 0.11458618229500814 0.08095762879538618 0.14323272786876018 0.0992771813006873 0.22203485761379943 0.09714915455446342 0.1718792734425122
0.11405011318857594 0.09066337310505174 0.1388988367601145 0.09283494620276528 0.15110099950784237 0.14905099101748687 0.14735705746470676 0.1160436827534566
0.12161060356718498 0.08225662594386238 0.12737499912948838 0.10282078242982798 0.1592614917208622 0.13044055933759455 0.15284999895538606 0.12338493891579355
0.08090027060469294 0.1186492546859058 0.08382827776721606 0.14831156835738227 0.10729014471556464 0.1824526685197204 0.10059393332065927 0.1779738820288587
0.10549147705592725 0.08239210003581604 0.21040758267954277 0.13998321882295356 0.09669143105764058 0.08803036050798957 0.15496717753294 0.12203665230719027
0.08326275728824689 0.12524746904754216 0.11860933226408531 0.13375628669409773 0.10236995128477785 0.16924163003305462 0.10031721502057331 0.16719535836762214
0.07856627004725455 0.13035199725851937 0.10029807926894962 0.13162600655451745 0.10186612294079399 0.19403951082093013 0.09871950491588809 0.1645325081931468
0.0951513443393982 0.16036005582186977 0.08893279347364398 0.12062602932904742 0.1244011272812073 0.24768351016061926 0.09046952199678557 0.07237561759742844
0.0758292808284938 0.1152187026127592 0.08140451815031899 0.14402337826594896 0.09950793485235074 0.21350270959060666 0.0976854217803828 0.17282805391913877
0.13902770332240455 0.10918875930074687 0.16808258705113974 0.11169368036041606 0.12726465660184688 0.12371914005764915 0.12364949555569053 0.09737397775010631
0.08230025019894377 0.13032659092239862 0.08311293673094508 0.14704596498551822 0.10187383507165595 0.17914974003078254 0.09973552407713411 0.17645515798262187
0.10590228395811817 0.08349210740340081 0.21083697380172475 0.13974120363553477 0.09588669805959012 0.08761581166178999 0.1546992567719392 0.12182566470790211
0.1037009892118207 0.15556359034350795 0.11126376312741594 0.12438051009880921 0.12716960422166682 0.21000785436338698 0.09328538257410691 0.07462830605928553
0.07611911843750258 0.13191114777349522 0.08053138826356605 0.14247861000477072 0.0991944888907936 0.2021532487078677 0.09663766591627927 0.17097433200572487
0.10445307839317654 0.08353577869388179 0.21021075671202138 0.13942530534288294 0.09548970400875087 0.09098556627659742 0.15434954437632947 0.12155026619635947
0.07206580835248573 0.10839515448650729 0.07789163520608655 0.08664597384638653 0.14199244894567892 0.23574186285441803 0.10397516861566385 0.17329194769277306
0.07235237924809698 0.12612817977302468 0.08031318709023053 0.14209256177502325 0.10146132036952006 0.21076547310580013 0.09637582450827664 0.17051107413002786
0.11468601452554364 0.09174844042440718 0.13983785638741258 0.09252755718119482 0.15214743962600902 0.14652410699609034 0.1468691383828489 0.11565944647649351
0.07887553627949148 0.12716103037863322 0.08232245421972459 0.14564741900412811 0.1053840195469836 0.18704569270241575 0.09878694506366952 0.17477690280495373
0.10497088469871223 0.08299092354729092 0.21138171809968948 0.1393808402034094 0.0967460053322079 0.08871780676379531 0.15430031963910198 0.12151150171579282
0.08317749601139791 0.12488159013099102 0.1204748800254071 0.1331793522245975 0.10275136766325475 0.16917660949515678 0.09988451416844814 0.1664741902807469
0.07855091454688176 0.12993982488396333 0.10150663455725527 0.13118100690171017 0.10256180581974697 0.19389779948702235 0.09838575517628263 0.16397625862713772
0.07744796401201648 0.13013456565716083 0.0974425102512175 0.13050466179983478 0.1020275099322829 0.20143346474781784 0.0978784963498761 0.16313082724979347
0.07715263090832082 0.12995844551133998 0.09652342050215378 0.13028003725084739 0.10176058169976077 0.20376480962588264 0.09771002793813555 0.16285004656355923
0.07706451181219941 0.12985856577942662 0.0962984115836254 0.13020233413409008 0.10165295076392772 0.20451855765855065 0.09765175060056755 0.16275291766761257
0.0770346497506269 0.12981501956551317 0.09623623963015855 0.13017221122612363 0.10161075084755516 0.20478670652777536 0.09762915841959272 0.1627152640326545
0.07702254746400528 0.12979535752745452 0.09621542562429257 0.13015815143696766 0.1015928057994109 0.20489940927393388 0.09761861357772574 0.16269768929620956
0.07701644398452694 0.1297850559895397 0.0962063659126655 0.13015012624050562 0.10158385121704064 0.20495790417471016 0.09761259468037924 0.16268765780063205
0.07701271424117376 0.1297787089997887 0.09620127943105217 0.13014481454900378 0.10157853109232194 0.20499432258865213 0.09760861091175285 0.16268101818625472
0.07701014326867697 0.1297743345766857 0.09619790292885122 0.13014100261855702 0.10157494167731115 0.20501966969280389 0.09760575196391777 0.16267625327319624
0.07700826219827499 0.12977113750372288 0.0961954682006446 0.13013816384668841 0.10157234540919724 0.205038295148095 0.09760362288501633 0.16267270480836052
0.11510346300630757 0.0916498007574838 0.14378301154158624 0.09190695506724957 0.15197330031238215 0.1448157198186278 0.1458840556623009 0.11488369383406194
0.07893237104824914 0.12716572809084858 0.0823335073223392 0.14566697449336935 0.10536569436731177 0.1869351464990319 0.09880020878680704 0.1748003693920432
0.11632041044573543 0.09195444525358752 0.14080600915993535 0.09264333445888503 0.15418933663008522 0.14122938413866493 0.14705291183950006 0.1158041680736063
0.07907577979886718 0.12720095705061088 0.0823278235840569 0.14565691864871605 0.1063634806853647 0.18579334955305682 0.09879338830086828 0.17478830237845924
0.14022243850497196 0.11061293222948376 0.16936771396184505 0.11143162917362416 0.12960489660640806 0.11825547253459048 0.123359394119763 0.09714552286931337
0.08228578865687995 0.1302178876896229 0.08291430854442702 0.14669454588629396 0.10298219672227434 0.17937464718363663 0.09949717025331244 0.17603345506355275
0.10594880693966117 0.08323370873457454 0.21185099377920727 0.13924474552381513 0.0965120758703799 0.08766715684597647 0.15414965723434151 0.12139285507204396
0.08360788531839619 0.12478288239637589 0.12084883364036374 0.13300176352880758 0.10291113793813206 0.16884397012030938 0.0997513226466057 0.1662522044110095
0.07881249826894396 0.1297880117060894 0.1016879782032532 0.13100997255835783 0.10267768803524735 0.19400390611139265 0.0982574794187684 0.1637624656979473
0.07766815374479603 0.1299777248830981 0.09755497070260563 0.1303397113136401 0.10213558936482943 0.20164442736375043 0.09775478348523009 0.16292463914205013
0.07736733826798389 0.12980919118148526 0.09662151282310313 0.13012536495747992 0.10187215856285041 0.20395370429213766 0.09759402371810993 0.16265670619684988
0.06560045445521318 0.10999358840788696 0.06130498429802781 0.08270844860056281 0.13807353721646481 0.2776519515000434 0.09925013832067536 0.16541689720112562
0.08252122960488331 0.14552061578051037 0.0644428302009096 0.11401423804776314 0.11741298668662298 0.26193961778090336 0.07733139624109152 0.13681708565731576
0.10164566540647878 0.0822463386023004 0.1773804974089769 0.14318666658315005 0.1020090271690864 0.10502135723709319 0.15964244766807922 0.12886799992483502
0.10718407606319218 0.07604780919360384 0.24554169633790568 0.13534286965945497 0.093674532158124 0.07438767662668139 0.14983012025792328 0.1179912197031146
0.08389217092282165 0.12346791257540783 0.12775504921290867 0.1328143234328329 0.10228073732018311 0.16416115967018 0.09961074257462467 0.1660179042910411
0.07897365908319191 0.12961235362677362 0.10321040711732667 0.1310369748776302 0.10258648888002363 0.19250616665979367 0.09827773115822265 0.16379621859703772
0.06607596348396841 0.1103975834203503 0.06242800909841538 0.0830409861630763 0.13888929340051615 0.2734370087118294 0.09964918339569154 0.1660819723261526
0.05903490021949113 0.10406154132646675 0.048996894207797265 0.0814375750357698 0.14065885613833806 0.31087521556885783 0.09205986743173979 0.1628751500715396
0.09656110571890698 0.07808357864244349 0.1834543136585266 0.1409021855110627 0.10517907358662167 0.11191235416611804 0.15709542175636393 0.12681196695995642
0.08196724938640841 0.1235895170876996 0.11524201222841227 0.13266856739735183 0.10445517651917031 0.176740342586254 0.09950142554801387 0.16583570924668975
0.06691754629028619 0.11018009184713129 0.06425868796273433 0.08352472859546722 0.14019251090954343 0.26764730288934246 0.10022967431456066 0.16704945719093445
0.07023951890366048 0.12361891902163147 0.08598318268346955 0.1386947123946084 0.10055954362123289 0.2203992722690024 0.09407119623286483 0.16643365487353007
0.10311389869926774 0.08219724197547101 0.21285321481548503 0.13846767007401595 0.09574140479662449 0.09362176219108324 0.15328940276814135 0.12071540467991133
0.08317600046621991 0.12432939625903883 0.12131749430312093 0.13267221819878944 0.10259673948822265 0.17056371488702932 0.09950416364909209 0.16584027274848678
0.07882612585410519 0.12958924329333196 0.10196300345340317 0.1308597088129884 0.1025817813745804 0.19446071958561398 0.09814478160974131 0.1635746360162355
0.07776859858960658 0.12986240244054997 0.09777820235917027 0.13023559259157147 0.1021608266447782 0.20172319219118068 0.09767669444367862 0.16279449073946434
0.07748719367848522 0.12972068335995052 0.09683456958044369 0.13003601097145936 0.10193118095802974 0.20391833950871255 0.09752700822859453 0.1625450137143242
0.07745165978095744 0.12963393168693887 0.09660655845717729 0.1299659201849192 0.10183607089790238 0.20457401862226635 0.09747444013868942 0.162457400231149
0.0774351898375522 0.12960170818637698 0.09654953247618593 0.12994622650980972 0.10180303859956863 0.20477185137088713 0.09745966988235728 0.16243278313726212
0.09499767881517245 0.1589946450280236 0.08882841402531208 0.11956739836791726 0.12488841803395362 0.2513074579329327 0.08967554877593795 0.07174043902075035
0.07312182444768173 0.12873984333736507 0.08853221454668242 0.13801228620918146 0.09769986618851252 0.21467088856463606 0.09360833325492308 0.16561474345101776
0.10368008225882347 0.08264036996650967 0.21390173903354995 0.13830478492674977 0.0951319272950295 0.0926586120611133 0.15310908221439126 0.12057340224383314
0.08332144174931524 0.12437978112900105 0.1216753660064369 0.13263893030056684 0.10249926833883295 0.17020735187471328 0.09947919772542513 0.16579866287570855
0.11707224940670767 0.09085915103315645 0.15153079188225543 0.09173911644034946 0.15224985695044224 0.1362572935932401 0.14561764514341183 0.1146738955504368
0.09209364963133834 0.14747711526658638 0.0814968591697617 0.11761893553222488 0.12485889497081672 0.21553550129918003 0.0797763214914221 0.14114272263866987
0.10135371102393496 0.08095088224871769 0.1953795363273567 0.14055884272403307 0.10188791208269031 0.09665353697021553 0.15671262017142196 0.12650295845162976
0.10652254445111853 0.07533076625649977 0.2525447144972404 0.13424281535492547 0.09309042416431441 0.0726242223513399 0.1486123149228316 0.1170321980017299
0.08384901708538982 0.12318222702303659 0.1296291960833062 0.13260259049165418 0.1021756577045654 0.1633561306287395 0.09945194286874064 0.1657532381145677
0.07904249231186551 0.12949059567194676 0.10381739886674761 0.13093722905001728 0.10267869163456579 0.19215913436482251 0.09820292178751296 0.1636715363125216
0.07786325880081105 0.12986513563660196 0.09828583870360742 0.130247443756507 0.10225813407225658 0.2009853015172022 0.09768558281738025 0.16280930469563373
0.07757497796092042 0.12970195181141891 0.09704675730288681 0.1300071908553862 0.10199862143625588 0.2036561189223594 0.09750539314153966 0.16250898856923274
0.07748689769546652 0.129605731629858 0.0967556200414958 0.12993226990995216 0.10189241809912074 0.20446252280420243 0.09744920243246413 0.16241533738744018
0.1156975415001038 0.0914426263030775 0.14441096726705438 0.09168248024007207 0.15216449168025606 0.14447104629653343 0.1455277464128128 0.11460310030009008
0.07736231656457779 0.12414017166629189 0.10081071806806242 0.14180541084173948 0.10514577543476818 0.18438805314790177 0.09618106126657111 0.17016649301008735
0.1394431814793243 0.10947561024845796 0.17547443975039487 0.11061792822544352 0.1287577747995995 0.1173363292199761 0.12245859372128871 0.09643614255551487
0.06971599537705084 0.10991807659858151 0.06390601598680268 0.08611309023590834 0.1462645483276345 0.2545108605616134 0.09734523244059202 0.17222618047181668
0.09761794830096138 0.07801717927759184 0.19342466386962276 0.1400560534231304 0.10595109106253765 0.10273056836283341 0.15615204762250506 0.12605044808081733
0.12012447723436027 0.08514812637754803 0.1716024808883396 0.0913913806435658 0.1528024733982595 0.11962615209225388 0.14506568356121557 0.11423922580445726
0.07801101809183301 0.12359014238304536 0.10753039935018305 0.14198179286203616 0.10567942872650779 0.1765283728629181 0.09630069428903322 0.17037815143444335
0.0941743089042047 0.15605937573823253 0.11984750605835921 0.1577986795876797 0.08687772181389203 0.16513348047276577 0.08254084778432477 0.13756807964054127
0.11984799123313661 0.09452091031987689 0.15110723389810818 0.09168132228910611 0.1476439869100784 0.13507099409290468 0.14552590839540652 0.11460165286138262
0.07780759533391289 0.12442245615317782 0.10403993234421649 0.14168187708082244 0.10461736899790733 0.1813152444425052 0.09609727315047088 0.1700182524969869
0.07808063913873058 0.12955510001785261 0.09871145637984208 0.13085560858628986 0.10309896909148498 0.19798700961322016 0.09814170643971741 0.16356951073286233
0.07772648720332992 0.12973654965756745 0.09719227933002028 0.13010023696603387 0.10228298959646893 0.2027609833145117 0.09757517772452541 0.16262529620754235
0.07758214382806028 0.12962149310456889 0.09679162936960829 0.12994012541886765 0.10200575320567361 0.20417860423548603 0.09745509406415076 0.16242515677358457
0.07753466405882803 0.12956241850069816 0.0966845670542465 0.12989602139473178 0.10192747784497888 0.20460280835705313 0.09742201604604883 0.16237002674341472
0.057857699295124514 0.09668407085721868 0.07213949125890987 0.09693949992585543 0.12168939034503504 0.244483448555119 0.11632739991102652 0.19387899985171086
0.06984035575098084 0.1231638789088738 0.09038712517191161 0.1400546943961391 0.09843364054383785 0.21506105314507393 0.0949936188078161 0.16806563327536692
0.10306770608810133 0.08203761905065891 0.21491521783195067 0.13828658856830484 0.09536001716556651 0.09268637444596811 0.15308893809759427 0.12055753875185551
0.0833194911588503 0.12421189201434238 0.12205035154763555 0.13255484866204034 0.10261631053005985 0.17013740876299105 0.09941613649653026 0.16569356082755043
0.11716148146117362 0.09078317387340677 0.15173173310803656 0.09167198876261742 0.15238094110456377 0.13616960246293408 0.14551109327399592 0.11458998595327177
0.05658374046428337 0.09051538215177903 0.07603793210671721 0.10342677589879383 0.12840021941138322 0.22126517324038433 0.11691722492907128 0.20685355179758766
0.09611255169533811 0.07704891720120952 0.2007305134020022 0.14105719648764115 0.1030095619949791 0.09782153495268736 0.15726824742726556 0.126951476838877
0.1427315170840911 0.1012922617449611 0.207030232308869 0.10886826021672863 0.12623949825844247 0.09840580011676764 0.12052163931196656 0.09491079095817367
0.1203122863663333 0.08540681575455054 0.17226880581220144 0.09658678853458548 0.15050169432139945 0.11543671464040171 0.1435827483290256 0.11590414624150257
0.10252328102033341 0.07409353794078823 0.23015162825033061 0.1361394957253409 0.10397408840946949 0.07880704443103556 0.15178537806989498 0.12252554615280681
0.12078905249996344 0.08423340159143548 0.18150969957248805 0.09085178133290996 0.1514949201399423 0.1133472414782188 0.14420917671890468 0.11356472666613744
0.07788692679015995 0.12309483656000156 0.11219842460080973 0.14146909553605283 0.10547394636099898 0.17416090375382548 0.09595295175488801 0.16976291464326337
0.11614092106280595 0.09087045284206749 0.14921120604571406 0.09193114263803227 0.15360624952780988 0.13740365095423276 0.14592244863179726 0.11491392829754034
0.07710654526882738 0.12349371775528843 0.1061180272951808 0.14104262144017052 0.10561382936235951 0.1817104220862008 0.09566369106376782 0.1692511457282046
0.10416575566935862 0.08166536684199353 0.2207496843224065 0.13761976530956746 0.09625775526466131 0.08721472959847697 0.15235073733904086 0.11997620565449471
0.07255343992628521 0.10782573362305761 0.08031793995065668 0.08633644997753989 0.1428791245295421 0.23381067206479078 0.10360373997304785 0.17267289995507978
0.07101574671237121 0.12358953738226014 0.09251249932009227 0.1389144734743066 0.10202039977134428 0.21102972359658012 0.09422025157387752 0.16669736816916791
0.11443263392772961 0.09088381656057934 0.14349898276711254 0.09185258412161522 0.15250549016560508 0.1462130097313469 0.1457977525739924 0.11481573015201903
0.07678772630149273 0.12329306682712578 0.10494334886989051 0.1408056757204929 0.10524255605875386 0.18445783530375293 0.09550298005389955 0.16896681086459148
0.07785529314833162 0.12922238644753026 0.09885947558247803 0.13068375171108282 0.1031444215206137 0.19886716816779793 0.09801281378331211 0.16335468963885352
0.07769010754840466 0.1296340773293375 0.0972609455077764 0.13004338137459032 0.10228475726436041 0.20299996822635014 0.09753253603094275 0.1625542267182379
0.07758974144132809 0.1295792182437925 0.09685992582437318 0.12990860611327346 0.10201538079242756 0.20422991535825824 0.0974314545849551 0.1623857576415918
0.0655411669061048 0.11290961039891796 0.06133718701445133 0.08225438069842458 0.1378603529935092 0.2768832837536335 0.09870525683810949 0.16450876139684917
0.06951281699655891 0.12292075199695873 0.08831028419198106 0.13742470479480576 0.10020568594681922 0.22350631054524125 0.09320979977386823 0.16490964575376685
0.10271581771147408 0.08421936413102996 0.21355481385736808 0.13772042220731082 0.0954527012242781 0.0938107543842307 0.15246216866255002 0.12006395782175816
0.08304851047479381 0.1268426215403913 0.12160046778705492 0.13205748974421416 0.10233304450901554 0.17000288645610198 0.09904311730816064 0.1650718621802677
0.07862991821202943 0.13337671476845914 0.10186084584979416 0.13011976992696053 0.10225452522933619 0.1935186861594996 0.09758982744522042 0.1626497124087007
0.07754487451735212 0.1340392727802442 0.0975472877431816 0.1294859135960668 0.10176956864647878 0.20064125552454293 0.09711443519705011 0.16185739199508348
0.0772580090783252 0.13398037933682433 0.09657046795017771 0.12928986638740056 0.10152995982236451 0.20279158465010644 0.09696739979055041 0.16161233298425068
0.07717807728482254 0.13391197938137936 0.09633931360692174 0.12923007121505234 0.10143959883107595 0.2034408172506434 0.09692255341128925 0.1615375890188154
0.11539788558786819 0.09461408098773239 0.14400532404296634 0.09131413205922938 0.15167252506792384 0.14391032041956175 0.14494306676068153 0.11414266507403671
0.11577794453856861 0.08499564012605745 0.15813694470465242 0.09672566678544745 0.1583106586968906 0.1261931448292709 0.14378920017657562 0.11607080014253693
0.10184057940922762 0.07404518005756411 0.2277105302062069 0.13606853082634154 0.10567230006350826 0.08049494419004556 0.1517062575033987 0.12246167774370739
0.1430616916754078 0.10176111381747194 0.21471529518405466 0.10765567637814819 0.12572023940411042 0.09405305779780482 0.11917925915692432 0.09385366658607791
0.0956700204361408 0.1487538828088914 0.09899176314701971 0.1172126728072781 0.11982558954400647 0.19939009450560213 0.07950076938232774 0.14065520736873371
0.10035064902811189 0.07979532315211069 0.21000514116106458 0.13823499582737644 0.09996982273489533 0.09311086754874233 0.15412170430306 0.12441149624463879
0.08274928310948171 0.12611653704056913 0.12104488829259845 0.132247581548522 0.10339226127839814 0.1699542856333866 0.09918568616139152 0.1653094769356525
0.07858634990700068 0.1332428343087943 0.10178166746007629 0.13013007744001093 0.10248531543866299 0.19351360056543296 0.0975975580800082 0.16266259680001363
0.07753622405700183 0.13401051219281024 0.09754934077807637 0.12948243864207437 0.10181973675363266 0.2006368702922557 0.0971118289815558 0.161853048302593
0.11549299263418902 0.094633602196935 0.144394224377437 0.0913236910107166 0.1518001896405654 0.14324244667721098 0.14495823969955016 0.11415461376339575
0.07683062728387699 0.12358307472281534 0.10640114170444451 0.14060757815610386 0.10513690113982711 0.1833429649779894 0.09536861822761829 0.16872909378732465
0.07756988818334451 0.1326538345198185 0.09884024924261138 0.13009485384648736 0.10276650301713114 0.1978849634976325 0.09757114038486553 0.1626185673081092
0.06566916236016179 0.11363711378290284 0.06172748470018109 0.08241745711268028 0.1383423076787312 0.2744706116047659 0.09890094853521633 0.16483491422536056
0.06951290721182861 0.12297907432090847 0.08894379121506021 0.13738583979204538 0.10032873018468093 0.22280321036172163 0.09318343916330034 0.16486300775045443
0.10269155502710332 0.08420165358206513 0.2138563598701172 0.1376767047531481 0.09545550957792907 0.0936786003765294 0.1524137716436967 0.12002584516941117
0.08304512106431099 0.12682715237969905 0.12172638589592687 0.13204187501479073 0.10233268376048016 0.16994303185521054 0.09903140626109304 0.16505234376848837
0.0671208570375713 0.11384425807254335 0.06525153717027532 0.08329846418036944 0.13966253421958083 0.26426726394247746 0.09995815701644332 0.1665969283607389
0.0698395264668571 0.1232914104176209 0.08979521448000717 0.1377283077682241 0.10078949289806385 0.21986635685673647 0.09341572179062158 0.1652739693218689
0.1027461662187918 0.08422570029806707 0.21422102301057655 0.137660213051477 0.09552676832088204 0.09321314665971664 0.15239551465202175 0.12001146778846714
0.08305743864900132 0.12683645616589212 0.12182864450311574 0.13204566404640763 0.10235187465374285 0.16978859388902515 0.09903424803480573 0.16505708005800954
0.07863402370925424 0.1333702864708918 0.1019564653376731 0.13011168079295587 0.10226340833852166 0.19344077376479146 0.0975837605947169 0.16263960099119482
0.07754729204365343 0.13403188648782444 0.09760689661895958 0.12947742745404286 0.10177325750473953 0.20060838498269432 0.09710807059053217 0.1618467843175536
0.07725982811823513 0.1339723790542401 0.09662072660067979 0.12928110541883708 0.10153043874233657 0.20277331122799708 0.09696082906412783 0.16160138177354635
0.077179718725325 0.13390375035194643 0.096387215445481 0.12922125940801077 0.10143824150000312 0.20342729575321203 0.09691594455600809 0.16152657426001346
0.07715662568890602 0.13387314265536956 0.09632928582133543 0.12920308559799168 0.10140671309405655 0.20362497594635756 0.09690231419849375 0.16150385699748956
0.11516918529408285 0.0963967570096013 0.14379292907932295 0.09108117784666896 0.1513844863605769 0.14375069393209497 0.14457329816931577 0.11385147230833617
0.07677986989122104 0.12376753395343609 0.10627049049032698 0.1405817886326905 0.10503969537337846 0.18351134909667624 0.09535112620304226 0.16869814635922858
0.07736604836965925 0.13493274892410206 0.09860044898949963 0.12969404233269 0.10249669133123533 0.1975219353874335 0.09727053174951751 0.1621175529158625
0.06547769386444238 0.11612988248190866 0.061567868963452656 0.0821657582328245 0.13794613434269262 0.2737822357696408 0.09859890987938941 0.164331516465649
0.06949328275863628 0.12326918374572537 0.08891693698565728 0.1373905957642885 0.1002566882807256 0.22261793259465107 0.09318666495316959 0.1648687149171462
0.07560025193236053 0.13382169673611577 0.0944939124774273 0.12865412823361205 0.10076638800825308 0.2093553661450073 0.09649059617520905 0.16081766029201505
0.06497448992984974 0.11546550198081026 0.06081339722206104 0.08182120687633694 0.13692011148986724 0.2781774304967967 0.09818544825160432 0.16364241375267388
0.06936332203552419 0.12306288130421421 0.08868640531711362 0.13723550354113348 0.10000269674356975 0.22388511484205476 0.09308147196702966 0.16468260424936015
0.10250193994822049 0.08572271660621138 0.2134800957221308 0.1373954940273584 0.09525987284393027 0.09375673394086788 0.15210245981050663 0.119780687100774
0.07190335794591445 0.11166574905961502 0.07907568175344835 0.08573154551425131 0.14175134468753303 0.23553137539363353 0.10287785461710157 0.17146309102850263
0.07082798686979612 0.12383110200928499 0.09290332112045112 0.13866252781395 0.10180875624931726 0.21152190586925967 0.09404936669120087 0.16639503337673997
0.10274074166470924 0.08575374705652408 0.2151665962645512 0.1373116092052355 0.09552233223661247 0.09178782096518195 0.15200959586415974 0.11970755674302583
0.10282164983977682 0.15961308488754766 0.11335086252775994 0.12253489676196996 0.12669696427963498 0.20956043107465125 0.09190117257147748 0.07352093805718198
0.11307468669417801 0.08978943749039017 0.15100881806343397 0.0960933271314658 0.15076656101386418 0.14110599223855072 0.1428491848103581 0.11531199255775897
0.10130891616710684 0.07427742872060582 0.22790543011865022 0.13584050229598477 0.10424167043459115 0.08271757748756967 0.15145202270910538 0.12225645206638627
0.14271908840652212 0.10291210803487764 0.21477739383134253 0.10744682922585626 0.1251814220205665 0.09434350699686538 0.11894805677424866 0.09367159470972083
0.0802779984753752 0.12498373348860539 0.1207560445064502 0.14101786938506258 0.1005741187191166 0.1675218894499683 0.09564690271334679 0.16922144326207508
0.10401564492657939 0.08525025424735465 0.22565993331083656 0.13631275800493334 0.09455040092207488 0.08447041867369703 0.15090382652560794 0.11883676338891626
0.12094120071573171 0.08840000692426629 0.18041115825061244 0.09055114182258148 0.14834910115233144 0.11442649270929509 0.14373197114695474 0.11318892727822684
0.07770415918311734 0.12322323079675816 0.11405939342558077 0.14100903215715324 0.10493571349869277 0.17421672358265342 0.09564090876746047 0.16921083858858388
0.09338562662538367 0.16240280086758166 0.12064437597941702 0.1562437908764987 0.08609544181073771 0.1632879068229059 0.08172752138155318 0.13621253563592195
0.0798526007400384 0.1429614979204162 0.10117999421955855 0.1291444049087975 0.09833877108045352 0.19023392131314068 0.09685830368159813 0.16143050613599688
0.07736585310322475 0.14031152079570305 0.09701398774174394 0.12870275667287137 0.10048949026375668 0.19871087807695736 0.09652706750465355 0.1608784458410892
0.0924932298172772 0.16789989352027007 0.11561667324456615 0.15466450536565807 0.08459934344821697 0.1689891984016576 0.08090143357588268 0.13483572262647112
0.059795338665359465 0.11000543825229614 0.07517128251047167 0.09681163719900991 0.11765926938533444 0.23075979495069662 0.11617396463881187 0.19362327439801982
0.0700581805006598 0.12469691814889779 0.09314504287431061 0.14002826819758407 0.09802362206551231 0.21103835142452954 0.09497569495140484 0.16803392183710086
0.1025347018487062 0.08699157201383982 0.21521974339331673 0.1372358261517392 0.09476019363739778 0.0916907725806592 0.15192570090872226 0.11964148946561878
0.07188844959751928 0.11297189584154863 0.07931633743796901 0.08567206018217037 0.14155322905079268 0.23444743530705506 0.10280647221860442 0.17134412036434074
0.07081839389376463 0.12396778035070913 0.09317668201225318 0.1386418644994737 0.10182563835715994 0.21116405191371485 0.09403535157355605 0.1663702373993684
0.10262028016852696 0.08682177070102613 0.21507961948721066 0.1370998646386744 0.09542002650518046 0.09166029365882987 0.15177518592478403 0.11952295891576743
0.08280044457904846 0.13005678628432243 0.1217663223468353 0.13154192792984384 0.10201909955373493 0.16873156344652734 0.09865644594738289 0.16442740991230478
0.05875090873685518 0.1036302223888398 0.07625027080172872 0.09715712086841939 0.12223939511920318 0.23106929530601159 0.11658854504210325 0.19431424173683878
0.0695208669671195 0.1286502512654364 0.09282263355717615 0.13909760407149996 0.09838103814693905 0.21026601921405505 0.09434446189197387 0.1669171248857999
0.07566966449836802 0.13694455868884517 0.0953524508584276 0.12874347326793545 0.10046199599119446 0.20534091015935838 0.09655760495095161 0.1609293415849193
0.07639883027229478 0.13983924295108835 0.09552676720218087 0.1281716944763625 0.1005538649956348 0.2031662111497137 0.09612877085727188 0.16021461809545312
0.07650767136366164 0.14052421332481008 0.09554994957510456 0.12814605009099744 0.10056149545805422 0.20241852000537708 0.0961095375682481 0.1601825626137468
0.07653033352676802 0.14069855825974784 0.0955606566287217 0.1281543300021016 0.10056955092903577 0.20217791064942195 0.09611574750157621 0.16019291250262702
0.11474050123169073 0.09969720985771528 0.14326847508623183 0.09078169577253956 0.15077721769914673 0.14315985083931967 0.14409792979768182 0.11347711971567445
0.09016724956918205 0.15210094006915595 0.0874214852827796 0.115085247091284 0.12350124821349294 0.21556371349830242 0.07805781976626218 0.13810229650954078
0.09907995055683408 0.08468778048509694 0.20601694287610012 0.1374092518847214 0.10044630248547534 0.0954903835858411 0.1532010614296819 0.12366832669624928
0.10536255981623217 0.07899302374833798 0.25619922811465246 0.13277349749115963 0.0921164971006008 0.07181821985762166 0.14698571964833299 0.11575125422306223
0.08328548697281454 0.12904914735982742 0.13013263388242458 0.13143549453794584 0.10135513029343425 0.16187111787766156 0.0985766209034594 0.16429436817243231
0.07829530739748047 0.13908285399069845 0.1031682026354151 0.1293048307905932 0.10157883887432789 0.18996030473029857 0.0969786230929449 0.1616310384882415
0.077021146659607 0.14070170018921868 0.09729663314052274 0.12850689886231795 0.10103227683523633 0.1984275465884613 0.09638017414673848 0.16063362357789746
0.09381817575822943 0.17233723479314103 0.08807642183123675 0.11770310031394902 0.12326604091549741 0.24589984096411524 0.08827732523546178 0.07062186018836941
0.06096028876932077 0.1165128914399678 0.05515116613217884 0.08013682639123185 0.1366797310472279 0.2996959875170863 0.09058945592052296 0.1602736527824637
0.10561494499261313 0.09045241106726609 0.13480677463419977 0.09585091537992235 0.1535700928805573 0.16219493912923216 0.1424888234603025 0.11502109845590681
0.10012217854058827 0.07717114578619831 0.22305726312287638 0.13559932266968025 0.10483927079396556 0.08598830325972365 0.15118312542425544 0.12203939040271224
0.10498594888499826 0.0774246124451374 0.26204300865244 0.13196829757906714 0.09240596173662614 0.07002855538653997 0.14609433024626073 0.11504928506893033
0.07647088854525871 0.12712566339725123 0.1315296929978546 0.1422671319203336 0.0949622477855224 0.16042958844254418 0.09649422860683496 0.1707205583044003
0.10278569431052187 0.08720163503517883 0.22951451141322216 0.13571604753907288 0.09311948708102612 0.08310282684524674 0.15024324351089874 0.11831655426483276
0.06282335058975258 0.09939912410581046 0.0945781650800408 0.09972057652229552 0.12321964240336448 0.2011532964273903 0.11966469182675461 0.19944115304459104
0.07042219927899182 0.12873877789552177 0.09719600854582837 0.14001635275773805 0.09916793137198479 0.201471493665836 0.09496761317481364 0.16801962330928566
0.0758529318012222 0.1383680818027958 0.09625711550432042 0.12878905437661514 0.10067223679697589 0.2024824709648402 0.09659179078246137 0.16098631797076893
0.09354006077238916 0.17156251523634167 0.08784882645681719 0.11764959113976778 0.1231157728524298 0.24745628550356802 0.08823719335482585 0.07058975468386068
0.08399127377687918 0.1604542387808531 0.07610839309713498 0.11045393165827365 0.11303235055936371 0.24849851440412915 0.07491657973343777 0.13254471798992837
0.09821722547050417 0.08567195154929685 0.2022598176721983 0.13746032616762388 0.0985747791815172 0.10084360096439346 0.15325800544360454 0.1237142935508615
0.08197011886159275 0.1305324796232946 0.11905941473625761 0.13139918439778306 0.10254636215941473 0.1716940714260911 0.09854938829833729 0.1642489804972288
0.11609369309631254 0.09796242193765375 0.15016055120098867 0.09084030497611628 0.15139339156038858 0.13580829572884526 0.14419096027954964 0.11355038122014534
