Action: 0
[0.10641985391079639, 0.10581605564642634, 0.2586837575538718, 0.10581605564642609, 0.10581611024737178, 0.10581605570225538, 0.10581605564642609, 0.10581605564642609]
[0.1069330349708269, 0.10341618653638986, 0.25447248691286223, 0.10341618653638986, 0.12151354543436171, 0.10341618653638986, 0.10341618653638986, 0.10341618653638986]
[0.14934089649648255, 0.10194712329907867, 0.22579043002469665, 0.10194712329907867, 0.10596461126650068, 0.11111556901600532, 0.10194712329907867, 0.10194712329907867]
[0.125, 0.125, 0.125, 0.125, 0.125, 0.125, 0.125, 0.125]
[0.12428439526387941, 0.1033428847687415, 0.2527846190547608, 0.10334288476874147, 0.10621656183765234, 0.10334288476874147, 0.10334288476874147, 0.10334288476874147]
[0.1106627967737024, 0.10512329407018192, 0.2583048068002264, 0.10512329404093551, 0.10541592523321563, 0.10512329499986706, 0.10512329404093551, 0.10512329404093551]
[0.125, 0.125, 0.125, 0.125, 0.125, 0.125, 0.125, 0.125]
[0.125, 0.125, 0.125, 0.125, 0.125, 0.125, 0.125, 0.125]

Action: 1
[0.11129634962580724, 0.10267122249473949, 0.102671222492393, 0.102671222492393, 0.22525181666874702, 0.15009572124113424, 0.102671222492393, 0.102671222492393]
[0.10582790356835493, 0.10582790356835493, 0.10582790356835493, 0.10582790356835493, 0.10634761792535792, 0.25868496066451246, 0.10582790356835493, 0.10582790356835493]
[0.10398218730540669, 0.10398218775776066, 0.10398218727415957, 0.10398218727415957, 0.2548615225429408, 0.12124535329725361, 0.10398218727415957, 0.10398218727415957]
[0.125, 0.125, 0.125, 0.125, 0.125, 0.125, 0.125, 0.125]
[0.10389817880146962, 0.10405406496190789, 0.10389817880146944, 0.10389817880146944, 0.12196700571444041, 0.2544880353163044, 0.10389817880146944, 0.10389817880146944]
[0.10516725880214675, 0.10521306543830998, 0.1051557674384019, 0.1051557674384019, 0.21585132382416986, 0.1531452821817657, 0.1051557674384019, 0.1051557674384019]
[0.125, 0.125, 0.125, 0.125, 0.125, 0.125, 0.125, 0.125]
[0.125, 0.125, 0.125, 0.125, 0.125, 0.125, 0.125, 0.125]

