Action: 0
[0.11497010755611198, 0.10679015909653983, 0.24428688728326872, 0.10679015909653983, 0.10679220967792016, 0.10679015909653983, 0.10679015909653983, 0.10679015909653983]
[0.10679056168572813, 0.10679056168572813, 0.22176053256831407, 0.10679056168572813, 0.13749609731731705, 0.10679056168572813, 0.10679056168572813, 0.10679056168572813]
[0.13726160760541106, 0.1068361243145404, 0.22172164677019177, 0.10683612426190327, 0.10683612426224363, 0.10683612426190327, 0.10683612426190327, 0.10683612426190327]
[0.125, 0.125, 0.125, 0.125, 0.125, 0.125, 0.125, 0.125]
[0.10809024640342907, 0.13690126991986284, 0.10948792246848285, 0.10758676020137087, 0.21517352040274174, 0.10758676020137087, 0.10758676020137087, 0.10758676020137087]
[0.10873968531814267, 0.10637053885507076, 0.11530365693461403, 0.10637053885507076, 0.2441039634718895, 0.10637053885507079, 0.10637053885507076, 0.10637053885507076]
[0.125, 0.125, 0.125, 0.125, 0.125, 0.125, 0.125, 0.125]
[0.125, 0.125, 0.125, 0.125, 0.125, 0.125, 0.125, 0.125]

Action: 1
[0.10768207157187859, 0.10768207157187859, 0.10768207157187859, 0.10768207157187859, 0.10941379016213051, 0.24449378040659786, 0.10768207157187859, 0.10768207157187859]
[0.10791901034418083, 0.10791901034418083, 0.10791901034418083, 0.10791901034418083, 0.10791901034418083, 0.24456692759073428, 0.10791901034418083, 0.10791901034418083]
[0.10768192538746989, 0.10768192538746969, 0.10768192538746969, 0.10768192538746969, 0.10941472743571724, 0.24449372023946436, 0.10768192538746969, 0.10768192538746969]
[0.125, 0.125, 0.125, 0.125, 0.125, 0.125, 0.125, 0.125]
[0.10812453174331695, 0.10757695804814522, 0.10757695566710997, 0.10757695566710997, 0.244491291327343, 0.10949939621275491, 0.10757695566710997, 0.10757695566710997]
[0.1068349016585575, 0.10683490165177467, 0.10683490165177467, 0.10683490165177467, 0.1372625478139211, 0.22172804226864795, 0.10683490165177467, 0.10683490165177467]
[0.125, 0.125, 0.125, 0.125, 0.125, 0.125, 0.125, 0.125]
[0.125, 0.125, 0.125, 0.125, 0.125, 0.125, 0.125, 0.125]

