0.125 0.125 0.125 0.125 0.125 0.125 0.125 0.125
0.08447043534762833 0.14944769330734242 0.1055880441845354 0.18680961663417803 0.07602339181286549 0.13450292397660818 0.09502923976608188 0.1681286549707602
0.10367120714347663 0.07779019316241848 0.1927339114173353 0.15558038632483695 0.08673026013780089 0.07001117384617662 0.17346052027560177 0.14002234769235325
0.099626400996264 0.07845579078455792 0.199252801992528 0.15691158156911583 0.08685378548392246 0.06839735606858895 0.17370757096784492 0.1367947121371779
0.09444644354078607 0.15741073923464347 0.10039762527401264 0.1416696653111791 0.1180580544259826 0.19676342404330432 0.10625224898338434 0.08500179918670747
0.11872467480428629 0.08826404186641858 0.14914485852015943 0.11033005233302322 0.13121042641634761 0.10591685023970229 0.16401303302043452 0.13239606279962787
0.0960050441905425 0.07560397230005222 0.21828392719157533 0.15120794460010445 0.09377223531869418 0.06591115533850708 0.16739341038351 0.13182231067701417
0.09251802405794607 0.1502543748541961 0.08908634397780894 0.13099099346263252 0.11080975653604526 0.18030524982503535 0.08884606513117682 0.157189192155159
0.10089456965956721 0.07494039650729784 0.20119136741733099 0.14988079301459567 0.09223893739606472 0.0788553232145404 0.16710589907746712 0.1348927137131361
0.1276797918225894 0.10054783606028915 0.20378478615492615 0.12065740327234697 0.12091188413417471 0.08765708784743156 0.13357270529132428 0.10518850541691788
0.06803797783343109 0.10719312052720688 0.07100615665090805 0.09345041276730857 0.13528609355426002 0.23248581609096278 0.10563959704130535 0.18690082553461715
0.13081671115989554 0.10301816003841774 0.17988238123505856 0.1236217920461013 0.12822300202828632 0.08981070362323598 0.1368544055211215 0.10777284434788317
0.09182424408356361 0.14420499669475187 0.0927539998632813 0.1257171766056811 0.10994362440878781 0.19942630489326368 0.08526904152385327 0.15086061192681735
0.08436097622987163 0.1369682172936142 0.11215248758951063 0.17121027161701774 0.07715811992638302 0.1769667621091953 0.08709392077909163 0.15408924445531594
0.09645262449177576 0.0719332315500797 0.221867774463993 0.1438664631001594 0.08624323217184693 0.08975648737854047 0.16040037005346128 0.12947981679014345
0.09794649268346076 0.07058734362924429 0.26476998882569874 0.14117468725848858 0.08462225296549566 0.0615376841895976 0.15628618206881925 0.1230753683791952
0.07305826455045336 0.1177478559673117 0.1382504778463241 0.14718481995913962 0.08660800020257284 0.16069909355094492 0.09982970397228602 0.17662178395096753
0.09362407454889893 0.07047178914165694 0.2345459660918566 0.1409435782833139 0.09040558779980447 0.08601821207107559 0.15714157160841116 0.1268492204549825
0.09614639164741061 0.06939833021540903 0.2769221533572908 0.13879666043081806 0.08357953055336807 0.060501108392920694 0.1536536086169414 0.12100221678584139
0.07675457101467487 0.11681518400137822 0.1450224041664743 0.14017822080165385 0.09485419841078838 0.14601898000172278 0.10513366560124039 0.17522277600206732
0.07715321398257931 0.11980327907176742 0.11786053169539137 0.1437639348861209 0.10413707175218989 0.14975409883970928 0.1078229511645907 0.17970491860765112
0.08121936854010758 0.11986063988178454 0.112004601060782 0.14383276785814145 0.10559128709067071 0.14982579985223066 0.10787457589360609 0.1797909598226768
0.10240948931266203 0.15012801290871425 0.10414058070879545 0.13511521161784285 0.13814115363200477 0.18766001613589284 0.10133640871338212 0.0810691269707057
0.07213765642098227 0.1022974142737254 0.07008290624580767 0.09206767284635287 0.16420296855735164 0.2045948285474508 0.11048120741562344 0.18413534569270573
0.09662159656209757 0.1430902751496241 0.09145943417483735 0.1287812476346617 0.15106299680903904 0.21512976536294706 0.09658593572599627 0.07726874858079702
0.06838672317055129 0.09741286001109924 0.0653655248316539 0.08767157400998932 0.1637396036886503 0.2368746774560902 0.10520588881198716 0.17534314801997863
0.07498098303550878 0.11136755961064547 0.09429281814205241 0.13364107153277455 0.12033895650355396 0.19809646810991563 0.10023080364958092 0.16705133941596817
0.06029273097391421 0.09924997844990385 0.06106643297762245 0.08652562223837772 0.13581679193033958 0.28618562598796404 0.09781157296512265 0.17305124447675543
0.09276189277382409 0.07053140453772173 0.20360435050233738 0.14106280907544347 0.09779675959044318 0.11001175030851565 0.15727450504381535 0.12695652816789915
0.09213824753186728 0.06799554103712109 0.2626388016247803 0.13599108207424218 0.08896796220817929 0.07825648373242647 0.15161990792456553 0.12239197386681798
0.08998798086687791 0.06639389522763448 0.28573493341039274 0.13278779045526895 0.08582212340133903 0.07171578840772101 0.1480484768210237 0.11950901140974204
0.09643094211200322 0.06527250786662332 0.2954277114890844 0.13054501573324664 0.08968133741217557 0.06431531139620941 0.1445186987360321 0.11380847525462529
0.06356599820962061 0.10230358499848857 0.09281000061054497 0.08918774076791312 0.13438406534569275 0.23855220418557713 0.10082092434633656 0.17837548153582625
0.10967464025824777 0.07755874000436509 0.1485069731916396 0.09307048800523811 0.16884349726378356 0.1382766179285305 0.1477309333416478 0.11633811000654765
0.0832648163494304 0.11045285897512046 0.11303840381180505 0.13254343077014455 0.12252872883535902 0.1730848997178515 0.09940757307760842 0.16567928846268068
0.08336709687323182 0.13606825247991086 0.0881816622246036 0.11862360472607612 0.11229818497530084 0.23865512375711653 0.08045774929246902 0.14234832567129133
0.10482353535774687 0.06920744647390198 0.2192624721510653 0.13841489294780396 0.10076138572805113 0.09362989716958607 0.15323097631991317 0.12066939385193165
0.07189252976509695 0.09630832887835958 0.08464601086415861 0.08667749599052361 0.1484874831750461 0.23462016415713954 0.10401299518862835 0.17335499198104723
0.063205046420279 0.09012392508040153 0.0605577861209648 0.08111153257236138 0.153925997067832 0.2915188085066049 0.09733383908683364 0.16222306514472276
0.10878632370010217 0.07445152073297927 0.13357780079665116 0.08934182487957512 0.17080711266362217 0.1695457156838311 0.14181242044377002 0.1116772810994689
0.09950284792603435 0.13157256461814984 0.09897176968858987 0.11841530815633483 0.14826950066600708 0.2434073429338321 0.08881148111725114 0.0710491848938009
0.06540772844477104 0.08796256768187898 0.061395240743741086 0.07916631091369107 0.15181455863356288 0.3009213986585435 0.09499957309642929 0.15833262182738214
0.08794719447191647 0.12666254459570964 0.08080425413833572 0.11399629013613867 0.1376052666295877 0.2990894583445246 0.08549721760210402 0.06839777408168321
0.07543748785636487 0.10362799454837246 0.09258034249616041 0.12435359345804693 0.10959479582394453 0.24569859890101686 0.0932651950935352 0.15544199182255866
0.06818568511335427 0.11198255623308966 0.09986189149564959 0.13997819529136207 0.09091201903108874 0.22616408602733212 0.09494173245848907 0.16797383434963448
0.06809065495388263 0.11263027930282456 0.10199687774743789 0.1407878491285307 0.0922410713910492 0.21981695954790412 0.09549088897413388 0.16894541895423684
0.09646008229745502 0.06936302989555869 0.22158363351300137 0.13872605979111738 0.09370251570728212 0.10064202100751317 0.15466920397606668 0.12485345381200566
0.10237421849712162 0.06576488512566527 0.2735296892972094 0.13152977025133053 0.09243709061468468 0.0740885045526254 0.1456088624678954 0.11466697919346765
0.08177520362553141 0.10970294224563072 0.14222955498330364 0.13164353069475687 0.10440634897398024 0.16695535808728343 0.09873264802106765 0.16455441336844606
0.08705260219578845 0.13420792976671309 0.09296308932556323 0.11700178492482681 0.11289148647512512 0.2361232330183956 0.07935773238379557 0.14040214190979217
0.07736143472223106 0.1069683193082457 0.09790082487737622 0.12836198316989483 0.10648438568420189 0.22619908589826063 0.09627148737742114 0.16045247896236853
0.060972344478894366 0.09459370805747067 0.059700441581354416 0.08246630958856419 0.13327056003271198 0.3108412323315861 0.09322278475228993 0.16493261917712837
0.10565047399021406 0.07662308658798198 0.13940684119351004 0.09577885823497746 0.1497750694280281 0.17544933500863247 0.14238170567468292 0.11493462988197295
0.11759708621770061 0.0759380268961859 0.16570517290418935 0.09492253362023235 0.1529064782183752 0.13791494017851333 0.1411087216205245 0.11390704034427884
0.14164082486149196 0.0870639292448043 0.20069007040240527 0.10882991155600537 0.1323624489447485 0.11012866484038433 0.12133722974975525 0.09794692040040483
0.14717781228113813 0.0861494085557618 0.21282651433653263 0.10768676069470222 0.12642245709936004 0.10275626055810516 0.12006270184916801 0.096918084625232
0.11358018569451195 0.06467095115125047 0.2618605395364247 0.12934190230250095 0.09398061910152147 0.07595152145501967 0.14420656868651974 0.11640771207225085
0.10525989801540288 0.06446100985517944 0.2828020280220473 0.12892201971035888 0.08786754975457456 0.07091924597231081 0.14373843093080313 0.116029817739323
0.10277424202750515 0.06405448354833132 0.2909990396617969 0.12810896709666264 0.08629680515358279 0.0696364541830247 0.14283193794209997 0.11529807038699638
0.0939829254496141 0.12904048294887202 0.16948236898292615 0.16130060368609 0.07909216347147069 0.13987799635540443 0.08205291578814145 0.145170543317481
0.10409187602840363 0.06730650571502944 0.25398496751250194 0.13461301143005888 0.0913029742975864 0.08232359477916043 0.14902213719566956 0.1173549330415898
0.09894487251446801 0.1348511160897301 0.11596403942232172 0.11756251146284162 0.1111719711459888 0.20069242435618206 0.07973805125305779 0.14107501375540993
0.10756784844910412 0.06770542261110746 0.22463793158002582 0.13541084522221492 0.09522762250490047 0.09660758179684109 0.15097298713581275 0.12186976069999343
0.1411491676449976 0.08716537394640073 0.22367242805708845 0.10895671743300091 0.11895669191210734 0.10055996647722402 0.12147860883948011 0.0980610456897008
0.13038132860746798 0.07457438611751441 0.19258624155594273 0.09321798264689299 0.14252222852398302 0.11628146125803857 0.1385747921138887 0.1118615791762716
0.11168928607563003 0.06514609970197854 0.2540169048314795 0.1302921994039571 0.09743747497618693 0.07888897651025738 0.14526607903694919 0.11726297946356139
0.10602359259176686 0.06458300689028182 0.27974455012735366 0.12916601378056364 0.08862720776802974 0.0715957503289283 0.1440104661105687 0.11624941240250726
0.08313739737185562 0.11233678684298427 0.14491286783861745 0.14042098355373034 0.09222618167199938 0.16321854404598032 0.09524205841035624 0.1685051802644764
0.11544309513739187 0.07620405643351236 0.16456091855285992 0.09144486772021483 0.15278592938778132 0.1401044644350904 0.1451505836828807 0.11430608465026854
0.12470081003477765 0.07519817778520795 0.17331233843133362 0.09399772223150993 0.15255150148561453 0.12770825597675345 0.1397339273769909 0.11279726667781191
0.1107846598591276 0.06534666473326065 0.2458014743310181 0.1306933294665213 0.10279703389781641 0.08123953207075765 0.14571330912162897 0.11762399651986918
0.08389153583580987 0.11214718797788993 0.13676797909197846 0.14018398497236242 0.0968760963481723 0.16683112226048016 0.09508131154647191 0.1682207819668349
0.10489857457638536 0.06777415963899731 0.24010814191410726 0.13554831927799463 0.09583205422826971 0.08761085930620344 0.1500575614310726 0.11817032962696968
0.08279971168001773 0.11220806296476564 0.1353717440193106 0.14026007870595705 0.09654760599076256 0.16936777924364987 0.09513292294838825 0.16831209444714845
0.08976466060620274 0.14319177077780287 0.12645087516375159 0.1599887151216105 0.0827011862218789 0.17252738472005 0.08138556377925403 0.14398984360944944
0.14376281826442075 0.09181334373989525 0.1908254623353756 0.11017601248787431 0.1255857737231107 0.11981633193363551 0.1219693748339512 0.09605088268173657
0.1307200268926138 0.0809374250744119 0.17997686560963438 0.09194051467825913 0.1490471314461381 0.1203736685066047 0.136675750178427 0.11032861761391095
0.11138064475683596 0.0701518370729143 0.24702109966481464 0.12889952160966556 0.10362750131185688 0.07919647890772094 0.1437133472274928 0.11600956944869902
0.10553061729483626 0.06881539126380921 0.27569266143450577 0.1279699963024649 0.09292785571890658 0.07121348543573462 0.14267699587752428 0.1151729966722184
0.1032781395364457 0.06813020486646608 0.2869576658652691 0.12685250029001288 0.08993515284639295 0.06924801511553673 0.14143107121886508 0.11416725026101159
0.10237057987458938 0.06781488405322902 0.29127692447707265 0.1263396373927147 0.08898215247648018 0.06865088071074282 0.14085926736172816 0.11370567365344321
0.1196073748307582 0.0793637282108976 0.21465954237919374 0.09243461300671649 0.13859767261416117 0.10700527282082567 0.1374102605293875 0.11092153560805978
0.10775491869699602 0.06937930094331628 0.26135553059229305 0.12768235153018237 0.10044108377508817 0.07611640466250301 0.14235629342245706 0.11491411637716414
0.10426235092919262 0.06842184569134079 0.2812715243764964 0.12732141369704303 0.09183210021434099 0.07034761809008165 0.14195387467416587 0.11458927232733873
0.08212122776162975 0.11892770889437763 0.14425923161667692 0.13844123648451476 0.09531446418366633 0.160907373836046 0.09389927344167089 0.16612948378141768
0.07742097062950128 0.12421891439477033 0.11107431082222924 0.1378894149240081 0.09533602856176321 0.19506806828872136 0.0935249944701968 0.1654672979088097
0.07613791809913875 0.12415746280428107 0.10287952690924466 0.13714812237652835 0.09481529564876964 0.20726172256786257 0.09302220474234096 0.16457774685183402
0.10264557770065882 0.07658761086581868 0.2185333290395522 0.13535647213351046 0.09604228234701465 0.09810153779368536 0.15091236519960047 0.12182082492015942
0.08193863428573396 0.12022831017212089 0.12943519516471302 0.1389316972962571 0.09635095017898009 0.1721652423283556 0.0942319338183309 0.1667180367555085
0.1353977719346481 0.09927204540993971 0.1883487863323018 0.11006658986337962 0.1257182979016124 0.11942054390802521 0.1227160337730516 0.09905993087704165
0.11246519515419627 0.07131409374510649 0.2505848048758267 0.1286744206945463 0.09880120649946288 0.07889092390005921 0.14346237650571056 0.11580697862509166
0.14074168467261497 0.09152629189288254 0.2303703068535448 0.10624819573254639 0.12247503457507632 0.09455630084208484 0.11845880927195843 0.09562337615929174
0.11204493278814943 0.06960879709957618 0.2670236051299049 0.12649094300618657 0.09660201841763473 0.0733598930236946 0.14102796182928562 0.1138418487055679
0.10506335171092729 0.06823330323440162 0.2833044825399296 0.12692454390326413 0.09104139251461743 0.06968944211267097 0.1415113944712512 0.11423208951293773
0.08228988914654418 0.11883779130055268 0.14471309461456874 0.13835290761271707 0.09535288275447862 0.16059058201160054 0.09383936342427766 0.16602348913526044
0.11703650504836695 0.08560977127611168 0.16797663429354914 0.09503046082290037 0.14462393704069362 0.13441697587476548 0.14126916265613249 0.11403655298748044
0.10890620392984561 0.07096841143212777 0.2426145561068653 0.12983645706235644 0.10388273730725177 0.08218086246874542 0.14475796033668695 0.1168528113561208
0.10524552372771218 0.06897679971312472 0.27399258914617963 0.12816810270911577 0.0935243146778944 0.07184350785088918 0.14289786973687982 0.1153512924382042
0.10336410921502603 0.06814417526417245 0.2862362630443839 0.12685261234463266 0.0904327591235987 0.06937153374661309 0.14143119615140384 0.11416735111016937
0.12004532903102522 0.07939321504831379 0.21294990223405524 0.09243719533815296 0.13961974289553597 0.1072158817086252 0.137414099338508 0.11092463440578357
0.10791856992399215 0.06935369954667624 0.26053200303822127 0.12761868715745184 0.10128362025850281 0.07615128923551392 0.1422853123979351 0.11485681844170666
0.13896537475609633 0.09108460511041169 0.23379005298939184 0.10592843806448454 0.12311231131015003 0.09368132017684738 0.118102303334582 0.09533559425803607
0.10086315936316634 0.1377706312151209 0.15174300218738135 0.1565265746285677 0.0876234829818014 0.14497484449502357 0.07962438796322792 0.14087391716571093
0.10922913848788876 0.06729436503581221 0.24602726313068565 0.13458873007162442 0.0932112951311813 0.08332018673123356 0.1489952567337478 0.11733376467782641
0.09926197794128742 0.14201904935389914 0.11317389242054428 0.11547281560585433 0.1147537069339557 0.19843048669346317 0.07832069232397075 0.13856737872702518
0.10689239153060909 0.07666055397235916 0.22067240066197918 0.13290869724978124 0.09958499557054323 0.09547985461591521 0.14818327887400984 0.11961782752480313
0.10569303620417154 0.0700356039775715 0.26570415646521645 0.12944542317994784 0.09349613661363344 0.07480277595807178 0.1443219867394344 0.11650088086195305
0.1037906640043789 0.06844587456017623 0.2831128297291635 0.12729311490512943 0.09076716397751775 0.07010422577598542 0.14192232363303234 0.11456380341461647
0.10270993453173362 0.06788694536182105 0.2897302620183694 0.1264304331259644 0.08963170067999253 0.06886283664025054 0.1409604978285006 0.11378738981336793
0.10221849071837799 0.06767898574863135 0.2922375717381923 0.12610442291944146 0.0891826095086893 0.06848691796182269 0.14059702077734743 0.11349398062749733
0.10201412557226697 0.0676010897110399 0.29318751415506006 0.12598205888115302 0.08900942949165262 0.06836133518948931 0.14046059400630045 0.11338385299303773
0.11952402483915348 0.07923321141178796 0.2151296550387616 0.09229362571839947 0.13905742965855658 0.10680902901525281 0.13720067345600875 0.11075235086207937
0.10771865993046922 0.06929023635095709 0.26140450199766546 0.12751983932115377 0.10109157793875 0.07603222463479917 0.14217510443716697 0.11476785538903841
0.10425976695879076 0.06836091873267555 0.2811878115141225 0.12720932224082926 0.09236561588285723 0.0702992735884567 0.1418289010655216 0.11448839001674635
0.13740236804355485 0.09071028701755583 0.2412357433217274 0.105593120316758 0.12022849096187374 0.09206773298386861 0.11772844906957944 0.09503380828508219
0.11085773992947388 0.069287175890824 0.2713164473646156 0.1259932837307571 0.0960105031144136 0.07266778573630099 0.14047310887593367 0.11339395535768139
0.10461779423206005 0.06808938123929846 0.28492718511753545 0.12668912490010878 0.09094934529002921 0.06945803695955484 0.14124891985131532 0.11402021241009792
0.1373864975056761 0.09059074603749552 0.24251301648484191 0.10547803184210688 0.11971531909900185 0.09178602636394581 0.11760013400903559 0.09493022865789619
0.10046573391626205 0.1376067719433202 0.15403044533259952 0.1564083380936339 0.0869129524999556 0.14424401237797918 0.07956424155197897 0.14076750428427048
0.08404908732466158 0.10967919559599726 0.11423402074589238 0.13161503471519667 0.1027595468579687 0.1944330453298901 0.09871127603639752 0.16451879339399586
0.09089204457203089 0.14380869716253522 0.08490887669240929 0.11226202606596586 0.11383571267437893 0.24343527213486565 0.0761429394186551 0.13471443127915902
0.10569054661635499 0.07740689770043914 0.20838757676508174 0.13392185430486692 0.10025384578231235 0.10449673657486976 0.1493128733816949 0.12052966887438023
0.08234851383533719 0.12003417531388402 0.1268513130412122 0.13857154743577313 0.09757341772343224 0.17434751746664826 0.09398765826078524 0.16628585692292774
0.10333704304533668 0.0756635431386447 0.22849634116049755 0.1342374387719891 0.09633459542880123 0.09145261704848398 0.1496647265114565 0.12081369489479019
0.10468521552255347 0.06987343728174036 0.26897453143838757 0.12928483336872618 0.09268896406456786 0.0739937272079344 0.1441429410842365 0.11635635003185356
0.10344976547474989 0.06836330790528716 0.2843882478145863 0.1271578011342411 0.09053280436346973 0.06989459341031422 0.1417714588765345 0.11444202102081699
0.13709011244892497 0.09067032283395843 0.24239543375174266 0.10554556236967157 0.11969644658436204 0.09193569037095721 0.11767542550767861 0.09499100613270442
0.1465454412327607 0.09164745760956941 0.22477389930761324 0.1041614955765658 0.12689985186398223 0.0960942140686672 0.11613229432193234 0.09374534601890923
0.11345267952209466 0.06958156901689276 0.2644483114325965 0.12639283728485048 0.0978287145529347 0.07362375336294694 0.14091858127131837 0.11375355355636545
0.08382173564135625 0.11891855116001694 0.14022476217423815 0.1382532577634859 0.09703596052986682 0.16207004858396684 0.09377177483088608 0.16590390931618307
0.10323330448188146 0.0752413034241408 0.23401343280186654 0.1336195616242847 0.09578612182029488 0.0888728307836744 0.148975839602001 0.12025760546185625
0.1044554301157475 0.06969848030449967 0.2711073562530256 0.12900738504414352 0.09238916408643451 0.07340193074899441 0.1438336069074257 0.11610664653972917
0.12068099004866376 0.07977332596059884 0.20820650771754118 0.09275193759033447 0.14079042915651685 0.1086124995821628 0.1378819848357808 0.11130232510840136
0.10823584697372106 0.06948977587499515 0.2586255841542769 0.1278243365390117 0.10175116470692146 0.07651679275455761 0.14251459611140557 0.11504190288511054
0.10447557882689672 0.06843936611483362 0.28010673059156926 0.12733256642081361 0.09263358632783436 0.07044655281044296 0.14196630912887728 0.11459930977873226
0.10294964664387825 0.06793784882936943 0.28853814082746165 0.126525817690195 0.09013484725688906 0.0689736183316647 0.14106684449936666 0.11387323592117549
0.11986373751233927 0.07932267997868353 0.21364675577845527 0.09237045555751089 0.13958731146518064 0.10704962686675634 0.13731488617206097 0.11084454666901307
0.10784342900872083 0.0693239006300453 0.26079458586038884 0.1275703100066653 0.1013188029780551 0.07610431702508245 0.14223137548504325 0.11481327900599879
0.10430481727920536 0.06837282694026185 0.2809416544020211 0.12722694242696853 0.09247922121346616 0.07032174329567774 0.1418485462581276 0.11450424818427167
0.10287923855205414 0.06791165167403314 0.2888554045926976 0.1264842129776783 0.09008185774618262 0.0689313844277038 0.14102045834973984 0.1138357916799105
0.10228083257455578 0.06769519465826662 0.2918912135340849 0.1261313575250225 0.08934271866255007 0.06851341042047478 0.14062705085252508 0.11351822177252024
0.10203572813247974 0.0676060230808018 0.2930471009950592 0.1259887907818379 0.08909429418666753 0.06837005154631627 0.14046809957318343 0.11338991170365412
0.10193796118460603 0.06757120015702779 0.2934861564258356 0.12593364072496996 0.08900631657250281 0.06831783690713329 0.14040661137545157 0.11334027665247298
0.11948794924458245 0.07921859586250511 0.21521147309710464 0.09227847953570024 0.1391086425682157 0.1067825266109062 0.13717815763814545 0.1107341754428403
0.10769959000525563 0.06928013025204338 0.2614229020449726 0.12750147347090285 0.10117029046159812 0.07601965975669188 0.142154627884723 0.11475132612381254
0.10424869162684276 0.06835419461168406 0.28118433015245947 0.12719702670855482 0.09243133513796585 0.07029190526018103 0.1418151924646126 0.11447732403769936
0.102857234782171 0.06790406328399519 0.28894762168355914 0.1264720683769956 0.09006703695523961 0.06892019535245132 0.1410069180262921 0.11382486153929601
0.10227211310401615 0.06769208760628051 0.2919257722829537 0.12612635149872725 0.08933946014697679 0.06850902950540101 0.14062146950678994 0.11351371634885452
0.10203214576763647 0.06760466072722476 0.2930597042136419 0.12598654542156146 0.08909523313828105 0.06836822368820972 0.1404655961640394 0.1133878908794053
0.10193635260135435 0.06757050592592206 0.2934904184365811 0.12593244955139513 0.08900881092568631 0.06831697465699635 0.14040528330580918 0.11333920459625561
0.10189883732525246 0.06755742255130016 0.2936539067958985 0.12591180403170707 0.0889772861080491 0.0682978544671891 0.14038226509206742 0.11332062362853636
0.10188432426914444 0.0675524443959979 0.2937159532508011 0.1259039586736739 0.08896558750443412 0.06829065099630717 0.14037351810333493 0.11331356280630653
0.1018787521071912 0.06755055422869828 0.29373950098714785 0.1259009810733504 0.0889612040178777 0.06828792631853614 0.1403701983011832 0.11331088296601534
0.13628936942965209 0.0903673919818756 0.24560829321153899 0.10526710465815921 0.11900906224799317 0.09135341833866914 0.11736496593976854 0.09474039419234327
0.10019958715633906 0.13752469447828228 0.1548321281983482 0.15634411504676796 0.08680932793536784 0.14404887207553477 0.07953157156726891 0.14070970354209114
0.08398955843729455 0.1096579315444266 0.11440528206243956 0.1315895178533119 0.1028448833197111 0.19433379107619247 0.09869213838998395 0.1644868973166399
0.07720737107989346 0.12217006405858047 0.10346899133017635 0.13674487972293392 0.09678742165714711 0.20677871545427967 0.09274870102946824 0.16409385566752072
0.1027974336052601 0.07634296017476536 0.21857902795489828 0.13514814454184415 0.09687080538123773 0.09794820277260693 0.1506800954817277 0.12163333008765972
0.08193284413237044 0.12010905040772038 0.12939719351880322 0.13881504940777853 0.09699033350198774 0.17202465362194697 0.09415281612005849 0.16657805928933422
0.07725358937367181 0.12410919620995121 0.1074505504869472 0.13761042726505915 0.09601571209316478 0.19909224379509471 0.09333576805804014 0.165132512718071
0.102743849452352 0.07644106743107261 0.22039139568047927 0.13509720626984986 0.09663331820956542 0.09648237420399822 0.15062330310981767 0.12158748564286488
0.104850102409912 0.07014415665856782 0.2658435915201776 0.1296967545257087 0.09304979255806455 0.07508632082054427 0.14460220243388713 0.11672707907313783
0.08231403969790096 0.1192188945064095 0.14062697389740145 0.1385613440494425 0.09611856170557405 0.16290583558084032 0.09398073770310013 0.16627361285933098
0.1028812022265173 0.0752765054645001 0.2342385708683054 0.1336494143164823 0.09562511384890016 0.08903559726447213 0.1490091231259885 0.12028447288483408
0.10436681245671879 0.06969755560943174 0.2712020714934279 0.12900110142733004 0.09237584400465448 0.07342902258023476 0.14382660114360526 0.11610099128459704
0.1032913861650947 0.068291450060022 0.28523334410389894 0.12704288643758935 0.09041705587783501 0.06974194199623816 0.14164333756549138 0.1143385977938304
0.1025141893758838 0.06781954852817605 0.29053107927977084 0.12632092535458622 0.08953879849888334 0.0687482213079365 0.14083840483563567 0.11368883281912757
0.10213931081451148 0.06764946500742078 0.2925329975880049 0.12605595700170358 0.08918325603647788 0.06844566735441908 0.1405429848959292 0.11345036130153321
0.10197991610984229 0.06758669915722178 0.293290643158891 0.1259576521097244 0.08904509221928802 0.06834472806872205 0.1404333822775584 0.11336188689875196
0.08164808488836782 0.11863231625945034 0.14699676198354966 0.13818791893201549 0.0950595535512656 0.15992240360869606 0.09372745805823658 0.16582550271841856
0.10250125465231323 0.07507242408201846 0.2368606768670975 0.13335277150176414 0.0951918390734017 0.08832515094671617 0.1486783885251012 0.1200174943515877
0.10418211047865733 0.06961617870707364 0.27222116811440056 0.1288728794344229 0.09219916612215037 0.0732392624619953 0.1436836431903193 0.11598559149098062
0.10321137073562307 0.06825986945857014 0.2856227426881585 0.12699303781244423 0.09034732706539736 0.06968415814010565 0.14158776006850124 0.1142937340311998
0.13697108313886971 0.09062770739488614 0.24281577627059214 0.1055050635078902 0.119636489043699 0.09185905118786615 0.11763027229909548 0.09495455715710117
0.1106966828125579 0.06924125054429653 0.27193617159842837 0.12591732258970176 0.09590025640863908 0.07259430784324618 0.1403884178723988 0.11332559033073157
0.13942706660568016 0.09076978569432671 0.23766972837922035 0.10555902203012474 0.12129437723459956 0.09258646820430455 0.1176904320246316 0.09500311982711226
0.1473534020745871 0.09169940649953727 0.22301321506753463 0.10420994840835947 0.12745657722906048 0.09629218153989844 0.11618631561349928 0.09378895356752351
0.08912412575028894 0.11960346469447672 0.12920215680899036 0.13577803884218922 0.1024538869389219 0.16881174966154258 0.09209293069296312 0.16293364661062704
0.10471442577503286 0.07540585164457779 0.22907673838525983 0.1337873493408683 0.0971820201793817 0.09026208988357774 0.14916291038452034 0.12040861440678148
0.10495526587403467 0.06981005896310988 0.2691301068660507 0.12919456838891047 0.092844175526937 0.07374841046300341 0.14404230236793447 0.11627511155001942
0.09458800612211087 0.13690214719866128 0.16246417281753264 0.15915958080437098 0.08277872625001728 0.13989995732636712 0.08096378675700609 0.14324362272393384
0.10002010751027164 0.13224715075488988 0.13998858308421497 0.15869658090586788 0.08571335443593305 0.16197283866063766 0.08301051924306935 0.13835086540511557
0.08411305896125504 0.10919972133310625 0.11059575011911822 0.13103966559972752 0.10224898720296838 0.20072348558436953 0.09827974919979562 0.16379958199965938
0.07711971936685982 0.12193382760926788 0.10245436455363018 0.13652968342331898 0.09652260071590013 0.20900144242287624 0.09260274180016417 0.16383562010798275
0.11586814996531254 0.08604722300055054 0.15366322475324048 0.09522255755912512 0.14553009494524313 0.1478469533490279 0.1415547273565502 0.11426706907095016
0.10910965758388139 0.0713173106581689 0.2367000437155802 0.1304183647022239 0.10472431852493935 0.08494703265400891 0.1454067439291959 0.1173765282320015
0.14011821146265274 0.09182830831125953 0.22552309426867653 0.10660992311155786 0.12485873502865541 0.09625068871182013 0.11886210830497568 0.09594893080040205
0.08784654531771742 0.11980304467501239 0.12987736785735207 0.1360219628904369 0.10197250601081677 0.1689938429501048 0.09225837483003546 0.16322635546852426
0.13688651465796717 0.09889034542814015 0.18798955991192734 0.10964197135029273 0.12728236442841673 0.11838885418908404 0.12224261581890847 0.09867777421526344
0.11277650766136527 0.0712335132292812 0.25030023113998545 0.12856267079329983 0.09940548056368674 0.07867740919304596 0.14333778370536562 0.11570640371396985
0.10584342332489408 0.06876511684414617 0.2768764253628244 0.12772625574250632 0.09240654028677119 0.0710233649278375 0.1424052433427645 0.11495363016825569
0.10338372676839322 0.06803978494655442 0.28729992665577264 0.12667851232132757 0.09019793013241938 0.06915237046838027 0.14123708761795775 0.11401066108919483
0.10245284629391946 0.06774202489046474 0.2912976104614325 0.1262043596989693 0.08942001774404625 0.06859077435354319 0.14070844282855233 0.11358392372907236
0.08174888432897807 0.11867442373481639 0.1465393904347791 0.13821828219658167 0.09515978961464572 0.16004923878183697 0.09374805227246408 0.165861938635898
0.10254070234595829 0.07508650592259081 0.23667118726906525 0.1333729915918695 0.09522871098855588 0.08836327703267087 0.14870093241660673 0.12003569243268256
0.08191369464554311 0.11995813719817582 0.13371524082765132 0.13878920194704242 0.09665682916385875 0.16828456908241415 0.09413528479886354 0.16654704233645087
0.103022844531659 0.0755068747863561 0.23139272207675185 0.13397131913002286 0.09596648977684163 0.09019753951100914 0.14936802297033888 0.12057418721702057
0.10450532642316256 0.06978803747572167 0.27010048743342824 0.12914306246887697 0.09254333067313883 0.07370612219286006 0.1439848771108225 0.11622875622198926
0.10336396153746454 0.06832606978790236 0.28481352287916023 0.12709733730914635 0.09048895719278528 0.06981850149152986 0.1417040462237796 0.11438760357823173
0.10254605052590295 0.06783244787132107 0.29037147968906646 0.1263411170988514 0.0895681230107705 0.06877285929147668 0.14086091712364474 0.11370700538896625
0.11971924827334068 0.07928861136786501 0.21423024633889176 0.09233892674658523 0.13937881297344676 0.10696942572695484 0.13726801647701325 0.11080671209590227
0.10778800704853748 0.06930719900090884 0.26102778632380597 0.12754314709055664 0.10126326394317277 0.07608067335085189 0.1422010908606654 0.11478883238150099
0.12147822866350402 0.07963808680351808 0.2046066571468849 0.09261941936791647 0.1436167689068078 0.1092125482721901 0.1376849875976788 0.11114330324149975
0.1243942544990619 0.07970759001725816 0.1842056069643905 0.09164784889413415 0.15661315308383003 0.1172134450346963 0.13624068283366808 0.10997741867296097
0.10977369210008761 0.06987314816249485 0.24855735246154737 0.1285214418690715 0.10582788006823529 0.07848537112476252 0.14329181653163642 0.11566929768216433
0.13984687148072036 0.09134120109698066 0.22951775280254183 0.1061790896118787 0.12474175243741882 0.0944303908151817 0.11838176110458715 0.09556118065069082
0.14771414881058195 0.09190995928174413 0.22011063940748862 0.10439761020235483 0.12864042748117802 0.0968738211253405 0.11639554450919264 0.09395784918211936
0.1138875507630033 0.06969839468083462 0.26256003170983705 0.12657485336135624 0.0983743026775355 0.07386598316887977 0.141121515613333 0.11391736802522064
0.10560521413403318 0.06830191865694256 0.2814886239208135 0.12703784122714398 0.09174440852056331 0.069850223903721 0.14163771253235305 0.11433405710442958
0.10315217797843561 0.06788222749171005 0.28903600949119285 0.12643627018934242 0.08990271833161943 0.06883094762872623 0.14096700571856532 0.11379264317040816
0.0818925445601631 0.11871486413472133 0.14602023169424386 0.13824864729836808 0.0952835624360914 0.16017312538556436 0.09376864773280617 0.16589837675804167
0.10259257334374713 0.07510196206813743 0.2364558431539907 0.13339598423160062 0.09527141467112246 0.08839926922892295 0.14872656749403831 0.12005638580844057
0.08192437938171801 0.11996199450776654 0.13366586814469678 0.13879184327435382 0.09666761264954235 0.1683010138048755 0.0941370763078226 0.16655021192922456
0.10302708540401272 0.07550836396287859 0.23137214117018448 0.13397353132378534 0.09597036981312403 0.090201840733313 0.14937048940129496 0.1205761781914068
0.1045070609801016 0.06978865643049019 0.27009243560140894 0.12914404482554692 0.0925448072725448 0.07370738218171607 0.1439859723651993 0.11622964034299221
0.10336465519791788 0.06832631482043094 0.2848104357705366 0.12709772546349007 0.09048952218145373 0.06981891466212352 0.1417044789869061 0.11438795291714107
0.10254632220581676 0.06783254215615062 0.29037030407561826 0.12634126589522066 0.08956833845498972 0.06877300488601318 0.1408610830204923 0.11370713930569859
0.11971934715024628 0.07928863742494766 0.21422987588439468 0.09233894952952568 0.13937891282198134 0.10696948740808915 0.13726805034538445 0.1108067394354308
0.10778804344509214 0.06930720943160813 0.2610276374518599 0.12754316332812932 0.10126329728774097 0.07608069309590594 0.14220110896434712 0.11478884699531637
0.10428266204688755 0.06836509895992789 0.2810303695970562 0.12721422058656523 0.09246557422914706 0.07031491369703828 0.14183436235546898 0.11449279852790871
0.09431241880929363 0.13645496440216998 0.1655348997890427 0.15884142033388193 0.08258736573355192 0.1385097127225915 0.08080193990897472 0.1429572783004937
0.10784621822665275 0.06703415145432894 0.2519137574700225 0.13406830290865787 0.09193329923003538 0.08190508929317009 0.14841912247112307 0.11688005894600943
0.08290574167219497 0.1189403413187545 0.137351241692198 0.13869128625503718 0.09591109641273501 0.1657018767265757 0.09406887241646 0.1664295435060446
0.10313055244264113 0.07533376952777986 0.23287438226142948 0.13378713026550318 0.09567783612611085 0.08962524600574545 0.14916266613183712 0.12040841723895286
0.10447416492821088 0.06973540266335633 0.27067016873650473 0.12906539402266065 0.09243097026249365 0.07356676217693518 0.14389828258944404 0.11615885462039457
0.10333542640834012 0.06830730652585157 0.2850296967868304 0.12706824518734236 0.09044637469276134 0.06977991905124398 0.141671610679022 0.11436142066860813
0.08194972017458599 0.11881499929709985 0.1450930098029975 0.13831382430711125 0.09543443333284567 0.16060456916939422 0.09381285474743199 0.1659765891685335
0.08968359019594893 0.1438869564321765 0.12892367041848313 0.15971894271529966 0.08330122239542845 0.1694902376698066 0.08124833172908721 0.14374704844376968
0.08232403071057294 0.10950364988436345 0.10820901549583722 0.13140437986123615 0.10184510074971194 0.20390506357580596 0.09855328489592712 0.16425547482654518
0.07676646414068229 0.12193305646872946 0.10187191828179859 0.136495872200365 0.09640108055614494 0.21015675274115944 0.09257980897068235 0.16379504664043798
0.10272988513650795 0.07635496341585069 0.21788069801028045 0.13519433472537784 0.09682821622269841 0.09860540714710547 0.15073159408933914 0.12167490125284006
0.10492943210141006 0.07019436696296717 0.26485076169529087 0.12980140563078452 0.09316811620378455 0.07551577173179398 0.14471888060626273 0.11682126506770606
0.10365692513082848 0.06849107768526813 0.2828163706173616 0.12735994764108033 0.09079240140302054 0.07026248749936856 0.1419968371461 0.11462395287697229
0.10268713569784062 0.06789531552381615 0.2896149851636384 0.12644015466616637 0.08969634437907031 0.06889858874958066 0.1409713366203377 0.11379613919954973
0.1197740043189729 0.07930587670021004 0.21399239807943946 0.09235398680595605 0.139440497860176 0.10701804780133375 0.1372904042667645 0.11082478416714725
0.10780934398567993 0.06931397737540497 0.260932357972258 0.12755365380386416 0.10128459914844505 0.07609497422895004 0.14221280506192016 0.11479828842347775
0.10429099014709994 0.06836787686580044 0.28099347078204356 0.1272186402532712 0.09247331596557364 0.07031963980424687 0.1418392899540203 0.11449677622794409
0.10287320336323816 0.06790914704105973 0.2888737437193584 0.126479931672044 0.09008404597414561 0.06893230471185649 0.14101568501345801 0.11383193850483961
0.13674638650256288 0.09050710767365629 0.2439179219772788 0.10539702478108123 0.1194584362240733 0.09160598335707938 0.11750981718129504 0.0948573223029731
0.14638434502877215 0.09159435174563729 0.2253027708071721 0.10411549780158826 0.12683029467768453 0.09598778168221415 0.11608101023550214 0.09370394802142942
0.08893595504526505 0.11957935422151236 0.12973405814266675 0.13576317489893103 0.10230729125171226 0.16868150749931157 0.09208284906188367 0.16291580987871723
0.09104439843734705 0.1437539065795442 0.1246792299859329 0.15941088480584356 0.08450581872221395 0.1720443411339299 0.08109162400992914 0.14346979632525922
0.10889870789592249 0.06804849860770666 0.2351170271562603 0.13609699721541332 0.09369296100129641 0.08883217342200082 0.1506649704623216 0.11864866423907829
0.09909785022660401 0.1420399800567354 0.11091562864213335 0.11541638695808386 0.11485083563768937 0.20089723514878782 0.07828241898026557 0.13849966434970062
0.10691920132195494 0.07670869868832154 0.21969309197463938 0.1329860962651941 0.09973914302763137 0.09599670908343468 0.14826957300014923 0.11968748663867469
0.1057286810830787 0.07005788146726742 0.2653095077030112 0.12948029819963533 0.09361288264784057 0.07491761073572249 0.14436086978377252 0.11653226837967179
0.12111947985266838 0.07986773130648056 0.20633726315603898 0.09283195868339503 0.14133912702093138 0.10910514799524527 0.13800094156516632 0.11139835042007401
0.10840111872220069 0.06953582551869619 0.25786459784151755 0.12789781138112136 0.10194527386500835 0.07665082735128596 0.14259651507716065 0.11510803024300921
0.12170710329127356 0.07970202659224257 0.2036003272938178 0.09267544725921187 0.1439143997953301 0.1094218822359131 0.13776827682115675 0.11121053671105424
0.10860758256167684 0.06956236569840692 0.25670665520279723 0.12796529334624315 0.10256587162364324 0.07675171512330997 0.14267175243230393 0.11516876401161882
0.10462369917979204 0.06848547717749025 0.2793518505091964 0.12741035732855926 0.09287434736118023 0.07053190666235648 0.14205304018572204 0.11466932159570334
0.12047431637171023 0.07948032974933052 0.21069992090036038 0.09251006335277127 0.14068901078923024 0.10761186027691347 0.1375224225363585 0.11101207602332552
0.12406709209293659 0.0796600836144362 0.18623995303235716 0.09160635474445251 0.15558167382425256 0.11673821800497604 0.13617899899324584 0.10992762569334301
