Action: 0
[0.10925309081090709, 0.10925400550612362, 0.23522746614071674, 0.10925308739565415, 0.10925308795963595, 0.10925308739565415, 0.10925308739565415, 0.10925308739565415]
[0.21854298287541332, 0.10924555744121123, 0.12598367247731926, 0.10924555744121123, 0.10924555744121123, 0.10924555744121123, 0.10924555744121123, 0.10924555744121123]
[0.12598327126070008, 0.10924596516575119, 0.21854093774479177, 0.10924596516575119, 0.10924596516575216, 0.10924596516575119, 0.10924596516575119, 0.10924596516575119]
[0.125, 0.125, 0.125, 0.125, 0.125, 0.125, 0.125, 0.125]
[0.10883956708819574, 0.10875843549063763, 0.23562138786910122, 0.10875843549063763, 0.11174686758951481, 0.10875843549063763, 0.10875843549063763, 0.10875843549063763]
[0.22034169498233738, 0.10877444455371832, 0.12701163769535262, 0.10877444455371832, 0.10877444455371832, 0.10877444455371832, 0.10877444455371832, 0.10877444455371832]
[0.125, 0.125, 0.125, 0.125, 0.125, 0.125, 0.125, 0.125]
[0.125, 0.125, 0.125, 0.125, 0.125, 0.125, 0.125, 0.125]

Action: 1
[0.10924558831742612, 0.10924558831938215, 0.10924558831742612, 0.10924558831742612, 0.21854317898217335, 0.12598329111131393, 0.10924558831742612, 0.10924558831742612]
[0.10914790710392475, 0.10914790710392475, 0.10914790710392475, 0.10914790710392475, 0.2182958142078495, 0.12681674316860203, 0.10914790710392475, 0.10914790710392475]
[0.10877314697177264, 0.10877314697177264, 0.10877314697177264, 0.10877314697177264, 0.11172946897045614, 0.2356316491989081, 0.10877314697177264, 0.10877314697177264]
[0.125, 0.125, 0.125, 0.125, 0.125, 0.125, 0.125, 0.125]
[0.10920123134273876, 0.10920268133787808, 0.10920118888260621, 0.10920118888260621, 0.10959327915610226, 0.23519805263285606, 0.10920118888260621, 0.10920118888260621]
[0.10925309506208702, 0.10925309788654522, 0.10925309506208702, 0.10925309506208702, 0.10925395952036165, 0.235227467282658, 0.10925309506208702, 0.10925309506208702]
[0.125, 0.125, 0.125, 0.125, 0.125, 0.125, 0.125, 0.125]
[0.125, 0.125, 0.125, 0.125, 0.125, 0.125, 0.125, 0.125]

