0.125 0.125 0.125 0.125 0.125 0.125 0.125 0.125
0.09707602339181286 0.0783625730994152 0.19415204678362571 0.1567251461988304 0.08736842105263157 0.07052631578947367 0.17473684210526313 0.14105263157894735
0.09962640099626399 0.07845579078455792 0.19925280199252798 0.15691158156911583 0.08685378548392246 0.06839735606858895 0.17370757096784492 0.1367947121371779
0.0745303753200788 0.12421729220013135 0.1056354961590544 0.1490607506401576 0.09316296915009849 0.15527161525016417 0.11179556298011821 0.18632593830019697
0.08705961162863866 0.1540285436506684 0.08310946301325645 0.13428129446468529 0.1044715339543664 0.1848342523808021 0.09107774754996044 0.16113755335762234
0.09454910959120243 0.07632277521217545 0.20349652440700017 0.1526455504243509 0.08509419863208219 0.08032244908710846 0.17018839726416438 0.13738099538191584
0.07001744944967109 0.12387702594941807 0.11659053705452788 0.1548462824367726 0.0840209393396053 0.1598060526713713 0.10502617417450663 0.1858155389241271
0.09814272388647108 0.07436134503192757 0.2192877279876238 0.14872269006385513 0.08290735035649237 0.07691304090317572 0.16581470071298474 0.13385042105746964
0.07525713776951239 0.12169238311026777 0.12587999586281665 0.15211547888783472 0.0825391815878338 0.15680327113154086 0.10317397698479225 0.18253857466540166
0.13570477709771037 0.09739699910495488 0.19055693664105353 0.12174624888119359 0.10859038556925567 0.10069504675118823 0.13573798196156958 0.10957162399307424
0.09568368587233897 0.07535090262446693 0.22486599181100514 0.15070180524893387 0.08341654665793653 0.07176691348319542 0.16683309331587307 0.13138106098625005
0.09898483392270707 0.14527815679726724 0.10615188360395895 0.1266527520796689 0.09853648895814647 0.18650897638426464 0.0859036057583841 0.15198330249560263
0.14343216618247434 0.09548812230080428 0.18156563398885867 0.11936015287600535 0.10646213038612061 0.11318999369468118 0.13307766298265075 0.10742413758840481
0.11292579476385137 0.06932741834235553 0.24774671951928792 0.13865483668471107 0.07729489776379041 0.07467118438218305 0.15458979552758081 0.12478935301623995
0.08313766614985116 0.11770342663199798 0.1361412941692558 0.1471292832899975 0.07983362849822473 0.159707525689895 0.0997920356227809 0.17655513994799696
0.09450110447239812 0.07441961977201353 0.230811384910747 0.14883923954402706 0.0823855782579881 0.07451463077051865 0.1647711565159762 0.12975728575633128
0.06300480119640604 0.10500800199401007 0.08415593674019708 0.09450720179460907 0.1260096023928121 0.22489141013921668 0.11340864215353086 0.18901440358921814
0.06023005710398126 0.10038342850663544 0.06376946260491777 0.09034508565597191 0.12046011420796252 0.275707577821421 0.10841410278716627 0.18069017131194381
0.06537814804705935 0.10112963341480999 0.05778217828260327 0.08816429579752667 0.11432045516456782 0.2972327111446538 0.0996639865537258 0.17632859159505335
0.09324717328477151 0.07343214896175757 0.20964564792506735 0.14686429792351513 0.08129240747903158 0.10489796768831901 0.16258481495806315 0.12803554177947477
0.08134505094082593 0.11717006522088179 0.1273149913035217 0.14646258152610225 0.07947187032372852 0.17314050494895647 0.09933983790466065 0.17575509783132268
0.10424073422592021 0.07018684392582338 0.23063017511240794 0.14037368785164675 0.08446229900354749 0.08726375450793321 0.156506186306239 0.12633631906648207
0.07018964763634745 0.11698274606057908 0.1303962733312724 0.1403792952726949 0.08773705954543431 0.17355638760828204 0.10528447145452119 0.17547411909086863
0.07696254212154176 0.1162261592099052 0.11013452644578771 0.1452826990123815 0.08573469501084344 0.19278056961976298 0.09853956976491962 0.17433923881485777
0.10348442690238494 0.07023957716790545 0.22449646530441467 0.1404791543358109 0.08505545981642511 0.09318990400538026 0.15662377356544885 0.1264312389022298
0.1047095182738751 0.06715670529541241 0.26729776345683587 0.13431341059082483 0.08137396928078142 0.07451713415060854 0.14974942941991962 0.12088206953174234
0.09556188647327403 0.06818302341146297 0.28543845663639944 0.13636604682292594 0.07548140971883567 0.06912313719226434 0.15096281943767134 0.1188832203071662
0.07196814865971053 0.1025866287112143 0.09008680065389665 0.08943449682516118 0.12498889012203789 0.24096617540138787 0.10109986597626916 0.17886899365032236
0.11572081302419215 0.07917614291273788 0.15256680865446748 0.09897017864092235 0.13271063136317987 0.15496539323485817 0.14712581780053532 0.11876421436910681
0.10829290655489646 0.06749668288622528 0.23787828409318373 0.13499336577245055 0.09342691564750763 0.0859102871460225 0.15050752870450831 0.12149402919520551
0.09643029561414555 0.06859463868308371 0.2793652587766742 0.13718927736616743 0.07593708474480572 0.07100836685244294 0.15187416948961144 0.11960090847306902
0.0952844894134668 0.14486346235013636 0.13541756856001108 0.13037711611512273 0.10864759676260227 0.20940066004324512 0.09778283708634204 0.07822626966907364
0.09199390956750286 0.1400407427103519 0.1023467555347439 0.12603666843931668 0.10503055703276391 0.26440186432224305 0.09452750132948752 0.07562200106359003
0.11818267680899623 0.07719157120384482 0.15365804763049368 0.09648946400480601 0.13680079329412312 0.15845202137318268 0.14343806887878624 0.11578735680576722
0.08236567565421506 0.11167165435030445 0.11292751808616901 0.1395895679378806 0.09983276846730466 0.19142719224688962 0.09467814173177988 0.1675074815254567
0.10302783644924349 0.06885309622281181 0.22348737042191041 0.13770619244562363 0.09610943757958677 0.0933483656844181 0.15353212799534452 0.12393557320106124
0.09546842235690148 0.06814821458540594 0.2746571526228426 0.1362964291708119 0.082706044699243 0.07301545873472294 0.1508857498350054 0.11882252799506676
0.0707961698038734 0.10063258408223277 0.08759337638370157 0.08773097073835677 0.137871475385288 0.2407393412951697 0.09917414083466418 0.17546194147671354
0.09648383306687676 0.07093980750830564 0.22209697523052227 0.14187961501661128 0.08940162479242772 0.09844165752698869 0.1570665660745554 0.12368992078371238
0.06522586886929738 0.09912492975440343 0.08520408903162352 0.0892124367789631 0.1296074688431095 0.2461454090299212 0.1070549241347557 0.1784248735579262
0.072927042938172 0.11055866020285826 0.09666917810426649 0.13819832525357284 0.09987517136722672 0.2221991155706713 0.09373451625894506 0.16583799030428736
0.1329132255252238 0.09055647441031375 0.1776302254444947 0.11319559301289218 0.1265165106887611 0.13110729842965116 0.1262046387770604 0.10187603371160296
0.098884736148404 0.06866656479870918 0.2574588165782293 0.13733312959741836 0.08571676787140517 0.08018024707231804 0.15203341982294583 0.11972631811056986
0.06551047611875997 0.0992730598011304 0.09072895098050619 0.08934575382101735 0.12943718566120493 0.23979816139012558 0.10721490458522082 0.1786915076420347
0.07299012288394115 0.11057576502151206 0.09790746516184506 0.1382197062768901 0.09987273316651007 0.22082154178662117 0.09374901817041241 0.1658636475322681
0.1328762678132177 0.0905145657746561 0.17805448516545533 0.11314320721832014 0.12646550060100142 0.13097085440536096 0.1261462325255002 0.10182888649648811
0.11132897057173846 0.065957479292345 0.2459203169180719 0.13191495858469 0.09774557853769379 0.08133389894720511 0.14707533442203494 0.11872346272622099
0.09502270466460123 0.0672682710248865 0.28385643384112413 0.134536542049773 0.08181888108194815 0.07127141746139656 0.14893748244826313 0.11728826742800723
0.08035844118278057 0.11315703610931328 0.1436058824980712 0.14144629513664161 0.09291785999941209 0.16284144377365437 0.09593748713615692 0.16973555416396993
0.11684031784121428 0.07774236448168924 0.1680627912340018 0.09717795560211155 0.14405929255846248 0.1350421736798328 0.14446155788015388 0.11661354672253385
0.0977906822186976 0.06889633008593152 0.25400770249711 0.13779266017186304 0.08734593132767626 0.08149762013111962 0.1525421390587983 0.12012693450880367
0.08082292333400355 0.11319025927156678 0.13682735460405437 0.14148782408945848 0.09521634937635698 0.1667042458174029 0.09596565459980665 0.16978538890735018
0.10186014231347093 0.07554447691017321 0.2313973526930055 0.1350440899500196 0.09500824953922495 0.08904192526197692 0.1505640823771114 0.12153968095501765
0.1032195396184339 0.07048316877453853 0.26735408336717226 0.13053121232090334 0.0919468441896167 0.07345450003796294 0.14553256060255937 0.11747809108881299
0.10219679525658777 0.06917662377679466 0.28050712197023747 0.12869669740939058 0.09015465486972603 0.06995386566849136 0.14348721338032053 0.11582702766845152
0.10150386630196864 0.06874501863320441 0.2852921281173569 0.1280393068385664 0.0893782455703295 0.06905178643101507 0.1427542719528494 0.11523537615470977
0.08065149142274901 0.11982954674243443 0.14298964781888285 0.1395429898410833 0.09466395036331872 0.16022423637088837 0.09464654963134346 0.16745158780929995
0.13414707541885143 0.0997573808923489 0.19220795443624467 0.11075086887643061 0.12454584145385865 0.1154361431264729 0.12347895380700545 0.09967578198878753
0.11124891022002113 0.07188792852438676 0.2499247105807475 0.12977764756924692 0.09788860117331748 0.07777992697932003 0.144692392140638 0.11679988281232222
0.12220413454940857 0.08082873974136097 0.1989143247435773 0.09384315071493698 0.14214102191983616 0.10995270103701954 0.13950414643593617 0.11261178085792438
0.08400755995403825 0.11960070702367327 0.12230818400677997 0.13748469862463591 0.10466089928705709 0.17370582151319505 0.09325049124105741 0.1649816383495631
0.10349821069379896 0.07612579272236561 0.22509576369488182 0.13521518218645373 0.09716623986545303 0.09045030941658024 0.1507548374526581 0.12169366396780835
0.1211064497284418 0.08176372544643426 0.19170905234719 0.09457801382231373 0.1428288014759759 0.11392377079133878 0.14059656980152907 0.1134936165867765
0.10852795500739565 0.07068821362972864 0.24984510811826188 0.12990376312136478 0.10170684718262923 0.07758172456175044 0.14483300156964102 0.11691338680922832
0.12163829761266731 0.08068830042634884 0.1988058962526907 0.09378893464836709 0.14326188984226568 0.10984640902801744 0.13942355061160241 0.1125467215780405
0.10837637448962872 0.070410116789517 0.25250451437502724 0.12951733229199863 0.1015312885082767 0.07669261444973349 0.14440216003301937 0.11656559906279877
0.10449514646798329 0.06930781787503384 0.274556957146382 0.1289282369008502 0.09228898520049009 0.07064208056426395 0.14374536263423146 0.11603541321076517
0.10297722228471096 0.06879685772188007 0.28289660887347623 0.12810957959414063 0.08987371017790453 0.06921477888208208 0.14283262083107914 0.11529862163472655
0.10236431382357263 0.0685702136220845 0.2859791137025205 0.1277436116837786 0.08915343048080175 0.06879547224977757 0.1424245939220636 0.11496925051540074
0.09351265088430166 0.13743694278566584 0.16431431029149351 0.16005598034181526 0.0814218576346061 0.13778809445016907 0.08141978130431474 0.14405038230763376
0.10447348411836628 0.0764515544128863 0.24188173165526808 0.13356675071714755 0.0912008640753711 0.08329857999387247 0.14891695938165556 0.12021007564543279
0.10423465076520627 0.07020265450200551 0.27107424293767257 0.1298692140231362 0.09076674442627129 0.07217571882147855 0.14479448190340707 0.11688229262082257
0.0818576394176116 0.1200531026748025 0.13980519055261936 0.13960991613457135 0.09498597961016976 0.16146432913137831 0.09469194311736145 0.16753189936148563
0.0764549115915352 0.13425803966045488 0.10832757943951864 0.1372071216181579 0.09417204091956208 0.19186953920970937 0.09306222161927233 0.16464854594178946
0.10170689558640528 0.08429802831150607 0.2185514051973038 0.13490512309733 0.09497217886185148 0.09374261345098317 0.1504091447070231 0.121414610787597
0.10403678945772822 0.07536198359714998 0.2617499450603821 0.1302581951941429 0.09190116327349498 0.07423138086173912 0.14522816688063395 0.11723237567472859
0.10301364128494486 0.07312317209480179 0.27773435507502237 0.1281372634330873 0.08990419121204121 0.06990035356477747 0.14286348624554654 0.11532353708977856
0.10221444887428964 0.07243243693054724 0.2835877039757561 0.12735574404912156 0.08900338517069636 0.06879396090061268 0.1419921504547669 0.11462016964420943
0.10183078817233915 0.07219878415101116 0.2857303249650348 0.1270757252002588 0.08864435661638 0.06847191787952928 0.14167995033521394 0.11436815268023294
0.10167103183586683 0.0721165024511672 0.2865156467300539 0.12697495357230446 0.08850823073106759 0.06836857897415047 0.14156759749031556 0.11427745821507403
0.0808356199952608 0.12569484960786256 0.14260606573726448 0.13833557710602745 0.09383120746428626 0.15886637874232512 0.09382760881974035 0.16600269252723293
0.11573592637731714 0.09374483257484072 0.16532419843712756 0.09497078079107339 0.14281784707196235 0.13226103351792953 0.14118044428046134 0.11396493694928808
0.12267036030211383 0.08733220113141009 0.16985937663906886 0.09265935235000643 0.15550368502779763 0.12303945107197409 0.1377443506576215 0.1111912228200077
0.10904966425892473 0.07565608501914524 0.24019061601005157 0.12970425691879583 0.1048007598519949 0.0792542196718722 0.14461056704229924 0.11673383122691626
0.1046844876806669 0.0735227071794715 0.2693309191751105 0.1287617218300457 0.09317071710080471 0.0710841866300773 0.14355971075678226 0.11588554964704112
0.10283526020712669 0.07265285068926024 0.2804095851326615 0.12766555452747375 0.09004886813563788 0.06915131621516885 0.14233756601794462 0.1148989990747264
0.1361661108859948 0.09644293833787417 0.2372570749748706 0.10605414810228207 0.11887925074237782 0.09150928301916648 0.11824246064538017 0.09544873329205386
0.10977561917910299 0.0750507922462145 0.26607838257367883 0.12664038570720593 0.09502201159717409 0.07226188227165659 0.14119457928848184 0.11397634713648534
0.13839459918440525 0.09690894243916229 0.23210235992571351 0.10613474354724799 0.12033228776943275 0.09227347938958332 0.1183323185519317 0.09552126919252318
0.08631852181164329 0.12884058667565204 0.12899275587270023 0.13577886357468272 0.09947186572827349 0.1655692799706878 0.09209349007674132 0.16293463628961924
0.10321127494671585 0.08294267567649607 0.22655893992368065 0.13375169847510301 0.0955148348743821 0.08852088514632521 0.14912316232970438 0.1203765286275927
0.13800004618732575 0.09939641314531203 0.21937580730664427 0.10758500279775549 0.1218859632808193 0.09698101537621791 0.11994924938794528 0.09682650251797993
0.11083074465794185 0.0758631087545741 0.25927346506085713 0.12744363154713592 0.09619412707563924 0.07360551605514516 0.14209013845628438 0.11469926839242234
0.10443207639172351 0.07306473748190585 0.2764342508822839 0.12787707513892313 0.09083376927217685 0.06969532749336543 0.14257339571459043 0.11508936762503083
0.08136054280392627 0.12594293682310298 0.14035992122135357 0.13840436682997953 0.09454240234757255 0.1594303235803645 0.09387426619772525 0.16608524019597543
0.07631292960237426 0.13535948040850418 0.10838082867463149 0.13707713555776319 0.09428923301018304 0.19111377291631038 0.09297405716091764 0.16449256266931578
0.10164390226358795 0.08441062480818931 0.2185143563903165 0.13484992546593896 0.09524751124396826 0.09362114344140561 0.15034760346724838 0.12136493291934508
0.10399698514377512 0.07535104890080223 0.2616830606389485 0.13020595913513164 0.0922036674696272 0.074203987917047 0.14516992757304975 0.11718536322161849
0.10298080200954256 0.07309821159116729 0.27766006327851217 0.1280872123434335 0.0902013441311979 0.06988619252131778 0.14280768301573854 0.11527849110909015
0.08109365721676526 0.12594159408891586 0.14062312272014088 0.13839634466612147 0.09448482365014979 0.15951601898066983 0.09386882507789109 0.16607561359934575
0.0757662101467779 0.1412295690150333 0.10781090353999585 0.13597979398564367 0.09367677233298291 0.19013122488479228 0.0922297733120018 0.1631757527827724
0.0860654459437484 0.1669881939473583 0.1157051778859565 0.15635588238258943 0.0806998157721831 0.1739276323639949 0.07953755755983899 0.1407202941443305
0.134412078759875 0.12152551203620345 0.17950574608690417 0.10869310272452898 0.11943613318579302 0.11741893664234603 0.12118469811227335 0.09782379245207608
0.1455484785582673 0.10909495316982365 0.1992205115262179 0.10527399347871283 0.12680627569169708 0.10193654698384512 0.11737264646059474 0.09474659413084154
0.11278028888476833 0.08063605059293004 0.2505621465298467 0.1273493105068833 0.09752978302488459 0.07454306346920567 0.14198497753528633 0.114614379456195
0.139238641691151 0.10111251873865129 0.22627691508148332 0.10598672752059327 0.12110867002728364 0.09272118044411984 0.11816729172818384 0.09538805476853393
0.14560061140161099 0.10385580025466962 0.2151406009732468 0.10412094329543843 0.12601574966277962 0.09547036389159515 0.11608708155476494 0.09370884896589458
0.11221149679961002 0.07939770875337931 0.2566858868034689 0.12663161728130118 0.0968581879120575 0.07306184374905399 0.14118480314795817 0.11396845555317105
0.121602152370673 0.08818908494772494 0.19992182327709587 0.09265736159266744 0.14098314229697967 0.10771621034052882 0.1377413912631295 0.11118883391120092
0.1414665058278327 0.10218608913745565 0.2067563487164589 0.10524101946310178 0.13262232766548782 0.09967490877893538 0.11733588289393587 0.09471691751679161
0.11157401388019057 0.07937617816257898 0.25350301424890553 0.12703885671962967 0.09854552333211031 0.07398859787822659 0.14163884473069158 0.11433497104766673
0.10451007442829496 0.07589838729154039 0.27382321006784677 0.1276041733263449 0.09136704186215586 0.06968422647073412 0.1422691305593726 0.11484375599371043
0.1023890785242052 0.07499838070648426 0.28167923711047343 0.12698539838784112 0.08944994290020625 0.06863186114155764 0.1415792426801751 0.114286858549057
0.11882464792336556 0.08728461169178353 0.2079085837597298 0.09252565654383593 0.1384545157042369 0.10642559366226516 0.13754560286217998 0.11103078785260313
0.10674886606259525 0.07743225231979188 0.25484592681249557 0.12782100762966792 0.10015239545398559 0.07544976022884946 0.14251088462591333 0.11503890686670114
0.1202311680584249 0.08790632218891657 0.19939885995647244 0.09274283562680771 0.14215363933650405 0.10840731792503261 0.13786845415567237 0.11129140275216926
0.08275746429785528 0.1313347918410575 0.12119263682425474 0.13533988280318582 0.10400355660624602 0.17116806166663415 0.09179574659694342 0.16240785936382296
0.1334274664587301 0.11416713231678849 0.18166053303656082 0.1087767967999415 0.1259956091471362 0.11679533436036388 0.12127801076053177 0.09789911711994734
0.11077899880842022 0.08205521675661223 0.244126462313955 0.12845167229992246 0.09812726851957154 0.07763984756286893 0.14321402866871955 0.11560650506993024
0.1046873232750008 0.07657919988285491 0.27039063877665326 0.12809539488650806 0.09160665393568479 0.07053812790481165 0.14281680594062912 0.11528585539785724
0.09300065140356222 0.14945743089445623 0.15894086247985528 0.15795741959924775 0.08126844608722479 0.13686125931758303 0.08035225257874777 0.14216167763932294
0.10333754647061423 0.08921117745279512 0.23761926119007407 0.13160422994174678 0.09052042920068899 0.08253465362265085 0.14672889517385795 0.11844380694757209
0.10341357424249221 0.07801173748370213 0.26834289134687533 0.1287427008460708 0.09042364546031777 0.07165851607995147 0.14353850377912672 0.11586843076146373
0.10236737924468281 0.07549383694948854 0.27973302325706045 0.1273076940192254 0.08946625531620345 0.06911630833878081 0.14193857825725578 0.11457692461730286
0.1017347715615134 0.07481168298997717 0.28391790480235374 0.12676594501401614 0.08892187500191996 0.06842390157212741 0.14133456854547768 0.11408935051261454
0.13529136791163301 0.09948607904420013 0.23792583610174484 0.10549545274525952 0.11826958258220314 0.09096621712824243 0.11761955701598338 0.09494590747073357
0.12610194073066808 0.090401921986918 0.19177133951783337 0.09090962082688878 0.14587330126154438 0.1107070734546549 0.13514325722922568 0.10909154499226652
0.10878717201705758 0.07815210902406076 0.24819773445867735 0.12816345180973812 0.10204702931128229 0.0764127124192638 0.14289268433115576 0.11534710662876431
0.10408761772701731 0.07587468748157944 0.2719043954889354 0.12790141457101306 0.09228522002413446 0.07023485922841347 0.14260053236499515 0.11511127311391176
0.10236194113243947 0.0750470278564082 0.28097848395328684 0.12707986972581733 0.08970603278760367 0.06877019061929018 0.1416845711719187 0.11437188275323559
0.10168494751138692 0.07470677138221135 0.28436418731253726 0.12669741737174234 0.08892775258846324 0.06833308286074545 0.14125816533834554 0.11402767563456809
0.09228223454373433 0.14871383698354718 0.1624252058036525 0.15772838104245354 0.08068159483246135 0.1359774621952165 0.08023574166072636 0.14195554293820814
0.1030593538750232 0.08900116581450809 0.23900652416468968 0.13145762640976427 0.09030001519137103 0.08229800759959631 0.14656544317625955 0.11831186376878784
0.10330373783299845 0.07794410986057196 0.2688666455306735 0.12868020378609318 0.09033754608343203 0.07158674927753574 0.14346882422121135 0.11581218340748387
0.08084510913806282 0.1306881074890332 0.1382286228536582 0.13775690509355823 0.0942127980240625 0.1595250530519851 0.09343511823736994 0.1653082861122699
0.10137287693154864 0.08701397482970688 0.22981116748899436 0.13288157043590726 0.09406604665672003 0.08710791576387691 0.14815303450092943 0.11959341339231654
0.10325374754224509 0.07789997156225821 0.2654551695326589 0.129141843172097 0.09141269626230827 0.07262539538764011 0.14398351768590514 0.11622765885488728
0.09274488995238371 0.14993318738588693 0.15769757647125207 0.15806931955860878 0.08126934099150335 0.13761412243606433 0.08040917560155317 0.14226238760274787
0.10332238446394114 0.08932387453954208 0.23713570017681487 0.13166489795236008 0.0905601708230414 0.08269802840894817 0.14679653547822832 0.11849840815712406
0.1034275537329287 0.07804244318503753 0.2681631796192657 0.12876657157334045 0.09044724534946404 0.07169797426532233 0.14356511785863477 0.11588991441600639
0.08087021775191813 0.13071953820252163 0.1380727295286464 0.13776495842368675 0.09423999421400571 0.15957403127473133 0.09344058049606578 0.16531795010842407
0.1013833253389391 0.08702279165379916 0.2297478101169525 0.1328876045607164 0.09407971482287229 0.0871201473022921 0.1481597620997838 0.11959884410464476
0.08046825173330538 0.13305808828272817 0.12928026249116298 0.13786166204684686 0.09499143053766498 0.1654001396724749 0.0935061707796005 0.16543399445621623
0.10156336487970886 0.08762695909766666 0.2262081830953723 0.13325425995030127 0.09449598675822245 0.08835385676662895 0.1485685554968284 0.11992883395527114
0.1034207965111366 0.07808880001890245 0.2640973660414436 0.12930864236262635 0.09161646699250021 0.07292066361138261 0.14416948633564458 0.11637777812636371
0.10251597754985604 0.07561728593966667 0.27816681504115914 0.12750834621213655 0.08984523836125936 0.06942653482669192 0.14216229047830745 0.1147575115909229
0.11893468808739788 0.08745412816311257 0.20685192840179434 0.09259754607557531 0.13869038707055217 0.1067017954313653 0.13765247147951198 0.11111705529069038
0.12244593558155126 0.08882782808332655 0.1823033021374991 0.09161524122683987 0.15324093671583824 0.11543625743656918 0.13619220934616794 0.10993828947220784
0.0830105900699555 0.13133153144131748 0.1171720793350272 0.1350519814037923 0.10623295263730306 0.17353801308461209 0.09160047434344172 0.16206237768455073
0.11568463135530323 0.09892816528221791 0.15606574782712238 0.09425100140150065 0.1462978280013996 0.13556098057618576 0.14011044387446964 0.1131012016818008
0.10776325117078075 0.08055338255928224 0.23453431098730884 0.13002242099571684 0.10346923655294125 0.08167192259334655 0.14496529624447835 0.11702017889614517
0.1043565478367978 0.07662286145352006 0.26684907123398927 0.1285866553782831 0.09303326354798247 0.07145908598124495 0.14336452472772754 0.11572798984045478
0.13654937982932475 0.10020925660609029 0.23217251056318544 0.10590770449623148 0.11980773353923292 0.09195729396606586 0.11807918695326106 0.0953169340466083
0.14467287784327088 0.10359235136644819 0.21722791420261245 0.10403638458399848 0.12561647497676998 0.09522844599944051 0.11599280490186098 0.09363274612559862
0.11192801678673531 0.07930710899286553 0.25750157044162836 0.12654741866204086 0.09675676977454262 0.07297551057538862 0.14109092797096198 0.11389267679583678
0.10445073043837866 0.07578252953658245 0.2753077929578346 0.12741561418600894 0.09088996653318006 0.06942041239113148 0.14205890118947562 0.11467405276740804
0.13630891262465616 0.09983203986025169 0.23497548405962207 0.10566665219304185 0.11898528759567305 0.09132120506883494 0.1178104316241825 0.09509998697373767
0.10957099985915518 0.07843735887390517 0.26467120023278956 0.12612380884293029 0.09501491746249732 0.07205165213475835 0.14061863463532673 0.11351142795863726
0.10369917317527663 0.07549112361140359 0.27803245738224414 0.12713747868010777 0.09034485435865261 0.06912238112344134 0.14174880085677688 0.11442373081209699
0.08088393550592898 0.1299731617243899 0.14028617391882506 0.1376437124563995 0.0941780433891105 0.15850417395680444 0.09335834410086226 0.16517245494767938
0.07542029031401293 0.1453957928857523 0.10734881672976802 0.13530040419790668 0.09331173907141141 0.18909350195986305 0.09176896980379759 0.162360485037488
0.10073169105719551 0.09248578765052201 0.21669828831191204 0.13357708870814347 0.09449878153807513 0.09286049742669861 0.14892848547012413 0.12021937983732912
0.10339778644156637 0.08051574023689329 0.2602494802573641 0.129450520681214 0.09176378252921658 0.07378955116771739 0.1443276700729356 0.11650546861309259
0.10250785007586247 0.07731683794380768 0.27653581470402616 0.12743651558815167 0.08986859348658442 0.06955931947917263 0.14208220469305866 0.11469286402933651
0.13550929549491292 0.10168174258259624 0.2351945095204584 0.1054432584329396 0.11851543159907238 0.09119546552753026 0.1175613642528446 0.09489893258964563
0.1092242798488705 0.08030220298841702 0.26449594292382633 0.12580907495730798 0.09476765682865759 0.0719049451508821 0.1402677298404613 0.11322816746157718
0.12052084479972064 0.08967544258779057 0.20216648926186423 0.09235751895629908 0.14001839586188083 0.10713663073940237 0.1372956550454834 0.1108290227475589
0.12270680195893575 0.09083259023825178 0.1805710824494884 0.0914192240410655 0.15347791462053442 0.11538850120826448 0.13590081663418097 0.10970306884927859
0.10823313135948763 0.0799338965275704 0.2435555404087895 0.12836621215552926 0.10389005906172244 0.0773728225615806 0.14311874698534383 0.11552959093997635
0.10398369242030876 0.07749101619138082 0.2699496206649345 0.12785937212826293 0.09268865319387691 0.07040055230697488 0.14255365817882448 0.11507343491543665
0.10227332107222921 0.07652206841739696 0.280057045063243 0.12692595224191505 0.08973212862633918 0.0687431628974061 0.14151296466374708 0.11423335701772355
0.10156635376997668 0.07611579328122409 0.28383276144460234 0.12649965966534227 0.08884670830036005 0.0682513495859392 0.14103768025374727 0.11384969369880805
0.1012836275664173 0.07595364654113927 0.2852328486747582 0.1263334076811023 0.08855799144768868 0.06808608947771794 0.1408523216981842 0.11370006691299209
0.10117384043348755 0.07589131391456358 0.28575087919462744 0.12627105915561687 0.08845876254686344 0.06802738376964294 0.14078280774514296 0.11364395324005518
0.10113202683515238 0.07586783678616885 0.28594243183232504 0.12624792734247658 0.08842357979230837 0.06800604530359364 0.14075701749974626 0.11362313460822891
0.10111629003144906 0.0758590832813113 0.28601325269398803 0.12623937020138362 0.08841087835607415 0.06799821532852826 0.14074747692602022 0.11361543318124524
0.10111040958587367 0.07585583498425011 0.2860394365013596 0.12623620683079043 0.08840624540707312 0.06799533053906044 0.1407439500038813 0.1136125861477114
0.13480905240942892 0.10113807684691761 0.2383708877696858 0.10519437441539635 0.11787105765422866 0.09065773678376782 0.11728387714671801 0.09467493697385672
0.10895766532392989 0.08013039884003742 0.26571749524724214 0.12567750834637437 0.0945419728234616 0.0717441590195437 0.1401210428876741 0.11310975751173691
0.10339053561995842 0.07694482727503518 0.2782179996636662 0.12683829628542623 0.09009391192501624 0.06894472776026261 0.14141523481375134 0.11415446665688361
0.10186129251925605 0.07621744790881228 0.2831180455274232 0.1265486407852457 0.08895656183076953 0.06831194417463993 0.14109229054713213 0.11389377670672113
0.10137138028987731 0.07598662205769442 0.2849637704975768 0.1263610493256883 0.08859876498573808 0.06811032838121743 0.1408831400690883 0.11372494439311949
0.10120215791156853 0.07590330940531521 0.2856506486830304 0.12628246480830144 0.08847450826740967 0.06803716840018526 0.14079552419671815 0.11365421832747127
0.13484744483437622 0.1011570150464288 0.23824006058372246 0.10520393481620056 0.11789908693358492 0.09067438017095458 0.11729453628015196 0.0946835413345805
0.10897074230237681 0.08013680041637129 0.2656670032386682 0.1256827756915266 0.0945514812143233 0.07174978342992638 0.1401269155844334 0.11311449812237397
0.1374442178456684 0.10228662929439829 0.23113301843481837 0.10538145991020188 0.11976725081637929 0.0916516462675299 0.11749246351182209 0.09484331391918167
0.1265290951244059 0.09276478759651739 0.1893686091982209 0.09071592724440626 0.14617965780244996 0.11072749163111693 0.134855318709595 0.10885911269328752
0.10880797965121403 0.08002857540764549 0.2469673600928594 0.12795878282907722 0.1020553523310834 0.07635455145042742 0.1426644936915234 0.1151629045461695
0.10399688572748286 0.0774167018837504 0.27122467373601594 0.12770040028262453 0.09220502532217961 0.07014953635907636 0.14237641643450824 0.11493036025436207
0.08078320932346267 0.13244780090769498 0.13854380049455634 0.13732404013695826 0.09439558016720459 0.1585751979302709 0.09314152287550213 0.16478884816434988
0.10111310767957499 0.08939255220217217 0.2295066829302677 0.13244375087152113 0.09389428056698904 0.0867853516053653 0.14766489835974073 0.11919937578436901
0.10304677934026342 0.07964474511225197 0.26508500570564586 0.12886306880469858 0.09124894920499585 0.07246198483760223 0.1436727050703132 0.11597676192422875
0.10226158900598875 0.07704165885877907 0.2783262309456856 0.12721021850095185 0.08961675214154602 0.06922445356751886 0.14182990032867315 0.11448919665085666
0.10162799985580455 0.0762528538263094 0.28320630106725087 0.12658914707820076 0.08888073081710968 0.06837528294402476 0.14113745204091935 0.11393023237038069
0.10131946031599631 0.07599351284358981 0.2850037925096848 0.1263635544807089 0.08858493601692598 0.06812161167047188 0.1408859331299844 0.11372719903263802
0.10118964663232122 0.0759039191417909 0.28566659542427064 0.12628159030411445 0.08847173300048729 0.06803853503350117 0.14079454918981116 0.113653431273703
0.10113834003156408 0.0758720492712289 0.28591125068714995 0.12625164082853385 0.08842932329392923 0.06800976138233913 0.1407611577595743 0.11362647674568045
0.1348209276618285 0.10114437924579862 0.23832766437734845 0.10519743874385236 0.11788129828166259 0.09066330317577714 0.11728729364426524 0.0946776948694671
0.1257553794794102 0.09248281974799323 0.19165727454315967 0.09065581786270967 0.14549073665338494 0.110405028201585 0.1347659620765057 0.10878698143525159
0.12399385798519368 0.09129325164987306 0.17695396081729264 0.09128521007050466 0.15510564651995912 0.11612422500656736 0.13570159586600394 0.10954225208460558
0.10862753369771856 0.08008148562208625 0.24207282481349515 0.12847049496776625 0.10432502491775655 0.077564175971499 0.14323501453868862 0.11562344547098961
0.10411927924866252 0.07755034120236175 0.2693821955752419 0.12791852524268651 0.09281992176274063 0.07046345476289353 0.14261960948699529 0.11512667271841787
0.13615208548990715 0.10185353795672725 0.23272936959345686 0.10557665711288662 0.11945783960970364 0.09150142500986057 0.11771009382586017 0.09501899140159796
0.1261866747486393 0.09268201247677794 0.1898985701315616 0.09072257106514436 0.14608581499439335 0.11069207610996142 0.13486519519534892 0.10886708527817325
0.10871392823075049 0.08000391150398324 0.2471828031796098 0.12794233236431576 0.10202410731573863 0.07633866562675676 0.14264615265096103 0.11514809912788421
0.08157291248202816 0.1331109942869503 0.13304059772123866 0.1372376954896034 0.09644593583259321 0.16082367092015737 0.09308295867990492 0.16468523458752404
0.10144948551976925 0.08964145384475054 0.22724463257778368 0.13263795534869452 0.09447031392134823 0.08730057711491104 0.14788142185891762 0.11937415981382507
0.10319666131493238 0.07974380802304266 0.2642218680536363 0.12896012901986664 0.09143310825065648 0.0725993892530598 0.14378091996692594 0.11606411611787998
0.10232405175428286 0.07708017034190169 0.27800397547708994 0.1272486010949253 0.08967999753859437 0.06926676875119221 0.1418726940565809 0.11452374098543279
0.10165273143105019 0.07626743501101996 0.28308674615528484 0.12660350779475354 0.08890342635927703 0.06838953306515591 0.14115346316818042 0.11394315701527817
0.08032741556034331 0.13204609737590214 0.14118657771436546 0.13722651092531485 0.09364198235186283 0.15782423033422874 0.09307537262760485 0.1646718131103778
0.10092693004582079 0.08925354115323812 0.23057809782675578 0.13233793050278042 0.09366199437292246 0.08659045210034287 0.14754691654563729 0.11910413745250238
0.10296898267885769 0.07959368533426388 0.26549249552546766 0.12881577508977543 0.09117025970463197 0.07240462797864992 0.14361997610755559 0.11593419758079787
0.10223038559763716 0.07702265530924612 0.2784781651671136 0.12719186704174398 0.08958917587923623 0.06920563084628505 0.14180943982116828 0.11447268033756959
0.11868066373405915 0.08905006024375015 0.20677003831627375 0.09239984260985737 0.13839414879257192 0.10646686317252746 0.13735857199913126 0.11087981113182883
0.10660683395228708 0.07912379208464361 0.25415148461982956 0.12758991377259124 0.1000686171796286 0.07537520377460454 0.14225323222108308 0.11483092239533212
0.10328257748045694 0.07710401989419464 0.2739762029135432 0.12742755184199822 0.09160993715949164 0.06984270326748308 0.14207221078503382 0.11468479665779839
0.10198363229262918 0.07635714211087692 0.2815585903893416 0.12674998092748593 0.08939745909703858 0.06856144256754412 0.14131676978034627 0.11407498283473734
0.1014514995215346 0.07605035374715992 0.28438922380890685 0.12643271689661373 0.08873616211722264 0.06818755463926594 0.14096304406234395 0.11378944520695235
0.10123927088293147 0.07592857461285929 0.2854385462404413 0.12630834869840407 0.08852041346256062 0.0680629494716907 0.14082438280254903 0.11367751382856368
0.13486442150959072 0.10116715338476434 0.2381686525014093 0.10520907303102064 0.11791820665040671 0.09068406218866226 0.11730026500622749 0.09468816572791858
0.10897682660444698 0.08014014513864094 0.265639209841367 0.12568539183782257 0.09455889223920212 0.07175284929216154 0.14012983239231858 0.11311685265404031
0.1033972999399165 0.07694829061463745 0.2781884114133648 0.12684144365906994 0.09010071506634779 0.06894779611301513 0.14141874390048545 0.11415729929316294
0.10186366375655947 0.07621866228723843 0.2831068399221358 0.12654972144959492 0.08895985128739044 0.06831301658521048 0.14109349540723493 0.11389474930463543
0.08036482150135307 0.13203053323310648 0.14119207449875631 0.13722374044324157 0.09365342143860873 0.15779342683501918 0.09307349351802473 0.16466848853188987
0.08695741523596752 0.16852396456926413 0.12415513262842319 0.15617568979041158 0.08069307719886254 0.16349070539405652 0.07944589437164416 0.14055812081137042
0.1027112786170572 0.09589470454636306 0.22309704854589663 0.13247010019374475 0.09110061321841156 0.08780888881650387 0.14769427588765272 0.11922309017437027
0.10360728085266596 0.08090275697454896 0.2626207484350611 0.12911050093173015 0.09084177472567911 0.07276891381488822 0.1439485734268693 0.11619945083855714
0.08072491871948904 0.13349611208493148 0.1365858968335868 0.13739589078727915 0.09411999966795094 0.15961185660195992 0.0931902563600676 0.16487506894473494
0.10116221273672957 0.0896311235638281 0.22872236371776847 0.13252814828498083 0.09389438103394102 0.08702744202883538 0.14775899517743385 0.11927533345648277
0.11935506358459852 0.09228659172588523 0.19161387007650313 0.09327724268486065 0.1409056444720141 0.11196601009382608 0.13866288614047942 0.11193269122183279
0.1407978487586029 0.10508983302924069 0.20364994607563794 0.10519925588290986 0.1326559080330409 0.10063855830724196 0.11728931961870695 0.09467933029461885
0.11136500556478696 0.08155746449517048 0.25200860235535527 0.1268493273676204 0.09852166883585396 0.07410600310317199 0.1414275336471827 0.11416439463085835
0.10437436220926799 0.07751564433853673 0.2730460544124347 0.12741022032476307 0.09129468005561284 0.06963695293038447 0.14205288743671343 0.11466919829228675
0.1193042783777445 0.08918941894831 0.20505379206520777 0.09244774221099195 0.13900191634710937 0.10663578342409095 0.1374297779733552 0.11093729065319033
0.10680104837050845 0.07918461410120836 0.2534693541325802 0.12765060043419338 0.1002419873657108 0.07544596188511067 0.1423208933199141 0.11488554039077405
0.13720140217284957 0.10239564635851772 0.22711138939984826 0.10575335005867682 0.12169066895086933 0.09276243473205369 0.11790709327437549 0.09517801505280914
0.12651893979193782 0.0928289885643125 0.18810157091360163 0.09076560045020114 0.14686207264929313 0.11107494582414336 0.13492916126626917 0.10891872054024136
0.10884550884997203 0.08006931326645597 0.24646486721844327 0.12800741296337198 0.1022382426967924 0.07644927067578192 0.14271871266214756 0.11520667166703479
0.12071331173733676 0.08986146607610805 0.19657880020057167 0.09263507301048612 0.14275019999026972 0.1085908035839217 0.13770825778872267 0.11116208761258335
0.10738215163296494 0.07948949360288618 0.2501125364735761 0.12796191968792814 0.10126438905172498 0.07595579077673602 0.14266799105504824 0.11516572771913533
0.08133621228746958 0.13296491217727144 0.13370215287802162 0.13724155056970283 0.09628539730264149 0.16069434067136434 0.09308557342988541 0.16468986068364339
0.10137421789863166 0.08959903362342059 0.227514986223529 0.132611850219428 0.09441839138909068 0.0872785388604857 0.1478523165879294 0.11935066519748519
0.11942468305000593 0.0922907488172689 0.19123080003243845 0.09328933404741299 0.14108887046974936 0.11204750196320884 0.13868086076301991 0.11194720085689559
0.08237940854208037 0.1347440238668605 0.11904964199103552 0.13488334823769688 0.10351128727403167 0.17208617513749067 0.09148609706556833 0.16186001788523627
0.1329362755729886 0.11763741288995529 0.18037760320131768 0.10837358384516539 0.1255374192206942 0.11677302140275446 0.12082845840647545 0.09753622546064886
0.11051531194756846 0.08448592507198556 0.24326580853600205 0.12812739064031875 0.097903287328982 0.07753514608047116 0.1428524788183852 0.11531465157628687
0.10451094420979631 0.07826607329521434 0.26983541428275926 0.127860530317544 0.09145991905832715 0.07043769207712859 0.14255494947344083 0.11507447728578961
0.0927164354060346 0.15212502322954832 0.15846401488708536 0.157436074540981 0.08102527633454132 0.13645366190060146 0.08008704661432513 0.1416924670868829
0.10302512688631886 0.0920623230542147 0.23695976382643438 0.13114405585905625 0.09024927993048588 0.08231396475733171 0.14621583541300748 0.11802965027315061
0.11969964012648862 0.09264443274016601 0.19415760075615354 0.09312908118118432 0.13956153397488444 0.11061017968958313 0.13844263411411878 0.11175489741742117
0.10726930793864976 0.08006541866620336 0.2492518057794194 0.12813404105139964 0.10070930885627909 0.07638958723134803 0.1428598935304411 0.11532063694625967
0.10359856570436017 0.0773892451417691 0.2721401825598695 0.1276486874253309 0.09188845800298295 0.07013228202509537 0.1423187604577943 0.1148838186827978
