Action: 0
[0.1032175003162622, 0.10313178032420778, 0.2687315778264734, 0.10313178032420778, 0.11239202023622233, 0.10313178032421098, 0.10313178032420778, 0.10313178032420778]
[0.10471582512940031, 0.10471582512940031, 0.26698922409419784, 0.10471582512940031, 0.10471582512940031, 0.10471582512940031, 0.10471582512940031, 0.10471582512940031]
[0.2678199457893679, 0.10280548650521436, 0.11534693725302028, 0.10280548650477375, 0.10280568443155462, 0.10280548650652155, 0.10280548650477375, 0.10280548650477375]
[0.125, 0.125, 0.125, 0.125, 0.125, 0.125, 0.125, 0.125]
[0.15695076550457726, 0.10161438044362697, 0.23329717944260578, 0.10161437954245749, 0.10168015643935947, 0.10161437954245807, 0.10161437954245749, 0.10161437954245749]
[0.23140132601511934, 0.15436002558082948, 0.10362590317951853, 0.0993195672127247, 0.11333447637363393, 0.0993195672127247, 0.0993195672127247, 0.0993195672127247]
[0.125, 0.125, 0.125, 0.125, 0.125, 0.125, 0.125, 0.125]
[0.125, 0.125, 0.125, 0.125, 0.125, 0.125, 0.125, 0.125]

Action: 1
[0.10166293071685861, 0.10166293071685861, 0.10166293071685861, 0.10166293071685861, 0.2344392543106663, 0.15558316138818215, 0.10166293071685861, 0.10166293071685861]
[0.1043226419226018, 0.1043226419226018, 0.1043226419226018, 0.1043226419226018, 0.26974150654178747, 0.1043226419226018, 0.1043226419226018, 0.1043226419226018]
[0.10377726051415838, 0.1037783726077864, 0.10377726051415835, 0.10377726051415835, 0.10774360264569378, 0.269591722175728, 0.10377726051415835, 0.10377726051415835]
[0.125, 0.125, 0.125, 0.125, 0.125, 0.125, 0.125, 0.125]
[0.1018786947419139, 0.1018786947419139, 0.1018786947419139, 0.1018786947419139, 0.2278109971695328, 0.16091683437898394, 0.1018786947419139, 0.1018786947419139]
[0.10187732379465331, 0.10187732379465331, 0.10187732379465331, 0.10187732379465331, 0.16090835719237553, 0.22782770003970457, 0.10187732379465331, 0.10187732379465331]
[0.125, 0.125, 0.125, 0.125, 0.125, 0.125, 0.125, 0.125]
[0.125, 0.125, 0.125, 0.125, 0.125, 0.125, 0.125, 0.125]

