Action: 0
[0.09844381869447123, 0.09580356266813664, 0.3212625881061988, 0.0958035626681366, 0.10127577984411341, 0.09580356268267017, 0.0958035626681366, 0.0958035626681366]
[0.13663737620870664, 0.09348195616239864, 0.30247088681690154, 0.09348195616239864, 0.09348195616239864, 0.09348195616239864, 0.09348195616239864, 0.09348195616239864]
[0.25599207574232025, 0.12316313697156596, 0.11434369007242254, 0.08735483598280455, 0.15701001495865283, 0.08742657430662473, 0.08735483598280455, 0.08735483598280455]
[0.125, 0.125, 0.125, 0.125, 0.125, 0.125, 0.125, 0.125]
[0.2114947403793058, 0.09072192411212175, 0.2136257825203482, 0.09072192411212175, 0.12126983710716424, 0.0907219435446949, 0.09072192411212175, 0.09072192411212175]
[0.13313685916728868, 0.08945121341829293, 0.25789583218656537, 0.08944511939368328, 0.16173160148697, 0.08944913555983329, 0.08944511939368328, 0.08944511939368328]
[0.125, 0.125, 0.125, 0.125, 0.125, 0.125, 0.125, 0.125]
[0.125, 0.125, 0.125, 0.125, 0.125, 0.125, 0.125, 0.125]

Action: 1
[0.09039088011234743, 0.15782857197428984, 0.09039088011234743, 0.09039088011234743, 0.12684491761254474, 0.2633721098514282, 0.09039088011234743, 0.09039088011234743]
[0.10176044909013712, 0.10176044909013712, 0.10176044909013712, 0.10176044909013712, 0.10176044909013712, 0.2876768563690403, 0.10176044909013712, 0.10176044909013712]
[0.12089148312781459, 0.09061572477700847, 0.09013943905372084, 0.09013943905372084, 0.17431958662235453, 0.2536154492579391, 0.09013943905372084, 0.09013943905372084]
[0.125, 0.125, 0.125, 0.125, 0.125, 0.125, 0.125, 0.125]
[0.13558636255073808, 0.09087557538698242, 0.09087557538698242, 0.09087557538698242, 0.11296768706103033, 0.2970680734533196, 0.09087557538698242, 0.09087557538698242]
[0.13707661089332565, 0.0891506732481657, 0.0891506732481657, 0.0891506732481657, 0.2697805422582889, 0.14738948060755702, 0.0891506732481657, 0.0891506732481657]
[0.125, 0.125, 0.125, 0.125, 0.125, 0.125, 0.125, 0.125]
[0.125, 0.125, 0.125, 0.125, 0.125, 0.125, 0.125, 0.125]

