0.125 0.125 0.125 0.125 0.125 0.125 0.125 0.125
0.07575757575757576 0.12626262626262627 0.09090909090909091 0.15151515151515152 0.0946969696969697 0.15782828282828282 0.11363636363636365 0.1893939393939394
0.11125091942508589 0.08761009904725514 0.1335011033101031 0.10513211885670617 0.13906364928135737 0.1251505823709808 0.16687637913762884 0.13141514857088268
0.08769198837691987 0.1551473640514736 0.07644942576449425 0.13525667635256677 0.10523038605230386 0.18617683686176836 0.0917393109173931 0.1623080116230801
0.10944132856420534 0.08618504624431171 0.1313295942770464 0.10342205549317407 0.1500260168666686 0.12615639634181836 0.164161992846308 0.12927756936646756
0.0716889211672262 0.12683424514201555 0.08961115145903273 0.15854280642751942 0.08602670540067142 0.16951142093967222 0.10753338175083928 0.1902513677130233
0.10894605029737525 0.08579501460918301 0.13073526035685032 0.10295401753101961 0.15545362809068464 0.12400443175504978 0.16341907544606288 0.1286925219137745
0.10939622323786821 0.08830779466189362 0.13674527904733524 0.11038474332736703 0.13127546788544187 0.12733446499045117 0.1640943348568023 0.1324616919928404
0.09640461755135347 0.07591863632169088 0.19280923510270695 0.15183727264338176 0.10850843365008854 0.0740607466957266 0.1680901023972317 0.13237095563781998
0.07210950665483037 0.12018251109138395 0.10227914268709017 0.14421901330966075 0.11204205137433475 0.1607297482633786 0.10816425998224555 0.1802737666370759
0.07037813615783989 0.11729689359639982 0.09273441518000809 0.14075627231567978 0.11039348194600106 0.1869282561727119 0.10556720423675985 0.17594534039459972
0.06882672713277081 0.11471121188795136 0.09006277426019026 0.13765345426554162 0.10801487865166706 0.20542404527079575 0.10324009069915623 0.17206681783192704
0.049724462328990374 0.08287410388165062 0.06499070052344678 0.09944892465798075 0.12468794868944193 0.2600373010129512 0.11933870958957687 0.1988978493159615
0.08011102182934926 0.14173488477500257 0.06984037800507373 0.12356374570128428 0.10753366044296152 0.24513136079869918 0.08380845360608846 0.14827649484154112
0.10448560506884794 0.08434380168208207 0.1306070063360599 0.10542975210260258 0.14837258159130629 0.14351714309270616 0.1567284076032719 0.1265157025231231
0.10177488377433182 0.07469982172793996 0.18507717025131393 0.14939964345587992 0.10434521402735629 0.08367413442670353 0.16656945322618252 0.13445967911029194
0.07026881866657408 0.11711469777762347 0.09934930780058569 0.14053763733314817 0.10877603265740804 0.1828782310983642 0.10540322799986113 0.17567204666643518
0.06724216625282235 0.11207027708803727 0.08867647640952116 0.1344843325056447 0.10952431071618894 0.21903377201649607 0.10086324937923355 0.1681054156320559
0.07143260792251374 0.11865153822468315 0.09103148244944345 0.14831442278085394 0.09571134810944196 0.19628542381163366 0.10059586936440527 0.17797730733702471
0.09176039108077522 0.0722613079761105 0.20023946721658242 0.144522615952221 0.10142488665756838 0.10380477891499297 0.15999247675622347 0.125994075445526
0.06805825687434629 0.11343042812391049 0.11078596631956242 0.13611651374869257 0.1091531254018072 0.19022268203429574 0.10208738531151945 0.17014564218586573
0.07150024926765493 0.11864446516105055 0.09285992383537969 0.1483055814513132 0.10074948756752775 0.18938372233895517 0.10058987263654287 0.17796669774157584
0.0903007075499352 0.07111180719557399 0.2108951237901476 0.14222361439114797 0.10118096885938588 0.10285057301651149 0.15744738752296394 0.12398981767433412
0.05003607818456227 0.08339346364093711 0.0906129288921149 0.10007215636912455 0.12888218942932902 0.22677228310273365 0.12008658764294944 0.2001443127382491
0.049140487496502495 0.08280558136181684 0.06379493986369296 0.10350697670227106 0.12217723196653169 0.25455294249772775 0.1170078867069151 0.20701395340454212
0.10364730035928449 0.0796939183284838 0.13139389543633564 0.09961739791060474 0.15331513348235193 0.16470352427534463 0.14808795271486913 0.11954087749272568
0.11649642788127859 0.07914211789764561 0.13894308429662114 0.098927647372057 0.16121616333834887 0.13949879015479116 0.14706259221278922 0.1187131768464684
0.1114588065080435 0.07012260184815199 0.19845712489746875 0.14024520369630397 0.1088085763873199 0.08832406727463675 0.1563629360614016 0.12622068332667358
0.10836106564822459 0.0689503188016441 0.23227012718045503 0.1379006376032882 0.0970339384398867 0.07762441864823405 0.1537489198353079 0.12411057384295937
0.13938179105654813 0.08890046583578076 0.21603779301630527 0.11112558229472595 0.12269169622074937 0.09795291620592018 0.12389673130471686 0.10001302406525336
0.08954451422225253 0.11204084697094148 0.12225614612779978 0.14005105871367685 0.09948937065241556 0.17356563998983368 0.09499115286666777 0.1680612704564122
0.10688356852457762 0.06845836552864551 0.22076119423744356 0.13691673105729102 0.09840189926364692 0.09270124597445079 0.15265193746238265 0.12322505795156191
0.08346883777817919 0.11215055125078795 0.13107769174352882 0.14018818906348496 0.09825054199755343 0.1715541982733114 0.0950841630169724 0.16822582687618193
0.1062094154128184 0.067452223053311 0.23143233600304705 0.134904446106622 0.09689671676427511 0.09128247125106112 0.15040838991290545 0.12141400149595982
0.09770233024206837 0.1276849965400293 0.15975711471024165 0.15960624567503662 0.08390618992214324 0.14650649856825546 0.08119100323469254 0.14364562110753293
0.1448611355375932 0.08714333780893196 0.20570451947794066 0.10892917226116496 0.12135038722743709 0.11252729462339088 0.12144789802849286 0.09803625503504845
0.12073007002612454 0.06278170781918682 0.26534658763237007 0.12556341563837364 0.09634857411098222 0.07622873266579196 0.1399938380326345 0.11300707407453628
0.11107951030677685 0.06144452019268214 0.29968676841032 0.12288904038536427 0.08893846908519491 0.06834944606706216 0.13701210920577178 0.11060013634682785
0.1061962754968141 0.060062035117775324 0.32035172574956994 0.12012407023555065 0.08560522595022807 0.06561963040828075 0.13392937382978556 0.10811166321199558
0.10336487094311196 0.059076817974564676 0.3334585105839071 0.11815363594912935 0.08368224041120496 0.06419316513610489 0.13173248664776063 0.10633827235421642
0.08474186058520775 0.10677438292080493 0.17832912027475645 0.13346797865100615 0.09170183956224164 0.15429713636583225 0.09052610725894332 0.1601615743812074
0.08162294549273508 0.10900679651277968 0.13060477944760876 0.1362584956409746 0.09451257335023533 0.19206540904740121 0.09241880573909582 0.1635101947691695
0.08062482201068577 0.10879783846578656 0.11582337560111414 0.1359972980822332 0.09707713995267744 0.20624112253304738 0.09224164565577557 0.1631967576986798
0.1059871365693038 0.07300065290323736 0.23526143363362487 0.1304725752845598 0.09662715382681838 0.09575854534341754 0.14546718468293454 0.1174253177561038
0.10734283529020143 0.0660210135981663 0.2964017248863007 0.12204550140002321 0.09085340265473736 0.0714229447227632 0.13607162618778706 0.1098409512600209
0.10435932761096008 0.06318503895693459 0.32670285776605845 0.11748879660868439 0.08657136180561348 0.06496145990589233 0.13099124039804066 0.10573991694781595
0.10184542830189718 0.06184910052575916 0.34182613880057894 0.11527101745754083 0.08417018124914358 0.06277563580287122 0.1285185821504224 0.10374391571178676
0.08397928826544776 0.11229011991884505 0.18290068538325951 0.13094242548391652 0.09256866694399137 0.15137478005213997 0.08881312337169991 0.1571309105806998
0.09293641671458462 0.13847998972442524 0.15240349059913982 0.153896875874561 0.0825578322927448 0.16293153486690212 0.07828667164053756 0.13850718828710487
0.10845436077698171 0.07349781022496661 0.2562721974140426 0.1275074442440449 0.0911157042082328 0.08623449846089462 0.1421612848511963 0.1147566998196404
0.10755042924296106 0.06498492612147959 0.30875329794661505 0.1199754648119471 0.0882478460423909 0.06874642763142928 0.1337636898724246 0.10797791833075239
0.14042242701405433 0.08394216959842254 0.2809974499418516 0.09760683982530553 0.11448926624221063 0.08587134922268895 0.1088243423126914 0.08784615584277498
0.09387543664852689 0.11345804480736923 0.16297049988428355 0.12901183358102863 0.09933060046040001 0.15903570589228563 0.0875036784288716 0.15481420029723436
0.09567420578417625 0.1376693424612179 0.14485255013860118 0.152671824362066 0.08352825973381957 0.1705356823318176 0.07766349326244228 0.13740464192585938
0.10965171985374556 0.07329452406930248 0.25180312172986574 0.1271068102139784 0.09124101557457778 0.09079207156021525 0.14171460780573414 0.11439612919258056
0.10831323224876242 0.06486132335027085 0.30654382968248217 0.11972632636618014 0.08820183583179204 0.07111383969313462 0.13348591909781576 0.10775369372956212
0.10494633082046279 0.0622631988847726 0.33321347727538847 0.11581918604465818 0.08498315455723199 0.06540763576033909 0.12912974921695472 0.10423726744019236
0.10255395864174895 0.06115226995089386 0.34604966836086387 0.11400800654418523 0.08308269456857388 0.06343577680739092 0.12711041923657665 0.10260720588976671
0.12108467625865409 0.07256311593576695 0.2634016824421891 0.08463166852935229 0.13099812221591753 0.09995207289747235 0.1258106594854252 0.10155800223522274
0.12776121811364455 0.07327050345737036 0.22582998036328558 0.08434379123778586 0.15159602773348912 0.1106032190526117 0.12538271055646974 0.10121254948534303
0.1038976834431489 0.12821096120066502 0.16642656639425646 0.1474607784436176 0.09706088991895108 0.14921576313965626 0.07501265686044896 0.13271470059925583
0.08522184655565072 0.12031902552676597 0.12630202609708022 0.13134917680900562 0.09816630887529827 0.19193359708624072 0.08908900687915164 0.15761901217080673
0.08046579914183266 0.11935329555057807 0.11339920329965764 0.13151620367850836 0.09825648726689523 0.20998727197941663 0.08920229466890132 0.15781944441421
0.10596375375761609 0.07265903799745155 0.23400610587569765 0.1281550171744325 0.09851353733084443 0.10247975206472802 0.1428832803422404 0.11533951545698924
0.10785051235252492 0.06503309688260706 0.29726167310652885 0.12007518774164301 0.0928919371119515 0.07494505034023997 0.13387487349702587 0.1080676689674787
0.10507358945646328 0.06222494695470244 0.3283917112532346 0.11567790748910871 0.08849316264056142 0.06705633129503885 0.12897223417069284 0.10411011674019785
0.08540887925127714 0.11118430335911551 0.1785949292470602 0.12949885081241874 0.09541451967891296 0.1566658935165856 0.08783400315972749 0.15539862097490245
0.08026032010689625 0.11763598713752485 0.12952245713691204 0.13057719821218558 0.09793262532971264 0.19881337021735923 0.08856540400478675 0.1566926378546227
0.10483428687825398 0.0717314127036135 0.24248761194465884 0.1266156898931257 0.09819499899588309 0.10101483338189825 0.14116704529875354 0.1139541209038131
0.12452019334380003 0.07514911762159517 0.2194280246038669 0.08676389059632514 0.14442118113701435 0.11662057318488303 0.12898035079692513 0.10411666871559017
0.1125156450124057 0.0638593840259842 0.286522588134687 0.11723823834931353 0.10572539917552862 0.07791244415047904 0.1307118866372197 0.10551441451438218
0.08714893377762205 0.11119421423718115 0.164838540934614 0.12928410456012732 0.10150862815412894 0.16319630368426122 0.08768834917991244 0.15514092547215277
0.08031434981615505 0.11700266727803774 0.12473011755952826 0.1298068049950956 0.10007613053624617 0.20425888738936648 0.08804287643145614 0.1557681659941147
0.07792090085560546 0.11667619591205675 0.11121627207599702 0.12871838527317453 0.09876532461961122 0.2249362150113315 0.08730464392441403 0.15446206232780943
0.07616611051673956 0.12532884210024772 0.1055441782627592 0.1263242491051225 0.09696118146194335 0.23240554458182716 0.08568079504521352 0.15158909892614697
0.13414781588899635 0.1027314462336897 0.18387679583770647 0.10204992596944736 0.12842034429045543 0.1431506866173854 0.11377805178981668 0.0918449333725026
0.13302653122413244 0.0819511404814228 0.18964795439368956 0.08394691815025779 0.1563455781990192 0.12955284371496475 0.12479273205620411 0.10073630178030933
0.09031779616127916 0.11767789967551168 0.13100337635733003 0.12501284381643388 0.11482815046775906 0.1863532007882103 0.08479132015375515 0.15001541257972065
0.10680792543971808 0.07712832672023423 0.24076214084652847 0.12400980175193685 0.10295261570777678 0.09846869346647037 0.13826167449059226 0.11160882157674315
0.10702054629232113 0.06846682407508355 0.2994391081369689 0.11795531520540652 0.09478550667210445 0.07466154211468447 0.13151137381856515 0.10615978368486587
0.10415340095804514 0.06538628241052806 0.3286582547614141 0.11423875870792795 0.08991379130015355 0.06746693834595709 0.12736769067883907 0.10281488283713516
0.10184805167644576 0.06403480943295801 0.34288132648879194 0.11241683639699071 0.08733392410714443 0.06497351587388182 0.12533638326649563 0.10117515275729165
0.08375208450532307 0.11585211866929485 0.18221831428263838 0.1273832500178514 0.09563753507382065 0.15589772350449868 0.08639907392515138 0.15285990002142166
0.07859952473523955 0.1266251425889071 0.1289939098975426 0.12768632774825445 0.09745521527624063 0.20081164676579 0.08660463969012042 0.15322359329790533
0.1337573792900009 0.10871656918034686 0.19456946703097144 0.10063302486239269 0.12717401647236212 0.13238150799343334 0.1121983127943393 0.0905697223761534
0.11592232149226883 0.07658414414401997 0.27175765923751816 0.1166202019825601 0.10184947301503322 0.08228519613388896 0.13002282221040654 0.10495818178430409
0.08710964540653904 0.12381615309938623 0.15873715816454095 0.12720867840462158 0.09976591834527138 0.16443136366313424 0.08628066883096074 0.1526504140855459
0.09097882759169008 0.15681135162909543 0.13951318257719067 0.14589511286953527 0.0849106238890325 0.1763690902707195 0.0742162095901549 0.13130560158258175
0.10639516847033897 0.08828330583248568 0.24512017941972922 0.12298978753679968 0.09369278902583904 0.09570352617050955 0.13712443476117817 0.11069080878311971
0.10646786197232991 0.07306433938459145 0.3013822271842711 0.11722675588795317 0.09191976441034917 0.07373588631164443 0.130699084549703 0.10550408029915785
0.08481392333952624 0.12294769612682849 0.16842496114027766 0.12735142373279432 0.09703507040527645 0.1602277293745702 0.08637748740137355 0.15282170847935317
0.1031172678551749 0.08152504035546507 0.2612403566990218 0.12152797127391565 0.0961349047462948 0.09158466620477543 0.13549461871882834 0.10937517414652408
0.09608012620874636 0.14364778488500463 0.1777053053506304 0.1461313566879094 0.08439659070559555 0.14618422934958047 0.07433638579341478 0.13151822101911845
0.1061697596562989 0.08450279294732953 0.2658808021185135 0.12064343116714055 0.09186766055701606 0.08784804299304519 0.13450842251022982 0.10857908805042649
0.08467313138008942 0.12627125562732455 0.15668195246743774 0.1275630824586368 0.09696931267384515 0.16824451920948777 0.08652104723281452 0.15307569895036413
0.10363055748554284 0.0825254796504714 0.2548372760934048 0.12221408610084081 0.09662609108760763 0.09391424654312484 0.13625958554825085 0.10999267749075671
0.09629162089430114 0.1440788418912755 0.17541769098314028 0.14627340205578737 0.08457180706510692 0.1473119316057143 0.07440864365446576 0.1316460618502086
0.10636388244017655 0.08466122964063194 0.2646400800873738 0.12077518483374312 0.0920125447639411 0.08819409386763624 0.13465531801612854 0.1086976663503688
0.08474038772883813 0.12632485471595148 0.1562851678207385 0.12757689546144863 0.09701729594394398 0.1684327077232278 0.086530416052113 0.15309227455373836
0.13521307520267947 0.10765727562726535 0.20757233221043134 0.09960746203833987 0.12606113252920403 0.1231871197775144 0.11105488678005952 0.08964671583450587
0.11564206107113884 0.07582898638046266 0.2784738822386234 0.11560986683810912 0.10101281309100453 0.08048713630387436 0.12889637392248882 0.10404888015429821
0.08692289648546966 0.12332024806938728 0.16073641425862248 0.12684222793934993 0.09949784654406574 0.1644375733561521 0.086032119819733 0.1522106735272199
0.07848572541631778 0.13517152983048294 0.1210705047349741 0.1257784412912682 0.09773224570466733 0.20551682850999464 0.08531059496277323 0.15093412954952182
0.10309381094738815 0.08527766960606922 0.23478084765320284 0.12395551165336935 0.09846128775052647 0.10466976681922217 0.1382011450821894 0.1115599604880324
0.12277561474032386 0.08450067965385588 0.2145795569903087 0.0852974260434157 0.14507400607337764 0.118615452501482 0.12680035274513737 0.10235691125209882
0.1274922713828281 0.0822373846539339 0.20201841091032777 0.08263048409445438 0.16263258824768648 0.12099651538238448 0.12283576441503964 0.09915658091334525
0.11316450446660432 0.071551012286885 0.2750314166476995 0.11550021338171176 0.11203056290591996 0.07999797976593953 0.12877411850169954 0.10395019204354057
0.106533186050824 0.06875173058732784 0.315423085421891 0.11425820268498496 0.09546217763479264 0.06934986594147846 0.12738936926221456 0.10283238241648646
0.10281462640346921 0.06720536589191273 0.33591079949871 0.11237971859140325 0.08934742231884872 0.06590532088014209 0.12529499968325108 0.10114174673226292
0.10076838267286951 0.06633683772739012 0.3459941501180441 0.11127420431318202 0.08686305941002874 0.06455414811252151 0.12406243376409996 0.10014678388186384
0.08299316861177798 0.1202146193140379 0.18257755800613237 0.12625231004734208 0.09522207622989659 0.155605494136675 0.08563200159732767 0.15150277205681048
0.10178147112822919 0.08045945793056912 0.2687566518139871 0.12048793813227898 0.09512014401072567 0.09062013328484184 0.134335059380317 0.10843914431905108
0.10375602534992419 0.07084604288268131 0.31321646690208843 0.11552288398651132 0.0914028019449198 0.07248578881179972 0.12879939453421485 0.10397059558786019
0.08390552937453186 0.1218736332287154 0.17197505158631102 0.12678757861046727 0.09680580620108621 0.16051225334792363 0.08599505331840389 0.1521450943325607
0.13354368229676558 0.11042534969171847 0.2142935058199798 0.09834628565437589 0.12506963222058406 0.1201611179980576 0.10964876922958029 0.08851165708893831
0.11442041953102185 0.07903651941969297 0.28148399939296453 0.11448702174374728 0.10038051342097346 0.07950872148554186 0.12764448543668538 0.10303831956937255
0.14154711848178042 0.0955819677286568 0.2646507676525784 0.09434740250535104 0.1219695430517443 0.09180022538254 0.10519031294253314 0.08491266225481592
0.13264717856718347 0.0861443102726724 0.2229741281534819 0.0808026405234988 0.1502802544723523 0.11006976720141128 0.12011855218120121 0.09696316862819856
0.11353082301733769 0.07382227517300866 0.285725800334281 0.11376417456678323 0.10718952080735389 0.07674108421294097 0.12683856477818967 0.10238775711010492
0.12413466061551776 0.08285365029417562 0.2347620409862477 0.08290163085705055 0.14599600075260935 0.10663121717694965 0.12323884228898858 0.09948195702846066
0.12698366097953884 0.08393365100731057 0.21008163283143014 0.08162612619708574 0.16198236263237545 0.11609849597202891 0.12134271894372746 0.09795135143650288
0.08791008650452928 0.1266220730553999 0.13641133455664772 0.12271839697925743 0.11610787729784584 0.17973306858441027 0.0832350866468007 0.1472620763751089
0.1356699327555472 0.11199877203428128 0.19585139999920223 0.09847502660607961 0.13303040200304408 0.12655463687317778 0.10979230578319622 0.08862752394547165
0.13205661694878193 0.09102472811505141 0.1931877356032636 0.0820937632302131 0.15719917542540812 0.1238875719990974 0.12203789280192873 0.0985125158762557
0.08908692952234819 0.12888942016653782 0.1308219510668724 0.12264659029739743 0.1145424977973213 0.18365031980832416 0.08318638298432174 0.14717590835687688
0.07795178883989637 0.1412574354172327 0.11037415286557743 0.12355204577175553 0.10108200035169172 0.21371960382602714 0.08380051800171245 0.14826245492610662
0.10253450948054092 0.09351083614000023 0.2270389343850737 0.12290478724677077 0.09930349540486177 0.10706346303955748 0.13702966578110112 0.1106143085220937
0.08289515395451406 0.13551144926125322 0.1429667532947856 0.12599910461384992 0.09846506788822812 0.17750328319092057 0.08546026225982864 0.15119892553661987
0.07632567289374662 0.1479896623914258 0.1139987631967961 0.12341141586889988 0.09619786784050643 0.2102777845244306 0.0837051342415147 0.14809369904267985
0.10184272093173603 0.09490979078984581 0.22918247549100537 0.12272706575318058 0.09769141320043187 0.10636065507739183 0.1368315195785461 0.11045435917786253
0.12177554231530882 0.0913663234646182 0.2114842645272471 0.08461751006987983 0.1442484393701031 0.11917729618450922 0.12578961198447808 0.10154101208385578
0.11078539807215992 0.0773333263920998 0.2800880520680261 0.11474284907586843 0.10628539762985047 0.07956669877330527 0.12792971382040855 0.10326856416828159
0.10523440176837057 0.07304577124335011 0.3176064056456401 0.11330813050327415 0.09341714488949715 0.06908071881640529 0.1263301096805161 0.10197731745294672
0.08372768670259634 0.1278881250523225 0.17275735524076918 0.12547028651277528 0.09682395189583058 0.15766666514562383 0.08510158563475194 0.15056434381533032
0.07681903303032962 0.14577889578044018 0.12372487987958553 0.12379982326511424 0.09608216712686829 0.2012668372197085 0.08396857577981662 0.14855978791813707
0.10158321620149907 0.09401410909486718 0.23477929186851565 0.12221204883962705 0.09725426896441305 0.10390890692138177 0.13625731415403194 0.10999084395566433
0.08261711712943567 0.13562386698024262 0.14539492212830257 0.1258756395898036 0.09781377659268581 0.1762473893065071 0.0853765207652581 0.15105076750776433
0.10263277397039093 0.09090746163200812 0.24713666160713943 0.12121813569344957 0.09692216834102681 0.09693730146321364 0.1351491751686669 0.1090963221241046
0.1383771091889438 0.10241978681100683 0.24937399197819984 0.09582585876188056 0.12235537438131898 0.09856592465695033 0.10683868133600712 0.08624327288569249
0.09054603968735937 0.13601383850678736 0.14871472481285966 0.12187923668402666 0.10372145270464825 0.17020370652823377 0.08266591705525288 0.14625508402083198
0.1182775834331287 0.10226221051232105 0.17521361628497378 0.08496070554604103 0.1478701089144194 0.14316313354363272 0.12629979511023415 0.10195284665524923
0.11136651147973245 0.08097450897696018 0.2604149249824932 0.11661075432523517 0.10903008364406541 0.08664124892126374 0.13001228877753832 0.10494967889271165
0.14082524743822555 0.09864388380560153 0.25460287197106163 0.09470919984839946 0.12584412628267824 0.09454270081024362 0.10559368998023043 0.08523827986355949
0.15030657757341565 0.101210376272953 0.24801237435069828 0.09158987329018929 0.12956169517708582 0.09477234372109744 0.10211587365339014 0.08243088596117035
0.10690689080420276 0.1546751350247475 0.16951586623818163 0.13876968111173796 0.09072083680604714 0.14392734357941742 0.07059153343510148 0.12489271300056413
0.10884168690585493 0.09359187024651394 0.25911807294993006 0.11860886191587534 0.09312913215054454 0.08772237047839807 0.13224002962859535 0.10674797572428782
0.08455212951618478 0.13556619670555223 0.1534678020476144 0.12576802475525908 0.09665839890147776 0.167762288533599 0.08530352983400183 0.1509216297063109
0.10289717557693076 0.0905612008178863 0.25160256429426586 0.1207560508898862 0.0962199250217472 0.09464865250175168 0.1346339850966343 0.10868044580089757
0.10445761115479783 0.07717266663412896 0.30386012147550395 0.11561006168974178 0.09208512687941646 0.07386876547812533 0.12889659116751806 0.1040490555207676
0.10243265819076927 0.07245336724083318 0.3299696221079965 0.11247090065635175 0.08868854417817662 0.06736443615411915 0.12539666088103693 0.10122381059071657
0.10057291052383273 0.07055982702186094 0.34274608760825703 0.11091382257455662 0.08665927858626907 0.06506499834843038 0.12366063501969224 0.09982244031710097
0.0937805796406035 0.14418462136607954 0.2057385677977811 0.14236509938406874 0.0807342771641319 0.13264775812369053 0.0724205070779828 0.12812858944566186
0.1354397851355363 0.11826706200129934 0.22916641474890567 0.09618399963334322 0.11686363552900476 0.11027552160114441 0.10723798168075728 0.08656559967000889
0.1140148457206657 0.08226087017721057 0.2889042618102905 0.11306343079785912 0.09717386271600313 0.07676835328974746 0.12605728777015038 0.10175708771807322
0.10579559205424498 0.07374759996095825 0.3219747257326619 0.11271322529327794 0.0904245292374051 0.06823559019022027 0.12566683476728152 0.10144190276395015
0.120638593841337 0.08409103904078616 0.2505812493777305 0.0823097942083223 0.13794317699467615 0.10330535612672972 0.12235903736043137 0.09877175304998675
0.10849996378428521 0.07437781941498207 0.3006127742321532 0.11250708693067916 0.10265255087715643 0.07465642064668898 0.12543700587644377 0.10125637823761126
0.0963388845115353 0.14623917593803132 0.1906685553667034 0.14286796120712966 0.08516015379132448 0.13746779339784124 0.07267631070101813 0.12858116508641668
0.10474083879920244 0.0911749633440765 0.27135515720756165 0.11809002874961225 0.0909620818433383 0.08573433481445294 0.13166156936710496 0.10628102587465102
0.08349167976771255 0.13462438096470203 0.15736981866800595 0.12569218567077173 0.09597629230112527 0.16676292867214607 0.0852520911506104 0.15083062280492607
0.11601355730771781 0.10222009911676473 0.17974535385548754 0.0853803236215736 0.14484435273369284 0.14241633945605817 0.12692358556281688 0.10245638834588833
0.12505946280917857 0.09153948558149036 0.1861142172000805 0.08241564578520194 0.16300260514503642 0.13045341569787258 0.1225163928388972 0.09889877494224232
0.1464050192144029 0.10121264846256285 0.21568826327936436 0.09368987326848573 0.14638233419911673 0.10784375872165607 0.10445721691277438 0.08432088594163714
0.1345628906395134 0.08983161907158942 0.20050769585857997 0.08067518240265671 0.16145931013522807 0.11622400588529486 0.11992907712394939 0.09681021888318804
0.14959112494715313 0.10008141036385287 0.222165940005868 0.09300003665023955 0.14495640586491257 0.10281694861898386 0.10368810056377453 0.08370003298521558
0.1355734364002879 0.08941577926466514 0.20328791403757496 0.08052505189773874 0.16060869572777448 0.11425316234967549 0.1197058980449967 0.09663006227728649
0.11511595380008133 0.07670010835029774 0.274588406671444 0.11416187286931122 0.1109797048997287 0.07842629912022643 0.12728196870653058 0.1027456855823801
0.1067272313354838 0.07298282017406366 0.314572536941264 0.11338495877826313 0.0948713686027121 0.06899885379410119 0.12641576747367544 0.1020464629004368
0.10252146929425482 0.07110726703552343 0.33502468350102094 0.11163830633857373 0.08893038645593832 0.06583503131935349 0.12446838035061876 0.10047447570471635
0.13458615623525358 0.09400566787988887 0.28934383251516 0.09269345808984965 0.11602714894946957 0.08657333570157681 0.10334628834793685 0.08342411228086469
0.08962555797368732 0.1328202112583584 0.1617974876379677 0.12163993554618185 0.10181804910276898 0.16382722736820715 0.0825036084574103 0.1459679226554182
0.10386993302107962 0.08936327879373138 0.2556205782538549 0.11969591691483693 0.0971210150459723 0.09315093791824147 0.13345201482893013 0.10772632522335324
0.12173256494930682 0.08935926034822486 0.22261855484591003 0.08390525552446428 0.1430684232490956 0.11389883668891518 0.124730797764726 0.10068630662935713
0.11019821010822238 0.07647853012829459 0.2859501261504119 0.11405907860747752 0.10541441079413713 0.0780791126889271 0.12716736077579954 0.10265317074672976
0.10475737181165588 0.0726493103242 0.32053477070030084 0.11293463746389654 0.09291993478747461 0.06864910838074019 0.12591369281422496 0.10164117371750687
0.10166258646091496 0.07086195545595218 0.33801906604386184 0.1113434305299906 0.08816954860695712 0.06559470959562587 0.12413961582970594 0.10020908747699155
0.08271446957227765 0.1268640800135846 0.17928887673414315 0.12517042336454517 0.09509627003976673 0.15576317204314571 0.08489820019508282 0.1502045080374542
0.10115215081588227 0.08764880140367438 0.265869625697064 0.11935816875695134 0.09470254879038721 0.09077090181681048 0.1330754508379741 0.1074223518812562
0.1205601056059788 0.0888082335539009 0.22710859956010207 0.08377268229718836 0.14179735866381737 0.11289208280417803 0.12453371875820837 0.10052721875662604
0.10962211700170298 0.07622022166878178 0.288369280747047 0.11384264432442501 0.10485742758000337 0.07770387608404922 0.12692605270200816 0.10245837989198252
0.08472873797561095 0.12890651954417284 0.16310302092453252 0.12532547931820814 0.10020894462937853 0.16233335384520184 0.08500336858104551 0.15039057518184976
0.10247544875618714 0.08866854675939768 0.25685416214709517 0.1201474772414993 0.09683932649062044 0.09292683819322405 0.1339554708946268 0.10813272951734937
0.10405878701501035 0.0765671268900343 0.3065169686730557 0.11527292789218638 0.09203459349329662 0.07328324879096648 0.1285207121424824 0.10374563510296773
0.12051726220938726 0.08519396942973875 0.24420591636902594 0.08278880308413962 0.13928384960494625 0.10559251937522289 0.12307111622657173 0.09934656370096755
0.10877546145649383 0.07484115152185228 0.2973125578470655 0.11287836882574565 0.10334202381962021 0.0754089471042126 0.12585095748183878 0.10159053194317108
0.12194651999656693 0.08450897099054042 0.2395824093363341 0.08246074277007533 0.1439228149675581 0.10604221807902126 0.1225834325358135 0.09895289132409038
0.10937618930167561 0.0747822403479998 0.2947451526603813 0.112991826595191 0.10482589851397864 0.07560859421732914 0.12597745442777264 0.1016926439356719
0.10406996679773815 0.07197845283106535 0.3249109309310626 0.11239831059273246 0.09237225195797974 0.06779587897869221 0.12531572837727037 0.10115847953345922
0.08337396949004207 0.12737414633465785 0.17507381958210483 0.12530901764874594 0.09644490237243017 0.15706112011872242 0.08499220327480161 0.15037082117849512
0.13256744291824352 0.11476986882150592 0.21503253896215194 0.09756521580164638 0.12437164323700484 0.11910666140538363 0.10877793463258187 0.08780869422148174
0.11380788392309998 0.08203567007516623 0.28145029077011263 0.11387872892068276 0.10001840877792886 0.07935187717043984 0.12696628433395524 0.10249085602861449
0.12425241097371416 0.08662312415353392 0.23296148977646103 0.08282473044189612 0.1429703186820201 0.10785372478519095 0.12312452465690825 0.09938967653027533
0.10004595343743888 0.14983513529449888 0.1649080937948533 0.14066960507026152 0.09498066216283013 0.15139988918461852 0.07155801649226348 0.12660264456323536
0.0804371290755109 0.15303582842005947 0.12076883666325314 0.12270418153943007 0.09500768813725585 0.19757587344695246 0.08322544487022213 0.14724501784731606
0.10283283934643285 0.09569271854114172 0.2328818353489264 0.12220321207411332 0.0969735555209199 0.10318548648181969 0.13624746181994424 0.10998289086670197
0.12202289802404885 0.09146370737985168 0.21304122423124328 0.08450061688166186 0.14380934893319472 0.11814562188284845 0.12561584240915705 0.10140074025799423
0.12659102882823303 0.0883189748383739 0.20062469895562546 0.08186471381482534 0.16164782188713886 0.12101770963597415 0.12169739546203887 0.0982376565777904
0.11248216884099752 0.07669406721172736 0.2735088566940861 0.11459220408488 0.1115775118504347 0.08025045174386249 0.12776175589761993 0.103132983676392
0.1059860449482434 0.07305225577493892 0.31411652724805816 0.11351334801311984 0.09512879984775548 0.06948209906682176 0.12655891188925453 0.10216201321180787
0.10232148955292375 0.07114561942795943 0.3348238703098318 0.11168102122841173 0.08903306664819381 0.065966009461999 0.12451600426510978 0.10051291910557056
0.10029086958486091 0.07010302969129142 0.3450627205536736 0.1105882672688207 0.0865455201841299 0.0645824870263162 0.12329766514896874 0.09952944054193863
0.08232476790463017 0.1265024216136781 0.1815423988449103 0.12506000908455928 0.09455012730091975 0.15512495384030414 0.08482331050952716 0.1500720109014711
0.1151064533600785 0.09977781150032594 0.1904004163483454 0.08498973773685907 0.14362968690422798 0.13776525545412374 0.1263429534118084 0.10198768528423088
0.12449591223168416 0.09075632326459007 0.19077853792931343 0.08223300057472327 0.16218048673859428 0.12863126010512174 0.12224487846630505 0.09867960068966791
0.08674147409215849 0.1313459688684658 0.1294907412335153 0.12183523644116626 0.1155858551018311 0.1861623671211943 0.08263607341226929 0.14620228372939947
0.07682691243777401 0.14567829415041317 0.10926661110614333 0.12240060359784011 0.10076344074467293 0.21516387381416985 0.0830195398315785 0.14688072431740812
0.10207604086450846 0.09446964950270603 0.2261659267758966 0.12271228470277747 0.09917762926448111 0.10814237284672058 0.1368150398104101 0.11044105623249972
0.105399598994743 0.07892477040939341 0.29074958471364376 0.1170741881654082 0.09401892831515969 0.0779371771280683 0.13052898292471632 0.10536676934886739
0.12142653801026675 0.08609671776744662 0.23754450904491764 0.08315655462994086 0.14065611509891282 0.10771389629345014 0.12361780359913596 0.09978786555592903
0.10937364080091395 0.07525188633669917 0.29380227026028277 0.1132227379025275 0.104029151103155 0.07618494618088092 0.12623490330326573 0.10190046411227477
0.10412406881235392 0.07211816057691445 0.3244628859855901 0.11246966246848543 0.09219592333784546 0.06801132220320563 0.12539528039396805 0.10122269622163689
0.10128154533895548 0.07061581492023185 0.33994461149393274 0.11110828550786332 0.08780642255444132 0.06536841654932853 0.12387744667817 0.09999745695707697
0.13388503082200195 0.09372892618876986 0.2915951319476541 0.09253507136727641 0.1154457096202184 0.08635886685135818 0.10316969897217233 0.08328156423054875
0.128979065205045 0.08731193228806641 0.23437441792734603 0.08001577052766076 0.14656384455469001 0.10778722778108824 0.11894881708291064 0.0960189246331929
0.08813487877788906 0.1303528834242307 0.14386777587189722 0.12195086533251716 0.1111591335869638 0.1754789246428176 0.08271449996466382 0.14634103839902057
0.07736398632370384 0.1456782788274871 0.11399897425462982 0.12270785575490567 0.09969527040569211 0.21007827058088907 0.0832279369468056 0.1472494269058868
0.07406402211286596 0.14995780700579842 0.10382988264370459 0.12176400094157562 0.09545989328922518 0.22621983571656645 0.08258775716037303 0.14611680112989076
0.10139960354432453 0.09569500266562643 0.22305987770951835 0.12301054124898325 0.0978130982154468 0.11116481589053734 0.1371475736014783 0.11070948712408492
0.1053510859739749 0.07931919325328263 0.2891799620820764 0.11728524832609784 0.09377479206524285 0.07876869555271031 0.13076429925312696 0.10555672349348806
0.1034065614204238 0.07341661684364306 0.3226948170549037 0.11333664103010183 0.08978195294818168 0.06899853698537664 0.1263618967902777 0.10200297692709163
0.10120587692529374 0.07100251537115577 0.33918890163194115 0.11132796779682735 0.0872610430234341 0.065696148198039 0.12412237603616423 0.10019517101714463
0.09399740526356079 0.14443276086780646 0.20446911058561262 0.1424415637090113 0.08092829346845214 0.1330740546198191 0.07245940414762748 0.12819740733811016
0.13555858357469866 0.1183613153863458 0.22853480937978354 0.09619992917548488 0.1169697264498519 0.11053995784442536 0.10725574193147344 0.08657993625793639
0.11407576603038576 0.08229644115753966 0.2885558482770039 0.11307866781153833 0.09723353551119357 0.07691466427864209 0.12607427590331213 0.10177080103038451
0.12418846426779212 0.08656088451575969 0.2360203317058755 0.08267492548986628 0.1415399105208684 0.10690374337780914 0.12290182953418928 0.09920991058783954
0.1267706271812456 0.08662115627102512 0.2104356116022328 0.0813270195762606 0.1598657998955363 0.11648928511956673 0.12089807686262023 0.09759242349151272
0.12767319094685026 0.08656756459615181 0.19852610233605297 0.0812048804611965 0.167992870022313 0.11987302621929563 0.12071650886470406 0.0974458565534358
0.11282662045899547 0.07628597123541675 0.27215951427707646 0.1145065528870612 0.11345305134936699 0.08004613098979556 0.1276662612039324 0.1030558975983551
0.08556607081772848 0.1289720876346193 0.15791367968097322 0.12539356110147692 0.10287151852736608 0.16376126312549674 0.08504954579056695 0.15047227332177227
0.1029491224905299 0.08885314178552212 0.25390638935978654 0.12037288222928609 0.09782169655029828 0.09355439294347828 0.13420678063474137 0.10833559400635748
0.08304423872263195 0.13380188392863132 0.15171949574293947 0.12584361689660914 0.09809064950313201 0.17113297390459906 0.0853548010255262 0.15101234027593094
0.102469017215662 0.09023420141580474 0.2506288550726571 0.12083190478343395 0.09672682389221693 0.09564192678793301 0.13471855652720172 0.10874871430509055
0.13813896916617335 0.10209679419755749 0.2509653913389981 0.0956778577712755 0.12214025775151825 0.09819698650399683 0.10667367127633254 0.08611007199414794
0.10346512488706322 0.15537422108895846 0.17064365899555523 0.13932828815681297 0.08890073219491765 0.14601682092535598 0.07087569441020486 0.12539545934113167
0.09338581321786785 0.17815121910054393 0.14081844754603418 0.14089427925394626 0.08028739299193666 0.16798568928845978 0.07167230727265962 0.12680485132855163
0.105969444911748 0.10026298513028463 0.24370542862398717 0.12059728102745763 0.09142491939734415 0.09504541943594302 0.13445696854852363 0.10853755292471187
0.10577440979395906 0.07950190021752762 0.2997400722087529 0.11599671946241681 0.09100616517709019 0.07425599989508516 0.12932768572899306 0.10439704751617512
0.10303288083261647 0.0730805984257221 0.3279177678983359 0.11270268821385532 0.08855459519681061 0.06762396333011514 0.1256550867100745 0.10143241939246979
0.10084869849216052 0.07075536114462394 0.34173791683077936 0.11102357573045601 0.08670659470343542 0.06522363334314828 0.12378300159798604 0.09992121815741042
0.0995388280303613 0.06980614741766421 0.34845834501538275 0.11021836267005995 0.08563845893800903 0.06425808239929737 0.12288524912617131 0.09919652640305396
0.09883315481864978 0.06938812588162496 0.3517164243450776 0.10983495500850035 0.08507860978117583 0.06383949246127663 0.1224577781960444 0.09885145950765033
0.0984715577048452 0.06919585477360403 0.3532942883411788 0.10965166457831226 0.08479750452675465 0.0636492089100493 0.12225342304477499 0.09868649812048103
0.1171867891528309 0.08239036313357373 0.26382732949403914 0.08164161204546443 0.13457912773252423 0.10103910428957366 0.12136573969743666 0.0979699344545573
0.08532804385517244 0.128863490732532 0.1535718284345876 0.12237916150772758 0.10773496798156332 0.1722625171782505 0.08300499650089349 0.14685499380927308
0.07673776391986513 0.1452652314615129 0.11710949365213155 0.12283920686820599 0.0987635576268106 0.20856067096249573 0.08331702726713103 0.14740704824184717
0.08571685434184985 0.17373701600224054 0.12152197640271864 0.14122112005751417 0.08279219376717158 0.19607326160835467 0.07183856976838765 0.12709900805176272
0.10433055323847217 0.1001641525781503 0.23285498537892532 0.12168279356616976 0.0930081680291505 0.10277759897878991 0.13566723402078926 0.10951451420955279
0.09537807394804496 0.15787532867487683 0.16577383407587776 0.1440760972110363 0.0828875604421919 0.1510497339245994 0.07329088423344023 0.12966848748993268
0.079369872628355 0.15611462290832118 0.12110795481221127 0.12304350404483698 0.09151421873705137 0.19774202796761722 0.08345559404780248 0.14765220485380437
0.10228480096717342 0.09858822998874092 0.2327711989462079 0.1218438978344182 0.0957488504823592 0.10325666047294432 0.13584685325717968 0.10965950805097638
0.10502027533348417 0.0808640228446028 0.29399125070495924 0.11642972622500003 0.09262595698933096 0.076471558344787 0.12981045595533583 0.10478675360250002
0.10295478058120487 0.07459674900972177 0.3249386094887883 0.1128178163062436 0.08914615116954157 0.06822641282744199 0.12578344594143875 0.10153603467561924
0.10085323287308684 0.07210742489888587 0.3401661337633598 0.11098565708421737 0.08689204713400962 0.0653676877334654 0.12374072513717967 0.09988709137579564
