Action: 0
[0.10475751163734984, 0.10236857381206194, 0.1554757093996961, 0.10236857381206194, 0.10236857381273728, 0.22792390990196898, 0.10236857381206194, 0.10236857381206194]
[0.20666358200548884, 0.10330645139195885, 0.12580185505014455, 0.10218437286151295, 0.15549062010635598, 0.10218437286151295, 0.10218437286151295, 0.10218437286151295]
[0.1286675086120101, 0.10258711808038483, 0.2552440654666098, 0.10258711808038466, 0.10315024090071058, 0.10258971269913064, 0.10258711808038466, 0.10258711808038466]
[0.125, 0.125, 0.125, 0.125, 0.125, 0.125, 0.125, 0.125]
[0.22659494911885805, 0.10290163128901432, 0.15618489841882632, 0.102863703979621, 0.10286370514647918, 0.10286370408795917, 0.102863703979621, 0.102863703979621]
[0.10302880445778105, 0.10261391891701387, 0.2312550407451717, 0.10261381357645129, 0.15264613646695407, 0.10261465868372552, 0.10261381357645129, 0.10261381357645129]
[0.125, 0.125, 0.125, 0.125, 0.125, 0.125, 0.125, 0.125]
[0.125, 0.125, 0.125, 0.125, 0.125, 0.125, 0.125, 0.125]

Action: 1
[0.10287569436081237, 0.10287569436081237, 0.10287569436081237, 0.10287569436081237, 0.12366033479620171, 0.25908549903892397, 0.10287569436081237, 0.10287569436081237]
[0.10524550698090472, 0.10524550698090472, 0.10524550698090472, 0.10524550698090472, 0.10524550698090472, 0.263281451133667, 0.10524550698090472, 0.10524550698090472]
[0.10392283370927043, 0.10392283370927043, 0.10392283370927043, 0.10392283370927043, 0.11299380804100322, 0.2634691897033742, 0.10392283370927043, 0.10392283370927043]
[0.125, 0.125, 0.125, 0.125, 0.125, 0.125, 0.125, 0.125]
[0.10403508615109236, 0.10403491006148324, 0.10403491006148324, 0.10403491006148324, 0.1121047600086497, 0.2636856035328417, 0.10403491006148324, 0.10403491006148324]
[0.10507044429872782, 0.10507044429872782, 0.10507044429872782, 0.10507044429872782, 0.21014602935787424, 0.1594313048497588, 0.10507044429872782, 0.10507044429872782]
[0.125, 0.125, 0.125, 0.125, 0.125, 0.125, 0.125, 0.125]
[0.125, 0.125, 0.125, 0.125, 0.125, 0.125, 0.125, 0.125]

