0.125 0.125 0.125 0.125 0.125 0.125 0.125 0.125
0.11301829483647666 0.08900190718372537 0.135621953803772 0.10680228862047045 0.14127286854559584 0.11125238397965673 0.169527442254715 0.13350286077558807
0.10466093706811239 0.15832697841412693 0.08549656834362854 0.1424942805727142 0.1187452338105952 0.19790872301765866 0.10687071042953568 0.08549656834362854
0.07295173961840627 0.1290684624017957 0.09118967452300783 0.16133557800224463 0.08754208754208752 0.15488215488215484 0.10942760942760942 0.19360269360269358
0.07864803870510005 0.12290328505259557 0.08849036523786881 0.1474839420631147 0.09217746378944666 0.1753290210256449 0.11061295654733601 0.18435492757889332
0.09674725201653069 0.15027037403845891 0.08114600198076782 0.13524333663461302 0.1127027805288442 0.2413117503440578 0.10143250247595978 0.08114600198076782
0.07054356393172706 0.12480784387920943 0.08817945491465883 0.15600980484901178 0.08465227671807248 0.18277994399091568 0.1058153458975906 0.1872117658188141
0.10272799695600761 0.07587552441979489 0.19269974455820923 0.15175104883958979 0.09066982421300511 0.08598542574351717 0.16799464910202858 0.13229578616784754
0.11657874775515872 0.08368028585960352 0.15073868281627065 0.10041634303152423 0.1442095212338141 0.11946496982926454 0.15939102068495908 0.12552042878940528
0.07105810852817708 0.13528536987306308 0.08882263566022136 0.15714774001423779 0.0852697302338125 0.1672519648811373 0.10658716279226563 0.18857728801708531
0.0755773463599756 0.11797689155612195 0.09213017905986144 0.14157226986734633 0.10104861584303948 0.18855015757896254 0.10617920240050976 0.17696533733418293
0.09321151270174863 0.14477937995396095 0.08514084641001224 0.13030144195856486 0.1320345018541928 0.238625370477458 0.09772608146892366 0.07818086517513892
0.0814853225488303 0.1638466169721596 0.07103848632462129 0.12568347580509923 0.10995569728576265 0.21192404650786234 0.08524618358954555 0.15082017096611908
0.1001763868610198 0.07303665231783575 0.19844727845619756 0.1460733046356715 0.10019042993938164 0.09302083702935854 0.16170915287302662 0.1273459578875085
0.0762762292516331 0.11571426032675966 0.11177608831938472 0.1388571123921116 0.10572011994573814 0.17394196498014947 0.1041428342940837 0.17357139049013948
0.06240806782585993 0.09671288915618044 0.062326046771677676 0.08704160024056239 0.14590815779273647 0.2670701174431833 0.10444992028867486 0.17408320048112477
0.04823119390782508 0.09329573364586877 0.06028899238478134 0.10666514037307469 0.11004400017440974 0.24756667399832843 0.12057798476956268 0.21333028074614938
0.09211426175102372 0.0810850276923774 0.18422852350204744 0.1487145912606889 0.09175030500729306 0.10245848750010689 0.1658056711518427 0.13384313213461999
0.1330711283864714 0.09606293398431716 0.19290404372597375 0.1152755207811806 0.13001381847311147 0.10456120664809093 0.1276147401403383 0.10049660786051642
0.08098855457537826 0.15647548234219863 0.08365495711979556 0.12491725774742765 0.10929254433053032 0.21004400672428364 0.08472648786347264 0.14990070929691315
0.13095921060090981 0.09535782337384666 0.17236547308261307 0.11442938804861601 0.1341128033110724 0.126338311476157 0.12667803642337627 0.09975895368340881
0.0672474831641029 0.12992798696391256 0.09804555762670618 0.1487203954590737 0.09114396660111267 0.1855789108880492 0.10087122474615434 0.17846447455088846
0.10070852861697809 0.07095019035068877 0.21933824178087433 0.14190038070137753 0.09617774946629908 0.09012733034137362 0.1570895545412075 0.12370802420120093
0.07964596570607951 0.11249556689514545 0.12564209945398241 0.13499468027417452 0.10476390327771688 0.17246842384455216 0.1012460102056309 0.16874335034271815
0.07616620019337159 0.11116571153161615 0.10523775986008642 0.13339885383793937 0.10526092082185161 0.20197284607925628 0.10004914037845454 0.1667485672974242
0.07518925552490072 0.11028191620843579 0.10043211149720825 0.13233829945012293 0.10570301516427978 0.21137880325480662 0.09925372458759221 0.16542287431265368
0.07485025642431062 0.10992386072009976 0.09919493426890576 0.1319086328641197 0.10602285410263758 0.2142821958916871 0.09893147464808978 0.1648857910801496
0.06535610555280387 0.12813416091703697 0.0896673002943069 0.14453754112639317 0.08660740931069001 0.21421827511789165 0.09803415832920581 0.1734450493516718
0.09967015893474754 0.07032338459811856 0.21861214711103968 0.14064676919623711 0.09592251998197603 0.0965081329853273 0.15570175507275738 0.12261513211979645
0.07890881901682417 0.11147259227790589 0.12696138170657256 0.13376711073348707 0.10542519240127218 0.17593068239696413 0.10032533305011529 0.1672088884168588
0.0756156042629189 0.1103849138184758 0.10621261633091308 0.13246189658217097 0.1066689746039546 0.20373220123722474 0.09934642243662824 0.1655773707277137
0.06510104739444708 0.1277804809206092 0.08994316025105295 0.14397347019925794 0.09256278316071861 0.21021932274313407 0.09765157109167062 0.17276816423910954
0.11023402995449867 0.07778335374689632 0.14656493482937727 0.09334002449627558 0.15450358225688604 0.1527402750540144 0.14815876904170727 0.11667503062034448
0.0658374764474078 0.12542721356045905 0.094205830652969 0.14560211137407497 0.10007732768150225 0.19537129196358516 0.09875621467111172 0.17472253364888993
0.10179394147414211 0.06977419634454073 0.22123960552011834 0.13954839268908145 0.09829974654178575 0.09320073718844561 0.15448580712832785 0.1216575731135582
0.11861689759172064 0.07566762203989895 0.18537322107334475 0.09080114644787875 0.15286661110215785 0.1190442647996288 0.1441288038855218 0.11350143305984843
0.056784145623510564 0.10798446740213369 0.05858226309288485 0.08758422461062183 0.15155364945647729 0.2633345466854686 0.09900825390765947 0.17516844922124367
0.09742247566160878 0.08738989207598276 0.1291267805381167 0.09830279923686427 0.16177727059407562 0.16188370931670149 0.14613371349241316 0.11796335908423713
0.10789077891959795 0.0862835874807323 0.13882215576768467 0.0990462206698173 0.16546699039697005 0.13639594257762871 0.1472388593837881 0.11885546480378077
0.09716819617858087 0.076886295114986 0.19983632169728055 0.14138796805274587 0.11297574575527122 0.0868592689157519 0.15763703303791218 0.1272491712474713
0.10370249056184819 0.06679760375653003 0.262245655366069 0.13359520751306006 0.09710578597093507 0.07219025360465557 0.14789538642064443 0.1164676168062575
0.07257283629974892 0.12407052271563972 0.12011299084648178 0.1452970564979565 0.09876467053738393 0.166276147419671 0.0985493078855705 0.17435646779754777
0.10209615781658289 0.06905066554484685 0.2328321397494845 0.1381013310896937 0.09713436264823135 0.08750546046573507 0.15288385045338493 0.12039603223204065
0.1183307747005067 0.07539893119127984 0.18968959651901748 0.09047871742953581 0.1521848597075349 0.11720171187229163 0.14361701179291397 0.11309839678691974
0.10826904111943708 0.0839519157438437 0.16185251845841475 0.09737489284947483 0.16369491086889917 0.12325253121507264 0.14475431832548796 0.11684987141936978
0.09489519072640035 0.07487533572848563 0.22053159446246645 0.13782749509811099 0.11136104206507937 0.08279722493072628 0.15366737140043119 0.12404474558829987
0.08111168323513047 0.11093438287983866 0.1289776260968754 0.13312125945580638 0.10908515323087177 0.17052737618986466 0.0998409445918548 0.166401574319758
0.06900766447172557 0.12554532446330383 0.10296928723405231 0.14086752165621738 0.09927060110329437 0.19775364735190262 0.0955449277320431 0.16904102598746085
0.13840509868441248 0.09277127131090979 0.18152152586281314 0.11132552557309175 0.1308864651703816 0.12479515803153254 0.12324193307236855 0.09705302229449024
0.07282456280536707 0.12349539521538866 0.11281372853068755 0.14077881821813512 0.10423372784547608 0.18143442186218736 0.09548476366099601 0.16893458186176216
0.09532040594700496 0.13305375620061674 0.12566796736973265 0.15966450744074007 0.08968946252859031 0.1738923824421291 0.08351681927669481 0.13919469879449134
0.12226031316352776 0.07635801404626516 0.15697079328119648 0.0916296168555182 0.15146268159643578 0.14133772370905853 0.14544383627860033 0.11453702106939775
0.07149830790075198 0.12112705351623884 0.10796345346598492 0.14024273870034865 0.10826306673637848 0.1874929313387726 0.09512116190110605 0.16829128644041835
0.07859150687669793 0.1096029391232052 0.10250653535150543 0.13152352694784625 0.10692225718915696 0.2078061806158958 0.09864264521088469 0.1644044086848078
0.057939576373465855 0.10554635976310182 0.057661604287479386 0.08265457612630861 0.1388661707654111 0.29858695263665846 0.09343560779495755 0.16530915225261722
0.0907532088204054 0.07674623264573706 0.19413823706059688 0.13802805500141802 0.10730276968678444 0.11491526655832057 0.15389098072546156 0.12422524950127621
0.12156429683230556 0.09683439932321548 0.20733005112362995 0.11216804555066189 0.12966932587942923 0.10642364025584213 0.12505900003932005 0.1009512409955957
0.09257983001268576 0.07301125662416007 0.2564612624243785 0.13253800945621155 0.10082631308847916 0.07752913023604674 0.1477699896474478 0.11928420851059042
0.07020986827898908 0.12190818780401487 0.13643719309803817 0.14161523585508404 0.09844132018436039 0.16539783873866 0.09605207301475265 0.16993828302610084
0.10327429414043275 0.06826745601909767 0.23879373146644792 0.13653491203819534 0.09621242261450585 0.08673698741293401 0.1511497601725239 0.1190304361358626
0.07101305106118022 0.12151556250652859 0.1325772533004073 0.14184424725517594 0.09757987804419486 0.16904950864018262 0.09620740248611932 0.1702130967062111
0.07879676297654452 0.11003500941808324 0.10833323102702139 0.13204201130169987 0.1048648397738563 0.2018441228993948 0.09903150847627491 0.16505251412712482
0.06800527591016954 0.123925469576325 0.10189362147734875 0.13901865897623422 0.09746920520420818 0.2085744615612223 0.09429091652301105 0.16682239077148106
0.06727689328434179 0.1254735717516914 0.10044147222939874 0.13898778889339816 0.09585291082901498 0.21091203778629386 0.09426997855378311 0.16678534667207778
0.09149512583599442 0.07802212913438118 0.2180288788092902 0.13808620640615893 0.09750999687111542 0.09862426197542624 0.15395581520209062 0.12427758576554303
0.10487699079842897 0.06594537569239647 0.26992747852674576 0.13189075138479295 0.09300452932333551 0.073364710158361 0.1460084834215046 0.11498168069443487
0.05255429222872053 0.08957465135777007 0.10365989492070075 0.10475659065687265 0.11943084714041853 0.20209004859574226 0.11842049378602995 0.2095131813137453
0.09004074833287178 0.07532844581924258 0.21966317894099893 0.13785742153385516 0.10239174242588123 0.09694604642371078 0.15370073714296983 0.12407167938046965
0.1044463440677462 0.0831351923200619 0.19223189186972314 0.09638657753477428 0.14731845218465847 0.11753252775050824 0.14328512123079878 0.11566389304172914
0.10445309141146802 0.08261069793903772 0.18142270202056354 0.09494026820051435 0.1600200300311976 0.12148980329135928 0.14113508526524224 0.11392832184061721
0.09125653238775197 0.07213373713493014 0.248706712384014 0.132685282187182 0.10756658791256722 0.08030020627311323 0.14793418775197753 0.11941675396846381
0.08915512787939818 0.0706570937375095 0.27615358163509435 0.13141985507832543 0.09535846494000745 0.07245467619871082 0.14652333096046133 0.1182778695704929
0.11835212871602922 0.09384635187121032 0.24026576404391156 0.10923446763410286 0.12353947326519862 0.0946625140127732 0.12178827958608184 0.09831102087069256
0.11308781976626825 0.08223535069411365 0.19566605313281987 0.09340406923488359 0.15057431654469666 0.11409608522006785 0.13885142232528963 0.11208488308186032
0.07575142537042055 0.12036181703830132 0.12208257342775983 0.13829455248339775 0.10749017115086143 0.17626621412566004 0.09379978342352195 0.16595346298007727
0.0715542550683655 0.1251915586494525 0.10548816017916335 0.13900846914021125 0.09818449907772686 0.1994788897608575 0.09428400515596937 0.16681016296825346
0.09595113541075 0.07746031884911904 0.21992784748313235 0.13702083585541147 0.09741020714655901 0.09614289644188578 0.1527680065432722 0.12331875226987032
0.07486687570290455 0.12180751735486339 0.12883150221100895 0.14084153338528843 0.097354564253045 0.17176086612573915 0.09552730090480434 0.16900984006234612
0.1407362244143986 0.0920358189402778 0.19041205868402242 0.11044298272833339 0.12944110601304143 0.11838326138713952 0.12226492186449603 0.09628362596829064
0.07895801442225492 0.12148435550824128 0.12087125441711015 0.13825464243505517 0.10290597439738523 0.17784747389845826 0.09377271399942874 0.1659055709220662
0.10953099419813857 0.08707940012889903 0.16023798404477707 0.09659575344004995 0.148044235277315 0.13900065351964153 0.14359607526311904 0.11591490412805994
0.07837910088334188 0.12037070223254918 0.11365673175374001 0.13762679095033264 0.10649518673106763 0.1849724714031266 0.09334686690544301 0.16515214914039913
0.09953091553438748 0.0765621447460556 0.22240348762566814 0.13594012758469173 0.09855420001790396 0.09309991219377992 0.15156309747129065 0.12234611482622258
0.10015850949774478 0.07092066277409383 0.2649890391315721 0.13125078643609847 0.09358738929400796 0.07463307303255291 0.14633483204144115 0.11812570779248864
0.09878257471785123 0.06942703619489903 0.2807778832733068 0.1291411422802628 0.09119002581350062 0.07047157342412756 0.1439827362438154 0.11622702805223653
0.11465444170751561 0.08064834996824341 0.2095974411981402 0.09387965924245942 0.14073618361568774 0.10826991436283874 0.13955841881416356 0.1126555910909513
0.10224136580808861 0.07046477298936862 0.2580047839293695 0.12967457091256615 0.10170805847846806 0.07662186470010278 0.14457746936072674 0.11670711382130955
0.07842759687524543 0.12025554941887359 0.13725752708186367 0.13985115919119842 0.09791409244684367 0.16361711511381116 0.0948555688427259 0.1678213910294381
0.08023994900251456 0.10993541667545352 0.10937327535052657 0.1319225000105442 0.10491742257448093 0.1997664363653918 0.09894187500790817 0.16490312501318025
0.07398382800921438 0.12305388070148006 0.10202807157482957 0.13786371832250538 0.0970043266732797 0.2071221472607677 0.0935075654709167 0.16543646198700646
0.07307007126004747 0.1245785755916799 0.10037900740452863 0.13791116535196213 0.09530377624112261 0.20972425879393033 0.09353974693437432 0.16549339842235453
0.11569000263822496 0.0855238074082313 0.14790921217882497 0.09072221995581982 0.15236398991470432 0.1503844692200233 0.1440035237393965 0.11340277494477474
0.07904673505010233 0.1197781409260443 0.1105926059592229 0.13712554576609878 0.10712580269144274 0.18877362277685128 0.09300689191091918 0.16455065491931853
0.09971935446423501 0.07656225453465768 0.22109582095981692 0.13600621742559174 0.098751144414823 0.09382282980602644 0.15163678271181646 0.1224055956830326
0.10023371818355824 0.07094923270375124 0.2644950975142708 0.1313043780246538 0.09366504713594472 0.07478400355232477 0.14639458266330804 0.11817394022218844
0.09881272868060917 0.06944080157834964 0.28059819260280333 0.1291636858530558 0.09122078993444473 0.0705086134378639 0.14400787064512338 0.11624731726775023
0.07793386212288225 0.12014366391812235 0.1424205737352866 0.13985299028554354 0.09566362384589319 0.16130488694725129 0.09485681080236866 0.1678235883426522
0.07920176344059107 0.1219264778787511 0.10929725606425193 0.12988597991752343 0.10313464662129752 0.19678191624253802 0.09741448493814257 0.16235747489690427
0.05461564093840517 0.09047210687218799 0.07418169923968412 0.10020236621032295 0.11710786736156928 0.24974334689334116 0.11327224006384334 0.2004047324206459
0.09713280825419113 0.07523727480667117 0.20593342176410606 0.1373749543441744 0.10197993624360217 0.10554132344600822 0.15316282223148994 0.12363745890975697
0.07918285476117842 0.12076659777477658 0.12523515581281813 0.13984629870311563 0.09784130009210712 0.1744599622484131 0.09485227216385235 0.16781555844373877
0.10504736667661027 0.07620545168287976 0.23247719294480554 0.13522300909265889 0.09555160133082384 0.08791122271320341 0.14969742968336677 0.11788672587565134
0.12037275956776829 0.0815621512728347 0.1943376221319007 0.09432147442664288 0.14274836961204268 0.11325664691723288 0.14021520675960641 0.11318576931197144
0.10729541942133293 0.0705565167418677 0.2513552488617899 0.12967551122432494 0.10227354886307805 0.07755727704754875 0.1445785177381653 0.11670796010189248
0.08167304550626368 0.11993999350408488 0.13562142969957158 0.13942360196087822 0.09784582895877451 0.1636222045134733 0.0945655735039 0.16730832235305385
0.11789892745842487 0.08497010935869494 0.15906000246445617 0.09052862142977607 0.15289132712794404 0.13779401088177587 0.14369622449170802 0.11316077678722007
0.08223029085100197 0.11954665287956322 0.11308983273356948 0.1368650530507824 0.10723593705743456 0.18396395987139622 0.09283020989531328 0.16423806366093885
0.1026656310986457 0.07625850036977232 0.22156887098614997 0.13543374129873015 0.0984529749763061 0.09273139954907371 0.15099851455246482 0.12189036716885716
0.08096832004761649 0.12089647026554459 0.12888590034733147 0.13982216870303904 0.09713583961150637 0.1696687928522974 0.09483590572901777 0.16778660244364682
0.1178351751594309 0.08512612133429931 0.15700279723373098 0.09061990651651061 0.1527850889956082 0.13951490616000298 0.14384112145477873 0.11327488314563824
0.08220326948166551 0.11954496003235107 0.1126045617410144 0.1368438426258716 0.10719109860824162 0.1845838326657405 0.09281582369406943 0.1642126111510459
0.10267389044050503 0.07626897576724533 0.2213694576242173 0.1354522163212204 0.09845732749559627 0.09285202483830902 0.1510191128238084 0.12190699468909835
0.10368163526103057 0.07063350367941096 0.2639682049194382 0.13070415792148113 0.09328762233929191 0.0743657517091988 0.1457253820408155 0.117633742129333
0.10236615986995294 0.06913651370256464 0.27977755751553485 0.12858766624493825 0.09084339837810294 0.07019415289985154 0.14336565176861027 0.11572889962044444
0.13564205929958537 0.09169617090369805 0.23849168666309076 0.10673068668514961 0.12004224197834888 0.09234278577616908 0.11899675067732352 0.09605761801663464
0.08609826147022989 0.12054619887845608 0.13151581147273353 0.1369900536156978 0.1004669738026733 0.1670796435342033 0.09291499288716894 0.16438806433883735
0.10632619376595392 0.07587264486747919 0.23468511551286583 0.1346143180721175 0.09574294894096107 0.08637912297304598 0.14902358370214064 0.11735607216543577
0.08196067595712711 0.12071291112031812 0.13183561183277812 0.13962671685565897 0.09648701651476668 0.1671216691035045 0.09470333838905566 0.16755206022679076
0.10548496265586918 0.0760160941622267 0.23515905613856794 0.13488908839039107 0.09504023220586115 0.08648718518779162 0.14932776573946424 0.11759561551982811
0.07164020862619672 0.11155230828577568 0.08068242055939273 0.0851317016884866 0.14058114053903395 0.24391298023280833 0.09623583669133269 0.1702634033769732
0.12983226638488413 0.10538099126144526 0.16636346782120068 0.10870016540326273 0.1367289616506892 0.13397142614358562 0.1211925724719959 0.09783014886293644
0.11030228046253066 0.07781633581676727 0.23899455937227632 0.12948315649539868 0.1012478523046363 0.08125691813228897 0.14436405657024298 0.11653484084585881
0.10463073010376636 0.07374937151342419 0.26946504338575056 0.1286747424130876 0.09271340871608552 0.0714967004982317 0.14346273519787525 0.11580726817177883
0.10244782347289895 0.07260760424522604 0.28110965930539095 0.12751102766785655 0.09014957235220855 0.06924910795402135 0.14216528010132662 0.11475992490107087
0.092605026635355 0.1442435528873253 0.16264898505282271 0.1585944202652333 0.08139859605626698 0.13709814881632026 0.0806762920479665 0.14273497823870995
0.10689503572769615 0.07683743243004783 0.24744389588344537 0.13338150706261986 0.09085868546928208 0.0806433183400313 0.14765881123741392 0.11628131384946348
0.09747412799866051 0.15113178517544712 0.11152484855495601 0.11515452162752303 0.11306148102415874 0.19536300369277657 0.0781048059734504 0.13818542595302766
0.105300735066283 0.08533141589197826 0.21774879446971096 0.1325320775825656 0.09831908906910722 0.09372564204503629 0.1477633760510097 0.11927886982430905
0.12086799898513563 0.087014612614156 0.18898182322507648 0.0937816536473966 0.14308835387320223 0.11431484636351973 0.13941272691463732 0.1125379843768759
0.14188302582036683 0.09881505106899743 0.20397309482651071 0.1059219766593232 0.13413925292562254 0.10184272035576696 0.11809509935002153 0.09532977899339086
0.11205304970646143 0.07591665056139761 0.25339618421516646 0.127564607525057 0.09933529899179024 0.07470104458396755 0.14222501764360831 0.1148081467725513
0.10482493746053374 0.07309181797518234 0.27472888848034155 0.12787948563323442 0.0918061303046462 0.07000111984029073 0.14257608323585985 0.11509153706991096
0.09342424739052674 0.14438519826801036 0.16102438268931846 0.15862138156208522 0.08172351066185336 0.13737202887987715 0.08069000714245206 0.1427592434058767
0.0823095816536226 0.12500416982143636 0.11375122331516481 0.13018028994593261 0.10020348386011148 0.18819067151186675 0.09763521745944947 0.16272536243241575
0.07599427418209112 0.13424986624095028 0.10201006788477761 0.1360189250923091 0.0950564302431144 0.20119141183555092 0.09225631441043573 0.16322271011077089
0.10167871359689265 0.08433444328797103 0.21597116970650668 0.1348643137045253 0.09568701541049363 0.09572281668001485 0.15036364527952298 0.12137788233407276
0.0808496348634949 0.1282760771340988 0.1268467155579707 0.1385168430230124 0.09581228216889776 0.16952768122669348 0.09395055439821712 0.16622021162761486
0.10541981649677043 0.0766977976414021 0.23317227292398918 0.13515255458162695 0.09507229056295811 0.08704053015553638 0.14961943364347793 0.11782530399423888
0.0971441248253856 0.15093893954339085 0.10868139889123 0.1150585538786912 0.11401305598801746 0.19805394741417803 0.07803971480467749 0.1380702646544294
0.10540380035146456 0.08536738193559629 0.2165371072150099 0.1326171585676053 0.09859517078899913 0.09426570343047835 0.14785823500000173 0.11935544271084476
0.10474931184732364 0.07531655227641262 0.26114955006479595 0.12986922874367854 0.09294162105893376 0.07429693182383165 0.14479449831571323 0.11688230586931067
0.10309910281166176 0.07299880495491856 0.27800226223515656 0.1278818395575727 0.09044061518723917 0.06990501196580473 0.14257870768583106 0.11509365560181542
0.10213888770796076 0.07228744870009016 0.28424684189716365 0.12708323594145626 0.08940936011276908 0.06877098904210346 0.141688324251146 0.11437491234731062
0.1017061333888341 0.07204271151841135 0.2865527707467671 0.12678781428758215 0.08900797557397121 0.06843461047214168 0.14135895115346844 0.11410903285882393
0.08080537571111433 0.1255154811033791 0.14296221224949218 0.1381092910469415 0.09429207416761526 0.15891028862459358 0.09367412784053424 0.1657311492563298
0.0959912603434483 0.14743153447642712 0.131691042713531 0.15625829590322032 0.08628745099372219 0.164380125899518 0.08173510862629987 0.1362251810438331
0.07026990918781205 0.10637761788069472 0.06828669078795245 0.08283254520126158 0.1375029003685628 0.2696661919296793 0.09939905424151388 0.16566509040252317
0.07223672040442114 0.12756364729587916 0.08992138666616138 0.13260348580555797 0.10089289946638827 0.22771792180506562 0.08993975558985672 0.15912418296666958
0.10096338872368156 0.08365101761668536 0.21058668026942987 0.13500619249356224 0.0971436226001733 0.10062169551093197 0.15052182954132984 0.12150557324420601
0.08066418672166437 0.12804437484570638 0.12554571737792602 0.13842059605271917 0.0960584646293798 0.1712766712648883 0.093885273844453 0.16610471526326298
0.10541215213805132 0.07670769693178223 0.23262777874385251 0.1351966107773871 0.09516035063171728 0.08736349315423185 0.14966820566320427 0.11786371195977338
0.08161181047151446 0.12674667130463813 0.1307300618648734 0.13852912942828638 0.09575698663001589 0.16643149720058592 0.09395888778614209 0.16623495531394367
0.10545460383780528 0.07647841880352875 0.2347311687942179 0.1349520073375694 0.09492823334082856 0.08640768035033071 0.1493974196004024 0.1176504679353169
0.07190222011532607 0.11161139221411429 0.08061614474399292 0.08510687413917467 0.140519871035563 0.24382197870745628 0.09620777076602353 0.17021374827834934
0.07290714585329534 0.12925575360202 0.09307922238800939 0.13330370554686913 0.10200636357190812 0.21906867514117004 0.09041468724048515 0.15996444665624296
0.10109157252793136 0.08380563180225858 0.21195491796098392 0.13493353150646756 0.0973131730816476 0.09902017680170927 0.15044081796318096 0.1214401783558208
0.10407492396369036 0.07533744166441404 0.25961384436045293 0.1302730503510179 0.09291733319545296 0.07529293187709984 0.1452447292719558 0.11724574531591614
0.10306027328773111 0.07304988653628892 0.2774529645250262 0.12797266942371488 0.09049291064476582 0.07011591689289857 0.14267997620823136 0.11517540248134338
0.11940334590302978 0.08447969036772923 0.20741566605177877 0.09281588927537579 0.13932386471943645 0.10720542324134195 0.13797705331085713 0.11137906713045094
0.08303429606798814 0.12633757502553417 0.12369712503277566 0.13595104251401416 0.10398256938278973 0.17164586864622797 0.09221027231385308 0.16314125101681698
0.11622052194650506 0.09365220923129458 0.15900197385163878 0.09470125219712326 0.14626390822911173 0.13573885998489116 0.1407797719228877 0.11364150263654792
0.10815071697446951 0.07677327376394226 0.23657110580969423 0.13029089679154093 0.10374721333969651 0.0819403594869547 0.14526462672131504 0.11726180711238685
0.0820536107510497 0.12660123443876461 0.1315860955998861 0.13829259867610336 0.09752908787321157 0.16418779601717298 0.09379845823248752 0.16595111841132404
0.11810078288729305 0.08554968962615207 0.15785045721935548 0.09058466847359435 0.15287994010973324 0.1380184380385545 0.14378518805332435 0.11323083559199291
0.08248888522715477 0.12611741921456202 0.11206468403545818 0.13551595376537673 0.10650990517561973 0.18276883942251232 0.09191516864086421 0.16261914451845205
0.11611897325407977 0.09365759717062828 0.15514636036803414 0.09472960718697888 0.14714204588703123 0.13870796398912522 0.14082192351974773 0.11367552862437466
0.10826190484692591 0.07686136490950123 0.23501497079247585 0.13043965260944926 0.10405205917016129 0.08254388196587996 0.14543047835710238 0.11739568734850432
0.10474096045431994 0.07372028696822984 0.26793156186854994 0.128829014745796 0.09340207332137482 0.0717952520345285 0.14363473733598447 0.1159461132712164
0.08148514048742408 0.12599807406855618 0.138789864403534 0.13829386266910085 0.09532780581837502 0.1603533018006118 0.09379931554947712 0.16595263520292103
0.11790687590937284 0.08546875241526955 0.16013677082221567 0.09054818257395326 0.15207715687065698 0.13694975926418013 0.14372727392690993 0.11318522821744156
0.09727147841623822 0.14873514622486472 0.092611015004772 0.11147704756461892 0.1254255783990595 0.2150967580951625 0.07561051921774152 0.1337724570775427
0.0773590688710938 0.13671920097433024 0.09567259349095153 0.13305541956225628 0.09880773705936569 0.20847319199463418 0.09024628457266078 0.1596665034747075
0.10211384695935279 0.08468227820850224 0.21303344176832467 0.1348446750347938 0.09654318664026407 0.0970806142291032 0.15034174962834473 0.12136020753131442
0.09324031947570506 0.14774550134399025 0.1452610842934083 0.15944849536042952 0.08287969697490387 0.14681050039165333 0.08111075633552285 0.14350364582438657
0.1211910075546707 0.08726621100518107 0.16237473076656084 0.09061857540139448 0.14797875984978087 0.13345848759702697 0.143839008573642 0.1132732192517431
0.08313005237256352 0.12658117483861886 0.11317355733872576 0.13563675234571607 0.10553921385531508 0.18117804484319414 0.09199710159100742 0.16276410281485926
0.10295806326234046 0.08296461776195325 0.22026660869078202 0.13417272354347234 0.09747917206876575 0.09181078962240595 0.149592573861155 0.12075545118912512
0.08116817904599954 0.1280073315247754 0.127861687338454 0.13851320454499358 0.09621891066188384 0.16806675486894904 0.09394808656095217 0.16621584545399226
0.10545896753830283 0.07664765537094377 0.23357508287744308 0.13509661581183044 0.09512326632294137 0.0867643680911068 0.14955750712583588 0.11777653686159577
0.0816546227274671 0.12673313579675072 0.1309490362281557 0.13852480051341487 0.0957497071871555 0.16620298527838137 0.09395595165257703 0.16622976061609782
0.07986851711023771 0.12256933579480017 0.10670135262478438 0.1297711674667298 0.10307157111567694 0.1984757209543115 0.09732837560004733 0.1622139593334122
0.08863156232501676 0.15677040326090586 0.08211820290527332 0.11117053434905753 0.11213038000761222 0.24037165263564367 0.07540262329762162 0.13340464121886905
0.11638728108056169 0.09688154193372228 0.1432771737605541 0.0931858000651245 0.14731324183863254 0.15260505069868227 0.13852695054457315 0.1118229600781494
0.0819404443211975 0.12805971063473653 0.10845004463776595 0.13508943155052563 0.10497998764062383 0.1877471880419895 0.09162587531253044 0.16210731786063073
0.07596441204819869 0.13483437907894433 0.10081268343734193 0.13597224723261714 0.09604423467140259 0.20098069220762313 0.09222465464473165 0.16316669667914058
0.10176901809379237 0.08443045103143537 0.21545478889689992 0.13489794066443345 0.09592568480042307 0.09571283308467972 0.15040113683034592 0.1214081465979901
0.08093429138000527 0.1282909348630625 0.1267285644262252 0.1385096634608598 0.09586075244655279 0.16951851248811425 0.09394568478214839 0.16621159615303177
0.0796925251268681 0.12268093266313482 0.10571205474138338 0.1297048806026327 0.10303981001386932 0.19976003564684647 0.09727866045197453 0.16213110075329085
0.0878821139025198 0.16327908208495204 0.08130927378777685 0.11011736123613336 0.11125631439037152 0.23932672392863946 0.07468829718624696 0.13214083348336003
0.10351677433777462 0.09271331919855265 0.20383168267605303 0.13254992029522844 0.0982921952282453 0.1020179106543574 0.147783269344083 0.11929492826570559
0.12045727389948295 0.09134945145260659 0.1841981332922887 0.09353711342175475 0.14286873414960247 0.1162955562332818 0.1390492014448772 0.1122445361061057
0.10799196377450798 0.0785830041303215 0.24596101808665907 0.12862067950223696 0.10193605703861855 0.0777462068288202 0.1434024590868224 0.11575861155201328
0.12076993884249915 0.08814642565453061 0.1970545323901041 0.092739311073554 0.14298232761904606 0.1091570764614642 0.13786321467053697 0.1112871732882648
0.12309490036400302 0.08893186922624374 0.17943367392929996 0.09153663475502856 0.15486031099583678 0.1162232934772724 0.13607535554628125 0.10984396170603425
0.10858233983804884 0.07816357421634024 0.24370891739133393 0.1284861824148745 0.10445907347860156 0.07770984361590473 0.14325250487150934 0.11563756417338705
0.10423570218869008 0.07591384937655989 0.2707372648250927 0.12789551883132808 0.09295731662611721 0.0705604221487899 0.14259395905522695 0.11510596694819528
0.13642568299581462 0.09985995137443117 0.23393999286152886 0.10561547633326822 0.11969088750073086 0.09166070587465604 0.11775337435962889 0.09505392869994139
0.1097178862514915 0.07839490211003781 0.2647592784186722 0.1259497119896507 0.09524605443413232 0.07215289636910739 0.14042452963622248 0.11335474079068562
0.10376991038054655 0.07540296434562548 0.2786337516860042 0.12691995635297937 0.0904067931128236 0.06913238370930132 0.14150627969503818 0.11422796071768145
0.08094935766893332 0.12985541784912027 0.14077444100050693 0.1374589164693544 0.09423502655786327 0.1585431364769996 0.09323300421399691 0.16495069976322527
0.07896094718700072 0.13269301114409052 0.10794566552009938 0.12818266913557352 0.10175471391322694 0.19409765482886177 0.09613700185168014 0.1602283364194669
0.11463321468940497 0.09914570763502137 0.15309510539030888 0.09411036736559605 0.14496108553613596 0.14122069661028958 0.13990138193452786 0.11293244083871525
0.09370152660253475 0.07013548565598572 0.2032837272531421 0.1130701861351156 0.11995515454800033 0.09608327048700059 0.16808642595608228 0.13568422336213873
0.07933659077305179 0.1289170907158519 0.12381085566958981 0.13817963936131314 0.10087106564798251 0.16934734824922254 0.0937218423494124 0.16581556723357577
0.10405193451799788 0.08709942861797956 0.22985626395083417 0.1333387253830048 0.09530377789428986 0.08649440247587352 0.1476114501594518 0.1162440170005683
0.08097260107030278 0.13294262388498795 0.12955545010308214 0.13760412065864244 0.09527530716140735 0.1651934617975185 0.09333149053368792 0.1651249447903709
0.10424904448336365 0.08756856273518192 0.2322200003657498 0.13307119267561893 0.09392932685809034 0.0856358090688659 0.1473152804548976 0.11601078335823188
0.07142019639239776 0.1173146109309706 0.07999316136504173 0.0846061954048421 0.13956050909291348 0.2422511498943285 0.0956417861098215 0.1692123908096842
0.10002050478547962 0.08567478083646045 0.20420979957365035 0.1334445594984882 0.10492889483375104 0.10284063163193291 0.14878072529159805 0.12010010354863941
0.10375824852704611 0.07821575517571731 0.2560059370473656 0.12993749908394933 0.09441041471550993 0.07585778162454362 0.14487061465031364 0.1169437491755544
0.0809983875897525 0.13071356068233267 0.13564503919521936 0.13765699625895325 0.09517064165783552 0.1612596251208293 0.09336735398433352 0.1651883955107439
0.10405319367656776 0.0870471677390732 0.23473847554153177 0.1328109122521968 0.09372519797896124 0.08481404126499417 0.14702713932681122 0.11578387221986386
0.12018727698548111 0.09001935689158447 0.19394967471373906 0.09317623261901185 0.14090813068999308 0.11143512106403919 0.13851272789333702 0.11181147914281424
0.14132989940501614 0.10262521017843539 0.20506476970145415 0.1052497782822412 0.13294153115225177 0.10071836250295113 0.11734564832363309 0.09472480045401707
0.09935702432907166 0.15483102267636467 0.14079264867936334 0.15462093355591885 0.08784863194022949 0.14473590198375758 0.07865499663496743 0.13915884020032696
0.12099023695637501 0.10132473936157298 0.15877282131374026 0.08869897991216386 0.14731403240526264 0.13123343355407135 0.14079203160660927 0.1108737248902048
0.08260612812832495 0.13419378716577474 0.1117487665006779 0.1345797547405989 0.10480662294912597 0.17928905335054657 0.0912801814762323 0.16149570568871868
0.10505140446182869 0.08811841364818601 0.22442562939613134 0.13350579043192776 0.09633968434903079 0.08837301622326067 0.1477963980361593 0.11638966345347548
0.07143891833939836 0.11726678463907834 0.07878692225518649 0.08448745615601312 0.14011425639584638 0.24342319076956676 0.09550755913288439 0.16897491231202624
0.10005171098385134 0.08569060765441854 0.20367799847119747 0.13347583190897333 0.1050803114196109 0.10307969914834529 0.14881559169552697 0.120128248718076
0.1037825388398613 0.07823116345657241 0.255799015609802 0.129959801571146 0.09445756465006824 0.0759106141993455 0.14489548025917323 0.11696382141403142
0.10290615651645682 0.07576845985876288 0.2756216643753265 0.12766573335456385 0.09068853832061065 0.07011252215836711 0.14233776539680476 0.11489916001910747
0.10202396506906837 0.0748774867085059 0.28299906463522434 0.12674125574949585 0.0893083775943479 0.06867567821079126 0.14130704185802 0.11406713017454626
0.08062510362368788 0.12970148380202126 0.14175573350357445 0.13743784874714599 0.09398636407984438 0.15834933294473882 0.09321871480241206 0.16492541849657516
0.1037568733986538 0.08671687922836431 0.23725322347787514 0.13254112777205707 0.09329008598666873 0.08416465782553781 0.14672847681725484 0.1155486754935882
0.08091041919534253 0.13282036411762735 0.13122756476007405 0.13756060845669474 0.09482770188618277 0.16427863352628677 0.09330197790975817 0.16507273014803364
0.1392087170663045 0.11692598599516388 0.18673867719240103 0.10663220682438362 0.12532008090447813 0.11416668465049916 0.11804623628910194 0.09296141107766777
0.08550427276443102 0.1409893896545254 0.11760124197328478 0.13354209666478062 0.09959770935820951 0.17193839497961566 0.09057637860741641 0.1602505159977367
0.10552376952496431 0.08899993934152894 0.22679018696414358 0.13318387582754787 0.09500865120254703 0.08694453185089324 0.14744002533615388 0.1161090199522212
0.08103266404992567 0.1356863113107222 0.12860209772310613 0.13715976127697885 0.09496574393542047 0.16493160921839078 0.09303009895308131 0.16459171353237462
0.11649742459924321 0.09832817991628952 0.1553693583118498 0.08920451293310044 0.1503740116163962 0.1371264064835701 0.1415944649731753 0.11150564116637554
0.08153926656028561 0.13583245406392283 0.11065060489803834 0.1340565780442178 0.10514801214427161 0.1809798594409938 0.09092533119520861 0.16086789365306134
0.07808519816019122 0.13937954892115065 0.10009869524151425 0.12631433622855848 0.10300977089734321 0.20048377809412518 0.09473575217141884 0.15789292028569807
0.07413824275739664 0.14658676611657726 0.09752290629964433 0.13352166739428784 0.09423771448730024 0.20320417983900088 0.09056252223264741 0.1602260008731454
0.10352394207277693 0.09057507362812588 0.21860131320714538 0.13420947141494213 0.09457999594966511 0.09293167299089827 0.14857540181059933 0.117003128925847
0.10350470583594905 0.16138450506210375 0.11701993071478449 0.1194767959916864 0.12680539330104032 0.21051499450565933 0.0896075969937648 0.07168607759501183
0.08976769954557559 0.17497970164269966 0.08069607887191341 0.10543753307702651 0.11350457213365965 0.23757522216705784 0.07151415286963536 0.1265250396924318
0.10347341192789387 0.09740736189907162 0.2025112702725135 0.13162270908573934 0.09834882859454193 0.10142648200270538 0.14674949804036908 0.11846043817716541
0.1070274791550932 0.07991154596804503 0.2612802970572855 0.12971562668901815 0.09224132736511866 0.07313777465595402 0.1436005309703416 0.11308541813914401
0.12024822713030434 0.08975111762224144 0.2018499084158226 0.09246791497870484 0.13955508144775688 0.10770648628327624 0.1374597661474478 0.1109614979744458
0.08262701633411361 0.13400334496465438 0.12170593155647698 0.1347037225124688 0.10333673628545015 0.17061451736689462 0.09136426396497883 0.16164446701496255
0.10473091877745146 0.0878126581203343 0.22859978761793717 0.13308897511885437 0.09572471872174616 0.08668168929208109 0.14733496635054288 0.11602628600105253
0.0808929633063114 0.13534445857362049 0.12901765477117977 0.13716064455419266 0.09512405991701821 0.16483674736719398 0.0930306980454524 0.16459277346503118
0.10422881266719292 0.08794748774123931 0.23195724925648406 0.13305670840492861 0.09389536226688652 0.08561697784610832 0.1472992457718379 0.11599815604532238
0.08081059218799952 0.1353971965660856 0.1297876241267384 0.13717342794675802 0.09473793314057177 0.1644457439753273 0.09303936852040981 0.16460811353610963
0.07830746438943147 0.13988192977527752 0.10475170635100725 0.12696579821845771 0.10107844436222639 0.1950830604666843 0.09522434866384329 0.15870724777307213
0.06361939428265803 0.1258374391775487 0.05894609443500995 0.07987901664585353 0.1341193499794692 0.2875426533707017 0.09029801881705182 0.15975803329170707
0.06988731013205138 0.13957707877535278 0.08633820768501754 0.12996911676644532 0.09865018226777626 0.23146219809898985 0.08815296615463249 0.15596294011973438
0.09971933593665958 0.09305502083627516 0.20742093464022612 0.13361911426604736 0.09602771207792112 0.10092533857247658 0.1489753408309513 0.12025720283944263
0.0829420723506712 0.13106846817594395 0.1235759053608165 0.1287812569794084 0.1028197642312794 0.17325001894306374 0.0965859427345563 0.16097657122426048
0.07535002711426146 0.1467509316258904 0.10318055907222058 0.13416238795227686 0.09464336577583926 0.1939207650013219 0.09099709791545736 0.16099486554273224
0.10364938168049746 0.09044507767679152 0.2210183680270573 0.13399984524987582 0.09450685735608678 0.09121675507078325 0.14834333702875954 0.11682037791014815
0.09565375140854052 0.16287943422171036 0.10525297089022594 0.11337851560873957 0.11244038561294775 0.19744051294055126 0.07690021058679726 0.13605421873048748
