Action: 0
[0.13852092082641737, 0.09067218406331914, 0.24286743850337478, 0.090619344187115, 0.15748009828038095, 0.09860132576516273, 0.090619344187115, 0.090619344187115]
[0.11012685250698627, 0.15385961674842968, 0.2395332278446938, 0.08645653302920543, 0.12353604945607562, 0.11357465435619843, 0.08645653302920543, 0.08645653302920543]
[0.13910471016766005, 0.08888208366761252, 0.17923387149881326, 0.08882343646770385, 0.12416346924819506, 0.20214555601460754, 0.08882343646770385, 0.08882343646770385]
[0.125, 0.125, 0.125, 0.125, 0.125, 0.125, 0.125, 0.125]
[0.1093056077499419, 0.09199250499931422, 0.27998361951821416, 0.09198306245868884, 0.14856115530608935, 0.09420792505037391, 0.09198306245868884, 0.09198306245868884]
[0.16429372481779142, 0.09519704580683115, 0.2645222239068544, 0.09519636334652899, 0.09520120565920237, 0.09519670976973374, 0.09519636334652899, 0.09519636334652899]
[0.125, 0.125, 0.125, 0.125, 0.125, 0.125, 0.125, 0.125]
[0.125, 0.125, 0.125, 0.125, 0.125, 0.125, 0.125, 0.125]

Action: 1
[0.09774511946220556, 0.09774511946220556, 0.09774511946220556, 0.09774511946220556, 0.10503073626444026, 0.3084985469623265, 0.09774511946220556, 0.09774511946220556]
[0.09660330295673036, 0.09660330295673036, 0.09660330295673036, 0.09660330295673036, 0.20795208804127718, 0.21242809421834066, 0.09660330295673036, 0.09660330295673036]
[0.10050825456554638, 0.09568019606546684, 0.09361899609904134, 0.09361899609904134, 0.1958714308479045, 0.2334641341249168, 0.09361899609904134, 0.09361899609904134]
[0.125, 0.125, 0.125, 0.125, 0.125, 0.125, 0.125, 0.125]
[0.09446975809715023, 0.09447876499149215, 0.09446975809715023, 0.09446975809715023, 0.27471604053845183, 0.15845640398430497, 0.09446975809715023, 0.09446975809715023]
[0.09514508746895516, 0.09514508746895516, 0.09514508746895516, 0.09514508746895516, 0.13416059606327135, 0.29496887912299774, 0.09514508746895516, 0.09514508746895516]
[0.125, 0.125, 0.125, 0.125, 0.125, 0.125, 0.125, 0.125]
[0.125, 0.125, 0.125, 0.125, 0.125, 0.125, 0.125, 0.125]

