Action: 0
[0.09747859718700044, 0.0847706224820169, 0.3896392123899879, 0.08442275953632654, 0.09038903457947223, 0.08445425475254287, 0.08442275953632654, 0.08442275953632654]
[0.12430842207072129, 0.07841252419176675, 0.2710852543034199, 0.07841252419176675, 0.13413117847525835, 0.1568250483835335, 0.07841252419176675, 0.07841252419176675]
[0.1868708888267613, 0.07208637385613577, 0.26003162168443156, 0.07168154423915575, 0.12148078842318687, 0.14448569449201715, 0.07168154423915575, 0.07168154423915575]
[0.125, 0.125, 0.125, 0.125, 0.125, 0.125, 0.125, 0.125]
[0.10544767012257313, 0.19821078671977543, 0.2460971698061552, 0.07442385472669427, 0.08003691083858448, 0.14693589833282888, 0.07442385472669427, 0.07442385472669427]
[0.16532932283823884, 0.07707747063139492, 0.3062037989984339, 0.07621181201317648, 0.14163787027350472, 0.08111610121889815, 0.07621181201317648, 0.07621181201317648]
[0.125, 0.125, 0.125, 0.125, 0.125, 0.125, 0.125, 0.125]
[0.125, 0.125, 0.125, 0.125, 0.125, 0.125, 0.125, 0.125]

Action: 1
[0.1111111111111111, 0.2222222222222222, 0.1111111111111111, 0.1111111111111111, 0.1111111111111111, 0.1111111111111111, 0.1111111111111111, 0.1111111111111111]
[0.1111111111111111, 0.1111111111111111, 0.1111111111111111, 0.1111111111111111, 0.1111111111111111, 0.2222222222222222, 0.1111111111111111, 0.1111111111111111]
[0.08798612954813191, 0.08798612954813191, 0.08798612954813191, 0.08798612954813191, 0.15252535896094463, 0.31955786375026374, 0.08798612954813191, 0.08798612954813191]
[0.125, 0.125, 0.125, 0.125, 0.125, 0.125, 0.125, 0.125]
[0.15871007120074013, 0.08646037438224623, 0.08646037438224623, 0.08646037438224623, 0.17292074876449245, 0.23606730812353632, 0.08646037438224623, 0.08646037438224623]
[0.08472512533215605, 0.08472512533215605, 0.08472512533215605, 0.08472512533215605, 0.21024674699734902, 0.2814025010097147, 0.08472512533215605, 0.08472512533215605]
[0.125, 0.125, 0.125, 0.125, 0.125, 0.125, 0.125, 0.125]
[0.125, 0.125, 0.125, 0.125, 0.125, 0.125, 0.125, 0.125]

