Action: 0
[0.7371000000000001, 0.08189999999999999, 0.07289999999999998, 0.008099999999999996, 0.08189999999999999, 0.009099999999999997, 0.008099999999999994, 8.999999999999992E-4]
[0.69564, 0.12276000000000002, 0.05235999999999996, 0.009239999999999995, 0.09486, 0.016740000000000005, 0.007139999999999995, 0.0012599999999999994]
[0.7532960000000001, 0.06550399999999998, 0.093104, 0.008095999999999996, 0.06550399999999998, 0.0056959999999999945, 0.008095999999999996, 7.039999999999992E-4]
[0.71253, 0.10647000000000001, 0.07046999999999998, 0.010529999999999998, 0.07916999999999999, 0.011829999999999999, 0.007829999999999995, 0.0011699999999999994]
[0.69564, 0.09486, 0.05235999999999996, 0.0071399999999999944, 0.12276000000000004, 0.016740000000000005, 0.009239999999999995, 0.0012599999999999992]
[0.6544549999999999, 0.13404500000000003, 0.03444500000000003, 0.007055000000000008, 0.13404500000000003, 0.02745500000000001, 0.0070550000000000074, 0.0014450000000000018]
[0.7125300000000001, 0.07916999999999999, 0.07046999999999998, 0.007829999999999995, 0.10647000000000001, 0.011829999999999997, 0.010529999999999998, 0.0011699999999999994]
[0.671925, 0.11857500000000001, 0.05057499999999996, 0.008924999999999995, 0.11857500000000003, 0.02092500000000001, 0.008924999999999994, 0.0015749999999999994]

Action: 1
[0.48820403632, 0.18835366368, 0.07652012368000001, 0.02952217632000001, 0.13561916368000002, 0.05232313632000001, 0.021256676320000008, 0.008201023680000004]
[0.4453256808, 0.22941019919999997, 0.05917831920000001, 0.0304858008, 0.13725631920000003, 0.0707078008, 0.018239680800000005, 0.009396199200000002]
[0.500968435968, 0.17674860403200002, 0.09098292403199996, 0.03210003596799999, 0.12461652403199999, 0.043966435968000005, 0.02263211596799999, 0.007984924031999997]
[0.45843549751999996, 0.21812220247999994, 0.07185426248000001, 0.034188037520000006, 0.12734970248, 0.06059259751999999, 0.019960537520000005, 0.009497162480000002]
[0.41280983744000005, 0.17356777255999994, 0.05485736256000001, 0.023065027439999997, 0.20861096256, 0.08771142743999998, 0.027721837440000008, 0.01165577256]
[0.373922725176, 0.20814876482400002, 0.041131914824000006, 0.022896595176000005, 0.20481543482400003, 0.11401307517600004, 0.022529925176000005, 0.012541564824000005]
[0.425759334, 0.164261916, 0.06673266600000002, 0.02574608400000001, 0.198063866, 0.076414884, 0.031044134000000008, 0.011977116000000005]
[0.38700922260000004, 0.19936838739999999, 0.05142877740000001, 0.0264936126, 0.1955727774, 0.10074961259999998, 0.025989222600000007, 0.013388387400000002]

