Action: 0
[0.10214984260688735, 0.10185518349101363, 0.16109521357397896, 0.10185518349101363, 0.22747902636406547, 0.10185518349101363, 0.10185518349101363, 0.10185518349101363]
[0.2222222222222222, 0.1111111111111111, 0.1111111111111111, 0.1111111111111111, 0.1111111111111111, 0.1111111111111111, 0.1111111111111111, 0.1111111111111111]
[0.11550470522840532, 0.10264490086466685, 0.2677504151550593, 0.10264490086466685, 0.1035203752931994, 0.1026449008646684, 0.10264490086466685, 0.10264490086466685]
[0.125, 0.125, 0.125, 0.125, 0.125, 0.125, 0.125, 0.125]
[0.15507101460736913, 0.2033948211479026, 0.13300404564793214, 0.1016974105739513, 0.1017404763009909, 0.1016974105739513, 0.1016974105739513, 0.1016974105739513]
[0.165855086399582, 0.10366797734693643, 0.2119662041853657, 0.10366797734693643, 0.10383882268037009, 0.10366797734693643, 0.10366797734693643, 0.10366797734693643]
[0.125, 0.125, 0.125, 0.125, 0.125, 0.125, 0.125, 0.125]
[0.125, 0.125, 0.125, 0.125, 0.125, 0.125, 0.125, 0.125]

Action: 1
[0.10315084179010099, 0.10315084179010099, 0.10315084179010099, 0.10315084179010099, 0.11235328242112368, 0.26874166683827033, 0.10315084179010099, 0.10315084179010099]
[0.10471582512940031, 0.10471582512940031, 0.10471582512940031, 0.10471582512940031, 0.10471582512940031, 0.26698922409419784, 0.10471582512940031, 0.10471582512940031]
[0.1038444668233269, 0.1038444668233269, 0.1038444668233269, 0.1038444668233269, 0.10729377649833423, 0.26963942256170426, 0.1038444668233269, 0.1038444668233269]
[0.125, 0.125, 0.125, 0.125, 0.125, 0.125, 0.125, 0.125]
[0.10189465978934936, 0.10189465978934936, 0.10189465978934936, 0.10189465978934936, 0.12572863711055593, 0.26290340415334784, 0.10189465978934936, 0.10189465978934936]
[0.10171209358984987, 0.10171209358984987, 0.10171209358984987, 0.10171209358984987, 0.12872945033760363, 0.26099798812329705, 0.10171209358984987, 0.10171209358984987]
[0.125, 0.125, 0.125, 0.125, 0.125, 0.125, 0.125, 0.125]
[0.125, 0.125, 0.125, 0.125, 0.125, 0.125, 0.125, 0.125]

