0.125 0.125 0.125 0.125 0.125 0.125 0.125 0.125
0.07575757575757576 0.12626262626262627 0.09090909090909091 0.15151515151515152 0.0946969696969697 0.15782828282828282 0.11363636363636365 0.1893939393939394
0.10177458305186214 0.15883738584405618 0.08577218835579035 0.1429536472596506 0.11912803938304216 0.19854673230507025 0.10721523544473795 0.08577218835579035
0.08769198837691987 0.1551473640514736 0.07644942576449425 0.13525667635256675 0.10523038605230385 0.18617683686176836 0.0917393109173931 0.1623080116230801
0.09688065461928806 0.14955482954553673 0.10767947727278641 0.17946579545464406 0.08570633343387599 0.13038113344995506 0.09387441608396767 0.1564573601399461
0.08585196379499334 0.12388836938669671 0.08919962595842162 0.14866604326403604 0.10020144933440923 0.15486046173337087 0.11149953244802703 0.18583255408004504
0.07120260824970129 0.10412286428107952 0.056226346711782935 0.09371057785297157 0.1366008768863357 0.23826287688862008 0.11245269342356587 0.18742115570594314
0.07057379888001175 0.12486133648002078 0.08821724860001469 0.156076670600026 0.0846885586560141 0.18242968374386395 0.10586069832001764 0.18729200472003116
0.10704285045258018 0.07549986335800812 0.19174568471875075 0.15099972671601625 0.09026474389268759 0.08564343884190397 0.16716290462660321 0.13164078739345003
0.10548290909494727 0.1491576437658395 0.09528707026834991 0.13424187938925555 0.1215068509876516 0.21309710931846118 0.10068140954194166 0.08054512763355332
0.07714937045966305 0.12440268035965603 0.08789319808019176 0.15550335044957006 0.08437747015698409 0.17859807225822086 0.10547183769623011 0.18660402053948402
0.07887657862053794 0.11633178372390138 0.09085649458187785 0.13959814046868163 0.09434644809359488 0.20079427357404306 0.10469860535151124 0.17449767558585202
0.08073742004608282 0.1149831150793594 0.09012957084714583 0.13797973809523129 0.09417872832184149 0.2060319514198765 0.10348480357142348 0.1724746726190391
0.08212038492930912 0.11457468227183933 0.08978177125780083 0.13748961872620719 0.09386374130589104 0.2071905640565383 0.10311721404465539 0.17186202340775897
0.08293316587563483 0.11441662689326049 0.08964341798315865 0.13729995227191258 0.09372255621546777 0.20738437621674055 0.10297496420393443 0.1716249403398907
0.08250683962212622 0.11350465218024879 0.08896529225391744 0.13620558261629853 0.0930154478628162 0.21339102023199577 0.1021541869622239 0.17025697827037317
0.1011994219289288 0.139230373121022 0.0818278325508563 0.1253073358089198 0.11406982714939498 0.2692003060988362 0.09398050185668985 0.07518440148535188
0.07515980885022448 0.1373253142842796 0.08577109696715772 0.15174886386497136 0.08234025308847143 0.1826307099463407 0.10292531636058928 0.18209863663796563
0.14790959789929653 0.09786592587889807 0.1616748403449787 0.11743911105467769 0.1170915014858688 0.12562628505877005 0.13000992351189392 0.10238281476561645
0.09422689809517104 0.1598248173635797 0.07212030182766188 0.12759745707970951 0.11019677472558606 0.19637244021944628 0.08654436219319425 0.15311694849565138
0.1146441186228994 0.07240378770021104 0.19705985715169944 0.14480757540042208 0.08893043208035149 0.09560378883405758 0.16030793857922182 0.1262425016311372
0.08947636575998999 0.11454557299882094 0.11084649287615203 0.13745468759858512 0.0935376602793707 0.1792298452899111 0.10309101569893885 0.17181835949823138
0.07060897164031277 0.09506209209399931 0.061365386354494775 0.08555588288459938 0.13288644026647337 0.28074240152940233 0.10266705946151924 0.17111176576919876
0.07072903211639882 0.1279255505745608 0.08272029129763764 0.14635128460351274 0.08969354860168649 0.207694401724823 0.09926434955716518 0.17562154152421527
0.0966336769317786 0.13562554910197894 0.11184729452117188 0.1627506589223747 0.08212604267137721 0.18400047412369874 0.08513111389785755 0.14188518982976256
0.10435161986967473 0.1380021333559929 0.08925449357205618 0.12420192002039361 0.11852693536389969 0.25799030579045157 0.09315144001529523 0.07452115201223618
0.08524922925364156 0.15537025073923183 0.06737532919106237 0.11920250549187962 0.11172404621570975 0.2371852374889444 0.08085039502927487 0.14304300659025554
0.09804128925246974 0.08423221388232405 0.1807494169538153 0.14590615585428462 0.09714822729078756 0.0999326812390288 0.16267447525843376 0.13131554026885617
0.08634140369598392 0.11405720536041651 0.10812168000777522 0.1368686464324998 0.10009978431499406 0.18077398732333072 0.10265148482437488 0.17108580804062476
0.08241328605275197 0.111340466353431 0.09555936064453656 0.1336085596241172 0.10228495776348183 0.20757625031344706 0.1002064197180879 0.16701069953014647
0.08091838578001032 0.11009260327136963 0.09283937359957602 0.13211112392564353 0.10384852466492167 0.2159677409071917 0.09908334294423267 0.16513890490705443
0.07051876989172375 0.12810936928218467 0.08911425867721039 0.14435638731936531 0.0924512681001077 0.20431099315564386 0.09791128879052605 0.17322766478323837
0.10700487322038785 0.07077010468840479 0.20816132488661845 0.14154020937680958 0.09642178682243416 0.09601684223853678 0.15669083007933335 0.12339402868747502
0.12588411680801848 0.07661676181161828 0.17216399363309032 0.09194011417394193 0.15133522266388022 0.121197959027036 0.14593668916498717 0.11492514271742742
0.06404491273679043 0.10836429514722123 0.05812337117312721 0.08776599700605162 0.15178905866379383 0.25516663551494123 0.0992137357459714 0.17553199401210323
0.09386918797794734 0.07900349112502396 0.18666927469701153 0.14221389699633472 0.10655459983465294 0.10513915989880289 0.1585578821735254 0.12799250729670122
0.12289484851905137 0.07693470280351 0.16692841974068903 0.092321643364212 0.15496414580332138 0.12401189450964649 0.14654229105430475 0.11540205420526498
0.06296421402010101 0.10676685566578227 0.0632822222980472 0.08632007512950594 0.15097207895837159 0.25947518830539074 0.09757921536378933 0.1726401502590119
0.09262445637181015 0.07795656926930608 0.1938457140195916 0.14037472152163208 0.10534441554033253 0.10700953513672556 0.1565073387711331 0.12633724936946888
0.14632530578489486 0.09177658992194491 0.20153013636913705 0.11013190790633391 0.12866950667840546 0.10363357155637952 0.12192054924917713 0.09601243253372699
0.07406825319943355 0.12464345567945917 0.11740604892729474 0.14234376518512273 0.0998850569510536 0.17429469588384044 0.09654620595164848 0.17081251822214727
0.0800508662063968 0.11088478588860853 0.10102306062219589 0.13306174306633023 0.10403384052308678 0.20482221756072128 0.09979630729974767 0.16632717883291276
0.0687691951641492 0.12521789659693033 0.09762300528296203 0.1405673100580151 0.0942379978164295 0.20956251705950316 0.09534130595239285 0.1686807720696181
0.10541624234057956 0.06978993549855442 0.21652488383683882 0.13957987099710883 0.09653997220496605 0.0959434244715889 0.15452065490929426 0.12168501574106926
0.10699684807618996 0.1377182048808204 0.11561540555132374 0.12394638439273836 0.13009196049319993 0.21830357767553088 0.09295978829455377 0.074367830635643
0.06922124642513645 0.12601518153093103 0.0986572236569662 0.1376442840878544 0.09721819401753827 0.21271199756003842 0.09335873181610996 0.1651731409054253
0.09209418648903138 0.08521570849016875 0.21075207693358533 0.1387193595291138 0.0945830665080466 0.09912644478989951 0.15466173368395225 0.12484742357620243
0.10666025632746455 0.06687122462039441 0.26096771105825495 0.13374244924078882 0.09273769781611939 0.07436629048166037 0.1480583890659119 0.11659598138940562
0.07139749622900238 0.12752663954576948 0.13373606958727619 0.14220420335162054 0.09353751580011091 0.16450148484317656 0.09645154662109916 0.17064504402194464
0.10434751103382936 0.06864411243707878 0.23618205438243933 0.13728822487415757 0.09484769275044865 0.08701952567053879 0.1519837084483958 0.1196871704031117
0.08505702375615307 0.1526830680839097 0.10705753062099356 0.11843878260235677 0.11209409057109003 0.20221057356454858 0.08033239167812024 0.14212653912282813
0.12017695817400653 0.11412547744512955 0.17617684311901344 0.11125928970279447 0.12814628153555474 0.12593598420443775 0.12404580508654844 0.10013336073251501
0.07625623769786247 0.1336716856225887 0.11383317074346963 0.13778264983215274 0.09986936561877609 0.17979513080041143 0.09345257988615577 0.16533917979858326
0.09922892923239009 0.08476373941803345 0.218205885773139 0.13602311612134496 0.09544917565962335 0.09225272578977427 0.1516556234964846 0.12242080450921045
0.13330888795230575 0.10104478092653678 0.21564141147335572 0.10923682317425629 0.12153893780787196 0.09912511197127642 0.12179090583756634 0.09831314085683066
0.10827534050335504 0.07683663111630122 0.25616237230516503 0.12895917015369068 0.09519128035181415 0.07473210152865536 0.1437798509026969 0.11606325313832161
0.0807681801162168 0.1272280199331632 0.1353342267409264 0.1390776567534866 0.0943289302981241 0.16203886564718636 0.09433093240671266 0.1668931881041839
0.1191660320477005 0.07667556592533895 0.15989884607412905 0.09201067911040675 0.15228965018903692 0.1388971807647339 0.14604869700064563 0.11501334888800842
0.09705880544677292 0.147540201743765 0.09246859399183928 0.11232438682930372 0.12280607967219867 0.21682743183673256 0.07618523628422337 0.13478926419516446
0.1179898182697851 0.0958604627215666 0.1466649545651024 0.09359622414504057 0.1478178887334033 0.14661810908588863 0.1391370735051648 0.11231546897404869
0.14229778977373805 0.10149601481578559 0.18877857044308738 0.1073581026682192 0.13349184271450526 0.11025911450690934 0.11969627267635782 0.09662229240139726
0.11297977941192064 0.0769928417275149 0.24669617265461027 0.12897648222949368 0.09768299628536416 0.0767937411092807 0.14379915257527132 0.11607883400654431
0.12260180333889815 0.08562061013264302 0.19750715226621174 0.09352583639931412 0.13986731434837277 0.10961384244177595 0.13903243739360727 0.11223100367917696
0.09660979122857681 0.1464850106230354 0.13992708209542074 0.1574748752481296 0.08804489802650178 0.14962417068966613 0.08010678436535287 0.1417273877233166
0.12332560223730646 0.07658210948601753 0.1612218924148972 0.09189853138322103 0.15074247769676707 0.13548553781749306 0.14587068473527148 0.1148731642290263
0.09886368893221001 0.14741344478503657 0.09298446339858357 0.11220896538328098 0.12240983051329932 0.21536189809377476 0.07610695043387752 0.13465075845993718
0.10643055489749548 0.08537549459314595 0.2097243987305236 0.13334359163006756 0.0986825459772072 0.09776602805127481 0.14866815365322458 0.12000923246706081
0.10547408040108881 0.07565947731000705 0.25853610687795286 0.13053144852919105 0.09160049440704486 0.07518726484127057 0.1455328239571727 0.11747830367627195
0.12076010206297881 0.08540685500461156 0.20191514268828417 0.0935016933961814 0.13803642361640597 0.10918120395821487 0.1389965471979055 0.11220203207541768
0.12389846135213743 0.0859461523415066 0.1819488715929658 0.09241643731137282 0.1504907221751931 0.11701638931567342 0.1373832411375035 0.11089972477364739
0.09677882533188727 0.14621353618355148 0.13602904850072448 0.15700479775354262 0.0909807704560985 0.15182104580833572 0.07986765798767169 0.14130431797818835
0.12334130931246057 0.07654805146887665 0.15993236347677517 0.09185766176265198 0.15166345662518868 0.13602926782906227 0.1458058123216698 0.11482207720331498
0.083653877448476 0.12462416630948371 0.11273822103649256 0.13597066137814404 0.10520205910647762 0.18242264204545552 0.0922235790216977 0.16316479365377284
0.0764367613073757 0.13444376303894176 0.1019373281534188 0.1363387679757444 0.09541384913551984 0.19934975749542744 0.09247325132267882 0.16360652157089328
0.07442883701412352 0.14235593369180194 0.09861567035538733 0.13484359406916738 0.09252754927324153 0.20395696934462493 0.09145913336865266 0.16181231288300083
0.10110742677679432 0.08992172659857574 0.21377371258813824 0.13432958813099108 0.09411986264524905 0.09608358777243374 0.14976746616992587 0.12089662931789197
0.1038801886293956 0.07878664815741489 0.25994906778399696 0.12985726368922637 0.09125424959373517 0.07461988665301368 0.1447811581729136 0.11687153732030374
0.08108274553355745 0.13098237411622718 0.13658834316107632 0.1378105123376498 0.09377668656333604 0.16091524554961095 0.09347147793336247 0.16537261480517976
0.10155549194153571 0.08710829456520897 0.2294667177260034 0.13286263029091527 0.09374685799005139 0.08755172257175456 0.14813191765270703 0.11957636726182375
0.10338541165020045 0.07789096833815916 0.265869634969875 0.1290348551119194 0.09106671890099412 0.07275680744513362 0.14386423398299075 0.11613136960072747
0.10251647519099294 0.07549753122103244 0.27945704928189724 0.12728845234783506 0.08938272966286577 0.06938102995272369 0.14191712522960115 0.11455960711305156
0.10184045512627238 0.07477107088435812 0.2844833698891577 0.12663438355169518 0.08862201521998732 0.06848987279899423 0.14118788733300938 0.11397094519652566
0.10151307726074926 0.07452938398565419 0.2863426286628052 0.12639655850330925 0.08831621028781537 0.06822250849449117 0.140922730152197 0.11375690265297833
0.080542950511186 0.12963359270844754 0.1425294940745723 0.1374675993117902 0.09343248278270883 0.15819386799088928 0.09323889344625769 0.1649611191741482
0.1326517047055176 0.1136466227124243 0.18990049654004912 0.10859130709520795 0.12251140323959424 0.11389508573925064 0.12107120358226918 0.09773217638568717
0.11048000951098692 0.08176543854918804 0.24787582944095746 0.1280336982231844 0.09681064323473773 0.07705603387482761 0.14274801876525184 0.11523032840086593
0.1214962980955913 0.08875938316513905 0.1977893028730878 0.09279270295426628 0.14083937922753748 0.1090291048520209 0.13794258528723763 0.11135124354511952
0.10780604935266222 0.07786659613965496 0.2513561919955474 0.1281031416684183 0.10055592754019615 0.07619382277760349 0.142825443024341 0.11529282750157648
0.10386305910490327 0.0757291449106793 0.2737396568644089 0.12766576517708686 0.09159299597104775 0.07017238843595273 0.1423378008765431 0.11489918865937818
0.10232151255377589 0.07493355613270354 0.2823214433896085 0.12685843164172514 0.08921735204575042 0.06873743152549788 0.14143768423338607 0.11417258847755261
0.1356082656621695 0.09948576586829327 0.2379732156359061 0.10541975354545956 0.11800874461009175 0.09109131842976578 0.11753515805740042 0.09487777819091359
0.10944272034125208 0.07828109532109853 0.26640927972785944 0.12587398283524515 0.09436755364980626 0.07199868629252809 0.14034009728048974 0.11328658455172064
0.10369220579348987 0.07537911307467642 0.2793228862740883 0.12692014768805368 0.08985542361216889 0.06909559761890721 0.1415064930193673 0.11422813291924831
0.1020887711016705 0.07473356480671062 0.2843874989679517 0.1265931952714292 0.08869606399864709 0.06842506463503961 0.14114196547426508 0.11393387574428629
0.1188004747549324 0.08716315544772293 0.20929005392988706 0.09239537631958787 0.1377501981095416 0.10637435729615176 0.13735193255867092 0.11087445158350545
0.1068153736986831 0.07735321440671472 0.2559032984594358 0.1276509896828942 0.09958299477596928 0.07548691095853095 0.1423213273031671 0.11488589071460477
0.10348647551647355 0.07553845942119028 0.27546138779390894 0.12746565423758346 0.0912629522749979 0.06995128982937178 0.14211469211264902 0.11471908881382513
0.09280457927338256 0.14902332736002574 0.16062795050589182 0.1577355445606878 0.08092603352321805 0.13668118896086864 0.0802393857113064 0.141961990104619
0.10819521458970886 0.06775786072124979 0.2473676671496131 0.13551572144249957 0.09154387762936912 0.08145627317922695 0.150021474287179 0.11814191100115348
0.07243339666992978 0.11335644855884834 0.08250243784410186 0.08510008374759595 0.13901502940798025 0.24119234160515654 0.09620009467119542 0.1702001674951919
0.12987141485341033 0.11013644504219952 0.16629842240018158 0.10805582835295592 0.13500617833757508 0.13290728075025882 0.12047418474575831 0.09725024551766033
0.12572097149523034 0.09296459683227933 0.16940873155628144 0.09158076416994426 0.15171860783891863 0.12256845421794353 0.1361409568854694 0.10989691700393313
0.10958721396095333 0.07908273912628946 0.23981003037233992 0.12898823471557155 0.10355886991094383 0.07907124494969042 0.14381225572019693 0.1160894112440144
0.10464574822055123 0.07619264716844155 0.26934026420790214 0.12815439977786564 0.09253344673635085 0.07091194209766685 0.14288259199114273 0.11533895980007906
0.13666292798485916 0.10000577052148125 0.23355502999687533 0.10572508551249862 0.11920660474293118 0.0918164238654245 0.1178755804146813 0.09515257696124875
0.10983350415857256 0.07846750431120558 0.2646952581327569 0.12605391907561944 0.09473921391090324 0.07222136048245528 0.14054071276042943 0.1134485271680575
0.08200785256349027 0.13059918471946202 0.13755517927510305 0.1373885890604546 0.094750123862822 0.15964745976164024 0.09318530388448226 0.16486630687254553
0.13318611281371828 0.11391211779883723 0.18807755544942062 0.10865365750366927 0.12294442463402958 0.11429712041233483 0.12114071963468796 0.09778829175330234
0.08484142688748081 0.13753111448809077 0.11842116022253767 0.1345310762301802 0.09910297246234305 0.1728877934857246 0.09124716474742658 0.16143729147621624
0.0761288382741034 0.14357047046198151 0.10258890088608648 0.13515877189903672 0.09399443415510754 0.1946951518872327 0.09167290615760752 0.16219052627884406
0.10132610323989609 0.08994901175412869 0.21536721881012127 0.13405615903031634 0.09488375747917047 0.094304593431252 0.1494626131278303 0.1206505431272847
0.13735275397996444 0.10411664420500438 0.21543250352477353 0.10722127156181592 0.12161529658706151 0.09821866953175107 0.11954371620399477 0.09649914440563434
0.08577836388994993 0.13522064708932655 0.12488973337714974 0.13471758905867515 0.0992907600143694 0.16706813059945258 0.09137366910066663 0.16166110687041016
0.07636699274514173 0.14311261313860824 0.10412055200190226 0.13527858866911668 0.09433352654886973 0.1926992473091509 0.09175417318427044 0.16233430640294
0.07436709335516196 0.14449316378214144 0.0990733583652265 0.13469890990532726 0.09296236746930533 0.20140541547457072 0.09136099976187415 0.16163869188639268
0.10099391205191312 0.09018227943145397 0.2138771327709038 0.13416177879726024 0.09488517525382467 0.09557374949120942 0.1495803712859006 0.12074560091753422
0.10376554627119519 0.07875072844062371 0.25990971047250216 0.12969682393893953 0.09207785353484255 0.07446991597239205 0.14460227982445942 0.11672714154504556
0.11969324857508123 0.08822289527760965 0.2017524421579098 0.09280685089794562 0.1398324706229161 0.1083602542352509 0.137963617155752 0.11136822107753476
0.10722861701284626 0.0776641407271556 0.25287022146409793 0.12788705850780804 0.10069515122396279 0.0759719319812325 0.14258452642586955 0.11509835265702724
0.09361921837140232 0.14972645938559428 0.15482699572207803 0.15780050239319324 0.0830024661410331 0.13873147635454833 0.08027242947827658 0.1420204521538739
0.1085032480839851 0.06782522432451693 0.24564786811589004 0.13565044864903386 0.09206393391035275 0.0818792885842708 0.15017062284304927 0.1182593654889013
0.08202760460498616 0.12829636143028714 0.1334930814010528 0.13807313892463732 0.09483474337426492 0.16393769628458335 0.09364960727062359 0.16568776670956478
0.10184159698209097 0.08673575526706218 0.22816109746385344 0.1329258970440786 0.09436203808086072 0.08813785246129897 0.1482024553610846 0.1196333073396707
0.10346018806807372 0.07783481682704291 0.2653212885993098 0.12902445004263943 0.09152277847523523 0.07286183984208225 0.14385263310724125 0.1161220050383755
0.1025199062535058 0.07547258110482898 0.27920062786443645 0.1272490425237187 0.08977275115982451 0.06938776660559559 0.14187318621674308 0.11452413827134682
0.11896409818583471 0.08733058491843772 0.20763354800248324 0.09243707317654762 0.13862374371671962 0.10667254645104308 0.13741391773707676 0.11092448781185713
0.10685899562726242 0.07737756935667305 0.25516555801212326 0.1276305779045096 0.10025603862768073 0.07554517066415678 0.14229856969353533 0.11486752011405867
0.10348253173176343 0.07552781853231069 0.2751171786528299 0.12742881152712385 0.09173157907181528 0.06995253486980281 0.14207361523994255 0.11468593037441147
0.10215476948272793 0.0748390059249977 0.2827787377301215 0.1267338330262812 0.08948779326737143 0.06864664476927688 0.1412987660755702 0.11406044972365308
0.10160862962828596 0.07455169954005353 0.28565091998017905 0.12640848526480097 0.08881328469310988 0.06826331655404627 0.14093602760120347 0.11376763673832088
0.1352392788793861 0.09928791757184273 0.23902656403772501 0.10527473114033349 0.11816876624134881 0.09088201520481155 0.11737346889825241 0.09474725802630013
0.1261708614580129 0.09027316617045404 0.19247967165050353 0.09074210870770569 0.14584726558957106 0.1107021567612601 0.13489423921324606 0.1088905304492468
0.10885929305694417 0.07804560541092526 0.24885321297136268 0.12792668626136694 0.10210541918514646 0.07644705706523151 0.1426287084137927 0.11513401763523026
0.10412623114963558 0.07576585525588113 0.27268227525816097 0.12766473043416435 0.09229739832263945 0.07022860497336632 0.14233664721540412 0.11489825739074792
0.1363391891059514 0.09978907872886995 0.2346003238655895 0.1055684080796723 0.11944170470201373 0.09154883147677238 0.1177008967694257 0.09501156727170508
0.1096779977375946 0.07836960669354219 0.2650186992900075 0.1259261993291757 0.09515601099334278 0.07211959178561002 0.140398314774469 0.11333357939625811
0.1037541181724676 0.07539423580839769 0.2787344451387691 0.12691181277217894 0.09036615082963782 0.06912140557341216 0.14149720021017564 0.11422063149496105
0.10208709541661733 0.07472014399045832 0.2841088172748084 0.12655506278815276 0.08911090177662687 0.06841897164287933 0.14109945060111956 0.11389955650933747
0.10154566578694213 0.07449745497306047 0.2861391395581093 0.12634252274821264 0.08871181431349218 0.0681926478290086 0.14086248431778334 0.11370827047339138
0.10135715643359337 0.07441456367070924 0.2868976234402914 0.12625440511734945 0.08857263968076731 0.06811040731636112 0.14076423973531346 0.11362896460561449
0.11849649748984946 0.08701949353301573 0.20997891076272016 0.09228938338952343 0.13808060025908664 0.10619348754917447 0.137194366949202 0.11074726006742812
0.1066683211651283 0.07726837460284817 0.2560758111202995 0.12752353074965717 0.10010772078028567 0.07540584380262123 0.14217922010446848 0.11477117767469143
0.13738147002667908 0.10028821657961597 0.22872682862275864 0.10577292831265579 0.12183081070492116 0.0928751887054807 0.11792892156649833 0.0951956354813902
0.12685854580106334 0.0905371120100053 0.18918673877977485 0.09083831469190033 0.14721221639284002 0.1113238388237886 0.13503725587034734 0.1090059776302804
0.08390164240879142 0.13171390387835355 0.11895239465039267 0.13486680600020984 0.10508242158255708 0.17216778716625783 0.0914748771131858 0.16184016720025177
0.1338147481077538 0.11419205933759523 0.1809338969671428 0.10861843285995526 0.12636778022277262 0.11721504614516907 0.12110144678565161 0.09775658957395972
0.11098622573376667 0.08201668813685319 0.24418025806408294 0.12827189860561378 0.09829802364699322 0.07778860265212514 0.14301359441551267 0.1154447087450524
0.10478034439567563 0.07649703591207822 0.2709288390353281 0.12788493315245497 0.09166389431112594 0.07056635654286811 0.14258215681325948 0.11509643983720946
0.10258827101506736 0.075089421801606 0.28120895416888875 0.12691838428450677 0.08962125419427745 0.06884264172358785 0.14150452695600976 0.11422654585605607
0.10175712312603576 0.07462702220600356 0.28506253896330896 0.12647512027855257 0.08891042864935693 0.06832983785727059 0.14101032066877428 0.1138276082506973
0.13529613988526923 0.09931196961251096 0.23882175714137951 0.10528460439186375 0.11824015451897875 0.09090475366042178 0.11738447683689884 0.09475614395267738
0.10929751872827945 0.0781944788502042 0.2666561435590628 0.1257538896713104 0.09479525253330788 0.0719180135887771 0.14020620236487893 0.11317850070417938
0.09390284779833302 0.14962461689839812 0.1582326024650222 0.1574656494373183 0.08179495619111742 0.1371581514807191 0.08010209123550541 0.14171908449358647
0.10841000569531517 0.06771670222557566 0.24725651259244294 0.13543340445115132 0.0916794770294052 0.08150340454192663 0.14993034599394855 0.1180701474702345
0.07242766364824225 0.11327620907624825 0.08245157367698162 0.08503876562162166 0.13950645851017024 0.2410910196947031 0.0961307785287897 0.17007753124324332
0.10020801485937449 0.08497225563733171 0.20528586660060869 0.13337768387554674 0.10484667499682505 0.10256342457958459 0.14870616396273645 0.12003991548799207
0.10376448382144687 0.07807848475625931 0.25641833196438235 0.12988747760075217 0.09435541953803202 0.07578222804895511 0.14481484442949533 0.11689872984067695
0.1197121465815683 0.08811841071526465 0.20061456610201545 0.09282406355923842 0.14063310709647364 0.10871962474151542 0.13798920493283803 0.1113888762710861
0.08273562078772298 0.1313041809279564 0.12168288277699672 0.1351604697543724 0.10381421455614144 0.1714360097451195 0.0916740577464439 0.16219256370524687
0.1334362129376885 0.11409307891124724 0.18197494116376106 0.10861192509724055 0.12600533547182677 0.11703358271484082 0.12109419111587864 0.0977507325875165
0.11086554901618288 0.08197775756915454 0.24460196252924568 0.12823441640457564 0.09820126046244278 0.07773627469574601 0.14297180455853434 0.11541097476411809
0.10473839782124214 0.07648040854376141 0.27108910822696314 0.12786593305523322 0.091637439782829 0.07054839969748654 0.1425609731227749 0.11507933974970988
0.11966981556214926 0.08759726657969455 0.20509398876613194 0.09253984094141884 0.13940486086488924 0.10707972923414309 0.1375666889218704 0.11104780912970261
0.08273364251124188 0.13117135101946248 0.12270852292495382 0.1351547908817841 0.10355648406129525 0.17081925355373753 0.091670205989384 0.1621857490581409
0.07579469646142126 0.14200698512521434 0.10359340359899782 0.13521696703392502 0.09537744783316052 0.19403776186616972 0.09171237764040131 0.16226036044071
0.11408512612104946 0.10107695412204493 0.15201668657427284 0.09440442648167537 0.143264909733708 0.14152806462841994 0.1403385205608189 0.11328531177801045
0.10763216171361327 0.0809669355920877 0.2332689854899223 0.13005464785732548 0.1031005633972188 0.0829262960880573 0.14500122679018226 0.11704918307159294
0.104424320354521 0.07665305195313295 0.26688396445922785 0.12845449637173717 0.09303912907199677 0.07171881375677953 0.1432171772980413 0.11560904673456347
0.10265048532149718 0.07522206820548002 0.27971399025900395 0.12711470240150058 0.09003804205743397 0.06913407258788155 0.14172340700585212 0.11440323216135054
0.10182218312313483 0.07468566986707226 0.28450894531003923 0.12654449607491808 0.08904725179066574 0.06841373786231982 0.14108766950442359 0.11389004646742627
0.08058233013647406 0.12963860903490473 0.14209382337691806 0.1374201058366315 0.09392115538290788 0.15823316874770807 0.09320668048049789 0.1649041270039578
0.07565548566480935 0.1420506869407582 0.10820604783891828 0.1357084711818429 0.0936246954161039 0.18985870186819284 0.09204574567116301 0.16285016541821148
0.10105049035134611 0.08956174258446438 0.21771541513447365 0.13384598677030474 0.09482400798374038 0.09331268233998215 0.14922828674241437 0.12046138809327427
0.10364201691513049 0.07854971702754099 0.26136490588458783 0.12951289384649547 0.09197863411727324 0.07399301624961546 0.1443972114975106 0.11656160446184594
0.10269740208331965 0.07568439692989914 0.2777263652922612 0.12743293248719634 0.09002037603371295 0.06967067813224502 0.14207820980288904 0.11468963923847672
0.08076774863063989 0.1299556773711635 0.14057312745075137 0.13749875830469313 0.09416660633878098 0.15877954456646054 0.09326002737187881 0.16499850996563173
0.10130759182646312 0.08679938504483779 0.23100680538550883 0.1326051253896812 0.09403907712710104 0.08705258347108019 0.1478448189046147 0.11934461285071307
0.1032367852758572 0.07776753199183287 0.26639792218773434 0.12888771741719307 0.0914017483060383 0.07260916271207468 0.14370018643379584 0.11599894567547374
0.10242877545099846 0.07543171866974915 0.2795972103569165 0.1271931227873736 0.08974616454319519 0.0693183577992981 0.14181083988383292 0.11447381050863621
0.1189254636307755 0.0873120005446795 0.20774643375740795 0.09242331963168726 0.1386496001019059 0.10664172660662276 0.1373934721688963 0.11090798355802473
0.10684080974713615 0.07736730687771545 0.25519994325354517 0.12761587053677637 0.1003055432860791 0.07553407073957155 0.14228217207607752 0.11485428348309873
0.10347297417104624 0.07552181628897273 0.2751230164727659 0.12741966525503126 0.09177415384838566 0.06994725740515306 0.14206341782911694 0.11467769872952814
0.1360743063104433 0.09968895893365563 0.2354313282443267 0.10550964781406706 0.1192605215011366 0.09144117070534018 0.1176353834583703 0.09495868303266035
0.10958750320572502 0.078332659976287 0.2653384163469562 0.1258889285206365 0.09511324396645296 0.07208245171101808 0.14035676060435145 0.11330003566857284
0.1037211247361984 0.07537924545577132 0.27885206511293215 0.1268945862390435 0.09036262407090723 0.0691072328587166 0.1414779939112918 0.11420512761513917
0.10207397558917346 0.0747134985023963 0.2841499543437215 0.12654672998612765 0.08912046380734936 0.06841316063500451 0.14109016014871245 0.11389205698751488
0.10153962992498088 0.07449400021807248 0.2861517237086448 0.12633765487646534 0.08872607480035853 0.0681899700786002 0.14085705700405912 0.11370388938881881
0.08052343916615892 0.12957324807215953 0.1424599264594124 0.13739939813780247 0.0938424798512077 0.15812959528921272 0.09319263525868342 0.16487927776536296
0.10118971864365266 0.08668828669883478 0.23176842681135265 0.13252349855604947 0.09391463632548722 0.08689047318750866 0.1477538110766701 0.11927114870044454
0.10318376725535611 0.07773063761143961 0.26668765265509814 0.1288527039375676 0.09135301354195823 0.07256364243780981 0.14366114901695967 0.11596743354381082
0.1024068329128528 0.07541865903654597 0.27970551730636595 0.1271797531278638 0.08972753444412597 0.06930399164595268 0.14179593371121532 0.11446177781507744
0.10177281449250974 0.07472057646764503 0.2845174259099003 0.1265547051252332 0.0889896983122467 0.06844649324609964 0.14109905183365554 0.11389923461270988
0.10146290894958405 0.07448923912682187 0.2862961652307695 0.12632793796968944 0.08869223654657368 0.06819014462569448 0.14084622337814626 0.11369514417272049
0.1351708710055972 0.09925645536426078 0.23923750556860382 0.10525233347386569 0.11815778756691446 0.09084944972267048 0.11734849717160846 0.09472710012647911
0.10925384616833166 0.07817505989482496 0.26681550263596077 0.12573500270487317 0.09477450551756118 0.07189943583728571 0.14018514480677652 0.11316150243438586
0.10359623345969474 0.07531891805299702 0.27940857142423453 0.12682982790347658 0.09025016272109512 0.06904364812552685 0.14140579319984625 0.1141468451131289
0.11920139665831977 0.08726316901066916 0.20763987012345747 0.09238704819653713 0.1387683526164464 0.10653615331432106 0.13733955224440444 0.11086445783584455
0.14065595526105942 0.10178220194882073 0.20981543640985623 0.10493917251747763 0.1320056903072662 0.09935694221433342 0.1169993460754564 0.09444525526572987
0.11138314181059203 0.07917179162771633 0.25512308425826435 0.1267020871810138 0.09842353722563259 0.0739011076066784 0.14126337182719004 0.11403187846291243
0.13873261006227394 0.10060369280967402 0.22825170740277603 0.10568543463356544 0.121299564032802 0.09247872724500797 0.1178313726436916 0.09511689117020888
0.0860382361920594 0.13428062296406112 0.12783890718166022 0.13464121507031926 0.09945233751392302 0.1648573553806818 0.0913218676129122 0.1615694580843831
0.1342882875607202 0.11455990537741297 0.18413522712048705 0.10846075626196316 0.12461971043769106 0.11539578346015801 0.12092564914580071 0.09761468063576684
0.14544685111008887 0.1074486523308521 0.20103411698359316 0.10495160910876 0.1282170985819035 0.10143201174028589 0.11701321194663242 0.094456448197884
0.11278676954832667 0.080256782269525 0.25163882585544 0.12703556588606502 0.0978723747418038 0.07444249670452933 0.14163517569685158 0.11433200929745851
0.10489601382574469 0.07600120128451553 0.2736564678370537 0.1274745312893004 0.09131942389639063 0.0698006943437779 0.14212458936284683 0.11472707816037034
0.10251351737963073 0.07493707554261277 0.2822078565558495 0.126778485042905 0.08946799931359829 0.06864587988492353 0.14134854974186575 0.11410063653861452
0.08071771614737912 0.12972399275323127 0.14158207202495995 0.13744600181830358 0.09402567720960049 0.15834509315301634 0.09322424471154504 0.16493520218196428
0.10126298963227895 0.08673509502101935 0.23141263290135222 0.13256053363392886 0.09397884326257203 0.08695032285361895 0.1477951024246938 0.11930448027053597
0.08049347958402492 0.13289213532816757 0.12992418525474006 0.13767138916332616 0.09501745651643044 0.16541857102915036 0.09337711612816905 0.16520566699599137
0.13286056727520276 0.11451249425152699 0.1853168476109658 0.10876863735156743 0.12364495617718498 0.11573581013263265 0.12126891358450875 0.09789177361641069
0.126441809764865 0.0936860549336274 0.17568969423850256 0.0915239450728985 0.14875539870692772 0.11801787171419781 0.13605649148150287 0.10982873408747822
0.12469102034945127 0.08996295266835506 0.17239339437008835 0.09155969351935048 0.15681884030145793 0.11859283261990756 0.13610963394816877 0.10987163222322055
0.12415992453747954 0.08925328503385198 0.1712052045194555 0.09150993688253099 0.15934020420224437 0.11868385319972757 0.13603566736567294 0.10981192425903717
0.10907412934807954 0.07838674899618354 0.24036270098402343 0.12876983210919052 0.10564200506770953 0.07830298148375783 0.14356875311278405 0.11589284889827148
0.12109281365482294 0.08813682330900878 0.19523274316226566 0.0927681031443412 0.14421043493806818 0.10933134200072592 0.13790601601755795 0.11132172377320942
0.12319195515276701 0.08893786116891683 0.17883729245570323 0.09154520559339334 0.15526807336196477 0.11627726888201902 0.13608809667316385 0.10985424671207202
0.14228646015864677 0.10240524165851995 0.1993251147070154 0.10520830908109267 0.1369673711964661 0.10182061176620676 0.117299413259069 0.09468747817298341
0.11209290168920472 0.0795041544685586 0.25094372811198523 0.12708729610364258 0.09976071109388084 0.07453979101046307 0.14169285102898657 0.11437856649327832
0.10475599515777295 0.07590041331819544 0.27338739094946196 0.12749858626053884 0.09172745612959299 0.0698300216893223 0.1421514088606306 0.11474872763448493
0.10248976475507737 0.07492792270263265 0.28210637674467587 0.12678929739146616 0.08955928920164428 0.0686563768485644 0.14136060470361972 0.11411036765231954
0.10170204285158316 0.07457766614678793 0.28539124564253004 0.12642978476111838 0.08887583537487077 0.06827684398802043 0.14095977495008274 0.11378680628500655
0.1014158995125674 0.07444408219902571 0.28661705382799546 0.12628526903107687 0.08864163619485288 0.06814066641067022 0.14079865069584238 0.11365674212796915
0.10131038534271036 0.07439332402550605 0.28707302316503236 0.12623028640292916 0.08855803810693587 0.06809033602561101 0.1407373491686389 0.11360725776263624
0.10127128312269768 0.07437422252763129 0.2872424391865051 0.12620970293788591 0.08852760336690936 0.06807161607307803 0.1407144001411952 0.11358873264409734
0.13508524176834816 0.09921208393902646 0.23955629240422968 0.10522773499774034 0.11808851405281143 0.09080409963344194 0.11732107170643587 0.09470496149796628
0.1441403915688458 0.10314708572040399 0.22017174119623564 0.10369560797736259 0.12504120359343196 0.09486505834754162 0.11561286441655201 0.09332604717962632
0.11180651099465608 0.07909657434973089 0.25909312182708605 0.12621005896999307 0.09661514614667843 0.07287473754843665 0.14071479709042511 0.11358905307299377
0.1044150057775849 0.07563236739879899 0.27645852366300455 0.12713261017782687 0.0908346019647631 0.06936416901792279 0.14174337284005473 0.11441934916004419
0.10230871553168498 0.0748093255750187 0.2832509440193366 0.12664931839152588 0.08928467812759186 0.06850809323758854 0.14120453856488036 0.11398438655237328
0.08067575194235377 0.12968095821548378 0.14181442160212424 0.13743296609141448 0.09397988669038207 0.15828105306045456 0.09321540308808983 0.16491955930969737
0.13263788719780417 0.11361110846391874 0.1895545966052722 0.10853064459744109 0.1230962736218285 0.113888339951727 0.12100356942431119 0.09767758013769698
0.11044082800512955 0.08172651538669409 0.24764522355643598 0.12795564764153164 0.09737771540781673 0.07703298893363429 0.1426609981913793 0.11516008287737849
0.10454017954224037 0.07636664759338688 0.27224527317968383 0.12773316973920595 0.09137990183606079 0.07036202341102213 0.14241295193311468 0.11495985276528536
0.10248873803827739 0.07503584247383434 0.28169996875597103 0.12685760382103248 0.08953056943659815 0.06877867276026611 0.14143676127509144 0.11417184343892924
0.10171724645791576 0.07460582595914739 0.28524389836394387 0.12645134584738207 0.08888359330217725 0.0683080648545593 0.14098381395223045 0.11380621126264384
0.101424602494819 0.07445233595020546 0.28656302268107475 0.1262925108567186 0.0886478554400406 0.06814968801509662 0.14080672479099823 0.11366325977104677
0.11851773618331596 0.08702868155013153 0.2098723427065451 0.09229225383929143 0.1381318839956677 0.10620776305232492 0.13719863406557353 0.11075070460714972
0.10667534566442836 0.077271182205974 0.25603152212531866 0.1275254256623947 0.10013147561844198 0.0754108328365277 0.14218133279075948 0.11477288309615526
0.08143499943497969 0.13029142794457274 0.13556958923544915 0.13741593535811492 0.0963013360933907 0.16088373769564213 0.09320385180811273 0.1648991224297379
0.10160282459938248 0.08696974477848204 0.22894119422634815 0.13278230251076562 0.09462288568951742 0.08753461776336456 0.14804235817245062 0.11950407225968906
0.10337188175898084 0.07784493608176174 0.2656061966383259 0.12897713189991067 0.09158276561487375 0.07273779238692424 0.14379987690930338 0.11607941870991959
0.10248600247260206 0.07546342364367074 0.27930033795396453 0.1272287563879513 0.08980684088395871 0.06935818921944349 0.14185056868925316 0.11450588074915616
0.10180438127937859 0.07473759222524558 0.28436657174473584 0.1265731068963498 0.08901796268101354 0.0684650205313778 0.14111956843518406 0.11391579620671483
0.10147509826903231 0.07449559904179869 0.28624008540718443 0.12633474777803094 0.08870250018518948 0.0681968805122839 0.14085381580625242 0.11370127300022786
0.10133671482680272 0.07441087742156229 0.28693374019847157 0.12624792136906146 0.08858186742406642 0.06810873868804616 0.14075701083983422 0.11362312923215533
0.11848733635025054 0.08701587946901589 0.20998607700516778 0.09228574598241608 0.1381025017806232 0.10619060453439376 0.13718895969923348 0.11074289517889929
0.10666459062908994 0.07726648485886124 0.2560761947717628 0.1275207361294528 0.10012190381434675 0.0754053229684844 0.14217610431149438 0.11476866251650752
0.10340331472004215 0.0754844497919526 0.27545382971767507 0.1273803641662923 0.09171026238465171 0.06990585142163301 0.14201960004809008 0.11464232774966307
0.09275964061475069 0.14895358560596825 0.1606021661584073 0.15766160486812159 0.08129867450598226 0.13662711095428573 0.08020177291117488 0.14189544438130938
0.12221174085360978 0.07652750484468125 0.16854081273288973 0.0918330058136175 0.14839650568869533 0.13193249690485367 0.14576667589463094 0.11479125726702187
0.07187938501451778 0.11085778197236668 0.06895290568645294 0.08151685772476368 0.15191294426709634 0.2596969185442381 0.09214949134103721 0.16303371544952736
0.11110102921758351 0.0939204038721732 0.137885273984225 0.0924562121271968 0.15933941562864531 0.15690784154487125 0.1374423690726687 0.11094745455263617
0.10721360372383038 0.08003938089771949 0.2272050885934157 0.13030657662906095 0.10684806351865143 0.08582925910115449 0.14528210857001272 0.11727591896615486
