0.125 0.125 0.125 0.125 0.125 0.125 0.125 0.125
0.09592326139088728 0.15987210231814547 0.08633093525179857 0.14388489208633093 0.11990407673860912 0.19984012789768185 0.10791366906474821 0.08633093525179857
0.08769198837691987 0.1551473640514736 0.07644942576449425 0.13525667635256675 0.10523038605230385 0.18617683686176836 0.0917393109173931 0.1623080116230801
0.1337461832712469 0.10532511932610693 0.16049541992549626 0.12639014319132832 0.11659923669801012 0.10733853487057958 0.13991908403761213 0.11018627867961955
0.07363055662519166 0.12271759437531943 0.10134848734759799 0.14726111325038332 0.09203819578148957 0.16848182611925142 0.1104458349377875 0.18407639156297914
0.06363100170116312 0.11257792608667322 0.05547318097024478 0.09814485863966384 0.13778110120909146 0.22515585217334644 0.11094636194048955 0.19628971727932767
0.07215061702213524 0.12025102837022543 0.09105814767385745 0.14430123404427048 0.10177236189707708 0.18186414290389333 0.10822592553320287 0.1803765425553381
0.06629709788931337 0.10350985743018157 0.060655881882096446 0.09315887168716341 0.13603561239978004 0.2422342893125422 0.11179064602459608 0.18631774337432683
0.08311020043438914 0.1470411238454577 0.07245504653254436 0.1281896977114247 0.1123210237567869 0.21610921462663438 0.08694605583905325 0.1538276372537096
0.10219374770880187 0.0745956037517942 0.20247232323400186 0.1491912075035884 0.0979562525206061 0.0783659361471225 0.16516079951557203 0.130064129618513
0.08491734323240648 0.1502383764881038 0.07403050435645693 0.13097704616911612 0.11101130402235694 0.20281636510087195 0.08883660522774832 0.15717245540293934
0.10545330168054073 0.08512495436862927 0.1318166271006759 0.10640619296078659 0.13985712181242563 0.14547441800318678 0.1581799525208111 0.12768743155294388
0.10121452132520214 0.07233176391226853 0.22460485749371162 0.14466352782453706 0.09899229542223109 0.07192764033751585 0.1601484719913475 0.12611692169318617
0.06739337820228272 0.1021807793082679 0.08199353900913546 0.09196270137744111 0.14341335200839467 0.21877560568666662 0.11035524165292931 0.18392540275488223
0.11061890455565342 0.0838521804390699 0.12984572717244033 0.10481522554883738 0.14186912282902275 0.14740569618944296 0.1558148726069284 0.12577827065860483
0.09992586103808206 0.07093886590868159 0.23116019901873913 0.14187773181736318 0.09776421113856987 0.07758037076272388 0.157064481295575 0.12368827902026532
0.1164959726566198 0.08600519840590477 0.13317969156138237 0.10750649800738095 0.1482674827730487 0.11972172911314746 0.15981562987365885 0.12900779760885714
0.10221524664201476 0.07417452562657527 0.18377569035838054 0.14834905125315054 0.1088019277668861 0.08377129090261466 0.16539812132254247 0.1335141461278355
0.09904234829948977 0.07277095621399221 0.21227705455125134 0.14554191242798442 0.09993357391997422 0.07717806238166801 0.16226837102045424 0.13098772118518595
0.13199275653548198 0.0946529004766196 0.21854331318339051 0.11358348057194352 0.12291812184162716 0.09354634943375799 0.12574158207394642 0.09902149588323282
0.07506029897553636 0.11732890019205222 0.11451466741367539 0.14666112524006528 0.1011409081333936 0.16982624742045876 0.09947450233673993 0.1759933502880783
0.09539757812812091 0.07169432864420737 0.21272196210206357 0.14338865728841474 0.09948111727130579 0.0883989127757983 0.1598676522305161 0.12904979155957325
0.0802981900114469 0.11467785428496147 0.12566452998663188 0.13761342514195377 0.100987610277092 0.1655315400140064 0.10321006885646533 0.17201678142744217
0.08442354747511031 0.13830072885199915 0.08697465719183689 0.12056986617866594 0.11691541336279966 0.22635412524748513 0.08177782227770385 0.14468383941439913
0.10310725052822865 0.07068596710709732 0.21806437489409813 0.14137193421419464 0.09436672745014746 0.09265187598555234 0.15650454255702456 0.12324732726365688
0.07270910845456897 0.11655745577338522 0.12218585410414462 0.1456968197167315 0.09742221813787207 0.17177190851926286 0.09882045163395703 0.17483618366007783
0.09373246538632662 0.0705272360470106 0.22192772704086358 0.1410544720940212 0.09832615465569546 0.09021770995977127 0.1572652099316923 0.12694902488461907
0.09208676913833853 0.06788314581900827 0.2608714316994124 0.13576629163801654 0.09505212472431054 0.07478129114311918 0.15136928336357963 0.12218966247421488
0.07894582192151284 0.11301764676434028 0.13697862635990724 0.13562117611720834 0.09913049499391663 0.16506388160869787 0.10171588208790627 0.16952647014651043
0.06575383542303871 0.09619917861924325 0.0703776227987592 0.08657926075731893 0.14092090136229657 0.2631155666159227 0.1038951129087827 0.17315852151463787
0.060973605023524655 0.09084776490154992 0.05820591785980332 0.08176298841139491 0.14401369756316917 0.30255446332409436 0.09811558609367389 0.16352597682278983
0.05524548598580343 0.09190412441265948 0.052334122088275495 0.08012154435975441 0.1438971646546875 0.325682289198719 0.09057218058059194 0.16024308871950882
0.0650130134086464 0.10870577603565214 0.08765471162116853 0.13588222004456518 0.10237509500914743 0.24514692710146316 0.092163592725879 0.16305866405347821
0.09234915632123539 0.06988939830309164 0.2130906229215644 0.13977879660618328 0.09890847586257503 0.10433970607736895 0.15584292696241628 0.12580091694556494
0.09943298504040113 0.06717764803968607 0.2663853783740858 0.13435529607937213 0.09285711492288497 0.07392448371454784 0.14873683570854385 0.11713025812047828
0.09881584149687994 0.1395651623116916 0.12991252264245687 0.12560864608052244 0.12934062206173183 0.20718553319801217 0.09420648456039184 0.07536518764831346
0.07692293699926821 0.10859188398116887 0.10604382518912675 0.13031026077740263 0.10972688666602372 0.20778368483220466 0.09773269558305198 0.16288782597175328
0.06883394912027721 0.11289734793094144 0.10245474657777459 0.14112168491367683 0.09863901191028765 0.2109899209265709 0.09571731672405907 0.16934602189641218
0.0900968048306455 0.1337035071912119 0.12273190518280738 0.16044420862945427 0.08805877289256869 0.1811657000055607 0.08392466297540685 0.13987443829234475
0.07982261716209046 0.11047750572327156 0.1058339496702395 0.13257300686792586 0.10209367511805453 0.2040532317225663 0.0994297551509444 0.16571625858490732
0.06204948919611857 0.0960202320163096 0.06080330283447297 0.08370994586037248 0.13776839173573088 0.29760011218539467 0.09462863445085584 0.16741989172074495
0.1003575779744758 0.0690516232452621 0.20487906989917357 0.1381032464905242 0.10558865247637145 0.10873615696468988 0.15288597088084077 0.12039770206866213
0.0906133146426292 0.13568821088327152 0.10403524671127894 0.11829228641105721 0.11784854377055308 0.21133862484392013 0.08023302904402141 0.14195074369326866
0.10518150886255678 0.06854218965275562 0.22405595103887574 0.13708437930551123 0.1003214645311841 0.09354700470297271 0.15175804302441617 0.11950945888172775
0.07667080288181821 0.11395424919355 0.12950343975989675 0.1424428114919375 0.0979066849054216 0.1719772527912151 0.09661338518583587 0.170931373790325
0.11061241240945253 0.07852426824795454 0.16384603276445955 0.09815533530994316 0.14675106305310115 0.13840998738240604 0.14591449846075136 0.11778640237193179
0.1038813658390096 0.06668125665774108 0.24010071046756962 0.13336251331548216 0.10389423699786912 0.0833644048179987 0.14868924992039578 0.12002626198393396
0.10318787918492392 0.06554145371818494 0.2776307839764666 0.13108290743636988 0.09323525642937283 0.06993014580916676 0.14511416696252585 0.11427740648298915
0.07018060806324744 0.10018980160530834 0.08750159107287818 0.08734495524565343 0.14174256227279375 0.2396127957537255 0.0987377754950865 0.17468991049130686
0.1351767540933124 0.09157404196755137 0.17366674429064266 0.10988885036106165 0.14089932469027983 0.13134227382976033 0.12165147455518423 0.09580053621220759
0.10856116982641575 0.13371920567954765 0.10784328640875476 0.12034728511159287 0.1398071325224234 0.2272530855506151 0.09026046383369465 0.07220837106695573
0.0776137668834428 0.10940070579118587 0.1007984641613182 0.13675088223898232 0.1025645141714372 0.216017835765632 0.09275277230122281 0.16410105868677877
0.1318060448494674 0.09035580436085536 0.17861894957567193 0.11294475545106922 0.1288219881997164 0.12987720404240854 0.1259249736148488 0.10165027990596229
0.08251698578469965 0.11160017105776829 0.1185232147528035 0.13950021382221037 0.10278167055622801 0.18305995110805162 0.09461753633158618 0.16740025658665245
0.10103226199760029 0.06864227692226338 0.22544247281150834 0.13728455384452676 0.0980454134055431 0.09293489013779528 0.15306203242068878 0.12355609846007408
0.07902486946772196 0.11343381947023384 0.13035221591594054 0.14179227433779232 0.09776742845764255 0.17130651185533713 0.09617215128998087 0.17015072920535076
0.10429653678028247 0.06846388534286993 0.23617372698670455 0.13692777068573986 0.09583636578798296 0.08734411528167568 0.1515846708446123 0.11937292829013219
0.09503403201795178 0.1355317838074574 0.11070693596129036 0.11815591408855262 0.11641079297009105 0.2022329112144188 0.08014053303397481 0.14178709690626312
0.10299663028193486 0.0681827696797629 0.22105558844696876 0.1363655393595258 0.10063467593596816 0.09599841101918301 0.15203739985308323 0.12272898542357323
0.07922843456189599 0.11328350386659801 0.12930887814294506 0.14160437983324753 0.09830726390392111 0.17229757409155347 0.09604470979994181 0.169925255799897
0.10435565363933963 0.06847032619901543 0.23576921130849765 0.13694065239803085 0.09596137960392506 0.08751968692069638 0.1515989314296475 0.11938415850084744
0.08107164484535785 0.11311529699932263 0.13261492997744126 0.14139412124915327 0.0972527025499475 0.16897625924993315 0.0959020996298605 0.16967294549898393
0.11732109387552367 0.07667630302104926 0.15950668052527606 0.09201156362525911 0.15374265664613496 0.1396771467827083 0.14605010099247476 0.11501445453157388
0.08191145552448971 0.11094747005007737 0.11391946716235557 0.1386843375625967 0.10803537942928935 0.1860165258057923 0.09406415939028298 0.16642120507511604
0.0766531477185806 0.11225895161783096 0.10430450199210171 0.1403236895222887 0.09882763899370006 0.20406757505276452 0.09517606767598713 0.16838842742674642
0.10257674048266305 0.06877726986833253 0.2195276155694128 0.13755453973666507 0.0975663904775163 0.09683531156018965 0.15336304654222205 0.12379908576299854
0.08151850069419918 0.11303630808558289 0.1288751873722668 0.14129538510697862 0.09751112192927147 0.17237390391511526 0.09583513076821158 0.16955446212837433
0.10482378395647725 0.06843960508792087 0.23552240317162057 0.13687921017584173 0.09596214338076375 0.08751134837676833 0.15153091236397614 0.11933059348663123
0.07233082301588496 0.0992808074084936 0.08123797041422194 0.08655249876637904 0.14233869731049534 0.247312250424556 0.09784195512721108 0.17310499753275807
0.10151106184373943 0.06824043377063853 0.2078679656004497 0.13648086754127706 0.1065702953718784 0.10433061291571248 0.15216598216915514 0.12283278078714933
0.08153291658950002 0.11274004045977477 0.12604572920175047 0.14092505057471846 0.09922113349044898 0.17484112164781443 0.09558394734633079 0.16911006068966214
0.14115569931839858 0.09215076909122495 0.18920889342091848 0.11058092290946997 0.1296981535424234 0.11838405289141762 0.12241762731532692 0.09640388151081995
0.08782790947099518 0.11093906541369596 0.1208072573641732 0.13867383176711995 0.103067723958415 0.1782185801847493 0.09405703372030744 0.16640859812054393
0.10496978472168941 0.06824064807018902 0.22572742724524159 0.13648129614037804 0.09780128523384957 0.09177993203714431 0.15216646002516773 0.12283316652634024
0.13978823792259773 0.08734245462650475 0.2208348784475082 0.10917806828313092 0.12403677219621524 0.09883392855057029 0.12172539851865494 0.09826026145481782
0.11201795773978576 0.06461798092492116 0.26146605075133855 0.12923596184984232 0.09762478620623231 0.07463644387521254 0.14408845298780926 0.11631236566485809
0.10527876815037841 0.06458874110835011 0.27839932219231595 0.12917748221670022 0.09186846044411612 0.07040423933210128 0.14402325256100756 0.1162597339950302
0.1381690283044614 0.08600709820081888 0.23809091618814698 0.10750887275102361 0.12077613155439589 0.09282559745804603 0.11986437006718602 0.09675798547592124
0.11107758958530115 0.06420838056142535 0.2679454014848956 0.1284167611228507 0.09639703261017779 0.07320464431318759 0.14317510531159622 0.11557508501056564
0.10488340759414538 0.06442863534081444 0.28077167075602505 0.1288572706816289 0.09141316974063361 0.07000806167750052 0.1436662405957862 0.11597154361346598
0.103187190931749 0.06425088941279346 0.285712009995016 0.12850177882558692 0.09014143771002985 0.06928519847625407 0.1432698937055424 0.11565160094302823
0.1026568550241315 0.06415146920713449 0.2875500256506282 0.12830293841426899 0.08975298713404752 0.06906487851118756 0.1430482014857596 0.1154726445728421
0.10247794703034971 0.06411051297478071 0.28822544921561494 0.12822102594956142 0.08962168175544762 0.06898758451915922 0.14295687520048114 0.11539892335460529
0.08196083233160534 0.11242252333131396 0.14428671374475152 0.14052815416414244 0.09558031547420802 0.1612729279152416 0.09531474804176618 0.16863378499697093
0.10437194896492108 0.0680692552820404 0.24167756790464837 0.1361385105640808 0.09506567504561347 0.08528125942935076 0.15071092744578743 0.11868485536355762
0.08245806040521456 0.11284313913469518 0.13387491248144281 0.141053923918369 0.0969696422862549 0.16786425597952176 0.09567135709245897 0.16926470870204277
0.10484517368134871 0.06831519317597419 0.23752413324702876 0.13663038635194838 0.09568220001595239 0.08663378921225187 0.1512554541625151 0.11911367015298065
0.08255405487801132 0.11287401419828673 0.13294871933642446 0.14109251774785844 0.09711636459476553 0.16840577417041508 0.09569753377680833 0.16931102129743011
0.10489778318942465 0.06833638535167255 0.2371523658200708 0.1366727707033451 0.09574114023794988 0.08674655870255767 0.15130237538180655 0.11915062061317266
0.08256452162561534 0.11287678014586786 0.13286596719015992 0.14109597518233483 0.09713034778128828 0.16845135903660927 0.09569987881932275 0.16931517021880174
0.0965235461162598 0.13307852665887168 0.1309074554460176 0.15969423199064603 0.08809861650211143 0.16894464327862815 0.08353236750279946 0.13922061250466575
0.08294960984764872 0.11002774577399087 0.10787058759972364 0.13203329492878904 0.10244568474667022 0.20060648724559957 0.09902497119659179 0.1650416186609863
0.07767180336130809 0.1117137209201644 0.1025850681746816 0.1396421511502055 0.09732341426223386 0.20877945388406396 0.0947138068670959 0.16757058138024658
0.10341678910206999 0.06871419147282637 0.21864836966028411 0.13742838294565274 0.09725918817221715 0.09762514286093299 0.15322239113492925 0.12368554465108747
0.13976061341550475 0.08751113763578935 0.2185036298939877 0.10938892204473667 0.12412840479731549 0.10029677764491311 0.12196048472749 0.09845002984026302
0.14834031917521653 0.08553054511300436 0.2154120202373946 0.10691318139125545 0.12927014780247129 0.09911170437290413 0.11920021865562361 0.09622186325212989
0.1506488013021599 0.08525396310424341 0.2138256065500991 0.10656745388030425 0.13037323823149835 0.09860547015794754 0.11881475828147356 0.09591070849227383
0.11459190102855951 0.06453100193062986 0.2582795907302763 0.1290620038612597 0.09892449484071347 0.07456070132094825 0.14389450281247912 0.11615580347513374
0.09691103328402757 0.12947885040488136 0.15835134505950846 0.16184856300610168 0.0842927274121582 0.14112211381603174 0.08233166031179956 0.14566370670549153
0.10041236567555846 0.13310954376612144 0.13772393312054393 0.1597314525193457 0.08576590741190994 0.16045189963338188 0.083551836702427 0.13925306117071162
0.10395198186641284 0.1361215987300058 0.10149657512762239 0.12250943885700522 0.12621334879581997 0.24431931416617664 0.0918820791427539 0.07350566331420312
0.07966429766856348 0.10864593945035776 0.09904478970626007 0.13580742431294718 0.10027273694011389 0.22148304103830904 0.09211286170791201 0.16296890917553664
0.10377306685217709 0.06855938522367679 0.21672065448708638 0.13711877044735357 0.09777847053318195 0.09976556274917002 0.15287719630473598 0.1234068934026182
0.10531439932755664 0.0658629083063528 0.26228481153231775 0.1317258166127056 0.09354587644610374 0.07584849758518364 0.1468644552383449 0.11855323495143506
0.10400551636476414 0.0647288589273338 0.2790334865435894 0.1294577178546676 0.09120591166428144 0.07072086819192891 0.14433569438423385 0.11651194606920084
0.10310872439459608 0.0643127739779356 0.2851220358591822 0.1286255479558712 0.09019846851499173 0.06946156908783196 0.14340788704930713 0.11576299316028407
0.1026924648880621 0.06416392433085183 0.28733310403901374 0.12832784866170366 0.08980479032064509 0.06910682941151472 0.14307597455267557 0.11549506379553329
0.12009281144646619 0.07509819059510664 0.21094943459372464 0.0938727382438833 0.14003083874226127 0.107760570200961 0.13954813028493696 0.11264728589265995
0.10804300674256401 0.06490070052816196 0.25792056802080876 0.12980140105632393 0.10136139196512806 0.07643279523024132 0.14471887550608056 0.11682126095069152
0.10460488750997542 0.06468044557229456 0.2771308584164979 0.12936089114458912 0.09277641467618312 0.07079396082195935 0.14422773982837025 0.11642480203013023
0.1032867027510863 0.06433645713425237 0.2843844716330697 0.12867291426850475 0.09055258398565096 0.0695005504326875 0.1434606969530941 0.11580562284165426
0.1027559949248331 0.0641781759357901 0.2870576453686157 0.1283563518715802 0.08989544221821452 0.06912791949196151 0.14310775350458269 0.11552071668442217
0.10254700929005255 0.06411650835289372 0.2880351930674581 0.12823301670578743 0.08968325531093337 0.06900505823882541 0.14297024399884065 0.11540971503520871
0.10246686808777915 0.06409357451244721 0.28839181415988335 0.12818714902489442 0.08961102442569878 0.06896203070928585 0.14291910495760615 0.115368434122405
0.0819825894015308 0.11241163605113612 0.14431938207224806 0.14051454506392014 0.09559679782822852 0.1612520779846169 0.09530551752161541 0.16861745407670414
0.10550452273823405 0.06795417776499205 0.24143074279854262 0.1359083555299841 0.09507466730862335 0.08518719011245941 0.15045613636204994 0.11848420738511434
0.0826806658514505 0.11282037753192493 0.13381209751000697 0.14102547191490616 0.09697150533821433 0.16780725634376017 0.09565205921184941 0.1692305662978874
0.10603631611381135 0.06819962879571768 0.23722791548411082 0.13639925759143537 0.09569050030944783 0.08653462329702828 0.15099958512360773 0.11891217328484112
0.08278737043707822 0.11285135303447633 0.13287502409128904 0.14106419129309541 0.09712006680344332 0.16834664373793415 0.09567832105096906 0.16927702955171448
0.10609347650179476 0.0682209213414893 0.2368502239309256 0.1364418426829786 0.0957502440553787 0.08664726416767632 0.1510467285704932 0.1189492987492634
0.09892639898981978 0.13483610909227567 0.11065260935360272 0.11754942843941985 0.11605522624909663 0.20119173619826627 0.07972917755021518 0.1410593141273038
0.10734747152893845 0.06780130484335938 0.22023530577510506 0.13560260968671875 0.10025310339807848 0.09553106584679961 0.15118679020295359 0.12204234871804687
0.10591048211445635 0.06569583788470801 0.2634118263927998 0.13139167576941602 0.09386143130372648 0.0749843252084581 0.14649191313396082 0.1182525081924744
0.1040849947453173 0.06468684895112475 0.2794128577919713 0.1293736979022495 0.09122493521441469 0.07053831887546463 0.1442420184074334 0.11643632811202456
0.10311160310151989 0.0643004513368805 0.28525317507586817 0.128600902673761 0.0901929065168372 0.06941973948979377 0.14338040939895444 0.11574081240638491
0.10268917572140689 0.06415961299184321 0.28737842684938547 0.12831922598368642 0.0898040453067475 0.06909584885144288 0.14306636091016978 0.1154873033853178
0.1025208270400287 0.06410872748348806 0.28815182072076795 0.12821745496697612 0.08966048326024065 0.06899208323683022 0.1429528938213898 0.11539570947027851
0.13717250568569822 0.08580650542228943 0.2413533735879613 0.10725813177786178 0.11997049520772234 0.09232185712426784 0.1195848125941235 0.0965323186000756
0.11078363609358577 0.06413156103594975 0.26917103425680244 0.1282631220718995 0.09616845125952816 0.07304157618213843 0.14300380923538644 0.11543680986470956
0.10480835412254236 0.06439365207356838 0.28121170564387765 0.12878730414713677 0.09135478872147929 0.06994738842776178 0.1435882331312107 0.1159085737324231
0.09480063190911672 0.12934304079674086 0.16414402868145833 0.16167880099592608 0.08281435819718691 0.13946291540791883 0.08224530311531891 0.14551092089633347
0.08340072478999287 0.1105538534217659 0.11569377023149438 0.13266462410611907 0.10185369350324032 0.1905040857351494 0.09949846807958931 0.16583078013264882
0.07793141379882428 0.11195498782033865 0.10450650932525066 0.13994373477542332 0.09740768300250888 0.20540483030816337 0.09491835923898279 0.16793248173050798
0.13570317881229332 0.09009220389733877 0.17990084044158963 0.11261525487167345 0.12755225323405092 0.12722493430012977 0.125557605058418 0.1013537293845061
0.11272890308871619 0.0655897608384574 0.24596136241805538 0.1311795216769148 0.09975381919165568 0.0804696861237603 0.14625537715321696 0.11806156950922332
0.10608122920923745 0.06495992368324517 0.2726957004633699 0.12991984736649034 0.09281981191274384 0.07174469043243283 0.14485093430263923 0.11692786262984133
0.1386863968584967 0.08612141613944671 0.23618130307300272 0.10765177017430838 0.12121692873387674 0.09323190183382934 0.12002369003016174 0.09688659315687755
0.11130322668940394 0.06424115419890124 0.2672056151048462 0.12848230839780247 0.09657606914606776 0.07330936327337653 0.14324818563157976 0.11563407755802224
0.10499228582574954 0.06443821830501686 0.28048448515754787 0.12887643661003373 0.09149564173630195 0.0700365302406553 0.14368760917566448 0.11598879294903036
0.12080252580987359 0.07517159538481419 0.2088355034398363 0.09396449423101771 0.14069239429724079 0.10809156203746821 0.13968453172252784 0.11275739307722125
0.10827276514368706 0.0649415294345026 0.2570965482906012 0.1298830588690052 0.10156747048587775 0.07653395692086802 0.14480991787335354 0.11689475298210468
0.10468472782253511 0.06469790956086038 0.27682194637126106 0.12939581912172077 0.0928480385630886 0.07082863943467868 0.14426668191630657 0.11645623720954869
0.10331584400219908 0.0643428386404151 0.2842695079418084 0.1286856772808302 0.09058131451445023 0.06951278130817644 0.14347492675937337 0.11581710955274718
0.13752799855268147 0.08588893195872443 0.24006009315010218 0.10736116494840554 0.12032131747244668 0.09251575857383733 0.11969968689023722 0.09662504845356497
0.14706137031075753 0.08507266055948721 0.22266260596423348 0.10634082569935903 0.12766176432217333 0.09693194524229586 0.11856208477227044 0.09570674312942312
0.11350719727923557 0.06437033426798075 0.2617300840927334 0.1287406685359615 0.09814697536626443 0.07410190087043923 0.14353623790501976 0.11586660168236536
0.14093084956466248 0.08609333013198232 0.23211571293713312 0.10761666266497791 0.12266217922528985 0.09374172130025256 0.11998454777722163 0.09685499639848011
0.11192516231355318 0.06430259579582018 0.2656047210538504 0.12860519159164036 0.09696743825353617 0.07346502733680205 0.1433851912223214 0.11574467243247631
0.10518222893084384 0.06447078402523629 0.27988357547881604 0.12894156805047258 0.09161854318026744 0.07009566321773997 0.14376022587119852 0.11604741124542534
0.12086340396257171 0.07517967008455648 0.20865242447949386 0.09397458760569559 0.14074404559203063 0.10811682694691725 0.1396995362018997 0.1127695051268347
0.14310012383956755 0.08582004569379971 0.21227428562865067 0.10727505711724962 0.134234647430118 0.10114460580063399 0.11960368308445592 0.09654755140552465
0.1492206122742125 0.08533896528356757 0.21281182111694555 0.10667370660445948 0.13187181542958304 0.09914352120761942 0.11893322213959884 0.09600633594401353
0.08954243789589088 0.11082708770307724 0.1262580918155074 0.13853385962884654 0.10369691770486304 0.17093887760111173 0.09396209609608723 0.16624063155461585
0.14496313660108606 0.09160441386591821 0.188437160399209 0.10992529663910186 0.13050927693922657 0.11703658358178574 0.12169182208317338 0.09583230989049905
0.07704452867534661 0.09630569591866807 0.07307861134894769 0.08395881182653114 0.1495788368698399 0.2572059305123952 0.09490996119520911 0.1679176236530623
0.10287113855047447 0.06812844456092346 0.20384043757069256 0.1362568891218469 0.10823560867202085 0.10612001836808166 0.15191626294629795 0.12263120020966221
0.10542289771156904 0.06604188349737385 0.2571924597565342 0.1320837669947477 0.0959879731214045 0.07713208542149086 0.14726354320160673 0.11887539029527291
0.08263894524392253 0.11270388978617311 0.1373759798588628 0.1408798622327164 0.09713236405145623 0.16465982628541898 0.09555329786219026 0.16905583467925966
0.10614516417196677 0.06809242618713582 0.23859700773444667 0.13618485237427164 0.0955856400007608 0.0859074238807434 0.15076222973464337 0.11872525591603168
0.08280493378852219 0.11284000080673008 0.1331825402291738 0.1410500010084126 0.09709400087579284 0.16809982574513274 0.09566869633614074 0.16926000121009513
0.10633412119857222 0.06819125315068889 0.23692088762239988 0.13638250630137777 0.09571158240906733 0.08658103896490298 0.15098104075691798 0.11889756959607294
0.09897764426289972 0.13483123426008528 0.11066512177366973 0.11754517858571538 0.11604294515541382 0.2011573666186117 0.07972629504074606 0.14105421430285842
0.10736008036153966 0.06780047104979638 0.22023894886604387 0.13560094209959275 0.1002494701576851 0.09552430860795388 0.15118493096775487 0.12204084788963347
0.12257137602539668 0.07602714081307642 0.19052396682376382 0.09503392601634551 0.14482839021736862 0.11570017498550866 0.14127431389892556 0.11404071121961461
0.14411561002007583 0.08615421352488316 0.20605350807286896 0.10769276690610395 0.13581282660190583 0.10317818633201271 0.1200693983266562 0.09692349021549355
0.11343857182963561 0.06475220806639582 0.2554343847181459 0.12950441613279165 0.10037117502318971 0.07555751023093273 0.14438775947939606 0.1165539745195125
0.12324502462478996 0.0753176694659706 0.20090435836165496 0.09414708683246324 0.14375420114405427 0.10969918748385228 0.13995596788825881 0.1129765041989559
0.10907098800289068 0.0650871074276762 0.2539841548619471 0.1301742148553524 0.10242247010061957 0.07696973631162471 0.14513453507007204 0.11715679336981719
0.10496654179863471 0.06476567295292714 0.2756580951138595 0.12953134590585427 0.09311228596217182 0.07097006278460727 0.14441778416667633 0.11657821131526884
0.10341831898648053 0.06436952605662578 0.28384132954005864 0.12873905211325157 0.09066935367284432 0.06956283701448614 0.14353443571432672 0.1158651469019264
0.08218156178915247 0.11246493853745318 0.14332022204805558 0.14058117317181648 0.0958636058193596 0.16154038206796822 0.09535070876001465 0.16869740780617976
0.11892065196447751 0.076360661769081 0.16247164598862593 0.09163279412289721 0.15328328612033823 0.13734108782080431 0.14544887956015431 0.11454099265362151
0.08380461918114215 0.11067593989451352 0.11448284786563873 0.1383449248681419 0.10793236816481475 0.18491144114297803 0.09383394904100059 0.16601390984177025
0.10435504007761208 0.06833908396032383 0.22313037746898637 0.13667816792064766 0.09902276770170941 0.09307825437389312 0.15238595736824448 0.12301035112858291
0.12186957957310048 0.07610795565729855 0.19158527664490627 0.09513494457162319 0.14455151929753515 0.11516430600341439 0.14142448476617417 0.11416193348594783
0.08461105048526099 0.11103092058187826 0.12139115174676395 0.1387886507273478 0.10641402438080703 0.17708291027701034 0.09413491092811418 0.16654638087281737
0.1371291554401461 0.0896487433847998 0.18557806109426195 0.11206092923099974 0.12946251085552452 0.12032619034971617 0.12493957333665197 0.10085483630789976
0.08733507192621698 0.11102265738341378 0.12002563029766429 0.1387783217292672 0.10315262565017629 0.1790238017652466 0.0941279051728943 0.16653398607512065
0.10503190140790998 0.06824711258117669 0.2254008376270488 0.13649422516235338 0.0978680655495543 0.09193218010602092 0.15218087491981785 0.12284480264611802
0.10529701607081665 0.06565853776144488 0.26550874935329405 0.13131707552288976 0.09329652651532312 0.074327987379364 0.14640873942626664 0.11818536797060078
0.10388726705261464 0.0646476750053947 0.2802030660715475 0.1292953500107894 0.09105715208260523 0.07038900841202506 0.14415466635531293 0.11636581500971045
0.12055954880260013 0.07521058390392812 0.20880301215184038 0.09401322987991016 0.14061242582333194 0.1082283430446009 0.13975698053789629 0.11281587585589219
0.10822302982856201 0.06494652201478258 0.2570939655271148 0.12989304402956517 0.10155730359360854 0.07656134479754155 0.1448210505822167 0.11690373962660866
0.10467440013990736 0.06469864367055535 0.2768225984730149 0.1293972873411107 0.0928473798692377 0.07083381302781666 0.14426831887135771 0.11645755860699962
0.1033136194284496 0.06434289601179898 0.2842699526077458 0.12868579202359795 0.09058178799595408 0.06951368442221889 0.1434750546889965 0.11581721282123815
0.10276671247792228 0.06418010825462621 0.28701438288877756 0.12836021650925242 0.08991018861488584 0.06913213410902715 0.1431120622871814 0.11552419485832717
0.1025516520277643 0.06411677046999847 0.2880179961199103 0.12823354093999695 0.08969288499696326 0.06900614011850709 0.1429708284808623 0.11541018684599726
0.10246925594637497 0.06409322439820302 0.2883841344973766 0.12818644879640603 0.08961882021073657 0.06896198797903977 0.14291832425509748 0.11536780391676545
0.08198374703989021 0.11241050894100801 0.14431712290265258 0.14051313617626002 0.09560430753666811 0.16125085206376316 0.09530456192824593 0.16861576341151202
0.14264831724229826 0.0916013122055853 0.19529181660361955 0.10992157464670237 0.128173530031749 0.11484668250884607 0.12168770168458708 0.09582906507661232
0.10482130709902991 0.1316433618594493 0.10116785430246464 0.11476600777490452 0.12208205073466909 0.20995891666966185 0.07784129222993523 0.1377192093298854
0.10881355916166634 0.06778558626877615 0.2158955406081746 0.1355711725375523 0.10161350480304288 0.09715484120930182 0.1511517401276889 0.12201405528379707
0.12298065142001793 0.07604189113391244 0.18912772326900573 0.09505236391739053 0.14529152249230018 0.11614128798930905 0.14130172307719546 0.11406283670086863
0.10944336141017078 0.06537053635188661 0.24950413583284256 0.13074107270377322 0.10314608784843701 0.07836130115125714 0.14576653926823674 0.11766696543339591
0.12235003029913645 0.07544333992060753 0.19915331103079312 0.09430417490075942 0.14482514802872407 0.11056949608659597 0.1401894898524722 0.1131650098809113
0.14376203876282173 0.08595701228895133 0.2089533694524651 0.10744626536118917 0.13554878983694604 0.10183631797284273 0.1197945674997139 0.09670163882507024
0.0885465605717934 0.11084659915429666 0.12536086814754063 0.13855824894287083 0.10448060820704004 0.17195857783158802 0.09397863841342544 0.166269898731445
0.09200506098585048 0.1306667178391168 0.12443890880357332 0.16333339729889598 0.08574402300119582 0.1737248454416184 0.08308698906074274 0.1470000575690064
0.10894520527497664 0.06843820180598689 0.23347386967464787 0.13687640361197378 0.09365423599592942 0.08775613151543694 0.15152780538240485 0.11932814673864382
0.0833289338220894 0.11289226945185703 0.13205170033970973 0.1411153368148213 0.096706981733535 0.16885336260319275 0.09571301105700925 0.16933840417778556
0.11941642832195008 0.07644985676176366 0.15900429794956428 0.09173982811411639 0.15372405853053078 0.13937197039511762 0.1456187747843117 0.11467478514264548
0.12455259494305132 0.07497405016131516 0.16881621811127495 0.09371756270164396 0.16038285179314396 0.1257781956284375 0.13931745141916024 0.11246107524197274
0.11030219683337583 0.06562830193659194 0.24121753143950192 0.13125660387318389 0.1067805672002897 0.08034253718153697 0.14634131804965428 0.11813094348586552
0.10566577243321548 0.06504488040865868 0.2708838661539651 0.13008976081731735 0.09437829952723346 0.07181626080382138 0.14504037512020304 0.11708078473558559
0.10373821212044437 0.06448058565271271 0.28208874724955774 0.12896117130542542 0.0910705441158457 0.06981360334358974 0.14378208203754148 0.11606505417488289
0.08224954641815996 0.11248619975443529 0.14293545628739476 0.14060774969304413 0.09596359199556209 0.16165942164533842 0.09536873457441254 0.16872929963165295
0.10591800436066676 0.06795896324481655 0.2408128098371493 0.1359179264896331 0.0951647871113098 0.08526822584995465 0.15046673180781522 0.1184925512986545
0.07282005840578039 0.09927476729699447 0.08203527970638082 0.08654723302814903 0.14224753581145136 0.24614465714138625 0.09783600255355976 0.17309446605629805
0.10186103620254025 0.0681867336452029 0.20812363504331088 0.1363734672904058 0.10659754194211914 0.10407522641067794 0.1520462389043778 0.12273612056136522
0.13941009991500006 0.08752831338825161 0.2146603396875747 0.10941039173531451 0.1267655651424128 0.10177151573939464 0.12198442183026856 0.09846935256178306
0.11223771862556578 0.06472875833110632 0.25907653861337027 0.12945751666221264 0.0983975800767127 0.07525465262538002 0.14433547006966094 0.11651176499599138
0.10548786839641774 0.06463118307895471 0.27749510817056267 0.12926236615790943 0.09211770496900569 0.07055174786419799 0.14411789182083334 0.11633612954211849
0.10346768132129432 0.06432214682047419 0.28450249931400473 0.12864429364094837 0.09040771766094476 0.06944700987624372 0.14342878708923645 0.11577986427685354
0.08218667887513968 0.11245675294918674 0.1434661469950424 0.14057094118648342 0.09580305955377366 0.1614875222118489 0.09534376880474528 0.16868512942378008
0.09776470683867072 0.13277456518702443 0.13352520427980366 0.15932947822442933 0.08782100519239545 0.16654084501078006 0.08334157322508612 0.13890262204181017
0.08380479386418108 0.10993121267216951 0.10840356480242978 0.13191745520660342 0.1024571703866166 0.1996508926547929 0.09893809140495255 0.16489681900825423
0.06636136178002362 0.09522870535012919 0.061061485802279804 0.0830198969719075 0.13830316968152187 0.29613700728468856 0.09384857918563455 0.166039793943815
0.10071550571368981 0.06838498655508192 0.19887540296105288 0.13676997311016384 0.10625465023415405 0.11341819232328854 0.15248831330342147 0.12309297579914746
0.08157735526127755 0.1125499047963926 0.12385470599761585 0.14068738099549075 0.09907828008118864 0.17800477030259126 0.0954227453708546 0.1688248571945889
0.10637069264693381 0.06834567504780004 0.2330477842898904 0.13669135009560007 0.09636495468154317 0.08868978167339417 0.15132294353277664 0.11916681803206162
0.07279042225050064 0.09915870920477883 0.08084251595474251 0.08644605417852513 0.14243075731187357 0.24771780627984846 0.0977216264626806 0.17289210835705027
0.10188169127977759 0.06820310242919059 0.20761103774204648 0.13640620485838117 0.10666830191665272 0.10438133855184012 0.15208273884956824 0.12276558437254306
0.13943020813675036 0.08753777870014626 0.2144854740172556 0.10942222337518281 0.1267974661432814 0.1018492353639556 0.12199761322576351 0.09848000103766452
0.10143879419694572 0.1282136947708518 0.14629180144146672 0.16026711846356476 0.08893261111075133 0.14908838705035463 0.08152718634885686 0.14424040661720824
0.14853579621462545 0.09131946635482563 0.19553576341016968 0.10958335962579076 0.1259544151109532 0.11222370457439833 0.12131328375341915 0.09553421095581759
0.07780580270706904 0.09654538406598662 0.07424065028265706 0.08416777072419346 0.14854641326419515 0.2552122619062497 0.09514617560126216 0.16833554144838692
0.07519533193548243 0.10896180772026257 0.09321473413898207 0.1362022596503282 0.10508141628989429 0.22552107561747764 0.09238066306717914 0.16344271158039383
0.10293120863003322 0.06870693819973661 0.21440138517294846 0.13741387639947322 0.09901111993801127 0.1006567654817542 0.15320621741851714 0.12367248875952588
0.10521167189261765 0.0659219577659928 0.2614245083141227 0.1318439155319856 0.09388339447329581 0.07605890132320857 0.1469961267199899 0.11865952397878704
0.13886079153321781 0.08644020700069048 0.23255417116218413 0.1080502587508631 0.12189527035908033 0.09448609326312067 0.12046797505506678 0.09724523287577679
0.1476838750540522 0.08522168518950658 0.22012150905549174 0.10652710648688321 0.128285030668553 0.09751662375850997 0.11876977394880861 0.09587439583819489
0.08927070142199679 0.11082696445954157 0.127915216995359 0.13853370557442699 0.10292738935851088 0.17032358389384977 0.09396199160700264 0.16624044668931237
0.10787808560344116 0.06809287208830762 0.23429768721695549 0.13618574417661525 0.09686916511206674 0.08718719542137503 0.1507632169964971 0.1187260333847415
0.09926950712147349 0.13477106867058347 0.11013683872866926 0.11749272653332919 0.11629525597557237 0.20135261226429302 0.07969071886608414 0.14099127183999502
0.10743962159958384 0.06780606466657968 0.22001157077443576 0.13561212933315936 0.1003140030929245 0.09556829023515995 0.1511974038983135 0.12205091639984343
0.140747373040385 0.08728641412623497 0.21865235427148372 0.10910801765779371 0.12472576121633373 0.09963556649669193 0.12164729729906254 0.09819721589201434
0.112397066720012 0.0646358942545561 0.2605793239769866 0.1292717885091122 0.09784561228799729 0.07479730755387107 0.1441283970392639 0.11634460965820098
0.10546975652219169 0.06459438518383784 0.2780447465523895 0.12918877036767568 0.09195740690171644 0.07043920313433503 0.14403583800694583 0.11626989333090809
0.08257264475403209 0.11250913596462131 0.142036932510362 0.14063641995577664 0.09616912352474978 0.16192385885178207 0.09538818049174415 0.16876370394693194
0.11906165616453805 0.0763256780376738 0.1620101360077381 0.09159081364520856 0.15333328107085925 0.137807674136188 0.14538224388128343 0.11448851705651071
0.09920466323081917 0.13097213210677422 0.09440370777786702 0.11418083311872625 0.12774214179253687 0.21903513107201678 0.07744439115878823 0.13701699974247147
0.12087011098067012 0.07621480937288236 0.14948730976084473 0.09526851171610294 0.15417618378829873 0.14803781902450663 0.14162304129737094 0.11432221405932352
0.09757505783763377 0.12832179707838795 0.12938099032533193 0.16040224634798494 0.09402872960968901 0.16433323177163714 0.08159592531614887 0.14436202171318643
0.10109867121542201 0.13265546971530445 0.12973146390168974 0.15918656365836534 0.08742673491006046 0.16785624882954062 0.08326681791360649 0.13877802985601081
0.1041388484304732 0.1355944382789865 0.09953240015645319 0.12203499445108787 0.12628222922541377 0.2476698469486168 0.0915262458383159 0.07322099667065272
0.07963271447361359 0.10853868990819009 0.09852988952292217 0.1356733623852376 0.10022479299492214 0.22257058310458097 0.09202193274824813 0.16280803486228512
0.10377625978239338 0.06856217444773807 0.21649462886631246 0.13712434889547614 0.09778349381241563 0.09996376433164524 0.15288341585809054 0.12341191400592852
0.10532498183195388 0.0658666303569689 0.2621973014601355 0.1317332607139378 0.09355923241178182 0.07588590372698927 0.14687275485568882 0.118559934642544
0.10401351445553574 0.06472994897821732 0.27899951079559376 0.12945989795643464 0.09121677499468181 0.07072831962373562 0.14433812503500995 0.11651390816079119
0.13791570172439335 0.0860184016968846 0.23833304827798307 0.10752300212110576 0.12065223198414128 0.09290678902609983 0.119880123260397 0.09677070190899517
0.11105815609765597 0.06419808637992204 0.26802953162219406 0.12839617275984408 0.09640036724546523 0.07320897958777 0.14315215082328886 0.1155565554838597
0.1400593832349067 0.08600348144662451 0.23429239680588632 0.10750435180828062 0.12207204746276769 0.09345509306067025 0.11985932955341139 0.09675391662745256
0.10144395514307322 0.12795880307480967 0.15129464694935288 0.15994850384351206 0.08793382513896465 0.14610150391420954 0.08136510847691703 0.14395365345916086
