0.125 0.125 0.125 0.125 0.125 0.125 0.125 0.125
0.08769198837691987 0.1551473640514736 0.07644942576449425 0.13525667635256675 0.10523038605230385 0.18617683686176836 0.0917393109173931 0.1623080116230801
0.09593269979774083 0.07743964923432091 0.19186539959548166 0.15487929846864182 0.08633942981796675 0.08147329482813687 0.1726788596359335 0.13939136862177764
0.11301829483647663 0.08900190718372536 0.13562195380377198 0.10680228862047042 0.14127286854559581 0.1112523839796567 0.16952744225471497 0.13350286077558804
0.07103025282567807 0.12566890884543042 0.0997933265652971 0.157086136056788 0.08523630339081367 0.16613632980933005 0.10654537923851709 0.1885033632681456
0.09361016770737761 0.0755648341734253 0.20458013972490743 0.1511296683468506 0.08424915093663984 0.08635103572535395 0.1684983018732797 0.13601670151216552
0.09026928239069446 0.07286797494188589 0.24133463362806074 0.14573594988377178 0.08124235415162501 0.07490274180531747 0.16248470830325001 0.13116235489539457
0.11186662649456715 0.08809496836447164 0.13423995179348058 0.10571396203736598 0.15002338856596686 0.11011871045558955 0.16779993974185073 0.13214245254670745
0.07077157397584502 0.10699453907546483 0.057777051100751 0.09629508516791833 0.14602839999175243 0.21398907815092966 0.115554102201502 0.19259017033583667
0.0815967703698493 0.1443635168081949 0.07967261223364538 0.1258553736276571 0.09791612444381917 0.2342063790074956 0.08536277515615003 0.1510264483531885
0.09089782113577755 0.07337534959153127 0.2125734002824985 0.14675069918306255 0.08180803902219978 0.0989029834757746 0.16361607804439957 0.13207562926475627
0.08723774404555783 0.07042082953075149 0.2624273508072886 0.14084165906150298 0.07851396964100203 0.07677301447654056 0.15702793928200406 0.1267574931553527
0.07988573952798014 0.12331561394470268 0.08878724204018593 0.1479787367336432 0.09912012801483036 0.16495506627137121 0.1109840525502324 0.18497342091705402
0.08111725653131326 0.143515146170785 0.08605054912924029 0.1251157684565818 0.09734070783757592 0.23186051981692404 0.08486112990968156 0.15013892214789815
0.10345545561959964 0.07570307131898592 0.19226176842917056 0.15140614263797184 0.09719465280265621 0.08037098672282506 0.1676128237587641 0.13199509871002674
0.07912475123139635 0.12011545262457765 0.10221742221399568 0.14413854314949318 0.1045633462397742 0.1615633982417765 0.10810390736211987 0.18017317893686646
0.0758916607809784 0.1175767501915384 0.09294214181182317 0.14109210022984608 0.10361093809972526 0.18670220842639648 0.10581907517238456 0.1763651252873076
0.06697900379482281 0.11850131440622498 0.10296386225716922 0.14812664300778122 0.08037480455378739 0.20483389467864271 0.10046850569223423 0.17775197160933748
0.09932560797628472 0.07344176687123485 0.20516944132900244 0.1468835337424697 0.09239121693525064 0.09213001187759003 0.16260610980037346 0.1280523114677941
0.07656592529030734 0.11630821881887254 0.11310974336297772 0.13956986258264703 0.10100701947173156 0.17429950530816968 0.10467739693698529 0.1744623282283088
0.05723436043762335 0.1012607915434875 0.06405997323502792 0.08827863878150191 0.12577387129134512 0.28704184330805155 0.09979324383995868 0.17655727756300382
0.11651300261960088 0.09405266476521999 0.16966779921643305 0.11756583095652501 0.11809507694211117 0.14721924969218647 0.13107712794705098 0.1058092478608725
0.09567084736274904 0.06912569010527896 0.24629729774966258 0.1382513802105579 0.08622642795976442 0.08586214275489268 0.15413997166759216 0.12442624218950213
0.09184506619799519 0.0676306570233933 0.2764152511925951 0.1352613140467866 0.08194412235089525 0.07436213551197352 0.1508062710342531 0.1217351826421079
0.11023374885698893 0.07957328926041135 0.1792332303936477 0.09548794711249363 0.1489181795418242 0.11562550092418597 0.15156817001983114 0.11935993389061703
0.08112436299783875 0.11316491536019829 0.1072831809109819 0.13579789843223797 0.11307870038608221 0.17795514504818497 0.10184842382417847 0.16974737304029744
0.07091207372173987 0.11611598449620543 0.10514873247840002 0.14514498062025677 0.08759081038742077 0.20246728078314688 0.098446160768522 0.1741739767443081
0.10182261365770824 0.0713489341205732 0.2144801225716753 0.1426978682411464 0.09424604710796868 0.09302873852215172 0.1579724060300847 0.12440326974869173
0.08028092380354163 0.11340454331380406 0.12071875293983368 0.13608545197656488 0.10293557997615126 0.1744038440369748 0.10206408898242367 0.1701068149707061
0.07919728926871479 0.11192343446167528 0.10231621522473255 0.13430812135401035 0.10324474411269696 0.20039395287014958 0.10073109101550777 0.16788515169251295
0.05977965452011294 0.09796202452366272 0.06141862297542524 0.08540279061037262 0.13082846647307625 0.29726057463879235 0.09654228503781254 0.17080558122074524
0.10093363748576806 0.06988766125960988 0.20253555470300183 0.13977532251921976 0.10317387955934264 0.10710150731862297 0.1547370277787048 0.12185540937573004
0.07102247329817413 0.09628200815958128 0.07855464142132346 0.08665380734362316 0.1456076589222877 0.24458722735541621 0.10398456881234779 0.17330761468724631
0.04904365270709455 0.08089590728600847 0.06930487930201898 0.10111988410751058 0.11523163119382 0.26785484298003603 0.11430943420849021 0.20223976821502115
0.09890033257721952 0.07006006113424278 0.20909209730733305 0.14012012226848555 0.10014407751014556 0.10440856989879786 0.15511873527483952 0.12215600402893614
0.08560806444515343 0.1375971098308422 0.10603201442494233 0.11995645472432397 0.11433600305065245 0.2111608385636162 0.0813617692912806 0.14394774566918878
0.10456393309003502 0.0688594661774061 0.22421879369612718 0.1377189323548122 0.0983564632762016 0.09375923309483712 0.15246051933459062 0.12006265897599011
0.06315263433693144 0.10095530063141603 0.07988743803339862 0.08801231337097808 0.13940792825144593 0.25306757830146365 0.09949218033241 0.17602462674195615
0.0918763407246516 0.06962352117593071 0.21018035351372683 0.13924704235186142 0.10229005644481558 0.1062102870203378 0.15525006065200073 0.12532233811667529
0.10246296964498704 0.06668561045840282 0.26602966411180745 0.13337122091680564 0.09297864594658116 0.07455211842995917 0.14764742405116454 0.1162723464402921
0.07170850941353529 0.09666176102374155 0.09063379617336369 0.0869955849213674 0.14361041406853142 0.23200406265108486 0.10439470190564086 0.1739911698427348
0.06781930060060024 0.11172198510233793 0.0985591401150324 0.1396524813779224 0.10055243883403149 0.2193908628602387 0.09472081345632999 0.16758297765350688
0.10160526528747606 0.06932959685675948 0.22338303235185814 0.13865919371351895 0.09714913387214526 0.09548997660154333 0.15350142731004132 0.12088237400665758
0.08589418096960787 0.1376839397651088 0.10898247335217834 0.1200321526157359 0.11382413128591458 0.2081314266636375 0.0814131122089339 0.14403858313888307
0.10424455064727714 0.0685784792449004 0.22663763794024727 0.1371569584898008 0.09897917341298057 0.09299207605746307 0.15183839116494025 0.11957273304239047
0.08240902934453036 0.11078169986775209 0.12996952314528443 0.1329380398413025 0.10509152530462637 0.1729341028138992 0.09970352988097689 0.1661725498016281
0.050776297726765084 0.08289851941917745 0.07911915890227568 0.1036231492739718 0.11577599170600268 0.24342137220111298 0.11713921222275073 0.2072462985479436
0.09147176051318973 0.07019872579676796 0.21128615368518788 0.14039745159353592 0.09868443760726978 0.10507108326483451 0.1565326811050318 0.1263577064341823
0.0914897778828556 0.06755394203766957 0.26340956621292294 0.13510788407533914 0.09203682607374696 0.07816969998357363 0.15063520806608702 0.1215970956678052
0.089811914346764 0.06627543053358952 0.2825742513870583 0.13255086106717903 0.08929420051106846 0.07241324895927843 0.1477843182346011 0.11929577496046112
0.09924305365052634 0.06470835842723974 0.2940475639424415 0.12941671685447947 0.08884829624732585 0.06764155530351461 0.14326962549620845 0.11282483007826416
0.08579022269061487 0.1376616432104568 0.12282729686583195 0.12001271459373157 0.11229100715658838 0.1960019298110718 0.08139992815922661 0.14401525751247787
0.08102271821014709 0.13177641690231995 0.12432571998820417 0.16472052112789992 0.08403504661064748 0.18207849522408767 0.08379261292158388 0.1482484690151099
0.10353449239553314 0.06889494003673996 0.2344870607570766 0.13778988007347992 0.09314862913779352 0.08948142539047982 0.15253906137560655 0.12012451083329018
0.07666596927077846 0.1142953570074237 0.1328955388252949 0.14286919625927963 0.09397134185765166 0.17095697597953344 0.0969025852889027 0.17144303551113554
0.10231999944549594 0.06864638334376937 0.23783383140514622 0.13729276668753873 0.09482464431050074 0.08740250845231372 0.1519887364225093 0.11969112993272607
0.06717201504003263 0.10027024563850731 0.08188506085940672 0.08741508594126278 0.14061911528501522 0.24899125168051797 0.09881705367273183 0.17483017188252556
0.0700714863187469 0.11042904151113087 0.09582915911156725 0.13803630188891358 0.10185201668861768 0.224513810063586 0.0936246221507414 0.1656435622666963
0.07135831148699415 0.1121221833655684 0.10005644911562837 0.14015272920696054 0.09556849680711664 0.21749844298552784 0.09506011198385148 0.1681832750483526
0.07076025127787969 0.1237423532196959 0.10004513252449683 0.13850539580300744 0.09347078503602577 0.2133268169784629 0.09394279019682243 0.1662064749636089
0.0987915719411366 0.07742629085603912 0.21723975076934784 0.137120574624404 0.09472425247442702 0.09840983434517474 0.15287920782750714 0.12340851716196359
0.10045793104975448 0.07136493150686565 0.26291537230261913 0.13201350958400251 0.09149004765241416 0.07576083784702557 0.14718521143171623 0.11881215862560228
0.07841082837323902 0.12089128670083395 0.13824271881945488 0.14052857914759317 0.09428402176970672 0.16369323392064958 0.09531503629141103 0.1686342949771118
0.10247995236465007 0.06852286313658197 0.23996773779458025 0.13704572627316394 0.094716419665612 0.0860762868703679 0.15171525252869594 0.11947576136634808
0.11666490585941647 0.0815599404756597 0.19716392097261376 0.09509396628759975 0.14068950965992633 0.11335142940496373 0.14136356779470052 0.11411275954511971
0.1032308935743962 0.07102944322077895 0.25301747380524614 0.13064922711567842 0.10099191051552107 0.07783260907260921 0.14566413829165936 0.1175843044041106
0.11617521096772988 0.08124400215292013 0.2006151792829886 0.09445468280126587 0.14314525410838055 0.11060682136988138 0.14041322995531463 0.11334561936151903
0.10519158148868282 0.07069801079379692 0.2538463179215574 0.13003115884514535 0.10113738221970683 0.07709246747596704 0.1449750382945128 0.11702804296063084
0.10204334591790662 0.06952948500259627 0.27555116403715274 0.12934273773619806 0.09199101746117738 0.07092628574964455 0.1442075001327462 0.11640846396257826
0.11780122776943405 0.08067894254422268 0.2073197427990709 0.09390287221056691 0.139724187537123 0.10829665403656671 0.13959292645033528 0.11268344665268029
0.1052404119251581 0.07043922130942486 0.2562939787439202 0.12960800952924728 0.10077869526948743 0.07648921626084589 0.1445032583855936 0.11664720857632258
0.10191977841524567 0.06940795810634404 0.2763731619849592 0.1291384249011954 0.09222573269114678 0.07073065492108847 0.1439797065689447 0.11622458241107586
0.1006577566467617 0.06893808742787452 0.2839421895784616 0.12838745621381134 0.08999825388463022 0.06938511313107946 0.14314243252495085 0.11554871059243021
0.07976463279269404 0.11997206656890214 0.14272620064611502 0.1397003153721623 0.09486599172480141 0.16057715706587258 0.09475325738285792 0.16764037844659474
0.07634631373133907 0.1251789322016132 0.10996168635837507 0.13896416517286336 0.09509926307171314 0.19343868574810943 0.09425395550855081 0.16675699820743606
0.10201372864079498 0.07698915790835707 0.22054257917481054 0.13608399062828985 0.09573030470506737 0.09444115334836474 0.15172349402885452 0.12247559156546087
0.10406842071036655 0.07081593829176316 0.2632250579129955 0.13096769806827696 0.09238954292066946 0.07464320419716142 0.14601920963731774 0.11787092826144925
0.08154354818357276 0.12021980640471819 0.13805694395114262 0.1397370892774437 0.09538001744434145 0.16259988792201757 0.09477819968383137 0.16768450713293243
0.07689678201660038 0.12512335856386816 0.10887475225471435 0.13885807610703807 0.09534067355022006 0.19409466673260045 0.09418199944651277 0.16662969132844568
0.07570540592599406 0.12505714973337853 0.10192849751921093 0.13815499213047353 0.0948465669235954 0.2048162721135886 0.09370512509719073 0.1657859905565682
0.10221426403641919 0.0771093047563441 0.21714210798495734 0.13628931228465063 0.09604244172104769 0.09658977580721045 0.1519524123531851 0.12266038105618557
0.13853969935394644 0.09403616222050766 0.2171695161234357 0.10867843807166967 0.12301008701208542 0.09958715483514004 0.12116834811871231 0.09781059426450271
0.1113748821420163 0.07077582783050569 0.25923370478857316 0.128435887192338 0.09691619866517107 0.07447477145653568 0.14319642945175595 0.1155922984731042
0.10482746319386464 0.06914088543145579 0.27698627079129273 0.12855833935625208 0.09131457554209874 0.07013700578811038 0.14333295447629893 0.11570250542062685
0.10287237637939434 0.06870929464281463 0.28375708296950003 0.12796144295550638 0.08976498130164237 0.06910206355721141 0.14266745953397503 0.11516529865995576
0.10221956273904069 0.06852928937208194 0.28627081601663074 0.12767454782836044 0.08926512386542537 0.06878597425564509 0.14234759287729137 0.11490709304552439
0.10199018529328581 0.0684578123980207 0.28719588062333085 0.12756120337338683 0.0890915375682379 0.06867707543915245 0.14222122226853726 0.11480508303604815
0.10190776461101805 0.06843072540766265 0.2875352298589599 0.12751861040898332 0.08902932426152846 0.0686378617919559 0.14217373429180677 0.11476674936808498
0.08127144484942243 0.11962812476107836 0.14342241474028017 0.1393304130341478 0.09467162159926325 0.15997711827340846 0.09450236710142201 0.16719649564097738
0.07703476389562146 0.12502280287609874 0.1100490299734843 0.13880631953823638 0.09526518457618817 0.1931074207033358 0.09414689499115163 0.16656758344588363
0.10235870067055959 0.07692278855004336 0.2204527513628765 0.13597018535403482 0.09598606010386572 0.09433973749899778 0.15159660964099103 0.12237316681863132
0.10440798461455177 0.07075723005122095 0.2630722753846146 0.1308567561139941 0.09265856016974701 0.0745805955257344 0.1458955176375427 0.11777108050259469
0.08182350235500081 0.1201336271491443 0.13798598366124612 0.13963427936237216 0.0956650348648643 0.16248796963109066 0.09470846774143504 0.1675611352348466
0.07712190277517388 0.12506986735171519 0.1088334184658813 0.13879953511677792 0.09546138096083813 0.19401215980592657 0.09414229338355372 0.1665594421401335
0.10241542190937925 0.07695337336820626 0.21995592993842977 0.13601835634337572 0.09606158227916406 0.09452849875315064 0.15165031669925624 0.12241652070903816
0.12085515140560932 0.08189647318161976 0.19013098397677505 0.09465846148133228 0.14301278602564274 0.11513982950156085 0.14071616064986112 0.11359015377759875
0.12406137428317858 0.08086870413587921 0.17812891943995654 0.09286536921018998 0.1558299118065679 0.11875666951476226 0.13805060855723764 0.11143844305222796
0.10943013583452471 0.07072292809107038 0.24409295753810237 0.13004830608076326 0.10504845262178433 0.07861958817848569 0.1449941561825823 0.11704347547268693
0.10495559749614186 0.06948300391654177 0.2713258965237064 0.12921454990379583 0.09350003666343111 0.071163240317093 0.14406458026587385 0.11629309491341625
0.10314696956608338 0.06885709933039087 0.281651406209426 0.12819779763861353 0.09044536646300617 0.06939236555049758 0.1429309773672303 0.11537801787475217
0.11977873998255045 0.08021254579896964 0.20869282566679082 0.09338728461785764 0.13962860049126924 0.10740879103637764 0.13882647086475552 0.11206474154142916
0.0965040766026914 0.13786070811514414 0.14367132387031864 0.1585501413145763 0.09046880012616523 0.14959605524970115 0.08065376753828447 0.14269512718311866
0.10572295628006353 0.06830013655272892 0.24184202396390186 0.13660027310545783 0.09366573572091151 0.08355933923703569 0.1512221175607836 0.1190874175791171
0.09808771556517729 0.14322209417512952 0.11089911769484846 0.1164153985194837 0.11452738570493598 0.1981898006864381 0.07896000943060631 0.1396984782233804
0.10630253648629809 0.07730260942034022 0.218694697871395 0.1340349241185085 0.09909911082998951 0.0944957517809516 0.14943893778585945 0.12063143170665766
0.10531503710710863 0.07070856729017458 0.26215795889668136 0.13069736191114054 0.09322691534439428 0.07454872873402334 0.1457178049964507 0.11762762572002648
0.10359205487005914 0.06919495402103162 0.27833961217338293 0.12868661650122803 0.09069962440499295 0.07019320925817425 0.14347597392002587 0.11581795485110521
0.10263650515096603 0.06868565534758851 0.2842688385257376 0.1279094574974294 0.08968683397861173 0.06908469812424926 0.14260949962773098 0.11511851174768647
0.10221583080754142 0.06850329757877745 0.2864355981881448 0.12762626386032885 0.08930071164516672 0.06876090058952758 0.14229375985621737 0.11486363747429597
0.08138579922736136 0.11962739773004219 0.14317107730058254 0.1393182264702663 0.09480777019040938 0.16001375588501193 0.09449410143200672 0.16718187176431953
0.134650595747251 0.0996136018303914 0.19208516121764882 0.1105944695965455 0.12480976362865283 0.11540680506109799 0.12330458028152162 0.09953502263689094
0.11154213838625045 0.07181460194818627 0.24973665201284967 0.1296463020933231 0.09823955302937556 0.07779312890914011 0.14454595173688412 0.11668167188399078
0.08310747351820834 0.12014172890998337 0.13491500389432118 0.1394856760663136 0.09678553956518943 0.16357409082577776 0.0946076759406301 0.16738281127957633
0.07737895364213469 0.12503402977906178 0.10813101905696579 0.13875377521722995 0.09571273682673563 0.19437369898290105 0.09411125623429512 0.16650453026067596
0.10191862437517286 0.0831327991073274 0.21843932956702825 0.13488738931012792 0.09561077453338329 0.09422305987013552 0.15038937285770976 0.12139865037911511
0.10405029644246402 0.07518793451321044 0.2616343725221977 0.13018852030950728 0.09230930904184745 0.07430941430833299 0.1451504845838835 0.11716966827855657
0.10298712069793746 0.07307405129761525 0.2776310119843502 0.12807727306187622 0.09025554860078323 0.0699088471432094 0.1427966014585396 0.11526954575568861
0.1021805666347044 0.07239989809224623 0.2834939733417731 0.12729921206603742 0.08933697140604872 0.06879096608732364 0.14192912151243278 0.1145692908594337
0.08091774440182098 0.12573345680618225 0.1419111907654475 0.13831040816633425 0.09429822785470716 0.1590459444930888 0.09381053771281801 0.16597248979960108
0.10168516647773895 0.08235122878436676 0.23203694198739924 0.13346901480345905 0.0943141857301066 0.08721335776219856 0.14880799113161775 0.12012211332311312
0.10352281358214492 0.07473979611560831 0.26673579646626316 0.1295481224386511 0.09162036214889745 0.07280331030488446 0.14443648874876475 0.11659331019478598
0.13680123250909976 0.0971005608872099 0.23272393921060644 0.10643656814948263 0.11984016755374785 0.09263578989611984 0.11866883045919928 0.09579291133453435
0.08601803339947602 0.12886160259841536 0.12911290393118902 0.1357594054728324 0.09951521238110583 0.16574126324192212 0.09208029240766025 0.1629112865673989
0.0764451118557856 0.14164751475165296 0.10503952226109364 0.1355756382961252 0.09455120962378082 0.19209458693362225 0.09195565032258929 0.16269076595535023
0.10128457386784466 0.08958915133575035 0.21620163489443212 0.1341013843679706 0.09500727807224209 0.09361169552629713 0.14951303600428958 0.12069124593117353
0.13723551654746124 0.10409041636352749 0.21531523888863982 0.10733487623615805 0.12174800262900519 0.09800418378474039 0.11967037693792544 0.09660138861254224
0.11048314655708107 0.07961147943360264 0.25717001092113634 0.1270061373945714 0.09616197210506622 0.07365936480843571 0.14160236512499227 0.11430552365511425
0.082053944371644 0.13097971467677824 0.13551189490395987 0.13756583177441425 0.09534323724162305 0.16016085822050688 0.09330552068177662 0.16507899812929708
0.10150628129929436 0.0892164902361422 0.2282801867723466 0.1325712615427863 0.09414907345695996 0.08715550806148327 0.14780706324247964 0.11931413538850769
0.10317820552168716 0.07964723486036353 0.264620323573126 0.12891965167037212 0.09130707011288638 0.07256403701529258 0.14373579074293727 0.1160276865033349
0.11921172981330737 0.08978651077790369 0.20257045006202815 0.09266001866945023 0.13922618368045125 0.10760774340729158 0.13774534118622753 0.11119202240334027
0.08237538556766967 0.13406410178053865 0.12165148573658924 0.13490841188611605 0.10313454463455127 0.17047287937365643 0.09150309675753958 0.16189009426333925
0.07540740707270033 0.1460598613260755 0.10289098242218073 0.13473745923877745 0.09485243712885741 0.19297975545857435 0.09138714626630123 0.1616849510865329
0.10083021056138936 0.09270228905651143 0.21479440281878193 0.13369749290246374 0.0949219173922206 0.09366321649501214 0.14906272716140362 0.12032774361221737
0.11950636952551193 0.09308221345287855 0.18731810501243243 0.09349335562871866 0.1415095534328269 0.11391422364659626 0.13898415254657281 0.1121920267544624
0.08237745007480404 0.1349496423982831 0.11814671621354693 0.13486699574091537 0.1035752873113112 0.17276850756515919 0.09147500580688174 0.16184039488909846
0.115246884667181 0.10202535078044232 0.15607302136663817 0.09395288841784633 0.14512641611902938 0.13516469364569367 0.13966727890175365 0.11274346610141557
0.10749283831026268 0.08265973379390926 0.23422544196632766 0.12970145126542487 0.10307789853836562 0.08150389103865974 0.14460743894816772 0.1167313061388824
0.1206223857849585 0.09058259247169405 0.19288329103226468 0.09288382627090062 0.14333653445615543 0.1101527322413085 0.13807804621763736 0.11146059152508075
0.14108420475119468 0.10462396824963094 0.20400098937578304 0.10510721744894028 0.13322987540011338 0.10017054543692071 0.11718670363337072 0.09459649570404623
0.12764083200492657 0.09332809014678049 0.1805354692980181 0.09080984657109552 0.15065120411206698 0.11306780588506476 0.13499493609673305 0.1089718158853146
0.08372787430383075 0.1348153110305237 0.11651281422625802 0.13456295423962014 0.10542249053905642 0.1722142242193376 0.09126878635382932 0.16147554508754416
0.07561045880515525 0.14621059837011854 0.10171692867294464 0.1346659092560967 0.09530813935089005 0.19355025772464793 0.0913386167128308 0.16159909110731602
0.07385797020701525 0.14880036471617925 0.09803159223582233 0.1340855819544535 0.09276424049976242 0.20061254862883718 0.09094500341258585 0.16090269834534418
0.07342586068178401 0.1492892203844118 0.09706203455733929 0.13384440218820137 0.09207452336696206 0.20290925558085374 0.09078142061460613 0.16061328262584162
0.10051559786305919 0.09342998112481601 0.2123520962320412 0.1338892441813627 0.09448283461991198 0.09555341068800356 0.14927651552757898 0.12050031976322641
0.10349438107111969 0.08079195720949015 0.2585983561230025 0.12964376995006954 0.09189154078600245 0.07435747331913065 0.1445431285861223 0.11667939295506259
0.10258582407312183 0.07740653073031609 0.27592270131573166 0.12751185394981848 0.0899449475016345 0.06970127253048944 0.1421662013440513 0.11476066855483662
0.10178204209400231 0.0763760090902082 0.2823184610659445 0.12669857753410496 0.08901877577034123 0.06851795583190355 0.1412594588328006 0.11402871978069448
0.10138312766691804 0.07603622337797374 0.28467512482187013 0.12640239046835725 0.08863844488888929 0.06817330499646578 0.14092923235800428 0.11376215142152152
0.10121407508400762 0.07591870391328005 0.2855441505364666 0.1262947889587194 0.08849144194674471 0.06806226479321252 0.1408092647047215 0.11366531006284748
0.10114704116264472 0.0758768915706591 0.2858649185828701 0.12625549146118287 0.08843610551793635 0.06802415846202499 0.1407654509276173 0.11362994231506457
0.10112130627607527 0.0758617664629146 0.2859834022092661 0.1262410697149517 0.08841551269587275 0.06801060814064393 0.14074937175681926 0.1136169627434565
0.09191044303204314 0.15112733117777222 0.162499206640653 0.15718608721711708 0.0803627735373428 0.13548680075008956 0.07995987914957695 0.14146747849540534
0.10271036497302583 0.09177840656481999 0.23857241955964084 0.1309772642409767 0.08999830141817695 0.08205383022049612 0.14602987520598443 0.11787953781687902
0.11958705044735349 0.09256555429630224 0.19465355956714717 0.09310250286776499 0.1394462546511042 0.11051895106289955 0.13840312366611035 0.11172300344131798
0.10722689248252074 0.0800395168264189 0.24944655044389782 0.12811326181788082 0.10066965971038624 0.07636545684704613 0.14283672623575666 0.11530193563609271
0.12027801595382388 0.08985214386067607 0.19755596850315355 0.09263322093291029 0.1422436133090339 0.10857166776989698 0.13770550455101294 0.11115986511949236
0.10725420297058301 0.07946813943507473 0.2505062621339473 0.12792974365143206 0.10113279111396319 0.07593997423315887 0.14263211717555188 0.11513676928628885
0.08131076744798914 0.13295427352327752 0.13378753779363417 0.1372359297883848 0.09625377276426962 0.160692841862522 0.09308176107386101 0.16468311574606176
0.07543593002082104 0.14613661078244444 0.10583862442113776 0.13518403832245374 0.09367862432486987 0.18981528275740356 0.09169004338392514 0.16222084598694447
0.10077180400948278 0.09265157924497026 0.21605750304382718 0.1336217067886799 0.0946134753394999 0.09304616416351329 0.14897823130021476 0.12025953610981192
0.10342655252223257 0.08055931125093659 0.2600021125666561 0.12947571904740365 0.09180616868335835 0.07384622441598732 0.14435576437076197 0.1165281471426633
0.10252160245422368 0.07732965141262986 0.27644205185960025 0.12744565576086347 0.08988480352731137 0.06958274949706438 0.14209239530352988 0.11470109018477712
0.1017497258820033 0.0763494312923588 0.28250978844760877 0.1266743205707166 0.08899128584164964 0.06848614532317446 0.1412324141288437 0.11400688851364492
0.10136934693819512 0.07602679173135214 0.28474558410244133 0.12639353652472232 0.08862759233438182 0.06816360462506382 0.14091936087159337 0.11375418287225009
0.1012085713903098 0.07591528506383056 0.28557007259182726 0.126291508120299 0.08848757895947029 0.06805901975127265 0.1408056068147214 0.11366235730826908
0.08023547679543112 0.1319205653352673 0.14173521786008403 0.13719434951441958 0.09353739375475338 0.15769021852165643 0.0930535588010846 0.1646332194173035
0.10078106425952335 0.09024538211073901 0.23060430031480375 0.13212104219368076 0.09352954651640512 0.08650462436384944 0.14730510226668586 0.11890893797431268
0.0800343764930459 0.13717728321532 0.12905928831825117 0.1371468118401919 0.09448519106099482 0.16449955900714008 0.09302131585682581 0.16457617420823026
0.13207626040882606 0.11958803821941669 0.18406653715575869 0.10826905847664794 0.1228948281188528 0.11495120457053555 0.12071192042097911 0.09744215262898313
0.11011498173146617 0.08566377279618084 0.2445885332238739 0.12782419816690133 0.09716764222149128 0.07708465167304668 0.1425144418368288 0.11504177835021119
0.12103944051868976 0.09175807419982544 0.195985826305894 0.09259505199248169 0.14111684310728842 0.10874193762736237 0.13764876385748026 0.11111406239097804
0.10740868751657749 0.08053458208477059 0.24975992137878883 0.12785269783583508 0.10088012377279343 0.07595034251813396 0.14254621684084898 0.11506742805225159
0.12022016565723145 0.09062390802133707 0.19754173369867162 0.09251736087350002 0.14218311157532063 0.10835961633468544 0.13753327079105374 0.11102083304820001
0.08244518921106035 0.13538095055500263 0.12038344288262502 0.1346674821867343 0.10365900885242466 0.1705232641179392 0.09133968357013283 0.16160097862408113
0.10177860787458648 0.09132568475509248 0.22159456467831493 0.13267574656632994 0.09613938424157549 0.0891542837280627 0.147923556246341 0.11940817190969696
0.10336434385440801 0.08084774245740448 0.2619166862211126 0.12903458020553196 0.09185903924721568 0.07298255834646436 0.14386392748288412 0.11613112218497876
0.10236837444263623 0.07792292394251361 0.2770369457446916 0.12722120976722315 0.08977062636378479 0.06933867617832766 0.14184215477032194 0.11449908879050084
0.11865553442169992 0.08991090284719046 0.20623891903310637 0.09232633530176383 0.13837634865339807 0.10645105893213254 0.1372492984485922 0.11079160236211659
0.12209066341104288 0.09163515045768754 0.18178270902526408 0.09129392939622925 0.15281400802481057 0.11511626668017064 0.1357145577293199 0.10955271527547511
0.10797886844274818 0.08074714715202752 0.243908568742126 0.12817884587036474 0.10365476198727946 0.07726099896218198 0.14290984755994393 0.11536096128332828
0.12043241116620354 0.0907153128597551 0.19568527114132628 0.09257199730983198 0.14314020246343437 0.10875391676437775 0.13761449152327263 0.11108639677179837
0.09501120849163544 0.1559760859111967 0.1381876045583545 0.15512451867147115 0.08973008616900394 0.147447261200266 0.07891116819374835 0.139612066804324
0.10393206754993867 0.09440926858712227 0.22830492596974766 0.1314842238719374 0.09241375191407734 0.08452486326073586 0.14659509736169732 0.11833580148474364
0.10359855088378853 0.0811916522827457 0.26439475571195165 0.12867223554625157 0.0908549704344372 0.07202288292076622 0.1434599402284327 0.11580501199162638
0.1192291814259343 0.09077930218325951 0.20239985920881548 0.09255304164867759 0.13901496058679025 0.1073736923082846 0.13758631265982518 0.11106364997841309
0.12230239711915857 0.09186065585029142 0.1805845233560084 0.09134550146684273 0.15309040891415707 0.11541068845724796 0.13579122307608263 0.10961460176021127
0.14149706098258666 0.10581781231613638 0.19921114351831828 0.10493348962829747 0.13584420136567335 0.1012631414454034 0.11699301007811672 0.0944401406654677
0.12766323367115212 0.09449368508956199 0.17884065323016593 0.09069663696541702 0.1513847357383777 0.11325844853256298 0.13482664241426173 0.10883596435850042
0.10930990055438548 0.081282478621832 0.2426028756046154 0.1281826869832946 0.10338133338886925 0.07696217644782755 0.1429141301142105 0.11536441828496512
0.08159408558181362 0.13447418118047144 0.13189722589934536 0.13705992275004644 0.09663601092668202 0.16090428397459727 0.09296238238698804 0.16447190730005573
0.10137055451707971 0.09095539797902114 0.22656103339194752 0.13246954164782462 0.09443874141006352 0.0872884904203871 0.1476936531506343 0.11922258748304215
0.08014457717444264 0.1374028692896363 0.1281548589595044 0.1371670601489777 0.09468651569237825 0.16480859706393722 0.09303504949235009 0.16460047217877322
0.11468845101610123 0.10386433637862523 0.15948879637442256 0.0939916075038384 0.14231584816143972 0.13313619413735028 0.13972483742361652 0.11278992900460609
0.10718908655444358 0.0837148884980977 0.23548167892241084 0.1294419030157299 0.1023265066648691 0.08103016161126186 0.1443180620190302 0.11649771271415688
0.10398576234939821 0.07899854130762668 0.26687381838583185 0.12815434774050355 0.09258254478755072 0.07118353848926831 0.14288253397336736 0.1153389129664532
0.08069828108349027 0.13387534462086365 0.13744605106033136 0.13715955094054957 0.09437998865845425 0.1588193662175397 0.09302995629011189 0.16459146112865947
0.13201442983105321 0.11925486716431813 0.18695171266909108 0.1080291934918811 0.12262044409248349 0.11345858974514403 0.12044448886333609 0.09722627414269298
0.08402919498499359 0.1439675202776873 0.11732467545547962 0.13359100954898773 0.0988178649481376 0.17135096902313726 0.09060955430279168 0.16030921145878524
0.11546318026853551 0.10568041339806607 0.15553032599734867 0.09368671247187389 0.14333204477676528 0.1346116776405854 0.13927159048057672 0.11242405496624867
0.10743189584896609 0.08450773551009906 0.2337650837009995 0.12947559734512623 0.10260479381925273 0.08133122748313783 0.1443556286818049 0.1165280376106136
0.1040614580406742 0.07947672129717705 0.2661625706677046 0.12816118604278298 0.09265736514220238 0.07124547320086622 0.14289015817008788 0.11534506743850469
0.08067036760025928 0.13447061002604918 0.13723198401400472 0.13707056964834594 0.09434647149889822 0.1587557098729408 0.09296960376148682 0.1644846835780151
0.1009551622693177 0.09131587819825232 0.22866324355951667 0.1321871862156368 0.0937705246668247 0.08676068958133296 0.1473788479150458 0.1189684675940731
0.10292077062083689 0.08099503111143283 0.2645750009550009 0.12868186004914578 0.0911417827848869 0.07240120960355219 0.14347067083091328 0.11581367404423121
0.1021485513370014 0.07816298031050457 0.27798231126105416 0.12704473117205997 0.08951760167343333 0.0691581718843334 0.1416453943067594 0.11434025805485397
0.10151681782372536 0.07729754520523681 0.2829352402820813 0.12642475377642956 0.08878226970324672 0.06830692903289241 0.1409541657776013 0.1137822783987866
0.11827611397686978 0.09000117603703713 0.2079926323728909 0.09217605083073323 0.13787820179770974 0.10603867349920727 0.1370258904886721 0.11061126099687987
0.0944543833641024 0.15621015644968655 0.14121863046054225 0.15489216594636673 0.0886508235342444 0.14637791952061083 0.07879297137271699 0.13940294935173003
0.10364725610321249 0.09494116523151169 0.22942508825999855 0.1312515429561799 0.09204662252897705 0.08422626075468316 0.14633567550487522 0.11812638866056191
0.11980441537392189 0.09448149809567775 0.19162034828694646 0.0930386181894146 0.14005850526175223 0.11104211816400902 0.13830815480098052 0.11164634182729753
0.12257475798054607 0.09313721203836427 0.17716578413583237 0.09143412637834887 0.15357337060511506 0.11647082724831875 0.13592296995945596 0.10972095165401864
0.1082072506895622 0.08146843773177438 0.2420133460684488 0.12829829949817145 0.10392767131545735 0.07757349570773303 0.1430430294404986 0.11546846954835428
0.10392882665398938 0.07868256302858773 0.2692081231849332 0.1277393952761498 0.09265295381907028 0.07040278934651997 0.14241989294221477 0.11496545574853481
0.13592432672875177 0.10321425566965446 0.23247011649260566 0.10539524911668631 0.11925867352979112 0.0913738168094861 0.11750783744800697 0.09485572420501769
0.10928529090944816 0.08177386898085541 0.263233579222325 0.1256780349290178 0.09488740106801138 0.07190996346620197 0.1401216299880243 0.11311023143611601
0.08148705962309857 0.13496759032653283 0.13644178128387147 0.13677740379071554 0.09467950153096819 0.1587430180639913 0.09277076083196358 0.16413288454885863
0.07525915582755305 0.14906965240488002 0.10616435789154118 0.13472026473986082 0.09309731675871044 0.1886494507791073 0.0913754839105143 0.16166431768783296
0.10052322735175899 0.0948806691712872 0.215817065439066 0.13325543888881713 0.09430735375413629 0.09271648046970582 0.14856986992529314 0.11992989499993544
0.10325438563233391 0.08199019678822608 0.25970730929768576 0.12925805019548534 0.09163829755027209 0.07370643551524285 0.1441130798448172 0.1163322451759368
0.1023902718007026 0.07847188867849304 0.27617556970525287 0.12726924454234778 0.08976586940803251 0.06948912581715713 0.14189570995990117 0.114542320088113
0.1016323193394958 0.0774002325586147 0.28226741901638797 0.12650732590462022 0.08888651383600092 0.06840336849228768 0.14104622753843477 0.11385659331415819
0.10125583291302634 0.07704860777170637 0.28451627503961674 0.1262285563910328 0.08852639977140336 0.068083207026805 0.14073542033447983 0.11360570075192952
0.10109597101048459 0.0769275766787663 0.28534696179490776 0.12612691843148552 0.08838716411144593 0.0679790797900659 0.14062210159450697 0.11351422658833696
0.080086210163437 0.13357472917456636 0.1415198312577872 0.13691286659429866 0.09336129010599707 0.15738699283983976 0.09286263995091562 0.1642954399131584
0.10068894404643969 0.09103339745034426 0.23040228743573796 0.13201506221311018 0.09344237304808123 0.0864174373171841 0.14718694249730344 0.11881355599179916
0.10280268689013025 0.08089845709069815 0.26523681068230864 0.1286052475201769 0.09102330061185682 0.07230352085820414 0.1433852535784659 0.11574472276815924
0.1020998446451412 0.07812856784128144 0.2782293926276769 0.1270151630864727 0.08947404378415874 0.06912691313954042 0.14161242809790314 0.11431364677782545
0.10149765175763158 0.07728505993208043 0.28302694226542313 0.12641372541448945 0.08876621528898035 0.06829618249130438 0.14094186997705016 0.11377235287304052
0.13483897277367327 0.10260589600891466 0.2371644891512086 0.10508819941222576 0.11789020376162658 0.09066735947965744 0.11716549994169051 0.09457937947100317
0.08483233003339624 0.13925130707356156 0.1290646268644932 0.13393140848899462 0.09813770713275914 0.16322449663616176 0.09084043358383982 0.16071769018679352
0.101994392694202 0.09228813342392696 0.2249758538338022 0.13217409874811015 0.09463582751288799 0.08761074854834135 0.14736425636543024 0.11895668887329912
0.10325875423177636 0.08125024437075751 0.26313181573450595 0.12880512884056702 0.0914085024308408 0.0726128321008577 0.1436081063341844 0.11592461595651031
0.10227051003153693 0.078243937909668 0.2774387241566404 0.12710455189697586 0.08961193450015802 0.06922415484693509 0.14171208995080742 0.11439409670727829
0.11858137485276711 0.09028361660423061 0.2063200706633105 0.09227385012113831 0.13826744416642114 0.10637374774429806 0.1371712757024683 0.11072862014536598
0.12202456110268288 0.09207499332058865 0.181757021353871 0.09124147827859852 0.1527247264839683 0.1150508599058468 0.13563658562012557 0.10948977393431822
0.08256945608638595 0.13608107103383718 0.11658875080411664 0.13425760594128033 0.10568356136887591 0.17264874708449052 0.0910616805514771 0.16110912712953637
0.07514819753239381 0.14925534822829878 0.1014084013667305 0.13410218018713424 0.09505230221002098 0.19315469290654358 0.09095626134431714 0.16092261622456108
0.10057939913939819 0.09528144259827095 0.21373168019511019 0.13333749323807753 0.09480982581931167 0.09359506069430211 0.14866135440125958 0.12000374391426978
0.07986833999907354 0.13939297867188064 0.12507765129209597 0.13693488971191095 0.09460640408915973 0.16692029121176805 0.09287757736981787 0.16432186765429313
0.10109053626185652 0.09291405660248724 0.22364755729326144 0.13259351237881073 0.09413057932540617 0.08845772573311154 0.14783187126413672 0.11933416114092966
0.13640085910997693 0.1080130261582134 0.21717478628283907 0.10655623437480902 0.12085235653586072 0.09629987723084989 0.11880224937012286 0.0959006109373281
0.14446382761513685 0.10952318236685399 0.21140355822565485 0.10375189620661078 0.12574540125542355 0.09605980615282084 0.11567562159154962 0.09337670658594968
0.12825181933338103 0.09591026884054643 0.18266179147035583 0.09048009122780545 0.14790322033009 0.11171196669326929 0.13450473263118543 0.10857610947336654
0.1092643943968684 0.08202207656205726 0.24401164674773265 0.12791524804406612 0.10247962656742546 0.07656732878708994 0.1426159556551006 0.11512372323965953
0.10407148265588823 0.07891476595861784 0.26990459823833485 0.12759176787824367 0.09226491993040273 0.07016457483757406 0.1422552994105194 0.1148325910904193
0.10217457055233116 0.07780249024821247 0.2798575664263217 0.1267046713769493 0.0895379782667697 0.06862226587735369 0.14126625301280765 0.11403420423925437
0.10143346562062315 0.0773595723895125 0.28358550392692744 0.1262914813239785 0.08870684731732141 0.06815521929123282 0.14080557693882378 0.11366233319158066
0.10114551147916058 0.07718581043636914 0.28497098072505034 0.1261293032446418 0.08843144882719682 0.06799581188419852 0.1406247604832051 0.11351637292017763
0.09170932233418748 0.15342314088852585 0.1619582242017303 0.15675226204238915 0.08018187451022181 0.13515894601540607 0.07973919416938927 0.1410770358381502
0.10244931321486686 0.0943116365494911 0.23794412296170664 0.13057575262923907 0.08976422123242024 0.08185455632351075 0.14558221972245008 0.11751817736631515
0.1028888263262937 0.0814838994481536 0.26797147450003406 0.1281493092263006 0.08997976614726763 0.07131542964224037 0.1428769164060396 0.11533437830367052
