Action: 0
[0.10647062102626244, 0.10350605945767791, 0.15108510305028738, 0.10350605943564899, 0.22491397836624002, 0.10350605979258522, 0.10350605943564899, 0.10350605943564899]
[0.10311525635587396, 0.10254771928728165, 0.2527038937472542, 0.10254771928728165, 0.11140220440725024, 0.12258776834049503, 0.10254771928728165, 0.10254771928728165]
[0.21648113658712598, 0.10504482938744504, 0.15313095338624946, 0.10504482938409816, 0.1051637631027868, 0.10504482938409816, 0.10504482938409816, 0.10504482938409816]
[0.125, 0.125, 0.125, 0.125, 0.125, 0.125, 0.125, 0.125]
[0.10638051368563022, 0.10548306105849059, 0.2586338670888186, 0.10548306105849059, 0.1055431404070951, 0.10751023458449384, 0.10548306105849059, 0.10548306105849059]
[0.1038219582276316, 0.10381515374003343, 0.22777973111694144, 0.10381515374003343, 0.1493213482388794, 0.10381634745641391, 0.10381515374003343, 0.10381515374003343]
[0.125, 0.125, 0.125, 0.125, 0.125, 0.125, 0.125, 0.125]
[0.125, 0.125, 0.125, 0.125, 0.125, 0.125, 0.125, 0.125]

Action: 1
[0.10590163430542893, 0.10590176900108324, 0.10590152239405602, 0.10590152239405602, 0.1059021023882342, 0.2586884047290296, 0.10590152239405602, 0.10590152239405602]
[0.10589369613864927, 0.10589369613864927, 0.10589369613864927, 0.10589369613864927, 0.10589369613864927, 0.25874412702945515, 0.10589369613864927, 0.10589369613864927]
[0.10562855458687839, 0.10562789716803556, 0.10562789716803556, 0.10562789716803556, 0.10759276088424566, 0.2586391986886982, 0.10562789716803556, 0.10562789716803556]
[0.125, 0.125, 0.125, 0.125, 0.125, 0.125, 0.125, 0.125]
[0.10566520011256132, 0.10566520011256132, 0.10566520011256132, 0.10566520011256132, 0.10735685320687191, 0.2586519461177603, 0.10566520011256132, 0.10566520011256132]
[0.10591022511213537, 0.10565368143574123, 0.10559986351352518, 0.10559986351352518, 0.21298731488942768, 0.153049324508595, 0.10559986351352518, 0.10559986351352518]
[0.125, 0.125, 0.125, 0.125, 0.125, 0.125, 0.125, 0.125]
[0.125, 0.125, 0.125, 0.125, 0.125, 0.125, 0.125, 0.125]

