0.125 0.125 0.125 0.125 0.125 0.125 0.125 0.125
0.099626400996264 0.07845579078455792 0.199252801992528 0.15691158156911583 0.08685378548392246 0.06839735606858895 0.17370757096784492 0.1367947121371779
0.0745303753200788 0.12421729220013136 0.1056354961590544 0.1490607506401576 0.0931629691500985 0.15527161525016417 0.11179556298011822 0.186325938300197
0.07450967669499871 0.12418279449166453 0.09799683982351215 0.14901935338999742 0.1010241357052516 0.15522849311458065 0.11176451504249807 0.18627419173749676
0.09155248395069723 0.15258747325116204 0.08986880778326427 0.13732872592604584 0.12513835816319976 0.2181303709254689 0.1029965444445344 0.08239723555562752
0.07295173961840629 0.12906846240179573 0.09118967452300786 0.16133557800224466 0.08754208754208755 0.15488215488215487 0.10942760942760943 0.19360269360269358
0.09566718558506485 0.07533790864823857 0.20765721435921494 0.15067581729647714 0.09023264386507887 0.08226650183914015 0.16680432358421562 0.1313584048225698
0.07140235966144899 0.11900393276908167 0.1152024905350732 0.14280471932289798 0.09691892599255637 0.1690581330731457 0.1071035394921735 0.17850589915362244
0.07030829851812709 0.11718049753021184 0.1006288615504204 0.14061659703625418 0.10213379420602296 0.1878987570864551 0.10546244777719065 0.17577074629531772
0.06918894902360931 0.11531491503934888 0.09717310075796831 0.13837789804721862 0.10144235785544606 0.2017469831819717 0.10378342353541398 0.17297237255902326
0.06862274081261664 0.11437123468769443 0.09600947782307218 0.13724548162523328 0.10443991773736576 0.20482018406355113 0.10293411121892497 0.1715568520315416
0.06803862895065865 0.11339771491776442 0.09512555331073132 0.1360772579013173 0.10423361659705667 0.21097271251983693 0.10205794342598798 0.1700965723766466
0.06774144055208835 0.11290240092014725 0.09464677419308448 0.1354828811041767 0.10581734111984675 0.21244339990230302 0.10161216082813251 0.16935360138022085
0.08332286994225818 0.13887144990376366 0.0872950675266119 0.12498430491338727 0.1306476317847796 0.2661498642961267 0.09373822868504046 0.07499058294803236
0.08388467374712773 0.1484113458603029 0.07313022839493186 0.12938425023718717 0.1006616084965533 0.22151051890535423 0.08775627407391824 0.1552611002846246
0.12328390958072534 0.0970860787948212 0.16665823350577957 0.11650329455378546 0.13343292661250955 0.13249464603642247 0.1289739361767588 0.10156697473919755
0.0706464989148631 0.12498995961860394 0.08830812364357887 0.15623744952325494 0.08477579869783572 0.18158748180166268 0.10596974837229466 0.1874849394279059
0.0683212398561805 0.11386873309363417 0.09757359456231178 0.136642479712361 0.10260975757025437 0.2076992357805362 0.10248185978427077 0.17080309964045126
0.05652097249626743 0.09420162082711239 0.0617446296787515 0.08478145874440116 0.1423365761564132 0.28911407411497064 0.10173775049328136 0.1695629174888023
0.0794854274838551 0.15324180139795257 0.06929498806284803 0.12259882503426961 0.09538251298062612 0.24972386932390728 0.08315398567541764 0.14711859004112354
0.092564484188604 0.08575716279901008 0.185128968377208 0.14944145640087875 0.08330803576974359 0.10268651016427753 0.16661607153948718 0.13449731076079088
0.08930923725800205 0.07033102434067662 0.24996018484496801 0.14066204868135324 0.09398899245204939 0.07740138963551116 0.15571867009087534 0.12262845269656435
0.08554373172703994 0.14257288621173325 0.1237459392127679 0.12831559759055994 0.13242489454734177 0.21417089396330136 0.09623669819291995 0.07698935855433596
0.06637821331949557 0.13364547489198322 0.09291135695804974 0.14679797176426906 0.0796538559833947 0.20488824098644146 0.09956731997924337 0.17615756611712285
0.09072105111982169 0.07144282775685959 0.22197684961276737 0.14288565551371918 0.09490598903347888 0.09532035097324232 0.15818029426020191 0.12456698172990902
0.06804002272768683 0.11340003787947807 0.12765758978698857 0.13608004545537367 0.10554101205546258 0.17712120118426297 0.10206003409153026 0.17010005681921708
0.06712490784048898 0.11187484640081498 0.10667605732321474 0.13424981568097796 0.10683445612021819 0.2047402852723291 0.1006873617607335 0.16781226960122245
0.06668007202001006 0.11113345336668343 0.10177068623848663 0.1333601440400201 0.10666863875043929 0.21366671750432029 0.1000201080300151 0.16670018005002513
0.056838256346046896 0.11136980957583723 0.05442912393606392 0.08766768533058912 0.11367651269209379 0.30158064064969886 0.09910260080849204 0.17533537066117824
0.10170045592290973 0.09115564685102129 0.13398218972143133 0.10261943594630953 0.12204054710749168 0.17280771743090034 0.1525506838843646 0.12314332313557141
0.09953208155003626 0.07959630362952878 0.20474429233679528 0.14624523446887233 0.08152626130466242 0.09368259307879503 0.16305252260932485 0.1316207110219851
0.06854803271695241 0.11424672119492067 0.124612291421328 0.13709606543390482 0.1038009972879148 0.17750376107716961 0.1028220490754286 0.171370081792381
0.06716470136938649 0.11194116894897749 0.10609242870176885 0.13432940273877297 0.10676803925056595 0.20504545351298226 0.10074705205407974 0.1679117534234662
0.06977964549187589 0.12856537147286615 0.09671709723565686 0.14474085308288206 0.07853764549888557 0.20979830664476798 0.09817205687360697 0.17368902369945846
0.06717276847529373 0.11195461412548956 0.10026965481490505 0.13434553695058746 0.10114387831701283 0.21642247341553636 0.10075915271294061 0.16793192118823433
0.0694537129488072 0.12798251673965552 0.0954792986733014 0.14403167482049342 0.07815283920694599 0.21437089881752197 0.09769104900868249 0.17283800978459207
0.08156339357850889 0.13593898929751483 0.1214685543302037 0.16312678715701778 0.0856067743169092 0.18475454692646703 0.08532785789751701 0.14221309649586167
0.06137651437745719 0.09449621249059212 0.06685290891153355 0.08504659124153291 0.13901118598634393 0.28106749501963507 0.10205590948983947 0.17009318248306582
0.06716280570302557 0.12259395639433456 0.08838551571842412 0.1398059502310154 0.0865851909739773 0.23287453532792474 0.09482490537408002 0.16776714027721845
0.12832397490508712 0.09460186501279655 0.17681104187863603 0.11352223801535588 0.1287490215305923 0.13334996967476442 0.1256737840463036 0.0989681049364641
0.11255020590831367 0.08813675518140869 0.16312695662779772 0.10064323057112858 0.1351111567365497 0.13004689642550102 0.14961292186394634 0.12077187668535426
0.09665278782656239 0.07629768766606042 0.22334617714085098 0.1401530083205873 0.09666292414061191 0.08448956231906923 0.15626014509772942 0.12613770748852857
0.09401503922626711 0.06740317648357103 0.2712952170418923 0.13480635296714205 0.093773591869769 0.07194696098431545 0.14923617422491917 0.11752348720212384
0.07169754970036259 0.12372630243559551 0.13107640661108272 0.14476970426938646 0.09156375014623279 0.16525101620962274 0.09819162550445343 0.17372364512326374
0.07200843515097521 0.11190807968611359 0.10823900088509986 0.1342896956233363 0.10418066861748611 0.20079472879031632 0.10071727171750222 0.16786211952917038
0.08107820316824663 0.14886400449688791 0.08172140247981506 0.11653113135231663 0.10738578591097347 0.24554360848653956 0.07903850648244083 0.13983735762277993
0.09397657402431978 0.08075065818652222 0.20544011284319974 0.14002329452991596 0.09311191988771286 0.10456095155014052 0.1561155239012645 0.12602096507692437
0.09425964763964334 0.06774751083149805 0.2653668946227138 0.1354950216629961 0.0935481741655267 0.0754603272577251 0.14999855878036195 0.11812386503953505
0.07131920086671237 0.12306494702773714 0.13456732823427836 0.14388076331562036 0.09106544923255547 0.16585670370419206 0.09758869164015989 0.1726569159787444
0.09464516154614337 0.0695176609142653 0.23909342211949197 0.1390353218285306 0.09545495766891642 0.08712537875931659 0.1539178165948731 0.12121028056846259
0.07094326613811877 0.12862247977676547 0.1286799593219669 0.14303222249285097 0.09083223564962196 0.16923801002540806 0.09701315960384675 0.17163866699142113
0.09482222266956555 0.06967652679322787 0.23693944056165012 0.13935305358645575 0.09560937155873798 0.08784254863282612 0.15426955871190864 0.12148727748562808
0.0709612452528266 0.12866536813425497 0.12824898487645037 0.14304880518744464 0.09085999636554297 0.16953262696184543 0.09702440699670159 0.17165856622493356
0.09483381475642082 0.06968388277992438 0.23680466443983075 0.13936776555984876 0.09562503491328359 0.08789888877088516 0.15428584547122043 0.12150010330858609
0.07096146554689994 0.12866585685315318 0.12822077090586925 0.14304779541559182 0.09086142643215077 0.1695616082396584 0.09702372210796661 0.17165735449871014
0.07188838241780247 0.11179581221915004 0.10770778165941566 0.13415497466298004 0.10393570707357438 0.20220739264111734 0.10061623099723503 0.16769371832872504
0.07988719308049666 0.15801195821765954 0.08223450692414751 0.1147209083896402 0.10591342321701705 0.2437562170218017 0.077810703081669 0.13766509006756825
0.10418959839214255 0.10002318406795074 0.14522225519742796 0.09700112118907364 0.13770112267064602 0.15526269140763596 0.14419868164823485 0.11640134542688838
0.09332909613733247 0.08031338034460325 0.2300281663407268 0.13589594292083773 0.09959740416463522 0.08701582659465408 0.1515138348684564 0.12230634862875397
0.0703820700436539 0.12999780642606784 0.12837224656227267 0.14196050432390356 0.0943871242066704 0.16826138814209962 0.09628625510664764 0.17035260518868425
0.09472708282452089 0.06964006694257883 0.23677573740720667 0.13928013388515767 0.09629614379167194 0.08766829507982192 0.15418883360505853 0.12142370646398361
0.08410888091093582 0.15254854355443065 0.10809372992954937 0.11814042585897766 0.11406737983292534 0.20114250090849264 0.08013002797391527 0.1417685110307732
0.09172941961558778 0.08711880681600072 0.2170731507717049 0.13599628568760927 0.09889153651736396 0.09516843390774464 0.1516257095651405 0.12239665711884835
0.0904870345101828 0.07720879598192176 0.26104916737887424 0.13337679946669412 0.09362934417023122 0.07550456105920476 0.14870517791286642 0.12003911952002469
0.08902776473426566 0.07488721893723191 0.27762454259065233 0.1313283456438716 0.09126468448031655 0.07125062776406998 0.1464213047701076 0.11819551107948445
0.06967243218790048 0.1281651926607376 0.1399171423729198 0.14094686352198688 0.09491804248828252 0.16164534832687555 0.09559874221491285 0.16913623622638424
0.07060382323325282 0.13675938647817637 0.10817350703395591 0.13850701884405076 0.09403001657240524 0.19177393418324606 0.09394389104205181 0.16620842261286087
0.10745135610387425 0.10106234857480159 0.15424160592392053 0.09592762356603181 0.14273374264025224 0.14086731958088483 0.14260285533099654 0.11511314827923816
0.13407492517390035 0.10692638221414885 0.19155244740895325 0.10789861198918671 0.1336409644394618 0.1084990177513611 0.12029890023272011 0.09710875079026803
0.1391172089326842 0.1067950464132185 0.20339682215769272 0.10639455348451413 0.1297179016594406 0.10020138197320495 0.11862198724318218 0.09575509813606271
0.12489765513485007 0.09256090893555954 0.18033639316187677 0.09213016034730355 0.1488112594840715 0.11374975931671712 0.1369576712028572 0.11055619241676425
0.10790476242863768 0.0791521875554263 0.24291876824623432 0.12966473794987016 0.10186857479485241 0.07722619852897226 0.1445665063411239 0.11669826415488314
0.10329949669849088 0.0765357277215538 0.2685354741462343 0.12908942703365006 0.09179441591830932 0.07063989654828756 0.14392507760318896 0.11618048433028506
0.11848984055098785 0.08818065864722215 0.2027479755723914 0.09342695044959168 0.13872630400254696 0.10743049344999878 0.13888543678775123 0.11211234053951002
0.10588395849187074 0.07803006552976456 0.25178939158713726 0.1289367301756385 0.09981722202827407 0.07574474302744623 0.14375483200179395 0.11604305715807464
0.10254756525412644 0.07612396293655654 0.2717975197315366 0.128649675524205 0.09148331577605162 0.07017846531830484 0.14343478748743455 0.11578470797178451
0.07999579863791072 0.13057225260779323 0.13785783064522486 0.13843087119738653 0.09409677535421633 0.1590371830475945 0.09389224307301 0.1661170454368638
0.10057485603394241 0.08717537936219649 0.22903320829634682 0.1335912977867083 0.09370511994629585 0.08674364303412768 0.14894432753234493 0.12023216800803749
0.07964365085427183 0.133455728639231 0.12831962504093583 0.13857268840211492 0.09454186511261449 0.16519078373468565 0.09398843213360838 0.16628722608253788
0.07491671655665826 0.14316782784504903 0.10466255386397973 0.1364195915796695 0.09338824653284447 0.1912134829156372 0.09252807081055844 0.1637035098956034
0.1003571132321773 0.08997300449530364 0.21571987663439365 0.13478227507269644 0.09458586013863554 0.09300564453404686 0.15027217832731976 0.12130404756542679
0.1027175182197546 0.07899802965839654 0.25886861777479103 0.1305596638623636 0.0918244195658306 0.07396377149469813 0.1455642819480382 0.11750369747612723
0.1017653589354023 0.07620315054561394 0.2746250455649596 0.1285648825715227 0.08996594531958059 0.06982697307552413 0.14334024967302608 0.11570839431437045
0.10102659541153797 0.07537221460687551 0.28030661171769117 0.1278264293261808 0.08912168688305441 0.06878574624817661 0.14251692941292096 0.11504378639356272
0.10067874203722639 0.07510204092761232 0.282352452971104 0.12756362016421252 0.08878597536673803 0.06848599357536503 0.1422239168099504 0.11480725814779127
0.10053687903585211 0.07500983762510939 0.2830897169129697 0.12747017336572947 0.0886596538478451 0.06839085258005424 0.14211973060328345 0.11472315602915652
0.07960409635434135 0.13018600135895603 0.14029985396536232 0.13829545017940595 0.09360148701331486 0.15825817861773525 0.09380039229559708 0.16595454021528713
0.10039760935458555 0.08703925260501505 0.22996604810745055 0.13346149481019973 0.093679681428233 0.08654096146500924 0.14879960690032717 0.12011534532917975
0.1022486532338104 0.07818013022263619 0.26412331275965056 0.1299095777076964 0.09121485795866131 0.0725653637811419 0.14483948439947641 0.11691861993692676
0.07995434706287984 0.13113251920598332 0.136159679646017 0.1384822230680096 0.09421043690663315 0.1599550533914329 0.09392707303743263 0.16617866768161155
0.08671886521902879 0.16492584792328013 0.1230195775237014 0.15779254416719563 0.0810219359692429 0.16423955828376247 0.08026838116331256 0.14201328975047603
0.09662720685739924 0.06998830552588677 0.23514512616323505 0.13997661105177353 0.09395566240862521 0.08731633384830094 0.15495986245861784 0.12203089168616156
0.09469805432573966 0.15410405789536055 0.10794221274285162 0.11550032226729189 0.11325619249347202 0.1975594245384579 0.07833934901607623 0.13860038672075026
0.13506886761567094 0.11785881964006004 0.1743931903451036 0.1076636807976737 0.12693004827884818 0.12115111111837572 0.12003696948636158 0.09689731271790633
0.11059401446235478 0.0829423258960537 0.24011914474488727 0.12928995942866606 0.09818792632953403 0.07835700939417709 0.14414865625852766 0.11636096348579944
0.10429839259525989 0.07707065936283403 0.26733254408660195 0.1289818449520038 0.09163722771663421 0.07079053921919573 0.1438051316106669 0.11608366045680342
0.10215991525181986 0.07562187215640041 0.2775261640407812 0.1280230090920861 0.08966189971280696 0.06905033038145446 0.14273610118177363 0.11522070818287751
0.11837863124815513 0.08777058272615812 0.2052664938071123 0.09312194696662791 0.13855206478249218 0.10673191548448371 0.13843202862501702 0.1117463363599535
0.14000018978221787 0.10240364266992508 0.2077350762087472 0.10580347136481416 0.13152427937943748 0.09934724157620273 0.11796297479032264 0.09522312422833273
0.11082879239881872 0.07961562969745532 0.25261840700228755 0.12771398700667477 0.09801742728010612 0.0738716036907607 0.14239156461788963 0.11494258830600727
0.08186808956436008 0.13126632827535892 0.13351182411942902 0.13815510993667543 0.0955509165546442 0.16015639462499412 0.09370520500052769 0.1657861319240105
0.10161307836951282 0.08730895418057953 0.22711100311977964 0.13358257754853456 0.09425912188219554 0.08696633998817153 0.14893460511754525 0.1202243197936811
0.1032416862997422 0.07822086136264754 0.2629036313000744 0.12988523410644634 0.09140301803580322 0.07263651509871535 0.1448123431007693 0.11689671069580172
0.10238288079509351 0.07590785707227651 0.2759261696315365 0.1282239761353043 0.08974611099612022 0.06945126241047377 0.14296016443742138 0.11540157852177388
0.10175005521427812 0.07522222573809563 0.28062072672824817 0.1276158152867473 0.08902466287699178 0.06863016992114832 0.14228211047641823 0.11485423375807256
0.1014533766165737 0.07499987677782213 0.2823126565889804 0.12740010607266225 0.08874277887223755 0.06838949880591202 0.14204161080041594 0.114660095465396
0.10133209068301582 0.0749241018105934 0.2829231942264327 0.12732347272164057 0.08863758277873912 0.06831226199716804 0.1419561703329336 0.11459112544947654
0.10128535452794354 0.07489756727785024 0.2831437506760071 0.12729607611590324 0.08859909161353043 0.0682860661223933 0.14192562516205925 0.1145664685043129
0.10126786077354598 0.07488813607838299 0.28322348450753576 0.12728623294022592 0.08858512191460322 0.0682769033837582 0.14191465075574441 0.11455760964620332
0.11835276242510534 0.08752413847483802 0.2069130672765785 0.09297876419572314 0.13804133958377576 0.10639623318979767 0.1382191778193138 0.11157451703486776
0.10646074996067585 0.07771956613655656 0.25315050010566087 0.12853239085767876 0.09977028759856688 0.07538332973210546 0.14330402383684482 0.11567915177191089
0.12002120027681037 0.08825537992566161 0.19762244839922058 0.09324753910591023 0.14187290311418155 0.10846475247577055 0.1386187297753531 0.11189704692709226
0.14081958783358198 0.10258180793407672 0.2050425625974979 0.1058849369368382 0.13251917517519637 0.0998016834560454 0.11805380282360915 0.09529644324315438
0.1460538009838756 0.1046987382655083 0.20655351777142225 0.10493223620641669 0.12912077427894159 0.09721030730180208 0.1169916126062586 0.094439012585775
0.11225487922675172 0.07993513218264378 0.2520162739414589 0.12763569838706906 0.09749256321654873 0.07348904584770202 0.14230427864946357 0.11487212854836217
0.08217327867884858 0.13134959623938405 0.13338564724241955 0.13815135331322287 0.09544162269356825 0.16001422082685107 0.09370265702983813 0.16578162397586743
0.13314764049794728 0.11431749343504732 0.1857792967186265 0.10929751226323606 0.12341029859585846 0.11382142780962949 0.12185856964274228 0.09836776103691244
0.12609500785636213 0.0939367011260415 0.17480339235499057 0.09214363483575853 0.14821528287632568 0.11725591721266285 0.1369777019349485 0.11057236180291023
0.10910305630664575 0.07933323615233351 0.2405081863340003 0.12953834332556458 0.10271301216538256 0.07779407095560739 0.1444255857674578 0.11658450899300812
0.10427582703526815 0.07648385480025661 0.26740561627969944 0.12890409143568507 0.0925350968382727 0.07066338907622875 0.14371844224247274 0.11601368229211656
0.10244811650469256 0.07549674894934397 0.2774772208661757 0.1279471317356571 0.08983001781320557 0.06899684197698905 0.14265150359184456 0.11515241856209141
0.10172864683994211 0.07511118149310828 0.2811583327611598 0.12752433648694947 0.08901319620955585 0.06851228492961026 0.14218011844141978 0.11477190283825452
0.10145137960878355 0.07496381028077495 0.2824942269115186 0.12736340858138898 0.08874643724505034 0.06835297381296847 0.142000695836265 0.11462706772325006
0.11843601887125361 0.08754009008414758 0.20668357419203207 0.09298151294881632 0.13813914206754288 0.10641858227222331 0.13822326402540458 0.1115778155385796
0.1401599947923716 0.10229138339110341 0.20815466324861415 0.10572503971483876 0.13142184546676608 0.09921900828924285 0.1178755293537083 0.09515253574335487
0.11092285622553653 0.07957340053963534 0.2527449733725338 0.12766537594472913 0.0980293033800686 0.07382788527572902 0.14233736691151141 0.1148988383502562
0.10424173489018525 0.07618528775148385 0.2718309615109927 0.1282993843126088 0.09121542953976877 0.06971351718597298 0.14304423892763993 0.11546944588134792
0.11931836676681605 0.08787846963680684 0.20345769220749216 0.09312766798826977 0.13911438471000878 0.10690968379674748 0.13844053330793535 0.11175320158592372
0.1067902943290156 0.07784444665683066 0.25180652301927875 0.12865026048988126 0.10015178335692983 0.07553601802666132 0.14343543968050937 0.11578523444089313
0.10340639648207003 0.07599353146777527 0.27159530928989917 0.12843585846732627 0.09172657863157724 0.07005365561524689 0.14319639742551152 0.11559227262059364
0.13599000132129158 0.10030178033787647 0.23221406847479004 0.10633579435542129 0.11927401663470018 0.09162564875678815 0.11855647519925328 0.09570221491987915
0.10931959092192223 0.07879813085182164 0.2620893172016926 0.12692295902052278 0.09498531451600548 0.07214439692429546 0.1415096274452694 0.1142306631184705
0.10359610803942557 0.07585242123285706 0.2752844182056047 0.12791886672264824 0.09035697695488962 0.0692442385825224 0.14261999021166902 0.11512698005038341
0.08069537119153032 0.13035217344741404 0.13856281748105362 0.13822131282091793 0.094039652403414 0.15851298944420686 0.09375010782636173 0.16586557538510152
0.13261987488472907 0.11404272856574962 0.18761869574959034 0.10922932519311147 0.12297866702488502 0.11342176975999349 0.1217825461481407 0.09830639267380031
0.14444686477384938 0.10766882295519944 0.2011530391701968 0.10566526537552798 0.12739504976548635 0.10076333369561653 0.11780888542614837 0.09509873883797519
0.14720338549746653 0.1057715599995217 0.2051882735264208 0.1049740438614279 0.12788848460576258 0.09745938801249358 0.11703822502162184 0.0944766394752851
0.1125556367614409 0.08012720032861995 0.2514807169805076 0.12767821792959175 0.09734124193981672 0.07355490515711442 0.14235168476627616 0.11491039613663258
0.10463690024956661 0.07629144663447862 0.2713435390148442 0.1283377581750435 0.09110969709932878 0.06968965354866541 0.14308702292053357 0.11550398235753914
0.1194286848409146 0.08790307472975918 0.2033114398055661 0.09313451133360962 0.13909926667410208 0.10691090261530631 0.1384507064004107 0.11176141360033152
0.08240105855099382 0.13162408950113436 0.12137546997474917 0.1359494928323043 0.10301466228236171 0.1702866142343026 0.092209221225389 0.16313939139876513
0.10198279612227414 0.08756663718981095 0.22202950730757048 0.13381778537192218 0.09608285865280503 0.08888756423308745 0.1491968442877998 0.12043600683472999
0.1034967019103947 0.07836955846954612 0.26097902182703386 0.13006980216029718 0.0919522060522172 0.0730517649291658 0.1450181227070776 0.11706282194426747
0.09263390155425119 0.15044817205198197 0.15541671844693436 0.15879101665051543 0.08127836246937523 0.1377436140670853 0.08077629977439263 0.14291191498546388
0.10321996718799516 0.08954713838298722 0.23526864868019542 0.13230818211281473 0.09055080052966084 0.08251414989395865 0.14751374931085462 0.11907736390153327
0.10333069841831578 0.07832858556371784 0.2658580377856116 0.12947024223572806 0.09044102621100902 0.07169853363900143 0.144349658134461 0.11652321801215525
0.09256094457020482 0.1503650805938294 0.15659759855711247 0.1587005253914712 0.08096886379890582 0.1372462469717953 0.08073026726435709 0.14283047285232406
0.1031659114685322 0.08950225309755472 0.23572753453557946 0.13225814701433042 0.09045398680545848 0.08240187085564026 0.1474579639100072 0.1190323323128974
0.10330347842626893 0.07831010331332992 0.26602740202729247 0.1294497130473166 0.0904081668762359 0.07166962494556017 0.1443267696214112 0.11650474174258492
0.09255410534718117 0.15035711020915302 0.15663863353224663 0.15869737986471172 0.08096167876487774 0.13723478325501834 0.08072866714857076 0.14282764187824054
0.13537259828752057 0.11744355293914009 0.19334204956417814 0.1084684224350432 0.11869207148036176 0.10812552874553491 0.12093419635668248 0.09762158019153888
0.11052353969222536 0.0824369990109717 0.2474826360579806 0.1286026315993361 0.09604704999132767 0.07578243818680973 0.14338233702194636 0.11574236843940248
0.1211992137955785 0.08916599946686078 0.19595270633572276 0.09333639829162114 0.14092692822831968 0.1086642510088851 0.13875082492306665 0.11200367794994537
0.1074423322993733 0.0782082053299955 0.24890891686366934 0.12893102362910128 0.10073813384392681 0.07598499713947597 0.14374846962826662 0.11603792126619115
0.10364359322871401 0.07611752708200019 0.2705245741458219 0.1285585349163592 0.09193024547665933 0.07018967121449773 0.14333317251122438 0.1157026814247233
0.10220552722147917 0.07536388360855541 0.27861099133933515 0.1278071215583522 0.08964097501633783 0.06884968916075308 0.14249540269267028 0.11502640940251695
0.13546138499032806 0.10004245527187405 0.23454560730502705 0.10618315024110649 0.11857020169897144 0.09124607687255298 0.11838628840314408 0.09556483521699582
0.10912642803396182 0.07870392479037579 0.2629702337671013 0.1268303731072083 0.09478291282398951 0.07203239061955556 0.14140640106132027 0.11414733579648746
0.10352461331027989 0.07581668352584817 0.2756070315602522 0.12788035094791572 0.09029540519514678 0.0692065516102793 0.1425770479971538 0.11509231585312416
0.13590247525413543 0.10017146809003966 0.23351746874691068 0.10622544107214056 0.11878921471000915 0.091357595638123 0.11843343952371493 0.0956028969649265
0.10925624657377327 0.07874583035257705 0.2625773255598433 0.12686743565436398 0.09485381675589691 0.07207092997908089 0.14144772303553713 0.11418069208892757
0.09364288652761113 0.15027960414528188 0.15566849616962716 0.1584111367274978 0.08166657111344292 0.13717822575258581 0.0805830565092054 0.142570023054748
0.10342160381781793 0.08949652533214121 0.2353234164541147 0.13226069703987187 0.09060449382402608 0.08239782919795804 0.14746080699818548 0.11903462733588466
0.11987561730136667 0.0908213727323725 0.19270168070556426 0.0938331537826606 0.13985226375292523 0.11082684186124647 0.13948928532467159 0.11259978453919273
0.10728378604761712 0.07857229650381926 0.24774021095240542 0.1291272636259322 0.10064959922156574 0.0764450438053642 0.14396726257995723 0.11621453726333897
0.10365314127241156 0.0762070198963 0.2701083623317801 0.12862114120871757 0.09195257640511335 0.07029575794273908 0.1434029738550926 0.11575902708784583
0.1022224656747373 0.07538867764110398 0.27846220205600924 0.12782770275596111 0.08965856667032926 0.06887710352940017 0.14251834919209394 0.11504493248036499
0.13547094976765625 0.10005095292589147 0.23449730739268912 0.10618726990115815 0.11857893103266048 0.09125516455223784 0.11839088151666438 0.09556854291104232
0.14397186227316455 0.10383477613039248 0.21681505550052022 0.10457863761436059 0.12504816415031145 0.0950333539142556 0.11659737656407068 0.09412077385292451
0.11146193135206789 0.07956865975213391 0.25595683335631897 0.12724787334363355 0.09645354583855383 0.07291618767982133 0.1418718826682004 0.11452308600927019
0.13849372647370065 0.10109686575465172 0.22666670540911873 0.10640049598599295 0.12063914727411659 0.09231400002616502 0.1186286126888608 0.09576044638739366
0.11004033180050854 0.07903206753580558 0.2599484910473492 0.1271063245212212 0.09540294901974354 0.07236007771171715 0.14171406629455555 0.11439569206909905
0.08176511709500142 0.1310743856653849 0.1351104972677413 0.1380939229260136 0.09503342322209614 0.15954624206707613 0.09366370424547012 0.16571270751121633
0.1015571357673831 0.08723221643331909 0.22772871111546847 0.13350476191938623 0.09415624849159426 0.08681879404721995 0.14884784649818134 0.1201542857274476
0.10322840676928975 0.07818650800175014 0.2631175108536938 0.12984267770152028 0.09140979722991643 0.07259179362733352 0.1447648958851278 0.11685840993136823
0.10239251734963917 0.0758901102145147 0.27598917138485174 0.12819914190823606 0.08978465150679645 0.06943270379100881 0.14293247612754076 0.11537922771741242
0.10176953213488102 0.0752108522055231 0.28062899589752915 0.12759795527332965 0.0890729466811734 0.06861936016727274 0.1422621978942944 0.11483815974599669
0.10147668657782662 0.07499088069327649 0.2823012731757206 0.12738482754546013 0.08879418509128627 0.06838122574274155 0.1420245763827742 0.11464634479091412
0.13514687137053158 0.0998912463968847 0.23576172311574836 0.10609442423506671 0.11825724797785593 0.09107613956459926 0.11828736552775347 0.09548498181156004
0.10901683482628448 0.07865224223629692 0.2634291897159418 0.12678172265535434 0.09468581807478287 0.0719784826633869 0.14135215943813387 0.11410355038981891
0.1376091103079207 0.10079158259994572 0.22919389642339758 0.10626353601849481 0.12002686101028577 0.09200191867731675 0.11847591254599349 0.09563718241664533
0.14469916718588097 0.1040505136452443 0.21497332895319765 0.10464798632899958 0.12551561926419286 0.09525550172076916 0.11667469520561596 0.09418318769609961
0.08658702329667935 0.13533131483202052 0.12368247378294162 0.13521149882756697 0.09985567883654395 0.16536954306116522 0.09170866877000194 0.16225379859308037
0.10283874622679896 0.0880529337645147 0.22285887692560946 0.13365551513876978 0.09532021237700904 0.08796782685485166 0.14901592508755376 0.1202899636248928
0.11990441222360142 0.09071018870241136 0.18889378599396822 0.09400354899113195 0.14153885009195233 0.11240236596105788 0.13974258924651853 0.11280425878935835
0.10741076133278275 0.07864461366995606 0.24627672454045038 0.12927930942061977 0.10110840408531607 0.07679202617798442 0.14413678229433277 0.1163513784785578
0.10372897263623271 0.07625379053831396 0.2695694541804218 0.12868489409957862 0.09208749441215561 0.07038493587295251 0.14347405357072418 0.11581640468962075
0.0807400433800088 0.13049915026754896 0.1373210668545606 0.13828357361724342 0.09443528879895874 0.15898825185277007 0.09379233688821728 0.16594028834069208
0.10127186923536535 0.08709970062834567 0.22863522874905687 0.13344436702824872 0.09398656047382303 0.08668183285809221 0.14878051070164447 0.12009993032542385
0.1031372363850507 0.07814552661316446 0.2634585132270545 0.12980651006159097 0.09135153889105341 0.07255024410096979 0.14472457166568425 0.11682585905543186
0.10236142889109744 0.07587572015827787 0.2761141891897118 0.12818446036314374 0.0897635698362769 0.06941850993426256 0.14291610730040055 0.11536601432682934
0.13558930662888422 0.10020851321412347 0.2337421990280065 0.10625741448019663 0.11867598707957339 0.09142581904941662 0.1184690874876222 0.09563167303217696
0.10918247544150667 0.07874950916253211 0.2626701969476099 0.12686512742930176 0.09482866051760139 0.07208026627822828 0.14144514953684836 0.1141786146863716
0.09362726152441367 0.1502794481831921 0.15569070373233357 0.15840974197655394 0.08166165079093295 0.1371800790082109 0.0805823470054644 0.14256876777889854
0.1034173864168106 0.08949596366671268 0.23533221743875185 0.1322598439832338 0.09060322715555429 0.08239764585033144 0.14745985590369495 0.11903385958491039
0.09263392660150656 0.15382202224256755 0.1489139032237229 0.15892313650196516 0.08105397150414621 0.14077870850593202 0.08084350856839098 0.14303082285176863
0.08912236115790276 0.13585724310547684 0.13611403509345535 0.16302869172657217 0.08620470192226756 0.16226884315008114 0.0852765464415916 0.14212757740265267
0.09051528432789525 0.1690527758700556 0.08721064811363753 0.11176152194733718 0.10790896915918664 0.2236335071851501 0.07580346705993303 0.1341138263368046
0.1037910225700315 0.09354917376155274 0.20602383467749336 0.13311370163639935 0.09710256386037802 0.09820552855513148 0.1484118434662542 0.11980233147275943
0.10433883564161368 0.07961145605530671 0.2548595297958181 0.13060311521755685 0.09254529271709512 0.0748862399103682 0.14561272696644023 0.11754280369580115
0.0928270565885646 0.15086417771062724 0.15389765884845444 0.1588541686795408 0.08140830365180692 0.1383714577724353 0.0808084249369838 0.14296875181158672
0.07821329710543393 0.11193072371695201 0.11351678071428337 0.1343168684603424 0.10208775419155615 0.19130083889074723 0.1007376513452568 0.16789608557542798
0.07491828905596352 0.13730845219085086 0.10121424977889343 0.1360270677100945 0.0948141094275395 0.20022351335508945 0.0922618372294554 0.16323248125211337
0.10093941857183036 0.0890657334590078 0.21414646721967798 0.13474898517653297 0.09502228452432243 0.09456796181233065 0.15023506257741812 0.12127408665887968
0.08018050279371808 0.1337666861608737 0.1249115445942372 0.13838001379381998 0.09497791092526 0.16786957669326402 0.09385774848624312 0.16605601655258398
0.10152157979983932 0.08793660711063048 0.22374270572824306 0.13395089795477014 0.09445082093082922 0.08849632543249425 0.14934525488390044 0.12055580815929312
0.13692213888381646 0.10385932146194093 0.21663918417469955 0.10765997845567421 0.12133523101603146 0.09665732374640429 0.12003284165132633 0.09689398061010679
0.09804238375145852 0.15567892766753366 0.14266754393996248 0.1556996824303403 0.08540639899768201 0.14317159752854366 0.07920375149717312 0.14012971418730627
0.10272374739869054 0.06891021031423743 0.24131944836372562 0.13782042062847485 0.09358855789244007 0.08291360844449712 0.1525728710254178 0.12015113593251654
0.08078006495915475 0.12901194399019175 0.13129693870385595 0.13888684680405267 0.09501741775332295 0.16414105814007088 0.09420151348448792 0.1666642161648632
0.10148382603129939 0.08703917073255417 0.22629944254537815 0.13372430213847242 0.09429449436694784 0.08771427480185899 0.14909261745886399 0.12035187192462515
0.08032078252807007 0.1333089701361389 0.1276589102744573 0.1384217366471668 0.0948776881706695 0.16541978080186234 0.0938860474650349 0.16610608397660018
0.10147285554736778 0.08779456693136171 0.22483390116038302 0.13384421327653837 0.09435443177534401 0.08801392993090544 0.14922630942921514 0.12045979194888452
0.10331060219764653 0.07835023727826913 0.2620572551515996 0.1299810331404447 0.09154003947911789 0.07285875105202604 0.14491915187449583 0.11698292982640025
0.13629613372606364 0.10103429096304906 0.22916733427311134 0.1066394664487815 0.11952758320501483 0.09246462465882285 0.1188950469212534 0.09597551980390334
0.10949459403826065 0.07898891908745088 0.2609549244364124 0.12705865030052738 0.09513538250656502 0.07235383126404955 0.1416609130962596 0.11435278527047464
0.1036726431647462 0.0759095418727684 0.2748706385100603 0.12796956495051465 0.09042458633816158 0.06930390175599549 0.1426765149522902 0.11517260845546318
0.10206519207213242 0.07522084863361905 0.2801779094901939 0.12760526402537511 0.0892104651339893 0.068605236414457 0.14227034660739585 0.11484473762283762
0.10155317615319216 0.07500048127204344 0.28213096664092846 0.12739873847023658 0.08883134368257083 0.06838634313204431 0.14204008602577123 0.11465886462321292
0.1013786743407375 0.07492110979497553 0.28284195590397626 0.12731569169642482 0.08870189364294079 0.06830905702367124 0.14194749507049156 0.11458412252678232
0.11840658903865159 0.08752402529807488 0.20678150068260068 0.0929711275940153 0.13814630975940126 0.10639726901646883 0.138207825497969 0.11156535311281834
0.10648153632517775 0.07771419537535187 0.2530818980119416 0.12851973571467806 0.09986585848044369 0.07537909965238397 0.14328991429681268 0.11566776214321026
0.10329668040103986 0.07594291976908801 0.2720652427738268 0.12838054867028775 0.09163744995067759 0.06999993350241081 0.14313473112941033 0.11554249380325896
0.13594416517917118 0.10028118589527588 0.23236824370940481 0.10632359930629613 0.11924403681482226 0.0916046510898063 0.11854287862955701 0.0956912393756665
0.10930381353861247 0.07879086489415059 0.26214656330707703 0.1269157200176849 0.09498010587138966 0.07213722785783974 0.14150155649732926 0.11422414801591639
0.10359031039832131 0.0758495291020572 0.2753045989667332 0.12791551700590856 0.09035835602769018 0.06924146766648888 0.1426162555274831 0.11512396530531768
0.10203264721279535 0.07520097630511 0.2803350853989677 0.12758569024858024 0.08918463891041603 0.06858531739340938 0.14224852330699916 0.1148271212237222
0.10154084060365191 0.07499359886624618 0.2821878288619532 0.12739169937248043 0.08882166875194969 0.06837959615140722 0.14203223795707892 0.11465252943523238
0.11846024569719442 0.08754587849175692 0.20658608187604893 0.09298201068256164 0.1381973889336997 0.10642597755961763 0.13822400394004683 0.11157841281907396
0.0822259154103107 0.1315201134381463 0.12208794400607523 0.1359327359700074 0.10282191449303439 0.17009423781702082 0.09219785570139633 0.16311928316400887
0.10192175468136404 0.08753285174263639 0.22231546471874777 0.1337903177478098 0.0960244308182602 0.08883767438141567 0.14916621993673718 0.12041128597302882
0.10347377557894005 0.07835731028298802 0.26108574726653466 0.13005729643578703 0.09193304284309914 0.07303708104293088 0.14500417975751181 0.11705156679220834
0.09262836396025216 0.15044284268691968 0.15544248536423097 0.1587888737662825 0.0812747974851438 0.13773744064901625 0.08077520969850024 0.14290998638965424
0.07818659560710935 0.11192291697290747 0.11384748229047545 0.13430750036748898 0.10205725234759579 0.19106325167944482 0.10073062527561674 0.16788437545936122
0.07491585504344679 0.13731043571654944 0.10128809080109878 0.1360307102505704 0.09481061697775767 0.20014313108776652 0.09226430782212601 0.16323685230068447
0.10093683316923387 0.08906424315551603 0.21417659658837937 0.13474637847968943 0.09501964725107478 0.09455240441941912 0.1502321563049671 0.12127174063172047
0.08018011375892599 0.1337663856406964 0.12491826619063827 0.13838003399623802 0.09497743762394623 0.16786395980531682 0.09385776218875276 0.1660560407954856
0.10152129112087102 0.08793638818446356 0.22374537919414805 0.1339506345965419 0.09445054927239277 0.08849522523556533 0.14934496125912955 0.12055557113688772
0.08032519327096793 0.13354002085070907 0.12709176365214855 0.13842687275640672 0.09490821948042996 0.16570615159469554 0.09388953108695414 0.16611224730768806
0.10149111931294988 0.08784558106341372 0.22460950696198168 0.1338674017023848 0.09437677991396708 0.08807678671960203 0.14925216279355438 0.12048066153214633
0.11956271344845798 0.09068126193910678 0.18947012011185785 0.09401480121533644 0.1412554000371045 0.11243862535618789 0.13975931643354492 0.11281776145840372
0.14094668403671048 0.10326826713941063 0.20234297700930878 0.10610420710950762 0.13269660542117184 0.10084920018264393 0.11829827270268985 0.09549378639855687
0.12752694723359187 0.09151362979659762 0.1794182071100527 0.09159874972174015 0.15045112219531243 0.11340515066041819 0.1361676936161988 0.10991849966608819
0.0965223362467795 0.15262779022557507 0.1337594099933293 0.15647548799625857 0.09103897221231746 0.1491496637136193 0.07959840041548806 0.1408279391966327
0.1367994382075269 0.11811731320240632 0.18506129700322674 0.10861196057476402 0.12162858484895168 0.11093641097516696 0.12109423067066973 0.09775076451728762
0.14567207927797907 0.10847258474676147 0.20016427496717176 0.1056326830438823 0.12701417673715298 0.10020222792967769 0.1177725585578807 0.09506941473949405
0.11241442325456957 0.08069778463122505 0.24964060459095305 0.12794614004538957 0.09735003070627354 0.0741490927995357 0.142650397931203 0.11515152604085062
0.10467300366197388 0.07642904716636245 0.2706819797313265 0.12843023665795816 0.09117570426722808 0.06983268599538431 0.1431901295276041 0.11558721299216237
0.10242081580525259 0.07540013209949799 0.27865085484573165 0.1277867468181822 0.08947826932132354 0.06878242259576423 0.14247268637788374 0.11500807213636399
0.1016810988931733 0.07506471553535915 0.2815769399233908 0.12746596766149174 0.08892810530575616 0.06844876022856933 0.14211504155691687 0.11471937089534255
0.10142486220423505 0.07494432817734759 0.282641268982653 0.12734018607699601 0.08873694993185034 0.06833143268073216 0.14197480447688957 0.1146061674692964
0.10133405604560186 0.07490037822373573 0.2830272004796436 0.12729354197880538 0.08866878717137523 0.0682890485316035 0.14192279978830985 0.11456418778092484
0.11839167049081836 0.08751775080147842 0.20683676220035202 0.09296798254366245 0.1381320309979054 0.1063890737440038 0.13820315016938478 0.11156157905239493
