Action: 0
[0.11489449092757781, 0.10683324070477955, 0.24409685363174127, 0.10683324070477955, 0.10683324099483661, 0.10684245162672602, 0.10683324070477955, 0.10683324070477955]
[0.10766893261030887, 0.10766893261030887, 0.10949721619910929, 0.10766893261030887, 0.13682025552872873, 0.21533786522061774, 0.10766893261030887, 0.10766893261030887]
[0.13772529928412977, 0.10635034144212058, 0.22165790424190826, 0.10635034144076817, 0.1064102479030241, 0.10880518280651269, 0.10635034144076817, 0.10635034144076817]
[0.125, 0.125, 0.125, 0.125, 0.125, 0.125, 0.125, 0.125]
[0.1153413538514134, 0.10634427805774396, 0.2439918028191779, 0.10634427805762506, 0.10894100720743649, 0.10634872389135301, 0.10634427805762506, 0.10634427805762506]
[0.10941046729091647, 0.10767966377730301, 0.24450570402547614, 0.10767966377730301, 0.10768550979709238, 0.10767966377730301, 0.10767966377730301, 0.10767966377730301]
[0.125, 0.125, 0.125, 0.125, 0.125, 0.125, 0.125, 0.125]
[0.125, 0.125, 0.125, 0.125, 0.125, 0.125, 0.125, 0.125]

Action: 1
[0.10787235092474054, 0.10786643733884307, 0.10786643733884307, 0.10786643733884307, 0.10823269711224898, 0.2445627652687952, 0.10786643733884307, 0.10786643733884307]
[0.10674088619289453, 0.10674088619289453, 0.10674088619289453, 0.10674088619289453, 0.24419319958391306, 0.11536148325871966, 0.10674088619289453, 0.10674088619289453]
[0.10786917319026006, 0.10786735188168498, 0.10786735188168498, 0.10786735188168498, 0.2160986172645684, 0.13669545013674664, 0.10786735188168498, 0.10786735188168498]
[0.125, 0.125, 0.125, 0.125, 0.125, 0.125, 0.125, 0.125]
[0.10768136082223602, 0.10768136081211575, 0.10768136081211575, 0.10768136081211575, 0.10940612456493795, 0.24450571055224726, 0.10768136081211575, 0.10768136081211575]
[0.10735474325190479, 0.10671810493880969, 0.10671810493880969, 0.10671810493880969, 0.22175585871991527, 0.13729887333413146, 0.10671810493880969, 0.10671810493880969]
[0.125, 0.125, 0.125, 0.125, 0.125, 0.125, 0.125, 0.125]
[0.125, 0.125, 0.125, 0.125, 0.125, 0.125, 0.125, 0.125]

