0.125 0.125 0.125 0.125 0.125 0.125 0.125 0.125
0.099626400996264 0.07845579078455792 0.199252801992528 0.15691158156911583 0.08685378548392246 0.06839735606858895 0.17370757096784492 0.1367947121371779
0.06509140612911068 0.10848567688185116 0.06919289235371703 0.09763710919366604 0.13018281225822137 0.21697135376370233 0.11716453103239925 0.19527421838733208
0.07295173961840629 0.12906846240179573 0.09118967452300787 0.16133557800224468 0.08754208754208756 0.1548821548821549 0.10942760942760946 0.1936026936026936
0.09735095341516589 0.07666387581444316 0.21080372170226994 0.15332775162888632 0.0916080521750172 0.06683517378695043 0.16974012390336618 0.13367034757390087
0.07288136180927417 0.12146893634879029 0.11760607316343018 0.14576272361854833 0.09891928738687265 0.15183617043598785 0.10932204271391127 0.1822034045231854
0.0722405074740203 0.12040084579003385 0.10335340932918492 0.1444810149480406 0.09866443664324158 0.1718977559193975 0.10836076121103046 0.18060126868505075
0.10620857427255855 0.08363925223963986 0.14915580016656974 0.10036710268756785 0.15434485119466057 0.12151267967070588 0.15931286140883782 0.1254588783594598
0.07173525496323341 0.12691622031956679 0.08966906870404175 0.1586452753994585 0.08608230595588008 0.1689746617336193 0.1076028824448501 0.19037433047935015
0.09435962628298274 0.07430820569784892 0.2165721349003465 0.14861641139569784 0.09695394421873518 0.07510217558909274 0.1645244765959699 0.1295630253193263
0.07058838111078583 0.11764730185130973 0.12392241948209377 0.14117676222157166 0.10652317160807975 0.157788439283016 0.10588257166617875 0.17647095277696456
0.06962573815836375 0.11604289693060624 0.10573167006664137 0.1392514763167275 0.10689311590417294 0.18395214999003326 0.10443860723754562 0.17406434539590934
0.06922804583990168 0.11538007639983613 0.10196347451055882 0.13845609167980336 0.1085704453109465 0.1894896828993467 0.10384206875985254 0.1730701145997542
0.057815211015735724 0.09635868502622622 0.06357295278993523 0.08672281652360359 0.1458753133851644 0.27214200838380337 0.1040673798283243 0.17344563304720717
0.10663652438213168 0.08608008594702196 0.1332956554776646 0.10760010743377746 0.12796382925855804 0.14934888200711582 0.15995478657319753 0.12912012892053293
0.08975258615347441 0.0706801615958611 0.23195577777274656 0.1413603231917222 0.10255811576438173 0.0839641420101521 0.15649168867785282 0.12323720483380911
0.06839531786387357 0.11399219643978929 0.1285948606363275 0.13679063572774713 0.10691998375878665 0.1717257341179817 0.10259297679581036 0.17098829465968393
0.06748961337951291 0.11248268896585487 0.10641163110143484 0.13497922675902582 0.10638162265277465 0.2022967636233452 0.10123442006926939 0.16872403344878228
0.08276352573968193 0.13793920956613656 0.09392131849284636 0.12414528860952291 0.13169763912037827 0.2619368788485781 0.09310896645714219 0.07448717316571375
0.06765266234374297 0.11969317183892987 0.0845658279296787 0.14961646479866234 0.09135234887134368 0.20610077294363327 0.10147899351561446 0.17953975775839476
0.0907573408305475 0.07147140590405617 0.21881723023697178 0.14294281180811233 0.09750627340356731 0.09564455889487186 0.15824356862762126 0.12461681029425177
0.06797981147932601 0.11329968579887667 0.12743662437231298 0.13595962295865202 0.10626212972253508 0.17714287975099316 0.10196971721898902 0.169949528698315
0.06706040747597596 0.11176734579329327 0.10683879729180874 0.1341208149519519 0.10672692610205634 0.20524407848101 0.10059061121396394 0.16765101868993987
0.056106533629156664 0.09351088938192777 0.06440965963468513 0.084159800443735 0.14310020106484084 0.28940155442570276 0.10099176053248199 0.16831960088747
0.06582993343953498 0.11646834377763879 0.08228741679941873 0.14558542972204852 0.08999761018705262 0.2263838502485457 0.09874490015930247 0.1747025156664582
0.09030770327155568 0.0711173163263501 0.21871302223374364 0.1422346326527002 0.09689246121187173 0.09927585577409674 0.1574595851914304 0.12399942333825147
0.08469652619459771 0.1411608769909962 0.12006950496079806 0.12704478929189655 0.13230241279033084 0.22321542422732032 0.09528359196892243 0.07622687357513794
0.06679800854172345 0.11818109203535686 0.0834975106771543 0.1477263650441961 0.09035034311863901 0.21597802971730964 0.10019701281258518 0.17727163805303528
0.09035059757138496 0.07115109558746566 0.22008166097978554 0.14230219117493131 0.09696704484863906 0.09755471407364372 0.15753437525267122 0.1240583205114786
0.08469694567799754 0.1411615761299959 0.12077511822561765 0.12704541851699633 0.13233901551186658 0.222470610939581 0.09528406388774724 0.07622725111019779
0.10385552669434707 0.08383518419905125 0.12981940836793382 0.10479398024881405 0.14052329106650627 0.15563654308325015 0.1557832900415206 0.12575277629857687
0.10181760164470575 0.07475903388067492 0.18522387498794085 0.14951806776134985 0.09456102053657606 0.0928526527143908 0.16670148748914676 0.13456626098521485
0.1002135531198675 0.07891817308189567 0.17862818813250736 0.0947018076982748 0.15602685364757207 0.12281383501723772 0.15032032967980127 0.1183772596228435
0.07389372181700375 0.1191581750001805 0.09876726169214353 0.1489477187502256 0.09304566489824913 0.18642478610264335 0.10102540923928346 0.17873726250027072
0.06736780431879548 0.11227967386465915 0.10181414778441361 0.13473560863759096 0.10479082552954581 0.2095407225898129 0.10105170647819323 0.16841951079698866
0.06647114429138552 0.11078524048564253 0.1013704529282824 0.13294228858277105 0.10634705108543677 0.21619924546093966 0.09970671643707828 0.1661778607284638
0.05962968743496117 0.09904632654399093 0.05365414456954977 0.08634807955117157 0.12363500826903699 0.30737972199283947 0.097610872536107 0.17269615910234315
0.061066046910104574 0.10192792728265944 0.12143971492189799 0.20385585456531888 0.05829674069313726 0.16624285963051977 0.10370058688757526 0.183470269108787
0.09008813212777762 0.0709444040506249 0.2370504437824219 0.1418888081012498 0.09048809470695378 0.08876543876606502 0.15707674319715073 0.12369793526775623
0.06776160956291707 0.11293601593819515 0.13280777908827276 0.13552321912583415 0.1051775244879409 0.17474741354517176 0.10164241434437563 0.1694040239072927
0.06688640865331708 0.11147734775552845 0.10870938033013725 0.13377281730663415 0.10707431357694762 0.20453409776416714 0.10032961297997561 0.16721602163329266
0.0698507795177612 0.11592308251815794 0.09725565791504143 0.14490385314769744 0.08694219619594615 0.21295719348885123 0.09828261343930783 0.1738846237772369
0.06675536501836775 0.11125894169727957 0.1007899899421183 0.1335107300367355 0.10270479767469667 0.2179587155573312 0.10013304752755163 0.16688841254591935
0.04993417340034075 0.08282004405606351 0.06880303687436126 0.10352505507007938 0.1103976078030242 0.26044164953327364 0.11702832312269844 0.20705011014015876
0.06728146606433122 0.11334130243037553 0.0897567676538026 0.1416766280379694 0.09178364816516825 0.23005452107268862 0.096093712930101 0.1700119536455633
0.09515069298238224 0.0701200516025691 0.22108923852437384 0.1402401032051382 0.09679556314694268 0.09909218864059555 0.15525155910377528 0.12226060279422303
0.07364117187200332 0.11182602654556802 0.12875570920476398 0.1341912318546816 0.10582978257833757 0.17737361423528245 0.1006434238910112 0.167739039818352
0.07145192104569016 0.11076016154376461 0.10745286720268059 0.13291219385251754 0.10679133810695106 0.20480713054336097 0.09968414538938816 0.16614024231564692
0.05010128584314007 0.08270573968688888 0.06944186056205255 0.10338217460861109 0.11555880439878005 0.2551789796040056 0.1168668060792995 0.20676434921722217
0.09277647782888172 0.07127560380712597 0.19827236348322366 0.14255120761425194 0.09993055459981685 0.10796374747380405 0.15893395834006896 0.12829608685282676
0.12828983344070374 0.09228415341146781 0.21589005924810048 0.11074098409376139 0.12972185575780099 0.10393487039172772 0.1225948216259792 0.09654342203045864
0.07348710040258337 0.11495970818854254 0.12061248134022332 0.14369963523567816 0.10069475650280732 0.17664091649619595 0.09746583955115563 0.1724395622828138
0.09491457428223277 0.06955206489904833 0.23390411744359157 0.13910412979809667 0.09781906916984391 0.0894417875580431 0.15399398984567478 0.12127026700346889
0.10698691607711816 0.08433209341229382 0.18578499246039354 0.09845360948433574 0.14270839108695035 0.11723176304337947 0.14635790305432597 0.11814433138120288
0.11432004185554566 0.08405361182688405 0.17052136815693708 0.09659902062646814 0.15238103253617125 0.12260516809106471 0.14360093215516756 0.11591882475176175
0.10543452819991693 0.07328135619069169 0.23250587720536783 0.13469199170921786 0.1014849317914212 0.08120700325048283 0.1501715191146056 0.1212227925382961
0.10213125466900529 0.07147665670653311 0.26156000949177616 0.13282718612996833 0.09124864351767625 0.07311938190973165 0.14809240005833782 0.11954446751697151
0.10018261618812578 0.07036687754567801 0.27550859123671373 0.13093693286581176 0.08833460016900631 0.07084223368295414 0.14598490873247968 0.1178432395792306
0.09911225123651815 0.06975832067688621 0.2822871861961096 0.1299072466102494 0.0872162474687777 0.06996534046244884 0.14483688539978556 0.11691652194922449
0.07832652426789906 0.12096728474933571 0.14182972998397497 0.14085719923107182 0.09188400163806101 0.1615686946173833 0.09553792643498785 0.16902863907728619
0.1008198820141133 0.07644150164170958 0.23346160241883349 0.13578662782393963 0.09162593914202533 0.088264525224575 0.15139195669325806 0.12220796504154566
0.10239073696499254 0.0709828166411043 0.2680055939070921 0.1314276733160899 0.08876076999152739 0.07361545548259454 0.14653204771211814 0.11828490598448091
0.10143616820100174 0.06966755669980951 0.28062082393028986 0.12962556313056955 0.08715521882544085 0.07030883305427824 0.1445228293410977 0.11666300681751261
0.11809666522896552 0.08113640419621942 0.2089027941001155 0.09445958855451547 0.13512549143013472 0.10850702753761968 0.14042052268701105 0.11335150626541855
0.13941393147359932 0.09347972004326414 0.2120679501143983 0.10749897305836822 0.1297392192706692 0.10119779763851122 0.1198533326486583 0.09674907575253137
0.12747250574142208 0.08184528390205284 0.18487203355673953 0.09292358492699444 0.14825941189068592 0.11498172793943352 0.1381371501302783 0.11150830191239332
0.09721326881333617 0.13858542085376402 0.13740764680929274 0.15918784556608284 0.0911951591204703 0.15216343290918075 0.08097816491839867 0.14326906100947454
0.09664782519242007 0.06928540038692389 0.2407966160765129 0.13857080077384779 0.0954357681163488 0.08505470326654413 0.15340357269225313 0.12080531349514935
0.08033401883508029 0.12050088608027638 0.13270821869673632 0.1403543381360097 0.09574357492925054 0.16673690212805456 0.09519685543138048 0.1684252057632116
0.10224474133333271 0.07624453019926428 0.2294298807714243 0.13539185307404822 0.09479588666344424 0.08908862788391153 0.15095181230793134 0.1218526677666434
0.10381886410609628 0.0706784111705746 0.26600596505403057 0.13081993246940712 0.0915590539415116 0.07352537201405213 0.14585446202186136 0.1177379392224664
0.1028250565164377 0.06932175918608716 0.2792972081243809 0.12895615622763304 0.08973594132869288 0.07002684741183605 0.14377649060006248 0.11606054060486973
0.11945601403622556 0.08056955428070066 0.20768649351243024 0.09378585845115345 0.13873747129427166 0.10780260064600004 0.1394189776378341 0.11254303014138414
0.10740386311598586 0.07039906896772208 0.25563409354575306 0.12954025998565122 0.09978415910204301 0.07622459859533863 0.14442772270042006 0.11658623398708608
0.10401242974932635 0.0694025385614409 0.2752020537134328 0.12912730041500625 0.09149253419244202 0.07058126939781668 0.14396730359702933 0.11621457037350562
0.10269740668940561 0.06895217735148106 0.2825412576239882 0.12840927215794387 0.08938547440044367 0.06927931115998495 0.14316675567460307 0.11556834494214949
0.10216844089894538 0.0687529140262114 0.28523174311206345 0.12808758006072288 0.0887681031149542 0.06890430373937763 0.14280809299307462 0.11527882205465059
0.10196133475976162 0.06867481908867479 0.286211314769768 0.12796395807243047 0.0885694332730287 0.06878131406949882 0.1426702637016501 0.11516756226518744
0.13622224828591917 0.0917829941224931 0.23947235211703513 0.10689603199828422 0.11833178443463423 0.09190706188091202 0.11918109836226613 0.09620642879845578
0.11002547604727715 0.07025538238699157 0.26721997358161076 0.12777998597135543 0.09457555286989663 0.07267649323043596 0.14246514853821268 0.1150019873742199
0.10426355694632049 0.0690790818983041 0.2793744599382499 0.1285247687788658 0.09009115343913048 0.06969916131036986 0.1432955257877802 0.1156722919009792
0.1026895845160351 0.068814037255464 0.2840289630955964 0.12818541633500977 0.08897285355448381 0.06902509740421217 0.14291717313768998 0.11536687470150879
0.08141267321438757 0.11994334935098554 0.14227159927770636 0.1396751589064263 0.09414199632820781 0.16020883749804238 0.09473619473653262 0.16761019068771155
0.10234749501919176 0.07590414346394948 0.23307163727475766 0.13482928969749894 0.09450578820783159 0.08767068948360117 0.15032459612542043 0.12134636072774903
0.09379941206059715 0.13943580077870216 0.1507320265561058 0.1613345167203665 0.08275445818192166 0.14467255345274704 0.08207016720122992 0.14520106504832986
0.07366531766494246 0.1121319533918432 0.11332959361632026 0.13455834407021183 0.10271437965496018 0.1944837234612985 0.10091875805265889 0.16819793008776476
0.07528915052807729 0.12360611716372212 0.10275688282183644 0.13821740884865508 0.09608016128774982 0.20444192881683326 0.09374745991473997 0.16586089061838608
0.07543429423372956 0.12471429848464388 0.10027631186581883 0.13796987968581037 0.09472706106914858 0.20773472846837007 0.09357957056950618 0.16556385562297246
0.10224723410340303 0.07718144644261649 0.21623198883711367 0.13647454150986024 0.095981915905414 0.09689685672650104 0.1521589291162173 0.12282708735887424
0.0814235312178884 0.12119643621541021 0.12705367151572702 0.14007273950413318 0.09625812089285844 0.1709023551505674 0.09500585809845556 0.16808728740495982
0.1028608955369647 0.07633642208938407 0.22701955746395217 0.13544324582098222 0.09554932775540606 0.08988251870894372 0.15100911138548315 0.12189892123888398
0.0815825805548453 0.12112573307514518 0.12952677287950398 0.14009305533518396 0.09620707389875358 0.16833348032265727 0.09501963753168999 0.16811166640222072
0.11684104249845012 0.0866737994489206 0.16193346225647895 0.09612040055882413 0.14477081555254637 0.1354265677357001 0.1428894312784908 0.11534448067058896
0.12341237662155971 0.08173007385828829 0.16916031594688663 0.09344713015977212 0.1568928449276002 0.12430526701187851 0.13891543528228809 0.11213655619172652
0.1094981304928027 0.07110415233982555 0.2402259540338362 0.13066331727134822 0.105522731836981 0.07970888071726577 0.14567984776372703 0.1175969855442134
0.10504710038177849 0.06971485521631564 0.26929321690912045 0.12961634523782875 0.09373327891448231 0.07142794054783438 0.14451255207859412 0.11665471071404586
0.08188520190315643 0.12006596736380286 0.13897865448556304 0.13969771936716344 0.09584313454935983 0.16114056247610828 0.09475149661424999 0.1676372632405961
0.10257031177062419 0.07595128224634234 0.23168236195647615 0.13488898001429367 0.09522375651920557 0.08789207910604833 0.15039114637414533 0.12140008201286431
0.10406485671290239 0.07049716175637603 0.2666522827454959 0.13049871962305787 0.09215355272504659 0.07318824510707914 0.14549633366928988 0.11744884766075209
0.10311659706358524 0.06919267485397224 0.2793474314848903 0.12871989380085597 0.09038887976770148 0.06987354298249411 0.14351307562573043 0.11584790442077035
0.1197760192572629 0.08040627446218321 0.20746879851752217 0.09359488658317178 0.13971877756039877 0.10758629459004435 0.1391350851296106 0.11231386389980612
0.10754498411839498 0.07027594072183031 0.2553128395407308 0.12930995165652898 0.10090388085304985 0.07610250051795138 0.1441709461006375 0.11637895649087607
0.08228047269382842 0.1200454355422082 0.1357746828551721 0.13959388121687255 0.097316786065198 0.16279501690633413 0.09468106726013965 0.16751265746024704
0.10274815257141358 0.0760104378840233 0.23038189619553587 0.134994737001394 0.0956166280910567 0.08824382743287221 0.15050905752244972 0.12149526330125461
0.1041495899845416 0.0705298742229843 0.2661619754928146 0.130552741075323 0.09227688508202164 0.07327490361741042 0.14555656355711385 0.1174974669677907
0.08175555120635854 0.12021465125599712 0.1382833874036293 0.13976882399026708 0.09556506246873157 0.1618902107889497 0.09479972409774635 0.16772258878832044
0.10257124227413729 0.0759819267141702 0.23141730135409083 0.1349259659472919 0.09519740080678338 0.0880404106216696 0.1504323829292941 0.12143336935256271
0.10407942235897488 0.07050551101550152 0.2665536074652461 0.1305104976424937 0.09216314692220427 0.07321890143533094 0.14550946528200417 0.11745944787824433
0.10312766158071364 0.06919466267297125 0.2793094149337201 0.12872247008689178 0.0903995971209996 0.06988002253410061 0.14351594799240025 0.11585022307820261
0.10245928927121684 0.06877604647703953 0.28391994111875185 0.12809081806244715 0.08964093841935654 0.06901952727163044 0.14281170312335525 0.11528173625620243
0.10214962115562431 0.06863182693941963 0.28558870618329946 0.1278687368492282 0.08934656902605871 0.06876857753822324 0.14256409914384097 0.11508186316430538
0.11939772903717585 0.08026003149368197 0.2093324606194164 0.09347006137624267 0.1392450688993388 0.10718105084692518 0.13894952407572791 0.11216407365149121
0.10740182153985411 0.07022188013511815 0.25602378241484863 0.1292270517011009 0.10075246875036833 0.07599013009081992 0.1440785188368991 0.11630434653099082
0.12109394873210864 0.0806236863570445 0.20011084173216417 0.09375689082652416 0.14321706313645652 0.10931338490563715 0.13937591531823593 0.11250826899182899
0.10807143429783023 0.07043612398548561 0.2524414384523408 0.12957920492295963 0.1018346984267356 0.07654467208480403 0.14447114339918035 0.11662128443066366
0.1213269934636176 0.08068455633888558 0.19901480301507674 0.09381049720514997 0.14362629638123378 0.10950865214936494 0.1394556048004916 0.11257259664617995
0.10815951166383365 0.07046390693808173 0.25201637825650175 0.1296233080349859 0.10195376622998527 0.07660183656731176 0.14452031507781266 0.11666097723148731
0.10437250648209881 0.06939879492983789 0.2736799569372858 0.12909888662211422 0.09267485477328495 0.07065037795708866 0.14393562433838702 0.11618899795990278
0.10290527802739932 0.0689065564235144 0.2818271809006685 0.12831172507639557 0.0902515438362902 0.06925916520866623 0.14305799795830967 0.115480552568756
0.10231617382911222 0.06868825854750568 0.2848208899773165 0.12795950706135578 0.08953280102756969 0.06885351204545304 0.1426653011564668 0.1151635563552202
0.1020854762244036 0.06860247807621313 0.28591299283024213 0.1278237659382555 0.08930067422610355 0.06871926342620764 0.14251395993414456 0.11504138934442995
0.13632865890000367 0.09165046641641757 0.23917463500257952 0.1067379196183356 0.11925280545865943 0.0917865720894474 0.11900481485805475 0.09606412765650203
0.08643519183444741 0.12076808415948634 0.13101892220632377 0.1372767507629722 0.10005959423531925 0.16659990754230344 0.09310944834358113 0.16473210091556661
0.1037257950810366 0.07605515604808973 0.2282271068251655 0.13495006081721905 0.09620926461119426 0.08891831497065938 0.15045924691113824 0.12145505473549713
0.10442753361755108 0.0705688509471063 0.26532424674583205 0.1306186853274763 0.09245005765290991 0.0734237224373438 0.14563008647705192 0.11755681679472867
0.10324463922798074 0.06922575612616945 0.27885246293522453 0.1287733116909245 0.0904955762818491 0.06993964062927244 0.14357263258674716 0.11589598052183205
0.11982280324889565 0.08041330985462589 0.2073152594695981 0.09360022300497765 0.13977653241302807 0.1076085863238599 0.1391430180790414 0.11232026760597319
0.1075668057965691 0.07027835382732402 0.25525058403862105 0.12931332568191492 0.10092575260719212 0.07610847704750542 0.1441747078871499 0.11638199311372342
0.10413536203266627 0.06931221903079197 0.27488283007459496 0.1289582156053127 0.09237293520499476 0.07049725735436749 0.14377878665249041 0.11606239404478144
0.0817071754761632 0.11996146649288413 0.14020141378526504 0.1396239222529397 0.09553022344828019 0.16072564892155486 0.09470144291938519 0.16754870670352762
0.06831145862864607 0.11089207697745096 0.154734073855062 0.19696002731344905 0.06340602960209933 0.12823959949478167 0.1001927095464067 0.17726402458210416
0.09451531380455676 0.06967983335694389 0.24930402142335714 0.13935966671388778 0.09004219780224643 0.0813290444069763 0.15427687971582202 0.12149304277620984
0.08023497243519172 0.12052928125092344 0.1346539545561486 0.14032382290311265 0.0953284697763741 0.16536475345153362 0.09517615814298075 0.16838858748373514
0.10236652762333599 0.07611728499312839 0.23004996526302968 0.13513584259729067 0.09528930755155153 0.08875243390249589 0.15066637973160618 0.12162225833756163
0.10408606483024616 0.07055251697955588 0.2660560641312507 0.1305824786352772 0.09223342935748456 0.07337549657719414 0.14558971871724188 0.11752423077174949
0.10314755906044916 0.06921026418569172 0.2791284301783615 0.1287461454157485 0.09043416679975239 0.06991955926856333 0.14354234421725987 0.11587153087417362
0.0815223127136801 0.11993176728948972 0.14114061010141027 0.13960106477571232 0.09510527451444914 0.16049175328739892 0.09468593958700489 0.16752127773085476
0.10242357734965886 0.0758905735894367 0.23253662703870948 0.1347955491999221 0.09501998652997407 0.08773071402379912 0.15028697798856983 0.12131599427992987
0.10400757973002044 0.0704706136422785 0.2669674739720678 0.13045589090599233 0.0920973479241999 0.07314220916411322 0.1454485828459347 0.11741030181539308
0.10309755374294725 0.06918127337338828 0.2794592158481752 0.12870128398588465 0.09037825524604727 0.0698589351454316 0.1434923270708296 0.11583115558729618
0.10244768044403303 0.06877068989959359 0.28397305146877894 0.12808219015632719 0.0896365546974851 0.06901377854118275 0.14280208365190508 0.11527397114069447
0.10214545310138667 0.06862939917491312 0.28560662953742233 0.12786467475219865 0.08934847616954658 0.06876758977875924 0.1425595702087946 0.11507820727697878
0.0813083411646432 0.1197906895626641 0.1425571494088108 0.13950723581936367 0.09482982226073897 0.15997577972306162 0.09462229907748144 0.16740868298323638
0.10232802211204962 0.07584589899447063 0.23309293272192655 0.1347320575073802 0.09492029029328651 0.08760575712467272 0.15021618948957166 0.1212588517566422
0.10396697900771938 0.07045387649617149 0.2671743656066822 0.13042987173420312 0.09206027633978618 0.0731081728435358 0.14541957341111902 0.11738688456078282
0.10308138699137183 0.06917505925187664 0.2795349282205525 0.12869157442496276 0.09036464855944008 0.06984848393433399 0.14348150163499576 0.11582241698246648
0.08150829154580053 0.11992305542809442 0.14122942880355302 0.13959517045815928 0.09508808193310073 0.16045982557944496 0.09468194170205586 0.16751420454979113
0.10241743050372737 0.07588776978672371 0.2325714963293064 0.13479154264993734 0.09501392126605325 0.08772294009497508 0.1502825109843331 0.12131238838494358
0.08149603678580135 0.12102403062985398 0.1307500211499705 0.14002587611754058 0.09621841367071163 0.16748049780795862 0.0949740724971145 0.16803105134104868
0.10275774011179735 0.07622393681087444 0.22845500271733504 0.13525990254349873 0.09556764445319862 0.08919716376072363 0.1508046973134232 0.12173391228914886
0.12079104167839146 0.08181635270260013 0.19227928559288537 0.09463507428230265 0.1426822195648522 0.11355254303248333 0.14068139400772156 0.11356208913876317
0.12394837082669084 0.08095075209916305 0.17846414314521555 0.09297703030912523 0.15565490822427897 0.11821575874414497 0.13821660028043092 0.11157243637095027
0.10930680994271645 0.07082124541540583 0.2438059897063971 0.13023516102889254 0.10496950114171186 0.07844716233352561 0.14520248550534734 0.1172116449260033
0.10489069814422979 0.06960277578028878 0.27060591690447816 0.12943901889580048 0.09351900378134245 0.07113262304709816 0.14431484644054174 0.11649511700622045
0.12036742867280388 0.08052878391044996 0.20477193331684132 0.09370460281348944 0.14086301179050764 0.10802053044474201 0.13929818567497834 0.11244552337618732
0.12361540893821449 0.08068126069805268 0.18228040428985567 0.0927747632951444 0.15481001297648186 0.11659251706902722 0.1379159167790505 0.11132971595417329
0.08405519098492059 0.11940766886465508 0.11811067551695266 0.13727200370081474 0.10752366385865667 0.17579816403594814 0.09310622859707436 0.1647264044409777
0.10353982101702922 0.07622760344367786 0.22300901156750738 0.13542343643906052 0.09812564433159858 0.09080636500301936 0.15098702540295256 0.12188109279515448
0.08169450250754955 0.12107642937436405 0.12861150229722185 0.14004760038902545 0.0968808396616461 0.1686431980829801 0.09498880722038247 0.1680571204668305
0.10286675650070015 0.07627426893377619 0.22759699154834495 0.13534311118376477 0.09576470566848319 0.08944789736182268 0.1508974687377198 0.12180880006538829
0.104279034680494 0.07061976189981685 0.2651347707940693 0.1306892990347163 0.09240153725986115 0.07354641170885283 0.14570881549094486 0.11762036913124463
0.10322186942152789 0.06923684883997507 0.2787899689625126 0.12878816384192854 0.09049583411503163 0.0699687757345414 0.14358919162674716 0.11590934745773569
0.10249851306149531 0.06879087410021874 0.28372958331640513 0.12811362136677204 0.08968060039797467 0.06904742142110085 0.14283712710593838 0.11530225923009484
0.10216523195329533 0.0686366675593189 0.2855180653223692 0.12787597367342876 0.08936479491732308 0.06877872260541568 0.14257216766276312 0.1150883763060859
0.10202964300101293 0.0685821013800541 0.2861666570731558 0.12779141533511446 0.08924725308834208 0.06869276489485135 0.1424778914258664 0.115012273801603
0.08128451147031594 0.11977846326513103 0.1426790472222828 0.13949871602452485 0.09480429203024063 0.1599399903240494 0.09461652043402555 0.1673984592294298
0.11658373078128265 0.08641571951942206 0.16602788352858563 0.09594359691070767 0.14419160211103316 0.13307855007542585 0.14262660078069378 0.11513231629284919
0.08277756419559307 0.1201576302756904 0.11441532275764504 0.13741398121224294 0.10519905590285127 0.18193714181385137 0.09320252638743433 0.1648967774546915
0.10338621862959445 0.07639009213585775 0.2215879732794307 0.13562160166863158 0.0977724540016349 0.09197425393760791 0.15120796484547433 0.12205944150176844
0.081662049078015 0.12109235607198196 0.12828316690655056 0.1400462996073574 0.09679966163246617 0.1690729822237229 0.09498792495107722 0.1680555595288289
0.10286969546091475 0.07628314397957796 0.22746715301357537 0.13535681700013769 0.0957574240489403 0.08953188149657648 0.15091274970015353 0.12182113530012392
0.10428426966465534 0.07062358232359893 0.265086744643494 0.13069537003532491 0.09240406931581109 0.07356454678175942 0.14571558420356373 0.11762583303179243
0.12039213322409513 0.08075334450664218 0.20320962286094707 0.0938810008344877 0.14073141364160555 0.1088148707500165 0.13956041318082052 0.11265720100138525
0.10783657696437672 0.07039817633113529 0.2536826749732582 0.12949450542775756 0.10125358854622178 0.07641271308938072 0.1443767097828879 0.11654505488498182
0.10424917216365195 0.0693578907380269 0.2743036616854291 0.12902974295386246 0.0924876552891383 0.07058657420315344 0.14385853430826157 0.1161267686584762
0.08173014760327404 0.11997199108275892 0.14007421344716792 0.13963058419280688 0.09555897833101856 0.160771422859093 0.09470596145251249 0.16755670103136824
0.11593748183245481 0.09302885956044847 0.16426775725658185 0.09510894160608495 0.14352696881909172 0.13261343138660245 0.14138582961143376 0.11413072992730193
0.10778970033342901 0.07676820937117255 0.23804810340906332 0.13051292016380137 0.10278257848482324 0.08112469387781211 0.14551216621247703 0.11746162814742123
0.08186777703929113 0.1268527173593399 0.1312984314685758 0.13864941659222416 0.0971725063102128 0.16373937745713527 0.09404047386255203 0.16637929991066894
0.08834615348064782 0.15694420450163452 0.12292019011305763 0.15878972817090056 0.08229533309556988 0.16701799095396433 0.08077564433041463 0.14291075535381048
0.0965472043422508 0.0698066981606729 0.2355041928760096 0.1396133963213458 0.09424448390109187 0.08801201263046314 0.15455776882135147 0.1217142429468143
0.08008320535956713 0.12583430115718414 0.1309133906917392 0.1392343429219293 0.09560971217606616 0.16680662968362953 0.09443720650356945 0.16708121150631514
0.10181514323118564 0.08273565144037295 0.22739628499471853 0.13415082388871277 0.09490041443616902 0.08869778312859905 0.14956815738040063 0.1207357414998415
0.08085569315898132 0.1282246520605401 0.12891124883260338 0.13887924088016856 0.0955551407827143 0.1667225805448498 0.0941963546839404 0.16665508905620224
0.10204537574636346 0.08307358829332771 0.2265717449855259 0.13421427329401694 0.0949353019436093 0.08872797104025691 0.14963889873228456 0.12079284596461523
0.10374075467390657 0.0750661721141267 0.26412301531241794 0.13001681685118224 0.09191135392779531 0.07316770391296523 0.144959048041542 0.11701513516606403
0.08120146126644358 0.1265737907166022 0.13720779183009693 0.13871827699091513 0.09491351286278255 0.16083605476761484 0.09408717917644678 0.16646193238909812
0.13359409998162913 0.10840205689415898 0.1884198747936884 0.10972345105277422 0.12401183976576877 0.11476411195788314 0.12233345960660051 0.0987511059474968
0.08517292086195212 0.13117469787630648 0.11863828405443885 0.13588804303240504 0.10016519728286509 0.17372766302247167 0.0921675422306747 0.163065651638886
0.07666616367071713 0.13605156214970632 0.10312760387343445 0.13670210580689662 0.09513674337537081 0.19555360499961663 0.09271968915598207 0.16404252696827593
0.10180928283844566 0.08466939322044596 0.21610167578599718 0.13517170770473952 0.09554940423504411 0.09433763263115107 0.15070636664991105 0.12165453693426558
0.10405154939406716 0.07553189194166857 0.26022335423195253 0.13050910715186304 0.09236179515847709 0.07435619069657591 0.14550791498871896 0.11745819643667677
0.0812664933037533 0.12669334701059246 0.13634020270095953 0.13875323973971632 0.09502222370501483 0.161309712811453 0.09411089304085107 0.16650388768765956
0.10190340357206618 0.08268984479567211 0.22951743915747957 0.13389370872331294 0.09460284179987603 0.08760693094193267 0.14928149315867875 0.12050433785098164
0.13746260717686395 0.09943301532324902 0.2199291275298441 0.1076991580733404 0.12173507813398518 0.09673524749553902 0.12007652400117205 0.09692924226600635
0.08602199803726684 0.12950628388649713 0.12591436497355277 0.13601601038962138 0.09986002777213941 0.1672077649917205 0.09225433748165623 0.16321921246754564
0.10316963186944887 0.08316506489296804 0.22502750223853743 0.13403296506380047 0.09576986276824033 0.08876855102352622 0.1494367535860581 0.12062966855742041
0.13793444690699644 0.09957615757219856 0.2183719738084398 0.10777448824836267 0.1221318186423178 0.09705356387349129 0.12016051152466703 0.09699703942352639
0.08610744193374523 0.1295396317120915 0.12556776825950658 0.13602192218003867 0.099946677325894 0.1673319047549123 0.09225834721776535 0.16322630661604637
0.10319977251428203 0.083177386212846 0.22488705811599077 0.13404637071110184 0.09579750725294878 0.08879847167046104 0.1494516998823777 0.12064173363999164
0.10403577586595315 0.07510104077887057 0.2634461052011115 0.1300525341056441 0.09211639719869344 0.07320199603984745 0.1449988701148002 0.11704728069507969
0.08125646194233666 0.12658542268174766 0.1370600755833416 0.13872380640231993 0.09496028911980761 0.16085444702782828 0.09409092955983439 0.1664685676827839
0.10187777849799762 0.08265755785912964 0.22980189914427468 0.1338620408793426 0.09456831882166579 0.08751038213025775 0.14924618587592373 0.12047583679140832
0.13744634470349634 0.0994213198907337 0.22002409935871828 0.10769156035542791 0.1217180922558679 0.09670812600317726 0.12006805311269353 0.09692240431988512
0.11055408046711329 0.07594064106535833 0.25896951329074414 0.12761475814675893 0.09625358767437454 0.07353320517934542 0.14228093184422227 0.11485328233208304
0.08232661025854116 0.12658387392035067 0.13597666976909206 0.13848783832701828 0.09573309448553617 0.16077562559914926 0.09393088164789065 0.1661854059924219
0.102139505161407 0.0826671042749717 0.22932798180125644 0.13387172025684096 0.09474229686400867 0.08750986575086557 0.14925697765949283 0.12048454823115687
0.10366229341787324 0.07494195126844767 0.2651398453807156 0.12987964552134243 0.09178293815124408 0.07289553304573189 0.144806112245437 0.11689168096920818
0.10273089193279895 0.07305871852511069 0.27825365619012504 0.12813325358245223 0.09004802981615487 0.06959650616782005 0.14285901556133107 0.11531992822420699
0.08097235938973808 0.12604987034127996 0.140336800576155 0.13856314223788066 0.09445308709300242 0.15936701233253323 0.09398195734395384 0.1662757706854568
0.11573375375506084 0.09388507201281744 0.16435667783913768 0.0951004285733849 0.1431728290892493 0.13225755002573372 0.14137317441655428 0.1141205142880619
0.1077450974928911 0.07687681206131079 0.23809397990377393 0.13051921505889474 0.10271072237187966 0.08106769500750677 0.14551918455073787 0.11746729355300525
0.10442720288698654 0.07384698233795282 0.26801225193817596 0.12912039404522585 0.0929563168534077 0.07146889378742304 0.1439596035101249 0.11620835464070325
0.08130598494901237 0.12627788693224964 0.13807465065726254 0.1386528881867495 0.09511400533676918 0.16014828960458377 0.09404282850927358 0.16638346582409938
0.08823851859240192 0.15681918771081704 0.12464118142630164 0.1587983260234693 0.0819265313691101 0.16587774343614334 0.08078001802063439 0.14291849342112237
0.09648473032400796 0.06976815094413581 0.23619420812668737 0.13953630188827162 0.09411744522657679 0.08777970896008974 0.15447242211481432 0.1216470324154163
0.08007096115166878 0.12582340979445175 0.13106659976851037 0.13922972543409506 0.0955812492916317 0.16671830939647247 0.09443407464225578 0.16707567052091407
0.10180752188913818 0.08273043177169534 0.22745742666103683 0.13414437440498367 0.09489000960003731 0.0886793320212759 0.14956096668734747 0.12072993696448532
0.08085418075845854 0.1282232225242552 0.12892472400421992 0.13887871104942917 0.09555272704226861 0.1667159860415711 0.0941959953204824 0.166654453259315
0.07610922215150279 0.13579859438279196 0.1056193165407635 0.13712348766650764 0.09440817943926537 0.19338751863685888 0.09300549598250084 0.16454818519980913
0.10162688866068015 0.0845943196555974 0.2171635581279784 0.1351133182340056 0.09534560107326769 0.09391306109039965 0.15064126674746595 0.12160198641060503
0.13776148533086183 0.10002951288352917 0.21581988741805166 0.10803558031416664 0.12227796782235764 0.09839193425472723 0.12045160969355594 0.09723202228274998
0.11077473308912347 0.07612112548276918 0.25737519295751676 0.1278024029419617 0.09649941413952849 0.07391482695380439 0.14249014178753044 0.11502216264776555
0.08237083258795225 0.1266321690888865 0.13562395445605355 0.13850346814511777 0.09579188241785534 0.1609320487880874 0.09394148274190596 0.1662041617741413
0.1021609113403177 0.08268207190882684 0.2291877303121753 0.1338867850699016 0.09476487953779499 0.08754574146625638 0.14927377380181564 0.12049810656291142
0.10367188143313712 0.07494729683651223 0.26508737297075174 0.12988607877431357 0.09179175994654998 0.07290485429944676 0.14481328484240635 0.11689747089688222
0.11976581550511499 0.08517239946658767 0.20272439082792248 0.09336095576723753 0.1399730193745915 0.10818294087790756 0.13878733125995313 0.11203314692068504
0.10732012320859599 0.07481906213422966 0.25281832861743614 0.12877176406237756 0.10077288056265046 0.07603234666215838 0.143570907096412 0.11589458765613982
0.10381186385094554 0.07321517413757299 0.2734353617498849 0.12841460055613796 0.09209802781843512 0.07027913494555142 0.14317269644094785 0.11557314050052417
0.13655877762657734 0.09679032708976013 0.23429145553157943 0.10637558531715499 0.1197409511362913 0.09190403736108581 0.11860083915211157 0.09573802678543947
0.08585989902109174 0.12892578573439506 0.12914299655102904 0.13594610240689342 0.09942759748371173 0.16535537428210548 0.09220692163250162 0.1631353228882721
0.10302976015557638 0.08301056007623284 0.22631847099763006 0.13389684070041113 0.09558448858477311 0.08836773777559287 0.14928498507941357 0.12050715663037
0.08106828467031595 0.12827426024332503 0.12867283545906666 0.13886693027152616 0.09569709607789523 0.16659227207222177 0.09418800487981777 0.1666403163258314
0.07614831898282286 0.13581210048430542 0.10556685585779423 0.13712647990773674 0.09444058164386958 0.19334636173154843 0.09300752550263884 0.16455177588928407
0.07489566662571083 0.1366300767013374 0.10000600869743734 0.13638763022121098 0.09368699784160353 0.2022220709754687 0.09250639267177788 0.16366515626545314
0.10149230975279722 0.08482674840003156 0.21484456079945116 0.1352999789004972 0.09533700438603117 0.09558003729004061 0.1508493794607036 0.12176998101044749
0.12020264000549832 0.08734000086931187 0.1875967391009732 0.0942981171032042 0.1422964412461583 0.11492783662146966 0.14018048452953938 0.11315774052384503
0.1079454650697113 0.07546452833621584 0.24702271887141145 0.12945122726456657 0.10174358769316422 0.07753791036617716 0.1443284578606436 0.1165061045381099
0.0818908437004598 0.126556801451176 0.1333171044000533 0.13859943536480526 0.0969439121064283 0.16236600698752998 0.09400657355178096 0.1663193224377663
0.11602918771885452 0.09399855491672726 0.1620993622941908 0.09514457622163337 0.14402974909358665 0.1330862754282312 0.14143880286081617 0.11417349146596004
0.08207479223533451 0.12829245750272653 0.11278297085851141 0.13610862528426534 0.10443500119005876 0.1806586480473529 0.09231715454063215 0.1633303503411184
0.1026532380165705 0.08334512862490218 0.21975027439738387 0.13456671139152585 0.09712068781966696 0.09142207858792104 0.15003184090965638 0.12111004025237324
0.07068348259786748 0.11200266766611854 0.17759730511549357 0.1939176004324997 0.06284482638396169 0.10978323719479843 0.09864504022001074 0.17452584038924976
0.07309539755784951 0.11378540129898282 0.12042843282998635 0.13654248155877938 0.0995105443154876 0.18355277932135566 0.10240686116908453 0.17067810194847421
0.08793624850797614 0.15628402749411088 0.08511826842795198 0.11253034410249298 0.11201903940035719 0.23475073010068928 0.07632492904343 0.13503641292299157
0.10386941274682401 0.08676213366639181 0.2063932577648292 0.1337980482935464 0.09865719286519539 0.10092687228069425 0.1491748389183271 0.12041824346419178
0.12077551280280428 0.08756218005975847 0.1847661185080242 0.09422710520946022 0.14328114800063602 0.11624048858793129 0.1400749205800334 0.11307252625135225
0.08309483952995839 0.12721024672854137 0.11807343292417302 0.13633397091835855 0.10450986032284683 0.17470688680772667 0.09246999766636493 0.16360076510203025
0.13430527829341235 0.10861261638172995 0.1813024987040399 0.10978234435682147 0.1267907798591981 0.11800325123806853 0.12239912124559048 0.09880410992113932
0.08526385769807092 0.13116518104891522 0.11700889984049954 0.13583508690918966 0.10071580016657707 0.17487744588122608 0.09213162416449387 0.1630021042910276
0.07615900931964459 0.14207405940081821 0.10211608281025682 0.13555768598838788 0.09462314605291314 0.19485731926718128 0.09194347397473264 0.16266922318606544
0.11416627459593699 0.10119159914937899 0.1513644666924523 0.09469520986617133 0.14291096617437615 0.14126644209017902 0.1407707895920995 0.11363425183940559
0.10751490914843106 0.08111894744603668 0.23242122083113226 0.13049118212962788 0.10281101660299861 0.08271272999849327 0.145487929926615 0.1174420639166651
