Action: 0
[0.0983406624242535, 0.09924226586950509, 0.1814044905913425, 0.09786291690602593, 0.22956091349079086, 0.09786291690603018, 0.09786291690602593, 0.09786291690602593]
[0.1982971227878921, 0.09914856139394605, 0.1885559403244755, 0.09914856139394605, 0.09914856139394605, 0.11740412991790207, 0.09914856139394605, 0.09914856139394605]
[0.1639473008424005, 0.09497906439181936, 0.13113950863395327, 0.09497906439181936, 0.23001786856454937, 0.09497906439181936, 0.09497906439181936, 0.09497906439181936]
[0.125, 0.125, 0.125, 0.125, 0.125, 0.125, 0.125, 0.125]
[0.1843935681711034, 0.09807138643845258, 0.22524510614951002, 0.09807138643542904, 0.10000439349921783, 0.09807138643542904, 0.09807138643542904, 0.09807138643542904]
[0.10138589158562238, 0.10118093208613962, 0.19034704600616792, 0.10118093208613962, 0.20236240197751154, 0.10118093208613962, 0.10118093208613962, 0.10118093208613962]
[0.125, 0.125, 0.125, 0.125, 0.125, 0.125, 0.125, 0.125]
[0.125, 0.125, 0.125, 0.125, 0.125, 0.125, 0.125, 0.125]

Action: 1
[0.10017055622407735, 0.10017055622407735, 0.10017055622407735, 0.10017055622407735, 0.10821516818274415, 0.29076149447279165, 0.10017055622407735, 0.10017055622407735]
[0.1111111111111111, 0.1111111111111111, 0.1111111111111111, 0.1111111111111111, 0.1111111111111111, 0.2222222222222222, 0.1111111111111111, 0.1111111111111111]
[0.10016054886959788, 0.10016054886959788, 0.10016054886959788, 0.10016054886959788, 0.10828980912124528, 0.29074689766116735, 0.10016054886959788, 0.10016054886959788]
[0.125, 0.125, 0.125, 0.125, 0.125, 0.125, 0.125, 0.125]
[0.09791901223737629, 0.09791901223737629, 0.09791901223737629, 0.09791901223737629, 0.13494610882057964, 0.2775398177551627, 0.09791901223737629, 0.09791901223737629]
[0.0983961757191722, 0.0983961757191722, 0.0983961757191722, 0.0983961757191722, 0.22557591034027588, 0.18404703534469094, 0.0983961757191722, 0.0983961757191722]
[0.125, 0.125, 0.125, 0.125, 0.125, 0.125, 0.125, 0.125]
[0.125, 0.125, 0.125, 0.125, 0.125, 0.125, 0.125, 0.125]

