Action: 0
[0.7371000000000001, 0.08189999999999999, 0.07289999999999998, 0.008099999999999996, 0.08189999999999999, 0.009099999999999997, 0.008099999999999994, 8.999999999999992E-4]
[0.69564, 0.12276000000000002, 0.05235999999999996, 0.009239999999999995, 0.09486, 0.016740000000000005, 0.007139999999999995, 0.0012599999999999994]
[0.7532960000000001, 0.06550399999999998, 0.093104, 0.008095999999999996, 0.06550399999999998, 0.0056959999999999945, 0.008095999999999996, 7.039999999999992E-4]
[0.71253, 0.10647000000000001, 0.07046999999999998, 0.010529999999999998, 0.07916999999999999, 0.011829999999999999, 0.007829999999999995, 0.0011699999999999994]
[0.69564, 0.09486, 0.05235999999999996, 0.0071399999999999944, 0.12276000000000004, 0.016740000000000005, 0.009239999999999995, 0.0012599999999999992]
[0.6544549999999999, 0.13404500000000003, 0.03444500000000003, 0.007055000000000008, 0.13404500000000003, 0.02745500000000001, 0.0070550000000000074, 0.0014450000000000018]
[0.7125300000000001, 0.07916999999999999, 0.07046999999999998, 0.007829999999999995, 0.10647000000000001, 0.011829999999999997, 0.010529999999999998, 0.0011699999999999994]
[0.671925, 0.11857500000000001, 0.05057499999999996, 0.008924999999999995, 0.11857500000000003, 0.02092500000000001, 0.008924999999999994, 0.0015749999999999994]

Action: 1
[0.4883259654, 0.18079703460000005, 0.07653923460000002, 0.028337765400000013, 0.14258613460000003, 0.05279086540000002, 0.02234866540000001, 0.008274334600000004]
[0.44543690100000005, 0.22188429900000003, 0.059193099000000006, 0.029485701000000007, 0.14376534900000004, 0.07161345100000002, 0.019104651000000007, 0.009516549000000004]
[0.50109355296, 0.16917604704000003, 0.09100564703999996, 0.03072475295999999, 0.13160032704000002, 0.04443007296000001, 0.02390047295999999, 0.008069127039999999]
[0.4585499919, 0.2105730081, 0.07187220810000002, 0.033004791900000004, 0.1338918581, 0.061485141900000005, 0.02098594190000001, 0.009637058100000003]
[0.4129129368, 0.16702096319999998, 0.054871063200000014, 0.0221950368, 0.21556946320000006, 0.0871966368, 0.02864653680000001, 0.011587363200000002]
[0.37401611246999994, 0.20165898753, 0.04114218753, 0.02218271247, 0.21129861753, 0.11392628247000001, 0.02324308247, 0.012532017530000002]
[0.42586566750000004, 0.15767183250000005, 0.06674933250000002, 0.02471316750000001, 0.20504643250000001, 0.07591606750000002, 0.03213856750000001, 0.011898932500000006]
[0.38710587825, 0.19282802175000002, 0.051441621750000006, 0.025624478250000006, 0.20209637175000003, 0.10066972825000002, 0.026856128250000007, 0.013377771750000003]

