0.125 0.125 0.125 0.125 0.125 0.125 0.125 0.125
0.07575757575757576 0.12626262626262627 0.09090909090909091 0.15151515151515152 0.0946969696969697 0.15782828282828282 0.11363636363636365 0.1893939393939394
0.09495469861172676 0.1582578310195446 0.08545922875055409 0.14243204791759015 0.12879064023740694 0.19782228877443078 0.1068240359381926 0.08545922875055409
0.06430745814307458 0.11377473363774733 0.056062912227295786 0.09918822932521562 0.12861491628614916 0.22754946727549466 0.11212582445459157 0.19837645865043124
0.10932790581880525 0.08825264686578256 0.13665988227350656 0.1103158085822282 0.1311934869825663 0.12787944045022928 0.1639918587282079 0.13237897029867382
0.09783329472050334 0.07704371959239638 0.19566658944100668 0.15408743918479276 0.10328886887107873 0.06716631964465325 0.1705811292562622 0.1343326392893065
0.07337264737058784 0.1222877456176464 0.10403180258865101 0.14674529474117567 0.1072122381775299 0.152859682022058 0.11005897105588176 0.1834316184264696
0.10722053346418128 0.08443617010304277 0.14118283144909263 0.10132340412365132 0.15771823471669985 0.12063377079249606 0.16083080019627194 0.12665425515456416
0.085101213519774 0.15056368545806167 0.08378040792827571 0.1312606488608743 0.1021214562237288 0.20063084754016508 0.08902896183607126 0.15751277863304916
0.10634984999113269 0.08375050686801701 0.1377026610099358 0.10050060824162041 0.16205076044728503 0.12449507815328456 0.15952477498669906 0.1256257603020255
0.0837099786097157 0.14810226984795857 0.08227977411392662 0.12911479935463055 0.10045197433165885 0.21382992843254267 0.08757351608401027 0.15493775922555664
0.10182987669128449 0.0742645513058078 0.2034025972330641 0.1485291026116156 0.10011786678682581 0.07794127321931632 0.1644278221829851 0.12948690996910078
0.11310333068541449 0.08105005055568747 0.16653630045362944 0.09726006066682495 0.1571094941543858 0.10898463897302664 0.15438104867749994 0.1215750758335312
0.06059601621709497 0.10720833638409111 0.06102487255502032 0.0934636778733102 0.12119203243418994 0.2639331164111485 0.10565459237852458 0.1869273557466204
0.09175271938573411 0.0740654481788456 0.19435421036336115 0.1481308963576912 0.08257744744716068 0.11064657665096396 0.16515489489432136 0.1333178067219221
0.09859464136077703 0.07129381475021541 0.24128565191912027 0.14258762950043083 0.09525185338415897 0.06882887769291064 0.15785036721252413 0.12430716417986276
0.0762482961764855 0.11572466650863528 0.1288244300134224 0.13886959981036232 0.10802860206131294 0.15456520580905703 0.10415219985777174 0.1735869997629529
0.07516079502678913 0.11657373723890939 0.1079844906203085 0.13988848468669124 0.11286787182129604 0.16774765123262328 0.10491636351501844 0.17486060585836405
0.09172601458024711 0.14227924411828177 0.09552781443869908 0.1280513197064536 0.139573012265491 0.22997331328711504 0.09603848977984021 0.07683079182387216
0.05639419946614714 0.09977435290164495 0.05720511524706221 0.08698276919630585 0.11278839893229428 0.3145612780768056 0.09832834778712836 0.1739655383926117
0.08930909422092963 0.07209288328677452 0.19669028771669528 0.14418576657354903 0.08947285887812592 0.1177255498100581 0.16075636959767334 0.12976718991619413
0.13043358800876387 0.09429609040561317 0.20795154277805739 0.11315530848673581 0.13098064840968132 0.09926702628131141 0.12526757797473398 0.09864821765510301
0.06676597944169718 0.11812442516607963 0.12224607253639481 0.14765553145759955 0.09043283697689042 0.1774395475096731 0.10014896916254579 0.17718663774911944
0.08813755709478889 0.13775290609468238 0.13028895185296194 0.16530348731361882 0.09050003680003431 0.15743988879619922 0.08646643951789294 0.14411073252982157
0.0980587169855512 0.1413868841114334 0.10210782968812719 0.12724819570029006 0.13345758529135685 0.22595572402784966 0.09543614677521756 0.07634891742017404
0.06461502296474658 0.11431888678378241 0.09949494410350174 0.14289860847972802 0.08787032446770743 0.2224013485777401 0.09692253444711987 0.1714783301756736
0.13462564467735774 0.09515415728784395 0.18230980771967334 0.11418498874541273 0.13221923996002363 0.11555279763728431 0.12640747634819804 0.09954588762420598
0.07934264141470086 0.1403754425029323 0.09740951436531034 0.12237859089999227 0.10760751155712489 0.22302738069995387 0.08300460947999475 0.14685430907999072
0.11685029751448862 0.07774735267143394 0.1487737048669466 0.09329682320572072 0.16255783436273777 0.13606276280688553 0.14809019556463607 0.1166210290071509
0.07865688378376501 0.1391621790020458 0.09147234048894277 0.12132087400178353 0.10953330343255704 0.23198216899190358 0.08228720149686186 0.1455850488021402
0.08843175749733687 0.07138467171471771 0.21363530122745686 0.14276934342943542 0.08830175214165027 0.10780760140770462 0.15917716349520633 0.12849240908649187
0.10275273384612496 0.0670805538037561 0.26671069748713694 0.1341611076075122 0.09393013617298458 0.06988194438825476 0.1485218610876814 0.11696096560654912
0.10381464771043608 0.13899003511959868 0.13281427196843562 0.12509103160763882 0.13424822047128607 0.1961689004522924 0.09381827370572912 0.07505461896458329
0.07638206528293699 0.13513750011596543 0.0895596574306022 0.11781217958827757 0.10404189937161494 0.2557846913317512 0.07990739137291869 0.14137461550593305
0.11541113271545733 0.09316320351729687 0.17797403394853942 0.11645400439662108 0.11479534587601428 0.1475561512842226 0.12983752430488948 0.10480860395695897
0.09487014054780445 0.06854718313197117 0.24905939021492018 0.13709436626394234 0.08533532954197412 0.08885867320039957 0.15284998746144018 0.12338492963754812
0.11707744327453108 0.075220718873022 0.19685589314074137 0.0902648626476264 0.15056908575977618 0.11390335823663283 0.14327755975813714 0.112831078309533
0.07256157918419093 0.11470233522725697 0.1257727130656318 0.1433779190340712 0.0897273644963056 0.18455695411115758 0.09724763204050048 0.17205350284088541
0.10213016024850098 0.06879278871134137 0.23672455904724174 0.13758557742268274 0.09673597101233063 0.08577165278497507 0.15231288994289663 0.1199464008300311
0.07165258232381323 0.0959964555680575 0.08854863415511917 0.08639681001125174 0.1495977406032102 0.2313379853025426 0.10367617201350209 0.17279362002250348
0.08419928817336929 0.13188171101190968 0.08123456743500036 0.11497379934371615 0.1031739738303406 0.2685858718731189 0.07798222912008572 0.13796855921245937
0.0987788285209778 0.06903040756354016 0.2110003625100513 0.13806081512708032 0.09159104537319762 0.11335630146999086 0.15392750582078954 0.12425473361437228
0.10305722257408993 0.06565858536346433 0.27203029789295263 0.13131717072692867 0.09324346813397363 0.07483811323519744 0.14537350605504518 0.11448163601834808
0.07625579112479569 0.11339479390063795 0.14493059323603014 0.14174349237579745 0.09011705555238095 0.16732701856538182 0.09613906439401913 0.17009219085095692
0.11416347118591959 0.07619379228643418 0.16669776547888238 0.09143255074372102 0.1541722707745811 0.1379184281742692 0.14513103292654128 0.11429068842965127
0.06627294966126934 0.09685499951693496 0.07142753471050278 0.08443769188655868 0.14062649154803467 0.2760536450318202 0.095451303871762 0.16887538377311737
0.06919454800963748 0.10904092869173891 0.0934948062569252 0.13630116086467367 0.09321525748307785 0.24274416176551628 0.09244774389082214 0.1635613930376084
0.08501373858976276 0.1292651867830367 0.11660185396497214 0.16158148347879583 0.07699003226746343 0.20292857166757833 0.08219579811747442 0.14542333513091626
0.14024711760824046 0.09200764073294602 0.18930114034989962 0.11040916887953525 0.12579988777395107 0.12375340888322553 0.12222748854388925 0.09625414722831277
0.09910699975829983 0.14355783154633203 0.10159053213245398 0.11391782561804517 0.10969947175558836 0.21815994498495234 0.07726600346267411 0.1367013907416542
0.10364856074548129 0.07778402502459829 0.21868052656592712 0.1349201831128742 0.0907201248621271 0.10239247938693212 0.15042593550047317 0.12142816480158679
0.0842731556341189 0.1094920424413509 0.1316441324631433 0.1313904509296211 0.105319283192921 0.17510003347960265 0.09854283819721582 0.16423806366202634
0.0750818381790488 0.12329370374094999 0.10943099184499992 0.138217971349494 0.08962845637459141 0.20473763145447507 0.09374784143704812 0.1658615656193928
0.10433701382019006 0.06839049611944874 0.23093850530509127 0.13678099223889748 0.09651680534717487 0.09236903850598249 0.1514221810703301 0.11924496759288497
0.11761152302702702 0.08140966703922577 0.20059522710695993 0.09491328283747175 0.13314159116215182 0.117337799711568 0.14109496971062965 0.11389593940496609
0.10324236482861505 0.07036540333437909 0.26070347288813744 0.12937601845352031 0.09566412277690807 0.07996559546134693 0.14424460564892486 0.11643841660816828
0.09900603124081894 0.06868599705049738 0.2873299975673982 0.12775592060649182 0.08779253220362165 0.07201087533301685 0.1424383174523125 0.11498032854584263
0.09720647448669895 0.06785059761620758 0.2985052660092615 0.12637936598496957 0.08555653790582271 0.069856766833295 0.14090356177727204 0.1137414293864726
0.09640617956390807 0.06745355374765205 0.30318769654177197 0.12572342666013633 0.08476657494135127 0.0691392461702788 0.14017223838077886 0.1131510839941227
0.09605408791192564 0.06727704356993237 0.30517388513546073 0.12543429059718675 0.08445368429345697 0.0688662737066613 0.1398498732479082 0.11289086153746809
0.12897281076295233 0.09037467264602961 0.25723273915866873 0.10532643290399209 0.11340282352472669 0.09246561888364681 0.11743111250639117 0.09479378961359287
0.10595841815197483 0.06885645651155145 0.28457803086967204 0.1252820247256444 0.08961441815191724 0.07327672117189682 0.13968010816426324 0.11275382225307998
0.10089104585274848 0.06753431388735591 0.29724820544856706 0.1257075202983089 0.08552210155787 0.06980554071228826 0.1401545039743832 0.113136768268478
0.07994808965122974 0.11841962354645683 0.15202969547204778 0.13794447315015926 0.0906009749178263 0.16196143717154624 0.0935623383105428 0.16553336778019107
0.11687905409085408 0.07573127412217576 0.1689547088519256 0.09087752894661091 0.1537422402945134 0.13596823656365517 0.14425004594700142 0.11359691118326364
0.08174341457511641 0.11791283467221393 0.11866423654791827 0.1361985805690342 0.10193993670898359 0.18772453255359112 0.09237816769030147 0.16343829668284102
0.13354623524350906 0.09910059879751368 0.18713330049342317 0.11009221081810244 0.1223662660157502 0.1259337996698532 0.122744599225556 0.09908298973629219
0.11152979296092502 0.07119596630763099 0.2551919231350019 0.12849462485392804 0.09338496937102947 0.0812956434419281 0.14326191756102125 0.11564516236853523
0.0831215936566152 0.11894940058223931 0.1415098449926602 0.1380810305460397 0.0920894471427829 0.16689648657579673 0.09365495984861824 0.1656972366552476
0.10593007872161826 0.06731836926385386 0.2449052484741729 0.13463673852770772 0.09567993514489934 0.08510560759598783 0.1490484040681176 0.11737561820364262
0.08283929336420708 0.11867627872603177 0.13901197253646214 0.13833054109690515 0.09262338001783944 0.16869769185045427 0.09382419309181393 0.16599664931628616
0.10592609444354388 0.06735982851654475 0.24410079791129274 0.1347196570330895 0.09586186935169917 0.0854436483503089 0.14914019826210964 0.11744790613141136
0.07313568198899925 0.10478242319262603 0.08547094153900256 0.08517898556322705 0.13634079720394177 0.24844391135775337 0.09628928802799579 0.1703579711264541
0.10174576469712934 0.07462588597603055 0.21143789985226907 0.13404774177635803 0.0998061414895731 0.10824037009209754 0.14945322851782006 0.12064296759872223
0.10498352672931889 0.06983904273420463 0.26746437323515476 0.12933390854301338 0.08963710560710524 0.07814386922125079 0.1441976562412403 0.11640051768871207
0.10358461454403231 0.06797597496782205 0.29024653922943133 0.1264157269953548 0.08598838672203249 0.07107050165516449 0.14094410159034332 0.11377415429581932
0.10234452845651262 0.06720432142202878 0.2993060697763798 0.12517750672935035 0.08458523239745186 0.06915900676361555 0.13956357839824585 0.11265975605641532
0.08190081823812348 0.1180846830463882 0.1524639624856031 0.13755829078311294 0.09024491115776657 0.16137697942681103 0.09330040592245922 0.16506994893973553
0.10514205154542365 0.06698703436255803 0.2501055627707421 0.13397406872511605 0.09482044447025684 0.08385813070159963 0.1483148013562538 0.11679790606804989
0.09913028159315591 0.141575131111764 0.11685170898270109 0.11511728316551276 0.11036623848368386 0.20073906828274116 0.07807954858182603 0.1381407397986153
0.09262599636832139 0.14414812049464715 0.1213259220607295 0.15621730359609257 0.08086519287725513 0.18475482823280642 0.07946706313366447 0.1405955732364833
0.1090583209873227 0.0678410280297483 0.23659225121803923 0.1356820560594966 0.09378324012126288 0.08855056937115817 0.15020561354571862 0.11828692066725344
0.08334465085376735 0.12409731155954798 0.13635271055210316 0.13734041943722225 0.09172593026159923 0.16917784169715142 0.09315263231394204 0.16480850332466668
0.08853264564085121 0.1621210234193359 0.1260235794385927 0.15510616916438164 0.07742303400821526 0.17229616220140745 0.07890183387927241 0.13959555224794346
0.0825728986834208 0.10984260019910318 0.10960759540518746 0.1318111202389238 0.10190030360451048 0.20064324139100656 0.09885834017919287 0.16476390029865476
0.06513158415396135 0.11605867564740659 0.06080507620691626 0.07957525426004176 0.1291712147581726 0.3001530512029361 0.08995463525048199 0.15915050852008353
0.07033100668640847 0.1328669196405444 0.08703376856900077 0.12820345751347215 0.09552605246972938 0.24523925753032316 0.08695538857435502 0.15384414901616655
0.10072467628130405 0.08827422626684421 0.21056553455165328 0.13246382774726206 0.0938955022927412 0.10717150530974195 0.14768728257791755 0.11921744497253586
0.10461060144056777 0.07780617913737503 0.26553802237361795 0.12762220839128496 0.08998018475954027 0.0772935780345773 0.1422892383108804 0.11485998755215647
0.08205291436400083 0.12960036823527984 0.14279316103258444 0.13560096870783162 0.09237843893330339 0.16288015532794217 0.09197283094965972 0.16272116244939794
0.102245111356987 0.08631700687400985 0.2363216817615346 0.13058508093833443 0.09175821360716709 0.08965371252651712 0.14559262009094895 0.11752657284450098
0.1040772098002401 0.07675494380057295 0.27620536511294724 0.12634214515120581 0.08870213193398173 0.07334821023966742 0.14086206332529957 0.11370793063608521
0.0939018389536108 0.14806093482985683 0.1666313427779927 0.1552120319624866 0.07910396609112086 0.13844337079429905 0.07895568582439536 0.1396908287662379
0.10389991335578291 0.09136277888829314 0.2457341360594447 0.12845706473695634 0.08777299674602523 0.08394171111664535 0.1432200408335916 0.11561135826326072
0.10389792752188996 0.07901148939602817 0.27969890602161773 0.12542476559935642 0.08737789756086203 0.07186747127467667 0.13983925358614813 0.11288228903942078
0.10261545783445367 0.07583740627339626 0.29350811888967704 0.12373996636904767 0.08620201139825487 0.06877024132738783 0.1379608281756397 0.1113659697321429
0.13591861281584425 0.10000241404771266 0.24962556545235398 0.10269841705253384 0.1142141681758174 0.09061117615585612 0.11450107095260113 0.09242857534728044
0.127881322060989 0.09172017847146041 0.2018372855927904 0.08865413522217942 0.14074179756311406 0.11098999243286524 0.1317903263899861 0.1063849622666153
0.14446034436227131 0.10362530840798775 0.21192589028814213 0.10218012848643161 0.13107732095556623 0.10084567398216421 0.11392321787964836 0.09196211563778844
0.11360540267774182 0.0805449793386947 0.26204949472281586 0.12346896030039606 0.09713198327120803 0.07441843878536034 0.13765867663342662 0.11112206427035645
0.1053646586920526 0.07628816099109466 0.28566200448795853 0.123934327334859 0.08963167610984861 0.06940075163484404 0.13817752614796963 0.11154089460137308
0.1368323753666142 0.1000602966426552 0.2463669307582578 0.10261657255841282 0.11663780675613108 0.09072128216590308 0.11440982044945429 0.09235491530257153
0.11054986250082323 0.07909622676809196 0.2769778850188602 0.12222760800766228 0.09307126121761293 0.07179764781479403 0.13627466146525927 0.11000484720689604
0.09483934199305469 0.151046054137305 0.16618206309824352 0.15383363729987362 0.0804714178861426 0.13692270956294983 0.07825450245254441 0.13845027356988626
0.10404176517529562 0.0917877051335287 0.24521352750573022 0.12816470190836712 0.08900446953904056 0.08354552092267109 0.1428940780978362 0.11534823171753042
0.10387823257574694 0.07898845668448759 0.27925137442418496 0.12520327610390752 0.08869724829569862 0.07170615409466806 0.13959230932778943 0.11268294849351679
0.10255695336493197 0.0757352554475042 0.29311322712727106 0.12352461361587155 0.0875241410956602 0.06865293116752727 0.13772072592694934 0.1111721522542844
0.10170064512486017 0.07476126358398028 0.29868835862232296 0.12281974659251393 0.08682102480420219 0.06773633754093576 0.13693485179792225 0.11053777193326256
0.08115291643786167 0.13071658153261692 0.15070498551929437 0.1345019013045673 0.09240682192344467 0.1578871351797236 0.09122737653701085 0.16140228156548073
0.11536200405312427 0.10105943167183087 0.17005044012074297 0.09208032627588598 0.14022191132311043 0.13384590551561185 0.13688358950863053 0.11049639153106317
0.12305107697336215 0.09287516234457528 0.17406042222718238 0.08973031319813608 0.15470858590371112 0.12450792628341355 0.13339013723185605 0.1076763758377633
0.10978876535447105 0.07983439858141539 0.2461427215327027 0.12559016374561655 0.10554242093345687 0.08004672230519974 0.1400236601760829 0.11303114737105488
0.12184985287665756 0.0888682034881876 0.20244124787467654 0.09039281636219397 0.14402689314271686 0.10957461393922535 0.13437499268170927 0.10847137963463277
0.10852543026939675 0.07841334316642173 0.25863707891754995 0.12450572748127302 0.10249476245358397 0.07655390830920963 0.13881459466941934 0.11205515473314573
0.10417117558838482 0.07594329963338486 0.28416018662362763 0.1239635875082134 0.09215959165782268 0.06982478117350988 0.13821014905766477 0.11156722875739204
0.10227906639575185 0.07491761934480387 0.29481814164664877 0.1229830671210076 0.08914165521734545 0.06805874786644198 0.13711694199909355 0.11068476040890683
0.10143479953389833 0.07445743742110499 0.29916263354351164 0.12249633187567692 0.08814294643148413 0.06748488398213914 0.1365742685240756 0.11024669868810923
0.101068776033231 0.07425890928651156 0.3009202590946487 0.12228932832113625 0.08778432255838442 0.06727453420827649 0.1363434750087892 0.11006039548902259
0.10091426729572509 0.07417606500892691 0.30162962154895057 0.12220465051225561 0.08764904963554541 0.06719309496643988 0.13624906557112676 0.10998418546103005
0.0925277753885111 0.14908987503785054 0.17312551145476857 0.15354267064991173 0.08036784421829195 0.13505143068296435 0.07810648898278119 0.13818840358492054
0.1031094312336843 0.09114592352787414 0.2480911023672218 0.12767988197262597 0.08977210647804318 0.08293612059511035 0.14235354005007703 0.11491189377536337
0.08131858483858131 0.13561215299093507 0.13772090041554377 0.1344669103695669 0.09418675181771885 0.16413076356916328 0.09120364355501058 0.16136029244348024
0.07566372525686525 0.14670277259472644 0.1083422734809277 0.13224564702622582 0.0936972379379171 0.194956519723644 0.08969704754822273 0.15869477643147098
0.10114347516483259 0.09288588988461666 0.2196209327120389 0.13090570009197963 0.09521629425639806 0.09646249128689172 0.14595008652046085 0.11781513008278166
0.13750128665398698 0.10555709817621947 0.22181169088974387 0.1043392912022551 0.12180323135567175 0.09875151646384753 0.1163305231762456 0.09390536208202958
0.12828090299561384 0.09276034280471765 0.1914754692920331 0.08847104490075988 0.14814877095639414 0.11318006483948459 0.13151815033008485 0.10616525388091184
0.11039224472364867 0.0792414203506288 0.2535039876939617 0.12461370269104712 0.10380008731262742 0.07736124583567805 0.13893497897046594 0.1121523324219424
0.10480056057568471 0.07619802716832802 0.2819682094230351 0.12413751039410648 0.0926963058383107 0.07007156714972339 0.13840406009611572 0.11172375935469583
0.10251018867953521 0.07500939635295496 0.2938993529909449 0.12306049606228127 0.08941670888052593 0.06814614108737008 0.13720326949033448 0.11075444645605315
0.0812425641062359 0.13064592608635645 0.14942997712007683 0.1343042149648029 0.09423391338621163 0.15788505275025164 0.09109329362830111 0.1611650579577635
0.07574202383725442 0.1453829297442111 0.11133840901352168 0.13238817414867027 0.09387674788945453 0.1926121882702551 0.08979371811822855 0.15886580897840433
0.10089138375173527 0.09423687022550786 0.22066216624997176 0.1304603221285738 0.09506838286003808 0.095813061540032 0.1454535233284248 0.11741428991571641
0.10379505655816086 0.08109812375282133 0.2687214833983656 0.12600662655260242 0.09201812675209485 0.0744666339620545 0.14048798512655822 0.11340596389734219
0.10270451829340689 0.07717356044454407 0.28847578112155314 0.12361443428236915 0.08970762737307864 0.06925021836385645 0.13782086926705933 0.11125299085413223
0.10168309161102708 0.07585837891603006 0.2964633798393935 0.12261760077419732 0.0885283113479456 0.0677839225186207 0.13670947429600805 0.11035584069677759
0.08093168054595835 0.13222064644834564 0.14989080938036145 0.13398165801956907 0.09390051463030893 0.1574221854778311 0.09087451587414251 0.1607779896234829
0.10100499449715283 0.09046947477022037 0.23808982254333805 0.12888933113236412 0.09392606913454297 0.08791792429746888 0.14370198560578507 0.1160003980191277
0.10316335740645897 0.07985788364083461 0.27595927731288333 0.1251396358248278 0.09119829157491732 0.07253452683184294 0.13952135516589007 0.112625672242345
0.13610976133642763 0.1021147300909221 0.24239739513351055 0.1025166437648438 0.11885708753213689 0.091440995451802 0.1142984073019975 0.09226497938835941
0.1102491414034999 0.08055519612732072 0.2748175550908849 0.12184556554624645 0.09521767481289625 0.0718051453961179 0.13584871263141207 0.1096610089916218
0.10385322182071867 0.07669128870961517 0.29053171461442934 0.12287819897078227 0.09003289292679141 0.06842228204638544 0.13700002183757365 0.11059037907370403
0.101854739453951 0.07567637515113956 0.2972228390251077 0.12244733808821391 0.08852499452766657 0.0675514653672216 0.13651964410730716 0.11020260427939253
0.08096028481689692 0.1321490004611721 0.15007984558569779 0.13396320041496768 0.09392046922410568 0.15730936219600306 0.09086199680319547 0.1607558404979612
0.13203718226645017 0.11823745841305174 0.19459083237989672 0.10529668045260712 0.12278010577111421 0.11489278756610444 0.11739794074342914 0.0947670124073464
0.1453245104121069 0.11133593785313439 0.2081694067849124 0.10146246056655486 0.127912631828427 0.10135576633867194 0.11312307170629325 0.09131621450989937
0.11369215246239318 0.08311694829512256 0.25983442328896783 0.12297869414181598 0.09823387941462695 0.07435101121580251 0.1371120664536366 0.11068082472763438
0.10524136005785469 0.07756827231281714 0.28431935668812114 0.12353958325328808 0.09117015243151722 0.06923823437291088 0.13773741595553163 0.11118562492795926
0.11986165858544841 0.08895040560288016 0.21553814978531 0.08977190051607017 0.13883044578111198 0.10586919953675183 0.13345195957314313 0.1077262806192842
0.10743675880546469 0.0790567584230416 0.2640753555011911 0.12369574307171134 0.10105813597947635 0.07543955695521896 0.13791152249935576 0.11132616876454018
0.10359019886214288 0.07674778436081515 0.28622215870840134 0.12347930166648728 0.09176523551498106 0.06939374290245923 0.1376702064848746 0.11113137149983855
0.1019532042755658 0.07581220859164128 0.29548912681482725 0.12266680947608112 0.08907369969283384 0.06784048429426033 0.13676433832631732 0.110400128528473
0.11870903490842732 0.0884165213794641 0.2193522984947719 0.08960419673226214 0.1378931602420952 0.10529709552943921 0.13320265663482553 0.10752503607871457
0.14067601615495418 0.10366440016289084 0.21832571021703745 0.10150029626478499 0.13240646402214173 0.09891159085362408 0.11316525568626025 0.09135026663830646
0.11214028004128726 0.08137011817784352 0.26425517521303366 0.12258580123077216 0.09898702345835676 0.07366036059282237 0.13667402017818925 0.11032722110769494
0.13898094556099816 0.10237485539464147 0.23742271032013998 0.10233143963789534 0.1210944040887388 0.09160543080182698 0.11409191852165347 0.09209829567410581
0.12816689093122854 0.09308308308281034 0.1965255736368446 0.08793653213036155 0.14743273745417274 0.11060778301137206 0.13072356119677628 0.10552383855643385
0.14404957129882479 0.1049617796184588 0.20900110340588215 0.10155234968152274 0.1354824869535445 0.1003323029670571 0.11322329136133953 0.09139711471337046
0.11331365128589374 0.08184231757421459 0.2601525898556106 0.12292081724482044 0.09996824967702415 0.07412610080943993 0.137047538032658 0.11062873552033839
0.08319738943124434 0.1340993481008408 0.14068915951693117 0.13389842016556183 0.0966170793747021 0.16000244031714259 0.09081805889490283 0.16067810419867418
0.10187352346273547 0.09108591747115091 0.2339095713815935 0.12923603883304485 0.09484520739458022 0.08864876768881949 0.14408853881833508 0.11631243494974036
0.10352929007520752 0.08008857849492589 0.27419859863485513 0.1253272886359566 0.09155937121423764 0.07277173912609862 0.13973057404635758 0.11279455977236094
0.10242358528350241 0.07681696634221545 0.2906864298846742 0.1233255941824798 0.08946372227583221 0.06879183315615023 0.13749883411091401 0.11099303476423181
0.11895921503728246 0.08872643732006771 0.217753376599403 0.08970761736723817 0.13817486862375622 0.10567294585668718 0.13335639835487945 0.1076491408406858
0.10713164351418862 0.07895873889658199 0.2650384866243749 0.12360640901708295 0.10085586111998619 0.07535117101724512 0.13781192169516562 0.11124576811537466
0.10347870925724492 0.07670282914288616 0.28662037512470917 0.12343359341491787 0.09170125935879589 0.0693537544325817 0.13761924519543828 0.1110902340734261
0.13579528146200578 0.10099289913856065 0.24622115404780742 0.10214116039091474 0.11866891431989812 0.0903737749277762 0.11387977136121391 0.09192704435182326
0.12712729926598898 0.09270154226460779 0.19962395451520923 0.08785915368023173 0.14648183960798603 0.11016669331609996 0.1306085329335982 0.10543098441627807
0.12526368655442013 0.0914111635376609 0.18333647454475488 0.08852059120232715 0.1571630135499662 0.11648855693297687 0.13159180423510128 0.10622470944279258
0.12486015574855953 0.0912383494862231 0.17751882402842026 0.0886507352408666 0.1611281849778585 0.11843759613962446 0.13178527208940766 0.10638088228903993
0.12478106599943431 0.0912305393989076 0.1754244222213235 0.08868423206399244 0.16258977271078137 0.11903382176199893 0.13183506736677084 0.10642107847679091
0.10992159770530924 0.08038023835785055 0.24620950190077143 0.1250226498536629 0.1077831036350089 0.07877159914076276 0.1393909245383376 0.11252038486829663
0.10483446847712669 0.07746377230541232 0.27876443163101566 0.12426537684316644 0.09386040519761368 0.07042608474227036 0.13854662164454526 0.1118388391588498
0.13647773304145341 0.10136150411125723 0.2432930615101981 0.10234087052603454 0.11952437300335951 0.09079324107613518 0.11410243325813105 0.09210678347343107
0.11029474364742331 0.08037244891454137 0.27516359551133385 0.12177876847758487 0.09536439397692474 0.07165091895765509 0.1357742388847103 0.10960089162982638
0.1038469881198726 0.07664223694248155 0.29066260858186777 0.12285154956574934 0.09007878684434277 0.06838112559678808 0.1369703097397235 0.11056639460917439
0.10184555614421027 0.07566045598803034 0.29726982610550134 0.1224345248984348 0.08855522692497873 0.06753797917334171 0.1365053583569116 0.11019107240859131
0.11863896375517416 0.08835249792866656 0.21995068140672713 0.08956786611878569 0.13768532506579395 0.10517457764453274 0.13314864873777693 0.10748143934254283
0.106968634963374 0.0788256925428594 0.2659757197437801 0.1235050047783236 0.10067062436153495 0.07520095577320725 0.13769886353642943 0.11115450430049124
0.10340320093517945 0.07665139652439687 0.28700565147962065 0.123388220727652 0.09163088401797963 0.06930258962512642 0.1375686580351583 0.11104939865488682
0.13575789972167626 0.10097051689007831 0.24636346655339883 0.1021303949274993 0.11863972657421913 0.09035287122548051 0.11386776867289845 0.09191735543474935
0.11000096130574002 0.08021551065971426 0.2764669652836967 0.121646500644691 0.09506529490154624 0.07149614650262244 0.1356267701217674 0.10948185058022189
0.09443206169425776 0.15279788026186752 0.16569081145454295 0.15313118324466282 0.08190844301771354 0.1363243882779524 0.07789716712880673 0.13781806492019652
0.10363406646437748 0.09375203816495725 0.24440800548356714 0.12758284662613548 0.09033124561400009 0.08322188280325678 0.14224535288018386 0.1148245619635219
0.13723087192786915 0.1063691915848031 0.23067401274224447 0.10332905446257291 0.11948126345049633 0.09471527221339698 0.11520418460230143 0.0929961490163156
0.11097962598340698 0.08170509666533789 0.26986808051446004 0.12237606978270767 0.09578344688923392 0.0727090320952185 0.13644018526519797 0.11013846280443693
0.10421837380022597 0.07704573748457112 0.2885030239081265 0.12311245900093713 0.0903482051161666 0.06870978330002475 0.13726120428910452 0.11080121310084341
0.10201809348415554 0.07579721446008414 0.2963960167060612 0.12254057435579879 0.08868586001594904 0.0676521284699984 0.13662359558773388 0.11028651692021892
0.10120583699723729 0.07536398752623484 0.2996338729390369 0.12220249722347756 0.08808225167972908 0.06728264131832196 0.13624666481483244 0.10998224750112981
0.1008897989384532 0.0751962868083909 0.3009487926261555 0.12205264169993346 0.08784714004783796 0.06713837525996008 0.1360795870893288 0.10984737752994013
0.1007642577753841 0.07512914355414241 0.30148098098820897 0.12199042220007861 0.08775329390431824 0.06708030460755987 0.13601021699023688 0.10979137998007074
0.10071395845548045 0.07510203191561941 0.3016961131973673 0.12196506712319538 0.08771552876673126 0.06705679215904825 0.135981947971682 0.10976856041087585
0.11822316443963146 0.08816342343585125 0.22144965524777802 0.08949093784796919 0.13729032520654505 0.10495907870827804 0.13303428969638403 0.107389125417563
0.12265376058306081 0.09043175592363915 0.1913565177200448 0.08859463123372466 0.15392436492003903 0.11502354242441049 0.13170186971461156 0.10631355748046957
0.1424064068279715 0.10445712148168014 0.20711991451557585 0.10173914639606196 0.13770090619078038 0.10157971707347704 0.11343155575799745 0.09156523175645576
0.11296899090528395 0.08180298274032193 0.25935964761712393 0.12301471919926112 0.10057494499958788 0.07441323555483538 0.1371522317042508 0.11071324727933501
0.10506943852276124 0.07732609070405022 0.28411076164611887 0.12355051600712885 0.0917417012088795 0.06925642234445825 0.13774960516018694 0.11119546440641598
0.10238483775076213 0.07596668851085564 0.2945994846560873 0.12274200995689558 0.08913495029160518 0.06785603862213901 0.13684818125044923 0.11046780896120602
0.11884949106868152 0.08846123054364052 0.21904746796130756 0.08961619810554902 0.137951477313186 0.10531419979869762 0.13322049748227885 0.10753943772665883
0.14072656158595606 0.10367785737693846 0.21820228463560412 0.10150194794054558 0.13245462945506714 0.09891786867792368 0.11316709718147396 0.09135175314649102
0.11215550504681546 0.08137405582039177 0.26419758334021837 0.1225867634754447 0.09902016139231946 0.07366275078772008 0.13667509300918984 0.11032808712790024
0.1389846248749433 0.10237455279628971 0.2373972083527954 0.10232961939327388 0.12112260530750862 0.09160484273650298 0.11408988908473969 0.0920966574539465
0.11111935621614372 0.08070103760263289 0.2726026654867914 0.12198155269396821 0.0958908066411997 0.07192085578186545 0.13600032815282723 0.10978339742457138
0.1384165753986861 0.10203655126709292 0.24057099063062629 0.10214533579186777 0.11998510500053836 0.09103021307682803 0.11388442662167943 0.09193080221268099
0.11086077668488413 0.08055219877416171 0.2739558110445904 0.12184756659898979 0.09553059946825564 0.07173929383413893 0.13585094365588862 0.1096628099390908
0.1040281967591142 0.07670534665823385 0.29015752233437225 0.12290035871058343 0.09015026026241862 0.06842326414201248 0.13702472829374004 0.11061032283952509
0.1019082295065125 0.07568549380312352 0.2970628744144247 0.12245725501403949 0.08858650896838628 0.06755740804134436 0.13653070073953358 0.11021152951263553
0.13497766712235765 0.10051110883321636 0.2501149634376256 0.10188791604984394 0.11747656587867815 0.08973523141366739 0.11359742281975138 0.09169912444485954
0.12682834232851517 0.09255012460023583 0.20097800782340777 0.08780969557034228 0.14599607693179273 0.10993110792986129 0.1305350101314342 0.10537163468441074
0.10953802729382749 0.07996177502918747 0.2573954575240316 0.12393637748498558 0.10303795821698776 0.07640785280212865 0.13817981191236448 0.11154273973648701
0.09451309918160328 0.15303450698346568 0.1604608965941289 0.1535507794388136 0.0837199076904861 0.13841449472813022 0.07811061388843997 0.13819570149493224
0.11846519789088338 0.10719640608491776 0.1726253160028216 0.09114140668196392 0.13829867563480794 0.1274154872157471 0.13548782247050162 0.10936968801835673
0.10868141021404845 0.08383079821669037 0.24557924686244756 0.12564084504144007 0.10245945274362908 0.08065132034570838 0.1400801660387399 0.11307676053729607
0.12140390825167285 0.09074605897056691 0.2021079360558692 0.09023225313962074 0.1434836733307466 0.10961116181672154 0.13413630466725712 0.10827870376754489
0.10829965629138115 0.07975138773408616 0.2582593675717733 0.12425647144134798 0.10259672735897456 0.07646887251912371 0.1385366927860999 0.1118308242972132
0.10401551225252047 0.07703681609523513 0.28381519959534396 0.12374845394511667 0.09231567220180929 0.06972444616981399 0.13797029118955542 0.11137360855060499
0.11950976107487712 0.08883992003696532 0.2153578122230462 0.08978217289667824 0.13928871467916 0.10601578145640636 0.13346723015685302 0.10773860747601387
0.10735182628532204 0.07903921102426134 0.26399693854281187 0.12370095905130819 0.10119217272028058 0.0754706913024845 0.13791733792735403 0.11133086314617736
0.13753007339574724 0.10190949851332654 0.2375164431831462 0.10248016877159138 0.12191789849217542 0.09215602534304555 0.11425774040653548 0.09223215189443225
0.145770390730416 0.1061058669196674 0.22430256254317885 0.1003541137031374 0.12645935408529976 0.09480166201944173 0.11188734766603528 0.09031870233282366
0.11316002586122098 0.08162324803706249 0.26668361738435103 0.12221262443911456 0.09737588717415295 0.07269527920438955 0.13625795590450532 0.1099913619952031
0.10484356807568332 0.0770848296859675 0.28711768422563405 0.12319459157523414 0.09077554669538813 0.06875587134423305 0.1373527759801491 0.11087513241771073
0.11967964254775602 0.08879223878181576 0.21647134228849987 0.0897114540165123 0.13865894526095132 0.10567053049293916 0.13336210179171082 0.10765374481981475
0.08333248932120417 0.13440164350527586 0.12830827407792803 0.13147867063074503 0.10454167447236487 0.17098600576430015 0.08917683747128795 0.15777440475689403
0.10216910021808209 0.09139826713878829 0.22804776186747847 0.12948630730340724 0.09698205133680023 0.09101126607633951 0.1443675694860376 0.11653767657306649
0.08096488234830063 0.13727922340086401 0.13246258691843027 0.13417289917190917 0.09592004754203137 0.16718865434774807 0.09100422726442536 0.161007479006291
0.10159742501874813 0.09199066602028894 0.23028665041328625 0.12964178794615436 0.09497676519918952 0.09028817745112613 0.1445409187996676 0.11667760915153892
0.10360136644160253 0.08037327193018495 0.27270565416040826 0.12551566909176382 0.09172349233105859 0.07317583966605473 0.13994060419633964 0.11296410218258743
0.13635467317758088 0.10231995513338424 0.24118644211530343 0.10260100530894341 0.11913991597442015 0.09166463938428787 0.11439246412803093 0.09234090477804906
0.11035328696286797 0.08062447760539725 0.2742978616028913 0.12189188147286462 0.09535617672009508 0.0718732708771266 0.13590035143317888 0.10970269332557815
0.08257538929400926 0.13363668311990898 0.1442114202171837 0.13380134878383912 0.09548929101498076 0.15897202985434566 0.09075221917512566 0.1605616185406069
0.10151030708154081 0.09172832318986121 0.23534162277106532 0.12893005398998408 0.09440529315449533 0.08829996266905542 0.14374738855301208 0.11603704859098568
0.10332081255900251 0.08071631556278258 0.2746981514227525 0.12513753803591252 0.09136158355062535 0.0726227983488024 0.13951901628780092 0.11262378423232125
0.0812300941780553 0.13469735181255746 0.14432546334630145 0.1340041410078747 0.0946084010700772 0.1594398141703433 0.0908897652053411 0.16080496920944964
0.10117647814618351 0.09195981424524577 0.23543873414636068 0.12896106781404656 0.09421440013400548 0.08840257782913873 0.1437819666523773 0.11606496103264193
0.10323721605809333 0.08076319865300126 0.27474881033726034 0.1251403962432105 0.0913190883224428 0.07264273079146329 0.13952220297563916 0.11262635661888944
0.10227546526456847 0.07740457846187238 0.2908334669640568 0.12319545459186819 0.089348659277941 0.06871272812772009 0.13735373817929183 0.11087590913268139
0.1014305431389605 0.07628334832905949 0.2973328175192869 0.12239109165926243 0.08837183300406819 0.06758145031950522 0.13645693353652094 0.11015198249333617
0.10097963499642101 0.0758807095166208 0.2999533976549387 0.12207056091162548 0.08794100820666723 0.06721161822015308 0.1360995656731108 0.10986350482046293
0.10077173269591434 0.07572915676695977 0.3010103877731651 0.12194304898828562 0.08776029942927979 0.06707923086253638 0.13595739939440202 0.10974874408945706
0.10068173342366558 0.07567041844085141 0.30143701316297555 0.12189208311147301 0.0876861714292891 0.06702912938624003 0.1359005762451796 0.1097028748003257
0.10064396995098385 0.07564724675074765 0.3016093058436722 0.12187162399348865 0.08765605701380354 0.06700956899773754 0.13587776585542688 0.10968446159413979
0.11813672800921454 0.08879827639669162 0.22135503919516913 0.08941650795793198 0.13719071905370694 0.10487927517194626 0.13292364466582127 0.10729980954951837
0.14032261534005377 0.10440239962484968 0.21896801869003918 0.10134112497229711 0.13207815923400262 0.0986928780900992 0.11298779157359094 0.09120701247506739
0.11195892800335679 0.08212749813822051 0.2644169172688037 0.12242242858269257 0.09885074834153006 0.07355142207340395 0.13649187186756917 0.11018018572442331
0.10457963106996947 0.0777372563440239 0.28612616091505716 0.12321373573900593 0.09114246365335642 0.06893426981939624 0.13737412029408572 0.11089236216510533
0.1021375378780624 0.07644544947683946 0.29534774399678476 0.12254767332897158 0.08888924540851967 0.06770793350170036 0.1366315104130474 0.11029290599607443
0.10122112652706441 0.07596163247817875 0.2991372548133312 0.12215469107123944 0.08811420280884649 0.06727850581451388 0.13619336452271025 0.1099392219641155
0.1183547732599356 0.08890842911765798 0.22052005325333413 0.08946138656147197 0.137409809145917 0.10500152506369902 0.13299035972421805 0.10735366387376637
0.09541494267555538 0.15555408771319038 0.1485722529973497 0.1509535104739996 0.08980692214447243 0.14705073011031997 0.07678939445851285 0.13585815942659965
0.10424795722191199 0.09569771556928147 0.23638429490579196 0.12789536849546815 0.0924979379288804 0.08557710279078251 0.14259379144196221 0.11510583164592134
0.13752692029075964 0.10775517371715705 0.2274854195267167 0.10337517311738982 0.1202142929812483 0.09534976110034596 0.11525560346073165 0.09303765580565083
0.11110296338171102 0.08271049343607703 0.26839050966474975 0.12237572197118006 0.09599131528658231 0.07285104900433699 0.13643979748130075 0.11013814977406207
0.10424641742284683 0.07776413811601918 0.2878116294740551 0.12307378470394996 0.09039119608588024 0.06872834262958823 0.1372180853341054 0.11076640623355495
