Action: 0
[0.12288069956015482, 0.09772597808743386, 0.2922884093317127, 0.09739596667551477, 0.09749269297983891, 0.09742432001431535, 0.09739596667551477, 0.09739596667551477]
[0.1005326457685132, 0.1005326457685132, 0.2962714796204077, 0.1005326457685132, 0.1005326457685132, 0.1005326457685132, 0.1005326457685132, 0.1005326457685132]
[0.13894566524859614, 0.09655411104400939, 0.18516649062294502, 0.09655411104400939, 0.19311706126902192, 0.09655433868339933, 0.09655411104400939, 0.09655411104400939]
[0.125, 0.125, 0.125, 0.125, 0.125, 0.125, 0.125, 0.125]
[0.14367592103098312, 0.09428473144436204, 0.2744520346199387, 0.09428473144436204, 0.11040537566099236, 0.0943277429106376, 0.09428473144436204, 0.09428473144436204]
[0.10064923197437312, 0.09965009091331939, 0.29880756288755067, 0.09965009091331939, 0.09965046174253456, 0.1022923797422642, 0.09965009091331939, 0.09965009091331939]
[0.125, 0.125, 0.125, 0.125, 0.125, 0.125, 0.125, 0.125]
[0.125, 0.125, 0.125, 0.125, 0.125, 0.125, 0.125, 0.125]

Action: 1
[0.09930746349894996, 0.09930746349894996, 0.09930746349894996, 0.09930746349894996, 0.20505091263317893, 0.19910430637312146, 0.09930746349894996, 0.09930746349894996]
[0.1111111111111111, 0.1111111111111111, 0.1111111111111111, 0.1111111111111111, 0.1111111111111111, 0.2222222222222222, 0.1111111111111111, 0.1111111111111111]
[0.0964917274468887, 0.0964917274468887, 0.0964917274468887, 0.0964917274468887, 0.1402354288077634, 0.28081420651090444, 0.0964917274468887, 0.0964917274468887]
[0.125, 0.125, 0.125, 0.125, 0.125, 0.125, 0.125, 0.125]
[0.10020878472352032, 0.10020878472352032, 0.10020878472352032, 0.10020878472352032, 0.2985385069353578, 0.10020878472352032, 0.10020878472352032, 0.10020878472352032]
[0.10015780671125915, 0.10015780671125915, 0.10015780671125915, 0.10015780671125915, 0.2003156134225183, 0.19873754630992674, 0.10015780671125915, 0.10015780671125915]
[0.125, 0.125, 0.125, 0.125, 0.125, 0.125, 0.125, 0.125]
[0.125, 0.125, 0.125, 0.125, 0.125, 0.125, 0.125, 0.125]

