0.125 0.125 0.125 0.125 0.125 0.125 0.125 0.125
0.125 0.125 0.125 0.125 0.125 0.125 0.125 0.125
0.1232638888888889 0.1232638888888889 0.1232638888888889 0.1232638888888889 0.1371527777777778 0.1232638888888889 0.1232638888888889 0.1232638888888889
0.13507908950617287 0.12138310185185186 0.12138310185185186 0.12138310185185186 0.13662229938271606 0.12138310185185186 0.12138310185185186 0.12138310185185186
0.13454928090706447 0.11954049318415638 0.11954049318415638 0.11954049318415638 0.13472074867112482 0.13302750450102882 0.11954049318415638 0.11954049318415638
0.13291366015295977 0.11796374005217483 0.11796374005217483 0.11796374005217483 0.13293271212674426 0.14433492745942167 0.11796374005217483 0.11796374005217483
0.13131920385323775 0.11655101939179778 0.11655101939179778 0.11655101939179778 0.13132132073921382 0.15460437844855954 0.11655101939179778 0.11655101939179778
0.125 0.125 0.125 0.125 0.125 0.125 0.125 0.125
0.13056138930861658 0.11667250041972771 0.11667250041972771 0.11667250041972771 0.13056138930861658 0.15551471928412808 0.11667250041972771 0.11667250041972771
0.13979313024998952 0.11391082208730868 0.11391082208730868 0.11391082208730868 0.1284176431215994 0.16223511619186778 0.11391082208730868 0.11391082208730868
0.13976460743392644 0.11205221179141756 0.11205221179141756 0.11205221179141756 0.13750954669264057 0.1624647869163452 0.11205221179141756 0.11205221179141756
0.13840117169690788 0.11069443037777074 0.11069443037777074 0.11069443037777074 0.146948303547165 0.16117837286707354 0.11069443037777074 0.11069443037777074
0.12276141148795731 0.12276141148795731 0.12276141148795731 0.12276141148795731 0.12276141148795731 0.14067011958429884 0.12276141148795731 0.12276141148795731
0.13620466258951483 0.11186861117766542 0.11186861117766542 0.11186861117766542 0.14423419414426553 0.16021808737789237 0.11186861117766542 0.11186861117766542
0.1354352799341079 0.10843425712787205 0.12086410281427933 0.10843425712787205 0.14646105822615424 0.16350253051397018 0.10843425712787205 0.10843425712787205
0.12094843572959223 0.12094843572959223 0.12094843572959223 0.12094843572959223 0.12094843572959223 0.15336094989285426 0.12094843572959223 0.12094843572959223
0.1332896672928975 0.10931301767294048 0.12275173275400629 0.10931301767294048 0.14120061642110757 0.16550591284022684 0.10931301767294048 0.10931301767294048
0.11954562381557221 0.11954562381557221 0.11954562381557221 0.11954562381557221 0.11954562381557221 0.16318063329099458 0.11954562381557221 0.11954562381557221
0.1313603345725016 0.10766177643460688 0.1313603345725016 0.10766177643460688 0.13917952911437645 0.167452696002193 0.10766177643460688 0.10766177643460688
0.1175484170456517 0.1175484170456517 0.1175484170456517 0.1175484170456517 0.1330128091694713 0.16169668855661834 0.1175484170456517 0.1175484170456517
0.13741502854558604 0.1064238318953523 0.1297264665419499 0.1064238318953523 0.14149215718271171 0.165671020148343 0.1064238318953523 0.1064238318953523
0.11603403152849845 0.11603403152849845 0.11603403152849845 0.11603403152849845 0.14408323990624458 0.15971257092276464 0.11603403152849845 0.11603403152849845
0.13588055203370228 0.10528861741137095 0.13588055203370228 0.10528861741137095 0.14327561999434113 0.16380880629277064 0.10528861741137095 0.10528861741137095
0.11508695754854255 0.11508695754854255 0.11508695754854255 0.11508695754854255 0.14348971711268238 0.16598853759606225 0.11508695754854255 0.11508695754854255
0.13474794349649985 0.10440570135572472 0.14016756370403227 0.10440570135572472 0.14223622389350177 0.16522546348306727 0.10440570135572472 0.10440570135572472
0.114376742395765 0.114376742395765 0.114376742395765 0.114376742395765 0.14257345352301648 0.17116609210239367 0.114376742395765 0.114376742395765
0.1339333662350915 0.10377836963974263 0.14309059600782748 0.10377836963974263 0.14136732273911748 0.1664952364589931 0.10377836963974263 0.10377836963974263
0.11387126465873866 0.11387126465873866 0.11387126465873866 0.11387126465873866 0.14189572603007247 0.17487668601749543 0.11387126465873866 0.11387126465873866
0.13838293488157097 0.10299883420764466 0.14213732372323862 0.10299883420764466 0.14040910701053425 0.16707529755407738 0.10299883420764466 0.10299883420764466
0.11354512787061168 0.11354512787061168 0.11354512787061168 0.11354512787061168 0.14137963388910454 0.1773495988872255 0.11354512787061168 0.11354512787061168
0.14148769909722625 0.10246130547607073 0.14148769909722625 0.10246130547607073 0.13973551253318198 0.16744386736808273 0.10246130547607073 0.10246130547607073
0.14879715266537571 0.10016666766726837 0.15200909201574622 0.10016666766726837 0.13700740833207203 0.16151967631773248 0.10016666766726837 0.10016666766726837
0.15006829561115761 0.0989254913488435 0.15462305306897484 0.0989254913488435 0.1414988652726724 0.15810782065182125 0.0989254913488435 0.0989254913488435
0.11373868962520749 0.11373868962520749 0.11373868962520749 0.11373868962520749 0.14178922780537426 0.17577863444338074 0.11373868962520749 0.11373868962520749
0.14009850899935963 0.1010055866123599 0.1426805127721098 0.1010055866123599 0.14506485236460523 0.1681337794144857 0.1010055866123599 0.1010055866123599
0.11300937809610673 0.11300937809610673 0.11300937809610673 0.11300937809610673 0.14176683259591666 0.18017689882744292 0.11300937809610673 0.11300937809610673
0.1394847999829105 0.10064254796231845 0.14379975728588568 0.10064254796231845 0.14469485467754567 0.16945039620438426 0.10064254796231845 0.10064254796231845
0.11285134123236294 0.11285134123236294 0.11285134123236294 0.11285134123236294 0.14153544790547876 0.18135650470034367 0.11285134123236294 0.11285134123236294
0.13924938111244145 0.10046144766074606 0.1447431976326883 0.10046144766074606 0.14444185441767038 0.16971977619421558 0.10046144766074606 0.10046144766074606
0.11277550304569585 0.11277550304569585 0.11277550304569585 0.11277550304569585 0.14140945529930063 0.1819375264265245 0.11277550304569585 0.11277550304569585
0.1386246589634932 0.09986279171983234 0.14411478353751925 0.09986279171983234 0.14846638368154502 0.16934300693811313 0.09986279171983234 0.09986279171983234
0.11264893626826192 0.11264893626826192 0.11264893626826192 0.11264893626826192 0.14208070560369251 0.18202567678673598 0.11264893626826192 0.11264893626826192
0.13845980129147217 0.09974143608940596 0.14474339695955796 0.09974143608940596 0.148575742297417 0.16925531509392897 0.09974143608940596 0.09974143608940596
0.11261974278380237 0.11261974278380237 0.11261974278380237 0.11261974278380237 0.1420731912190896 0.18220835207809621 0.11261974278380237 0.11261974278380237
0.13837665067621305 0.0996683195146826 0.14519806781825548 0.0996683195146826 0.14850004296694852 0.16925196047985253 0.0996683195146826 0.0996683195146826
0.11260094436172996 0.11260094436172996 0.11260094436172996 0.11260094436172996 0.14203938626706783 0.18235494756255238 0.11260094436172996 0.11260094436172996
0.14060305522706032 0.09934500963803158 0.14486715814245468 0.09934500963803158 0.14816511405046123 0.16898463402789737 0.09934500963803158 0.09934500963803158
0.11141162463172838 0.11141162463172838 0.11141162463172838 0.11141162463172838 0.15047479793212976 0.18105545427750022 0.11141162463172838 0.11141162463172838
0.13993650677934916 0.09911423913089168 0.14451527347386717 0.09911423913089168 0.15083366385913738 0.16825759936407952 0.09911423913089168 0.09911423913089168
0.11134718910144083 0.11134718910144083 0.11134718910144083 0.11134718910144083 0.15111391549060485 0.1808029499007502 0.11134718910144083 0.11134718910144083
0.14141203043985634 0.0988895953234095 0.14426437172666678 0.0988895953234095 0.15082869000909857 0.1679365265307403 0.0988895953234095 0.0988895953234095
0.11135455503399266 0.11135455503399266 0.11135455503399266 0.11135455503399266 0.15111997008636002 0.1807526997096839 0.11135455503399266 0.11135455503399266
0.14243928577599657 0.09874485990205695 0.14412263797554262 0.09874485990205695 0.15068603560206684 0.16777260103816594 0.09874485990205695 0.09874485990205695
0.11048071951883717 0.11048071951883717 0.11048071951883717 0.11048071951883717 0.15730455931615164 0.17981112357082543 0.11048071951883717 0.11048071951883717
0.1426492207261214 0.0985134376340113 0.1435351214815593 0.0985134376340113 0.15258030748042298 0.16718159977585098 0.0985134376340113 0.0985134376340113
0.11043139771412433 0.11043139771412433 0.11043139771412433 0.11043139771412433 0.1578438592945411 0.17956775442071307 0.11043139771412433 0.11043139771412433
0.1089361544307845 0.1089361544307845 0.1089361544307845 0.1089361544307845 0.16318838611201214 0.18319468730328073 0.1089361544307845 0.1089361544307845
0.10700604712263082 0.10700604712263082 0.11911006428160686 0.10700604712263082 0.1630952365950825 0.18276446351015654 0.10700604712263082 0.10700604712263082
0.10559376399007757 0.10559376399007757 0.12920597741196566 0.10559376399007757 0.16165093720801008 0.1811742654296367 0.10559376399007757 0.10559376399007757
0.10502913401168884 0.10502913401168884 0.1306427472058016 0.10502913401168884 0.16425955854002924 0.17995202419572484 0.10502913401168884 0.10502913401168884
0.11514839976357541 0.10347849598449887 0.12937693242352205 0.10347849598449887 0.16366474391601796 0.17789593995888908 0.10347849598449887 0.10347849598449887
0.11523933177310582 0.10244506513270855 0.13655480523396574 0.10244506513270855 0.16241336738878426 0.17601223507330999 0.10244506513270855 0.10244506513270855
0.12395175831411534 0.10110687351924974 0.13710903270525251 0.10110687351924974 0.16061665964029384 0.1738950552633394 0.10110687351924974 0.10110687351924974
0.12532565861423792 0.10075363450373509 0.13690191367147223 0.10075363450373509 0.16209161297710853 0.17266627672224083 0.10075363450373509 0.10075363450373509
0.13273650557298303 0.0996948685263055 0.13578854154223544 0.0996948685263055 0.1615961176854557 0.17109936109410387 0.0996948685263055 0.0996948685263055
0.14005687900389377 0.09881063579780172 0.13461077245255149 0.09881063579780172 0.1605226600060588 0.16956714534628908 0.09881063579780172 0.09881063579780172
0.14625704038663304 0.09811834001381654 0.13360796229173053 0.09811834001381654 0.1594204209186929 0.1682412163476774 0.09811834001381654 0.09811834001381654
0.15118109483498074 0.09759113895856254 0.13281637412112487 0.09759113895856254 0.15847228521341705 0.16716568999622733 0.09759113895856254 0.09759113895856254
0.15210491616988703 0.0967107404082417 0.1379818017873522 0.0967107404082417 0.15722980263264574 0.16584051777714817 0.0967107404082417 0.0967107404082417
0.15232409156671511 0.09659141897480131 0.13946757372943047 0.09659141897480131 0.15663598888960578 0.16520666991504354 0.09659141897480131 0.09659141897480131
0.15182298912946793 0.0960100086097158 0.14394615991648663 0.0960100086097158 0.15582780668983423 0.164363009825348 0.0960100086097158 0.0960100086097158
0.15114365891588824 0.09551428704451746 0.1482575145712887 0.09551428704451746 0.15502344801013498 0.16351823032461837 0.09551428704451746 0.09551428704451746
0.1528578688679537 0.09513753949656716 0.1494604879387053 0.09513753949656716 0.1543395235137239 0.16279196169334856 0.09513753949656716 0.09513753949656716
0.15315656413153836 0.09478159424294698 0.1518591365871555 0.09478159424294698 0.15372239398362694 0.16213552832589143 0.09478159424294698 0.09478159424294698
0.15300597310278885 0.09451693432689223 0.15410495733019355 0.09451693432689223 0.1532220581550165 0.1615992741044321 0.09451693432689223 0.09451693432689223
0.15276037757230773 0.09432884808156501 0.15589201493788366 0.09432884808156501 0.15284289840365636 0.16118931675989231 0.09432884808156501 0.09432884808156501
0.15403180583450246 0.09409014478372058 0.15636722070299264 0.09409014478372058 0.15245939759402835 0.16078099673359436 0.09409014478372058 0.09409014478372058
0.1554407475466965 0.09390680387575126 0.15637371905986805 0.09390680387575126 0.15212960136530862 0.16042871652512186 0.09390680387575126 0.09390680387575126
0.15576722212740643 0.09367042236655113 0.15613993356987163 0.09367042236655113 0.15336457307335696 0.16004658176316056 0.09367042236655113 0.09367042236655113
0.15575871677498201 0.09353149415535048 0.15665552285447581 0.09353149415535048 0.1537102355440306 0.15974954820510975 0.09353149415535048 0.09353149415535048
0.15638092142974608 0.09341101051042906 0.15674348090703819 0.09341101051042906 0.1537253864333017 0.15950616918819777 0.09341101051042906 0.09341101051042906
0.1565451638560446 0.09332370893010432 0.15719779911791895 0.09332370893010432 0.15364402991205403 0.1593181713935652 0.09332370893010432 0.09332370893010432
0.15655110432363165 0.09326324970483738 0.15766432015154708 0.09326324970483738 0.1535516471926298 0.15917992951284213 0.09326324970483738 0.09326324970483738
0.15653829320289298 0.09324803698037136 0.1578402325835409 0.09324803698037136 0.15350018440291333 0.15912914188916732 0.09324803698037136 0.09324803698037136
0.1569721275552205 0.0931816528252492 0.15784591654253274 0.0931816528252492 0.15341360675817736 0.15904173784307257 0.0931816528252492 0.0931816528252492
0.1571064102558505 0.09313914492261596 0.1580368280995505 0.09313914492261596 0.15333712664417745 0.1589630553099577 0.09313914492261596 0.09313914492261596
0.15713283630730207 0.09311084981258078 0.15824274773476832 0.09311084981258078 0.15327882149395147 0.1589021952136551 0.09311084981258078 0.09311084981258078
0.15712454361202025 0.09309178831221722 0.15841347646437748 0.09309178831221722 0.1532368816293949 0.1588579450453386 0.09309178831221722 0.09309178831221722
0.1571082895387158 0.09307891357158589 0.15854174995007758 0.09307891357158589 0.15320755010078152 0.15882675612408154 0.09307891357158589 0.09307891357158589
0.15696297812257046 0.09294022580663266 0.15845606996194675 0.09294022580663266 0.15414488874484578 0.15867515994410628 0.09294022580663266 0.09294022580663266
0.15687068128714318 0.09290714441319042 0.15843514145294463 0.09290714441319042 0.1544862634126824 0.15857933619446823 0.09290714441319042 0.09290714441319042
0.1567342646001403 0.09280833934713681 0.15832768160152194 0.09280833934713681 0.1552638246437213 0.15844087176606922 0.09280833934713681 0.09280833934713681
0.15665505093625245 0.09278471645945424 0.15829158866105653 0.09278471645945424 0.1555545530967959 0.15835994146807802 0.09278471645945424 0.09278471645945424
0.15661547984600263 0.09277742550412295 0.15829086548788493 0.09277742550412295 0.15566479742405342 0.15831915522556717 0.09277742550412295 0.09277742550412295
0.15653512413306464 0.09271319529364808 0.1582263359717895 0.09271319529364808 0.1561477142426618 0.15823804447789191 0.09271319529364808 0.09271319529364808
0.15648760025353484 0.09269841694219771 0.15819930787186762 0.09269841694219771 0.15632972795073766 0.15818969615506903 0.09269841694219771 0.09269841694219771
0.15646347634462107 0.09269365935429198 0.15818336147260412 0.09269365935429198 0.15639914225143473 0.15817938251417216 0.09269365935429198 0.09269365935429198
0.15675041231006911 0.09265018050689731 0.15813328130089474 0.09265018050689731 0.15638395022833024 0.1581316341331166 0.09265018050689731 0.09265018050689731
0.15685789184060644 0.09264010760713215 0.15811219640466154 0.09264010760713215 0.1563676864704299 0.15810179485577353 0.09264010760713215 0.09264010760713215
0.1568990667730386 0.09263725013671541 0.15810714644577764 0.09263725013671541 0.1563582014022789 0.15808658483204344 0.09263725013671541 0.09263725013671541
0.1569148087458469 0.09263612349088483 0.15810832606834244 0.09263612349088483 0.15635320952329787 0.15807916169897343 0.09263612349088483 0.09263612349088483
0.15687852842048933 0.09259339396645774 0.1580660850258674 0.09259339396645774 0.1566484514645959 0.1580333592232163 0.09259339396645774 0.09259339396645774
0.15685374596770676 0.09258347490109083 0.15803867393593252 0.09258347490109083 0.15675948763630645 0.15801419285569093 0.09258347490109083 0.09258347490109083
0.15684121719707186 0.09258109904924011 0.1580279037951279 0.09258109904924011 0.15680260127830734 0.15800388153253253 0.09258109904924011 0.09258109904924011
0.15680691387089415 0.09255192853182176 0.1579942731586465 0.09255192853182176 0.15702065703603207 0.15797044180714045 0.09255192853182176 0.09255192853182176
0.15676754191571995 0.09252661002356685 0.15795502756758037 0.09252661002356685 0.1572397122082262 0.15793127821420616 0.09252661002356685 0.09252661002356685
0.156745953196286 0.09252115127588204 0.1579353042591462 0.09252115127588204 0.15732453291809725 0.15790960452294256 0.09252115127588204 0.09252115127588204
0.1567358201834347 0.09251986276752709 0.15792718464757444 0.09251986276752709 0.15735820166548736 0.15789934243339518 0.09251986276752709 0.09251986276752709
0.15673129232141889 0.09251948621601397 0.15792434470319847 0.09251948621601397 0.15737170105317488 0.157894717058152 0.09251948621601397 0.09251948621601397
0.15671631682439285 0.09250636570145135 0.1579100480379913 0.09250636570145135 0.15746849083719847 0.15787968149461207 0.09250636570145135 0.09250636570145135
0.1569082299585489 0.09247497694382793 0.1578727383784864 0.09247497694382793 0.15747705634085277 0.1578420675468003 0.09247497694382793 0.09247497694382793
0.15698063176198876 0.09246847447118159 0.1578513889630911 0.09246847447118159 0.15747408965841855 0.15781999173177533 0.09246847447118159 0.09246847447118159
0.15714442565903272 0.09244781913614183 0.15782189177849845 0.09244781913614183 0.1574522096940824 0.15779019632381922 0.09244781913614183 0.09244781913614183
0.1572076393748574 0.09244352828666472 0.15780579130596628 0.09244352828666472 0.1574388869222732 0.15777356925024413 0.09244352828666472 0.09244352828666472
0.15723278245316158 0.09244261902428418 0.15779848748961275 0.09244261902428418 0.15743247809698763 0.15776577586310134 0.09244261902428418 0.09244261902428418
0.15733418439527927 0.0924294040516222 0.157782247613638 0.0924294040516222 0.15741661759843126 0.15774933418616274 0.0924294040516222 0.0924294040516222
0.1574347373333667 0.09241790795946132 0.15776402571509626 0.09241790795946132 0.15739857438448776 0.15773103072920397 0.09241790795946132 0.09241790795946132
0.1575152635913291 0.09240962892291403 0.15774820000998613 0.09240962892291403 0.15738284721391 0.1577151734931186 0.09240962892291403 0.09240962892291403
0.15754683033055977 0.09240789479588786 0.15774009550581586 0.09240789479588786 0.1573746210021172 0.15770687397795577 0.09240789479588786 0.09240789479588786
0.15758736112082042 0.09240356018444457 0.15773240437370817 0.09240356018444457 0.15736689065817372 0.15769910310951937 0.09240356018444457 0.09240356018444457
0.1576032180200184 0.09240264777791546 0.15772843033564674 0.09240264777791546 0.15736278721051564 0.15769497332215737 0.09240264777791546 0.09240264777791546
0.157609579408829 0.09240244849547287 0.15772666838108282 0.09240244849547287 0.1573608940486877 0.15769306417950915 0.09240244849547287 0.09240244849547287
0.15761216309938936 0.0924024002098707 0.1577259463346929 0.0924024002098707 0.15736006427686694 0.1576922254495681 0.0924024002098707 0.0924024002098707
0.15632985539250188 0.10138595687734744 0.15644227060521465 0.09111902352069512 0.15607634506269805 0.15640850150015276 0.09111902352069512 0.09111902352069512
0.15593998421988886 0.10252480371353383 0.15605133899666546 0.09125969739382855 0.15568710709226674 0.15601767379615955 0.09125969739382855 0.09125969739382855
0.15584357044596941 0.1027162347047936 0.1559543494910568 0.09132458984773428 0.15559132437030843 0.155920751444669 0.09132458984773428 0.09132458984773428
0.15582018122514596 0.10275400605863744 0.15593068184883047 0.09134109109143813 0.15556828706211218 0.1559035705309596 0.09134109109143813 0.09134109109143813
0.15581449028638458 0.10276218904891816 0.15592488274067726 0.09134507726462512 0.1555627635681365 0.1559004425620081 0.09134507726462512 0.09134507726462512
0.15580438842328084 0.10275535098951852 0.15591473371807898 0.09133732998408317 0.15562213684101048 0.15589140007586172 0.09133732998408317 0.09133732998408317
0.1558172705178412 0.10275048974705428 0.15590642896980358 0.09133322852599668 0.15564257081345775 0.15588355437385326 0.09133322852599668 0.09133322852599668
0.1558217822876973 0.10274912976057145 0.15590218097583097 0.09133240867756542 0.15565019510642614 0.15587948583677783 0.09133240867756542 0.09133240867756542
0.15582347079963013 0.10274879983964567 0.15590025044501107 0.09133222986624887 0.155653166960408 0.15587762235655836 0.09133222986624887 0.09133222986624887
0.15583658804753026 0.10274694353593093 0.1558976312558163 0.09133041022041474 0.15565257540447694 0.15587503109500123 0.09133041022041474 0.09133041022041474
0.15584166483560938 0.10274638392634805 0.1558961982700446 0.09133005686680015 0.15565197759609756 0.15587360477149995 0.09133005686680015 0.09133005686680015
0.15584368999865872 0.10274624527469127 0.15589553176244433 0.0913299803939859 0.1556516540847548 0.1558729376974933 0.0913299803939859 0.0913299803939859
0.15583867153031575 0.10274037304469778 0.15588939889919037 0.09132412356973209 0.1556923811602938 0.15586680465630598 0.09132412356973209 0.09132412356973209
0.15583153532813074 0.10273466186578001 0.1558818002200747 0.09131906486081359 0.15573560157925742 0.1558592064243164 0.09131906486081359 0.09131906486081359
0.15582758085438975 0.10273302698727389 0.15587765518670155 0.09131806455774276 0.1557524833953013 0.1558550599031055 0.09131806455774276 0.09131806455774276
0.15582572707988207 0.10273262859145961 0.15587572330744792 0.09131784781509586 0.15575925137544527 0.15585312620047767 0.09131784781509586 0.09131784781509586
0.1558332918148732 0.10273133862894995 0.15587367750916134 0.09131660211878778 0.15576080587936666 0.15585107981128557 0.09131660211878778 0.09131660211878778
0.15584181939916045 0.10273014775926602 0.15587178268626264 0.09131555457827158 0.1557604015030065 0.15584918491748947 0.09131555457827158 0.09131555457827158
0.1558489352063184 0.10272926589717934 0.15587024838821273 0.09131480503503868 0.155759484652135 0.15584765075103862 0.09131480503503868 0.09131480503503868
0.15585428325642475 0.1027286536227057 0.15586909865761178 0.09131429074524133 0.15575859102227366 0.1558465012052601 0.09131429074524133 0.09131429074524133
0.15585639475390192 0.10272848236095922 0.15586852030585313 0.09131418751399191 0.1557581180584763 0.15584592197883362 0.09131418751399191 0.09131418751399191
0.15473843717461383 0.11056010693776237 0.15474944878688168 0.09019535552365195 0.15463909038296805 0.15472685014681833 0.09019535552365195 0.09019535552365195
0.15431470801148262 0.1121499282162515 0.15432326801127005 0.09023264644240273 0.1542133921251699 0.15430076430861778 0.09023264644240273 0.09023264644240273
0.15418528270616588 0.11251114646443788 0.15419281640067573 0.09027870073230604 0.15410426401803395 0.15417038821376855 0.09027870073230604 0.09027870073230604
0.15414972191562015 0.11259948697726933 0.15415552201725924 0.09029543384219049 0.15407583138185527 0.15413313618142452 0.09029543384219049 0.09029543384219049
0.1541407444394154 0.11262187139274837 0.15414494818939278 0.09030030575731653 0.15406893564830437 0.15412258305818965 0.09030030575731653 0.09030030575731653
0.15413890349184808 0.11262759548693459 0.15414185559967375 0.09030159239612227 0.15406736829322484 0.1541194999399518 0.09030159239612227 0.09030159239612227
0.15413884278454015 0.11262903481167125 0.15414087936918147 0.09030189698439153 0.15406702418737334 0.15411852789405922 0.09030189698439153 0.09030189698439153
0.15413890368535063 0.11262940618427213 0.15414056179672045 0.09030198302725922 0.15406696781232582 0.15411821143955323 0.09030198302725922 0.09030198302725922
0.15413895223011592 0.11262950312722846 0.1541404540636359 0.09030200634982784 0.15406696780249046 0.1541181037270457 0.09030200634982784 0.09030200634982784
0.1541389785331377 0.11262952854317201 0.1541404159589837 0.09030201254793463 0.15406697399652658 0.15411806532437622 0.09030201254793463 0.09030201254793463
0.1541384552785558 0.11262899943356056 0.15413986602962879 0.09030147839990185 0.15406644241207043 0.15412180164647882 0.09030147839990185 0.09030147839990185
0.15413814131425257 0.11262879728627181 0.15413954122735551 0.09030138114256633 0.1540661251435097 0.15412325160091134 0.09030138114256633 0.09030138114256633
0.15413799070564746 0.11262873663323521 0.1541393862713041 0.090301360562927 0.15406597325332513 0.15412383144770733 0.090301360562927 0.090301360562927
0.15413616381285064 0.11262696009153027 0.1541375575771833 0.09029959604499566 0.1540782233389925 0.15412230704445604 0.09029959604499566 0.09029959604499566
0.15413390167934135 0.11262510239029683 0.15413529468797352 0.09029809052291803 0.15409125940696247 0.15412017026667166 0.09029809052291803 0.09029809052291803
0.15413291477648375 0.11262441696024404 0.15413404033380396 0.09029777336097311 0.1540963395819518 0.15411896826459706 0.09029777336097311 0.09029777336097311
0.15413259558400594 0.11262419093444526 0.15413343068669183 0.09029768321387431 0.1540983527850477 0.1541183803681865 0.09029768321387431 0.09029768321387431
0.15413254907319243 0.112624110945566 0.15413314301501296 0.09029764803203495 0.15409915113180375 0.15411810173831994 0.09029764803203495 0.09029764803203495
0.1541325221861226 0.11262408746433299 0.15413301634539944 0.09029764040768604 0.15409947404780208 0.15411797873328476 0.09029764040768604 0.09029764040768604
0.1541325092289388 0.11262408098769681 0.15413296212712563 0.09029763858593687 0.15409960592330338 0.15411792597512464 0.09029763858593687 0.09029763858593687
0.1541325034011777 0.11262407924230858 0.15413293925423233 0.09029763812446795 0.15409966006238698 0.15411790366649056 0.09029763812446795 0.09029763812446795
0.15413257200858652 0.11262406861549382 0.15413291950044378 0.09029762784365655 0.1540996721968373 0.15411788414766905 0.09029762784365655 0.09029762784365655
0.15413264639177382 0.1126240577893265 0.1541329025997444 0.0902976191241342 0.15409966850135415 0.1541178673453986 0.0902976191241342 0.0902976191241342
0.15413270773992974 0.11262404939822304 0.15413288935525624 0.09029761287919505 0.15409966072637027 0.15411785414263576 0.09029761287919505 0.09029761287919505
0.1541327319474516 0.1126240465345438 0.15413288269895783 0.0902976116789565 0.15409965630704697 0.15411784747513035 0.0902976116789565 0.0902976116789565
0.1541323812972492 0.11262368529093805 0.15413251926628888 0.09029725100304255 0.15409929380139595 0.1541203673350004 0.09029725100304255 0.09029725100304255
0.15413217031083515 0.11262354791628554 0.15413230300542055 0.09029718524081982 0.1540990779505772 0.15412134509442207 0.09029718524081982 0.09029718524081982
0.15413206900779922 0.11262350676176311 0.15413219953105844 0.09029717131925738 0.15409897466007322 0.15412173608153396 0.09029717131925738 0.09029717131925738
0.15413204543160142 0.11262349223757616 0.15413215031061772 0.09029716495348569 0.15409892552882548 0.1541218916309222 0.09029716495348569 0.09029716495348569
0.1541320488509608 0.11262348589701024 0.1541321264642985 0.09029716149217439 0.154098901725652 0.15412195258555533 0.09029716149217439 0.09029716149217439
0.15413205935515215 0.11262348253173221 0.15413211447983677 0.09029715938384132 0.154098889762066 0.15412197571968908 0.09029715938384132 0.09029715938384132
0.15413206987712347 0.11262348050483606 0.15413210815661557 0.09029715802407322 0.1540988834490018 0.1541219839402034 0.09029715802407322 0.09029715802407322
0.15413207396781192 0.11262347983596459 0.15413210527964472 0.09029715775701082 0.15409888056813478 0.15412198707741148 0.09029715775701082 0.09029715775701082
0.1541320800352255 0.11262347901055307 0.1541321033953107 0.09029715706419546 0.154098878682551 0.15412198768377336 0.09029715706419546 0.09029715706419546
0.15413208539994191 0.11262347829105424 0.1541321020590295 0.09029715650832505 0.15409887734599037 0.15412198737900887 0.09029715650832505 0.09029715650832505
0.15413208751525675 0.11262347804190005 0.15413210140506386 0.09029715640180332 0.15409887668609104 0.1541219871462784 0.09029715640180332 0.09029715640180332
0.15413208836754652 0.11262347796872474 0.1541321011144629 0.09029715637802 0.1540988763890889 0.15412198702611696 0.09029715637802 0.09029715637802
0.15413208871451597 0.11262347794820599 0.15413210099080465 0.09029715637200737 0.15409887626010818 0.15412198697034324 0.09029715637200737 0.09029715637200737
0.1541320908624354 0.11262347765611852 0.15413210065157082 0.09029715608398754 0.15409887591868632 0.15412198665922644 0.09029715608398754 0.09029715608398754
0.15413209169916184 0.11262347754536539 0.15413210046004663 0.09029715603113742 0.15409887572447695 0.15412198647753697 0.09029715603113742 0.09029715603113742
0.15413209338365758 0.11262347731947138 0.15413210017678702 0.09029715582719894 0.15409887544012976 0.15412198619835746 0.09029715582719894 0.09029715582719894
0.15413209495105412 0.11262347710726764 0.15413209989205018 0.09029715565977615 0.15409887515497842 0.15412198591532114 0.09029715565977615 0.09029715565977615
0.15413209617892423 0.11262347694625711 0.15413209965518077 0.09029715554083256 0.15409887491797336 0.1541219856791669 0.09029715554083256 0.09029715554083256
0.1541320966644789 0.11262347689136187 0.15413209953532847 0.09029715551785583 0.15409887479686912 0.15412198555839418 0.09029715551785583 0.09029715551785583
0.1541320968604193 0.1126234768753239 0.15413209948135956 0.09029715551270019 0.15409887474157255 0.15412198550322428 0.09029715551270019 0.09029715551270019
0.1541320969402654 0.11262347687084047 0.15413209945825845 0.09029715551139614 0.15409887471737396 0.1541219854790733 0.09029715551139614 0.09029715551139614
0.1541320973836401 0.11262347681096627 0.15413209938970554 0.09029715545241071 0.1540988746483696 0.1541219854100865 0.09029715545241071 0.09029715545241071
0.15413209755644194 0.1126234767882718 0.1541320993508619 0.09029715544158566 0.15409887460897465 0.15412198537069274 0.09029715544158566 0.09029715544158566
0.15413209790192886 0.11262347674201917 0.15413209929302074 0.09029715539983194 0.15409887455091015 0.1541219853126253 0.09029715539983194 0.09029715539983194
0.15413209803724914 0.11262347672508445 0.15413209926155066 0.09029715539206627 0.154098874519104 0.15412198528081283 0.09029715539206627 0.09029715539206627
0.1541318556486092 0.11262323427704352 0.1541318568038333 0.09029691294738244 0.1540986320612514 0.15412368236711513 0.09029691294738244 0.09029691294738244
0.15413171106572773 0.11262314201863872 0.15413171219251065 0.09029686875153994 0.15409848748032923 0.15412434098817393 0.09029686875153994 0.09029686875153994
0.15413164201725477 0.11262311434871196 0.15413164291991754 0.09029685937079099 0.15409841823858894 0.15412460436315395 0.09029685937079099 0.09029685937079099
0.1541308147964246 0.11262231023956736 0.15413081560626618 0.09029606074689418 0.1541039623059258 0.15412391481113344 0.09029606074689418 0.09029606074689418
0.1541303265171988 0.11262200515445919 0.154130327288709 0.09029591506726405 0.1541061122715522 0.15412348356628863 0.09029591506726405 0.09029591506726405
0.15412955769974696 0.11262137808179543 0.1541295584553806 0.09029534847424765 0.15411072195913764 0.15412273838119647 0.09029534847424765 0.09029534847424765
0.15412877400183217 0.11262078848527486 0.1541287747508882 0.09029488318773952 0.15411504870872006 0.15412196449006607 0.09029488318773952 0.09029488318773952
0.1541283612695476 0.11262058344645631 0.15412836201595362 0.09029479502971487 0.1541167523395535 0.1541215558393444 0.09029479502971487 0.09029479502971487
0.15412792867981007 0.11262028114622231 0.1541279294251174 0.09029453337609096 0.15411913566999452 0.1541211249505829 0.09029453337609096 0.09029453337609096
0.15412770072968904 0.11262017242874742 0.1541277014745915 0.09029448458619387 0.15412007389231527 0.15412089771607534 0.09029448458619387 0.09029448458619387
0.15412759581298402 0.1126201403672619 0.1541275965577527 0.09029447407670933 0.15412045193025065 0.15412079310162266 0.09029447407670933 0.09029447407670933
0.15412754986428717 0.11262013151476644 0.1541275506090234 0.0902944715800381 0.1541206059909978 0.1541207472808109 0.0902944715800381 0.0902944715800381
0.15412753020796105 0.11262012913352497 0.15412753095269935 0.09029447095370303 0.15412066916607148 0.15412072767863416 0.09029447095370303 0.09029447095370303
0.15412752203072036 0.11262012848221337 0.1541275226326304 0.09029447077444543 0.1541206951496021 0.15412071938149766 0.09029447077444543 0.09029447077444543
0.15412751859869264 0.11262012830773493 0.15412751914145986 0.09029447072908214 0.15412070586483745 0.15412071590002877 0.09029447072908214 0.09029447072908214
0.1541275172496279 0.11262012824940607 0.15412751767182534 0.09029447070534162 0.15412071027861338 0.15412071443450223 0.09029447070534162 0.09029447070534162
0.1541275166856501 0.11262012823259032 0.15412751705791972 0.09029447070008888 0.15412071210124437 0.15412071382232886 0.09029447070008888 0.09029447070008888
0.15412751645080816 0.11262012822799045 0.15412751680240455 0.09029447069882256 0.15412071285478687 0.1541207135675422 0.09029447069882256 0.09029447069882256
0.15412751635322708 0.112620128226759 0.1541275166962647 0.09029447069850298 0.154120713166533 0.15412071346170747 0.09029447069850298 0.09029447069850298
0.1541275163692787 0.11262012821835433 0.1541275166441456 0.09029447069034247 0.15412071328747642 0.15412071340971745 0.09029447069034247 0.09029447069034247
0.15412751637443237 0.11262012821519399 0.15412751662106797 0.09029447068884819 0.1541207133360686 0.15412071338669245 0.09029447068884819 0.09029447068884819
0.15412735329509844 0.11261996513309913 0.15412735353004187 0.09029430760737986 0.15412185492393218 0.15412055029568877 0.09029430760737986 0.09029430760737986
0.15412725602696453 0.11261990307630447 0.15412725625706686 0.09029427787975278 0.15412229797346658 0.1541204530269392 0.09029427787975278 0.09029427787975278
0.15412720945142797 0.11261988448302904 0.1541272096795262 0.09029427158852998 0.1541224751667639 0.15412040645366298 0.09029427158852998 0.09029427158852998
0.154127188683148 0.11261987931844544 0.15412718891041685 0.09029427010985144 0.15412254707091183 0.1541203856875235 0.09029427010985144 0.09029427010985144
0.15412717971285772 0.11261987792567135 0.1541271799397835 0.09029426974089722 0.15412257648033914 0.15412037671865675 0.09029426974089722 0.09029426974089722
0.15412717590288819 0.11261987755471198 0.15412717612967217 0.09029426964603944 0.15412258856510067 0.1541203729095087 0.09029426964603944 0.09029426964603944
0.15412717430023076 0.11261987745644306 0.15412717452695623 0.09029426962130899 0.15412259354515295 0.15412037130729 0.09029426962130899 0.09029426962130899
0.15412717366802833 0.11261987742504101 0.15412717385125826 0.09029426960938762 0.1541225955956703 0.15412037063183945 0.09029426960938762 0.09029426960938762
0.15412717340350024 0.11261987741611909 0.15412717356871633 0.09029426960669082 0.1541225964421747 0.15412037034941728 0.09029426960669082 0.09029426960669082
0.15412717329328526 0.11261987741369169 0.15412717345104085 0.09029426960603211 0.15412259679208726 0.15412037023179861 0.09029426960603211 0.09029426960603211
0.15412717324747147 0.11261987741304307 0.1541271734021373 0.09029426960586466 0.15412259693683258 0.15412037018292157 0.09029426960586466 0.09029426960586466
0.15412717325404024 0.11261987740921595 0.15412717337818502 0.09029426960216612 0.1541225969930789 0.15412037015898156 0.09029426960216612 0.09029426960216612
0.1541271732732939 0.11261987740532094 0.15412717336512868 0.0902942695990298 0.15412259701323638 0.15412037014593089 0.0902942695990298 0.0902942695990298
0.15412717328067568 0.1126198774039565 0.1541271733591291 0.09029426959843753 0.15412259702099218 0.15412037013993396 0.09029426959843753 0.09029426959843753
0.1541271732836041 0.11261987740355724 0.15412717335651552 0.09029426959830873 0.15412259702407533 0.1541203701373216 0.09029426959830873 0.09029426959830873
0.15320639853934348 0.11906530062154572 0.1532063986099597 0.08937349485283531 0.15320182227987875 0.15319959539076633 0.08937349485283531 0.08937349485283531
0.15210243599616652 0.12564896167703543 0.15210243606559062 0.08865087794985378 0.1520978757536367 0.15209565665800942 0.08865087794985378 0.08865087794985378
0.15161809686530955 0.12766762877825963 0.15161809692089334 0.0886237530219071 0.15161356244644203 0.15161135592337424 0.0886237530219071 0.0886237530219071
0.1514393851124038 0.12831678570885763 0.1514393851534151 0.08864563387762421 0.15143486980452944 0.15143267258792134 0.08864563387762421 0.08864563387762421
0.1513771596018589 0.12853029254541976 0.1513771596309315 0.0886574231495813 0.1513726553114512 0.15137046346159458 0.0886574231495813 0.0886574231495813
0.1513559791915622 0.12860122792270454 0.15135597921568533 0.08866201389266772 0.151351480546354 0.15134929144569095 0.08866201389266772 0.08866201389266772
0.15134883705161986 0.1286249001052441 0.15134883707369146 0.08866364377560952 0.15134434111275225 0.15134215332986362 0.08866364377560952 0.08866364377560952
0.1513464381996755 0.12863281506390883 0.15134643822089686 0.08866420289351264 0.15134194350585076 0.15133975632913013 0.08866420289351264 0.08866420289351264
0.15134563384427077 0.12863546368320034 0.15134563386118552 0.08866439203635004 0.1513411397038423 0.15133895279845097 0.08866439203635004 0.08866439203635004
0.15134536432569654 0.12863635032034143 0.15134536434082763 0.08866445564748948 0.15134087042844352 0.1513386836422225 0.08866445564748948 0.08866445564748948
0.15134511390510405 0.1286364870344822 0.15134511391949643 0.08866431684999912 0.1513406201132481 0.1513397144776721 0.08866431684999912 0.08866431684999912
0.1513449904041333 0.12863650972928833 0.1513449904182197 0.0886642970625607 0.15134049666028254 0.15134012160039395 0.0886642970625607 0.0886642970625607
0.15134493647845956 0.12863651400192425 0.1513449364897594 0.08866429428306356 0.1513404427539782 0.15134028742668787 0.08866429428306356 0.08866429428306356
0.15134491376854145 0.1286365149533902 0.15134491377868717 0.08866429390686024 0.15134042005301973 0.15134035572578064 0.08866429390686024 0.08866429390686024
0.1513449043185986 0.12863651520279437 0.15134490432647715 0.08866429386060802 0.1513404106053933 0.15134038396491253 0.08866429386060802 0.08866429386060802
0.15134490040196985 0.12863651527622483 0.15134490040770596 0.08866429385653922 0.15134040668868476 0.15134039565579688 0.08866429385653922 0.08866429385653922
0.1513448987802035 0.12863651529937672 0.15134489878505228 0.08866429385687347 0.15134040506695348 0.15134040049779365 0.08866429385687347 0.08866429385687347
0.1513448981088952 0.12863651530692907 0.1513448981133765 0.08866429385723167 0.15134040439568794 0.1513404025034162 0.08866429385723167 0.08866429385723167
0.1513447901114456 0.12863640758985354 0.15134479011577473 0.08866418613780934 0.1513411581548957 0.15134029561460238 0.08866418613780934 0.08866418613780934
0.1513446548029023 0.12863628353748746 0.15134465480716833 0.08866409555720503 0.15134195941375872 0.15134016076706808 0.08866409555720503 0.08866409555720503
0.15134458309270282 0.12863622931856428 0.15134458309694276 0.08866407988603506 0.15134227558354035 0.15134008925014458 0.08866407988603506 0.08866407988603506
0.1513445502594732 0.12863620933596603 0.15134455026289276 0.08866407675130304 0.15134240339036292 0.1513400564973961 0.08866407675130304 0.08866407675130304
0.15134453591622765 0.12863620238149667 0.15134453591930747 0.08866407600618137 0.15134245557637194 0.1513400421880522 0.08866407600618137 0.08866407600618137
0.15134452977025947 0.12863620001487305 0.15134452977319857 0.08866407580057391 0.15134247698357367 0.1513400360563735 0.08866407580057391 0.08866407580057391
