Action: 0
[0.2540900997252468, 0.0991826984244277, 0.10375041505877629, 0.09918269455097392, 0.1318753314954066, 0.11355337164322084, 0.09918269455097392, 0.09918269455097392]
[0.1283895601242346, 0.10124512467071722, 0.26106345639614775, 0.10124512467071722, 0.10432136012603146, 0.10124512467071722, 0.10124512467071722, 0.10124512467071722]
[0.104230420410983, 0.10422822058555938, 0.16555533260788646, 0.10422822058555938, 0.2090731440522658, 0.10422822058662724, 0.10422822058555938, 0.10422822058555938]
[0.125, 0.125, 0.125, 0.125, 0.125, 0.125, 0.125, 0.125]
[0.2585726883868922, 0.10146353994451245, 0.13167814631737426, 0.1014570594107899, 0.10145705986603443, 0.10245738725281718, 0.1014570594107899, 0.1014570594107899]
[0.12623748336029897, 0.10076241353082181, 0.1607987277348011, 0.10076241353082159, 0.2091512866060492, 0.1007628481755643, 0.10076241353082159, 0.10076241353082159]
[0.125, 0.125, 0.125, 0.125, 0.125, 0.125, 0.125, 0.125]
[0.125, 0.125, 0.125, 0.125, 0.125, 0.125, 0.125, 0.125]

Action: 1
[0.11320458719142747, 0.10301651517173281, 0.10301651517173281, 0.10301651517173281, 0.20621298183761577, 0.16549985511229273, 0.10301651517173281, 0.10301651517173281]
[0.10431605282002142, 0.10431605282002142, 0.10431605282002142, 0.10431605282002142, 0.10431605282002142, 0.2697876302598501, 0.10431605282002142, 0.10431605282002142]
[0.1263189655051415, 0.10073519567931051, 0.1007351956793086, 0.1007351956793086, 0.10854700693459769, 0.26145804916371596, 0.1007351956793086, 0.1007351956793086]
[0.125, 0.125, 0.125, 0.125, 0.125, 0.125, 0.125, 0.125]
[0.10163717444003424, 0.10179467418181773, 0.10163717444003424, 0.10163717444003424, 0.15555968872724604, 0.23445976489076514, 0.10163717444003424, 0.10163717444003424]
[0.10831415125219523, 0.10404170219544571, 0.10361424953752683, 0.10361424953752683, 0.10366849920089398, 0.26951864920135765, 0.10361424953752683, 0.10361424953752683]
[0.125, 0.125, 0.125, 0.125, 0.125, 0.125, 0.125, 0.125]
[0.125, 0.125, 0.125, 0.125, 0.125, 0.125, 0.125, 0.125]

