0.125 0.125 0.125 0.125 0.125 0.125 0.125 0.125
0.099626400996264 0.07845579078455792 0.199252801992528 0.15691158156911583 0.08685378548392246 0.06839735606858895 0.17370757096784492 0.1367947121371779
0.07295173961840629 0.12906846240179573 0.09118967452300787 0.16133557800224468 0.08754208754208756 0.1548821548821549 0.10942760942760946 0.1936026936026936
0.098026968376454 0.07719623759645754 0.212108241674251 0.15439247519291507 0.08545940832819066 0.06729928405845015 0.1709188166563813 0.1345985681169003
0.07346870889891323 0.12244784816485536 0.1183754932130414 0.14693741779782646 0.09183588612364152 0.15305981020606918 0.11020306334836984 0.18367177224728304
0.07142070993280876 0.1263597175734309 0.08927588741601096 0.15794964696678862 0.08570485191937052 0.1726185449322307 0.10713106489921317 0.18953957636014634
0.12640208502082573 0.10203541802885932 0.15800260627603213 0.12754427253607414 0.12268459944591902 0.10633882776139399 0.14220234564842893 0.11478984528246673
0.10545617212505952 0.07621219498254082 0.1888242442851011 0.15242438996508165 0.09461822993355827 0.07534099788349409 0.16994181985659101 0.13718195096857347
0.1009487493193434 0.07415908429409027 0.21625388627073897 0.14831816858818053 0.09001401851883001 0.0714560518236768 0.1653636894557774 0.1334863517293625
0.07266176458374417 0.12110294097290694 0.11793964574927267 0.14532352916748834 0.0908272057296802 0.16149785546193096 0.10899264687561626 0.1816544114593604
0.07731238268608888 0.12066040491976779 0.10356519520676226 0.14479248590372135 0.09049530368982583 0.1735892557863912 0.10859436442779102 0.18099060737965167
0.07705036492380546 0.1196858763845084 0.10085194843914999 0.14362305166141004 0.0974295819706376 0.1741130732976683 0.10771728874605756 0.17952881457676256
0.0756299941518416 0.11738096636510151 0.09875401978262446 0.1408571596381218 0.09625715929590867 0.18940638149015843 0.10564286972859135 0.17607144954765225
0.074829249679268 0.1161981398747687 0.09761937629762683 0.13943776784972245 0.10131927063504148 0.1917206599641277 0.10457832588729184 0.17429720981215302
0.07395013424639652 0.12219060854113752 0.10021725887768522 0.1527382606764219 0.0908157183061366 0.17320572103824716 0.10359638550226878 0.18328591281170625
0.13388239001601487 0.09837831096939052 0.1752998454952234 0.11805397316326863 0.12990494982189446 0.11087108099419506 0.13069060114126604 0.10291884839874701
0.06742959414093212 0.10555082214719498 0.06747045906406894 0.09201866546165716 0.14560082750000655 0.23387120067573508 0.1040211000870907 0.1840373309233143
0.0707658938745811 0.11743194345517721 0.09254142280452508 0.1467899293189715 0.09948204532455217 0.1972789849361247 0.09956186510330241 0.1761479151827658
0.0959304010796031 0.07241535759420571 0.20777995831506046 0.14483071518841142 0.09445822804639568 0.09276225693400224 0.16147543917275123 0.13034764366957027
0.09720977788283028 0.13905840659181007 0.13592442958302814 0.16687008791017205 0.08759093268205018 0.1405839863164332 0.08728589213762847 0.14547648689604745
0.08711143549313732 0.14068712482987417 0.08958725120724906 0.12265031395424929 0.10973165206719393 0.21986293710814114 0.08318890859505602 0.14718037674509912
0.09587475098738496 0.07118709240690951 0.2109929437395427 0.14237418481381903 0.09455935718358002 0.09813831340808361 0.15873659112824298 0.12813676633243712
0.09336110595855461 0.06876454752526102 0.2573372169649396 0.13752909505052205 0.0893155484797683 0.0765816228594548 0.15333467761602979 0.12377618554546983
0.0832467423282877 0.11524217941362053 0.1201071203009925 0.13829061529634462 0.10329461727495058 0.16323749479311486 0.10371796147225848 0.17286326912043076
0.0706561717057369 0.09819614918197564 0.06401824810650648 0.08837653426377808 0.14422360016529412 0.251724386932619 0.1060518411165337 0.17675306852755615
0.07783882074874288 0.11050246446675568 0.08860814545734892 0.13260295736010683 0.10954296300288524 0.21569873424394678 0.09945221802008011 0.16575369670013348
0.059708629015246366 0.0979972780116906 0.0591043292319902 0.08543352442044821 0.13196689725489524 0.29834526561910896 0.09657702760572406 0.17086704884089643
0.10375239390743302 0.07892378527516729 0.1408896508380172 0.0986547315939591 0.14497468557891632 0.16776219031527376 0.1466568845784825 0.11838567791275093
0.11489069369650633 0.07821344527315471 0.1653482955149664 0.09776680659144339 0.14645053660763652 0.13467312998107167 0.14533692442548898 0.11732016790973206
0.10122942295708534 0.06767542018581246 0.24015388423503073 0.13535084037162493 0.10051643657872786 0.08235215313187748 0.15090608620537885 0.12181575633446244
0.10880748063695914 0.06870238617386734 0.24827663347261866 0.13740477234773468 0.09296774842407789 0.07193947175927777 0.1521127312925675 0.11978877589289691
0.0747457620453769 0.09815617825855162 0.08249353049176034 0.08834056043269646 0.1423258486953009 0.23124832669168519 0.10600867251923574 0.17668112086539292
0.06083329793609096 0.09488787860274464 0.056978526853693 0.08272276596136713 0.1417110643225542 0.3039082424444877 0.09351269195632805 0.16544553192273426
0.12462426621202108 0.090565705132641 0.16171431226947028 0.11320713141580127 0.13371052633499927 0.1480741371256168 0.12621750323522918 0.10188641827422112
0.10693613849386002 0.0671356338956216 0.2387877401141616 0.1342712677912432 0.09780214821609465 0.08452048713352887 0.14970244334337116 0.1208441410121189
0.10786821183340405 0.06710738448656839 0.26207272599611786 0.13421476897313678 0.09235214370552404 0.07079575127004718 0.1485812664252877 0.11700774730991409
0.12249770463820482 0.0759310081503608 0.19173238103628115 0.09111720978043295 0.1484333264157012 0.11176136603850492 0.14463049171497291 0.11389651222554117
0.08639867599317516 0.1097699253597937 0.11760703022832228 0.13172391043175244 0.11480528185737447 0.17624735526607702 0.09879293282381434 0.16465488803969056
0.07659282717638664 0.11349534502540119 0.10526148718863416 0.1418691812817515 0.09682079386890369 0.19949303366015483 0.09622431426066623 0.17024301753810175
0.10089736416052184 0.06953430375832276 0.22031831962029297 0.13906860751664551 0.09431538744833887 0.09565315160412968 0.15505111912676744 0.12516174676498096
0.10156722184472093 0.06676619407125252 0.2633022304773753 0.13353238814250504 0.09030339557510154 0.07547077288548963 0.1488786476753004 0.12017914932825455
0.1171139935825902 0.0767920089990702 0.20371899645545302 0.09599001124883776 0.13761121000999593 0.1108901673937426 0.14269559881170507 0.11518801349860529
0.08069194054411709 0.11239712842615035 0.1238379237595054 0.14049641053268794 0.10295017828372435 0.17573750823589662 0.0952932175786927 0.16859569263922555
0.07973977296448059 0.11075322612316169 0.10421373599156294 0.13290387134779402 0.10519096433159142 0.20139068654582123 0.09967790351084553 0.16612983918474253
0.07907734589763402 0.10997537532686019 0.1006202445197453 0.13197045039223224 0.1050221580461552 0.2093935250329086 0.09897783779417418 0.1649630629902903
0.11580567294523382 0.07807780228137928 0.15363447253080995 0.0975972528517241 0.14647980537568028 0.1462034191896452 0.1450848714034585 0.11711670342206892
0.1072132632147725 0.06679196140724417 0.2355033929601896 0.13358392281448833 0.10355407708465406 0.08419174699692125 0.1489361049886907 0.12022553053303947
0.10638759573330198 0.06595239522504034 0.27133924083951394 0.1319047904500807 0.09291524456777696 0.07048278806084587 0.14602402524388255 0.11499391987955752
0.08435505529515896 0.11073562613845303 0.13806386516501995 0.1328827513661436 0.10347066576642332 0.16472653353651373 0.09966206352460773 0.16610343920767953
0.0773846621754992 0.11310198315178896 0.10961998490409647 0.14137747893973618 0.09739466295150825 0.19557744134708402 0.09589081180260368 0.16965297472768343
0.10198213379617432 0.06902938566725736 0.22137622412282404 0.13805877133451472 0.09680996043638938 0.09456540329717607 0.15392522714460072 0.12425289420106322
0.13729365482430853 0.08819008512773502 0.21870246146582117 0.11023760640966876 0.1238172812684426 0.09963836067558693 0.12290670445973519 0.09921384576870189
0.08650318893877289 0.11177243284281835 0.12699216066013036 0.13971554105352293 0.10153689761813997 0.1710575452556508 0.0947635843667373 0.1676586492642275
0.0804842019708516 0.11036669917596548 0.10620077365658849 0.13244003901115858 0.10462702473309606 0.2010011834300226 0.09933002925836892 0.16555004876394822
0.09068089617529464 0.1325622786172725 0.0840574116344461 0.11556711469198114 0.11516366563868485 0.24490344390781707 0.07838465170412634 0.13868053763037735
0.10538106254364041 0.06858384960852947 0.20906123371891958 0.13716769921705893 0.1005328704120415 0.10289060697290013 0.15293174823155675 0.12345092929535305
0.10501863431340569 0.06634779673818328 0.2580331772514579 0.13269559347636656 0.09418323086923068 0.07634984915270684 0.14794568406991912 0.11942603412872987
0.12038748670581854 0.07602438700753192 0.2009582317401302 0.0950304837594149 0.14210031061938677 0.11019332290361793 0.14126919675280183 0.11403658051129786
0.09702348735670552 0.12908916496463146 0.14214730699543104 0.16136145620578934 0.09153165965445045 0.1515377430374455 0.08208387120033632 0.14522531058521038
0.12125195679247255 0.07692468145842217 0.16130804362303222 0.09230961775010663 0.15112306224818423 0.13517241316220174 0.146523202777947 0.11538702218763325
0.09942158473434382 0.131818216235615 0.0940358255341595 0.11491844492335665 0.12680644994880622 0.21715266033289232 0.07794468438279842 0.137902133908028
0.10743094995979208 0.06821535437531827 0.21265556300141816 0.13643070875063654 0.10246620677752673 0.097903520398951 0.1521100588607843 0.12278763787557288
0.12234363017083108 0.0764698086986005 0.18717498831889462 0.09558726087325062 0.14539542223221125 0.1162272933303148 0.14209688332799644 0.11470471304790072
0.10897255721241667 0.06575497559462716 0.24764682732582063 0.13150995118925432 0.10289437590519361 0.07823857530180194 0.14662378140055665 0.11835895607032888
0.08290720897850311 0.113054839436539 0.13421531688387656 0.14131854929567378 0.09832858931384551 0.16474239480577482 0.09585084213097875 0.1695822591548085
0.08000465923641124 0.11054363114117624 0.10786393849505774 0.13265235736941147 0.10448373048433122 0.19914696853478908 0.09948926802705862 0.16581544671176437
0.09099602343113403 0.13250963303432434 0.08433898895377741 0.11552121854274432 0.11525519845174821 0.24439995319294328 0.07835352214203527 0.13862546225129316
0.1381510334170526 0.08934804568723748 0.17038184508929843 0.11168505710904686 0.13111081740952574 0.13428614591886395 0.12452050397083284 0.10051655139814215
0.12891542567729206 0.07530971389348787 0.1718860038073157 0.09413714236685983 0.15275957499866594 0.12408638364391927 0.13994118477222744 0.1129645708402318
0.11076467606484304 0.06590113379409407 0.24144621958302456 0.13180226758818814 0.10472938281672334 0.07978458695304629 0.14694969237071123 0.11862204082936932
0.12246144239147667 0.07591058456664662 0.19549285070801728 0.09488823070830826 0.14529542378077087 0.11102786295678795 0.14105772803802244 0.1138658768499699
0.0843635435927371 0.11151036260513301 0.12163361345952049 0.13938795325641626 0.10620273876061466 0.17509485003526615 0.09454139438261278 0.16726554390769952
0.10405530933826199 0.06849190103940576 0.22543799664026015 0.13698380207881153 0.09826393276391672 0.09075491962233564 0.15272671664607793 0.12328542187093036
0.0821592808697595 0.113368373450343 0.12938012434820864 0.14171046681292873 0.0975145939892768 0.1696979359069389 0.09611666444702993 0.17005256017551448
0.1176805368898087 0.07695223532148598 0.1573991895389854 0.09234268238578318 0.15365967583491474 0.13996164072015305 0.14657568632663998 0.11542835298222898
0.0832328934902664 0.1111648209797711 0.11286766824714409 0.1389560262247139 0.10756860071331893 0.18521432369662735 0.0942484351785016 0.16674723146965664
0.11684171590434901 0.08586525843949656 0.15589903131861976 0.09610728472191166 0.1480011075537911 0.13908692668953193 0.14286993370600598 0.11532874166629399
0.08254997079181965 0.12026535178089819 0.11176896722594455 0.13764734388333597 0.10564481590196716 0.18358593060037745 0.09336080715565397 0.16517681266000314
0.10330184872010262 0.07661068080788064 0.22014411955734167 0.1360409029632544 0.09779119542749282 0.09199898535916165 0.15167545449783737 0.12243681266692896
0.08151061477513594 0.12139092183140353 0.12743644216978614 0.14039383408019815 0.0966829646674012 0.1688889775950071 0.09522364398483005 0.16847260089623775
0.07978238122948349 0.1105808664447085 0.10665664763485204 0.1326970397336502 0.1041281579744642 0.20076082751554136 0.09952277980023766 0.16587129966706274
0.07611810883597256 0.12335686780460844 0.1009264102725028 0.13813343569518538 0.09636833812022055 0.2056462122266402 0.09369050421064748 0.16576012283422245
0.07549885433839319 0.1248729138754264 0.09969821981601916 0.1382080482737447 0.09477375767062854 0.20735743709423282 0.09374111100306164 0.16584965792849365
0.11533257171403744 0.08728136262681452 0.15210911065827132 0.09647062596611998 0.1444775530623407 0.14515395994403402 0.14341006486903807 0.11576475115934395
0.10830681245365763 0.07230318871498108 0.23353834534213458 0.13222886190800962 0.10351731093511178 0.08367419172698157 0.14742531320191518 0.11900597571720865
0.08230707242080881 0.12067377310747182 0.13034345590405846 0.14010487702206664 0.0977889405809143 0.1656283728188852 0.09502765571931476 0.16812585242647995
0.10575224235689971 0.06861005009514215 0.2348702926952192 0.1372201001902843 0.09561647209080751 0.08639477129563496 0.15190829162294392 0.11962777965306835
0.07212065434046432 0.10597520693634314 0.080233568004894 0.08614105682975211 0.14115808350344647 0.24471246987457174 0.09737684685102412 0.17228211365950422
0.10098816196984478 0.07557467320330906 0.20582156061198753 0.1357797685758583 0.10547320391077278 0.10277653086642342 0.15138430914353157 0.12220179171827247
0.10435864320687152 0.07118661811227957 0.255930777664508 0.13185698757046121 0.09485561625524311 0.07612936730985641 0.14701070106736497 0.1186712888134151
0.12042122964567901 0.0811395864934818 0.19957726008882457 0.09430433388950263 0.14159525704425338 0.10960740597093807 0.14018972619991735 0.11316520066740315
0.12355026889719496 0.08103800812559589 0.1801308356382599 0.09315721354472083 0.1548726244688426 0.1169779383097178 0.1384844547620029 0.11178865625366499
0.10899078052140779 0.0709899851170797 0.24375340948664428 0.13056760178233454 0.10451424209608343 0.07810000725592543 0.14557313213642373 0.1175108416041011
0.10472031328605233 0.06982030593335797 0.2695356907596909 0.12984986500848575 0.09335512000915952 0.07108091729958814 0.14477290919602814 0.11686487850763717
0.13746795901578734 0.09237356886507092 0.23273278409380205 0.10748787738121428 0.12070444212865855 0.09265331707570668 0.11984096179666727 0.09673908964309284
0.11034615521464974 0.07056765254963242 0.26350075343027424 0.12829686942837695 0.09592489736698703 0.07285505450514093 0.14304143501939937 0.11546718248553925
0.10436137525235344 0.06932157026376094 0.27670798884988107 0.12895389075503197 0.09104684547226169 0.06977586296000464 0.14377396476717744 0.11605850167952879
0.1027254370854195 0.06903368417008567 0.28170107021559493 0.12858074520466956 0.08980424820288849 0.06907420911193311 0.1433579353252062 0.11572267068420258
0.10221553807306252 0.06890936962416211 0.2835271431294418 0.12838185793057322 0.08942642777276122 0.06885980047556049 0.1431361908569227 0.1155436721375159
0.10204503612490706 0.06885936295389555 0.2841876652061365 0.12830245256089 0.08930020641943862 0.06878540963443164 0.14304765979549974 0.11547220730480101
0.11930513701151729 0.08053094108673028 0.20795407848742256 0.09378502792249817 0.13921813268959365 0.1072469062940339 0.13941774300120624 0.11254203350699782
0.10728861670548438 0.07047582355791081 0.2546397676589731 0.1296943683725314 0.10060997688839356 0.07596697323026301 0.14459954205116557 0.11672493153527824
0.12098056444850025 0.0808968511577859 0.19887110003914776 0.09407209737587056 0.1431048487925004 0.1093435303107219 0.13984449102442847 0.11288651685104469
0.10794006520646432 0.07068564007422928 0.25115835922818786 0.13003800549008282 0.1016558485154631 0.07650520475182374 0.14498267179267443 0.11703420494107455
0.10426307331867136 0.06964025703729969 0.2722734409017115 0.12954829558720954 0.09257889545009622 0.07066588988003711 0.14443668179648586 0.11659346602848861
0.09379228032937177 0.13823175495879944 0.15964202163037552 0.16087411780723684 0.08229068716540491 0.1385464678064431 0.08183596427585527 0.14478670602651314
0.10737830677027602 0.06800054539866665 0.2465177798883016 0.1360010907973333 0.0916700975152021 0.08130832799951863 0.15055879811507794 0.1185650535156239
0.09821395238707903 0.1436597527655855 0.1110052384459636 0.11683162847434073 0.11391347932532643 0.19693567251076916 0.07924232192172674 0.14019795416920885
0.09191251794742365 0.06719431217796618 0.18896718327852946 0.11653004019382532 0.11408130368899014 0.1082488630880628 0.17322973139261197 0.13983604823259038
0.10309588845647175 0.07117145288285763 0.24999297851164104 0.13296262744731013 0.09728894174599877 0.07757833923352862 0.14824340701961294 0.11966636470257913
0.10340267638551182 0.06985409564214104 0.27216719845738324 0.129912493935571 0.09190049914135116 0.07099905612010017 0.14484273577592766 0.11692124454201389
0.10269612671506992 0.0692042072042007 0.2801224328036885 0.12884028796820823 0.0901353874034502 0.06939799259630633 0.14364730613768886 0.11595625917138742
0.11955481991246411 0.08062025973450279 0.20675127566232393 0.0938610173970836 0.13957231224567407 0.10747638771250285 0.13953070645894813 0.11263322087650031
0.10738385406488193 0.07050897709275954 0.25418467002390144 0.12974510248840018 0.10071819539265156 0.0760325018936141 0.14465610680423124 0.11677059223956016
0.10404274607375782 0.06955971264930298 0.2733840700420433 0.12941795634221398 0.09230517950126751 0.07052281141829676 0.14429136326512512 0.11647616070799256
0.10277225583023525 0.06913370567981295 0.280516048004189 0.12874139405148163 0.09015753339520985 0.06927476159205614 0.14353704680068174 0.11586725464633346
0.10226756796750834 0.06894540176529802 0.2831037851563568 0.1284378936282562 0.08953247552274708 0.06892010521633235 0.1431986664780707 0.11559410426543056
0.10207194597822628 0.06887201773641358 0.28403593371248764 0.12832200511677697 0.08933384745192983 0.06880498596289883 0.14306945943616775 0.11548980460509926
0.0811848257828176 0.1200997830358321 0.1414646623000562 0.13986470115910737 0.09473572945656113 0.1599479030450414 0.09486475382965544 0.16783764139092885
0.10510886446652648 0.06834876086303464 0.23951436891827899 0.13669752172606928 0.09465360894315307 0.0851749008736786 0.1513297757814035 0.11917219842785529
0.09765764987187799 0.14360725485444928 0.10962124170040799 0.1167550064239403 0.1145688415395954 0.19849364571780634 0.07919035218319428 0.14010600770872836
0.10602747194087266 0.07760335993525065 0.21761019593200107 0.13458662501349436 0.09895802011442775 0.09403232143974866 0.1500540431120601 0.12112796251214493
0.12153797480134017 0.08214569017788212 0.18808137300639494 0.09490331692995867 0.14364787800325324 0.11471963204546087 0.1410801547197595 0.1138839803159504
0.10845238361606241 0.07104254416098024 0.2471213664393324 0.1305473217948391 0.10212580770216245 0.07766746520746996 0.1455505214637982 0.1174925896153552
0.12141763438893062 0.08104620412457038 0.19662559075962585 0.09419966685650617 0.14373820414975264 0.1098989678673142 0.14003413162549275 0.1130396002278074
0.12382044222978478 0.08102501664719258 0.17917021273204914 0.09314955902758591 0.15553538683323742 0.11704683588887452 0.1384730758081725 0.11177947083310309
0.08393554081482392 0.11974694618880272 0.11704114705939006 0.13765360773474908 0.10739067501393575 0.1756826982256394 0.09336505568096026 0.1651843292816989
0.10346006227499753 0.07643614462654721 0.22218423329926926 0.13579398432343776 0.09798068982744522 0.09053014111600309 0.15140015864120598 0.12221458589109398
0.08156369975126142 0.1213692750991387 0.1278948635160941 0.14038899641511576 0.09672757278885984 0.16836843394548667 0.09522036278590462 0.16846679569813894
0.10565984022273976 0.06866220032311386 0.2342461038702504 0.13732440064622772 0.09547093287362036 0.08689405729320569 0.15202375651515643 0.11971870825568572
0.12124337536712246 0.08128456304105602 0.19317765140935547 0.09473042810397213 0.14232611985737967 0.11273820462835343 0.1408231438679944 0.11367651372476657
0.1238759694927195 0.08112027972183301 0.17818342837153117 0.09324260027587435 0.15521790137363356 0.11785731256056686 0.1386113878727923 0.11189112033104921
0.12444206665720432 0.08100237761234742 0.1731811280548659 0.09310752645741148 0.1590973728964863 0.11902990500326578 0.13841059156952512 0.11172903174889376
0.14360852566348517 0.09335367059517306 0.19774948255881084 0.1073154359320605 0.13858499676969402 0.10315529369229642 0.11964870244962565 0.09658389233885444
0.11273605466643542 0.07127290386588028 0.25001633329150036 0.12945440695000252 0.10043765510133638 0.07524167689722809 0.14433200297261475 0.11650896625500229
0.09557626515145948 0.1385659847218495 0.15413522901057128 0.16100562433577645 0.08378269830508615 0.14012627549790246 0.08190286107515585 0.1449050619021988
0.10793014190296792 0.0680978217053288 0.24449677349725593 0.1361956434106576 0.09209703391191347 0.08167374623015171 0.15077417585551023 0.11873466348621431
0.07263462917468734 0.10613240977972051 0.08172181689986557 0.08630540634893245 0.14037554723413243 0.24265674460078612 0.09756263326401061 0.1726108126978649
0.10109461314552172 0.07556124305241751 0.20644737468382737 0.1357384463767741 0.10526928216461794 0.10238620086244579 0.15133823797529888 0.1221646017390967
0.09346154858850592 0.139657289879349 0.1433423007868448 0.16167811902768459 0.08487189196247903 0.14923358642918094 0.08224495620103957 0.14551030712491614
0.10785988442504048 0.06836600878123071 0.24037939420101173 0.13673201756246142 0.092662742916677 0.08342971630214696 0.15136796409031136 0.11920227172112022
0.09828591302142553 0.14368726064947998 0.10983674749221949 0.11681835819343869 0.11413072875772534 0.19782564084412177 0.07923332120946278 0.14018202983212644
0.10616851657982672 0.07760537227661299 0.21769802964187004 0.1345815585636506 0.09886092800541359 0.09391379782676298 0.1500483943985776 0.12112340270728554
0.10514844094725165 0.07104622100875692 0.2603081160865781 0.1313277484025907 0.0931590307358412 0.0743948303660003 0.14642063889064963 0.11819497356233165
0.10348690305678555 0.06957560816370847 0.275854126342697 0.12939482041615755 0.0907430968835554 0.07022453832842031 0.14426556843413385 0.1164553383745418
0.1198455384730722 0.0807155099798752 0.2054903126598613 0.09394158115968398 0.1398624247058826 0.10776426572695125 0.1396504699030526 0.11272989739162077
0.10749162613674598 0.07054393363962615 0.25370755475631984 0.12979844225016252 0.10081525206450713 0.07610901646947511 0.144715576658017 0.11681859802514627
0.10408334016504515 0.0695731933160299 0.27320960248658527 0.12943911540585537 0.09233854014536245 0.07054605057380126 0.1443149540420507 0.11649520386526983
0.102787900782294 0.06913865821049503 0.28045280844305315 0.128749102417614 0.09016922200344195 0.06928247491358121 0.14354564105366815 0.1158741921758526
0.08133013520734217 0.12016838768403142 0.14069435514371006 0.1399123984307276 0.09493482177688295 0.16016791861785223 0.09489710502258046 0.16789487811687312
0.10515980412104124 0.06836074835449239 0.2392740613491085 0.13672149670898479 0.09470982693393379 0.08522464576439535 0.15135631707303157 0.11919309969501238
0.08184577770102229 0.12034319251563297 0.13165984834935773 0.1402852361850861 0.09601930887975822 0.16635436666498085 0.0951499862820584 0.1683422834221033
0.10557915509863743 0.06856268621382115 0.23572716072924907 0.1371253724276423 0.09519932061367095 0.08645768434587729 0.15180342409572123 0.11954519647538046
0.09773845091545216 0.14362141325354363 0.10890194402229561 0.11674569564745166 0.11468503071625255 0.19902859362022562 0.07918403704783677 0.14009483477694198
0.07857652004044359 0.1260280131683767 0.10062036153039054 0.13660365202600402 0.0977889558453989 0.20380520314923964 0.09265291180894186 0.16392438243120483
0.10280342028557626 0.07732039732154579 0.21582521546355243 0.13656931948608034 0.09653072576442856 0.09577393465462519 0.15226459948671942 0.1229123875374723
0.08142219235214786 0.12145113097510057 0.12644436257421954 0.14037298042652008 0.09639239941933718 0.170259857973298 0.09520949976755276 0.1684475765118241
0.11835846597419603 0.07693745669108164 0.15705178801723962 0.09232494802929797 0.15327852206320394 0.14009509763391706 0.14654753655444122 0.11540618503662244
0.1234315869602702 0.08098239344830882 0.1668661935018575 0.09349227003948773 0.15901415797433513 0.12504013528308686 0.13898253874526834 0.11219072404738528
0.10939068894607103 0.0712650595744887 0.23862542791846464 0.13108508649256692 0.10576712479040275 0.07973994546462494 0.14615008897007087 0.11797657784331023
0.0825146939096108 0.12051361453026972 0.1314805419482436 0.1400476800671953 0.0982548820146138 0.16414251018646508 0.09498886126296727 0.16805721608063437
0.10603477092130432 0.06852140393078367 0.23554303350745862 0.13704280786156733 0.09560417663813013 0.08606856830358035 0.1517120217270912 0.11947321711008435
0.09783590881337295 0.1436168284812521 0.1088727043362996 0.11674598157201434 0.11478900928633173 0.19886015864503273 0.07918423097927928 0.1400951778864172
0.07859564728850907 0.12603126780667842 0.10061710843903358 0.13660774620408359 0.09781336177571143 0.2037498843113573 0.09265568872972625 0.16392929544490026
0.1028079385829928 0.07732071661966469 0.21582384663542983 0.13656954639966581 0.09653588124026674 0.09576462628384753 0.15226485247843338 0.12291259175969925
0.10456865993007067 0.07116533310713041 0.25982022311243647 0.13160436720576277 0.09284605716386857 0.07482238078255242 0.1467290482129922 0.11844393048518649
0.10339076195046691 0.06960907446298806 0.2757075522291644 0.1294446989041635 0.0907097053502826 0.07031679886320231 0.14432117922598525 0.11650022901374713
0.11982709636328367 0.0807232377181748 0.205451377201554 0.09394784530464148 0.13985972958621878 0.10779351748529949 0.13965978197525808 0.11273741436556976
0.10748919607076513 0.07054573401535594 0.2536937722377985 0.12980086191802964 0.10081630691669105 0.07611507870801645 0.14471827440711663 0.11682077572622668
0.1040833394988514 0.06957371024822197 0.2732047433897864 0.12943987282836128 0.09233923442753182 0.0705474155501012 0.1443157985116207 0.11649588554552515
0.08158296127499758 0.12027253683555711 0.13912137743169017 0.13998114965577718 0.09542347050767325 0.16069738841910589 0.09494373628826627 0.16797737958693262
0.10183076169573574 0.08196873158497749 0.23011093790894627 0.13412855931906043 0.09451069650136455 0.08719127555598788 0.1495433340467733 0.12071570338715436
0.10347700539190627 0.0750151766651019 0.2644309150392988 0.1302286090306011 0.09165339308084973 0.07279397214849365 0.14519518051620747 0.11720574812754098
0.0900679789922747 0.06430212289394001 0.24292261720544298 0.11282681065608514 0.10531420809601 0.0814494574085555 0.16772463196038925 0.1353921727873022
0.13379482975541954 0.09671518287919866 0.2239464759598385 0.10803300986547605 0.12448748213263093 0.09534456669341734 0.12044874383509047 0.09722970887892844
0.1094178119900393 0.0757139952458994 0.2595435032359012 0.12788178690016047 0.0965848073305972 0.07318583811051185 0.14257864897674608 0.11509360821014443
0.12097739100371631 0.08534715295787246 0.19984880836384292 0.09346122479817083 0.14118241418745034 0.10809315102221956 0.1389363879089226 0.11215346975780499
0.0830242227910375 0.12705188508441764 0.12105981530267891 0.13671900671460227 0.10387861876850252 0.17147249090089964 0.09273115238033892 0.1640628080575227
0.07627431092164567 0.13550548950675392 0.10351792639373278 0.1371125353197151 0.0958321444071915 0.1942244836330613 0.09299806743424155 0.1645350423836581
0.0748545750094628 0.13674492083806875 0.0993969522523162 0.1366720827791406 0.09384248644774092 0.20178315762723253 0.09269932571106929 0.16400649933496872
0.10142880243977445 0.08497239243268824 0.214281331306902 0.13562664055322762 0.09526315385965446 0.09515012008408553 0.15121358282576275 0.12206397649790486
0.1039344602558686 0.07578927274078494 0.25862531148883516 0.13097325530394907 0.09229314085219216 0.07448322404444276 0.14602540554037308 0.11787592977355416
0.11986025285644923 0.08560276676488152 0.19993151408904394 0.09376748116050035 0.14021237362959552 0.10871297554594658 0.1393916585609826 0.11252097739260042
0.08283294933838897 0.12711800999139472 0.12107891837374707 0.1367413893197058 0.10367888821495688 0.17171384395262002 0.09274633362553959 0.16408966718364695
0.10249950341734013 0.08312715125221101 0.2226807642244218 0.13456823966377032 0.0965863966010605 0.08939298432464425 0.15003354481915882 0.12111141569739328
0.10385846308833005 0.07532702841263599 0.26166048092113325 0.13053687439043093 0.09227826892478952 0.07331682392375244 0.14553887338754018 0.11748318695138785
0.10281369611354081 0.07338116173178805 0.27581799764990333 0.12869729191961463 0.09021442658630119 0.0697599870563449 0.1434878762148539 0.11582756272765314
0.10209570928157997 0.07278538326947126 0.28090846883011733 0.1280262651059468 0.08937197915715582 0.06884882436613454 0.1427397313942422 0.11522363859535215
0.10176526576106246 0.07258622961294853 0.2827379034184436 0.12778913921376933 0.08905247808117307 0.06858340489978415 0.14247535372042638 0.1150102252923924
0.08066273266005543 0.12614596888946866 0.14057851298854698 0.13884212076711527 0.09411464714052592 0.15887429506996675 0.09417117756378253 0.16661054492053834
0.08803391454549384 0.15701843329031462 0.1249605927347281 0.15915733035437415 0.08164204848892835 0.16498344130434697 0.0809626419628773 0.14324159731893674
0.10780442203537192 0.0689112663771136 0.23348892486337997 0.1378225327542272 0.09269851035015042 0.0865461571113918 0.1525752092354489 0.12015297727291605
0.09759371432197322 0.14987804298072072 0.10792638264546199 0.11586150690340842 0.11333310607390483 0.19778911236899865 0.07858432642144222 0.1390338082840901
0.10535034275978822 0.08551504230389433 0.21552143921514438 0.13332830239309099 0.09811978672390695 0.09351850715540952 0.14865110729498354 0.1199954721537819
0.09354222162274907 0.14834065061777485 0.14461584299274044 0.16002914810332572 0.08287963402229184 0.14516013748686785 0.08140613186125699 0.14402623329299313
0.10827499145391767 0.06837670944749304 0.24095060964945011 0.13675341889498607 0.09226228331054942 0.08276940170537728 0.1513916562451616 0.11922092929306477
0.08199130658314374 0.12566249425620493 0.1315353468771765 0.13938860645116352 0.09502418555634734 0.1645898951155176 0.09454183741905005 0.16726632774139621
0.10214492017490642 0.08281527112577305 0.22711305662061912 0.13441919195401672 0.09463213555389163 0.08803078406643108 0.14986736774574697 0.12097727275861504
0.09296242220815236 0.14781281454418402 0.14761140181805202 0.16016994247774474 0.08230667888537387 0.14350603848914822 0.0814777533473745 0.14415294822997024
0.10804719644891446 0.06831579525942391 0.24213350429523348 0.13663159051884782 0.09206681030534544 0.08243359600795402 0.15125678722477248 0.11911471993950834
0.12131121170572402 0.08486175228854104 0.19509722127084986 0.09413923484418275 0.1406012852571988 0.11107791744017685 0.1399442953803075 0.11296708181301929
0.1077774393669617 0.07514652398745081 0.24908659875332723 0.12950013856111509 0.10094452467638562 0.07661165964355748 0.14438299030619844 0.11655012470500357
0.10394892106913571 0.07353718847643038 0.27096608404968986 0.12899136505141315 0.09218169785376985 0.0704667691422361 0.14381574581105316 0.11609222854627184
0.1024868575560596 0.07290572540224677 0.2791178931085507 0.12821016341992733 0.08988744342996345 0.0690580057147422 0.14294476429057568 0.11538914707793459
0.10190771415480032 0.07264194050779435 0.2820866075632575 0.1278650920573502 0.08920449105906288 0.0686555363332232 0.1425600354728964 0.11507858285161517
0.10168379703335303 0.07253929880235821 0.28316044608824154 0.12773381064027678 0.08898386736362957 0.0685246840059115 0.14241366648998022 0.11496042957624912
0.08064622907890204 0.1261319788102817 0.14066948608469715 0.138836390020319 0.09409749320907004 0.15884746414986992 0.09416729062247724 0.16660366802438278
0.07608895520997558 0.13571547624489855 0.10802889284969885 0.13756688028128536 0.0940858191136036 0.1901274881200368 0.09330623184295876 0.16508025633754242
0.13260392824765255 0.11060504329612954 0.17786074144164832 0.11052237622035904 0.12425476094517578 0.12145880970353515 0.1232242015471764 0.09947013859832311
0.08474487912763017 0.13177625443316754 0.11581672333550148 0.13617043714478863 0.09994306304574833 0.17578503923251731 0.09235907910690012 0.16340452457374635
0.10309666962600345 0.08383394420511682 0.22058042474073802 0.1347702734941557 0.09595372513240727 0.09021291919395162 0.15025879746288703 0.12129324614474013
0.13793200174777223 0.10002715398207751 0.21611937334675876 0.10821926985825196 0.12222561719792195 0.09742283116775477 0.12065640982703615 0.09739734287242675
0.11060147947275589 0.07629484235064327 0.25657320631937264 0.12819243585066287 0.09634398120549394 0.07369586316167616 0.14292499937379874 0.11537319226559659
0.10430354143011837 0.07347101652743654 0.273646395646899 0.12861366326700238 0.09101452377355618 0.06980392590654999 0.14339463650813547 0.11575229694030215
0.13660144381857242 0.09708443942406977 0.23334871810478222 0.10671276877563543 0.11940449198116979 0.09182987245232571 0.11897677354537264 0.09604149189807189
0.10970199213544009 0.07550545225240449 0.2629945015237775 0.1274265294879771 0.09524507131837094 0.07237150580625505 0.14207107093659538 0.11468387653917941
0.09418267263903017 0.14548113604631213 0.15637519015568724 0.15935669404901268 0.0821401780150402 0.13797904704326494 0.08106405740754123 0.1434210246441114
0.08330116833093147 0.11115025591234474 0.11361334016958974 0.1333803070948137 0.10147153925586962 0.19032277504682327 0.10003523032111028 0.1667253838685171
0.08964645743029614 0.15536859090507715 0.08348838961633386 0.11233194926139063 0.11197778516034951 0.2361981229268972 0.07619036558598667 0.13479833911366873
0.13506060747071744 0.11250464131018495 0.16647693042267037 0.10867927560100946 0.12768727834357865 0.13061063690950672 0.12116928190142397 0.0978113480409085
0.1270971327147356 0.08996862104690567 0.16912444730944565 0.09266425712102352 0.15020645389537773 0.12199033743812045 0.13775164192916334 0.11119710854522823
0.10977535766397062 0.07623465753216682 0.23878819459509684 0.13026542602118332 0.10355792353950924 0.07890332851583823 0.14523622871317005 0.11723888341906501
0.09438921250503077 0.14600087585043076 0.15050178845143836 0.15979637407280567 0.08382205989817096 0.14038523183260593 0.08128772072399244 0.14381673666552508
0.10838266075872884 0.06819261639743356 0.24311910023295608 0.1363852327948671 0.09222221395440652 0.08181417022520422 0.15098405909728874 0.11889994653911491
0.0820057750977706 0.12561165044542955 0.13201214230534095 0.1393681673806845 0.09500962915319905 0.1642228603634202 0.09452797439733382 0.16724180085682136
0.07628977346842163 0.1355503083326342 0.10611535921012981 0.13751888766094225 0.0942321663610665 0.19199715944712292 0.09327368032655214 0.1650226651931307
0.10158348351680095 0.08467144651382576 0.21701731830553653 0.135404304466918 0.09517456026849963 0.09331931822641999 0.15096569468177276 0.1218638740202262
0.08068409109291905 0.12884264407820886 0.12604151072725173 0.13922202850766405 0.09547848681248705 0.16823595045403045 0.09442885411824173 0.16706643420919687
0.10201974792714819 0.08335377683235201 0.2249667628017116 0.1346562821154904 0.09488943862992019 0.0887916322069416 0.15013170558249453 0.12119065390394136
0.08078260628551102 0.12859603248660878 0.12783091259706592 0.13923190295690954 0.09544410121323799 0.16660060934160184 0.09443555157077343 0.16707828354829143
0.10198784282028169 0.08327850747706769 0.2256718096627803 0.13458373494401293 0.09483154692438518 0.08847037582159538 0.15005082090026517 0.12112536144961165
0.12002386034383204 0.08716935209640894 0.19017108226232257 0.09438926091318642 0.1417989804206919 0.11286437494305716 0.14031597592467715 0.1132671130958237
0.10766365277206738 0.07555971754797987 0.24724416555995202 0.12973513889787208 0.10135572573587714 0.07703497633382266 0.14464499814434392 0.11676162500808486
0.10398910531400225 0.07363567688942328 0.27030009579318426 0.12908156824326247 0.09232279109267513 0.07058103561013289 0.14391631563838364 0.11617341141893621
0.08109891797752607 0.12645427798548817 0.13788182812324695 0.13896637891621139 0.0948601793212092 0.15972330597282547 0.09425545700403903 0.16675965469945367
0.11574119013092249 0.09413966252439843 0.16324366558273726 0.09538082237567026 0.14320916935435907 0.13203850454503724 0.14178999863607103 0.11445698685080431
0.10763024561238049 0.0771041556018042 0.23703000070876556 0.13094741202298965 0.10253185205904326 0.08090707096361978 0.14599659221070635 0.11785267082069067
0.13846694210469165 0.09831939668867251 0.22111595465543873 0.10746807191259997 0.12325765671341483 0.09483183302666003 0.11981888017718235 0.09672126472133996
0.11051723761043887 0.07593593791222555 0.2583807727193394 0.12791828929878446 0.09637286076449361 0.07312909489866005 0.1426193464271522 0.115126460368906
0.08218633493382678 0.12682695417271286 0.13519203554620998 0.1388352356595696 0.09564281682274037 0.1605478324087054 0.09416650766475154 0.16660228279148348
0.10205630731924135 0.08285163545788489 0.22850687889447094 0.1342331676437497 0.09463749832750007 0.08724469695556797 0.14965996452221045 0.12080985087937472
0.08078840148989151 0.1284857761662663 0.12861393365249604 0.13921549764000327 0.09538996975603271 0.16602339964104312 0.09442442448626309 0.1670585971680039
0.10196474828404768 0.0832448774776363 0.22597927432093515 0.1345507840971227 0.09479767206867311 0.08835285489917362 0.15001408316500095 0.12109570568741042
0.10365100617926694 0.07527773512512152 0.26291941565946486 0.13042670525175767 0.0918394913267315 0.07308556871157855 0.145416043019497 0.11738403472658192
0.11970070546312572 0.08546433636057471 0.2012030756355846 0.09368676787234154 0.1399688277230572 0.10828049266141372 0.1392716728370928 0.11242412144680984
0.10721305346168376 0.07507692582252319 0.2514104200777656 0.1292438674662433 0.10063053770665256 0.07600844758538769 0.144097267160125 0.11631948071961898
0.10374752177120426 0.07347318117889816 0.2718193135500664 0.12888936731525863 0.09205140715309447 0.07031675250073316 0.14370202594701226 0.11600043058373276
0.08104979966190685 0.12640720330309804 0.13821024033082752 0.1389479916560797 0.09479473795395865 0.1596094514618404 0.0942429856449932 0.16673758998729565
0.11572396435927526 0.09412947674222001 0.16334523543698487 0.09537680056379141 0.14318329491499543 0.13200504736359198 0.1417840199425914 0.1144521606765497
0.10762307949225103 0.07710054375919244 0.23706956334064735 0.13094328806118016 0.10252347703634482 0.08089909475427493 0.14599199430104712 0.11784895925506214
0.09396817671020967 0.14623979851506827 0.15006887992000373 0.15984833892969177 0.08364642343051126 0.1410507224370364 0.08131415502075624 0.14386350503672257
0.08337954609858066 0.11113103999803325 0.11222656699717579 0.1333572479976399 0.10177860268501572 0.19141250022827483 0.10001793599822993 0.16669655999704985
0.08903763705839537 0.1610430978053413 0.08269160829567875 0.11141013223792609 0.1112954548187095 0.23526477792836606 0.0755651331700716 0.1336921586855113
