0.125 0.125 0.125 0.125 0.125 0.125 0.125 0.125
0.11301829483647666 0.08900190718372537 0.135621953803772 0.10680228862047045 0.14127286854559584 0.11125238397965673 0.169527442254715 0.13350286077558807
0.09447801420718421 0.1574633570119737 0.0850302127864658 0.14171702131077632 0.13316421964908487 0.19682919626496712 0.10628776598308225 0.0850302127864658
0.11178451178451179 0.09023569023569024 0.13973063973063973 0.1127946127946128 0.13414141414141414 0.10828282828282829 0.16767676767676767 0.13535353535353534
0.0979217378848742 0.07711336858433844 0.1958434757697484 0.15422673716867688 0.09582840842541475 0.07387685575908928 0.1707353378505499 0.13445407855730804
0.0731457813270568 0.1219096355450947 0.10370197067967855 0.1462915626541136 0.09955022234436055 0.1628177021414686 0.10971867199058523 0.182864453317642
0.10754275766833071 0.08468992166381045 0.14155882139239176 0.10162790599657255 0.14693549825498 0.12929607602570262 0.1613141365024961 0.12703488249571568
0.07211352217341181 0.1275854623068055 0.09014190271676478 0.1594818278835069 0.0980262534310185 0.15310255476816662 0.10817028326011774 0.1913781934602083
0.12950573799014967 0.10198576866724286 0.1685227921596366 0.12238292240069143 0.12797623199376304 0.10745081674693648 0.13548292589738734 0.10669280414419254
0.10930685960887605 0.0882356577565626 0.13663357451109506 0.11029457219570324 0.15333277057173006 0.1058827893078751 0.16396028941331406 0.13235348663484386
0.07143145390019484 0.12637872613111395 0.08928931737524355 0.15797340766389245 0.10655735352525521 0.15165447135733676 0.10714718085029228 0.18956808919667092
0.09476814087244706 0.07462991093705207 0.21272197908144688 0.14925982187410414 0.09467952036380607 0.0785799211520171 0.1652367584442667 0.13012394727486
0.06194573738963234 0.10324289564938723 0.07535144779902697 0.09291860608444852 0.1401819689391318 0.22901980466813784 0.1115023273013382 0.18583721216889704
0.05964537609471468 0.10552643462911059 0.0519985330056487 0.0919974045484554 0.14644645370984727 0.25639392290401514 0.1039970660112974 0.1839948090969108
0.10436651862850949 0.08424767166397755 0.13045814828563687 0.10530958957997193 0.1555744725443221 0.13712231385885174 0.15654977794276423 0.1263715074959663
0.07571698710001468 0.1218844926166065 0.08611404369651547 0.15235561577075815 0.10380649847188711 0.1739587709834898 0.10333685243581857 0.18282673892490975
0.09403064681470595 0.07404913436658095 0.21470416339272794 0.1480982687331619 0.09597504367941442 0.0800805604409085 0.1639508713692309 0.12911131120326935
0.061536801291882146 0.10256133548647026 0.07731461840469296 0.09230520193782324 0.14276811852578433 0.2281372781523128 0.11076624232538787 0.18461040387564648
0.08721946641714258 0.14209716658600735 0.0700188936800616 0.12387958112626284 0.11925163984864691 0.22485508257428927 0.08402267241607392 0.1486554973515154
0.07550380805349144 0.11899209165236779 0.08407049953699898 0.14874011456545974 0.0968107599771696 0.19650998929156208 0.10088459944439877 0.17848813747855166
0.09335978182486071 0.07352082818707782 0.2155849704208209 0.14704165637415564 0.0944888414918885 0.08503260168038049 0.1627811580536033 0.1281901619672126
0.0703813335430097 0.11730222257168285 0.12053404500149652 0.1407626670860194 0.1019333722457731 0.16756102537997955 0.10557200031451455 0.17595333385752424
0.05190853944533894 0.08651423240889822 0.07715284736797921 0.10381707889067789 0.12156790490058464 0.22682474453635182 0.12458049466881344 0.20763415778135577
0.07321555013806232 0.11921803897655599 0.08423013623343628 0.14902254872069498 0.09724935760306684 0.19716114638322602 0.10107616348012356 0.17882705846483396
0.0927751155924851 0.07306040352908202 0.2164594676538912 0.14612080705816405 0.09546191011413431 0.08697318578899806 0.16176174000740992 0.12738737025583532
0.06991075232527115 0.11651792054211858 0.1217644680757477 0.1398215046505423 0.10299578316456905 0.16934656194066655 0.10486612848790673 0.17477688081317785
0.06935172927253846 0.11558621545423077 0.10431229741563872 0.13870345854507693 0.10447432004279479 0.19016506217956652 0.1040275939088077 0.17337932318134613
0.06908769348237881 0.11514615580396469 0.10093729061406632 0.13817538696475762 0.10517218628254968 0.19513051292276784 0.10363154022356821 0.172719233705947
0.0689779688958284 0.11496328149304731 0.10021754245859327 0.1379559377916568 0.1057486475063639 0.19622474627119696 0.10346695334374259 0.17244492223957097
0.06892315234819198 0.11487192058031997 0.1000285406643276 0.13784630469638395 0.10622885481929283 0.19640861749871572 0.10338472852228797 0.17230788087047996
0.05823460452096252 0.0970576742016042 0.06340164438715672 0.08735190678144379 0.14381877813039678 0.2706092902778159 0.10482228813773252 0.17470381356288758
0.07239460511656157 0.11652612368135305 0.08232823955747769 0.1456576546016913 0.09839321233643414 0.2111170917154795 0.09879388746897323 0.17478918552202957
0.09194954894250897 0.07241026979222581 0.21561503761394432 0.14482053958445162 0.09758343292108959 0.09104507694162661 0.1603222904638618 0.12625380374029116
0.06929076792237147 0.11548461320395247 0.12207653755763309 0.13858153584474295 0.1053770856745242 0.17202638810729012 0.1039361518835572 0.17322691980592866
0.06854954892476142 0.11424924820793571 0.10405287307268456 0.13709909784952284 0.10572248139481762 0.19612855485123207 0.10282432338714215 0.17137387231190354
0.06821738784202763 0.11369564640337938 0.10038784484263952 0.13643477568405527 0.10564784367398349 0.20274695018580413 0.10232608176304145 0.17054346960506905
0.07500699686550641 0.11913037574314227 0.08416820025330701 0.1489129696789278 0.09657425853019794 0.19650979501023677 0.10100184030396843 0.17869556361471337
0.09188403733353226 0.07235867940015665 0.21715851684202062 0.1447173588003133 0.09766712816825943 0.08984236309954223 0.16020806509436392 0.12616385126181162
0.06912064648044065 0.1152010774674011 0.12305084289408177 0.1382412929608813 0.10572754310625664 0.172176011169176 0.10368096972066099 0.1728016162011016
0.05085225300278692 0.08475375500464484 0.0777220403665942 0.10170450600557383 0.12652336601120523 0.23298966039135893 0.12204540720668858 0.20340901201114767
0.0843304911183809 0.13739106638216278 0.09706977516131066 0.17173883297770348 0.08642360183601018 0.1811184851993194 0.0873627976451796 0.15456494967993312
0.09164558961541507 0.07217090182213937 0.22249671733669635 0.14434180364427873 0.09568718224641892 0.08802905103367462 0.15979231009867242 0.12583644420270454
0.0690044001864863 0.11500733364414387 0.12459148232088409 0.1380088003729726 0.10537078103700424 0.17199960169256362 0.10350660027972948 0.17251100046621576
0.058063803680926625 0.09677300613487771 0.06700472802249263 0.08709570552138995 0.1446202895397455 0.26773620943211973 0.10451484662566791 0.1741914110427799
0.07257031616572443 0.11563908534172888 0.08170152768709105 0.14454885667716108 0.09998041041366638 0.21405934247752562 0.09804183322450927 0.1734586280125933
0.09142894431061413 0.07200029364460864 0.21663467455257115 0.14400058728921727 0.09832316955720048 0.0926587875443742 0.15941456956722466 0.1255389735341894
0.06888264147264071 0.11480440245440117 0.12382300694648214 0.13776528294528143 0.10597166918640052 0.1732224311042311 0.10332396220896106 0.17220660368160176
0.06816408504167311 0.11360680840278854 0.1050534490263953 0.13632817008334622 0.10637175452915548 0.19781939274994897 0.10224612756250967 0.17041021260418276
0.07551259452257385 0.11858539805861142 0.08378316167184503 0.1482317475732643 0.0973854240865722 0.19808378299300192 0.10053979400621404 0.17787809708791713
0.09150840216059286 0.07206286670146687 0.21800615421829012 0.14412573340293375 0.09787524258311997 0.09122041419974884 0.15955311145949524 0.1256480752743525
0.06881222544371944 0.11468704240619908 0.12437650762160599 0.13762445088743888 0.10579570981319689 0.17345516205296205 0.10321833816557917 0.17203056360929858
0.06808028769290937 0.11346714615484896 0.10526605576743604 0.13616057538581874 0.10631228098462488 0.19839250324272462 0.10212043153936405 0.17020071923227342
0.08919895356840891 0.14007758586015007 0.06902373796007394 0.12211892100628469 0.11594929556507569 0.23426031528037633 0.08282848555208873 0.14654270520754162
0.10586358042033933 0.07311428491241025 0.18114882530537463 0.1462285698248205 0.10208038111112117 0.09692470280875855 0.16303394277483718 0.13160571284233846
0.12160143785911776 0.09576113231405523 0.20684857120396138 0.11491335877686629 0.13134621270879177 0.10213459834065744 0.12721381191415393 0.10018087688239624
0.07129655701887631 0.10246463155090604 0.06085264996484713 0.0893281403264309 0.14906358736342684 0.24735851623190305 0.10097963689074797 0.1786562806528618
0.10115423785774451 0.0717873361118947 0.1887574598939701 0.1435746722237894 0.10648030204514843 0.09895374186429512 0.16007504500174724 0.12921720500141043
0.10986700563557 0.078548885129125 0.17264419003871778 0.09425866215495 0.1562840758230502 0.12095692946942321 0.1496169240554762 0.11782332769368749
0.0797160455140176 0.11635833239172033 0.1030223781059568 0.14544791548965044 0.1062935317008952 0.1759726685737206 0.09865162963645856 0.1745374985875805
0.131167574481039 0.09568191516853704 0.18082242268655138 0.11481829820224446 0.1326641971601908 0.11763901279011739 0.12710857595038863 0.10009800356093106
0.0979427186836835 0.13826723654467782 0.08620071851811696 0.12054066775689862 0.12139665959896007 0.2092451794586188 0.081758018130766 0.1446488013082783
0.09025534145751699 0.1343379229315396 0.10688453828167925 0.1679224036644245 0.08712040810774042 0.17692782561243167 0.08542139664668552 0.15113016329798204
0.10161974136066891 0.0707363352376103 0.2245132511323211 0.1414726704752206 0.09454581322802746 0.08716097820777864 0.15661606173894993 0.12333514861942307
0.06773428910477892 0.09818422451720106 0.0813845449373008 0.08836580206548096 0.14467975607905043 0.23688081668664862 0.10603896247857714 0.17673160413096192
0.07348782545299284 0.11402973299732061 0.09022811066096152 0.14253716624665075 0.10286059117670991 0.20913459164556816 0.0966773823238153 0.1710445994959809
0.07431895769133634 0.1118264757628105 0.09772002067427958 0.1341917709153726 0.10454282041279767 0.2090164127126581 0.10064382818652946 0.16773971364421572
0.08887221986958725 0.13650941366420344 0.07682730347555117 0.11900820678417735 0.11437603151428904 0.24087836673234583 0.08071860981883332 0.1428098481410128
0.1042931523025384 0.07111074983921507 0.19612934740152416 0.14222149967843015 0.09995774272342495 0.09972179974758268 0.15856635859669746 0.12799934971058713
0.08025793297903723 0.11305575077769625 0.11949014414221978 0.1356669009332355 0.10525281225200464 0.1749426570493356 0.10175017569992663 0.16958362616654438
0.07765179002882945 0.11199632708790723 0.1035747433539725 0.13439559250548866 0.10529273098050432 0.19829763103232045 0.10079669437911652 0.16799449063186084
0.08936503159039282 0.13639222798747283 0.07930157426056339 0.11890604491215578 0.11451324898583012 0.23818530095031856 0.08064931741867958 0.14268725389458695
0.10391643256202639 0.07075468192817541 0.19976338338136973 0.14150936385635082 0.09955321099648048 0.09937211950533795 0.15777238029954338 0.12735842747071574
0.10392999225142953 0.06805903431809529 0.2555055074241659 0.13611806863619058 0.09351257930290924 0.07351948648025027 0.15068829739130576 0.11866703419565332
0.0801115735553071 0.11669963264438463 0.12321235747832866 0.1458745408054808 0.09598670587527201 0.16412474778049777 0.09894099289415219 0.17504944896657693
0.07796598537024577 0.11254492523615355 0.10481343457866048 0.13505391028338426 0.10383702762175137 0.19567689634303606 0.1012904327125382 0.1688173878542303
0.07546489100645315 0.11506945392622957 0.09772087837628148 0.14383681740778698 0.09670499677690345 0.2010398967665019 0.09755888485049899 0.17260418088934434
0.10247033406685807 0.07041348437473043 0.22056542252145556 0.14082696874946085 0.0960761555125535 0.09097416222309844 0.1559012433856465 0.12277222916619664
0.07026645921096197 0.09756493345224965 0.0808350615942931 0.0878084401070247 0.14440557918204333 0.2381325181109483 0.10537012812842962 0.1756168802140494
0.07323295926521248 0.11296728392606808 0.09245970662512087 0.1412091049075851 0.10284206913853404 0.21206133996323276 0.09577661028514468 0.1694509258891021
0.1146809049297269 0.07997328739542364 0.14593855049196075 0.09996660924427955 0.14741620753304202 0.14345743049556225 0.14860707881686933 0.11995993109313545
0.10764578834347381 0.06901200348870423 0.22002909545006846 0.13802400697740846 0.1038968118614888 0.08328422011840647 0.15388646748078225 0.12422160627966759
0.1185282031893054 0.07709589061616515 0.18017352589917707 0.09251506873939817 0.15330128472267254 0.11589287544967186 0.1468493154593622 0.1156438359242477
0.0820038436361556 0.1142895375672366 0.11143871770601718 0.14286192195904573 0.10592809414807187 0.17514592721691746 0.09689765141570061 0.1714343063508549
0.10306799380152228 0.07004080358214528 0.22545675053879036 0.14008160716429055 0.09735129299091617 0.08680302769246959 0.15507609747125367 0.12212242675861226
0.08121865577275571 0.11264174949499477 0.1255734767573747 0.1351700993939937 0.10452806808427435 0.1705277517086195 0.10137757454549529 0.16896262424249212
0.07771724793379499 0.11188390777984535 0.10496495754629427 0.1342606893358144 0.10512394978443088 0.19752786894819152 0.1006955170018608 0.16782586166976798
0.07598401225926671 0.11460134380046927 0.09852977047134337 0.14325167975058659 0.09686453245034994 0.2017046366929693 0.09716200887431091 0.17190201570070388
0.1024518935581965 0.07032753969143818 0.2209792039403329 0.14065507938287636 0.09605213690972898 0.09120081482856057 0.15571095479097422 0.12262237689789222
0.08109583174459602 0.1125902990443033 0.12471557010602262 0.13510835885316397 0.10420669316256322 0.17206652938302305 0.10133126913987298 0.16888544856645493
0.07766311472759373 0.11182420545045217 0.10480334027218928 0.13418904654054262 0.10500935496218668 0.19813284496595052 0.10064178490540696 0.16773630817567825
0.07593388987992492 0.11452937301215085 0.09844932164619145 0.1431617162651886 0.096792067894188 0.20223858162165417 0.09710099016247574 0.1717940595182263
0.07676024600972324 0.111521934210342 0.09937548999162438 0.13382632105241038 0.10321431783127946 0.2076490487997997 0.1003697407893078 0.167282901315513
0.07564775954292235 0.11427768455013197 0.09734298501327016 0.14284710568766498 0.09627147458950429 0.20530886167271803 0.09688760211859015 0.17141652682519795
0.10239149482819274 0.07031971106433489 0.22056596748487212 0.14063942212866978 0.09599618248860142 0.09178487345441652 0.15569362156694413 0.12260872698396852
0.08106708004842571 0.11255666685991313 0.1246808381750491 0.13506800023189575 0.10422743846992012 0.17226397575100466 0.10130100017392182 0.16883500028986967
0.07764544155670405 0.11180056738235274 0.10482083978087299 0.13416068085882327 0.10507943251096913 0.1981716761926314 0.10062051064411745 0.16770085107352908
0.07588697953308096 0.11445305040107444 0.09839641054696409 0.14306631300134304 0.09675096663801411 0.20273042241613126 0.09703628186178051 0.17167957560161162
0.10239969943891908 0.0702980077977453 0.2210179280061302 0.1405960155954906 0.09607243411739777 0.09139946090297589 0.15564556875040064 0.12257088539094053
0.08106261953858795 0.11254544962883702 0.12482181515917538 0.13505453955460442 0.10425577704273133 0.17215071996685496 0.10129090466595332 0.1688181744432555
0.06602587680560783 0.09506864288959818 0.0668896277720393 0.08556177860063836 0.1429986925937468 0.2696576898163267 0.10267413432076603 0.17112355720127673
0.07255569448010972 0.11161063081573229 0.08998579001482976 0.13951328851966538 0.10158895629824467 0.22270328926056848 0.0946264043872513 0.16741594622359843
0.10155343878196188 0.07055062592761735 0.20737940824435047 0.1411012518552347 0.09741750728382435 0.09768927536288168 0.15731736587441839 0.1269911266697112
0.10313632883652704 0.06777412693827645 0.2592253906769931 0.1355482538765529 0.09289448315355237 0.07319365487878195 0.15005748902898813 0.11817027261032816
0.1193676840377789 0.07821262246591099 0.1895872744588569 0.09776577808238875 0.14181809891533095 0.11059421286316679 0.14533539547770027 0.11731893369886648
0.10672096864625741 0.06774216592694719 0.23806890363884958 0.13548433185389439 0.10139860080344898 0.07759421121603917 0.15105491924605835 0.12193589866850496
0.10362673314486247 0.06743901082044013 0.2566879001219589 0.13487802164088025 0.09341222796540728 0.07218695822408042 0.15037892860557842 0.12139021947679222
0.08051333010217489 0.11544656395054124 0.12987779291953128 0.14430820493817656 0.09581979535847275 0.16298585823852826 0.09787860856676324 0.17316984592581186
0.10232973320607502 0.06971946475518999 0.23271884143703775 0.13943892951037998 0.09509329250939091 0.08477296801641272 0.15436462688979793 0.12156214367571588
0.09602111742622059 0.13808486723098795 0.10447535527500995 0.12038167912445104 0.11492508530118946 0.20000369833012846 0.08165018236267113 0.14445801494934124
0.10484941862750666 0.06956711655435475 0.21389752904571382 0.1391342331087095 0.09890149050405833 0.09330511559733186 0.15512428676448653 0.12522080979783853
0.081364980915736 0.1125152680588697 0.12345179880629248 0.13501832167064362 0.10482779552678763 0.1727851916803831 0.10126374125298272 0.16877290208830453
0.0766955604106826 0.12291582344718871 0.10346465202809205 0.1321870605220137 0.10398021447279258 0.1963825680752029 0.09914029539151029 0.16523382565251712
0.05644119239450727 0.09205166279164298 0.07385471023713844 0.09804231513569989 0.12323024474179627 0.2426444662649756 0.11765077816283985 0.19608463027139977
0.0719540640735287 0.11297611567923808 0.09358407108505608 0.1412201445990476 0.09914080509526156 0.21587652787313497 0.09578409807587578 0.16946417351885712
0.10094427209782356 0.07771494845869312 0.21762449765032327 0.1392337308818961 0.09592913260424782 0.093032702170354 0.15413746357295782 0.12138325256370429
0.08020301680146724 0.1203812931989697 0.12343206089364758 0.13373493892854468 0.10341630163496307 0.17136251068531838 0.10030120419640852 0.16716867366068083
0.07654031695766528 0.1238018746931722 0.10346864667218107 0.13218154869853105 0.1036988580276655 0.19594565755372279 0.09913616152389829 0.16522693587316378
0.07572684879891227 0.12363833242861376 0.09912870808656934 0.1315786675097367 0.10330584447485944 0.203464263681835 0.09868400063230254 0.1644733343871709
0.07550670809368137 0.12343125783804841 0.09813765933858153 0.13136818286181007 0.1030746233856591 0.20574520275859942 0.09852613714635756 0.16421022857726258
0.11256423348787609 0.08696048699950429 0.1460719226625858 0.09256707766634013 0.1536531124186061 0.14554245037051136 0.146931869311651 0.11570884708292517
0.12048931408528592 0.07736965435743431 0.1613459315483574 0.09671206794679288 0.15784882293793764 0.12641074299847957 0.14376898458956078 0.11605448153615147
0.10751629037295438 0.06768822805016163 0.2321167131552665 0.13537645610032326 0.10442398228041033 0.08010487371933699 0.15093464583125593 0.12183881049029095
0.12033830011401257 0.07779351275410165 0.18699239647392074 0.09724189094262707 0.14463576234711195 0.11175126617907864 0.14455660205799487 0.11669026913115246
0.12267482117390782 0.07697176851785341 0.17290010300195494 0.09621471064731675 0.15466298270017761 0.11808833162271476 0.14302962955929474 0.1154576527767801
0.10814536886662936 0.06735000697873501 0.23652563205409485 0.13470001395747003 0.10338197210945241 0.07848653014916387 0.1501804633227315 0.12123001256172303
0.10428700773106021 0.06692503423631728 0.26017420699937427 0.13385006847263456 0.09317594068160368 0.0718898427177313 0.14923283753590746 0.1204650616253711
0.10285653232006238 0.06647501915119979 0.26863347249743075 0.13295003830239957 0.09075256322157889 0.07044796897264298 0.14822937106252607 0.11965503447215961
0.10227489439125692 0.06626237613715562 0.2718327470233356 0.13252475227431124 0.09005316695964907 0.07002457728844061 0.14775520887897087 0.11927227704688012
0.1364023152539335 0.08845824064174893 0.22829415978327575 0.11057280080218616 0.12006848957542096 0.09340805202858204 0.12328042119288517 0.09951552072196754
0.08549752349725181 0.1134041749599969 0.12559557988272918 0.14175521869999613 0.09952198457301997 0.16797223804614378 0.09614701790086695 0.17010626243999535
0.10234797143677656 0.0770293950422321 0.22944517036402018 0.13796977421846465 0.09511386540726718 0.08507427031586517 0.15273821158902068 0.12028134162635379
0.06982477061576005 0.10448114592165107 0.08197046875283577 0.08710211583833363 0.14350417225901083 0.23439055592974095 0.10452253900600036 0.17420423167666726
0.07414557885486761 0.11215632196180242 0.09516066911936301 0.140195402452253 0.10241322160466686 0.21260526748803274 0.09508905557631075 0.1682344829427036
0.07564985850079853 0.11364886066835389 0.09876925013423983 0.14206107583544236 0.09587501736560139 0.20716817766551568 0.09635446882751744 0.1704732910025308
0.1014731191829786 0.07767675875913338 0.21966537093808497 0.13909311052893913 0.09520182833412384 0.09164736073386576 0.1539817910617478 0.12126066046112641
0.08027954351117465 0.12038458710160928 0.12388532824130977 0.13374142929137137 0.10328351657031672 0.1709427367014756 0.10030607196852853 0.1671767866142142
0.06522256444865147 0.10548204434916623 0.0661872903412555 0.08446519098206079 0.14135182349664957 0.267002475239622 0.10135822917847294 0.16893038196412158
0.07299132192618119 0.11134710753260547 0.09147392445728361 0.13918388441575685 0.1013689380256735 0.22221117987029518 0.09440298247329595 0.1670206612989082
0.10197567799815827 0.06999618674159344 0.21182803899341657 0.13999237348318688 0.0968959626931238 0.09723757471395049 0.15608104924170238 0.1259931361348682
0.10252167870635512 0.07205607315074063 0.26010523066203356 0.1344134454940049 0.0922304861501742 0.07269092385384594 0.14880120950089268 0.11718095248195301
0.0811514813022035 0.11484387293858464 0.13298868924137336 0.1435548411732308 0.09522062370403168 0.16260705082824675 0.0973676314044522 0.17226580940787697
0.10149333947474466 0.07705561682914638 0.23241748967686748 0.13785614796090784 0.09420468703645989 0.08417801353309316 0.15261242265106603 0.12018228283771452
0.06975247959230597 0.10452034674777028 0.08241289014694209 0.0871311619974976 0.14330538755247188 0.23405801557101993 0.1045573943969971 0.1742623239949952
0.07417697789843529 0.11213413870493456 0.09527832134876751 0.14016767338116823 0.10236325282713042 0.2126081797497176 0.09507024803244453 0.16820120805740185
0.07568891681741682 0.11360483050294394 0.09881668545205372 0.14200603812867993 0.09596443634289957 0.20719470809692014 0.09631713890466988 0.1704072457544159
0.10147086845886714 0.07766648977511764 0.21970125345230296 0.1390789013368859 0.09521692569350443 0.09165122742091267 0.15396606090204706 0.1212482729603621
0.09990421818643096 0.14981121277805826 0.11565989854915242 0.12482530631557805 0.1285442716352388 0.21274092900951133 0.09361897973668354 0.07489518378934683
0.07876227014633048 0.11182250618443783 0.10167170758395809 0.1397781327305473 0.09986691819416425 0.20555866803188183 0.09480603785202339 0.16773375927665674
0.08909729717754732 0.13247368641796584 0.1166968265795738 0.16559210802245727 0.08367919064682053 0.17919200855008682 0.08423598538533697 0.14903289722021154
0.11557654195974579 0.08798123776650492 0.15197228472114255 0.09292812136841846 0.14827818729613815 0.1395985206244819 0.1475049545530452 0.11616015171052307
0.08218254088885059 0.11308512617269144 0.11000493137565551 0.1413564077158643 0.10482056012514093 0.1830462244467825 0.09587652001597753 0.16962768925903715
0.10218707260794019 0.07731575141535339 0.22368706890611256 0.13851311326469293 0.0965159736141698 0.08768628812297374 0.15333971024825588 0.1207550218205015
0.08054054265595097 0.12298220187480936 0.1248696371432369 0.14230909798243188 0.0955703125085604 0.1664345977114863 0.09652269254460598 0.17077091757891824
0.10162813866699594 0.077815834862586 0.22947512308061652 0.13818780217663035 0.09449658559792495 0.0849455208318613 0.1529795775011943 0.12047141728219056
0.08046837666685204 0.12306306506815323 0.12604944561455714 0.14233200991571912 0.09520550473182327 0.16554495329163138 0.09653823281240081 0.17079841189886294
0.11384328701757182 0.08718603269702764 0.15459863602794519 0.09289005178674681 0.15168471651326873 0.1362401845783765 0.14744452664562985 0.11611256473343351
0.08117160141340919 0.12205041175277627 0.10960561166955851 0.1397183781916056 0.10466707829249457 0.1803593561637488 0.09476550868648032 0.1676620538299267
0.1147211056319701 0.08686225335729382 0.1494573954446961 0.09259138109770496 0.15417142528084793 0.13948676662852272 0.14697044618683325 0.1157392263721312
0.0960935603543811 0.1441848708249483 0.08950380230036258 0.11514754205876039 0.12433597079084305 0.21445713119511986 0.07810007200507224 0.13817705047051243
0.10520122793373124 0.07888112682062977 0.207720843011995 0.13698195180737846 0.10018625086273894 0.09502018920537611 0.15272465373151 0.12328375662664061
0.10415939749146887 0.07258686279421875 0.2583312216992777 0.13422826309702868 0.09276804771426779 0.0723104908106763 0.14859620497513956 0.11701951141792243
0.08081463805850488 0.1222815180034031 0.13192697867392633 0.1420931971675375 0.09489426312087537 0.16110131290455199 0.09637625547015585 0.17051183660104494
0.10229649601200036 0.07752648173607384 0.23186994184536677 0.13773671317939173 0.09409385226085483 0.08391815132032039 0.15248020343831725 0.12007816020767484
0.09614925889966244 0.1467956751919241 0.10539862135770342 0.11843711833613627 0.11362530019799263 0.19713822114175136 0.08033126287146632 0.1421245420033635
0.07772694955470368 0.12805175187739878 0.0990680261534565 0.13871323894936594 0.09665374362875633 0.199246641027075 0.09408376207000473 0.1664558867392391
0.10259247485703839 0.0785923189138334 0.21955657689848904 0.1388642332479234 0.09523655627519191 0.09036829888306157 0.1537284145031956 0.12106112642126655
0.10113321385874811 0.14979415070602603 0.11558638054498473 0.12468491955483073 0.1284572155258952 0.21201947841049365 0.09351368966612306 0.07481095173289844
0.07771587698531655 0.1269890996946964 0.10008388726171161 0.13691573530691944 0.09850677664223037 0.20262515605438983 0.09286458568643233 0.1642988823683033
0.10198156571251862 0.07821411430221901 0.21358810514194834 0.13825383023234997 0.09584597414693408 0.09354525999586215 0.15414270325905285 0.12442844720911497
0.10348804060789184 0.07248297073857939 0.26055626230434836 0.1341307252275909 0.0918876892116603 0.07203160696220955 0.14848822654417876 0.11693447840354079
0.08069467325691243 0.1222442385688475 0.1324447271959879 0.14206115847468062 0.09473893389706246 0.16098835355841334 0.09635452487847904 0.17047339016961674
0.10225798199862528 0.07751122335756667 0.2320640110999476 0.13771352732487216 0.09405230045784713 0.08388847311827254 0.15245453574426218 0.1200579468986065
0.08053797191027635 0.12296553924674743 0.12671584893203255 0.14225040521671545 0.09520569153220422 0.16514117336367143 0.09648288353829396 0.17070048626005851
0.13771421856581884 0.10448610012615431 0.18556628695575886 0.11131402725517987 0.12681564086037536 0.11383152415503393 0.12322920396177829 0.09704299811990041
0.08500669248917433 0.12408234562149886 0.11600538405341827 0.13964103958848526 0.10009580934584879 0.17288642845711527 0.09471305293827696 0.16756924750618227
0.139604601727875 0.10446051985575487 0.1816575131437807 0.11113677723312278 0.1279247907080268 0.11529434397065733 0.12303298090113714 0.09688847245964549
0.1011022710605761 0.14704866815608975 0.09524257014605014 0.1154169166182816 0.11891844752919851 0.2054880483198141 0.07828277822805187 0.1385002999419379
0.10609708015829473 0.07896744045142153 0.20999035482938452 0.13678364844602361 0.09905987953630169 0.09349275269479476 0.15250356028235768 0.12310528360142127
0.10558195761433782 0.07242149686707887 0.2588582815652942 0.13388792301667524 0.09237074443780723 0.07193735730178807 0.14821943451581465 0.11672280468120405
0.08101899509350119 0.12221754630254146 0.13216603050511513 0.14203485478052763 0.09484351557876892 0.1609405478909025 0.09633668411201005 0.17044182573663313
0.1159561828795487 0.086854561565506 0.1559818211126526 0.09257326997200047 0.1511649656753245 0.1348109129617125 0.14694169836825471 0.11571658746500059
0.08114454995778497 0.12602095707124722 0.10959095834283049 0.13890534263480595 0.10428595590074094 0.1791517664480854 0.09421405848273795 0.16668641116176713
0.10391333475622744 0.07807948940916346 0.22313985700531314 0.13818646506057894 0.09625423506582713 0.0869782698528553 0.15297809725876055 0.12047025159127395
0.05956629177788109 0.0937558893806079 0.09220351225840738 0.10477711140237193 0.11751825583106391 0.20418102539441665 0.11844369115050739 0.20955422280474387
0.09840582202351289 0.07908107167247283 0.2108860258603479 0.13859939138478097 0.09974037621833369 0.09401988243838111 0.15452797815586775 0.12473945224630288
0.10417815307873622 0.07250219290885083 0.2593948742792646 0.13403791631318682 0.09257396145922828 0.07207385063199326 0.14838548326083356 0.11685356806790645
0.08050648796008839 0.12562921494731646 0.13195583819891277 0.141403202797618 0.09453601740692177 0.16037713604318196 0.09590825928881917 0.1696838433571416
0.10327088018722315 0.07767066315624171 0.2316669529650991 0.13754578501903875 0.09393060345021681 0.08373456708926778 0.15226883811631478 0.11991171001659788
0.11960306281005802 0.08589545484612357 0.1878842789997015 0.09603777339327116 0.1410103761560656 0.11155712527554423 0.14276660044731057 0.1152453280719254
0.09476464427226798 0.14575994135790643 0.1343457092177802 0.1608590840793357 0.08890572073087055 0.14876340798660087 0.081828316683836 0.14477317567140213
0.1058405099705535 0.07889998550859582 0.23217831971917197 0.13716754677309423 0.09264946692522391 0.08183209442009486 0.15185011282979904 0.11958196385346674
0.08091173157203257 0.12681931821177003 0.126468105389732 0.14155247680559524 0.09458840602434701 0.16378748382253572 0.0960095060072733 0.16986297216671428
0.10352484881633203 0.0778867570652118 0.22967556157866675 0.13778463301222588 0.09409721503575155 0.08437779535650788 0.1525332526631072 0.12011993647219692
0.0805307383796679 0.12663308576421273 0.12594092907566487 0.14154588674924812 0.094853780341441 0.16463547936074294 0.0960050362299248 0.16985506409909773
0.0782377600347236 0.12464536496280192 0.10411795769123634 0.1323231187295181 0.10209227334957466 0.19393728777310915 0.09924233904713857 0.1654038984118976
0.07515627241369016 0.13232147813934844 0.0990595589500318 0.13910283855427624 0.09469679299915698 0.19839164044155158 0.09434801223681345 0.1669234062651315
0.07696868436312433 0.12453764073570142 0.0982560361122135 0.13150702013085896 0.10145715777385171 0.20425942062253216 0.09863026509814422 0.1643837751635737
0.07481166899793515 0.1320457865425787 0.0977213579118691 0.13881467898789224 0.09439636391820637 0.2014799639773034 0.0941525648787443 0.16657761478547065
0.10311565392123356 0.07886623757498827 0.21895686997618327 0.138829031466594 0.09480637944716234 0.09070594524079012 0.15368944468422288 0.12103043768882554
0.08239965834150381 0.1202697636207894 0.12366410180135123 0.13342338732054917 0.10305521099627378 0.17034110327843419 0.1000675404904119 0.1667792341506865
0.0783109995321104 0.12357686139047738 0.10342410037400997 0.13190526565070443 0.1035141190082842 0.19545812274300467 0.09892894923802834 0.16488158206338052
0.07513322083570385 0.1320800554770997 0.09888010960563508 0.13902703923700999 0.09492291966354105 0.19882760757062648 0.09429660052597198 0.16683244708441197
0.10315070069237842 0.0788467012701588 0.21939839712410988 0.13879363375829273 0.09487968627980767 0.09028104476095887 0.15365025796603834 0.12099957814825521
0.08240834775169809 0.12027188112998752 0.12375797267224532 0.1334278447017353 0.10307560417173585 0.17020266016912727 0.1000708835263015 0.16678480587716912
0.07831384333764446 0.12357953884716363 0.10344462146960172 0.13190788191570307 0.10352137639590152 0.19541697420257959 0.09893091143677729 0.1648848523946288
0.07513285756549101 0.1320790652927076 0.09888319167700506 0.1390248938791425 0.09494232670151097 0.1988126468154925 0.09429514541367925 0.16682987265497098
0.1147794583633015 0.087735502764788 0.1464805646234171 0.09266436052575637 0.15138449856029335 0.14403887795642847 0.14708628654881964 0.11583045065719545
0.06988176749062797 0.10874196519519908 0.06475433325290599 0.08349301135091823 0.1499029279458972 0.26185656792679457 0.09438340413582061 0.16698602270183646
0.10001062718096368 0.08009403365589067 0.19787370908083074 0.13714540562107816 0.10559800258891484 0.10294046427761226 0.15290689253573936 0.12343086505897034
0.10356233650198628 0.07505513028124525 0.24779836064102354 0.13384536519864937 0.09428897520706796 0.0757614097548386 0.1492275937364046 0.12046082867878444
0.10279712038505183 0.07344379958593743 0.2648603256380675 0.13182010170767278 0.0908521368088604 0.07061884825447241 0.14696957608303218 0.11863809153690551
0.10210657639203387 0.07288428552554407 0.27059826484673893 0.1310761766209096 0.08974579219619301 0.06948019033167319 0.14614015512808876 0.11796855895881864
0.10178477641378343 0.07269277788503074 0.27253801924987403 0.13082169377874356 0.08938210387024098 0.06918467865112765 0.14585642575033048 0.1177395244008692
0.11856348820558915 0.08470544433974171 0.19915192709554796 0.09529753977500383 0.13880657233578472 0.10745178706175525 0.14166619345657286 0.11435704773000459
0.09457406434347844 0.14540340946585867 0.136983764186309 0.16070191855454813 0.08850567567847506 0.14745107380753258 0.08174836726470491 0.1446317266990933
0.10609623107524048 0.078777859736564 0.23305447921705807 0.13698472797494274 0.09246813760777946 0.08154825612053918 0.1516477249051055 0.1194225833627706
0.09658123695197855 0.15119957883889606 0.10542596710056422 0.11771657319585839 0.11277442215222294 0.1951997886273893 0.07984254529806045 0.14125988783503005
0.10471516353084025 0.08371752944989924 0.2133064738545022 0.13581185354988926 0.09735106359551639 0.09144716632927737 0.15142008149517505 0.12223066819490035
0.10563380434494735 0.07265116289554087 0.25996372615022034 0.1336959665174225 0.09194391972943547 0.07154903159250743 0.14800693078037816 0.11655545798954782
0.08086576119656787 0.1256055063467472 0.13218157968030847 0.14133590382952166 0.09440175537083263 0.1601437959483988 0.0958626130321973 0.16960308459542597
0.07857651925855356 0.12455011886988886 0.10537381341652252 0.1323323790203182 0.10202881906677798 0.1924735923273025 0.09924928426523866 0.16541547377539775
0.06456688899465123 0.11354167668186525 0.059468843247987166 0.08325387969957793 0.13547580985921628 0.28307206071802327 0.09411308139952287 0.16650775939915585
0.09912110208823378 0.08078564766212545 0.19609961218759697 0.13745965674240496 0.1030446242366854 0.10651840693034638 0.15325725908444252 0.12371369106816445
0.10348253988901711 0.07516851094139568 0.24735226641519606 0.1339246754015064 0.09387987760621955 0.07634390319139105 0.14931601869391833 0.12053220786135575
0.10282556614418997 0.07345227273389128 0.2648245422065946 0.13181325747369346 0.0907869712844534 0.07070351315794393 0.14696194527290898 0.11863193172632412
0.08040154633210103 0.12571986841625793 0.13316133796008614 0.14130590802688256 0.09417574163416767 0.15982623994522965 0.09584226805301602 0.16956708963225905
0.07869370948710036 0.12453992791334124 0.10555226114484273 0.13230173322171326 0.10196658044245634 0.19234232134711948 0.09922629991628497 0.1653771665271416
0.11476556669527445 0.09484549680687221 0.15161913913295172 0.0967127024909619 0.14445459933270255 0.1377773246699964 0.14376992788208665 0.11605524298915428
0.10685253692698267 0.07838895897028118 0.2293725091128542 0.1334645834573616 0.10179792940815037 0.08120230650132806 0.14880305051141657 0.12011812511162544
0.10382387591765996 0.07546436261300334 0.258301334601614 0.13210420100177495 0.09250493812357433 0.07162118124625987 0.14728632559451627 0.11889378090159747
0.10240759762044925 0.07452612302701413 0.26824667876682823 0.13104695370616729 0.09008312220847835 0.06963969257654666 0.14610757375896558 0.11794225833555055
0.10182296762230231 0.0741923077515374 0.2716011317828436 0.13063909434928225 0.08937642708067217 0.06914004548570406 0.14565284101330422 0.11757518491435402
0.1354360893344186 0.0987435046105018 0.22721718510051175 0.10872107099738405 0.11884636017839421 0.09197094523182164 0.12121588064932222 0.09784896389764565
0.10860612247735237 0.07694061719044964 0.2554187052194888 0.13002384994367583 0.0946385943863962 0.07238375641851433 0.1449668894148147 0.11702146494930826
0.08109692916951278 0.128391765236097 0.1309624977366284 0.14073770411880665 0.09461156644845278 0.15985741477170037 0.09545687757623408 0.16888524494256796
0.10397247412989036 0.07783015509930083 0.23116132017019872 0.1374659554772939 0.09391224865175571 0.08363526790802675 0.15218046353204695 0.11984211503148698
0.08045449629607665 0.12879831453126017 0.1261272204337154 0.14108018042470918 0.0946107990920805 0.16394360685922607 0.09568916585328102 0.16929621650965102
0.10400389102365588 0.07798288248932107 0.22942596902867235 0.1376907034608438 0.09405905734980427 0.08437017868814924 0.15242926878856128 0.12003804917099202
0.0804601862323291 0.1288328970609891 0.12577579614645554 0.14108750456390853 0.09464793202765315 0.1641965449616711 0.09569413353030319 0.16930500547669025
0.13976852933654896 0.10480164359236879 0.1848674384715967 0.11102267019335123 0.12641182475059762 0.11343223941049256 0.12290665971750724 0.09678899452753696
0.0848633151550424 0.1319496812526261 0.11518908023281531 0.13808490672936552 0.09928292546759594 0.17127061417522474 0.09365758891209139 0.1657018880752386
0.07931896381789882 0.1248730387717358 0.10173530998001228 0.1318743466221879 0.10271947545646487 0.19573017210732455 0.09890575996664092 0.16484293327773483
0.07503140721004271 0.13576598749901858 0.09822929471400754 0.13835875647061002 0.09447169220347794 0.19826902366239313 0.09384333047571809 0.16603050776473197
0.10385063214171929 0.07906599718165527 0.21900827741799248 0.13869799651933765 0.09474842508377565 0.090168085950587 0.1535443836111511 0.12091620209378152
0.08041078133627805 0.1290254653376719 0.12362871453955282 0.1410736979460779 0.0947632527956264 0.1661248814678117 0.09568476904168764 0.1692884375352935
0.10425008123567366 0.07803955439876115 0.22847030909117058 0.13775822223889153 0.09413898014076609 0.08474192634793579 0.15250401485135734 0.12009691169544391
0.09592952941271447 0.15354155766217373 0.10437443071346046 0.11726147720881522 0.11282483448586501 0.19582052636823985 0.07953387149815293 0.14071377265057827
0.10433449098759134 0.08680263359684527 0.21236128885925049 0.13530618719351267 0.09718073396492274 0.09138279567960556 0.1508563012441104 0.1217755684741614
0.08330586004067232 0.12101340774695336 0.12223728212273034 0.13321571615369276 0.1034255606679092 0.17037074096065655 0.09991178711526957 0.16651964519211593
0.08962883838774295 0.1599165814161108 0.08448907228423647 0.11433317304296195 0.11207534399053708 0.2248094658585867 0.07754771736826983 0.13719980765155435
0.10348495568914667 0.08802961212980871 0.20482055729243043 0.1359070797946602 0.09751681291952008 0.09639835870758139 0.15152625165165845 0.12231637181519418
0.10620984088941492 0.07311051647645349 0.2569410978415281 0.13398982233035278 0.09217745914580538 0.07242738209130274 0.14833224124483496 0.11681163998030757
0.11973019377904487 0.0863819506995338 0.1946648934548445 0.09529272528028884 0.13970218837052747 0.10821774169259649 0.14165903638681746 0.11435127033634661
