Action: 0
[0.16176818214363314, 0.09827723108641695, 0.2470939177551253, 0.09827723105546333, 0.09975174479297133, 0.09827723105546333, 0.09827723105546333, 0.09827723105546333]
[0.10361485228330536, 0.10146987541984567, 0.2875658951976206, 0.10146987541984567, 0.10146987541984567, 0.10146987541984567, 0.10146987541984567, 0.10146987541984567]
[0.10172549155417696, 0.20330088596804258, 0.1859658801419224, 0.1016504429695431, 0.10240597045768562, 0.1016504429695431, 0.1016504429695431, 0.1016504429695431]
[0.125, 0.125, 0.125, 0.125, 0.125, 0.125, 0.125, 0.125]
[0.16464847012972142, 0.09828651303992138, 0.24518232870856854, 0.09828651303992138, 0.09873663596210315, 0.09828651303992138, 0.09828651303992138, 0.09828651303992138]
[0.2034651309882347, 0.10171404821566181, 0.1859078065355136, 0.10171404821566181, 0.1020568211475702, 0.10171404846603423, 0.10171404821566181, 0.10171404821566181]
[0.125, 0.125, 0.125, 0.125, 0.125, 0.125, 0.125, 0.125]
[0.125, 0.125, 0.125, 0.125, 0.125, 0.125, 0.125, 0.125]

Action: 1
[0.099059004009457, 0.0981728770326754, 0.09817221965269358, 0.09817221965269358, 0.17067507109498145, 0.23940416925211175, 0.09817221965269358, 0.09817221965269358]
[0.10330621320049065, 0.10330621320049065, 0.10330621320049065, 0.10330621320049065, 0.2066124264009813, 0.1735502943960749, 0.10330621320049065, 0.10330621320049065]
[0.12652892540955862, 0.09564866892304083, 0.09564866892250663, 0.09564866892250663, 0.16474750941597027, 0.23048022056140388, 0.09564866892250663, 0.09564866892250663]
[0.125, 0.125, 0.125, 0.125, 0.125, 0.125, 0.125, 0.125]
[0.09969733188175596, 0.09945491234603984, 0.09945491234603984, 0.09945491234603984, 0.12007554350930175, 0.28295256287874304, 0.09945491234603984, 0.09945491234603984]
[0.1332471750215883, 0.09609958138481045, 0.09609958138481045, 0.09609958138481045, 0.1709675116924387, 0.21528740636192073, 0.09609958138481045, 0.09609958138481045]
[0.125, 0.125, 0.125, 0.125, 0.125, 0.125, 0.125, 0.125]
[0.125, 0.125, 0.125, 0.125, 0.125, 0.125, 0.125, 0.125]

