Action: 0
[0.16602511676767623, 0.09561701037058637, 0.13571112899768153, 0.09561701037058637, 0.2201787023817057, 0.09561701037059103, 0.09561701037058637, 0.09561701037058637]
[0.21791575473613395, 0.09348068867440967, 0.16331841584366893, 0.09348068867440967, 0.1356418875962865, 0.10920118712627185, 0.09348068867440967, 0.09348068867440967]
[0.209973648634217, 0.09572468511793246, 0.17486334674090012, 0.09572468511793246, 0.10045113734255262, 0.13181312681060042, 0.09572468511793246, 0.09572468511793246]
[0.125, 0.125, 0.125, 0.125, 0.125, 0.125, 0.125, 0.125]
[0.16112110087024056, 0.0946237592795724, 0.1293521808912587, 0.09462375926036609, 0.22887978380013418, 0.1021518973776959, 0.09462375926036609, 0.09462375926036609]
[0.24257177926384813, 0.09829479891791594, 0.16760706655638014, 0.09829479891549812, 0.09834715959827174, 0.09829479891708957, 0.09829479891549812, 0.09829479891549812]
[0.125, 0.125, 0.125, 0.125, 0.125, 0.125, 0.125, 0.125]
[0.125, 0.125, 0.125, 0.125, 0.125, 0.125, 0.125, 0.125]

Action: 1
[0.19505784950965985, 0.11783338408217892, 0.09752892475482992, 0.09752892475482992, 0.18221361743780734, 0.11477944995103422, 0.09752892475482992, 0.09752892475482992]
[0.10330621320049065, 0.10330621320049065, 0.10330621320049065, 0.10330621320049065, 0.17355029439607486, 0.2066124264009813, 0.10330621320049065, 0.10330621320049065]
[0.09882882546246553, 0.09974568950239933, 0.09854686126057631, 0.09854686126057631, 0.1310627117973418, 0.2761753281954881, 0.09854686126057631, 0.09854686126057631]
[0.125, 0.125, 0.125, 0.125, 0.125, 0.125, 0.125, 0.125]
[0.09832769392998779, 0.09832769392998779, 0.09832769392998779, 0.09832769392998779, 0.1403999054121092, 0.26963393100796396, 0.09832769392998779, 0.09832769392998779]
[0.09975568989413701, 0.09975568989413701, 0.09975568989413701, 0.09975568989413701, 0.2170396656312046, 0.1844261950039734, 0.09975568989413701, 0.09975568989413701]
[0.125, 0.125, 0.125, 0.125, 0.125, 0.125, 0.125, 0.125]
[0.125, 0.125, 0.125, 0.125, 0.125, 0.125, 0.125, 0.125]

