Action: 0
[0.21330473500832176, 0.0975653490677169, 0.2013139026992665, 0.09756084936577844, 0.097572611878293, 0.09756085324906662, 0.09756084936577844, 0.09756084936577844]
[0.10909955985897138, 0.12341843028932359, 0.2840665057480692, 0.09222361865434366, 0.09222361865434366, 0.11452102948626126, 0.09222361865434366, 0.09222361865434366]
[0.24096340945777467, 0.09258403439739167, 0.1323777846753954, 0.09258403439739167, 0.16339407566162834, 0.09292859261563496, 0.09258403439739167, 0.09258403439739167]
[0.125, 0.125, 0.125, 0.125, 0.125, 0.125, 0.125, 0.125]
[0.16453665151410074, 0.09603134912008329, 0.25863264749909, 0.09603134912008329, 0.09667395538639281, 0.09603134912008329, 0.09603134912008329, 0.09603134912008329]
[0.16377822550985704, 0.09142091853113109, 0.13690724403720583, 0.09142091814300145, 0.14413675862814257, 0.1894940988646591, 0.09142091814300145, 0.09142091814300145]
[0.125, 0.125, 0.125, 0.125, 0.125, 0.125, 0.125, 0.125]
[0.125, 0.125, 0.125, 0.125, 0.125, 0.125, 0.125, 0.125]

Action: 1
[0.0966759635129084, 0.09545309372235741, 0.09545309372235741, 0.09545309372235741, 0.24948689236348745, 0.17657167551181707, 0.09545309372235741, 0.09545309372235741]
[0.0985751237153008, 0.10703490136489754, 0.0985751237153008, 0.0985751237153008, 0.30151435634329765, 0.0985751237153008, 0.0985751237153008, 0.0985751237153008]
[0.09633738506337733, 0.09633759533778083, 0.09633736500291705, 0.09633736500291705, 0.13223603266996847, 0.28973952691720506, 0.09633736500291705, 0.09633736500291705]
[0.125, 0.125, 0.125, 0.125, 0.125, 0.125, 0.125, 0.125]
[0.11086101127919454, 0.13343315596363445, 0.09240301745221255, 0.09240301745221255, 0.19703272970341013, 0.18906103324491072, 0.09240301745221255, 0.09240301745221255]
[0.11093172694214412, 0.10143019149828879, 0.09202367471898049, 0.09202367471898049, 0.27537846236782526, 0.14416492031581987, 0.09202367471898049, 0.09202367471898049]
[0.125, 0.125, 0.125, 0.125, 0.125, 0.125, 0.125, 0.125]
[0.125, 0.125, 0.125, 0.125, 0.125, 0.125, 0.125, 0.125]

