Action: 0
[0.11301276201266675, 0.10398692000229684, 0.26346350992507983, 0.10389826546440746, 0.1039437462023264, 0.10389826546440795, 0.10389826546440746, 0.10389826546440746]
[0.10118267303980309, 0.10118267303980309, 0.2538906126165931, 0.10118267303980309, 0.12637636367406715, 0.11381965851032429, 0.10118267303980309, 0.10118267303980309]
[0.10493968635671874, 0.10493968036754153, 0.2644907707660015, 0.10493968036754146, 0.10493968036754177, 0.10587114103957193, 0.10493968036754146, 0.10493968036754146]
[0.125, 0.125, 0.125, 0.125, 0.125, 0.125, 0.125, 0.125]
[0.2057183242263147, 0.10285916084629818, 0.1562231084665459, 0.10285916084627951, 0.12366308482725501, 0.10295883909474766, 0.10285916084627951, 0.10285916084627951]
[0.15267380580310091, 0.10114171517306503, 0.21505324208602056, 0.10114165588501611, 0.126564613397749, 0.10114165588501611, 0.10114165588501611, 0.10114165588501611]
[0.125, 0.125, 0.125, 0.125, 0.125, 0.125, 0.125, 0.125]
[0.125, 0.125, 0.125, 0.125, 0.125, 0.125, 0.125, 0.125]

Action: 1
[0.10403066919670918, 0.10403066919670918, 0.10403066919670918, 0.10403066919670918, 0.15964733495750782, 0.21616864986223694, 0.10403066919670918, 0.10403066919670918]
[0.10286808830907794, 0.10286808830907794, 0.10286808830907794, 0.10286808830907794, 0.15613839150572256, 0.22665307863980977, 0.10286808830907794, 0.10286808830907794]
[0.10286984325195984, 0.10286984384811104, 0.1028698431900227, 0.1028698431900227, 0.12373216217849332, 0.25904877796134496, 0.1028698431900227, 0.1028698431900227]
[0.125, 0.125, 0.125, 0.125, 0.125, 0.125, 0.125, 0.125]
[0.10401446696684746, 0.10389971861930375, 0.10389971861930067, 0.10389971861930067, 0.11302717088709417, 0.26345976904955204, 0.10389971861930067, 0.10389971861930067]
[0.10284890175961277, 0.1030309692605936, 0.102848626566398, 0.102848626566398, 0.12362723815459559, 0.259098384559606, 0.102848626566398, 0.102848626566398]
[0.125, 0.125, 0.125, 0.125, 0.125, 0.125, 0.125, 0.125]
[0.125, 0.125, 0.125, 0.125, 0.125, 0.125, 0.125, 0.125]

