Action: 0
[0.09920717544790114, 0.09916411517761686, 0.22412501183410127, 0.09916403248157211, 0.1808475676140923, 0.09916403248157211, 0.09916403248157211, 0.09916403248157211]
[0.10944140677702181, 0.10064096641390079, 0.28671279473957345, 0.10064096641390079, 0.10064096641390079, 0.10064096641390079, 0.10064096641390079, 0.10064096641390079]
[0.20108389785388234, 0.10034162735087374, 0.1865583745924323, 0.10034138572603385, 0.10291995739544152, 0.10807198562926847, 0.10034138572603385, 0.10034138572603385]
[0.125, 0.125, 0.125, 0.125, 0.125, 0.125, 0.125, 0.125]
[0.12348146745417228, 0.09763833552286971, 0.2793116951168102, 0.09763833552286971, 0.098290438594226, 0.10836305674331267, 0.09763833552286971, 0.09763833552286971]
[0.10211403681212426, 0.10169408821879986, 0.18592704117147277, 0.10169408821879986, 0.20348848091773158, 0.10169408822347208, 0.10169408821879986, 0.10169408821879986]
[0.125, 0.125, 0.125, 0.125, 0.125, 0.125, 0.125, 0.125]
[0.125, 0.125, 0.125, 0.125, 0.125, 0.125, 0.125, 0.125]

Action: 1
[0.09618271228095054, 0.11661413856598703, 0.09618271228095054, 0.09618271228095054, 0.2573506598000408, 0.14512164022921953, 0.09618271228095054, 0.09618271228095054]
[0.1111111111111111, 0.1111111111111111, 0.1111111111111111, 0.1111111111111111, 0.1111111111111111, 0.2222222222222222, 0.1111111111111111, 0.1111111111111111]
[0.10756162137558767, 0.09707862321836552, 0.09707862320883494, 0.09707862320883494, 0.14873665210021247, 0.25830861047049447, 0.09707862320883494, 0.09707862320883494]
[0.125, 0.125, 0.125, 0.125, 0.125, 0.125, 0.125, 0.125]
[0.09863039834759087, 0.09886021770259378, 0.09861116346297247, 0.09861116346297247, 0.13276959076848122, 0.2752951393294442, 0.09861116346297247, 0.09861116346297247]
[0.09850685404925179, 0.09850685404925179, 0.09850685404925179, 0.09850685404925179, 0.2338128498869736, 0.17514602581751565, 0.09850685404925179, 0.09850685404925179]
[0.125, 0.125, 0.125, 0.125, 0.125, 0.125, 0.125, 0.125]
[0.125, 0.125, 0.125, 0.125, 0.125, 0.125, 0.125, 0.125]

