Action: 0
[0.21317069625442206, 0.10675530235981717, 0.14556467726863082, 0.10657232388957488, 0.10775465987090839, 0.10703769257749693, 0.10657232388957488, 0.10657232388957488]
[0.10629639751445971, 0.11027483664343012, 0.14565038075535192, 0.10629639751445971, 0.21259279502891942, 0.10629639751445971, 0.10629639751445971, 0.10629639751445971]
[0.22369922545333215, 0.10525911138483927, 0.14474602987626325, 0.10525911138483927, 0.1052591113848394, 0.10525918774620827, 0.10525911138483927, 0.10525911138483927]
[0.125, 0.125, 0.125, 0.125, 0.125, 0.125, 0.125, 0.125]
[0.14475132211247133, 0.10524808823675529, 0.21055638895231243, 0.10524808823675529, 0.1184501314990307, 0.10524980448916436, 0.10524808823675529, 0.10524808823675529]
[0.21365051377596514, 0.10662100884596425, 0.14551756181663086, 0.10662100884596414, 0.10772688017758322, 0.10662100884596414, 0.10662100884596414, 0.10662100884596414]
[0.125, 0.125, 0.125, 0.125, 0.125, 0.125, 0.125, 0.125]
[0.125, 0.125, 0.125, 0.125, 0.125, 0.125, 0.125, 0.125]

Action: 1
[0.10515867395604257, 0.10515960338424958, 0.10515867395604257, 0.10515867395604257, 0.1193348805476217, 0.249712146287916, 0.10515867395604257, 0.10515867395604257]
[0.22353084516826105, 0.10997951363479515, 0.10387436806318082, 0.10387436806318082, 0.14483632676954614, 0.10615584217467444, 0.10387436806318082, 0.10387436806318082]
[0.10518786262282219, 0.10515250721915796, 0.10515250721915796, 0.10515250721915796, 0.11934219402842002, 0.249707407252968, 0.10515250721915796, 0.10515250721915796]
[0.125, 0.125, 0.125, 0.125, 0.125, 0.125, 0.125, 0.125]
[0.10544341620067502, 0.10509437072285718, 0.10509437072285718, 0.10509437072285718, 0.14456553659115834, 0.22451919359388073, 0.10509437072285718, 0.10509437072285718]
[0.21340180778583073, 0.10670090389314536, 0.10670090389291527, 0.10670090389291527, 0.10765147313643214, 0.14544219961293073, 0.10670090389291527, 0.10670090389291527]
[0.125, 0.125, 0.125, 0.125, 0.125, 0.125, 0.125, 0.125]
[0.125, 0.125, 0.125, 0.125, 0.125, 0.125, 0.125, 0.125]

