Action: 0
[0.15350842256532593, 0.09328173769229417, 0.25462398296298744, 0.09328164900278493, 0.11483432535501878, 0.10390658441601884, 0.09328164900278493, 0.09328164900278493]
[0.1032361481667604, 0.09872281416125246, 0.2815010688567979, 0.09613128371735051, 0.13201483394578709, 0.09613128371735051, 0.09613128371735051, 0.09613128371735051]
[0.1006757633189976, 0.10067353679001133, 0.29527896083417154, 0.10067295218645125, 0.10067993031100139, 0.10067295218646428, 0.10067295218645125, 0.10067295218645125]
[0.125, 0.125, 0.125, 0.125, 0.125, 0.125, 0.125, 0.125]
[0.11699271313004626, 0.09700212514950533, 0.29059859422151557, 0.09700212514950533, 0.10459231043935749, 0.09980788161105938, 0.09700212514950533, 0.09700212514950533]
[0.10562844305334, 0.10922586948497197, 0.29342028203388193, 0.09806345608667881, 0.09809620853155399, 0.09943882863621574, 0.09806345608667881, 0.09806345608667881]
[0.125, 0.125, 0.125, 0.125, 0.125, 0.125, 0.125, 0.125]
[0.125, 0.125, 0.125, 0.125, 0.125, 0.125, 0.125, 0.125]

Action: 1
[0.0972766956460046, 0.0972766956460046, 0.0972766956460046, 0.0972766956460046, 0.16331950013089397, 0.25302032599307855, 0.0972766956460046, 0.0972766956460046]
[0.10096234627563154, 0.10096234627563154, 0.10096234627563154, 0.10096234627563154, 0.10096234627563154, 0.29326357607057923, 0.10096234627563154, 0.10096234627563154]
[0.10109935279462837, 0.10438430064596417, 0.0945092040921635, 0.0945092040921635, 0.26916550440193915, 0.14731402578881428, 0.0945092040921635, 0.0945092040921635]
[0.125, 0.125, 0.125, 0.125, 0.125, 0.125, 0.125, 0.125]
[0.0976746221651971, 0.0976746221651971, 0.0976746221651971, 0.0976746221651971, 0.12895233532323166, 0.2849999316855858, 0.0976746221651971, 0.0976746221651971]
[0.09815622346498502, 0.09815622346498502, 0.09815622346498502, 0.09815622346498502, 0.19140270619609687, 0.219659953013993, 0.09815622346498502, 0.09815622346498502]
[0.125, 0.125, 0.125, 0.125, 0.125, 0.125, 0.125, 0.125]
[0.125, 0.125, 0.125, 0.125, 0.125, 0.125, 0.125, 0.125]

