Action: 0
[0.10109955372609745, 0.11835069370429456, 0.30126634786158957, 0.0931989203009627, 0.0946586895113635, 0.10502795429376684, 0.0931989203009627, 0.0931989203009627]
[0.1348079931450346, 0.09590008955615038, 0.2929827907901948, 0.09526182530172404, 0.09526182530172404, 0.09526182530172404, 0.09526182530172404, 0.09526182530172404]
[0.09570501792406275, 0.0951040816684345, 0.26454369580302, 0.09509447451368797, 0.16426903302287144, 0.09509474804054735, 0.09509447451368797, 0.09509447451368797]
[0.125, 0.125, 0.125, 0.125, 0.125, 0.125, 0.125, 0.125]
[0.1205710320965636, 0.09630256210531483, 0.20691113298571448, 0.09603587854485231, 0.19207175830121692, 0.0960358788766333, 0.09603587854485231, 0.09603587854485231]
[0.1270175943593435, 0.0924507340250654, 0.12480197624512064, 0.09229798296489983, 0.2863115322583565, 0.09252421421741445, 0.09229798296489983, 0.09229798296489983]
[0.125, 0.125, 0.125, 0.125, 0.125, 0.125, 0.125, 0.125]
[0.125, 0.125, 0.125, 0.125, 0.125, 0.125, 0.125, 0.125]

Action: 1
[0.09475016013073038, 0.09475016013073038, 0.09475016013073038, 0.09475016013073038, 0.17073615966870945, 0.2607628795469082, 0.09475016013073038, 0.09475016013073038]
[0.09939556859113183, 0.09939556859113183, 0.09939556859113183, 0.09939556859113183, 0.09939556859113183, 0.30423101986207723, 0.09939556859113183, 0.09939556859113183]
[0.0955006338088872, 0.09691836229337204, 0.0955006338088872, 0.0955006338088872, 0.1246029299516529, 0.30097553871053917, 0.0955006338088872, 0.0955006338088872]
[0.125, 0.125, 0.125, 0.125, 0.125, 0.125, 0.125, 0.125]
[0.09493626159283026, 0.09949984317090795, 0.09493626159283026, 0.09493626159283026, 0.12583883346926505, 0.2999800153956757, 0.09493626159283026, 0.09493626159283026]
[0.09464345938611013, 0.09464345938611013, 0.09464345938611013, 0.09464345938611013, 0.19086833228661781, 0.2412709113967215, 0.09464345938611013, 0.09464345938611013]
[0.125, 0.125, 0.125, 0.125, 0.125, 0.125, 0.125, 0.125]
[0.125, 0.125, 0.125, 0.125, 0.125, 0.125, 0.125, 0.125]

