Action: 0
[0.09936521813560457, 0.09913422176912783, 0.3057979963514305, 0.09913422176912783, 0.09916567600918366, 0.09913422242726998, 0.09913422176912783, 0.09913422176912783]
[0.16997049925728727, 0.09529041103899986, 0.25828703450871354, 0.09529041103899986, 0.09529041103899986, 0.09529041103899986, 0.09529041103899986, 0.09529041103899986]
[0.23305929983246249, 0.09423608194089274, 0.19328467709688948, 0.09420390519472015, 0.09812257443770732, 0.0986856511078875, 0.09420390519472015, 0.09420390519472015]
[0.125, 0.125, 0.125, 0.125, 0.125, 0.125, 0.125, 0.125]
[0.1107246628245819, 0.09388883256167056, 0.25982419866343653, 0.09388883256167056, 0.16000697505121653, 0.09388883321408276, 0.09388883256167056, 0.09388883256167056]
[0.15991258226161217, 0.1380870957245028, 0.14069195871191192, 0.09019142403005967, 0.18100639919636058, 0.10972769201543352, 0.09019142403005967, 0.09019142403005967]
[0.125, 0.125, 0.125, 0.125, 0.125, 0.125, 0.125, 0.125]
[0.125, 0.125, 0.125, 0.125, 0.125, 0.125, 0.125, 0.125]

Action: 1
[0.09817520241427904, 0.09817520241427904, 0.09817520241427904, 0.09817520241427904, 0.20695499185790622, 0.20399379365641943, 0.09817520241427904, 0.09817520241427904]
[0.18128382630576995, 0.10233952171177878, 0.10233952171177878, 0.10233952171177878, 0.20467904342355756, 0.10233952171177878, 0.10233952171177878, 0.10233952171177878]
[0.09543572023309074, 0.09520370049928761, 0.09517385146015961, 0.09517385146015961, 0.2663124507231256, 0.1623527227038576, 0.09517385146015961, 0.09517385146015961]
[0.125, 0.125, 0.125, 0.125, 0.125, 0.125, 0.125, 0.125]
[0.09566249678894673, 0.09555420857625374, 0.09555420857625374, 0.09555420857625374, 0.23357231824146957, 0.19299414208831503, 0.09555420857625374, 0.09555420857625374]
[0.09722478421265969, 0.09767833523658542, 0.09722478421265969, 0.09722478421265969, 0.2059284128491972, 0.21026933085091895, 0.09722478421265969, 0.09722478421265969]
[0.125, 0.125, 0.125, 0.125, 0.125, 0.125, 0.125, 0.125]
[0.125, 0.125, 0.125, 0.125, 0.125, 0.125, 0.125, 0.125]

