0.125 0.125 0.125 0.125 0.125 0.125 0.125 0.125
0.07575757575757576 0.12626262626262627 0.09090909090909091 0.15151515151515152 0.0946969696969697 0.15782828282828282 0.11363636363636365 0.1893939393939394
0.07408784041121591 0.12347973401869318 0.08890540849345908 0.14817568082243182 0.09260980051401987 0.1763901740953166 0.11113176061682387 0.18521960102803975
0.07329883021604787 0.12216471702674646 0.08795859625925745 0.14659766043209574 0.09939835167966748 0.17738652352199352 0.10994824532407181 0.18324707554011965
0.07185731573571744 0.11976219289286237 0.08622877888286093 0.14371463147143487 0.09813564104763227 0.19287217702662246 0.10778597360357615 0.17964328933929355
0.08859306767110468 0.14765511278517449 0.07973376090399423 0.13288960150665705 0.12861418854099177 0.24311330655809069 0.09966720112999278 0.07973376090399423
0.07295173961840629 0.12906846240179573 0.09118967452300787 0.16133557800224468 0.08754208754208756 0.1548821548821549 0.10942760942760946 0.1936026936026936
0.09644291524296537 0.07594879575383523 0.19288583048593075 0.15189759150767046 0.09925628343258086 0.08298816440310854 0.16815687785952935 0.1324235413143794
0.10569479010590946 0.0832346472084037 0.15001227877056403 0.09988157665008446 0.1594582817974643 0.1183242694961043 0.1585421851588642 0.12485197081260557
0.0631357356319133 0.11170168611800045 0.05504141055089877 0.09738095712851322 0.14449210297584938 0.2234033722360009 0.11008282110179754 0.19476191425702644
0.06989118184320191 0.12365362941489569 0.08736397730400239 0.1545670367686196 0.09510048574860848 0.17910647203352564 0.10483677276480288 0.18548044412234352
0.07042266475224565 0.11737110792040945 0.09156527115004583 0.1408453295044913 0.10753610193852628 0.1905688657252989 0.10563399712836849 0.17605666188061414
0.10335930516402878 0.08139545281667267 0.13507479398438862 0.09767454338000721 0.162130243934549 0.1432335237493015 0.15503895774604318 0.12209317922500901
0.0698892455497986 0.12365020366502828 0.08736155693724823 0.15456275458128535 0.10601599175926117 0.16821107368513805 0.10483386832469789 0.1854753054975424
0.09363048153784058 0.07373400421104946 0.2030824046536565 0.14746800842209892 0.10297803894170514 0.08729206144071275 0.1632531472967477 0.12856185349618882
0.06979756609336753 0.11632927682227923 0.11275994009750032 0.13959513218673505 0.1096347811437016 0.17269303928294624 0.1046963491400513 0.17449391523341878
0.06828600380787091 0.11381000634645153 0.09786948514878616 0.13657200761574181 0.108930056468241 0.2013884253814249 0.10242900571180637 0.17071500951967727
0.06769795395544952 0.11282992325908252 0.09502310472261362 0.13539590791089903 0.10846083761739352 0.20980045671276368 0.10154693093317428 0.16924488488862377
0.06821463547512564 0.12068743199445307 0.08526829434390705 0.15085928999306633 0.0965410484759242 0.19507619851315552 0.10232195321268849 0.1810311479916796
0.09186776496757039 0.07234586491196168 0.21074087390007903 0.14469172982392337 0.09996826690603754 0.09406429867483364 0.16017969276396887 0.1261415080516255
0.06860773996578697 0.11434623327631162 0.12033741625598163 0.13721547993157393 0.10798230788920038 0.1770798628179975 0.10291160994868045 0.17151934991446738
0.05710442265526516 0.09517403775877527 0.06500380545414387 0.08565663398289775 0.14661531326382632 0.2763445581398189 0.10278796077947729 0.1713132679657955
0.06628886302275697 0.11728029611718542 0.08286107877844621 0.14660037014648175 0.10460009676077986 0.20701555646443615 0.09943329453413546 0.17592044417577812
0.0671838986834836 0.11197316447247266 0.09531379246820447 0.1343677973669672 0.10705073776074377 0.21537501451419402 0.10077584802522539 0.16795974670870895
0.06688333200202942 0.11833204892666743 0.08360416500253677 0.14791506115833428 0.09850403694083247 0.2069382845765542 0.10032499800304413 0.17749807339000115
0.10078788586068892 0.07937046011529253 0.1431479229167552 0.09524455213835104 0.15865646997506377 0.15255519002987647 0.15118182879103337 0.11905569017293878
0.04845322518939336 0.0857249368735421 0.0605665314867417 0.10715617109192763 0.12959865536885606 0.2330550748322006 0.1211330629734834 0.21431234218385525
0.11898626240419823 0.09604915157929254 0.14873282800524779 0.12006143947411568 0.13717496216760627 0.1370805156381124 0.13385954520472299 0.1080552955267041
0.08743785660724547 0.13865918927388524 0.09796573155220151 0.1733239865923565 0.09123312895836236 0.1672193606858467 0.08816915839698136 0.15599158793312085
0.09119688074905934 0.07181754358988424 0.2211900147903725 0.14363508717976847 0.09842240555874848 0.0895077897975987 0.15900994592143677 0.12522033241313146
0.06819598331582412 0.11365997219304019 0.12613561368522846 0.13639196663164824 0.10751165727633635 0.17532087363462603 0.10229397497373618 0.1704899582895603
0.06713666334008277 0.11189443890013795 0.1054967359872133 0.13427332668016553 0.10792611245552686 0.20472606927654255 0.10070499501012416 0.1678416583502069
0.07340326153858169 0.11642828261631945 0.0822591127180518 0.14553535327039932 0.09743921538722199 0.21158141528328456 0.09871093526166215 0.17464242392447915
0.06700563178456463 0.1116760529742744 0.09655747798670479 0.13401126356912926 0.10538506587905253 0.21734198066801586 0.10050844767684695 0.16751407946141159
0.07298348633490163 0.11572997252436014 0.08176574145742838 0.1446624656554502 0.09650631242065462 0.21663817307175073 0.09811888974891404 0.17359495878654022
0.12941882779020633 0.09490590251115408 0.17379454041200507 0.1138870830133849 0.13221599395818634 0.1304137949234974 0.12607768245682008 0.09928617493474581
0.08139642450004854 0.11776950720235561 0.08320671704514256 0.14721188400294452 0.1052651173227855 0.18864802866901878 0.09984806045417108 0.1766542608035334
0.13713326206312637 0.09437895196897654 0.173424242962962 0.11325474236277186 0.13401556036740683 0.12368068131350424 0.1253776553629383 0.09873490359831393
0.059697150130652 0.08543900038321961 0.0603645111403182 0.10679875047902451 0.12770929076653367 0.2256647738615667 0.1207290222806364 0.21359750095804902
0.09931939422509173 0.072597433280667 0.17986826753120483 0.145194866561334 0.10617109799428424 0.10429211972413317 0.16188144077808433 0.13067537990520062
0.08211498677868438 0.11176677738633102 0.11671303861213778 0.13412013286359722 0.10800900216772644 0.17903579646432857 0.10059009964769793 0.16765016607949654
0.07846802866534623 0.11028483472759851 0.10263787088770347 0.1323418016731182 0.10702876817325607 0.20455509252674117 0.09925635125483866 0.16542725209139775
0.07368102251553112 0.11458340116219093 0.08930674202072553 0.14322925145273865 0.09809485015598177 0.21208283431203578 0.0971467966375097 0.1718751017432864
0.10344031757085549 0.06984875963093436 0.21698299901112406 0.1396975192618687 0.09790813130854895 0.09568379594715039 0.1546508963745555 0.12178758089496247
0.08238572954045689 0.11107060872045114 0.12591581849965416 0.13328473046454137 0.10570737034706261 0.1750662814987511 0.09996354784840605 0.1666059130806767
0.07843245097408408 0.11013129079311877 0.10556266117860136 0.13215754895174253 0.10643201479735329 0.20296893540161492 0.09911816171380691 0.16519693618967818
0.11302959713990454 0.08019230089377297 0.13736863076419592 0.10024037611721621 0.15178235897864317 0.14808423310479066 0.14901405166081694 0.12028845134065945
0.13718313725553433 0.09225578369994296 0.16278343199047027 0.1153197296249287 0.1441304516145403 0.11596681657032418 0.1285728925818235 0.10378775666243582
0.12791959248219015 0.07897663800446768 0.14257347559325 0.09872079750558459 0.16228195212733307 0.1243074912870964 0.14675509599337652 0.11846495700670151
0.11429875780800348 0.06989803864825357 0.1985201016511852 0.13979607729650714 0.11172578391816936 0.08408257746850124 0.1558621936425236 0.1258164695668564
0.08430541502812475 0.11147194223221898 0.12235880745413145 0.13376633067866275 0.10921075652649395 0.1713540867230426 0.10032474800899709 0.16720791334832844
0.0787721573973376 0.11020989547220235 0.10488667158978911 0.1322518745666428 0.10728999893450933 0.20208565290623334 0.09918890592498211 0.16531484320830347
0.07650454241874528 0.11311395730240863 0.09490211320988048 0.1413924466280108 0.09866801505751577 0.2098470256299579 0.09590096379986818 0.1696709359536129
0.07719569681975015 0.10965983604655523 0.09862897795573115 0.13159180325586628 0.10435165206904175 0.2153884273413228 0.09869385244189971 0.16448975406983282
0.05490187028018061 0.08141850946184621 0.06768411879036727 0.10177313682730776 0.1176913790700026 0.2579368181108973 0.11504789380478267 0.20354627365461553
0.09914151821326338 0.07032658868812652 0.19546891100504693 0.14065317737625305 0.10318201670304991 0.10782213210688478 0.15681779626874778 0.12658785963862773
0.08164808233481939 0.11100094333403285 0.12119610982574883 0.1332011320008394 0.1067986216345261 0.1797528468683547 0.09990084900062958 0.16650141500104929
0.07704086624139778 0.1131497463960184 0.101863843292575 0.141437182995023 0.0986875993900578 0.20216483536384122 0.09593130672705909 0.16972461959402757
0.10339284222992921 0.06932769289125003 0.2231548168619212 0.13865538578250006 0.0973798196323896 0.09371317655621603 0.15349721177387066 0.12087905427192315
0.08151003371085114 0.11445533022562566 0.12182686681724937 0.14306916278203208 0.09793490132237294 0.1724824950469218 0.09703821475650871 0.17168299533843848
0.11590033820180716 0.07707101461650145 0.1557102056556371 0.09248521753980175 0.15491359339361024 0.14151117606503028 0.14680193260285992 0.1156065219247522
0.07048718970155583 0.09611459856532656 0.06444956026442678 0.08379221413387444 0.15480165079525415 0.2680487249030857 0.09472163336872763 0.16758442826774889
0.1309512638747212 0.0894704985526193 0.1593002854620815 0.11183812319077413 0.1422225454488157 0.14087181137017468 0.1246911612291168 0.1006543108716967
0.09923598600463386 0.12976834533896833 0.12563910237086146 0.1622104316737104 0.0918390185258443 0.16280198624997208 0.08251574132967009 0.14598938850633938
0.09995946553173951 0.13333661834853738 0.12839157064950601 0.16000394201824486 0.08723178874531677 0.16789162891710377 0.08369436967108193 0.13949061611846986
0.12296089172908262 0.0766232164089137 0.1571265615095301 0.09194785969069645 0.15066867169650022 0.13978899071588027 0.1459489836360261 0.11493482461337054
0.09996246915606725 0.13215347630683252 0.08890799351068206 0.11521072293416168 0.12678731289351144 0.22058223255718912 0.07814292512056183 0.138252867520994
0.12141937401247797 0.07700012346218932 0.14369380503458604 0.09625015432773665 0.15408577687963576 0.14896826211930556 0.14308231897078466 0.11550018519328399
0.11125687494667094 0.06731494488208613 0.22252314189562616 0.13462988976417226 0.10717041897872343 0.08583554866461278 0.15010228008035326 0.12116690078775506
0.10699676330658961 0.06630759400627322 0.2573580429188521 0.13261518801254643 0.09567298994976131 0.07383971461651793 0.14785603797816743 0.11935366921129179
0.10458066555005595 0.06531247434579017 0.273393117568564 0.13062494869158034 0.09204254726934652 0.07084672309162797 0.1456370696606127 0.11756245382242231
0.13803806515789302 0.0865701041999806 0.23468257997987776 0.10821263024997572 0.12113511094366583 0.09332113508432745 0.1206490071593013 0.09739136722497815
0.11111231510131805 0.06457758553375464 0.26483023475174033 0.1291551710675093 0.09657221237652444 0.07351444991372391 0.1439983772946708 0.11623965396075837
0.10492973053521949 0.06471765001707218 0.2783597506187893 0.12943530003414436 0.09152102350585871 0.0702340750708639 0.14431070018732214 0.11649177003072991
0.10317976084865005 0.0644842352327812 0.2838749100571445 0.1289684704655624 0.09018250599812457 0.06944827392235027 0.14379022005638079 0.11607162341900618
0.10259899846735235 0.06435276895229672 0.2860774787630861 0.12870553790459344 0.0897453651062243 0.06918779681957958 0.14349706987273325 0.11583498411413409
0.10238712052164751 0.0642947625778531 0.2869579207460752 0.1285895251557062 0.08958460395751928 0.06908777008567135 0.14336772431539185 0.1157305726401356
0.1023056714060649 0.06427051934525939 0.28731264850142174 0.12854103869051878 0.08952199741183242 0.06904752429833508 0.14331366552510078 0.11568693482146689
0.10227338851332628 0.06426048322217956 0.287457027718762 0.12852096644435912 0.08949690315293449 0.06903107467995366 0.1432912864685616 0.11566886979992322
0.08177499902898572 0.11262036444502029 0.1436997568951085 0.14077545555627538 0.09541363183433953 0.16130276267370125 0.09548248289903895 0.16893054666753043
0.10518656527686768 0.06813749183881745 0.2399890237225386 0.1362749836776349 0.09512830643411052 0.0856177883334412 0.1508620087924977 0.11880383192409195
0.08243408603092126 0.11301193871394616 0.13316124741749075 0.1412649233924327 0.09687391728827358 0.167921509306801 0.09581446977921523 0.16951790807091924
0.10563332745750315 0.06833107370228216 0.2363081275404563 0.1366621474045643 0.09569778316218294 0.08693556650387324 0.15129061495336382 0.11914135927577402
0.08251888464713261 0.11303211297182732 0.13234247215397849 0.14129014121478414 0.09700273776248033 0.16843390775072448 0.09583157404133186 0.16954816945774095
0.10565363327456728 0.06832978466431361 0.2361827865710904 0.13665956932862722 0.09572572005921469 0.08702163346246956 0.15128776091732438 0.11913911172239297
0.0825213076779185 0.11303044364345055 0.13231285024973113 0.14128805455431317 0.0970073080135446 0.16846421165467998 0.09583015874118635 0.16954566546517583
0.14224601468361162 0.09199343197216085 0.19087160486580995 0.11039211836659304 0.12888057824590324 0.11716835626218684 0.12220861292516606 0.09623928267856828
0.08792025222669694 0.11108858943330047 0.12094956165888217 0.13886073679162558 0.10278261961150227 0.17758155204328707 0.09418380408475475 0.1666328841499507
0.13791807783613277 0.08979778972467421 0.18526256755246015 0.11224723715584276 0.1283513256349808 0.1202531958863755 0.12514729276927541 0.10102251344025848
0.11280540291914158 0.06556942935068802 0.24756748349381297 0.13113885870137604 0.09960197377162279 0.07908183796207846 0.14621004097004162 0.11802497283123842
0.10590390432758678 0.06504279332472158 0.27269119084630383 0.13008558664944317 0.09268225590468532 0.07148151972823216 0.14503572123452843 0.11707702798449886
0.10362289574095963 0.06456767350734076 0.28209731759623846 0.12913534701468152 0.09063894472635008 0.06973973414604158 0.14397627495517476 0.11622181231321335
0.10280992529342148 0.0643604326627006 0.28553959916876837 0.1287208653254012 0.08995951403728096 0.06924672591646971 0.14351415880309656 0.11584877879286108
0.10251414048775974 0.06428114703711652 0.2867901005502141 0.12856229407423303 0.08972165856019089 0.06908723093195643 0.14333736369171954 0.11570606466680976
0.10240623385166478 0.06425194271596502 0.28724331058594743 0.12850388543193003 0.08963671283718473 0.06903217527416546 0.14327224241440556 0.11565349688873704
0.10236693055877105 0.06424131289094798 0.28740745097331744 0.12848262578189595 0.08960614221786001 0.06901263488234254 0.1432485394911586 0.11563436320370633
0.11988678376832683 0.07524204598671877 0.21044571985994928 0.09405255748339846 0.13992498575108353 0.10776939450855715 0.13981544366188786 0.11286306898007813
0.10790616052026201 0.06503627816531288 0.25725694683218414 0.13007255633062575 0.10122808212787673 0.0764134819247164 0.14502119340145886 0.1170653006975632
0.10452178435804999 0.06481943655707839 0.2762687181132293 0.12963887311415678 0.09272040343057365 0.07081812964465567 0.1445376689795151 0.1166749858027411
0.10323254539851281 0.06448078556626985 0.28339574031180226 0.1289615711325397 0.09053618037343188 0.06954523538322172 0.14378252781493606 0.11606541401928573
0.10271670786137163 0.06432606024512948 0.28600337974283446 0.12865212049025895 0.08989595316014845 0.06918135661689938 0.1434375134421245 0.11578690844123304
0.1025149213153139 0.06426621375544177 0.28695013281269394 0.12853242751088353 0.08969078381437927 0.0690622713290597 0.14330406470243282 0.11567918475979519
0.10243807482999438 0.06424411730766381 0.287293052385624 0.12848823461532763 0.0896214479288774 0.06902086885685266 0.14325479292186527 0.11563941115379486
0.1024093696079108 0.06423607563922992 0.2874171788719664 0.12847215127845985 0.08959730165424842 0.06900612559606416 0.14323686120150672 0.11562493615061385
0.1370877207238362 0.08599299535440325 0.24052730952746634 0.10749124419300406 0.11993812517984483 0.09237576970718347 0.11984471554055827 0.09674211977370366
0.11068134086524907 0.06427738699536636 0.2682990864761398 0.12855477399073273 0.09609678834717576 0.07306234737385982 0.14332897935981695 0.11569929659165945
0.12224531095645147 0.07531303658558028 0.20439331519834925 0.09414129573197534 0.14209239443191693 0.10889773318892736 0.139947359028429 0.11296955487837039
0.1434819176122028 0.08603262677940574 0.21040297635635807 0.10754078347425718 0.13452613237945432 0.10132891012929654 0.11989994814219418 0.09678670512683145
0.11301489388183569 0.06477820263612583 0.2566242770382708 0.12955640527225165 0.09986251715807158 0.0751172157783105 0.14444572349010742 0.11660076474502648
0.10565925977207168 0.06478417395381485 0.275915893691784 0.1295683479076297 0.09242507882033846 0.0705766941001821 0.1444590386373125 0.11661151311686674
0.10351134449567247 0.06447635498556856 0.28323774853938893 0.1289527099711371 0.0904887450323946 0.06950300972056207 0.14377264828125286 0.11605743897402339
0.09444819110326101 0.12952113526461417 0.16418188525698504 0.16190141908076772 0.08259220976314113 0.13928533439136684 0.08235854796717315 0.14571127717269092
0.1076860147178187 0.06760343660475278 0.24877356195716546 0.13520687320950556 0.09176729180970937 0.081410596408164 0.1496795665974176 0.11787265869546638
0.08300456364368168 0.11295645188198555 0.13514116489646166 0.14119556485248194 0.09619631925391214 0.16630383105290236 0.09576742659559645 0.1694346778229783
0.09757720315716324 0.13290727712887795 0.13109105447504443 0.15948873255465354 0.08783814992851097 0.16863124811541239 0.08342487549012648 0.13904145915021077
0.08348232183318308 0.1099236164651073 0.1075940873354265 0.13190833975812874 0.1023124057730272 0.20096254931886953 0.09893125481859656 0.16488542469766093
0.07773668349497363 0.11183270572543312 0.10241864283338614 0.13979088215679142 0.097204636111075 0.2084527058012367 0.09481468528895419 0.1677490585881497
0.07675973991318576 0.11192380784306859 0.10130996983612257 0.13990475980383574 0.09615748664477937 0.21116660015354252 0.09489192404086251 0.16788571176460287
0.13538252310891583 0.09026716165971732 0.1786491484235225 0.11283395207464665 0.12718636215071735 0.128328859596252 0.12580143611904634 0.10155055686718198
0.11258765106052322 0.06573229359719303 0.24509301326526034 0.13146458719438606 0.09961435306806116 0.08061676940797756 0.14657320393165132 0.11831812847494746
0.12322558886794541 0.07566097049089475 0.1974272378951528 0.09457621311361843 0.14377211961235295 0.11125252135658317 0.1405938929271104 0.1134914557363421
0.08477500624049875 0.111180298860808 0.12247901236072196 0.13897537357601 0.10609863386679029 0.1754596690741436 0.09426155772981548 0.16677044829121201
0.10431286907118825 0.0682942665110305 0.22615819463371825 0.136588533022061 0.09832888803942258 0.09110154785723264 0.1522860211454919 0.1229296797198549
0.10505525159009964 0.06575203359614663 0.26524780288760164 0.13150406719229327 0.09331812586880953 0.07415183720893619 0.14661722118304935 0.11835366047306393
0.10379976877953732 0.06477117039641192 0.2794540863010817 0.12954234079282384 0.09103841054479699 0.07037607382667338 0.14443004264513343 0.11658810671354143
0.08220895827367612 0.11267721595234617 0.14194123174670747 0.14084651994043274 0.09590547125663125 0.16187409581165438 0.09553068309003264 0.16901582392851927
0.10573941615852288 0.06804923852886367 0.24001668475191784 0.13609847705772735 0.09513619505096466 0.08564342538538981 0.15066660870859516 0.11864995435801873
0.07271632519789988 0.09939167652511674 0.08170350607151004 0.08664915389369152 0.14210728580863677 0.24618252727071935 0.0979512174450426 0.17329830778738303
0.07458163758089922 0.10963141877948775 0.09517631955869395 0.1370392734743597 0.10393642888879638 0.22223941675722655 0.09294837679130484 0.16444712816923163
0.10273640285663796 0.06879686815614039 0.21514386782662054 0.13759373631228078 0.09866287133997895 0.0998251430283727 0.15340674779891603 0.1238343626810527
0.13960735569943672 0.08769869966256927 0.21686095572097988 0.10962337457821159 0.12453834422243153 0.10078835119012389 0.12222188180585682 0.09866103712039043
0.11211072271689627 0.06481285151607642 0.25943821868586653 0.12962570303215284 0.09780521202506694 0.07502117397408084 0.14452298532092264 0.11666313272893757
0.09632410258021797 0.12968675015281622 0.15822418925927245 0.16210843769102026 0.08404538974615007 0.14124967921447704 0.08246385743412771 0.14589759392191823
0.08370468701805059 0.11055541028357965 0.1140857373684977 0.13266649234029557 0.10200343970542199 0.19165124860356333 0.0994998692552217 0.16583311542536947
0.07958781737754834 0.1202311954692943 0.1022035171079202 0.12922033944424385 0.1037468846575711 0.20656956705493446 0.0969152545831829 0.1615254243053048
0.11710426116011828 0.07754943690683908 0.15385224585045745 0.09693679613354884 0.14818326363864148 0.14594678281727871 0.1441030581328577 0.1163241553602586
0.10927376055856841 0.06629886371100625 0.23558253063407503 0.1325977274220125 0.10482772695850102 0.08424486531327437 0.14783657072275125 0.11933795467981126
0.10562196443321056 0.06533297645626315 0.2683154370107624 0.1306659529125263 0.09415454097295783 0.07262698428605514 0.14568278630695095 0.11759935762127369
0.10378397352749416 0.06466648952837195 0.2805024179345337 0.1293329790567439 0.09109114472792881 0.0700266941404434 0.14419661993341448 0.11639968115106952
0.102967066851802 0.0643893933994355 0.2849459158885768 0.128778786798871 0.09011555127149425 0.06932364074731902 0.14357873692351739 0.1159009081189839
0.10263426508126854 0.06428548103987468 0.28655643181011264 0.12857096207974936 0.08978652456802672 0.06910544167818958 0.14334702787100412 0.11571386587177443
0.10250536180342623 0.06424759514857546 0.2871392965427741 0.12849519029715092 0.08967213542657033 0.06903220152604947 0.14326254798801752 0.11564567126743584
0.10245684786501016 0.06423388315437993 0.287350203803786 0.12846776630875986 0.08963170038759474 0.0690066365150577 0.14323197228752776 0.11562098967788388
0.10243888611168173 0.06422892697456185 0.28742652902280486 0.1284578539491237 0.08961727023566546 0.06899754440568952 0.14322092074626178 0.11561206855421134
0.13712954583481846 0.08598301539194786 0.24051531053513858 0.10747876923993481 0.11996670567706258 0.09236495410630365 0.11983080689885271 0.09673089231594133
0.12806953633776824 0.07435293828640945 0.1939767952652676 0.0929411728580118 0.14828036006991072 0.11268649398200335 0.13816329577101458 0.11152940742961417
0.1101709858351601 0.0652137067127005 0.250585160979092 0.130427413425401 0.10332548082231129 0.07747574756221359 0.14541683258026053 0.11738467208286092
0.08333382745407235 0.11268911622713713 0.1354565659102351 0.14086139528392144 0.09853488984715714 0.16454975848332867 0.09554077245344236 0.1690336743407057
0.11808966929572334 0.08455282323970584 0.15859361783973763 0.09072113270187511 0.15289101260569124 0.1377485305004386 0.1440017979394843 0.1134014158773439
0.08363132438378994 0.1109569018955801 0.11350698700361467 0.13869612736947515 0.10775267503674991 0.18494847551247165 0.09407215595494836 0.16643535284337013
0.10607284788883463 0.07575845915538662 0.22677762026053375 0.1356600691363624 0.09765387361796064 0.08962810424251172 0.1501812731179917 0.1182677525804185
0.09881782870089716 0.13503932358168555 0.10846142006919551 0.11772658978916178 0.11643860424713615 0.20239498670358544 0.0798493391613445 0.1412719077469941
0.0799660990862728 0.11095583787093942 0.10206216042424468 0.1386947973386743 0.09965060088290373 0.20816549374345505 0.09407125384710084 0.16643375680640915
0.07709759731629903 0.11182125257394197 0.10117105475620618 0.1397765657174275 0.09662114601714988 0.21097552974972034 0.09480497500834213 0.16773187886091295
0.10508207058253083 0.07623825468253446 0.22204734284062855 0.13642595981156058 0.09583573350940304 0.09440604085099509 0.1510291455789356 0.11893545214341181
0.08468484790374563 0.11803007919131589 0.12756648044057697 0.13105781157180885 0.10391133906476367 0.17263381868417116 0.09829335867885665 0.16382226446476103
0.07998426967252971 0.1214144103481309 0.1054172612402311 0.1295766732390765 0.10446601045454085 0.19998802856733788 0.09718250492930738 0.16197084154884564
0.07719962892007955 0.1119645705597691 0.10203044529002285 0.1399557131997114 0.0977505165737474 0.20822578588155977 0.09492648373545642 0.16794685583965363
0.10508046130892337 0.07623072472883728 0.22240842848334494 0.13639696304434865 0.09604872283592422 0.09392748172250305 0.1509970449656607 0.11891017291045779
0.12252374056626154 0.08068723734690199 0.18468496614476113 0.08959360874344273 0.15041219599710304 0.11789416290168214 0.142212077370544 0.11199201092930341
0.09793452263566468 0.12862861917920768 0.13841930113056544 0.1607857739740096 0.09330971188405265 0.15442385046789506 0.0817910241519962 0.14470719657660863
0.08263389512980565 0.1230289924410554 0.10812649559610824 0.1300124116223176 0.10240780746299827 0.19376557450307955 0.09750930871673821 0.162515514527897
0.09036848066471048 0.14677216484357677 0.08333751324665224 0.11326385404781666 0.11330509103092104 0.24021383117216283 0.07682244013677998 0.13591662485737996
0.10521467293083381 0.07822960145767827 0.2070859697944844 0.13517608789817545 0.09960119787200017 0.10232274069975801 0.15071125023871204 0.12165847910835789
0.1216283707510289 0.0821105290599411 0.18554283225488574 0.09479162423334976 0.1441813708260142 0.11708120777025852 0.14091411602450205 0.11374994908001972
0.10871878655407897 0.07090214627620307 0.24690104480823066 0.1302617337382012 0.10252519620156314 0.07822341996415343 0.1452321120931885 0.1172355603643811
0.10468008353768751 0.06955720367763947 0.2718017941293081 0.12934428790174016 0.09295252946137723 0.07104501372903958 0.14420922845164164 0.11640985911156615
0.12029684022886976 0.08051335384998418 0.2051423956042114 0.09369014901443884 0.1406662889829269 0.10798609437033013 0.13927669913191207 0.11242817881732661
0.10774224043102823 0.07033027483088196 0.2544075189219167 0.129397290968416 0.10117289710288155 0.07622389295776867 0.14426832291553246 0.11645756187157441
0.08232369108990625 0.1200568100783618 0.1355750038855875 0.1396003137860096 0.09738349946733979 0.16285487492950743 0.09468543022007607 0.1675203765432115
0.10520621061103738 0.07602371764153931 0.2360880281614146 0.13501979230326192 0.09497409651383361 0.08550613190425735 0.1494724603438634 0.11770956252079244
0.12120689886263114 0.0816216345209788 0.19448775299548773 0.094414216074437 0.14222249237709847 0.11239687243207336 0.14035307344796905 0.11329705928932439
0.09677567994005729 0.13836941808434625 0.139788768754284 0.15895230770314142 0.090983804204466 0.15121459654927974 0.08085834783159804 0.14305707693282727
0.10826685270101483 0.07705007463545414 0.2373535421722414 0.13450008808057612 0.09333252073062454 0.0833433082296369 0.14889712640584737 0.11725648704460484
0.12198513513764207 0.08168246034784217 0.1948724643442968 0.0943872151939216 0.1416738616440893 0.11182127027391124 0.14031293482559093 0.11326465823270591
0.10848671367070736 0.07065944788089465 0.2504917626070926 0.12986435126556303 0.10171234302697757 0.07711840511815288 0.14478906029160535 0.11687791613900672
0.10450445317131431 0.06945316789973062 0.27312575740250805 0.12917758083531453 0.09267754245270689 0.07077831297323972 0.14402336251340292 0.11625982275178309
0.10295526675235651 0.06892389717800164 0.2816253218822869 0.12833782850596367 0.09026994786232022 0.0692965908294428 0.143087101334261 0.11550404565536732
0.10233506290199548 0.0686938960496327 0.28474671423636716 0.1279679798522047 0.08954311803936857 0.06886729936748175 0.14267474768596555 0.11517118186698425
0.10209297401079005 0.06860412668809805 0.28588514268255777 0.12782611185968187 0.08930544769838172 0.06872612092531058 0.1425165754614662 0.11504350067371369
0.13633244841718 0.0916503071468343 0.2391641670389205 0.10673749795129873 0.11925520392544732 0.09179228263337405 0.11900434473077634 0.09606374815616885
0.08643551660917048 0.12076633314822514 0.1310152920527446 0.13727460617001666 0.10006037722501153 0.16661035364071325 0.09310799375009828 0.16472952740402
0.08043499571740775 0.1219453055415269 0.10633744252381729 0.12982888471462195 0.10376876947628506 0.1980268325970973 0.09737166353596645 0.16228610589327738
0.07628597652597571 0.12439136018177972 0.10098911619522906 0.13776910728085442 0.09641336374050279 0.20538475283509688 0.09344339450353606 0.1653229287370253
0.10492009036332563 0.0771673437920083 0.22202733628473048 0.13648460125081985 0.09581914184342487 0.09350084695348665 0.15109406406277168 0.1189865754494327
0.08188792937361335 0.1211042834201798 0.12832123779539953 0.13994675248350233 0.0963285941295455 0.16955469378526822 0.09492040603228853 0.16793610298020278
0.10537508822150109 0.07629803470631973 0.23322290406464466 0.13538341776637722 0.09499862120804864 0.08682035601921946 0.14987500867909892 0.1180265693347904
0.07216467685456283 0.10650687865509874 0.08033354317123194 0.08590361571821152 0.14108559761605624 0.24509002138869837 0.09710843515971737 0.17180723143642304
0.10107282900687291 0.07545609306851667 0.2060330209584425 0.13545645605338982 0.10572450957856243 0.10332244107738552 0.1510238398087794 0.12191081044805084
0.10449159320278914 0.07098326866759617 0.2568784742771198 0.13146673510312515 0.09499760253755442 0.07628666592939894 0.14657559868960368 0.11832006159281262
0.10354095777321923 0.06945353367278437 0.27575125624450286 0.1291529061947519 0.09126163822330101 0.07060624018559727 0.14399585213056665 0.1162376155752767
0.08160642757448056 0.11999004107308542 0.14039691509463934 0.13963977376073078 0.09529989510466966 0.16078702450267382 0.09471219437684347 0.16756772851287693
0.10489425879659187 0.07591615815705519 0.23806526317434654 0.13483748126029163 0.09441301727248029 0.08505256212574723 0.14927063452502776 0.11755062468845937
0.09771283332116071 0.14429489233223872 0.10979387229281565 0.11641964607553845 0.11458942394635627 0.19852286635957445 0.07896289038166954 0.13970357529064611
0.07866816245058979 0.12584358333824225 0.10097045473818843 0.1362678982814748 0.09793582762062777 0.2043674124508894 0.0924251831822177 0.16352147793776972
0.11608573318748235 0.08703982609955484 0.15250477323384068 0.09607086601972759 0.14543825313505096 0.14475971424149325 0.14281579485917711 0.1152850392236731
0.142355000654878 0.09444402806903102 0.1918173563985792 0.10794395618516331 0.13617027569964948 0.10977036679871323 0.12034945562733879 0.09714956056664696
0.11293484186853285 0.07133185637434007 0.24865271478759438 0.12939802278897514 0.10035939848247159 0.07659580634716585 0.14426913884084241 0.1164582205100776
0.10552588928236285 0.06950667647285082 0.27235610995588944 0.12918781625640746 0.0924171193671956 0.07070257979044298 0.14403477424408412 0.11626903463076671
0.10320280083188181 0.0689399743014299 0.281328067135502 0.12836114210121283 0.09023332981105435 0.06929656367468431 0.14311309425314322 0.11552502789109154
0.13679308532586085 0.09177647343113464 0.23764964291802038 0.10685342469453118 0.1196192785391165 0.09200641846802743 0.11913359439823101 0.09616808222507804
0.14582743034911622 0.09288780306272786 0.22025428706268854 0.10557349449076815 0.12658950198748364 0.0961447702673096 0.11770656773821465 0.09501614504169134
0.1297359862100036 0.08119459260571511 0.18666103103729365 0.09217240129220185 0.1496059122759539 0.1130027298236627 0.13702046520452693 0.11060688155064222
0.08517958823432678 0.11950334062771699 0.1191409682635986 0.13730420236988375 0.10645992792298731 0.17451886204327005 0.09312806769435594 0.1647650428438605
0.08009173890021345 0.12162028075955611 0.10360915154255487 0.12963216811934605 0.10506238807318022 0.20071993636645713 0.09722412608950955 0.16204021014918255
0.06500761853989062 0.10604972653075063 0.059715216614220315 0.08193958356620372 0.13742494669635139 0.2933563855844674 0.09262735533570854 0.16387916713240744
0.11060851981627257 0.0839264482315503 0.1364997666701685 0.09414821808672143 0.15586104433259848 0.16602049158492976 0.13995764957369333 0.11297786170406571
0.10773436477846834 0.07206536438693474 0.22758308871918462 0.13215601988619383 0.10648894436423613 0.08768770018384557 0.14734409978356236 0.11894041789757445
0.10512718588807553 0.07010934945248022 0.2646639173892135 0.1302419989247473 0.09436003148914163 0.07306960857513448 0.14521010924893468 0.11721779903227257
0.10338841608439969 0.0691791192938091 0.27854559734216616 0.12874057987631213 0.09086991292232079 0.06987371353618416 0.1435361390561271 0.1158665218886809
0.10253770850899858 0.06878740945611037 0.283629022210409 0.12811393216896685 0.0897575279883794 0.06903438708787427 0.1428374736271914 0.11530253895207015
0.08138938843923185 0.11983103620719421 0.14212567747967217 0.1395351042704817 0.09493090293627464 0.16010456438519718 0.09464120115737022 0.16744212512457807
0.10417047528056012 0.08170256754001388 0.2376401151260243 0.13367794944287234 0.09375988208844208 0.08452227458751459 0.1479869851382225 0.11653975079635023
0.08176598595356682 0.12162362268793717 0.13184465593639322 0.1399041189099532 0.09589995550621683 0.16618522896636853 0.09489148934762043 0.1678849426919438
0.09488603342575806 0.15779754022047246 0.12707668548701553 0.15450493359603812 0.08551246881098493 0.1647077644180778 0.08081796526561993 0.13469660877603323
0.0809333841359472 0.13774961503489283 0.10417347902455344 0.1276639450200233 0.09911897081090329 0.1950327159336334 0.09574795876501746 0.1595799312750291
0.0781773252032757 0.13334792768456027 0.09888932489516215 0.1273220534842033 0.10187271496344026 0.20574654680095175 0.09549154011315247 0.1591525668552541
0.09471924135350052 0.16153287873758249 0.08939168885771608 0.11641445423776342 0.1249740023982186 0.25580822119423846 0.08731084067832257 0.06984867254265804
0.05552310416177009 0.09073489777323916 0.06856632300264143 0.09644579904333744 0.11865647822970227 0.26815611382755755 0.1090256858750771 0.1928915980866749
0.07103546623075857 0.11920266251941684 0.0916029450320814 0.13594499416858308 0.09829335722480104 0.22858041186423803 0.09220616995782156 0.16313399300229967
0.10135434764588286 0.07685903086147045 0.2124225192869788 0.1365502963788356 0.09701204716799723 0.10066310177610663 0.15224339014177637 0.12289526674095201
0.10648122892745868 0.07459389977657684 0.26501577678294447 0.13053722158962466 0.0920137381613664 0.07304638410319499 0.14451007029864837 0.1138016803601856
0.08213737765326078 0.12063024457316139 0.1379893531618855 0.13968130179032173 0.09547076494868911 0.1617330345099902 0.09474036121430518 0.16761756214838605
0.10455665465540344 0.08190287685260979 0.2359528769270914 0.13384641559631566 0.09398805741339289 0.08489301573496429 0.14817348409522935 0.11668661872499314
0.08184056963895033 0.12166023009378812 0.13147465307108777 0.13992132790539671 0.0959559924767586 0.16633847179170813 0.0949031615358343 0.16790559348647605
0.07900518278996345 0.13127234091345646 0.10563032156169268 0.12852382865618747 0.1020068167932067 0.1965138519731184 0.09639287149214062 0.16065478582023435
0.06598767037441898 0.11196961554619785 0.06308047519721523 0.08096226406469315 0.13907325118856964 0.27984747862188714 0.09715471687763176 0.1619245281293863
0.07199294842040994 0.12013948080469232 0.08936407693224699 0.13403168859928524 0.10152615452336057 0.23119917474221702 0.09090844965864565 0.1608380263191423
0.10154932127867738 0.07689565048719593 0.21131209897679717 0.13646913021951249 0.09767816794699312 0.10112051796195551 0.15215289593130718 0.12282221719756124
0.10655479473182139 0.0746174762091301 0.2645701554273479 0.13056936848468786 0.09217372761802617 0.07313911343759362 0.14454565823294707 0.11382970585844586
0.08215133255869708 0.12063503207939494 0.13789044215263338 0.13968399433692208 0.09550605664643005 0.16177016155831236 0.09474218746330366 0.16762079320430645
0.07910791079048009 0.13114596237498433 0.10708872785442994 0.12859108635198174 0.10196632255120454 0.1949178173729559 0.0964433147639863 0.16073885793997716
0.07736903344610578 0.13799961380220394 0.09894293903538921 0.12635512521315082 0.10191308060431088 0.20470995747253792 0.09476634390986312 0.1579439065164385
0.09366722206963907 0.16984605808997952 0.08860603315838941 0.11515268596518195 0.12387753801999106 0.2533943366438234 0.08636451447388646 0.06909161157910917
0.07648939915947783 0.12626688499698244 0.09451367665250619 0.13320497514348117 0.09807951081151159 0.22125186079263273 0.09034772227123072 0.1598459701721774
0.11532048277444057 0.08691787808411586 0.1501342162811582 0.09586490869548712 0.1452652622940793 0.14894973597239536 0.14250962546373908 0.11503789043458454
0.14216292018077648 0.09445548090985001 0.1909725330124919 0.10796725462471488 0.13616408001551245 0.1107317704456618 0.12037543164874927 0.09717052916224338
0.14847514262495048 0.09381812564055177 0.20407424756631942 0.1063670483263445 0.13199230043248664 0.10095147087119034 0.11859132104444679 0.09573034349371004
0.14989009200607226 0.0934131429001443 0.20837162172513699 0.10595599504839648 0.13041670023957688 0.09845902522196388 0.11813302731515249 0.09536039554355683
0.1023405016724573 0.13931903229152162 0.14297631504644126 0.15808115282987947 0.0884980736547844 0.14609669182282473 0.08041519513519955 0.14227303754689152
0.10838869605783763 0.08796090215627791 0.2364042008279763 0.13223608052710717 0.09167325147877929 0.0816633551047302 0.1463907769775057 0.11528273686978577
0.08450980183122296 0.13014070346998108 0.12976536342153508 0.1292526961822208 0.10187411966422145 0.1659519230663772 0.0969395221366656 0.16156587022777597
0.06723233276812256 0.11821741973679452 0.066836371811642 0.08134186158244625 0.1399128970553923 0.2661651599817744 0.09761023389893549 0.1626837231648925
0.07243264109270595 0.1212478225301391 0.09045526301294014 0.13449123677176114 0.10199210900297087 0.22677130026165312 0.09122014320171626 0.16138948412611337
0.11426143546107435 0.08652625451667433 0.14880981146861932 0.09588357099763792 0.1465341362310016 0.1503871378985024 0.14253736822932445 0.11506028519716552
0.10832575409016572 0.07210881376564857 0.2327425725413305 0.1319284256159659 0.10425719852930973 0.08481130324630516 0.14709034915690528 0.1187355830543693
0.10510014121732172 0.07000229173436445 0.266607151740469 0.13003539292810828 0.09376007346178199 0.07248333630161687 0.14497975898104012 0.11703185363529747
0.13778831010923195 0.09218879844463325 0.23276859342595715 0.10723520209611183 0.12094927354831948 0.09299889277910314 0.11955924771014259 0.09651168188650062
0.08671249788058193 0.12086946720708928 0.1296017208877697 0.1373269659481444 0.10044490512281852 0.16710857647708152 0.09314350733874142 0.16479235913777326
0.07928851682045666 0.136382733913193 0.10451672727160913 0.12731575364820757 0.10228006347374355 0.19558469757637484 0.0954868152361557 0.15914469206025947
0.11560691480655234 0.09831785072992927 0.14695865715115103 0.08915501782214849 0.1523296763626475 0.1446722095448882 0.14151590130499758 0.11144377227768561
0.09718230766141261 0.14298699489944494 0.09042301812104368 0.1127085591794367 0.12580873492412667 0.21919430884272384 0.0764458053564875 0.13525027101532405
0.11927825153041298 0.08702474428804395 0.14685248212110788 0.09429672239527936 0.1522627896690195 0.14695053191926638 0.14017841120253471 0.11315606687433524
