Action: 0
[0.15861382428642606, 0.09193644827525614, 0.25214325543856064, 0.09184099313153729, 0.12842417087191757, 0.09335932173322772, 0.09184099313153729, 0.09184099313153729]
[0.264388005366694, 0.0910855489651437, 0.14184520835096848, 0.0910855489651437, 0.13833904145661885, 0.0910855489651437, 0.0910855489651437, 0.0910855489651437]
[0.19029998977098964, 0.09507206660887607, 0.19646062254559835, 0.09507206660884931, 0.13787905463913872, 0.09507206660884931, 0.09507206660884931, 0.09507206660884931]
[0.125, 0.125, 0.125, 0.125, 0.125, 0.125, 0.125, 0.125]
[0.20849601624520447, 0.0969077163001872, 0.20989755961038614, 0.09690386462852028, 0.09708019511182663, 0.09690691884683475, 0.09690386462852028, 0.09690386462852028]
[0.244732327318046, 0.09147820816266033, 0.17595858880151144, 0.09128664680158942, 0.1222975838000244, 0.09167335151298954, 0.09128664680158942, 0.09128664680158942]
[0.125, 0.125, 0.125, 0.125, 0.125, 0.125, 0.125, 0.125]
[0.125, 0.125, 0.125, 0.125, 0.125, 0.125, 0.125, 0.125]

Action: 1
[0.1111111111111111, 0.1111111111111111, 0.1111111111111111, 0.1111111111111111, 0.1111111111111111, 0.2222222222222222, 0.1111111111111111, 0.1111111111111111]
[0.09939556859113183, 0.09939556859113183, 0.09939556859113183, 0.09939556859113183, 0.09939556859113183, 0.30423101986207723, 0.09939556859113183, 0.09939556859113183]
[0.09149359352682523, 0.13677771520958346, 0.09149359352682523, 0.09149359352682523, 0.14232450134888616, 0.2634298158074043, 0.09149359352682523, 0.09149359352682523]
[0.125, 0.125, 0.125, 0.125, 0.125, 0.125, 0.125, 0.125]
[0.09716728774013444, 0.09716728774013444, 0.09716728774013444, 0.09716728774013444, 0.1096693498138604, 0.307326923745333, 0.09716728774013444, 0.09716728774013444]
[0.0947350924589143, 0.09833928838554248, 0.0947350924589143, 0.0947350924589143, 0.131448833517322, 0.2965364158025639, 0.0947350924589143, 0.0947350924589143]
[0.125, 0.125, 0.125, 0.125, 0.125, 0.125, 0.125, 0.125]
[0.125, 0.125, 0.125, 0.125, 0.125, 0.125, 0.125, 0.125]

