Action: 0
[0.1130543177645629, 0.11236196143836757, 0.2932770603903571, 0.083988551113906, 0.14534967782758773, 0.08399132923740663, 0.083988551113906, 0.083988551113906]
[0.1892213039437539, 0.09066211047710235, 0.266806033193632, 0.09066211047710235, 0.09066211047710235, 0.09066211047710235, 0.09066211047710235, 0.09066211047710235]
[0.2586003530760639, 0.0859475766638223, 0.17925485174147507, 0.0859475766638223, 0.1308550731092821, 0.08749941541788969, 0.0859475766638223, 0.0859475766638223]
[0.125, 0.125, 0.125, 0.125, 0.125, 0.125, 0.125, 0.125]
[0.09667808900140147, 0.08863233861847197, 0.2720129505613752, 0.08863233861847197, 0.18705321661530844, 0.0897263893480271, 0.08863233861847197, 0.08863233861847197]
[0.20282794837099394, 0.0863402499530502, 0.22475714274571892, 0.08633713183263518, 0.0879736830409673, 0.13908958039136413, 0.08633713183263518, 0.08633713183263518]
[0.125, 0.125, 0.125, 0.125, 0.125, 0.125, 0.125, 0.125]
[0.125, 0.125, 0.125, 0.125, 0.125, 0.125, 0.125, 0.125]

Action: 1
[0.09271546734305303, 0.09271546734305303, 0.09271546734305303, 0.09271546734305303, 0.16417753677447397, 0.2795296591672078, 0.09271546734305303, 0.09271546734305303]
[0.1111111111111111, 0.1111111111111111, 0.1111111111111111, 0.1111111111111111, 0.1111111111111111, 0.2222222222222222, 0.1111111111111111, 0.1111111111111111]
[0.09732529944380039, 0.09347895831413734, 0.09347895831413734, 0.09347895831413734, 0.09953293414580702, 0.3357469748397059, 0.09347895831413734, 0.09347895831413734]
[0.125, 0.125, 0.125, 0.125, 0.125, 0.125, 0.125, 0.125]
[0.15767020753531433, 0.17741520630866212, 0.08870760315433106, 0.08870760315433106, 0.12541557972754838, 0.18466859381115094, 0.08870760315433106, 0.08870760315433106]
[0.0920971256559594, 0.0920971256559594, 0.0920971256559594, 0.0920971256559594, 0.2532543039405744, 0.1941629421236692, 0.0920971256559594, 0.0920971256559594]
[0.125, 0.125, 0.125, 0.125, 0.125, 0.125, 0.125, 0.125]
[0.125, 0.125, 0.125, 0.125, 0.125, 0.125, 0.125, 0.125]

