Action: 0
[0.14934493289812056, 0.10318431960811719, 0.1109401540418572, 0.10255855910816616, 0.12372264643144654, 0.20513226969595993, 0.10255855910816616, 0.10255855910816616]
[0.25350831022685805, 0.10381800211984106, 0.12358367705409552, 0.10381800211984106, 0.10381800211984106, 0.10381800211984106, 0.10381800211984106, 0.10381800211984106]
[0.10563134866166268, 0.10545103249874133, 0.15318083452486295, 0.10545103249503271, 0.21185866814935986, 0.10752501868027513, 0.10545103249503271, 0.10545103249503271]
[0.125, 0.125, 0.125, 0.125, 0.125, 0.125, 0.125, 0.125]
[0.11165727117384626, 0.10261788687478206, 0.22581731361251564, 0.10261788687478206, 0.14943597905147193, 0.10261788866303789, 0.10261788687478206, 0.10261788687478206]
[0.21295674504465634, 0.10394215812619029, 0.12418116827830217, 0.10221599870491783, 0.14927361343890436, 0.1029983189971932, 0.10221599870491783, 0.10221599870491783]
[0.125, 0.125, 0.125, 0.125, 0.125, 0.125, 0.125, 0.125]
[0.125, 0.125, 0.125, 0.125, 0.125, 0.125, 0.125, 0.125]

Action: 1
[0.10358324606802212, 0.10680068056205148, 0.10336432014204663, 0.10336432014204663, 0.25431441950928585, 0.121844373292454, 0.10336432014204663, 0.10336432014204663]
[0.10590165656302435, 0.10590165656302435, 0.10590165656302435, 0.10590165656302435, 0.10590165656302435, 0.25868840405882954, 0.10590165656302435, 0.10590165656302435]
[0.10381494407943423, 0.1038149227296761, 0.1038149227296737, 0.1038149227296737, 0.12366736058029146, 0.25344308169190344, 0.1038149227296737, 0.1038149227296737]
[0.125, 0.125, 0.125, 0.125, 0.125, 0.125, 0.125, 0.125]
[0.10514000251377113, 0.1051399881097831, 0.1051399881097831, 0.1051399881097831, 0.21603030446674204, 0.15312975247057123, 0.1051399881097831, 0.1051399881097831]
[0.10380254505670786, 0.14932009870805532, 0.10380254422607409, 0.10380254422607409, 0.10388272331368759, 0.22778445601725283, 0.10380254422607409, 0.10380254422607409]
[0.125, 0.125, 0.125, 0.125, 0.125, 0.125, 0.125, 0.125]
[0.125, 0.125, 0.125, 0.125, 0.125, 0.125, 0.125, 0.125]

