Action: 0
[0.14587436516607338, 0.10605565293339889, 0.21364565094890636, 0.10605565293339889, 0.11020167034945046, 0.10605570180197424, 0.10605565293339889, 0.10605565293339889]
[0.22484694523553236, 0.10512407316332013, 0.14440861578454686, 0.10512407316332013, 0.10512407316332013, 0.10512407316332013, 0.10512407316332013, 0.10512407316332013]
[0.2136551036447455, 0.10676765613770285, 0.1453857715894006, 0.10676765613770285, 0.10681167593033801, 0.10707682428470448, 0.10676765613770285, 0.10676765613770285]
[0.125, 0.125, 0.125, 0.125, 0.125, 0.125, 0.125, 0.125]
[0.14564613092889417, 0.10631201037336989, 0.21648180486205842, 0.10631201037336989, 0.10631201044743199, 0.10631201226813602, 0.10631201037336989, 0.10631201037336989]
[0.11831267391979587, 0.10527459354132437, 0.2500452626943899, 0.10527340611780124, 0.10527384537328487, 0.10527340611780124, 0.10527340611780124, 0.10527340611780124]
[0.125, 0.125, 0.125, 0.125, 0.125, 0.125, 0.125, 0.125]
[0.125, 0.125, 0.125, 0.125, 0.125, 0.125, 0.125, 0.125]

Action: 1
[0.10434986885376978, 0.11920413293890017, 0.1043498688537695, 0.1043498688537695, 0.24913195274234187, 0.10991457004991018, 0.1043498688537695, 0.1043498688537695]
[0.10670517302294207, 0.10670517302294207, 0.10670517302294207, 0.10670517302294207, 0.2530637888394055, 0.10670517302294207, 0.10670517302294207, 0.10670517302294207]
[0.10635299100173257, 0.10635299100173257, 0.10635299100173257, 0.10635299100173257, 0.10989122828375628, 0.2519908257058484, 0.10635299100173257, 0.10635299100173257]
[0.125, 0.125, 0.125, 0.125, 0.125, 0.125, 0.125, 0.125]
[0.10669837639050019, 0.10671043026413804, 0.10669837410675044, 0.10669837410675044, 0.10765469177377444, 0.25214300514458565, 0.10669837410675044, 0.10669837410675044]
[0.11831168742671809, 0.10527379613052051, 0.10527379613052051, 0.10527379613052051, 0.21054759261092698, 0.1447717393097523, 0.10527379613052051, 0.10527379613052051]
[0.125, 0.125, 0.125, 0.125, 0.125, 0.125, 0.125, 0.125]
[0.125, 0.125, 0.125, 0.125, 0.125, 0.125, 0.125, 0.125]

