0.125 0.125 0.125 0.125 0.125 0.125 0.125 0.125
0.07575757575757576 0.12626262626262627 0.09090909090909091 0.15151515151515152 0.0946969696969697 0.15782828282828282 0.11363636363636365 0.1893939393939394
0.07408784041121591 0.12347973401869318 0.08890540849345908 0.14817568082243182 0.09260980051401987 0.1763901740953166 0.11113176061682387 0.18521960102803975
0.07329883021604787 0.12216471702674646 0.08795859625925745 0.14659766043209574 0.09939835167966748 0.17738652352199352 0.10994824532407181 0.18324707554011965
0.07186781009067937 0.11977968348446565 0.08624137210881526 0.14373562018135874 0.09814900113805596 0.19275527263390746 0.10780171513601909 0.17966952522669843
0.0886194045499397 0.14769900758323287 0.07975746409494575 0.13292910682490955 0.128593025128802 0.24294769760454224 0.09969683011868218 0.07975746409494575
0.08769198837691987 0.1551473640514736 0.07644942576449425 0.13525667635256675 0.10523038605230385 0.18617683686176836 0.0917393109173931 0.1623080116230801
0.10587160951727592 0.0833738924948548 0.12704593142073115 0.10004867099382576 0.15538656814426324 0.14440507441085307 0.15880741427591388 0.1250608387422822
0.08561268217166289 0.1514685915344805 0.07463669727785995 0.13204954133775226 0.10273521860599548 0.20547378273351438 0.08956403673343194 0.15845944960530267
0.11310904645534041 0.08227451873300332 0.12537069521219554 0.09872942247960398 0.1531286625161538 0.14726250748895367 0.1567133690152444 0.12341177809950496
0.07039553178779882 0.12454594085533638 0.08799441473474853 0.1556824260691705 0.08447463814535859 0.18449483944288436 0.10559329768169824 0.18681891128300457
0.11737435546759353 0.08270177605088563 0.12602175398230192 0.09924213126106277 0.14980700112174408 0.1432731255622062 0.15752719247787741 0.12405266407632846
0.06984379727645551 0.12356979518142129 0.08730474659556937 0.1544622439767766 0.0838125567317466 0.19088647155121546 0.10476569591468327 0.1853546927721319
0.10557236874756788 0.07440199469316383 0.18895744683978116 0.14880398938632766 0.0968909471977558 0.09091456514341126 0.16473213314237328 0.129726554849619
0.08267902499309075 0.11689496871764743 0.0996453372555641 0.1402739624611769 0.10567875040542983 0.17428003124473718 0.10520547184588268 0.17534245307647112
0.09720265192220633 0.1419006375995043 0.0841454769278008 0.12771057383955386 0.13296027792109943 0.24367110710643747 0.09578293037966541 0.07662634430373232
0.07948064561200151 0.14061960377507957 0.06929081925148849 0.12259144944494117 0.0953767747344018 0.26238198474637187 0.08314898310178619 0.1471097393339294
0.09296095582509735 0.0750407715696569 0.1859219116501947 0.1500815431393138 0.08366486024258761 0.10992684826259196 0.16732972048517522 0.13507338882538242
0.11911241798621452 0.0810002280494465 0.1458487536988175 0.0972002736593358 0.15374992601230858 0.12730190985409506 0.15428614866561238 0.12150034207416974
0.059798333539761744 0.1057970516472708 0.05925741072176672 0.09223332707710787 0.11959666707952349 0.2745867947366666 0.10426376104368715 0.18446665415421573
0.09167754385936773 0.0740047643202125 0.19389927880595062 0.148009528640425 0.08250978947343095 0.1116709401773688 0.1650195789468619 0.1332085757763825
0.10909546157225468 0.07182209142362922 0.2171600086381394 0.14364418284725844 0.09495461896916398 0.07907535938090542 0.15902001519924416 0.12522826196940479
0.0734132595648403 0.0987893587905414 0.07358629628904093 0.08891042291148728 0.14562541910359852 0.2351618900237323 0.10669250749378471 0.17782084582297455
0.0662775641462431 0.11726030579719932 0.09310275751556744 0.14657538224649916 0.07953307697549172 0.22194410840383572 0.09941634621936465 0.17589045869579897
0.1147851805490893 0.07892842049007202 0.1398808392442219 0.09471410458808642 0.1493076338292686 0.15365134201163566 0.15033984855251814 0.11839263073510803
0.06673442398980822 0.11806859628966071 0.10318558128036873 0.1475857453620759 0.09172209918321286 0.19549902347567008 0.10010163598471235 0.17710289443449104
0.10342073215020564 0.07106227827398284 0.21304938958848313 0.14212455654796569 0.09676902255650073 0.09233283490963885 0.15733772641858634 0.12390345955463676
0.0717839710147719 0.09727991087371848 0.07740477432727769 0.08755191978634663 0.1455042485753841 0.240309032106192 0.10506230374361596 0.17510383957269327
0.06462063095000194 0.11432880860384957 0.0916527972745453 0.142911010754812 0.09717332573880032 0.22088926734721379 0.09693094642500291 0.17149321290577435
0.07578698517514576 0.11047972791632876 0.09571281402027387 0.1325756734995945 0.10331967262704907 0.21697377976241894 0.09943175512469589 0.16571959187449312
0.09506251891621355 0.135533637983656 0.08880807461730518 0.1219802741852904 0.12895550880825987 0.264986615339133 0.0914852056389678 0.07318816451117424
0.06400862349394479 0.11324602618159461 0.0924633933335786 0.14155753272699326 0.09416912834691038 0.22867332140366917 0.09601293524091717 0.16986903927239191
0.1364334585825847 0.09405475887440301 0.17278826964507543 0.11286571064928362 0.12954341433600083 0.13097165890295887 0.12494698126416419 0.09839574774552931
0.05740418961428911 0.10156125854835767 0.0648364346919804 0.0885405843754913 0.1402495164521982 0.2702374913161453 0.10008935625055537 0.1770811687509826
0.09940860659773133 0.08024550171142167 0.13837029441941479 0.10030687713927709 0.1485902332795477 0.1635973243888779 0.14911290989659698 0.12036825256713252
0.08789383616180577 0.07095044605832514 0.21803222352384033 0.14190089211665027 0.1046534199704165 0.09064947417272641 0.15820890509125035 0.12771080290498524
0.11658023566336201 0.07672276506505443 0.17963810837393712 0.09206731807806533 0.1550223614323139 0.11874646366577217 0.14613860012391322 0.11508414759758165
0.06554691473583414 0.11596761837878347 0.11412328766090689 0.14495952297347933 0.10532385792803915 0.18180699865103053 0.09832037210375122 0.1739514275681752
0.10132424459041596 0.06965856319547128 0.2262094022152222 0.13931712639094257 0.09829099829806612 0.08951392313944544 0.15422978582961486 0.12145595634082171
0.08217047070310388 0.11150204968903567 0.12715508800624717 0.13380245962684278 0.105375712610758 0.172389300110327 0.10035184472013209 0.16725307453355348
0.07856475496861093 0.11061763389939587 0.1055915126994153 0.13274116067927502 0.1059248248629845 0.20107779153176825 0.09955587050945629 0.16592645084909377
0.11505667039584411 0.07704791872477178 0.14922624786506875 0.09245750246972614 0.15638449798985124 0.14749734403944376 0.14675794042813672 0.11557187808715766
0.07718165438844428 0.13655215776417062 0.08937037471082075 0.11904547087132826 0.12766338535460345 0.2265885072740508 0.08074388459098786 0.1428545650455939
0.08771608931648212 0.07080696366511206 0.20993428114358598 0.14161392733022413 0.10334351088438756 0.10124373229333866 0.1578889607696678 0.1274525345972017
0.10197877069766609 0.06709473584974351 0.2624305896946439 0.13418947169948703 0.09458526767288043 0.0741822098056418 0.1485532613034614 0.11698569327647587
0.06588064999108904 0.11655807306115755 0.1344272003979257 0.14569759132644694 0.09707538342926815 0.1667030172157428 0.09882097498663357 0.1748371095917363
0.0924346667797702 0.13437894128385516 0.13046207032797433 0.16125472954062617 0.08816403598805554 0.16837588205381965 0.08434862775971216 0.14058104626618692
0.06942722306506605 0.09426850160360759 0.06822649159908817 0.08484165144324682 0.13941193801230176 0.27233090965829976 0.10180998173189618 0.16968330288649364
0.052752676096699244 0.09333165770954482 0.053711018185386136 0.08136606056729548 0.14320656685766578 0.32092087445970097 0.09197902498911663 0.16273212113459096
0.07295038330179808 0.12906606276471969 0.10339736998081883 0.16133257845589963 0.09006809909803305 0.21591700457389804 0.08206918121452285 0.14519932061030963
0.10388399104834806 0.06934108616588992 0.22366947213537539 0.13868217233177985 0.09501669532595265 0.09497731075939671 0.15352686558503914 0.12090240664821832
0.10433514140452081 0.13813135912835228 0.11898543711963791 0.12431822321551704 0.12987508758135388 0.21652515020967014 0.09323866741163779 0.07459093392931024
0.05948670288011575 0.0949884214270564 0.06061530350800189 0.08281041867999789 0.1433957297091239 0.29947080879745 0.09361177763825848 0.16562083735999578
0.11936961193071402 0.09072725751945133 0.16177997406463243 0.11340907189931415 0.13892132753408937 0.14728194053825525 0.1264426518041607 0.10206816470938274
0.09001596016143744 0.13092780424450695 0.1298546611268159 0.1636597553056337 0.09065563252559962 0.16433940090111368 0.08325300595982235 0.1472937797750703
0.10669641662921106 0.06879953142080332 0.23428373603532868 0.13759906284160664 0.09434487013898281 0.08599040672898338 0.15232781885599106 0.11995815734909297
0.07048967302353355 0.10058580963935879 0.07828251023822681 0.08769019301892818 0.14133972271462036 0.24710366104520923 0.09912804428226664 0.17538038603785636
0.0994498869336825 0.06919988527871322 0.2049865519502896 0.13839977055742644 0.10553288927545008 0.10356580667231038 0.1543054158304441 0.1245597935016838
0.13514648749172983 0.08914450400087527 0.21100382870505327 0.11143063000109409 0.12643509524402224 0.1023150508236775 0.12423683673256312 0.10028756700098468
0.1259881983097702 0.07577601754948944 0.18262472559423895 0.09472002193686181 0.15020063443653858 0.11621870144720374 0.14080767440166322 0.11366402632423418
0.08440184825381508 0.11203456962238578 0.11734650022547297 0.14004321202798226 0.10614313782959217 0.17699304684036782 0.09498583076680535 0.16805185443357867
0.1420182727245921 0.09256536880223734 0.18479142610036428 0.11107844256268481 0.13121639858206613 0.1185240726119489 0.1229684020229966 0.09683761659310983
0.10381721040191728 0.13287650573087673 0.09748472148331032 0.11584105627820022 0.12141092973619332 0.21098985327305653 0.07857045556260535 0.13900926753384024
0.10826574868154447 0.06850415489143855 0.21291860531541984 0.1370083097828771 0.10058374252868806 0.09665791908826472 0.1527540409071779 0.12330747880458941
0.10597882416631454 0.0665140163574979 0.25754556081851665 0.1330280327149958 0.09353503811980708 0.07535696936727951 0.14831632901209232 0.11972522944349621
0.13875405843857072 0.08739543205064354 0.22863691422961913 0.10924429006330444 0.12123914231926448 0.0946110709799992 0.12179923086162447 0.09831986105697398
0.11086013833466613 0.06508042198594713 0.2619584161448224 0.13016084397189426 0.09592876829080614 0.07374702416431571 0.1451196275328433 0.11714475957470485
0.12200287345221163 0.07600978816182374 0.2009268687001836 0.09501223520227968 0.14140501498077354 0.10938646821302112 0.14124206904697098 0.1140146822427356
0.1083860371521419 0.06572158018410812 0.25206910021072 0.13144316036821624 0.10071766404884748 0.07681429908508296 0.14654931461948884 0.1182988443313946
0.1394846581673028 0.08722453460386001 0.22690647571068395 0.10903066825482502 0.12289026204161183 0.09477474130527788 0.12156105848709593 0.0981276014293425
0.11123450399569992 0.06505964774991747 0.2614094661747464 0.13011929549983495 0.09623481125022705 0.07376160529259324 0.14507330408712937 0.11710736594985144
0.10488349776872852 0.06517652461078995 0.275576886387959 0.1303530492215799 0.09100418776662156 0.07035418790233192 0.14533392204256745 0.11731774429942193
0.10316628850225978 0.06496618200416426 0.2808314399738877 0.12993236400832853 0.08971341826784733 0.06958629021180576 0.14486488942421102 0.11693912760749565
0.08180071669790252 0.11329532640464378 0.14082623898604732 0.14161915800580474 0.09492654452535074 0.16153429251717416 0.09605473325611105 0.16994298960696566
0.07982755901342858 0.11073873521001791 0.10939010241393546 0.1328864822520215 0.10385048186697039 0.197533674739583 0.09966486168901613 0.1661081028150269
0.07708255722617786 0.1125627186977388 0.10263839947589469 0.14070339837217352 0.09677958007701393 0.2059556587737014 0.09543360933069162 0.16884407804660823
0.10312485242223715 0.06914853614032365 0.21793876422738565 0.1382970722806473 0.09662035444986058 0.09621214051107718 0.15419091491588585 0.12446736505258257
0.10488740266934693 0.06637494194314081 0.2604621143692598 0.13274988388628162 0.09291063689953533 0.07513391090933083 0.1480062138254513 0.11947489549765346
0.13852591950506776 0.08721379831346775 0.22990266480647595 0.10901724789183469 0.12128404872282833 0.09439470187379315 0.12154609578388136 0.09811552310265122
0.11102800029766066 0.06496379548116264 0.2624627794601872 0.12992759096232528 0.09621668559805914 0.0736067485003972 0.14485956783411488 0.11693483186609276
0.13995167083859097 0.08689576588048578 0.230112887734223 0.10861970735060723 0.12177836001844859 0.09378100381448062 0.1211028677476173 0.09775773661554649
0.14749161935660118 0.08602853741782396 0.2173523689132871 0.10753567177227993 0.1275609260083039 0.09735452296069204 0.11989424897595988 0.09678210459505195
0.11325842809951232 0.06506210015917725 0.25749699797061276 0.1301242003183545 0.09764382075909446 0.07422389981298214 0.1450787725937475 0.11711178028651904
0.10550299040984527 0.06519876130367094 0.27405477033268044 0.1303975226073419 0.09164444789537302 0.07046023055569803 0.14538350654878265 0.1173577703466077
0.1034168426412433 0.06495656840031652 0.2802095832567417 0.12991313680063304 0.09013859180375797 0.06960000145424099 0.14484345252249683 0.11692182312056972
0.10278105380587682 0.06483347987032023 0.2824231246825184 0.12966695974064046 0.0896873572746068 0.06933877738743342 0.14456898347202748 0.1167002637665764
0.1025729308730124 0.06478510267230622 0.2832099332760771 0.12957020534461244 0.08953848198968 0.06924905149322703 0.14446110954093358 0.1166131848101512
0.10250225084850281 0.06476736722417413 0.28348837407841965 0.12953473444834826 0.08948724750872694 0.069217202749634 0.1444215621386808 0.11658126100351343
0.10247780189817625 0.06476101692638897 0.2835867391379447 0.12952203385277794 0.08946932117385475 0.06920585462093158 0.14440740192242557 0.11656983046750015
0.10246926583902519 0.06475876296693732 0.2836214637599873 0.12951752593387464 0.08946301085359665 0.06920182137683151 0.14440237592926022 0.11656577334048718
0.11991908019555776 0.07578801871166964 0.2074651871605857 0.09473502338958704 0.13959787187246378 0.10798281553393195 0.14082997506869954 0.11368202806750444
0.14248424398757026 0.08661689837264819 0.210244325940386 0.10827112296581025 0.13324407965080529 0.10098109624122216 0.12071422217232872 0.09744401066922921
0.11241376418582917 0.06522250615184677 0.2549152407230229 0.13044501230369354 0.0991849333544103 0.07498157819166545 0.14543645401620756 0.11740051107332418
0.12269149836348592 0.07595166457209929 0.19870125263654062 0.09493958071512411 0.14302890132196702 0.10962554226059902 0.14113406327203526 0.11392749685814892
0.14347002129490002 0.0867200623979693 0.20725316417471487 0.10840007799746162 0.1342936881298731 0.10144491839825552 0.12085799740911018 0.09756007019771545
0.1488697644512935 0.08620685634221026 0.20947228287475117 0.10775857042776284 0.13136597843976508 0.09920106973663527 0.12014276434259528 0.09698271338498654
0.1502957421397108 0.08609488341584566 0.21007767368894048 0.10761860426980707 0.1304570112326726 0.09861262888848665 0.11998671252171028 0.09685674384282636
0.08917997876170414 0.11164931115700397 0.12443961051201734 0.13956163894625495 0.1027362143782235 0.17030008091965632 0.09465919858963381 0.16747396673550594
0.10715926838504551 0.06863375278583188 0.23180115299692708 0.13726750557166376 0.09664259426989194 0.08686584724036343 0.15196077132882596 0.11966910742145047
0.0826648555494292 0.11354980210663766 0.13020705430450366 0.1419372526332971 0.09697389854136275 0.16807194931005504 0.09627048439475804 0.1703247031599565
0.11847882222870115 0.0769707833098409 0.1576781477943895 0.0923649399718091 0.1534492470726511 0.1389908688295786 0.14661101582826838 0.11545617496476135
0.12395959366787737 0.07560939251417245 0.1674789682721693 0.09451174064271556 0.15937086400530945 0.12515730185762455 0.1404980502688727 0.11341408877125868
0.14433789040358516 0.08699945396157407 0.19646804051263878 0.1087493174519676 0.13920453932730759 0.10511899929791749 0.1212473733382385 0.09787438570677083
0.14934592612955383 0.08634190814124246 0.2058177258448178 0.10792738517655306 0.13296773712486726 0.1001336907346871 0.1203309801893808 0.09713464665889776
0.11401287691469214 0.06525138006809394 0.2531176991095662 0.1305027601361879 0.09927397635930026 0.07488798474969151 0.14550083853989904 0.1174524841225691
0.10579536808428239 0.06527220750385249 0.2724381197732031 0.13054441500770497 0.0922684417907587 0.07064419372019572 0.1455472806130681 0.11748997350693448
0.10352128009179203 0.06497356606140664 0.27959890632516915 0.12994713212281328 0.09047608360518884 0.06964925811333465 0.14488135476976347 0.11695241891053197
0.10281214275220718 0.06482847054147924 0.2821718165504791 0.12965694108295847 0.08993703205994617 0.06934453662189402 0.14455781341637308 0.11669124697466263
0.12000606857468896 0.07577806527572221 0.20699246753306913 0.09472258159465276 0.14001547291717117 0.1080067666862257 0.1408114795048868 0.11366709791358331
0.08391269464713372 0.11176529259354256 0.12368353894043797 0.13970661574192822 0.10477650443419738 0.17374988407531233 0.09475753067713394 0.16764793889031385
0.10392915668481473 0.0686079899048668 0.22580905826543632 0.1372159798097336 0.09772354469144598 0.09023431132558256 0.1529855774893597 0.12349438182876024
0.10479800617655441 0.06614825222196688 0.26319678428403975 0.13229650444393376 0.09304435977249584 0.07394850951994893 0.1475007295815202 0.1190668539995404
0.10366251496608822 0.06522888531809379 0.2764190154170963 0.13045777063618758 0.09094593143202018 0.07042321005312115 0.14545067860482405 0.11741199357256883
0.12034041573957156 0.0758683968333017 0.20532554326563868 0.09483549604162712 0.14046334417717682 0.10838487427861122 0.14097933441412033 0.11380259524995255
0.10793668100472957 0.06555008401491473 0.25363117434066096 0.13110016802982946 0.1011377810279159 0.07648705659647206 0.14616690375863076 0.11799015122684652
0.09524690639590867 0.1304533670289357 0.15535582271074283 0.16306670878616963 0.08448432052047247 0.141681510876384 0.08295132577383411 0.14676003790755265
0.10802706058889558 0.06812411676154415 0.24410233578800758 0.1362482335230883 0.09223491211619411 0.08165043467393696 0.1508323952717949 0.11878051127653848
0.08282487661776283 0.11353195074482852 0.13290379044696635 0.14191493843103567 0.09609804905046096 0.16617311904717427 0.09625534954452854 0.17029792611724276
0.10595460873314187 0.06859381070429621 0.23548434216160014 0.13718762140859242 0.09520772181417525 0.08610009408394233 0.1518723362765044 0.11959946481774725
0.09854094780450269 0.1356939768141891 0.10918858039927928 0.11829731312006228 0.11556653793752036 0.20051942971632924 0.08023643846404223 0.14195677574407473
0.1401013286277549 0.08940366781994559 0.1790905254733128 0.111754584774932 0.13062339315679697 0.12384935172015585 0.12459802212966296 0.10057912629743879
0.08726294928192006 0.11162036073560613 0.11748771873473134 0.13952545091950766 0.10272579673433153 0.1793125288233499 0.09463465366714433 0.1674305411034092
0.09819329364219039 0.133195877251633 0.1258112541692178 0.15983505270195958 0.08862764107513525 0.17138747431405363 0.08360602756717887 0.1393433792786314
0.08338242132897832 0.1103764343717835 0.1059939959026807 0.13245172124614019 0.10220040816263119 0.20069157649550567 0.09933879093460515 0.16556465155767525
0.07761909058386561 0.11239041344328604 0.10180138801708552 0.14048801680410755 0.09693889661066737 0.20688904993501203 0.09528752444104686 0.16858562016492903
0.10327070904832149 0.0691285702258814 0.21752908598467147 0.1382571404517628 0.09687383260339691 0.09636284137271267 0.15414639390666687 0.12443142640658653
0.10495485472306675 0.06635591344747581 0.2602568549348808 0.13271182689495162 0.09317151244847194 0.07514461022550437 0.14796378312019232 0.11944064420545647
0.13856934130047585 0.0871736384640902 0.22976983864648065 0.10896704808011275 0.12159798180406622 0.0943616816926069 0.12149012674006601 0.09807034327210147
0.11103939780301231 0.06493588223301726 0.26235336854337243 0.12987176446603452 0.09653843766748363 0.07357923581074181 0.14479732545690716 0.11688458801943107
0.08319911206873379 0.11317901882922764 0.1367521283715554 0.14147377353653454 0.09680534270577754 0.16286597158476712 0.09595612465956257 0.16976852824384145
0.10601026447882643 0.06847382151912779 0.23689981335246998 0.13694764303825557 0.09522433068860074 0.0854472036618328 0.1516066703557408 0.11939025290514589
0.08246085064746372 0.11353088688733597 0.1313059877690825 0.14191360860916996 0.09669985165791463 0.16753803651963564 0.09625444757839355 0.17029633033100394
0.14281172625210084 0.09240068162628363 0.18975273786132968 0.11088081795154037 0.12845614913261813 0.11628293525085695 0.1227496234546967 0.09666532847057366
0.08778631657426407 0.11165215826580237 0.11987244550395866 0.13956519783225296 0.1023397852683977 0.1766442467138752 0.09466161244274549 0.16747823739870352
0.10750387631190465 0.0686847429788484 0.2299657788437178 0.1373694859576968 0.09668109568107834 0.08796333901945966 0.15207366780827647 0.11975801339901773
0.08271474473920512 0.11353773379773491 0.12979475693650583 0.14192216724716863 0.0970091141435241 0.16845462987161422 0.09626025256764481 0.17030660069660236
0.10620411357363593 0.06863747553917501 0.23422981261127868 0.13727495107835003 0.09548400281136865 0.08652503219940387 0.1519690138107904 0.11967559837599746
0.08249770078026833 0.11354455233781402 0.13072787168355346 0.14193069042226752 0.09677451157181613 0.16794181119376078 0.09626603350379885 0.17031682850672103
0.1061272493643572 0.06862020926414104 0.23460141149636307 0.1372404185282821 0.09541264871948865 0.0864217846930957 0.15193078485833422 0.1196454930759382
0.07253148770604542 0.09984284719903988 0.08022247064042401 0.08704248217352195 0.14180700780015854 0.24607289072021984 0.09839584941354654 0.1740849643470439
0.10171497230709549 0.0686426353306274 0.20696733533322645 0.1372852706612548 0.10587932117662073 0.10289088997819892 0.15306283161784676 0.12355674359512933
0.0815886594672448 0.11339813860634212 0.12461389788655258 0.14174767325792767 0.09876414377299643 0.1736483789766548 0.09614190012276834 0.1700972079095132
0.11872012287360884 0.07691118076517454 0.15587947857367557 0.09229341691820947 0.15398387143405667 0.140347671115752 0.14649748717176103 0.11536677114776182
0.08337524302906311 0.1113980679975187 0.11220489447113119 0.13924758499689838 0.10732454188420784 0.18490637754005002 0.09444618808485282 0.16709710199627803
0.10411431547423357 0.06880250607773407 0.22128629697170216 0.13760501215546814 0.09858382369261119 0.09234421516574043 0.15341931952258908 0.1238445109399213
0.1049826784019435 0.06624459515797128 0.26155103036166233 0.13248919031594256 0.09338845469159442 0.0743882198372704 0.14771555994926727 0.1192402712843483
0.10375354277158723 0.06526303109927122 0.27582781699509845 0.13052606219854243 0.09110124061691367 0.07052803173943441 0.14552681860046449 0.11747345597868819
0.10299210352521553 0.06491882190967728 0.28084939923138297 0.12983764381935456 0.09021552190984226 0.06957334668493244 0.1447592834821759 0.1168538794374191
0.12007107570479884 0.07579257480522145 0.20659909095374226 0.09474071850652681 0.14018779572398338 0.10808144085535668 0.14083844124253836 0.11368886220783217
0.12384169717424233 0.07524732926565635 0.182388990719641 0.09405916158207042 0.1547664884335262 0.11700007782825649 0.1398252610981226 0.11287099389848451
0.143940182491305 0.08676241074932732 0.20147027430918263 0.10845301343665915 0.13773927019671187 0.10311012025041136 0.12091701647340952 0.09760771209299324
0.11298905754178826 0.06536457921547444 0.25156968219024606 0.13072915843094887 0.1004484741869935 0.07548955010353244 0.14575325574316242 0.117656242587854
0.10562592008635725 0.06530877219535434 0.2718923112278975 0.1306175443907087 0.09259364965277535 0.0707771980775685 0.14562881441770056 0.1175557899516378
0.10349957984023539 0.06498327942672479 0.27940143974117687 0.12996655885344957 0.09059559880383708 0.06968062624180471 0.14490301412466688 0.1169699029681046
0.10280979414831472 0.06482925232003836 0.28209532903220014 0.12965850464007672 0.09000397737873117 0.06935093163869328 0.14455955666587658 0.11669265417606904
0.10257397241680094 0.06476985505186168 0.28305190956797316 0.12953971010372337 0.08981232293694899 0.06923938120623441 0.14442710962310648 0.116585739093351
0.08173309898227325 0.11316838752671153 0.1412454471178227 0.1414604844083894 0.0954266885022281 0.1612662010085568 0.09594711116395108 0.16975258129006726
0.08068747672788643 0.11058713229155263 0.10942084461638404 0.13270455874986317 0.10390203863525159 0.1972888314793359 0.09952841906239737 0.16588069843732894
0.07720778428545208 0.11246054347425342 0.10258274609822798 0.14057567934281678 0.09735952257531821 0.20577592650177118 0.09534698251078008 0.16869081521138013
0.10315790458483697 0.06911647324670386 0.21784250842648165 0.13823294649340773 0.09696130275446663 0.0961597932014159 0.15411941944862026 0.12440965184406697
0.10491808833370687 0.06634750078595923 0.26036781821541294 0.13269500157191846 0.09319752191746097 0.07510354362018337 0.1479450241406315 0.11942550141472662
0.1209876478887245 0.07611805572736981 0.20066939702608305 0.09514756965921227 0.14160681589903537 0.10985017740169117 0.14144325280682898 0.11417708359105472
0.08408734728878471 0.11178690307944229 0.12231779108196435 0.13973362884930285 0.10517956822631387 0.1744385542441969 0.09477585261083152 0.16768035461916342
0.11809011673071886 0.07792597334990405 0.15986263877220283 0.09740746668738005 0.14819607839983145 0.13682602451177742 0.14480274152332914 0.11688896002485606
0.10898193249141036 0.06655590399145718 0.23673447815105084 0.13311180798291436 0.10417124835273962 0.08223426966186893 0.14840973218393586 0.11980062718462292
0.09558673804372679 0.13070294715017375 0.15129667586444828 0.16337868393771718 0.08516541204361318 0.14371870123936278 0.08311002617701266 0.14704081554394546
0.10844640362457736 0.06819361339540925 0.24252745554764593 0.1363872267908185 0.09249899644283205 0.08205835277138306 0.15098626653277425 0.11890168489455973
0.0991273878843453 0.13576389350191426 0.11055364109008699 0.11835826612987399 0.11500147010664126 0.19888764142580995 0.08027778050547973 0.14202991935584877
0.10707008820704439 0.06824080168860149 0.21933485552283738 0.13648160337720297 0.09961048589639597 0.09426191969713561 0.15216680257129944 0.12283344303948268
0.10561101227424859 0.06621101171921569 0.26068771642514765 0.13242202343843137 0.09357071926730648 0.07467702188776605 0.14764067389329588 0.11917982109458826
0.08235734692733362 0.11338961178518314 0.13647625981236614 0.14173701473147893 0.09632956136379796 0.16349111684071468 0.09613467086135093 0.17008441767777469
0.0807855816500524 0.11057811130954605 0.10839635348736575 0.13269373357145522 0.10408485563486286 0.19807389720380725 0.09952030017859144 0.16586716696431905
0.07721523630335726 0.11244696398052564 0.10235416782149076 0.14055870497565703 0.09738514757089717 0.2060338639155337 0.09533546946174999 0.16867044597078845
0.10500791949849783 0.07655137824349531 0.22187113286291266 0.13698547690560908 0.0956903965951568 0.09282190561550402 0.15164855400213947 0.11942323627668484
0.08452969317165408 0.11859097028745598 0.12649761343282545 0.13169496073757778 0.10363122254440284 0.17166561835092836 0.09877122055318334 0.1646187009219722
0.06746881067081592 0.11142326175818919 0.06640075807691326 0.08227509652316488 0.14070059594482381 0.26845116815196546 0.09873011582779785 0.16455019304632976
0.07338782242103162 0.1097908696538986 0.09151053935436505 0.13723858706737324 0.10282529295482103 0.22747702066544426 0.09308356340221839 0.16468630448084787
0.10243233008523399 0.0691663885647102 0.21313660601010018 0.1383327771294204 0.09823544856141278 0.09996622707491726 0.1542307231577269 0.12449949941647834
0.10654922723246116 0.0740061462748268 0.263455323644741 0.13128883434959412 0.09209826387715041 0.07280313559081268 0.1453421365205112 0.11445693250990258
0.07295019113402111 0.10023759868487991 0.08451635219477417 0.08738662449451069 0.14148044945254998 0.23987065518688278 0.0987848798633599 0.17477324898902138
0.1138494330960287 0.0767666611931994 0.14602786371102974 0.09595832649149924 0.15775645702000074 0.15184276940660246 0.14264849729184068 0.11514999178979911
0.14211572756415067 0.08751037806294824 0.18955347571060388 0.1093879725786853 0.13960368654238464 0.11142015807671199 0.12195942614369838 0.09844917532081676
0.14892812303080843 0.08649568505614742 0.20359132654916776 0.10811960632018427 0.13337066704799885 0.10164165388785944 0.12054529241966812 0.09730764568816584
0.08891706635180882 0.11162986120054602 0.12299356874600448 0.13953732650068254 0.1034635299321397 0.17137114705884085 0.09464270840915859 0.16744479180081903
0.10632969613570509 0.08131062513882571 0.22865632900118477 0.13487680271999092 0.09568972694008031 0.08623775013153265 0.1493141649973037 0.11758490493537671
0.08426345833126726 0.12524100314117936 0.12737769254009604 0.13064933929150135 0.10300169717609677 0.1681681309368565 0.09798700446862602 0.16331167411437666
0.09711065798986837 0.16208642435686257 0.09580272716873997 0.11848423983448267 0.12647913235348482 0.24008309452001006 0.088863179875862 0.0710905439006896
0.07853669599830969 0.10990126868248173 0.09789445367524242 0.1373765858531022 0.100202448611556 0.2180594815769594 0.09317716257862584 0.1648519030237226
0.10340081984789785 0.06903049118944415 0.2156184588126024 0.1380609823788883 0.09750134355875947 0.09820532777733433 0.153927692294074 0.12425488414099949
0.10667313338705146 0.07392131431939564 0.26435722638424797 0.1311631062696572 0.09187069533296406 0.07246425052439902 0.14520295036771164 0.11434732341457295
0.08255893598570331 0.11340715594536253 0.13730670039589082 0.14175894493170316 0.09599693075564256 0.16271105280962908 0.09614954525802476 0.17011073391804377
0.10457688848368026 0.08132113571211876 0.23467208294568398 0.13458371257284513 0.0939212875124481 0.08460580016875767 0.1489897021563446 0.11732939044812139
0.08395521161178292 0.12524559309584712 0.12867910098794277 0.1306468031865022 0.10261149199555906 0.1675681927493614 0.09798510238987666 0.16330850398312777
0.07906943848604357 0.13206506509147567 0.10435135304572965 0.12871743937093647 0.10296656237340439 0.19539526289053752 0.09653807952820234 0.16089679921367056
0.06598621446981896 0.11256112734258916 0.062787590003578 0.08142852853512701 0.139103968638595 0.27756127969788535 0.0977142342421524 0.16285705707025402
0.08554644143653922 0.12840041467754085 0.07403074629066062 0.1119388230522151 0.1199048623662418 0.2699284010526421 0.0759237234615024 0.1343265876626581
0.07635606390654325 0.10964838613680553 0.09302525486755567 0.1370604826710069 0.09855830230953186 0.22791616874388318 0.09296276215946554 0.16447257920520827
0.10305264711920492 0.06912553873983168 0.21371095752454358 0.13825107747966336 0.09730597649497565 0.09998819876484706 0.15413963414523663 0.12442596973169702
0.10666711629915715 0.07398486661776121 0.2636638131072251 0.13125852150758394 0.09189494302833952 0.07279165455190983 0.14530857895833466 0.11443050592968856
0.09886778523201559 0.13581509730370744 0.11455334025146463 0.11840290534169366 0.11496816148541854 0.1950011664395624 0.08030805753610526 0.1420834864100324
0.14008964955573414 0.08933608614744187 0.18094639823707642 0.11167010768430234 0.13039248452971275 0.12255834045198903 0.12450383647787142 0.10050309691587209
0.11301620985024302 0.06595653415530596 0.2442947009275682 0.13191306831061192 0.09976406473941953 0.07926043362979751 0.14707322690750313 0.11872176147955074
0.12305939940810039 0.07610867514790319 0.19560593948684935 0.09513584393487899 0.14362224538224555 0.11087906218810901 0.1414258217300589 0.11416301272185478
0.14363692750058268 0.08675446266904256 0.20619634082622693 0.1084430783363032 0.13471197806462704 0.10175250252260662 0.12090593957793806 0.09759877050267288
0.11278532734165964 0.06528544042462898 0.2533661422104512 0.13057088084925797 0.09972235747900303 0.0751792708793302 0.14557678805133686 0.11751379276433219
0.14066074383685712 0.08700377452446376 0.22705477828859466 0.1087547181555797 0.12316727855622546 0.09422606557852901 0.1212533947197284 0.09787924634002171
0.1115521724809175 0.0649597818855131 0.261282624881322 0.1299195637710262 0.09691821827758061 0.07358941319485647 0.14485061811486055 0.11692760739392359
0.14010456849278388 0.08686621367433763 0.22964969510441174 0.10858276709292204 0.12225763641100061 0.09375294672388024 0.12106168211703397 0.09772449038362982
0.12856203018979082 0.07494294824273554 0.189241526449412 0.09367868530341941 0.14881394091199845 0.11308678898300956 0.13925965755553096 0.1124144223641033
0.1451200888032633 0.0866239875125812 0.2037072236950964 0.1082799843907265 0.13596850512864614 0.10212412251822264 0.12072410199980997 0.09745198595165383
0.1131703309903752 0.06531350409931272 0.2523879986726452 0.13062700819862544 0.10002237035767372 0.0752751144453314 0.1456393658572734 0.11756430737876288
0.1056368685490283 0.0652891611936253 0.27218209648277425 0.1305783223872506 0.09248464614156242 0.07072333028637355 0.14558508481085997 0.11752049014852554
0.10349197322701884 0.06497632746908086 0.2795033026348656 0.12995265493816172 0.0905656595265625 0.06966518046323834 0.14488751229672656 0.11695738944434554
0.13751020174660641 0.08671152300505237 0.23585933183555055 0.10838940375631544 0.12037655338466262 0.09275642646431123 0.12084609642681739 0.0975504633806839
0.08701664787749346 0.11174248776778566 0.13010012584587946 0.13967810970973207 0.10085277207673077 0.16825792891975153 0.09473819615094871 0.16761373165167848
0.10569017515995037 0.08117338098351991 0.23153750986797664 0.134629338760742 0.09498140731930516 0.08557880856185239 0.14904021222190406 0.11736916712474944
0.08414529118932075 0.125203903981933 0.1279941256471099 0.13063487381330058 0.10283799510434499 0.16791406263738962 0.09797615535997543 0.1632935922666257
0.06746873879485699 0.11263460815351187 0.06666066841744003 0.08233952145439684 0.14058438205878818 0.2668256124669362 0.09880742574527619 0.16467904290879368
0.11252108495969901 0.07681075266812203 0.14039134439559875 0.09601344083515252 0.15761057488152275 0.15870624479233106 0.1427304284653909 0.11521612900218303
0.1082407338939661 0.06683751057154966 0.22908489916888083 0.13367502114309932 0.10659228366763852 0.08622435969936708 0.14903767282670924 0.1203075190287894
0.08275263241062514 0.11334604804020536 0.12952007017540185 0.1416825600502567 0.09896163740934417 0.1676202434719455 0.09609773638191324 0.17001907206030803
0.10485242431720096 0.08149277790925859 0.23156644311923524 0.13487842527028238 0.0947298532523171 0.08557779543813122 0.1493159612271746 0.11758631946640001
0.07304603658231278 0.10894067595052746 0.08348134519128912 0.0852091030353664 0.1430132831578875 0.23364042636944435 0.10225092364243969 0.1704182060707328
0.08803134569211586 0.13010950927634188 0.07855006686950784 0.11342880295886217 0.12229409909284697 0.254537294031071 0.07693431852861954 0.1361145635506346
0.10526801471304507 0.06862270510652432 0.20617236034698225 0.13724541021304865 0.10183731126605218 0.10431493896984644 0.1530183901927572 0.12352086919174377
0.1073264990612529 0.07402406799323781 0.2606651657142692 0.1314199059340581 0.09293209480314597 0.07357382829648193 0.14548723815247783 0.1145712000450763
0.08267424970623817 0.11341770352613424 0.13650427551589298 0.1417721294076678 0.09622064246253174 0.16312595632017637 0.09615848777215731 0.17012655528920137
0.11720133518018257 0.0911163557915343 0.1575099951385666 0.09047531915632621 0.15096530927273322 0.13602591880679496 0.1436116177084543 0.11309414894540776
0.07178734061819439 0.09627415623669879 0.06779239649035769 0.08393131569353227 0.153583632446435 0.26388964851763747 0.09487887861007996 0.16786263138706453
0.10161385301702738 0.06862764458331407 0.20138041225597036 0.13725528916662813 0.10847293019960959 0.10609070603872214 0.153029404488763 0.12352976024996533
0.08153185604865573 0.11334242271480272 0.1233537871196641 0.1416780283935034 0.09925322428826984 0.17473238462643695 0.0960946627364632 0.17001363407220407
0.14022982063750647 0.10925653579023932 0.1839680033653942 0.10849770967728603 0.12709028358666177 0.11625847541219798 0.12011142463256731 0.09458774689814678
0.08747029070617386 0.11192050984359793 0.11877718541003383 0.13990063730449742 0.10224207681095762 0.17691940724846583 0.09488912791087653 0.1678807647653969
0.14193663739720222 0.10889273730242068 0.18206670330696975 0.10833552764847913 0.12776520204042216 0.11662495240751568 0.11993188245985477 0.09444635743713564
0.0877547728613 0.1118984698355833 0.11835490221856447 0.13987308729447914 0.10236939478157145 0.17703122643800173 0.09487044181712498 0.16784770475337493
0.14202762196998503 0.10889069576625149 0.18191160436771525 0.10833659944928326 0.127801930181352 0.11665118745042917 0.1199330689874035 0.09444729182758027
0.08777052510006243 0.11189853589447733 0.11832148100697126 0.13987316986809664 0.10237705491371771 0.17704093155138007 0.0948704978235786 0.16784780384171596
0.10627938106726802 0.08148018138033215 0.22685085864265275 0.1351092634340825 0.09563253437376898 0.08728870954450495 0.14957150856357523 0.11778756299381551
0.07324192766964302 0.10885533329124629 0.08275598632627551 0.08514581915016389 0.14318972519369888 0.23434458708844796 0.10217498298019666 0.17029163830032779
0.0880480549494354 0.13007424133721146 0.07840505211195108 0.11339805655038951 0.12230697777406163 0.2547764849736108 0.07691346444287286 0.13607766786046738
0.09013858461462959 0.12878062997619347 0.11029808467656896 0.16097578747024183 0.08720025622900131 0.19584076511876328 0.0818876831913839 0.14487820872321763
0.0960747548110137 0.1590763146160493 0.12039504021204425 0.15419374188664522 0.08322211529760155 0.17195753167322275 0.08065518806378368 0.13442531343963943
0.06910698110465571 0.11807009958668525 0.0654832495932799 0.08206532778831047 0.13436821254530226 0.268297080459173 0.09847839334597254 0.16413065557662093
0.07375372655599408 0.10995986516491073 0.09143166449268028 0.13744983145613845 0.101652664958534 0.22758560741934314 0.09322684220503302 0.1649397977473661
0.10253256437688897 0.06918061116040329 0.21313363197774857 0.13836122232080658 0.09800939919533687 0.09999503345674289 0.15426243742334703 0.12452510008872594
0.1066136317515705 0.07400523716052912 0.2634477495666659 0.13128348757256764 0.09205550379139131 0.07280590152161234 0.1453362174185527 0.11445227121711027
0.08255093960407792 0.11341409996563545 0.13710986238367426 0.1417676249570443 0.09603834212270453 0.16284254843884993 0.0961554325795605 0.17012114994845318
0.140271206493991 0.1090421518167575 0.1887261782220181 0.10827448971458097 0.1259540753553176 0.11347444256001586 0.11986431095794066 0.09439314487937828
0.08750063416089737 0.11194089042145966 0.11983810771112924 0.1399261130268246 0.10203308321559405 0.17594342873545038 0.09490640709645495 0.16791133563218952
0.09603887751506654 0.15592426669406426 0.12344685044460874 0.15512209156147708 0.0864016268075742 0.1666908566965848 0.08114078635523417 0.13523464392539028
0.11980397164051038 0.10176150283224925 0.15237745644479903 0.08946831853418198 0.14660299002272553 0.13613715833529524 0.14201320402251108 0.11183539816772749
0.07226683885862781 0.09645385917797304 0.06720904808539091 0.08408797979618163 0.15247444171478278 0.2642758956137796 0.09505597716090099 0.16817595959236326
0.0740601684841038 0.10951286097970168 0.09151125784031042 0.1368910762246271 0.10506971171970983 0.22583777288616064 0.09284786039583405 0.16426929146955252
