Action: 0
[0.14455506728677392, 0.10515060661788021, 0.22449665119627776, 0.10515060661788021, 0.10515060662142381, 0.10519524842400375, 0.10515060661788021, 0.10515060661788021]
[0.21366968007130707, 0.10683484003565354, 0.14532127971477177, 0.10683484003565354, 0.10683484003565354, 0.10683484003565354, 0.10683484003565354, 0.10683484003565354]
[0.11950729922403547, 0.10439903877550885, 0.24908422865384597, 0.10439903877527164, 0.1094132782455233, 0.10439903877527164, 0.10439903877527164, 0.10439903877527164]
[0.125, 0.125, 0.125, 0.125, 0.125, 0.125, 0.125, 0.125]
[0.1068344005957269, 0.10683438965301859, 0.25215462369513103, 0.10683438965301859, 0.1068390274440493, 0.10683438965301859, 0.10683438965301859, 0.10683438965301859]
[0.10991538744684133, 0.10434949440020441, 0.24913068239842562, 0.10434949440020441, 0.10434952891185288, 0.11920642364206259, 0.10434949440020441, 0.10434949440020441]
[0.125, 0.125, 0.125, 0.125, 0.125, 0.125, 0.125, 0.125]
[0.125, 0.125, 0.125, 0.125, 0.125, 0.125, 0.125, 0.125]

Action: 1
[0.10631201766378957, 0.10631201766378957, 0.10631201766378957, 0.10631201766378957, 0.11016974613512441, 0.2519581478821382, 0.10631201766378957, 0.10631201766378957]
[0.10670517302294207, 0.10670517302294207, 0.10670517302294207, 0.10670517302294207, 0.10670517302294207, 0.2530637888394055, 0.10670517302294207, 0.10670517302294207]
[0.10669145093551387, 0.10669145094426966, 0.10669145093551387, 0.10669145093551387, 0.1077098441489748, 0.25214145022918616, 0.10669145093551387, 0.10669145093551387]
[0.125, 0.125, 0.125, 0.125, 0.125, 0.125, 0.125, 0.125]
[0.10635303144623103, 0.10635303144623103, 0.10635303144623103, 0.10635303144623103, 0.2162439821380634, 0.14563782918455048, 0.10635303144623103, 0.10635303144623103]
[0.10683505371829467, 0.10683505371829467, 0.10683505371829467, 0.10683505371829467, 0.10683505371829467, 0.2521546239719373, 0.10683505371829467, 0.10683505371829467]
[0.125, 0.125, 0.125, 0.125, 0.125, 0.125, 0.125, 0.125]
[0.125, 0.125, 0.125, 0.125, 0.125, 0.125, 0.125, 0.125]

