Action: 0
[0.1442228069386778, 0.08787807984599151, 0.3230158685049706, 0.08779296724939832, 0.09371137571276682, 0.08779296724939832, 0.08779296724939832, 0.08779296724939832]
[0.18035060944466882, 0.09017530472233441, 0.20959629168158506, 0.09017530472233441, 0.15917657526207404, 0.09017530472233441, 0.09017530472233441, 0.09017530472233441]
[0.2741413717382107, 0.08780318890524598, 0.1989875283222312, 0.08780318890523935, 0.08785515541321669, 0.08780318890537746, 0.08780318890523935, 0.08780318890523935]
[0.125, 0.125, 0.125, 0.125, 0.125, 0.125, 0.125, 0.125]
[0.14216183159470575, 0.08471639481996278, 0.3184413076146208, 0.08471536537839251, 0.11579605489825062, 0.08473831493728255, 0.08471536537839251, 0.08471536537839251]
[0.0924431940496213, 0.09518395578799872, 0.3501568799142736, 0.0924431940496213, 0.0924431940496213, 0.0924431940496213, 0.0924431940496213, 0.0924431940496213]
[0.125, 0.125, 0.125, 0.125, 0.125, 0.125, 0.125, 0.125]
[0.125, 0.125, 0.125, 0.125, 0.125, 0.125, 0.125, 0.125]

Action: 1
[0.09095813753346967, 0.09095813753346967, 0.09095813753346967, 0.09095813753346967, 0.21948777527683117, 0.23476339952235076, 0.09095813753346967, 0.09095813753346967]
[0.1111111111111111, 0.1111111111111111, 0.1111111111111111, 0.1111111111111111, 0.1111111111111111, 0.2222222222222222, 0.1111111111111111, 0.1111111111111111]
[0.0981685702254345, 0.11349560968200567, 0.08220360720380554, 0.08220360720380554, 0.17580559679641622, 0.2837157944809215, 0.08220360720380554, 0.08220360720380554]
[0.125, 0.125, 0.125, 0.125, 0.125, 0.125, 0.125, 0.125]
[0.0907936921449313, 0.0907936921449313, 0.0907936921449313, 0.0907936921449313, 0.15057343067044313, 0.30466441645996917, 0.0907936921449313, 0.0907936921449313]
[0.08654826910828345, 0.11697748241373626, 0.08654826910828345, 0.08654826910828345, 0.22546995677802367, 0.2248112152668228, 0.08654826910828345, 0.08654826910828345]
[0.125, 0.125, 0.125, 0.125, 0.125, 0.125, 0.125, 0.125]
[0.125, 0.125, 0.125, 0.125, 0.125, 0.125, 0.125, 0.125]

