Action: 0
[0.12179767431000389, 0.10393688296213405, 0.25458103152050443, 0.10393688224146529, 0.10393688224146531, 0.10393688224149648, 0.10393688224146529, 0.10393688224146529]
[0.21656683302456023, 0.10505392214496026, 0.15310963410567816, 0.10505392214496026, 0.10505392214496026, 0.10505392214496026, 0.10505392214496026, 0.10505392214496026]
[0.10686935629368233, 0.10342971559908856, 0.1510672764013877, 0.10342971551470644, 0.22491478964701556, 0.10342971551470644, 0.10342971551470644, 0.10342971551470644]
[0.125, 0.125, 0.125, 0.125, 0.125, 0.125, 0.125, 0.125]
[0.2117754391111597, 0.10587388175617803, 0.1528141766120767, 0.10587388175617803, 0.10604097549587356, 0.10587388175617803, 0.10587388175617803, 0.10587388175617803]
[0.2118272726077026, 0.10577372088950894, 0.1529094989684943, 0.10577372088950894, 0.10639462397625839, 0.10577372088950894, 0.10577372088950894, 0.10577372088950894]
[0.125, 0.125, 0.125, 0.125, 0.125, 0.125, 0.125, 0.125]
[0.125, 0.125, 0.125, 0.125, 0.125, 0.125, 0.125, 0.125]

Action: 1
[0.10589349107318043, 0.10589354180436408, 0.10589349107316665, 0.10589349107316665, 0.1059506397550091, 0.2586883630747798, 0.10589349107316665, 0.10589349107316665]
[0.10381655313735688, 0.10381655313735688, 0.10381655313735688, 0.10381655313735688, 0.14932148225461414, 0.22777919892124454, 0.10381655313735688, 0.10381655313735688]
[0.11052582163375173, 0.1493126284994892, 0.10272107792027482, 0.10272107792027482, 0.10280573637040664, 0.22647150181525305, 0.10272107792027482, 0.10272107792027482]
[0.125, 0.125, 0.125, 0.125, 0.125, 0.125, 0.125, 0.125]
[0.10506417911081709, 0.21012835822163417, 0.10506417911081709, 0.10506417911081709, 0.11143883620906647, 0.15311191001521393, 0.10506417911081709, 0.10506417911081709]
[0.10381216667994314, 0.10381216667994314, 0.10381216667994314, 0.10381216667994314, 0.12390531308526284, 0.2532216868350783, 0.10381216667994314, 0.10381216667994314]
[0.125, 0.125, 0.125, 0.125, 0.125, 0.125, 0.125, 0.125]
[0.125, 0.125, 0.125, 0.125, 0.125, 0.125, 0.125, 0.125]

