Action: 0
[0.11173334587111466, 0.10877234188369712, 0.2356307982666834, 0.1087704685378801, 0.10878163982698462, 0.1087704685378801, 0.1087704685378801, 0.1087704685378801]
[0.10959298558839087, 0.1092014995354476, 0.2351980171989236, 0.1092014995354476, 0.1092014995354476, 0.1092014995354476, 0.1092014995354476, 0.1092014995354476]
[0.12701438282399552, 0.10877424935443916, 0.11156587168715512, 0.10877424935440072, 0.21754849871680743, 0.10877424935440072, 0.10877424935440072, 0.10877424935440072]
[0.125, 0.125, 0.125, 0.125, 0.125, 0.125, 0.125, 0.125]
[0.21850643480023899, 0.10925323354259901, 0.12597424465688326, 0.10925321740005564, 0.10925321740005615, 0.10925321740005564, 0.10925321740005564, 0.10925321740005564]
[0.10929759066444229, 0.1092455883158157, 0.23522887942865967, 0.1092455883158157, 0.10924558832781953, 0.1092455883158157, 0.1092455883158157, 0.1092455883158157]
[0.125, 0.125, 0.125, 0.125, 0.125, 0.125, 0.125, 0.125]
[0.125, 0.125, 0.125, 0.125, 0.125, 0.125, 0.125, 0.125]

Action: 1
[0.10920207580378649, 0.10920207476013001, 0.10920207476013001, 0.10920207476013001, 0.2351981949434102, 0.10958935545215323, 0.10920207476013001, 0.10920207476013001]
[0.1111111111111111, 0.1111111111111111, 0.1111111111111111, 0.1111111111111111, 0.2222222222222222, 0.1111111111111111, 0.1111111111111111, 0.1111111111111111]
[0.1092522447329673, 0.1092522447329673, 0.1092522447329673, 0.1092522447329673, 0.21851139222639623, 0.1259751393757999, 0.1092522447329673, 0.1092522447329673]
[0.125, 0.125, 0.125, 0.125, 0.125, 0.125, 0.125, 0.125]
[0.10925917500075648, 0.10925220680299988, 0.10925220680299988, 0.10925220680299988, 0.10925240541586329, 0.2352273855683809, 0.10925220680299988, 0.10925220680299988]
[0.10866675011727214, 0.10916726387010273, 0.10866486904516792, 0.10866486904516792, 0.12710929733573456, 0.22039721249621888, 0.10866486904516792, 0.10866486904516792]
[0.125, 0.125, 0.125, 0.125, 0.125, 0.125, 0.125, 0.125]
[0.125, 0.125, 0.125, 0.125, 0.125, 0.125, 0.125, 0.125]

