0.125 0.125 0.125 0.125 0.125 0.125 0.125 0.125
0.099626400996264 0.07845579078455792 0.199252801992528 0.15691158156911583 0.08685378548392246 0.06839735606858895 0.17370757096784492 0.1367947121371779
0.0745303753200788 0.12421729220013136 0.1056354961590544 0.1490607506401576 0.0931629691500985 0.15527161525016417 0.11179556298011822 0.186325938300197
0.07450967669499871 0.12418279449166453 0.09799683982351215 0.14901935338999742 0.1010241357052516 0.15522849311458065 0.11176451504249807 0.18627419173749676
0.09155248395069723 0.15258747325116204 0.08986880778326427 0.13732872592604584 0.12513835816319976 0.2181303709254689 0.1029965444445344 0.08239723555562752
0.11178451178451179 0.09023569023569024 0.13973063973063973 0.1127946127946128 0.13414141414141414 0.10828282828282829 0.16767676767676767 0.13535353535353534
0.10709664137771115 0.08433860508494755 0.1453450425690753 0.10120632610193706 0.15069987463796083 0.12416064053437995 0.16064496206656673 0.1265079076274213
0.052729319705135946 0.09329033486293284 0.06591164963141993 0.11661291857866604 0.11982597107580763 0.18658066972586568 0.13182329926283987 0.23322583715733208
0.09477662120943019 0.07463658920242629 0.20145571274223462 0.14927317840485257 0.09914583514201507 0.08532492719631712 0.16525154467285263 0.13013559142987147
0.07084782086322301 0.11807970143870504 0.11384730540777048 0.14169564172644603 0.10333952641390459 0.16879872069705873 0.10627173129483453 0.17711955215805752
0.059032480969743284 0.09838746828290548 0.06340942578197223 0.08854872145461493 0.13880131895685965 0.2684646758991366 0.1062584657455379 0.17709744290922985
0.06947619891877223 0.1229194288562893 0.08684524864846527 0.15364928607036163 0.0941452535542971 0.18437114228922205 0.10421429837815833 0.18437914328443394
0.09277495029528898 0.07306027335754009 0.21299996353861703 0.14612054671508018 0.09385192201179934 0.09204374899469037 0.16176145179691415 0.1273871432900699
0.06930268782863004 0.11550447971438342 0.12191605642288748 0.13860537565726008 0.10063463763432842 0.1768260114279904 0.10395403174294508 0.1732567195715751
0.057761784090598026 0.0962696401509967 0.06592444893875893 0.08664267613589705 0.1356574583559279 0.28048742869295085 0.10397121136307644 0.1732853522717941
0.0572397188654082 0.10127027183879914 0.049901293369843044 0.08828690365433771 0.12931745879111836 0.29760795943213214 0.09980258673968609 0.17657380730867542
0.10286036242313717 0.08303185882349627 0.12857545302892145 0.10378982352937034 0.13898850359748421 0.1639156667276404 0.15429054363470576 0.1245477882352444
0.07468403581409735 0.12033588811948792 0.08501992095398603 0.1504198601493599 0.09243132528361611 0.19458123235543764 0.10202390514478325 0.18050383217923188
0.09146560721985461 0.07202916568563551 0.21710951292338906 0.14405833137127103 0.09593619710340005 0.09433337652790265 0.1594784946397465 0.12558931452880037
0.06836854210919271 0.11394757018198785 0.1262480871012241 0.13673708421838543 0.10369352339194747 0.17753102456049152 0.10255281316378906 0.17092135527298177
0.06724390776113243 0.1120731796018874 0.10608901657694894 0.13448781552226485 0.10578322262817466 0.2053472268650618 0.10086586164169865 0.1681097694028311
0.07135970462579688 0.11855899619753121 0.08376450818303836 0.14819874524691404 0.09479018803641 0.20497195359436668 0.10051740981964603 0.1778384942962968
0.09061468735183886 0.07135906628957311 0.2188680834363125 0.14271813257914623 0.09853826243944368 0.09548599232378802 0.1579948394852575 0.12442093609464029
0.05088356938843016 0.08480594898071693 0.0963206152806823 0.10176713877686032 0.12822517531956054 0.21234270816779657 0.12212056653223237 0.20353427755372064
0.10736895983375337 0.08256824330130512 0.12785754093299115 0.10321030412663142 0.15693059113819902 0.1447829465955729 0.15342904911958938 0.12385236495195769
0.07397028928817438 0.1184356544166419 0.083677364533497 0.14804456802080238 0.11092866222690283 0.18687714244882228 0.10041283744019641 0.17765348162496283
0.06733447263174305 0.11222412105290508 0.0984730593299487 0.1346689452634861 0.10916349114185392 0.20879802005309106 0.10100170894761458 0.16833618157935762
0.08347738574830398 0.13856902510807892 0.06828038918369105 0.12080376547883802 0.1201899251786535 0.24177852370739966 0.08193646702042927 0.14496451857460563
0.09791528414430611 0.07299022705991023 0.1808414580887328 0.14598045411982047 0.10736577243007032 0.10076708316946204 0.1627573122798595 0.1313824087078384
0.10830711986736465 0.0775791055889242 0.17492329429003145 0.09309492670670903 0.15906295216460636 0.12289421806769367 0.14776972493128418 0.11636865838338628
0.07327225446583738 0.11699252010522414 0.09708444376782693 0.14624065013153018 0.11305143063559059 0.17868061021216006 0.09918931052399439 0.1754887801578362
0.10024164570092821 0.06980879237557226 0.2231257122828827 0.13961758475114452 0.10111051752324596 0.08981544738248011 0.1545624055853126 0.12171789439843367
0.07889271402774618 0.11125251751742285 0.12964836258628465 0.13350302102090741 0.10682716272711097 0.17287018007871302 0.10012726576568057 0.16687877627613426
0.06402787850677064 0.09341683035730186 0.06847209935043842 0.08407514732157167 0.14510870231899484 0.275858870715893 0.10089017678588601 0.16815029464314335
0.06799538923898431 0.11294054435664216 0.08535512275960276 0.14117568044580273 0.10721616926782909 0.22015233761554412 0.09575393978063142 0.16941081653496326
0.09572429712603141 0.07238913803706089 0.19453689640033833 0.14477827607412178 0.10406029400825922 0.09679367641379388 0.161416973473685 0.13030044846670957
0.10007709323926402 0.06721079851024417 0.2621649893608115 0.13442159702048834 0.09573312612866429 0.07439410322379426 0.14881023357579495 0.11718805894093856
0.07311600788874287 0.1176107256096287 0.12117870285709413 0.14701340701203588 0.1005090328228989 0.1644425941174277 0.0997134412777287 0.17641608841444303
0.13389915235356217 0.09324535527975229 0.1896959179116858 0.11189442633570276 0.1315921273264348 0.11825230412856153 0.12387172960240597 0.09754898706189472
0.07407900656610625 0.1153825679342718 0.10900943991984305 0.14422820991783977 0.10669583385965548 0.17970673882616728 0.09782435107470872 0.1730738519014077
0.10246909824463177 0.06898849766372314 0.22843760363763776 0.13797699532744628 0.09882832745001568 0.09026563507091083 0.15274620565350178 0.12028763695213265
0.0820359915671143 0.11038863731320625 0.13119125379233548 0.1324663647758475 0.10571222332989304 0.17327279966990844 0.09934977358188564 0.16558295596980935
0.0781515298019322 0.10950784580076654 0.10806271168130453 0.13140941496091985 0.10652479713015545 0.20352487070308176 0.0985570612206899 0.1642617687011498
0.06952873502094199 0.1140027252209284 0.09596146489631316 0.1425034065261605 0.09998510487885054 0.21035999119897342 0.09665448442643931 0.1710040878313926
0.10185653826446218 0.0691594796030633 0.22303136542929744 0.1383189592061266 0.09797103172398872 0.09595209274083248 0.1531247737243241 0.12058575930790523
0.08183802172547364 0.110241194305673 0.12993913027926773 0.13228943316680758 0.10563843787761046 0.1754749163115524 0.0992170748751057 0.1653617914585095
0.11499518684358258 0.07615436761774297 0.15878039893918308 0.09138524114129157 0.15698068732815412 0.14241662838392072 0.1450559383195104 0.11423155142661445
0.10836327845597457 0.07825248639219336 0.15570744765686678 0.09781560799024169 0.1673672562440146 0.12970572268991026 0.14540947098250856 0.11737872958829003
0.09541307893254242 0.06933669028868084 0.2196988925360739 0.13867338057736167 0.1134346224962982 0.0840268220654038 0.15461047058401367 0.1248060425196255
0.1167990894356688 0.07527495201877317 0.18657691225268289 0.0903299424225278 0.1581392228062726 0.11658659204777555 0.14338086098813937 0.11291242802815973
0.07198548143122986 0.1136270515386899 0.11475055372195127 0.14203381442336238 0.11150328569801415 0.17932325740026311 0.09633597847845447 0.17044057730803483
0.10312032118142438 0.06851494936782798 0.23046786812287245 0.13702989873565596 0.09976388470769121 0.08994338409016117 0.15169773079405136 0.11946196300031546
0.08374302796622188 0.10994153019833844 0.13161059476870504 0.1319298362380061 0.10607987813448808 0.17283546021822818 0.09894737717850459 0.16491229529750762
0.07970545046650099 0.10918011443024997 0.10806519136818077 0.13101613731629996 0.10661584559666762 0.20338498618950074 0.09826210298722499 0.16377017164537494
0.06918002534353952 0.11319444651615115 0.0995777716082459 0.14149305814518895 0.0995699506321866 0.2112238733254633 0.09596920465499773 0.16979166977422672
0.10376738049433991 0.06879947393004915 0.22408574434054007 0.1375989478600983 0.09767671159622385 0.09578599310321058 0.15232769156673476 0.11995805710880364
0.08467889197400702 0.10976514449041483 0.13003492372250883 0.13171817338849778 0.10546950030584551 0.1748970193417305 0.09878863004137335 0.16464771673562223
0.06828839595177351 0.0924499888742759 0.06845045536096846 0.0832049899868483 0.14431562195019626 0.27703457991802294 0.09984598798421795 0.1664099799736966
0.07777635013866788 0.12841652381928534 0.07337127794222935 0.11195286691937698 0.12306168175485062 0.2751446102552818 0.07593324886705567 0.13434344030325235
0.1214865636318844 0.09071618547168277 0.1643599234357252 0.11339523183960346 0.13657346866053005 0.14498569713450754 0.12642722117042357 0.1020557086556431
0.10765160908369453 0.077165981250135 0.17010749567706004 0.09645747656266876 0.15915505621714585 0.13032289193645447 0.14339051739763892 0.1157489718752025
0.09292958252689625 0.06745380838400411 0.2406069164015544 0.13490761676800822 0.10926895066338219 0.08300434520121282 0.15041192496373454 0.1214168550912074
0.09027252429148841 0.06649610911664362 0.27157963985664124 0.13299221823328725 0.09697602210686956 0.07371409144740172 0.1482763985377098 0.11969299640995854
0.08891742214785002 0.06563553169770621 0.285108468552174 0.13127106339541242 0.09328018643381991 0.07128593137929617 0.14635743933787024 0.11814395705587116
0.10351422372343058 0.07648610216963184 0.2134871179258133 0.09560762771203979 0.1438489322147841 0.11019968299807412 0.14212716000177858 0.11472915325444775
0.07046297434631947 0.11245574319610709 0.12759868362591706 0.14056967899513384 0.10772837698515975 0.1771580153474593 0.09534291270974296 0.1686836147941606
0.10411773302440439 0.07838917333678459 0.16432038636286014 0.09798646667098074 0.15167800642826107 0.140261010284522 0.14566346388701015 0.1175837600051769
0.09222718706872933 0.0671423494892475 0.24407697824168992 0.134284698978495 0.1072948553174911 0.08440028370887219 0.14971741811482947 0.12085622908064547
0.0896399545551378 0.06604792824042632 0.2765236051111887 0.13209585648085265 0.0960172137423542 0.07351214896085986 0.1472770220764133 0.11888627083276739
0.088443069969133 0.06530678354604773 0.2888434360927643 0.13061356709209546 0.09268218522809904 0.07093436766241443 0.14562438002656017 0.11755221038288591
0.10326354513025722 0.07632313781179648 0.2153795770596565 0.0954039222647456 0.14341178217300457 0.1099089906701785 0.14182433817266657 0.11448470671769471
0.09654581804578315 0.06538876807712499 0.2631416371827485 0.13077753615424997 0.1032201976449154 0.07741906706198785 0.14580719329436526 0.11769978253882496
0.09484638954430846 0.06501997128791683 0.28271827837003927 0.13003994257583365 0.09396506313638882 0.07138957526853466 0.14498483149872796 0.11703594831825029
0.09403830352216769 0.0646261836752835 0.29016919378380546 0.129252367350567 0.0915052946443309 0.06997478251150899 0.14410674389682618 0.1163271306155103
0.0749092000433295 0.11295510731998244 0.1464101988919565 0.14119388414997808 0.09677684531208046 0.16255581666184465 0.0957662866408547 0.16943266097997367
0.11629810867028 0.07610401353889037 0.16418649073080938 0.09132481624666847 0.1540003456578659 0.13897017905878778 0.14496002578836265 0.11415602030833556
0.07988565050362198 0.11075802626914714 0.1157352600444561 0.1384475328364339 0.10887346009859608 0.1862594868332254 0.09390354401079866 0.16613703940372068
0.07501287419293624 0.1120369305937003 0.10516766708744169 0.14004616324212538 0.0994804789183232 0.20521265761504642 0.09498783245987635 0.16805539589055046
0.101419652640704 0.06859292203794368 0.22072902389601537 0.13718584407588735 0.09809228140589815 0.0975610378801964 0.15295197839505648 0.12346725966829862
0.10289264622763042 0.06567944028283002 0.2659239195935153 0.13135888056566003 0.09386426158321011 0.07560251030888376 0.1464553489291762 0.11822299250909403
0.10152277918657156 0.06450766302940206 0.2828373657354419 0.12901532605880411 0.0914595339715816 0.07070107801911582 0.14384246054615918 0.11611379345292368
0.10061840532616446 0.0640736402525595 0.28910201209278635 0.128147280505119 0.09040454596409479 0.06944690887134936 0.14287465453331924 0.11533255245460709
0.10020455797010148 0.06391505008432666 0.29141856778074815 0.12783010016865332 0.08998387986636071 0.06907973184968744 0.14252102212833434 0.11504709015178799
0.10003589029696405 0.06385697578872156 0.2922754661724899 0.1277139515774431 0.08982289222258795 0.0689607424051542 0.1423915251169403 0.11494255641969882
0.11727832734187041 0.07488748336545835 0.2145307438881975 0.09360935420682293 0.14040396785492334 0.10780230607066582 0.1391565922238741 0.11233122504818753
0.09504827194302493 0.1280954117807892 0.14752820395963168 0.1601192647259865 0.09203265217917223 0.15161688336261447 0.08145197379539314 0.14410733825338784
0.10842946239747651 0.06749949120100426 0.24342629251379402 0.13499898240200853 0.09430313599304697 0.08420179200933 0.14944942292774246 0.11769142055559718
0.0826261706909274 0.11248619559745392 0.13540152097907313 0.14060774449681743 0.09709413444907779 0.16768620934045408 0.0953687310500153 0.1687292933961809
0.10225000267338877 0.07520487766712901 0.2316172651456305 0.13444804876725389 0.09594402802182704 0.0896329928952294 0.1498995409390129 0.1210032438905285
0.08096628142284315 0.12046927252787483 0.13189937172590566 0.13942918960700426 0.0967676843480874 0.16858380945425927 0.09456936338562028 0.1673150275284051
0.10580390158358365 0.06800915601991782 0.2374186446957392 0.13601831203983564 0.09597331192199135 0.08761874409396642 0.15057786273844237 0.11858006690652338
0.1204824741969828 0.08057016926154997 0.1967987929785333 0.09390582062770071 0.14290437055066907 0.11305407816089058 0.13959730947043272 0.11268698475324085
0.12286252365857826 0.08038393748498888 0.18131507307542705 0.09239744297324298 0.15648660797994934 0.11832247848178742 0.13735500477813434 0.11087693156789155
0.09697880752850369 0.13740101636513224 0.13744480548819554 0.15792556242244568 0.09420961994057522 0.15357113510352863 0.08033604697141802 0.14213300618020108
0.1092771932583916 0.06775954275421804 0.23935394925688572 0.13551908550843608 0.09510266784391988 0.08481751915510582 0.1500251984464575 0.11814484377658531
0.07297694914346246 0.10522507600770284 0.0821339295921072 0.08554476847444814 0.1417171931203866 0.24460976495927245 0.09670278175372397 0.17108953694889628
0.10117684058822445 0.07497300597033547 0.20721498759794213 0.13466462110482755 0.10643236276889417 0.10419902004213863 0.15014100293329277 0.12119815899434477
0.10447945846714393 0.07050842764321452 0.2593870363331073 0.13058708395474253 0.09535951102880005 0.07655525370895833 0.14559485330476515 0.11752837555926827
0.1034203280318541 0.06891607356770867 0.27933621674156117 0.12815290728605777 0.09138848834576739 0.07056744149544196 0.14288092797415694 0.115337616557452
0.10246455236402237 0.0682979329238696 0.28681112922795304 0.1271783083488988 0.08992742928792016 0.06906584744283854 0.14179432289048866 0.11446047751400892
0.08146096621120608 0.11916412314816141 0.14458015012328135 0.13875964624217071 0.09520351166357852 0.16020478880022054 0.09411523832077666 0.16651157549060483
0.0763165636243271 0.1336493315099229 0.1098265201497017 0.1365699682009797 0.09473381025342059 0.192389779031982 0.09263006538849057 0.1638839618411756
0.10163397589146184 0.08394235089755428 0.21974812656595255 0.13424941834652326 0.09558184536093803 0.09434172358263508 0.14967808284306397 0.12082447651187093
0.10400725665689427 0.07496302730873962 0.2638064252967023 0.1295007210806232 0.09242655838897698 0.07436172252352449 0.14438363977197838 0.11655064897256087
0.08144498308537755 0.12601966078253163 0.13869846771300134 0.13796580680263118 0.09528335320684128 0.16145195215423996 0.09357680809221942 0.16555896816315743
0.10195376305278486 0.08223857087822414 0.2316926199429091 0.13305593060533258 0.09484349412379126 0.08811785077427293 0.14834743307788573 0.11975033754479933
0.1036464028349998 0.0744315026798724 0.26837244043419695 0.12891163313007134 0.09188226577934692 0.07300843465554793 0.14372685066890045 0.11602046981706421
0.13681922637835842 0.09657557384986154 0.23499264470123107 0.10581378775151876 0.11999378334328735 0.09259809820775719 0.11797447679161868 0.09523240897636688
0.12714413684019535 0.08630767773896557 0.19255727864882152 0.09088665738362946 0.147286803974305 0.11164433602522797 0.13510912052849988 0.10906398886035533
0.10949713399785242 0.07461560823427399 0.2503229416167879 0.12794343083805476 0.10293038119426189 0.07689403899731546 0.14264737736720434 0.11514908775424929
0.08241573717386508 0.12578781214360207 0.13550122786231034 0.1377588332154556 0.09750101870545806 0.16228834503375747 0.09343642600700468 0.1653105998585467
0.10230363100228305 0.08226387725122182 0.23031068961341616 0.13313467382845778 0.09538848181333884 0.08834221415035982 0.14843522589531039 0.119821206445612
0.1038234403544844 0.07445998530671442 0.26781711127815855 0.12895529454962376 0.092028864959016 0.0730800085639552 0.1437755298933865 0.11605976509466139
0.10279770891322841 0.07249268280962111 0.2819622836195988 0.12707657624634028 0.09009802044314678 0.06952291015827458 0.14168089918808383 0.11436891862170624
0.13617388654116297 0.09591285196351763 0.2395687248944305 0.10539601735477909 0.11908506855029719 0.09149834110036215 0.11750869397614923 0.09485641561930118
0.10991709200567634 0.0745742454026809 0.26870078926158636 0.12577105682725265 0.09536558532625258 0.07225193756940028 0.14022534246262347 0.11319395114452738
0.10398189838128763 0.07231581854039269 0.28194836535044293 0.12668709002156014 0.09058833261151146 0.06921346296181098 0.14124665111359017 0.1140183810194041
0.0899330395778048 0.06315206254261387 0.25249083423144547 0.1110603594458927 0.10470089155865706 0.08029169771432229 0.16509868359419272 0.13327243133507125
0.10034576901403865 0.07172803931518325 0.27659530956195627 0.12822307755815218 0.09345223289009029 0.07129563926728773 0.14295916259095476 0.11540076980233699
0.11880065459537598 0.08404714969193729 0.2082975812529477 0.09248806246641901 0.14039075917384777 0.10750040111864503 0.1374897167411244 0.11098567495970282
0.14112668912560325 0.09760149369378641 0.21147720642278833 0.10501813832617915 0.13316143948912587 0.10001132138976793 0.11708738705918781 0.09451632449356123
0.1119506160657752 0.07533591868859063 0.2573772519169512 0.12670077416998343 0.09908504459823207 0.07425778988960527 0.14126190791787704 0.1140306967529851
0.08287034936674749 0.12588594114567747 0.13712559034693209 0.1376783593154535 0.09662427980395542 0.16121960513307781 0.09338184370961196 0.1652140311785442
0.13419045650168504 0.1077805229745361 0.18920844557628688 0.10900056809765589 0.12470865043016312 0.11548334607365002 0.12152749905813275 0.0981005112878903
0.11136276344419994 0.07737274256404904 0.24905754197592783 0.12813287606213689 0.09821973001876398 0.07767616282464647 0.1428585946543526 0.1153195884559232
0.1050559562013587 0.07317145756072001 0.2745173933654201 0.1276403332119797 0.09181082133738182 0.07061829229900161 0.14230944613335644 0.11487629989078171
0.10283078602670218 0.07212625219575483 0.2844005772685034 0.12667914442071523 0.08980306344651849 0.06891115430155878 0.14123779236160341 0.11401122997864373
0.10198905138222196 0.0717617488761132 0.2881481489648483 0.12624023362429954 0.0890965341760849 0.06839963313642572 0.1407484395781369 0.11361621026186956
0.10166771185718175 0.07162458736389714 0.28955966406857914 0.12606752109360564 0.0888375443353 0.06822632430178319 0.14055587799540809 0.11346076898424508
0.08097525195288825 0.12509122215248591 0.14457889176091065 0.13763741728581116 0.09435308528910957 0.15884515648283612 0.09335407433298497 0.16516490074297338
0.07580749143810388 0.14079455934327428 0.10913198278485613 0.13535459046394338 0.093885567600086 0.19079457758528617 0.09180572222771813 0.16242550855673205
0.07433525510455163 0.14384400706544836 0.10041116634289804 0.13434505960238732 0.09311188992647876 0.20161755348766486 0.0911209969477062 0.1612140715228648
0.13146619440629187 0.11713003429592357 0.17475139242000906 0.1087752992998868 0.1237274090799668 0.12497555996829936 0.12127634115972453 0.09789776936989811
0.11092124213316665 0.08253872745633413 0.24267197183080938 0.1281111628823298 0.09816983566807928 0.07945262735592967 0.14283438607925425 0.11530004659409682
0.09454433762380635 0.15093876025723926 0.15297819841145083 0.15730358443171513 0.08267643613479912 0.1399658076806601 0.08001964947178553 0.1415732259885436
0.10841422575221862 0.06764476556446261 0.24622599714969487 0.13528953112892522 0.09241187313230487 0.08229781551462644 0.14977107231203765 0.11794471944572966
0.12145913447611924 0.08634147099969226 0.19865024428054714 0.09283272489372399 0.14054026400816386 0.11077481088100241 0.13800208058828223 0.1113992698724688
0.10791597289719773 0.07726690028592487 0.2526402924101454 0.12750114808519697 0.10122338020470284 0.07654700773621152 0.1421542651039435 0.11475103327667727
0.12075108787536444 0.08759698355250628 0.20011283377962313 0.09225528398078706 0.1427268332433195 0.10870696090359856 0.13714367588785656 0.11070634077694447
0.10766339596533762 0.07739816620417163 0.2531601226048429 0.12737756331588784 0.10161573268919694 0.07612873492735633 0.1420164773089078 0.11463980698429908
0.13787266088459307 0.10010010853812916 0.22882451325815753 0.10539296515051749 0.12240227923931439 0.09304851329764847 0.11750529099617397 0.09485366863546574
0.11043084862590544 0.07836334171572833 0.26393198031755416 0.1255967853447178 0.09609482533200879 0.07251406908890785 0.14003104276493164 0.11303710681024602
0.09433210574732578 0.1494417713904046 0.15848876872415346 0.15698631226032578 0.08217310214851817 0.1374320041973352 0.07985825449764399 0.14128768103429318
0.10053988611920538 0.1328050017011324 0.13857431080826554 0.1593660020413589 0.08563950820934732 0.16078014981171812 0.08336067799086466 0.13893446331810774
0.0791377819849783 0.14241925153618498 0.10751536577538423 0.1348356759660726 0.0917351104763351 0.1911002402725953 0.09145376282916229 0.1618028111592871
0.11504113495606616 0.10103813742902464 0.15357630075136502 0.09408020456597359 0.14221579044378777 0.14129564346758522 0.1398565429070294 0.11289624547916831
0.10799430016797841 0.08077930179709869 0.234598630218549 0.12951381971089598 0.10310088206282568 0.08305238453562303 0.14439824376722282 0.11656243773980637
0.10457929734162802 0.07640672223341677 0.26863527792994785 0.12788884042435597 0.09308810917975527 0.07171528337913419 0.14258651312984166 0.11509995638192039
0.10271236744177875 0.07494215960781285 0.28182756963279654 0.12651296926497294 0.09003412830359504 0.06905661394648648 0.14105251946408176 0.11386167233847563
0.10183637990540484 0.07438594073115262 0.28683332380856214 0.1259186592912549 0.0890050835706416 0.06830391113597778 0.1403899081948767 0.1133267933621294
0.0807112489850051 0.1293176630880425 0.1435434099388869 0.13695747234787886 0.0940145977480424 0.15821374678656314 0.09289289428812654 0.16434896681745462
0.10127433513804678 0.08652802846842066 0.2328825104985187 0.13205087026792414 0.0940373773573934 0.08715422922238647 0.1472268658061781 0.11884578324113175
0.10326550105386084 0.07750616868183906 0.268361561669976 0.12831191657147492 0.09140950895612444 0.07260640669136496 0.14305821146103245 0.11548072491432743
0.10245245037085715 0.07514672740234402 0.2817924849557456 0.1265852710609799 0.08972309220499163 0.0692400994792267 0.14113313057097307 0.11392674395488189
0.10178436395050547 0.07442329714887573 0.28683262789187536 0.12593091927303707 0.0889469937546014 0.06834039347573168 0.14040357715963986 0.11333782734573337
0.10145339844723052 0.0741797414026573 0.28872383422334197 0.12569004676991136 0.08862958374096672 0.06806733102875745 0.1401350222942146 0.11312104209292022
0.10131168058568002 0.07409342962628462 0.28943441351049193 0.12560110961580903 0.08850598967665967 0.06797651432635496 0.14003586400449153 0.11304099865422812
0.10125465099538854 0.07406197682427433 0.28970170545630747 0.12556803619654178 0.08845886351159798 0.06794454482882821 0.13999898961017418 0.1130112325768876
0.11851117535379435 0.08668957596929089 0.21204191238177492 0.09186628897684224 0.13804874083197147 0.10603735102615286 0.1365654086879625 0.11023954677221069
0.08268883075877094 0.13068027411036873 0.12487235299805875 0.1346489494781942 0.1035408431546079 0.17066289656704353 0.09132711355912303 0.16157873937383302
0.10194984522123723 0.08935989575912 0.22441875355835036 0.1321278614000299 0.09631939350683098 0.08959647012153547 0.14731270517286915 0.1189150752600269
0.10353052638108981 0.07961533765151618 0.26478289326408017 0.12835937875365383 0.09198384290907818 0.07309345191008534 0.14311112825220804 0.11552344087828843
0.11944629478820576 0.08956645702210873 0.20410474672263088 0.09212699134776596 0.1395695848175919 0.1076805754121763 0.13695296027220133 0.11055238961731914
0.10709820773166669 0.07912240740046152 0.2545401621128355 0.12695931617547287 0.10070422550154372 0.07576213356027593 0.14155016295981826 0.11426338455792558
0.10351275358946849 0.07690112882753478 0.27602149078309857 0.12666279546408837 0.09181561157826726 0.06987013934482712 0.14121956449503584 0.11399651591767955
0.10206726322804219 0.0760660960038247 0.28440859202740193 0.12590225633703236 0.08941171832046106 0.06846042325488906 0.14037162012501964 0.11331203070332911
0.10146190298372522 0.07571869448643524 0.28760620014374605 0.1255433430817839 0.08867141550626584 0.06803797639444954 0.1399714586299889 0.11298900877360547
0.08045114891320534 0.13166541275010632 0.1434787855774371 0.1365371383573842 0.09371111677853075 0.15770403340424938 0.09260779819022583 0.16384456602886105
0.1009706511114086 0.08913880287791022 0.23241699176223127 0.13161301898529598 0.09375913269473042 0.08691099118014063 0.14673869430151656 0.11845171708676637
0.10304520776269958 0.07937933016871605 0.26791845897396827 0.12802584317789711 0.09121480769360941 0.07245383238704808 0.14273926097595394 0.11522325886010741
0.10227348085978177 0.07673225453016667 0.281409931181002 0.1263392140257056 0.08956482708489485 0.06911620435620647 0.14085879533910758 0.11370529262313504
0.08062370979117504 0.13201077897252028 0.14206116531898896 0.1366056353559928 0.09393751207997968 0.1581801790300873 0.09265425702406468 0.16392676242719134
0.10105775353835676 0.08923933866147525 0.23183306776673201 0.13167397510531362 0.09385011014402507 0.08703252136294296 0.14680665582637203 0.11850657759478225
0.13656666157174854 0.10520409838968903 0.22164658024766995 0.10602641153997537 0.12088897623415149 0.09603196518248697 0.1182115364483009 0.09542377038597784
0.11024421846826768 0.08112702609705505 0.26089217610909965 0.1256330627115614 0.09586964266140359 0.0730926281905114 0.14007148932169605 0.11306975644040526
0.08201695198587954 0.13318231408633685 0.13722170140468487 0.136456493498297 0.095241864430509 0.15957978245836116 0.09255309993797536 0.16374779219795638
0.08735266907350629 0.16889531350249148 0.12357005726949159 0.15538819180148936 0.08109765109644627 0.16480144706665076 0.07904529756858372 0.13984937262134042
0.1082014150604691 0.06850265452142425 0.23459734627600728 0.1370053090428485 0.09316963124834686 0.08741260902537315 0.15167050899330398 0.1194405258322269
0.08198382888829062 0.13010810343363202 0.13148580575980656 0.13737969173328246 0.0950691468806066 0.165938524048825 0.09317926917561768 0.16485563007993898
0.10174141478630502 0.08920863508432261 0.22749602353702003 0.1321541909418054 0.09442377830399735 0.08869512485186713 0.14734206064705763 0.11893877184762484
0.10339703201969097 0.07952403508652423 0.26601392270007584 0.1282548476156231 0.09150675552542667 0.07287946036446333 0.142994583834135 0.11542936285406079
0.09270862426552441 0.15237697589539498 0.15879274673777274 0.15676162482285672 0.08117902973724761 0.13735157922552702 0.07974395697510538 0.141085462340571
0.10302944813815551 0.09346846854939812 0.237925983611428 0.13024922783711831 0.09022472027845158 0.08265967758528482 0.14521816894675726 0.11722430505340649
0.11973314044320475 0.09363732945764601 0.19563588571332288 0.09247358446772115 0.13949096940976122 0.1105925949234215 0.1374681942236571 0.11096830136126537
0.12278223066843638 0.09244417858286572 0.17939843672859926 0.09088566905427793 0.15381620544827507 0.11650282534187348 0.13510765131053853 0.1090628028651335
0.1084715149721638 0.08088751689298392 0.24413246392498483 0.12752474959856697 0.1043311007502144 0.07769980019233176 0.14218057903004405 0.11477227463871027
0.08163050627185904 0.13427531079216784 0.13324747881524684 0.13637927769470012 0.09704225216122467 0.16126931355127777 0.09250072747988355 0.16365513323364012
0.10142664986765634 0.09102157289955537 0.22790271235847265 0.13177104418123625 0.09464966993934074 0.08771953038856117 0.14691488060206487 0.11859393976311262
0.10321527633081291 0.08057336466971786 0.26601875833958866 0.12806234739812286 0.09145699188302414 0.07263718826311284 0.14277996045731012 0.11525611265831057
0.10230234402019307 0.07764527735070977 0.2805721224750144 0.1262849333039958 0.08960317352396055 0.0691374329673289 0.14079827638520126 0.1136564399735962
0.10158190985528155 0.07672664821080358 0.2860646583684735 0.12559701026815864 0.08876630294120423 0.06819486757695274 0.14003129353778285 0.11303730924134277
0.10122595390668628 0.07641638820983751 0.2881344820582524 0.1253405464545734 0.08842493608836188 0.06790584594844656 0.13974535552472586 0.11280649180911606
0.101073180953461 0.07630667699432492 0.288915005046356 0.12524509307553244 0.08829173991211249 0.06780878811975229 0.13963893213048167 0.11272058376797921
0.1010114936876678 0.07626678561736243 0.28920958652492557 0.12520940041319004 0.08824077965318788 0.06777435625619385 0.13959913747560143 0.11268846037187105
0.08026322882595396 0.13282780302508956 0.14371744333768105 0.13630380849427734 0.09348946191058365 0.15738414453890234 0.09244953967437944 0.16356457019313284
0.11450736622900588 0.10348557491380599 0.16495587621829677 0.09326088480924813 0.14177540710267686 0.13146325989615035 0.1386385690597181 0.11191306177109775
0.10714904507997852 0.08392367802846135 0.2386299756798195 0.12840619018758395 0.10235242730176711 0.08080979304591432 0.14316331950764954 0.11556557116882557
0.10397236798308715 0.0791869472987948 0.26975684735033695 0.12719652780928553 0.0925604424114425 0.0710353558895375 0.14181463622915863 0.11447687502835696
0.10228375591716803 0.07758726568729622 0.2818777826850371 0.12599413091782086 0.08966066435465792 0.06872762918569443 0.14047405342628683 0.11339471782603876
0.10149251343712215 0.0769857982838143 0.28649576084589906 0.12546238251865482 0.08870195390766314 0.06806425309612409 0.13988119364393303 0.11291614426678934
0.11831713805431453 0.08977915104998975 0.2107185570712068 0.09156593456458112 0.13781105835005594 0.1058101277512758 0.13611891168107879 0.10987912147749734
0.13998943097715552 0.10531599968006686 0.2111342152962848 0.10389149463324515 0.13148128904073694 0.09885396178313607 0.11583126341945392 0.09350234516992063
0.08593462321270459 0.1400009109538897 0.12381874640384147 0.13295383746462397 0.10123877137753559 0.16633112021906746 0.09017738541078844 0.15954460495754874
0.10249428948279381 0.092788938102166 0.22344795336921114 0.13167237255481845 0.09560057586034718 0.08868586622916347 0.14680486910216323 0.11850513529933661
0.08043102919831345 0.13852052969142126 0.1282443521406355 0.13633979488964315 0.09500138897523627 0.1653812033989859 0.09247394783819275 0.16360775386757176
0.10121398213035789 0.09283441643882716 0.22568208769083678 0.13182888411905166 0.09428146317596549 0.08853380292149865 0.1469793678163158 0.11864599570714648
0.08017552088867166 0.1388323492022099 0.12872709110274427 0.13629773796373987 0.09468639958920635 0.1652781934258817 0.09244542227105836 0.16355728555648785
0.10113688410894066 0.0928817390214125 0.2258844258928424 0.13180807271219988 0.09419871904482663 0.08850672912803183 0.1469561646507661 0.1186272654409799
0.10315609317474543 0.08152294021774956 0.26514161439361816 0.12804061468085293 0.09136816196645635 0.0727782922544113 0.14275573009939868 0.11523655321276763
0.1191723709408108 0.09127020045871108 0.20404864377390663 0.09193318462847169 0.13915879021756208 0.1074321348592705 0.1366648535671012 0.11031982155416602
0.08239911876023731 0.13641151655243605 0.12250356122868472 0.13377690408299261 0.10328815212558153 0.1703528230594033 0.09073563929107327 0.16053228489959115
0.10170602022624618 0.09245975116502606 0.22296287617895988 0.13177429346354058 0.09611794153226717 0.08946375000742306 0.14691850330935044 0.11859686411718653
0.10336816100064007 0.08150473331489416 0.26396443352778 0.1281358730203234 0.09184457034109107 0.07299800703790345 0.14286193603907696 0.11532228571829105
0.1192451982852513 0.09127820121460974 0.20366973039422892 0.0919471142738054 0.1393322580185317 0.10750539976454353 0.13668556092046297 0.11033653712856648
0.10692443818059146 0.0807524334544168 0.2541223154402854 0.12670656206827935 0.1005440072358654 0.07564597676656587 0.14126836099254428 0.1140359058614514
0.08125823417494255 0.1349765743128787 0.13545030156912827 0.13616746131435187 0.0961001804305134 0.16028923390340258 0.0923570607175604 0.16340095357722223
0.11479732403030692 0.10430664697923989 0.16214615676934882 0.09326135247191306 0.14266015782704858 0.13227547468416734 0.13863926427167972 0.11191362296629569
0.12179490838044091 0.0957655753184028 0.16846224890629996 0.09115359360741634 0.1553161194033041 0.12261730290152484 0.13550593915371148 0.10938431232889961
0.08262176293979297 0.13742055078996013 0.11397623144679558 0.13331921433966604 0.10652383799564245 0.17573013903277002 0.0904252062477735 0.15998305720759926
0.11505618406896873 0.10476732051647539 0.1546259346795508 0.0931108543685599 0.1459753101799242 0.13631583221128546 0.13841553873296367 0.11173302524227188
0.10756815503582698 0.08461875762807149 0.2342813586711297 0.12872771091802485 0.1035431662550867 0.08188412053763114 0.1435217911280068 0.11585493982622237
0.1206379474422731 0.0921489612613128 0.1939555629448247 0.09215330064204053 0.14344947859522825 0.11007871753868946 0.1369920708051826 0.11058396077044863
0.14105360896513464 0.10641769645082987 0.20505823972137266 0.10415332551928995 0.1333867395780255 0.10006921148021085 0.1161231853177755 0.09373799296736095
0.11154644336339666 0.08316046925975448 0.2536691147301221 0.12569273529611505 0.09874362691335162 0.07392612887046127 0.14013801980029542 0.11312346176650354
0.10437903835549364 0.07873312963908026 0.27534419112143566 0.12632913292926817 0.09124191565809185 0.06942881699138855 0.14084755566890045 0.11369621963634134
0.1021557115589662 0.07749403707590845 0.28394348360952393 0.12568054800924272 0.08918659079533083 0.06830270385777772 0.1401244318849318 0.11311249320831844
0.10137327371664324 0.07705954748155834 0.28724671483662445 0.1253316923911849 0.08852315910580429 0.06793160541131973 0.1397354839047987 0.11279852315206643
0.08026675061279823 0.13382679885615392 0.14317979864052197 0.13616976575711437 0.09347646073300701 0.15731808276095494 0.09235862373091236 0.16340371890853722
0.07506406221959984 0.1494787560209937 0.1080208906261021 0.13397486907919726 0.09293730377689144 0.1888843641806365 0.09086991120154249 0.16076984289503668
0.07353403074274821 0.15323762243381636 0.09930592290980926 0.13285047829357216 0.09208745156418674 0.19945663917402753 0.09010728092955328 0.15942057395228657
0.1002993768485424 0.09647466113229587 0.2132673715620095 0.13275028168531372 0.09437355366025546 0.09535284425311487 0.1480066573416856 0.11947525351678237
0.10339353177854915 0.08254792230410576 0.26024241941488013 0.12861286071515193 0.09179236108610853 0.07426558833485364 0.14339374172271419 0.11575157464363674
0.10249089727728411 0.0786453973784775 0.27829862716131 0.1264539674656549 0.08980154622683928 0.0695142569103833 0.14098673686096147 0.1138085707190894
0.0805002282757337 0.13439255799464522 0.1411257425831495 0.1362567326059304 0.0937939849990767 0.1580050644729344 0.09241760994141367 0.16350807912711646
0.10083609379520915 0.09167427523194478 0.23104524195267917 0.13131180022679476 0.09365085581225452 0.08689825491220293 0.1464028578647995 0.11818062020411527
0.10290833353689179 0.08115507167822457 0.26714283129342675 0.12780426584605367 0.09109464854473569 0.07237879105264894 0.14249221878657026 0.11502383926144828
0.1021376533181832 0.07819862882055649 0.2809182122563571 0.12613059535357934 0.08944301097437539 0.06902816237048258 0.14062620108824445 0.11351753581822142
0.10147921132948297 0.07727609355691704 0.2861185988615906 0.12548282241263445 0.08867406799391984 0.0681306830737291 0.1399039826003551 0.11293454017137099
0.10114824398527915 0.07696666623436318 0.2880794751146201 0.12524117095143125 0.08835626434931557 0.06785656625389776 0.1396345592548047 0.11271705385628812
0.10100515454066056 0.07685786006853539 0.28881943906700863 0.1251511622609316 0.08823142590542284 0.0677647058406385 0.13953420628196403 0.11263604603483844
0.10094714638781363 0.07681844412112031 0.2890989263538034 0.12511747913877064 0.08818347875890228 0.06773214190027564 0.1394966521144204 0.11260573122489358
0.08018016919330334 0.13373405832842739 0.14360055055375648 0.1361484777652635 0.09339144628691581 0.15722293963496897 0.09234418491904829 0.16337817331831617
0.10068153289977533 0.09147778052266671 0.232069677650967 0.13120841936936126 0.0934918410994221 0.0866955751016318 0.14628759592375054 0.11808757743242515
0.08007834427375082 0.13839574696450044 0.1302070210500528 0.13627608067376296 0.0945123179590732 0.16456845929161812 0.09243073297872617 0.1635312968085155
0.10106786078372029 0.09275547193824808 0.2265028784714498 0.1317480483348736 0.09411838372021095 0.08834487130063262 0.14688924194947847 0.11857324350138625
0.10311874306682482 0.08148235003968451 0.2653821084853476 0.1280122757207533 0.09133231394421493 0.07273702632076154 0.1427241342737354 0.11521104814867797
0.10224721164735216 0.07830672369055956 0.2802486372295145 0.12621221686982556 0.08954631758291422 0.06913069480928992 0.14071720298770105 0.11359099518284302
0.08044993579169411 0.13427255715888683 0.1415740883133951 0.13623887712146224 0.09373067947342897 0.1578417103303863 0.09240549926499178 0.16348665254575467
0.07509186480545116 0.14960816739670424 0.10765033767896368 0.13396743792124702 0.09298567284983415 0.18907072290441398 0.0908648709378893 0.16076092550549642
0.11326072800142689 0.1077096862250258 0.1528176169318874 0.09335471943319253 0.14184406942188504 0.1402094561362143 0.13877806053053696 0.11202566331983105
0.07187792623194945 0.12526649401212017 0.15659307327484484 0.18930743613945986 0.06886434463095188 0.12141416349682593 0.09629986968833394 0.1703766925255139
0.10412663838452524 0.06844542450477611 0.24957989849767032 0.13689084900955223 0.09028568665838867 0.07978696575158169 0.1515437970313317 0.11934074016217373
0.1201474939131207 0.08900258888757821 0.19963594187784842 0.09265625763896707 0.13965953801951267 0.1099709203344045 0.13773975016180776 0.11118750916676047
