0.125 0.125 0.125 0.125 0.125 0.125 0.125 0.125
0.056818181818181816 0.09469696969696968 0.06818181818181816 0.11363636363636363 0.11363636363636363 0.18939393939393936 0.13636363636363633 0.22727272727272727
0.11089662435753053 0.0873310916815553 0.13307594922903668 0.10479731001786637 0.13862078044691317 0.12793667020846933 0.1663449365362958 0.13099663752233295
0.07295173961840627 0.1290684624017957 0.09118967452300783 0.16133557800224463 0.08754208754208752 0.15488215488215484 0.10942760942760942 0.19360269360269358
0.07355796967560209 0.12259661612600348 0.08826956361072251 0.14711593935120418 0.09930043099710027 0.17492760153695902 0.11033695451340314 0.18389492418900522
0.07279426039159709 0.1213237673193285 0.08735311246991652 0.14558852078319418 0.10557835235799384 0.17618494511158167 0.10919139058739565 0.18198565097899272
0.07133108127218245 0.11888513545363744 0.08559729752661895 0.1426621625443649 0.10461627242807063 0.19158372568639584 0.10699662190827368 0.17832770318045613
0.07015368658497725 0.11692281097496211 0.08418442390197271 0.1403073731699545 0.1029524646534635 0.204864494374761 0.1052305298774659 0.17538421646244315
0.06956533432733471 0.1159422238788912 0.08347840119280166 0.13913066865466941 0.10589279102284786 0.20772924361411607 0.10434800149100208 0.1739133358183368
0.08526117586785154 0.1421019597797526 0.07673505828106639 0.12789176380177733 0.13062711098178545 0.2647290501553672 0.095918822851333 0.07673505828106639
0.0703115022862026 0.1243972732755892 0.08788937785775323 0.1554965915944865 0.08437380274344311 0.18546828889983766 0.1054672534293039 0.1865959099133838
0.09519907932114734 0.07496927496540354 0.19039815864229467 0.14993854993080707 0.09777292404695578 0.09501821587581566 0.16598813830353895 0.13071565891403697
0.10467762470885497 0.0824336294582233 0.14852157590115445 0.09892035534986796 0.15781217651631396 0.1269677568149678 0.15701643706328247 0.12365044418733494
0.08456785293369479 0.14962004749807542 0.07372582050629801 0.1304379901265273 0.11618214634714262 0.20046956982887168 0.08847098460755762 0.1565255881518327
0.09284281611823723 0.07311371769311183 0.19915383587115465 0.14622743538622365 0.10349038911421295 0.09581169558188705 0.16187978194974695 0.12748032828542574
0.10201278375030565 0.0803350672033657 0.16416306840656358 0.09640208064403885 0.15906885727144293 0.12449636629377632 0.15301917562545847 0.12050260080504854
0.07010809099050554 0.12403739175243288 0.08763511373813193 0.1550467396905411 0.10586737477910683 0.16608706493487413 0.10516213648575833 0.1860560876286493
0.09213024015961259 0.07255256412569493 0.21192025257024077 0.14510512825138985 0.10160431780510298 0.08954824859049962 0.1606373418167604 0.12650190668069883
0.06872004634009266 0.11453341056682109 0.1206998519115799 0.1374400926801853 0.1080392629852129 0.1756871501557375 0.103080069510139 0.17180011585023164
0.0836923200448596 0.139487200074766 0.0953167842016995 0.1255384800672894 0.1340265728830309 0.25246169463751383 0.09415386005046707 0.07532308804037365
0.058982939100212524 0.10435443071576063 0.05142102383095452 0.09097565754707336 0.15089417511323452 0.25857841093670864 0.10284204766190903 0.18195131509414672
0.09261888406087518 0.07476464135034502 0.18523776812175036 0.14952928270069005 0.11264796150446854 0.08391111652167457 0.1667139913095753 0.13457635443062105
0.10092559030403805 0.07947890236442998 0.1699851491509002 0.09537468283731597 0.16279072643756448 0.12083820990304929 0.1513883854560571 0.11921835354664495
0.06841179212046994 0.1210362475977545 0.09950470915742719 0.15129530949719314 0.11344498006936543 0.16213490198045316 0.10261768818070491 0.18155437139663175
0.09632806570002975 0.0709982486402095 0.2198187769478247 0.141996497280419 0.10182873397475449 0.08804189976958426 0.15719595954527457 0.12379181814190375
0.0641918081204453 0.09744849307003399 0.0812704785449498 0.0877036437630306 0.14844099312740552 0.2402929233324368 0.10524437251563669 0.1754072875260612
0.06618142050400506 0.11709020550708589 0.08933648154612399 0.14636275688385736 0.10766759549974848 0.19845410104254285 0.09927213075600762 0.17563530826062884
0.09565542794079392 0.07060526973306576 0.21878499821357297 0.14121053946613152 0.10031250633623673 0.09399876222378005 0.15632587193645814 0.12310662414996082
0.06387575506027028 0.09699019318804798 0.08221275044556742 0.08729117386924319 0.1474158808181473 0.24288249023714553 0.10474940864309182 0.17458234773848638
0.06505602403314646 0.11509911944325912 0.08798557829890293 0.1438738993040739 0.10603478858211007 0.2117178751238991 0.09758403604971969 0.17264867916488869
0.07073105019844772 0.11057787632545063 0.09776931331051056 0.13269345159054075 0.1061914580798504 0.2166499473141184 0.09952008869290556 0.16586681448817592
0.10124814507160779 0.08173043035900869 0.13875806783637573 0.10216303794876086 0.15249945276006915 0.149133002878253 0.15187221760741165 0.12259564553851304
0.09763886439513686 0.07159084656456473 0.20191049100429986 0.14318169312912946 0.10939662996755041 0.08778104848510253 0.15963690263799957 0.12886352381621652
0.13680756150686668 0.09170060264867604 0.21357826594684476 0.11004072317841126 0.131181509372389 0.09893879518424195 0.12181960400703239 0.09593293815553802
0.11182518261451023 0.07932032127583781 0.1690320820788211 0.09915040159479725 0.15595425170709296 0.11834354748918685 0.14739373132599712 0.1189804819137567
0.09607809674320854 0.0696738467826017 0.22416424449147307 0.1393476935652034 0.10895277955338893 0.08100813541184881 0.15536227924359244 0.12541292420868305
0.11762916291432136 0.07598413305731633 0.1844099476545368 0.0911809596687796 0.15606935194591798 0.11601856315921778 0.14473168201393585 0.11397619958597448
0.0725126838533361 0.11447324582098646 0.11455816536437324 0.1430915572762331 0.10936791468458192 0.17723316020339056 0.09705340406561896 0.1717098687314797
0.11395029510226072 0.07710596337520212 0.15274534953287755 0.09252715605024253 0.15849604210241877 0.14264774710714337 0.14686850166705165 0.11565894506280315
0.1079377966765917 0.07800201651299227 0.16248207836071957 0.09750252064124033 0.16510103598920417 0.12702748143980042 0.14494404560996324 0.11700302476948839
0.0943126573911032 0.06853590874412165 0.23214624517718904 0.1370718174882433 0.11045084247945944 0.08129304572118429 0.1528248472592802 0.12336463573941894
0.0716029195285786 0.1155756250107018 0.12873657414456147 0.14446953126337725 0.10157153445264704 0.16669234818370354 0.09798802990037761 0.17336343751605268
0.10169627895263553 0.06895187954394735 0.23405762388370924 0.1379037590878947 0.09729629262160985 0.08720524581034816 0.15266513012579308 0.12022378997406205
0.09183249121626648 0.13740165462301132 0.1074050203409991 0.11978605787647142 0.11768195875469242 0.20090335195970851 0.08124619577708496 0.14374326945176572
0.09979280156203413 0.06912538058425487 0.2175128522796851 0.13825076116850973 0.10165075130616512 0.09510248656578663 0.15413928148190562 0.12442568505165877
0.09785525445431961 0.06696628484572272 0.2608205906722999 0.13393256969144543 0.09521845696129104 0.0753427104145462 0.14932482023807422 0.12053931272230088
0.09597424866951448 0.06580536096828307 0.2779624793810423 0.13161072193656614 0.09242087842787594 0.07104052761020421 0.14673613326360435 0.11844964974290954
0.1274400178427892 0.08758364993515069 0.23883533353725672 0.10947956241893836 0.12235760222361043 0.09371068588469227 0.12206154198051786 0.09853160617704453
0.10446414880938275 0.06497245007805796 0.26828578533904107 0.12994490015611593 0.09717843218160446 0.07332500700183299 0.14487886629346056 0.11695041014050432
0.10000486916396602 0.06503190435988317 0.2808632887313977 0.13006380871976633 0.09194352465710695 0.07002373605193268 0.14501144046815737 0.11705742784778969
0.09883455017064523 0.06480464963860472 0.2857465285143405 0.12960929927720943 0.09058493006876038 0.06926697662262953 0.14450469635832155 0.11664836934948848
0.07863471491703611 0.11323920200329539 0.14356699072648546 0.14154900250411923 0.09601941742520093 0.16112471989438673 0.09600714952453306 0.16985880300494308
0.1023287633110832 0.06840445420392641 0.2405483190340651 0.13680890840785281 0.0954667022752156 0.08572046258512188 0.15145308541691477 0.11926930476582039
0.09480978057649674 0.13581845171446444 0.11137685127316144 0.11840582969978952 0.11624048182791774 0.20095156825465244 0.08031004101377026 0.1420869956397474
0.10301452378538171 0.06828421564192771 0.22121887153443903 0.13656843128385543 0.10040694299468321 0.09533181739672057 0.15226360920752238 0.12291158815546989
0.10137598649981357 0.06619090018742332 0.26408637265025725 0.13238180037484665 0.09409638439113827 0.07512910738003882 0.14759582817912006 0.11914362033736198
0.09105090370741209 0.1305645970511288 0.15982324303588155 0.16320574631391102 0.08362831693038712 0.14181996771907443 0.08302205355968517 0.14688517168251988
0.10424249535924024 0.06807471909881567 0.24749981264454024 0.13614943819763134 0.09244903685579085 0.08216709104020334 0.15072302478533056 0.11869438201844784
0.0714424178791753 0.09981363047251221 0.08295623876903388 0.08701701118116449 0.14156386689796893 0.24480575631997814 0.09836705611783811 0.17403402236232898
0.10034314632279116 0.06843606425637902 0.20880674811546976 0.13687212851275804 0.10622266316128637 0.10353212501605688 0.1526022089537765 0.12318491566148225
0.10307407710209587 0.06625814307227958 0.25904158654631027 0.13251628614455915 0.0954338746535232 0.07666560517503075 0.14774576977609805 0.11926465753010324
0.1019552469548582 0.06510570885988555 0.27758333881411884 0.1302114177197711 0.09172326563502452 0.07105473258098213 0.14517601348756565 0.11719027594779396
0.08057439822270404 0.11295927380795912 0.14163323354702576 0.14119909225994887 0.09608341966866948 0.1623418526837017 0.0957698190980523 0.16943891071193865
0.10265446957521918 0.06835708805147062 0.24042304109354007 0.13671417610294123 0.09543285183923884 0.0858834428481721 0.1513482128612129 0.11918671762820518
0.0717193774921211 0.09953591077089673 0.08179938388363646 0.0867748965694997 0.14212449483430373 0.2464027819711084 0.09809336133943444 0.1735497931389994
0.0740236513396319 0.1097569762825896 0.09527795369784553 0.13719622035323698 0.10392328387088383 0.22213162231408007 0.0930548277178477 0.16463546442388438
0.11535232926666449 0.07757161362995893 0.1516176075506779 0.09696451703744866 0.14818776805904846 0.14980447689290646 0.1441442671183565 0.11635742044493838
0.10879137224041588 0.06638375113236124 0.23479761176898092 0.13276750226472248 0.10484098423847157 0.08490216931418915 0.14802585700260848 0.11949075203825023
0.0957026379869142 0.13012351685518747 0.15214743537266828 0.16265439606898432 0.0854870411638809 0.14475443200301302 0.08274158408726595 0.14638895646208588
0.10530250171712514 0.06816435109606461 0.24470649571268285 0.13632870219212923 0.09296248386675127 0.08276332456944631 0.1509214773962521 0.11885066344954855
0.0825001657682232 0.11307835849017632 0.1342829881850588 0.1413479481127204 0.09646715627054481 0.16683506323981886 0.09587078219819298 0.16961753773526447
0.10325106101037562 0.0685034086185425 0.23762014796578373 0.137006817237085 0.09571276218429842 0.08679178368936544 0.15167217862632118 0.11944184066822795
0.08211357435317161 0.1130638704594845 0.13265039391617622 0.14132983807435562 0.09702401416212973 0.16836400447763183 0.09585849886782381 0.16959580568922672
0.1391361268083968 0.09237919331050792 0.1916590069106761 0.11085503197260953 0.12922827276563734 0.11737844252976007 0.12272107731603493 0.09664284838637752
0.08738450888252598 0.1111260327067468 0.12114067703540933 0.13890754088343352 0.10287366827043873 0.17766297369256176 0.0942155494687636 0.1666890490601202
0.13776929965911627 0.08980915312015762 0.18535531142131828 0.11226144140019703 0.12833699246257463 0.12026937523474683 0.1251631294417122 0.10103529726017732
0.08727525190066403 0.11122309929981844 0.11976949955357423 0.13902887412477305 0.10272483814233108 0.17884594297056974 0.09429784505854172 0.16683464894972766
0.09161026808299566 0.13081574391939182 0.12283751221224588 0.16351967989923977 0.08529886415428999 0.17556846961290765 0.08318175020961327 0.14716771190931577
0.08000319827122163 0.11045686690819369 0.10609986414391602 0.13254824028983242 0.10200130789178108 0.20379404191539044 0.09941118021737433 0.1656853003622905
0.0771097144578302 0.11184747957174694 0.10208554650341331 0.13980934946468368 0.09711529956158149 0.2094341801418601 0.09482721094126371 0.1677712193576204
0.10326683163349408 0.06881563388579502 0.21827631313878684 0.13763126777159004 0.0971639994869295 0.0975292205137828 0.15344859257519067 0.12386814099443101
0.1216236551126347 0.07634147773604912 0.18979509233205638 0.0954268471700614 0.1440550419049195 0.11638725155605423 0.141858417584151 0.11451221660407367
0.09777432846592915 0.1287287155638426 0.13977658587854008 0.16091089445480322 0.09214905950442356 0.15398593872656466 0.08185467239657382 0.1448198050093229
0.0810942352290453 0.11063364007400883 0.11001750985279063 0.1327603680888106 0.10379701955619404 0.19617649102152931 0.09957027606660795 0.16595046011101322
0.06604837966401815 0.09555135075680357 0.061328890088417486 0.0833011775828544 0.13882737534141099 0.2941739228288642 0.09416654857192236 0.1666023551657088
0.1305946704005974 0.08888545082583939 0.16142090466720074 0.11110681353229922 0.1378340845893827 0.14628613827034617 0.12387580553526495 0.0999961321790693
0.11194033323116467 0.0659609946099865 0.23816066625354088 0.131921989219973 0.10223909393862958 0.08396395939302838 0.14708317305570123 0.1187297902979757
0.14118573132224072 0.08682204050648364 0.22389431612135585 0.10852755063310454 0.12442937265041176 0.09646607331164067 0.1210001198849688 0.09767479556979408
0.12936453150115326 0.07451846034594975 0.18884099492441506 0.09314807543243718 0.14993695975101107 0.1139424171817694 0.13847087034433947 0.11177769051892462
0.11063248077791288 0.0653176598316769 0.24859215296782752 0.1306353196633538 0.10380258652235401 0.07779938001966943 0.14564863252018698 0.11757178769701841
0.10542789581027352 0.06498774963241837 0.27301139533063956 0.12997549926483673 0.09348703096252953 0.0712194976447804 0.14491298201616873 0.11697794933835307
0.10356987864057395 0.06454837158202795 0.2821922112077359 0.1290967431640559 0.09079448051090501 0.06967801150443935 0.1439332345426116 0.11618706884765033
0.12037390091646454 0.0753054645183645 0.20886029758860183 0.09413183064795563 0.14042133212881702 0.10801568887693071 0.13993328854531914 0.11295819677754676
0.12417294625928754 0.074735950862758 0.18424476659304542 0.0934199385784475 0.15530876176315273 0.11713869647882304 0.13887501317034884 0.112103926294137
0.1251919295600771 0.07472678594536034 0.17621654458669794 0.09340848243170041 0.16003146341306493 0.11947663230629214 0.13885798283876657 0.1120901789180405
0.144774913476339 0.0862308367306519 0.2003044318477014 0.10778854591331488 0.1397974798296461 0.10391791610835413 0.12017618477200928 0.0970096913219834
0.11363199737430622 0.06496233415896308 0.25269916401039044 0.12992466831792615 0.10123916414550102 0.0757541612030619 0.14485630930371768 0.11693220148613356
0.1059323405981637 0.06486854206489005 0.27445923387636106 0.1297370841297801 0.09282637662269448 0.07076588005855373 0.1446471669327548 0.11676337571680209
0.10362647378413062 0.06450836883908656 0.28270363003144344 0.12901673767817312 0.0906210151450344 0.06956467621536522 0.1438440343964109 0.1161150639103558
0.10285375267898424 0.06433501973936533 0.28573711232789417 0.12867003947873065 0.08995059763596722 0.06919295083116819 0.14345749177703251 0.11580303553085758
0.08200307189946393 0.11259868805904517 0.14331212304536634 0.14074836007380648 0.09563721651285469 0.1613384032273575 0.09546410509353831 0.16889803208856774
0.10245000512533442 0.0753059457789212 0.23336085119987587 0.1346724913457589 0.09505055975053915 0.08780512692378738 0.15014977766459986 0.12120524221118302
0.12060351645346941 0.08166048864058462 0.19374646070663706 0.09453409311279758 0.1423875671297299 0.1130956835044895 0.1405312787169349 0.11344091173535709
0.14252185757638045 0.09310110605303629 0.20584713922929174 0.106947614518712 0.13420331704216076 0.10188750349047662 0.1192386090231013 0.0962528530668408
0.11246494048795136 0.07089775841583332 0.25399549805416594 0.12876464304248014 0.09949666684333654 0.07492934672735482 0.14356296769064575 0.11588817873823212
0.09564522189719726 0.13813780019013058 0.15582903078180818 0.16052814847959318 0.08368530364668403 0.14003919018985547 0.08165997118309741 0.14447533363163384
0.14469808069601317 0.09187802320577501 0.19950632251308 0.11025362784693002 0.1248960872014664 0.11059401295603787 0.12205529822696361 0.09611854735373386
0.0878119863858187 0.12069059361774041 0.12197069854813967 0.13718802615144676 0.1011373790654527 0.1735264149382497 0.09304926991141607 0.1646256313817361
0.136738386220185 0.0999432532755838 0.1839978450724211 0.11084180786691593 0.1267332214125175 0.1184075150772476 0.12358034399490478 0.09975762708022433
0.11215032845947075 0.07210298289460335 0.24609984982721103 0.13014800158107898 0.0988550455032248 0.07840528108596834 0.14510530922547163 0.11713320142297108
0.10547795797447963 0.06965659787072456 0.2714910240955944 0.12937659967511464 0.09222369084081693 0.07108993616803892 0.1442452536676278 0.11643893970760316
0.10322880329045386 0.06897747377343516 0.2810259507453369 0.12841397096275503 0.09022440772790369 0.06938482514232532 0.14317199449131046 0.11557257386647954
0.10241655085968815 0.06871218502810163 0.28452816593679686 0.12799609402967915 0.08954942009263991 0.06889500653060637 0.1427060928957766 0.11519648462671124
0.08136317424024617 0.11981277258555946 0.14232250475447458 0.13952298066604626 0.09487815679476909 0.16003985596876527 0.09463297819088355 0.1674275767992555
0.0803523338180435 0.1102705432120371 0.1102965552443623 0.1323246518544445 0.1041326671101649 0.1979739450520585 0.0992434888908334 0.16540581481805564
0.07630644446457933 0.12309122688760614 0.10189600080320774 0.13783419806461747 0.09653182673136018 0.2054517223359564 0.09348754303513185 0.16540103767754097
0.07558598704043903 0.12457539633614703 0.10003473702686538 0.137869228924846 0.09491481867058836 0.20806545419444675 0.09351130309685206 0.16544307470981517
0.10229159222324292 0.07715624351836242 0.21608518760652162 0.13644076964493038 0.09615389070989304 0.09695434760950329 0.15212127600710892 0.12279669268043733
0.1208934839970692 0.08206098605907795 0.18852426220048418 0.09484178889694249 0.14313446020791232 0.11574618279598185 0.14098868916620108 0.11381014667633099
0.10846640230072231 0.07084517113315862 0.24808434202678406 0.1301640498723646 0.10222942903564257 0.0779397588735784 0.1451232018726214 0.11714764488512813
0.08247343124505435 0.1201666333632399 0.13417805377764103 0.13966579148481204 0.09763475105251633 0.163552548113959 0.09472984118100296 0.16759894978177445
0.14226282295068243 0.09202981812727139 0.19168155531083753 0.11043578175272568 0.1290622929894606 0.11599343058585078 0.1222569500884875 0.09627734819468392
0.1034111600894086 0.1428637511001534 0.09923593021754232 0.11324334945738587 0.12075357962190703 0.20779167748929533 0.07680853267544431 0.13589201934886305
0.09238558345584985 0.14569997413821623 0.11442289374446626 0.15790404027616553 0.08631419173573143 0.18083458165184185 0.08032509874917985 0.14211363624854897
0.1217730812600013 0.07682324361067716 0.15365546945037062 0.09218789233281259 0.15067901619180857 0.14331644390845263 0.14632998782986123 0.11523486541601574
0.06113909841028043 0.08691095082231702 0.08158662715760792 0.10032432807980758 0.1297669660814028 0.22621326328570832 0.11341011000326073 0.20064865615961516
0.07271008957428608 0.11996424318596602 0.09531578763809312 0.13737577732875722 0.10151952698970503 0.21508702830048332 0.09317661418820057 0.16485093279450866
0.13176626461214935 0.10795976151832469 0.1734229485796688 0.1103289407368354 0.12658621392582053 0.1276312885455179 0.12300853541853142 0.09929604666315185
0.1264949287049046 0.08916953120312066 0.1719004841272748 0.09244769058861259 0.15014820871908957 0.1214722267174416 0.1374297012332211 0.1109372287063351
0.14380429115952678 0.09946636492582324 0.1970153918504247 0.10628849736689372 0.13589712593952002 0.10336493854093608 0.11850374258667104 0.09565964763020433
0.128915625225175 0.08738942288015104 0.1787126900244682 0.09175461468428069 0.1521920325391279 0.11453067967410283 0.13639939735155754 0.1101055376211368
0.09752465579634621 0.14664430697770414 0.13468851895798173 0.1571319673041355 0.09207400807359677 0.15058542373136646 0.0799323485851472 0.14141877057372196
0.08388656983350105 0.11055326214994414 0.10890363779444574 0.13266391457993298 0.10377186285420056 0.19489292362810953 0.09949793593494975 0.16582989322491623
0.07628566342948727 0.1315862161614421 0.10079948468593972 0.1364214059181105 0.09569563897842785 0.2029766023195329 0.09252930140532714 0.1637056871017326
0.10175925627895019 0.08414289168377538 0.2150951745388513 0.13520485382741165 0.09570808704410502 0.09566204607913675 0.15074332210309924 0.12168436844467048
0.13784682907643558 0.0999902191260679 0.21510837650761394 0.10807218978952284 0.12241670161993642 0.09880828654332516 0.12049242652652767 0.09726497081057053
0.11081761642941648 0.07613266810320748 0.2571017967081326 0.1278305682182379 0.09654831017518369 0.0739999850007155 0.14252154396869213 0.11504751139641413
0.13887658899807817 0.09740502847910014 0.22853571923320037 0.10653479444345959 0.12113021849215036 0.09285798990823449 0.11877834544666314 0.09588131499911362
0.12742950531139707 0.08697376623856541 0.18884558798033604 0.09162228000736318 0.14729862341790803 0.11168082806942466 0.13620267296616975 0.1099467360088358
0.10935630800801822 0.07520737195671903 0.2470907415737608 0.12902109515531038 0.10255196004765618 0.0768046449605218 0.14384889265823414 0.11611898563977936
0.12126594541379934 0.08520467992663429 0.19685479088001465 0.09334614943450016 0.1433719758826549 0.10917575848911261 0.13876532065188382 0.11201537932140021
0.08322474167892054 0.12676484723188494 0.12083723364903834 0.13635257251507854 0.10458807663930299 0.17212682686614897 0.09248261440153155 0.16362308701809425
0.07635897905219105 0.13521194486211388 0.10365151584942586 0.13675888028906819 0.09610345228832248 0.1950463742463678 0.09275819706562886 0.1641106563468818
0.10491196869794098 0.0779308261972268 0.22323317919754146 0.13648885602869765 0.09571163005839116 0.09163448080045111 0.1510987742767837 0.11899028474296716
0.08141092487621368 0.1272418966163978 0.12799420626335717 0.13889486270352686 0.09573506781279492 0.16784225612804168 0.09420695035543562 0.16667383524423224
0.10529593120768835 0.07676142465019796 0.23312928294067906 0.13543926773445145 0.09489110787440934 0.08647088965244246 0.14993683688958398 0.1180752590505474
0.08149623264544123 0.12701027115117158 0.1302427775927993 0.13888454908190623 0.0955785027630466 0.1659262528378807 0.09419995502946683 0.16666145889828746
0.10523919806966438 0.07668856153733418 0.23403556604657133 0.13533871060786498 0.09478936694604485 0.08609548691240648 0.14982551601684685 0.1179875938632669
0.08148595949870684 0.12699334763053438 0.13044613227720997 0.1388805574603918 0.0955563938213403 0.16578369269055915 0.09419724766878748 0.16665666895247014
0.09597118289501179 0.14801137475437143 0.1281116436098553 0.15672712134174988 0.08643945426363135 0.16612498208432394 0.08198034039414609 0.13663390065691014
0.0821590750785572 0.12495067097354731 0.10563634204238986 0.12971202041216925 0.10060241155479967 0.19751543911419833 0.09728401530912695 0.16214002551521156
0.07582011548245671 0.13421795230649816 0.09987726123680293 0.1360895917300044 0.09483194374697519 0.20355138059568934 0.0923042448255682 0.16330751007600527
0.07467401434443217 0.1360111462962836 0.09855889436115149 0.13605780201890846 0.09356630633583594 0.2055797911122211 0.09228268310847705 0.16326936242269016
0.11435422165541868 0.09553936111197159 0.15089379537660477 0.09532130786977225 0.14326254122904297 0.14454167698765227 0.14170152632581068 0.1143855694437267
0.1411174410777097 0.10126235556529552 0.19033797953780285 0.10717295878524626 0.13494699055567785 0.10921676050799548 0.11948985106355067 0.09645566290672163
0.11226790554701238 0.07675835738737433 0.24728528952409592 0.1286013010704859 0.09975773614372295 0.07620738578229956 0.14338085358157157 0.1157411709634373
0.09496501199200476 0.1456916555793174 0.1532491062187173 0.15920184107777566 0.08316407717535383 0.13946136661248626 0.08098528437434675 0.14328165696999806
0.08243064755609704 0.1253963965221149 0.1116844657256341 0.1304888316097776 0.10041866841374095 0.18860332695308016 0.09786662370733319 0.16311103951222197
0.11710627439651966 0.09233488117923848 0.15003317437066266 0.08983569373634985 0.1524844673474889 0.1433145525352557 0.14259633926404738 0.11229461717043732
0.08205252335456083 0.12758677022047282 0.10984225997166684 0.13567526265320337 0.10596861738919656 0.18404102960140448 0.09202322162565099 0.16281031518384403
0.07865751806276663 0.1317599123896085 0.1004282400959308 0.12776814181638657 0.10372404506568879 0.2021258589368455 0.09582610636228993 0.1597101772704832
0.08716328349449154 0.15715045009764084 0.11444277269105499 0.15768016429453768 0.08299705302004703 0.1784429145264444 0.08021121401069961 0.1419121478650839
0.11863696226532296 0.09694219755157642 0.15120764951042986 0.08999716271888739 0.1469208576394146 0.14094607767943026 0.14285263923632918 0.11249645339860923
0.08236539465281763 0.12861318081634354 0.110154094771682 0.1357721508368557 0.10483854120155363 0.18324111962717513 0.09208893708934561 0.1629265810042268
0.1171351271468943 0.09277344191023969 0.1495248404038718 0.0898266225446082 0.15394965526613505 0.14192509400049372 0.14258194054699713 0.11228327818076023
0.12279189486529024 0.08717225767496198 0.16420068246566683 0.09263352284372982 0.15903734696721572 0.12529811440893598 0.13770595336172373 0.11116022741247578
0.10911232370464997 0.07581907062806603 0.23748484654549923 0.1300536634536707 0.10578746464853248 0.07969420465770774 0.14500012925357014 0.11704829710830363
0.10470913740608674 0.07369410012575106 0.26769125533751903 0.12906638049306507 0.09355904894745498 0.07122095281603673 0.1438993824303278 0.11615974244375858
0.10283565202006167 0.07280806448347842 0.27910561841719617 0.12794001464857996 0.0902913496594922 0.06922971901659022 0.14264356857087945 0.11514601318372196
0.10204887560298295 0.07243278990767638 0.2833168394133458 0.127446468358591 0.08930704520916259 0.06865285869615487 0.14209330128935443 0.1147018215227319
0.1017341004883344 0.0722854710224377 0.28485940638677293 0.12725737186337188 0.08898614304934901 0.0684633997038354 0.14188247280886387 0.11453163467703471
0.10161256393920928 0.07223002755646216 0.28542323146674453 0.12718738636250068 0.08887637008495576 0.06839732866568582 0.14180444419819105 0.11446864772625061
0.08073829132526868 0.12580871626637355 0.14190933047649582 0.13846901176901893 0.09415960472543021 0.158834118984299 0.09391811233029111 0.16616281412282272
0.10413159203049178 0.08242756817526377 0.23750014173293632 0.13363843408105341 0.09356851045342855 0.08428521201193742 0.14794324000832937 0.11650530150655938
0.0716238506837407 0.1129295906735217 0.08064844449521211 0.08532207886722606 0.13993947848735536 0.24244135338249728 0.09645104567599469 0.17064415773445213
0.07288790441665319 0.12982972015952152 0.09306538764317612 0.1337360886806061 0.10167643152720662 0.21761320535535011 0.09070795580075892 0.1604833064167273
0.1010573381200555 0.08401146864612169 0.21167625435321522 0.135271399404643 0.0970905596645229 0.09833120489163884 0.15081751545562436 0.12174425946417869
0.10647161787035428 0.07544981575924146 0.2646603790313413 0.13050674652022093 0.092006194432268 0.07265380089153355 0.1444763331440785 0.11377511235096184
0.08165427289519674 0.1265863492780898 0.13730079106609458 0.13862579283383528 0.09489215620094028 0.16056523553359595 0.0940244507916448 0.16635095140060233
0.10450080263921815 0.08264296018735344 0.2356327377950104 0.13383742636068013 0.09385553911772783 0.08468821930268544 0.14816353264185994 0.11667878195546472
0.096359065326435 0.15709837375027583 0.10815933565966743 0.1145695359545227 0.11293187114056483 0.19569034194090904 0.077708033082198 0.13748344314542724
0.11775442295456434 0.10243550101131343 0.1511327041843632 0.09284931607317498 0.1466170332430869 0.1397650987548182 0.13802674449086907 0.11141917928780996
0.10821887008902092 0.08120194096017466 0.2320515581132994 0.13024972207502866 0.10347263891256633 0.08236179999724026 0.14521871998514388 0.11722474986752578
0.12095703887509221 0.08897848579647348 0.19198689322403292 0.09327442060567587 0.14364756907107176 0.11056759677061409 0.13865869093022862 0.11192930472681104
0.0827952235634699 0.13170615775940991 0.1192757593650206 0.1355571433843968 0.10419409157208503 0.17185994634666366 0.09194310594767785 0.16266857206127616
0.1051980295144747 0.08361783438733862 0.22796522514133313 0.13431623025266348 0.09619097067709527 0.08692192106150651 0.14869358823249682 0.11709620073309124
0.08109389236072308 0.13226851433141976 0.12860075362413045 0.13805544234477632 0.09539456014897851 0.16528270200326162 0.09363760437297872 0.1656665308137316
0.10465007275216424 0.08357490532873814 0.23209733432817828 0.13420327765205098 0.09421499772963807 0.08569313791363735 0.14856854506047154 0.11699772923512136
0.0810036142693616 0.13226764187179182 0.12953117544397066 0.13806344576823662 0.09498172105257094 0.1648332338902499 0.09364303278193441 0.16567613492188393
0.11697601115649375 0.09343775436463231 0.1559920559017375 0.09002478698219828 0.15089157156343644 0.13725034903042327 0.14289648727333057 0.11253098372774784
0.12237488503318292 0.09038276504736083 0.1658836652081735 0.09222372705547457 0.15762749439008777 0.12374222640026616 0.1370967643988846 0.11066847246656947
0.1421820625177389 0.10315710347109168 0.19429416039192163 0.1058532299036688 0.13762836472962423 0.10359872022483109 0.1180184518478218 0.09526790691330192
0.11202190952565666 0.07988943591219995 0.24815477668377448 0.1277518488575435 0.09987162179009047 0.07489996550284875 0.142433777756097 0.11497666397178916
0.10473071505195199 0.07619220109888543 0.2712029681056618 0.1280710223047061 0.09177786132149092 0.06997167971229888 0.14278963233076933 0.1152639200742355
0.10248507150560479 0.0751957732021158 0.2800309937323592 0.12733874685580826 0.0896084176023907 0.06876292507882414 0.14197319985266976 0.11460487217022741
0.08060290751672303 0.12999386927316595 0.14032566884051334 0.13784327397493573 0.09396829654185933 0.15836035621292344 0.09349369886995643 0.1654119287699229
0.10414287170529543 0.08297912696373576 0.23683947646665848 0.13368694404116452 0.0935653396460092 0.08424170640784823 0.14799694252827328 0.11654759224101521
0.08073692510601987 0.13412969436751127 0.1303714228744804 0.1376603350561671 0.09463066766698769 0.16390893430159817 0.09336961855983507 0.1651924020674005
0.11689698559610179 0.09368837875904915 0.15625002610058591 0.09001306424988012 0.15076038986241785 0.13699694535790052 0.14287787976171448 0.11251633031235014
0.08154322151752381 0.13468324627337586 0.11063040783369885 0.13460634088890114 0.10503992642714129 0.18067103417237956 0.09129821382029817 0.16152760906668134
0.11501805413276653 0.10198919941852581 0.15346888605724412 0.0941146908346999 0.145541067642569 0.13702266385082193 0.13990780906173297 0.11293762900163988
0.1074410959650949 0.08274472503920532 0.23286802908247786 0.13002933747365553 0.1031218635606867 0.08179553755136479 0.14497300760122486 0.11702640372628997
0.10414843394573538 0.0783258994282443 0.26543421826496283 0.1286342187491455 0.09284817239975664 0.07142070600119058 0.14341755433673384 0.11577079687423093
0.11934457752389685 0.08953330094118628 0.2022495159271786 0.09276041879139185 0.1396440301446961 0.10726106141119456 0.1378945927107855 0.11131250254967022
0.10682901518945033 0.07936168834889454 0.25191878832426384 0.1280106216444447 0.10036181657928896 0.07558622033156763 0.14272229010208984 0.11520955948000024
0.08116714698128405 0.1329702925236498 0.1337521620560734 0.13743660591017648 0.09601872250600983 0.16051327109586633 0.09321787183472839 0.16492392709221176
0.10447333474735428 0.08350384943908207 0.23413357734634288 0.1339344950544961 0.09416747286360468 0.08475287292805389 0.14827099167612098 0.11676340594494529
0.08079932343481848 0.13428951279170903 0.12977071035430393 0.1376754576653004 0.09476379611501826 0.16411077480663352 0.09337987563385591 0.16521054919836045
0.10454055819191631 0.08379191018190914 0.23256457134444034 0.1341437137216412 0.09404442241007198 0.08546641710296389 0.14850260534101098 0.11694580170604615
0.07126618710468703 0.11850263899326804 0.07959925412729538 0.08468284691161153 0.13924657838742943 0.2416083650132724 0.09572843563921304 0.16936569382322306
0.0997455250687515 0.08784095941939744 0.20348572243643168 0.1334573409703181 0.10443564802138502 0.1021282215315827 0.14879497567884722 0.12011160687328631
0.10347653920189293 0.08003508555398188 0.2545678931530061 0.1301024919002791 0.09409759077660265 0.07557358737636165 0.1450545693276246 0.11709224271025118
0.10266597027698353 0.07743014410102894 0.27377413264036654 0.12791233883060918 0.09048753580731525 0.0699960612969467 0.14261271209920157 0.11512110494754825
0.08048004693485854 0.1324979474438472 0.13871469691431917 0.13752414192459828 0.09397179971774747 0.1585051526671231 0.09327724408798839 0.1650289703095179
0.09460756310409806 0.16017833164002673 0.12870780158225298 0.15425855241553713 0.08502203499694973 0.16205481237895022 0.08068908895581943 0.1344818149263657
0.06926881640427253 0.11829253664970743 0.06709169484867998 0.0819425898896414 0.13555411933480227 0.2656339552260439 0.09833110786756967 0.1638851797792828
0.05997816558776581 0.1176150150464615 0.05201289192766264 0.07698757762822465 0.139217817353509 0.3131839416201948 0.08702943557973222 0.1539751552564493
0.06874949389556725 0.1378540402050534 0.08422664179734171 0.12925812974962697 0.09883241235450263 0.23829879481600008 0.0876707314823557 0.15510975569955238
0.07180277912561332 0.1466191462247558 0.09309381015120272 0.13254316097420302 0.09239623914646931 0.21459423159142668 0.08989883961728552 0.1590517931690436
0.09999405889077446 0.09464226458489942 0.2101315169153611 0.1338224797578244 0.0944096321352373 0.09735773775610781 0.1492020781777535 0.12044023178204198
0.10627040110073219 0.07676803341666256 0.2640519487340575 0.130548681906831 0.09149526286460295 0.07253124323026298 0.1445227573408955 0.11381167140595522
0.08104703863417077 0.13369731245290056 0.13643806949380127 0.1373776303162408 0.09409842025142859 0.15931050147486658 0.09317787099710247 0.16485315637948894
0.10436587176863288 0.08353075366538276 0.23524099342400298 0.13383287513530678 0.09369560456657493 0.08450059297129149 0.14815849424828426 0.11667481422052386
0.09590068291656824 0.16137863073215583 0.10768795392343518 0.11394100900310579 0.11237821906720122 0.19470256570822206 0.07728172784558478 0.13672921080372694
0.13501799781816548 0.12465366592701464 0.1733226259222559 0.10635472189229007 0.1260958784715918 0.12025828227526188 0.11857757799035923 0.09571924970306106
0.1448855688827655 0.1139029382836785 0.19570119794413876 0.10466892748481754 0.12794946708552105 0.10199182255116279 0.11669804303158014 0.09420203473633577
0.12849880332469907 0.09669577973366823 0.17746834742141945 0.09089032025184329 0.14880899098265718 0.11345480835538761 0.1351145656281133 0.10906838430221194
0.1094270669238393 0.0820652223981179 0.2416291874519518 0.12842295901746584 0.10273505377948275 0.0769578318118607 0.14318201550156265 0.11558066311571925
0.0815084996078378 0.13516811926545766 0.13129633511139746 0.13718903634121613 0.09638099258686537 0.16078021839415868 0.09304995508360746 0.16462684360945934
0.11705735962432323 0.09379435896031163 0.15648728129772796 0.08996920962639937 0.15128507514007197 0.1361369340699136 0.14280826924825296 0.1124615120329992
0.08142579188182267 0.13656356032052516 0.11050133707540472 0.13428013692280216 0.10497693952544501 0.18003910753204147 0.09107696243459625 0.16113616430736258
0.10170784827039026 0.09244046474588831 0.21717499222886905 0.13309825901845587 0.09655231735173589 0.09084305916836888 0.1483946260996814 0.1197884331166103
0.11942791913964995 0.09428333532910675 0.18742610338700513 0.09338724498931525 0.14167864280475087 0.11290564840872805 0.13882641195426565 0.1120646939871783
0.0821230664363303 0.1371776075160006 0.11774516018319976 0.13472397581262244 0.1032884126524301 0.17189500543831712 0.09137800098595261 0.16166877097514692
0.13251750088924386 0.12039419743039105 0.1793468908929105 0.10821945243136774 0.1251265854175026 0.1163412523679177 0.1206566133824354 0.09739750718823097
0.11018744429386847 0.08650179145942331 0.24217474792480673 0.12809575780759225 0.09762043256623607 0.07731643335068578 0.14281721057055433 0.11528618202683302
0.10430086341215271 0.07972836141530515 0.2686477515179746 0.12792421722069894 0.09129803268938537 0.07034302262814948 0.14262595561770464 0.11513179549862904
0.1022446176637034 0.07794629603313634 0.27874766068812923 0.12702713987915054 0.08937631891260088 0.06870775960409557 0.14162578132794842 0.11432442589123548
0.08024492126264217 0.13412748017198672 0.139633881996227 0.13715855102781688 0.0935413311852284 0.15767429503428618 0.09302927808843232 0.16459026123338025
0.07875510156026166 0.13373442511436176 0.10740042919475086 0.12847457759149308 0.10144509585125089 0.19324121550489534 0.09635593319361982 0.16059322198936635
0.06364377005620384 0.12683709751584568 0.05920611376378644 0.08006105116844735 0.13405069718287208 0.2855753710029225 0.09050379697302743 0.1601221023368947
0.06974685103267154 0.1423635384787309 0.08622847250970449 0.13001348111101083 0.09824336871249709 0.229205054068617 0.08818305675355517 0.156016177333213
0.07199380121701833 0.14925268142076104 0.09355219847700644 0.13256365654854615 0.09230146112910195 0.21134707238594902 0.08991274096336174 0.1590763878582554
0.0999968296309733 0.09536379723972595 0.21026385022780714 0.13375506958129885 0.09435060552057632 0.09676336431491186 0.14912692086153767 0.12037956262316896
0.08330256793585705 0.1275021096326905 0.12421842777072922 0.12994664442548118 0.10282866132634354 0.17230830005793593 0.09745998331911089 0.16243330553185148
0.08850403615919153 0.1722589320602015 0.08446284331658867 0.11019439718964985 0.11100371665432185 0.2266022503333999 0.07474054765906683 0.1322332766275798
0.08600428401275675 0.1814658218339305 0.10649098374046771 0.15089794695026043 0.08147012563389469 0.18110155603788824 0.07676112953556728 0.1358081522552344
0.14153212795266637 0.12000206293844395 0.17776254936659233 0.10755503917728515 0.12211061959763148 0.11820381973825551 0.11906784963867138 0.09376593159045372
0.06341981984973903 0.10698277476701601 0.0852376030813217 0.09904386947477282 0.1217253908642717 0.21354016795489422 0.11196263505843886 0.19808773894954565
0.09866977963876072 0.08786559005815621 0.20772326692053814 0.1349333595783392 0.10128998236636105 0.09763737154119101 0.15044062627614832 0.12144002362050528
0.10308113099888876 0.08109046640837853 0.25616958995552 0.1298964229438184 0.09331369938566299 0.07471709183884337 0.14482481781945125 0.11690678064943656
0.10242473009097448 0.07854910799946753 0.27421557073224856 0.12765698486225643 0.0901906769480484 0.06974363151021928 0.14232801148075455 0.11489128637603079
0.1016637722259261 0.07761196673310677 0.2808472719777947 0.12682285927612333 0.08901314608594825 0.06850238665219552 0.14139802370039423 0.114140573348511
