0.125 0.125 0.125 0.125 0.125 0.125 0.125 0.125
0.11178451178451179 0.09023569023569024 0.13973063973063973 0.1127946127946128 0.13414141414141414 0.10828282828282829 0.16767676767676767 0.13535353535353534
0.11301829483647666 0.08900190718372537 0.135621953803772 0.10680228862047045 0.14127286854559584 0.11125238397965673 0.169527442254715 0.13350286077558807
0.07214597823261702 0.12764288456539935 0.09018247279077127 0.15955360570674917 0.09762030302895941 0.1531714614784792 0.10821896734892554 0.191464326848099
0.13445718650949048 0.10588503437622378 0.1613486238113886 0.12706204125146853 0.12750214530966586 0.09231002996901559 0.14066290280992852 0.1107720359628187
0.08338400348784829 0.12374078246792956 0.08909336337690928 0.14848893896151544 0.10363905569785446 0.15467597808491193 0.11136670422113659 0.1856111737018943
0.07925631989043727 0.13665197454822905 0.08832674600200881 0.14721124333668137 0.1007861844069045 0.1533450451423764 0.11040843250251102 0.18401405417085168
0.0784270599104223 0.13720581451800604 0.08765588678812045 0.1460931446468674 0.10625144583569539 0.15218035900715354 0.10956985848515056 0.18261643080858425
0.07189133061159157 0.1271923541589697 0.08986416326448946 0.15899044269871213 0.10080535711963183 0.15263082499076364 0.10783699591738735 0.19078853123845452
0.08190727125496859 0.14491286452802135 0.10238408906871074 0.1811410806600267 0.0856950614774702 0.14878698025493872 0.09214568016183967 0.16302697259402402
0.13404476192770232 0.10056024342385936 0.15571828739142402 0.1257003042798242 0.12769753184000734 0.10300213863305947 0.1401464586522816 0.11313027385184177
0.08152542835186125 0.13206680375540733 0.08685211490290294 0.14475352483817155 0.1145101567688851 0.1507849217064287 0.10856514362862868 0.18094190604771446
0.07891971612453175 0.12313262455049835 0.08699587604111296 0.15391578068812295 0.09923010662321846 0.16871190789743223 0.10439505124933557 0.1846989368257475
0.09382260497258883 0.1623918087328715 0.10484922514119514 0.17474870856865857 0.0934814178262152 0.1269541899857776 0.09140701678975988 0.15234502798293312
0.09476406591610598 0.14513697571742862 0.07151677064337061 0.1265296711382711 0.11366132718561094 0.21073545926124285 0.08582012477204475 0.1518356053659253
0.10594431358156418 0.07359133105489983 0.18233076052408018 0.14718266210979966 0.09800229298028469 0.09638655937887972 0.16409768447167217 0.1324643958988197
0.07999246792911477 0.11998461254882065 0.0997623130935515 0.14998076568602578 0.094895728910144 0.1736811084568514 0.10172608455226098 0.17997691882323094
0.10250756052654499 0.07278358420609977 0.19794989201366806 0.14556716841219955 0.09779114302767394 0.09009367068475477 0.1622965295580792 0.1310104515709796
0.10516118066193916 0.08456165845492239 0.19187741718270537 0.1511034660313805 0.10242168916104241 0.06586561339829407 0.16727774831312778 0.13173122679658814
0.09491761667497355 0.14216345286767476 0.09321878843587296 0.12393736916669083 0.11792116412270086 0.1950548979494331 0.08406186778262506 0.14872484300002897
0.13452790599444256 0.09306745149565131 0.16772954053785674 0.11633431436956415 0.1339070717231007 0.12002875408996418 0.12970407885681257 0.10470088293260772
0.11139890184607885 0.06897191081735426 0.22213546773455942 0.13794382163470853 0.10270381594669399 0.07889957574171476 0.15379706680765262 0.12414943947123767
0.10182037809240088 0.08081971168352739 0.22328050990360102 0.144808282594322 0.09959771901548027 0.06312155907957626 0.16030872147193967 0.1262431181591525
0.1199929851246887 0.07890761611317082 0.18315609307158642 0.09863452014146352 0.14627496205664678 0.10804556042582528 0.14662683889686218 0.11836142416975623
0.14076545346475994 0.08915820197006388 0.1959041953436612 0.11144775246257985 0.13809147805573652 0.10007401448755263 0.1242559269993241 0.10030297721632186
0.12908456169705565 0.0765853268030285 0.1722192140841693 0.09573165850378562 0.1560586325313563 0.11313107607192707 0.14231154010413505 0.11487799020454273
0.10074202138581446 0.07966445582104116 0.2319626244882382 0.14063649687126473 0.10739475310754726 0.06130308837978206 0.15569038318674808 0.12260617675956412
0.07228337094237879 0.10212678187995718 0.0766583519836285 0.0890336047158601 0.14868176399930996 0.23250223345530358 0.10064668359184185 0.1780672094317202
0.11039279759441246 0.09532923078364719 0.14414475559514708 0.09746158005736427 0.1746212609453276 0.10152247922642112 0.15470092072597505 0.12182697507170533
0.07121632934052236 0.09838417303546869 0.06448876503399521 0.08577081751810091 0.16408141237315574 0.24755855220731077 0.0969583154552445 0.17154163503620182
0.10134371142877482 0.0691440798669101 0.19691311747417986 0.1382881597338202 0.11191724866656581 0.10375336097802171 0.15418097809128908 0.12445934376043817
0.14024100104216333 0.10515755308650723 0.20512076972110893 0.11257765473321749 0.13234312275534388 0.0817871850625939 0.12462809152395261 0.0981446220751127
0.11091807035466668 0.16664538782147567 0.11102887445241072 0.12601872593239813 0.1402376531908695 0.17502600823944184 0.0945140444492986 0.07561123555943887
0.08124809147943295 0.11191464676335194 0.10158258122344652 0.13989330845418996 0.10513246595202198 0.19747277894403478 0.09488415703849404 0.16787197014502792
0.1157912687386798 0.08643299250794137 0.15097272619529112 0.0967319152933768 0.14816337631250803 0.14203093359686222 0.14379848900328848 0.11607829835205215
0.10144248902683947 0.15464927420997127 0.12944570536726868 0.16056642391957518 0.09618534434363725 0.1337411872038649 0.08398859097331625 0.13998098495552705
0.09455284662928069 0.15430840514800714 0.08710742873520816 0.11586524096049539 0.11404549892134602 0.21649543136681906 0.07858685908624903 0.13903828915259447
0.0990800015213957 0.17033757841309735 0.11502441479554412 0.1601747670544448 0.08979090235471887 0.142169071046394 0.0837837243054019 0.13963954050900315
0.0847698928680659 0.14624542729620987 0.1016836686059548 0.1345825889758051 0.10300540044354388 0.1605478438588102 0.10093694173185383 0.16822823621975636
0.10015040499698837 0.1722461607514649 0.09065120201084637 0.12273170466024956 0.12883910718631789 0.21969361910279606 0.09204877849518717 0.07363902279614973
0.11824063267568091 0.08952721375850893 0.1448797465049084 0.09444911350585591 0.1536178890456472 0.14554151747874092 0.14040495082363058 0.11333893620702709
0.11253005394664645 0.07814083749884608 0.22799367346351365 0.13399331503876322 0.10383741824573853 0.07835390908428354 0.14833610781662018 0.11681468490558843
0.12179260642016825 0.08249375241518739 0.18732734480289168 0.09528983016459311 0.14627705391069717 0.11081688348606313 0.1416547326028877 0.11434779619751174
0.12553460658013454 0.0855124191476874 0.16828380671707657 0.08891206218055168 0.16265427636826352 0.11683249385114956 0.14113025742944713 0.1111400777256896
0.07270163525362723 0.10433078106100858 0.06792804362774961 0.08330268079535065 0.1582965642036199 0.2526666856123289 0.09416824785561377 0.1666053615907013
0.10109181853870956 0.07560457772008243 0.19852411225362812 0.13599121947539966 0.11009970825143119 0.10467640511628702 0.1516200611166023 0.1223920975278597
0.10779109990939834 0.07561342223985212 0.25474879281624696 0.13280012310947978 0.09432514444424614 0.07193175587789082 0.1470151953023138 0.11577446630057213
0.08208794950863763 0.1213176469835993 0.13430964737233406 0.1404038715413161 0.09645827524267954 0.16170751149991777 0.09523045200193614 0.16848464584957928
0.11829868850741325 0.09290171718726604 0.15767693977846978 0.09122179377664397 0.1505277865495262 0.13054933392171073 0.14479649805816502 0.11402724222080496
0.08260875194076037 0.12122677855069222 0.11170789648233972 0.13779637025329824 0.10697266474318233 0.1808700078148365 0.09346188591093271 0.16535564430395788
0.10598877310106522 0.08312531781247498 0.2247054702055786 0.13597816897134465 0.0969870690503458 0.08413670776245583 0.15053342271146006 0.11854507038527483
0.08493599783522765 0.1261952141931978 0.12788259783581463 0.13124495233259348 0.10365493474463361 0.1635963983933458 0.09843371424944512 0.16405619041574185
0.06819350372555552 0.11344255254385832 0.06729545264146636 0.08277254974200161 0.14145429993519895 0.2619694822375141 0.09932705969040191 0.16554509948400323
0.06073898946316525 0.10149156245962213 0.05284183992556267 0.07889270086022786 0.14362990694435876 0.31543654548026323 0.08918305314634453 0.15778540172045571
0.09833978970973445 0.07538066239545922 0.19298521393584556 0.1358285939307352 0.10713122773010587 0.11665003198992198 0.1514387457705361 0.12224573453766167
0.10373306684846889 0.07137067870576082 0.2513507539715587 0.13220984403525396 0.09594981633233146 0.07899287078186064 0.14740410969303686 0.11898885963172855
0.1029097016417426 0.0696668626524268 0.2738412115973494 0.12951474584060974 0.09182104200755743 0.07128388867102577 0.1443992763327395 0.11656327125654875
0.10190066564117481 0.0689506554433359 0.28245635212503706 0.12836700257799594 0.09023842432064726 0.06943696932420537 0.1431196282474074 0.11553030232019634
0.08071935689486329 0.11985358552968287 0.14224574396052997 0.1395427813996073 0.0951712421562751 0.16036954412586624 0.09464640825364667 0.16745133767952872
0.10417391746501452 0.08187966477233943 0.23743550782938605 0.13402175117283072 0.09338397034716683 0.08389812524586196 0.1483675877859583 0.11683947538144215
0.12013436023276441 0.08211730570882796 0.19546210945117934 0.09444805073572343 0.14198538202486816 0.11211176001932004 0.14040337094444857 0.1133376608828681
0.0829189591780692 0.11982708598913283 0.12147482386378973 0.1375890226915949 0.1051818159348632 0.1745802149392067 0.0933212501734296 0.16510682722991388
0.07909953550139012 0.1309194312837184 0.10344973611708434 0.12852843563088945 0.10335854104834233 0.1975874491567964 0.0963963267231671 0.1606605445386118
0.09558527555126235 0.16199316347603543 0.09085345341957504 0.11724601657707182 0.1252946063366252 0.2507453622603831 0.08793451243280387 0.07034760994624308
0.11752899236071718 0.0876796194866577 0.14583431696869534 0.0931610064708982 0.1511337851312266 0.15437897861521277 0.13849009320151434 0.11179320776507784
0.08229533567307862 0.11957539962892855 0.10957247497920344 0.13653110268457536 0.1063708559455223 0.18921380343766328 0.09260370442953808 0.16383732322149042
0.07878387745355724 0.13029400534549254 0.10044018037683865 0.1279028900712048 0.10317485783173497 0.2035984087787622 0.09592716755340362 0.159878612589006
0.08922400221429133 0.147168504220989 0.0817575834503378 0.11278510166783677 0.11325205646768952 0.24397290884622302 0.07649772113122842 0.13534212200140414
0.07642124050240631 0.1248935385272775 0.0940216366831439 0.13480402372704658 0.09689117998371352 0.21977125774995945 0.09143229435399682 0.1617648284724559
0.13378319996752291 0.10072236454931999 0.17423718177979838 0.11123714571309849 0.12629514724840282 0.12959041340949465 0.12402111619057399 0.10011343114178864
0.11174408638470092 0.07232949255710658 0.24278780281922036 0.1304510886918542 0.0992213099506562 0.08061701103824796 0.1454432287355449 0.11740597982266879
0.12239256396881289 0.0809053093876949 0.19661442880397745 0.09389227087626885 0.1431754144779096 0.11077212057894249 0.1395771668548713 0.1126707250515226
0.0839936836626826 0.11952351035714624 0.12171949587071815 0.13737592169053142 0.10536068440272599 0.17399888588441476 0.09317671210314304 0.16485110602863767
0.07927404685186722 0.1305871803254936 0.10330589772207757 0.1282054804797291 0.10319314148190045 0.1990232921794737 0.09615411035979683 0.16025685059966138
0.06600249576353223 0.11176189811857042 0.06269901154166375 0.08087863594396018 0.138995113892207 0.2808512097193939 0.0970543631327522 0.16175727188792036
0.08400218698760024 0.14003904468602327 0.07268636772056557 0.10896540719545865 0.11864865081153694 0.2709928821273452 0.07390697183691977 0.1307584886345504
0.1037984819471251 0.07771335918876902 0.20227515270681296 0.13499794276002366 0.101002113684318 0.10820216952484372 0.15051263170408608 0.1214981484840213
0.12125992004143889 0.08197164891953641 0.18434919042621054 0.09466760298907145 0.14474032099676978 0.11868044292498996 0.14072975011509725 0.11360112358688575
0.12413815379696874 0.08089570252436022 0.1762488643490457 0.09288909414293094 0.1565867023158977 0.11968869263605685 0.13808587726322272 0.11146691297151713
0.10942232261490313 0.0707618480317028 0.2433324882402354 0.13011624247839018 0.10538071870603057 0.07881186150213097 0.1450699001960559 0.11710461823055117
0.10490801854214084 0.0695037199238472 0.27103506508929737 0.12924875392048463 0.09366931327436587 0.0712085355294846 0.1441027151919433 0.11632387852843616
0.13753634969675416 0.09188709594575775 0.2347866180650288 0.10691992310144412 0.12083058853624636 0.0926037587040979 0.11920773515937126 0.0962279307912997
0.08673917578644387 0.12066863984879612 0.1303755789395103 0.13711468105716093 0.10052388593567471 0.1670408983598334 0.09299952280398743 0.16453761726859312
0.11822608390337673 0.09160637696650048 0.15590236892998457 0.08975984096346531 0.15207684206938926 0.13775274792570535 0.14247593803724654 0.11219980120433165
0.12366029337068092 0.08184927370122466 0.16716602989483545 0.0930970503937378 0.15925969281101293 0.12485618115876505 0.138395018197258 0.11171646047248536
0.10966852364496135 0.07102858767013916 0.23975911199194272 0.130486953379902 0.10623015261273953 0.07990519747215434 0.14548321518624896 0.11743825804191182
0.13969829061362465 0.09249041147870965 0.2239837197548119 0.10747107974489792 0.12483961420502022 0.09497067874679792 0.11982223368572949 0.09672397177040813
0.12837376372572593 0.0811579193802 0.18844820892456687 0.0921698170944435 0.14935191861393543 0.1128779681268024 0.13701662362099362 0.1106037805133322
0.14472176240039203 0.09267882306372187 0.20385679068285187 0.10647368903696917 0.13602896237313783 0.10170343483112368 0.1187102174785313 0.09582632013327225
0.11311652294528671 0.07076330293266937 0.2536183983479267 0.12854703547532065 0.0999985373878498 0.07494351949052454 0.1433203514926336 0.11569233192778859
0.1403173034865115 0.09211852200894455 0.22854993739215582 0.10705055966158625 0.12271755993332416 0.09354722864711751 0.11935338517493273 0.09634550369542762
0.14720152820714752 0.09287895405134987 0.2175165787073575 0.1055144421463653 0.1276711482166667 0.09661362195828767 0.11764072878109681 0.09496299793172874
0.113218936584285 0.07046635839250547 0.25887835050938124 0.12797034182606487 0.09784343207571376 0.07377189185803829 0.1426773811105529 0.11517330764345839
0.10528529081721676 0.06907391796096334 0.27673752880085845 0.12846451485280683 0.091614529611884 0.0699778074319585 0.14322834715678612 0.11561806336752614
0.12041016982688858 0.0802638610060559 0.20714233265996737 0.09342813623807458 0.14015854512100817 0.10759599212034224 0.13888719954197357 0.11211376348568951
0.08370768362444425 0.11941272781020348 0.12409578087247063 0.13732527580460693 0.10470379256901079 0.17282204737321963 0.093142360980516 0.16479033096552828
0.11751108112574063 0.09143067144223052 0.15388253622296194 0.08975807675724122 0.15346254548722155 0.1392843553081459 0.1424731377099067 0.11219759594655151
0.08285184276653536 0.12030382971568832 0.11167767654451974 0.13685830361552448 0.10712066321737124 0.18413208778424534 0.09282563201748618 0.16422996433862938
0.10553498381391777 0.08238507236040778 0.2248046234279347 0.1345956759388389 0.09703323660821245 0.08930364170716595 0.14900294609427828 0.11733982004924416
0.1223016117448873 0.08548999010287645 0.18503323256344634 0.08890703205688333 0.14989387190494124 0.11611819844969708 0.14112227310616401 0.11113379007110416
0.09938042122253593 0.1419325534038566 0.09824715368580071 0.11324777901966067 0.12628453991052344 0.20819868085982535 0.07681153707420461 0.1358973348235928
0.10680012508204595 0.0773202345164785 0.2130603308742795 0.13416071377569555 0.10189506191342512 0.09643970757361428 0.14957918386633517 0.12074464239812599
0.10558995886965783 0.07081552494269057 0.2599624040805649 0.13089290961309855 0.09401795942016976 0.07498179833100775 0.1459358260910218 0.11780361865178866
0.10372175801906221 0.069246278193425 0.2775088427881981 0.1287694249381436 0.09098641676317175 0.07030649770621732 0.14356829914745267 0.11589248244432926
0.13712469622313705 0.09174089323235968 0.23698060938261623 0.10677187416772865 0.11995276558561022 0.09229180301088617 0.11904267164670641 0.09609468675095577
0.11041362416539577 0.07009627683558094 0.26665839039066547 0.12745475228482744 0.0958258190977072 0.07273932292057386 0.14210253724890462 0.1147092770563447
0.10441334345578017 0.06888560702897592 0.2796760411460865 0.1281557158874847 0.09099547935047828 0.06964960947730744 0.14288405935515083 0.11534014429873624
0.10274606384429022 0.068603030802929 0.2846989355564457 0.12778828856744964 0.0897428191003271 0.06893699710459249 0.142474405313261 0.11500945971070467
0.10221768775236274 0.0684771519658575 0.28657298315278623 0.12758573562957787 0.08935457965724143 0.06871612587212947 0.14224857390342485 0.11482716206662005
0.10203788873364704 0.06842530173685718 0.2872643900430906 0.127502989525898 0.08922227885338634 0.06863814236090851 0.14215631817290417 0.11475269057330818
0.1019744493544545 0.06840533445146371 0.28751840364166115 0.1274714995788515 0.08917520880257267 0.06860954531808672 0.14212120923194338 0.11472434962096636
0.08133329582158783 0.11959263243049008 0.14340373103349138 0.1392884421848678 0.09483614818344395 0.15992571980758452 0.09447389991669294 0.16714613062184136
0.13982630598966475 0.10941884338890932 0.1917498955159845 0.10741345764245061 0.1256862897515339 0.1133515931174012 0.11891111305961158 0.09364250153444412
0.0757876611581401 0.10676439653345271 0.07314525252459927 0.08319297929133958 0.14715628007123793 0.253523234378776 0.09404423745977519 0.16638595858267916
0.10197583404369458 0.07536694304557702 0.20267993019114774 0.1351866261195257 0.10723797456855512 0.10516172895484362 0.1507229995690831 0.12166796350757311
0.13877506448039925 0.09388699815507157 0.21182736937756566 0.10867431747294616 0.1263408721700507 0.10152473865967226 0.12116375395864297 0.09780688572565154
0.11167286868525073 0.07083880194659087 0.25707933662577664 0.12856224589020382 0.0979218788436766 0.07488153673719491 0.14333730997012276 0.11570602130118343
0.08310716200921137 0.1199593705034735 0.13656103370650668 0.13939402670389195 0.09676203079600705 0.16239803047186024 0.09454551376437889 0.16727283204467033
0.10488040282755337 0.08178458333490747 0.23557826004520757 0.13373619953136318 0.09429448351006066 0.08508406744545897 0.14805147038067065 0.11659053292477814
0.12121637734278817 0.08197906052140277 0.19479028505005083 0.0942828553596594 0.1420952902390564 0.11233890813273338 0.14015779692271757 0.11313942643159126
0.10840774992250196 0.07057698791681986 0.2509247360651525 0.1296566359321654 0.10192283427378515 0.0772626103546151 0.14455747319601125 0.11669097233894885
0.10452536331495689 0.06932272420806843 0.27390477162263105 0.12892959479739124 0.0927449282759928 0.07078910587576825 0.14374687658753918 0.11603663531765213
0.10297388605058842 0.06877834724165895 0.2825915777535681 0.12806727467825135 0.09027778517428384 0.06926512788427727 0.14278545400694592 0.11526054721042622
0.10234188276728348 0.06854147015297066 0.2858035541332649 0.12768620311811277 0.08952751765531618 0.06882120171118299 0.1423605876555675 0.11491758280630147
0.10209218889302962 0.06844855547990544 0.2869831277885926 0.12753918691675592 0.0892805516381073 0.06867444549611586 0.14219667556241294 0.11478526822508034
0.1019962258689518 0.06841370884816904 0.2874154108516232 0.12748451290578253 0.08919538850128111 0.06862297328866031 0.14213571812032766 0.11473606161520428
0.10196002752030198 0.06840085250865358 0.28757373983926043 0.12746440703871878 0.08916523942911826 0.06860446575011067 0.14211330157898946 0.11471796633484692
0.08133023452738056 0.11959111216197064 0.14341559178605692 0.1392871913652905 0.09483335722984283 0.15992483175639116 0.09447305153471877 0.16714462963834859
0.10423765476467788 0.0815698361281328 0.23845223927453169 0.1334548103460557 0.09369697734061606 0.08450330188447885 0.14773996098545847 0.11634521927604854
0.08184622351137877 0.12145764800502303 0.13236015208650148 0.13971205428745073 0.09594971463013559 0.1662585229048202 0.0947612194297492 0.16765446514494087
0.10474195036221579 0.08209998259519555 0.2339976090575234 0.1339578456068296 0.09427132834229669 0.08585067950178944 0.14829684169742632 0.11678376283672325
0.08194848183804512 0.12154999691896301 0.1313673779271905 0.13975309266546965 0.09608827922969719 0.16680000606636114 0.09478905415570985 0.16770371119856356
0.1047991396872939 0.08213703646401509 0.2336018920166353 0.1340006622228139 0.0943296129279162 0.0859663250869743 0.14834424145138533 0.11682109014296596
0.08429965524746569 0.1248491367587298 0.12990258251295783 0.1298723872640246 0.10295653537911678 0.16837492830965606 0.09740429044801847 0.16234048408003074
0.09721128727541707 0.16118224891324368 0.09672582246621365 0.11764869412749675 0.1267091819140308 0.24169702823147757 0.08823652059562255 0.07058921647649803
0.11827817266546338 0.08750830635368671 0.14768499444119818 0.09303719703923029 0.15142821985895508 0.15211243102860897 0.13830604216578116 0.11164463644707635
0.09600544816057378 0.13860301113241183 0.1276027630827354 0.15826667591352 0.09257015106472402 0.16400237240264146 0.0805095699212254 0.14244000832216802
0.08136823218632372 0.13412297609641408 0.10463369169686056 0.1278326247149627 0.10092970263795963 0.1954475232375539 0.09587446853622203 0.15979078089370335
0.0783219995199928 0.13252873710509985 0.09907980212678127 0.12716402573623556 0.10228671732163783 0.20629066671778162 0.09537301930217668 0.15895503217029444
0.09477851285173663 0.16113059617904466 0.0894595007856869 0.11621028273453318 0.1250917991221889 0.25644542663519004 0.08715771205089988 0.06972616964071991
0.11760594686277077 0.08748219424978951 0.14522267274978565 0.09299662703209331 0.15089183478185972 0.15595903975986825 0.13824573212532082 0.11159595243851197
0.14273225217652682 0.09415086931892985 0.1890366611530269 0.10751030916942732 0.1376762437958928 0.11226841456720109 0.11986597156651074 0.09675927825248458
0.11321783577100755 0.07123719571155827 0.24795609210047864 0.1292370640504286 0.10083864937762248 0.07711012348430944 0.14408968185920917 0.11631335764538572
0.09593146095886917 0.1380830910835003 0.15472851582725544 0.16039969754394862 0.08403534987383963 0.1408675281724157 0.08159462875061733 0.14435972778955375
0.10715736283838276 0.08337397777809527 0.24259619008403463 0.1325854588050955 0.0909353346516322 0.08098679968876106 0.146777553093146 0.11558732306085247
0.10512939087662106 0.15511169400951158 0.12271722047934497 0.12074619534856032 0.12675060509375208 0.20653753047165344 0.09055964651142025 0.0724477172091362
0.09301639745051471 0.1473535333138733 0.08426535784049374 0.10990138055801518 0.11699074474518752 0.24204912347860014 0.07454180594369725 0.1318816566696182
0.10571373354399187 0.07801647112287591 0.20722891750249697 0.13464594294507692 0.10031843660109141 0.10277497145483423 0.15012017817906337 0.12118134865056923
0.14558815537531672 0.10096796015514933 0.21363764319456863 0.1057590023658093 0.12542473324348993 0.09934278669840327 0.11707956305860857 0.09220015590865425
0.08811641034281718 0.12157908187177313 0.12545893765202126 0.13690892818628894 0.10138375300389392 0.16940220643678452 0.09285996868287424 0.1642907138235467
0.10632240635680534 0.08211936195767491 0.23075506106837795 0.13388524588676412 0.09547008187773956 0.08651090125660744 0.14821647082295417 0.11672047077307642
0.12242737224511016 0.0853240139658212 0.18700262376909896 0.08875469589136765 0.14936829406778443 0.11529916052777078 0.14088046966883755 0.11094336986420955
0.0839570985926659 0.11984757575127862 0.1194186164983707 0.13713070461847182 0.10654485678738178 0.17553391125104917 0.09301039095861567 0.16455684554216618
0.07921597536967599 0.1303816538969407 0.10282129848044995 0.12787865193767617 0.10415749284731685 0.19978762359258775 0.09590898895325715 0.15984831492209522
0.07787592515069175 0.13166204174250767 0.09859402150807425 0.127027763379494 0.10298771407347294 0.20779700738677126 0.09527082253462052 0.1587847042243675
0.11527985695530162 0.09741106521937508 0.14508836010691306 0.08898227470102113 0.15259796805262726 0.1481709257138488 0.14124170587463672 0.11122784337627642
0.08232456935527756 0.12082620023558763 0.10954269642087032 0.13665222884071515 0.10676614978940627 0.1872196211877564 0.09268585956152854 0.16398267460885815
0.1050816752356869 0.08613704213725557 0.22345778426591306 0.13387911806112307 0.0968067230374399 0.0897128416284015 0.14820968706807275 0.1167151285661073
0.08399424542739874 0.12954879043975517 0.1271178146427476 0.12906581988583307 0.10307713475476588 0.16906455507783344 0.09679936491437481 0.16133227485729132
0.11689988099655661 0.0969970952697297 0.1542991160915628 0.08898790212878892 0.15258075918474512 0.13774973036796576 0.14125063829966494 0.11123487766098615
0.08275072516190166 0.12097683829424764 0.11177989906170528 0.1368768733825497 0.10694077299682585 0.183584415879894 0.09283822716381632 0.1642522480590596
0.10511568659604557 0.08610308227942033 0.22439798422109147 0.13379597250238573 0.09678273374699022 0.08904425644299643 0.1481176415166826 0.11664264269438755
0.08400542472242835 0.12954683812231227 0.12733645904523397 0.12907031389323376 0.10308157405427144 0.16881876237605264 0.0968027354199253 0.16133789236654217
0.07869353639927547 0.13818764777588416 0.10391486276650602 0.12677757798815567 0.102717544209078 0.19615367488478933 0.09508318349111676 0.15847197248519457
0.0655248729578629 0.11833994617302383 0.06246908417226592 0.08012895488603208 0.13845078259306906 0.27867370358244353 0.0961547458632385 0.16025790977206417
0.07191544952118932 0.12071826838593457 0.08922990329801153 0.13383771782807938 0.10152039833772682 0.2313961143606659 0.09077688687469733 0.16060526139369524
0.11410122923050742 0.08633977907986938 0.14842204812432308 0.0957009905927236 0.14643449316014553 0.15189432090660626 0.1422659501945563 0.11484118871126832
0.12285690028844762 0.08160924167106151 0.16499057576572873 0.0933210134119472 0.15775609301103685 0.12875300549132299 0.13872795426611853 0.11198521609433666
0.1096165177322307 0.07107073848885766 0.2389349395717425 0.1305972083968122 0.10599842824056491 0.08063853871054379 0.14560614130211744 0.11753748755713098
0.12200639668033396 0.08075865837690156 0.19528984166595678 0.09383556078710992 0.14525860211517266 0.11075540393154332 0.13949286349844997 0.11260267294453188
0.12422111642235474 0.08062497718192696 0.17958243950639624 0.09267822144117772 0.15646895553203716 0.11743802335771925 0.13777240082897466 0.11121386572941326
0.0842479002333631 0.11923067701501343 0.11771871562261084 0.13705631433776522 0.10803647576028413 0.1762824048835087 0.0929599349421364 0.16446757720531824
0.07878665929910887 0.1356738057836121 0.10186316583920196 0.12690499264645472 0.10390315646063482 0.19905823467807815 0.09517874448484104 0.15863124080806837
0.11552683327607566 0.09811596974546688 0.14614745709508048 0.08898047607506258 0.1529276038912028 0.1458372139104856 0.14123885091279775 0.1112255950938282
0.07087697774164615 0.10404336182640561 0.06588129748950752 0.08201280134744557 0.15321762186155424 0.2672322137762199 0.09271012326232977 0.16402560269489114
0.10091928654477576 0.07525000507877977 0.1994260664594164 0.13530024764417733 0.10872108562771214 0.10776340667552757 0.15084967908985147 0.12177022287975961
0.10470171098551441 0.07099241665490216 0.2547993963718996 0.13149409325432423 0.09584946579289036 0.07721213202503993 0.14660610098653762 0.11834468392889182
0.10370232226241549 0.06938754426284163 0.2756130747685962 0.1290156598120336 0.09152187625234798 0.0708025961548316 0.14384283265610312 0.11611409383083025
0.10275177842178537 0.06875986719673136 0.28325912388243574 0.12802553504597064 0.08999744344589235 0.06924435303396016 0.14273891743185083 0.11522298154137359
0.11965355028625467 0.08017273567700228 0.20916796231360565 0.09334773036652544 0.13954140874054938 0.10733166536271058 0.1387676708135214 0.1120172764398305
0.10754347323589535 0.07010238914489737 0.2564440815912534 0.12899924413281535 0.10092395955448173 0.07606300222229759 0.14382453039882545 0.11609931971953381
0.12118421352135458 0.08047379882217405 0.20070216840713606 0.0935818434260713 0.14332037987566051 0.10932368823577018 0.1391156956005478 0.11229821211128556
0.10815498342321257 0.07029583555933132 0.25312603403441575 0.12932034344369364 0.1019514619925441 0.07658050027965879 0.1441825321678196 0.11638830909932428
0.12139880021814659 0.08052952554718999 0.1996780723776509 0.09363117976137864 0.14370962360734618 0.10950634539801671 0.13918903737661661 0.11235741571365436
0.0838793783432401 0.11944193347214617 0.12240754687280286 0.13732598148357694 0.1054594765201018 0.17355166591289206 0.09314283961494785 0.1647911777802923
0.07876963673363066 0.13580719675595312 0.10294740380377869 0.12698814181779722 0.10337793148384655 0.19813340576939936 0.09524110636334791 0.15873517727224648
0.07696106724147637 0.14213396083829935 0.09761739103577306 0.12535694312841666 0.10178210883579746 0.20543464266340394 0.09401770734631251 0.15669617891052082
0.07628695903040653 0.14518332881116858 0.0960358997077355 0.12470288887489125 0.1009799181031649 0.20740522772285067 0.09352716665616845 0.15587861109361403
0.07609039095127203 0.14593622665388764 0.09560095902551477 0.1245657454104752 0.10070296976629199 0.20797221737160784 0.09342430905785641 0.155707181763094
0.09249976563268772 0.17775970649880404 0.08711846646860004 0.11362211690168268 0.12240212430137758 0.2532079623795764 0.08521658767626203 0.06817327014100963
0.1171928342707577 0.0889903039559026 0.14468453140184978 0.09318546548977216 0.15026814391756638 0.1553297092005844 0.13852645317584042 0.11182255858772659
0.1090800703125186 0.07213130862739411 0.23109453898229362 0.13159672599978867 0.10517469221194194 0.08576508162768288 0.14672052883857037 0.11843705339980982
0.08264695316272869 0.12019241312113019 0.13065678643877665 0.13952098711080982 0.09833601342196062 0.16659003617124699 0.09463162604037537 0.16742518453297178
0.13927290073074874 0.11808747439732879 0.1857917540926705 0.10632108806807973 0.12585086660151512 0.11428392173155215 0.11770181503670203 0.09269017934140285
0.08688778197985908 0.123588679621118 0.11903360913892612 0.13694137106480364 0.10137805079988527 0.17495888869977672 0.09288197341786682 0.16432964527776436
0.11750676329667042 0.09936824262613785 0.1514700602020942 0.08878059647586212 0.15179692865882968 0.1391800814378605 0.14092158170771762 0.11097574559482763
0.08284600633076904 0.12124300016126323 0.11113005617003506 0.13686394711223804 0.10675481821341948 0.18409597569711494 0.09282945978047451 0.16423673653468565
0.10486240038316738 0.08907642933889452 0.2235445181722791 0.1332847158853573 0.09651071602194876 0.08897262897547648 0.1475516594253854 0.11619693179749101
0.12150370997434251 0.09161946148256996 0.18413040070232567 0.08815529699378206 0.14907135195193813 0.115396614805541 0.13992904284727312 0.11019412124222758
0.0992082099803779 0.14279859602708 0.09807407329616373 0.11325395408994979 0.12606922066800275 0.20787547564773753 0.07681572538274854 0.13590474490793975
0.10677463660582343 0.077395053910091 0.21300832210714207 0.1341854721687053 0.1018625468891122 0.09640025574039138 0.14960678762689977 0.12076692495183476
0.10727967673913393 0.07847102816647757 0.26473187558368794 0.12925585581954208 0.09251533052593505 0.07197009519427797 0.14309154571801155 0.11268459225293412
0.12115646936130163 0.08117754223815898 0.20349338016784574 0.09362478926390982 0.14070244551834632 0.10831608886082926 0.13917953747291667 0.11234974711669177
0.08385235577785556 0.11954544203246126 0.12328565254377909 0.13735785542896164 0.10483208750299665 0.1731327217343307 0.09316445846486095 0.16482942651475396
0.13958150236618558 0.11787135637775688 0.18284344812430922 0.10620969533276843 0.12761813195236615 0.11570429942092372 0.11757849869968665 0.09259306772600324
0.08691992132783902 0.12352640542394738 0.11834256179378146 0.13689819914625484 0.1017307756503783 0.17545160608744212 0.09285269159485111 0.1642778389755058
0.14062209169225995 0.11889031689474754 0.18098251562239343 0.10623498543739358 0.1267837392406554 0.11626473971791942 0.11760649588510806 0.0926151155095226
0.07578238203937983 0.10757787479086026 0.07155243430964593 0.08307157605863244 0.14724977447445434 0.25471580718696035 0.09390699902280189 0.16614315211726488
0.10202334119287408 0.07546214135875738 0.20200953418976142 0.13525103605726196 0.10730946121403696 0.10542374169282492 0.1507948118429473 0.12172593245153579
0.10658648005040386 0.07844515005071616 0.26054289042563006 0.1298103024780911 0.09401330021004248 0.0737285798178884 0.14370534096068696 0.11316795600654098
0.09824053758109054 0.14449529309610495 0.11445693035705751 0.11623678229673672 0.1146498934554916 0.19359756342138712 0.0788388610360475 0.13948413875608406
0.10622137127528242 0.07730560964448714 0.22013333460681905 0.13388082299516313 0.09910118113725393 0.09359781311193432 0.1492671265334132 0.12049274069564679
0.10691684761385976 0.07828305257343812 0.267528064014583 0.12896495729110036 0.09174671317622358 0.07135986783412024 0.1427695090890488 0.11243098840762596
0.08227288043654955 0.12088531948291578 0.13893221960806929 0.13944316296841916 0.09545491520026425 0.16110086577179475 0.09457884096988431 0.16733179556210298
0.07835904362617042 0.1409343461153418 0.10643193183031822 0.1267066625280112 0.10095424893371831 0.19320044191041766 0.09502999689600838 0.15838332816001396
0.07676963161225465 0.14524504956829187 0.09823539678275724 0.1251069547553129 0.10108627846112067 0.2033427793096368 0.09383021606648467 0.1563836934441411
0.07624981042755222 0.14608151696485425 0.09616544594783442 0.12469010473406611 0.10081776660160195 0.2066151458559589 0.0935175785505496 0.15586263091758262
0.09257353050301222 0.17787800415781385 0.08726407759930906 0.11366925746597378 0.12248092451014042 0.2526807081846861 0.08525194309948035 0.06820155447958427
0.08922724331888492 0.1484915787455047 0.07684159919679392 0.10843498922615803 0.11440943729310522 0.2589259550643348 0.07354721008382892 0.13012198707138964
0.1171839615014142 0.08731655748595947 0.1423231134576146 0.09406939739677331 0.14873427442695178 0.1576489415309999 0.13984047732415852 0.11288327687612795
0.10919659195606923 0.07210007090139381 0.23022655221752342 0.13176637414125017 0.10495997096027065 0.0862510292403766 0.14690967385599085 0.11858973672712514
0.10542776710769224 0.0699369689776271 0.2662018970381905 0.12989968745834543 0.09401316739611312 0.07278233579999227 0.1448284575095284 0.1169097187125109
0.10344639069568229 0.06901244703408552 0.2797657502980761 0.12843518380359067 0.09077353441568564 0.0697793831038538 0.14319564522579434 0.11559166542323158
0.10254587758978045 0.0686274013653395 0.2847699221655976 0.1278203840448544 0.08971421898412493 0.06897366083455171 0.14251018937538243 0.11503834564036898
0.10217346378859041 0.06847974714543234 0.2866050106454464 0.12758778429272982 0.08934955449034608 0.06872457576404424 0.14225085800995396 0.11482900586345683
0.1363787619286786 0.0914628790809002 0.23999980484952196 0.1065190711616296 0.11926018110725774 0.09175132266574317 0.11876081516080197 0.09586716404546665
0.08655240443567491 0.12057675817339777 0.13153304475323593 0.13705998948372286 0.10016086218738536 0.16668252593628619 0.09296242764982941 0.1644719873804674
0.1402368373044129 0.11794067737989501 0.18576431145269867 0.10603637004138516 0.1260998573762081 0.11409336234234166 0.11738662047723548 0.09244196362582296
0.08705331161149236 0.12355354480093192 0.11901999108915717 0.13691648535736428 0.10142240846339039 0.1748693818325274 0.09286509441629924 0.16429978242883708
0.11755011496204593 0.09935862747326454 0.15146208639187467 0.08877778735731984 0.15180822548798475 0.1391538013414639 0.14091712278939655 0.11097223419664978
0.09779895380852473 0.14311141876286843 0.09148525732612378 0.11267168483197308 0.12601421966064477 0.21729164888198543 0.07642079492951218 0.13520602179836771
0.10663874234961941 0.07755969918079 0.21025911461666602 0.13442220491393167 0.10204482278634915 0.09822470475890081 0.14987072697120443 0.12097998442253852
0.10735044519168158 0.07857640697983186 0.26367486155433556 0.1293867603718883 0.0926411786021808 0.07233517069116009 0.14323646243855762 0.11279871417036413
0.08236211753064084 0.12094659529998082 0.13807149192182364 0.13947904418325144 0.09566223074215865 0.16150048950838544 0.0946031777938575 0.16737485301990168
0.09394015992098967 0.1689439993028016 0.12734231656328654 0.15187077640183394 0.08443129787341669 0.16163118746947255 0.07944009842557469 0.13240016404262447
0.07962646694386513 0.15354016226620715 0.10285842553440905 0.12500435475784918 0.09736637846993149 0.19159550251203966 0.09375326606838691 0.1562554434473115
0.11532085326231721 0.10539754032193345 0.14597036559228846 0.08850451237562662 0.1501845296984187 0.1435082053026971 0.14048335297718512 0.11063064046953328
0.09723409200693237 0.14383398823001312 0.09038431925645896 0.11258869986154268 0.12547425723407296 0.21901369410582136 0.07636450947130721 0.13510643983385123
0.11937269827529892 0.08699045714036978 0.14692205327510233 0.09416694933797509 0.15232589384687525 0.1472361140820577 0.13998549483675102 0.1130003392055701
0.10953183416157251 0.071959356480403 0.2320097506685403 0.1315522093973538 0.10554711343844002 0.08433185124708192 0.14667089614898995 0.11839698845761841
0.10543406688975569 0.0698775796168005 0.26685041824506905 0.1298050354888921 0.09407105778666364 0.07241438240564844 0.14472292762716776 0.11682453194000288
0.10342333239049806 0.06899076088630257 0.2799998716458812 0.12840137680523678 0.09076364872928586 0.06970181747254235 0.14315795294554012 0.1155612391247131
0.11989027159430783 0.08023671300485667 0.20817430693664185 0.0934036528900875 0.13985490178937837 0.10750496691583614 0.13885080340078676 0.11208438346810497
0.10763028334418023 0.07012889815137345 0.25605873047200034 0.12904071276328022 0.10101901486352614 0.07611495409156747 0.14387076482711986 0.11613664148695219
0.10417020404389056 0.06916474260533927 0.27580835136211374 0.1286861841195631 0.09240086935645037 0.07047659095829939 0.14347549184673675 0.11581756570760676
0.081777374847419 0.11978301213048766 0.14080990032866972 0.13941869976278437 0.09559267478020018 0.16075364990033972 0.09456224853475811 0.16730243971534126
0.10379564398557652 0.0881081495585827 0.2361494152171894 0.13232358928058593 0.09340179121466238 0.084374731426265 0.14648765276483258 0.11535902655230568
0.10322626257404068 0.16476261631162376 0.12022292425344491 0.11913180972526707 0.12605309999019507 0.205775344016318 0.08934885729395031 0.07147908583516026
0.07892003594891382 0.12669109564829795 0.10239521984543495 0.13429236076663081 0.09953269010163553 0.2059325113795891 0.0910852533895409 0.16115083291995697
0.1041318836350124 0.09029965206074221 0.2197824690165995 0.13351253455806175 0.09519035309450573 0.09288370062600396 0.14780386406102072 0.11639554294805382
0.12137525464298854 0.09192045528105129 0.18300959342200715 0.08820945812173589 0.14871028517576326 0.11649811781263979 0.14001501289164425 0.11026182265216986
0.1241508891388546 0.0815824967778831 0.1756495479888849 0.09274681132784515 0.15769257946673268 0.1190071374040961 0.13787436430228922 0.11129617359341418
0.1095309871628913 0.07080794696177845 0.24307158231806153 0.13010962482007501 0.10561487318307022 0.07870380121516654 0.1450625220008896 0.11709866233806752
