Action: 0
[0.25497095549797033, 0.09333560071443842, 0.18280130716692436, 0.09327914109740153, 0.09337896405284919, 0.09567574927561309, 0.09327914109740153, 0.09327914109740153]
[0.20196964343918597, 0.09115041620396079, 0.20565861777607547, 0.09115041620396079, 0.13661965776493443, 0.09115041620396079, 0.09115041620396079, 0.09115041620396079]
[0.12543111751083577, 0.09189780849060368, 0.2179815060063079, 0.09189780849060358, 0.19709833402983837, 0.09189780849060358, 0.09189780849060358, 0.09189780849060358]
[0.125, 0.125, 0.125, 0.125, 0.125, 0.125, 0.125, 0.125]
[0.15066842706795375, 0.09254779154154501, 0.29404482361310924, 0.09254779154154501, 0.09254779161121195, 0.09254779154154501, 0.09254779154154501, 0.09254779154154501]
[0.17866242029509813, 0.09474841234780364, 0.26652263125253517, 0.09173411974387417, 0.09313005712906627, 0.09173411974387417, 0.09173411974387417, 0.09173411974387417]
[0.125, 0.125, 0.125, 0.125, 0.125, 0.125, 0.125, 0.125]
[0.125, 0.125, 0.125, 0.125, 0.125, 0.125, 0.125, 0.125]

Action: 1
[0.09333889312822768, 0.09310272448633998, 0.09310272448633998, 0.09310272448633998, 0.2328087842509234, 0.20833870018914905, 0.09310272448633998, 0.09310272448633998]
[0.10176044909013712, 0.10176044909013712, 0.10176044909013712, 0.10176044909013712, 0.2876768563690403, 0.10176044909013712, 0.10176044909013712, 0.10176044909013712]
[0.09686993541239416, 0.09704999745328032, 0.09686993541239416, 0.09686993541239416, 0.09693773816854134, 0.3216625873162076, 0.09686993541239416, 0.09686993541239416]
[0.125, 0.125, 0.125, 0.125, 0.125, 0.125, 0.125, 0.125]
[0.0927781068030041, 0.0927781068030041, 0.0927781068030041, 0.0927781068030041, 0.2940160174299428, 0.14931534175203254, 0.0927781068030041, 0.0927781068030041]
[0.09426670006047039, 0.09426670006047039, 0.09426670006047039, 0.09426670006047039, 0.2578285924963368, 0.17657120714084096, 0.09426670006047039, 0.09426670006047039]
[0.125, 0.125, 0.125, 0.125, 0.125, 0.125, 0.125, 0.125]
[0.125, 0.125, 0.125, 0.125, 0.125, 0.125, 0.125, 0.125]

