0.125 0.125 0.125 0.125 0.125 0.125 0.125 0.125
0.07575757575757576 0.12626262626262627 0.09090909090909091 0.15151515151515152 0.0946969696969697 0.15782828282828282 0.11363636363636365 0.1893939393939394
0.06506121454980185 0.1084353575830031 0.05855509309482167 0.0975918218247028 0.14119196794261551 0.2168707151660062 0.11711018618964333 0.1951836436494056
0.08769198837691987 0.1551473640514736 0.07644942576449425 0.13525667635256675 0.10523038605230385 0.18617683686176836 0.0917393109173931 0.1623080116230801
0.07311468051055857 0.12185780085093095 0.08773761661267028 0.14622936102111714 0.1002281718925128 0.17837364706997597 0.10967202076583786 0.1827867012763964
0.07274928438183456 0.12124880730305762 0.08729914125820148 0.14549856876366912 0.10563418362652034 0.17657287713937864 0.10912392657275186 0.18187321095458642
0.0713303504823797 0.11888391747063284 0.08559642057885565 0.1426607009647594 0.10459892488622162 0.19160828368763197 0.10699552572356957 0.17832587620594925
0.05238388451763526 0.08730647419605875 0.0628606614211623 0.10476776903527052 0.12751709885556584 0.22990725106144158 0.1257213228423246 0.20953553807054104
0.08439672807197468 0.14931728812733983 0.07357663472941382 0.13017404605973218 0.10127607368636962 0.21675841237819482 0.08829196167529658 0.1562088552716786
0.07020593588409184 0.11700989314015309 0.0842471230609102 0.14041187176818368 0.10827025726483556 0.19903117534545825 0.10530890382613776 0.17551483971022958
0.07034329967177061 0.11723883278628436 0.08441195960612473 0.14068659934354122 0.11086378425757672 0.19508232564761993 0.10551494950765591 0.17585824917942652
0.08605345111706424 0.1434224185284404 0.07744810600535783 0.12908017667559638 0.13659616083395498 0.2531414483275311 0.09681013250669727 0.07744810600535783
0.06857171146729417 0.12131918182675124 0.08571463933411771 0.15164897728343904 0.08228605376075301 0.20562309638657678 0.10285756720094127 0.18197877274012683
0.09486660904462377 0.07470745462264122 0.18973321808924754 0.14941490924528245 0.09926594123878477 0.0963442695703429 0.165408446539344 0.1302591516497334
0.060273356085989445 0.10045559347664908 0.06413421232642336 0.09041003412898417 0.14955749007059999 0.24585720469860467 0.108492040954781 0.18082006825796834
0.05763358034408094 0.10196710368568167 0.05024465978714749 0.08889439808495325 0.11526716068816188 0.30771498166577316 0.10048931957429498 0.1777887961699065
0.07700649109085772 0.13624225346844057 0.09625811386357214 0.1703028168355507 0.06930584198177195 0.2109796451305962 0.08663230247721493 0.15327253515199563
0.0931882200985941 0.07338572332764286 0.20388669868194356 0.14677144665528571 0.09510880952805097 0.09722248240119791 0.16248202478729226 0.12795459451999266
0.0693798483690133 0.11563308061502217 0.11226465995650438 0.1387596967380266 0.10713278198680971 0.1793105388585707 0.10406977255351996 0.17344962092253324
0.10136338110747499 0.07982366262213655 0.14522216541527294 0.09578839514656387 0.16064902202139367 0.1453728080927406 0.15204507166121248 0.11973549393320482
0.05003786854512676 0.09512609946609639 0.06254733568140845 0.11066067082095342 0.10007573709025352 0.23513627539143764 0.1250946713628169 0.22132134164190684
0.06708692426740202 0.11181154044567006 0.08924905333097312 0.13417384853480405 0.10536159590073682 0.22396934045080602 0.10063038640110306 0.16771731066850507
0.06643993825873026 0.13018068437859603 0.08304992282341284 0.14693447884142272 0.07972792591047632 0.21768576778955925 0.09965990738809541 0.17632137460970723
0.10182798016727307 0.08018953438172755 0.1396874504732332 0.09622744125807306 0.1533088580644744 0.15573246383171788 0.1527419702509096 0.1202843015725913
0.06749403314368031 0.1285610164937438 0.0843675414296004 0.1492656502216007 0.09285588092313538 0.197096047806798 0.10124104971552049 0.17911878026592085
0.09191832492327137 0.07238568087707623 0.2105213030134641 0.14477136175415245 0.09924716744605934 0.09467738264178067 0.16026784858416548 0.12621093076003034
0.06860262781339796 0.11433771302232995 0.1200897153010759 0.13720525562679592 0.10779720061519374 0.17755697636761472 0.10290394172009695 0.1715065695334949
0.06744893159038486 0.11241488598397478 0.10222903325682363 0.1348978631807697 0.10797270324591511 0.20524085638059253 0.10117339738557729 0.16862232897596213
0.10002319133461549 0.0787682631760097 0.1470178806581369 0.09452191581121165 0.16037896168567753 0.15110260556841093 0.15003478700192324 0.11815239476401454
0.06750817306552583 0.12842708643375103 0.0843852163319073 0.1492969212026052 0.0934243529666374 0.19653968495815818 0.10126225959828877 0.17915630544312625
0.08232671729945934 0.1372111954990989 0.1169033475081327 0.16465343459891868 0.08912576391715518 0.18010910932643567 0.08612641194404978 0.14354401990674961
0.07285744933529262 0.11215222430550577 0.10151464590175066 0.13458266916660694 0.10375931526672735 0.20596835769090283 0.1009370018749552 0.16822833645825863
0.07489550900277941 0.11051630647243718 0.09760345416676997 0.13261956776692463 0.1057580370711121 0.2133679899861275 0.09946467582519349 0.16577445970865576
0.06553520898923894 0.1285151152641856 0.08191901123654867 0.14493363526466305 0.09286050880084186 0.21401334464306768 0.09830281348385841 0.17392036231759564
0.10035300056665578 0.07084125336786035 0.21255985916372022 0.1416825067357207 0.09764058680702602 0.09655635145870166 0.15684835910507133 0.1235180827952437
0.07928473062900064 0.11205321132997317 0.1231585095841582 0.1344638535959678 0.10597500177296316 0.17613698589600146 0.10084789019697585 0.16807981699495975
0.07589575149542477 0.1108405859097628 0.10407985933873531 0.13300870309171536 0.106610304277537 0.2035473897033939 0.09975652731878654 0.16626087886464422
0.11149650517392909 0.07732243957596228 0.14819512845942873 0.09278692749115476 0.15770338982013427 0.14923111282790008 0.14728083728754723 0.11598365936394343
0.06686660728915053 0.12716102311863903 0.08358325911143816 0.14787807381254442 0.10159912253211924 0.19515831462732952 0.1002999109337258 0.1774536885750533
0.13450456200496208 0.09475020635522792 0.17388950092443473 0.1137002476262735 0.13302132286684779 0.1251400194168239 0.12587084800303783 0.09912329280239228
0.10351763875476018 0.09120342961507566 0.1293970484434502 0.1044530391049538 0.15913431795896657 0.1316744210647089 0.15527645813214028 0.12534364692594455
0.06655432469184593 0.12824927969559488 0.0831929058648074 0.14718744883773616 0.1098959425933631 0.18846367267360037 0.0998314870377689 0.17662493860528342
0.0746342889385247 0.1113081365569944 0.09718842561072606 0.13356976386839325 0.10773184902454798 0.2084280082640271 0.10017732290129495 0.16696220483549157
0.0650939965271188 0.12786396348256268 0.08136749565889848 0.14395787693497425 0.09914747227904427 0.21217874800475423 0.0976409947906782 0.1727494523219691
0.09970936520029262 0.07040070690825052 0.21611845696003398 0.14080141381650105 0.09843184485428025 0.09591530872957614 0.15587295302437235 0.12274995050669323
0.07895149713710528 0.11159983119210558 0.12636865820465515 0.13391979743052668 0.1058491546469672 0.17547146652758677 0.10043984807289501 0.16739974678815833
0.09354860796489478 0.13663795211756444 0.09836555171667818 0.12297415690580799 0.13149108530491738 0.2509675341672965 0.092230617679356 0.0737844941434848
0.06343006980453696 0.1277927962154193 0.0792875872556712 0.14027803899080288 0.1017620244830279 0.22397073175477275 0.09514510470680544 0.16833364678896345
0.07348326453737213 0.11005011852010088 0.09573045203796623 0.13206014222412105 0.10491015650006828 0.21964558173212934 0.09904510666809078 0.1650751777801513
0.05467356523583368 0.10731103377407941 0.04766413379534219 0.08432885209945157 0.1386685906356897 0.303367852670016 0.09532826759068438 0.16865770419890314
0.08837459295168096 0.07924555883686303 0.17674918590336192 0.14267705368102707 0.10883151259359242 0.11663848040752448 0.1590742673130257 0.1284093483129244
0.09986035863176984 0.06791491788867829 0.25285592018322184 0.13582983577735658 0.09707057590636567 0.07768342557699212 0.15036921176817658 0.11841575426743907
0.07889653595332297 0.11138878883183732 0.13472699389159556 0.1336665465982048 0.10548187116625654 0.1685061703623732 0.10024990994865358 0.16708318324775595
0.09367424237562781 0.13682200667028194 0.10036112827444889 0.12313980600325374 0.13158662395521029 0.24817745461678495 0.09235485450244031 0.07388388360195225
0.06283012113093224 0.12680515117882235 0.08664516284819297 0.13895122942417706 0.10163810656889435 0.22214357184357034 0.09424518169639835 0.16674147530901245
0.11629751621993427 0.10586421985551733 0.1580535800975336 0.11734839739059631 0.13221087432757578 0.1337771487098801 0.13083470574742606 0.10561355765153668
0.07268493311704556 0.1273851406317309 0.09428122419903741 0.1438682133099944 0.10483597236545414 0.18672248094231322 0.09758017946243099 0.17264185597199327
0.10037428475575716 0.07002472485778317 0.222043806369491 0.14004944971556635 0.09908119583981595 0.09129164854824343 0.1550404978536184 0.12209439205972451
0.07901028337099508 0.11154149820610262 0.12820732986817182 0.13384979784732315 0.10598000459719908 0.17371149041556205 0.10038734838549236 0.16731224730915392
0.06423654025084997 0.09380900191193114 0.06799312790314876 0.08442810172073803 0.1445030948962278 0.27486020781074266 0.10131372206488563 0.16885620344147606
0.10286911826672322 0.08543577743649657 0.1290578746301279 0.09729068687974599 0.16084632686139916 0.16312225117395066 0.1446291404958612 0.11674882425569519
0.10813051475324911 0.08588061945623565 0.13843252531901473 0.09874108933486195 0.1675904493843063 0.1359502333900165 0.14678526116048135 0.11848930720183433
0.07677488477894624 0.12385116616951836 0.09183989739111528 0.14227630840844924 0.11174659798157169 0.18627912252061637 0.09650045265964384 0.17073157009013906
0.13546586323270152 0.09387636517171269 0.17789219095493986 0.11265163820605523 0.1348081132032613 0.12238671447437342 0.12470999426962566 0.09820912048733021
0.06899407050288678 0.10776246451806896 0.05726364023630087 0.08571644100891143 0.15108914000781237 0.26084451535029685 0.09689684635789987 0.17143288201782286
0.1264132683352279 0.10085898228196405 0.14876006141834686 0.11329065784105793 0.1427130716517521 0.139691737448624 0.12631062896607503 0.10196159205695211
0.10436855218461703 0.07572428496678596 0.21562292518664272 0.1370551989578774 0.10599402676416526 0.08507901403971091 0.15280631883811105 0.12334967906208966
0.09895127645516287 0.13331759338038277 0.15186035759158623 0.15998111205645932 0.08974260125950907 0.14299391833712075 0.08368242784491718 0.13947071307486197
0.07091502981913357 0.09481109121927613 0.07206023621321088 0.08532998209734852 0.1412445805953368 0.26258313734417904 0.1023959785168182 0.17065996419469703
0.08157088278276194 0.14043417391339316 0.07338364434239938 0.11128076072742908 0.12025625478584825 0.2640599850383883 0.07547738553686494 0.1335369128729149
0.10922197948438368 0.08802583878559324 0.13885051864046935 0.09578689064162774 0.15172559649739728 0.1590512607939169 0.14239364638665855 0.1149442687699533
0.10079698357684769 0.07406939048510466 0.2216646230168137 0.13558683808064392 0.10704079074651479 0.08764401378232999 0.15116920603916567 0.12202815427257953
0.07592442867014525 0.12234387881666958 0.12490588511142461 0.1420107976187733 0.0993875330045742 0.16869415255532585 0.09632036708055929 0.17041295714252797
0.10391988376379774 0.068863061918044 0.23325333438904178 0.137726123836088 0.09653194920293087 0.08716823781762714 0.15246848059998347 0.12006892847248699
0.11351865955960101 0.0826468639431809 0.1893362371253729 0.09641659426131458 0.14463925005587877 0.11441273883022483 0.14332974311084973 0.11569991311357748
0.09962315563398651 0.07233457330021051 0.2444019790667733 0.13307097383719854 0.10370676090726252 0.07873447564230285 0.14836420515878704 0.11976387645347869
0.0964996537312674 0.07092175625921736 0.2685924643621349 0.13188206859314494 0.09429327667475099 0.07207825410971475 0.1470386645359392 0.11869386173383044
0.1272716650723974 0.09383594918397475 0.23312845957339065 0.10918248787569956 0.1224862831463711 0.09410059002548829 0.12173032603454861 0.0982642390881296
0.089718483359369 0.14123581315694575 0.1491035798338547 0.1605105023414332 0.0875454478207948 0.14577572671097488 0.08165099466933776 0.14445945210728986
0.08146777388131396 0.11103926911717199 0.11187241108543433 0.1332471229406064 0.10282657978462154 0.19305259730963883 0.0999353422054548 0.16655890367575799
0.08779267658281091 0.14610784118488884 0.0840737999513399 0.11412171677981438 0.11370391497230194 0.23984969553371432 0.07740429485935234 0.13694606013577723
0.10153384018039036 0.078624255709581 0.2076911826345262 0.13609754798194346 0.0998116987252915 0.10201507211808301 0.15173860946643544 0.1224877931837491
0.09055976068431318 0.14065228828223134 0.14381820360967124 0.16242871915810939 0.08414673280764194 0.14958166499182665 0.08262678322390783 0.14618584724229844
0.10646060650875012 0.06846196194130198 0.24074751181518336 0.13692392388260397 0.09286543875814067 0.0835905701517244 0.15158041227541014 0.1193695746668855
0.0965056562997619 0.14399917703463475 0.10989358183196722 0.11708582944942053 0.11436689294218919 0.1982311306065931 0.0794147364961287 0.14050299533930463
0.07725242669967422 0.12628210544819726 0.10090457804188849 0.1368860268115854 0.09785180758141876 0.20371538766677985 0.09284443557655359 0.16426323217390248
0.10132936829667652 0.07746555140324711 0.2161289169796171 0.13683160914992193 0.0966784610565716 0.09586061199098858 0.15255703288804728 0.12314844823492974
0.10274474330621206 0.07133122968132369 0.26017770653871625 0.1319220258391477 0.09303908533968548 0.0749721721563337 0.14708321388334825 0.11872982325523292
0.10148580906151737 0.0697760325667319 0.27612816886022834 0.1297616479000013 0.09091200412899648 0.07047630066908926 0.1446745537034343 0.11678548311000117
0.10067164307256135 0.06926186415197579 0.28185289151789006 0.1289793423173199 0.08998950092523068 0.0693610085696761 0.1438023413597581 0.11608140808558788
0.11732799636652656 0.08080364710574642 0.20754936058829235 0.0940868642541514 0.13978346155610558 0.10767799004339783 0.1398664429807982 0.11290423710498168
0.08151651509297586 0.12014548911488666 0.12353845512814937 0.13818868121383307 0.10435825786416864 0.1726982090452216 0.09372797508416505 0.1658264174565997
0.10090883140685471 0.08234167811709862 0.223994532833275 0.13477178594865954 0.09681377271700235 0.08961430788652708 0.15026048373678907 0.12129460735379359
0.10196710116923663 0.07534864131512006 0.26247391809012516 0.1307861460943852 0.09244661295750865 0.0734532561535946 0.14581679273508316 0.11770753148494666
0.1008790272751793 0.07351862718148845 0.27644585419696394 0.1289796439071442 0.09039178099210154 0.06990070932078725 0.14380267760990553 0.11608167951642977
0.0793256845861081 0.12658612526306526 0.13929347597818828 0.13917960542296257 0.09455005031782575 0.15964945172437237 0.09440008019992245 0.16701552650755508
0.1007700083529856 0.08279896312661456 0.23030554779323373 0.1342273106767474 0.09438227181531554 0.0870578841849407 0.14965343444109 0.12080457960907266
0.1188688324956693 0.0871249789903886 0.19168895290013502 0.0944230518821372 0.14168701282630053 0.11253330017723948 0.14036620846956516 0.11330766225856463
0.10655612402201955 0.07559898999593785 0.24800677902734558 0.1298381068093903 0.10137125358950774 0.07701465074583329 0.14475979968151426 0.11685429612845127
0.10302147936498099 0.07369622523903527 0.27074198686278034 0.12920079089218903 0.09238348730936315 0.07062607853395705 0.14404923999472416 0.11628071180297013
0.08037428537078847 0.12654920483823257 0.13801222340273747 0.1390790629311484 0.09492381799093186 0.15983464378678672 0.09433188616199632 0.16689487551737808
0.10102872327283709 0.082815532652541 0.22977768096698217 0.13425920353581253 0.09448458139394007 0.08711200239677235 0.1496889925988835 0.12083328318223127
0.08006499955873626 0.1285525911564034 0.12892710541768984 0.13931784425391466 0.09540444680074538 0.1660577575182012 0.09449384218961171 0.16718141310469758
0.11498486793803597 0.0946020296347044 0.16058097712882072 0.09557648866565154 0.14362893702981128 0.13385404348630023 0.14208086971789394 0.11469178639878186
0.08147955863969265 0.1287036969575116 0.11214572845162978 0.13652989960316184 0.10411511229366756 0.18058723610405014 0.09260288842649236 0.16383587952379416
0.13357314322390684 0.10921067412482402 0.1790258962282781 0.11024160967694872 0.1267094878063566 0.11911057242643071 0.12291116780400102 0.09921744870925384
0.09778712648803183 0.15168619873708875 0.13390444872199855 0.15708320248633903 0.0869180419895251 0.15133855720495662 0.07990754213435508 0.1413748822377051
0.10825682142456022 0.06860646273872019 0.23670871779625208 0.13721292547744038 0.09363335549587501 0.08405984337105307 0.15190034892089452 0.11962152477520445
0.07223334882787905 0.11083319769292738 0.08029613585345483 0.08571587249142783 0.14004666345775302 0.2425468330077404 0.0968962036859619 0.17143174498285565
0.10044096815832006 0.08145805696437475 0.20477024375024047 0.13480475439946002 0.10479517051462184 0.10210928615436933 0.15029724109909945 0.12132427895951402
0.10385526167781857 0.07550560846118655 0.25489699336036253 0.13120074185860695 0.09441069499335066 0.07577099590372054 0.14627903607220802 0.11808066767274623
0.13699931397572035 0.09787946305185387 0.22730858257987588 0.10726885055735198 0.12085803461886428 0.09354702648137087 0.11959676323334617 0.09654196550161678
0.14510358720038063 0.09996151900798587 0.21504606040901175 0.10531511283155041 0.12631381659078988 0.09605781094148573 0.11741849147040025 0.09478360154839538
0.1120512996952027 0.07615035272210217 0.2558042030594319 0.1278995821871813 0.09703383374790604 0.07335261522594484 0.14259848939376782 0.11510962396846318
0.10461160315281497 0.07345006807433554 0.2733147061499162 0.1286024998031258 0.09115077401034734 0.06974590890763936 0.14338219007900743 0.11574224982281323
0.10253664173323424 0.0728319825362347 0.279952163860351 0.12809262126922452 0.08960648610712549 0.06888303178718357 0.14281371356434436 0.11528335914230209
0.11904241275845728 0.08484563165836193 0.20622517703289595 0.09335140382603706 0.13885162218818253 0.1068889362870105 0.13877313165781033 0.11202168459124447
0.14079835296294124 0.0986412713381062 0.2085553599993795 0.10623089687165904 0.13205798164706187 0.0996688076633303 0.1184395223330288 0.09560780718449312
0.11133348161732028 0.07616585134417107 0.25340906284660203 0.12821339768317755 0.09842321342870368 0.07411456491242878 0.14294837025273677 0.1153920579148598
0.10454257750723467 0.07351318384853028 0.2724489807399605 0.12871488520076552 0.09150301714132843 0.06992646747108609 0.14350749141040575 0.11584339668068898
0.10255711190445567 0.07286084097236059 0.27963983861728886 0.1281318668699416 0.08970223689603193 0.06893195507660616 0.14285746948036773 0.11531868018294746
0.08081281544627973 0.12623194481214906 0.1399121822304241 0.13888066399183124 0.09427018724724887 0.15903808955697532 0.09419731992489423 0.1666567967901975
0.10160979760890304 0.08267524869903899 0.23039370069417514 0.13406642988501893 0.09423633343574583 0.08688463841625901 0.149474064364342 0.12065978689651705
0.10341664231167529 0.07509668509717819 0.26454242696710584 0.13022239596350188 0.09159321930706643 0.07274022057626701 0.1451882534100536 0.11720015636715171
0.10261716529128377 0.07328464479811572 0.27686878624496036 0.1285709081421518 0.08999522517757061 0.06960248528337323 0.14334696773460803 0.11571381732793662
0.10201300879708479 0.07274875363213959 0.28128949116896684 0.1279800295934309 0.08929840409731299 0.0688001038287785 0.14268818224819835 0.11518202663408784
0.10172976617108026 0.07257306512575912 0.2828764606503941 0.12777298151886252 0.08902733401632203 0.06856737005420237 0.1424573390964034 0.11499568336697624
0.10161431013932055 0.07251268001313654 0.2834471662604198 0.12769993821791442 0.08892667793452047 0.06849338177172624 0.1423759012668389 0.11492994439612299
0.13555631611889027 0.0967478177662109 0.23660359030242537 0.10649684416892186 0.11863352139153835 0.09137871677731992 0.11873603372266361 0.09584715975202968
0.10936142144630145 0.07539178251710245 0.26422341627352186 0.12729833613002306 0.09499949599135639 0.07222890021552882 0.1419281449091451 0.11456850251702075
0.10376958326934123 0.07317411810460704 0.27643041892716796 0.12826679429925666 0.09052003578962728 0.06939103124582616 0.14300790349484285 0.11544011486933098
0.13636075578814102 0.09697645249953789 0.23426064224029333 0.10664099025499962 0.1192021840226548 0.09168533811340378 0.11889674585146973 0.09597689122949965
0.10961686536942351 0.0754711912568886 0.2633372542454763 0.12738909498717904 0.09517818664657661 0.07232788774416973 0.14202933426182499 0.11465018548846113
0.13821635392549916 0.09742372409837602 0.2296589676222272 0.10672114935242996 0.12054886884400208 0.09239578447719622 0.11898611726308238 0.09604903441718697
0.08595760076372506 0.12931238911628604 0.12755707056484994 0.13632268863034858 0.09941977292417369 0.16538090631230973 0.09246234533188862 0.16358722635641829
0.11688601122956806 0.09444115924503105 0.15972086261770596 0.09523589601667257 0.1444926006651215 0.13336583913633263 0.141574555869561 0.11428307522000708
0.10798342342791943 0.07720528843444928 0.2356162826025279 0.13105282179468686 0.10288382204022169 0.0811967058452288 0.14611411623974788 0.11794753961521817
0.08178038668611454 0.12719755020636578 0.13018291569404736 0.13901260390912976 0.09706417371457815 0.1636604354908773 0.0942868096079315 0.1668151246909557
0.07624313109992477 0.13585890901897388 0.10571263026922884 0.13750043823420421 0.0946470269589503 0.19177617173534306 0.09326116680232983 0.16500052588104505
0.07489323439550125 0.13689536363730972 0.09992304771634145 0.136762692181216 0.09365281286561915 0.20099683606364135 0.09276078252291173 0.1641152306174592
0.10142718655291234 0.08498215552789078 0.21450286639119065 0.1356150482140029 0.09521316628741171 0.09500537540136193 0.15120065823262707 0.12205354339260259
0.10392715190211281 0.0757853860784105 0.25870830419150853 0.1309643002180423 0.09227691677073599 0.07445464935507483 0.146015421287877 0.11786787019623807
0.11985687110707886 0.08560114948170187 0.1999564604133627 0.09376619183653025 0.1402056702155362 0.10870448484764912 0.13938974189430467 0.11251943020383628
0.10728979262736747 0.07512368545271633 0.2509383249401481 0.12929770376949487 0.10071739812617482 0.07610787107093706 0.1441572906206159 0.11636793339254539
0.10378022819784961 0.07349040114170148 0.27164669482195714 0.12891069605698166 0.09208281726300759 0.07034373016488273 0.14372580590233625 0.1160196264512835
0.08105627398837296 0.12641234778440652 0.1381730031911494 0.13895013073822612 0.09480233682343436 0.15962131408782954 0.09424443650070989 0.16674015688587132
0.13345695858874246 0.10855271280326799 0.1883586985956279 0.1099903713825296 0.12384329677579556 0.11417557175490957 0.12263105585485018 0.09899133424427664
0.11060209565092907 0.0780729290792253 0.24621738684397035 0.12948068274247207 0.09757091587635601 0.07716207681848401 0.14436129852033824 0.11653261446822485
0.139038968798428 0.0982398283538705 0.22408094950704932 0.10719249114814458 0.12165635014427131 0.0938065418243628 0.11951162819054328 0.09647324203333012
0.12733311900007166 0.08737334967522124 0.1868117649509237 0.09199808815901431 0.14737505798925893 0.11194957741024784 0.13676133702444515 0.11039770579081716
0.10923204465472275 0.07549057570662171 0.24556505685397603 0.12951649011002253 0.10241821526798685 0.07681155524468446 0.1444012210629654 0.11656484109902028
0.1043647433068675 0.07364341608353768 0.2696273765885218 0.12910593273794033 0.09255863388373028 0.07056107770355251 0.1439434802317036 0.1161953394641463
0.1026194724350251 0.07294811804421139 0.2786255176801121 0.1282644103001558 0.0899983447599825 0.06910092199661705 0.1430052455137558 0.11543796927014022
0.1019526216964999 0.07265853612856853 0.2819075895925389 0.12788634133817336 0.0892403163848558 0.06867316081976048 0.142583726835247 0.11509770720435603
0.10169948221325559 0.07254555878607721 0.2830956480138857 0.12774171680875193 0.08899607929290268 0.06853148847943263 0.14242248127781743 0.11496754512787673
0.11878340459341859 0.0847616083844198 0.20716289004644475 0.09329820494567448 0.13859478480035647 0.10674721334578438 0.1386940479490922 0.11195784593480937
0.12251823691583752 0.08585720746152105 0.18186007085751735 0.09247457642448588 0.1532006510106533 0.11565009678659009 0.13746966883401185 0.11096949170938306
0.12353503242083343 0.08603322597401185 0.1737182292857372 0.0924864925586665 0.15782156878658185 0.11793427693596072 0.1374873829678087 0.11098379107039981
0.09626701155840799 0.1466691585875649 0.13302455444092745 0.15762623002239148 0.09288320744169482 0.15148245304790534 0.08018377788095567 0.14186360702015233
0.10788186433344346 0.06855987119180978 0.236236853250484 0.13711974238361957 0.09480698624645412 0.08405720295676194 0.1517971914055536 0.11954028823187347
0.08192338673102109 0.12570775543604504 0.13049621777040035 0.13940305494804706 0.09556093564855192 0.165073346259168 0.09455163726911019 0.16728366593765645
0.10215948653117674 0.08284538489161512 0.22670104834319177 0.13445944087599432 0.09477138283668107 0.08813751744284494 0.1499122422901011 0.12101349678839488
0.0808063247635982 0.12848697009614202 0.12821419356291608 0.13922256652843776 0.09541820417421859 0.16635544200388253 0.09442921903667953 0.1670670798341253
0.11578982338475176 0.09452811698139836 0.16024953839936615 0.09549256584284395 0.14353767267822462 0.13385509089681946 0.14195611280518294 0.11459107901141273
0.10774127261702497 0.07722514155312704 0.23587358504444844 0.1310750924013496 0.10269397683549183 0.08128440208315232 0.14613894630419125 0.11796758316121464
0.1044040396796256 0.074130911413494 0.26616643501663206 0.12962301196813802 0.09294689593422331 0.07154801023119081 0.14451998498537177 0.11666071077132421
0.10275210070751392 0.07309919673967581 0.27738971984337807 0.12843668901935468 0.09018574381502208 0.06934620632859449 0.1431973234290417 0.11559302011741923
0.136069509759695 0.09697073104083974 0.2346178174567846 0.10664996650391835 0.1191192830871719 0.09168096859891907 0.1189067536991448 0.09598496985352652
0.10954398588716142 0.07546458761522407 0.26347708724033175 0.12737925449183884 0.09515388499523429 0.07232150788366876 0.142018362843886 0.11464132904265498
0.09414678844551193 0.1454643093986961 0.1564918023892405 0.15934785452230638 0.08212001263690531 0.13795660275852553 0.08105956077873845 0.14341306907007573
0.10676095357717341 0.0681491446105058 0.24565636209641084 0.1362982892210116 0.09204564889929719 0.08137764303127146 0.15088780898703763 0.11882414957729215
0.06065806115159517 0.09322776304101016 0.09840031297036414 0.10344402538618767 0.11748891562007693 0.2029561467087872 0.11693672434960345 0.20688805077237535
0.12870891041619176 0.1042921917276028 0.17520580825550724 0.11129430699599172 0.13136267003605612 0.1248863895170254 0.12408484675523253 0.10016487629639252
0.10998204995683657 0.07788358003389043 0.2412233811304885 0.13005741012280414 0.09952985092769735 0.07926775220770764 0.14500430651005175 0.11705166911052373
0.10470133952933218 0.07405794053635363 0.26808299981723827 0.1293404801684801 0.09212819097605503 0.07107763370769274 0.1442049831132159 0.11640643215163209
0.1027508035685808 0.07304023009774693 0.27807632132827176 0.12834366626744256 0.08996245532138446 0.06922361377321899 0.1430936100026561 0.11550929964069832
0.10200079778636252 0.07268383743368821 0.2817111817683883 0.12791294791726532 0.08925003423301532 0.0687061565503726 0.14261339118536895 0.11512165312553879
0.08070933977201471 0.12617623134675707 0.14035771579633158 0.13885547675016424 0.09416268928964809 0.1589317385404279 0.09418023640445924 0.1666265721001971
0.10119762291328681 0.08636608661319699 0.2298755287073813 0.13336396778566467 0.09386696860875814 0.08661138281850721 0.14869087154610675 0.12002757100709822
0.08026876396165031 0.13312818851733657 0.1284457871770553 0.13840554523375195 0.09478518152530628 0.16500481384150462 0.09387506546289262 0.16608665428050232
0.0754320777162039 0.1430123890584005 0.10464118011122248 0.13630850475058748 0.09351266247035431 0.1910702552312583 0.09245272496126802 0.16357020570070496
0.11397159014418563 0.10145713883833346 0.1520645448502345 0.0949886293345414 0.14247069179588231 0.13985407249626366 0.14120697733910934 0.1139863552014497
0.10730267385491092 0.08125382647748974 0.23215206447640677 0.13085724529399334 0.10247978543062479 0.08228682066524463 0.14589606303673588 0.11777152076459403
0.10419199303233337 0.07701895532440516 0.26441036299487997 0.1293436842183977 0.09279886744770262 0.07161826579595733 0.14420855538976576 0.11640931579655792
0.10253433261480993 0.07565709851739129 0.27640161674471325 0.1280910538132743 0.08999828061944883 0.06922370329048141 0.14281196596793413 0.11528194843194685
0.10178229870327328 0.07516129286480555 0.2807681773040659 0.12757083911687858 0.08909915408439027 0.0685725173179504 0.14223196540344524 0.11481375520519073
0.10147405254475768 0.07497922525655051 0.28234977573694425 0.12737706390897402 0.08879472477018635 0.06836987975704256 0.14201592050746803 0.11463935751807662
0.10135448818963434 0.07491287936718545 0.28292196798488445 0.1273066667975054 0.08868873213790364 0.06830183242343557 0.14193743298169634 0.11457600011775487
0.10130948740776846 0.074888828645543 0.283128956884874 0.12728122512726625 0.08865124692687047 0.06827808497512632 0.14190906741801176 0.11455310261453963
0.10129283196940815 0.0748801286321962 0.2832038443543226 0.1272720344750365 0.08863786751096116 0.06826964150389746 0.14189882052664513 0.11454483102753282
0.10128672570712716 0.07487698314050374 0.2832309419106098 0.12726871276543517 0.0886330655979452 0.06826661232115891 0.14189511706832844 0.11454184148889163
0.10128449911048544 0.07487584577503104 0.2832407479490936 0.1272675116177138 0.08863133640203112 0.06826552081144578 0.141893777878257 0.11454076045594241
0.0802650500217292 0.13005111950130416 0.14029046599934444 0.13815634246570926 0.09365046615616546 0.15809290392015443 0.09370604097674194 0.1657876109588511
0.11497214789384108 0.09891103980267464 0.16337915944516807 0.09478548505381933 0.14217616123241975 0.13112843478569677 0.1409049897217971 0.1137425820645832
0.10715894583388781 0.08057350067047783 0.23654487089388967 0.13038869408284356 0.1020641032658152 0.08054639717571466 0.14537366340281213 0.1173498246745592
0.10401010656509904 0.07680214297968006 0.26602272881120076 0.12914197290724963 0.09258130846197181 0.0712303023273554 0.1439836623309186 0.11622777561652467
0.08079942285416636 0.13066315252753025 0.13654546917798208 0.13831680258116144 0.09455208566034096 0.1593280293072463 0.09381487479417906 0.1659801630973937
0.075593124309067 0.14251676097829474 0.10648203270854566 0.13642883962481558 0.09355153656376743 0.18917875486803 0.092534343397701 0.16371460754977868
0.11400354335718942 0.10135892643797705 0.15265487735917363 0.09498151271550992 0.1424695377183328 0.13935738914626816 0.14119639800693715 0.1139778152586119
0.08108498734572149 0.13453940671848297 0.10976438968185834 0.13544535045815825 0.10324673808490754 0.18151742598076548 0.09186728118031603 0.1625344205497899
0.07525758268681604 0.14279798455212045 0.10022273129748008 0.135668182335003 0.0948719207650821 0.19636136023862305 0.09201841932287161 0.1628018188020036
0.07405422206016936 0.14449637387827718 0.09790423622201402 0.13531252535260102 0.09289004789619515 0.20119037305890128 0.09177719110872068 0.1623750304231212
0.1008246070515972 0.09028122586301374 0.21278823801968694 0.13485774403698103 0.09470087444933259 0.09481902035562093 0.15035632059048482 0.12137196963328292
0.10357268183162038 0.07904408199276507 0.25761101007581144 0.1305292686343013 0.09197333927541863 0.07426288288216261 0.14553039353704936 0.11747634177087117
0.11947391725132091 0.08863952180621552 0.19930151097234924 0.0934373608930359 0.13975717638429383 0.10836476701000168 0.13890091261113993 0.11212483307164307
0.14065397515955105 0.1026529762844867 0.20565232052837898 0.10588030774679821 0.13204667249213675 0.09977282919435347 0.11804864162217653 0.0952922769721184
0.1111150686401525 0.07968747282128208 0.2517853318020641 0.12776319420088683 0.09824235190632274 0.07397327888123606 0.1424464269672574 0.11498687478079817
0.13851415546680124 0.10121524900284365 0.22529933315007125 0.10650925691831097 0.12122629010769058 0.09262751111589458 0.1187498730119079 0.09585833122647987
0.11009032934936805 0.07908365630942747 0.2594336946277819 0.12716321221560598 0.09556260176440115 0.07244212291092583 0.1417774918284443 0.11444689099404538
0.10384956705159976 0.07595681646818196 0.27430307743784355 0.128027478210003 0.09054903539014557 0.0693482111384888 0.14274108391473467 0.1152247303890027
0.08074399849690823 0.13038707269867306 0.138351075698023 0.1382318373010614 0.09408962085173639 0.15856094402290882 0.09375724616941557 0.16587820476127368
0.1012410817024909 0.08705519590554556 0.22903975297677984 0.13340116621839007 0.093885598676023 0.08658380990162638 0.1487323450225931 0.12006104959655108
0.10311699346769147 0.07812846802001928 0.2636082077533939 0.1297883555211331 0.09131930998189412 0.07252481457895825 0.14470433070789016 0.11680951996901977
0.10235198796605977 0.07586938462788263 0.27616865812259944 0.12817769954624633 0.0897527783585918 0.06941099229289968 0.14290856949409853 0.1153599295916217
0.10175473447963396 0.07520331973051742 0.280694155694548 0.1275899950818967 0.08906160998684035 0.06861186657796575 0.14225332287489081 0.11483099557370703
0.11854509326587333 0.0876058216212915 0.2061434526189144 0.09300968790643017 0.1383070153511891 0.10651215575633988 0.13826514799224546 0.1116116254877162
0.10653319633744734 0.07774186755839269 0.25283859816267507 0.12854593281315105 0.09991749629200783 0.07541244719788745 0.14331912210660272 0.11569133953183594
0.10331603626240628 0.07595302136407223 0.2719756990452811 0.12839113203050284 0.09165480145044472 0.07001076023359314 0.1431465307862472 0.11555201882745256
0.11907892763722037 0.08783844627253427 0.20350254015296165 0.09312941187415152 0.1392670617406749 0.10698519236205009 0.13844312571142525 0.11175529424898183
0.10673499771684944 0.07783747963413772 0.2518248588391415 0.12864865600563463 0.10018879001745 0.0755477765814035 0.143433650800312 0.11578379040507117
0.10339326089005813 0.07599177392215611 0.2716017291951635 0.12843445905415468 0.09173797644968991 0.0700549501557794 0.14319483718425902 0.11559101314873924
0.10211526823929343 0.075318657423387 0.27900343260096655 0.12775982240459016 0.0895722611890358 0.06880405031258272 0.14244266766601318 0.11498384016413114
0.10160338895452917 0.07504497501947331 0.28170797828840133 0.12745260009668208 0.08893814250329145 0.06844543733087516 0.1421001377197336 0.11470734008701386
0.10140368757407203 0.0749383687533598 0.2826893539630871 0.12733480503593386 0.08873547525296703 0.06832817987056429 0.14196880501767553 0.11460132453234048
0.10132787055224847 0.07489834910156634 0.28304473763825017 0.1272914986923721 0.08866717710752106 0.0682874964084862 0.14192052167642083 0.11456234882313489
0.10129961782112863 0.07488362288112724 0.2831733618375304 0.12727576230996523 0.08864344068275476 0.06827303160413085 0.14190297678439406 0.1145481860789687
0.09203057540933803 0.14911194605635855 0.16083210461319458 0.15840285199699766 0.0805330999457971 0.13594801307819565 0.08057884210282057 0.1425625667972979
0.10620615412983472 0.06808999473857157 0.2474286044233289 0.13617998947714313 0.0916386494460804 0.0809787450101655 0.15075684630762282 0.11872101646725298
0.08135303442904603 0.12872052150180538 0.132615679490208 0.13876899566666184 0.09456129890497246 0.16333609553775008 0.09412157966956196 0.16652279479999424
0.10156932797011113 0.0869540603041756 0.22680657890528327 0.13365936863879346 0.09415660557370532 0.08754040538051182 0.1490202214525055 0.12029343177491411
0.10326505757904213 0.07817047418828496 0.26278327581310823 0.12988954240846898 0.09144023500754354 0.0727336802999206 0.14481714653600944 0.11690058816762208
0.10241212945617408 0.07589643228288677 0.27586851028515863 0.1282148685194973 0.08980103954939131 0.06946362811387517 0.14295001012546932 0.11539338166754755
0.0804934304324713 0.13037621472956082 0.1386922387363129 0.1382411064667617 0.0939345837575711 0.1586095650354046 0.09376353308180359 0.16588932776011403
0.13255999887417796 0.1140485056497483 0.1876688518800101 0.10923049064764269 0.12295710544151668 0.11344376038105719 0.1217838455429688 0.09830744158287842
0.12591533191720297 0.09386827784352712 0.1753847467406092 0.09212034986289136 0.1480888786750915 0.1171349078663428 0.13694308725886536 0.11054441983546962
0.1090406888559909 0.07930636086441054 0.24072860077429614 0.12950940225777696 0.10270461754173074 0.07775854903713958 0.1443933186366558 0.11655846203199928
0.1042522153183575 0.07647209702721636 0.2674825131014792 0.12888958789379437 0.09255003374530628 0.07065065193381276 0.14370227187561851 0.11600062910441494
0.10243807413213196 0.07549098633458141 0.277501078078742 0.12793926849460657 0.08985130982212107 0.06899120482778878 0.14264273666488225 0.11514534164514592
0.10172342620539106 0.07510770102782846 0.28116299584461674 0.12751897699128031 0.08903663083747561 0.06850904679754455 0.14217414300371103 0.11476707929215228
0.11852635870527263 0.08758068446453585 0.20628047968938412 0.09299968567261886 0.13828660808597218 0.10647628157518084 0.1382502789998931 0.11159962280714263
0.10652436815024455 0.07773457421195386 0.25289038524243534 0.12853993855044765 0.09990907978471165 0.07540327041378256 0.14331243895102147 0.11568594469540287
0.10331235598025736 0.07595062335564445 0.2719946694580379 0.12838880869798214 0.09165158701408425 0.07000808722194046 0.1431439404438696 0.11554992782818392
0.11907761992164174 0.08783774772872746 0.2035081930335064 0.09312908093808984 0.13926564087807447 0.10698418662150973 0.13844263375274252 0.11175489712570781
0.10673452220251835 0.07783723907682928 0.251827019576156 0.12864842542463714 0.10018833348552214 0.07554748363245627 0.14343339371970737 0.11578358288217343
0.10339308535574393 0.0759916851013514 0.2716025251963892 0.12843436531168212 0.09173782290630908 0.07005485467961259 0.1431947326683978 0.1155909287805139
0.08067305732642772 0.1304152152250771 0.13776158265388558 0.13826112280544778 0.09435178570486571 0.15884677953667226 0.09377710938108634 0.16591334736653734
0.10124299181495713 0.08707516086509433 0.22880859699620254 0.1334259930052451 0.0939568627275211 0.08664697584906805 0.1487600250371912 0.1200833937047206
0.09226659968612887 0.1532240805583047 0.14735959004646432 0.15908110402297795 0.08172288723910731 0.14224887886682197 0.08092386595951487 0.14317299362068017
0.08208078185712521 0.11135815649545219 0.11176699564798068 0.13362978779454263 0.10176578269627054 0.19213891991954352 0.10022234084590698 0.16703723474317828
0.06460041805881847 0.11977080575211194 0.060123833546574766 0.08102414236088469 0.13498992694078085 0.2858500798632773 0.0915925087557827 0.16204828472176938
0.09850717900356658 0.08842367566201605 0.1948822316149308 0.1341987403566758 0.10374289544726338 0.10984483092821548 0.1496215806663236 0.12077886632100822
0.10339753081142457 0.08042494151224165 0.2505001825617015 0.13087040798149935 0.09412623296195645 0.07698659853681214 0.14591073845101493 0.11778336718334942
0.11935583426597927 0.09028652427446907 0.19695017271648738 0.09333813266524046 0.14033756186206978 0.10897261183152572 0.13875340318593957 0.11200575919828855
