Action: 0
[0.16843609950458285, 0.0947580661221382, 0.2617423810436822, 0.09475806612207319, 0.09603118884129579, 0.09475806612208151, 0.09475806612207319, 0.09475806612207319]
[0.16198043361215095, 0.18368600914925312, 0.1668642791117953, 0.09184300457462656, 0.12009725982829447, 0.09184300457462656, 0.09184300457462656, 0.09184300457462656]
[0.16164638666401113, 0.09543285248740274, 0.265416785421417, 0.09543285177182333, 0.09577256689337882, 0.09543285321832033, 0.09543285177182333, 0.09543285177182333]
[0.125, 0.125, 0.125, 0.125, 0.125, 0.125, 0.125, 0.125]
[0.10990947941874527, 0.09710857492036236, 0.3072902239057102, 0.09710856962050014, 0.09714847566034862, 0.09721753723333305, 0.09710856962050014, 0.09710856962050014]
[0.09562569987189345, 0.09160263788383353, 0.2383273107707994, 0.09160263788383353, 0.16099633914761605, 0.13864009867435692, 0.09160263788383353, 0.09160263788383353]
[0.125, 0.125, 0.125, 0.125, 0.125, 0.125, 0.125, 0.125]
[0.125, 0.125, 0.125, 0.125, 0.125, 0.125, 0.125, 0.125]

Action: 1
[0.09449339711355853, 0.09465386452619821, 0.0944857283734759, 0.0944857283734759, 0.158309110404292, 0.2746007144620477, 0.0944857283734759, 0.0944857283734759]
[0.19116107499709734, 0.09558053749854867, 0.09558053749854867, 0.09558053749854867, 0.16939161766387484, 0.1615446198462845, 0.09558053749854867, 0.09558053749854867]
[0.09447207988036241, 0.09447205240700624, 0.09447205240682265, 0.09447205240682265, 0.18160118530964908, 0.25156647277569166, 0.09447205240682265, 0.09447205240682265]
[0.125, 0.125, 0.125, 0.125, 0.125, 0.125, 0.125, 0.125]
[0.0962858850154263, 0.10955668408075914, 0.0962858850154263, 0.0962858850154263, 0.10210636647520059, 0.30690752436690877, 0.0962858850154263, 0.0962858850154263]
[0.1561686349813042, 0.15490079429094977, 0.08935683275225355, 0.08935683275225355, 0.13002452367635126, 0.2014787160423806, 0.08935683275225355, 0.08935683275225355]
[0.125, 0.125, 0.125, 0.125, 0.125, 0.125, 0.125, 0.125]
[0.125, 0.125, 0.125, 0.125, 0.125, 0.125, 0.125, 0.125]

