0.125 0.125 0.125 0.125 0.125 0.125 0.125 0.125
0.09592326139088728 0.15987210231814547 0.08633093525179857 0.14388489208633093 0.11990407673860912 0.19984012789768185 0.10791366906474821 0.08633093525179857
0.07295173961840629 0.12906846240179573 0.09118967452300786 0.16133557800224466 0.08754208754208755 0.15488215488215487 0.10942760942760943 0.19360269360269358
0.0986809039440685 0.07771121185595395 0.197361807888137 0.1554224237119079 0.08602950600252127 0.07723866263839801 0.17205901200504253 0.135496471953971
0.06410701814929262 0.10684503024882104 0.06813668575173763 0.09616052722393895 0.12821403629858524 0.22882301521101994 0.11539263266872672 0.1923210544478779
0.07066744259485336 0.12502701382166362 0.08833430324356668 0.15628376727707952 0.08480093111382402 0.1813448573242373 0.10600116389228004 0.1875405207324954
0.1081835761163537 0.08519456619162853 0.140502569041399 0.10223347942995424 0.13522947014544212 0.13858912561324913 0.16227536417453053 0.1277918492874428
0.0707903818786798 0.12524452178535656 0.08848797734834975 0.1565556522316957 0.09548001561473687 0.16938909564512664 0.1061855728180197 0.1878667826780348
0.09544743162431672 0.07516485240414943 0.20676732146535767 0.15032970480829885 0.09067604394655675 0.08413681718886679 0.16642116283214195 0.1310566657303118
0.0712842231954143 0.11880703865902384 0.11562948898086499 0.1425684463908286 0.09680913360923535 0.16976477638297574 0.10692633479312147 0.17821055798853577
0.07016254004447303 0.1169375667407884 0.10090026550469325 0.14032508008894606 0.10227213761788238 0.18875224982532487 0.10524381006670956 0.17540635011118255
0.06875076380540512 0.11458460634234188 0.09700890548236797 0.13750152761081025 0.10125641741215406 0.20589472412530027 0.1031261457081077 0.17187690951351278
0.06799321417134194 0.11332202361890323 0.095542542897345 0.13598642834268387 0.10516442998651182 0.21001850429784655 0.1019898212570129 0.1699830354283548
0.06977517438947366 0.12344838545829954 0.08721896798684207 0.15431048182287443 0.09834035487699977 0.17707129569385066 0.10466276158421049 0.1851725781874493
0.12375394692561079 0.0974562332039185 0.1712839376559346 0.11694747984470219 0.1327037091154022 0.12643481250353958 0.12946566755294667 0.1019542131979455
0.08251823245636682 0.14599379588434128 0.07193897188503774 0.127276642565836 0.12099016497513783 0.2122234548922317 0.08632676626204529 0.15273197107900321
0.09808733704811845 0.07129278285201887 0.20456894933307324 0.14258556570403774 0.10184419679308745 0.09946772079183305 0.15784808250508042 0.12430536497275084
0.07436915665252739 0.11274503366570869 0.12109540193190299 0.13529404039885043 0.10526041517495155 0.18064787137835808 0.10147053029913783 0.16911755049856303
0.08808352726926309 0.13644945125935545 0.09529010790000332 0.12280450613341991 0.13308247679893612 0.25850384735890525 0.09210337960006494 0.07368270368005195
0.06550581147962986 0.11589489723319128 0.08188226434953733 0.14486862154148913 0.09692964646558508 0.2228176958613356 0.09825871721944479 0.17384234584978694
0.09501117331156589 0.07009944827063608 0.21359886267113348 0.14019889654127216 0.09923460475108789 0.10442639378533224 0.15520594163299153 0.12222467903598087
0.06259773136327353 0.0949639880283804 0.0830777250289339 0.08546758922554236 0.14678446506093062 0.2536122157712037 0.10256110707065082 0.17093517845108472
0.06442787722254156 0.11398778277834276 0.08053484652817694 0.14248472847292842 0.09748793507114271 0.23345333992554115 0.09664181583381234 0.17098167416751414
0.10317734197543499 0.07613449465446562 0.14327591079011942 0.09136139358535875 0.15522355716045227 0.17160747479634567 0.145018085056125 0.11420174198169841
0.04743426453504321 0.0839221603312303 0.05929283066880402 0.10490270041403787 0.1291597174839285 0.24689726440127233 0.11858566133760803 0.20980540082807575
0.11684956169018432 0.09432434497882349 0.1460619521127304 0.11790543122352937 0.14339851640881315 0.14388954858328554 0.13145575690145736 0.10611488810117642
0.1008426569243413 0.07296167620871015 0.1807707201588938 0.1459233524174203 0.11364782971650136 0.09182909925545024 0.1626936481430044 0.13133101717567827
0.10076891074011106 0.06684952455974284 0.2590222472109744 0.13369904911948569 0.09846224922469479 0.07662953041119423 0.1480103433475788 0.11655814538621831
0.09677742361339361 0.13531457570806846 0.1355963507984843 0.1217831181372616 0.13133070409194175 0.21479061816554712 0.09133733860294621 0.07306987088235696
0.06983465980321236 0.1123967502951196 0.09045514887966775 0.1404959378688995 0.10495324482044524 0.21797623590063575 0.09529289698934053 0.16859512544267938
0.10775032507612597 0.07496073466125644 0.14807965718025823 0.08995288159350773 0.15597684565921568 0.16805610210202462 0.14278235173572654 0.11244110199188466
0.07083458786173216 0.11283403209653993 0.09184575297410247 0.1410425401206749 0.11082285043420434 0.2077055524600002 0.09566363590793603 0.16925104814480987
0.0749125235750878 0.10592436191879853 0.09930443295909439 0.12710923430255824 0.10562297360935345 0.23290800502999112 0.09533192572691869 0.15888654287819778
0.056319958288416655 0.0925013306304852 0.0502452832916118 0.0806421856778589 0.1364003345923285 0.33144580452774064 0.09116073163584049 0.1612843713557178
0.09036956018121708 0.06874767178738027 0.17961639750755864 0.13749534357476054 0.10837442667765937 0.13835374381481705 0.15329704723932258 0.12374580921728451
0.06995916856935695 0.1132878319591179 0.1063123277277591 0.14160978994889736 0.10069215168377882 0.20215860290272605 0.09604837926968691 0.16993174793867682
0.1346229199075133 0.09008490694646554 0.1853640708631267 0.10810188833575865 0.12964486296099703 0.13826544496723017 0.11967323413645238 0.09424267188245626
0.07202386866647363 0.11171641859155523 0.10619792186846637 0.13964552323944407 0.10751627628281382 0.20060926944063884 0.0947160940232751 0.16757462788733285
0.13814631535043198 0.08946723928454725 0.18435304318404017 0.1073606871414567 0.13097661688045828 0.13724690773099787 0.11885269394577216 0.0935964964822956
0.06141094578496299 0.09492433211711368 0.0628774028297746 0.08275454594825296 0.15281192299296126 0.2861631412715342 0.09354861715889465 0.16550909189650592
0.06301666422230537 0.1044831765319797 0.08286423971256361 0.13060397066497462 0.10745370841295622 0.2662699129453551 0.08858356271189584 0.1567247647979695
0.06431161516827767 0.10660479289991642 0.08721536764595235 0.13325599112489553 0.09798355313790728 0.26033916625802955 0.09038232441514653 0.1599071893498746
0.11832921342292022 0.08940382287949832 0.16135326482428827 0.1117547785993729 0.13181032552551405 0.16217105577952065 0.12459823822945007 0.10057930073943559
0.10216077739899186 0.06730711723718334 0.2179784595485154 0.13461423447436668 0.10768650523443346 0.09901526947905406 0.15008482560052525 0.12115281102693003
0.07537379965800854 0.1118967810613887 0.12207593252512912 0.13987097632673587 0.10249276760865628 0.1855755611976907 0.09486901003030782 0.16784517159208304
0.1055152728782037 0.06644984777403443 0.23722073056999057 0.13289969554806885 0.09621350984642585 0.09871424425641008 0.1471254260849602 0.1158612730419062
0.08990489395962357 0.13266702863458288 0.10426144398602667 0.11565843521989276 0.12015633205440757 0.22011515303679838 0.07844659084479681 0.1387901222638713
0.09752093349183176 0.06706705272171389 0.21070167754148397 0.13413410544342777 0.10687344730942405 0.11343257103148041 0.14954951756155302 0.12072069489908496
0.09555773440837151 0.06501578310824244 0.26279167153965294 0.13003156621648487 0.09986192891745722 0.08473741373179923 0.1449754924831555 0.11702840959483639
0.09244695023474243 0.06297852870548253 0.2936326756320548 0.12595705741096505 0.09529964333771129 0.07589107377635304 0.14043271923282222 0.11336135166986855
0.08985873748419289 0.061397033225184035 0.31414623329389707 0.12279406645036807 0.09211721293722354 0.07226583644794514 0.13690622035585812 0.11051465980533128
0.08792626638563487 0.06023190049668954 0.3285190721701663 0.12046380099337908 0.0898527187466692 0.07028067204169716 0.13430814827172266 0.10841742089404117
0.08652532403063763 0.05938878233001572 0.3387489919116662 0.11877756466003143 0.08823532524813071 0.06899608302691769 0.13242812059857234 0.1068998081940283
0.08552330458169247 0.05878597835754023 0.34602517184057024 0.11757195671508046 0.0870839622615268 0.06811090748932329 0.13108395771069417 0.10581476104357239
0.07040542773251832 0.10617905003978487 0.18219210911679862 0.1327238125497311 0.09548521398569827 0.16372444300380007 0.09002136851199152 0.1592685750596773
0.09292542252608954 0.06333856802444472 0.2716955691883057 0.12667713604888944 0.09514919582563008 0.09496913276574394 0.14123555317689612 0.1140094224440005
0.09317539251670999 0.06027823971465747 0.3165777699633983 0.12055647942931494 0.09090228339056287 0.07559752568748306 0.13441147781148993 0.10850083148638344
0.12300452068108203 0.07934021419269344 0.28598253948767294 0.0991752677408668 0.1186206677575303 0.09404602678169158 0.11057302239168283 0.0892577409667801
0.10104820585178363 0.05822390359992996 0.32155293166988996 0.11644780719985992 0.09451273652341725 0.07358077378226731 0.12983061489297815 0.10480302647987393
0.09523749821457532 0.057997693423321915 0.3406560583110775 0.11599538684664383 0.0878797636134835 0.0685115514670634 0.12932619996185513 0.10439584816197944
0.12608547782686094 0.0778388356032416 0.2964094926367359 0.097298544504052 0.11582751002456791 0.09049083331428769 0.10848061603660722 0.08756869005364679
0.12217867241698767 0.06758913508271334 0.24013938289893139 0.08448641885339168 0.1456601280951257 0.1129678239422456 0.12559473608653451 0.10138370262407002
0.10730198354995797 0.0587894788096562 0.2980798894865734 0.1175789576193124 0.10253463751418239 0.07880222796647927 0.13109176319645724 0.10582106185738116
0.08339275798030799 0.10466416322134416 0.1687545269301354 0.13083020402668022 0.0987792314808774 0.16784586358010775 0.08873700794853093 0.15699624483201624
0.10171771249237403 0.06276807634312793 0.26476339119890535 0.12553615268625587 0.09660388260771123 0.09566480537842344 0.13996344187557183 0.11298253741763027
0.13628976072857624 0.07951391673470753 0.26178910084641044 0.0993923959183844 0.12231566298608244 0.10043090235327354 0.11081510410601962 0.08945315632654596
0.0889717046416056 0.10289121252036582 0.15620194219344957 0.12861401565045727 0.10437670519438826 0.1773737469258312 0.08723385409335364 0.15433681878054872
0.10353747322013873 0.06281873873856875 0.25755598176332006 0.1256374774771375 0.09911657514071033 0.09818361247484764 0.14007641145585328 0.11307372972942373
0.10265040549542492 0.05957420121063567 0.30967308360528983 0.11914840242127134 0.09303915493509574 0.07583961312524333 0.13284157702789506 0.1072335621791442
0.09984143484969087 0.057878430191127886 0.3351888655182745 0.11575686038225577 0.08911359167565282 0.06897938228442312 0.12906026075454485 0.1041811743440302
0.09785080818896665 0.05705748879314951 0.34745904134012 0.11411497758629902 0.08698594211253213 0.06659857818564369 0.12722968396561993 0.1027034798276691
0.09673272310350609 0.05666717225072967 0.353322642218534 0.11333434450145934 0.08591317610483654 0.06566969543739676 0.12635933633222407 0.10200091005131341
0.09615665977244539 0.056481844638228154 0.35612085876142424 0.11296368927645631 0.08538912024151268 0.06527442354393925 0.12594608341718336 0.10166732034881067
0.1146973459395671 0.06746771915563775 0.2672829728916889 0.08433464894454719 0.13580659705568693 0.10384001735587975 0.1253691199235358 0.10120157873345662
0.12064713452330637 0.0672590114346361 0.22703112528007008 0.08407376429329512 0.15780809609832544 0.11731105385106663 0.12498129736734619 0.10088851715195414
0.10691822837403167 0.05864943129876185 0.2910449497187384 0.1172988625975237 0.10989320057491517 0.07984687294848156 0.13077947814977642 0.10556897633777133
0.13584817337521093 0.07773645993091388 0.27246487861848506 0.09717057491364235 0.1270346879827771 0.09395376826342275 0.1083379394932699 0.08745351742227812
0.1451145023283206 0.07642800581291448 0.26126199415376883 0.0955350072661431 0.13204511140201308 0.09711946887371596 0.10651440362359536 0.08598150653952878
0.11358850014916684 0.05743233491010774 0.30801706219086233 0.11486466982021548 0.10082712976531256 0.07382656546688592 0.12806553485925518 0.10337820283819393
0.1036062056693421 0.057370433403946264 0.33349430054109563 0.11474086680789253 0.09147961568895291 0.06811429402212144 0.1279275037395458 0.10326678012710325
0.13461552532284607 0.0766383864035684 0.29179565477230945 0.0957979830044605 0.11882287529492926 0.0893037885511076 0.10680760194676417 0.08621818470401445
0.11030513258527114 0.056724044932763236 0.32372481964668 0.11344808986552647 0.09601111414747368 0.07119736401861272 0.12648615392469892 0.10210328087897383
0.08534498937560543 0.10350426481131841 0.177061048292488 0.12938033101414803 0.09908932716466118 0.16261002630650961 0.0877536158182917 0.15525639721697762
0.10250209414269351 0.06878672264548848 0.2676566082911349 0.1229746258804342 0.0969019597104286 0.09339329539163194 0.13710753064579753 0.11067716329239079
0.10321758416534114 0.06331760582235096 0.31387994127142427 0.11724973003252699 0.09218017352779387 0.07390550914487393 0.13072469900641442 0.1055247570292743
0.13578094381798783 0.08240831467230723 0.282350433013332 0.09586343114828452 0.1192715395930837 0.0911676779786106 0.10688057174293812 0.08627708803345606
0.11134380477413848 0.06212491965349141 0.3183082735392127 0.11297646382171311 0.09607488954691784 0.07153250514316412 0.12596032608182045 0.10167881743954181
0.13888323677131692 0.08159595282862388 0.28344000875635234 0.09498830171141767 0.11988907297771433 0.08980908768530055 0.1059048677289985 0.08548947154027589
0.11260669493501971 0.061917066937851276 0.31861559538173523 0.11267216738932809 0.09607577436050226 0.07108669207676833 0.1256210582684001 0.10140495065039527
0.10419748666215108 0.06072389395572373 0.33799272918837847 0.11312080921040618 0.08926839626100316 0.06676669601480244 0.12612126041816926 0.10180872828936556
0.12015384919952192 0.07168449437090743 0.2585897451455498 0.0835725125406776 0.13776643155254278 0.10370979917106957 0.12423615297091775 0.1002870150488131
0.10855582490033094 0.06218319837028399 0.3065059791078968 0.11447935057338131 0.10235903710910979 0.07524926176875112 0.12763593265420276 0.1030314155160432
0.10382391841273388 0.06113153312303069 0.3321374645624173 0.11386783212784697 0.09150718901948857 0.06809687861628355 0.12695413522313684 0.10248104891506227
0.10137599668827954 0.06044144952034413 0.34489093700746215 0.11270057645487565 0.08766945286466211 0.06583833639858214 0.1256527322564061 0.1014305188093881
0.100081387626136 0.060031703427316035 0.351086318474479 0.11200476042325622 0.08614754679104586 0.06496704956911639 0.12487694930771998 0.1008042843809306
0.13416321510955342 0.08072852012964431 0.2986434166416849 0.0941717931937478 0.1153795598947786 0.08716435949095 0.10499452166526807 0.08475461387437302
0.11097947945351634 0.061405575974989135 0.3262779989083242 0.11181970712513871 0.09419897748813831 0.07000989594700187 0.12467062869026657 0.10063773641262484
0.1037582015822756 0.06041992547562867 0.34167413181709605 0.11259924739475169 0.08841096593845424 0.06625844722027911 0.12553975791623806 0.10133932265527651
0.10105264369080767 0.06007242803548048 0.349434801736167 0.11208005946625997 0.08641682717690563 0.06511028425340794 0.12496090212133759 0.10087205351963396
0.09991617554246875 0.059847223485318186 0.353229027738441 0.11169510187330604 0.0856066976837751 0.06464847885734289 0.12453170313337254 0.10052559168597543
0.09940763645066458 0.05972354307313735 0.35506239255502603 0.11148658457343583 0.08524595292230325 0.06443674240433106 0.12429922190500979 0.10033792611609224
0.09917251152080139 0.05966099824834931 0.3559438868011685 0.11138214169091523 0.085078255715603 0.06433550261609458 0.12418277588524426 0.10024392752182369
0.09906198222018486 0.05963037928113478 0.3563667835589919 0.11133122067003741 0.08499885834532439 0.06428667457425141 0.1241260027470417 0.10019809860303366
0.13371659378852063 0.08051334432433085 0.3009762664941703 0.09395269020337287 0.11474338129685528 0.08679006452774511 0.10475023818196945 0.08455742118303557
0.11086331820307539 0.061308185333046925 0.327422254867463 0.11166155504186598 0.0939139287125532 0.0698410573845044 0.12449430091981174 0.10049539953767937
0.10377669697769502 0.060365929451806515 0.34220899097079965 0.11250674525014595 0.08827428932003126 0.06617465237624247 0.12543662492814778 0.10125607072513135
0.1011330794743385 0.06004044327660576 0.3496709429439762 0.11202422951444747 0.0863459352008919 0.06506490713525663 0.12489865589148097 0.10082180656300273
0.08369407165080196 0.10971334086093244 0.18476937908675536 0.12797824724284512 0.09545963574083098 0.15800879146605543 0.08680263726036452 0.15357389669141414
0.0789854443835157 0.11598433975449651 0.13036679778047305 0.12874727157116164 0.09774455259937984 0.20635063165557388 0.08732423637000529 0.15449672588539395
0.1032655200941073 0.07715032680030998 0.24102974383457645 0.12443567915463598 0.09798126394648488 0.10540885891800708 0.13873649601270607 0.1119921112391724
0.09664267659489534 0.1370790266956613 0.17111499010017756 0.14757559565684122 0.08511408789615346 0.15458452308750342 0.07507106387761053 0.13281803609115708
0.1070855483039501 0.07832436192888396 0.2631540062522736 0.1219599238207449 0.0924746790573311 0.09126133562486766 0.13597621357327827 0.10976393143867043
0.14097114763915938 0.09027921257898093 0.2584783079914023 0.09693303561839374 0.12063970534534131 0.09738575786428724 0.10807310090588078 0.08723973205655436
0.09241508446093073 0.11935003785639679 0.15334384245057492 0.12467445754740625 0.10389708911663657 0.1721483335224917 0.08456180598867553 0.14960934905688747
0.10631251250319054 0.07649605353707717 0.25305356480127716 0.12254506484895661 0.0986873738686705 0.0959862699242737 0.13662860215249342 0.11029055836406094
0.14091600609526508 0.09015621480224917 0.25364366736795246 0.09712246613818303 0.12346341215690076 0.0990037121162449 0.10828430179883987 0.0874102195243647
0.11520123462831389 0.06787305494504618 0.30280822056995627 0.1134630626744636 0.09822016412372375 0.07381465916218916 0.12650284748929 0.10211675640701724
0.10606548594134442 0.06483473926522286 0.32970619248418165 0.11326709796815014 0.09034243381317841 0.06755930089060518 0.12628436146598232 0.10194038817133515
0.10219873155858583 0.06381407214341044 0.3432338496850594 0.11210061457826519 0.08728605774628115 0.06549230163069941 0.12498381953725982 0.10089055312043865
0.1351917692321475 0.08521205382194216 0.29434435125718506 0.0937097467884862 0.11569803597048627 0.0870258964156388 0.1044793744044764 0.08433877210963757
0.1113769911447867 0.06596492585645931 0.3235109772764897 0.11114391644022781 0.09429987536055742 0.06975661661654248 0.1239171725087316 0.10002952479620505
0.10390574682039729 0.06394781411318416 0.3398918024544982 0.11205360630165927 0.08841774145737186 0.06600363436447138 0.12493140881692458 0.10084824567149335
0.10106673566749916 0.06338718805555703 0.3481795327945646 0.11150505105695424 0.08635327470467409 0.06483386111345517 0.12431981065603703 0.10035454595125881
0.09985951102057462 0.06309636521466992 0.35224502668086377 0.11109591060322437 0.08549998055205867 0.06435323680270871 0.12386364958299792 0.09998631954290192
0.0993150085604543 0.0629422646275836 0.3542166146022639 0.11087502142432958 0.08511593162603896 0.06413026524463566 0.12361737463279729 0.09978751928189662
0.09906191914064033 0.06286431740619657 0.3551681734513573 0.11076438164106056 0.08493624051311063 0.0640230048395274 0.12349401953115258 0.09968794347695449
0.09894244627930517 0.06282595714016684 0.35562644337652893 0.11071031336743703 0.08485076396352993 0.06397105640133045 0.12343373744100813 0.0996392820306933
0.11807712987219585 0.07499685622808255 0.2655681700953284 0.08260345120230488 0.13502609501895768 0.10180857793514733 0.12279557820521739 0.09912414144276584
0.1076269397775619 0.06584530530092944 0.30947854023726934 0.11322691216535356 0.10141702379503492 0.07426150048022806 0.12623955729480463 0.10190422094881821
0.08500995880127843 0.11601462101115384 0.17111202692123045 0.12713506104227507 0.09987166461217963 0.16206385730639208 0.08623073705476049 0.15256207325073007
0.10328756960971161 0.07565213150970083 0.26319394636751486 0.12192300439618875 0.09710649221799965 0.09317110077223532 0.13593505117007906 0.10973070395656985
0.13927008748145375 0.0897494242677139 0.258393162656626 0.09680846370883076 0.12273301400151851 0.09798401802278014 0.10793421252312922 0.08712761733794767
0.11447380400366874 0.06765448521959334 0.3052398445369311 0.11315697399208069 0.0979800965442792 0.07349193765970229 0.12616158145087203 0.10184127659287262
0.09922968826173219 0.133093813150486 0.1940693834312965 0.14536218239592524 0.0847403027368361 0.13873355569207257 0.07394511017531849 0.1308259641563327
0.1403177343229799 0.1010744246565542 0.22609894635849587 0.09889354796437105 0.12042231459663034 0.11392991306828061 0.11025892586475398 0.08900419316793394
0.11659025209269258 0.0702056791119085 0.2887125546339184 0.11519075335156129 0.09883202108645221 0.07836796804494808 0.12842909366211383 0.10367167801640516
0.12598659963221664 0.077034403603775 0.23695006521303805 0.0837817024616578 0.14292503708147763 0.10823702121532143 0.12454712783852415 0.10053804295398937
0.14670625995759212 0.08802170909807697 0.24215701333355755 0.09427943666213832 0.137947726755079 0.1009218250982027 0.10511453609942885 0.0848514929959245
0.09373622846065903 0.11836942548099726 0.14784458595070898 0.12403177829733673 0.10935523824990312 0.17369870780191896 0.08412590180167186 0.14883813395680406
0.08036508972456988 0.1258950407981097 0.11729953298359533 0.12620147315537658 0.10076628506986209 0.21243328955925742 0.08559752092277716 0.15144176778645185
0.07651449968789638 0.12664325474934854 0.10701961964615825 0.1255129355302344 0.09764079905103676 0.23092285590462444 0.08513051279441985 0.15061552263628125
0.08772379850848011 0.14718344158355443 0.12056505947055433 0.14566506362961093 0.0842118042200262 0.20945309077910468 0.07409918454201947 0.13109855726664982
0.10653566403350953 0.08133700544100193 0.2350821513288645 0.12459011903409262 0.09464727628875681 0.10676799179015514 0.1389086849529361 0.11213110713068336
0.1419865838245786 0.09154755802962469 0.2454562356458518 0.09782044602495304 0.12301329685679928 0.10307498091119757 0.1090624972845372 0.08803840142245774
0.13415972095954895 0.07892403198966354 0.21568310632619558 0.08225808757303657 0.15216960644065491 0.1158135696490112 0.12228217197424542 0.09870970508764389
0.13138769407879533 0.07720890682410693 0.20204666915517458 0.08237175682532236 0.16520143587339417 0.12048628010054943 0.12245114895227026 0.09884610819038683
0.1145770588071538 0.0676385476897111 0.27525665435962304 0.11581996378594517 0.11281429764649477 0.08052489396327232 0.1291306163404493 0.10423796740735064
0.08695434805890802 0.11660921120250556 0.16013558760594288 0.12742567836693722 0.10364112288739104 0.16589538642389415 0.08642785141409656 0.15291081404032467
0.10443488138721067 0.07603525622137881 0.2570497050561238 0.12241447759170254 0.0987889791797766 0.09462066362530264 0.13648300710597283 0.11017302983253228
0.10540879590398455 0.06767847258643873 0.30761745894377773 0.11672528069170408 0.09312485014797037 0.07425241197418338 0.1301399771294074 0.10505275262253369
0.12182507497514149 0.07663452522298746 0.24540605679245883 0.0837514272241111 0.14056789055984442 0.1068111908920241 0.12450212166449948 0.10050171266893329
0.0875408499961915 0.11636775373812497 0.14893898688372126 0.12471382854145721 0.11066653201480443 0.1775269447826156 0.0845885097933362 0.14965659424974864
0.13666776554645102 0.09924338323925334 0.20394390893056477 0.09981500454047512 0.131842797770663 0.12736735470447128 0.11128628118169388 0.0898335040864276
0.09094455250564072 0.1207989449267581 0.13507454666077418 0.12428363539244282 0.10753724206241187 0.18792398936703622 0.0842967266140047 0.14914036247093138
0.07941219308862348 0.125982265595477 0.11294269617078195 0.12578519892519177 0.10012978321619163 0.21949044589206973 0.08531517840143442 0.1509422387102301
0.076102399722083 0.12634295764921563 0.105430641744266 0.12516338312417816 0.0973386435950831 0.2345324893406308 0.08489342507552954 0.1501960597490138
0.10331139675486337 0.07914426666569337 0.2264221340009777 0.12535000699122983 0.0993675374077261 0.11383374857031521 0.1397559033170876 0.11281500629210686
0.09673522759109698 0.13748502127051115 0.16569122512601522 0.1474857761280172 0.08597714805960807 0.15886303023571846 0.07502537307381744 0.13273719851521545
0.08141089982593695 0.1304158513373055 0.1232303891258615 0.1267810650926769 0.09442566254524924 0.2056082185075944 0.08599063545416345 0.15213727811121225
0.10441579828696235 0.0791673495536561 0.23679665123535057 0.12464708630004694 0.09783003522839087 0.10598850252236415 0.13897219920318665 0.11218237767004223
0.08443771538836958 0.11958834500500042 0.14746168900367604 0.12826052638627375 0.09926223780389094 0.18008275859161407 0.08699409615764656 0.1539126316635285
0.10427653168190565 0.07691585247701094 0.2502578584948062 0.12326079666497919 0.09820051312497602 0.09872714084330413 0.1374265897145365 0.11093471699848127
0.10570431689446848 0.06802344951893607 0.3042127524979334 0.11715556802139303 0.09333776763192425 0.0755064188250751 0.1306197153910158 0.10544001121925373
0.10343448437737407 0.06505507288058383 0.3308957094913312 0.11368978601554217 0.08956034788797797 0.06828816483826237 0.1267556270949403 0.10232080741398795
0.10143747086251212 0.06380303976277447 0.3438511825106229 0.11202806763068347 0.08737312322707816 0.06577892003405622 0.12490293510465754 0.10082526086761515
0.10021581194621289 0.06323399935250983 0.35010186567533735 0.1112480168183307 0.08623699437267017 0.06480686003681009 0.12403323666163138 0.10012321513649763
0.11868813219885825 0.07507053117279028 0.26311017431506595 0.08261909314597625 0.1361855873738055 0.10236473901326908 0.1228188310050632 0.09914291177517151
0.08668700959778171 0.11588018706661979 0.1545973161363359 0.12449864407415114 0.10934444614787547 0.17515146549883032 0.08444255858942425 0.14939837288898136
0.11805178181772401 0.08587931537106298 0.17929672683243592 0.08643144064554588 0.15178008634662446 0.146356778595588 0.12848614161636374 0.10371772877465506
0.08606221854257617 0.11784177955257111 0.12694162592135785 0.12431218410499699 0.11346734741075652 0.19788413345313824 0.08431609008860666 0.14917462092599637
0.10535542487150072 0.0770487734100612 0.2380354868563298 0.12366881840127186 0.10304084312396623 0.103667213274606 0.1378815035011195 0.11130193656114468
0.08465006336929047 0.11904765832082645 0.1478736086634967 0.1281264892527344 0.10085757161244797 0.1787896376630246 0.08690318401489812 0.15375178710328127
0.09070120080461148 0.14639559631512025 0.13611109341962346 0.14674662065278182 0.08581696426577115 0.1875071980573034 0.07464936789728467 0.13207195858750365
0.07939885095312574 0.13145725178147608 0.1132793306307527 0.12602038730122825 0.09382017369207386 0.21932484340599287 0.08547469747387655 0.1512244647614739
0.07613985454760457 0.12755461475086605 0.10557364809232428 0.12527969706165057 0.09560947447778846 0.23453475832788323 0.08497231626790214 0.15033563647398068
0.07500809155589655 0.126173483880888 0.10276924570882633 0.12465760426703831 0.09572237424567927 0.24152970015314754 0.08455037506807817 0.14958912512044598
0.07456547526357231 0.12560135907765227 0.10169360647031267 0.12433939561459319 0.09554935023928512 0.24470899200630516 0.08433454659076754 0.14920727473751177
0.10291760072478294 0.07913499133034303 0.2241856076980161 0.12544488823391392 0.09900741798593503 0.11654740579449602 0.13986168882199057 0.11290039941052253
0.1231981604760369 0.079978032042121 0.21021943193844447 0.08579712821089354 0.14608977991631264 0.12421771998394027 0.12754319357917906 0.10295655385307226
0.11198627564781974 0.06813440207369462 0.280505002566914 0.11619401531736834 0.10747147575668355 0.08158655896819553 0.12954765588369274 0.10457461378563151
0.08625717580365488 0.11667012953633168 0.16173261216683577 0.12737906581624722 0.10211594628209054 0.16659395547041048 0.0863962359449329 0.15285487897949665
0.13611658280467573 0.09932014458736273 0.2107185126098315 0.09991746562383635 0.12863521421823132 0.12396584345131748 0.11140051764329217 0.08992571906145272
0.09086201931346896 0.12087871102835798 0.13730732489099132 0.12434480931113247 0.10674223098754902 0.18631291480585155 0.08433821848928984 0.14921377117335893
0.13846804904239107 0.1002588340050544 0.1981831036382471 0.10008510335052272 0.13079141213760134 0.1305494836124435 0.11158742119826935 0.09007659301547044
0.117366706811618 0.0709006152330464 0.27371912263700104 0.11651058587182292 0.10336702770469548 0.08337580602993425 0.12990060842724138 0.10485952728464065
0.12657616005865355 0.07730300543414528 0.230401974081647 0.083981647988309 0.145677635910492 0.11043723864771414 0.12484436029306832 0.1007779775859708
0.12860491488673384 0.07702617303646174 0.2088364833152862 0.08245097873916543 0.1628045431836197 0.11876681470366177 0.12256891764807279 0.0989411744869985
0.11337430324505696 0.06742486078050391 0.27895853470397686 0.11548262698845181 0.11204191733702373 0.08002888166974799 0.1287545109856321 0.10393436428960662
0.10661457703934525 0.06541927705237145 0.31765360473868454 0.11440913071864875 0.09556853672710457 0.06980901332059808 0.1275576427564636 0.10296821764678386
0.08492968998105192 0.11605790753322995 0.17388614534156996 0.12729398225472344 0.09850668053456096 0.16023428855468766 0.08633852709450808 0.1527527787056681
0.10319015124749073 0.07553240730402029 0.26464021678630467 0.12169601599177193 0.09686657248225686 0.09286624575697329 0.13568197603858748 0.10952641439259474
0.08414620476996347 0.11870505890695779 0.15651811011349787 0.12804283524267476 0.09903917321729276 0.17305077068511107 0.08684644477329245 0.1536514022912097
0.1355458089133448 0.09991750309503963 0.2083873976966368 0.10020904884998584 0.1277551474180611 0.12627133888143788 0.1117256111805066 0.09018814396498726
0.09068724871130349 0.12098389988158834 0.13651147154009866 0.12433527585134566 0.1064395559460132 0.187508464731471 0.08433175231656488 0.14920233102161476
0.10649854398888685 0.07716657488097681 0.24348580944559092 0.123230972810074 0.10055845441811785 0.10075843058530905 0.13739333834197803 0.1109078755290666
0.14137523224330698 0.09041019918483824 0.2490272331823084 0.09727451786548398 0.12497236508123424 0.10093955823625585 0.10845382812763663 0.08754706607893557
0.09248761337700713 0.11913513923439055 0.1501086470494209 0.124382537848597 0.10593092025203554 0.1743322885403146 0.08436380827991798 0.1492590454183164
0.10645440430825664 0.07646395293952939 0.25102851561268497 0.12247506728434507 0.09980459196213944 0.09699534724548338 0.1365505600916504 0.11022756055591056
0.08497567958345256 0.11893765902931837 0.15214000330772687 0.12810468427146435 0.09993691736670592 0.1752910407662336 0.08688839454934104 0.15372562112575722
0.07832851571250868 0.12626800783719266 0.1187446140493323 0.1265914859828449 0.0984433673192855 0.2138521745571447 0.08586205136227741 0.15190978317941387
0.07596566193960413 0.12661784816019445 0.10737994035614366 0.12540472203556946 0.0970902610971088 0.23199878415326636 0.08505711581542973 0.15048566644268335
0.10319548896224566 0.07912334175875346 0.22756796710316315 0.12526661879703768 0.0992801068378413 0.11316358792006202 0.1396629317035629 0.1127399569173339
0.106487250004992 0.06906615287622085 0.29266593018039044 0.11854334126493854 0.09470562984005126 0.0796757097025606 0.13216697899240162 0.10668900713844469
0.12261939934677364 0.07712207533635086 0.23910177980677141 0.08410043129572049 0.14192347809813058 0.10919137890386951 0.12502093965751881 0.10092051755486459
0.08771769415337882 0.11644061450668372 0.14685876137592607 0.12468642925776344 0.11117546360326247 0.17892739606231672 0.08456992593135261 0.14962371510931613
0.10457048549264202 0.08076607929151551 0.24844530010168248 0.1217664655778385 0.10112421785403265 0.09797711059261432 0.13576052206961994 0.10958981902005466
0.10549530630124465 0.07148103272102543 0.3027145557182528 0.11650267708145759 0.09395308598703447 0.07510914210148087 0.12989179071619225 0.10485240937331183
0.10315399452641541 0.06810688646428704 0.32980285254581665 0.11321295512904632 0.08958256260002759 0.06802509287737336 0.12622399624089195 0.1018916596161417
0.0836279382316372 0.12079532510793066 0.17727094538491306 0.12637757824625798 0.09616859698832472 0.15838955603057359 0.08571696611485324 0.15165309389550954
0.0775579396774771 0.13425175903845998 0.12610028214803443 0.12546049379703594 0.09681484206700404 0.2041671470966861 0.08509494361885918 0.15055259255644313
0.0752371494298475 0.1365547191466308 0.10898397451335841 0.12416491598534886 0.09597066331890755 0.2258744745377733 0.08421620388571487 0.1489978991824186
0.11420810072788111 0.09575012154760888 0.15866342005427694 0.08661921097302848 0.146425593558068 0.16562522515189584 0.12876527481960653 0.10394305316763418
0.11138334131728243 0.07563119160868638 0.2523022107248319 0.11857251509778664 0.10987446901917346 0.09332150300535574 0.13219950563887556 0.10671526358800798
0.14189913895200956 0.09300774314835901 0.2516927277101881 0.09576300597686908 0.1271336749281126 0.09754839873405387 0.10676860517122568 0.08618670537918217
0.1152560442566191 0.07160979150200794 0.3010031053418686 0.11253439661010264 0.0994621915214167 0.07338605968792757 0.1254674541309652 0.10128095694909238
0.10591684916187788 0.06786202600231214 0.32833610214933096 0.11264392367026536 0.09086568486696397 0.0674063142166256 0.1255895686293854 0.10137953130323882
0.13678920665839725 0.08932419280397903 0.28683790878565346 0.09349136166100727 0.11746358128877106 0.08771563202255035 0.10423589128473497 0.08414222549490653
0.10380284739552124 0.14205699708865857 0.18492294250576116 0.14058198747183034 0.0883046058429672 0.14229338516972653 0.07151344580088762 0.1265237887246473
0.0948820649718204 0.16105400039566223 0.1478099096474188 0.14371164140874582 0.08137472240919691 0.1687216967478792 0.07310548715140548 0.1293404772678712
0.10701535995175811 0.08843435296249486 0.24917970188435185 0.12190792046991815 0.09227575015429236 0.09555155243630471 0.13591823371795353 0.10971712842292634
0.10632544626398696 0.07278750762980989 0.3032192029599381 0.11662428864077008 0.09146569216077116 0.07458862403869435 0.13002737852933619 0.10496185977669308
0.10341483520479818 0.06832243769629266 0.3300832662993377 0.1132307800713179 0.0888858150016513 0.067911293941111 0.12624386972130516 0.1019077020641861
0.10121361802391311 0.06668539700043237 0.3431703706632795 0.1115709987432307 0.0870310892793709 0.0655212900160996 0.12439333740476616 0.10041389886890761
0.08305147619743562 0.12021436255358306 0.18155432700820728 0.12613679966617708 0.09528556379985217 0.1568396557495774 0.08555365542575488 0.15136415959941246
0.1017795230846812 0.08043407151117637 0.2680912481584609 0.12039779670230914 0.09520653172358806 0.09149825337483303 0.134234558412873 0.10835801703207822
0.09544782922927551 0.14280057231124646 0.1798744137922174 0.14551112779552447 0.08417806559535355 0.14720709820790462 0.07402087805250593 0.13096001501597201
0.10572963873911602 0.08414594366994166 0.2668052236650425 0.12018697553232145 0.09183056660641843 0.08913386526681089 0.13399950854125986 0.1081682779790893
0.10504446064788887 0.07145860173819162 0.3121197537144555 0.11552747172731567 0.09057651216027703 0.07249396593444425 0.12880450952284297 0.10397472455458409
0.09610352951426628 0.13921799419846237 0.1958207050616939 0.144604515397553 0.0826840377982123 0.1378654659045635 0.07355968826745088 0.1301440638577977
0.10517814937857971 0.08293550932503983 0.27534075519896245 0.11924935411625046 0.09072342765653058 0.08629425498592348 0.13295413063408817 0.1073244187046254
0.08422896358203047 0.12541618596959755 0.15946045242957022 0.12703235723438075 0.0966551877249204 0.1686069472975332 0.08616107708071043 0.15243882868125688
0.1346373025359505 0.10715577767296687 0.20881879881914361 0.09923113333384909 0.12599108458641642 0.12422257469242544 0.11063530835878398 0.08930802000046419
0.11530155432823969 0.0755967512136979 0.27896444479031596 0.1152954262629078 0.10123330850734412 0.08129683511402355 0.1285457961468539 0.10376588363661703
0.12535907107233238 0.08114086127633623 0.23234874999254657 0.0834698854598762 0.14418634301854044 0.10924763570607392 0.12408359092244282 0.10016386255185145
0.08798080602669762 0.12233865864088271 0.14414760498815196 0.12373536846817067 0.11134845870362046 0.1780418023974777 0.08392485861319401 0.14848244216180478
0.10474992494953689 0.08184440507213163 0.24686976866474003 0.12186158284279576 0.10127031734061949 0.09786200584991636 0.1358665707217439 0.10967542455851617
0.08408421756649749 0.1251170621174803 0.15020478434110227 0.12714491951781562 0.09984015839317935 0.17479753096959302 0.08623742367295321 0.15257390342137875
0.1341990558934607 0.11174426635708835 0.20346436723864533 0.09874836547106483 0.1269057545496447 0.12596760334690563 0.11009705821923198 0.08887352892395836
0.11511975865334374 0.07962283859298475 0.27558102173048094 0.11494292330188095 0.10145831847410168 0.08167372662401493 0.1281527816515001 0.10344863097169285
0.10693378647750897 0.07216615558473385 0.3154759165305171 0.11379560699432974 0.09234673666490176 0.06999214186391131 0.12687360958920046 0.10241604629489676
0.10271511802740495 0.06960649813305367 0.3356886867098863 0.11191247030813622 0.08834279528531233 0.06623915554220071 0.1247740527166832 0.10072122327732258
0.10051709273369124 0.06849133664811884 0.34564094157374836 0.1108154851209211 0.08645027932193702 0.06479993189524998 0.12355099609750454 0.09973393660882897
0.11831666068346033 0.08090187715908474 0.2607497005598003 0.08202917050252642 0.1357616700335738 0.1018640450846178 0.12194187137390494 0.09843500460303171
0.08585402645650714 0.1258069885052549 0.15288316215810777 0.12290307216778155 0.1083812387745825 0.17332748073567233 0.08336034460075618 0.14748368660133784
0.07720864783787817 0.14035203063621757 0.1173235999033666 0.1235857634492849 0.09936475345486437 0.21003890119625315 0.08382338738299325 0.14830291613914187
0.10220192042845572 0.09015341960947917 0.23147655361337455 0.12293886179637134 0.09870985912579217 0.10680675344876393 0.13706765636102894 0.1106449756167342
0.09525388359583858 0.15077784029132135 0.16597147093847575 0.14505198594634497 0.08481575913276469 0.15379495815344693 0.07378731459009723 0.13054678735171046
0.10588623676968488 0.09024170529623592 0.2585062895668227 0.12013488444558051 0.09219301167853218 0.09097504537518301 0.13394143086693827 0.10812139600102247
0.1227711311603082 0.08766629776751991 0.22426763405177497 0.08422708423133592 0.14122609916308623 0.11356003479551993 0.1252092177528516 0.10107250107760311
0.11063552220412759 0.07438704264284782 0.2871037632576963 0.11433522901694627 0.10495806532967102 0.07820342355934164 0.1274752478741177 0.10290170611525165
0.10499160789495658 0.07079336844423247 0.32130552501016746 0.11316580697144779 0.09288037439542843 0.06884266144577553 0.1261714295636888 0.101849226274303
0.10184148765781977 0.06915425572149833 0.33855806915481884 0.11157443311468618 0.08825881160397592 0.06579878647134077 0.12439716647264265 0.10041698980321755
0.08295288435475454 0.12405486649505038 0.17971424169501596 0.12558711359054126 0.09535543156038036 0.1564501011255017 0.08518082487010625 0.1507045363086495
