0.125 0.125 0.125 0.125 0.125 0.125 0.125 0.125
0.07575757575757576 0.12626262626262627 0.09090909090909091 0.15151515151515152 0.0946969696969697 0.15782828282828282 0.11363636363636365 0.1893939393939394
0.09326190608043523 0.1554365101340587 0.08393571547239172 0.13989285912065286 0.11657738260054405 0.22204026677903616 0.10491964434048964 0.08393571547239172
0.06430745814307458 0.11377473363774733 0.056062912227295786 0.09918822932521562 0.12861491628614916 0.22754946727549466 0.11212582445459157 0.19837645865043124
0.10932790581880525 0.08825264686578256 0.13665988227350656 0.1103158085822282 0.1311934869825663 0.12787944045022928 0.1639918587282079 0.13237897029867382
0.10865733941309347 0.08771134627322003 0.13582167426636682 0.10963918284152505 0.14604496106577064 0.11757246761055389 0.1629860091196402 0.13156701940983004
0.10381477071021665 0.07613186365213878 0.18862521442171698 0.15226372730427756 0.09637591091791112 0.07598846544034389 0.1697626929795453 0.13703735457384983
0.09841627916652737 0.07750281984364031 0.19683255833305474 0.15500563968728062 0.09329249079662762 0.07221947543719227 0.17159761495702205 0.13513312177865489
0.07317366397124922 0.12195610661874871 0.1038160288620876 0.14634732794249844 0.09937032800632149 0.1626418887140975 0.10976049595687386 0.18293415992812306
0.10700338393832921 0.08426516485143427 0.14093270243153966 0.10111819782172113 0.14624603121915278 0.1335316965531777 0.16050507590749383 0.1263977472771514
0.09134208550856285 0.14677527487871628 0.08194867483716334 0.12795793194554755 0.11329940642260225 0.1983382498835968 0.08678885818915397 0.15354951833465705
0.09990204347547801 0.07416575675379695 0.19815352915253814 0.1483315135075939 0.09164803728221942 0.08892218962650544 0.1653785680450338 0.13349836215683453
0.10244762739218072 0.07370966624831779 0.22229898639746773 0.14741933249663558 0.08867600380648738 0.07372970453858446 0.16319926104633647 0.12851941807398998
0.09786279281918078 0.1484309040279675 0.11026693247751021 0.13358781362517072 0.12084909094436393 0.2086589177118262 0.10019086021887805 0.08015268817510245
0.0733380564178054 0.11847195694585769 0.09943064692438053 0.14808994618232207 0.08980270408001792 0.19271513835934195 0.10044361567148803 0.1777079354187865
0.07413022810104783 0.11533255976608936 0.09708961071406018 0.1383990717193072 0.09404648198253114 0.2042039042783497 0.10379930378948043 0.17299883964913404
0.07335278546296588 0.11396674122896994 0.09574455751702197 0.13676008947476392 0.09336098827065636 0.21329465909609396 0.10257006710607296 0.17095011184345488
0.07168445725729378 0.11837734823098077 0.09728293712118226 0.14797168528872598 0.0930654716569688 0.19368867416341531 0.10036340393496196 0.17756602234647115
0.07682463465152697 0.11396198882790858 0.09580945351983979 0.1367543865934903 0.09329852675435141 0.20984223646590253 0.10256578994511774 0.17094298324186286
0.07099749659997802 0.1298881588049311 0.0961502720387641 0.14595358434920436 0.09196071805203682 0.1909108638991887 0.09899460503685166 0.17514430121904523
0.10578792608780085 0.07207743433276731 0.21347071359559971 0.14415486866553462 0.08703286959455625 0.09221734708400597 0.15958536539285884 0.12567347524687636
0.1058511873518657 0.14272637636068436 0.11378577975014177 0.12845373872461593 0.116391607517745 0.21937876301671574 0.09634030404346196 0.07707224323476956
0.07160149135206854 0.1309476520546702 0.09714304867366806 0.1430348715453451 0.0979351790259861 0.19068095514135286 0.09701495635249495 0.1716418458544141
0.07843212459112062 0.11281732181753898 0.09871667525798351 0.1353807861810468 0.09287006877734691 0.21102145101286954 0.10153558963578509 0.16922598272630845
0.06980462423012994 0.1274566039039736 0.0949347261196953 0.14309581210927344 0.09376426993930939 0.20217269921411357 0.09705628995237676 0.1717149745311281
0.10391075836943163 0.07076188757770616 0.21794085587408485 0.1415237751554123 0.09129636266148071 0.09451402222366119 0.15667263672068435 0.12337970141753893
0.07228998235066202 0.09744643479852791 0.08173849682210364 0.08770179131867512 0.13606173955046447 0.24411582293980655 0.10524214958241014 0.17540358263735023
0.06824550791302615 0.12364012268019789 0.0910753545583477 0.14051763966452419 0.10263518594506087 0.2099574051733023 0.09530761646811206 0.168621167597429
0.09368835586515348 0.0796089959539791 0.20362808399586985 0.1414466968933252 0.09926411756493014 0.09735921121034076 0.15770251131240884 0.1273020272039927
0.10436201958989205 0.06779184740170366 0.26083385231807704 0.13558369480340732 0.08834237078979318 0.07478832167662752 0.1500967235918876 0.11820116982861151
0.07209744406938104 0.12325652665801749 0.12965189391033274 0.14410563324331796 0.0956829329743702 0.16453759713973995 0.09774121211285913 0.17292675989198153
0.10250624836642969 0.06943779567376226 0.23689131377681943 0.13887559134752453 0.08992740641095494 0.08754962768390509 0.15374098838635195 0.12107102835425217
0.06737014479763162 0.10780666021342099 0.0764350086176964 0.08772454339528002 0.1398469567855376 0.24620072425738282 0.09916687514249047 0.17544908679056004
0.09612324207758327 0.07685433790873872 0.20159356195297912 0.1380690481590859 0.10504088917904394 0.10412009234232152 0.1539366850370704 0.12426214334317733
0.09766840292507255 0.07247666975161274 0.25255318407678645 0.13426271065999582 0.09506459285163063 0.07744509736028346 0.14969290278062217 0.12083643959399622
0.09586890301916573 0.07062665889294051 0.2747853445416559 0.1313117491253111 0.09124501138334923 0.07157895793433891 0.1464028008904588 0.11818057421278001
0.09457051107009566 0.06970608755985265 0.2850023568549012 0.12977990589637795 0.08956681697829484 0.06987749632688023 0.14469491000685722 0.11680191530674017
0.0938784842547838 0.06925676035513582 0.2898166081860527 0.1290315049623775 0.08878898814241509 0.06923880081683281 0.14386049881626267 0.11612835446613975
0.09353631302606412 0.06904032612013794 0.29210673247326324 0.12867125523916953 0.08842135927978508 0.06896103688713393 0.14345884725919347 0.11580412971525259
0.09337108854171983 0.06893669292575424 0.2931986441981527 0.1284988310731026 0.0882464915585955 0.06883269655537888 0.14326660718150394 0.11564894796579234
0.09329201307250419 0.06888724408891729 0.293718931423353 0.1284165878888807 0.08816321383443838 0.06877216842326642 0.14317491216864756 0.11557492909999262
0.07445687766321885 0.12050748187262407 0.1466944212054184 0.1404081736584018 0.09381379726683088 0.16039606998381203 0.09523336995961168 0.16848980839008215
0.08322209575133602 0.14590308316158934 0.12980466062760115 0.16205302982531195 0.08193237469350273 0.1688013574041325 0.08243567169374565 0.14584772684278074
0.10445951213587386 0.06923791917598722 0.23791059499940387 0.13847583835197444 0.08782686334455928 0.0880683008618393 0.15329844538761517 0.12072252574274696
0.09446409969369675 0.14406089734138403 0.11146160371985739 0.11705448335242774 0.11198152457706614 0.20111853562752963 0.07939347566512489 0.14046538002291328
0.13337014806939312 0.10147136161226701 0.1804139499173503 0.10996519937499277 0.12864618559595975 0.1245614850475889 0.12260299094495464 0.0989686794374935
0.10948049026452908 0.07223104998592549 0.2471651955714588 0.13019033052484635 0.09892743573300199 0.0796816976089808 0.14515250283889583 0.11717129747236171
0.11998397849616661 0.08088880380984835 0.20000687802011757 0.09388597673673187 0.14239821980733225 0.11060516085201641 0.13956781019370887 0.11266317208407824
0.10723207836541047 0.07029110635888965 0.25487349366730894 0.12926471103098916 0.10107612373946576 0.07680374073071906 0.14412050617932673 0.11633823992789027
0.08185083041890193 0.11981296830854737 0.1373688518547515 0.13929876236831426 0.09692149830507703 0.16310767420913946 0.09448089969329142 0.1671585148419771
0.11678565554358479 0.08626869255698029 0.16552510100221188 0.09575326689730551 0.14424209552874392 0.13417760576199456 0.14234366243241237 0.1149039202767666
0.12376998636855158 0.0814296231404888 0.17169617387444394 0.09311390805864049 0.15579094045345654 0.12404260018568289 0.13842007824836705 0.1117366896703686
0.10976072891297588 0.07071273363071978 0.24300640789326844 0.1299336141564889 0.10523029434305688 0.07954968507653501 0.14486628324611522 0.11694025274084002
0.08292296512110305 0.11974155231126458 0.1345661889599191 0.13914457289405074 0.09825865262620574 0.1640162616081963 0.09437631900639963 0.16697348747286087
0.13429567136144213 0.10703652330395988 0.18859759076318128 0.10932648721324877 0.1248748290346972 0.1155841852818502 0.12189087454969676 0.09839383849192389
0.08573820678358797 0.13054858565400038 0.11977916075530552 0.13533625583925513 0.10036954960713164 0.17403144778437918 0.09179328656923393 0.16240350700710615
0.10311955892345487 0.08733849019039974 0.22297487611359973 0.133007402704278 0.09563291294889842 0.08992676859582391 0.148293328089695 0.1197066624338502
0.10400088388191024 0.07795517155792668 0.2646434983898269 0.12890830802090866 0.09169098666980043 0.07306053084048274 0.14372314342032655 0.1160174772188178
0.09310654838528887 0.14975435946623436 0.1589102981406104 0.15757381875435517 0.08118250781876124 0.13749891405904968 0.08015711649678069 0.14181643687891965
0.13590480894664556 0.1170759051132471 0.19589933619163397 0.10757398963057187 0.11850341466713747 0.10828898425483566 0.1199369705284137 0.09681659066751468
0.11127066978559493 0.0820179041640248 0.2512465276231734 0.12732852515295381 0.0958997107597586 0.07567918646003521 0.14196180341680076 0.11459567263765845
0.10477562738114025 0.07619363687781075 0.27506776717894166 0.1271932159507478 0.090662355911396 0.06982255859024773 0.1418109437540427 0.11447389435567304
0.10257650510839797 0.07479787244992844 0.2843572750739646 0.12633392213747846 0.08899011330701805 0.06839088672083053 0.14085289527865136 0.11370052992373063
0.0809205876152983 0.12959209174524702 0.1430782180731293 0.1371690068336735 0.09370684489040869 0.15789407278943043 0.09303636985240464 0.1646028082004082
0.0872941572427453 0.16802587711668004 0.1253306651939481 0.15580100228186994 0.08060823753517792 0.1634638661107707 0.07925529246512515 0.14022090205368293
0.10299129547568502 0.09596765385833526 0.22451258437673094 0.13200211171900367 0.0908654992178938 0.08768645114241862 0.14717250366282944 0.1188019005471033
0.10383726058989089 0.08081672818660988 0.2649476512830867 0.128493731078958 0.09048765908793775 0.07251169073382513 0.14326092106862928 0.1156443579710622
0.11966141599765119 0.08992231974336864 0.20434665022748968 0.09227083930562893 0.13863286233581112 0.10727410530030124 0.13716679992299466 0.11072500716675472
0.10723907956514292 0.07926678158413755 0.25481840528558936 0.1271456387047325 0.09996035654062406 0.0753807648102379 0.14175789867527636 0.11443107483425924
0.13758630871081692 0.10223100978180605 0.22927794434479767 0.10523514264148459 0.12121155044244476 0.09241708502491239 0.11732933067640147 0.09471162837733613
0.11026426526310472 0.08045419466540081 0.26397156532725147 0.12541001249528302 0.09520577917138227 0.07200236685573863 0.1398228049760842 0.11286901124575471
0.08209961905016634 0.13312402458593986 0.13803987171288942 0.13662630758275532 0.09474783922019975 0.15874249056217846 0.09266827818656448 0.16395156909930636
0.08745498544228726 0.16902669266026552 0.12388889472348567 0.15558773874806298 0.08070827513807945 0.16415764218185208 0.0791468062327103 0.14002896487325664
0.13437653918816445 0.12539766977834393 0.1824328292824951 0.10757309241728741 0.11852609552850706 0.11494202042708547 0.11993597020255775 0.09681578317555867
0.0976686448302793 0.16515137161862264 0.13474827287030125 0.15336023529887066 0.08442162560266442 0.1486119530973743 0.07801368491290378 0.13802421176898358
0.09002668195714805 0.17852884042093578 0.12217690355352015 0.15415848389660236 0.07821053148085715 0.15973617268007068 0.07841975050392382 0.1387426355069421
0.1434650753659553 0.09394136235213402 0.1910501224554182 0.11272963482256083 0.118414514704371 0.11732583303163607 0.12479633973030746 0.09827711753761714
0.07592976163114568 0.11783762217931715 0.0728471667229006 0.08163300527405298 0.1430258134093933 0.2531798316644159 0.09228078857066858 0.16326601054810597
0.07271053839329832 0.1384748363851511 0.0901990597666411 0.13076730220611418 0.10100691312753506 0.22122624336890656 0.08869434410501659 0.15692076264733704
0.10054365357630227 0.09170511881306495 0.20970195812149856 0.1334122500620473 0.09628964329854026 0.09953164839158567 0.14874470268111842 0.12007102505584258
0.08021101338553407 0.13632535583552774 0.12521092471374723 0.1367361457998878 0.0948747331172355 0.16981567503697412 0.09274277715122824 0.16408337495986533
0.10151313741291287 0.09049389388219413 0.22489926278588804 0.1324169452671711 0.09436221471728996 0.08950428308278134 0.14763501211130864 0.11917525074045397
0.08046040478843522 0.13608407678843495 0.12883351775791185 0.13680947701185076 0.09477339099567297 0.16607524540065288 0.0927925148428205 0.1641713724142209
0.10146219285099015 0.09035107049762515 0.22640975578532901 0.13227313583267855 0.09423645113478712 0.08874689632528253 0.14747467532389683 0.1190458222494107
0.09240988712916108 0.15626325854897838 0.14838571098265788 0.15713965233249375 0.08162204895627691 0.14281749702552776 0.07993625792565986 0.14142568709924436
0.07741304745228136 0.15278893383738518 0.1094154575395499 0.13425636468781801 0.0903787250774897 0.18357899512226997 0.09106083865782438 0.16110763762538158
0.10123289098353709 0.09381936624016206 0.21811148088385135 0.1328855181011772 0.09386838695181295 0.09232795469529637 0.14815743585310354 0.1195969662910595
0.08036849967156678 0.1369954583635865 0.1272053239837699 0.13675463502502702 0.09472729316295435 0.16708791009391427 0.09275531766914877 0.16410556203003243
0.11499215723099526 0.10260806009214578 0.15985496722947434 0.09371002699284191 0.142663778977499 0.13441272800373713 0.13930624908189634 0.11245203239141027
0.10759353821000313 0.08260359009992871 0.23683313693821847 0.1289177677870529 0.10277348369927672 0.08151880190354784 0.14373369035362465 0.11602599100834762
0.08157181166295843 0.13372143285690094 0.1316623515460457 0.1366574858687383 0.09677252106653374 0.1629359887584101 0.09268942519792685 0.16398898304248594
0.07553014945343693 0.14634408867043947 0.10570246671797762 0.1345101039133098 0.09390325887160834 0.1913648676317068 0.09123294004554927 0.16141212469597177
0.10089424714811634 0.09277699573786793 0.21655801688140577 0.13304431090380334 0.09483033966309172 0.09382173187446935 0.1483344779778225 0.119739879813423
0.10358696716764056 0.08044517111230666 0.2617960701590769 0.12877458046798898 0.09191851099060386 0.07400753050270382 0.14357404717848918 0.11589712242119007
0.09277777059567316 0.1527430774753558 0.15770678945540975 0.15683634246932113 0.08126550292342345 0.13773584334142536 0.07978196551700249 0.141152708222389
0.07753753715886934 0.15188780298477145 0.11161291164511132 0.13433736421555828 0.09052595543925068 0.1817778140298251 0.09111577746794389 0.16120483705866995
0.10118872747671848 0.09358973584882993 0.219025470199326 0.13278543476980673 0.09391558642950341 0.09194230357545861 0.14804585040753077 0.11950689129282606
0.10356784114231024 0.08051624020707009 0.2627484783293981 0.12865605753280607 0.0916565690938032 0.07362245896433135 0.1434419029507554 0.11579045177952546
0.13639558769063145 0.10247403429471741 0.23223634915867505 0.1052007587953887 0.1194169531764746 0.0923046387142997 0.11729099525396323 0.09468068291584983
0.12661238632904018 0.09265390320073857 0.19096912636533703 0.09018633069914367 0.1463536975296714 0.11093292116195183 0.13406803787514493 0.10822359683897238
0.10905345104233959 0.07982771796010191 0.24890022350200994 0.12715921329157442 0.10238315755588046 0.0764599113591005 0.14177303332657626 0.114443291962417
0.10413785535631596 0.0771474701367663 0.27380584009108094 0.1268761070437798 0.09230689245703765 0.0700799475880004 0.1414573909876172 0.11418849633940183
0.09282331865229251 0.1514875917917054 0.16082986143931408 0.1566328686634473 0.08128307467751882 0.13629524370199614 0.0796784592766232 0.14096958179710256
0.07756137853970237 0.15155591176940164 0.11234506941318102 0.1343572892776714 0.09055727569925169 0.18126503630968727 0.09112929185789886 0.16122874713320567
0.10103733452640593 0.09483626691577696 0.21907927433494828 0.13251264627663514 0.09378273707047506 0.0917486476317923 0.1477417115949947 0.11926138164897163
0.11955259666901423 0.09421522964094736 0.18970704590434256 0.09281117168795448 0.14107226442481666 0.11329824534707691 0.1379700403003025 0.11137340602554537
0.10754852671790982 0.08111608135573277 0.24867248100404268 0.12744531803668244 0.10142123004521471 0.07700355784113233 0.14209201876627128 0.11470078623301419
0.08146300453336648 0.13435005829965777 0.13429641754045982 0.1363822511060318 0.09639710671168147 0.16094971625312557 0.09250274422843896 0.16365870132723814
0.10136264278377367 0.09101360074267155 0.2283563803613798 0.1317438814708778 0.09448431643037777 0.08758508868004616 0.14688459620708313 0.11856949332379
0.10318900813689834 0.08056321182750159 0.2662017337166526 0.12804950938418494 0.09140981561079019 0.07257651584837581 0.14276564702983008 0.11524455844576645
0.10229295408904054 0.07764108999805898 0.2806458939345686 0.1262821061716041 0.08958833543389393 0.06910060047482569 0.14079512434356456 0.11365389555444369
0.10157992267309551 0.0767262084054565 0.2860960643655155 0.12559869813703628 0.08876136729298766 0.06816573541695473 0.14003317538562104 0.11303882832333266
0.10122706186615273 0.07641767717027854 0.2881496757925961 0.1253440557803549 0.08842330561725552 0.06787930540996051 0.13974926816108224 0.11280965020231941
0.11826562650029492 0.08928663094642453 0.21128864189973287 0.09159417109318574 0.1377428317173983 0.10574820535380784 0.13616088717733282 0.1099130053118229
0.10649928775311532 0.07964341444027513 0.257269625333205 0.1265042254194624 0.10001910850983099 0.07516776493773167 0.14104277072886331 0.11385380287751616
0.10320950115183244 0.07757636880858924 0.2769590804646979 0.12640540855878385 0.09152313357958498 0.06962904243000671 0.14093259730359928 0.11376486770290545
0.10189622094832881 0.07679293975071706 0.2846615262596799 0.12573006817032198 0.08925795086535586 0.06832458948330589 0.14017964316900078 0.11315706135328978
0.08044929140129466 0.13303427795425665 0.14268848625057112 0.1363631639163626 0.09374156898648553 0.15759761665681804 0.09248979813457638 0.1636357966996351
0.13195424424922342 0.1184490840108738 0.18957025942269423 0.1074500723523301 0.12254510186042147 0.1135273609766279 0.1197988120107322 0.09670506511709709
0.14433242448807992 0.1117571106343068 0.2030280497890465 0.10383186732121574 0.12723952397111674 0.10059755979079973 0.11576478341634053 0.09344868058909415
0.11244689965732632 0.08353373639573465 0.25293968650589016 0.12587041361292958 0.09752625325289892 0.07406352045961621 0.14033611786396774 0.11328337225163662
0.10467222681474846 0.07832889290666249 0.2751529732068196 0.12647094918055668 0.09105944909086079 0.06948598433206611 0.14100567020578483 0.11382385426250102
0.10228596139377248 0.07696553487518774 0.28395271913241826 0.12579329782550155 0.08920457370689877 0.06833380550737467 0.14025013951589502 0.1132139680429514
0.101457825441689 0.07651184506009163 0.28732918587766293 0.12543312996660372 0.08857630186535238 0.06795331558723462 0.13984857923142233 0.11288981696994334
0.1011555294217003 0.07634589695752803 0.2886119773695783 0.12528493785269332 0.08834809880502918 0.06781375944252169 0.13968335608352522 0.11275644406742397
0.1010429926889 0.0762835073631466 0.2890977476795272 0.12522749464432256 0.08826307009959408 0.06776113115162077 0.13961931119299845 0.1127047451798903
0.09192230936004575 0.15211789437339743 0.16454964282053527 0.1560945867617581 0.08030044792799136 0.1351253530570999 0.07940463761359 0.14048512808558228
0.10264563941971704 0.09324794953485525 0.24026137114967427 0.12998859494491624 0.08986248315062055 0.08207664362762437 0.1449275827221678 0.11698973545042461
0.10304745978343312 0.08061824586431639 0.27074032303702417 0.1274427359511798 0.09004003497786343 0.07132359809649258 0.1420891399336288 0.1146984623560618
0.08068554838491984 0.13427980378926646 0.1394622611319467 0.13646770100103592 0.0939474563253941 0.15883528661766527 0.0925607015485287 0.16376124120124308
0.10103234341436489 0.09087234976288071 0.2305371650149414 0.13156150810093398 0.09381981050066181 0.08709020240582789 0.14668126350954877 0.11840535729084058
0.1364427295155435 0.10657136929778015 0.221016266014496 0.10589644226338903 0.12077464108419456 0.09592512338343959 0.11806663040410686 0.09530679803705012
0.12669531278579513 0.09464012901124055 0.1872647233626794 0.09020929640922358 0.1468948551876315 0.11194234960670975 0.13410217794565177 0.10825115569106827
0.14290802094128915 0.10617745037325375 0.2023951082727336 0.10408019703541041 0.1343221651756299 0.10040322835421457 0.11604165251559935 0.09367217733186935
0.11212462594784488 0.08251965131731569 0.2526741087823285 0.12589798172828043 0.09906583743137751 0.07404275698213872 0.14036685425526188 0.11330818355545239
0.10460312263983404 0.07815048762726953 0.27504466441959674 0.12647908753695924 0.09138995539803703 0.06948675972920648 0.14101474386583365 0.11383117878326332
0.08097233156374008 0.13350338452695393 0.1404873827862096 0.13643154520187012 0.09424398105581548 0.15810734213841987 0.09253617848474671 0.16371785424224414
0.13215778358500896 0.11859760928780705 0.18875331329345169 0.10748119382634846 0.12272396605340263 0.113719549378503 0.11983351013176463 0.09673307444371362
0.11028053685156672 0.08538026279545403 0.24770387642723893 0.12687956767400824 0.09721636465463394 0.07688653135842485 0.14146124933206589 0.1141916109066074
0.13840708861399728 0.10452751244795548 0.22642039299339478 0.10505823138219612 0.12091037811682882 0.09299190037702323 0.11713208782462761 0.0945524082439765
0.1103810197948687 0.0817262414170738 0.2625336781244005 0.12517957990241962 0.0956059590176413 0.07234600999991493 0.13956588983150367 0.11266162191217767
0.08193526414372265 0.1344389845789056 0.13747120040408264 0.13621323243470598 0.09505455487462137 0.15904277916486198 0.09238810547745276 0.16345587892164715
0.10136882150659783 0.09093488493436372 0.22965654096337718 0.13159663053846837 0.09409346764245528 0.08719226452379393 0.1467204224063222 0.11843696748462151
0.10314308302461246 0.08051148352350201 0.26670136630414176 0.1279845477762256 0.09128692496067625 0.07249328172740246 0.1426932196848366 0.11518609299860301
0.10226329697909446 0.07761698937383715 0.2808333771374167 0.12625546981518476 0.08954779129513048 0.06908772577172556 0.14076542679394477 0.11362992283366628
0.10156502942277106 0.07671558446328705 0.28616480180906106 0.12558691732278843 0.08874777028381822 0.06817163045086459 0.1400200406568999 0.11302822559050957
0.10121968919031427 0.07641262806850935 0.2881735423618663 0.12533783740579524 0.0884189338787959 0.06789098029199725 0.13974233513750606 0.11280405366521573
0.10107143458096152 0.07630580909969055 0.28893096180565625 0.12524516818359457 0.08829016760131819 0.06779679149317792 0.13963901587036587 0.11272065136523511
0.11820538856061139 0.08924892696527904 0.21152889850441275 0.09157712622269921 0.13768112401674265 0.1057304354304661 0.13613554883254989 0.10989255146723906
0.12210843791253896 0.0913203711741552 0.1844688466722923 0.09066380751602236 0.15290764812313062 0.11495648034986018 0.13477783923277353 0.10879656901922684
0.12322273211680954 0.09178617565928467 0.1753277450859171 0.0906695816686716 0.15796597262535098 0.11743787194305735 0.13478642289850287 0.10880349800240591
0.1086803492973812 0.08084078159221118 0.24241253390578366 0.1276356553693437 0.1053292444264034 0.07792511488855759 0.14230423068791007 0.11487208983240933
0.1041941360409548 0.07815395036748528 0.27118326480493127 0.12702276891440123 0.09306660389097202 0.07043787592984985 0.14162090802844435 0.11432049202296111
0.1023149638009876 0.07704224739673105 0.282456826851477 0.12598360524752147 0.08974970171364668 0.06860509217746592 0.14046231808940082 0.11338524472276934
0.11865913502266491 0.0894948051367007 0.2094964619449913 0.0916849155890239 0.13829469378268877 0.10605230485192586 0.13629578496517583 0.11002189870682867
0.106648548487986 0.07972358867438509 0.2565479333315837 0.12657294689943338 0.10019078822366473 0.07528115212289477 0.1411193900505623 0.11391565220949006
0.10326658761283683 0.07760769046204154 0.2766784897213456 0.12643389179900535 0.09158004654109726 0.06967843725373725 0.14096435399083135 0.11379050261910484
0.10191731473715543 0.07680444900036641 0.28455271015504463 0.12573971172405865 0.08927767855628149 0.06835200026369155 0.14019039501174899 0.11316574055165281
0.1013525720490057 0.07646779565788193 0.2875584566710728 0.12540612234391307 0.08857469546146375 0.06795637995952433 0.13981846774761653 0.11286551010952178
0.10112237551770384 0.07633117482080234 0.2886976360704787 0.12527233501500684 0.0883404475621135 0.06782162464037343 0.13966930486001508 0.11274510151350615
0.10103109451070487 0.07627751520652376 0.2891284867162427 0.12522097503323107 0.08825813423743213 0.06777287445278786 0.13961204231316954 0.11269887752990794
0.09191694182788286 0.15211072372125783 0.16455409585249242 0.15608836262809003 0.08029733312627864 0.13515154505486252 0.07940147142385451 0.14047952636528102
0.10264140826638447 0.09324448356952408 0.24025843956026716 0.12998303072713538 0.08985950787936364 0.08210702330832113 0.14492137903458227 0.11698472765442182
0.10304477380822556 0.08061620961217777 0.27073662543527294 0.12743936338390408 0.09003827794237113 0.07134394299973436 0.1420853797728005 0.11469542704551366
0.09244919806825234 0.1538572449586358 0.15979655195784154 0.1563638186959621 0.08073397078644678 0.1365301839785496 0.07954159472794595 0.14072743682636588
0.07728959234675001 0.15422865195286517 0.11185144270165753 0.13391742602926843 0.09020258949488719 0.18097843641090214 0.0908309498285473 0.16070091123512212
0.1009610056736908 0.09533682629132927 0.21882369867843668 0.13248668229347807 0.09370655738173575 0.09173445192581399 0.14771276369138525 0.11923801406413026
0.10342455795399702 0.08161055958048133 0.2625123077787612 0.12848510037275052 0.0915403597538255 0.0735392257494184 0.1432512984752905 0.11563659033547546
0.0807704025798743 0.1346218199860079 0.137561917862969 0.1365309688011362 0.09429981449630719 0.1597743000907018 0.0926036136216402 0.1638371625613634
0.10110962204969261 0.09098727650873903 0.2297454132719845 0.13163546073701174 0.09394954319541388 0.08733705439392554 0.14676371517992204 0.11847191466331058
0.10308341804332956 0.0805221612889286 0.2667446950646992 0.12798755626918384 0.0912577267079085 0.07251906805371405 0.14269657392997065 0.11518880064226547
0.11919685284826423 0.09048398713017547 0.2046274036842251 0.0919887436729706 0.13917723716277502 0.10739183727569834 0.13674744581832646 0.1103864924075647
0.1224834688073581 0.09166172979130824 0.18225738109233328 0.09075561032958711 0.15352568144646023 0.11549508585645027 0.13491431028099812 0.10890673239550452
0.08293012859861436 0.13538465724975074 0.1173900068875826 0.13363669591681207 0.10635996888523326 0.17329396578347314 0.09064054157835949 0.1603640351001745
0.132935049504697 0.11922648850744229 0.17985663014034364 0.10754558392082901 0.12634227377816867 0.11739764833789386 0.1199053002818795 0.0967910255287461
0.1107475943306607 0.08571405807532363 0.24405423339292745 0.1272050929094547 0.0982464723369312 0.07772377965953238 0.1418241856766607 0.11448458361850923
0.08200623028245227 0.13570392509665877 0.13316537679129548 0.1362984989359002 0.09564749038460915 0.1611743413773062 0.09244593840869753 0.16355819872308022
0.1326058823521348 0.11924508074130949 0.18602687032023532 0.10757621877794055 0.1232367017124856 0.11455119333437233 0.1199394558613755 0.09681859690014649
0.08446182260735371 0.14338178883660713 0.11782833103020748 0.13298728724020958 0.09929149193627718 0.17226446057642947 0.09020007308466389 0.15958474468825148
0.10240187438346954 0.0930167419859351 0.22108720781357483 0.13205042358728628 0.09541840018458365 0.08995360302599172 0.14722636779060125 0.11884538122855763
0.1370862230280754 0.10725787983456105 0.21765949558035236 0.10607681500342504 0.1214160261976691 0.09676669430423974 0.11826773254859478 0.09546913350308253
0.11040815554484927 0.08248611220354019 0.25914300545542346 0.1256111293381192 0.09601307208005434 0.07324147372657924 0.14004703524712692 0.11305001640430727
0.09392962979212251 0.15438555285434208 0.1566762615528849 0.15616221994137439 0.08180057082380524 0.13706072477023043 0.0794390423180035 0.14054599794723693
0.10335377992004656 0.09387340521680099 0.23698603210323538 0.1302719662887397 0.09038459746600197 0.08264192872189378 0.14524352062341575 0.11724476965986573
0.1198327291934074 0.09373116945845884 0.19533270063901398 0.09248260807822566 0.13955617751704422 0.11060387699324367 0.13748160842673546 0.11097912969387078
0.08257181105553732 0.13625729375853515 0.12055000745936587 0.13393157361224026 0.10343364590027512 0.17169723429888198 0.09084054558047602 0.1607178883346883
0.10190291504103866 0.09163484600591683 0.22231970007911833 0.1320248407408105 0.09628906343568273 0.08980843320475514 0.14719784482594844 0.11882235666672945
0.11966890738594585 0.09344593652661341 0.19064295554213556 0.09270356304867154 0.14176517385061577 0.11271911515704972 0.13781007283056246 0.11124427565840585
0.10753249607876182 0.08093991894870756 0.24902533065257 0.12738449560873769 0.10153702002853861 0.0769104863367204 0.14202420629810006 0.11464604604786391
0.08145471218858756 0.13428540613417067 0.13437216684951564 0.13636875781266525 0.09642142883517604 0.1609614265491396 0.09249359225554687 0.16364250937519828
0.10129444068430525 0.09156196691604375 0.2282707801876417 0.13162455203214732 0.09443363711001516 0.08760097345283359 0.14675155278808066 0.11846209682893259
0.10312920778193052 0.0810307412128182 0.266093735531712 0.12796614892317407 0.0913614227261222 0.07257650345665333 0.14267270633673285 0.11516953403085664
0.08065936221706244 0.1349509203028095 0.13832639849173897 0.1363928380232877 0.09419149614931728 0.159297654267696 0.09250992492014296 0.16367140562794522
0.10099293029276736 0.09159092188663528 0.22994209257411177 0.13148406676976623 0.09384572812868405 0.08721367805074517 0.14659492220450054 0.11833566009278962
0.10300423505576127 0.08099346423573561 0.26674899125544377 0.12789453959703284 0.09118882517267632 0.07247199176395573 0.14259286728206494 0.11510508563732955
0.10219172951211233 0.0780248872701218 0.28079566179644966 0.12618286352540767 0.08949138543948917 0.06906441908432921 0.14068447619922317 0.11356457717286689
0.10151331608230431 0.07709900531952309 0.28609758962169046 0.1255208358042132 0.08870379284874938 0.06815034340458258 0.13994636469514515 0.11296875222379188
0.10117400179452243 0.07678824138294633 0.2880962898304344 0.12527399951651297 0.08837881284715596 0.06787089440858841 0.13967116065497792 0.11274659956486167
0.11820125227566343 0.08971346739781816 0.21121990089019355 0.09153858309021977 0.1376707538613934 0.10573149089904653 0.13607825187740133 0.10984629970826372
0.10644323138482212 0.0800869021750038 0.2571692371972111 0.12642429574418396 0.09996983059296217 0.07517098163022233 0.14095365510582897 0.11378186616976556
0.10316050545429101 0.07797682177786334 0.27686048477536657 0.12633599775156662 0.09148116216329084 0.06962742066774863 0.14085520943346305 0.11370239797640994
0.11891782819080722 0.09010811742103463 0.2076595076909587 0.0917011212848454 0.1388922102312745 0.10635999381880838 0.13631987582045674 0.11004134554181448
0.08238477310814762 0.13576586101520105 0.12338106856219366 0.1338315420575078 0.10326980567657852 0.16999640102018287 0.09077269809117919 0.16059785046900932
0.11500399038694714 0.10406917810079243 0.157872490512874 0.09314205264496037 0.14490908830156263 0.1347708198126715 0.1384619170662396 0.11177046317395244
0.10747723706360482 0.0841978145616128 0.2356729528736763 0.12865024353281063 0.10323346512251469 0.08154764689161013 0.14343542077464108 0.11578521917952957
0.081377827259375 0.1358287734736611 0.13117587717647686 0.1362818342925644 0.09671736636724852 0.16264548484637925 0.0924346354332176 0.16353820115107726
0.10136857223823387 0.09194273099459284 0.22692885063804202 0.13174306927589777 0.09458506577960751 0.08797925805502609 0.14688369067029197 0.11856876234830799
0.10319213866509706 0.0811376076469286 0.2655722077354872 0.12802657780914337 0.09143396835124686 0.07267349972889756 0.14274008003497027 0.11522392002822902
0.10227515040989799 0.0780821922460227 0.28034632636444645 0.12623616194956774 0.08957781153873348 0.06912591177205343 0.14074389996466732 0.113612545754611
0.1186524907544561 0.09011149863457248 0.20880547172169162 0.09167963030394617 0.1382422972810138 0.10620512690565868 0.13628792803392595 0.11001555636473541
0.10663043216669053 0.08022266409027803 0.2562052017716923 0.12652570318799886 0.10016660743507254 0.075309541641106 0.14106671683796287 0.11387313286919895
0.10323649090635588 0.07802671196806209 0.27648938229277104 0.12637891558244088 0.09155126065913073 0.06967315495497794 0.14090305961206465 0.11374102402419677
0.10188030055125569 0.07719416023113464 0.2844273079701418 0.12568037204248447 0.08924397615294927 0.06833731251867005 0.1401242356951282 0.11311233483823602
0.10131219985556397 0.07684655855160494 0.2874588780814233 0.12534480943075912 0.08853838273038263 0.06793873443754239 0.13975010842504038 0.11281032848768319
0.10108051734834866 0.07670566079102561 0.28860844502078814 0.12521021598306475 0.08830296571080662 0.06780295398605937 0.1396000467751483 0.11268919438475829
0.10098860901644616 0.07665030894102685 0.28904345966667483 0.12515853268035684 0.08822016156190998 0.06775382497167245 0.1395424237495919 0.11264267941232116
0.13459204816157658 0.10216306311166368 0.24098566712247135 0.10427335050571047 0.11757658890757106 0.0903062625153214 0.11625700422054587 0.09384601545513942
0.12579138502383336 0.09392048681723686 0.1935504745636489 0.0898478898443052 0.1453747187871903 0.11013265433729395 0.13356492281332535 0.10781746781316624
0.14238724627287824 0.1063692342270168 0.20454783375605246 0.10386592414826909 0.13367618217582336 0.0998714934495671 0.11580275423695077 0.09347933173344218
0.14666408994123864 0.10872040498395168 0.20766104274078737 0.1029998430778998 0.12954270455909972 0.09687491745050823 0.11483713847640468 0.0926998587701098
0.11273871451830972 0.08325360850779144 0.25459584394766543 0.1254947715034748 0.09778684910834859 0.07326761311636376 0.1399173049449189 0.11294529435312732
0.12162719474240838 0.09131644245311403 0.20030283385811862 0.09176020871581801 0.1410685588024398 0.10740479771396311 0.13640771325515633 0.1101122504589816
0.08287564020289144 0.13613928055700059 0.12167781604812217 0.13382293369080828 0.10374054357918054 0.1703894061201311 0.09076685937289605 0.16058752042896993
0.13274809194732567 0.12007891924426688 0.1813407375817021 0.1073864784936527 0.12543775535073537 0.11663227713391273 0.11972790960411728 0.09664783064428743
0.11059969918482616 0.08632975121833408 0.24456130273690307 0.1270401115911812 0.09795816226556806 0.07753462875229993 0.1416402438188244 0.11433610043206309
0.10452522238383438 0.07943189607566184 0.2719453152295162 0.12683501236961114 0.0914018637531361 0.07029760556290436 0.14141157349268582 0.11415151113265
0.10232971568127489 0.07756790698496908 0.28269332534478653 0.12587976698134606 0.08934420679338687 0.06854674175928548 0.14034654617173958 0.11329179028321149
0.10147418913233834 0.07695969208331195 0.28680132252456736 0.12542255850554798 0.08861007518084849 0.06801506707713244 0.13983679284126022 0.1128803026549932
0.08031040929927068 0.1335602818975122 0.14310789399964158 0.13622568786324976 0.093525788181511 0.1574025598156674 0.09239655350724767 0.1634708254358997
0.11452234573874463 0.10364734528095493 0.1647505356479979 0.09326093421596253 0.14179010574766604 0.1314769698034017 0.13863864250611743 0.11191312105915502
0.1071587798407603 0.08395923823223694 0.2385444984478052 0.12841328130853655 0.10236142009276136 0.08081960332189331 0.14317122557832357 0.11557195317768289
0.10397739383710747 0.07919560481728921 0.26972338993763234 0.12719993537942806 0.09256472836352601 0.0710405704079603 0.1418184354155713 0.11447994184148526
0.10228595997816899 0.07758959910085926 0.2818648229483011 0.12599534262931172 0.0896624155006487 0.06873064708215675 0.14047540439417291 0.11339580836638055
0.08047802198073827 0.13379552971022657 0.14198095669715763 0.13627681176738204 0.09378092945354219 0.15772434741917507 0.09243122885091999 0.16353217412085844
0.1008341369295251 0.09126679476222745 0.2314535617437275 0.1313309227793573 0.09364983558939338 0.08684273961049709 0.14642417808385055 0.11819783050142155
0.08013690876320853 0.13805361280713455 0.1301036030934562 0.13634435646512166 0.09458380499532766 0.16468744434126217 0.09247704177634339 0.163613227758146
0.13200118131130925 0.12064091707465571 0.18481477612753097 0.10754289331578763 0.12292567645329626 0.11538365127516143 0.11990230045804978 0.09678860398420885
0.11032584741465593 0.08636303352957835 0.24601793099765326 0.12693824917423696 0.09733173874416164 0.07725210105729613 0.1415266748256045 0.11424442425681328
0.08186526083788215 0.1364457027516764 0.1335386527140369 0.13615706422330587 0.09536940709868574 0.16088542652889917 0.09235000877754658 0.16338847706796703
0.075333856769301 0.1497784882501839 0.10581474481463728 0.1339564387224606 0.09332276984884352 0.19018856451586516 0.0908574106117559 0.16074772646695273
0.11334124699645076 0.10776039658143455 0.1522022632643344 0.09336584156560719 0.1419729756728538 0.1405236717132104 0.13879459432738026 0.11203900987872864
0.10727257972520464 0.0852926195305727 0.23336307405560244 0.1288831484380753 0.10278435676686215 0.0827142955263668 0.14369509236304814 0.1159948335942678
0.08130424628284572 0.13642429489452007 0.1305893382908799 0.13621867120569212 0.09657552370117271 0.16303372579506792 0.09239179438299118 0.16346240544683052
0.10133759900707628 0.09234741273930869 0.22662693847357532 0.13170963129707497 0.09454355393874356 0.08804978655757768 0.1468464098192761 0.11853866816736745
0.10317381927347598 0.08139868316040949 0.26542069726358747 0.12800040034097881 0.09141493193481691 0.07268021360834127 0.1427108941115092 0.11520036030688093
0.10225778999666975 0.0782893275577147 0.2802611790822054 0.1262090082274328 0.08956165353835578 0.06911930860204807 0.14071362559088402 0.11358810740468953
0.1186262543278546 0.09032871681948558 0.2087553181122908 0.09165528844803822 0.13821081756665565 0.10618551635781129 0.136251742230218 0.10998634613764587
0.10660640630374353 0.08044114505107545 0.2561519054906438 0.12649047054466844 0.10014446146498221 0.07529675258473395 0.1410274350699512 0.1138414234902016
0.10321474129831874 0.07822212151724904 0.27644128859227546 0.12634763965933032 0.09153190494693775 0.06966123900067109 0.14086818929182052 0.11371287569339729
0.10185951703944218 0.07737997151240807 0.28438344568900975 0.12565019683943865 0.08922546998897771 0.06832562917961592 0.14009059259561293 0.11308517715549478
0.08036674028563966 0.133949771671707 0.14252647506587224 0.13619871138529338 0.09364467332739262 0.15749691818389192 0.09237825641785118 0.16343845366235207
0.1007597601749344 0.0915491026113456 0.23162430754141478 0.13125286920587342 0.09357759004970839 0.08677163395712768 0.14633715417430962 0.1181275822852861
0.10287071583749034 0.08111592675205648 0.26736766202626605 0.12777790547644746 0.09106165425770985 0.07234319177957604 0.1424628289416511 0.11500011492880272
