Action: 0
[0.21448429025933347, 0.09992080490042973, 0.130805501025835, 0.09992080490042973, 0.1551061840231993, 0.09992080508991333, 0.09992080490042973, 0.09992080490042973]
[0.26138444110054343, 0.10072191252360155, 0.10861273069555695, 0.10072191252360155, 0.12639326558589187, 0.10072191252360155, 0.10072191252360155, 0.10072191252360155]
[0.2034084483818155, 0.10170386074944252, 0.1329930216502926, 0.10170386074944252, 0.10170522970120352, 0.1550778572689184, 0.10170386074944252, 0.10170386074944252]
[0.125, 0.125, 0.125, 0.125, 0.125, 0.125, 0.125, 0.125]
[0.2120576168180464, 0.10368531804924559, 0.16582831721801072, 0.10368531715935851, 0.10368747880980148, 0.10368531762682023, 0.10368531715935851, 0.10368531715935851]
[0.11338553645846844, 0.09961873327056978, 0.15595115191586978, 0.09961873326455613, 0.23079937784496143, 0.10138900071646226, 0.09961873326455613, 0.09961873326455613]
[0.125, 0.125, 0.125, 0.125, 0.125, 0.125, 0.125, 0.125]
[0.125, 0.125, 0.125, 0.125, 0.125, 0.125, 0.125, 0.125]

Action: 1
[0.10422492755168718, 0.10422492755168718, 0.10422492755168718, 0.10422492755168718, 0.10486729396188334, 0.26978314072799353, 0.10422492755168718, 0.10422492755168718]
[0.1111111111111111, 0.1111111111111111, 0.1111111111111111, 0.1111111111111111, 0.1111111111111111, 0.2222222222222222, 0.1111111111111111, 0.1111111111111111]
[0.1040711502698614, 0.10407056014343993, 0.10407056014343993, 0.10407056014343993, 0.20989702415138092, 0.165679024861558, 0.10407056014343993, 0.10407056014343993]
[0.125, 0.125, 0.125, 0.125, 0.125, 0.125, 0.125, 0.125]
[0.10429104913929296, 0.10429104913929296, 0.10429104913929296, 0.10429104913929296, 0.10446575063050542, 0.2697879545337368, 0.10429104913929296, 0.10429104913929296]
[0.10428747364767683, 0.10428747364767683, 0.10428747364767683, 0.10428747364767683, 0.10448732233933229, 0.26978783577460674, 0.10428747364767683, 0.10428747364767683]
[0.125, 0.125, 0.125, 0.125, 0.125, 0.125, 0.125, 0.125]
[0.125, 0.125, 0.125, 0.125, 0.125, 0.125, 0.125, 0.125]

