Action: 0
[0.13681334052494837, 0.10768109042851744, 0.10941553895929956, 0.10768047483510472, 0.21536813074681593, 0.10768047483510472, 0.10768047483510472, 0.10768047483510472]
[0.2158570777590308, 0.1079285388795154, 0.13657168896387684, 0.1079285388795154, 0.1079285388795154, 0.1079285388795154, 0.1079285388795154, 0.1079285388795154]
[0.10635602067725847, 0.24406922141498197, 0.10877027890453825, 0.10634311188094708, 0.11538487421518734, 0.10639026914519287, 0.10634311188094708, 0.10634311188094708]
[0.125, 0.125, 0.125, 0.125, 0.125, 0.125, 0.125, 0.125]
[0.2170775746685577, 0.10757665474973949, 0.13691450242975436, 0.10757665474973949, 0.10812464915298596, 0.1075766547497441, 0.10757665474973949, 0.10757665474973949]
[0.10790857699055019, 0.10790857694821476, 0.2445634045913767, 0.10790857694821476, 0.1079851336741313, 0.1079085769510827, 0.10790857694821476, 0.10790857694821476]
[0.125, 0.125, 0.125, 0.125, 0.125, 0.125, 0.125, 0.125]
[0.125, 0.125, 0.125, 0.125, 0.125, 0.125, 0.125, 0.125]

Action: 1
[0.10682949191602081, 0.10682951912133809, 0.10682949191602081, 0.10682949191602081, 0.11495211957446716, 0.24407090172409063, 0.10682949191602081, 0.10682949191602081]
[0.1079285388795154, 0.1079285388795154, 0.1079285388795154, 0.1079285388795154, 0.1079285388795154, 0.24450022784339223, 0.1079285388795154, 0.1079285388795154]
[0.10678345373293861, 0.10678213149113283, 0.1067821314911328, 0.1067821314911328, 0.22175920002035351, 0.13754668879104376, 0.1067821314911328, 0.1067821314911328]
[0.125, 0.125, 0.125, 0.125, 0.125, 0.125, 0.125, 0.125]
[0.10679117539438666, 0.10679117539438013, 0.10679117539438013, 0.10679117539438013, 0.11496494888790997, 0.24428799874580281, 0.10679117539438013, 0.10679117539438013]
[0.10679062438914169, 0.10679062237278451, 0.10679062237278451, 0.10679062237278451, 0.2442865373150272, 0.11496972643190845, 0.10679062237278451, 0.10679062237278451]
[0.125, 0.125, 0.125, 0.125, 0.125, 0.125, 0.125, 0.125]
[0.125, 0.125, 0.125, 0.125, 0.125, 0.125, 0.125, 0.125]

