0.125 0.125 0.125 0.125 0.125 0.125 0.125 0.125
0.07575757575757576 0.12626262626262627 0.09090909090909091 0.15151515151515152 0.0946969696969697 0.15782828282828282 0.11363636363636365 0.1893939393939394
0.07408784041121591 0.12347973401869318 0.08890540849345908 0.14817568082243182 0.09260980051401987 0.1763901740953166 0.11113176061682387 0.18521960102803975
0.07848879002708821 0.1225153207371015 0.08821103093071309 0.1470183848845218 0.09188649055282612 0.17784321309870574 0.11026378866339136 0.18377298110565224
0.0773013668194288 0.12007659257645867 0.08645514665505026 0.1440919110917504 0.09005744443234401 0.19383371624146714 0.10806893331881282 0.18011488886468802
0.07635986078638916 0.11862660172644574 0.08541115324304092 0.1423519220717349 0.09651911864681624 0.19602749938210354 0.10676394155380114 0.17793990258966857
0.07575182092540438 0.11770136778758089 0.08474498480705825 0.1412416413450971 0.10256903963353123 0.19550786281113397 0.1059312310088228 0.17655205168137134
0.09243172327931792 0.14356886286130596 0.07752718594510523 0.12921197657517536 0.12644712877009065 0.25637695419251816 0.09690898243138153 0.07752718594510523
0.07295173961840627 0.1290684624017957 0.09118967452300783 0.16133557800224463 0.08754208754208752 0.15488215488215484 0.10942760942760942 0.19360269360269358
0.10189617810947763 0.07501457508176249 0.19051320655685708 0.15002915016352497 0.09529036247566679 0.09037344739494224 0.16608843648546515 0.13079464373230382
0.07739599164401567 0.11746548473271194 0.10009356636317925 0.14095858167925432 0.10235399569330339 0.1798152165290266 0.10571893625944076 0.1761982270990679
0.07355597378401055 0.11393428536913217 0.09009552737988397 0.1367211424429586 0.10059256939725644 0.21165821674084104 0.10254085683221896 0.17090142805369826
0.08686541227039404 0.15368496017069716 0.07572882095367685 0.1339817601488129 0.1136643969285947 0.1844219522048366 0.09087458514441224 0.1607781121785755
0.07384871382463483 0.11336916726807553 0.08772196221051724 0.13604300072169065 0.10183085141074602 0.2151003031209544 0.102032250541268 0.17005375090211328
0.09313596437831033 0.13732488512262758 0.08066857821832114 0.12359239661036484 0.12150733371186075 0.27692110653452273 0.09269429745777363 0.0741554379662189
0.06949216965362566 0.12294768477179924 0.08686521206703207 0.15368460596474906 0.092814527877969 0.18553601802668762 0.1042382544804385 0.18442152715769886
0.11442751973452704 0.0803732914351629 0.13299475325331273 0.0964479497221955 0.14822219428244351 0.15388237073358937 0.15309198368602459 0.12055993715274436
0.10687595959353464 0.08627336497309422 0.1335949494919183 0.10784170621636778 0.14597479921698517 0.1297152336581567 0.16031393939030197 0.12941004745964133
0.09367712266598421 0.07561888215205954 0.18735424533196843 0.1512377643041191 0.10469750234825398 0.0826816745251359 0.16861882079877158 0.13611398787370718
0.11055286413323472 0.07204251319884894 0.21650875870723188 0.14408502639769788 0.09415960876143654 0.07753059455425372 0.15950804713135455 0.12561258711594173
0.1253455499207148 0.0788316816817429 0.16611448987776453 0.09459801801809149 0.14596408065321653 0.12074307317015473 0.15015558415570077 0.11824752252261435
0.06833407233903874 0.12089874336906851 0.09898972014373024 0.15112342921133565 0.10218553844687299 0.174619272927793 0.10250110850855809 0.18134811505360277
0.0775076479341445 0.11167583890438307 0.09456024414234597 0.13401100668525967 0.10338777602075727 0.21083547294259034 0.10050825501394475 0.1675137583565746
0.07751633261037938 0.10936953633419938 0.09224662126890916 0.13124344360103926 0.10453488000755712 0.22260229897583725 0.09843258270077944 0.16405430450129904
0.07960356317194768 0.14083707330421513 0.0755850365165102 0.1227810382652132 0.11747098119380113 0.2331074878501732 0.08327757377988372 0.14733724591825584
0.09036874483948903 0.0729482639065755 0.19418478066345796 0.145896527813151 0.10271885281280414 0.09991221422160612 0.16266374071108025 0.13130687503183586
0.1062003161425997 0.06921847341540607 0.23677826850928682 0.13843694683081215 0.09721195483694738 0.07821002907593348 0.15325539087497314 0.12068862031404136
0.08367535240003143 0.11160219073772534 0.1250711952565572 0.1339226288852704 0.10540525583608289 0.17247811911379213 0.10044197166395279 0.16740328610658797
0.07867746610646281 0.10955599578113107 0.10209726305710577 0.13146719493735726 0.10684470238518722 0.20842298785804142 0.09860039620301794 0.16433399367169654
0.06574113208422341 0.11631123368747219 0.09678022743280264 0.14538904210934026 0.09781367721151511 0.20488613881710294 0.09861169812633513 0.17446685053120828
0.10195835642281571 0.06956108717636551 0.21678427576843395 0.13912217435273103 0.0991383553265838 0.0981357868899938 0.15401396590941324 0.12128599815366295
0.08207966609449124 0.1100729675106846 0.12568544802539944 0.1320875610128215 0.10695861487431826 0.17894062045664189 0.09906567075961614 0.16510945126602689
0.076962660835909 0.11958194435102007 0.1036050804249305 0.1285116875570806 0.10623557841558656 0.20807967330131205 0.09638376566781046 0.16063960944635075
0.07556864659336013 0.1196885964440696 0.09819069746400044 0.12742483758229242 0.10525489240046643 0.21902265435122617 0.09556862818671932 0.15928104697786552
0.07435065711533344 0.12833236270430676 0.09583972660101782 0.12545760246312074 0.10374614369609793 0.22135830249388191 0.09409320184734056 0.15682200307890093
0.06217272217274564 0.10903249307927812 0.05995525802301496 0.07885706983841634 0.13928448734742704 0.2983553460561856 0.0946284838060996 0.15771413967683268
0.06349890609583221 0.1123442184772416 0.08791714702497481 0.14043027309655198 0.10409031856872539 0.22795444987706337 0.09524835914374831 0.16851632771586236
0.1092009160493927 0.09028242710727985 0.14108218520301463 0.0893534416598291 0.1564342833918603 0.1601240847363304 0.1418308597775065 0.11169180207478636
0.06495914579652162 0.11492771948615361 0.10156315508985866 0.14365964935769204 0.10968239333512472 0.19537763901063643 0.09743871869478243 0.1723915792292304
0.0994117224877677 0.08225114158237283 0.21980215881867013 0.13523886666572313 0.10049807127824517 0.09518250407208657 0.14971498466860675 0.11790055042652785
0.09915193817430801 0.15367821641158516 0.11847244123350095 0.11967362941330664 0.13120275363026837 0.21626162142906666 0.08975522205997999 0.071804177647984
0.053848601934782386 0.09527060342307653 0.05692882011681357 0.08305642349704108 0.14482776600479005 0.30606506798928085 0.0938898700401334 0.16611284699408216
0.0867730629684408 0.07004572552874136 0.1917511265851903 0.14009145105748272 0.1086037409134929 0.12046107365172402 0.15619151334319342 0.12608230595173447
0.10059446350614831 0.07405158825818073 0.2599476150057177 0.13082059145386654 0.09701343895753921 0.07869980967703397 0.14482377238686078 0.11404872075465287
0.08022595540403765 0.1223100443497351 0.1390145304219008 0.12858558115261298 0.10506518991083626 0.1676275364556511 0.09643918586445975 0.1607319764407662
0.07563618427548452 0.12983742496171266 0.10824400958404162 0.1263630300045433 0.10519487196588165 0.20199841919924952 0.09477227250340749 0.15795378750567915
0.06270172272670917 0.10993201653481842 0.06344885143959557 0.07928349402337663 0.14092979392924182 0.2899969404714533 0.09514019282805193 0.15856698804675326
0.061801787217974226 0.10934162353949287 0.08888406554866596 0.13667702942436608 0.10230999005397616 0.2442703880793242 0.09270268082696134 0.16401243530923929
0.09776286235772412 0.07891700937310261 0.14745374221309174 0.09864626171637826 0.1489802050463303 0.16322011169713307 0.1466442935365862 0.1183755140596539
0.08149568542474882 0.13090477863631006 0.12466881079927232 0.1636309732953876 0.09315885560157854 0.1756346556005045 0.08323836467634933 0.1472678759658488
0.10134304923736674 0.08306156046142985 0.23352400212453925 0.13308619843406516 0.09525128641601303 0.09037814557875329 0.14733189244633993 0.11602386530149272
0.0802355773358922 0.12400283127301626 0.13346023281622846 0.12846769705602692 0.10446733025910607 0.1724309371476762 0.0963507727920202 0.16058462132003365
0.07552347314612559 0.1299835282987581 0.10734819728640921 0.1261535209455456 0.1048949607390528 0.20378927769301752 0.09461514070915922 0.157691901181932
0.09050730118388184 0.15876291869264492 0.09182933466442757 0.11444750324078995 0.12724738619731077 0.26270142664587853 0.08583562743059246 0.06866850194447396
0.07179485912996837 0.10863435666767082 0.09375397053727753 0.13579294583458854 0.09934919248725342 0.23562009881914456 0.0921030415225905 0.16295153500150625
0.1002399695865937 0.06916104626862757 0.2093883012984905 0.13832209253725514 0.09769231292262079 0.10648758346806231 0.1542188106348203 0.12448988328352964
0.10212527732384452 0.07306160601770606 0.2710497543523231 0.12918904163216136 0.0935755298299826 0.07535486719092259 0.14301757966604756 0.11262634398701246
0.11697410925480314 0.07589229727921469 0.20395921318727522 0.09486537159901835 0.14146713359803734 0.11197968272607951 0.14102374643674967 0.11383844591882201
0.10409278435669628 0.06544211520291919 0.2532544832523027 0.13088423040583838 0.10330412064376479 0.07930030935059526 0.14592614942262877 0.11779580736525457
0.07936219603514974 0.11225912457476615 0.13790310831656832 0.1403239057184577 0.0990840790705324 0.16750268510898783 0.0951762143133887 0.16838868686214922
0.11216877673210855 0.08972146304477599 0.16163054643610023 0.08875755186834611 0.1541960820055504 0.1416936371120574 0.14088500296562875 0.11094693983543265
0.08144356390356722 0.10985342644190267 0.11480310424042452 0.13731678305237835 0.10856882132606131 0.19009756069380743 0.09313660067900445 0.164780139662854
0.10193944731606376 0.07510547009778856 0.22266465366906926 0.13448225429083202 0.09882898703532034 0.09600748118402574 0.1499376775451515 0.12103402886174881
0.08029014818740164 0.11975800448266684 0.1314428957324499 0.13856342114523898 0.0970747925090258 0.17261248605302876 0.09398214651590123 0.16627610537428678
0.07728833960293757 0.12926047000193397 0.10725508885674687 0.12629347535419735 0.10326688083490541 0.20404879464088407 0.09472010651564802 0.15786684419274669
0.07446565716327351 0.12359443344544814 0.10177297437689334 0.1357302633880507 0.09680763726287103 0.21269219182590698 0.09206052647189526 0.16287631606566083
0.10334727435828028 0.0823160882819174 0.22369050869564094 0.13312926333406044 0.09645316842120939 0.0976227207875234 0.1473795670609053 0.11606140906046294
0.08034654516384966 0.12027410637663602 0.13146495866869137 0.13813517642673673 0.09744324826744974 0.17288206850380924 0.09369168488074317 0.16576221171208405
0.09405582885430297 0.15550204115460878 0.12914987058357852 0.1517394291829968 0.08666250882509452 0.17123327146211015 0.07937139372649064 0.13228565621081773
0.08084856998849246 0.1354705925339198 0.10618023111435618 0.12507835696314137 0.09993553419986113 0.20233000127394632 0.09380876772235604 0.15634794620392672
0.09495879730905177 0.1594569549719016 0.0915615201394034 0.11382954647696562 0.12526850621727714 0.26125478714149697 0.08537215985772423 0.06829772788617938
0.11535154475214052 0.0861591500880307 0.1461572241092601 0.09150426119089249 0.15266365211155633 0.16233182425019982 0.13602723006884912 0.10980511342907097
0.10668526669009612 0.07103298065716365 0.2343029201218996 0.12977669432515063 0.10784305987258598 0.08886872409586018 0.14469132934460824 0.11679902489263556
0.10266515059089348 0.06876804842591513 0.27437290257217767 0.12772693111683295 0.09548030460484576 0.07362642834944791 0.1424059963347376 0.11495423800514963
0.10033196785767572 0.06759474168830884 0.2915763610460124 0.12579833264395004 0.09138390735505837 0.06984043706670719 0.14025575296273238 0.11321849937955505
0.09913182087219881 0.0670141066254235 0.29895751644586616 0.12483764876865444 0.08984747165876378 0.06867288960270007 0.13918466213460426 0.11235388389178899
0.07931877073544492 0.11773238917125603 0.1519863842448146 0.13713919129747593 0.09574274429315105 0.16049734355998962 0.09301614714089672 0.16456702955697108
0.07852948801905311 0.1287952148920191 0.11238018909960669 0.12611762395266854 0.10291201633976721 0.19903021979154817 0.09458821796450143 0.15764702994083568
0.07539506160818206 0.12321773230155789 0.10368356231610948 0.1352885572656061 0.09716046409559478 0.2111474192010287 0.0917609344931937 0.16234626871872732
0.10152041113431695 0.0758846516078192 0.22046561602719117 0.1340539369036053 0.09750215146365947 0.10046455402778524 0.1494601356223778 0.12064854321324477
0.08096296863597621 0.11905989921371411 0.13231066670780345 0.1375609700216583 0.09760624737437483 0.17412386087535825 0.09330222314512475 0.16507316402598993
0.11659469219583955 0.09017414856796714 0.15913730678338942 0.08812789927783095 0.15286397353231193 0.1430565511361168 0.13988555440925549 0.1101598740972887
0.08225096434568792 0.11815012146651396 0.11524175615438663 0.13432385645486003 0.10883208315766162 0.1889059749926311 0.09110661568242681 0.16118862774583204
0.10258718952624624 0.07505474722428637 0.22530262254447445 0.13318874530816302 0.0996562320370582 0.09584508102242827 0.14849551155999668 0.11986987077734672
0.08116514283983019 0.11894158309037728 0.13359005991323541 0.13752329626194332 0.09812046664788791 0.17235482522429324 0.09327667050810068 0.16502795551433194
0.11662301328794648 0.09013415611769157 0.15955543122360347 0.08810253752963589 0.1531087703736775 0.14250262188931145 0.13984529766608872 0.11012817191204485
0.08294054913297816 0.11803906303546284 0.11531746187652685 0.13418253482962544 0.10883567582675624 0.18865491074909316 0.09101076275400681 0.16101904179555052
0.10335036930363938 0.07496697652001369 0.22519547127240622 0.13302522571378114 0.09969404541454482 0.09573200921799596 0.14831319941521567 0.11972270314240302
0.10437895273359064 0.06908755431098658 0.2722855399787313 0.12780385969178631 0.0938377067990233 0.07509114680840202 0.1424917659548722 0.11502347372260768
0.08206859504587719 0.11790889329904879 0.14543327811478102 0.1370550949260979 0.09673969771342078 0.16336921912653837 0.0929591078629186 0.1644661139113175
0.11674196152213148 0.089878950800528 0.16359769863019677 0.08798306723911088 0.152460905412088 0.13970292006275337 0.13965566228430296 0.10997883404888857
0.08297678532432573 0.11801475419621292 0.11636487036689147 0.13418167314867482 0.10887789043734714 0.18755584043860213 0.09101017830953596 0.16101800777840977
0.1033109459584655 0.07492869859183324 0.2256748451963951 0.13295749488205252 0.09972253303798043 0.0955060523470479 0.14823768459237796 0.11966174539384727
0.12086084549689391 0.07999782180497865 0.19727687404003644 0.09249345142165907 0.1449847680678646 0.11589636967754287 0.1374977277850335 0.1109921417059909
0.08408739504751979 0.11725931947048301 0.1252157417491 0.13464485712104093 0.10766290320805472 0.17823161698515083 0.09132433787340169 0.16157382854524913
0.13520634845767632 0.09772779917193768 0.18787690247501393 0.10846481656147759 0.12982585008280945 0.12234977226900336 0.12093017607675187 0.09761833490532983
0.11271332733203067 0.07029692449891627 0.25386577292743634 0.12684218747586973 0.10074893232408669 0.07995531351266916 0.14141957320070844 0.11415796872828274
0.14062982136758134 0.09008621455485773 0.2357146049104869 0.10457362158910877 0.1235671892840319 0.09472050479349049 0.11659178407024516 0.09411625943019788
0.08838029291980379 0.11826735106693766 0.1349648260536096 0.13431811860576529 0.10255477643555205 0.16923016866750296 0.09110272392391036 0.16118174232691831
0.09630090873423988 0.15457950497431583 0.1298846103314301 0.15114849014898266 0.08762099344316567 0.16963272662159254 0.07906228715485247 0.13177047859142077
0.08158864843103121 0.13523821244424372 0.10633078024134293 0.12499146939428367 0.10023998630300145 0.2016279643975296 0.09374360204571276 0.1562393367428546
0.07656579132189723 0.12369107302071394 0.1020923247879113 0.13494571080981957 0.09655541361172175 0.21268643831818812 0.09152839515796458 0.16193485297178345
0.10268254715058622 0.07582395782956389 0.2195768951685045 0.13384593723666394 0.09746462530267938 0.10091646228290309 0.14922823151610143 0.12046134351299755
0.12131439129872366 0.08015499912396859 0.19522450072093803 0.09259576219715757 0.14437984030285364 0.11756577209533815 0.13764981962443126 0.11111491463658907
0.10902660289734485 0.06896088099270346 0.25721102246298094 0.12666895976785286 0.10396565828217737 0.07893837457216239 0.1412264372337106 0.11400206379106759
0.10465298156850102 0.06752186043521446 0.2848183338941597 0.12557352110731118 0.09349548461318004 0.07091654450869322 0.14000510487636036 0.11301616899658005
0.10267244350352721 0.06681434831014561 0.2962095103608971 0.12442477937072227 0.09033272659440311 0.06883954685959583 0.13872434356705898 0.11198230143365004
0.08193643059054481 0.1172998332446438 0.15134887990892842 0.1366093516852168 0.09581281437667877 0.16040469050697165 0.09265677766475573 0.16393122202226013
0.11698132215914288 0.08968439166315406 0.16553485236666113 0.08785682941320734 0.15197780005163455 0.13868848279682214 0.13945528478286878 0.10982103676650917
0.08338095663848483 0.11791017058747405 0.11681575027275647 0.13407185739928226 0.10890225340046908 0.1870970882385335 0.09093569458386103 0.16088622887913873
0.13555077485425027 0.09784474123473436 0.18443156596581478 0.108513202087301 0.1303382652364451 0.1246754464156989 0.12098412232718485 0.0976618818785709
0.14859024667442788 0.0923447820666279 0.20698605185041674 0.10412335576876668 0.13254299627212324 0.10561177589325688 0.11608977128249061 0.09371102019189001
0.11547391591848875 0.06910649835989377 0.26127851988375655 0.12528006456278815 0.1003945622029839 0.07603645823662034 0.13967792272895932 0.11275205810650935
0.10637000498084602 0.06732894836726627 0.286252774728108 0.12517625994237996 0.09245487908761678 0.07019631062182323 0.13956218832381767 0.11265863394814198
0.08297832172780435 0.11740315793853302 0.14888062144450176 0.13666226056797146 0.09635715456981851 0.16103110738022458 0.09269266368958065 0.16399471268156576
0.1402364899333898 0.10725075020953057 0.19687151405515232 0.10504964771710205 0.12691002355601141 0.11580555206216746 0.11629427830301896 0.09158174416362744
0.06526266864941667 0.08859489466013463 0.09213434416438628 0.09892574691700533 0.12681298817864067 0.21858875838587796 0.11182910521052776 0.19785149383401066
0.07352474920180153 0.11810138687731397 0.0985023173725059 0.13476641860545682 0.10262462902760808 0.21935400831723845 0.09140678827152725 0.16171970232654817
0.11396026997066169 0.09135662062173483 0.15187347195733453 0.09305886570682206 0.14726089738298914 0.15248098141675662 0.13833825409551462 0.11167063884818648
0.0823793597424121 0.12517355221871432 0.11249075311260776 0.13263180419717727 0.10689316552238222 0.19131423732331254 0.0899589628467811 0.1591581650366127
0.11631720205061874 0.09216091895084666 0.1567305636762581 0.09282533262198246 0.14846531394839174 0.14411917812568084 0.1379910914798426 0.11139039914637894
0.12370682321704028 0.08539534385859705 0.16977381019766313 0.0903592500670221 0.16005178181255705 0.12795679663721019 0.1343250941294836 0.1084311000804265
0.11043221422909251 0.07396584521651328 0.24497250983013805 0.12656058738365583 0.10796291768823896 0.08109578689424883 0.14110561011282222 0.11390452864529023
0.10548108402186863 0.07168884143374753 0.2791119187674788 0.1253680789480517 0.09443982428810359 0.0713029292872128 0.13977605220029043 0.11283127105324652
0.09448689145119266 0.14184524823878947 0.16797667216364545 0.15560189565070173 0.08281826970043778 0.13807530892207048 0.07915400778753089 0.14004170608563155
0.10695290888293738 0.08237260791305104 0.2528867068562589 0.1294120369060789 0.09076073047081129 0.08152981424666407 0.14326444460095017 0.11282075012324827
0.09798723649568421 0.1552146891736216 0.11566449108603455 0.11211455053336082 0.11305882281476969 0.19537983672082543 0.0760429125356708 0.13453746064003294
0.1057716657324454 0.09004872809511061 0.22107451939107775 0.12888031840340122 0.09885934160537285 0.09568120312394796 0.14369193708558314 0.11599228656306108
0.08192936327853392 0.13224779040971046 0.13110986902035182 0.13486109601827512 0.09673656419206399 0.16981099760326113 0.09147100425587355 0.16183331522193012
0.10519526771395196 0.08238186150982314 0.23701335056693712 0.13142721920273612 0.09535812264765454 0.08855126840215985 0.14549533424153124 0.11457757571520585
0.08198142490111263 0.13044347703901413 0.1353296306890791 0.13515142285122683 0.09609844747224855 0.16714596803979717 0.09166792158604949 0.16218170742147217
0.1050516939826766 0.08203153223087915 0.23900843724055923 0.13122996656813993 0.09506660489329441 0.08792918573797259 0.14527696746656105 0.11440561187991684
0.09742060721766978 0.15494678567211967 0.11261453288178933 0.11204206018713006 0.11415302073881615 0.19837877590751776 0.07599374517040124 0.13445047222455606
0.10572527542309888 0.09009324854768722 0.21967105425236982 0.12900312404493083 0.09921954319889757 0.09635608668128941 0.14382885621128855 0.11610281164043774
0.10514236280002419 0.07745184946271742 0.2685195050755201 0.12636381200242 0.09320286057199723 0.07470595903766876 0.14088622024747421 0.113727430802178
0.08199647705186523 0.12909134818090384 0.14335362404012933 0.1350297407219758 0.09560417917508453 0.16130355260441717 0.09158538935925314 0.16203568886637096
0.07935125492974845 0.13086091866732047 0.11029095828300543 0.1258581096444774 0.10283369750824592 0.19908884167824736 0.09439358223335806 0.15732263705559674
0.0749840049453099 0.14009221903908728 0.10129726389715724 0.13183120316993874 0.09550644255711316 0.20867547608959575 0.0894159464978715 0.15819744380392647
0.0740137315643077 0.14228141433263664 0.09893878367888678 0.13165218986889288 0.09363485147429418 0.2122018724576701 0.0892945287806404 0.15798262784267145
0.07339567829841488 0.14714269402320174 0.09782342999475006 0.13073107151423685 0.09267851045891408 0.21268155964895924 0.08866977024443891 0.1568772858170842
0.1307291652672569 0.12093660267797912 0.17400404141118317 0.10636892542211107 0.12368315912472583 0.12995265935069936 0.11859341386614473 0.09573203287989997
0.12706113866572064 0.09659007810102313 0.17490455310879055 0.08912262131619088 0.15000108400656645 0.12288661678806119 0.13248676243421809 0.10694714557942905
0.09759980924538418 0.15539475207989284 0.1357483058549957 0.15142687887788334 0.09259640232254845 0.15391946572175563 0.077030194907445 0.13628419099009498
0.1209651715709133 0.10070369314931409 0.1592267781540514 0.08688290420504055 0.14968870352784036 0.13601974738250694 0.13790937175403262 0.10860363025630067
0.09780082623672277 0.15946454061377907 0.09303895557000993 0.1074228203421159 0.12539997861223862 0.21510479867820304 0.07286069553639164 0.12890738441053906
0.10597892582195154 0.0945549008418307 0.20942235301889525 0.12872793048252468 0.10205851386615812 0.09988020260832871 0.1435220359260387 0.11585513743427221
0.12148198805186983 0.09250871291002274 0.19001436068341898 0.09104505312522945 0.14440534593315768 0.11594588910911771 0.13534458643690825 0.10925406375027534
0.12421143568493956 0.09058793930447215 0.18057528147593385 0.08915653781195565 0.15719266379396898 0.11875111497123696 0.13253718158314604 0.10698784537434679
0.14339905856369495 0.10341678160304375 0.20317022655802183 0.10216933817076272 0.13914053122806533 0.1028404720397999 0.11391118748292499 0.09195240435368644
0.11348170392162187 0.08055154565785573 0.2578561944005624 0.12342598771421931 0.10115049986944721 0.07483991408674713 0.137610765406749 0.11108338894279737
0.10534800975638119 0.07625589128420995 0.283640212286821 0.123814302305066 0.092015428671626 0.06944957642449406 0.13804370719684225 0.1114328720745594
0.1366477542869529 0.09986869527367163 0.2452723894067436 0.10237805893498154 0.11898091570850991 0.09056803778880461 0.11414389555885256 0.09214025304148338
0.09938257085902479 0.1557665452984851 0.15542820611393965 0.15038106426472556 0.08579759775879423 0.141402864306026 0.07649819356075169 0.13534295783825298
0.08210213535909909 0.14412743419605115 0.11240055156615168 0.12422905648919406 0.09942907457475599 0.18925363483636012 0.09317179236689555 0.15528632061149256
0.06436292880798582 0.126775288157157 0.060507880991989095 0.07820412934779249 0.13449514957125172 0.29084169646986463 0.08840466795837412 0.15640825869558497
0.09854883160151531 0.08973265617919902 0.19500594659781534 0.1308628758540408 0.10585137789925568 0.11631938290853941 0.14590234069099772 0.11777658826863673
0.11957884584835493 0.09172834680715218 0.18506697952599896 0.09131087993399274 0.14608494984363035 0.12091718627790529 0.1357397558421743 0.10957305592079129
0.14211721721605955 0.10392481148649144 0.2054219851697541 0.10247411041877036 0.13600207065235687 0.10358211988441837 0.1142509857952559 0.09222669937689332
0.11311272830834064 0.0806159548703405 0.2589106917690011 0.12339467469453447 0.10038269459250813 0.07495219481360116 0.1375758537265929 0.11105520722508103
0.10522776971771909 0.07624430574492236 0.28409029085642923 0.12377587044970852 0.09181340823082959 0.06944921304948594 0.13800085854616756 0.11139828340473767
0.10251919084738328 0.07494261224339518 0.2947269755083216 0.12292321048520864 0.08924180061938419 0.06796511454252861 0.1370502063170908 0.11063088943668778
0.10148138664903127 0.07444295740300602 0.2990842584894408 0.12245533008161132 0.08834668442784802 0.06745103129208452 0.13652855458352783 0.11020979707345017
0.10106850682479711 0.07423881880034686 0.300851580743356 0.12225112414311791 0.08801032356582342 0.06725275399239587 0.13630088020135683 0.11002601172880612
0.10090238706970699 0.07415511152508977 0.30156595339437464 0.12216676214025868 0.08787926068375938 0.06717361639673734 0.13620682286384062 0.10995008592623282
0.10083535127263515 0.07412098490208585 0.30185435171578046 0.1221324651126982 0.08782730524488307 0.06714173891289862 0.13616858423759037 0.10991921860142836
0.11837492696434616 0.08702089389138111 0.22161969745316765 0.08962420259614991 0.13747669168437943 0.10510214760002361 0.1332323966951721 0.10754904311537987
0.1069443394829807 0.07756061736173496 0.266863435957321 0.12363379753898529 0.10066162526151674 0.07522330875920741 0.13784245785316718 0.11127041778508676
0.12057427835474302 0.08804448115299705 0.2094215100035162 0.0899771077145776 0.1424773131686997 0.1077757664916761 0.13375701385629746 0.10797252925749312
0.12360796363858871 0.08939270761252813 0.18725522227253263 0.08885781406132477 0.15608099082544813 0.11608281605169009 0.13209310866429771 0.10662937687358971
0.10933758951575198 0.07873946675845118 0.25167564865816594 0.12479493668977543 0.1059812569919199 0.07801861701101484 0.13913704135412275 0.11231544302079789
0.1386898647532031 0.1009771404623678 0.23304869699851113 0.10293681137138623 0.12380950300801266 0.09312799034477054 0.11476686282750077 0.09264313023424761
0.11132817424429699 0.07943957282140668 0.27096588092026136 0.12242090371349441 0.09676819541806655 0.0724082877881196 0.13649017175220943 0.11017881334214498
0.10435315975728762 0.07571862360806897 0.2890767497493823 0.12323196808099893 0.09062004203241653 0.06869623750416129 0.13739444799478534 0.11090877127289904
0.09340157667395198 0.14977175546858132 0.16963497250533963 0.15370899560485124 0.08123140724514433 0.1357220986935584 0.07819109776420695 0.13833809604436612
0.0812040220366922 0.14292755140245375 0.11613209575929843 0.12463064349882899 0.09853545874955727 0.1873089415555114 0.09347298262412176 0.15578830437353625
0.07507845180645131 0.14785683751527595 0.10233961297320136 0.13111271463649946 0.09413927698699191 0.20320922467737249 0.08892862384040834 0.15733525756379935
0.11492428307791677 0.09977668466526324 0.14786572057536312 0.08737187581220855 0.1509705246772329 0.15119054926451894 0.1386855171622358 0.1092148447652607
0.08188017433569732 0.13516025922282124 0.1104896679531771 0.1308448918916184 0.10680650250016335 0.18905766367400456 0.08874697015257596 0.15701387026994207
0.10252377506304322 0.09050423354527838 0.22020940425346355 0.13049431262516115 0.09821589711560604 0.09511607583928712 0.14549142019551548 0.11744488136264503
0.08117430677004793 0.1353806927918545 0.13066670332131838 0.13451747967909777 0.09638350010157103 0.1692183989823268 0.09123794273886632 0.1614209756149173
0.13955469731426845 0.11647213157237402 0.18881949560955402 0.10444462175242598 0.12648720354296059 0.1175430748888016 0.11562448968929534 0.09105428563032007
0.08683843946566995 0.1403225876472579 0.12080997997211189 0.13059441466450888 0.10108409551031836 0.17506010389201201 0.08857708125071037 0.15671329759741065
0.14134611541253875 0.11737163820081832 0.1843417126041125 0.10417692798369528 0.1277596718919686 0.11885488064812554 0.1153281416832117 0.09082091157552921
0.08716553144503608 0.14054903335774172 0.11965694737648222 0.13053793348605422 0.10135308666798189 0.1755531752059411 0.08853877227749765 0.15664552018326505
0.11824159685419275 0.0981461094597327 0.15367488547322847 0.08707488624875956 0.1532155790451291 0.14258922995124668 0.1382141051567612 0.10884360781094944
0.06080122531703254 0.09919715608269694 0.08245355007917297 0.09637319947141504 0.13179186038888197 0.22769299292419687 0.10894361679377353 0.19274639894283008
0.08297366004251759 0.15711813511955622 0.10982027102559752 0.15317899554214645 0.08908347714658842 0.192042876099005 0.07792148903665712 0.1378610959879318
0.09405346994794865 0.1721441348286101 0.12070845264145892 0.1481217370145785 0.0833303814429314 0.17503099095541938 0.07747906243839492 0.12913177073065818
0.09796884790607109 0.17907752099149024 0.09408590575022305 0.11236989206346018 0.1192119313076521 0.24558654769543212 0.08427741904759514 0.06742193523807612
0.08761192149188345 0.1782719091892353 0.07561856302786973 0.1011567438921944 0.11086623038323881 0.25647587827023954 0.06861066107470574 0.12138809267063326
0.1331691641043405 0.12663956972169169 0.16124440725779768 0.10360755621161223 0.12713576530643458 0.13944204353890466 0.11551469326876766 0.09324680059045101
0.08518120161235289 0.14281060561458075 0.11342766218477619 0.1300482650133161 0.10078347006671805 0.18348422817889704 0.08820664931337961 0.1560579180159793
0.14096374873656603 0.11805913341410605 0.18139460879223496 0.10429281578906596 0.1278231653275691 0.12108815172294111 0.11545643424756183 0.09092194196995494
0.08705607941554346 0.14070803755537578 0.11887651297975767 0.13049531139640472 0.10132961394506147 0.17643020765026188 0.08850986338190929 0.15659437367568563
0.07948659320325942 0.13965351655403965 0.10310057231038905 0.1238600931564795 0.10297526125602753 0.20320377720684576 0.09289506986735964 0.15482511644559938
0.0745141122857748 0.14643249853125404 0.09887073936202273 0.13067802456674543 0.09488672654272982 0.20917047865567298 0.08863379057570561 0.15681362948009453
0.11341162428223718 0.10442953369954967 0.1508587434882333 0.0919779121055796 0.14339635735176082 0.14882099058003742 0.1367313439659064 0.11037349452669551
0.12247394490452308 0.09355990172112243 0.16696386249025 0.08966843329193751 0.15763160846714297 0.12880198057952036 0.13329814859517874 0.10760211995032501
0.10983154373760026 0.08008330068482172 0.24287016358689523 0.1257482702549324 0.10710100188015038 0.08099233949118406 0.1401999371349769 0.11317344322943916
0.08267341853815362 0.13219481391252214 0.13652436829299852 0.134368719608854 0.09855430661973597 0.16330486489284485 0.09113704460426618 0.16124246353062477
0.10485255933031147 0.08662132448403434 0.23863443745724203 0.13021677401792417 0.09514083716409737 0.08685643007176827 0.14415532166412443 0.113522315810498
0.09702482722708453 0.15946082671132128 0.1121490002572059 0.11143119867884474 0.11367559645084153 0.19696169054748053 0.07557942171260773 0.1337174384146137
0.10535939542379594 0.09414400018231571 0.21877734107481564 0.12836682217530734 0.09881583580202283 0.09588703827209338 0.1431194271118725 0.11553013995777663
0.10494272634273834 0.07995046476808469 0.26779561236090915 0.12600032095062044 0.09294497467423368 0.07448465719693965 0.14048095485091563 0.11340028885555839
0.12028971814652174 0.0887807326911592 0.2101546721860922 0.09027381944980332 0.1401188211895428 0.10785555721800627 0.1341980957791106 0.10832858333976399
0.08359599881948507 0.1328241088370817 0.1268994555268575 0.13181703349667953 0.10506109859300837 0.17221552876790722 0.08940633576296525 0.15818044019601543
0.07589367539615867 0.14547480767297535 0.10542878533453336 0.13176891653199307 0.09609832545093618 0.19783908986635554 0.08937369990865618 0.1581226998383917
0.11524772346139273 0.09931915842618884 0.14897112331933268 0.0873603973177443 0.15167512638925126 0.14955867710915702 0.13866729732975286 0.10920049664718036
0.09615444067858317 0.15843397839498724 0.09064605150902424 0.10707930401288641 0.12552423288746387 0.2210391258493726 0.0726277018522186 0.1284951648154637
0.13607259799842744 0.12165363012234182 0.16770685618394296 0.10371068757759597 0.13161693305389655 0.13026999919848994 0.11562967704546895 0.09333961881983638
0.11308516842105182 0.08500451398369945 0.24269704482107948 0.12518659395494638 0.10072915837330458 0.08105587590983236 0.13957370997663424 0.11266793455945175
0.14020427651461742 0.1026522898054739 0.22966986709825263 0.10314705915419138 0.12244893975505389 0.09404394101844296 0.11500127341519545 0.09283235323877223
0.11184498972014555 0.07983591913702877 0.2695336943101543 0.12257522284004478 0.09656633363009465 0.07266391374453139 0.13666222606196035 0.1103177005560403
0.10453709306741157 0.07582873647336319 0.2884897055131641 0.12330146639247014 0.09062078730710929 0.06877895806762405 0.1374719334256346 0.11097131975322314
0.10218961769893523 0.07475005969402121 0.296516696330761 0.12271423106285435 0.08883400514973515 0.0677353722504791 0.13681720985664508 0.11044280795656893
0.10133584988627238 0.0743600641139996 0.2998078459311338 0.12236888870827464 0.08819810338019364 0.0673650692395725 0.1364321789031062 0.11013199983744718
0.10100741535007518 0.07420432710463076 0.3011433716354967 0.12221589860169603 0.08795388578949931 0.06721918642563249 0.1362616063514432 0.10999430874152645
0.10087794205826228 0.07414093718338616 0.3016833689726856 0.12215237876877216 0.0878572312891267 0.06716021435785302 0.13619078647801913 0.10993714089189496
0.10082632730008984 0.07411514621469414 0.30190141384275165 0.12212650097030302 0.08781853092486493 0.06713629521011866 0.136161934663905 0.10991385087327271
0.08085967870292327 0.13028086349526977 0.15139757589779398 0.13417995214187156 0.0939063812446265 0.15735059492930406 0.09100901101796507 0.16101594257024585
0.11644481031012142 0.09630035092709989 0.16510951126042214 0.08716506045994141 0.15046490514084077 0.1372017975013438 0.13835723882530382 0.10895632557492675
0.08239025752430963 0.13443525985389854 0.11504671772034256 0.13115897693837414 0.10696113689435736 0.18365687699316288 0.08896000174950593 0.15739077232604895
0.11543993964714408 0.1016170914640514 0.1564594230229698 0.09171918240846318 0.14731083971658038 0.1410437799568603 0.13634672489377514 0.11006301889015582
0.10860836132800639 0.08204162953139073 0.23867905228760566 0.1265863719743258 0.10525153809320416 0.08377095400137817 0.14113435800719604 0.1139277347768932
0.12162749765232987 0.08941122265955008 0.19986403720474327 0.09048782634412686 0.14476800610540283 0.11073978701977481 0.13451623140111993 0.10858539161295223
0.10854442006613671 0.0785552471163608 0.2574719303475698 0.12456252589460659 0.1030649409160643 0.07681674169251708 0.13887792066159868 0.11210627330514591
0.10420316301515391 0.07597814968890965 0.2836359769491579 0.12397091442463924 0.09253728541591531 0.06988236950135389 0.1382183180226948 0.11157382298217532
0.13629638254036358 0.09982186098751525 0.2453036435741459 0.10240027282344502 0.11915904989136313 0.09068988225533016 0.11416866238673645 0.09216024554110051
0.09930836571074823 0.15574987443179372 0.15543667439810863 0.1503814793904919 0.08583444604832345 0.1414474238356672 0.07649840473342415 0.1353433314514427
0.1215459953983521 0.10060447257112397 0.16610109342500762 0.08670708896005196 0.14690425348327824 0.13212293502553088 0.1376302999365904 0.10838386120006492
0.08343993152722985 0.13581241079487008 0.1153495366752388 0.1312001829593704 0.10616518913655841 0.18160457917434997 0.08898795018113817 0.15744021955124443
0.11577097799670784 0.10192176710547278 0.15659589445742436 0.09173609183993613 0.14704888441519412 0.14047121207797364 0.13637186189936773 0.11008331020792335
0.14164124307236067 0.10698254739398154 0.19444793538227567 0.10309849922766287 0.1370734183463571 0.1090205745514743 0.11494713272099127 0.09278864930489657
0.11342897312724938 0.0814929965288355 0.25420705554405076 0.12391007961966044 0.10102150147571208 0.07626983029174314 0.13815049175505423 0.11151907165769438
0.08336666914397767 0.13256655559030953 0.1393673529425035 0.13424870091327704 0.0970652141163188 0.16123142557824097 0.09105564061944009 0.16109844109593244
0.10492845826727752 0.086591359189261 0.23992297451349157 0.1300771831185566 0.09469360711757892 0.08638500781319854 0.14400078880035566 0.1134006211802801
0.07208275907285462 0.11843720335500896 0.08350340527197725 0.08276676146086553 0.14057171798838491 0.24354220392993836 0.0935624259992393 0.16553352292173107
0.10011463979615633 0.08762551563238152 0.2063677576584128 0.1303558080024707 0.10666861968254672 0.1062104341484268 0.1453369978773815 0.11732022720222363
0.10412592799964057 0.07918162554086332 0.2626903859882133 0.1267013282572936 0.09522439760927297 0.07678261348927382 0.14126252568387807 0.11403119543156424
0.10309058459999487 0.07610645216446961 0.28612168574198216 0.12405972086475638 0.09076205232007079 0.06988842495436637 0.13831733057607912 0.11165374877828074
0.08137702974380388 0.1310244003373988 0.14747883013201882 0.13437090507946367 0.09469360330477561 0.15867161838372057 0.09113852692346232 0.1612450860953564
0.07879412098943053 0.13791972101142855 0.11062270310024719 0.12467033990606725 0.10187763617250692 0.19677479900818504 0.09350275492955044 0.15583792488258405
0.06363338701867235 0.12482221973344554 0.060078656419668405 0.077986272411884 0.13492589042702438 0.29442263426514675 0.0881583949003906 0.155972544823768
0.0983521579902805 0.08936195238955306 0.19477119135752816 0.13085129373233564 0.10596349367024736 0.1170443190113193 0.1458894274896339 0.11776616435910209
0.1041103712956618 0.07983184125896133 0.25780229044681036 0.12725570333223038 0.09546062359159099 0.07912842455457944 0.14188061252115833 0.11453013299900734
0.13717060330940242 0.10142861720038168 0.23586801972037336 0.10319266585316525 0.12084376914546839 0.09357080402229394 0.11505212148106632 0.09287339926784872
0.11087716909726895 0.07947815766055506 0.2722420584888073 0.12236462451838971 0.09603112609175139 0.07245127742706943 0.1364274246496076 0.11012816206655072
0.08282739756965565 0.13187572978124348 0.14388022000093212 0.13412837561403818 0.09582940725290184 0.15953079036703524 0.09097402867734763 0.1609540507368458
0.1397807935693976 0.11536308549071238 0.1939762052107923 0.10410847298716021 0.12593567895340568 0.11482217173986572 0.115252359188065 0.09076123286060118
0.12914222923651725 0.09492883427769744 0.18148388358854955 0.08855229031138756 0.15005195979778413 0.11793912732463487 0.1316389270897642 0.10626274837366509
0.11095361939756272 0.07987959642909681 0.24909022758630808 0.12499037660598936 0.10474490158855715 0.07849499717146276 0.1393549422756329 0.1124913389453904
0.1393052297547515 0.10130102620296576 0.23207042078204473 0.10299761725812819 0.1234997306619533 0.0932934629543759 0.11483465685346529 0.09269785553231534
0.11152190599845531 0.07952374955867539 0.2705472554795113 0.12246310292109817 0.09672754068975332 0.07246243200402515 0.136537220719493 0.11021679262898836
