0.125 0.125 0.125 0.125 0.125 0.125 0.125 0.125
0.099626400996264 0.07845579078455792 0.199252801992528 0.15691158156911583 0.08685378548392246 0.06839735606858895 0.17370757096784492 0.1367947121371779
0.09444644354078607 0.15741073923464347 0.10039762527401264 0.1416696653111791 0.1180580544259826 0.19676342404330432 0.10625224898338434 0.08500179918670747
0.07295173961840629 0.12906846240179573 0.09118967452300786 0.16133557800224466 0.08754208754208755 0.15488215488215487 0.10942760942760943 0.19360269360269358
0.09735095341516589 0.07666387581444316 0.21080372170226994 0.15332775162888632 0.09160805217501719 0.06683517378695045 0.16974012390336618 0.1336703475739009
0.09223395506807887 0.15372325844679813 0.11157881986108961 0.1383509326021183 0.12518520195055763 0.19215407305849766 0.10376319945158874 0.08301055956127099
0.0858405638612337 0.1729845794150254 0.07483536336620374 0.13240102749405278 0.10300867663348046 0.1822461201976962 0.08980243603944449 0.15888123299286333
0.10774494934709553 0.08484914761083773 0.1450105513759587 0.10181897713300528 0.1476101992249453 0.12407502987125771 0.16161742402064327 0.1272737214162566
0.08545437011323247 0.16289369032042206 0.07449868163717702 0.1318053598196209 0.11635684719791199 0.18142620116347816 0.08939841796461243 0.15816643178354506
0.12833948323908784 0.10106734305078169 0.17285994790214704 0.12128081166093801 0.13327748405082981 0.10318009643912156 0.13426284400396882 0.10573198965312544
0.07030945981234231 0.13600432434665458 0.08788682476542789 0.15549207458498782 0.09475619111115485 0.16349644615893372 0.10546418971851348 0.18659048950198534
0.07176680989267108 0.11961134982111848 0.10175491641751017 0.14353361978534215 0.1036876166981759 0.1725784478144979 0.10765021483900664 0.17941702473167767
0.07107532267971672 0.1184588711328612 0.10343456129810734 0.14215064535943345 0.10810331867429825 0.17247599013671616 0.10661298401957509 0.17768830669929178
0.08681575459773534 0.1446929243295589 0.0953204016931611 0.13022363189660302 0.13346686315042286 0.23367852127210476 0.09766772392245228 0.0781341791379618
0.06806824201261813 0.13704556120941971 0.08508530251577266 0.15053553522021318 0.09980231213557184 0.1767180416232216 0.10210236301892721 0.1806426422642558
0.0838040091854904 0.139673348642484 0.11882265538231453 0.1676080183709808 0.08861843753625026 0.16768183346244517 0.08767188653251305 0.14611981088752174
0.07423266132960749 0.11425809891236094 0.10341577706359625 0.13710971869483313 0.10212453128373979 0.19463977532619614 0.10283228902112485 0.1713871483685414
0.06141096614042229 0.0952832093368282 0.06309472987114619 0.08575488840314538 0.1398874906724706 0.2801530726859221 0.10290586608377443 0.17150977680629076
0.071644036586737 0.13065328379486157 0.08456138020444653 0.14960859574632848 0.1002121734030472 0.18231655912364922 0.10147365624533586 0.17953031489559418
0.0975566289512709 0.07172761788854003 0.2156236861344172 0.14345523577708005 0.09668912070742762 0.09107332863318 0.15881084302550172 0.12506353888258262
0.07482887888912515 0.11355296121874232 0.12468838375317118 0.1362635534624908 0.10332953998261449 0.17480957576887432 0.1021976650968681 0.1703294418281135
0.1073443908462994 0.07861276307650449 0.15612661881241396 0.0943353156918054 0.15319529030480708 0.14272788031721392 0.14973859633619904 0.11791914461475672
0.11433118896452156 0.08997480573373018 0.12951135027188315 0.10454530684597796 0.15633581982173594 0.12443353982071796 0.15541362032625977 0.12545436821517356
0.11418359093846006 0.09020972367655493 0.12846385852828474 0.10369974122162745 0.16432392832629195 0.12052283760888624 0.15415663023394172 0.12443968946595294
0.10121417083749265 0.07998138997797605 0.18211249044553607 0.1470064681909749 0.1137486520290672 0.0797297657460932 0.16390124140098244 0.1323058213718774
0.13154647988226995 0.09404840560745677 0.2065582056182451 0.11285808672894813 0.13281499877038355 0.09884618087086283 0.12493854127095598 0.09838910125087784
0.07534172055522918 0.12891568070062387 0.10036927610004531 0.14740903654184156 0.1054235165631355 0.16566814438227442 0.09998178130664037 0.17689084385020987
0.09657847864913238 0.07072101606873017 0.22515379717863934 0.14144203213746034 0.09826290535851935 0.08795118849423705 0.1565821438395979 0.12330843827368337
0.09279805032136018 0.14082214443646873 0.12085241402267681 0.12673992999282185 0.13114374567805953 0.2165448100583035 0.09505494749461638 0.0760439579956931
0.060133528301715436 0.12151704895682744 0.053793986461234816 0.08473342411274945 0.14537779016492033 0.26919176391046723 0.09578560986658634 0.1694668482254989
0.12178290831444172 0.1126443040368743 0.15130061424715904 0.11577754945969591 0.14193261078990357 0.12327889110626947 0.1290833275319296 0.10419979451372631
0.11962515176190398 0.09527845380264287 0.141907207482188 0.09927710320400181 0.16106691554659472 0.11613056257997718 0.14758208177788928 0.11913252384480218
0.14347591393260453 0.1068637735176737 0.16198376775113307 0.11418414023934297 0.14418622577442802 0.09923365740703712 0.12730679516237192 0.10276572621540866
0.085168850259036 0.13556300538747512 0.10380532190768532 0.14192002188672104 0.10619165325495591 0.1607883235864593 0.09625879745360211 0.1703040262640652
0.09710580278410758 0.0704457669415459 0.2268689151816481 0.1408915338830918 0.09897248750636321 0.08691425734199303 0.15597271964265755 0.12282851671859285
0.07919037138165284 0.12954282806544765 0.11418027726307341 0.14387712572356853 0.09799250905504713 0.16497811323911643 0.0975862244038117 0.17265255086828224
0.09620408096807208 0.07017115700453724 0.23128268297529744 0.1403423140090745 0.09700469570062156 0.08728064902814406 0.15536471066531649 0.12234970964893675
0.11816095864137853 0.08828398840878411 0.17166081909423514 0.09806628979299503 0.14587552546392524 0.11449074452794902 0.1457821263191389 0.11767954775159406
0.08073636085321265 0.13050045683727188 0.10428972151736061 0.1404798215278788 0.10618102847069637 0.1739548590542595 0.09528196590586563 0.16857578583345456
0.11465922707183096 0.09666688795040564 0.14395358192300373 0.09778075550893373 0.14946947779252967 0.13477550271436975 0.14535766042820597 0.11733690661072047
0.10663087407611452 0.08016912337004149 0.21324017530866704 0.13622525792989262 0.1069715228131148 0.08227931783746047 0.15188099652780562 0.12260273213690334
0.10320113509908813 0.07676690446240055 0.2467569248760885 0.13403184484572325 0.09637532028978534 0.07280370543926287 0.1494355046265004 0.12062866036115093
0.07888428675430352 0.1286488909517202 0.12961113631064497 0.1409971028239687 0.09665766404018503 0.16037157816285366 0.09563281756756138 0.16919652338876243
0.10099721724073771 0.08391918325446637 0.22362778025344784 0.13589929720302688 0.0957308442708229 0.08599873565199634 0.1515175746427777 0.12230936748272418
0.0797709197027299 0.12955630205765672 0.12648634357320634 0.14030926216946685 0.0961275541807159 0.16421222154574752 0.09516628216711664 0.16837111460336018
0.07521655219565467 0.13692097167086584 0.10442154160529796 0.1382738461406247 0.09479044291621946 0.1906622909811206 0.0937857391214672 0.16592861536874964
0.11358081043130511 0.09629802971264599 0.15224040759039906 0.0961740944373829 0.14416724832799163 0.13916124534014226 0.14296925083527368 0.11540891332485946
0.10609919766185963 0.07806676085469096 0.23150500604654234 0.13228008170594968 0.10353031071081825 0.08198415003053909 0.1474824194542454 0.11905207353535473
0.10283490958821942 0.07467363179700773 0.26383360719245846 0.1304958847431143 0.09360117612241542 0.0716213212982707 0.14549317298971104 0.11744629626880287
0.10110485982023762 0.07347888240833675 0.2763685453037009 0.12906859506595475 0.09065608398983019 0.06925944633874725 0.1439018515138331 0.11616173555935927
0.09119804303936314 0.14546980812094823 0.1598098337661711 0.15997496118777862 0.0815283924280613 0.1366629291757633 0.08137856721291348 0.14397746506900075
0.07381770869255105 0.11267098165165415 0.11513199961177906 0.13520517798198495 0.10202916258888388 0.19073461350917698 0.10140388348648872 0.16900647247748118
0.11359554818314291 0.09251576421941131 0.15620204648041555 0.09576978407875865 0.14592284801756306 0.13870205179419284 0.1423682163320054 0.11492374089451037
0.10668769033570825 0.07722174865747432 0.23444303035230185 0.13155592971588131 0.10346035924576569 0.08155586092206289 0.14667504402651244 0.11840033674429318
0.09324337925372303 0.14658221172327432 0.14953694261361558 0.1602498729908557 0.08396750041703661 0.14067679365785465 0.08151841365187007 0.14422488569177008
0.07393674847728637 0.11264506932746275 0.11290313673909158 0.1351740831929553 0.10286391545686177 0.19212888042043172 0.10138056239471649 0.16896760399119412
0.0744092321551961 0.13278134221232613 0.10187047447532414 0.13745423057676726 0.09573809329211572 0.19957172463973394 0.09322982595641606 0.1649450766921207
0.07426952928596565 0.13646398099746943 0.09922194675178099 0.13702868374292815 0.09400348056428219 0.2016367639752041 0.09294119419085563 0.16443442049151377
0.08611482172463658 0.15914127048704643 0.11442611591622669 0.15893342020344095 0.08146376021654678 0.17603179342638567 0.08084873984261996 0.14304007818309683
0.0968380779692956 0.07018013274380505 0.23162570736815155 0.1403602654876101 0.09420121689459184 0.08904465619069306 0.15538458368998756 0.12236535965586522
0.09521847061760315 0.15057626410054872 0.1077130364204614 0.11621655050114825 0.11395471699108727 0.19803596216699457 0.07882513860077879 0.13945986060137788
0.10458913056166158 0.08569630860084962 0.2156249034629095 0.1335320340459265 0.09835215191802503 0.09314838788525341 0.14887825288404044 0.12017883064133386
0.10419304049275095 0.07579036694769521 0.2589774626075746 0.13080413513070036 0.09281909205444852 0.07385533198109107 0.14583684916810918 0.11772372161763031
0.11958729497246995 0.08564737214335204 0.2000972103395115 0.09382472379143708 0.14043903676406105 0.10833793986291947 0.1394767535765244 0.1125896685497245
0.14073920501398285 0.0989871529696077 0.2066276604853892 0.10649193047685032 0.13273854766552226 0.09984221063678497 0.11873055532269731 0.09584273742916528
0.12763513423914954 0.08754474281404255 0.18126198726987733 0.09207081894598142 0.15094435688866056 0.11318852088293561 0.13686945622417537 0.11048498273517772
0.10941483790828195 0.07565463976990915 0.24344796258820142 0.1297772104944358 0.10333120504955322 0.07688274990978505 0.1446919048348411 0.11679948944499222
0.10443091064711825 0.07373593607399395 0.2688820480175268 0.12924617875973682 0.09282594677912208 0.07045757475885313 0.14409984407988566 0.11632156088376314
0.09317886981530574 0.14527703275495682 0.15798906554532385 0.15963781625043613 0.08180816903820617 0.13722794892124388 0.0812070630491349 0.14367403462539252
0.10876348440996023 0.07829175522320829 0.16886021866859893 0.09395010626784994 0.15086528283288622 0.13270436695657306 0.149127152806111 0.11743763283481243
0.06989986391194063 0.108631316553088 0.06885985841074091 0.08253560353400098 0.1525429454294499 0.25915808805434176 0.0933011170384359 0.16507120706800196
0.12951757529655325 0.10522749509694697 0.16153175400115302 0.10914553497580858 0.13933452995649084 0.13532300288597035 0.12168912630884926 0.09823098147822772
0.14458829099027753 0.10236888158969126 0.19278178779807711 0.10665692411954825 0.1328021258264131 0.10589624704705226 0.11891451092134707 0.09599123170759341
0.14802091192149205 0.10111838918421329 0.20305910975644947 0.10577828792953967 0.13006916855685202 0.09881877637551534 0.11793489713935243 0.09520045913658569
0.08763293695136787 0.13001443968566817 0.12164646302584697 0.13625234335082761 0.10137849541543255 0.16715787666843288 0.0924146328814309 0.16350281202099312
0.10359262177699415 0.0834788210660336 0.22290874047759043 0.13457141801618874 0.0960953104180274 0.0882017235856808 0.1500370884449149 0.12111427621456988
0.1041077403377398 0.07537976358005737 0.2617654120620803 0.13056322883525975 0.09218794094503308 0.07292075166132135 0.14556825662677467 0.11750690595173378
0.10287724531146016 0.07340025199772943 0.27587841124311363 0.12872622762695415 0.09020893444595021 0.06953518714137738 0.14352013736915634 0.11585360486425873
0.13618419852360542 0.09708622099249185 0.2341703338842369 0.10673321548006852 0.11920147881769032 0.09156508827490341 0.11899957009494205 0.09605989393206166
0.10960296257861815 0.07550908215059994 0.26334412784508515 0.12744230378191798 0.09520344332843438 0.0721113488144648 0.14208865809715332 0.11469807340372619
0.12098891238760938 0.08529379238316954 0.2010285401446179 0.09343279608109588 0.14071337359083974 0.10752910340375312 0.13889412671159926 0.11211935529731505
0.10750509507587389 0.07505968527283147 0.2513316300020343 0.129253836764967 0.10078433379315797 0.0756285838184406 0.14410838218422437 0.11632845308847028
0.10382706519169083 0.07348620864116322 0.27180874664511046 0.12892214708417046 0.09209763048362468 0.0700896966353896 0.1437385729430975 0.11602993237575342
0.13654768869974682 0.0971580817095586 0.23279033267169616 0.10679990541959121 0.11977359608656975 0.09173655613455681 0.11907392440064872 0.09611991487763209
0.09852031065536171 0.14866665770948292 0.14748428281875572 0.15680616679693368 0.0856159369048006 0.1420144797137675 0.07976661528365757 0.1411255501172403
0.13798484499194655 0.11157473139346466 0.19091054475024047 0.10929986107037323 0.12068990424475655 0.10930905019846639 0.12186118838741612 0.0983698749633359
0.08585106833160604 0.13222345346606515 0.11890250300270899 0.13641028109096062 0.0993861302410164 0.1710124706880994 0.09252175587039069 0.16369233730915272
0.07682800144032834 0.1366761324441502 0.10313861123775193 0.1372639182430483 0.09498635195271411 0.19328953824289039 0.09310074454745884 0.16471670189165794
0.13297846682445072 0.11088543059004626 0.17620041050337423 0.11066291757724932 0.12463850562564327 0.12165674838776382 0.1233808946719481 0.09959662581952437
0.09786651542213644 0.15214200323943142 0.13322142171652251 0.15716840634880969 0.08656727016960171 0.1516319324208271 0.07995088496874232 0.1414515657139287
0.10945563621369896 0.07845946317595456 0.1613850768491332 0.09415135581114548 0.15280630521746386 0.13660637144304447 0.14944659652562772 0.11768919476393185
0.09556530033447244 0.14829870858692543 0.09263288270219068 0.11264678831904695 0.12538723054795958 0.21388903492754288 0.07640390859900574 0.13517614598285632
0.1051900278082468 0.08557248923307685 0.20900469738880126 0.13364150704264474 0.10096554520657672 0.09634806987651874 0.14900030710575463 0.12027735633838027
0.1048133748421685 0.07587390862982497 0.2563979800078764 0.13096162270606274 0.09347560953273701 0.07459960778403968 0.14601243606183412 0.11786546043545645
0.10319735390926406 0.0735739668812265 0.2738966588655415 0.12893102608944831 0.09060568720733518 0.07000891119531094 0.14374847237137 0.1160379234805035
0.11936278484382433 0.08505515402794386 0.20444985250343145 0.09348035615202352 0.1393231411851069 0.10718745595387517 0.1389648279513663 0.11217642738242822
0.1409756636689468 0.09872346324332952 0.20797535952652899 0.10628917211057402 0.13224174814037712 0.09962984353520653 0.11850449487552059 0.09566025489951661
0.11140892479240068 0.07619768238455453 0.25320280860661226 0.12825591409238804 0.09848562521339524 0.07402294935136003 0.1429957728761401 0.11543032268314925
0.10457909008610587 0.07352844899101185 0.27238320746415096 0.12873819828519453 0.09152809335844801 0.06984509959865197 0.14353348375976166 0.11586437845667508
0.0812097515083712 0.12644037601914354 0.13835763640455015 0.13897190218099384 0.0947006681283927 0.1592941799229428 0.09425920321841322 0.1667662826171926
0.115796132548904 0.09415860870440872 0.16343044150585315 0.09540844937444783 0.14318995770570797 0.1316952028860424 0.14183106802529857 0.11449013924933737
0.107650729929821 0.07711463064166856 0.23712747078970936 0.13096786141008984 0.10253397945301049 0.0807148607553705 0.14601939175124942 0.11787107526908086
0.13848652779173562 0.09833276353835949 0.22116621092607675 0.10748358574201548 0.12327045786545339 0.09468905002931326 0.11983617693923218 0.09673522716781392
0.11052920942156379 0.07594498318971703 0.25841485540357706 0.12793551107371987 0.09638256244087377 0.0730123710832024 0.14263854742099807 0.11514195996634785
0.10422744960608041 0.07338553871836831 0.2743165249024645 0.1285351878133602 0.09096957685602883 0.06957691083797184 0.1433071422337016 0.11568166903202419
0.11958672932776633 0.08499449272809621 0.20453128172313878 0.09343763094036908 0.13938490847924573 0.10703848561830284 0.1389013140546382 0.11212515712844288
0.10708231679619347 0.07494486348768746 0.25267720005088484 0.1291129030619487 0.10041336847837941 0.07561648374635259 0.1439512516227995 0.11620161275575384
0.10368359320998372 0.07343280093483917 0.272292305148577 0.12884663175927305 0.09197698398610037 0.07015133738657205 0.1436543789913089 0.11596196858334573
0.09303424247373915 0.14511052940567704 0.15878438060850994 0.1595195021543223 0.08160666018042437 0.13723025605558614 0.08114687718285092 0.1435675519388901
0.09596952747329972 0.06908955336338327 0.24874488597356784 0.13817910672676653 0.09290159653834487 0.0816815420102955 0.1529699512807509 0.12046383663359135
0.0953116616008274 0.15022249790620396 0.11090259302908947 0.11610127530679265 0.11360527473822749 0.19578821510349198 0.07874695194721586 0.13932153036815115
0.13642011170933177 0.11135309695953013 0.17643869306197263 0.10847054636201131 0.12777393778644733 0.12098355801814674 0.12093656437674992 0.09762349172581018
0.12734613078038667 0.08973106839775215 0.1722330639396475 0.09258504347361089 0.15010854773865975 0.1192602079796453 0.13763388552196484 0.11110205216833306
0.08399911333143079 0.12773940894964617 0.1148190054430154 0.13647636223930149 0.10557957582369502 0.1750483233982233 0.09256657612752622 0.16377163468716177
0.10294152618264107 0.0833442254118659 0.2201557797354507 0.13479347972453504 0.09714464386653775 0.09002154264893625 0.15028467067795173 0.12131413175208154
0.12032771985657574 0.0872217479757817 0.1884596604160996 0.09444000540391996 0.14258675339399773 0.11324469545055683 0.1403914110183646 0.11332800648470397
0.10778843342087624 0.0756067528939526 0.24658851566422835 0.1298082538773282 0.10156883318710942 0.07708526657681386 0.14472651589009577 0.11682742848959539
0.08174462511292659 0.1268445687385826 0.13261680150458321 0.13896419872936314 0.09678427096909699 0.16203451820160017 0.09425397826861152 0.16675703847523576
0.10204280361718777 0.08292531671096001 0.22751272336946302 0.1343563415595947 0.09495517707226689 0.087489636020598 0.14979729424629437 0.12092070740363524
0.10361570740229906 0.07519975853847825 0.26347966017460966 0.13035581412754518 0.09182431181691063 0.07286751051898399 0.14533700470638247 0.11732023271479067
0.10270451485222265 0.07332550123716575 0.276485970270076 0.12862430855825863 0.09007491104279522 0.06961641112358743 0.1434065052134615 0.11576187770243278
0.08086331015472001 0.12636842711235327 0.1392358132493778 0.13893524005665922 0.09437384909011202 0.15926673553470472 0.09423433673408191 0.16672228806799105
0.101654708319525 0.08271558241108518 0.230143517974746 0.13410993705308225 0.09428412217881284 0.0868706171050459 0.149522571609929 0.12069894334777402
0.08072216988544098 0.12846331278756387 0.12897917572791395 0.13922049778822843 0.09532045820341105 0.16580197237042127 0.09442781589114624 0.1670645973458741
0.1019466683769778 0.0832396633109284 0.22613846039040647 0.13455108297999163 0.09478023163154924 0.0882335022310588 0.15001441639709515 0.12109597468199247
0.10364613181024399 0.07527706906512545 0.26298500788518075 0.1304281366799215 0.0918353412275211 0.07302535136500109 0.14541763895507667 0.11738532301192936
0.13680162353405087 0.09767575637669805 0.22997111250322846 0.10707411255201559 0.11997433521333754 0.09275671363377237 0.11937964489008306 0.09636670129681402
0.08572186692209442 0.12939195453214752 0.12763721086554405 0.13636204394914597 0.09931446850343781 0.16544896398401693 0.09248903850463815 0.16363445273897517
0.10296679413496272 0.08324844403511969 0.22527340518112665 0.13430784563324488 0.09549235775571034 0.08809086728240192 0.1497432249075133 0.12087706106992038
0.10388020624876475 0.07528031039596668 0.2626214018431301 0.13042749124411257 0.09198347936626504 0.0730054494397431 0.14541691934231654 0.1173847421197013
0.13687497113324817 0.09767915756776743 0.22984335492208618 0.10707726953538947 0.12001735495873042 0.0927551846099786 0.11938316469094916 0.09636954258185051
0.14505080158642703 0.0998815403953524 0.21589604310276486 0.10526144956788863 0.12603079899222713 0.09578540080810172 0.11735866093613852 0.09473530461109977
0.08708663414076705 0.12969296852618986 0.12443796789442385 0.13615994681356194 0.10048855431835807 0.16639002820470467 0.09235196392572027 0.1633919361762743
0.10335724571719974 0.08334683670899254 0.22396338762105528 0.13440181160160902 0.09580658218641658 0.08831451577342507 0.14984798994985363 0.12096163044144813
0.10400753613609226 0.07532173977991248 0.2621293803843083 0.13048056697875093 0.09208223718299478 0.07306993443150281 0.14547609482556262 0.11743251028087584
0.11980862860156626 0.08548274252062253 0.20096803823441556 0.09370174290035335 0.1400628631252029 0.10823995891539757 0.13929393422201783 0.11244209148042404
0.10724905446382754 0.07508834804036633 0.2513271904708679 0.12926198272766845 0.10066014730865105 0.07596002820898831 0.14411746432472886 0.1163357844549016
0.08163616382412497 0.12670694399678434 0.13364870485778907 0.13892027203192875 0.09657593254395229 0.1615834717984936 0.09422418450861254 0.16670432643831448
0.07624916509319558 0.13581401165386414 0.10650085788197933 0.1375562008893583 0.09458441525214434 0.1909289197329243 0.09329898842930388 0.16506744106722995
0.13269444393647414 0.11065558044597698 0.17733587218178112 0.1105609035700778 0.12442938111727338 0.12155184886840897 0.12326715666693751 0.09950481321307002
0.11082211613425813 0.07861818567113552 0.24204079853248134 0.1299771302376062 0.09804057477827481 0.0786069770033062 0.14491480042909227 0.1169794172138456
0.1048677728500789 0.0741320028517395 0.2683903081582316 0.12931649830478795 0.0918099880013581 0.0709203362346043 0.14417824512489044 0.11638484847430915
0.10278122802760709 0.07304485634946822 0.2781921562155446 0.1283370364268857 0.08989323649116175 0.06916193547993603 0.14308621822519943 0.11550333278419714
0.10200692125842055 0.07268440989099649 0.2817571044667014 0.12791392593342518 0.0892358104384958 0.06866481307147705 0.14261448160040088 0.11512253334008266
0.10171975544087115 0.07255526944439543 0.2830457869986354 0.12775489636656737 0.08900259605693184 0.06850511346145549 0.14243717550123258 0.11497940672991064
0.10161420408591058 0.07250855287138265 0.2835108624805262 0.12769698545900243 0.08891903745014705 0.06845046157892194 0.14237260916100716 0.11492728691310217
0.10157568704550615 0.07249167180633333 0.2836786374947574 0.12767605970738433 0.08888900005137751 0.06843121164841906 0.14234927850957624 0.11490845373664589
0.10156169727253851 0.07248557960645503 0.2837391582052916 0.12766851147568425 0.08887818719111319 0.06842434312627 0.14234086279453154 0.11490166032811583
0.08062779837975238 0.12612545371174363 0.14080213055231774 0.1388413552404296 0.09407872179083633 0.15874425569941777 0.09417065833698703 0.16660962628851547
0.10155151111952097 0.08264560797956734 0.23075482930569 0.1340421931512219 0.09417784583425674 0.08674299655877366 0.1494470422148698 0.12063797383609971
0.08070211200374906 0.12844476166607494 0.12911126842816065 0.13921459461744515 0.09529568625361245 0.16575025148862596 0.09442381200139759 0.16705751354093418
0.0760513279019364 0.1361004469266935 0.105469069235614 0.13750161806167877 0.0942728218362764 0.1923408073306479 0.09326196703313863 0.16500194167401447
0.07486787366441874 0.13695701252580028 0.09987971224796614 0.13678138741014545 0.09358455904863884 0.2010183274457139 0.09277346276514213 0.16413766489217452
0.10143312629113621 0.08499918621483393 0.21450547002458142 0.1356359399860131 0.09520921393227612 0.09492076656441643 0.15122395099933097 0.12207234598741176
0.08065575182125971 0.12891090365370597 0.12548303159296886 0.13922978221495913 0.09548364469445943 0.16872703421020188 0.09443411315449401 0.16707573865795092
0.0760105349977461 0.13613628356242607 0.104643479290354 0.13744406307044063 0.09427072014018914 0.19333911351958163 0.09322292973473364 0.16493287568452875
0.0748471292508378 0.13693927951700036 0.09968498726360212 0.13675500216657038 0.09356708610744402 0.20134494640776965 0.09275556668689122 0.16410600259988445
0.11441063322082316 0.0958762448323691 0.15116201617762218 0.09562246929969144 0.14318867982806846 0.1428437704631501 0.1421492230186458 0.11474696315962973
0.08155174461871884 0.12877433189483467 0.10993434991052245 0.13632188000991763 0.10387188432547538 0.18349775635233784 0.09246179687629195 0.16358625601190116
0.0873328962571841 0.1638266537031293 0.11621817075786221 0.15729074152595007 0.08259254454208086 0.17116420949897693 0.08001311634146156 0.14156166737335507
0.10292703564086772 0.09518089867393001 0.21929556113727436 0.13336594775951047 0.09164168700817621 0.0888664377274964 0.14869307906918552 0.12002935298355942
0.10365136512413453 0.08098444882639541 0.2597214988123645 0.12991440958029885 0.09099863551809591 0.07296180193960107 0.14484487157684067 0.11692296862226897
0.1024739878776556 0.07756301425535961 0.2745598137394141 0.12812049939746847 0.08968701995990055 0.06944241971560106 0.14284479559687902 0.11530844945772162
0.08034582431703671 0.1326331798660468 0.13820033033076684 0.13789754689952255 0.09372086090515366 0.15819469133106587 0.09353051007098051 0.16547705627942702
0.10085212358634484 0.0903433231357999 0.22842801378063077 0.1328629705983485 0.09354705959144594 0.08625753869881729 0.148132297070099 0.11957667353851367
0.1028371928365124 0.08056529635688503 0.26303558537847727 0.12942207283953058 0.09107543365518561 0.07228860052539986 0.14429595285243182 0.1164798655555775
0.0803457275809047 0.13441413763726126 0.13555504847385033 0.1377974153067506 0.09393930091764989 0.15912887698568634 0.09346259472979605 0.1653568983681007
0.1009189513314289 0.09072576791310352 0.2273602181663215 0.13294693798583143 0.09365488957533695 0.08651507639980983 0.1482259144409195 0.11965224418724829
0.11908061446340557 0.09335498562959303 0.1899875635519851 0.0936526663585845 0.14062795738287215 0.11169203433676558 0.13922097864649277 0.1123831996303014
0.1069825686899282 0.08105259987600612 0.24633127129616078 0.1288415550013234 0.10071027976786341 0.07647560708246931 0.1436487187850576 0.11595739950119109
0.13720902367166424 0.10390167203176641 0.2232432410013011 0.106388699707308 0.12181157880504413 0.09308049432789238 0.11861546071844638 0.0957498297365772
0.0976411158924772 0.1596344669454124 0.14375330458631133 0.15470290440935802 0.08508054892113574 0.14125835042516624 0.0786966948517169 0.1392326139684222
0.10418448661793173 0.09467890341216424 0.2296730485853938 0.1317867887295034 0.09115466615273315 0.08298156204730422 0.14693243459841646 0.11860810985655305
0.08046910477641514 0.13846302764850804 0.12800480714472415 0.1376864131628477 0.09382987278783579 0.162935772365103 0.09338730631914886 0.1652236957954172
0.10116170334070551 0.0916509180552942 0.22434611943163818 0.13322752160366552 0.09383097959952566 0.08733924429014349 0.14853874423572858 0.11990476944329898
0.07996549871713647 0.13760460756390758 0.12684896334958382 0.1377744376622678 0.0944222601068785 0.16460789751283586 0.0934470098926686 0.16532932519472135
0.11462612301487723 0.10379291664569643 0.15868209946584483 0.09445951453587968 0.1421099072113858 0.13255760902992297 0.14042041265333755 0.11335141744305559
0.08094305494870185 0.1388134531719143 0.11077105974143091 0.13485332834584718 0.1028763085539015 0.17845306547556958 0.09146573574761808 0.1618239940150166
0.10161674643647643 0.09205074405786255 0.21713254494300394 0.1336094587844745 0.09605421096452654 0.0903232062180731 0.1489645756895559 0.12024851290602707
0.1033566894821794 0.08113911071432404 0.2587976943435883 0.12987985083614417 0.0918923923718915 0.07323605534322382 0.14480634115611893 0.11689186575252976
0.08043990131397645 0.1345939959581363 0.13461975254721462 0.13781590626608056 0.09411562431512578 0.15956059565621927 0.0934751364239503 0.16537908751929667
0.11467095963430375 0.10310377044523109 0.16112261850405796 0.09439348946461751 0.14191449583333887 0.13120021681052318 0.14032226195038663 0.11327218735754102
0.10692204773517891 0.08353054281856877 0.23521978254497136 0.13002511828303698 0.10187134626714721 0.08044025237781355 0.14496830351855014 0.11702260645473328
0.10380463394049373 0.07905570197633824 0.26521520767982887 0.1288345860622613 0.09240367176420612 0.07109412218276319 0.14364094893807342 0.11595112745603518
0.13596083951048635 0.10320737519092371 0.2297422693422213 0.10614960340387711 0.11932401452605938 0.09173236877981397 0.11834888618312867 0.09553464306348941
0.1438125903331621 0.1073901597792368 0.21470590904480918 0.10422194962218277 0.12496849330086039 0.09490144718848485 0.11619969607129929 0.09379975465996448
0.14619313876682935 0.10837928018797109 0.20919971123669354 0.10418801622798095 0.12651016816022823 0.09559860794600694 0.1161618628691071 0.09376921460518282
0.11195181343610525 0.08276870392149603 0.2525762716921507 0.1270376096990192 0.09672588956202828 0.07296840856431126 0.1416374543957721 0.11433384872911727
0.10427165552663899 0.07841025188205848 0.2714374709644752 0.1279239598815442 0.09078008875755542 0.0694193403905864 0.1426256687037515 0.11513156389338979
0.10212320968162379 0.07732663885607369 0.27864571700720137 0.1274121862997678 0.08920882076901247 0.06855738036440066 0.1420550793521292 0.11467096766979104
0.08018493538822118 0.1333683439442773 0.13898328599313797 0.13766735875982147 0.09350022131840371 0.1577206416211694 0.09337438246318326 0.16520083051178575
0.10077548409148411 0.09044320674588086 0.2287083635205332 0.13280181217580514 0.09346542518051801 0.08621996733452947 0.14806410999302455 0.11952163095822464
0.13616238367755024 0.10671383156315613 0.2178176401418986 0.10711595627342337 0.12058724700203273 0.09577228317907092 0.11942629751678695 0.09640436064608103
0.10961973116243225 0.08244924657605447 0.256297479536702 0.12709351119423118 0.0954769137428421 0.0729791773217498 0.14169978039118014 0.11438416007480806
0.12052580817651885 0.09102411906653514 0.1982857228782486 0.09288144696325316 0.14022228047423815 0.10752837686828715 0.13807450921701517 0.1114577363559038
0.12245871938516692 0.09201313758060846 0.17840889808059568 0.09186591751558007 0.1531112101587085 0.11533815977479685 0.1365648564858474 0.11023910101869609
0.12294608964618879 0.09219510201026666 0.17192762793650446 0.09182193569002475 0.1571310762783408 0.11729237106248872 0.1364994745481562 0.11018632282802969
0.10823693771150279 0.08111344956880587 0.23895018494551706 0.12920281947925039 0.10447220054569598 0.07769036849999188 0.1440515017179105 0.11628253753132535
0.08123522445146222 0.13448118118256666 0.13018857960401908 0.13769029306491345 0.09669026369102582 0.16109616842321897 0.09338993790489782 0.16522835167789612
0.10125987419059779 0.09086055285707917 0.22518346403084166 0.1331206373038794 0.09435370441456496 0.08699361741163829 0.14841957621790733 0.11980857357349146
0.10302627217979292 0.08073277004270205 0.26181577703482073 0.12955018931540938 0.09132520533723512 0.07251582254406576 0.14443879316210567 0.11659517038386842
0.10220118738179766 0.07800721845913827 0.2752237773056902 0.12790689462696828 0.08963262197137636 0.06930545287233209 0.1426066422184258 0.11511620516427144
0.10157050902142582 0.07718666262991136 0.28007865783085345 0.12729628858414738 0.08889847963363169 0.06847688052600187 0.14192586204829566 0.11456665972573264
0.10127095818067818 0.0769207567811146 0.2818347083518292 0.12707768634711272 0.08861086726590975 0.06823296849335223 0.1416821368676018 0.11436991771240144
0.08002291090251731 0.13322348805076764 0.1396729291340473 0.13763509213073574 0.09335904878720785 0.15757192316655946 0.09335249727128166 0.1651621105568829
0.13182679321988147 0.11832100277169418 0.18731736229825693 0.10861538946190617 0.12227144994850321 0.11279609816009635 0.12109805362394616 0.09775385051571556
0.10967288022557602 0.08531600633651559 0.24473719165341706 0.12836903096291943 0.09673803752852414 0.07651283568119521 0.1431218897452251 0.1155321278666275
0.081434781520115 0.1356493771250946 0.13139147300794143 0.13757495924184632 0.09500057778589005 0.16054716874312294 0.09331171148577404 0.1650899510902156
0.10126898136870678 0.09103908013543847 0.22565965977735977 0.1330693531330326 0.0939675086134878 0.08687060095765499 0.14836239819459004 0.11976241781972932
0.07998436635897924 0.13742135404309316 0.12714034313428993 0.13776830683497057 0.09445078029343 0.1644700295408576 0.09344285159241482 0.16532196820196465
0.101077812075996 0.09148823814331564 0.22400850089114238 0.1332650316053167 0.0939868222060627 0.08765450154506585 0.14858056508831574 0.119938528444785
0.09183920993997832 0.1580100163460458 0.1456261825966209 0.15826098298567495 0.08137498611411874 0.14194706337687127 0.08050667395358249 0.14243488468710747
0.07692157380416602 0.1546824874077593 0.10774121881625133 0.1351051156683732 0.09014139378742507 0.18164555847803712 0.09163651323594008 0.1621261388020478
0.07400554622724859 0.1529405229674822 0.0991022859047287 0.134542645412218 0.09152251432535674 0.19518029899740852 0.0912550116708957 0.1614511744946616
0.10040530964725985 0.09500503544735568 0.21255395841497315 0.1341466975115466 0.09405324438452119 0.0935401700561526 0.14956355677779898 0.12073202776039195
0.1032554381697765 0.08179587212313404 0.25713776782449466 0.1301133876144483 0.09163952309078614 0.07388924508854662 0.14506671723581027 0.11710204885300347
0.08041969890228932 0.13478837054517614 0.13424529717102957 0.13781947676700007 0.0940600272432991 0.15980619909579705 0.09347755815500873 0.16538337212040005
0.13206223183845153 0.11879209011845858 0.18542584375045 0.10871451369988074 0.12256872128717024 0.11338496722373967 0.12120856975195658 0.09784306232989266
0.10978788130691482 0.08544797607302308 0.2440055830039128 0.12844446873202559 0.09685333836131176 0.07665473343589468 0.14320599722809418 0.11560002185882302
0.13804279166739605 0.10491912984985044 0.2223961511805181 0.10637905537210972 0.1207801141826336 0.09313689990816651 0.1186047080044268 0.09574114983489873
0.09779296202228473 0.1599585529453342 0.1435161313221158 0.15467527445432036 0.08487889074751537 0.14128780188582177 0.07868263961371948 0.1392077470088883
0.1042226395764577 0.094740795272846 0.22957155526570278 0.13178842318257458 0.09111526415669802 0.08301748478978706 0.14693425689161674 0.11860958086431712
0.08047239500592528 0.13847562583673445 0.12797793727108756 0.13767963368786587 0.09381760089317785 0.1629785388132175 0.0933827080665525 0.16521556042543903
0.10115992093267434 0.09165149726936662 0.2243293642658604 0.13322234355911083 0.09382622996174166 0.08737756370557515 0.1485329711024713 0.11990010920319974
0.10303527559307034 0.08089661122808904 0.26150641748090087 0.12959308583779405 0.09124641794295524 0.07260179507984398 0.14448661958333156 0.11663377725401465
0.08037766292893961 0.13450954690980496 0.1352119633930734 0.1377961650124474 0.09397222763018116 0.15931528940652182 0.09346174670409475 0.16535539801493684
0.13202909317670225 0.11870816633204277 0.1857629932835085 0.10869716164417917 0.12252594871674467 0.11325996786228254 0.12118922350477884 0.09782744547976123
0.10976928704526498 0.08542436759587704 0.24413579846212272 0.12843088775693343 0.09683478706405807 0.07662621764013183 0.14319085545437202 0.11558779898124005
0.13803374813654123 0.10491090687033891 0.22243939617068062 0.10637597372578467 0.12077203584790902 0.09312829069679136 0.118601272198748 0.0957383763532062
0.10985459663771435 0.08198428918657313 0.25797201819220067 0.12684443397673575 0.09534784603309328 0.07241474751309587 0.14142207788152478 0.11415999057906218
0.1036544898054673 0.07816067974895226 0.27347070979092925 0.12773481666226297 0.09037306869180473 0.06923011217512814 0.14241478812941855 0.11496133499603667
0.08046117833728401 0.13363346499578624 0.13784960923469383 0.13769081388547402 0.09375486737086486 0.15799079835622418 0.09339029115710412 0.1652289766625688
0.10087069902422757 0.0905190212796542 0.22825533852893407 0.13284376816152138 0.09354743767050824 0.08629345620373091 0.1481108877860544 0.11955939134536922
0.11904834184070842 0.09329720927770052 0.19025204070115462 0.09363411798661393 0.14057085646449607 0.11164308689961741 0.13919340524577237 0.11236094158393671
0.08201096084678344 0.13617168436245167 0.11808758174026428 0.1353021009273994 0.10293232149872646 0.17136270888247684 0.09177012062901871 0.16236252111287924
0.13259605954249937 0.11919087692885677 0.17941684736552593 0.10870612695259738 0.12504494571997962 0.11601041007859104 0.12119921915461229 0.09783551425733764
0.1100874443749712 0.08565722995245463 0.24164406694810284 0.12865159569394946 0.09752058233406201 0.07721571623850211 0.14343692833340332 0.1157864361245545
0.10425645392765348 0.07922630665860285 0.2675003723853408 0.12847194362610867 0.09129517565319059 0.07038836880097418 0.1432366296846316 0.11562474926349782
0.10225573519236955 0.07757376283695934 0.2772287913820926 0.12759886052036198 0.0894320296950697 0.0688086387276413 0.1422632071771797 0.11483897446832579
0.10151189491354914 0.07705646794574354 0.28079470701346104 0.1271981337561327 0.08879579564701552 0.06834825360353214 0.14181642674004646 0.11447832038051944
0.08006939951587953 0.13327204600346082 0.13944792343415693 0.137646190766943 0.09340315762238104 0.15762582869492053 0.09336002504192657 0.1651754289203316
0.1318452629370966 0.11833634207840049 0.1872384827365206 0.10861920174233047 0.122287521637586 0.11281360326784771 0.12110230403212069 0.09775728156809742
0.08382975219298651 0.14292705981615395 0.1168955749666233 0.13440347211770623 0.0985900482065092 0.17090931028763354 0.09116061587113988 0.16128416654124747
0.1020762589648662 0.09260907288340066 0.21953344141449663 0.1333204796208114 0.09495829284541847 0.0888716371245955 0.14864238548768077 0.11998843165873026
0.10337637179631338 0.08117093881584178 0.2596819907690513 0.12976571198211784 0.0915953417042812 0.07294141929678391 0.1446790848517045 0.11678914078390605
0.10234719160695811 0.07813616057367186 0.27444170710256827 0.12799854485365056 0.0897468319968845 0.06942204811637359 0.14270882538160742 0.11519869036828552
0.11857842429057003 0.09010927038985672 0.20403784860324048 0.09285483192187735 0.13837094339180261 0.10658793892596725 0.13803494417043258 0.1114257983062528
0.10640502601509894 0.0801208553807698 0.25168282926577756 0.1282464709251532 0.09981586808930534 0.07532188204187008 0.1429852444493872 0.11542182383263788
0.10313822688560877 0.07803399948458652 0.2712566360280736 0.12809380845885282 0.09149815818416371 0.0698797061535631 0.14281503719218366 0.11528442761296755
0.08037900451364226 0.13361203235061636 0.1373672669912541 0.13771712983978834 0.09400257375075217 0.15825329650704012 0.09340814023916079 0.165260555807746
0.1319796631327679 0.1184524749419282 0.1865088536085117 0.10865429981798731 0.12248823290311572 0.11298616999228184 0.1211414357672187 0.09778886983618858
0.10973308240522629 0.08535920434731056 0.2444226947123896 0.12839997573843953 0.09680498770771913 0.07656368606370095 0.1431563908606184 0.11555997816459558
0.10408863451829527 0.07910596739389342 0.2685307823388758 0.12835473309709416 0.09107292437004846 0.07022174980257327 0.14310594869183482 0.11551925978738474
