0.125 0.125 0.125 0.125 0.125 0.125 0.125 0.125
0.07295173961840629 0.12906846240179573 0.09118967452300786 0.16133557800224466 0.08754208754208755 0.15488215488215487 0.10942760942760943 0.19360269360269358
0.11301829483647664 0.08900190718372536 0.13562195380377198 0.10680228862047043 0.14127286854559581 0.11125238397965671 0.16952744225471497 0.13350286077558804
0.07485325150544486 0.12475541917574144 0.08982390180653384 0.14970650301088972 0.10550364450993394 0.1559442739696768 0.11227987725816731 0.18713312876361216
0.06832730955916239 0.11328594324595787 0.05582205899076185 0.09876210436827096 0.1280623706258654 0.22657188649191573 0.1116441179815237 0.19752420873654192
0.09723134993062421 0.07656968807036657 0.19446269986124842 0.15313937614073314 0.09481076535858643 0.08074841335466242 0.1695315844944217 0.1335061227893571
0.07799771803800655 0.12681453436046042 0.08959722536336877 0.15851816795057552 0.08601333634883403 0.16332054596202158 0.10751667043604253 0.1902218015406906
0.1014859504780036 0.07640245748556511 0.1892956409343852 0.15280491497113022 0.08518303842047333 0.08693749739547872 0.17036607684094665 0.13752442347401717
0.09512800698966159 0.07491330550435851 0.22360836417441743 0.14982661100871703 0.0894743004266914 0.07056712344504219 0.16586421731530737 0.1306180711358046
0.09135738401432224 0.1484327914992201 0.08842937269424363 0.12940294643521752 0.10067615423425362 0.1986488604270299 0.08776895497345187 0.15528353572226103
0.09490740480214707 0.07473958128169084 0.21726787466361827 0.14947916256338167 0.09053736237399979 0.07727386934847068 0.16547957760374363 0.13031516736294813
0.07135932454587203 0.11893220757645337 0.12495056430734269 0.14271864909174406 0.09693393723578812 0.15966801905931147 0.10703898681880805 0.17839831136468004
0.08821577846981019 0.14702629744968365 0.10037077123109675 0.13232366770471526 0.12051255351052943 0.23291398023279913 0.09924275077853648 0.07939420062282916
0.08459841405342486 0.1409973567557081 0.09270314491890651 0.12689762108013727 0.11826654129148641 0.2652251334421516 0.09517321581010298 0.07613857264808237
0.06693272761744645 0.11155454602907744 0.09669246169618813 0.1338654552348929 0.09352665656846543 0.2296972423841436 0.10039909142616969 0.16733181904361616
0.1108896030146377 0.08410652600661626 0.14233456250923207 0.1051331575082703 0.12502999985461163 0.15005886227844323 0.1562874998182645 0.1261597890099244
0.11437458773512162 0.08340223851383442 0.14688695758393225 0.10425279814229302 0.13894121696167905 0.1320600568002628 0.15497878649212515 0.12510335777075163
0.09005152857492847 0.07091557875275617 0.23768780074341556 0.14183115750551234 0.09730680152582508 0.08154653550570198 0.157012921617824 0.1236476757740364
0.11914216753324762 0.0835470878944794 0.15891359603429708 0.10443385986809924 0.13580809881249423 0.11758661110726504 0.15524794690839827 0.12532063184171907
0.08922337480859237 0.0702634076617665 0.247153893180114 0.140526815323533 0.09604617915079264 0.07870681172175513 0.15556896120472516 0.12251055694872108
0.06862645133926691 0.11437741889877817 0.1345577011097909 0.13725290267853382 0.10016940431455951 0.17051031630200317 0.10293967700890037 0.17156612834816726
0.07692933751306583 0.11865596436590668 0.09478803455092066 0.14831995545738336 0.08830877866409453 0.19441436093736977 0.10059962196239916 0.17798394654886004
0.11881915561891596 0.08221818827689242 0.13915818965399895 0.10277273534611553 0.1407291117701417 0.1401967631801923 0.15277857373840456 0.12332728241533862
0.12037146533492539 0.10261414135649391 0.19622131181240662 0.11375103474150448 0.13083457874716228 0.11111282783119675 0.12592707142730653 0.09916756874900391
0.07492872574397658 0.12285040517399362 0.12147205336126587 0.13333800959573888 0.10294366132347348 0.1777911256100738 0.10000350719680416 0.1666725119946736
0.08813739196614208 0.15357816728290985 0.09715801668506764 0.1228023892751965 0.12609214741001062 0.24644866185915798 0.0921017919563974 0.0736814335651179
0.08552689150639108 0.15153237487846324 0.08893131741501029 0.11739612422140874 0.1264891742108743 0.2716393500689507 0.08804709316605655 0.07043767453284525
0.06574773538671524 0.09592887452967006 0.051536370556819526 0.08363030087202006 0.13276840820620994 0.30858910771876336 0.0945386009857618 0.16726060174404012
0.10264725836523315 0.07113376428112203 0.18554144578147594 0.14226752856224406 0.10309785600383414 0.1086536939329123 0.15861767736715868 0.12804077570601965
0.14289007594529052 0.09207597129993433 0.18905063203969183 0.11509496412491792 0.12613743136518363 0.10284316168969933 0.12832229582285623 0.1035854677124261
0.11681631261417777 0.0685174204154824 0.227288010578449 0.1370348408309648 0.09820578456241899 0.076022653204772 0.1527836210458667 0.12333135674786831
0.09536395157037364 0.0717827469770905 0.2720845184830648 0.134156219467593 0.09073019687117756 0.07040921276361177 0.14851644971585387 0.11695670415123492
0.0816975557928392 0.11553558657869048 0.13189729806669653 0.1444194832233631 0.09445558480440329 0.1607370273927341 0.09795408427323758 0.1733033798680357
0.08669971040700415 0.14911194004076894 0.12995930747728301 0.160036102023552 0.08461994420443769 0.16634315097307645 0.08371119182770413 0.13951865304617353
0.06858434242004482 0.09901912956616116 0.0629670383295718 0.08632436936537127 0.13310873144151025 0.279763580429222 0.09758406971737622 0.17264873873074255
0.09884500709319446 0.07632418077290685 0.20606276717678768 0.13822045058944993 0.10019672711130768 0.10683526661902905 0.15301572063626528 0.12049988000105892
0.0973956766983806 0.13672325159033524 0.09880431640316496 0.11919462959157431 0.1137724378790147 0.2102310792133558 0.08084505311428518 0.14303355550988917
0.107819163600672 0.06911639288053219 0.2099631555368293 0.13823278576106438 0.09932549572506073 0.09701425906683117 0.15411924024405238 0.12440950718495794
0.10111932191723749 0.07139101837322523 0.26671018456366197 0.13323116513993524 0.09051012742310811 0.0733955595016904 0.14749237654889044 0.11615024653225124
0.09806077972360586 0.14824736155745472 0.12972766477204453 0.12415442337310767 0.12506867189352958 0.20713262712656236 0.09311581752983077 0.07449265402386461
0.07545905657711871 0.1231500031813257 0.10470769853805278 0.1276282594535226 0.10321393790682327 0.21058452543611153 0.09572119459014197 0.15953532431690326
0.09063320862746423 0.14985253919294622 0.09251929668539281 0.11953159601164766 0.12324411958777583 0.262851585279049 0.08964869700873576 0.0717189576069886
0.11793280736295347 0.076402621904598 0.14665824207172656 0.09550327738074749 0.1498295301409498 0.15709755205641956 0.1419720362257082 0.11460393285689699
0.10951115151064597 0.0669342014835736 0.2289417421697872 0.1338684029671472 0.10503318780723879 0.08597647226213159 0.1492532791290432 0.12048156267043249
0.1405132284799731 0.08763711737337172 0.21919360608501073 0.10954639671671465 0.12528617917336904 0.09709565789161337 0.12213605723490424 0.0985917570450432
0.08745711303028451 0.1117201614647505 0.12735606231004976 0.13965020183093813 0.10178712109569683 0.16972983074234435 0.09471926732881021 0.16758024219712575
0.1379891112553709 0.09004799836144405 0.1875625361875345 0.11255999795180506 0.1275063188551779 0.11753404151562763 0.1254959977164155 0.10130399815662455
0.11306459948246246 0.06571335463329589 0.24805096986422268 0.13142670926659178 0.09879267240537751 0.07813668313924522 0.14653097286887173 0.11828403833993259
0.10033363436302954 0.06998570161883647 0.28099938615315556 0.1309722926222392 0.0890201942089792 0.06951610616223917 0.14499171181623546 0.11418097305528545
0.09804802924159102 0.135504480795215 0.11916332901264642 0.11813211146249512 0.1140590620817159 0.19321006500721527 0.08012438864412712 0.14175853375499414
0.07625316282447346 0.12303456934925758 0.10341698591843103 0.1292310769930823 0.10214112800910914 0.2074609229194819 0.09692330774481175 0.1615388462413529
0.07655911712674295 0.112015190177499 0.10159729086913576 0.14001898772187377 0.0966197158300728 0.2101975126405476 0.0949694003678796 0.1680227852662485
0.10324278523032 0.06888203259969397 0.21820113247040657 0.13776406519938794 0.09694736343830061 0.0973783105855124 0.15359665179692952 0.12398765867944912
0.10511589377997277 0.06596729545033064 0.26276491124135004 0.13193459090066129 0.09313080718660265 0.07524814664124262 0.14709722298924474 0.11874113181059515
0.1038620773451191 0.06480869981051983 0.27919426430545846 0.12961739962103966 0.0908762589801112 0.07047191264162704 0.14451372763718898 0.11665565965893569
0.1029747656145309 0.064386014338528 0.2852308175607966 0.128772028677056 0.08988993389243699 0.06928041198527005 0.1435712021220311 0.1158948258093504
0.08202657871337651 0.11259854042548342 0.1436951103478759 0.14074817553185426 0.0954440211823377 0.16112578323489357 0.09546397992595335 0.16889781063822512
0.09929086217531934 0.07602456996243151 0.24148605452216956 0.13616342606833434 0.0918158536507396 0.0857741471154128 0.15073850993319876 0.11870657657239406
0.09756935157926573 0.13530988073866343 0.11173512590792163 0.11796246013114246 0.11517794884264475 0.20068095985839013 0.08000932078460098 0.141554952157371
0.13998727792414192 0.08886572015794562 0.18073959830597341 0.11108215019743203 0.13084505120461146 0.1246579592747713 0.12384830775743541 0.09997393517768882
0.12962934058505918 0.0749140526486853 0.17590534012248404 0.09364256581085662 0.15266923929043308 0.12166241906555349 0.13920596350390027 0.11237107897302794
0.11118378117254288 0.06553052695398803 0.24407334051714083 0.13106105390797607 0.10472628107411099 0.07934677342533415 0.14612329443172853 0.11795494851717844
0.10571454170229265 0.06501447110451912 0.2720010056524211 0.13002894220903824 0.09373413187105394 0.07150829256186662 0.14497256691067395 0.11702604798813439
0.10366002490258362 0.06448671685235315 0.28255137753770165 0.1289734337047063 0.0907865147937861 0.06967008817699837 0.1437957536976352 0.11607609033423565
0.08220107917643707 0.11254698399421986 0.14307764821577318 0.14068372999277481 0.09578604858388205 0.1614637650070056 0.09542026903857771 0.16882047599132977
0.09932760735625905 0.07602800423041702 0.24127867110716927 0.13617497244651475 0.09188388024363049 0.08583892972184802 0.15075129224848188 0.11871664264567951
0.07189800963105557 0.09955227227259879 0.08220699188380913 0.08678916044277844 0.14127033648296858 0.24659542268330922 0.09810948571792345 0.17357832088555689
0.1016784846712464 0.06824484864857214 0.20833515785154288 0.13648969729714427 0.10619967019816942 0.10403558707788481 0.1521758266880101 0.12284072756742986
0.10502729245305213 0.06600075244306144 0.25901962509949805 0.1320015048861229 0.09531711320451913 0.07666053042678234 0.14717182708945342 0.1188013543975106
0.10403373400637606 0.06482008918100339 0.2778589731846759 0.12964017836200678 0.09153270396553059 0.07089903654113994 0.14453912423346127 0.1166761605258061
0.1031436924615811 0.06436150358968615 0.28473044920208884 0.1287230071793723 0.09017995229706575 0.06949414199833635 0.14351654681043446 0.11585070646143507
0.10270259254764565 0.06419435256491994 0.2872277399409169 0.12838870512983988 0.08969496380072794 0.06909798642597374 0.14314382497311998 0.1155498346168559
0.10251684685670973 0.06413412553664695 0.28813548214625284 0.1282682510732939 0.08952096668570758 0.06897337404624466 0.1430095276891799 0.11544142596596449
0.10244387965195355 0.0641123983425088 0.2884657065898558 0.1282247966850176 0.08945840970254973 0.06893141272248215 0.1429610792891166 0.11540231701651583
0.10241618092349349 0.06410453445933266 0.2885859213283103 0.12820906891866532 0.08943585194631501 0.06891673639373673 0.14294354400334772 0.11538816202679879
0.10240585452177715 0.06410168055782399 0.2886297049071543 0.12820336111564798 0.08942769401089451 0.06891149965368017 0.14293718022893886 0.11538302500408318
0.10240204249988188 0.06410064299243709 0.28864565613310555 0.12820128598487418 0.08942473660495881 0.06890961178536924 0.14293486661298657 0.11538115738638675
0.10240064298792623 0.06410026536348566 0.28865146856079077 0.12820053072697132 0.08942366255053032 0.0689089275992342 0.14293402455678741 0.11538047765427417
0.1024001307694338 0.06410012783386973 0.2886535867930397 0.12820025566773946 0.08942327198343537 0.06890867896524548 0.1429337178862707 0.11538023010096553
0.09422588796764546 0.12927568594149183 0.1660078628441568 0.16159460742686477 0.08228494582318738 0.13897338909967918 0.08220247421279643 0.14543514668417828
0.10040397676380443 0.07659090876113249 0.2503085740725476 0.13506687754610533 0.08884524901323335 0.0815092170059103 0.14952458564322607 0.11775061119404052
0.0818931713776185 0.11307488843237871 0.1359662640720466 0.14134361054047337 0.09564977193874401 0.16659212079750196 0.0958678401926689 0.16961233264856806
0.13415828624594997 0.10279025598398057 0.1928840328701198 0.11041954112728503 0.12412846592957573 0.11711725709385827 0.12223897104852066 0.09626318970071003
0.07555717050688865 0.0967120179394719 0.07386334985825152 0.08431304128056524 0.14771084061191295 0.25790710275070544 0.09531039449107376 0.16862608256113049
0.10255297488755781 0.06817706595477004 0.2043211226362313 0.13635413190954007 0.10761936217205308 0.10623194232361022 0.1520246813976514 0.12271871871858608
0.12148367687605781 0.07617664194585995 0.18554021397670167 0.09522080243232495 0.14714115067217517 0.11862043293541039 0.14155211824268008 0.11426496291878992
0.10924087513656937 0.06547491479302828 0.24817614406678964 0.13094982958605655 0.1034297680191673 0.0788743341578272 0.1459992876131108 0.11785484662745091
0.09593237223883487 0.12973407029031855 0.1558733326358281 0.1621675878628982 0.08510992604177023 0.1427379349843544 0.08249394686938734 0.14595082907660836
0.10455604974624148 0.0765756230314272 0.24557514285115425 0.1349065321897803 0.08929250310158682 0.08213624940267851 0.1493470767424511 0.11761082293468025
0.08264051483240688 0.11305777715622888 0.13490051103706144 0.1413222214452861 0.09573593128489659 0.16690304570340908 0.09585333280636796 0.1695866657343433
0.10275468294720722 0.07601523998831589 0.2374282798133507 0.13602809430607726 0.0918449043822345 0.0867515114174553 0.15058869210929185 0.11858859503606735
0.082291251446509 0.11304278929326887 0.13301269546075412 0.1413034866165861 0.09633703924450364 0.16860792829331214 0.09584062570516276 0.1695641839399033
0.10274594657242954 0.07605894844704868 0.23666499888671846 0.136108091593133 0.0920030335242051 0.08708339232127073 0.15067725239451435 0.11865833626068006
0.08228720791259393 0.11304027641677278 0.13283701899632386 0.14130034552096596 0.09640715264372433 0.168729088661544 0.09583849522291606 0.16956041462515914
0.10275049950297596 0.07606273283324425 0.23659414447957033 0.13611517530002265 0.09201995873191068 0.08710788300302508 0.1506850943492314 0.11866451180001975
0.12141138133315432 0.0760970546976401 0.195970329792333 0.09512131837205012 0.14224871541558312 0.11360138983746271 0.14140422850531628 0.11414558204646015
0.10888795264844713 0.06526076321662752 0.25223178485163267 0.13052152643325504 0.10231314835127009 0.07779368914817919 0.14552176156065896 0.11746937378992953
0.10499646099219896 0.06481931298930163 0.27503689367959694 0.12963862597860326 0.09314225435119919 0.07115429518654122 0.14453739344181588 0.11667476338074292
0.13828962940830353 0.08607488338881598 0.23696830182223597 0.10759360423601999 0.12122870861681682 0.0930517893656779 0.11995883934971183 0.09683424381241798
0.1285431155283715 0.07425278146941389 0.19329280699563298 0.09281597683676736 0.14881339860737539 0.11292556488157134 0.1379771834767467 0.11137917220412083
0.08570883961700639 0.11079563440329206 0.12167468115114777 0.1384945430041151 0.10719731593269859 0.17600010511879344 0.0939354291680085 0.1661934516049381
0.10457673357531626 0.06819569145513073 0.22602273363286368 0.13639138291026145 0.09864738262063266 0.09134761770302938 0.15206621348353033 0.12275224461923533
0.12187639000590862 0.07607116087081486 0.19247248745424794 0.09508895108851857 0.14436273035178854 0.11466542655807464 0.14135611236442464 0.1141067413062223
0.1090950604601284 0.06531708995243884 0.25083894122896105 0.1306341799048777 0.10285561062041587 0.07804099414424527 0.14564736177454274 0.11757076191438992
0.14004088790217148 0.08641520608409313 0.2286314670051124 0.1080190076051164 0.12433011897355178 0.09491307322561582 0.12043313235973427 0.09721710684460477
0.12910523538725754 0.0743206740171419 0.19066935477459585 0.09290084252142737 0.1499274671113159 0.11349207314562078 0.13810334201692787 0.11148101102571285
0.11060782547832941 0.06516127760352489 0.24971830146134283 0.13032255520704977 0.10387463952433526 0.07772517754703405 0.14529992349203907 0.11729029968634477
0.14046863891848116 0.08638844934398376 0.2281738002797719 0.1079855616799797 0.12457973694869774 0.0948209646679325 0.12039584264917141 0.09718700551198174
0.11196376958040842 0.06439559660121441 0.26412566016977307 0.12879119320242882 0.09748181876902053 0.07373731865733552 0.1435925691376333 0.11591207388218591
0.08370596194620912 0.11244899141846583 0.138859681244423 0.1405612392730823 0.09731292410546817 0.1631005265081275 0.0953371883765254 0.16867348712769875
0.1027913703190815 0.07584017589040971 0.23894602212931673 0.1357812869830171 0.09196278780283836 0.085989460940689 0.1503154662571455 0.11837342967750208
0.072408272025273 0.09944548026183432 0.08183225140688738 0.0866960597154453 0.14139361805560982 0.24682795768659951 0.09800424141745992 0.1733921194308906
0.07453730051778136 0.10947013977436204 0.09523177931809981 0.13683767471795255 0.10391190133766703 0.22299435442911317 0.09281164024348088 0.16420520966154306
0.08861466245370653 0.1298577208736779 0.11604934361156577 0.16232215109209733 0.08514389711501744 0.1893497163589805 0.0825725725120669 0.1460899359828876
0.10444967722636886 0.0775750570806362 0.22954902712830574 0.13664722998841908 0.0904546743868957 0.0909218790800161 0.1512741007604802 0.11912835434887817
0.12134989331669845 0.08183545830418618 0.19311946072266806 0.09452198215168675 0.1411605117409113 0.11407304022200435 0.1405132749598209 0.11342637858202409
0.10850785774411296 0.07061562672252518 0.25030224960146297 0.1297492634603769 0.10178720994495914 0.07760270943475855 0.14466074597746498 0.11677433711433922
0.1215622093334186 0.08060885350886952 0.19883978167209282 0.093697202847354 0.14373630575301027 0.10983181834012458 0.13928718512830535 0.1124366434168248
0.12406587786628565 0.0805856838177748 0.1807094210711767 0.09264532237594601 0.1559352095476223 0.11716060431119023 0.137723494158869 0.11117438685113522
0.10934172611547041 0.0706236678733581 0.24505767290514327 0.12989631487142347 0.10508278895036657 0.0782664485731609 0.144824697326796 0.11690668338428112
0.10490860774868119 0.06944207795291453 0.2716640422821617 0.12914805692060202 0.0935428808036968 0.07107063751162625 0.14399044555177565 0.11623325122854182
0.10313282180222304 0.0688376353035796 0.28175939339637945 0.12816480178308023 0.09050274313207368 0.0693600935272038 0.14289418945068796 0.1153483216047722
0.11977738893618947 0.08019669241422571 0.2087053063624025 0.09336949661663295 0.13972717584506983 0.10738051607930146 0.13880002780621856 0.11204339593995954
0.10758691239793625 0.07011427936226776 0.25626433190216397 0.12901849560275405 0.10097434289586475 0.07607899744540432 0.14384599435113027 0.11611664604247864
0.12119935342158945 0.08047757895853283 0.20064767839195588 0.09358532890918646 0.14333850556640446 0.10932828305600914 0.1391208770052981 0.11230239469102374
0.10816059711287403 0.07029764230009836 0.25310539865192494 0.12932331716226722 0.10195624097788772 0.0765799707067974 0.14418584764210987 0.11639098544604051
0.10438722952976809 0.06924433632140216 0.27470242912348847 0.1288157856532323 0.09267793114301018 0.07061809325616804 0.14361998788502167 0.11593420708790907
0.10291442441285309 0.06875258470270439 0.282882923279091 0.12802808457938636 0.090238503116515 0.06921644381665673 0.14274175997134567 0.11522527612144771
0.102318585759151 0.06853256935313483 0.2859102004693831 0.1276725069339786 0.08951017451935493 0.06880538929205544 0.14234531743236123 0.11490525624058076
0.13644307099304734 0.0914830341224777 0.2397682188385929 0.10653771575732116 0.11932126904144322 0.09178114457191817 0.1187816024936103 0.09588394418158903
0.1101628126034141 0.07001400122576541 0.26771862178810246 0.12733404594651196 0.0956117250874436 0.07259019330728306 0.14196795868961853 0.11460064135186075
0.10432104609431526 0.06885474841315377 0.2800692697364983 0.12810748331922495 0.09091982590566673 0.06960060790285184 0.1428302836409866 0.11529673498730245
0.10271218154070601 0.06859148127335142 0.2848436562880456 0.12777019527228894 0.08971522019274575 0.06891985704839951 0.14245423263940274 0.11499317574506006
0.11960642493635144 0.08013081175013324 0.20964119556868158 0.09331261530158665 0.13940733490003362 0.10721100927029413 0.13871546991101538 0.111975138361904
0.10751655205287618 0.0700884026497144 0.2566259591220556 0.12897839531870223 0.10088027016544157 0.07602857937740698 0.143801285526971 0.11608055578683202
0.08234661882400905 0.11985606949996472 0.13642973544075612 0.1393806710816717 0.0973840879837032 0.1628095567034509 0.0945364551684382 0.16725680529800602
0.07785991322078124 0.12274096933227932 0.10834513309895659 0.13095135149436607 0.1001517773127744 0.19804815255211014 0.09821351362077456 0.16368918936795757
0.08938566438948087 0.14651156998787052 0.08341020096459656 0.11308764905901438 0.11278245495238487 0.2424143545879822 0.07670292718785322 0.13570517887081723
0.10505152091184852 0.07812712156012616 0.20723753474204226 0.1349997588717175 0.09959494619650058 0.1029746782001252 0.15051465653309398 0.12149978298454574
0.08188683936213909 0.12094132792058221 0.12516431821134005 0.13961577122961452 0.097094820349246 0.17306208305232404 0.0946959143992168 0.16753892547553742
0.10273312320855164 0.07665782793038961 0.23312361125762923 0.13613242602150158 0.0940509622210587 0.08791830686329473 0.1507041916070347 0.11867955089053983
0.0816184902459431 0.1209676676014151 0.13119485352751029 0.13983831162201868 0.09607732959481317 0.16765051862259514 0.09484685483928225 0.1678059739464224
0.10249863558776635 0.07652515470831904 0.23560598578598682 0.13589627333255574 0.09368883699525737 0.08686867852992482 0.15044276087283337 0.1184736741873563
0.09730486451943615 0.1442659909395744 0.10960902131561198 0.11632486012664851 0.11450823755953861 0.1994985926056591 0.07889860078155289 0.1395898321519782
0.11961683763058009 0.08721849214697051 0.15363644915790575 0.09442581391788502 0.1490638572025242 0.14235725882145828 0.14037031442121412 0.11331097670146201
0.09644490153037685 0.1388397121048009 0.12934675412161079 0.15860672929239228 0.09227876413678174 0.1610545288543196 0.08068255359656477 0.14274605636315305
0.11805820910361624 0.08708662759734777 0.15771010201419455 0.09125119848685163 0.14923435507365077 0.13775233741442258 0.14484317220135182 0.11406399810856453
0.08302623510994304 0.11992182507353316 0.1126281229403942 0.13702163416388638 0.10630769456098672 0.18373211441734813 0.09293641273724469 0.16442596099666368
0.10353218414857429 0.07631230753059558 0.2210490544681025 0.1354858346116416 0.09812833838023885 0.09249843500156943 0.15105659470880037 0.12193725115047743
0.09421220898625202 0.13936196583748864 0.1480378222133431 0.1611683982288817 0.08378866513707581 0.14639371774409923 0.08198566344686593 0.14505155840599354
0.14049451995504514 0.10412847828774165 0.1956880078179902 0.1090642231253752 0.12323602199959165 0.11156854008996864 0.12073857830729366 0.09508163041699376
0.12914564813882434 0.08247696845610754 0.17977116446678587 0.09262954902406768 0.14946957040312744 0.1176515946703084 0.13770004601189764 0.11115545882888123
0.11056278758831034 0.07078680480210428 0.24469905235246328 0.1299555058785209 0.10376513903394298 0.0783800641715193 0.1448906908824703 0.11695995529066881
0.10519906165057902 0.06946248612365659 0.27152780435203316 0.12916594314763033 0.09328508084654717 0.07109988768656733 0.14401038736011917 0.11624934883286728
0.09420192074037141 0.1377240588551738 0.16071179936230187 0.16025971971100508 0.08256616193860741 0.1387791690170375 0.08152342263559824 0.14423374773990458
0.10567538506733151 0.07668165088510266 0.24674453146742456 0.1339912467622984 0.09066594760054505 0.08109453827497191 0.14833381814955296 0.11681288179277297
0.0821417908985385 0.12092329080278065 0.13429163762174037 0.13976000101506417 0.09534097049373035 0.1650365681311557 0.09479373981891308 0.16771200121807694
0.10402605657339538 0.07623278764189907 0.23635499908666072 0.1353196362847219 0.09410751982946249 0.08618363566065423 0.14980439995703848 0.11797096496616781
0.0818360324536921 0.12087914078372616 0.13191725093600176 0.1397842902177645 0.09607173080999395 0.16696019230284648 0.09481021423465767 0.1677411482613174
0.11653957753891028 0.08545494711321559 0.15820746468974037 0.0910177521468246 0.15149957336350067 0.13903587250900068 0.14447262245527712 0.11377219018353074
0.09768873290638116 0.1413179988065311 0.09282102220143834 0.11278909274981273 0.12606874961577577 0.2174670642943257 0.07650042812595993 0.13534691129977527
0.10655878956727312 0.07738919069924405 0.21079114751650188 0.13434635671340198 0.10200655925033339 0.09821007332325639 0.1497861618879273 0.12091172104206177
0.13993776879461325 0.09390974931719545 0.2145718815405176 0.10848153487623105 0.12469718363575219 0.09981968469701591 0.12094881575006654 0.09763338138860793
0.11184204800244411 0.07077462229215176 0.25812243987239475 0.1284404140709642 0.09749322584886992 0.07452940066571007 0.14320147658359741 0.1155963726638678
0.1050302302761024 0.06913920655134566 0.2765157733061842 0.12855162320006247 0.09159378787201271 0.07014745145088316 0.14332546646335323 0.11569646088005621
0.08193235314835459 0.11977748902221536 0.14097390923429057 0.1394143740944289 0.09541847926817289 0.16062683171604522 0.09455931460317786 0.16729724891331463
0.10373596495706781 0.07597005944191125 0.23901927908200976 0.13498802220765005 0.09390406720019243 0.0852634520547605 0.14943728954204644 0.11768186551436158
0.08177741346789867 0.12083056859189709 0.13251240509950557 0.13975993225357045 0.09601953402577423 0.16659453467638688 0.09479369318068258 0.16771191870428453
0.10400283067388372 0.07626799049509358 0.23563003560462215 0.13539347442137156 0.09429604693706092 0.08648814338334944 0.14988614180957696 0.11803533667504187
0.09760437081215322 0.14418458375408857 0.10960027558654216 0.11628344563750172 0.11463737059144327 0.19927930789913748 0.0788705109541316 0.13954013476500207
0.10623007105796041 0.07739943154025365 0.21815782806250647 0.13408158448786467 0.09924762890147654 0.09471906929528565 0.1494909606155745 0.12067342603907821
0.10531422886075238 0.07072269528028971 0.26194425583042225 0.130710454998856 0.09334223746628449 0.07459431525226733 0.14573240281215735 0.1176394094989704
0.10359535458110972 0.06919458613234566 0.27824808707165627 0.12868314868143294 0.09079174999008159 0.07020013217033742 0.14347210755974685 0.11581483381328962
0.10263633493335284 0.06868121946017333 0.2842226636569755 0.12790012797563174 0.08976821640604911 0.06908222448258937 0.14259909790715955 0.11511011517806857
0.10221332211685895 0.06849751131612015 0.2864062412689787 0.12761488928035772 0.08937771909088586 0.06875583852607793 0.14228107804839882 0.11485340035232194
0.11944826315067561 0.08010316152237897 0.21011974291589194 0.09328792869052044 0.13926987054227405 0.10714674714402496 0.1386787716056095 0.11194551442862452
0.107464634598807 0.07007585986827733 0.2568117120180938 0.12895838886621133 0.10083831625144414 0.07600955859211359 0.14377897982546248 0.11606254997959022
0.13862276111120012 0.09206672748345006 0.2297641362838842 0.10706554896152404 0.12295602677026776 0.09379570819854324 0.11937009712575888 0.09635899406537163
0.12803016829746083 0.0810600813573876 0.1902509042398478 0.09209232886211205 0.14865044662580787 0.11250384382365003 0.1369014321591994 0.11051079463453445
0.10993176421659606 0.07043520397886133 0.2487605866070667 0.12948171440415332 0.10324807351768982 0.07724666556577152 0.1443624487461232 0.116533542963738
0.10491329590869435 0.06933754145908347 0.27303756499737547 0.12897331241004467 0.09305252994046825 0.07081415565215421 0.14379561846313935 0.11607598116904021
0.0941281799914964 0.1376802236271949 0.16108445481797415 0.1602260261763218 0.08250965900100989 0.1386617499463148 0.08150628288099848 0.14420342355868962
0.10564595281296887 0.07666869684906709 0.24689224290464998 0.13397330489768466 0.09064319269965496 0.08106541390087352 0.14831395576788858 0.11679724016721228
0.08213581325758539 0.12092030237061348 0.13432413490273828 0.13975809297236952 0.09533523202885429 0.16502426723277971 0.09479244566821586 0.16770971156684342
0.10402361474522344 0.07623173877390936 0.23636813256142516 0.13531810747137069 0.0941053550336549 0.08618071176207444 0.1498027074978137 0.11796963215452828
0.08183552928972004 0.12087888107730975 0.13192013150336607 0.1397841124793143 0.09607121154879339 0.1669591054446974 0.09481009368162188 0.16774093497517714
0.10403610101647334 0.07628658774690278 0.2353907457855758 0.13542097219048882 0.09432489276254546 0.08656480843852803 0.14991658297034166 0.1180593090891441
0.08183821347833604 0.12088828324726664 0.13169932158806308 0.13978871750677535 0.09611911103865793 0.16710667504121857 0.09481321709155198 0.1677464610081304
0.10404404296163935 0.07629267888625679 0.23530103425700039 0.1354307140134714 0.09434119060647024 0.08659516974585849 0.14992736756884092 0.11806780196046224
0.09761169777531409 0.144186884759938 0.10953651558611775 0.11628287111398011 0.11464730054721381 0.19932516360335203 0.07887012127730825 0.13953944533677612
0.10623375523916473 0.07740101203670945 0.21813153680303055 0.13408403251513626 0.09925157122678585 0.09472877293225689 0.1494936899832937 0.12067562926362264
0.10531596362951033 0.07072343458474177 0.2619343015659714 0.13071164761858206 0.09334384556937388 0.07459659168094614 0.14573373249415045 0.11764048285672386
0.103596087247468 0.06919487889714117 0.27824440575530807 0.1286836114009018 0.09079238049464007 0.07020076248630598 0.14347262345742332 0.11581525026081159
0.11997925293813405 0.08028649106052675 0.20765407059242197 0.09344484867698528 0.13991564757006486 0.10767382704459338 0.13891204370489155 0.11213381841238232
0.1420189664690432 0.09252361111083612 0.21092943306232792 0.10640035628625993 0.13328628664815445 0.10045256883166058 0.11862845693408382 0.09576032065763393
0.11228797341480551 0.07061961815129705 0.2564219384732958 0.12830411383467938 0.09924311833273214 0.07460002335017948 0.14304951199179922 0.11547370245121143
0.105165581818406 0.06914878937438819 0.2758415595478999 0.1285876143148117 0.09198096315528854 0.07018104503548069 0.14336559387039452 0.11572885288333051
0.12039603838769906 0.08028273697614943 0.2068690405935293 0.09344403674179512 0.1402945826104936 0.10766988389148083 0.13891083670869844 0.11213284409015414
0.10778581647041717 0.07015808820150253 0.2555453116305723 0.12908916576779927 0.10114653951021464 0.07617004291721201 0.14392478631126276 0.11618024919101934
0.10422197340133721 0.0691783191386223 0.2756153912878538 0.12870823562764366 0.09244157959819757 0.07049701124885435 0.14350007763261163 0.11583741206487928
0.10284626612689998 0.06872600648214566 0.28321928188725504 0.12798580968295828 0.09016374672084988 0.06917703376855734 0.14269462661667137 0.11518722871466246
0.11967350370482091 0.08016603744886572 0.20914837320858728 0.09334276012232424 0.1395881278722587 0.10730960328466012 0.13876028221169395 0.11201131214678908
0.10754803578071861 0.07010178961942454 0.2564351675956565 0.1289989187026801 0.10093365343716355 0.07605924046343408 0.14382416756851046 0.11609902683241206
0.10413890626162495 0.06915392730623073 0.2759486965372336 0.12866907222215684 0.09237217542728962 0.07045864388738722 0.14345641335813603 0.11580216499994114
0.10281640483584023 0.06871641269780665 0.2833423766444499 0.12797063212609092 0.09013982280829136 0.0691630772006213 0.1426777047734178 0.11517356891348185
0.13666611628816347 0.09155381910905212 0.23890878498813484 0.10660321201355025 0.11955767082555652 0.0919128800318221 0.11885462593152543 0.09594289081219522
0.09967626991904166 0.1387922161508288 0.15110169763306958 0.1577529586573737 0.08651518669379668 0.1439357639676761 0.08024824418657708 0.14197766279163634
0.12062887515509647 0.08662552358132201 0.16402649229935654 0.09071195867138994 0.14800539986593325 0.13262456610133128 0.14398723598633323 0.1133899483392374
0.08352535989252777 0.11990764406188395 0.1140983974345484 0.13705782370638406 0.10609969413289193 0.18188073363629476 0.09296095868780832 0.16446938844766087
0.10360327603020318 0.07627702625654047 0.22164313027191476 0.13542548938350554 0.09803976533759094 0.09213905799228626 0.15098931428280393 0.12188294044515498
0.104679527762703 0.07063561228149055 0.2634107139410601 0.13070493528406538 0.09306516013527194 0.0741433600976653 0.1457262487420848 0.11763444175565883
0.12058109667831732 0.080644690153283 0.20318631634709589 0.09374370075796143 0.1410123594195303 0.10898308833884096 0.1393563073954173 0.11249244090955371
0.09670585199715032 0.1379679391599043 0.14227892932071487 0.1586099325631798 0.0908456203260628 0.15015860423963912 0.0806841830864871 0.1427489393068618
0.14339229119841762 0.10352345303711 0.1927652439940253 0.10848713593105143 0.12515170348816734 0.11200192452999437 0.12009971906083022 0.0945785287604038
0.08767759857414983 0.1219065242132267 0.12067442456531528 0.13698301498697454 0.10128431910070412 0.17418428171452943 0.09291021886073057 0.16437961798436945
0.1063271119571118 0.07638468930196084 0.23020214281959778 0.13539728707381132 0.09589066665296153 0.08786907909611506 0.14989036257255467 0.11803866052588681
0.09804786173755722 0.1441239631461574 0.10853046061099406 0.11622149444067553 0.11498405742207624 0.19979787743222727 0.07882849188150165 0.13946579332881062
0.07875953507928783 0.12563873137474016 0.10075439297286219 0.1360363151248574 0.09808650906936235 0.20521282884002748 0.09226810938903372 0.16324357814982884
0.10296264121264377 0.07705010388309735 0.21635842585143042 0.13607144417036365 0.0967918182089903 0.09659176125557745 0.15170950566456962 0.12246429975332729
0.10473993297986818 0.07083831910528568 0.2614732197791094 0.13098922662988338 0.09299271066666287 0.0750330744953956 0.14604321237689982 0.11789030396689504
0.13796712769870476 0.09228395015231469 0.23170348824953854 0.1072545835657581 0.12097332348124254 0.09370754504083928 0.11958085660241985 0.09652912520918228
0.11079289829534385 0.07026060446338057 0.264660222917041 0.12769241069077938 0.09619950503694116 0.07310368033897353 0.14236750863583908 0.11492316962170145
0.10456784728813512 0.06894532706344719 0.2789370314677511 0.12824842151976784 0.09113195530927413 0.06975841876701784 0.1429874192168158 0.11542357936779105
0.10280606081143133 0.06862495993209394 0.2844273171431792 0.12782248713801056 0.08979258305371815 0.06897381933005307 0.1425125341673043 0.11504023842420952
0.10224037698907144 0.06848508415740895 0.2864731881286559 0.12759805367411273 0.08937263428782223 0.06873010685240308 0.1422623076038242 0.11483824830670146
0.13640181285807976 0.09146546820410044 0.2399545026004686 0.10652160864897818 0.1192689891706184 0.09175452646384333 0.1187636442698309 0.09586944778408035
0.11014675055120011 0.07000820419014804 0.26778896779035877 0.12732539443294733 0.09559591282363988 0.07258360232442378 0.14195831289762934 0.1145928549896526
0.13906216586654863 0.0917872659790839 0.23337183809767614 0.10673456582041341 0.12119875912737842 0.09278322024687247 0.11900107562365494 0.09606110923837206
0.1002019200262252 0.13886949329696668 0.14970571287624768 0.15780711873929973 0.0868468630630876 0.1442666899480292 0.08027579518477422 0.14202640686536977
0.08272356711502503 0.1243495358572681 0.11097898546800206 0.1301714382744528 0.1008765324484245 0.19055706428792193 0.09762857870583962 0.162714297843066
0.07684969767262059 0.12474804190321025 0.10226108054792749 0.13784677079446964 0.09604291447635074 0.20333929902624362 0.09349607062581419 0.16541612495336352
0.10456813161827141 0.07714883892205422 0.22291013205110355 0.13640619791214034 0.09568661726580369 0.09335459006586229 0.15100726834392414 0.11891822382084027
0.0975829084636336 0.1441271302190887 0.10705434232443861 0.11614772903517971 0.11482866600773112 0.20210348941428646 0.07877845969342623 0.13937727484221565
0.11969412623055085 0.0872077776778385 0.15278619848815136 0.09442367261447579 0.14917151406229642 0.1430411725594386 0.14036713122987746 0.11330840713737096
0.12416203686974292 0.08153770446274655 0.16620916924923881 0.09314740107731899 0.15840662723098367 0.12629031194702264 0.13846986787016374 0.11177688129278278
0.10985964764205824 0.07102236771951265 0.23937321037692674 0.13051499426639226 0.10607674536752887 0.08017506110574606 0.14551447868208212 0.11746349483975305
0.10522383044647145 0.069608706028436 0.2695452223923075 0.12941353533396616 0.09392467829036191 0.07152541153703258 0.1442864341708548 0.11647218180056955
0.10327702449915982 0.06890115271785018 0.28098022732510086 0.12826460761128514 0.09064634301130294 0.06948703248420426 0.1430054655009403 0.11543814685015663
0.09372477197387379 0.13750582125344812 0.1630528025944225 0.1600831420367282 0.08200349072340149 0.13812154524464793 0.0814335983404226 0.14407482783305536
0.10632937292574486 0.07648795012596475 0.24740133910304213 0.13363672634865817 0.09086950610217515 0.0808299432018321 0.14794134947836798 0.1165038127142148
0.08224719309001033 0.12087494137906953 0.13442962067981304 0.13972633360211947 0.09536998430780082 0.16490942208851023 0.0947709045301332 0.16767160032254333
0.10476970480099008 0.07610701813147798 0.23612992465620986 0.13506721533607924 0.09458535034036432 0.0860649214666582 0.14952495959061274 0.11775090567760754
0.08196120663774627 0.12084692622076612 0.131860673453855 0.1397612268713416 0.09616455982020838 0.16689736348121495 0.09479457126925778 0.1677134722456099
0.079364742012291 0.1220895244266929 0.1068292482399346 0.13000725802001828 0.10297762896378283 0.19871708229724377 0.09750544351501372 0.16250907252502284
0.08961244082214662 0.14627417651894764 0.08306451674191997 0.11295829097819109 0.11338210182473214 0.24254333527676464 0.07661518866346873 0.1355499491738293
0.07661088948476623 0.12478188141261837 0.09433292648882038 0.13478669976973548 0.09691886586134038 0.21940415306738978 0.09142054419164668 0.16174403972368256
0.10260582556672394 0.07709658404845934 0.21364062043648605 0.1362391876933508 0.09669174613736267 0.09921424001907458 0.15189652717452692 0.12261526892401572
0.10475209417908485 0.07090714397494988 0.2604532479236992 0.13111239511733955 0.09305571302387905 0.07553771412670662 0.14618053604873527 0.11800115560560558
0.10353722184937553 0.069258854794812 0.2777320955324491 0.12878338671853348 0.09079496583897378 0.07040456172851253 0.14358386549066343 0.11590504804668011
0.10264396403058594 0.06870084751450185 0.2840394683515293 0.1279295709802197 0.08978728394008469 0.06913032664084473 0.142631924660036 0.11513661388219773
0.10222182875403397 0.0685037882607553 0.2863402604738306 0.12762440084899881 0.08938760048634371 0.06876847767432359 0.14229168273761508 0.11486196076409894
0.10204748020981531 0.06843329412315163 0.28718051572937336 0.1275148738976291 0.08923651543065723 0.06865436574101612 0.14216956836049094 0.1147633865078662
0.10197954573697755 0.06840785995648381 0.28748772263288785 0.1274752812615098 0.08918055857586456 0.06861585317502526 0.14212542552589227 0.11472775313535884
