0.125 0.125 0.125 0.125 0.125 0.125 0.125 0.125
0.099626400996264 0.07845579078455792 0.199252801992528 0.15691158156911583 0.08685378548392246 0.06839735606858895 0.17370757096784492 0.1367947121371779
0.07295173961840629 0.12906846240179573 0.09118967452300787 0.16133557800224468 0.08754208754208756 0.1548821548821549 0.10942760942760946 0.1936026936026936
0.09641410499022565 0.0778282534258448 0.1928282099804513 0.1556565068516896 0.09359125151960135 0.07004542808326032 0.17354538898240615 0.14009085616652064
0.09626667022752254 0.075810002804174 0.22625663804628762 0.151620005608348 0.08392478942912221 0.06609077167543376 0.16784957885824442 0.13218154335086751
0.10753997030768289 0.0868093736218645 0.16242512414728577 0.10851171702733063 0.13901855065527785 0.1041712483462374 0.16130995546152432 0.13021406043279676
0.10914656150954985 0.08595291718877052 0.1652334542547739 0.10314350062652462 0.13643320188693733 0.10744114648596316 0.1637198422643248 0.12892937578315578
0.06199672243098923 0.10968650891636557 0.06236038591830874 0.09562413597836998 0.15161410759964233 0.21937301783273114 0.10809684936685302 0.19124827195673996
0.09262121473424041 0.0747665227372784 0.19617606301268098 0.1495330454745568 0.10434369146660921 0.08126153512590015 0.16671818652163276 0.13457974092710115
0.09288073143295458 0.07314357600345174 0.24556700810953816 0.14628715200690348 0.08887705834989608 0.06376619446454766 0.1619458907036131 0.12753238892909532
0.10433208689699076 0.08216151843138021 0.19096608742764618 0.09859382211765627 0.14150417909454474 0.10270189803922528 0.15649813034548615 0.12324227764707033
0.0684600242581525 0.12112158137980825 0.11316002704128679 0.1514019767247603 0.10177465778604368 0.15970932435300741 0.10269003638722875 0.18168237206971238
0.10363322707845124 0.08365573752115944 0.15420045940453508 0.1045696719014493 0.14565067300452916 0.12735678419045968 0.15544984061767686 0.12548360628173916
0.09168918747805813 0.07220523513897079 0.24359618005373534 0.14441047027794157 0.09938613903378203 0.0629481537108976 0.15986832688481928 0.1258963074217952
0.0536119568145165 0.08935326135752747 0.10255988194599154 0.107223913629033 0.12542793992497095 0.17870652271505494 0.12866869635483957 0.214447827258066
0.0723441145875099 0.12057352431251653 0.10789575288765461 0.1446882291750198 0.11440501529661376 0.15071690539064564 0.10851617188126486 0.18086028646877475
0.07221936431785574 0.12036560719642622 0.108855766886484 0.14443872863571147 0.11478606669656664 0.15045700899553277 0.10832904647678361 0.18054841079463932
0.07059579894067411 0.1176596649011235 0.10700772467309723 0.14119159788134822 0.11273145969762824 0.16843055814343225 0.10589369841101118 0.17648949735168526
0.07036514359083848 0.11727523931806415 0.10634404535026093 0.14073028718167696 0.11333270100440904 0.17049200919139657 0.10554771538625775 0.17591285897709621
0.06214858741528579 0.10292801348106202 0.05989850267923921 0.0897321143168233 0.13879827370196346 0.26559397663122275 0.10143630314075679 0.1794642286336466
0.09462987928887635 0.07191594443094503 0.19691315701186463 0.14383188886189005 0.09971513507896168 0.10318347299380314 0.160361822357958 0.12944869997570105
0.0727227282772438 0.11761543732500823 0.11941528027696405 0.14701929665626032 0.09362555651345304 0.17346110897061648 0.09971743599294178 0.17642315598751238
0.1308486744309981 0.09374461869238533 0.1836676952324481 0.11718077336548165 0.12157100077837173 0.11687672400270287 0.1306478174686788 0.10546269602893348
0.10403514084641566 0.06803583166224912 0.24774238622372946 0.13607166332449824 0.09237118677533065 0.07756954417065363 0.1517097500050749 0.12246449699204842
0.07751964796270236 0.11558833735558983 0.13634581839181234 0.14448542169448728 0.09138394059626696 0.16329552020775642 0.09799880775800009 0.17338250603338473
0.11167875582695513 0.08850645810840183 0.16761477738028538 0.0989907439052392 0.13692784510809342 0.1303361375375467 0.1471563894471914 0.11878889268628702
0.08809367846840507 0.069373771793869 0.25025755382474196 0.138747543587738 0.10464260002910203 0.07432622106961467 0.15359923425260372 0.12095939697392545
0.07773370373333302 0.12242982672596216 0.13602179966319866 0.14277600475073957 0.09220460576251001 0.16066347652808488 0.09683937713528423 0.17133120570088745
0.08971044304717873 0.07064697389965326 0.2430405597392775 0.1412939477993065 0.09700745933209233 0.07870306868545122 0.15641820838995266 0.12317933910708773
0.0778126503944387 0.12231897190757307 0.13415897084986952 0.1424671766662099 0.09093843718311354 0.16471326986921855 0.09662991113012497 0.17096061199945187
0.08689544632662612 0.06697436669305686 0.2012688856987544 0.11893852928793254 0.10295588092773894 0.10343054372517702 0.17681011219519524 0.14272623514551905
0.09956794343127003 0.07156445247444422 0.2594639104305085 0.13386063563583775 0.08855547527689143 0.07726839154450924 0.14924461913428477 0.120474572072254
0.13324717204866268 0.09375304225366626 0.23596452292939465 0.10901477419293432 0.11306593541630726 0.0952979185911821 0.12154333779421184 0.09811329677364088
0.1084540216806976 0.07097569016688167 0.27073468964204433 0.12900510479543478 0.087184155260556 0.07371067953821099 0.14383106460028328 0.11610459431589132
0.10275982628694066 0.06926960151650122 0.28605410075454596 0.12886214729549234 0.08346048643211153 0.06994622749214764 0.14367167765631755 0.1159759325659431
0.10104369889206034 0.06878872638890955 0.29223264017506045 0.12816865082832798 0.0825354009646769 0.06898061615657246 0.142898480848897 0.11535178574549518
0.08383481016843351 0.0660199130076414 0.3028772003443944 0.1320398260152828 0.08930534091500665 0.0646377511909568 0.1461735151654738 0.11511164319281064
0.07760931999261471 0.12018430939726592 0.15003447475317863 0.14041477283156015 0.08882889255482866 0.15919265715214342 0.09523784592053645 0.16849772739787217
0.10066373059829474 0.07603514448445252 0.24007156840576588 0.1351524669751209 0.0875705730756607 0.08818438151083488 0.15068491467226164 0.12163722027760879
0.10233981577910281 0.070524057886162 0.27523072600591586 0.13061070697424287 0.08456620437090019 0.07355766149826146 0.14562119120859618 0.1175496362768186
0.11670791700140788 0.0919074846386087 0.2474347170899632 0.11028898156633045 0.12481066902021741 0.09060642589083964 0.12209443624762671 0.09614936854500603
0.06521571382053666 0.0969581215054619 0.0892752967689184 0.0872623093549157 0.15616939315613487 0.22587977545830218 0.10471477122589884 0.1745246187098314
0.07278014873833517 0.1210896131118734 0.09789860703367238 0.1373521826172446 0.09600799383557501 0.2168882247039531 0.09316061081865287 0.16482261914069352
0.10111610682022658 0.07724019939095236 0.21816365534455023 0.1371375839717286 0.08989618814239017 0.10012426877517672 0.15289817198041977 0.12342382557455574
0.10320789528450501 0.07116181685399808 0.2668109139891457 0.13166120811650883 0.08553184613786421 0.07633881072650511 0.1467924215866151 0.11849508730485796
0.06488750422443915 0.09775388337163204 0.2058935007564511 0.1955077667432641 0.0630443789647274 0.10020469643093317 0.10226560106570737 0.1704426684428456
0.07281403939043095 0.11394038407341661 0.12887907151704225 0.13672846088809992 0.09974515441835327 0.17443596793645708 0.10254634566607496 0.1709105761101249
0.07506132487147518 0.12485341277358566 0.10825602512791657 0.1395300582598099 0.08949001732791408 0.2007353130817426 0.09463777864578413 0.1674360699117719
0.07477082503196847 0.12497209218435813 0.10270381111886155 0.13814183616964731 0.0906737220976471 0.20927130807017982 0.09369620192376078 0.16577020340357676
0.10093493962678991 0.07701302465655525 0.2193054734039721 0.13611963098440755 0.09402323005873037 0.09833280301738036 0.15176323036619765 0.12250766788596679
0.09378720675301931 0.0669430147013626 0.27549488647078657 0.1338860294027252 0.09345898340435414 0.07149138722214793 0.14821733820733107 0.11672115383827325
0.07889828841185552 0.1195929909193107 0.14328087294927455 0.13953017684755956 0.09461156573475824 0.1620120338409558 0.09463785907921432 0.16743621221707147
0.0877383200355223 0.14467360568944762 0.12885461115514307 0.16062070313973978 0.08167281583933036 0.17017425797874874 0.08170705333630242 0.14455863282576578
0.09629168620404724 0.06967985973220168 0.24056381471032312 0.13935971946440337 0.0943370047323402 0.08399788828003446 0.15427693811281123 0.12149308876383885
0.0802907717440489 0.12010452620990095 0.13509368279043865 0.13979339955019932 0.09487484097559988 0.167274306531177 0.09481639273839607 0.16775207946023918
0.10138608396729261 0.08172723445194108 0.23156194567988936 0.133464864332412 0.0932585006886939 0.08967962931446316 0.14880336366613695 0.12011837789917079
0.10289670024371009 0.07443595705585702 0.2701707530659863 0.12904070824674338 0.089947994287982 0.07350048988613371 0.14387075979151837 0.11613663742206906
0.1017939244831426 0.07247607872569944 0.284909947910822 0.12705848493635633 0.08804168498154138 0.06970651379216795 0.14166072872754953 0.11435263644272071
0.08048339466320001 0.12545605520530037 0.1446685221823736 0.13786609160367652 0.092646359019846 0.15993109222652407 0.09350917517466756 0.1654393099244118
0.07574233946015385 0.13485454598794935 0.1103041360152301 0.13644255030776553 0.0934381356279261 0.1929435894142156 0.09254364281744097 0.16373106036931862
0.10137434523887742 0.0840602566119376 0.2207425171316883 0.1341391639281509 0.0945615591375326 0.09484175302195709 0.14955515739452044 0.12072524753533581
0.10372625410417831 0.07487261116917218 0.2656718628946245 0.12927813469395602 0.09141388150774875 0.07455146184399095 0.14413547256176887 0.1163503212245604
0.09328376024004277 0.14450310410843978 0.1607825140986953 0.15817145259552562 0.0811877375730317 0.13925599381491566 0.08046113023337607 0.14235430733597304
0.103989067441527 0.08374179808710815 0.24139248969591381 0.13162316468213037 0.09030446883158588 0.08373815705147225 0.14675000599634533 0.11846084821391732
0.08154948232995826 0.12777763406462325 0.13429526992165292 0.1378981316974454 0.09407269690319021 0.16539812032966728 0.09353090671652817 0.16547775803693443
0.0883908821275709 0.15639200506487058 0.12473984682622676 0.15762874949363687 0.08169632339530428 0.16910125902309342 0.08018505952502399 0.14186587454427318
0.1041178129862871 0.08619179169512767 0.22638973693402023 0.13313606526331828 0.09189905486114676 0.09000630228177217 0.1484367772413414 0.11982245873698645
0.1211064173928893 0.08678441722649684 0.1938707452807183 0.0932981638096098 0.1407363445228731 0.1135521283983116 0.1386939867975692 0.11195779657153178
0.08365087298018024 0.1262772159423369 0.12172734474772409 0.13520583502089872 0.1045712753707029 0.1746156266815126 0.0917048272315661 0.16224700202507847
0.102982440729016 0.08243318804808303 0.22497526546520002 0.1331459319874117 0.09716209346870724 0.09102196361052865 0.1484477779023829 0.11983133878867053
0.1042266960820104 0.07441784367724133 0.2670143815474975 0.1287757045150282 0.0924347035365182 0.07365723617112507 0.14357530040705385 0.11589813406352541
0.10296566803071229 0.07229853093221188 0.2831830533656951 0.12667393797933435 0.09005635958307366 0.06958391835956772 0.14123198756800412 0.1140065441814009
0.08134146571516779 0.12505989815837265 0.14409632607759584 0.137388196918708 0.09459701384917722 0.1594662250684487 0.0931850379100802 0.16486583630244955
0.10190722757007996 0.08182561992921457 0.23465105943966238 0.13246094263290772 0.09444413930580411 0.08781209686199482 0.1476840658907195 0.11921484836961695
0.09089509162920706 0.064943358010616 0.23735495300694118 0.11247750597166524 0.10699839549737858 0.08515232163195699 0.1672053670862367 0.13497300716599828
0.10120214155867731 0.07215392606697114 0.27221275719835025 0.12856794297619326 0.09431710078412724 0.07249132094126147 0.14334366179584535 0.11571114867857395
0.10214895340203611 0.07189730381769792 0.2851934288809451 0.12643766146676785 0.09029665378604207 0.0692635464373518 0.14096855688906804 0.11379389532009107
0.08123010324381744 0.12494712845115113 0.14455650983173512 0.13734938998586704 0.09463258653969477 0.15930629727862772 0.09315871668606633 0.16481926798304045
0.10185593280476425 0.0817921218115713 0.23482658278814408 0.13242367459721863 0.0944300508198498 0.08784781522883235 0.14764251481212284 0.11918130713749675
0.08123250552570571 0.12721344244905214 0.1326367968693983 0.13770810706034387 0.09563187107763636 0.1669255281045223 0.09340202044092889 0.16524972847241262
0.10228616683873434 0.08239841865414298 0.22987961094000373 0.13296306926094012 0.09501926294799183 0.08954280941450164 0.14824389960883919 0.1196667623348461
0.10400152520433054 0.07429213292112952 0.2689535964020304 0.12855703427690848 0.09183298915207755 0.0733298917840811 0.14333149941022483 0.11570133084921766
0.08165805735251494 0.125569390512933 0.140760797344075 0.13752595410512342 0.0950430570010401 0.16113312553903816 0.09327847321912719 0.1650311449261481
0.10210168596330321 0.08196058419497666 0.23322606796048467 0.13257127268853458 0.09474973821759429 0.08826942988626826 0.1478070756691572 0.11931414541968113
0.12039475562139136 0.08597100086376976 0.19585520801721437 0.09303670441119076 0.14190240189183634 0.11289057406005511 0.13830530984111344 0.11164404529342892
0.08357104361080127 0.12601985395815132 0.12214276744384464 0.13508716213642924 0.10506133153672916 0.17438891069257711 0.09162433605775203 0.1621045945637151
0.10298926346784672 0.08235042517633127 0.2250580403458255 0.13304075047918992 0.09742130627127309 0.09107303045818065 0.1483305083700819 0.11973667543127092
0.10429134251409626 0.07437141257074022 0.26697824942260645 0.12869949222899865 0.0926370592387914 0.0737025716230533 0.1434903293956149 0.11582954300609878
0.10305136519066661 0.07226216900028713 0.2831084184843231 0.1266091803012918 0.09024150695799028 0.06961931020462934 0.1411597875896492 0.11394826227116263
0.11954058686917467 0.08374213328835871 0.21151346094774442 0.09199559430220906 0.1391750918906242 0.10688078980043185 0.1367576297388063 0.11039471316265087
0.10743246994784666 0.07376506220755463 0.25931243451814917 0.12695225566702875 0.10090381941003139 0.0758346371292568 0.14154229101980667 0.11425703010032588
0.12093644852728624 0.08409140317816972 0.2036093971966489 0.09215410897274397 0.14291770706038706 0.10871273185440715 0.13699327244306417 0.11058493076729276
0.1080330321417847 0.07397776996695415 0.25607145327822184 0.12724871687128814 0.10194397888807094 0.07632838053093548 0.1418728231385854 0.1145238451841593
0.10415787305150803 0.0723423187282938 0.27859081530235186 0.12680589398117778 0.09239741972709437 0.07020126596391749 0.1413791086625967 0.11412530458306
0.08163842474085366 0.12502714872179024 0.14299253890877966 0.13733464993608838 0.095275325806847 0.15978161287524906 0.09314871908708602 0.16480157992330602
0.10202184856299941 0.08181634111156703 0.23411361630162975 0.1324347541790628 0.09477442503480052 0.08799286832973931 0.14765486771904468 0.11919127876115655
0.13773735847315557 0.09832292205763142 0.22442125646216535 0.1064237672846361 0.12183558974072538 0.0968231569753299 0.11865455845018381 0.09578139055617246
0.12801918796184159 0.08641549739313474 0.19005181263736207 0.09067541705112044 0.14823279068283673 0.11299969622591834 0.1347950975864417 0.10881050046134451
0.08491333508512199 0.1258880026406078 0.12066269506249766 0.13478111534563564 0.10634929777911502 0.17425145917695845 0.09141675649530069 0.16173733841476276
0.10295480550026753 0.08637039487544944 0.22359961503873552 0.13230623669850625 0.09736874652231128 0.09081300801699368 0.14751158031908085 0.1190756130286556
0.10407253071264416 0.07753779587112829 0.26592751390162306 0.12822163772452103 0.09240594125180347 0.07347754930230467 0.14295755728390627 0.11539947395206894
0.10281385567624007 0.07501833077050009 0.2823223040765286 0.12618521755260287 0.08999291694149748 0.06941357842141625 0.1406871007638721 0.11356669579734256
0.1019271087776485 0.07418681454465603 0.28858773273970645 0.12538556135004497 0.08896075374499893 0.0683094798540486 0.13979554377385608 0.11284700521504047
0.10149669862589096 0.07389238748085346 0.29097701372114637 0.1250839629760654 0.08854708274483651 0.06796800367853809 0.1394592840942102 0.11257556667845886
0.11866159137150116 0.08641996397047509 0.21367126924925606 0.09148215288670666 0.13802959553575567 0.10596247893246666 0.1359943645897908 0.109778583464048
0.09546362256358533 0.15014159239172786 0.14494683611673265 0.1545248791284154 0.08964331185738665 0.14760123256125396 0.07860613416532436 0.13907239121557385
0.10454075368077465 0.08940579134868996 0.23340707768088348 0.13089788273540084 0.09277388033626535 0.0852251490048648 0.14594137075126035 0.11780809446186076
0.10408472072175577 0.0777276156616216 0.26973694393583386 0.1277253432574825 0.09112108243379398 0.07224725906771924 0.14240422599005884 0.11495280893173425
0.10267862663962526 0.0749423952639651 0.2837791642850051 0.12599630502800052 0.08962435527494698 0.06910600158636636 0.14047647739689012 0.11339667452520047
0.11913308401856214 0.08672087619091348 0.21139413833740564 0.09161663094960655 0.13859850233526794 0.10640253576631638 0.1361942752624002 0.10993995713952784
0.08298636887683626 0.13045976224530623 0.1253296578167108 0.13419095576808487 0.1039173079913678 0.17107032603294328 0.09101647434704888 0.16102914692170187
0.07596254755665564 0.14151352591722788 0.10466155828551658 0.13433187524632356 0.0957321038112888 0.19548808437250167 0.09111205451489772 0.16119825029558826
0.11419564169462994 0.10074525349653725 0.15279934716243 0.09374478745018358 0.14366365647979207 0.1429996459398145 0.1393579228363923 0.11249374494022028
0.12237514045137504 0.091329515081627 0.16640434914593935 0.09139943640607967 0.15668115842573335 0.12625967581619568 0.13587140098575426 0.10967932368729559
0.0833198562397529 0.13125625084955078 0.11442262955359304 0.13375095006145124 0.10766271567705779 0.17836842185099894 0.09071803569385388 0.16050114007374147
0.07591074198430305 0.1415137156106533 0.10201193011768235 0.1341185836343739 0.09644167251715448 0.1980936686138785 0.09096738716070578 0.16094230036124865
0.13151308765272768 0.11966436987855064 0.17497111812942837 0.10786431203580885 0.12434943261320017 0.12429914051365443 0.12026065834440178 0.09707788083222794
0.11095533115714548 0.08488349766606218 0.24318553040874627 0.12716234738530482 0.09827773197527453 0.07931292115349425 0.14177652760719803 0.11444611264677433
0.10490376258310065 0.07803936354643978 0.27291982764371164 0.12661378206077614 0.09168744969633098 0.07071849240688298 0.14116491820805935 0.11395240385469853
0.1025757062764097 0.07619046519812855 0.2847124539130063 0.1255050481764158 0.08949907351104702 0.0686339468978859 0.13992876266833226 0.11295454335877425
0.11888230669882832 0.0884009190231204 0.21147882481816188 0.09137238018510835 0.13832085822654785 0.10606667473003176 0.1358311800960715 0.10964685622213002
0.10686995700780871 0.07860584582319202 0.2585438970605136 0.12610326006287867 0.10041104623962874 0.07537733547032707 0.14059572427906028 0.1134929340565908
0.10341486643556433 0.07656165927247383 0.27894320186339844 0.12594265175166963 0.09168833619326916 0.06968423990936493 0.14041665799775702 0.11334838657650267
0.09276517550012313 0.15102443880849376 0.16312851160810768 0.15598336938594848 0.0812170406384282 0.1361483697934758 0.07934806181806944 0.14038503244735362
0.1031316021988872 0.0918082484233501 0.24071586543433945 0.12983616502588768 0.09027131945172653 0.08262661620469205 0.14475763473781805 0.11685254852329893
0.10332880341784952 0.07947579953638267 0.2723449569961078 0.12707332464967094 0.09023009934743688 0.07150374996739442 0.141677273900454 0.11436599218470382
0.10225908630624753 0.07648252732565945 0.28456123805010225 0.12559153877631546 0.08923885527788812 0.06880917613240527 0.14002519323269796 0.11303238489868392
0.0807396418097351 0.13177242995340968 0.14369367013723686 0.13611404471219593 0.09395217621068325 0.15807035319557133 0.09232083032653289 0.16333685365463513
0.11475584363936513 0.10270336984702844 0.16546084602090194 0.09299995967348636 0.14213816453137806 0.13209117835907072 0.13825068632058568 0.11159995160818362
0.10740457103092023 0.08331881959942732 0.23968233335351805 0.12795876175455473 0.10270400789777147 0.08110415058970546 0.14266447019500353 0.11516288557909925
0.10413623242107282 0.07862935723641756 0.2714906082908813 0.12668791830200746 0.09270842214885858 0.07108076054447864 0.14124757458447695 0.11401912647180672
0.10237171210040655 0.07702239774720777 0.2840575284131201 0.12543552026782007 0.08969443134650987 0.06867519764499984 0.1398512442388979 0.11289196824103806
0.08065883711481667 0.1330354437074102 0.14344720355354584 0.13588942534784304 0.09393248147596182 0.15780081858186507 0.09216847980114572 0.16306731041741163
0.08791686656029682 0.07890812631591505 0.20276035216242272 0.11401579413673787 0.10891208155181606 0.10117569054724691 0.16949213576147898 0.13681895296408547
0.10128741471020117 0.07926027429255415 0.2578885292410427 0.12934246083129355 0.0957056792806174 0.07590023549168447 0.14420719140444221 0.11640821474816422
0.10224985715712612 0.07756839163188577 0.2789475219760509 0.12620858335868984 0.09082774946862758 0.06989701949085662 0.14071315189394226 0.11358772502282086
0.10169363833701986 0.07665280095027366 0.2869765360354966 0.12513388982301926 0.08908989336850331 0.06831779184229032 0.13951494880267967 0.11262050084071733
0.11849817081555802 0.08923499212829406 0.21210071972879033 0.09122334310657555 0.13801546167475742 0.1058496743492546 0.13560962646887947 0.10946801172789064
0.10667144175347124 0.07953789742610227 0.2586525725258731 0.12591328614813047 0.10025127659308702 0.07526765047874465 0.1403839175412738 0.1133219575333174
0.10328518594496028 0.07741813118543793 0.27886545926903195 0.12578921084429356 0.09157920100471414 0.06960693915485114 0.1402455828368467 0.11321028975986422
0.10191096281684937 0.07660270271077686 0.28689075352674376 0.12508549782711884 0.08922477976309647 0.06824735997241413 0.13946099533859369 0.11257694804440696
0.08920420745325208 0.06713296325406132 0.25530588475411586 0.10981807456836273 0.10387750940546299 0.07962772739600944 0.16325194368670043 0.1317816894820353
0.09975717057098821 0.07566383294458867 0.27844268258784277 0.1268368290594823 0.09291577504649873 0.07081696467074698 0.1414135989663183 0.11415314615353407
0.10115964703725046 0.07635170836749482 0.2868508749088919 0.12522277727703904 0.08958433219143797 0.06851610898803112 0.13961405168051963 0.11270049954933513
0.10116053577268884 0.07621965950004937 0.2900039883290056 0.12476026729705834 0.08858203827395103 0.06789088269138309 0.1390983875685113 0.11228424056735249
0.11829126703147755 0.08909606567334498 0.21306050892555972 0.09116792684761342 0.1377762695656483 0.10567920326127521 0.1355272464779447 0.1094015122171361
0.09325354224109722 0.06954276884444627 0.22663247199508949 0.11012416497641658 0.11685172846352605 0.08773935787114115 0.16370696763658346 0.1321489979716999
0.10153469935851821 0.07672146372461731 0.2669382635276682 0.1278769276850229 0.09646445347740527 0.07280172599575163 0.1425732313144957 0.11508923491652062
0.08057159366981989 0.13307595166705513 0.13946932707389578 0.13609708871632334 0.0955438990961493 0.15961630357914042 0.09230932973802801 0.163316506459588
0.10105705054049899 0.09072723265301356 0.23114849281195052 0.13109020006325312 0.09427118462600069 0.08756886902857905 0.14615579021977623 0.1179811800569278
0.10310851051923504 0.08037780349026247 0.2685096750229468 0.1274026305523033 0.09133401146979372 0.07256057604156402 0.14204442540682174 0.11466236749707298
0.10226471305280224 0.07744713015020376 0.28297260456637335 0.12562837984637584 0.08952397077610541 0.06903139146991938 0.14006626827648172 0.11306554186173826
0.10155103100538504 0.07651785769530786 0.2885096061155243 0.12493397026754295 0.08868483612230263 0.0680700721354552 0.1392920534176934 0.11244057324078867
0.08909291993343195 0.06709128317072448 0.25588494265275685 0.10976837944914605 0.10370164677221513 0.0795607041284974 0.16317806855425293 0.13172205533897524
0.09014685679941252 0.14988299282664994 0.15746134169699377 0.15704625505617803 0.08395452563481962 0.14027765129811265 0.07988874713727316 0.1413416295505602
0.1025101899725008 0.09387841091771898 0.2380741924074237 0.12976614950803061 0.09088955110569916 0.08341239887095318 0.14467957266044607 0.11678953455722754
0.10313319012078583 0.08115312626750995 0.2710927490412445 0.1269337446413512 0.09031784217680451 0.07160732496749185 0.14152165260759605 0.11424037017721611
0.10213489350793796 0.07786921008423578 0.28389928192226277 0.12542274025109615 0.08918594231951173 0.06877047021498568 0.13983699547398332 0.11288046622598653
0.11863292557452226 0.08993565523697157 0.21107996808615237 0.0912246356063651 0.1380632281523434 0.10598247675938084 0.13561154785662632 0.10946956272763811
0.10669502574957769 0.08009737205654707 0.25816504078663965 0.12587317033915818 0.10025818466882905 0.0752861616860193 0.14033919140798679 0.11328585330524234
0.10326701157154475 0.07788400015906594 0.2786133328416512 0.1257352527639747 0.09156039324438944 0.06959285832778325 0.14018542360401356 0.11316172748757722
0.10187609629679859 0.07703333494656442 0.2867361968343376 0.12502384674632905 0.08919398006762196 0.0682228240523121 0.13939225898434 0.11252146207169614
0.08050107294068085 0.13356353812330668 0.14400036129341318 0.13574068185165308 0.09374325000583053 0.15749468465505426 0.09206759290807776 0.1628888182219837
0.10082350587169875 0.09130221951966916 0.2329243088903402 0.13076729145246413 0.0936756004711641 0.08702074027104177 0.14579577121640405 0.11769056230721774
0.10294326066149151 0.08083726014502501 0.2691336286339488 0.127230852631298 0.0911082175008648 0.0723861072150551 0.14185290584414864 0.11450776736816817
0.10216301749121141 0.07786714285006717 0.2831529554675225 0.12552272590668379 0.0894199416709609 0.0689552912791914 0.13994847201834743 0.11297045331601542
0.09224958918714482 0.15326771607897655 0.16392145875001204 0.15546850391474176 0.08055984906837803 0.13552507748606715 0.07908615199141213 0.1399216535232676
0.13458153591967775 0.12350344205250172 0.1969916551107877 0.10591129301655215 0.1177446605551558 0.10786406174480925 0.11808318788561858 0.09532016371489693
0.11069822299414872 0.08660058696116338 0.25179695912377265 0.12579904788354784 0.095936882905247 0.07569260663541949 0.14025655040150783 0.11321914309519307
0.10439849437590912 0.07923895100074987 0.27605765900568024 0.12595032048542346 0.09079145571756078 0.06978262291419658 0.14042520806359896 0.11335528843688109
0.1022265544648699 0.07734956392864444 0.28574197486184694 0.1251329176304263 0.08910361553009997 0.06831188283623871 0.1395138648804902 0.11261962586738365
0.10140059130739612 0.07675738850957414 0.2895015535686327 0.12472096692915799 0.0884699550611112 0.06784610379671989 0.1390545705911657 0.1122488702362422
0.11831525255237899 0.0896029533598311 0.21284947645717403 0.09111855219682678 0.13769066380107248 0.10562699125318188 0.13545384774334251 0.10934226263619215
0.10655807925140685 0.07998813845257893 0.2588815399934405 0.12579697292629444 0.10012273219035395 0.07518102457324237 0.14025423697901784 0.113217275633665
0.10320991016335526 0.0778446531154152 0.27889300162951935 0.12570258452161895 0.09151073303426024 0.0695577905146585 0.14014900095171542 0.11313232606945704
0.0807682292959326 0.13385977313535158 0.14216498399434566 0.13579455470720667 0.0942873639660026 0.15806749649458146 0.09210413275793146 0.16295346564864796
0.10094515905019572 0.09140983593571278 0.2321473579267865 0.13084114447429793 0.09384836819921584 0.08717299256259385 0.14587811182432917 0.11775703002686813
0.0921180922248905 0.15853798375935613 0.1502675019368857 0.15591675385138407 0.08153823159754749 0.14198218337842106 0.0793141747852693 0.14032507846624565
0.10316420915483769 0.09571987891005815 0.23495055558213743 0.12995280766999773 0.0905040713223588 0.08386326787628647 0.1448876825813258 0.11695752690299795
0.10339106569011693 0.08158045851962618 0.26985308454049317 0.12706533972717374 0.09032510553359059 0.07175776892678383 0.14166837130775936 0.11435880575445635
0.11926857209748389 0.09097155484401562 0.20664381337488552 0.09148798362374912 0.13878464130799956 0.10705482203134627 0.13600303237202105 0.10978558034849892
0.1070008658562577 0.08041084383269827 0.2563686853936635 0.1260650830427501 0.10055864586040833 0.07558414152509861 0.14055315975064825 0.11345857473847511
0.12021455691775824 0.09067141419602115 0.20193821850846808 0.09142186412059432 0.1421175275157389 0.10802544050698676 0.13590474128971933 0.1097062369447132
0.08276457800675431 0.13593070637172747 0.12257294539534931 0.13328413288399 0.1042356699401221 0.17086959607212793 0.09040141186914104 0.15994095946078796
0.08703336776604408 0.17269450785733795 0.11933491183348603 0.15369591271082678 0.08242404683436054 0.16830648900530182 0.07818444255289884 0.13832632143974408
0.07565293883334956 0.1602416427926244 0.10195397214757945 0.13209159913726404 0.08977117855523509 0.19218618667612994 0.08959256289310083 0.15850991896471683
0.08752579358606721 0.08480143613030812 0.18646747265049535 0.11479978062026996 0.10870734919382737 0.10928084674965002 0.17065758432505804 0.13775973674432399
0.11672844258255488 0.09316157315602586 0.18025683149076083 0.0932568533563109 0.14713230250954212 0.11892319684307465 0.1386325760341577 0.11190822402757308
0.10733855169957605 0.08156318175316521 0.24569911881811946 0.1272810931656002 0.10328546491384212 0.0783706855100548 0.141908920290602 0.11455298384904018
0.12050201533222087 0.09107588219357568 0.19851623079916075 0.0916011102846625 0.14325541899565583 0.10895680730160115 0.13617120275152814 0.10992133234159499
0.12296841390795651 0.09217653691000847 0.18080220168016178 0.09030006929867196 0.1551471347042593 0.11600844239803208 0.1342371179425034 0.10836008315840635
0.10859275235475786 0.08115241904648415 0.245443415785256 0.12681764219050753 0.10480841742116735 0.07765726819110294 0.14139220703926736 0.1141358779714568
0.12079477386605404 0.0909425705218158 0.1983572968646819 0.0915475589798397 0.14369608407046391 0.10871304978115748 0.13609159514017963 0.10985707077580763
0.08287265947228478 0.13601890665071054 0.1217321660923036 0.13328987575374365 0.1045892662467408 0.17114396784675046 0.09040530703297395 0.15994785090449237
0.10193396057022588 0.09227637261211126 0.22314903069344785 0.1313753698082594 0.09658937571643032 0.08996432456795772 0.14647373320413398 0.11823783282743346
0.10352517041784157 0.08127036316885346 0.26523221232601835 0.12764160738687402 0.09201821070883066 0.0731241226001195 0.14231086674327595 0.11487744664818662
0.10243299590541856 0.07805029318087608 0.28163780346234024 0.1256988816602496 0.08973129649362663 0.06917486326564273 0.14014487253762156 0.11312899349422466
0.08062129354703616 0.1339244368948571 0.14280688074435438 0.13579240492219588 0.09388564919576803 0.15791577414627278 0.09210267464288069 0.16295088590663506
0.13189415143963365 0.11949468308941877 0.18990272353635118 0.10688574701330067 0.12254954115165953 0.11390635008611999 0.11916963137154568 0.0961971723119706
0.11033554004470343 0.08606125910085563 0.2489803633886681 0.12617329642354952 0.09724980534022971 0.0769699593261848 0.14067380959461412 0.11355596678119456
0.12127271835953105 0.09200694598994084 0.19959888389853503 0.09152801692360091 0.14117733357254983 0.10851993638646691 0.1360625445610545 0.1098336203083211
0.10769631849260626 0.08076608275106117 0.25344409207261825 0.12631309440438418 0.101278090038355 0.07599086336646975 0.14082967391055967 0.11368178496394576
0.10366218650701406 0.07812975900853014 0.27675934990461765 0.12594167743714896 0.09192000386355127 0.06982394187592748 0.1404155717097765 0.11334750969343407
0.10203184142406736 0.07712713071081805 0.286018655310898 0.1251072036489889 0.08932688256119678 0.06830660734979939 0.1394851957101413 0.11259648328409
0.1013454084893183 0.07670889381267929 0.28960838452549553 0.12470859895637498 0.08850997086403983 0.06784022306685886 0.1390407812244957 0.11223773906073749
0.11829704951860188 0.08959007158994624 0.2128819760873494 0.09111586742917148 0.13770142658790074 0.10562471121612176 0.13544985665590267 0.10933904091500576
0.10655231654478425 0.07998462088105031 0.25889429391789587 0.12579504948439155 0.10012431955443168 0.07518176259665758 0.14025209248483655 0.11321554453595241
0.13700854696128073 0.10333727248716447 0.23139801652665523 0.1042931047934128 0.12148070418099861 0.09233953195928327 0.11627902877713338 0.09386379431407152
0.11003959368020769 0.08179119129834883 0.2656077776683844 0.12430789461620918 0.09566520057336043 0.07211721122038146 0.1385940257885198 0.11187710515458825
0.1037479947431811 0.07795721322978492 0.2814006819896672 0.1252982716310642 0.09030025204075412 0.06882891964623988 0.13969822225135065 0.11276844446795778
0.11908063598481042 0.08995557484805922 0.21022713616807112 0.09122285512220914 0.13843659615371645 0.1060008745291389 0.13560890104734374 0.10946742614665095
0.08256572637993616 0.13571908258193882 0.12453664465826086 0.13329510941541867 0.1034272337194906 0.17009321512555975 0.09040885682089267 0.1599541312985024
0.07527840125196801 0.14937512564045005 0.10371718590782693 0.13300195721695088 0.09492401584449937 0.1938909423221188 0.09021002315584493 0.15960234866034104
0.10068172961726735 0.09548868262711661 0.21556543196755037 0.13220017726908026 0.09502840266199826 0.0946620843446613 0.14739333197015364 0.11898015954217224
0.10351465349366708 0.0821089319103324 0.2622859788035012 0.1280293222261352 0.09193957631313802 0.07415200739459547 0.14274313985510892 0.11522639000352168
0.10253963590185879 0.078292008250518 0.28051169067553383 0.1258464666195272 0.08981097134353364 0.06942798849804106 0.14030941875341316 0.11326181995757446
0.10166240521932737 0.07707836382040426 0.2875089643278198 0.12497648833129066 0.08878675795637256 0.06816872296084135 0.13933945788578225 0.11247883949816159
0.11842759275965073 0.08970444512579513 0.21221875348750158 0.09115568062908706 0.13784422447584108 0.10575344511562201 0.13550904165159808 0.10938681675490446
0.1066062448880722 0.08002344904967983 0.258625489505651 0.12582334289027414 0.10017624541682073 0.07522058212730796 0.1402836375209474 0.11324100860124674
0.10322984724933629 0.0778577747668707 0.27879264073071786 0.12571372063889694 0.09153009259556538 0.06957215855217874 0.1401614168914269 0.11314234857500725
0.10186089009116821 0.07702347202584206 0.2868049552295871 0.12501504341388808 0.08918324860121539 0.06821640764016657 0.1393824439256334 0.11251353907249928
0.10127844968847653 0.07666906306446876 0.2899109301511407 0.12467269215314757 0.08845600858946547 0.06780668559695882 0.1390007478185093 0.11220542293783281
0.1010372082703235 0.07652304980070378 0.29110628474767875 0.12453315657638485 0.08821008146687805 0.0676652021557632 0.13884517606352162 0.11207984091874637
0.1181839216775655 0.08952750073993943 0.21335895711978123 0.09108989793335351 0.1375687823798068 0.10555181137338004 0.13541125125614942 0.10930787752002422
0.12216444915860068 0.09171372605117387 0.18573143891303984 0.09016389109249973 0.1530548500950035 0.11494029548595178 0.13403467989273093 0.10819666931099968
0.08296868151880972 0.13598993258569192 0.11857133181870685 0.1329606157405443 0.10649501463008125 0.17327970196740447 0.09018198285010831 0.15955273888865315
0.10203470649488382 0.09234321224150614 0.22175299847206922 0.1314648601622254 0.09708964944320511 0.09042269076968601 0.14657350827042145 0.11831837414600285
0.10359490204526028 0.0813189405415102 0.2646740278718895 0.12770084837667983 0.09216691799035201 0.07323668360935628 0.14237691602594005 0.11493076353901185
0.1024685107389077 0.07807406649723635 0.28142092933608165 0.1257241971363725 0.08977984349930473 0.06920757796507786 0.14017309740428396 0.11315177742273524
0.10161275520824882 0.07701232351907823 0.2878552587050582 0.12493187148802627 0.08875116725590551 0.06810822604930157 0.13928971343515764 0.11243868433922365
0.10118727588588351 0.0766419474776095 0.29031999972434064 0.12462973569034871 0.088335535364102 0.0677658891682073 0.13895285456819473 0.11216676212131385
0.10100231942572817 0.0765076872648527 0.29126419039861706 0.12451520558754738 0.08817271692651348 0.06764903331735479 0.13882516205059386 0.11206368502879263
0.10092654575434332 0.07645787367822499 0.2916260992953216 0.12447166244738526 0.08810981189051569 0.06760689603276133 0.13877661469880118 0.11202449620264672
0.08030292099741496 0.13333960094626526 0.14513383907602445 0.13568628503621397 0.09347587001891637 0.15720724420497187 0.09203069767673643 0.16282354204345673
0.13173884830588906 0.11929976746130225 0.19076569762356657 0.1068403735495916 0.12238214640326397 0.11369778711616474 0.11911904334558943 0.09615633619463243
0.12603935177895031 0.0983009818154702 0.17812342050944818 0.09011150574184947 0.1481163303084579 0.11721779740503437 0.13395680555057027 0.10813380689021936
0.09636073047056841 0.1590220336976171 0.13446999478123964 0.1530841740230649 0.09100311055224353 0.15041094611234024 0.0778732537421678 0.1377757566207584
0.13626075716121586 0.12531498307946332 0.18568664741408886 0.1061391618245663 0.12107984429823881 0.11165611597889788 0.11833724460141944 0.09552524564210967
0.08522457243806114 0.14617523685673112 0.1180705183997303 0.13219157740817752 0.09886687022934729 0.17118095753607132 0.08966037424206824 0.15862989288981302
0.10257572689081886 0.09432549272338456 0.22147248372864614 0.13141983537518412 0.09536861759866738 0.09003668285270393 0.14652330899292917 0.11827785183766573
0.1037321190187982 0.0816996466310582 0.26455949780548865 0.1277088446703503 0.09180149452385315 0.07317460585049197 0.14238583129664426 0.11493796020331526
0.09269225768408283 0.15488372040732426 0.159025348155568 0.15574099455393273 0.08111778528046616 0.1371482320252599 0.07922476679482664 0.14016689509853944
0.08999831840736996 0.08277404000637278 0.2084455221278599 0.11320808530604066 0.10501955148768982 0.0964133579618711 0.16829142233554703 0.1358497023672488
0.08881246489468773 0.0701288735046544 0.22747389678664004 0.11280926177492888 0.1103680044685061 0.087337840070774 0.1676985443698943 0.13537111412991468
0.10063092572714058 0.07730057992620316 0.2676048685801988 0.128163118357926 0.09520882648110214 0.0728525618480261 0.14289231255726972 0.1153468065221334
0.10171009627284423 0.07728260565796768 0.2826304862682551 0.12567115248744531 0.09038160818440064 0.06910605731110026 0.14011395657928602 0.11310403723870076
0.1013975648764433 0.07683742854937319 0.2883297932664884 0.12488567864839954 0.08884768592018438 0.06806652608935099 0.13923821186620067 0.1123971107835596
0.13479599121969751 0.10210573004630713 0.24202865393753387 0.10381622240875218 0.1177619285039556 0.09030953320940223 0.11574734050647446 0.09343460016787697
0.10916244110721811 0.08129854031441591 0.26990696758402216 0.123896738897699 0.0945589471221075 0.07153368212096477 0.1381356178456435 0.11150706500792909
0.10339679610269505 0.07775553088124351 0.2830794372816996 0.1251103749426497 0.08993839160860366 0.0686314002688143 0.13948873146590943 0.11259933744838474
0.10174542889064508 0.07688453017470262 0.28843931994538263 0.12480405795461545 0.0887076608722035 0.0679481391195687 0.13914721088372797 0.1123236521591539
0.09212035773282817 0.15283104459397626 0.16530256032213297 0.15537080664345437 0.08038661345464938 0.13511843745957094 0.07903645381427896 0.13983372597910892
0.07720975216398873 0.1552040102423991 0.113368882177658 0.1332112382347852 0.09005707678248426 0.18074358423595785 0.09035197028098474 0.1598534858817422
