0.125 0.125 0.125 0.125 0.125 0.125 0.125 0.125
0.07575757575757576 0.12626262626262627 0.09090909090909091 0.15151515151515152 0.0946969696969697 0.15782828282828282 0.11363636363636365 0.1893939393939394
0.0804883042432308 0.12561635187934006 0.09044377335312487 0.1507396222552081 0.09421226390950505 0.1570204398491751 0.11305471669140607 0.1884245278190101
0.11845049290259238 0.08689438146244292 0.13241048603800828 0.10427325775493151 0.13792758962292528 0.12418911247792493 0.16551310754751034 0.13034157219366438
0.10150240607494243 0.152414516590254 0.08230383895873716 0.1371730649312286 0.12894444909745564 0.21247808669022356 0.10287979869842145 0.08230383895873716
0.08769198837691987 0.1551473640514736 0.07644942576449425 0.13525667635256675 0.10523038605230385 0.18617683686176836 0.0917393109173931 0.1623080116230801
0.093293360910724 0.14360186399330208 0.10339334207517747 0.17232223679196249 0.08257624410422736 0.16444552439427942 0.09013778539887268 0.15022964233145447
0.08247866915956392 0.11876555589595794 0.08551120024508971 0.1425186670751495 0.09603162806039021 0.18965694541354963 0.10688900030636216 0.17814833384393688
0.06812057486310627 0.09949530708154856 0.053727465824036216 0.0895457763733937 0.13900942588689333 0.263554965576162 0.10745493164807243 0.1790915527467874
0.1089376650008708 0.08793763319347403 0.1361720812510885 0.10992204149184254 0.13072519800104498 0.13099243377016176 0.1634064975013062 0.13190644979021104
0.11164257040543307 0.07399283187814192 0.18791830318258262 0.14798566375628383 0.10651650545401627 0.07910476953068435 0.16382621303096945 0.12901314276188847
0.08403409518781398 0.11731241413896079 0.09991448338208729 0.14077489696675294 0.10962924949301672 0.16678506689786254 0.10558117272506472 0.17596862120844117
0.0665418039342836 0.09659001280143574 0.057309308747976614 0.08693101152129218 0.14570799451572514 0.26874063161115175 0.1043172138255506 0.17386202304258436
0.08265747939306489 0.14624015584926867 0.07206036665036426 0.12749141791987526 0.11265590456769226 0.21943253413544714 0.08647243998043713 0.1529897015038503
0.10452926471103463 0.0716203227212802 0.19516693776510696 0.1432406454425604 0.10075058294051924 0.10124250358607233 0.15857328270401475 0.12487646012941164
0.06931964520185564 0.09726356494392221 0.07094196334107811 0.08753720844953 0.1448186657494127 0.24999988527570544 0.10504465013943598 0.17507441689906
0.0676868659291514 0.11975368587465247 0.08460858241143925 0.14969210734331562 0.09241470986800361 0.20468322086773177 0.10153029889372711 0.1796305288119787
0.07422605001100052 0.11019301648681015 0.09150433204887495 0.1322316197841722 0.10105306493261007 0.22632867716818778 0.09917371483812915 0.16528952473021521
0.07674855041491369 0.10817311906086978 0.09105982478429814 0.12980774287304372 0.10128686492432244 0.23330841219646486 0.09735580715478281 0.1622596785913047
0.06688544973488053 0.11833579568478861 0.08360681216860065 0.14791974460598578 0.08805588065189818 0.2173644490243424 0.10032817460232078 0.1775036935271829
0.07800485491324126 0.1090412617550738 0.0905481287524863 0.13084951410608855 0.09934595174620753 0.2305112605147255 0.09813713557956642 0.16356189263261067
0.06739180401345106 0.08968412135180391 0.056612961962384266 0.08071570921662354 0.13415676614544136 0.3131483678171006 0.09685885105994822 0.16143141843324707
0.06357076497166415 0.1124713534114058 0.07946345621458019 0.14058919176425724 0.08653176187790285 0.253310294185585 0.09535614745749622 0.1687070301171087
0.1163860954945939 0.07597129954884653 0.1329948368874709 0.09116555945861583 0.14658087017005017 0.17823715188125466 0.14470723723589815 0.11395694932326979
0.06649010449089622 0.11763633871466254 0.08311263061362027 0.1470454233933282 0.10004667723996215 0.20947916073919248 0.09973515673634435 0.1764545080719938
0.11765776297284695 0.0762988565788234 0.13423429621748437 0.09155862789458807 0.15642786379164458 0.16404315228814245 0.14533115538823504 0.11444828486823509
0.07816519094608128 0.13829226090460534 0.06814401261966059 0.12056248386555339 0.12788907564312244 0.24049918023872013 0.08177281514359272 0.14467498063866405
0.08993085747511456 0.07259478856424911 0.17986171495022912 0.14518957712849823 0.10564535225741341 0.11423154675364089 0.16187554345520622 0.13067061941564842
0.12458427812086928 0.07610594386823281 0.15464896988566806 0.09132713264187939 0.1618335284075303 0.13237752866731323 0.14496370260615776 0.11415891580234921
0.07776579297205416 0.13758563371978813 0.07821284914948773 0.1199464499095589 0.12892275358042524 0.232275797360297 0.0813549834169182 0.14393573989147068
0.07428501822758168 0.13142733994110606 0.1002576910807053 0.16428417492638256 0.08769964854946397 0.2106197243349866 0.0835706455060294 0.1478557574337443
0.09008784745221453 0.057137253767945574 0.1724059963179254 0.11427450753589115 0.11827630873410247 0.12358684457223001 0.1813881071998272 0.1428431344198639
0.08396939700555602 0.10792917925498402 0.11155203022142285 0.12951501510598082 0.11455841938381381 0.19344592881628073 0.09713626132948561 0.161893768882476
0.08107326481788119 0.10563400225533909 0.09769200772883083 0.12676080270640688 0.11275006039741592 0.2225682566813124 0.09507060202980518 0.1584510033830086
0.057223650718764375 0.09348776606596766 0.050670499295248674 0.08150215503186924 0.13460718704910285 0.32737156086971736 0.09213287090559133 0.16300431006373847
0.09104749521922613 0.06924007871808292 0.1808874019984077 0.13848015743616585 0.10368334993332964 0.1376343338010207 0.15439504120121772 0.12463214169254926
0.146351170559225 0.08851600230391125 0.19696724129051502 0.1062192027646935 0.13544007101788394 0.11631593198972183 0.11758902381765012 0.09260135625639947
0.07384771367879737 0.11356557001472067 0.10922648163279365 0.14195696251840084 0.10247809123294148 0.19229297306169743 0.09628385283856752 0.17034835502208098
0.10804091200383074 0.06750890082847795 0.21894958083147797 0.1350178016569559 0.1028725127324663 0.10043220824466675 0.14947025661657307 0.11770782708555132
0.10950479069140356 0.13142252123795878 0.11837864360277796 0.11828026911416291 0.13658950367371 0.22614590837586682 0.08871020183562217 0.07096816146849774
0.05711246130330122 0.09054782698434904 0.05459427186175765 0.0789391312171248 0.13747976858255123 0.3342127379799167 0.08923553963674978 0.1578782624342496
0.09799448069905325 0.07445514038006092 0.1275716914019889 0.09306892547507614 0.1501556396705614 0.20671820318648773 0.13835320861668038 0.11168271057009138
0.12121390374257299 0.08860007879593332 0.1704570369701993 0.11075009849491663 0.1429636042627936 0.1428620941990506 0.12347809488910855 0.09967508864542496
0.09354608138189746 0.06692916211793534 0.23678986775783786 0.13385832423587068 0.1061886553168116 0.09297337528154934 0.14924204209581401 0.12047249181228362
0.10333374684798503 0.07594816689628128 0.19944617662464836 0.0949352086203516 0.14813517800807877 0.1231517087987253 0.14112756385950775 0.11392225034442191
0.1023188794607101 0.07433312421531214 0.18416106302284777 0.09291640526914018 0.16496385246072798 0.1316805121616315 0.1381264770866621 0.11149968632296821
0.1010458612440391 0.07338774802131316 0.1841609132786574 0.09173468502664145 0.16973747232458336 0.13348192749587798 0.13636977057691774 0.11008162203196975
0.09467450756322535 0.06373626826046164 0.2572477295942657 0.12747253652092327 0.1122605613020439 0.08776074854527953 0.14212236534496966 0.11472528286883095
0.09160136991731926 0.062420166334685126 0.29803665417473935 0.12484033266937025 0.09600643418059267 0.07555108883724886 0.13918765448361128 0.11235629940243322
0.0890436783464127 0.060888478250140377 0.32152731358984404 0.12177695650028075 0.09015248904308723 0.07123960475474364 0.13577221866523836 0.10959926085025266
0.07157142339039985 0.10756192159517021 0.1722655596154561 0.1344524019939628 0.09565354390934437 0.1659584640113538 0.09119380309155736 0.16134288239275532
0.09079091495235439 0.06434779064181252 0.2649697271695248 0.12869558128362504 0.09636844545182402 0.09551554836221186 0.14348596898338492 0.11582602315526253
0.08945834372090344 0.06122986629636907 0.3117494811433481 0.12245973259273814 0.09229138951236966 0.07606396434591861 0.13653346305488862 0.11021375933346429
0.08697692673154939 0.05954436402738214 0.3353337241135354 0.11908872805476428 0.08906334659886833 0.07003801066206185 0.13277504456255063 0.10717985524928784
0.08103927498147846 0.12196022536563504 0.20609080199509677 0.1524502817070438 0.08266065474968473 0.1410427121876604 0.07755079547706141 0.13720525353633942
0.0942763111901409 0.06281490116381008 0.28503820907447297 0.12562980232762017 0.09103506206472516 0.08807103784745884 0.1400678542369138 0.11306682209485815
0.07540725576647334 0.10658051147094118 0.16436692752878299 0.13322563933867648 0.09671279744423525 0.17347436325824633 0.09036173798623275 0.15987076720641177
0.08375045271571248 0.12376756270490172 0.14585002252423984 0.15470945338112713 0.08602475017330083 0.1879592241725215 0.07870002628518206 0.1392385080430144
0.10001894443924726 0.0641687774989558 0.25324201912838135 0.1283375549979116 0.09486368361158073 0.10077842443260865 0.14308679639319397 0.11550379949812044
0.09847626389770138 0.06043229670968829 0.3079345165790909 0.12086459341937658 0.09214856891057394 0.07661062448930257 0.13475500191682732 0.10877813407743893
0.07846663767138357 0.10555595471484551 0.172063472144714 0.1319449433935569 0.0975450304749881 0.16659693748739662 0.08949309204084728 0.15833393207226826
0.09724011755141465 0.06310583052797178 0.2672422985307837 0.12621166105594356 0.09729261670563182 0.09460039738120414 0.14071658329670123 0.1135904949503492
0.12989664239838714 0.08013320152227593 0.26385749750300364 0.10016650190284491 0.12416886008408892 0.09994927036724915 0.11167817450958979 0.09014985171256042
0.10629938760498973 0.05831965249336042 0.31064185907764136 0.11663930498672084 0.09846745893082949 0.0746128417839609 0.13004412063444845 0.10497537448804875
0.08169449283686697 0.10464148760088372 0.1729656747616095 0.13080185950110465 0.0995899342080932 0.1646265367241495 0.08871778296596665 0.1569622314013256
0.09971133010189236 0.0627540792315723 0.2673374024120685 0.1255081584631446 0.09748603262657683 0.09431342414199148 0.13993223040592387 0.11295734261683012
0.09968830324484526 0.05951802987590609 0.31492910796834833 0.11903605975181218 0.09243309676632859 0.0745466252808992 0.1327163233352294 0.10713245377663096
0.11541172599311277 0.06868271217599325 0.25051763367060575 0.08585339021999157 0.14062486330495846 0.10825877553685341 0.12762683083449491 0.10302406826398988
0.10486452259047813 0.058459096438782616 0.30388765860610256 0.11691819287756523 0.10328011997466602 0.07700897610238598 0.13035505982021078 0.10522637358980871
0.10048032516605113 0.057842687072231315 0.3320159417695337 0.11568537414446263 0.09185199083531326 0.06902628534819223 0.12898055893419935 0.10411683673001636
0.11677209447936733 0.06797878995540549 0.25720433034989143 0.08497348744425685 0.139303923445622 0.1054803931319311 0.12631879626041764 0.1019681849331082
0.08543348868838342 0.1025005182056108 0.15448921964342907 0.12812564775701352 0.10996965163224666 0.1788280835036215 0.08690261326127874 0.1537507773084162
0.07012769561101691 0.09317722438131547 0.17378988441986098 0.18635444876263094 0.06856073309462497 0.14547331199536623 0.09479769784881661 0.16771900388636785
0.10460008713600122 0.06613163349533442 0.25464011875601633 0.13226326699066884 0.09153075080467539 0.08910683141777935 0.14642087351022354 0.11530643788930105
0.10073418337144983 0.12652118750079708 0.1295819864242385 0.1103005224365923 0.11791360866993567 0.20777535641173514 0.07481252826134085 0.13236062692391076
0.08104739066601088 0.10267638382443244 0.1126614796775494 0.12834547978054056 0.10345606048113988 0.23074691311296378 0.08705171672071446 0.15401457573664865
0.10399837900875962 0.06385010211325903 0.23324882965484842 0.12770020422651807 0.1014718156083955 0.11242428773777252 0.1423761978465806 0.11493018380386626
0.10497356043636019 0.06014085942567326 0.29720387082612637 0.12028171885134652 0.09537860063367434 0.07966270258903142 0.13410514027157588 0.10825354696621187
0.10206892208072282 0.058073202493929915 0.32886682869573247 0.11614640498785983 0.09082793383386725 0.06999036949951337 0.12949457391930044 0.10453176448907386
0.11848887472254228 0.06780978796811808 0.255616755036111 0.0847622349601476 0.13978795739631042 0.10581495271040403 0.12600475525418955 0.10171468195217712
0.10739355946879144 0.05790029783015447 0.3058623575542649 0.11580059566030894 0.1035716772216386 0.07614195384481622 0.12910902232574742 0.10422053609427805
0.12131185555742603 0.06778888091467698 0.24524952041444967 0.08473610114334625 0.1452889174417622 0.10797549757606552 0.125965905580258 0.10168332137201547
0.10861514805720876 0.058088952379518194 0.300337085406767 0.11617790475903639 0.10579591003992321 0.0768951912609805 0.1295296938134331 0.10456011428313276
0.10336060223473391 0.05756234681192335 0.3296996319286786 0.1151246936238467 0.09335828149420419 0.0689267776496087 0.12835544199554252 0.10361222426146202
0.11956971092407262 0.06755577889456976 0.25561015073067883 0.0844447236182122 0.14081522285585366 0.10513799131574429 0.12553275331901398 0.10133366834185463
0.10823589283379051 0.057779655235754304 0.3056377555176394 0.11555931047150861 0.10405436971313099 0.075889629457226 0.12884000734659243 0.10400337942435775
0.10351950330363399 0.05735184808763071 0.332213693502182 0.11470369617526142 0.09260244672766375 0.06848942438780291 0.12788606125808993 0.10323332655773527
0.0842187411637786 0.10362081141763553 0.17988371071527737 0.1295260142720444 0.09836908193688199 0.16109799629645538 0.0878524270714736 0.15543121712645325
0.1031478146095016 0.06202258532564631 0.270202053435373 0.12404517065129261 0.097517939987854 0.09312267423026524 0.13830110817390387 0.11164065358616336
0.10413793658979886 0.05883969332500922 0.31549835179256797 0.11767938665001844 0.09286760359165364 0.07386184599494465 0.13120373407099067 0.10591144798501657
0.1209337725548757 0.06787960531260812 0.24976418400628317 0.08484950664076014 0.14134160995283226 0.10727742309477749 0.1261344904689509 0.10181940796891217
0.10931883741785568 0.05789362249174472 0.30254192430563037 0.11578724498348944 0.10462610012157975 0.07652961287714664 0.12909413731741284 0.1042085204851405
0.0739785081862662 0.08919562839586093 0.23444168302055807 0.17839125679172185 0.06594156106483434 0.10675237471242005 0.09074685671578896 0.1605521311125497
0.10221424622991447 0.06374363018583218 0.28834739856583785 0.12748726037166436 0.08779370433299591 0.07813738264707529 0.14113363785548516 0.11114273981119457
0.1015995955698213 0.1258312947018872 0.13878993102463627 0.10969907743241449 0.1171795689671914 0.2008570477353404 0.07440459164981156 0.13163889291889735
0.10979931031981716 0.06215024277307201 0.24580664282925316 0.12430048554614402 0.10380230929675269 0.10368480701511866 0.13858576522831278 0.1118704369915296
0.125045056906677 0.06904679308492122 0.22018277304610365 0.08630849135615153 0.148063606441659 0.1194797202972149 0.1283033692398909 0.10357018962738183
0.11197110631649662 0.0586786263252731 0.287092239366053 0.1173572526505462 0.10799264703023662 0.08044202222447322 0.13084457870142985 0.10562152738549159
0.105828323083064 0.05782070591185543 0.3229174265087062 0.11564141182371086 0.09465611088894903 0.07012720691504319 0.12893154422733136 0.10407727064133979
0.08511161911593321 0.1036464425452485 0.17688633546895655 0.1295580531815606 0.09925685462799969 0.16219687343232667 0.087874157810102 0.15546966381787272
0.10379976251576407 0.06203584584038852 0.268454963360323 0.12407169168077704 0.09800019255430073 0.09364234439314963 0.1383306771425977 0.11166452251269934
0.10471845904157824 0.0588223958683416 0.3145048043125152 0.1176447917366832 0.09317072996046924 0.07409334319306574 0.13116516332433187 0.10588031256301486
0.10264412573092999 0.05728420360866137 0.336869956979962 0.11456840721732274 0.08972830681811265 0.06805820898324155 0.12773522416617922 0.10311156649559046
0.10092969123233993 0.056570390925828364 0.34760174317304726 0.11314078185165673 0.08781446496152977 0.06597269576643874 0.12614352842266802 0.10182670366649106
0.0999101830255416 0.0562386903297127 0.35273001721018193 0.1124773806594254 0.08684240717382052 0.06516779340695315 0.12540388560088173 0.10122964259348285
0.07107532272078886 0.08792075546280786 0.25404758956521806 0.17584151092561573 0.061775793199193504 0.10163185621376954 0.08944981207955235 0.15825735983305417
0.09734559103832328 0.06102278484488513 0.3104755100183264 0.12204556968977026 0.0853802791745109 0.07781755018763215 0.13607170232575874 0.10984101272079322
0.1010018280148926 0.05776002457923233 0.33554317836345154 0.11552004915846466 0.08809546176039522 0.06931517996844823 0.12879623391249714 0.1039680442426182
0.13561426604731094 0.07642634325165928 0.2924987081684983 0.0955329290645741 0.11796907424965485 0.08946695647625008 0.1065120865839356 0.08597963615811668
0.11189938323677658 0.05649754581798858 0.3237153862564093 0.11299509163597717 0.0961740307263988 0.07104188514948076 0.12598109470458946 0.10169558247237945
0.0866566546724335 0.10321721179731076 0.1769927326775545 0.12902151474663848 0.0995441497632838 0.16223167386213616 0.08751024478467653 0.15482581769596615
0.11930168516931541 0.07078577032082993 0.19163679182764493 0.08848221290103742 0.1492980173154899 0.1427821146718505 0.13153475231258696 0.10617865548124487
0.11196778262303854 0.05956428578325366 0.2722348985656607 0.11912857156650732 0.1099684449955194 0.08710083495141616 0.13281946710474768 0.10721571440985658
0.1068064217182912 0.058253831835272385 0.31553053258772895 0.11650766367054477 0.09596634207535383 0.07218096041842773 0.12989735039089095 0.10485689730349029
0.10334263305024356 0.05712729712755768 0.3371361313128849 0.11425459425511536 0.09037478120531578 0.06755008208708303 0.1273853461321958 0.10282913482960383
0.10131234753351019 0.05650650544197509 0.3476327082690703 0.11301301088395017 0.08796463865749783 0.06585800608961914 0.12600107332882204 0.10171170979555516
0.10022085652286047 0.05619749939346003 0.35267924133310335 0.11239499878692007 0.0868803290485255 0.06515954004596329 0.12531203596093923 0.10115549890822806
0.09966262545931741 0.05604832313428995 0.35509539023128434 0.1120966462685799 0.08638084488700902 0.06484979320969426 0.12497939516810326 0.10088698164172193
0.09938518061943764 0.05597696871113136 0.3562502485985292 0.11195393742226271 0.08614760329686597 0.06470723221736324 0.1248202854543735 0.10075854368003645
0.08342992424877776 0.1030685600736327 0.18745647941234905 0.12883570009204087 0.09643201854577801 0.15879026354150128 0.08738421397547122 0.15460284011044906
0.1029551909463635 0.06168456522781817 0.2740406785533693 0.12336913045563634 0.0967403665238776 0.09263047707635455 0.13754737380650797 0.11103221741007271
0.10440084973991846 0.05860919210990109 0.3172358740935196 0.11721838421980219 0.09258223927254737 0.07376716400202314 0.130689750764466 0.10549654579782197
0.1026268551964471 0.05715939155343894 0.33813750101891876 0.11431878310687787 0.08945195266759381 0.06796169974883537 0.12745691191169817 0.10288690479619009
0.10106784854504182 0.05649156479407 0.3481513454338542 0.11298312958814 0.08768582447008577 0.06596771262554091 0.12596775791394116 0.10168481662932599
0.1001245840238048 0.056182407950159545 0.352934228118154 0.11236481590031909 0.08678377731031672 0.06520346809212539 0.12527838429483334 0.10112833431028717
0.08363864096438947 0.10311753122960933 0.18639604246949085 0.12889691403701167 0.09665452533842671 0.15919431611764134 0.08742573299901663 0.154676296844414
0.10319694823146708 0.061702765374611696 0.27344890831943314 0.12340553074922339 0.09683654299449566 0.09275636923905015 0.13758795741741772 0.11106497767430107
0.10465427478872652 0.05861009341830135 0.31690722665972304 0.1172201868366027 0.09261677054923861 0.07380151904679044 0.13069176054767492 0.10549816815294244
0.1028692468482531 0.05715133935939131 0.3379441535572526 0.11430267871878262 0.08945652679496414 0.06796468715365997 0.12743895672079197 0.10287241084690436
0.10129611988727868 0.056479499062513545 0.3480258003839008 0.11295899812502709 0.08767641231922053 0.06595921877610911 0.12594085313342573 0.10166309831252439
0.100342465553748 0.05616856750583771 0.3528424514994184 0.11233713501167542 0.08676796798226256 0.06519046876681649 0.12524752216973362 0.10110342151050787
0.13488075017468462 0.07569251305627105 0.2998932833360211 0.09461564132033883 0.11663017186421211 0.0876441838567449 0.10548937920342252 0.08515407718830492
0.11161098363678235 0.05621431907991781 0.32728667905991077 0.11242863815983561 0.09546953212908413 0.07045453223927815 0.1253495413513391 0.10118577434385205
0.10426247298913505 0.05650847341613986 0.3424017207129319 0.11301694683227972 0.08948275361913678 0.06660691866384297 0.12600546161748202 0.10171525214905176
0.101539177571031 0.056268653898741014 0.3500263602866631 0.11253730779748203 0.0874225775575611 0.06545164598314755 0.1254706998876404 0.10128357701773381
0.10040541498950956 0.05608337895043407 0.3537519182288543 0.11216675790086814 0.0865910170114204 0.06499386640223898 0.12505756440589327 0.10095008211078133
0.0839118498432164 0.1030594852380191 0.18665301920687766 0.1288243565475239 0.0965640005733018 0.15902154064092947 0.08737652009310316 0.15458922785702864
0.10334966749907472 0.06167882241406051 0.2735514772630663 0.12335764482812102 0.0968128547904243 0.09269308467097953 0.13753456818896476 0.11102188034530891
0.10479376073376323 0.05859123853522687 0.3169287639394134 0.11718247707045373 0.09261915541594123 0.07377065796921257 0.1306497169725805 0.10546422936340837
0.10300835016070119 0.05713525365713538 0.3379269668411577 0.11427050731427076 0.08946829453327262 0.06794408290500627 0.1274030880056123 0.10284345658284368
0.101434411862982 0.05646497512294039 0.3479912113352027 0.11292995024588078 0.08769159760476697 0.0659424316910047 0.12590846691592975 0.1016369552212927
0.10047946623666772 0.056154869061914 0.3528004100040911 0.112309738123828 0.08678446138230758 0.06517531419541873 0.12521697668432763 0.10107876431144519
0.09996685399440364 0.056009946921059574 0.35509686787591044 0.11201989384211915 0.08633994712360003 0.06485476384460731 0.12489382194039254 0.10081790445790724
0.08378623646278155 0.10303218913578739 0.18707503894937397 0.12879023641973425 0.09649888841952724 0.15891574916355555 0.08735337774555889 0.1545482837036811
0.10334846491635086 0.06166092251193806 0.27376588784652145 0.12332184502387612 0.09677069313552729 0.09264787196543864 0.13749465407885889 0.11098966052148851
0.0850897577741442 0.1041878711152203 0.16079413362359463 0.13023483889402537 0.10018582201402959 0.17489257483020773 0.08833319507594765 0.15628180667283043
0.10502631469350059 0.06242805840445088 0.2596699303834695 0.12485611680890175 0.09897672465983541 0.09746709730056224 0.13920525262126807 0.11237050512801158
0.0855934606874992 0.10432335636504342 0.15627348832173193 0.1304041954563043 0.10090414165638953 0.1775682599603211 0.08844806300514552 0.15648503454756513
0.10539106238222898 0.06255219481850237 0.25719791782303303 0.12510438963700474 0.09939723450267784 0.09828119186646887 0.1394820582967799 0.11259395067330426
0.08569053944157244 0.10434310807286992 0.155481337258559 0.1304288850910874 0.10106016244458757 0.17801649656371601 0.08846480901830277 0.1565146621093049
0.09325177950197211 0.12123528051302762 0.1418633623422598 0.1515441006412845 0.08793731867819002 0.19068864263728239 0.07708982510882734 0.13638969057715605
0.08194380796872282 0.10417734650596036 0.11752209955748097 0.13022168313245047 0.09675546419675293 0.22478930684202986 0.08832427203766205 0.15626601975894053
0.10600427180925079 0.06359936772203945 0.23575910435040354 0.1271987354440789 0.09984558487343809 0.11129697632391398 0.14181709757720437 0.114478861899671
0.0749523169363954 0.0911609485254993 0.20741078362944299 0.1823218970509986 0.06624183870357196 0.12107615148225012 0.09274635632594277 0.16408970734589876
0.10289057923562593 0.06396547937939548 0.2823540071242574 0.12793095875879096 0.08820980210421245 0.08149478939884036 0.14162483020916214 0.1115295537897152
0.12325354618178462 0.06900544359287786 0.23660724982002723 0.08625680449109732 0.14145638382672437 0.11168587345468967 0.128226533243482 0.10350816538931679
0.10275739316534149 0.11757498915400746 0.17030938273473345 0.14696873644250932 0.09733744498972073 0.15801783348163098 0.07476235723379822 0.1322718627982584
0.08463278009205383 0.10434714729628274 0.12695117380538035 0.13043393412035342 0.09995940811383233 0.20868660205039 0.0884682335772832 0.1565207209444241
0.10645343463053715 0.0633326828737362 0.24098896621886085 0.1266653657474724 0.10038090589303096 0.10695738529444042 0.1412224301691968 0.11399882917272514
0.08597806224627405 0.10438192579046685 0.15017004601773207 0.13047740723808354 0.10133686957731676 0.18258508075250887 0.08849771969191754 0.15657288868570024
0.10515781521469587 0.06949829468793892 0.25265002267463416 0.12410832077099944 0.09919930010721181 0.09931724200593889 0.13837151584468144 0.11169748869389949
0.10617283691296181 0.0636048585207749 0.305880344160827 0.1176717380533897 0.09386733580557988 0.07570311584187552 0.13119520645654045 0.10590456424805074
0.13905862999466148 0.08226043121825344 0.27808830365037107 0.09563780427162075 0.12054574382513694 0.091706048582213 0.10662901461328461 0.08607402384445867
0.15086912753187726 0.0821776812234636 0.26158254036973216 0.0933749464321897 0.12879324021779048 0.09505891544366915 0.10410609699230701 0.08403745178897072
0.11801957796197667 0.0621528245576445 0.30663499822783186 0.11296459714985686 0.09988179377494502 0.07273097526460064 0.12594709562827322 0.10166813743487116
0.10700936304616283 0.06087928189909751 0.33170633188734483 0.11336241694972106 0.09121326828616416 0.06741252765968356 0.12639063501707706 0.10202617525474895
0.10270450093607382 0.06028315021046583 0.34440745326011873 0.11241217629618176 0.08803420505604821 0.0656563679726858 0.12533118760186235 0.10117095866656359
0.06330265792172564 0.08241284252266964 0.22008764899454503 0.15376106634100234 0.07255650469645851 0.11907588535267266 0.10429011456172334 0.18451327960920283
0.12840764873530175 0.08957392208395076 0.2435702654758264 0.1025138436322416 0.11908829899954985 0.11028827644100116 0.11429528536311118 0.09226245926901745
0.11261990963339102 0.06397041973921506 0.29893585363599945 0.11553130937052396 0.09866331802119173 0.07749222295757831 0.12880878820862895 0.10397817843347157
0.12470378209469313 0.07231674178714917 0.24160464344799676 0.08402291128578583 0.14346683611618985 0.10815189076905908 0.12490570095618313 0.100827493542943
0.11118367699698505 0.06251616074817327 0.2973274726011197 0.11499312517196422 0.10546988487066691 0.07680711396608816 0.12820875299023474 0.1034938126547678
0.08646979306416544 0.11015125488207526 0.16778659869196158 0.12817402308636425 0.1020005838480337 0.16467349436953305 0.08693542435422967 0.1538088277036371
0.1044970851827925 0.06933549414524952 0.2621933173484904 0.12306965201440778 0.09861675528048018 0.0943115315219373 0.13721347769367553 0.11076268681296701
0.12325341422841365 0.07392158795434971 0.22680782148713532 0.08547706210241117 0.14530147588260034 0.11559877001025388 0.12706739381194257 0.1025724745228934
0.0883814098887556 0.10968053804526193 0.1435282134359899 0.12590597930181352 0.11281321862726021 0.1832063665340343 0.08539709900470831 0.1510871751621762
0.1059667950030844 0.06981561352540609 0.2483972597941575 0.12393064878605298 0.10263579589774492 0.0995428782455367 0.1381734248405695 0.1115375839074477
0.12404920626233303 0.07413779826832936 0.22081783944805958 0.08569298143135821 0.14738325587174478 0.11769896860407848 0.12738837239646683 0.10283157771762985
0.1284567732111338 0.07259275638520551 0.20533694248720133 0.08331541049174593 0.16450602263460787 0.12195964869287768 0.12385395350713278 0.09997849259009511
0.12971010923971857 0.07214450315771133 0.197727808994133 0.08290536057069493 0.17166902751689994 0.12311237107718423 0.12324438675882413 0.09948643268483393
0.11453048865551343 0.06342399590084745 0.273417732495136 0.11666301570890059 0.11538906047984218 0.08150843630152782 0.130070556320222 0.10499671413801054
0.10753222989214258 0.06199685373814648 0.3152445650768513 0.11533464949793298 0.09702620026934387 0.07047478985064323 0.1285895271267999 0.10380118454813969
0.1036465653943188 0.06086844507053995 0.3364100549153474 0.11339175787622573 0.09034705863415067 0.06686018806030587 0.12642334796050836 0.10205258208860314
0.10151800571045204 0.06019048705250078 0.3467871282664546 0.11224072458244462 0.08767401505715891 0.0654329554708395 0.12514003173594943 0.10101665212420015
0.11964452812624256 0.07130772110351094 0.26202841355227613 0.08315763776774132 0.13748505187129684 0.10296806850141814 0.12361941375622441 0.09978916532128958
0.10866510212807143 0.061892920174269984 0.30799209092499336 0.11395390700549046 0.10291099289765447 0.0749763682763679 0.12705010228821098 0.10255851630494141
0.08576900997184446 0.10994190167231267 0.17117484920634746 0.12800085277770057 0.1011520002958897 0.16354239303257193 0.08681796971009256 0.1536010233332407
0.1186321938268746 0.07886228533167443 0.1880242084382359 0.08750228304027559 0.14923061411739727 0.14266765483883145 0.13007802075837985 0.10500273964833069
0.11206767539322471 0.06476358946345832 0.2694786220326259 0.11836901830199907 0.10985733363025267 0.08695902280873963 0.13197262189790046 0.10653211647179917
0.10710890370143028 0.06234576544089032 0.31355838547347065 0.11584072580117295 0.09577134428543171 0.07196445763852408 0.12915376443802418 0.10425665322105566
0.10363514273025336 0.06097547233689386 0.3356535791190516 0.11355499984517309 0.09010020614545997 0.06727574938886431 0.1266053505736482 0.10219949986065577
0.10156125653206616 0.060227866052188446 0.346436888450718 0.11229943119658979 0.08764424796780262 0.06555533649407362 0.1252054852296307 0.10106948807693081
0.08393516051049381 0.10963065286502628 0.1836736398342324 0.12784466123416863 0.09642675097758957 0.15836350999952928 0.08671203109795785 0.15341359348100234
0.10301866575688741 0.06885188102778086 0.27089347523300306 0.12226592781281077 0.09637164189868254 0.09224168805099285 0.13631738518831288 0.11003933503152968
0.10466015722020121 0.06298855873354274 0.31508271951843836 0.11658348059211056 0.09230987738281354 0.07346819341953659 0.1299818806004576 0.1049251325328995
0.12174780243880926 0.07223967183248818 0.24887141755164022 0.0840318454893718 0.14065005785308485 0.10670200799748737 0.12491898224987212 0.10083821458724615
0.08802716212650454 0.10939278953863885 0.1507041504202851 0.12577174965239793 0.1114382047198287 0.17843378767349313 0.08530605628597425 0.1509260995828775
0.1378287281985715 0.09087250771322021 0.20601208378250596 0.10084391666821095 0.13311607230765596 0.1281337249088134 0.11243344141963223 0.09075952500138985
0.11716901311716721 0.06486295864082219 0.27859758190697526 0.11695232253427335 0.10407622372407564 0.08269169795538932 0.13039311184045102 0.105257090280846
0.12678176001836755 0.07266556655775619 0.23283899684294848 0.08436139911079413 0.14634924006321168 0.11036047263165408 0.12540888584231485 0.10123367893295296
0.11225111314946509 0.06277277659180838 0.29269190897178415 0.11542786777761549 0.10668707590182656 0.07759071805558854 0.12869345855205785 0.10388508099985394
0.12452220228927878 0.07217463339793258 0.23866174793923078 0.0839645068131389 0.1469694921168934 0.108131130482854 0.124818878784905 0.10075740817576669
0.11124167962506332 0.06256113778831979 0.29573051613906154 0.11509185765202334 0.10659919043675688 0.07687411413454914 0.12831883233740513 0.103582671886821
0.12406808814990447 0.07209733135106908 0.23993594101117802 0.08389042413203311 0.14683154874529583 0.10779940774834082 0.12470874990373876 0.10066850895843972
0.12789661896695032 0.07201209855789234 0.21337774163015394 0.082804935871371 0.16356707297013723 0.11788051025951324 0.12309509869833661 0.0993659230456452
0.11327082283276738 0.06303279362931238 0.28194639981063396 0.11595773822784358 0.11234748681664354 0.07979856971624867 0.12928422456149127 0.10436196440505922
0.10675549907434992 0.06172461273256112 0.3195604953415252 0.11486687518068744 0.09581892180262881 0.06982541453402648 0.12806799367160226 0.1033801876626187
0.08541925353520824 0.11013794796974813 0.17510160928752466 0.12826557236897193 0.09913232296624923 0.1610270883792722 0.08699751865025923 0.1539186868427663
0.09064174821482156 0.06033592514289856 0.23232044818967235 0.10709815090789582 0.11345232852948657 0.10842502344177357 0.15920859448397645 0.12851778108947498
0.08158367502313128 0.11100671566093268 0.14679537990212865 0.12969949454501806 0.10482708675155779 0.1824781627109369 0.08797009195227312 0.15563939345402167
0.10394766224751245 0.0701235012043225 0.2508948460294591 0.1243955452939711 0.10044954242978135 0.09954116227725056 0.13869174975312895 0.11195599076457399
0.08486372981585298 0.11188475756050047 0.15273716647650495 0.12928785731407244 0.10077023160466564 0.1776199339254502 0.08769089452606653 0.1551454287768869
0.10474403850174559 0.06999145672105148 0.254134389502062 0.12404473985981913 0.09897789483234082 0.09816658683558437 0.1383006278735595 0.11164026587383721
0.10600900592294664 0.06359708493215412 0.3066405188347849 0.11759349292168882 0.09376464043879813 0.07545314434622463 0.1311079689738829 0.10583414362951993
0.08531130541362034 0.11061754082553561 0.17089312042995877 0.1286044788639127 0.09860912999037899 0.1644116641756792 0.08722738566421909 0.15432537463669527
0.13654770852944043 0.09097461853360708 0.21654201919053592 0.10088211506648335 0.12802308442909988 0.12376052090791909 0.1124760297830792 0.09079390355983502
0.15267281191516593 0.08482309785737874 0.23327985415396008 0.09557668753917094 0.1341491939487345 0.10691846178278265 0.10656087401755328 0.08601901878525385
0.12008598151360822 0.06319991696102659 0.2920348124541428 0.11458081104034008 0.102714029378324 0.07651266521306721 0.1277490535031851 0.10312272993630607
0.08878493815298912 0.1102446640828526 0.1661540187826763 0.12818045860443966 0.10119062054534365 0.16468896019205553 0.0869397893143156 0.1538165503253276
0.10530538680945588 0.06936704222895282 0.2612419990237358 0.12310996843260961 0.09842784282672523 0.09449036159788929 0.13725842749128267 0.11079897158934865
0.1058125785270506 0.06330248065424836 0.3101682176304047 0.11711162642520052 0.09327528721145283 0.0743586219784777 0.13057072379048476 0.10540046378268046
0.10348751820998382 0.06122508398569619 0.33415640867437485 0.11391827206689188 0.08962737468263007 0.06804852552922314 0.12701037199099738 0.1025264448602027
0.10160366744991162 0.060303652056578456 0.345745791670399 0.11241397366473534 0.08758899823592137 0.06583814909052495 0.1253331915336676 0.1011725762982618
0.0958015399342069 0.12512338084979377 0.20934825767429419 0.14589992856365122 0.08251812250667012 0.1357801754512839 0.07421865931281386 0.13130993570728608
0.08227407392371563 0.11794519096807154 0.13844273909764335 0.12881099030337645 0.09473051311560356 0.19585584993481278 0.0873674542927249 0.15457318836405173
0.10463954413474193 0.07094523796780888 0.2464477402134009 0.12498798784694332 0.09788453853545862 0.10325348325183538 0.1393522789875622 0.112489189062249
0.08501310230548634 0.11198046472427652 0.15124057572667163 0.12929582402720782 0.09995875693857631 0.17965998940928685 0.08769629803584532 0.1551549888326494
0.10486185154015865 0.07004374402091994 0.25331568620495454 0.12412506344729066 0.0988021720880256 0.0987487429167964 0.1383901826792927 0.11171255710256159
0.1060859541228807 0.0636259293308063 0.3062279386105257 0.11764120276834376 0.0937493789882379 0.07563135179522941 0.13116116189246682 0.10587708249150937
0.10376753019584072 0.061377533994166934 0.33224227883030394 0.1141693608465841 0.08993139927974643 0.0684691548490466 0.12729031724238557 0.1027524247619257
0.12088713551100687 0.07170830928651635 0.2559709164804979 0.08353471101249266 0.13896782077011027 0.10450949526402253 0.12417995846036221 0.10024165321499118
0.08778350439875741 0.10925311452715883 0.15297221798967095 0.12567065682084286 0.11089632210675669 0.1773819069976649 0.0852374889741369 0.15080478818501142
0.10533752425175005 0.06948620477877104 0.2536140513431773 0.12338760030026902 0.10165445935788171 0.09790335339298187 0.1375679663049268 0.11104884027024212
0.0851751851108566 0.11169936933592882 0.15358980664693603 0.12914290818866758 0.10108645754449189 0.1767422021404913 0.0875925812062267 0.15497148982640108
0.07913240130120286 0.11575041212067792 0.12014984563816783 0.12823230656191853 0.09969968793638473 0.21618162281230555 0.0869749557550404 0.15387876787430224
0.10433219325244504 0.07127090089538893 0.23603535419545843 0.12581426776381563 0.10007492525080511 0.10896599822245835 0.14027351943219446 0.11323284098743408
0.08488494259087896 0.1119917552639792 0.14780909002299825 0.12927798894704653 0.10056773790912656 0.1826506973306484 0.08768420119886634 0.1551335867364558
0.10496407934431218 0.0701399673122893 0.2514059703897544 0.12429272508980534 0.0991195217905431 0.09963717059383707 0.1385771128986337 0.1118634525808248
0.10620755241848281 0.06369009920381283 0.3052572771451851 0.11775002806472444 0.09391930743726454 0.07591821649563776 0.13128249397664052 0.105975025258252
0.10384982930041624 0.061410757649395964 0.3317648090600254 0.11422448039831014 0.09001818358224324 0.06857813622196915 0.1273517714291607 0.10280203235847914
0.10182715949586454 0.06039047579623151 0.34459153527302055 0.1125568994756494 0.08779545967970379 0.06604471760471424 0.12549254314673147 0.10130120952808445
0.11982253602717968 0.07136528098187726 0.2611120062587552 0.08320870060160203 0.1376092928001321 0.10333642052017973 0.12369532208835167 0.09985044072192242
0.12601797843632684 0.0717378829519541 0.2226907068462997 0.08254379857675366 0.15909726004122043 0.11615291428452498 0.1227069005708159 0.0990525582921044
0.11224496985521794 0.06276318976226096 0.28695188959818857 0.11548834972971768 0.11063826850867192 0.07921292637412392 0.12876089141507327 0.10393951475674591
0.10620014380313329 0.06155344394634786 0.32207853004464043 0.11457384410410534 0.09512617534375475 0.06961011717511952 0.127741285889204 0.1031164596936948
0.12190211036757193 0.07180696730609218 0.25150912391126873 0.08363741210395936 0.1414006957805786 0.10504616547511594 0.12433263053066197 0.10036489452475122
0.0880472370275851 0.1092759842167863 0.15154493543365508 0.12568523160083078 0.11164824331870107 0.17772871600435936 0.08524737447708523 0.15082227792099692
0.10547861934604275 0.06952304673059763 0.2528052726408861 0.12344948056281436 0.10193006820988272 0.09807202182350856 0.13763695817973481 0.11110453250653292
0.12374390823887998 0.07401429034310074 0.22266718506694616 0.0855697972927071 0.146920538600884 0.1171952728054329 0.1272052509008004 0.10268375675124851
0.08847657687811424 0.10964025523878491 0.14214513341639037 0.1258460209416016 0.11326784005350594 0.18425251674650786 0.08535643159517327 0.1510152251299219
0.10604001606601185 0.06983006309872616 0.24758066103495763 0.12395380046827764 0.10281548831808462 0.10002231335397972 0.13819923723851252 0.11155842042144988
0.08535702911801295 0.11177255808079148 0.15164673843049423 0.12918949462211846 0.10144533240585142 0.1779372748351002 0.08762417896108905 0.15502739354654216
0.07915997764810215 0.11573455509221524 0.1195191513385779 0.12820620040478567 0.09978433624577436 0.21679108981459946 0.08695724897020246 0.15384744048574278
