0.125 0.125 0.125 0.125 0.125 0.125 0.125 0.125
0.07575757575757576 0.12626262626262627 0.09090909090909091 0.15151515151515152 0.0946969696969697 0.15782828282828282 0.11363636363636365 0.1893939393939394
0.07408784041121591 0.12347973401869318 0.08890540849345908 0.14817568082243182 0.09260980051401987 0.1763901740953166 0.11113176061682387 0.18521960102803975
0.07329883021604787 0.12216471702674646 0.08795859625925745 0.14659766043209574 0.09939835167966748 0.17738652352199352 0.10994824532407181 0.18324707554011965
0.10810053038081247 0.08512916767488982 0.12972063645697499 0.10215500120986779 0.1476375263915038 0.13741259080239776 0.1621507955712187 0.12769375151233472
0.08769198837691987 0.1551473640514736 0.07644942576449425 0.13525667635256675 0.10523038605230385 0.18617683686176836 0.0917393109173931 0.1623080116230801
0.1067083120849744 0.08403279576691736 0.1280499745019693 0.10083935492030083 0.15671394646558368 0.13754395448241677 0.1600624681274616 0.12604919365037603
0.07157534728331073 0.12663330673201129 0.08946918410413841 0.15829163341501412 0.08589041673997289 0.17082713070256955 0.10736302092496611 0.18994996009801693
0.07132670401960484 0.11887784003267472 0.08559204482352581 0.14265340803920967 0.10554187298358 0.1907013140229856 0.10699005602940725 0.17831676004901206
0.07046037587927517 0.11743395979879195 0.0845524510551302 0.14092075175855034 0.11094669320430289 0.1938442647868487 0.10569056381891276 0.1761509396981879
0.06927993675747256 0.11546656126245426 0.08313592410896707 0.13855987351494511 0.11057835967474107 0.20585959765152984 0.10391990513620884 0.17319984189368137
0.06834908190172573 0.11391513650287621 0.08201889828207087 0.13669816380345146 0.10927197920369999 0.21635041269927294 0.10252362285258859 0.17087270475431432
0.08337105270029681 0.13895175450049468 0.07503394743026713 0.1250565790504452 0.13316057880573484 0.27559970579466037 0.09379243428783393 0.07503394743026713
0.06813384235513471 0.12054449032062295 0.08516730294391839 0.1506806129007787 0.08176061082616165 0.21069564163974733 0.10220076353270208 0.1808167354809344
0.09418044121052749 0.07416709745329039 0.18836088242105498 0.14833419490658079 0.10015062174466742 0.1012777204910683 0.16421205134143252 0.12931699043137812
0.05952665607879805 0.09921109346466342 0.06335111853890249 0.08928998411819708 0.15086121988757248 0.2520319787336358 0.10714798094183649 0.17857996823639416
0.07207537425907522 0.12074986606493676 0.08531240537196619 0.15093733258117095 0.08189990915708754 0.20552542702199872 0.10237488644635942 0.18112479909740514
0.06764587462048713 0.11274312436747855 0.08801143714702611 0.13529174924097426 0.10338082935665129 0.22234348678543414 0.10146881193073069 0.1691146865512178
0.08200394273320355 0.13667323788867258 0.08031169045476026 0.12300591409980532 0.13273714914557297 0.27921008164324806 0.09225443557485401 0.0738035484598832
0.07152301482278095 0.11725400095652637 0.08284250067580669 0.14656750119565798 0.0795288006487744 0.22699217945469602 0.09941100081096803 0.17588100143478957
0.08177567614632159 0.13629279357720267 0.10622684890404863 0.16355135229264317 0.08736922314584049 0.19665093760779495 0.08554993812230567 0.14258323020384275
0.10894529178500682 0.07930393142070555 0.133691568830715 0.09516471770484665 0.15722045589348294 0.15566302976617427 0.15105510746801054 0.11895589713105831
0.11551498309033396 0.0844623577447927 0.13079059128391407 0.10557794718099087 0.1444046083981471 0.1356072661439354 0.15694870954069687 0.12669353661718905
0.10242070986730771 0.0744132253494418 0.18436709564190057 0.1488264506988836 0.10327137931155268 0.08682694742420792 0.1659303860777105 0.13394380562899522
0.10709391802700445 0.0715579041281074 0.2148698432710136 0.1431158082562148 0.10225416455658284 0.07790565124348779 0.15843508280704285 0.12476762771054627
0.08104495761068994 0.11342942822326704 0.11293795852544808 0.13611531386792047 0.11010583717494306 0.17413587686189047 0.10208648540094035 0.17014414233490058
0.07602184205238284 0.11057174242484565 0.09579679762096277 0.13268609090981479 0.10947466702805032 0.21007667814431422 0.0995145681823611 0.16585761363726848
0.07106132597213427 0.11700092579268592 0.09042977907850266 0.14625115724085744 0.09437816754824481 0.2061808185934429 0.0991964370851033 0.17550138868902887
0.10111357940295697 0.07060193756108288 0.20847440430061476 0.14120387512216576 0.09958966177074186 0.09959723339963358 0.1563184942337366 0.12310081420906759
0.07910291071581822 0.11139580643481474 0.11934770534619495 0.1336749677217777 0.10793498675541592 0.1811936875824231 0.10025622579133327 0.1670937096522221
0.09251138807435656 0.13477799816453478 0.09317551647200682 0.1213001983480813 0.13315985613695427 0.26131977503415643 0.09097514876106098 0.07278011900884879
0.058858341121898354 0.10823278754941314 0.05134413514402127 0.082962360340226 0.13331126846819322 0.30558284891988846 0.09378353777590764 0.165924720680452
0.09331471427106335 0.07894214240666174 0.18526604088631654 0.142032001842431 0.09836772716871127 0.11589348911544023 0.158355082651188 0.12782880165818788
0.10108890487213752 0.06810436534223935 0.24777795171334277 0.1362087306844787 0.09707456852449647 0.08021074195327849 0.15078866400560928 0.11874607290441734
0.07874080423398708 0.11066165473741084 0.13282358566346758 0.132793985684893 0.1069262218676104 0.17246577644284514 0.09959548926366978 0.16599248210611625
0.07493922917322761 0.10916370164036888 0.10657257732653348 0.13099644196844265 0.10775453862264013 0.20858062733190183 0.098247331476332 0.1637455524605533
0.08132728463133966 0.14852192421598615 0.07843875397120238 0.11659153002266694 0.10816006091161674 0.24797113768287465 0.07907947253711321 0.1399098360272003
0.06796330669734704 0.1279408599361777 0.08956489593225929 0.13865699315192123 0.09434906833421529 0.22109087141925354 0.0940456127465205 0.1663883917823055
0.09296186135455597 0.08643096966095715 0.20202813704846134 0.14025997547598645 0.09547718706213759 0.10022848597613772 0.15637940549337592 0.1262339779283878
0.09957488243175255 0.06705862136974804 0.26206169454383976 0.13411724273949607 0.095458689155548 0.07633284444442244 0.1484733008756326 0.11692272443956069
0.07117038910302234 0.12810961314137 0.13019101269077085 0.14276365673595853 0.09477393356215837 0.16484400472352811 0.09683100196004145 0.17131638808315025
0.0982283232956228 0.06848933125767556 0.2382651318045727 0.13697866251535112 0.09730056649104431 0.08967967891752536 0.15164101019200446 0.11941729552620353
0.07086170831461919 0.12801051474775701 0.1253137015651469 0.14232141014717606 0.09481595343978934 0.1713599762047286 0.0965310434041716 0.17078569217661127
0.08989799650732835 0.13269067883297925 0.13078200265157452 0.15922881459957508 0.08912299145283252 0.17617373353989277 0.08328891840593158 0.13881486400988594
0.06449897760421838 0.09227273084566187 0.0694855507001241 0.08304545776109569 0.140496992729628 0.28445482552376583 0.0996545493133148 0.16609091552219138
0.10070549278690998 0.089272499131476 0.13765202654576703 0.09506248785607871 0.15165774134667698 0.17025799391377522 0.14131677299202147 0.11407498542729445
0.0925945808761213 0.07880037593887095 0.22282419467832143 0.13508097343835443 0.10652149253142382 0.09200030172828329 0.15060520471410563 0.121572876094519
0.11988577687474948 0.10104710821425651 0.2187380341372905 0.1102979542224321 0.12663787720098588 0.10115110278269848 0.1229739877673982 0.0992681588001889
0.13045303837815764 0.10223811837199923 0.21357050011077638 0.10723180521442252 0.12929650793910683 0.10114594485199956 0.11955546044055765 0.09650862469298026
0.09966215861404072 0.07697777652357873 0.2612500893282187 0.12879073867199767 0.09776616182898701 0.07604934785825647 0.14359206237012276 0.1159116648047979
0.09421405046267965 0.07331258791911385 0.2848610350163415 0.12803111499406875 0.09064355402440123 0.07096451543116698 0.14274513865756622 0.11522800349466189
0.09243159428569198 0.0721059258431249 0.2960198143653889 0.12662136035621813 0.08833441321890977 0.06935430016813734 0.14117336744193276 0.11395922432059631
0.09163554582510822 0.07153967774061712 0.30138596066409556 0.1258299534742611 0.08738956172919636 0.06868133461112096 0.14029100782876572 0.11324695812683497
0.0912479990601674 0.07125777576572687 0.3040226420830249 0.12542617404584022 0.0869555352114983 0.06836549329361652 0.13984082389886962 0.11288355664125621
0.09105437105860001 0.07111579348926717 0.3053407786825072 0.12522168164240963 0.08674485165124256 0.06821017986813303 0.13961283012967163 0.11269951347816867
0.07300755330016293 0.12498216572939493 0.1535139789120605 0.1375689838495782 0.0927235687971034 0.15981331018118794 0.09330765861101827 0.16508278061949383
0.09327720902805632 0.08177651496910929 0.24334326580924606 0.13238622669982172 0.09393113322403412 0.08853728303874833 0.1476007632011445 0.11914760402983957
0.12466886579956657 0.09877663460422863 0.2344934697560225 0.10694156830969671 0.12183265631072011 0.0978075257897796 0.11923186795125887 0.09624741147872704
0.1021494509512892 0.07486762568990182 0.27457191274026416 0.12556114327826887 0.09595451047319482 0.07389902339594251 0.13999130452069675 0.11300502895044197
0.08903025868611779 0.14378974958104862 0.1672134678129326 0.15715941443361175 0.08234825745859993 0.1390690682168623 0.07994631082057642 0.14144347299025056
0.11325231803899258 0.09554698832556295 0.17804022299743008 0.09381706680068357 0.13882022545382566 0.12847732727719105 0.13946537094549377 0.11258048016082028
0.10204731228069931 0.07609446117626828 0.25095468885795613 0.1284366316604384 0.10266840623208691 0.08100827182002585 0.14319725947813056 0.11559296849439456
0.13083447533140588 0.09664724949575651 0.23574834218309498 0.10545161346987386 0.12390485095017716 0.09493633695128915 0.11757067949551607 0.09490645212288647
0.08341240164898954 0.12757603010122034 0.13456492769028935 0.13400259478076548 0.10132322133699342 0.16742899424482588 0.09088871645999748 0.16080311373691858
0.10063646812709147 0.08192488904537375 0.23345978353383315 0.1317732761952354 0.09679987411161989 0.0898923912800286 0.14691736913110576 0.11859594857571189
0.10107706640782611 0.07362720730878368 0.2757399795361351 0.12729589201208552 0.0925691591596272 0.07319897286462375 0.14192541990004157 0.11456630281087696
0.09953916344324887 0.07139390804281107 0.29283173792653 0.12504380933005416 0.0901470166259129 0.0690904204589459 0.13941451577544844 0.11253942839704874
0.09854746807836405 0.07063200908268294 0.2996526414116527 0.12412829723794301 0.08902077422429842 0.06790955433636776 0.13839378811454242 0.11171546751414872
0.07880007684545333 0.12388076433043368 0.15184050889928682 0.13622183812556204 0.09485382477836761 0.1585428388894061 0.092393942380816 0.16346620575067444
0.09909821007693902 0.08106175050824176 0.24128099705822212 0.13114011998094893 0.09484153512393188 0.08833983206622203 0.14621144720264007 0.11802610798285405
0.07899677107512484 0.12634727220942044 0.13713503528024765 0.13669338258455155 0.09633351070251903 0.16774819651106584 0.09271377253560886 0.16403205910146182
0.07446233789423662 0.1339448628112627 0.10967139279392155 0.13493114073940263 0.0953132226268611 0.1982411613976983 0.09151851284933396 0.16191736888728311
0.09947191610405481 0.08346135923820278 0.2224417121021108 0.13293529461107936 0.09646884838802544 0.09736617145957593 0.14821293294697951 0.11964176514997144
0.10119535157642363 0.0740912542268499 0.27116382770917796 0.12777918455747908 0.09303809123783022 0.07526676956896067 0.14246425502154755 0.11500126610173117
0.0996847750195603 0.07153278334141683 0.29092682578784695 0.1251822682780505 0.09054859509643692 0.0698918238567359 0.13956888716970706 0.11266404145024549
0.11568536081676543 0.0829011736700803 0.2191370066236639 0.09102533349793707 0.13971648664467048 0.10698896666287282 0.13531527188648554 0.10923040019752449
0.08193765537849068 0.12438912750232993 0.13015384562805576 0.1336762566625575 0.10561571590164069 0.17314851684768695 0.09066737408416944 0.16041150799506898
0.10142158440738931 0.08141951413086984 0.23099038066568087 0.1314734152147881 0.09803480911687915 0.09175117625549128 0.1465830465155921 0.11832607369330929
0.09252634113410414 0.14513411782798957 0.15461945512844916 0.15686972464311302 0.08388647290587607 0.1459821892979957 0.07979894688367054 0.14118275217880172
0.1363384495389804 0.10935081062270129 0.19828507388795547 0.1069143298594457 0.12094350742513525 0.11274343268033188 0.11920149911194915 0.09622289687350112
0.11220000793008318 0.07634471447024074 0.25762670611611777 0.12556996532501613 0.097868141112144 0.07737635580942526 0.14000114044445827 0.11301296879251452
0.08339237791632025 0.12474872845156126 0.14108465557725527 0.13580805509421903 0.09702458266470615 0.1628586446407092 0.09211328954216595 0.16296966611306282
0.1025006047044463 0.08119551837487311 0.2359072430000122 0.13105820679338184 0.09575853718898747 0.08950738371282807 0.14612012011142722 0.11795238611404367
0.09377915057862513 0.14485283813020697 0.15590108399767427 0.1565681529151321 0.08336169456095095 0.14498020353696364 0.07964553865682808 0.14091133762361888
0.10470502143959047 0.08318370309932671 0.24214395836260202 0.1301439791671948 0.0919673395644348 0.08562559258220487 0.14510082453417092 0.11712958125047532
0.08219505948525066 0.12640628158298978 0.1371967157565053 0.13615643744269754 0.09578234997158093 0.16652584717295255 0.09234958365678617 0.16338772493123704
0.11641088991048464 0.09255315511181302 0.1661901358251902 0.09313631986189834 0.14476801302406164 0.13672450753309376 0.1384533948991802 0.111763583834278
0.1088384112842451 0.07527645366407083 0.24414532437275507 0.12738797954124534 0.10480793164019028 0.08286662728752141 0.14202809062285116 0.1146491815871208
0.10501814457636287 0.07196188032666365 0.278963043827786 0.1255972296278984 0.09381380240239516 0.07157685446626287 0.14003153810752253 0.11303750666510858
0.09425209847975459 0.141999273985841 0.1679796621831023 0.15571705165238858 0.08270402973235212 0.1379899503345008 0.07921258714491071 0.1401453464871497
0.11944751281468714 0.09437729268417673 0.17694235015825432 0.09265598913269672 0.13952834920145832 0.12812196804028775 0.1377393510092029 0.11118718695923607
0.08385084121268035 0.1264038219255361 0.11923783750786991 0.1332747379897548 0.10550673835565609 0.18140129774078922 0.09039503968000762 0.15992968558770576
0.1168109926655586 0.09238586921072725 0.15930031310016635 0.09289992086047295 0.1479853461752046 0.14103568104928607 0.1381019719060165 0.11147990503256754
0.10927690634137817 0.07537926152864112 0.2410015598196854 0.12758036941156753 0.10574852965222896 0.08394844980528084 0.14224259097080735 0.11482233247041078
0.10534979032220707 0.07203514055808499 0.2776184403249811 0.1257013956979277 0.09410811502395963 0.07190818644268662 0.1401476755020179 0.11313125612813495
0.08234644679751287 0.12382445327505595 0.1461355332331075 0.13576614640986784 0.09621872012406767 0.16070445994707133 0.09208486452147557 0.16291937569184137
0.10189176724862774 0.0850764583033979 0.2373132337507637 0.12998040424888163 0.09503091493377383 0.08880640698322656 0.14491845070733517 0.11698236382399348
0.08127824288977006 0.1311856767381278 0.1353901350602749 0.13518174669172744 0.0959923398453312 0.16706527368421975 0.091688489060476 0.1622180960300729
0.10197448473820811 0.0865763077047223 0.23252470912709974 0.13044070870619617 0.09533010282955454 0.09032539323248047 0.145431655826162 0.11739663783557655
0.1038170341314167 0.07667765937357413 0.27417339404737634 0.12604642707755062 0.09202416253602616 0.07328717872257332 0.14053235974168704 0.11344178436979557
0.10265128833345338 0.07389915222994767 0.2911026351381469 0.12387642058739577 0.08983009129996646 0.0690386694364865 0.1381129644459472 0.11148877852865617
0.10170903683807012 0.07297819859339147 0.29790458761139227 0.12299726121001693 0.08876034292064305 0.06782027038839236 0.13713276734907856 0.11069753508901525
0.10121919014489857 0.0726436837616102 0.3006332890420383 0.12265141762582567 0.08829444985983598 0.06742451614062026 0.13674717756192803 0.11038627586324311
0.10099674206111027 0.07251626545818422 0.3017286216749555 0.12251500044361424 0.08810094565304004 0.06728384172569381 0.136595082584149 0.11026350039925283
0.0810292308343895 0.12754671394547235 0.15166090794547554 0.13471289421407964 0.09424865168356876 0.15777564354882995 0.09137048477128881 0.1616554730568956
0.10107152132347294 0.08808652097355721 0.23925161338063908 0.12919897952673456 0.09415459677815406 0.08791046598596208 0.14404722045741897 0.11627908157406111
0.08083946799304585 0.13472963165675494 0.13552366899357607 0.13457344600951412 0.0954674013236578 0.16610234630123347 0.09127590251080088 0.16148813521141692
0.10155185524424237 0.08987761313088195 0.2320334299193131 0.1298777870952174 0.09493574087038581 0.09002952511526766 0.14480404023899612 0.11689000838569566
0.10352813488947417 0.0789563419486325 0.273656672264896 0.1256918574634389 0.09176811767055339 0.07313916296353863 0.14013704108237143 0.113122671717095
0.11965541329084015 0.08853135453911493 0.21220834266197797 0.09022793968756271 0.13961128253098873 0.10736224723337699 0.13412989243106335 0.10827352762507524
0.10755225888690306 0.07810570999139135 0.26287730383648084 0.12409918633830591 0.10146788965955535 0.075847051948986 0.13836133163390224 0.11168926770447532
0.10369980179221161 0.07576650630490861 0.2858985831349501 0.12374793446633858 0.09199896935860073 0.06954535191380067 0.13796971200948496 0.11137314101970473
0.10202626940725645 0.07483040478728488 0.29550925207128514 0.12288131597974772 0.08923392240141197 0.06792215390128337 0.1370034970699575 0.11059318438177294
0.08108507863473684 0.1305813637273627 0.14983186649945443 0.13428987133423317 0.09428148411124723 0.1576989251869276 0.09108356490495814 0.16114784560107978
0.10116375037608255 0.08867061572288586 0.2383735395040116 0.12921234525717454 0.09418687986765462 0.08803963629131675 0.14406212224941697 0.11629111073145708
0.10324599396592458 0.07854717175890101 0.2762689739674519 0.12535784097029593 0.09137578865871859 0.0726175361863207 0.13976463761912097 0.11282205687326634
0.10231484004620967 0.07562985029074157 0.29169283500022436 0.12343164253238575 0.08944903768012968 0.06877624606415858 0.13761707010700322 0.11108847827914717
0.10149537327788472 0.07466789488951042 0.29790202480203704 0.1226443886851038 0.088497205168898 0.06767382254240166 0.13673934081757091 0.1103799498165934
0.11858805809544068 0.08721340844166572 0.22031295302384474 0.08971940048676846 0.13780834659381005 0.10532063802088328 0.13337391475346475 0.10766328058412214
0.083201828814213 0.13235085638209668 0.129462166866779 0.13180785350688903 0.10451101633628214 0.17109674455036605 0.08940010933510734 0.15816942420826682
0.07560233942072576 0.1477041992694494 0.10584354528845778 0.13139044698201036 0.0957571062664776 0.1969168275718855 0.08911699882258095 0.1576685363784124
0.06622615108864559 0.13638284508234874 0.1430713748286474 0.18782424190388539 0.06279612469814896 0.13911206945545931 0.0955453752293678 0.16904181771349688
0.11060128661172834 0.07786393786310872 0.1686131111186028 0.09343672543573048 0.14643691215247215 0.13793985742729678 0.14831226259639757 0.11679590679466309
0.0815386350677009 0.13104416109906503 0.11636193024432341 0.1320146622265581 0.10642934201051757 0.18465329508282163 0.08954037959714377 0.15841759467186972
0.08694848095014442 0.1701138243526918 0.11855947094820565 0.15176367328969298 0.08334362283869187 0.17548210089944052 0.07720152076040904 0.13658730596072366
0.10324765670565103 0.09868261563126551 0.22330695968125738 0.12956516861176615 0.09208970709371155 0.09204374656607343 0.14445549395968552 0.11660865175058951
0.08109539558188898 0.139574122651927 0.13118962709677598 0.13409741183828144 0.09468855129498475 0.16748497017032626 0.09095302715987784 0.16091689420593772
0.10164832959382783 0.09248767962211708 0.22972329083484058 0.12970483519832338 0.09472836778110788 0.09036193351047499 0.14461121178081723 0.11673435167849104
0.10360388772255051 0.08049015169865477 0.2724819867150109 0.125554569159119 0.09168990166117971 0.07319641593182757 0.13998397486845057 0.11299911224320709
0.08134338121317163 0.13387126716339598 0.14387395319783877 0.13420406518058936 0.0947907899586518 0.15984629912107143 0.09102536594857366 0.16104487821670724
0.10129044293316414 0.09097882217425127 0.23541669178939867 0.12916435721459887 0.09435975835843484 0.0885333868738711 0.1440086191631423 0.11624792149313899
0.08077998172128915 0.13717279187972942 0.13433206604154543 0.13419384165205786 0.0953170915019651 0.1661531854917219 0.09101843172922186 0.1610326099824694
0.10146364144898785 0.0919198359758666 0.23114476718204605 0.12957534517797073 0.09478324336447874 0.09002851611891799 0.1444668400715584 0.11661781066017368
0.10350347725492144 0.08033943580595954 0.2730740317026038 0.1254837656823508 0.09165605443315686 0.0731028117311962 0.13990503427569562 0.11293538911411576
0.10242695826964997 0.07690152622463181 0.29023984940777353 0.12339150739886866 0.08953514282578785 0.06888033678601563 0.13757232242829087 0.11105235665898179
0.10150985550423934 0.07575566737219741 0.29717348796660226 0.12252706432540252 0.08848546081463404 0.06766557321200901 0.13660853291205324 0.11027435789286227
0.0808635521688093 0.13217840264682637 0.15006559483599324 0.13396954645439887 0.09394268762411748 0.15735045945115794 0.09086630107341835 0.16076345574527862
0.07543089306237516 0.1481368332618392 0.1112245579483274 0.13191625712763114 0.09361111399021382 0.19190720078728 0.0894736352691759 0.15829950855315736
0.1006633700765649 0.0957120067963913 0.22038324803274278 0.13024581050357056 0.09496429369950868 0.09559568256313188 0.14521435887487644 0.1172212294532135
0.10363948289332556 0.081958581654904 0.26849117756792984 0.12588621572626577 0.09199842524334824 0.07437478671951196 0.14035373604107543 0.11329759415363919
0.10257889284423238 0.07782466326335892 0.2882979334118145 0.12351677066091284 0.0897146267071196 0.06919003790027482 0.1377119816174655 0.11116509359482156
0.08103525765480499 0.13367045584554024 0.147759396337307 0.1339093627167156 0.09418974271636031 0.15791906867004957 0.09082548079916364 0.1606912352600587
0.10098248608272033 0.09164924250312408 0.2369784307221482 0.128816929021983 0.09401223876185161 0.0880041741325355 0.14362126265585268 0.1159352361197847
0.13649682798207788 0.10679076061691187 0.2278832829425052 0.10349457689914791 0.12078015303563788 0.09602054954782416 0.11538872976666192 0.09314511920923312
0.11079081762753575 0.08252159298935526 0.2685956453324881 0.12238873981572841 0.09612643203126268 0.07297259496298311 0.13645431140649122 0.11014986583415556
0.09452185077887494 0.15464356908228477 0.16334498243216103 0.15304295760225353 0.08208178254294811 0.13677390859134642 0.0778522871281029 0.13773866184202818
0.10360317353598023 0.09514923226560794 0.24319699339750747 0.1275000889579278 0.09035312545692463 0.08329422206783933 0.1421530842560777 0.11475008006213502
0.1034805603992354 0.08112839065684814 0.2778834794783777 0.12468310026025818 0.09014041099797604 0.07145691589185903 0.13901235208121324 0.11221479023423239
0.10217965910283403 0.07738409334363253 0.29210243709567785 0.12303687255458558 0.08897772565194946 0.06840909590999135 0.1371769310422021 0.11073318529912701
0.13510284302897227 0.10166298135246593 0.24821178450769626 0.10194709026208205 0.1176692210770546 0.0899903008854442 0.11366339765041088 0.09175238123587383
0.10968462142258403 0.08091623896593685 0.2771613136835339 0.12145229357340606 0.09473443873938213 0.07133378566874186 0.13541024373034974 0.10930706421606545
0.08233952971894548 0.1344916177842021 0.14482539740665137 0.13360751302937 0.09523799847151694 0.15854817998632362 0.09062074796774659 0.16032901563524396
0.08712152320138114 0.1739373753892329 0.12652492508395294 0.15165990436675994 0.08103816245703671 0.16607546161107034 0.07714873396048223 0.13649391393008392
0.10286956332066903 0.10087009389227178 0.2265969171668956 0.1288998812840843 0.091142599502819 0.08989730343995621 0.1437137482376283 0.11600989315567588
0.10390926571548784 0.08307944773164472 0.2709390732108122 0.12542524415503847 0.09083595308540374 0.07308850922205812 0.1398397871400205 0.11288271973953463
0.10254237809154006 0.07822707885057355 0.2892330962428135 0.1233206226191161 0.08933395028347124 0.06886102236650554 0.1374932911887757 0.1109885603572045
0.08100453295058625 0.1341981992281162 0.14793983289615492 0.13380655355392604 0.0940446126691957 0.1576826550702989 0.09075574936701071 0.16056786426471123
0.11467191074405138 0.10473507924291837 0.16824764713164675 0.09138707286187481 0.1422685364196083 0.13317224441874437 0.13585302174690642 0.10966448743424977
0.10777732009044003 0.08448872782788107 0.24353246042355858 0.12567963946150806 0.10348507911251459 0.08180167864673048 0.14012341892200972 0.11311167551535725
0.1043655591739197 0.07914747942366844 0.2776521748815092 0.12433339849857537 0.09295050477468196 0.0710283638848444 0.1386224607140833 0.11190005864871784
0.10238183413151443 0.07722382086089864 0.2918981886065307 0.12293645174647003 0.08956285931404485 0.06828906943347486 0.13706496933524343 0.11064280657182302
0.08097330904271816 0.1338380039200394 0.14861441468227393 0.1337812223511315 0.09409246527782422 0.1574245497012788 0.09073856820337617 0.1605374668213578
0.10091282167599132 0.0920983864632736 0.2372622886922438 0.1286802114885604 0.09391461841554012 0.08785065011579907 0.14346883280888745 0.11581219033970436
0.08058940195796238 0.13886593649103182 0.13461363603991897 0.13387217087373374 0.09503887666188661 0.16557311789958395 0.09080025502740202 0.16064660504848047
0.07507585274636963 0.15202344319269925 0.10701702026967688 0.13127400248556495 0.09347330012145574 0.1945695591243899 0.0890380190771658 0.15752880298267793
0.07339369201771463 0.15525344221025222 0.09948441913147103 0.1301201192968144 0.09235301928401046 0.20499577964137283 0.08825538526218717 0.15614414315617728
0.07285075682770359 0.15590591976540483 0.09737583761902639 0.1296999265911285 0.09182393172865298 0.2087333305664858 0.08797038499224367 0.1556399119093542
0.07267166730420584 0.15597713825717255 0.09676953704278801 0.12955554872803235 0.09160982226645316 0.21007716879043514 0.08787245913727412 0.15546665847363883
0.11243893556313124 0.11018125873966982 0.14956891541703704 0.09149792979212279 0.14173160260633685 0.14876602411182008 0.13601781801933477 0.10979751575054734
0.10788274221454522 0.08616186587103265 0.23527221017424158 0.12648972107283626 0.10401915499273247 0.08530695724426993 0.14102659946478907 0.11384074896555264
0.08198072208518083 0.1368097303876108 0.13419228903139976 0.13378314775607877 0.0974532430791534 0.16450121622307215 0.09073987413020994 0.1605397773072945
0.10163759282292001 0.09313609737000636 0.23075114933577923 0.1292650837579902 0.09513761336147242 0.08961296622752309 0.14412092174211744 0.1163385753821912
0.10348737168813836 0.08142550290284416 0.2727285650736314 0.12529357165762478 0.09164887630450522 0.0729589157496836 0.13969298213171005 0.11276421449186232
0.10238169379755666 0.07784728172521176 0.2899639383955709 0.12323623555538663 0.08946148486027923 0.0687975477558875 0.1373992059102594 0.11091261199984796
0.1188535578121212 0.089776114265308 0.2174036379643037 0.08959968867960012 0.13807243575717623 0.10557898399420691 0.13319595511176377 0.10751962641552015
0.08303771305531883 0.13604469776781186 0.12837515687856707 0.13119920116927478 0.1042465600990387 0.170670345355525 0.08898728427133419 0.1574390414031297
0.10194372439788432 0.09302809123690174 0.22781010254363554 0.12921556070275905 0.09678528633119872 0.09085752292385235 0.1440657072312851 0.11629400463248314
0.10365204865596342 0.08147179089680034 0.27146091952969664 0.12539652854662484 0.0921037358595566 0.07325032943980077 0.13980777137959516 0.11285687569196234
0.1362471597338009 0.10356829668141547 0.24053839566435853 0.10246178992564577 0.11914279461202164 0.09158870308481476 0.11423724936486176 0.09221561093308119
0.11024840069493175 0.08183937481841291 0.2738584117306288 0.12171881943738577 0.09528552257253803 0.07179513307375827 0.13570740017869726 0.10954693749364719
0.10379928248397484 0.07769712493408926 0.2900076692527198 0.12275375282624935 0.09002798036252539 0.06837453892337153 0.13686127367344517 0.11047837754362441
0.10177696150357657 0.07657676105335656 0.29689262155831336 0.12231475397802619 0.08849304075660967 0.0674907598511097 0.1363718227187844 0.11008327858022354
0.10104803724897055 0.07618473981388586 0.2997257443223412 0.12202942295890948 0.0879522692316419 0.06717960583540344 0.1360536999258289 0.10982648066301855
0.08067685729000316 0.13341671544002864 0.1505557825131609 0.1336899719741981 0.09366682063428632 0.15688920913591606 0.09067667664336916 0.16042796636903772
0.11453966619239618 0.10451641146096319 0.1691658856629985 0.09135212885810519 0.14208604311725337 0.1329162349402399 0.13580107513831757 0.10962255462972623
0.10771199654521528 0.08441682467659574 0.24393680988023336 0.12563726796548014 0.10341104324217071 0.081736338655382 0.14007617786599053 0.11307354116893213
0.1043361339908593 0.07912088682123802 0.27781934768858346 0.12431243892648912 0.0929202921036407 0.07101061307999476 0.13859909235535428 0.11188119503384023
0.11962688917590816 0.09022905167109124 0.21323885374253126 0.08978046549243461 0.1395281986241852 0.10639529071715954 0.13346469198576846 0.10773655859092153
0.10736951739515015 0.08020486401354793 0.26293970884995915 0.12362266975286408 0.1012439507047883 0.07552883530403895 0.13783005120207384 0.11126040277757766
0.12053605810880041 0.09049049066241753 0.20784189274445372 0.08977394267078537 0.14248248920245385 0.10769140003285976 0.13345499537328692 0.10772873120494243
0.10777226272025267 0.080383938548061 0.2605689486978128 0.1238161816402552 0.10208829237193594 0.07589001003012348 0.1380458025153293 0.11143456347622967
0.08199725988220778 0.13485050479356359 0.1406512668506916 0.13372778755538323 0.0970343663973104 0.1605631439820368 0.09070232547234688 0.16047334506645985
0.11501197636127775 0.10492615455977757 0.1655953494593765 0.09141634109676461 0.143387330755285 0.1340667075075539 0.13589653094384707 0.10969960931611751
0.08184922898546829 0.14057447564835823 0.11483558439998855 0.13063271857548495 0.10496361770198845 0.18178205110345286 0.08860306129467674 0.1567592622905819
0.07495010232324985 0.15190573564583632 0.10171424038223871 0.13051873377845405 0.09533961981920946 0.2004233376497414 0.08852574986712537 0.15662248053414485
0.0732591876106015 0.15499866951587504 0.09805600821786348 0.12990060079789753 0.09265166394016655 0.20714665450589276 0.08810649445422614 0.15588072095747701
0.07278833245397758 0.1557475384952935 0.09698256811975804 0.1296275089883805 0.09184850252019172 0.20953127167031008 0.087921266966032 0.15555301078605657
0.07264675194613737 0.1558976976970085 0.09665729553380993 0.1295295053953304 0.09159951671160474 0.21037903127792337 0.08785479496378931 0.15543540647439644
0.0726023002838368 0.15591398988732852 0.0965564993564547 0.12949616924060078 0.09152062437701294 0.2106828294115509 0.08783218435449446 0.15539540308872093
0.10027280620096397 0.09826508366239237 0.2133422888452888 0.13057798633538945 0.09479343102334449 0.09964350609265708 0.1455847101381133 0.1175201877018505
0.10379549648006316 0.08298470141031804 0.26546739127143837 0.12614162814950833 0.092153885363379 0.07529093015837336 0.14063850183236226 0.1135274653345575
0.10273464150225785 0.07837161352523615 0.28701295060944443 0.12360076874873734 0.08981894037054237 0.0694147601530427 0.13780563321687578 0.1112406918738636
0.08105671570574681 0.13425966876047374 0.14738375496239375 0.13382651298668619 0.09416880321214091 0.15794344171930466 0.09076928706923064 0.1605918155840234
0.10097668020620905 0.09222286245155789 0.23671246459921688 0.12873298650678952 0.0939711925050934 0.08799645285924401 0.14352767301577876 0.11585968785611057
0.13647982431280037 0.1073145412523011 0.2276984621667771 0.10342456739885886 0.12071008906141717 0.0959797307504434 0.1153106743984292 0.09308211065897296
0.11080145085487104 0.08297318520604853 0.2684437657911749 0.12231179920863354 0.09607735103038947 0.07294330024969554 0.1363685283714168 0.11008061928777019
0.08255288764639605 0.13565244272964738 0.14258541380321624 0.13358089254144734 0.09553117508877354 0.15919742480832277 0.09060269233245993 0.16029707104973678
0.1014990133133778 0.09263308866292774 0.2345057931345226 0.1288907488915748 0.09441433546092061 0.08835178023275718 0.14370356630150205 0.11600167400241732
0.10331229198660459 0.08121326299306267 0.27429286901224226 0.12510933504087718 0.09135910307235874 0.0726271643050275 0.1394875720530377 0.11259840153678946
0.13605008154310733 0.1034344808748102 0.24159440196591936 0.10238947684338569 0.11884454512599787 0.091379858813092 0.11415662567464047 0.09215052915904712
0.11015996598440753 0.08178336284459412 0.27430690412553416 0.12167281765454027 0.09518361886281006 0.07173168301523426 0.1356561116237934 0.10950553588908625
0.10376108029319765 0.0776735935998171 0.2901920133525259 0.12273267658338899 0.08999081670917955 0.06835263530133089 0.1368377752355098 0.1104594089250501
0.10176091387518665 0.07656694339243333 0.2969674919452177 0.12230583205024657 0.08847886936737318 0.06748282508919501 0.13636187543512565 0.1100752488452219
0.10104146343063768 0.07618065645115174 0.2997559579221647 0.1220256791062648 0.0879467290055495 0.06717687707907108 0.1360495258095221 0.10982311119563831
0.1182529935426533 0.08922510588792268 0.2206933885717129 0.08940868527799153 0.1372932976981419 0.1049240909613018 0.1329120157266859 0.10729042233358983
0.08291651816187984 0.1358489797763136 0.12919870285753596 0.13118538208761174 0.10405931885345282 0.17039072842908307 0.08897791132898882 0.15742245850513406
0.10188495038263218 0.09296277295873531 0.22818464294386814 0.12918073453651716 0.09671541125606313 0.09078194818442563 0.144026878654893 0.11626266108286543
0.08076711054055691 0.13913707756151805 0.13231671994420857 0.13386492659568613 0.09568837691116445 0.16679253501496843 0.09079534151707408 0.16063791191482335
0.13211532327211764 0.1220767865635342 0.18725028444769487 0.1053503442805211 0.12351087094116305 0.11742330873571022 0.11745777190678994 0.09481530985246898
0.11123667783953978 0.0871985138322198 0.2511357124003094 0.12414549064423175 0.09810012323047676 0.07803958299394953 0.13841295747946433 0.11173094157980858
0.10490512909287811 0.07942617316528866 0.28069714514298805 0.12386654453299581 0.09141928710227751 0.07010387750156544 0.13810195338231027 0.11147989007969623
0.1023984164969528 0.07718492430157715 0.2931191883196631 0.12277133089988881 0.08910954620898495 0.06804152404927663 0.1368808719137566 0.11049419780989994
0.10134089143111824 0.07641094348221897 0.29820048887541556 0.1222125093749898 0.08821184627615597 0.06737423450601768 0.1362578276165931 0.10999125843749083
0.1346183225512328 0.1015598939564466 0.25038582562315936 0.10171261559867477 0.11721355189000549 0.08956646044285282 0.11340197589882096 0.09154135403880727
0.10946961519770637 0.08115901860927052 0.2780163254534091 0.1212800284416336 0.09452584832575771 0.07117895741072218 0.1352181809640303 0.10915202559747025
0.12083968132554981 0.09046231501228533 0.21296174152303782 0.08947181141632178 0.13973790902225863 0.10615451102983138 0.1330058569711291 0.10736617369958613
0.10766210454846377 0.08023531063454858 0.26276462541962853 0.12358270555999049 0.10127533432771677 0.07546999039623824 0.13778549410942223 0.11122443500399144
0.08196913530599427 0.1347863991803052 0.14119709189869897 0.13370719707739145 0.09683171924421001 0.16037146104369096 0.09068835975683942 0.16044863649286972
0.1013747786915986 0.09274031051809353 0.2338526607211312 0.12891777516493147 0.09474953882433791 0.08860523985206026 0.14373369857940865 0.11602599764843832
0.10328707038564648 0.08141125418818929 0.27399311525286796 0.125107384044824 0.0914411302177769 0.07267800343231874 0.1394853968380351 0.11259664564034158
0.1022686997708792 0.07794399522461747 0.290456629351416 0.12314380742023616 0.0893588142423158 0.06870247187513409 0.13729615543718865 0.11082942667821254
0.08093244590782496 0.13430267680051047 0.14821788428032331 0.13374585228552383 0.09402021275499833 0.15757132715627017 0.09071457807192052 0.16049502274262856
0.07524120076828966 0.15110278867243618 0.1104860040255845 0.13142503128607833 0.09335826825397714 0.1915362134476089 0.08914045600273139 0.15771003754329396
0.10055560179339548 0.0971121445553823 0.21983528905425168 0.13007583108160564 0.09483121896355509 0.09549682207394776 0.14502484450441705 0.11706824797344507
0.0804226097859399 0.14073543874996342 0.13009621588205145 0.13375699392676466 0.09514488951630419 0.16861332441566182 0.0907221350111969 0.16050839271211756
0.0865314129924883 0.17654115682006166 0.12213569949977308 0.1513474739085553 0.08085968960447792 0.16938203871215715 0.07698980194478683 0.13621272651769975
0.10282795327642018 0.10187403801887694 0.22451971150073316 0.12900323422918777 0.09119291568450145 0.09065025742549922 0.14382897905851233 0.11610291080626899
0.08085273226605344 0.14235259512987852 0.1312536202709876 0.1336790038802464 0.09425246122145348 0.1665255451606569 0.090669237414428 0.16041480465629568
0.1014227242713453 0.09464619080186057 0.22940243506606264 0.12935272477672882 0.09445768528083105 0.09008215256647907 0.14421863493763643 0.11641745229905592
0.08065531334435103 0.13998252639610617 0.13258917839931955 0.13382759642049302 0.09512651634746987 0.1664557314676822 0.09077002191998658 0.16059311570459162
0.1147128315545283 0.10653676890492414 0.1627425017419774 0.09148927958357593 0.14283193099891955 0.13589459281243782 0.1360049589033457 0.10978713550029111
0.14071568798902426 0.11104553235025333 0.19635774008182424 0.10253502077833489 0.1352698591128946 0.10747574468654604 0.11431889630062114 0.0922815187005014
0.08689819652213641 0.14287044423351955 0.12250618860165739 0.1300601923407275 0.10297338028793636 0.17040462805230866 0.08821473915284125 0.15607223080887297
0.10304654019607953 0.09482255486065237 0.22492380075003657 0.12926830760874716 0.09656738348147308 0.09090542016001321 0.14412451609512555 0.11634147684787244
0.10400681131127318 0.08206753663553266 0.2701933404887546 0.12547648604774492 0.09211862982449977 0.07331144022285804 0.13989691802636633 0.11292883744297041
0.11972209276517187 0.09124084807102503 0.21072306192817356 0.08995117706552362 0.1394725739376695 0.10723036754894015 0.13371846620486796 0.10794141247862835
0.10747539649608005 0.08064274062867616 0.2618444986070646 0.12371332574687456 0.10130778563757833 0.07574313384151624 0.13793112587002282 0.11134199317218711
0.08191194457168946 0.1351510929413787 0.14093690765919417 0.13367001924939634 0.09681584431038402 0.1604470246777867 0.09066314349089491 0.1604040230992756
0.10136644841705296 0.09282332104673709 0.23373247727528676 0.12892511474497168 0.09475215371481706 0.0886259998672364 0.1437418816634236 0.11603260327047449
0.0806567683452052 0.13936896870632556 0.13369824820433174 0.13383062811769006 0.09521096759671356 0.16586558708694224 0.09077207820156369 0.16059675374122803
0.1012986640446192 0.09394925474936645 0.23052202519828283 0.12926482468767206 0.09461684852866334 0.08988940767444481 0.1441206328980463 0.11633834221890486
0.10339594946998144 0.0817590404191893 0.27261482807565945 0.12527632942115316 0.09152476224308426 0.07300663556711635 0.1396737583247782 0.11274869647903783
0.09292865979845837 0.1553297187409312 0.1645103686562958 0.15324782337717402 0.08119365570720828 0.13691023122339144 0.07795650145708419 0.1379230410394566
