Action: 0
[0.13642493208418635, 0.16011364014063212, 0.22683640618372677, 0.09532366449543102, 0.09532605079607193, 0.0953279773090897, 0.09532366449543102, 0.09532366449543102]
[0.16079946393778827, 0.098168930515083, 0.25018695297171367, 0.098168930515083, 0.098168930515083, 0.098168930515083, 0.098168930515083, 0.098168930515083]
[0.20846163805686546, 0.10015847514028854, 0.19058577871756086, 0.10015847514028854, 0.10015848286065816, 0.10016019980376144, 0.10015847514028854, 0.10015847514028854]
[0.125, 0.125, 0.125, 0.125, 0.125, 0.125, 0.125, 0.125]
[0.12750539510514994, 0.09775947695552131, 0.1994390876085662, 0.09775947694768196, 0.18425808358066037, 0.0977595259070563, 0.09775947694768196, 0.09775947694768196]
[0.19648551656295912, 0.09804849441786383, 0.15299315302645558, 0.09804849441786383, 0.16027863681226412, 0.0980487159268659, 0.09804849441786383, 0.09804849441786383]
[0.125, 0.125, 0.125, 0.125, 0.125, 0.125, 0.125, 0.125]
[0.125, 0.125, 0.125, 0.125, 0.125, 0.125, 0.125, 0.125]

Action: 1
[0.10083372655490562, 0.10083372655490562, 0.10083372655490562, 0.10083372655490562, 0.19060371993365582, 0.20439392073691057, 0.10083372655490562, 0.10083372655490562]
[0.10142204076381724, 0.10142204076381724, 0.10142204076381724, 0.10142204076381724, 0.10142204076381724, 0.29004571465327933, 0.10142204076381724, 0.10142204076381724]
[0.10120816716620121, 0.10120816716620121, 0.10120816716620121, 0.10120816716620121, 0.10122249443928291, 0.2915285025635099, 0.10120816716620121, 0.10120816716620121]
[0.125, 0.125, 0.125, 0.125, 0.125, 0.125, 0.125, 0.125]
[0.0979952424836232, 0.1602211126797064, 0.0979952424836232, 0.0979952424836232, 0.19673251139632578, 0.15307016350585184, 0.0979952424836232, 0.0979952424836232]
[0.09790217293851676, 0.09790217293851676, 0.09790217293851676, 0.09790217293851676, 0.13523337650094938, 0.2773535858679501, 0.09790217293851676, 0.09790217293851676]
[0.125, 0.125, 0.125, 0.125, 0.125, 0.125, 0.125, 0.125]
[0.125, 0.125, 0.125, 0.125, 0.125, 0.125, 0.125, 0.125]

