Action: 0
[0.11655389308344047, 0.09663892491305442, 0.18476800280569192, 0.0965715317812204, 0.2157530520729317, 0.0965715317812204, 0.0965715317812204, 0.0965715317812204]
[0.098168930515083, 0.098168930515083, 0.25018695297171367, 0.098168930515083, 0.16079946393778827, 0.098168930515083, 0.098168930515083, 0.098168930515083]
[0.20212313581488386, 0.1000341422052924, 0.19094717480062764, 0.1000341422052924, 0.10675897835802642, 0.1000341422052924, 0.1000341422052924, 0.1000341422052924]
[0.125, 0.125, 0.125, 0.125, 0.125, 0.125, 0.125, 0.125]
[0.26950439956670347, 0.09566330300962723, 0.11504289513194162, 0.09536346214110886, 0.13833555372729225, 0.09536346214110886, 0.09536346214110886, 0.09536346214110886]
[0.1324833644778625, 0.09644372176879391, 0.27664351086998074, 0.09644372176879391, 0.09648243380200017, 0.10861580377498095, 0.09644372176879391, 0.09644372176879391]
[0.125, 0.125, 0.125, 0.125, 0.125, 0.125, 0.125, 0.125]
[0.125, 0.125, 0.125, 0.125, 0.125, 0.125, 0.125, 0.125]

Action: 1
[0.10117969857603568, 0.10117970773356061, 0.10117969857603568, 0.10117969857603568, 0.10139387013386672, 0.29152792925239435, 0.10117969857603568, 0.10117969857603568]
[0.10142204076381724, 0.10142204076381724, 0.10142204076381724, 0.10142204076381724, 0.10142204076381724, 0.29004571465327933, 0.10142204076381724, 0.10142204076381724]
[0.10093292328416585, 0.10093292324219769, 0.10093292324219606, 0.10093292324219606, 0.20385568158252648, 0.1905467789223258, 0.10093292324219606, 0.10093292324219606]
[0.125, 0.125, 0.125, 0.125, 0.125, 0.125, 0.125, 0.125]
[0.10078542366779304, 0.09720943777768185, 0.09720943777768185, 0.09720943777768185, 0.26127753000348214, 0.15188985744031552, 0.09720943777768185, 0.09720943777768185]
[0.0959767964158763, 0.13241762600313342, 0.0959767964158763, 0.0959767964158763, 0.274799623850679, 0.11289876806680614, 0.0959767964158763, 0.0959767964158763]
[0.125, 0.125, 0.125, 0.125, 0.125, 0.125, 0.125, 0.125]
[0.125, 0.125, 0.125, 0.125, 0.125, 0.125, 0.125, 0.125]

