0.125 0.125 0.125 0.125 0.125 0.125 0.125 0.125
0.523782470925506 0.10807283350944127 0.1368906644944143 0.027796790316401282 0.13379420867696548 0.028087017842667948 0.03445635681231383 0.007119657422289721
0.48824478974379076 0.10253860293368233 0.14098747026602054 0.029356121299363994 0.1532472431226813 0.03253942716818559 0.04385784415520155 0.00922850131107401
0.49622090929208484 0.09338562692147723 0.15165087751871875 0.028272687727375418 0.14863816567254218 0.028346549269898033 0.04498955928573931 0.008495624312164269
0.44862766237055873 0.0990724034029555 0.207612268982374 0.04546678904101809 0.11172304301679041 0.02493088228295492 0.05123395944350797 0.011332991459840345
0.48037535693580014 0.0999106314692967 0.19865398534462406 0.04088964463341351 0.10568890712436832 0.022255137791421138 0.043223801355447754 0.009002535345628124
0.47982380445038425 0.08891289861353559 0.198480071603175 0.03638145533498155 0.11738435821615538 0.02200983981638901 0.04809251376136798 0.008915058204011112
0.4064163019639341 0.1844462296979865 0.11884454344213512 0.053465481137543444 0.12594205816961454 0.05780193233753954 0.036489958086409896 0.016593495164836894
0.4602697687687961 0.09529795111459123 0.2218390430881699 0.04542397956341673 0.09920189101061644 0.020852377482868403 0.04728844135048657 0.00982654762105456
0.5049376198338291 0.11022109802145341 0.13115600894632254 0.028355519327305206 0.146892730095017 0.03243251664050273 0.037753252681886416 0.008251254453683588
0.4537184420036036 0.10097899003389624 0.22159381745553325 0.048918274188244806 0.09620395683030951 0.021668274369079612 0.0465281080505793 0.010390137068753575
0.4625722087162476 0.1011961824649006 0.2045419545929235 0.04433174395707734 0.10675320427973405 0.023613659533505766 0.04675093581284714 0.010240110642764047
0.4623951415205205 0.1014483836762989 0.20368528060904692 0.044274914243536904 0.10730281150606688 0.02380436396347547 0.0468064632631971 0.01028264121785716
0.4360021160787003 0.19869220719895464 0.12747931601866658 0.05755983958437749 0.0957302296558199 0.04415686996254602 0.027717966129181325 0.012661455371753715
0.4476142547208718 0.09722470804014721 0.21703072895261616 0.0466597083205202 0.1060814274360864 0.02333158026870936 0.05096639053695896 0.011091201724089986
0.4079349008513535 0.1753901153116628 0.11954041788277885 0.05089671732689899 0.13306837567804713 0.05788893983701824 0.03864159848027067 0.016638934631969752
0.3920398601395928 0.19731324253129706 0.11812867827148385 0.058853188788755235 0.11929853125078049 0.06084884729548276 0.035566560624703064 0.017951091097904603
0.39682962847755154 0.2011169220451399 0.10567947540436433 0.05294422464958032 0.12742894303069774 0.06542210580126916 0.03355544383459736 0.017023256756799506
0.4686169957611723 0.0979213265235931 0.21163050409329673 0.04370061826593178 0.10166844649198588 0.02157080809227317 0.04538011697402748 0.009511183797719687
0.4944634443630142 0.0968696984656496 0.14493396259610725 0.02812631724559989 0.15242604427422285 0.030217768923003506 0.04427286888016583 0.00868989525223682
0.48030393193964493 0.0953752983826567 0.20867726231158004 0.04103844715235009 0.10172327008289404 0.020465062957526488 0.04371190765112978 0.008704819522218075
0.4494474798899032 0.09816197459865127 0.21082758114312372 0.04565811180141392 0.10960119361230179 0.0241827612474112 0.05097358123260109 0.01114731647459379
0.398836994519918 0.1916856020821955 0.12369988865245123 0.05894586684679962 0.11682770806164702 0.05681460136606896 0.03589133655375949 0.017298001917160064
0.4596120172508952 0.09527615280038046 0.20890649446715834 0.04279763082519992 0.1103081330607566 0.02318671755438949 0.04961088438278163 0.010301969658438426
0.5380438037348452 0.11160230702298984 0.14826614317236755 0.03045933376255377 0.11149399159906302 0.023421277753117645 0.030393097503054734 0.00632004545200829
0.46214757771388876 0.08632950621943968 0.21449308464107605 0.03970024347761136 0.1137086246215473 0.021476880994696003 0.052351435011323874 0.009792647320416946
0.4317695697386847 0.17441926272686611 0.12659440898658975 0.05064249562220729 0.11916977596875696 0.0488032068822849 0.034583658966363014 0.014017621108247318
0.4074065954458012 0.183216261353528 0.10926770135769245 0.04856264949220717 0.13667598664077957 0.06225985058685568 0.03628375123286346 0.01632720389027234
0.4855826008406998 0.11201190591770295 0.12909324874696787 0.02944488135165516 0.15660397740288978 0.036590105008762946 0.041166366651253714 0.009506914080067697
0.4797794207539614 0.10716972860626647 0.194412366828259 0.04300286471877674 0.10233892364031237 0.02314416732205744 0.04098004835070223 0.009172479779664393
0.4672946194242101 0.09201583334263048 0.21839322174259831 0.04259675118898389 0.10246865735878827 0.020428225357562658 0.047439466733118406 0.00936322485210777
0.46429527313519925 0.18753736362243473 0.12056103685758368 0.048172472676016764 0.10137267625449725 0.041477690038327554 0.02604711400554694 0.010536373410394116
0.488049013328571 0.09453277050433391 0.19677615108410676 0.037641424243619576 0.10941279278425876 0.021487353380032288 0.04364076741695275 0.008459727258124994
0.5086412446260061 0.11126707414866265 0.157682409925454 0.03421878365522161 0.11792636422279892 0.026072254021682926 0.036245600279652304 0.007946269120521328
0.5200183124477336 0.11493887106973324 0.15081217851635648 0.03305282080865932 0.11507293197435352 0.025718609066149364 0.033062537581650654 0.007323738535363931
0.4980041400136195 0.09328925861857769 0.14431156818439944 0.026776212975219503 0.1552302008903394 0.029428010192473944 0.04459164559796502 0.008368963527405326
0.4790639111181144 0.0897150151215708 0.19536694330145485 0.03620314494777568 0.1196318527822559 0.022671988226337425 0.04829518258546457 0.009051961917026428
0.4720326522957277 0.10328794225064121 0.20771968543722394 0.04505144135391151 0.0981044833169157 0.021722218278985208 0.04271242257897815 0.009369154487616705
0.48039795572835436 0.09428783454125518 0.19907789396527467 0.03866377982887636 0.11102382288023202 0.022049721984664254 0.045551951222986185 0.00894703984835691
0.4539328306629975 0.0889836953035238 0.2251494487944862 0.043747495849302015 0.10532860090269998 0.020891034687564557 0.051789845191827465 0.01017704860759859
0.4676339977532638 0.08611593787736885 0.23294057642542287 0.04249296504950464 0.09644206412854929 0.018005941159619378 0.04757446170443719 0.008794055901834229
0.47215651086391014 0.08654249933236277 0.22259132514872262 0.04041057225890217 0.10255851981077511 0.01903724314424104 0.047901153976898155 0.008802175464188027
0.4813973564389563 0.10468870496660496 0.20031889395248348 0.04316256131712903 0.09901461156543613 0.021784224064379434 0.04075458307170276 0.008879064623307925
0.4493000557726818 0.08826499771027115 0.22293403702398776 0.04340348547290861 0.10969415758189127 0.021792351242562787 0.0539864351250491 0.010624480070647643
0.4625012464868677 0.10089057514847274 0.20451721367533923 0.04420697777804212 0.10711461165626901 0.023626988095123508 0.04689730144435726 0.010245085715528488
0.4352404055302219 0.18751617269962392 0.112530361536033 0.04796695809553157 0.12024290603741854 0.05249501478245027 0.030738848278408573 0.01326933304031215
0.46844316824827753 0.10204177470293159 0.18765738583068553 0.04039219298041268 0.11828870628424913 0.026085032574984738 0.04688089802233704 0.01021084135612172
0.4488385305561051 0.09881335805452857 0.2091980873307187 0.04565037482184896 0.11056811131317726 0.02460392118883856 0.05106865622534856 0.011258960509434254
0.49518852407569675 0.1029419949697276 0.15351423080157095 0.031628996165635546 0.1370346047714736 0.028857933328403067 0.042059598628161984 0.008774117259330342
0.46695269311402415 0.08748260759282335 0.2292318036866013 0.042548354781795514 0.09832400768390832 0.018673863161544853 0.04779743956632387 0.00898923041297863
0.45897526619846163 0.09974938177430732 0.21617131919304736 0.0465872133726403 0.09984295922961124 0.021941573929578382 0.04658526846463853 0.010147017837715351
0.48478758981475045 0.08968835179400846 0.20114272993157503 0.03679951595192626 0.11204933237568888 0.020992140158684423 0.04601938696946074 0.008520953003905684
0.4083734693346848 0.17505099606043406 0.11954441702746416 0.0507794955098641 0.1332361760452264 0.05775005960575282 0.038665563726477926 0.01659982269009554
0.4867873961986654 0.09512804485216358 0.1948635194093325 0.037571477643520014 0.11109211814852356 0.02204050813641061 0.04392319194375593 0.00859374366762854
0.46657961403406034 0.09150327072544287 0.20541796125808431 0.03989805212416832 0.1142875968373117 0.022665198224729063 0.04986016658141123 0.009788140214792346
0.4259070364233099 0.1726106441630211 0.12462926096177279 0.05001435671159899 0.1247634505964289 0.05123044433325781 0.036152912670845486 0.014691894139764832
0.46839487587533857 0.09102479654829736 0.2007313573525219 0.03852673889703439 0.11817603191935604 0.023279413040902183 0.0501200497541286 0.009746736612420653
0.5042157388778203 0.11037357632116718 0.13029551650915638 0.028251839317702726 0.1479790797440694 0.03276691019544131 0.037825406492305126 0.008291932542337276
0.47986069854164837 0.10128230577752358 0.19492692844566709 0.04073798994935444 0.10773798411498402 0.02301258263484609 0.04329055717451972 0.009150953361456866
0.5315700352089736 0.09864246671346963 0.14618463499609244 0.02684736299731735 0.130224600175946 0.024453860087772387 0.03548563415507601 0.006591405665352461
0.479728378134466 0.08947188510241785 0.19642520748127362 0.03626756002449416 0.1186289845585188 0.022374099814119967 0.04812325294579926 0.008980631938910216
0.4045496264192176 0.19393941125643752 0.11823614207657697 0.05620725149672856 0.11867391657692879 0.05753627651580618 0.03435049883432802 0.01650687682397636
0.46908204521804486 0.09734022493174256 0.21294750015274136 0.04367424928039066 0.10095282925133722 0.02126717704708909 0.04530647356963951 0.009429500549014818
0.4318038546276364 0.17487521737762263 0.12661452537334422 0.05077238942465825 0.11872474093317761 0.04873895658972713 0.03446767417220724 0.014002641501626589
0.4896515843304728 0.1004767064596224 0.14822362983766246 0.03009214549948477 0.14754107921032444 0.030701484853002968 0.04421444035377808 0.009098929455651926
0.4712899099341019 0.1044300851892051 0.20484920918749036 0.0449835125488788 0.09970320035779826 0.022361581939243185 0.0428607226546389 0.009521778188643554
0.4094705160591098 0.16644108061669183 0.1270216533604534 0.05114029571337639 0.13334434332869252 0.05485191659326318 0.04102337900264118 0.016706815325771802
0.4645835353829214 0.10625336385395831 0.19889597766356384 0.04498498902911879 0.10576506537039954 0.024513229794654423 0.044751093953392794 0.01025274495199079
0.40747922955678906 0.1759974802109335 0.11901058702988583 0.050904687663046934 0.13318297778116603 0.05819683975876388 0.03855295431425481 0.01667524368515985
0.4780516739731299 0.10981480711374507 0.19130813428948562 0.04342827149675932 0.10320656338264943 0.02404093077720932 0.040769030037097545 0.0093805889299238
0.4761037846953406 0.09390922249398695 0.2092449389827874 0.04085792866143143 0.10453342049305621 0.020877102829004162 0.04548547180325958 0.008988130041133545
0.47592713091671685 0.08785672700084858 0.2101505380128814 0.03839976932592241 0.11005993348818895 0.020567687542394516 0.0481384639653389 0.008899749747708423
0.4666755227920742 0.09112790839904436 0.20611708236033316 0.039863408268189404 0.11403608090388946 0.022518281478301653 0.049906123053251136 0.009755592744916705
0.4588534060373219 0.09505144748721243 0.2277424363198249 0.046774721677341057 0.09513984907020477 0.019956330232250755 0.04676148593355145 0.009720323242292571
0.449439592793993 0.09798491148728561 0.21147223142972826 0.04570615595317135 0.10924719253903037 0.024066377031797564 0.050959493985968926 0.011124044779024905
0.4006004299703479 0.18236994067444476 0.1242661109604794 0.05606917754629517 0.12403447324993293 0.057133646396260805 0.038127434516597336 0.017398786685641696
0.4395612810956078 0.18853711970024406 0.12490017366288948 0.05291861774257516 0.10564286571957072 0.045977578378061004 0.029699437760987903 0.01276292594006387
0.47363602548520517 0.09206762511331229 0.20334569091531443 0.039044775806114713 0.11257495869556096 0.022185285968096536 0.047837558031749716 0.009308079984646231
0.45429339879870007 0.09410927963295482 0.22544263324884328 0.04630672398885474 0.09972335756065727 0.02090410134096699 0.049033653203508255 0.010186852225514565
0.4626462448761391 0.10095021603510272 0.20479079619572935 0.04427744810344289 0.10675738802218158 0.02355177322229181 0.04680081051097263 0.010225323034139791
0.44485674270190373 0.09245696129395843 0.22064891401182934 0.04545701882123508 0.1089481911526391 0.022895547479739653 0.05358019296081147 0.01115643157788335
0.4619730222165227 0.09566523892217073 0.20408462582801745 0.041852458417730005 0.11303934368450812 0.023672830720936563 0.0494599502925797 0.010252529917534595
0.4718977957304311 0.1034166211013915 0.20783810168554892 0.04513065475466935 0.09794387784617528 0.02172667203428113 0.0426720372631852 0.009374239584317434
0.5102173842939907 0.11177919259785578 0.14945097201806204 0.03245769481035944 0.12446780692516024 0.027553229613574263 0.03614528743782223 0.00792843230317519
0.4621819862373548 0.09178586610310278 0.21401131488480976 0.042110464890059096 0.10845098069925756 0.021789756129525023 0.04976715093981847 0.009902480116072587
0.5092121412208821 0.10536192702246959 0.1405464103578991 0.028806477225853406 0.14037748705256034 0.029411598797826694 0.03833263989359766 0.007951318428911159
0.44021699910252937 0.0975827019111093 0.2156368538151932 0.04741938319679961 0.10956603640905616 0.024539493585873734 0.05321885429056326 0.011819677688875312
0.4935417654170068 0.09695848357811586 0.1531480040157112 0.0298040647711549 0.1445814014521472 0.028775684844942563 0.04443429249462944 0.00875630342629209
0.3939121963462696 0.18084006752631324 0.12083654878632909 0.055009834049574075 0.1307028023169954 0.060664185100798886 0.039747943838353415 0.018286422035366297
0.45900870159455576 0.1003751814855575 0.1957742193586396 0.04230357719252589 0.11668931615066178 0.025850545875573668 0.049226653544672164 0.010771804797813408
0.4672826342565951 0.09736862503110211 0.21808832974904585 0.045022242444356445 0.09733984072063631 0.020545617449471996 0.04495645081751718 0.00939625953127506
0.40010495746549096 0.19150973194714607 0.11059421571863272 0.05245750635362504 0.1298916094645449 0.06281905092939151 0.03557935553023953 0.017043572590929368
0.48614591097605847 0.09575424046565731 0.14596239090737287 0.02841450839439802 0.15666083705887396 0.031310133358847435 0.04655853032427354 0.009193448514518204
0.49402821421959286 0.1037486450345067 0.13407966590360415 0.02789483045044955 0.15624854570176333 0.03319582387756647 0.04197403334483543 0.00883024146768145
0.40141198797827105 0.19567019400778052 0.122508958356317 0.05923150110593339 0.1138131130343668 0.056154647115085186 0.0343881778104616 0.01682142059178458
0.48894589641480385 0.10141507630209652 0.13888999566811136 0.028470821386297387 0.15632792345547106 0.03287641081218427 0.04394387446386662 0.009130001497168914
0.4622656146927073 0.10270268808114102 0.21299500619014997 0.046915937866310264 0.0982502732447186 0.02209595792365571 0.04479202395817337 0.009982498043143448
0.41363542381777646 0.17791344208947935 0.11413394990632725 0.048596853404445875 0.13455396086372132 0.0585426641364671 0.03678734470998156 0.0158363610718012
0.5081512583844974 0.10509775370126755 0.1354256777291401 0.02767184297370601 0.1463872639231101 0.030735182495239276 0.038540234736432435 0.007990786056607095
0.5029605112724036 0.09458044728818141 0.15375336337327483 0.028649531174562978 0.14192697545168487 0.027051667000093222 0.04296658614664132 0.008110918293157911
0.49019609243130285 0.10813307899959192 0.13356258821034164 0.02920761959312362 0.15389155710994493 0.034313482648450896 0.041521830881319215 0.009173750125925036
0.46188855564194203 0.09755088494041286 0.2125126687870848 0.04447701205440425 0.10396464264339994 0.02222632433208713 0.04735268068650596 0.010027230914163084
0.39585167357505513 0.17985032989929176 0.1229374224935968 0.05537028995026738 0.12896065740390444 0.0592394083776868 0.03971363205938571 0.01807658624081195
0.45973525300066104 0.09005120149622531 0.22163025720953597 0.042904803912850946 0.10493028702966649 0.020870701525211005 0.05004375806089774 0.009833737764951549
0.4251053179152824 0.18191728439384114 0.1104098128190208 0.046759056851980126 0.13098582313624885 0.05672503490974259 0.03367387820817089 0.014423791765712967
0.48687639249190456 0.09524680640599496 0.1465394170917605 0.02834480378495417 0.15627673647628829 0.031008891498368878 0.04657325083804523 0.009133701412683453
0.5376649114048855 0.10679287365748312 0.1369700922513447 0.026926657505897837 0.12749328530234505 0.025631271107365516 0.03213085759270671 0.006390051177971521
0.5013633600074346 0.1050533883268596 0.14498348700585884 0.03012659505963304 0.14016953276223143 0.02971463894492101 0.040152084005655904 0.008436913887405521
0.4302475985516615 0.0903869745540537 0.19881567471529757 0.041399041336043836 0.1353698706547098 0.028763304548129177 0.061971910369458476 0.01304562527064588
0.4470443490201012 0.19320500930383588 0.1302183449203483 0.05571944525221937 0.09388877539670774 0.04115011898636145 0.02704445640964486 0.011729500710781205
0.47441146919312976 0.09727907942804251 0.20423829002474198 0.041395985381168426 0.1061209264071178 0.02205430904738646 0.04521577372635216 0.009284166792060953
0.5378464154366156 0.1054630089548349 0.14821142036646884 0.028776459907846438 0.11784288667713286 0.023394279710152403 0.032149306352985144 0.006316222593963823
0.5088570901764101 0.10628544348025881 0.13038033056102802 0.026983079190870625 0.1498687434145865 0.0316496368294977 0.03802361906433249 0.007952057283015696
0.4656888146194273 0.10351754101101264 0.1892802319296286 0.04168470226247464 0.11641271209890085 0.02614767805421046 0.046848271880819886 0.010420048143525642
0.5112753510211531 0.09527537489132495 0.1402118935454332 0.02585047262790152 0.15049411679441796 0.02842171716252981 0.04084373485649843 0.007627339100741267
0.47111649874934647 0.08820316572285031 0.21763491217362138 0.04036702257133282 0.10541139732439857 0.01998783706758372 0.048224520366732575 0.00905464602413404
0.459155472585749 0.09472901648330516 0.22859796410448438 0.046768299822274484 0.09464554317659434 0.019766839891861558 0.04667487021724499 0.00966199371848615
0.4930499756310917 0.09079567170664597 0.14502918306620863 0.026443800812222112 0.15974096817248443 0.029767433304762118 0.04658237808427113 0.00859058922231388
0.4446163021672855 0.09832436567819136 0.2177673264175164 0.04777672187157592 0.10543193346964733 0.02357220755022609 0.05116658319795146 0.011344559647605877
0.42576916505426504 0.17286193809367514 0.12476239977616527 0.05013462880045182 0.1244522308657561 0.05121393422805116 0.03610717166041383 0.014698531521221551
0.4085385604200896 0.17401433503334618 0.11639538770139024 0.04899510677048443 0.1374213927352655 0.05933383038052469 0.038766859911826816 0.016534527047072586
0.5381772058758049 0.11125656600965318 0.1434521057035854 0.029296397207807842 0.11639310577307733 0.024429389993312282 0.030644160491318285 0.006351068945440647
0.46205195231003043 0.08642030784503563 0.21416811990689924 0.03968977435758558 0.11393073826942209 0.021547260683795776 0.05238083821402248 0.009811008413208765
0.4675599427512832 0.0861879158366786 0.2324399649097762 0.04244931004289525 0.09680111460850897 0.018089755474680082 0.04765385407903123 0.008818142297146496
0.5381136898399718 0.09864756397463699 0.14929839146070256 0.027095612203505648 0.12366652587748549 0.02294656189871809 0.03399107494530799 0.006240579799671277
0.4587005541307936 0.10092903519326307 0.21296121463624806 0.046492181885717576 0.10141328379948839 0.022550046150078995 0.046663478548216834 0.010290205656193553
0.4260828501624723 0.19380419122521989 0.1323101269516995 0.059653245393666225 0.09859812328817673 0.04536772027862339 0.03034842790878026 0.01383531479136182
0.48305833366492873 0.09938016823803145 0.19474358953608215 0.039562746345413506 0.10848343822831376 0.022629532749612997 0.043239666748352154 0.008902524489265155
0.4947952220561452 0.09173521683295444 0.20449384471568494 0.03750480660175283 0.10251639870020751 0.019264324023126684 0.04190519103956253 0.007784996030566063
0.4457912078271068 0.0972015319696889 0.22164821305256482 0.04795218357938591 0.10290732522726893 0.022671882203577378 0.050740630123233633 0.01108702601717351
0.5186922757802507 0.09593755072455386 0.14326066749355806 0.026214322714397643 0.1428388940938654 0.026793034804263482 0.03902556724773609 0.007237687141374663
0.5443465610751581 0.11389270766645758 0.13899228545433134 0.028810526164666634 0.11465477450085974 0.024278247163406257 0.02895420872080836 0.006070689254311852
0.4083931195373337 0.16756235775273895 0.12538482708073878 0.05099801340388245 0.1342517641558447 0.05569251374794171 0.04090399820231064 0.01681340611920899
0.45577313543455417 0.09383276434198559 0.22014298442075989 0.04482681950969854 0.10385236457422618 0.021692529769095272 0.04963004095829702 0.010249360991383285
0.46298730861592297 0.09578780417736722 0.217381757229385 0.044565501778765476 0.1012410447310053 0.021199373104710612 0.04707452548367253 0.009762684879170756
0.466594603595328 0.09129587669337946 0.20624698520372903 0.03995524709296751 0.11379010210864074 0.02251987227267248 0.04983694577600869 0.009760367257274317
0.4281618488411963 0.19439732383712993 0.11079855608210677 0.04980830708397195 0.1183587596155896 0.05441479898522525 0.030283341869546086 0.013777063685234233
0.47377141551541324 0.09282742814224959 0.21507790111601163 0.041643094104089215 0.10176469101074927 0.020246647584675172 0.04568982359561295 0.008978998931198934
0.4805567205071526 0.09387490801537318 0.19957848462783903 0.03858915157879535 0.11093922847190806 0.021926044799603243 0.04561671023871308 0.00891875176061552
0.5230743769846936 0.09674474407663626 0.16217434626922161 0.029718738296995076 0.12135182649202086 0.022721782231628213 0.03729810547366641 0.006916080175137967
0.4721865517790033 0.10373199152550518 0.20673453411933726 0.045035671710670466 0.09840489976721616 0.02186183992268705 0.04265281712254523 0.009391694053035155
0.46330801901210655 0.0909638401567163 0.23007937746202423 0.04476417151655674 0.09558665760171832 0.019011717727445396 0.04702282385832169 0.009263392665110809
0.466840488776231 0.09093809057805587 0.2070428078467478 0.03993839032789792 0.1133674082978238 0.022332063715906125 0.0498260727765706 0.009714677680766701
0.39579510917459815 0.17964499603501385 0.12280707838152105 0.05526559102471097 0.12929269115018693 0.05932926604508992 0.03977618187171646 0.018089086317162648
0.4127298529177966 0.17719106498726356 0.11012191725456624 0.046667028204845806 0.1397303429839208 0.06084010434890741 0.03687676780625072 0.015842921496448645
0.49675373220235836 0.10854310668638016 0.13217636551698927 0.028547283268075895 0.1517290761486818 0.03361568985492757 0.03990061108360502 0.00873413523898221
0.47109720140984607 0.10490208122922005 0.20391858029983564 0.04499785227867074 0.1001002564760456 0.022561431152651117 0.04285546298283458 0.009567134170896248
0.44918885250012774 0.08829459112952798 0.22289434180677029 0.04341458759464076 0.10974557613394863 0.021819457944752072 0.05400738161296342 0.010635211277269201
0.4438451536421224 0.2010047420426793 0.11521987200783557 0.051656837571725234 0.10279780284563902 0.0470969466630239 0.026407706189599915 0.011970939037374657
0.47882375365667573 0.10985379448861751 0.19226051432842137 0.04361081571723728 0.10197795269673066 0.023703949335242246 0.04047234885514549 0.00929687092192963
0.5216469294608169 0.10874246084771001 0.14333682604259762 0.029593419580873515 0.12772828986853058 0.026917819377027672 0.034778697896821 0.00725555692562282
0.5033427488913943 0.1113916782930615 0.1285563758254536 0.028190881486919596 0.1491100232453945 0.03336238033579204 0.0376934379957124 0.008352473926272275
0.49848406247883015 0.0996578356874212 0.13480351208033747 0.026686712038382052 0.15775244340931396 0.031917563398881424 0.042239480754541224 0.008458390152292513
0.4797510410004429 0.09023636382995555 0.20788983186789575 0.03870785266186891 0.10787806700694315 0.020557609400345327 0.04625766269805656 0.00872157153449201
0.47998107260808626 0.08850327362663658 0.19905400800950424 0.036315759757494556 0.11723608025833253 0.021870762972812114 0.048155297447643526 0.008883745319490063
0.4578153299735066 0.0896142165023545 0.21423427450380528 0.041552963356980416 0.11227245403191671 0.02222479847200684 0.052075968329391 0.010209994830038574
0.4627711346993829 0.08543273741340313 0.22998569376240283 0.04205822305490189 0.10152213497807362 0.018990927035296847 0.04998207018849431 0.009257078868044447
0.4411123837491235 0.09584934368815509 0.22011868092735357 0.04744647671866002 0.10727673378984005 0.023550621940708696 0.05308925865706843 0.011556500529090625
0.48952400309264876 0.09060589231717336 0.20302530222782994 0.037152377888319384 0.10735485475109457 0.020141161044107552 0.04403365750916593 0.008162751169660533
0.4851100803836977 0.10585003999395404 0.15063409300860586 0.03260991413363614 0.14150228788528743 0.031216217205757235 0.04354971608164416 0.009527651307417246
0.46132981471973367 0.0970139116388509 0.20056701760925869 0.041775404369957074 0.11495314842500448 0.02444520701627938 0.049495390183669344 0.010420106037246616
0.4197287709873455 0.1707163196144359 0.12996905670312162 0.05235674119730075 0.12322095048289687 0.05078942477460513 0.03779641730744828 0.015422318932845831
0.47375131007995414 0.09725308705744168 0.20325847952699724 0.04122877714243965 0.1072958437087103 0.02234149759942656 0.04551155387464232 0.009359451010388235
0.4496613862977359 0.09327093881765061 0.223136084924329 0.045888392803333254 0.10423840619372189 0.021868081535918883 0.051276239877652986 0.010660469549657582
0.4672875302295647 0.10205367204393465 0.20664552594984545 0.0447150578640852 0.10219895205867843 0.022580547792890544 0.04473146525531673 0.009787248805684344
0.46294081403320314 0.09613862790292552 0.21681838589150204 0.04461604915902521 0.10136988160088392 0.021304479503220928 0.04702388314657297 0.009787878762666085
0.5389988202613231 0.0995473430313956 0.13984470997847376 0.02554508162729196 0.13146934005944375 0.02457292259163002 0.033780504461966704 0.006241277988475294
0.45330876932669145 0.08461965925455993 0.22262747095481744 0.04120363626277056 0.11218164986999125 0.02117466559186543 0.05465957321618408 0.010224575523119877
0.4980695490673509 0.10850320105596305 0.13768988146423375 0.029726080691730224 0.14546795250592184 0.032056466176104574 0.03979950202585945 0.008687367012836055
0.4399634206903426 0.09781159359357341 0.215122213929538 0.047434924435865326 0.10986463817672829 0.024684274654880854 0.053255946604098395 0.011862987914973177
0.46247465596904336 0.08577500846094491 0.2295786513470789 0.042160380776926236 0.10163521483039271 0.019109246096056184 0.04996904290521056 0.009297799614347164
0.43281955298520836 0.17412944362008764 0.11994942115299662 0.04776957597106487 0.12570772851210985 0.051227089422195005 0.03449152516048435 0.013905663175853202
0.5219378863983849 0.11930125843536575 0.1485823442191968 0.03361412081044067 0.11191152266818231 0.02592712461449626 0.031504702919851524 0.00722103993408177
0.4175283803618126 0.1817717863576056 0.1137951476713857 0.049065871678502404 0.1300989425660673 0.05728766499592202 0.03513642974320432 0.015315776625500089
0.4872878222712202 0.10079041812256373 0.19486789226509085 0.03979597413216594 0.10509702811397177 0.02206546245569564 0.04149737770083083 0.008598024938461039
0.4683919434450371 0.19027926638843562 0.12103883503113978 0.048643446022620856 0.09690034543559578 0.03989415366776281 0.02476975864439462 0.010082251365013567
0.4392346163395244 0.10002559272578443 0.2132097988658786 0.048100555326767436 0.10949290483635822 0.025211479281202737 0.05270664593431585 0.012018406690168331
0.4802378751093454 0.0891795274134884 0.21163101113968552 0.03887065910765499 0.10559337484082325 0.019878998613055428 0.04604046857177254 0.008568085204174453
0.46242442343762374 0.09545414257917365 0.20438821562400136 0.04180599896657743 0.1127875112114128 0.023529551037638614 0.04940260458005147 0.010207552563520817
0.4222636275192252 0.1921115254389028 0.11625086443573238 0.05238428284871275 0.11683063568441272 0.05382956149639095 0.03181743047783561 0.0145120720987876
0.4599254713530434 0.10574587152821088 0.1964952096022233 0.044680248440588016 0.11020060250337856 0.025654575428604467 0.04657841409901209 0.010719607044939166
0.4146721525009231 0.20005969158227221 0.1069386465961939 0.051081749523743274 0.12175341119836094 0.05943509214594444 0.031056843048208452 0.015002413404353675
0.4690332858957386 0.09759791651858969 0.21234095323753538 0.04367569509697596 0.10121411645379473 0.021377029750928138 0.04530605453719141 0.009454948509246143
0.48115153724284776 0.1052003438945739 0.19959003847129192 0.04322314655180084 0.09924296533784809 0.021958107406438585 0.040716026788100296 0.008917834307098513
0.4665486759665255 0.10232825474106713 0.19305479855351518 0.0419395187987748 0.11393444055440233 0.02524781115710421 0.0467011910707221 0.010245309157888745
0.4758760046159525 0.10466247851165582 0.19628477993807572 0.042749399592618274 0.1048775276977676 0.023336451991829196 0.042789950875601585 0.009423406776499521
0.44912214835086134 0.08838912241012213 0.22252710778162488 0.043397817944852694 0.10997806607135968 0.021892226370062492 0.05403871622031305 0.010654794850803524
0.5268620144218219 0.10294183850040385 0.14559301070474256 0.028163595242686787 0.12881887074041382 0.02546374678591809 0.035260009307894885 0.006896914296118288
0.4673798790340874 0.08733746916499018 0.22962127701059973 0.042531918996572 0.09795799828227238 0.01854309439886136 0.04768537986187217 0.008942983250744897
0.4311154300380015 0.18380442513566572 0.11952497005419267 0.05047030571530227 0.11795322321391004 0.050931603339202616 0.032366286809596065 0.013833755694129085
0.46455716789769 0.10099277883489327 0.19887868149012847 0.04274668019250693 0.11107687670316295 0.02445948045351024 0.047049402121006625 0.010238932307101357
0.4543413665275451 0.09978506178672643 0.2250554265333332 0.04901306443769422 0.09435138481209386 0.020975735800026925 0.046280278206719684 0.01019768189586059
0.41581021948820984 0.1991438196648914 0.11502521257941349 0.0545801425258998 0.11399853506482437 0.055258284184440794 0.031205380337598832 0.014978406154721438
0.4918893091500846 0.096560595314912 0.1968127970015633 0.03812008834097911 0.10561685914655534 0.02105683912906973 0.04173725900521829 0.008206252911617655
0.4631795933701154 0.09598222891836553 0.21681956165348137 0.04453968081610169 0.10141587985853132 0.02125902527776344 0.047034931056204606 0.009769099049436673
0.4425482379757525 0.20074484174178475 0.12224559473272541 0.05492640806028128 0.09669150712651878 0.04438516904596577 0.026441798583409375 0.012016442733562276
0.46012163337067347 0.100011431647464 0.197483023257641 0.042445363548135495 0.11507352106083968 0.025311803450829503 0.048917630828334634 0.010635592836082203
0.4844294152691602 0.09006201269813076 0.19995005001441452 0.03675725692556367 0.11286891469778447 0.021254608553889005 0.04609888597443426 0.008578855866623158
0.42916821054244936 0.20548700752817903 0.12558970972310962 0.05963321851533731 0.09414985390825804 0.04558359388236757 0.027291052567403783 0.013097353332895299
0.4607496843574353 0.1003603522342413 0.21028616703407968 0.04530920689238202 0.10349053519418765 0.022840434126461792 0.04675931931763963 0.010204300843572505
0.49157737872648927 0.10771163045331517 0.1272821164298722 0.02761813023431445 0.16023756169602452 0.035484309278990704 0.04108394857419887 0.009004924606794756
0.43351400785827576 0.17967456456714076 0.11704782759012732 0.04800936338657179 0.12331593863570403 0.05182614919998102 0.03292531702581569 0.013686831736383616
0.39834230128896436 0.19989242470104707 0.10651180521682928 0.05287154270099461 0.1272033054578026 0.06462367196681217 0.03365088955848554 0.016904059109064288
0.45868506630601147 0.09064770833984116 0.2072409038124915 0.040452683717603334 0.11691324283201654 0.02343067916852964 0.05228392072501889 0.010345795098487365
0.46749788632226197 0.09690524587892173 0.21883985908359352 0.04495183327518119 0.0970918627071647 0.02038283703745559 0.04497822737403906 0.009352248321382126
0.48584795357502175 0.1004723567422037 0.20187820714599264 0.04133417700461808 0.09995095217551907 0.02092601078333131 0.04107992627834189 0.008510416294971391
0.44099429400117124 0.0965123218820202 0.21897117437201874 0.047535538749642746 0.10759071935601071 0.02378692415786334 0.05299243719113721 0.011616590290135636
0.4007237643679847 0.18222969927595037 0.1244544286216343 0.05609016292528125 0.12393970601502767 0.05703337556414766 0.038141905013597224 0.017386958216376997
0.46438775442905034 0.1067475424951216 0.19847710892571244 0.04510794410020312 0.10571472833893414 0.024628093882590577 0.04465528982822614 0.010281538000161537
0.47185229508948884 0.09301035791866066 0.2204709584130131 0.04303699348753455 0.0978669368271646 0.019549410277774446 0.045263836867085315 0.0089492111192786
0.46286030890530777 0.10086777242853784 0.20490907224718155 0.044258127883750026 0.1066419694491438 0.023488725151555173 0.04676914281227224 0.010204881122251567
0.462689937226083 0.08583358636816966 0.22950531330492566 0.04216725513818149 0.10153441814983546 0.01908633505306532 0.04989797609627399 0.009285178663465555
0.4716841092613319 0.09177514578734396 0.20915255404522035 0.04030236689983387 0.10866690568733749 0.021392115790201158 0.04772679828332216 0.009300004245409279
0.42056209068275 0.17016780458747635 0.13060503217915315 0.05235592058000291 0.12282746846281092 0.05034461694759999 0.03779624494140841 0.015340821618798265
0.4054037387748992 0.19242498924797563 0.1156581662869726 0.054302809467399966 0.12236825551704841 0.0588780495060094 0.03453440376248432 0.01642958743721052
0.46347710970948347 0.10690969945088664 0.1852294446905127 0.04221829580473316 0.11754921737402588 0.027448843153903526 0.04645345888992765 0.010713930926527103
0.4753052302278893 0.09939786072178254 0.19553796188692074 0.040468519124442597 0.1110943985887631 0.02350818671989904 0.04522259095834652 0.009465251771956031
0.4538010374074069 0.0995702146567975 0.21207146212908967 0.046130170900930495 0.10546498163860858 0.023394542278701577 0.04883351133861371 0.01073407964985161
0.41320476626660924 0.17783495373554736 0.12099135393381712 0.05156822589695818 0.12772762994840964 0.05564552441205763 0.03705043537670176 0.01597711042989896
0.4725748586748595 0.09753366110988783 0.1893878457710923 0.03859021453925659 0.11967361056849941 0.02502761963916165 0.04742468125388488 0.009787508443357722
0.4956788980798259 0.10318843274323714 0.1277176357516889 0.026321901595776916 0.16269820505662005 0.034246251526848764 0.041504263494151254 0.00864441175185116
0.4083881467372896 0.18896392359751485 0.11730706887455236 0.053797774539090536 0.12286000889178299 0.05753782794840514 0.03493631542465257 0.016208933986711856
0.43482316821970773 0.18688089779181907 0.10871557054760007 0.04609660956620423 0.12487014432211505 0.05451831260931536 0.030824510771321378 0.013270786171917086
0.49345895742272294 0.09649674760833045 0.14859388229480358 0.028734244006342557 0.14965662649688813 0.029695955891962684 0.04461323851172252 0.008750347767227098
0.47906223610419507 0.0897475046322056 0.19551831754166188 0.036238373952509506 0.11946767060117151 0.022651494833050904 0.0482653622661321 0.009049040069073545
0.4761431312557013 0.10418458041820468 0.1967694625382681 0.042655141593214846 0.1048119382484972 0.023194331664795273 0.042851597876736404 0.0093898164045824
0.48067819672043977 0.09999525623150428 0.19865082541287685 0.040911037260299495 0.10545683826800371 0.022200220220121643 0.04312511271221709 0.008982513174537172
0.4500390522195687 0.09861911704627621 0.2231965038736533 0.048511547517430344 0.09864046355507011 0.021860117378965694 0.04848134811303616 0.01065185029599942
0.47166434624922043 0.087184980441603 0.22153202931773575 0.0405345902422645 0.10300129469832997 0.019293664416058467 0.04791041822122556 0.008878676413562256
0.4905429647326718 0.09555529156106585 0.20405576153261057 0.03934870636388877 0.10094275418726832 0.01991482794454849 0.04153306505514421 0.008106628622802174
0.5153969541356626 0.10660801090253355 0.1510524179373241 0.03097409798139956 0.12563375291358397 0.026260334855576467 0.03651207370742783 0.0075623575664918626
0.45311302095871686 0.08476428741720225 0.22269517913599757 0.04128445534294237 0.11206554742621015 0.0212076149114033 0.05462944243105954 0.010240452376467873
0.489788216638612 0.09015229574481326 0.2034949266823257 0.037050464429807785 0.10728558885034362 0.020009036582520734 0.04409042915228056 0.008129041919296327
0.4125178535731368 0.186813631753333 0.1068879162050984 0.047946331091863914 0.1342913343052092 0.061456390845118565 0.034469610394335534 0.015616931831904471
0.46893967441794915 0.09739559888654853 0.2122080187395902 0.043567357246156166 0.10157248205257421 0.02141547201150858 0.045435738996440975 0.00946565764923211
0.45787290591263746 0.10011033743151598 0.20221007135939806 0.043811647770559646 0.11172336737323849 0.024682785714709332 0.0488904327682126 0.010698451669728624
0.5500672463705412 0.10823931734191572 0.1420674995682349 0.027656193722643482 0.11425880648755385 0.02278613821395486 0.0291726986524659 0.005752099642690118
0.5052931480411433 0.09430705413352106 0.12939709607855582 0.02391188439621586 0.16584272940099581 0.03128973871732191 0.042098303760987936 0.007860045471258223
0.4847575117457256 0.1019336456516259 0.19692431711092373 0.04101659793713616 0.10321315404392707 0.02197255467524989 0.041446992815635596 0.00873522601977629
0.4714663856754547 0.09259491224637398 0.20764984778454915 0.04038373195727105 0.10919511475171143 0.02169737855237396 0.04764309210372136 0.009369536928544385
0.46261505101184247 0.0905587009401751 0.21679822733721688 0.042044921239053075 0.10720401754664292 0.021235172075376493 0.04977980911903195 0.009764100730660957
0.4578532857552411 0.08947908989516679 0.21491193375332152 0.041608166895479456 0.11182969215757683 0.022105749188275896 0.05202843018462702 0.010183652170311546
0.45772039876396997 0.09995774050952788 0.20211401276868038 0.0437385321330544 0.1120297713328989 0.02472517395886386 0.04900240944187628 0.01071196109112805
0.39519945232275827 0.18021357632876622 0.12238535645548253 0.055316014992610844 0.12936630557458367 0.05965728216735037 0.03971636324526986 0.018145648913178204
0.42890882030982186 0.08882693803831176 0.20671886769042086 0.042332341252439676 0.13057766833587825 0.027442458960032973 0.06225947331926273 0.012933432093831783
0.4618150937575122 0.10139422146004172 0.20299505871163362 0.04414421923483839 0.10820649007023672 0.024037351881567446 0.04705846124421264 0.010349103639957273
0.4402604252530484 0.18979670736156581 0.1211499513232701 0.05169956599660832 0.10791541305724155 0.04706656082125325 0.02941740325498409 0.012693972932028511
0.4004831808329133 0.19060001534174179 0.10733739994405238 0.050513581165571246 0.13401258909272654 0.06455466630773671 0.035565152916110954 0.01693341439914714
0.4943373735788393 0.10297277479330194 0.1396502059225838 0.0287493834401745 0.15124902308886268 0.03196880654463205 0.04225005298767325 0.008822379643932548
0.46116186096511635 0.08675252020553978 0.2126374902277064 0.039611435679648005 0.11528697703840893 0.02195139382087741 0.05267159277538653 0.009926729287316744
