Action: 0
[0.10771381985162497, 0.10662434430136829, 0.2521390744055496, 0.10662434430136829, 0.10702538423598408, 0.10662434430136829, 0.10662434430136829, 0.10662434430136829]
[0.11020478182502597, 0.10605383992147921, 0.14587577867201448, 0.10605383992147921, 0.21210767984295842, 0.10759639997408446, 0.10605383992147921, 0.10605383992147921]
[0.1447867782335249, 0.10399624320341136, 0.1098757176783218, 0.1039304772965896, 0.22364698247997086, 0.10590284651500215, 0.1039304772965896, 0.1039304772965896]
[0.125, 0.125, 0.125, 0.125, 0.125, 0.125, 0.125, 0.125]
[0.14537482067625018, 0.10677871369116057, 0.21384641543259078, 0.10677871369116057, 0.10677877464379404, 0.10688513448272262, 0.10677871369116057, 0.10677871369116057]
[0.14476761704955926, 0.10522502544135252, 0.223677519047574, 0.10522502544135252, 0.1054297366961041, 0.10522502544135252, 0.10522502544135252, 0.10522502544135252]
[0.125, 0.125, 0.125, 0.125, 0.125, 0.125, 0.125, 0.125]
[0.125, 0.125, 0.125, 0.125, 0.125, 0.125, 0.125, 0.125]

Action: 1
[0.10526055550496508, 0.10526055550496508, 0.10526055550496508, 0.10526055550496508, 0.14474857270927827, 0.2236880942609314, 0.10526055550496508, 0.10526055550496508]
[0.21054470951913876, 0.10527235475956938, 0.10527235475956938, 0.10527235475956938, 0.14476962833324206, 0.11832388834977234, 0.10527235475956938, 0.10527235475956938]
[0.10527377960452138, 0.10527378377415048, 0.10527377960452138, 0.10527377960452138, 0.11831179048797684, 0.2500455277152658, 0.10527377960452138, 0.10527377960452138]
[0.125, 0.125, 0.125, 0.125, 0.125, 0.125, 0.125, 0.125]
[0.10590582844260957, 0.1197023857282128, 0.10394856367930967, 0.10394856367930967, 0.14478293174837023, 0.2138145993635687, 0.10394856367930967, 0.10394856367930967]
[0.10631578795310542, 0.10631616811757251, 0.10631578795310542, 0.10631578795310542, 0.11014339676151873, 0.2519614953553817, 0.10631578795310542, 0.10631578795310542]
[0.125, 0.125, 0.125, 0.125, 0.125, 0.125, 0.125, 0.125]
[0.125, 0.125, 0.125, 0.125, 0.125, 0.125, 0.125, 0.125]

