0.125 0.125 0.125 0.125 0.125 0.125 0.125 0.125
0.09592326139088728 0.15987210231814547 0.08633093525179857 0.14388489208633093 0.11990407673860912 0.19984012789768185 0.10791366906474821 0.08633093525179857
0.07295173961840629 0.12906846240179573 0.09118967452300786 0.16133557800224466 0.08754208754208755 0.15488215488215487 0.10942760942760943 0.19360269360269358
0.11177743621801656 0.08802473102168805 0.13413292346161987 0.10562967722602566 0.15070106743598286 0.11003091377711006 0.16766615432702484 0.13203709653253207
0.08645257396649031 0.1529545539407136 0.07536891063745309 0.13334499574318626 0.11787681332653313 0.18354546472885636 0.0904426927649437 0.1600139948918235
0.12584773132181168 0.10158792769351062 0.15730966415226458 0.12698490961688827 0.1255418175674326 0.10686283325585473 0.14157869773703813 0.11428641865519945
0.09284501682027088 0.07494718225250782 0.21283044490863395 0.14989436450501564 0.09330731270671151 0.07414972047585847 0.16712103027648756 0.1349049280545141
0.09836550433154909 0.07746283466109491 0.19673100866309817 0.15492566932218982 0.09841079250983664 0.06753170201223659 0.1715090844755215 0.13506340402447317
0.06964316837789494 0.12321483636089106 0.11524899870413632 0.15401854545111382 0.09132120218415613 0.15726624181362886 0.10446475256684243 0.18482225454133658
0.0963727212306494 0.0758935179691364 0.21311287099218978 0.1517870359382728 0.09630862626626234 0.06616357976796507 0.16803448829959383 0.13232715953593013
0.07235116583130216 0.12058527638550359 0.11739410790631885 0.14470233166260432 0.10483085940718292 0.1507315954818795 0.10852674874695324 0.1808779145782554
0.10470315418344092 0.08451941361795834 0.15636451887824718 0.10564926702244791 0.13814818305907742 0.12678161153672934 0.1570547312751614 0.12677912042693748
0.10449191138435576 0.08228738021518017 0.15817732799128573 0.0987448562582162 0.16078923529458222 0.11534035145707597 0.15673786707653367 0.12343107032277024
0.05815042848826929 0.08797396079959204 0.08037238047813688 0.10556875295951046 0.13442267906724248 0.19569178873681536 0.12668250355141253 0.21113750591902092
0.062352505960885395 0.09835752984805324 0.06036789119092424 0.08852177686324791 0.14499277680740327 0.2621378333670927 0.10622613223589748 0.17704355372649583
0.05970969188745032 0.09367554783483747 0.055919980507692785 0.08430799305135372 0.14088654732792807 0.2957146616264058 0.10116959166162447 0.16861598610270745
0.05581973450728213 0.09875799182057607 0.05333650252169806 0.08609671081793811 0.13864964325711454 0.2978192788627152 0.09732671657679962 0.17219342163587623
0.09600726545435553 0.07155067062077416 0.1989092499937035 0.14310134124154833 0.09869167971000278 0.10856571031115518 0.15841906722711085 0.12475501544134983
0.08069504930678884 0.14276816415816485 0.09408511753468174 0.12446455336865656 0.11304441246601848 0.2111658029254305 0.0844194361978714 0.14935746404238784
0.07275342714769434 0.11219854012629771 0.09756012187193315 0.13463824815155725 0.10077544288823363 0.21279772351116938 0.10097868611366793 0.16829781018944656
0.06399657237800609 0.09457875157510617 0.06212177174831652 0.08512087641759554 0.13357750297159843 0.2882177203730717 0.10214505170111464 0.17024175283519108
0.0725473793957468 0.10844081111879922 0.08908546913397758 0.13012897334255905 0.10085403920416783 0.23868538111963153 0.09759673000691929 0.1626612166781988
0.07707010362643253 0.13635479872368833 0.0775392152252633 0.11887341427193343 0.10861244940817309 0.2582747362859213 0.08062718533226788 0.14264809712632012
0.0891013468135939 0.07192518357241917 0.20230938680767593 0.14385036714483834 0.09538648001876028 0.10757948094788886 0.160382424264469 0.12946533043035452
0.13773666613814478 0.09377546573951201 0.20709401578667175 0.11253055888741442 0.12122542603104423 0.10495834877227629 0.12457595448667773 0.09810356415825872
0.1039377504898839 0.1388134243824918 0.11412295721003449 0.12493208194424263 0.1268279495188028 0.22270752582981687 0.09369906145818196 0.07495924916654557
0.0762650537951032 0.13493047979133643 0.08332520105110244 0.11763170033090871 0.11191280740725573 0.25499173787232593 0.0797849793548772 0.14115804039709043
0.08820829401915657 0.07120428553353603 0.20904866487588905 0.14240857106707205 0.09500407424479052 0.10718346706470912 0.1587749292344818 0.12816771396036486
0.08567837855624603 0.06916206461769259 0.258629704145955 0.13832412923538517 0.08984490690683672 0.0796480188247952 0.15422108140124285 0.12449171631184666
0.0838377419898002 0.06767624955803148 0.2793912021959343 0.13535249911606295 0.08734256721186742 0.07367455514220672 0.1509079355816403 0.12181724920445666
0.09275260412752016 0.1344449534976194 0.16453853022217543 0.16133394419714328 0.08130170867607826 0.14058809096344824 0.08439006311850572 0.14065010519750953
0.08124547455710711 0.11210941313895796 0.11374510568348924 0.13453129576674955 0.09621068200785378 0.1930954373123433 0.10089847182506216 0.16816411970843692
0.06672468752302375 0.09404851221535754 0.06518288588992298 0.08464366099382178 0.13216593679950916 0.28637460139813503 0.10157239319258614 0.16928732198764357
0.09815977303249868 0.07923740714671579 0.1440759603177752 0.09904675893339474 0.14552141848429176 0.16786291181650195 0.14723965954874801 0.1188561107200737
0.085546883133835 0.06905591771044511 0.2368630559772129 0.13811183542089023 0.10215165961221503 0.08998560662569736 0.153984389640903 0.12430065187880121
0.09762882632640507 0.07880881161288121 0.1994075219739218 0.09851101451610152 0.14385673852734396 0.11713063013441705 0.14644323948960764 0.11821321741932181
0.09160212133707926 0.06717418940571793 0.2571173946388618 0.13434837881143585 0.09943488127882223 0.07962107722145845 0.14978841637633217 0.12091354093029226
0.08192899690297689 0.13249766301873825 0.15927528167422547 0.1656220787734228 0.08257523295974141 0.1447896443987691 0.08425123137604552 0.14905987089608053
0.12934098856252432 0.09114740507479666 0.20188679925981853 0.11393425634349584 0.12044117848505623 0.11368034829860785 0.1270281932665543 0.10254083070914623
0.08272861974574952 0.11260063496219717 0.12442117475760375 0.14075079370274646 0.09769850040806227 0.1774335682515258 0.09546575572881935 0.16890095244329575
0.07734037667755561 0.11325742245093735 0.10721715812895 0.1415717780636717 0.09383398030534627 0.2008705534017731 0.09602259729535995 0.16988613367640604
0.1022240454931678 0.06905174191148128 0.22130161903156867 0.13810348382296256 0.0952035473090663 0.09584734875861978 0.1539750782324672 0.1242931354406663
0.10335295383983188 0.06616642873974804 0.26466503102196204 0.13233285747949608 0.09169581949021999 0.07514607719393653 0.14754126050325905 0.11909957173154648
0.1019822100595864 0.06504015710054162 0.28054034741742484 0.13008031420108324 0.08961063936400009 0.07064420622831548 0.14502984284807338 0.11707228278097492
0.10112006435125116 0.06463084966313774 0.2863133050194711 0.1292616993262755 0.0887092758286359 0.06951212806425558 0.144117148353325 0.11633552939364793
0.10265146761522916 0.06568155862545949 0.2877635483553687 0.13136311725091898 0.08436738387605346 0.06822686156880238 0.1454243707458281 0.11452169196233963
0.0826762208639244 0.11155958592643285 0.14191242012182365 0.13387150311171944 0.09647420684773007 0.1657630569049309 0.10040362733378957 0.16733937888964925
0.07886821479227492 0.110726117303306 0.10950922535252705 0.13287134076396723 0.10117888113560751 0.20110353912438292 0.09965350557297542 0.166089175954959
0.06573041786253507 0.09293207798974186 0.06467686767328812 0.08363887019076767 0.13710223312075767 0.28827514855245306 0.1003666442289212 0.16727774038153534
0.08446062658162941 0.12771899316233978 0.07440298742281809 0.11134476326973211 0.11734258253561665 0.2755955351473237 0.07552079595686179 0.13361371592367854
0.10350232228548956 0.06857628479423357 0.20551172833242107 0.13715256958846714 0.09965160081051311 0.10925330173450142 0.15291487982475366 0.12343731262962043
0.10400098226830191 0.06639002100175063 0.25862794436285885 0.13278004200350127 0.09287238982838922 0.07778674485650153 0.14803983787554545 0.11950203780315113
0.10229311598525001 0.06515671369160869 0.2783641323749379 0.13031342738321738 0.0899858877681189 0.0713148915023247 0.14528974664964686 0.11728208464489566
0.10124340384127979 0.06466919124891296 0.2855392671323862 0.12933838249782592 0.08883097515546134 0.06977159150911139 0.14420264436697902 0.1164045442480433
0.1007735549017284 0.0644902255939187 0.28813456524589387 0.1289804511878374 0.0883920070184008 0.06934321231553342 0.14380357766763366 0.11608240606905366
0.1005855345162339 0.06442560619292435 0.28907263768194236 0.1288512123858487 0.0882297439738786 0.06920968805380528 0.14365948604810294 0.11596609114726385
0.10051396772639061 0.06440232074428594 0.289411805268686 0.12880464148857187 0.0881705505798521 0.06916497387941935 0.1436075629730794 0.11592417733971468
0.08039211252964809 0.11291055452471795 0.14477121488195133 0.14113819315589746 0.09402826277516568 0.16166531672676018 0.09572851361878261 0.1693658317870769
0.1030342813014954 0.06866608310276871 0.2407446155752522 0.13733216620553743 0.09216697652629117 0.08629804574965519 0.15203235330853143 0.11972547823046853
0.08094575022141495 0.11328333724954376 0.13387355896061467 0.1416041715619297 0.09586724156772587 0.1684563660267989 0.09604456853765668 0.16992500587431564
0.0949919775901403 0.13383261725945508 0.13100480812572254 0.1605991407113461 0.08517467908175032 0.1703815655726824 0.08400570437208874 0.14000950728681452
0.08218347031680312 0.11053746166296446 0.10768952957513692 0.13264495399555737 0.09892183114489414 0.2027328453135294 0.09948371549666803 0.1658061924944467
0.07653938661208695 0.11204430172585172 0.10273905576141662 0.14005537715731464 0.09599357110379578 0.209567773152752 0.09499408189800472 0.16806645258877756
0.08820210446973323 0.13070784835994137 0.11853640860568299 0.16338481044992673 0.0834361584459623 0.18557319755668247 0.08311314270713664 0.14704632940493403
0.10691275356235579 0.0688830175974498 0.2308888409562095 0.1377660351948996 0.09229012601272675 0.09064283957110739 0.15251266411482575 0.1201037229904253
0.0823413232226256 0.1131356939571186 0.13155970218841095 0.14141961744639825 0.09579048165638411 0.17013024789061004 0.09591939270277447 0.16970354093567788
0.09654769758889593 0.1332248772640181 0.13035268026833313 0.15986985271682172 0.0865353459775929 0.17047159777933552 0.08362423065187598 0.13937371775312662
0.08298283218664984 0.11010593997786516 0.10754835302174891 0.13212712797343817 0.1006654202148559 0.20231607067856558 0.09909534598007864 0.16515890996679772
0.07722815463753767 0.11188377956918254 0.10261068132262208 0.13985472446147817 0.09625096651592106 0.20948803711343852 0.09485798702604606 0.1678256693537738
0.10276465656362059 0.06881455289731778 0.21888984247115512 0.13762910579463555 0.09679360825083716 0.09779585667503383 0.153446182132228 0.123866195215172
0.13865592692754927 0.0876986676685672 0.21888487013936558 0.10962333458570901 0.1237674494862854 0.10048691284818437 0.12222183721720094 0.0986610011271381
0.1114929943845455 0.06475620671599823 0.2609325114385378 0.12951241343199646 0.09732152689159444 0.07502649917733471 0.14439667587119603 0.11656117208879681
0.1049089269158008 0.06467147876972458 0.2783465320524092 0.12934295753944916 0.09158176260144137 0.07053193513870268 0.14420774519696794 0.11640866178550426
0.13775191101957293 0.08611398133969039 0.23823742452953015 0.10764247667461298 0.12042403617856907 0.0929386127793267 0.12001332847154612 0.09687822900715169
0.11084537704310243 0.06426615512312314 0.26812407033641694 0.12853231024624628 0.09598938648093254 0.07325968758744374 0.14330393396111335 0.11567907922162163
0.08336827805248824 0.11249475738738782 0.13978080285934819 0.14061844673423476 0.0966629024231907 0.16295668650339637 0.09537598995887228 0.1687421360810817
0.10576755236829331 0.0682144685613757 0.23946043022502045 0.1364289371227514 0.09398124870547409 0.08617687368423317 0.15103244158481227 0.11893804774803966
0.09873658773671583 0.13493377875936594 0.11119521649346441 0.11763457635431904 0.11547919157292857 0.20107222740900715 0.07978693004901638 0.14116149162518282
0.09312524367697447 0.1292105646563177 0.11980297107720535 0.1615132058203971 0.08687917142695803 0.1819458925342835 0.08216106556950636 0.14536188523835739
0.10863115190741801 0.0686074026908733 0.2315731789171584 0.1372148053817466 0.0926434462614877 0.08980442112293932 0.15190243005223877 0.11962316366613805
0.09938230998978133 0.13487203532986494 0.109638546676533 0.11758074874911303 0.11506690999731421 0.20261212986775512 0.07975042089070275 0.14109689849893564
0.12121204951860641 0.07654930207713677 0.15505069116972814 0.09568662759642096 0.15029103570359267 0.14414174218293627 0.14224459863587355 0.11482395311570516
0.1251099019456277 0.07506981942808409 0.16767821918339593 0.0938372742851051 0.1590740442832442 0.12713060100411133 0.1394954107283055 0.11260472914212612
0.1104838397814331 0.06568396080703932 0.24083808252575262 0.13136792161407865 0.10630806946488099 0.08062156733068675 0.14646542902345783 0.11823112945267077
0.12275210448247832 0.07555507808593091 0.19649622822878798 0.09444384760741364 0.14573699833360299 0.11128600342097339 0.1403971227119164 0.11333261712889636
0.10912654712812865 0.06520942631192633 0.25234044257637417 0.13041885262385267 0.10275944856780476 0.0773610275050462 0.14540728792539992 0.1173769673614674
0.12223276405093834 0.07542695240561254 0.2000535346804175 0.09428369050701566 0.14441502826449076 0.11028856305775195 0.14015903842535463 0.11314042860841879
0.14371554945613935 0.08596203367646674 0.20929510641282284 0.10745254209558344 0.13529387148826783 0.10177204339454438 0.11980156559015047 0.09670728788602508
0.13011732460387881 0.07433760544230557 0.18436077231743433 0.09292200680288197 0.15332556965978691 0.11529550886746248 0.1381348041427917 0.11150640816345836
0.12683273637608933 0.07456909652984443 0.17650543608837688 0.09321137066230553 0.15940507393147602 0.11905767866243022 0.13856496295471094 0.11185364479476664
0.11054552741254085 0.0654488201572846 0.24417777378438055 0.1308976403145692 0.10618330952027814 0.07899795205771029 0.14594110047012415 0.11780787628311228
0.09622135128547221 0.12974378953199484 0.1548659766165293 0.16217973691499352 0.0857160350233799 0.14281122036476984 0.08250012703936628 0.14596176322349416
0.0833499074000388 0.11069556395047311 0.11364492764987394 0.13283467674056773 0.10101129258839572 0.19279427818951533 0.0996260075554258 0.16604334592570963
0.0779105432558843 0.1119458258066683 0.1040389872354308 0.13993228225833537 0.09713794161592691 0.20620508967296788 0.094910591444784 0.16791873871000246
0.1048799547627519 0.07628696621390249 0.22380561187011405 0.1365334887933512 0.09444038280523673 0.09387621561436141 0.15114818458197607 0.11902919535830618
0.08261827257140686 0.11298153386868398 0.12986281286156665 0.14122691733585496 0.09682805882711142 0.17122141197411828 0.09578869175823207 0.16947230080302594
0.10514553088962046 0.0757694392253814 0.23448932179760457 0.13549780993101782 0.0936352566186814 0.08733470019271733 0.15000164550767944 0.11812629583729757
0.07271152589744695 0.09934816091670144 0.08114753317380978 0.08661121720943203 0.14169135122714457 0.24735944465898216 0.09790833249761882 0.17322243441886406
0.07458448584433312 0.10946169370523404 0.0950748348269637 0.13682711713154255 0.10386880397905682 0.22318604450927676 0.09280447944574192 0.16419254055785107
0.10278224526292998 0.06871520400895854 0.2152667249394554 0.1374304080179171 0.09866356752266697 0.1002298340925673 0.1532246489393792 0.1236873672161254
0.08215791997894761 0.11286491692097306 0.1278205405711536 0.1410811461512163 0.09762989219434062 0.17345838793412766 0.09568982086778151 0.16929737538145956
0.105097413295865 0.07580228625417965 0.23366580999205477 0.13556886963742484 0.09384202353936735 0.08775504043244765 0.15008031152372628 0.11818824532493448
0.0721876340230762 0.10633813012606379 0.08059353916989974 0.08580119893443465 0.14072142582468158 0.24576301438796175 0.09699265966501308 0.1716023978688693
0.1011128865936098 0.0753590295982466 0.20625928685531333 0.13528286557653546 0.10568921687021621 0.10371183610559677 0.1508302993816 0.12175457901888193
0.12055759548719816 0.08171918299439494 0.18554973448554027 0.0945924302857195 0.14600367744182746 0.11744846211980463 0.14061800084265166 0.11351091634286338
0.10856346600911168 0.07076656893775807 0.2473313383346047 0.13004421049134585 0.10291812467088475 0.07834691220806085 0.1449895899060229 0.11703978944221125
0.08256999667754414 0.1200165177272199 0.134365308445204 0.13948717327745208 0.09778702950499815 0.16378067499428026 0.09460869144035881 0.1673846079329425
0.10496246570104713 0.07614301554512037 0.23630975860141315 0.1352710339570508 0.09366678955333364 0.08596774775347926 0.14975059518240869 0.11792859370614686
0.0820117209081615 0.12088126339978021 0.13191895902532777 0.13979958619510918 0.09591361202398994 0.1668947661159482 0.09482058889755231 0.167759503434131
0.10494523155739874 0.07628782342790756 0.23538157145292793 0.1354259420104699 0.09340554958298716 0.08656815545023593 0.14992208476535535 0.11806364175271737
0.07219889402806319 0.10643890999500973 0.08087014827557039 0.08584085972153035 0.14071083878247329 0.24522113615604058 0.0970374935982517 0.1716817194430607
0.10110493495189758 0.07535825631470608 0.20637020513232598 0.13526807782452113 0.10573605603681303 0.10360738755599957 0.15081381214166759 0.12174127004206903
0.10454551287853092 0.07086567580696627 0.2575076723971561 0.13124588926302236 0.09501353044501186 0.07637104681367063 0.14632937205892194 0.11812130033672012
0.1380099316313621 0.09235945024514074 0.23035924501050065 0.10734196137699661 0.12157099853140205 0.09407237162408225 0.11967827634121862 0.09660776523929696
0.08686942655368678 0.12074368980479594 0.12937824791944633 0.13714266741256623 0.10064709656902758 0.16762916599165714 0.09301850485374058 0.16457120089507946
0.10598390968621978 0.07620264679885122 0.23402110168788262 0.13525393253855886 0.09424452749579831 0.08664853380633465 0.1497316632091494 0.11791368477720517
0.09801529455221773 0.14415499866603368 0.10928905188610934 0.11626611865468633 0.11456990913672141 0.19932652597890743 0.07885875873970029 0.1395193423856236
0.10633782174762757 0.07740499635333377 0.21803069317281953 0.1340956763103385 0.09920227899392459 0.09473575279664714 0.14950667194600425 0.12068610867930465
0.1053461422259004 0.07072874807223903 0.2619010236951004 0.13072166298427448 0.09330567971123609 0.07460234774592059 0.14574489887948217 0.11764949668584704
0.12077718066685131 0.0806666056163558 0.20271697391016807 0.0937611286615265 0.1410634004869994 0.10911914111966958 0.13938221514459762 0.11251335439383178
0.10802268630917992 0.0702885953568552 0.25396039570099177 0.12928551917288375 0.10142253548668291 0.07651959501311818 0.1441437057046928 0.11635696725559538
0.13887711035859543 0.0921494381518812 0.22880864431755876 0.10714226125873018 0.12317091521370448 0.09396796995432728 0.11945562561234543 0.09642803513285715
0.14678483806430775 0.0928954419996615 0.21763897704576857 0.10553114964681987 0.12778600896768702 0.09672619319634208 0.11765935639727529 0.09497803468213788
0.11312427653429268 0.07046837505183953 0.2589353875021742 0.12797241707918822 0.09784794028140434 0.07379673331691584 0.1426796948629158 0.1151751753712694
0.1052644858261232 0.06907420150264597 0.27676257106467683 0.12846494918037843 0.0916004726509417 0.06998603411327738 0.14322883139961592 0.11561845426234059
0.13755884922174108 0.09169872039700491 0.23666122862935407 0.10673853648856343 0.12007209153823364 0.09220038826307203 0.1190055026223237 0.09606468283970708
0.11051989806766324 0.07009717851869084 0.2665279782307175 0.12746149623096867 0.0958374756557104 0.07273057044280508 0.14211005624557252 0.11471534660787179
0.13921193275807162 0.09182281634372795 0.23294889179373712 0.10676787545229267 0.12127780996884986 0.09284137239885047 0.1190382133774069 0.0960910879070634
0.14676448462518968 0.0927793503539414 0.21904157167380653 0.10542869682972988 0.1271611831146543 0.09639375710396893 0.11754512915195256 0.09488582714675689
0.11307064177273722 0.0704277561592614 0.25947336260720527 0.12791172336353102 0.09767564437683833 0.0737082947939088 0.1426120258993398 0.11512055102717793
0.10523390540851907 0.06905843902382786 0.2769622448382994 0.12844015385819438 0.09154909113844031 0.06995884079456627 0.1432011864657779 0.11559613847237495
0.10302030467605605 0.06867801751737598 0.2836948944364208 0.1279091510523567 0.08991967433376316 0.06905056407256231 0.14260915796434398 0.11511823594712103
0.10231416512300043 0.06850713913261994 0.28620553481956185 0.1276335217837127 0.0894072880430243 0.06876032959358508 0.14230185189915429 0.11487016960534142
0.10207334352229357 0.06843726806498136 0.2871316574834049 0.12752215282206472 0.08923141125806952 0.0686565454912943 0.14217768381803333 0.11476993753985826
0.10198832624248894 0.06841045913319495 0.2874718802360762 0.127479902871892 0.08916862415598503 0.06861831649908806 0.1421305782765721 0.1147319125847028
0.11937027853216178 0.08008197790292358 0.2104455210000833 0.09327045937884912 0.13916040007077785 0.10709400956008737 0.1386528023004981 0.11192455125461895
0.10743818378455908 0.07006899326385331 0.25694171533484617 0.1289485734217934 0.10078599770905158 0.07599478406885003 0.14376803633743235 0.11605371607961407
0.09468697426572242 0.1378381197708766 0.15698376340802123 0.16029493232649272 0.08396685239237137 0.1404225836026737 0.08154133513999848 0.14426543909384343
0.10687167446253784 0.0767567251679301 0.24518550324500646 0.13410659782851275 0.09025519557227552 0.08144934294138925 0.14846151652159326 0.1169134442607547
0.07266633206625403 0.10670619970873585 0.08242253788145586 0.08600825670102728 0.1400548508971643 0.24289858437692938 0.09722672496637867 0.17201651340205457
0.10118002129193944 0.07535139605300002 0.20703807747788316 0.13522459037871923 0.10557998396191765 0.10315847261076302 0.15076532688493025 0.1217021313408473
0.104538639624763 0.0708479307105842 0.25775825861749 0.13121311514921127 0.09497898091624322 0.07627843997956632 0.14629283136785196 0.11809180363429013
0.08190425480798248 0.12013209254891494 0.13677052149150212 0.13962164280507086 0.09620996729914595 0.16311565282220705 0.09469989685909154 0.167545971366085
0.10474468137196345 0.07610524274434469 0.2373274672915319 0.13519088532022838 0.09330657525113972 0.08580456013843513 0.14966186734677295 0.11785872053558372
0.07218414008149476 0.10643917609553978 0.08116116789551811 0.08585433823890425 0.1407499923215623 0.2448497787060632 0.09705273018310916 0.1717086764778085
0.1313441803013249 0.09790007802422085 0.16767740854888036 0.10983110876184708 0.1374284426272444 0.1345172939327608 0.12245348991805938 0.09884799788566237
0.11149149434170626 0.07213970673086754 0.23996779345486438 0.1304345720332668 0.10161243909579248 0.08153806561975595 0.14542481389380643 0.11739111482994015
0.08308688191685766 0.12017924706172009 0.1326845919614421 0.13949227946586043 0.09756894898355738 0.1649851604833812 0.09461215476814881 0.16739073535903248
0.10513533803926801 0.07619347671289899 0.23563121802746229 0.1353406960962802 0.09367245337323792 0.08620977891482733 0.14982771403414002 0.1179893248018853
0.08203900803132208 0.12088118656003112 0.13176175975201157 0.13979224632214915 0.0959802552678819 0.16697923793108949 0.09481561054893595 0.16775069558657896
0.07949764593306381 0.12229778385128781 0.10694440032769136 0.13026150926237637 0.10145967795461264 0.19901596414621545 0.09769613194678228 0.16282688657797045
0.07616389435031419 0.12431102407254838 0.10121871089806322 0.13762170960743494 0.09601478648600044 0.20618040262732618 0.09334342042939066 0.16514605152892192
0.10241946213273392 0.07701543287759494 0.21671909743197557 0.1361992964791509 0.09641255521155617 0.0968027375881023 0.15185205144765032 0.12257936683123581
0.08153191146822857 0.1209989618968209 0.1274397941153781 0.1398453327298554 0.09654985892371852 0.1709681246081833 0.09485161698198888 0.16781439927582645
0.10535265082550234 0.07637561077298231 0.23349334173918995 0.13555919276107697 0.09362937537553231 0.08734042062813512 0.15006959882382148 0.11817980907375944
0.08207540265831695 0.12090408977310214 0.13127324262021664 0.13979651867004236 0.09597102592777762 0.16740538963116025 0.09481850831533309 0.16775582240405085
0.10534810346440472 0.0762720578938345 0.23504368622037572 0.13538607390399812 0.09340000845085111 0.0866432359919575 0.14987794913263122 0.11802888494194709
0.07225566400302899 0.10642561892268142 0.080817472540835 0.08583083151170932 0.14074311850964744 0.24523947412761646 0.09702615736106271 0.17166166302341865
0.13136845226820476 0.09789991639553437 0.16754618877254002 0.10983176141290778 0.13744157781888877 0.13460930048502054 0.12245421757528673 0.098848585271617
0.14621875625457814 0.09460463494498877 0.19663531544159168 0.10690800767083641 0.13327110354675636 0.10695052489404099 0.11919445034345491 0.09621720690375277
0.1496264708984798 0.09350796983835032 0.20625722403893545 0.10597220712303582 0.13110801058275068 0.1000020285391966 0.11815110256851903 0.09537498641073223
0.1141476297632751 0.07074789087535083 0.25449417324934803 0.12840914766582887 0.09887678827133475 0.07458952040043114 0.1431666168751853 0.11556823289924599
0.10564234545283312 0.0691948031749413 0.2750995100501137 0.128658063415922 0.091952862781199 0.07021601868992419 0.1434441393607369 0.11579225707432982
0.10317365382707719 0.06873067884312052 0.2830056970352081 0.1279919761049304 0.09006893629838775 0.06913477767984916 0.14270150171698956 0.11519277849443738
0.08157416184544881 0.11968003516310273 0.1424124957235172 0.13935102411640235 0.09505897670131086 0.16018573071854053 0.09451634679199464 0.16722122893968278
0.1048363184285384 0.0758963438977047 0.23951969756132802 0.13486153679306892 0.092876969950417 0.08514027220170611 0.149297264988664 0.1175715961785729
0.08197302540047699 0.1208168396703415 0.13262550799448905 0.13975262496054763 0.09579609850090293 0.16654401659082213 0.09478873692976275 0.16770314995265717
0.14140330676801915 0.10239072698140414 0.18986061647129066 0.10905668514447155 0.12534972487432128 0.11613364746402573 0.12073023345256924 0.09507505884389827
0.07597909382362533 0.10596282678985026 0.07283417942600079 0.08313687374315071 0.14694449762716305 0.2548879673073032 0.09398081379660515 0.16627374748630142
0.13228322853352603 0.09764416880655742 0.16412695067765642 0.1095477909562722 0.13899063105118437 0.13667660640619533 0.1221376117079632 0.09859301186064498
0.12717309828641934 0.08209839723646409 0.1695608631510436 0.09279531809269467 0.15474938643526823 0.12432208222072147 0.13794647286615508 0.1113543817112336
0.1104339529229429 0.0709742849109511 0.24066279943190813 0.13035023297440088 0.10518544568310488 0.07974729226260074 0.14533078213713052 0.11731520967696078
0.10530746968513359 0.06957187987096224 0.2700206188040367 0.12934953233983987 0.09369920117490071 0.07142164341052427 0.14421507560874683 0.1164145791058559
0.1205461332820891 0.08040353044643235 0.20509977499018012 0.09355113955165786 0.1409734871803426 0.108094514858277 0.1390700522290317 0.11226136746198942
0.10787966228086314 0.0702071605301491 0.2548622521868438 0.12916566961904113 0.10134260690365822 0.07628346342615276 0.14401008239615481 0.11624910265713702
0.10426643155649787 0.06919811032871336 0.2753611802452076 0.12873961665647443 0.09250216671050324 0.07053177437388645 0.14353506513789013 0.11586565499082699
0.10286494939893957 0.0687335485003316 0.28312575617329794 0.12799767100259443 0.09018359155313747 0.06918872836647119 0.1427078511028926 0.11519790390233499
0.13668714163897522 0.091560137335886 0.23883650729636938 0.10660898955372408 0.11957506432637084 0.09192300179266313 0.11886106745765954 0.09594809059835167
0.1458844085151465 0.09267846484083074 0.2211124262478735 0.10533891261366901 0.12662110782417244 0.0961146321546463 0.11744502645135936 0.09480502135230212
0.11280137675465332 0.07037707045796883 0.2602791130190342 0.12783061273550406 0.09752532859379374 0.07361735337497052 0.1425215936021217 0.11504755146195365
0.12246587863808162 0.08040764049258133 0.20183467216752865 0.09347156413557708 0.1421109804851176 0.10859162909001116 0.13895175802841012 0.1121658769626925
0.10840537198364669 0.07025912919206347 0.2535464407436157 0.12925966316168314 0.10165635565420622 0.07642446423751281 0.14411487818175714 0.11633369684551481
0.10442574868622742 0.06922936847835669 0.27486202128456816 0.1287921311286408 0.09260177652203885 0.07058242102902619 0.14359361485536518 0.11591291801577672
0.13737679629774588 0.09176573812397243 0.23604835345056094 0.10680270836634956 0.12042581271069637 0.09238110404385118 0.11907704947710915 0.09612243752971461
0.08674353302969345 0.12063752985653162 0.13065384712308875 0.13709265876141963 0.10042680934793988 0.16694984542509492 0.09298458594252809 0.16451119051370353
0.09713924439907179 0.14695665943194092 0.1283155966327647 0.15650003817304683 0.08585488221291213 0.16693609000632148 0.08186155842897834 0.1364359307149639
0.08250750530946947 0.12484021806813016 0.1059051690801856 0.12973139289286406 0.09903388421351564 0.19851904465010692 0.09729854466964806 0.16216424111608005
0.09027878183563724 0.14668280105902604 0.08291356336851675 0.1129872865976725 0.11242650826591698 0.24249145969847172 0.07663485525755179 0.13558474391720698
0.10527373478945565 0.07814514167114954 0.2070150371167559 0.13500811801495996 0.09952622477379922 0.10300046106642322 0.15052397635399267 0.12150730621346396
0.10549194910352841 0.07105426031742462 0.25776408776542564 0.13123888335615633 0.09375341405036748 0.07626084939096163 0.14632156099559518 0.11811499502054068
0.13828603394454533 0.09236949819518309 0.23043994311821683 0.10733342109492368 0.12126119789832472 0.09404107219933316 0.11966875456404177 0.09660007898543131
0.11090782782729366 0.07029440684572918 0.26417561027493885 0.12774426965810615 0.0962953042397561 0.07318741094754432 0.14242532751433626 0.11496984269229553
0.12193188130359799 0.08037759462461501 0.20307169429171962 0.09344359443791403 0.14168162795633013 0.10845111486605417 0.1389101791942722 0.11213231332549684
0.10824606323452979 0.07023328512741037 0.25403636709384453 0.1292155291380194 0.10153355063525242 0.0763755565077701 0.14406567203895596 0.11629397622421746
0.10437401726479799 0.06921669760289961 0.27504667806171773 0.12877138774039976 0.0925628375429397 0.07056364529539488 0.14357048752549045 0.11589424896635978
0.10289929549638671 0.06874193181176395 0.2830087483899736 0.1280112518698157 0.09020478992967135 0.06920086306320784 0.14272299275634676 0.11521012668283415
0.10231062930036666 0.06852852323646816 0.2859558932622274 0.12766610508195667 0.08949975778541056 0.0688014169147026 0.1423381798451069 0.114899494573761
0.10207993438152964 0.06844385545437509 0.28703873721155676 0.12753184825949082 0.08927013383206997 0.0686683339202124 0.14218849350722335 0.11477866343354173
0.10199157015789734 0.06841195993552517 0.2874356624388515 0.127481759667786 0.0891914205213831 0.0686213951121225 0.14213264846542706 0.11473358370100739
0.10195828637526802 0.06840017037847813 0.2875810571797177 0.12746331507155956 0.08916364209501562 0.06860446121846042 0.142112084117097 0.1147169835644036
0.13628488840183392 0.09143399496823516 0.24032486249510035 0.10649278391410581 0.11918381071174922 0.09170464714473267 0.11873150684154782 0.09584350552269522
0.11010770008946633 0.06999772145608563 0.2679303771616425 0.1273098560616295 0.09556745389368394 0.07256703210883576 0.1419409887731899 0.11457887045546654
0.10430126361093583 0.06884841475602008 0.2801475586967935 0.12809746770978692 0.0909048513993116 0.06959360590444699 0.14281911698389677 0.11528772093880822
0.10270486397101175 0.0685889587946716 0.28487215824693435 0.12776615529161753 0.08971011543250178 0.06891848013836215 0.1424497283624452 0.11498953976245578
0.10220253273016354 0.06847183236961452 0.2866362909743593 0.12757734564736284 0.08934250792616781 0.06871065957033218 0.14223921969937317 0.11481961108262656
0.08137930051887514 0.11961003821781253 0.14320980893424237 0.1393006622137173 0.09487806657802499 0.15997914059678026 0.09448218828408654 0.16716079465646078
0.09607847490032957 0.14686377170238385 0.13166057043536067 0.15655530269339427 0.085707976708746 0.16475932749515373 0.081890466024237 0.13648411004039498
0.0702750783927011 0.10651513046079945 0.06825639875716522 0.08300797528618123 0.13635144503046795 0.26996845115690504 0.09960957034341747 0.16601595057236246
0.06115601893941988 0.10035573966625708 0.053058504131024885 0.0784985272549485 0.14161056477066478 0.3195861251352375 0.08873746559255048 0.156997054509897
0.09879319640507282 0.07512503066565974 0.19364688866586482 0.13548006419198458 0.10652757878667397 0.1174450223904469 0.15105016112151112 0.1219320577727861
0.08057166624253573 0.1202879516252144 0.12183464164785048 0.13926916943149228 0.09833917900213944 0.17811356077074741 0.09446082796222956 0.16712300331779073
0.11777062710944647 0.08524055130645257 0.1547108449936092 0.0908091326879589 0.15197921020171756 0.14183673738378902 0.14414148045707764 0.11351141585994863
0.09785692114205134 0.1411483175484796 0.0920943178173326 0.11267435358096728 0.12607457229984415 0.2185196882766385 0.07642260503752563 0.1352092242971607
0.0783273659710712 0.1246102415013509 0.09664424396129818 0.13521945813130856 0.09993912262006185 0.21128215080306018 0.09171406725427886 0.16226334975757026
0.10293598336298261 0.07702783363521032 0.21457439589050567 0.13614584953034012 0.09726284987262901 0.09772936104272166 0.15179246208830457 0.12253126457730612
0.1047898280969809 0.07087544503941177 0.2607916545772581 0.13106147014294434 0.0931396867996283 0.07526283371247086 0.14612375850265585 0.11795532312864991
0.10353247133798173 0.06924709569079832 0.27785329503204903 0.12876500991263326 0.09080026976325223 0.07034997261842732 0.14356337672348812 0.11588850892136995
0.08166508075648857 0.11979833135957776 0.14127069258551933 0.1394260909225204 0.09525018615887831 0.16071104744080356 0.09456726166918775 0.16731130910702446
0.07988368448559445 0.12200053714826523 0.10893847998297145 0.13002007312370317 0.10260348025853747 0.19651359875352198 0.09751505484277738 0.16252509140462895
0.08977193984548132 0.14634738418035903 0.08349273827099685 0.11302415557339499 0.1133555863105683 0.24171934709004034 0.07665986204108528 0.13562898668807397
0.10513163532405478 0.07810533663891688 0.20725220221562812 0.13498069502552598 0.09970748384207319 0.10284661966356214 0.15049340176726553 0.12148262552297338
0.1054505329870141 0.07104518430109864 0.2578531255895512 0.13122684971642237 0.09378317847767965 0.07622881979812923 0.14630814438532463 0.11810416474478014
0.08207206518425603 0.12016217949152162 0.13679771960635936 0.1396296439089664 0.09597236567814288 0.16310512974521688 0.09470532369477722 0.16755557269075966
0.1052858944440172 0.07593105654834854 0.2369295337080726 0.13482419167569767 0.09456692165283814 0.08566744066567694 0.14925592240858676 0.11753903889676208
0.0820481579856439 0.12081239110733231 0.13203754426745773 0.13974236936573392 0.09615356780857241 0.16673334526527245 0.09478178096110648 0.16769084323888067
0.14152629797550578 0.10213671916536239 0.18925146950481442 0.10875031881966857 0.1271744904412955 0.11596166050310977 0.1203910733371992 0.09480797025304438
0.0872857500370715 0.12166145314895076 0.1198081639731646 0.1368925445931867 0.10165360829674745 0.1755785701062849 0.09284885633277011 0.16427105351182403
0.10693304912558795 0.07630518580889878 0.22964954882847807 0.13526195125187082 0.09610942511880836 0.08807962416159566 0.14974054025441133 0.11792067545034894
0.09816228217586609 0.14408715957499169 0.10841395109938386 0.11619949160149005 0.11502224830940509 0.1998619091004124 0.07881356821666281 0.13943938992178806
0.10639057006950103 0.0774120920844588 0.2176520616733229 0.13411370125529687 0.09935633620839104 0.09484613916477452 0.1495267684144877 0.12070233112976718
0.08218822407938738 0.12092756691965827 0.12760647688362417 0.13968593624804157 0.09711633249687092 0.17010883528913961 0.0947435045856282 0.16762312349764985
0.09624554290303829 0.14697070612872537 0.1274933746877433 0.1564700931232413 0.086640780693301 0.16792378282537823 0.08184589486446468 0.1364098247741078
0.07016316184127157 0.10628792184501364 0.06753013392265703 0.08281180456890555 0.13714683584248913 0.2710623673591654 0.09937416548268665 0.1656236091378111
0.07290934983861863 0.1196457591570471 0.09056336140774042 0.13421222471102676 0.10149308024573388 0.22909065474781756 0.09103090023878337 0.1610546696532321
0.10177225758638567 0.07675463015229235 0.21195694360228723 0.13626185896265935 0.09772430487577093 0.10097252780629097 0.1519218039479202 0.1226356730663934
0.1386930698626588 0.09402145243339746 0.21528248019749627 0.10869371769893545 0.12371501983432982 0.10058453028129721 0.12118538376284294 0.09782434592904189
0.14719745676206983 0.09340256423597311 0.21313656867107317 0.10593158225588384 0.12837467034276154 0.098512924828592 0.11810580887335109 0.09533842403029545
0.1303437437677414 0.08117610208387287 0.1848093927095525 0.09209438424717081 0.150416590933459 0.11374203753446098 0.1369044876271375 0.11051326109660498
0.11062397368082717 0.07054256481073404 0.24657827795357068 0.12966437625061691 0.10376244169521684 0.0775643239100301 0.144566103073449 0.1166979386255552
0.10513993998183915 0.06939310115928328 0.2722123639260804 0.1290648839316577 0.09321937723460307 0.0709142243520023 0.1438977138760422 0.1161583955384919
0.12045813288377795 0.08035557602474525 0.20576387879591182 0.09350973544695217 0.14076939130626961 0.10792310075948658 0.13900850224651398 0.1122116825363426
0.08371750588176802 0.11942683653331408 0.1237857062781171 0.13733020936210902 0.10483567051411835 0.1729621129765251 0.09314570721951744 0.16479625123453084
0.105968900237692 0.07605809107494653 0.2313068564958552 0.13510497602541988 0.0966635038268095 0.08754708486040387 0.14956676222594306 0.11778382525293017
0.09796153210839267 0.14405466419684193 0.10873192814473004 0.11619957513585849 0.11516972935758978 0.1996294560188006 0.07881362487475618 0.13943949016303017
0.10633310162282732 0.0774025924911333 0.21778314822825276 0.13410115999605277 0.09937876613127697 0.09479740168766392 0.1495127858463454 0.1206910439964475
0.1397150649784083 0.09380379290170264 0.21700083046261787 0.10835558508594346 0.12384058200440756 0.09895572685643703 0.12080839113313398 0.09752002657734911
0.08717111882748947 0.12094091530732007 0.12634597018050464 0.1371880489251491 0.10117787751252194 0.16950112517890856 0.09304928535792721 0.1646256587101789
0.10671103255786005 0.0761023961138438 0.23234238288062414 0.1349950304037731 0.0958182594315225 0.08689787548533334 0.14944504790324084 0.11768797522380219
0.08230287506738293 0.12083604961545036 0.13100477449149645 0.13974847576433175 0.09642233628299753 0.16720139516881372 0.09478592269232936 0.16769817091719808
0.1416481809622159 0.1021503171216344 0.18887278547095251 0.10876220157942691 0.12726387043126203 0.11608008681172675 0.1204042280407168 0.0948183295820645
0.0873071627218449 0.12166281133155947 0.1197225187648973 0.13689246963181873 0.10167239445090422 0.1756228740513854 0.0928488054894075 0.16427096355818246
0.10695786851204805 0.07630559223172569 0.22961004180973735 0.1352620439477998 0.09611404620617614 0.08808900815771327 0.14974064287261515 0.11792075626218447
0.12182596639815127 0.08158484096089447 0.19289598637995167 0.09433741119245526 0.14274409748365344 0.11316790632158127 0.14023889783236632 0.11320489343094631
