Action: 0
[0.1378243660216568, 0.10616743913005136, 0.22166233354004053, 0.10616743913005136, 0.10887714370113848, 0.10696640021695869, 0.10616743913005136, 0.10616743913005136]
[0.1111111111111111, 0.1111111111111111, 0.1111111111111111, 0.1111111111111111, 0.2222222222222222, 0.1111111111111111, 0.1111111111111111, 0.1111111111111111]
[0.13681364840647078, 0.10768017530961796, 0.21709600103127016, 0.10768017530961796, 0.10768738889349705, 0.10768226043029018, 0.10768017530961796, 0.10768017530961796]
[0.125, 0.125, 0.125, 0.125, 0.125, 0.125, 0.125, 0.125]
[0.21609937395951362, 0.10786756663335514, 0.13669522622340677, 0.10786756663335514, 0.10786756663714761, 0.10786756664651151, 0.10786756663335514, 0.10786756663335514]
[0.10793333735230078, 0.10791714522987286, 0.24456353403656383, 0.10791714522987286, 0.10791740246177103, 0.10791714522987286, 0.10791714522987286, 0.10791714522987286]
[0.125, 0.125, 0.125, 0.125, 0.125, 0.125, 0.125, 0.125]
[0.125, 0.125, 0.125, 0.125, 0.125, 0.125, 0.125, 0.125]

Action: 1
[0.10768191692930883, 0.10768191692930883, 0.10768191692930883, 0.10768191692930883, 0.13681183490771767, 0.21709666351642923, 0.10768191692930883, 0.10768191692930883]
[0.10775053097001289, 0.10775053097001289, 0.10775053097001289, 0.10775053097001289, 0.13799575223989688, 0.21550106194002577, 0.10775053097001289, 0.10775053097001289]
[0.10795467043608792, 0.10784692039902907, 0.10784692039902907, 0.10784692039902907, 0.10824774093624928, 0.24456298663251733, 0.10784692039902907, 0.10784692039902907]
[0.125, 0.125, 0.125, 0.125, 0.125, 0.125, 0.125, 0.125]
[0.10768192521566182, 0.10768192521556177, 0.10768192521556177, 0.10768192521556177, 0.13681179494914483, 0.2170966537573845, 0.10768192521556177, 0.10768192521556177]
[0.10678237444008627, 0.10678237335725158, 0.10678237335725158, 0.10678237335725158, 0.13754688328007988, 0.221758875493576, 0.10678237335725158, 0.10678237335725158]
[0.125, 0.125, 0.125, 0.125, 0.125, 0.125, 0.125, 0.125]
[0.125, 0.125, 0.125, 0.125, 0.125, 0.125, 0.125, 0.125]

