0.125 0.125 0.125 0.125 0.125 0.125 0.125 0.125
0.11301829483647666 0.08900190718372537 0.135621953803772 0.10680228862047045 0.14127286854559584 0.11125238397965673 0.169527442254715 0.13350286077558807
0.10466093706811239 0.15832697841412693 0.08549656834362854 0.1424942805727142 0.1187452338105952 0.19790872301765866 0.10687071042953568 0.08549656834362854
0.07295173961840627 0.1290684624017957 0.09118967452300783 0.16133557800224463 0.08754208754208752 0.15488215488215484 0.10942760942760942 0.19360269360269358
0.11780051903733968 0.08698104303343683 0.13254254176523708 0.1043772516401242 0.13806514767212197 0.12408375509503847 0.16567817720654635 0.13047156455015524
0.08736348160272162 0.12228601629186717 0.08804593173014436 0.14674321955024058 0.09171451221890035 0.17036039950564488 0.11005741466268044 0.1834290244378007
0.08293082997228113 0.12094471617018909 0.08708019564253615 0.1451336594042269 0.09846123296176824 0.1751820470405448 0.10885024455317019 0.1814170742552836
0.08091836285013457 0.11853515272958359 0.08534530996530017 0.1422421832755003 0.09718978150994348 0.1912848431185374 0.10668163745662523 0.17780272909437536
0.06788392694741611 0.09959768123277099 0.05378274786569633 0.0896379131094939 0.13903560301000867 0.26322080588423336 0.10756549573139267 0.1792758262189878
0.0703264401048187 0.12442370172391 0.08790805013102337 0.1555296271548875 0.08439172812578244 0.18529524001648479 0.10548966015722805 0.186635552585865
0.09477895611509138 0.1412030952814851 0.10166622860266926 0.1694437143377821 0.08438135335249407 0.17217439436239246 0.08863209673053218 0.14772016121755363
0.10402868625020625 0.14384008958776173 0.07767364837739134 0.12945608062898556 0.12335573751743142 0.24688004878909325 0.09709206047173917 0.07767364837739134
0.0697797156213723 0.12345641994550485 0.08722464452671538 0.1543205249318811 0.09331114533860561 0.18205334628560482 0.10466957343205847 0.18518462991825727
0.10832422595181829 0.0740645223762308 0.18810037428884016 0.1481290447524616 0.09504796034695281 0.09321078901692044 0.1639849416877068 0.1291381415790691
0.06461539809035505 0.08704628086751799 0.07421764238291109 0.1044555370410216 0.12151098241729451 0.2138964406696308 0.12534664444922589 0.2089110740820432
0.06958864764583658 0.1231183766041724 0.08698580955729572 0.1538979707552155 0.10011708248496362 0.17723157657750274 0.10438297146875487 0.18467756490625858
0.1064961506553989 0.07270998923251099 0.2004990895283766 0.14541997846502197 0.09443283096354016 0.09267967572701276 0.16098589394581184 0.12677639148232686
0.08493251493033808 0.11432821741033553 0.11127121660384107 0.13719386089240262 0.09995182390678747 0.17793464447148993 0.10289539566930198 0.17149232611550327
0.08015323172900879 0.11217080546107584 0.09661359695238096 0.13460496655329102 0.09895952727656306 0.2082879389210983 0.10095372491496828 0.16825620819161374
0.05828358561545752 0.08222625054507296 0.06935706250367975 0.09867150065408756 0.11600603592507197 0.25970676266355 0.11840580078490506 0.19734300130817511
0.06886380495687733 0.12183596261601372 0.08607975619609666 0.15229495327001716 0.10285584456694985 0.18202002703470876 0.10329570743531599 0.18275394392402058
0.1049357507792893 0.07162408608588208 0.2093317927607873 0.14324817217176417 0.09357737207699346 0.09381818912930578 0.1585816151026449 0.12488302189333289
0.08386470057009032 0.11286755446948672 0.11991100233007528 0.13544106536338407 0.09876956060199985 0.1782639859381957 0.10158079902253807 0.1693013317042301
0.07916787847806415 0.11073301273998039 0.1015663122699501 0.13287961528797645 0.1017874697454328 0.2081064809026432 0.09965971146598235 0.16609951910997056
0.06940375484369042 0.12279125856960613 0.08675469355461302 0.15348907321200767 0.10318343870662142 0.1760852609935164 0.10410563226553562 0.18418688785440915
0.1039450339220099 0.07077866064568672 0.21492375264903316 0.14155732129137344 0.09658772337664334 0.09208878767623932 0.1567097736721757 0.12340894676683838
0.12045518192531227 0.07651914284588879 0.18133159105135413 0.09182297141506654 0.14850854745841394 0.12083310275724778 0.14575074827788342 0.11477871426883318
0.08159494499443631 0.14436028729784886 0.07113405461053421 0.125852558157099 0.13253667183167833 0.2081375477872433 0.08536086553264106 0.15102306978851882
0.10316263349910855 0.08327586077638884 0.12895329187388568 0.10409482597048603 0.1656898489839498 0.13516579748293509 0.15474395024866283 0.12491379116458323
0.09211145126007181 0.07435502692078086 0.18422290252014362 0.14871005384156172 0.11877161954175328 0.082189285190154 0.16580061226812925 0.13383904845740555
0.1042177762461525 0.06776920186038138 0.25349514167011705 0.13553840372076276 0.09789436013162267 0.0728768465743219 0.1500465845016177 0.11816168529502395
0.062490863423590635 0.08374270963921585 0.10256186850345796 0.10049125156705903 0.12626223162054662 0.202879070231541 0.12058950188047082 0.20098250313411806
0.06679461875736169 0.11817509472456297 0.0918487736343067 0.14771886840570372 0.10695180846490007 0.1910562657902778 0.10019192813604252 0.17726264208684447
0.07622237507484123 0.11018021444152853 0.09906638407531214 0.13221625732983422 0.10531333318469317 0.21256892123412233 0.09916219299737568 0.1652703216622928
0.0669616603603262 0.11847062986826944 0.0917539528704696 0.1480882873353368 0.1029345778412324 0.19364245638147193 0.10044249054048933 0.17770594480240415
0.1035723938542558 0.06958377988325126 0.2207279838584629 0.13916755976650252 0.09741832901987249 0.09414017926489357 0.15406420942811833 0.12132556492464319
0.08414176306008421 0.11026635923397801 0.12921408338373705 0.13231963108077363 0.10384163955495311 0.17557726152492664 0.09923972331058022 0.165399538850967
0.07993779429816102 0.10927259206865851 0.10737460865330653 0.1311271104823902 0.1041289935371683 0.2059046799955351 0.09834533286179266 0.16390888810298773
0.06703577458849992 0.11860175504119216 0.0925263293674846 0.1482521938014902 0.10291623214505621 0.19221142061173885 0.10055366188274988 0.17790263256178823
0.10334311617175809 0.0693930672906401 0.22177044677961133 0.1387861345812802 0.0983317251838827 0.0937405135198181 0.15364195606881645 0.12099304040419298
0.08395096799022858 0.10999166798306226 0.1299209706929226 0.13199000157967472 0.10503818831616928 0.17512820027859302 0.09899250118475604 0.1649875019745934
0.11855912841330166 0.07578751044162257 0.15856487797560334 0.09094501252994708 0.15520729106506898 0.1428977511660749 0.14435716274594773 0.11368126566243386
0.0662989624631793 0.11729816435793262 0.09586381847774976 0.14662270544741576 0.11330462021631271 0.18521603880574208 0.09944844369476896 0.17594724653689892
0.08614202730450063 0.0574297207963971 0.1855702648531872 0.1148594415927942 0.12013273155444401 0.10997493795086778 0.1823165739568162 0.14357430199099275
0.0612202129787761 0.08235861565366473 0.0912049008553408 0.09883033878439769 0.13262342337695546 0.21750542424079256 0.1185964065412772 0.19766067756879538
0.06542491320079072 0.11575176950909127 0.08918929158127588 0.1446897118863641 0.10718333940072546 0.20599595035692966 0.09813736980118608 0.17362765426363688
0.10343773528394876 0.06906549536249638 0.2202604118125737 0.13813099072499277 0.0998143056595627 0.09595248691755101 0.15291668488888088 0.1204218893499937
0.08472905642125668 0.10956610517995212 0.12976853034595276 0.13147932621594252 0.10597875545888974 0.17551957394612125 0.0986094946619569 0.16434915776992814
0.08052516581453631 0.10869865772844692 0.1077604822438637 0.13043838927413628 0.10639398400275117 0.205306542387993 0.09782879195560222 0.16304798659267034
0.0792843313119536 0.10801191926663457 0.10214660091634735 0.12961430311996147 0.10585729755002546 0.21585694159515467 0.09721072733997112 0.16201787889995184
0.07704046405726454 0.1363023594859296 0.07396984448768658 0.11882769801337452 0.11936859781788925 0.25130162073882173 0.08059617778298445 0.14259323761604942
0.06400118241548726 0.1132328611966313 0.08597097970168174 0.14154107649578912 0.10244280440489015 0.22696003036734258 0.09600177362323088 0.1698492917949469
0.10302677772330941 0.06897451666507494 0.218669343528264 0.13794903333014988 0.09874874796681142 0.09965307038704618 0.15271525057305968 0.1202632598262845
0.0845817520453392 0.10946384199224729 0.1293704168563013 0.13135661039069674 0.1056348631068806 0.1768792948271414 0.09851745779302255 0.1641957629883709
0.06818655035587186 0.092065019500562 0.06843074574151049 0.08285851755050581 0.1442913208367297 0.2790205898532014 0.09943022106060696 0.16571703510101163
0.0629050920048886 0.11129362431634136 0.08415498573546609 0.13911703039542672 0.10653113827512466 0.23470005479090772 0.0943576380073329 0.16694043647451207
0.08939065753940971 0.07215872355590905 0.19382803987331926 0.1443174471118181 0.10426680724085503 0.10524943870711519 0.16090318357093747 0.1298857024006363
0.1049567746474484 0.06626303056302253 0.2630657697027541 0.13252606112604506 0.09548418288968023 0.07545684318141557 0.1467117974207743 0.11553554046885978
0.0849678581154144 0.10932626467856081 0.13993918056239982 0.13119151761427297 0.10502753239100412 0.16716461140980196 0.09839363821070474 0.1639893970178412
0.11842647074496881 0.07548295361428152 0.16190378315822682 0.09057954433713783 0.1562835537576008 0.14032220946296844 0.14377705450339337 0.11322443042142226
0.055534964506246065 0.0982541679725892 0.06232118165119417 0.0856574797709752 0.1598438110327792 0.27024324100055463 0.0968301945237111 0.1713149595419504
0.06243318977552281 0.11045872037207882 0.08689082976504842 0.13807340046509853 0.10943045726278208 0.2333755371380671 0.09364978466328422 0.16568808055811823
0.08739488939539766 0.07054768180110414 0.20931704567981563 0.14109536360220828 0.10297056051348066 0.10437783085429034 0.1573108009117158 0.12698582724198745
0.08223515960341081 0.1096956825398522 0.12729136362796775 0.1316348190478226 0.1069041448543298 0.1789691922309716 0.09872611428586696 0.16454352380977824
0.08055150503434129 0.1085287271650519 0.10712761527353716 0.13023447259806228 0.10662871045214789 0.2064600242807347 0.0976758544485467 0.16279309074757783
0.07569592660217717 0.13392356245000575 0.08398022272835577 0.11675387495641527 0.11817297790700722 0.2521792006552937 0.07918958475304687 0.1401046499476983
0.08658354920928749 0.0698927445424369 0.2106395841500402 0.1397854890848738 0.10425387637228477 0.10718742788797299 0.15585038857671746 0.1258069401763864
0.1042034291602061 0.06560679036217683 0.2694063108821197 0.13121358072435366 0.0947585022945639 0.07516123212732982 0.1452588276639161 0.11439132678533395
0.06499877397962334 0.1149978308870259 0.14045654875850047 0.1437472886087824 0.09901293442151568 0.16679171604457838 0.09749816096943502 0.17249674633053885
0.10208625335699656 0.06779937746999062 0.24209265325096407 0.13559875493998125 0.09648489390978122 0.08761037211168847 0.1501133957821526 0.11821429917844518
0.08510923689577991 0.10929732225247593 0.1349180675844379 0.1311567867029711 0.10525444567788449 0.1719505674805084 0.09836759002722834 0.16394598337871388
0.08115967055399508 0.10860374908620668 0.10897903261605446 0.130324498903448 0.10640512248011495 0.20387892855328488 0.09774337417758601 0.16290562362931
0.07898764438460691 0.1186717014742508 0.10130989012462623 0.12762814675041614 0.10485796381686908 0.2132883599483986 0.0957211100628121 0.15953518343802017
0.07839702691591309 0.11952587589780676 0.0993384220683693 0.12731228593979238 0.10428594442451287 0.21651587287402072 0.09548421445484429 0.15914035742474048
0.07823309158924403 0.11953891768831894 0.09882466445588704 0.12722071040141353 0.10409727494693209 0.21764392011537725 0.09541553280106015 0.1590258880017669
0.07818286373472011 0.11950947833391126 0.09868393155456733 0.12718637200905714 0.10402716393219102 0.21803744641743902 0.09538977900679287 0.15898296501132142
0.07739375001725128 0.12840231370403837 0.09771561369111265 0.12563146834772784 0.10303496475974547 0.2165589527846686 0.0942236012607959 0.1570393354346598
0.07720162602564648 0.13009137408075405 0.09744175108356802 0.12554573604583655 0.10275196774636691 0.2158760729261548 0.09415930203437742 0.15693217005729568
0.07717318227803066 0.1304386795108434 0.09738854804803034 0.12556092952777032 0.10269438586673499 0.2156224157130496 0.09417069714582775 0.15695116190971287
0.09417883365743827 0.15909737202449276 0.08903158029291787 0.11479785169505824 0.12517522117117702 0.2627420413705872 0.0860983887712937 0.06887871101703495
0.06233874431971179 0.11029162456564395 0.09699574785850093 0.13786453070705496 0.10186497670983302 0.23169882251122184 0.09350811647956771 0.1654374368484659
0.08648472669976469 0.06981297215523175 0.21835368957940027 0.1396259443104635 0.10038094084708861 0.10400586846905766 0.15567250805957647 0.12566334987941713
0.10321185806670266 0.07319131262043489 0.27121892719339163 0.12939593707467642 0.0930428806252017 0.07388574862102672 0.14324662142577116 0.11280671437279481
0.0842852456332957 0.12220028509364354 0.140434472027383 0.12869906780158638 0.10302139560277274 0.16396139823814582 0.09652430085118979 0.16087383475198294
0.11741747851713226 0.09098077145640611 0.16001092500891997 0.08868040353489402 0.153521054483757 0.13777631728679063 0.1407625452934826 0.11085050441861753
0.06398250882509302 0.1131998233059338 0.11578997631572563 0.14149977913241726 0.1105611124872769 0.18919330173701324 0.09597376323763954 0.1697997349589007
0.09118479615632127 0.15494366421107755 0.12370986152377782 0.15332208795410357 0.08883415196171518 0.17414078217497284 0.08019924600676187 0.13366541001126978
0.08041997731066056 0.13619379866931003 0.10396720756035076 0.1263162835346808 0.1000245367436896 0.20044562911194663 0.09473721265101061 0.157895354418351
0.07816114721919762 0.13207485355074128 0.09918213182174887 0.12600429715946593 0.10238414831311238 0.21018482761680213 0.09450322286959945 0.1575053714493324
0.09461264313001568 0.15975496014552992 0.08954946766303022 0.115000847161812 0.12529727777728897 0.2605336604538768 0.08625063537135902 0.0690005082970872
0.0522026924290453 0.09235860968215708 0.0570210851034696 0.08051776228700873 0.14224786327001368 0.32359638354723474 0.09102007910705336 0.16103552457401746
0.08548784662074438 0.06900826172999848 0.19900466655068938 0.13801652345999696 0.10916462131167116 0.12122508529556254 0.15387812391733988 0.12421487111399723
0.08070168277063144 0.12114856111219623 0.1230586529862016 0.1286501930657099 0.10661752632701262 0.18252299760682844 0.09648764479928242 0.16081274133213735
0.09607620051560456 0.15856424737523023 0.0953595785856187 0.11609738686688463 0.12767669299691078 0.24949442138945688 0.08707304015016347 0.06965843212013079
0.07345310718357591 0.12995549732478814 0.0814919324807932 0.1132945361293025 0.12068184715800616 0.2683263857763224 0.07684325059204863 0.135953443355163
0.0737323319173142 0.05951887034289219 0.18179573801321697 0.11903774068578438 0.1193321371639542 0.1267802964523427 0.17695759660155408 0.14284528882294126
0.07870495254686734 0.11968705162795103 0.11933341205816997 0.12923427958089345 0.10934943801016772 0.18522230701416362 0.0969257096856701 0.16154284947611683
0.07816083538438827 0.1292942422291856 0.1030583201047758 0.126516186389957 0.10498804841271125 0.204949994699068 0.09488713979246778 0.1581452329874463
0.0776823671558827 0.13058025970496537 0.0988857580073468 0.12586637238252252 0.10346342655918829 0.2117890714250493 0.09439977928689192 0.15733296547815318
0.07747268223261233 0.1306351534665517 0.09779119253000627 0.12565953631622429 0.10294741953824349 0.21417494328391343 0.09424465223716823 0.15707442039528036
0.11574344727203256 0.0922716970348905 0.14580440530988775 0.08874588713717363 0.15370064529989708 0.15193507150532823 0.1408664875193232 0.11093235892146704
0.06376433453562205 0.1128138226399467 0.11288064481924848 0.14101727829993338 0.11026962237490644 0.1943870615669897 0.09564650180343308 0.16922073395992004
0.10124636394172183 0.0812296710353524 0.22744048630502775 0.13403024378540881 0.09856526022446954 0.09226410605329534 0.1483769894571884 0.11684687919753589
0.0839533707062174 0.12386345727764797 0.13003750483671564 0.12882645385645233 0.10432616399443752 0.1713401416156245 0.09661984039233926 0.16103306732056544
0.07934555747509069 0.13044102958966133 0.10574808595067298 0.12682441955090512 0.10404764259726229 0.19994442573459734 0.09511831466317884 0.1585305244386314
0.07799314553703467 0.13095418332563152 0.09960542050104046 0.12601950604184747 0.10335457743180199 0.2100341550789489 0.09451462953138562 0.15752438255230936
0.07756343077825294 0.13076333538916185 0.09799476879410225 0.12571698647949037 0.10296343956864407 0.21356406603136766 0.09428773985961779 0.15714623309936296
0.06493683348799922 0.1155865637618295 0.06138779546018051 0.07888782615221118 0.13800209356674129 0.28875784388396264 0.09466539138265341 0.15777565230442236
0.051337212611516234 0.09082737615883643 0.05270444096411259 0.0791828407538574 0.14389473439366277 0.3341766762363739 0.08951103737392575 0.1583656815077148
0.08538968485609223 0.06892902271515879 0.1972319955322085 0.13785804543031757 0.1095292578274075 0.12328832001056357 0.153701432740966 0.12407224088728584
0.10337769771366305 0.0756059160762426 0.26205177247760264 0.1296482982289288 0.09534581381038311 0.07741778456291865 0.1435259955973489 0.11302672153291228
0.0733705917919848 0.11030054989406105 0.0902501601894268 0.08381658827533356 0.14406544086114592 0.22998358650698048 0.10057990593040025 0.16763317655066712
0.05275769127817142 0.09334053072291869 0.057935848729698036 0.08137379601485217 0.14936051251414373 0.31049625930241787 0.09198776940809378 0.16274759202970435
0.0610271306398711 0.10797107728592578 0.08924928634561431 0.13496384660740723 0.10540342323270917 0.24788792399977702 0.09154069595980664 0.16195661592888866
0.0911066885558062 0.06916398923427662 0.21536454057709814 0.13832797846855324 0.10055837542829602 0.10675787410530276 0.15422537300896905 0.12449518062169791
0.09764765965397805 0.14918777454410223 0.15151129860419327 0.1534329445383901 0.087048302923505 0.14715273299510256 0.08025723252777331 0.13376205421295548
0.08144425477346046 0.1428633482000116 0.11008041003746785 0.12564663119015537 0.09929194194167149 0.18938015147692241 0.09423497339261654 0.15705828898769422
0.06616334758771204 0.11924709490354517 0.06369651166108418 0.07962235452922142 0.1380804375567449 0.27839871926818377 0.0955468254350657 0.15924470905844285
0.06592759273813087 0.1090458089004437 0.09138747741311669 0.13630726112555464 0.10384780919268016 0.23746345582033657 0.09245188145907184 0.16356871335066556
0.09161691126512711 0.06923296238736913 0.21656901852014118 0.13846592477473826 0.10024797428365027 0.10486870362584469 0.15437917284586491 0.12461933229726445
0.1412378889802956 0.10183710520922225 0.2193265120587386 0.1047220386545452 0.12564737853604693 0.10000133869448509 0.11593160160372933 0.09129613626293684
0.1081602992230301 0.0760381722219543 0.19305617741319026 0.09504771527744288 0.15447720367958748 0.11786836129017232 0.1412948125616912 0.11405725833293144
0.10466445143748294 0.07585046811063194 0.18378818187486826 0.09481308513828991 0.16374195461603772 0.12242013755564159 0.14094601910109963 0.11377570216594789
0.09732475763707225 0.06571137749824407 0.25136619862913234 0.13142275499648814 0.10878942807445348 0.0805784395149695 0.14652656415280094 0.11828047949683931
0.09506613949897906 0.06505499582341816 0.27964981837300035 0.13010999164683631 0.09561033680682986 0.07234679438343022 0.1450629309853533 0.11709899248215268
0.09389770096568685 0.06446394799690774 0.2906012594856998 0.1289278959938155 0.0920116255146615 0.07031748110046601 0.14374498254832863 0.11603510639443394
0.1096097636232458 0.07537049934719263 0.21627593320854976 0.09421312418399079 0.14230795093908175 0.10911284283050131 0.140054136846649 0.11305574902078895
0.09146669167345882 0.1281269463427479 0.1489336579758945 0.16015868292843488 0.09285026743863442 0.152848913341643 0.08147202566359513 0.14414281463559137
0.10617377278219739 0.0859090048531044 0.24124703798643096 0.13102784010778049 0.09287104993111912 0.08348869010492375 0.14505320516612247 0.11422939906832147
0.08456358995395392 0.1289814737284245 0.13287189943861571 0.12801851151193924 0.10249226218644654 0.16703524015674154 0.09601388363395445 0.16002313938992405
0.07896842450088501 0.13769631661482676 0.10578937566696113 0.12579127618055255 0.10297757449973624 0.19719448017593313 0.09434345713541442 0.15723909522569068
0.07736284580375928 0.13895881825678025 0.09892660745166593 0.12487059390921945 0.10238414499354184 0.2077558017665943 0.09365294543191459 0.1560882423865243
0.07686961371789273 0.1389442456919125 0.09713344493812844 0.12454062364350332 0.1019967072655162 0.2114341174560402 0.09340546773262749 0.15567577955437914
0.06483254407205012 0.1173286497988196 0.06126056195273971 0.07886893412110407 0.1376857451925815 0.28764297567517194 0.09464272094532487 0.15773786824220815
0.11003250006562366 0.07568469826318831 0.13853138413519062 0.09460587282898539 0.1585411913787446 0.16843932184741114 0.1406379840860738 0.11352704739478246
0.10611156268047728 0.06605464695851912 0.2315185576998794 0.13210929391703824 0.10859615948282426 0.08941941092096087 0.1472920038149665 0.11889836452533441
0.10314697396219161 0.06494754057192453 0.27080543295154386 0.12989508114384907 0.09560747460667936 0.07386860192172767 0.14482332181261975 0.11690557302946415
0.08075678255123875 0.11206527779347464 0.1426127065756836 0.1400815972418433 0.09750969451738165 0.16386415867482876 0.0950118659553372 0.16809791669021196
0.1040354810988917 0.08378939200807299 0.2392068797635925 0.13186614650132114 0.09437745754657624 0.08578316799427525 0.14598124480406735 0.11496023028320304
0.08415647830488107 0.12844880005123907 0.1323900146895496 0.12805301730977506 0.10286667592237186 0.16797897910263337 0.0960397629823313 0.16006627163721882
0.06725753916936149 0.11727548216548041 0.06757180820428275 0.08043128326483079 0.14058890134955368 0.2694948793990325 0.09651753991779694 0.16086256652966158
0.06029478187028258 0.09043242700400704 0.05348591159300934 0.07883852610605742 0.1448283368932267 0.3253211522014113 0.089121812119891 0.15767705221211484
0.0697805808485341 0.10611606440603533 0.08703672954066768 0.13264508050754414 0.10333332370918427 0.25194615673038623 0.08996796764859517 0.15917409660905296
0.10031948722700942 0.06839033904905656 0.21262958992566822 0.13678067809811312 0.09932229225718191 0.10695475458856361 0.15250024856610522 0.12310261028830183
0.10642562702462978 0.07504787908679973 0.26805446720391113 0.12881138586632285 0.09257431552900414 0.07418972045332853 0.14259949920895323 0.1122971056270507
0.08135601653901811 0.1121511508800465 0.14201945291496218 0.14018893860005815 0.09688281785562228 0.16409022549192276 0.0950846713983003 0.16822672632006974
0.11665407927765625 0.09383153525443565 0.16049730514754224 0.08859000775477452 0.1512930709354327 0.137777432008477 0.14061905992821352 0.11073750969346816
0.08192014170715965 0.11034811575588785 0.11528024116752252 0.13793514469485982 0.10861478550804159 0.186823386348357 0.09355601118433972 0.1655221736338318
0.07845586342080096 0.13292444044211835 0.10174146941235374 0.12586257830178554 0.10440131192559461 0.20488917989377567 0.09439693372633919 0.15732822287723194
0.11548070246557428 0.09727894918675702 0.1464836220274391 0.08817804528801951 0.1535270081235062 0.1488639650478549 0.13996515125082462 0.11022255661002439
0.0594599302385462 0.08029883342547542 0.08150074204427901 0.10037354178184427 0.13230691009461856 0.2318472159677241 0.11346574288382395 0.20074708356368853
0.09822663107346094 0.06855976931796487 0.2103153869888648 0.13711953863592974 0.10598948225497787 0.10350355417879406 0.15287805277767091 0.12340758477233678
0.0831431649491455 0.12473461641732118 0.1257141105605456 0.12841801223528262 0.10580725673696487 0.17534681463017504 0.09631350917646198 0.16052251529410327
0.07861204932334134 0.13646344501418692 0.10404109003052892 0.125656664545965 0.10365089895021225 0.20026252304383568 0.09424249840947374 0.15707083068245623
0.09410075034158483 0.16878752277781076 0.08996236453147098 0.11400564637214755 0.12483548774411574 0.2544006056304709 0.08550423477911065 0.06840338782328852
0.07660964314993522 0.1081917692385017 0.09694292725122251 0.1352397115481271 0.10069519505311772 0.22830529554696127 0.09172780435438187 0.1622876538577525
0.1025257881434425 0.0682368191248783 0.21694578494284647 0.1364736382497566 0.09845963159331729 0.10237414147236862 0.15215792204860923 0.12282627442478096
0.07446504671549944 0.1105268211798988 0.18808562970541884 0.18975766920683812 0.06431405221278218 0.10816316034233202 0.09925785773896148 0.16542976289826913
0.07907054890986462 0.13638388408430105 0.12095242373252171 0.12967407740525067 0.09641509493391151 0.17815581612364909 0.09725555805393801 0.16209259675656335
0.07783804292621953 0.13940498377914037 0.1029342117883607 0.12570656581335254 0.10140967563067035 0.20129338843555158 0.09427992436001441 0.15713320726669067
0.07708840393439466 0.13927766672878153 0.09819842621647826 0.12476907025456134 0.1019300085085132 0.20919828384814843 0.09357680269092102 0.15596133781820168
0.06493115626498801 0.11750962565348347 0.06147130086630988 0.07894823631203271 0.13779379976405073 0.2867115249406304 0.09473788357443924 0.15789647262406542
0.07207777351130695 0.10773239627088362 0.09003317633099571 0.13466549533860453 0.10302103268237117 0.2395331954907199 0.09133833596879264 0.1615985944063254
0.11416233320122825 0.0767677875250671 0.15016979654399312 0.09595973440633389 0.14849683041395656 0.15664124637001653 0.14265059025180382 0.11515168128760067
0.10802104256498171 0.06581335432120056 0.2363383872911005 0.1316267086424011 0.1059849449100769 0.08699756724450561 0.14675395724757256 0.118464037778161
0.12130170193787357 0.07510058883328655 0.1975764216223564 0.09387573604160819 0.146634872010758 0.11330720959158777 0.13955258671259965 0.11265088324992983
0.08390750902797683 0.11025742439335941 0.12411394994882984 0.13782178049169924 0.10771040259178181 0.17732367627498724 0.09347912068132645 0.1653861365900391
0.07896173907364823 0.13311519992367776 0.1039187516764403 0.1260614872450889 0.1043550999073659 0.20146474768360115 0.09454611543381668 0.1575768590563611
0.06546184978683607 0.11659836685762556 0.0625112404881546 0.07924427883228505 0.13905353310232477 0.28354903866946196 0.09509313459874204 0.1584885576645701
0.0724888743830317 0.10775813102788703 0.09029696835504163 0.1346976637848588 0.10333399677021445 0.23842701457001422 0.09136015456712163 0.16163719654183054
0.10142347390439567 0.07544640524423699 0.21256886611668094 0.13532632499085018 0.09857486452926421 0.10398761933748592 0.15087875338532103 0.12179369249176517
0.10663443762699922 0.07609169951837212 0.2679058765813712 0.12869722140703102 0.09235626340255683 0.07364380936721678 0.14247311445955407 0.11219757763689885
0.08214789673727503 0.11988548423245798 0.14108546378414843 0.13850635610416528 0.09593783231077925 0.16228589797465484 0.09394344153152082 0.16620762732499833
0.0788414980292738 0.1359292759200097 0.1080635595032911 0.1264406971903098 0.10183310349953371 0.1960104714769623 0.09483052289273235 0.1580508714878872
0.06560992431154325 0.11749561468610256 0.06326635394190318 0.07945544921741658 0.13859407488932005 0.2813211454579812 0.09534653906089989 0.15891089843483316
0.07171746285444679 0.11964205481511558 0.08928838683732847 0.13261353644235424 0.10209963213212025 0.23555611064429974 0.08994657254350984 0.15913624373082508
0.11384968522204104 0.08562786467371188 0.14873244623372875 0.09491584049241981 0.14707384250544134 0.15480254044526062 0.14109877183649272 0.11389900859090378
0.1084756432090148 0.07140725366629697 0.23468429356729595 0.13063698149958267 0.10524236027106698 0.08632969909355363 0.14565048534356453 0.1175732833496244
0.13964248488515743 0.09192853467405816 0.22489596126622807 0.10672228466613715 0.1251167854261612 0.09665650982959365 0.11898738305314097 0.09605005619952342
0.11179431539826394 0.0697641112513663 0.26485444298192545 0.1267265721518095 0.09764921809585893 0.07386675444175667 0.1412906707423906 0.11405391493662854
0.08340507104725553 0.1189715033814802 0.14032538133508887 0.13829527284162182 0.09704074716131031 0.16220742480897965 0.09380027201431741 0.16595432740994617
0.10468827668814637 0.08487784587793752 0.23804792611026582 0.13180536993497594 0.09426163794894798 0.08549773520860995 0.1459139626467784 0.11490724558433799
0.06404406933743344 0.09781361118321578 0.10038925748264989 0.0972983632467059 0.1250235563445964 0.20407638001593958 0.11675803589604708 0.1945967264934118
0.07346128034778782 0.12076148735498356 0.10020504178748355 0.1367436152264972 0.1015950166351878 0.21039337700524788 0.09274784337101549 0.16409233827179664
0.08644867694841432 0.07205384303114709 0.1843095413788038 0.11147700503084447 0.11556410557192157 0.11385294471722673 0.17694762703308645 0.1393462562885556
0.060984157306909884 0.09476636154737321 0.09017988475629504 0.0969441129562944 0.1303987228073936 0.21650559916559187 0.11633293554755327 0.1938882259125888
0.0727049677010573 0.12006667211082483 0.09761249106123042 0.13634075395101528 0.10250651156323468 0.214685100539426 0.09247459833199298 0.1636089047412183
0.10174523947173389 0.076309590928556 0.21603533856723797 0.13534461117522328 0.09830720606967368 0.09954872261361769 0.15089914111625638 0.12181015005770093
0.10659631736781451 0.07614146471916362 0.2693053910541771 0.12855603409141567 0.09219595110532645 0.07281353610554483 0.14231681429737505 0.11207449125918288
0.09859132566923609 0.1432442832196237 0.1178760160589499 0.11540758531361649 0.11459594219949205 0.19351929599350637 0.07827644916923553 0.1384891023763398
0.07910025339576529 0.12483403557786667 0.10342930994174869 0.13511791347632507 0.09856931620126307 0.20516248174715107 0.09164519348829005 0.16214149617159004
0.10476653829332648 0.08678596067900143 0.22195715040926736 0.13320672300512243 0.09566897627939297 0.09402039522851474 0.1474653181009088 0.11612893800446569
0.08424390807012729 0.1291508029695865 0.1282587437599278 0.12801660984604865 0.10311005384366165 0.17118666181855074 0.09601245738453651 0.16002076230756082
0.07885424930964237 0.13763964436045753 0.10466120682577515 0.1257001835054405 0.10304966460080767 0.19869468438699578 0.09427513762908037 0.1571252293818006
0.07732019341811461 0.13890123266171614 0.0986399989089841 0.12482814492390293 0.10236917715621294 0.20828496308326339 0.09362110869292721 0.15603518115487866
0.07685578091579923 0.1389135367119181 0.09705729411108878 0.12452427503912941 0.10198123190049896 0.21161933124330662 0.09339320627934708 0.15565534379891174
0.05732876212256078 0.10374149441654874 0.0722130066254636 0.09298528604644549 0.12174354027388294 0.2544349951664728 0.11158234325573459 0.18597057209289097
0.07141732483348463 0.11998443706361604 0.09267978499509384 0.1350208682321041 0.099747381440908 0.2275457900597109 0.09157937149655757 0.1620250418785249
0.07442952888084908 0.1226178369722563 0.09789301338003632 0.1359106383954919 0.09552007185208569 0.21835327666340046 0.09218286778129015 0.16309276607459025
0.11427547549080615 0.09293228209682822 0.15108241455872634 0.09432851437967261 0.14424261929056473 0.149718804805177 0.1402256721226178 0.11319421725560715
0.14158822676601573 0.09993119457388754 0.19179893601709352 0.10594079653085087 0.13612126976903127 0.11115677736304841 0.11811608210230687 0.09534671687776577
0.11306382613538274 0.07589447804353659 0.2505524837138084 0.1270734633509263 0.10058251465488846 0.07678968854362082 0.1416774285420029 0.11436611701583367
0.08326999693320959 0.125723274253654 0.13633339510693118 0.13729364780675812 0.09713141471727905 0.16237498486686583 0.09312090894719247 0.16475237736810971
0.10475374561998213 0.08603744393524519 0.23627257062173815 0.13191411998261435 0.09437189925656289 0.08561381384577393 0.1460343534199068 0.11500205331817663
0.09728941005506521 0.1522952148894177 0.11033059545997106 0.11414675957358711 0.11399418645068629 0.19754644167653515 0.077421280406433 0.13697611148830452
0.10577401679125005 0.08515624129745322 0.218070600987151 0.13169849736852382 0.09895243869766898 0.09498556090644959 0.14683399631983177 0.11852864763167144
0.12147429603022905 0.08644597195172514 0.19071473022795504 0.09305247569615854 0.14352596625507044 0.11479483408798825 0.13832875491548344 0.11166297083539023
0.1086391396949199 0.07460796859863096 0.25090313254309454 0.12785738389153603 0.10260568063800192 0.07776360768818431 0.14255144144324988 0.11507164550238243
0.10448240539035243 0.07254969101257686 0.27658474773475034 0.12704575091939263 0.09275904366659385 0.0705906541999457 0.14164653124893475 0.11434117582745336
0.1027182431003141 0.07174729920188012 0.2866912748127469 0.12605483841656615 0.08997074465626381 0.06882650748034197 0.14054173775697745 0.1134493545749095
0.07027754924609693 0.10786435458925657 0.20027870186902658 0.1897366091962366 0.06139777124484241 0.10316387742158153 0.09651818815634645 0.17076294827661295
0.1006516353763765 0.08245038670649088 0.2651817898266185 0.13133366866039733 0.08584620841920099 0.07464852223319844 0.14539176994557618 0.11449601883214125
0.06036206918993851 0.09481533028803185 0.10413759088776241 0.10247816603821798 0.11661357021449953 0.20079205795756308 0.11584488334755078 0.20495633207643596
0.09836649242442447 0.07930484957063678 0.21843090623077252 0.13469332698100234 0.10107422045480519 0.09673320221245865 0.1501730078429981 0.12122399428290209
0.09278917333172892 0.14584027646514677 0.14821100137421556 0.15855141250209373 0.0840453042544008 0.14721214663468238 0.08065441418584768 0.14269627125188433
0.10652459803437625 0.08873936456196244 0.24091615604695882 0.13103816620175227 0.09095196702523699 0.08252671024899709 0.14506463657662438 0.11423840130409171
0.07243498982504074 0.11342233290303623 0.0824900916528939 0.08463093967954091 0.13975329207029058 0.2423367166115043 0.09566975789861146 0.16926187935908182
0.10070179924967274 0.08112273836893498 0.2064773488860266 0.13322741647999228 0.10585818697305358 0.1041692081796488 0.14853862703067797 0.11990467483199306
0.10432521416237582 0.07462402054556876 0.2595057667108822 0.12939433961560415 0.09502145327240427 0.07640926766172353 0.14426503237739743 0.11645490565404373
0.1033244684641732 0.07247231858311602 0.28021068514365477 0.126934452558514 0.09102234227518988 0.0702722837902864 0.1415224418824029 0.11424100730266261
0.11967376184518164 0.08380110278980574 0.21057157179125255 0.09203070289935636 0.13956037229095627 0.10711582387771404 0.13680982102650585 0.11043684347922761
0.10750322943000909 0.0737837592998624 0.2589094795915408 0.12696891228544205 0.10108809845058489 0.07591363797935664 0.1415608619063063 0.11427202105689786
0.10392898031689066 0.07224278402935472 0.27968598820693785 0.12666484677086373 0.09218175385379897 0.07007543317936882 0.14122185154900777 0.11399836209377737
0.09358186739240383 0.14336457805447303 0.16430383565300427 0.15749765829119455 0.08195982554615255 0.1374259686003933 0.08011837400030333 0.14174789246207511
0.10611984048548635 0.08784898964308158 0.24762959850997976 0.1302637049313982 0.08998047399442136 0.0803868863809083 0.14420727611453116 0.1135632299401933
0.08198352686599716 0.1282835588280559 0.13557418235531082 0.1374242495577773 0.09476485790894879 0.16385103401017184 0.09320949100440548 0.16490909946933274
0.10448682146699607 0.08649284837153681 0.2360123579915431 0.1319953685644865 0.09390252811847108 0.08591289113184508 0.14612429893992804 0.11507288541519335
0.1209029209032512 0.08646271798527257 0.19660035752463437 0.09285135051922805 0.14158211710851298 0.11214914650445816 0.13802976883156887 0.11142162062307367
0.08367345492956989 0.12609141044839167 0.12230113816965925 0.13504410051362323 0.10505855844762571 0.17418328783075962 0.09159512904402271 0.16205292061634785
0.09469460291629672 0.16457001594193288 0.12421151512772584 0.15120415306135906 0.08680903092218427 0.16760027365773375 0.07909140313978782 0.13181900523297968
0.11994247426794499 0.10285177470354295 0.15396009637556846 0.08800967422984217 0.14713783965374955 0.13838815237912502 0.13969789560292406 0.1100120927873027
0.08307864792384102 0.12887734674521803 0.11176855224530043 0.13439279714185795 0.10577458535214042 0.18368333856867403 0.09115337545273844 0.1612713565702295
0.10538876376469153 0.0871150810056288 0.22537656208522877 0.13269672433188515 0.09691158028070809 0.08992623615024357 0.14690072860509873 0.11568432377651526
0.08183913732220298 0.12815144734478892 0.13030303160612583 0.1374980319580997 0.09631536277519204 0.16763581592446408 0.09325953471940676 0.16499763834971962
0.10463061041244148 0.08662024412816548 0.23375300489135234 0.13222422223853442 0.09440543814533577 0.08671643194495432 0.1463776493645965 0.11527239887461976
0.08171221213534774 0.12806364251116834 0.1322947448758274 0.1375028956881284 0.09577001488298231 0.16639018148362653 0.09326283359716536 0.1650034748257541
0.09438507517276538 0.16539594574401723 0.127101953541149 0.15150887065834476 0.08507887535010553 0.1651938291794142 0.07925079388282649 0.1320846564713775
0.09821460463717718 0.17862597596378169 0.09522300785358906 0.11448322917183376 0.12007015632711344 0.2388306666645292 0.08586242187887533 0.06868993750310026
0.07665755653854725 0.14031841968774403 0.09514581854927572 0.12987122126093845 0.0967859193353362 0.21728903165109137 0.08808656746394086 0.15584546551312614
0.13279536528782337 0.11031248316367369 0.17349849913433074 0.10891809364131573 0.12539762027030207 0.12961610803124665 0.12143554619412365 0.09802628427718414
0.09761059179101488 0.06793940914036183 0.21255804346724175 0.11195847821738547 0.11524808429938342 0.0939014217543234 0.16643379746942677 0.1343501738608626
0.08058709125395318 0.12451346980251715 0.12754265475218465 0.1379552950548616 0.10065624276326463 0.1696292139223483 0.09356967838503656 0.1655463540658339
0.11645261096254592 0.09604886654642342 0.15563457403662814 0.08857002311008001 0.15264095030399474 0.13935310788275948 0.14058733826996828 0.1107125288876
0.08243900305512714 0.12747170725198187 0.11216719660501337 0.13439751759281135 0.10701199318397496 0.18407898404981068 0.09115657714990683 0.1612770211113736
0.1052100717668852 0.0868756205645821 0.22554612911385674 0.13267382546099618 0.09717161931576818 0.08998299450588751 0.14687537861371983 0.11566436065830438
0.08180611228005694 0.12809634806335757 0.13033952994225398 0.13749118596293147 0.0963702277363472 0.1676522815107642 0.09325489134877091 0.16498942315551773
0.09440342068740187 0.16540043798833037 0.1265628438027473 0.151503454717652 0.08519533664436094 0.16560661034821864 0.07924796092923335 0.13207993488205558
0.08045937334831536 0.14632873239499633 0.10388399137660033 0.125043643571189 0.09838720524160223 0.1958097669249188 0.09378273267839174 0.15630455446398622
0.07761771167458145 0.141091330538382 0.09845527162529943 0.12481437954678619 0.10125864170445066 0.20713390581692792 0.09361078466008965 0.15601797443348273
0.06381258748070065 0.11603761740527042 0.0584556876179682 0.07981919457004201 0.13497564739099868 0.2970304825331494 0.09023039386178663 0.15963838914008402
0.09905343923824762 0.08188778758833976 0.1953881900982587 0.13375452613379632 0.1054152605669743 0.11499540789583844 0.14912631495812811 0.12037907352041669
0.10433768834298902 0.07500628394792277 0.25511862040834876 0.1299060474200909 0.09528553089706975 0.07859483791324635 0.1448355483922506 0.11691544267808182
0.12046838452058707 0.08454303261472171 0.20261789976761413 0.09249580066960227 0.1415658636746211 0.10981283784944462 0.13750122009988636 0.11099496080352272
