0.125 0.125 0.125 0.125 0.125 0.125 0.125 0.125
0.099626400996264 0.07845579078455792 0.199252801992528 0.15691158156911583 0.08685378548392246 0.06839735606858895 0.17370757096784492 0.1367947121371779
0.09444644354078607 0.15741073923464347 0.10039762527401264 0.1416696653111791 0.1180580544259826 0.19676342404330432 0.10625224898338434 0.08500179918670747
0.06430745814307458 0.11377473363774733 0.056062912227295786 0.09918822932521562 0.12861491628614916 0.22754946727549466 0.11212582445459157 0.19837645865043124
0.09610220552809057 0.07757647916122974 0.19220441105618113 0.15515295832245948 0.09652348224615571 0.06981883124510677 0.172983969950563 0.13963766249021353
0.09584669308329005 0.07547927080309093 0.22542596789637284 0.15095854160618186 0.08355865550850927 0.07000867765963446 0.16711731101701854 0.13160488242590213
0.07251849617338965 0.12086416028898274 0.11985574254252371 0.1450369923467793 0.09064812021673706 0.16100250373802896 0.10877774426008448 0.18129624043347412
0.07140380015346487 0.11900633358910813 0.10293177828101327 0.14280760030692974 0.08925475019183109 0.1889805368637934 0.10710570023019733 0.17850950038366217
0.08737339327493623 0.16220567858213808 0.092455045348733 0.13106008991240437 0.1092167415936703 0.24075792990637218 0.09829506743430327 0.07863605394744262
0.0862365828327461 0.15257241578101235 0.08150074477377683 0.13301184965524152 0.11376055562407646 0.1830868989372148 0.09021673280964208 0.15961421958628982
0.06938720247527158 0.13273091963339798 0.09498871783737052 0.13877440495054316 0.096288475857376 0.19028146934495432 0.10408080371290739 0.17346800618817895
0.09152805332417428 0.16138368299001893 0.08991518613048428 0.1285800445776884 0.11722476492185334 0.2377852078759014 0.09643503343326629 0.07714802674661303
0.08277819615083937 0.14645373165148504 0.07823338220111543 0.12767761220898696 0.11022270377095658 0.21482251108495426 0.0865987282808781 0.15321313465078432
0.07270232195967245 0.12828705222312145 0.09181354822602204 0.1343028795464238 0.09317834561500896 0.21111009333690373 0.10072715965981786 0.16787859943302974
0.07581886016273645 0.12620513480877976 0.09373353637843888 0.13419621597818238 0.09170332299728536 0.20995049771821228 0.10064716198363681 0.16774526997272798
0.07525660469651675 0.12441393468193754 0.09288092812321438 0.13236401954804963 0.0904172996097 0.21993917424448237 0.09927301466103723 0.16545502443506202
0.09103388807828888 0.15037594435567142 0.08425171519631686 0.12003134887088321 0.10929637249447459 0.2829684100286726 0.09002351165316241 0.07201880932252992
0.0791537897113819 0.14004132025859878 0.07460851472952368 0.12208730484082969 0.10498885846894881 0.2498084046375066 0.08280704154421491 0.14650476580899563
0.06603054929245454 0.11682327951741957 0.0885258492793778 0.14602909939677447 0.0873254457383681 0.22098503356079444 0.09904582393868182 0.17523491927612936
0.0668079740581201 0.1112458973679941 0.13854119176393778 0.1985980993076749 0.060275186429108556 0.14751276383374104 0.1038820827147838 0.17313680452463967
0.07467726050248227 0.12356575965874661 0.1066238853345108 0.133226527811527 0.09236090778773387 0.20309260328194548 0.09991989585864527 0.16653315976440877
0.07337370240398171 0.12120325353407344 0.09773532433047477 0.1287865522130659 0.09895620350291805 0.2223718595893545 0.09658991415979942 0.16098319026633234
0.07533466860734672 0.1196161993808401 0.09507633741341735 0.12720328735219955 0.09928188655059719 0.2290810459911999 0.09540246551414966 0.1590041091902494
0.09165708803972587 0.14465919697985466 0.08595708892281326 0.11544358372950636 0.12473407228411704 0.2817001320091492 0.08658268779712977 0.06926615023770383
0.07518569218802729 0.13302084002497136 0.0711796345598891 0.11596688617561607 0.10147458896030562 0.2853562936222075 0.07865580105824393 0.13916026341073928
0.09981018610196866 0.08056966829917953 0.13370518903127956 0.10071208537397441 0.13201076331690376 0.18262232627497196 0.14971527915295302 0.1208545024487693
0.08941550973886146 0.07217878496992432 0.20254645009536848 0.14435756993984863 0.09927298521573266 0.10135896956444979 0.16094791752995063 0.12992181294586377
0.10341014261789035 0.07165062924296614 0.25447318487581516 0.1332109604395536 0.09521804710425269 0.0784343944264371 0.14747000911501254 0.11613263217807236
0.10156408027371464 0.1442714168324324 0.12764659289339844 0.12056355277009266 0.1292129072151791 0.21398065377555772 0.09042266457756949 0.07233813166205559
0.07511606427740461 0.13289765218310048 0.08062705074516625 0.11585949164680553 0.11123650380744136 0.2666488878121688 0.07858295955174636 0.13903138997616662
0.09754470067127095 0.07874090295150789 0.13997047937090965 0.09842612868938486 0.14094631593217355 0.1799430669505849 0.14631705100690645 0.11811135442726181
0.0817301152274293 0.1314605929308814 0.11664522153071467 0.1643257411636017 0.08410385368358247 0.1902495183463688 0.08359179007018 0.1478931670472415
0.1027408748859853 0.07642104278149661 0.2296147075240407 0.13395569622238263 0.09285144788129436 0.09933987944992695 0.14829446224048867 0.11678188901438485
0.08079447444102834 0.115309811051769 0.13578171379000928 0.1277704543145802 0.10237050826913544 0.18243212950431725 0.09582784073593516 0.15971306789322523
0.09222819381808606 0.1431289738736047 0.10008607792971701 0.1144383653027681 0.1251130210485715 0.2705135748685155 0.0858287739770761 0.06866301918166087
0.059585630398937606 0.08975410128356448 0.05260417650246411 0.07824716522156903 0.12548596400878193 0.3493753149345536 0.08845331720699108 0.15649433044313807
0.0776398881552621 0.12311680775780716 0.09587055834775177 0.15389600969725895 0.0829263689790374 0.24975772731543955 0.07828623101990999 0.13850640872753303
0.10227904233419569 0.0691883388277207 0.20218779062380698 0.1383766776554414 0.09306644508408506 0.11608302661677122 0.15427966896808168 0.12453900988989726
0.10275490898778288 0.06885065326272938 0.27312770106946144 0.12807573944964484 0.09306189217825979 0.08068822381314197 0.1417851083854432 0.11165577285353652
0.11847568816779011 0.07614791476581505 0.19813289888060567 0.0951848934572688 0.13943787126917728 0.11690012417115819 0.1414987371394623 0.11422187214872256
0.0920308288753932 0.057105076366289795 0.21268862804411198 0.11421015273257959 0.12032735155074446 0.09680471628365224 0.16978106286813321 0.13705218327909552
0.0996339329313862 0.06528359602715234 0.26394754006894466 0.13056719205430467 0.0988049434094866 0.07867964733960411 0.14557267532024712 0.1175104728488742
0.09813085025537394 0.06310914912103985 0.29416667350132025 0.1262182982420797 0.09134887640173213 0.07270570079665181 0.14072398326393065 0.11359646841787173
0.09562956153513336 0.061504556741260194 0.3143415286799876 0.12300911348252039 0.08776629113667916 0.06989476454172894 0.13714598174842196 0.11070820213426834
0.09354807681220144 0.060337505100896964 0.3285337446797316 0.12067501020179393 0.08557580286849514 0.06817872037804215 0.13454363077722395 0.10860750918161453
0.09199869038237189 0.05949525905677247 0.3386636571598762 0.11899051811354494 0.08408602675073334 0.06700883442731957 0.13266554780719114 0.10709146630219045
0.09088215808048479 0.058893111355379085 0.34588175814086075 0.11778622271075817 0.08304010491005721 0.0661861960569023 0.13132284830587512 0.10600760043968234
0.1079481312067176 0.07005698870128534 0.26285158302663614 0.08757123587660666 0.13149090428148666 0.10481515007459308 0.13018052378074663 0.105085483051928
0.11649723272564547 0.06998954943479634 0.2263618172506673 0.08748693679349542 0.14759406581909099 0.11703086629228691 0.13005520753182304 0.10498432415219451
0.10581436953742843 0.06054317763202918 0.29084834163838097 0.12108635526405837 0.09926515275996486 0.07846263360622956 0.13500224982425613 0.10897771973765252
0.08262613968106773 0.10667301107535057 0.1663410515062666 0.13334126384418823 0.09508104502991908 0.16548781068629767 0.0904401615638842 0.16000951661302587
0.07767903374596555 0.10734252264176464 0.12658204396345482 0.1341781533022058 0.0962911947671816 0.20590547668137144 0.09100779093540916 0.16101378396264696
0.10158834358990804 0.064909708982767 0.2426533453342421 0.129819417965534 0.09755686127700866 0.10189588366625553 0.1447389630153043 0.1168374761689806
0.10200151432154547 0.06088188707029228 0.30219607867275755 0.12176377414058456 0.09236934012167959 0.07544248762867901 0.13575752131793534 0.10958739672652612
0.09903956557781035 0.058787461958846106 0.3314500472654009 0.11757492391769221 0.08831883520768112 0.06792446862647324 0.13108726592017325 0.105817431525923
0.09680334226046612 0.05776761545357026 0.34569912393297214 0.11553523090714052 0.08600198490228059 0.0653978342978396 0.12881316042930444 0.10398170781642647
0.09552001575052466 0.05727138074487156 0.352671746045171 0.11454276148974311 0.08479809779909189 0.06440088173604089 0.12770663109378821 0.10308848534076881
0.09484251690620246 0.057025888341221964 0.35612429426920444 0.11405177668244393 0.0841906300553742 0.06395907505704658 0.12715921967430688 0.10264659901419955
0.07942578685642936 0.1048269805740152 0.18799997131402316 0.131033725717519 0.0940112697017582 0.15658674622769778 0.08887504874753463 0.15724047086102277
0.11382924757434973 0.07219499787178657 0.19863277267813484 0.0902437473397332 0.1442589959256098 0.13839435023498323 0.1341533915677228 0.10829249680767984
0.10748517020209893 0.06054436606138914 0.27795158262605907 0.12108873212277828 0.10455177510704818 0.0843936151257745 0.1350048998443513 0.10897985891050047
0.10282023846909712 0.05901139012858657 0.3197525860722617 0.11802278025717314 0.0918083147439808 0.0707775957808651 0.1315865923165796 0.10622050223145581
0.09966592162416803 0.057806477289629184 0.34031915715718636 0.11561295457925837 0.08699514685628454 0.06664886684869939 0.12889981652344176 0.10405165912133252
0.09784660719150416 0.05716241488367361 0.35020656812302386 0.11432482976734722 0.08496879826144149 0.06513478149551921 0.12746365348687816 0.10289234679061247
0.09688839562127047 0.056846336565283866 0.3549233517223923 0.11369267313056773 0.08406453553112518 0.06450245559911205 0.12675884601273746 0.10232340581751095
0.09640717404140392 0.05669465888132807 0.3571699725348816 0.11338931776265614 0.08364863556848143 0.06421922780888199 0.12642062741597632 0.10205038598639053
0.08086899669517847 0.10435445573438486 0.18827515635332448 0.13044306966798108 0.09356711368748699 0.15748509439830577 0.08847442986176107 0.15653168360157727
0.10039002391270244 0.062448198540981985 0.2759081444830362 0.12489639708196397 0.09360542589779088 0.0910948905900151 0.1392501621197419 0.11240675737376757
0.09446815728316994 0.12130676951325402 0.18628322959789917 0.15163346189156748 0.08344578544095563 0.14925719778242386 0.07713528278831913 0.13647011570241074
0.10546038656716716 0.06251181357936116 0.2747135899545005 0.1250236271587223 0.0910688956851901 0.08930840845166291 0.13939201416054564 0.1125212644428501
0.08437622418750217 0.1055456644068768 0.16185705103534911 0.131932080508596 0.09616499983810824 0.17232111576394393 0.08948436764930859 0.15831849661031516
0.10416481039028169 0.06311128769294713 0.2615704729301701 0.12622257538589426 0.09525085479837991 0.09535092899492814 0.14072875196009402 0.11360031784730482
0.09736220637912799 0.12130472409267655 0.1811111916577022 0.1516309051158457 0.08383870932395633 0.1511504666588041 0.07713398216762585 0.1364678146042611
0.10724475119777489 0.06256974552109992 0.27177393770182756 0.12513949104219985 0.09127769238355075 0.08984764647150255 0.1395211937440646 0.11262554193797986
0.10519060089789528 0.05923621545197106 0.31691867687841646 0.11847243090394212 0.08879607749751812 0.07267289132500049 0.1320879192317086 0.1066251878135479
0.08471255933124548 0.10474674910038696 0.1753962881836874 0.1309334363754837 0.09517359982678988 0.16311021712062854 0.08880702641119766 0.15712012365058045
0.10353656012897718 0.06261067802163783 0.2686481369776119 0.12522135604327567 0.09433071979112702 0.09334086148748671 0.13961246711093567 0.11269922043894809
0.08443080936637941 0.10529245235511814 0.15969187034962423 0.13161556544389766 0.09685456702375489 0.17490636906225265 0.08926968786629581 0.15793867853267718
0.07931668754435586 0.10520595215941239 0.12386956910996016 0.1315074401992655 0.0979542493261668 0.2151408226778708 0.08919635074384966 0.1578089282391186
0.1171941056036176 0.07200118212242343 0.16918298985910465 0.09000147765302928 0.1485277473176535 0.16129748285394352 0.13379324140659277 0.10800177318363512
0.11211749165738445 0.06063706004989811 0.26098395987216255 0.12127412009979623 0.1090590919249024 0.09156997470223698 0.13521159360380264 0.10914670808981662
0.10706915012562933 0.058927246610260595 0.31043511437217597 0.11785449322052119 0.0949958214174996 0.07325016552599764 0.13139896482944674 0.10606904389846905
0.08540869890136822 0.1042849701463645 0.17311661396842679 0.1303562126829556 0.09840866991532306 0.1635818609984453 0.0884155181675699 0.15642745521954673
0.08015163699669246 0.10506196614153301 0.12813501628095736 0.13132745767691625 0.09913095998478498 0.20952573806508196 0.08907427564173451 0.1575929492122995
0.10472592584344702 0.06367571479639307 0.24241417052778588 0.12735142959278614 0.09942020740644805 0.10580892504170522 0.14198734015792724 0.11461628663350752
0.08523767954226248 0.10495277125562602 0.15097144827176348 0.1311909640695325 0.10035979466286607 0.18087648794561006 0.08898169736890031 0.157429156883439
0.11950184804834542 0.07151520620600792 0.1808442556759408 0.0893940077575099 0.14998240808315966 0.1485992683133382 0.13289019660668636 0.10727280930901185
0.11247160774982352 0.060085041141579046 0.2668071531700157 0.12017008228315809 0.11029944749306751 0.08803292027838097 0.13398067382913298 0.10815307405484229
0.10710144893120685 0.05856706091880735 0.31302326714511275 0.1171341218376147 0.09603431603105143 0.07212327098578927 0.13059580449656444 0.10542070965385322
0.12238999435251262 0.06784048905389212 0.24857636087332058 0.08480061131736515 0.14244228112486357 0.10612772541049774 0.12606180428671 0.10176073358083818
0.11013697106870106 0.05794450767920095 0.30190565764437044 0.1158890153584019 0.10477891891689814 0.07583721181922971 0.12920760369063614 0.10430011382256171
0.08644337129530649 0.10373934630926095 0.17013283130527387 0.1296741828865762 0.10210864312183263 0.16433968157305032 0.0879529240448082 0.1556090194638914
0.10479685778067983 0.062286516831841686 0.264879929137732 0.12457303366368337 0.09898132159356142 0.09347697465522933 0.1388896360399574 0.11211573029731503
0.10549347081868055 0.05897869445896589 0.3127404468962664 0.11795738891793178 0.0934715318590547 0.07368313116968592 0.1315136858532762 0.1061616500261386
0.08541532040943847 0.10402918152913299 0.17373974583517213 0.13003647691141623 0.09900960972139544 0.16352723939461086 0.08819865390513448 0.15604377229369945
0.1043573023318415 0.06222813719821751 0.2669197789117397 0.12445627439643502 0.09808154335178937 0.09318685868283191 0.13875945817035365 0.1120106469567915
0.1052622170477877 0.058917761280170754 0.3137699745289169 0.11783552256034151 0.09323294788860081 0.07355179243080777 0.1313778139590673 0.10605197030430735
0.10312122743144755 0.057334998996910774 0.3365122710087276 0.11466999799382155 0.08973660820955631 0.06757340786452254 0.12784849030057419 0.1032029981944394
0.10135520790337375 0.05660346633075547 0.3474212329007876 0.11320693266151094 0.08778943832215062 0.06552020084703379 0.12621728163902787 0.10188623939535985
0.10030514559588798 0.056264670810986905 0.35263310444416635 0.11252934162197381 0.08680109412661813 0.06472841774415097 0.12546181819643945 0.10127640745977642
0.09974721721204449 0.056106340037029676 0.3551200542366549 0.11221268007405935 0.0863184403152576 0.06439509185632697 0.12510876420197362 0.10099141206665341
0.09946546884449298 0.05603175976861994 0.35630641208410313 0.11206351953723988 0.08608653783202602 0.06424667301519903 0.12494246133480326 0.10085716758351589
0.09932678708348458 0.05599644047486984 0.3568723504540815 0.11199288094973968 0.085975824634448 0.06417841896733385 0.12486370458127691 0.10079359285476572
0.09925944964489437 0.05597965916315946 0.35714234695381025 0.11195931832631892 0.0859230793400692 0.06414647531722444 0.12482628476083617 0.10076338649368702
0.1341883669417499 0.07569257615400007 0.3019694461196694 0.0946157201925001 0.11616301170046461 0.08672726357836948 0.10548946713999638 0.0851541481732501
0.11124142871235307 0.0562538037489947 0.3284389374155792 0.1125076074979894 0.0952092869026329 0.06965450270411376 0.1254375862701464 0.10125684674819047
0.10405574685920366 0.05655615015137966 0.34304876522509115 0.11311230030275932 0.08933449045009677 0.06597970311784987 0.12611177362113613 0.10180107027248338
0.08492471594190691 0.10338044254368808 0.18340723960669886 0.1292255531796101 0.09750960615112082 0.15883314269179452 0.08764863606964861 0.1550706638155321
0.1039491446319747 0.061900581978411494 0.27199948150537206 0.12380116395682299 0.0971907385252411 0.091708782922012 0.138029058919025 0.1114210475611407
0.08536543516901257 0.1045067075958824 0.16047725931693274 0.130633384494853 0.10038688131329683 0.17326675775447253 0.0886035129617264 0.1567600613938236
0.13813386649378626 0.08218763341353795 0.21323855271094613 0.10273454176692243 0.1300723634689 0.12663060724240682 0.11454134731327023 0.09246108759023018
0.0710155484134502 0.07825213346817841 0.1717645507937644 0.15650426693635683 0.0833427727635147 0.145164887118187 0.1061507201829203 0.1878051203236282
0.0974264820264384 0.07040266043896297 0.2656261121394394 0.1298450538233697 0.09185943347686573 0.08789819391534591 0.1437438121284353 0.1131982520511428
0.10055589182251201 0.125940972254963 0.13238276804565166 0.10979469376073699 0.11865306426635201 0.20644953287309575 0.07446944446380421 0.13175363251288436
0.11028130441319782 0.06229564744943806 0.24215983262161378 0.12459129489887612 0.1046159898120403 0.10501376944142682 0.13890999595441858 0.11213216540898849
0.08675167294680773 0.10427129408262435 0.1505776924075287 0.13033911760328046 0.10238728540273276 0.18086207318912537 0.08840392324396414 0.15640694112393652
0.10594604077391397 0.06274609326561442 0.2541281182922152 0.12549218653122884 0.10000017181708537 0.09882999854806301 0.13991442289377304 0.11294296787810595
0.10657286601662443 0.05921833635380309 0.30721949274505217 0.11843667270760617 0.09430563324735289 0.07560594198139955 0.13204805151131613 0.10659300543684555
0.10404462884566641 0.0574599858385303 0.33322004849772563 0.1149199716770606 0.09029843388187286 0.06850176444715637 0.12812719230263325 0.10342797450935454
0.08504797225105493 0.10349937230936292 0.1801847873019939 0.12937421538670366 0.09791480795891444 0.1609803185004223 0.08774946782750336 0.15524905846404438
0.10405904095828893 0.061917720892489155 0.2701670927078395 0.12383544178497831 0.09749144070856577 0.09301008920198671 0.1380672761393713 0.11145189760648047
0.08529260382719461 0.10434848543459695 0.15974517272150368 0.1304356067932462 0.10047686148323842 0.1747091735024707 0.08846936808585394 0.1565227281518954
0.10507538158628556 0.06250315260536021 0.25917429475864817 0.12500630521072043 0.09911490058560576 0.09724758908252525 0.1393727014812062 0.11250567468964841
0.14133745561492522 0.07870558950007203 0.2580226655073404 0.09838198687509003 0.12511492318325715 0.10020501770532794 0.10968857342640634 0.08854378818758103
0.11572183453325206 0.05744140899343216 0.3062161315302913 0.11488281798686432 0.09968859190412308 0.07456891015313134 0.12808576871072783 0.10339453618817789
0.10076366516033024 0.11846408694685473 0.19633476676393857 0.1480801086835684 0.08657698425251704 0.1411805829168077 0.07532770746077176 0.13327209781521157
0.10827584855538662 0.061425687212420116 0.27851623249404456 0.12285137442484023 0.09347026014735034 0.08792424571292178 0.13697011447068005 0.11056623698235622
0.10607013238372744 0.05843697034078288 0.31931232491145933 0.11687394068156576 0.09142341511987555 0.07239094802510586 0.13030572192407405 0.10518654661340919
0.08563728604689468 0.1037023747939588 0.1756996132912939 0.1296279684924485 0.09839904688644674 0.16345856966835842 0.08792157862966074 0.1555535621909382
0.11840052058482725 0.07840259207211162 0.1901674263186533 0.08756055379562805 0.1479106347871474 0.1423209637369602 0.13016464414991868 0.10507266455475364
0.11167471665353204 0.06472563591065449 0.27075007765026193 0.11836972964221194 0.10933082750211777 0.08664284097407848 0.13197341498915272 0.10653275667799075
0.086502439187874 0.11076529800899486 0.15920758478738803 0.1286417292774138 0.10325887787941447 0.17000134456394625 0.08725265116207198 0.15437007513289658
0.10476001541311315 0.06969852514812094 0.2576208437474866 0.12366306800187914 0.09937011852057004 0.09571557573220817 0.1378750922349309 0.11129676120169121
0.10563777774543269 0.06349849738082203 0.30844018336500095 0.11745002637450642 0.09371461441512254 0.0746058625018262 0.13094801448023327 0.10570502373705579
0.10332912125370676 0.06134134960808622 0.3333842910479136 0.11412211931157511 0.08983222509303046 0.068043339848932 0.1272376464563382 0.10270990738041758
0.10140748310855392 0.06038004770928745 0.3454370296584613 0.11255127503280332 0.08768540230634277 0.06575634234233549 0.12548627231269266 0.101296147529523
0.08375342955421096 0.10973955602064597 0.18338701695596202 0.12796007410424587 0.09645607325837648 0.15836145004988827 0.08679031113157545 0.153552088925095
0.1028166981132764 0.0689038666988235 0.27080837203369884 0.12235588149558321 0.09638768689512181 0.09218952458582859 0.13641767683164277 0.11012029334602488
0.09688068981566014 0.12818642313233133 0.18274408687604343 0.1482851929626368 0.08566049920056525 0.1493544014045267 0.07543203294186307 0.13345667366637312
0.08147402766598005 0.12876155046109655 0.12886697386905333 0.12706367482296627 0.09457914806436785 0.20059589675339934 0.08618231857557712 0.1524764097875595
0.10402793170512453 0.07879379568621087 0.24005266368759925 0.12441317647028942 0.09769297617126617 0.10433619025728484 0.13871140719896446 0.11197185882326047
0.14042133751249772 0.09098911970460757 0.24777958425553587 0.09765437960273177 0.12420218108405634 0.10218711058133523 0.10887734561677706 0.08788894164245858
0.09209501761870838 0.11933912100404184 0.14972119365319753 0.12449660142913703 0.10568180707456369 0.17482916436214627 0.08444117314324077 0.1493959217149644
0.09257847874247091 0.1461888758117024 0.1366467161290219 0.14632575736684164 0.08693442798529212 0.18519728576094627 0.07443527657356729 0.13169318163015747
0.10728393895206315 0.08062069618409122 0.24405954752749667 0.12369960642611452 0.0949325812368509 0.10015815403867526 0.1379158298512053 0.11132964578350307
0.1243305544981284 0.07993372491094819 0.21889015113123744 0.08549753744657679 0.1438225624814695 0.11783059280949301 0.12709783178625444 0.10259704493589215
0.11182696635433509 0.06788836351727111 0.28513255649135705 0.1157830483568556 0.10639972014834581 0.0796751432187681 0.1290894583918972 0.10420474352117004
0.10583870048233048 0.06538408824390896 0.32094626282637806 0.114264626691817 0.09379227758953343 0.06953934859296783 0.1273965315504288 0.1028381640226353
0.07267892670969858 0.09965210348371424 0.24033947033782538 0.17489461427306816 0.06307175159670299 0.10298985088388599 0.08896812986934338 0.15740515284576137
0.09779700701209337 0.07261369291719863 0.3020414768001125 0.1208160653605857 0.08532662255485685 0.0779697797778535 0.13470089675277241 0.1087344588245271
0.10136198153726923 0.06601554420683875 0.3304611530392492 0.11451160778028262 0.08778811667497755 0.06912925272648475 0.12767189703264345 0.10306044700225438
0.10081597758261515 0.06401734283844508 0.3437990897857917 0.11222914037341461 0.08701793389628215 0.06598717298000406 0.12512711620737418 0.10100622633607315
0.08884790575951396 0.056253801320417025 0.31119737212284376 0.0989358862812164 0.10215561294611086 0.07681151812782402 0.14707483990461423 0.1187230635374597
0.0804882375168993 0.11451731362763165 0.17178328078077923 0.12791777893458167 0.10072818913857329 0.1643022413070163 0.0867616239730206 0.153501334721498
0.10181095526211256 0.07546238711451957 0.26363874437603646 0.12192075500442137 0.09764844056498989 0.09385749490781746 0.1359325432661235 0.10972867950397922
0.10419240096151357 0.0674121324836226 0.31101838042189917 0.11637036785553542 0.09265522121263069 0.07387389019170484 0.12974427580311187 0.1047333310699819
0.10255435270807398 0.06477295898397767 0.3342637465631282 0.11330747482157122 0.08913240779909735 0.06766295314038863 0.1263293786443488 0.10197672733941408
0.07171889908625645 0.09917273325520608 0.2455248385483481 0.17421332651514954 0.06193896335927729 0.10201768362311714 0.08862156174901085 0.1567919938636346
0.0972587218044989 0.07237497512967479 0.3046855100574567 0.1204942667271034 0.08479661020054428 0.07760296073506585 0.13434211529126303 0.10844484005439307
0.10106996807583667 0.06589815911779903 0.33176468409124954 0.11434768761723835 0.08752988846155221 0.06898755549711258 0.12748913828369707 0.10291291885551451
0.08341184897529935 0.11615741239680494 0.17837632955774563 0.12729471084351757 0.09599986135223616 0.15966716259439803 0.08633902126777714 0.15275365301222107
0.11692798998345796 0.08609432688003706 0.19057456196351372 0.0866875310330606 0.14602901992988382 0.14079469579286924 0.12886683717750502 0.10402503723967273
0.11093098318501812 0.06964842101258825 0.27030998371141446 0.11752706585770675 0.10849223516357216 0.08628304404297774 0.13103390775478646 0.10577435927193607
0.1241772836669334 0.07721991018569785 0.22895416257962387 0.08410363905480807 0.14806150541454866 0.1115334240257697 0.12502570820684902 0.10092436686576968
0.11119366022166799 0.06711224585639046 0.29018505623781926 0.1149687434333361 0.10706158043927479 0.0778252755503119 0.1281815691711971 0.10347186909000249
0.12370761492821965 0.07640068074158547 0.23723966216278877 0.08354998715045754 0.14669796671717708 0.10794143625376612 0.12420266746545629 0.10025998458054904
0.11062873854157029 0.06673987414162029 0.294498053251692 0.11448193907965545 0.10628394564529126 0.07669488552295445 0.12763881864552631 0.10303374517168992
0.08582176449706365 0.11626012311288207 0.16627972199117994 0.12721276227925157 0.10170998544866656 0.16377688917253574 0.08628343876331847 0.15265531473510188
0.07863508901114927 0.12591762209458446 0.1233902983805527 0.12675929252243884 0.09915150716662055 0.2080591718259866 0.08597586797174114 0.15211115102692663
0.08972454775069118 0.06816702133973365 0.2055267857639391 0.10809530351786983 0.1148643941106168 0.12321665448406624 0.16069092881163935 0.12971436422144383
0.10342052737797322 0.06867085196001614 0.2816667924431798 0.1203520905001846 0.1004233168923609 0.08296593996770434 0.13418359940841476 0.10831688145016613
0.10377733141179082 0.06591491345894396 0.319842589402273 0.1151363410275423 0.09260719579376699 0.07073049399944091 0.12836842798145387 0.10362270692478807
0.10200664250878459 0.0642739311408305 0.3385045725473496 0.11271166762308231 0.08873687852685716 0.06666070871106435 0.12566509808125745 0.10144050086077408
0.11958723042757996 0.07546095247625258 0.258260177920853 0.08291460075505341 0.13773873161123984 0.10328266298947478 0.12325812291348238 0.09949752090606409
0.10843228495927755 0.0660503363112993 0.3055830605173834 0.11347093480806703 0.10284722647308338 0.07498069127284372 0.12651162433078517 0.10212384132726034
0.10385836737234563 0.06449196424810505 0.3310910467092426 0.11302641544501801 0.09193766296527907 0.06785475094542129 0.1260160184140723 0.1017237739005162
0.12039085654826027 0.07556086336004401 0.2550188789782188 0.0829959222393075 0.13926415807252926 0.10379520135275422 0.12337901276171684 0.09959510668716902
0.10883944142927257 0.06614527851410369 0.3038713553636806 0.11361552380851964 0.1034105638893924 0.07519103529129736 0.1266728302760659 0.10225397142766768
0.10407462617670914 0.06455161057771891 0.3302311401254479 0.11311422527290926 0.09216062767234973 0.06795104761004796 0.1261139198191988 0.10180280274561833
0.10157405920274819 0.06370785305709639 0.343429527561195 0.11195186223264098 0.08811390694269716 0.06564814322143538 0.12481797177281016 0.10075667600937689
0.11931103700953673 0.07525587303623985 0.26028419815184 0.08276237232962451 0.13727054623076224 0.10276930131166201 0.12303182513478508 0.0993148467955494
0.10826344706754729 0.06595864979813007 0.3066196704196567 0.11335014475715484 0.10262386861793056 0.07479213661994016 0.126376952438201 0.10201513028143937
0.1037717451045005 0.06444611587964401 0.33160032992913363 0.11296175556824664 0.09183282101410811 0.067777725016109 0.12594392747683616 0.10166558001142197
0.10141883371820126 0.06365301282891793 0.3440983286813565 0.11187370733600595 0.08797109042199391 0.06556785551560214 0.12473083489551706 0.10068633660240535
0.10015924981554536 0.06319760310823858 0.3502011675657214 0.11121159618348551 0.08643061483908468 0.06471670155105069 0.12399263037173681 0.10009043656513696
0.09950367765590301 0.0629591871040781 0.3531543437163128 0.11087074372216411 0.08576917958291114 0.06434659355456886 0.1236126053141143 0.09978366934994769
0.09917157831005217 0.0628405213284419 0.35457829166717747 0.1107031503688863 0.08547179537829294 0.06417607638297543 0.12342575123217621 0.09963283533199767
0.09900650886364534 0.06278271467000993 0.3552639063745285 0.11062196783889419 0.08533434088645453 0.06409555154182982 0.12333523876963279 0.09955977105500478
0.09428218524368354 0.13108596564567088 0.21181454808276232 0.1443700378617612 0.08126744133221556 0.13380637719386038 0.07344041056446113 0.12993303407558507
0.08101038984556642 0.12936420642233784 0.13811949606880816 0.12691276816941569 0.09331069663478798 0.19290715655826826 0.08607996449751673 0.1522953218032988
0.10362105534683934 0.07854152734859962 0.24522131615898135 0.12387379684929439 0.09694893545768096 0.10219691250047387 0.13811003917376552 0.11148641716436494
0.10576143343678025 0.06842360141069648 0.3017263250116586 0.11752467757573551 0.09328976114040818 0.07647074660794047 0.1310312449986185 0.10577220981816197
0.1035632967886547 0.06519353177971267 0.3296910025860831 0.11385779466588626 0.08971454640752544 0.068564868370725 0.12694294420211497 0.10247201519929762
0.08409696940678293 0.1159453727777207 0.17772670794946738 0.1272104997076543 0.09666665637951544 0.15941928998013463 0.08628190414953944 0.15265259964918515
0.13393369795527738 0.10456918047846865 0.21769733884697412 0.09873527993256932 0.12541418099734294 0.120706101029713 0.11008246882034221 0.0888617519393124
0.08975599553920449 0.12849488200644804 0.13886024798348118 0.12315411435412926 0.10511872721283927 0.18330047898657656 0.08353061669236594 0.14778493722495512
0.10559957194641847 0.083108709903239 0.24395879888941543 0.12219064317796426 0.09965303216921673 0.09928421661486303 0.13623344843871538 0.10997157886016783
0.08429981580805482 0.12550571624246284 0.1492672294955335 0.1271950360695639 0.09935482384613187 0.1754719194858548 0.0862714157689216 0.15263404328347666
0.0775111319085982 0.13521406057138557 0.1170326779629747 0.12520716172760155 0.09749772140278329 0.212365533964379 0.08492311838915584 0.15024859407312183
0.07508959921526058 0.13658460896186705 0.10600960471939554 0.12395082995816806 0.09600665241652499 0.22954671106822463 0.08407099771075748 0.14874099594980167
0.07412643723665682 0.1362937607166293 0.10212887200061822 0.12328365676925428 0.09510277586018187 0.23750562905006004 0.08361848024349422 0.14794038812310512
0.10224929474999794 0.0860017437892699 0.22350071713030734 0.12450284248265206 0.09842915254632062 0.11445231295580999 0.13881137811125535 0.11205255823438685
0.12257982061807986 0.08470850649538247 0.20955103119646992 0.08535940968838347 0.14539906404679237 0.12307838073236903 0.12689249559646262 0.10243129162606017
0.11152477613427973 0.07198909215343231 0.27968475340383314 0.11563775801830255 0.10706019209036748 0.08110197547633943 0.12892747050697312 0.1040739822164723
0.1058303973224649 0.06868927899978697 0.3178560788914718 0.11401911802675904 0.09398119721257442 0.06988391561242842 0.12712280771043136 0.10261720622408314
0.0725159035487216 0.10406573841342581 0.23857885572748697 0.17400108110131593 0.0629136362860412 0.10281021850202425 0.08851359342979985 0.15660097299118436
0.12969588535694396 0.10255596645807821 0.24997345277306907 0.09990571857864251 0.11307125890208991 0.10349515064585184 0.11138742056454619 0.08991514672077824
0.1296250414109604 0.08531996008539436 0.21790526547636277 0.08217086444962396 0.14813909057237012 0.11608223172271664 0.12215250894302308 0.09860503733954874
0.12938115240935685 0.08185343314378356 0.2027331758632328 0.08195314819319718 0.1635120103804284 0.12039444307305347 0.12182885910511104 0.09834377783183662
0.11361265407988035 0.07133057405568898 0.27516486611420393 0.11517337631209541 0.11228711249864969 0.08036565869869243 0.12840971955990338 0.10365603868088588
0.08629120297266638 0.12178084348946618 0.15956037188494376 0.12651909724889093 0.1031415639771796 0.1650710508115449 0.08581295291663907 0.1518229166986691
0.1347130292763061 0.11051337205691913 0.20787981416079415 0.09839213809310018 0.1277790098102155 0.1224698210419406 0.10969989127693408 0.08855292428379016
0.08949978720409393 0.1350526255577318 0.13512487568621523 0.12220171597747155 0.10528330156091534 0.18331099269936468 0.08288464214124158 0.14664205917296586
0.1183808827365832 0.0991550248017865 0.16944230838186372 0.08546193864872745 0.14918477423622026 0.14877583303405859 0.12704491178228736 0.10255432637847293
0.0852214216507302 0.13113908589434442 0.12263498388167203 0.12240420995899064 0.1115937451828771 0.19709951559536848 0.08302198588522844 0.14688505195078877
0.13489722941802096 0.11351690153761565 0.18895958639019267 0.09872246011092937 0.1317283949193619 0.13325703784812634 0.11006817567591679 0.08885021409983643
0.0893498237537743 0.1357801978336056 0.12881775357258554 0.12197955538913546 0.10625528240962545 0.1887079612668975 0.08273395930741362 0.14637546646696253
0.11837979590830226 0.09936758944143662 0.16655552429227713 0.08549542046892607 0.1496955670457708 0.15081691352378435 0.1270946847567916 0.10259450456271127
0.11200242124700557 0.07867957658108063 0.2559597238745467 0.11744146569820044 0.11014903078567537 0.08913199272010244 0.13093846996500855 0.10569731912838039
0.1069247032348992 0.07268778377195086 0.305595452563602 0.11500613395923205 0.09570070849135817 0.07235644059841567 0.12822325681723334 0.10350552056330885
0.10317889818001608 0.0700416482984921 0.33083209366897937 0.11250105653217476 0.08969656605683234 0.06706850395240677 0.12543028243214113 0.10125095087895729
0.10088401111453041 0.06873497475152794 0.343279181883683 0.11110080003792477 0.08702435059897097 0.06511686064142488 0.12386910093780568 0.09999072003413229
0.08268575233935324 0.12386813838844064 0.18122852794773422 0.12552338893667314 0.0949485572045135 0.1559799655283165 0.08513760293096091 0.15062806672400775
0.11557945697680859 0.09639904382813194 0.19061474828925296 0.0853721241223265 0.14420732870699582 0.13846935267321897 0.12691139645647345 0.10244654894679181
0.10999990128006473 0.07732311701766582 0.2693108076223306 0.11627810725785354 0.10746557883384636 0.08533077933435496 0.1296414121218158 0.10465029653206817
0.1402098144334749 0.0955163736535149 0.25909317822355477 0.0947526253003608 0.12522849572164077 0.09428004377866704 0.10564210611846198 0.08527736277032472
0.13217275008862392 0.08613569866083008 0.22043020499341506 0.08080201604790907 0.1519275755016833 0.11145171159375292 0.12011762385629468 0.09696241925749088
0.11344872119915374 0.07385166597901843 0.28428834491626315 0.11378030604981247 0.107884384109458 0.07748775212353781 0.12685655017792521 0.1024022754448312
0.08593043886641956 0.125728465657623 0.16211473657278003 0.1257711792692885 0.10140615466326941 0.16281794043004297 0.08530566941743045 0.15092541512314614
0.10315918576463559 0.08551618570289832 0.25670542941331403 0.1206697558873317 0.09744919211360702 0.09335969821090327 0.1345377726087116 0.10860278029859856
0.12172678593138696 0.08658388248791817 0.22335846845516505 0.08421323424967432 0.1435304655066508 0.1143426534447067 0.125188628824889 0.10105588109960918
0.11033287609423098 0.07419791644934152 0.2866123350774954 0.11436891839769782 0.1056660770809447 0.07837704132283874 0.12751280901952278 0.10293202655792803
0.10491905376390921 0.07077366384208032 0.3210595281843654 0.11319411941569084 0.09310215333708721 0.06887377815659437 0.1262029958261508 0.10187470747412175
0.10183174280777978 0.06916027329945448 0.338439155598967 0.11159225506379125 0.08833277287770049 0.06579373417899635 0.1244170366158986 0.10043302955741214
0.08902523908813643 0.06074817131010147 0.30852864188412943 0.09839748775932972 0.10236388524464991 0.07658511506172237 0.14627447434073493 0.11807698531119566
0.09788036029706156 0.06804798155171211 0.3330035050564142 0.11309183407901241 0.09184524160151511 0.06825947143418494 0.12608895530898845 0.10178265067111117
0.09921673822276038 0.06835132353744364 0.34448362755706835 0.1111022812199979 0.0876081175459054 0.06537510647354491 0.12387075234528123 0.09999205309799811
0.09906500701605953 0.06799156388123474 0.34996505944024453 0.11035573917883415 0.08592463520448035 0.06433941633671958 0.12303841368147628 0.09932016526095074
0.09876506248384512 0.06773961232965962 0.35259751715277066 0.11002856103532022 0.0852339853083338 0.06393592229054486 0.1226736344677376 0.0990257049317882
0.09855427338510238 0.06760652484042076 0.35386495111339944 0.10987663175914429 0.08493857163917302 0.06376583401672319 0.12250424466280713 0.09888896858322986
0.08201791891706413 0.12334510134311923 0.1846011978441876 0.1253302503056877 0.09421936967584567 0.1550832569921083 0.08500660455516211 0.15039630036682525
0.07669519516619865 0.14033218418538917 0.1278196638799705 0.12441919596946156 0.09568251221305071 0.20135954137372333 0.08438867204885218 0.14930303516335386
0.10165783658127281 0.08981330949580604 0.2376556036649593 0.12253800996890857 0.09723120021277151 0.1041990946165405 0.1366207364877234 0.11028420897201771
0.08288483839038964 0.13129596066830213 0.1466325839906386 0.12640126596644055 0.09811744761065035 0.17725335164530778 0.0857330325685423 0.15168151915972866
0.1162629656395203 0.0985918820363636 0.17528056865370684 0.0858775615338981 0.14638630960378085 0.1468848755759893 0.12766276311606345 0.10305307384067773
0.12545276366897504 0.08851384585251348 0.1843801892032788 0.08275358423359365 0.16404958583772386 0.1325269690838128 0.12301876103978997 0.0993043010803124
0.08719452283015325 0.12772765883521314 0.12770775884288035 0.12234436250753503 0.11640086794181928 0.188830200332594 0.08298139370076289 0.146813235009042
0.10478521953736263 0.08692718397396465 0.23677879982260425 0.12190095405736026 0.10313328363286549 0.10085323363638561 0.135910466687833 0.10971085865162424
0.1226921949671073 0.08717634548579523 0.21465734405325887 0.08452306780841895 0.14649423231739397 0.11737991677824346 0.12564921721967953 0.10142768137010273
0.12694080012526918 0.0852665459972226 0.20144441645382774 0.08202914754929384 0.1629553320375871 0.12098694352526389 0.12194183725238307 0.0984349770591526
0.08775720828965905 0.12686340667742657 0.13343790927532484 0.12251147648255493 0.11632601618188423 0.18299547074330802 0.0830947405707764 0.1470137717790659
0.07751825645069069 0.14040574428726096 0.11105559836898361 0.12331441024234882 0.10152203869310991 0.21456732054588992 0.08363933912089747 0.14797729229081857
0.10255568424044825 0.09038564112408853 0.2278047272576593 0.12323012518906082 0.09960919004726264 0.10811512616352212 0.13739239330780362 0.11090711267015475
