0.125 0.125 0.125 0.125 0.125 0.125 0.125 0.125
0.690140750700879 0.07944284787134982 0.07606400006255758 0.008272288518380862 0.1180971290744245 0.014278754240576423 0.012297312484040802 0.001406917047791095
0.6914709132355463 0.06620818285532383 0.13243171087038863 0.012383919386129517 0.07483251324695597 0.007369623714845836 0.013964428817892416 0.0013387078729175227
0.6926681764104207 0.06423799708161429 0.13682290781870082 0.01240842410181756 0.07186222259749961 0.006839671022764396 0.013872580932461926 0.0012880200347207636
0.6927820646614908 0.06405236330767848 0.13718556584802352 0.012406770496281512 0.07162872823580765 0.0067943275667065265 0.013866615742100807 0.001283564141910691
0.7160638420880425 0.06618735516411801 0.08864083386241096 0.008014572875907278 0.09868670323226768 0.00935813468506533 0.011943314368521918 0.001105243723666267
0.6478033577669181 0.13357785894649007 0.07857501080024261 0.01586447091994187 0.0916798725656609 0.01939053481133685 0.010865163259106712 0.002243730930302861
0.7344193967041295 0.07237825830408316 0.08717487840786824 0.008343600639250826 0.07950886707932915 0.008083806060382214 0.009187098449250704 9.040943557062995E-4
0.6485602438542372 0.13356048021258254 0.07892110221966955 0.015923251508549636 0.09082515497501324 0.019156296217501513 0.010823075823066103 0.0022303951893801956
0.6425891895274628 0.1387421141475486 0.07630602673074732 0.016001355655583152 0.0926904080731416 0.020644826949503734 0.010715791153000727 0.002310287763011965
0.6904909717779948 0.06834208530160833 0.1307864562534783 0.01256438835514209 0.07497339333991852 0.007658818513482042 0.013818422112454655 0.0013654643459213086
0.7380739649756038 0.06857414651634756 0.09102263432726364 0.008267848734760625 0.07665404249816904 0.007310518712822589 0.009237674049666557 8.5917018536609E-4
0.6928540313246256 0.06483497621995243 0.13528758738984137 0.012409628967923175 0.07250090818584722 0.006944787504574636 0.013869204685331695 0.0012988757219038155
0.6502849236587521 0.13188962614398977 0.08042342799979409 0.01595449272202833 0.08972594652684188 0.01867086742461123 0.010848000832695342 0.002202714691287349
0.6907525124514899 0.06792841463752647 0.13141027580753334 0.012553205152247095 0.0746097569133882 0.007567764686640078 0.01382084302609248 0.0013572273250823032
0.6498319195147193 0.13225972478587447 0.08017050202656485 0.01595320609162512 0.0899420577577893 0.018789564247826414 0.010843678208093038 0.002209347367507564
0.6907367992041149 0.06795231835482728 0.1313727184551301 0.012553730251593034 0.07463262825791636 0.0075732278521568755 0.013820855992286109 0.0013577216319754038
0.6498278579353932 0.1322629113545144 0.08016817927726264 0.01595317551551491 0.08994417300952516 0.01879064230589125 0.010843652692399444 0.002209407909498979
0.6907366567034933 0.06795253140956423 0.1313723771650942 0.012553734408258728 0.074632840041927 0.007573277403187556 0.01382085675343229 0.0013577261150427434
0.6926328960387562 0.0643213591004533 0.13671831650584665 0.012413211577237787 0.07190170736534378 0.00685362211275757 0.013869526986121511 0.0012893603134831776
0.650388441589187 0.13180677397119633 0.08048931169113847 0.015955503945717178 0.08966712616713429 0.018643307832587937 0.010848436998087681 0.0022010978049511964
0.7114811453583462 0.06996067435727601 0.08460152989821887 0.008081083017917873 0.10245652790046401 0.010391286267115997 0.011862899098429582 0.0011648541022314714
0.7138352897502825 0.0674598549514285 0.08630040088185548 0.007981095378246645 0.10146879126964772 0.009841384979550746 0.011979523044537886 0.0011336597444504494
0.6922132765542148 0.06526259690287779 0.134100281839788 0.012376737100342228 0.07366569848310016 0.007125802262970525 0.013939441866533736 0.001316164990172711
0.670532370755441 0.136114180593757 0.08286567831580154 0.016451731380067065 0.06946908746885531 0.01447009896917642 0.008391451764923839 0.0017054007519777205
0.6913124384514887 0.06761076440036652 0.13236835589654392 0.012589997947699473 0.07360377446907226 0.007410942764141815 0.013760486749887687 0.0013432393207996236
0.6499407858743342 0.13218903561127424 0.0802333977673342 0.015955713751034748 0.08987083779385922 0.018759465785834855 0.010843105857633586 0.0022076575586950885
0.6427894430124134 0.1385833681056492 0.07641339150839091 0.01600266605481171 0.09259457980856192 0.020591318776303207 0.010717783107850582 0.0023074496260190513
0.6904978682466036 0.06833170178229823 0.13080281952337947 0.012564171919026432 0.0749633506238892 0.007656426351078657 0.013818412576506265 0.001365248977217836
0.692616398172175 0.06434985210831427 0.13666791691628785 0.012413795163739982 0.07193202657387907 0.006860077508766859 0.013869945505920371 0.0012899880509167592
0.692777911796665 0.06406011728911412 0.13717241321059565 0.012406982397621827 0.07163619064922717 0.006795992366583791 0.01386666517712752 0.0012837271130645795
0.692791407155568 0.06403687529629074 0.13721490337107153 0.012406570232039855 0.07161020769683644 0.006790635681611459 0.013866198953570797 0.0012832016130114418
0.7160657842653961 0.06618609932295845 0.0886425678091865 0.008014573369610218 0.09868473004376047 0.009357721105033358 0.011943304896129207 0.0011052191879255759
0.647803615966834 0.13357767552210156 0.07857515146029176 0.01586447465247922 0.0916797267022151 0.019390464826965926 0.01086516376410806 0.0022437271050042627
0.7112598782202603 0.07009583480256246 0.08442587836136778 0.008080489471577542 0.10266877723560741 0.010438512407542082 0.011863184117419554 0.001167445383662869
0.6921189120770528 0.06541997720769972 0.1338600294983172 0.012381481708361106 0.07380212130439902 0.007159559096559869 0.013938617369447832 0.001319301738162464
0.6501274334913668 0.13199775166771835 0.08033248488130328 0.01595156295263645 0.08982339293116634 0.018713867865001094 0.010848365750885039 0.0022051404599226043
0.6428104077249037 0.13856517027391224 0.07642389516017703 0.016002577193684076 0.09258675247913344 0.020585874403834668 0.010718155690872375 0.0023071670734823584
0.6419915587397395 0.13924177470607288 0.0760097226253476 0.016001738991926365 0.09292844254990498 0.020802013049019692 0.010706404879406948 0.0023183444585819866
0.7341010534071202 0.07269341099191441 0.08687544922523771 0.008349458400169412 0.0797405878368911 0.008150131460197529 0.00918215405228475 9.07754626184967E-4
0.6926866466253092 0.0651060999334008 0.13483350407023992 0.012415805200458306 0.07277550374662427 0.007005950629067542 0.013871772253118893 0.001304717541781013
0.6927434026148475 0.064127643993916 0.13704247604800004 0.01240809722888339 0.07171356699015158 0.006811325805282342 0.013868222576984508 0.001285264741934728
0.6927880838457823 0.064042573229188 0.13720424344338691 0.012406658288685597 0.0716168064633853 0.006791967281875898 0.013866334661266095 0.0012833327864297745
0.7384192194456939 0.06825277004728504 0.09140916605601816 0.008264772597334078 0.0763246539226989 0.007237503755907476 0.00923711584417453 8.547983308878792E-4
0.7379501133756381 0.06902855244333549 0.09008368926234617 0.008260403472027906 0.07719025717954468 0.007390769243455527 0.009231950862452765 8.642641611995129E-4
0.6928331534358014 0.0648730980116975 0.13521465799870772 0.012410186132726259 0.07254540912026652 0.0069536141825099155 0.013870128607923297 0.0012997525103674125
0.6927541478179672 0.06410934893473455 0.13707556798956366 0.012407764408294573 0.07169332526989404 0.00680711296532574 0.013867879302727886 0.0012848533114924792
0.6927889739276294 0.06404106449691456 0.137207035954316 0.012406634184595526 0.07161507739621607 0.006791615095380781 0.013866300705321884 0.0012832982396257368
0.6927923343080747 0.06403530186665964 0.13721781764156182 0.012406545104804202 0.0716084036399171 0.006790268443849893 0.013866163420279787 0.0012831655748529141
0.6927926213596001 0.06403481754668927 0.13721872163421306 0.012406537821069255 0.07160784074850743 0.006790154689754584 0.013866151796449535 0.0012831544037169604
0.6504391868131667 0.13176713497256035 0.08051875597953954 0.01595591825733959 0.08964012573037959 0.018629834440295548 0.010848710070694765 0.0022003337360238726
0.64284647579773 0.138537531721076 0.07644254753236462 0.016002886585754172 0.09256926623767002 0.02057614926699617 0.010718480565341021 0.002306662293068106
0.6904998021443484 0.06832876785412882 0.1308073760915878 0.012564106502463493 0.07496058510658954 0.00765575713615709 0.013818416300837957 0.001365188863887
0.6497664851137436 0.13231170199563874 0.0801331713920134 0.01595279084061713 0.08997544425183757 0.018806877966704636 0.010843209355776361 0.0022103190836684113
0.7114350000378493 0.0699923152578177 0.08456509294132121 0.008081263843692036 0.10249702715615916 0.010401345967778091 0.011862550437760074 0.0011654043576222824
0.692125646652557 0.06541088813833906 0.1338770919306402 0.012381446955516908 0.07379031868839789 0.0071572016671551004 0.013938325771737325 0.0013190801956563703
0.7158590445036523 0.06631352956485718 0.08845545896845523 0.008013898839952611 0.09890367497230142 0.009401397858000819 0.011945170825542282 0.0011078244672381075
0.6477760436649809 0.1335969945504121 0.07856007898414039 0.015864044517064402 0.09169560677961505 0.01939795860535789 0.010865135407093275 0.002244137491335962
0.6906545052276112 0.0680666168241638 0.13116596964643887 0.012554270942518632 0.07477239702123326 0.007602422671866506 0.013823436810134211 0.0013603808560333094
0.6926269742897332 0.06433102822538475 0.13670023258273786 0.012413338589841278 0.07191314310906988 0.00685592865747693 0.013869769521894084 0.0012895850238620408
0.6927787812490507 0.06405861805511628 0.13717514474167522 0.012406955307502432 0.07163452376793696 0.006795647587716114 0.013866635978919064 0.0012836933120834977
0.6927914802330523 0.06403675131148975 0.13721513315787426 0.012406568260414119 0.07161006539404555 0.006790606731154862 0.013866196140218029 0.0012831987717509545
0.6927925495059322 0.06403493877728711 0.1372184958437575 0.01240653966728621 0.07160798121395757 0.00679018313248671 0.01386615466383791 0.001283157195454829
0.6927926395048093 0.06403478700715572 0.13721877865163473 0.012406537365745547 0.07160780520328716 0.00679014750868354 0.013866151059888912 0.001283153698795013
0.6927926470768112 0.0640347742589171 0.13721880243863754 0.012406537174845352 0.07160779037999092 0.00679014451234348 0.01386615075376709 0.0012831534046872754
0.6504391949637551 0.13176712872088317 0.08051876072517217 0.015955918337681615 0.08964012126915562 0.018629832266664533 0.01084871010406322 0.0022003336126246043
0.7114849511794238 0.06995811848317073 0.08460452769063492 0.008081072531557276 0.10245313918539786 0.010390459974595631 0.011862922026336415 0.001164808928883268
0.6921275578705927 0.06540818222685185 0.13388195039397377 0.012381419925760109 0.07378708085960908 0.007156528640177722 0.013938262979800664 0.0013190171032341183
0.6501297429448069 0.13199601214242618 0.08033381947904196 0.015951588986966986 0.08982210842858311 0.01871324917247039 0.01084837331291277 0.002205105532791576
0.690746994958925 0.0679362534344911 0.13139712118125135 0.012553306170574641 0.07461831728389454 0.007569675045549221 0.013820932218522548 0.0013573997067916309
0.6926336122600748 0.0643201268271344 0.13672050434813382 0.012413186920506825 0.07190038656844622 0.006853341969215171 0.01386950803978216 0.0012893330667068964
0.7160332313320596 0.06620786803098541 0.08861334401990503 0.008014621568235396 0.09871721323880808 0.009364703529909015 0.011943384955351096 0.0011056333247463812
0.6923087916922591 0.0651351830068547 0.1343542836077993 0.012377007649186788 0.07348614814441441 0.007091652912485061 0.013934021794225667 0.001312911192774871
0.6927249214546347 0.06414674279530977 0.13699378674873908 0.012407271682128086 0.07175340866490147 0.006817775265702638 0.01387020539259612 0.001285887995988079
0.6504168325090988 0.13178402213131205 0.08050567050180295 0.015955664992383167 0.08965267347414296 0.018635818219994802 0.01084864404538091 0.0022006741258841205
0.6907572675588716 0.0679212741337096 0.1314218402501219 0.012553069360492696 0.0746025653352462 0.007566100435265551 0.01382080694308542 0.0013570759832073713
0.6498331623354272 0.13225875651047658 0.08017121436632665 0.015953216287259108 0.08994140254647871 0.018789233807558908 0.010843685353893193 0.002209328792579858
0.6907368428648804 0.067952253263039 0.13137282302576694 0.012553729006483477 0.07463256317964304 0.007573212672174468 0.013820855729350361 0.0013577202586621678
0.6926329089722792 0.06432133727936344 0.1367183559233435 0.01241321119168481 0.07190168316298076 0.006853617067547479 0.013869526580073252 0.0012893598227277797
0.6503884455975151 0.13180677087699932 0.08048931401894129 0.015955503982767467 0.08966712399761256 0.01864330676519323 0.010848437016536493 0.0022010977444344927
0.6428406589045077 0.1385420791696053 0.07643955670256772 0.016002848123551027 0.09257198470177859 0.020577709020215086 0.010718420186627112 0.0023067431911474277
0.7109433752536511 0.0703520983432741 0.08417483626682074 0.00808506317616526 0.10290700591873492 0.010509991103891926 0.011856284405975758 0.0011713455314863426
0.6471166090220076 0.13409987657443664 0.07820596534450766 0.015858452710915884 0.09203063317714308 0.019574148390768993 0.010860634189435963 0.0022536805907841036
0.6424366164048881 0.1388419802158963 0.07622659319518323 0.01599798428445797 0.09278092990823605 0.02068768431197726 0.010715736288304616 0.0023124753910564416
0.7109139702425668 0.07037165659999546 0.08415191138655374 0.00808512592154883 0.10293316071368479 0.010516378670844744 0.011856105001587543 0.001171691463218175
0.667939637850561 0.13841851357866047 0.08072090800489652 0.016368793795178888 0.07124596230487862 0.0151538639513476 0.00840761898392571 0.0017447015305513765
0.643820046443375 0.13834748623946777 0.0769039305888196 0.01606725670090756 0.09161535400937591 0.020272890964704554 0.010682073338643776 0.002290961714705706
0.7342097083564022 0.07261147334705804 0.08697677735424203 0.008349916142152908 0.07963644918543365 0.008127740720674617 0.009181395886665533 9.065390073709523E-4
0.7376224965415628 0.0693224248766952 0.0897448876333591 0.008263178510664106 0.07748793068359361 0.007458716834694557 0.009232121824353862 8.682430950770327E-4
0.6928193398744025 0.06489424691056699 0.13517748918260358 0.012410532937981115 0.07256902470419357 0.0069586177256163685 0.013870517876852659 0.0013002307877832864
0.6927531081290662 0.06411108576315813 0.137072360860904 0.0124077914425575 0.07169532182357193 0.0068075202974172515 0.013867918544816376 0.0012848931385086772
0.6927888876362471 0.0640412097666803 0.1372067654119881 0.01240663638353645 0.07161524585872533 0.006791649207687723 0.0138663041488505 0.0012833015862844179
0.6504379851568067 0.13176805761429267 0.08051805582827079 0.01595590649908618 0.08964078303960385 0.018630154822872048 0.010848705106343537 0.0022003519327241042
0.6907580175412704 0.06792017065318937 0.13142363999780185 0.012553050325912479 0.07460142966087983 0.0075658396673664126 0.013820799774420967 0.001357052379158558
0.6702393796909426 0.13641178180314986 0.08268886008934323 0.01645417981723344 0.06957422286763021 0.014534399128108059 0.008388149356564513 0.0017090272470280158
0.7125778067114392 0.06970871666265739 0.08526040011460849 0.008111257226266877 0.10117764663563165 0.010190209781488139 0.011819867251461991 0.0011540956164460532
0.6921657774050807 0.06536728454357581 0.13397222024543698 0.012382425219890327 0.07371528624071098 0.007143820846180744 0.01393535927334037 0.001317826225783972
0.6927142312383425 0.06416499970405634 0.1369607386974697 0.012407603388401946 0.07177360453653084 0.006821977235030021 0.013870546813033225 0.0012862983871352262
0.6927858087926697 0.06404614045235951 0.13719724749723888 0.012406684216601462 0.07162138904527476 0.006792852655182919 0.013866457807869183 0.0012834195328034165
0.6504370244072437 0.13176878691116298 0.08051749582707782 0.015955896133255223 0.08964131669297776 0.018630411677074243 0.010848701835286103 0.0022003665159222607
0.6907579835426675 0.06792022079571852 0.13142355844950848 0.012553051208548818 0.0746014809897724 0.007565851487741768 0.013820800077052756 0.0013570534489896985
0.6926343788741026 0.06431884536441994 0.13672283941481553 0.012413165768512285 0.07189894125131911 0.006853043232135003 0.013869482093135708 0.0012893040015597597
0.6927793915019057 0.06405759423656773 0.13717705520137355 0.012406940161294223 0.07163333135022269 0.0067954065773894795 0.013866611295912925 0.001283669675333765
0.692791531441694 0.06403666519268347 0.13721529394135995 0.012406566979640534 0.07160996512520185 0.006790586474428794 0.013866194061368905 0.0012831967836225144
0.7160658100829009 0.06618608249985984 0.08864259088897232 0.008014573366047328 0.09868470391848366 0.009357715598278735 0.011943304784217606 0.0011052188612394197
0.6923101034934475 0.06513334762092259 0.13435768719018748 0.012376994708993855 0.073483843528731 0.007091187825646209 0.013933968436677196 0.0013128671953941396
0.7158921481827046 0.0662918700992713 0.08848477515410555 0.008013882405155161 0.09887053075375477 0.009394328632797487 0.011945057473047218 0.0011074072991637336
0.6477804317547193 0.13359386492824202 0.07856246632555047 0.015864106509348528 0.09169314257212846 0.019396770077192503 0.010865145247115722 0.0022440725857028436
0.6906546580114883 0.06806639621994837 0.1311663310598834 0.012554267496457439 0.07477216605104824 0.007602369886861498 0.013823435168181557 0.001360376106131171
0.7380954026254273 0.0685541052113679 0.09104633433774982 0.008267642730564077 0.07663395571288276 0.007305990822584721 0.009237667859781416 8.589006996421903E-4
0.7153411062209499 0.06693766129407064 0.08730054897785287 0.00800771882505323 0.09980295716646442 0.00955976632107565 0.01193274435355108 0.00111749684098203
0.6922674913514634 0.06519944334437822 0.1342314221405736 0.01237755219723635 0.07356626188338257 0.007107487402804865 0.013935900012406747 0.0013144416677543936
0.6927215749746247 0.06415227659301057 0.13698335585246627 0.012407344838348024 0.0717599879448842 0.006819092612767818 0.013870350081833615 0.0012860171020645439
0.692786416739234 0.06404510365620487 0.1371991563643297 0.012406666906008631 0.07162021299190624 0.006792611877594894 0.013866435547117577 0.0012833959176038988
0.692792121807059 0.06403565300399387 0.13721715302425044 0.01240654962681249 0.07160882365743984 0.006790352215616828 0.01386617286915842 0.0012831737956689971
0.6927926035308656 0.06403484738051374 0.13721866569689342 0.012406538247039195 0.07160787577078086 0.0067901617367398 0.013866152541769611 0.0012831550953977728
0.650439181171098 0.1317671392944192 0.08051875269391864 0.015955918201046717 0.08964012882451851 0.01862983594542433 0.010848710048100743 0.002200333821474037
0.6907580598206179 0.06792010802152472 0.13142374145530475 0.012553049187988065 0.07460136606694953 0.007565824962329534 0.013820799437425953 0.0013570510478598625
0.6498333672008076 0.13225859742948007 0.08017133177410993 0.015953218029641537 0.08994129405566546 0.01878917929013924 0.010843686490943819 0.0022093257292123834
0.6907368500636833 0.067952242544595 0.13137284026444943 0.012553728803209575 0.07463255243809942 0.007573210169598173 0.013820855684083167 0.001357720032282107
0.6926329094724378 0.06432133643655757 0.13671835744742103 0.012413211176918406 0.07190168222621675 0.00685361687247698 0.013869526564218602 0.0012893598037529552
0.6927792706267731 0.06405779916388595 0.13717667633441405 0.012406943454034395 0.07163356580572798 0.006795454385664992 0.013866615866251576 0.0012836743632481601
0.6927915212934165 0.06403668231700652 0.1372152620605378 0.012406567241110356 0.07160998495386434 0.006790590491056909 0.013866194465175136 0.0012831971778325339
0.6927925529584935 0.06403493297070266 0.1372185066872462 0.012406539581028584 0.0716079744511591 0.006790181766544287 0.013866154523444488 0.0012831570613811441
0.7160660223778323 0.0661859440218364 0.08864278071249217 0.008014573325642583 0.09868448920205819 0.009357670306786796 0.01194330387905773 0.0011052161742937869
0.647803647666428 0.1335776529544613 0.07857516872530365 0.015864475105270823 0.09167970884394433 0.019390456238588507 0.01086516383037378 0.0022437266356294403
0.6425131785713972 0.1387821795304367 0.0762657111897824 0.015998496454717903 0.09274534223325892 0.02066712620324527 0.010716550096276225 0.0023114157208853443
0.6419585383171451 0.1392672616234403 0.07599283015616665 0.01600147604650687 0.09294409783982767 0.02081091886407392 0.01070607522789036 0.002318801924949114
0.6418981783015908 0.1393171191006751 0.07596250521120045 0.01600140997261017 0.09296909962599252 0.0208268768847642 0.010705189718712997 0.002319621184453631
0.6904678035521365 0.06837779620076112 0.13073201224862666 0.012565263814379623 0.07500583091263288 0.0076668337323500205 0.013818275582521765 0.0013661839565916318
0.6926143356323664 0.06435337491245308 0.13666163387864633 0.012413863035723066 0.0719358406995893 0.006860882781467687 0.013870002742630047 0.001290066317123748
0.6927777423401582 0.06406040539567773 0.13717188195186708 0.01240698712734317 0.0716365186271132 0.006796059413856936 0.013866671457109361 0.0012837336868744278
0.6927913929276465 0.06403689932712336 0.1372148586676977 0.012406570601618538 0.07161023547987143 0.006790641313787602 0.013866199516481856 0.0012832021657731407
0.716065781310142 0.06618610124805369 0.08864256516747099 0.00801457336997173 0.0986847330347072 0.009357721735333953 0.01194330490900271 0.0011052192253178032
0.7370827712207876 0.06934561460911332 0.08940424047843666 0.008235895243954629 0.07823614930661493 0.007549785360647837 0.009271936151505627 8.736076289394771E-4
0.6694677358568463 0.13747860400323483 0.08161323104581963 0.016426652249212838 0.07016243170303879 0.014751164452305995 0.008378274907918664 0.0017219057816230034
0.6439928304760849 0.13822261259464716 0.07699409221369216 0.016069654055458918 0.09152368338552253 0.02022565402912695 0.010682967987613633 0.0022885052578537042
0.7110307264774695 0.07030962292231525 0.08423920197889233 0.008086147179620395 0.10281671082977321 0.010491954825119831 0.011855244345029986 0.0011703914417795442
0.6921100879870624 0.0654340027256904 0.13383720671727278 0.012381806181467036 0.0738158895046121 0.007162726450495268 0.013938682848633005 0.0013195975847668099
0.6501250159110158 0.1319996448309486 0.08033109601605175 0.015951544240228762 0.0898246614401588 0.01871450956516709 0.01084835137177958 0.0022051766246497895
0.6428101315399192 0.1385653865802754 0.0764237533180475 0.016002575416577895 0.09258688102168096 0.020585948432856712 0.010718152780360328 0.002307170910281977
0.6904985601461237 0.06833061533853764 0.13080445098540627 0.012564142897455322 0.07496239717817275 0.007656186505443344 0.013818419552908837 0.001365227395952198
0.7156373182982463 0.06648859895251809 0.08825660810271072 0.008016498479243166 0.0990970409444915 0.00945076066702782 0.011942456032151487 0.0011107185236109204
0.6477460032803809 0.13361955360274844 0.07854386406205094 0.01586374947524196 0.09171128013798704 0.01940600857839944 0.010864965719959213 0.0022445751432319683
0.6906534659159486 0.0680681476674112 0.13116350846921015 0.012554298854682754 0.07477394017574 0.007602782252945277 0.013823443426381978 0.0013604132376800818
0.6926269026006029 0.06433114876666327 0.1367000144792989 0.012413340682284434 0.07191327733304585 0.0068559565921919655 0.013869771805971452 0.001289587739941482
0.6927787753612515 0.06405862801307827 0.1371751262977358 0.012406955464842525 0.07163453520283201 0.006795649915319799 0.013866636204630247 0.0012836935403099294
0.6927914797389009 0.0640367521447212 0.13721513160573204 0.012406568273067874 0.07161006635996235 0.006790606926710362 0.013866196159961788 0.001283198790943563
0.6504388246000485 0.13176741326471333 0.08051854513851602 0.01595591474251449 0.08964032349311878 0.018629930997777336 0.010848708545983701 0.0022003392173279433
0.6907580472203972 0.06792012669292373 0.13142371122244362 0.012553049528135173 0.07460138501028875 0.007565829344625507 0.013820799536597999 0.0013570514445878142
0.6926343833054438 0.0643188379197383 0.13672285291598757 0.01241316564089311 0.07189893293098984 0.006853041504396949 0.013869481949067411 0.0012893038334829483
0.6927793918662534 0.06405759362068757 0.13717705634281202 0.01240694015161069 0.07163333064219193 0.006795406433354519 0.013866611281879986 0.001283669661210036
0.6927915314722756 0.06403666514112775 0.13721529403741559 0.012406566978858877 0.07160996506541531 0.006790586462326784 0.013866194060145411 0.0012831967824347668
0.6927925538146915 0.06403493152883276 0.13721850937695323 0.012406539559388668 0.07160797277538994 0.006790181427727361 0.013866154488891986 0.0012831570281247547
0.6927926398672274 0.06403478639744448 0.13721877978998556 0.012406537356667838 0.07160780449349068 0.006790147365289427 0.013866151045174649 0.0012831536847200818
0.6927926471072958 0.06403477420763112 0.13721880253438978 0.012406537174081743 0.07160779032028682 0.006790144500281924 0.013866150752529451 0.0012831534035033655
0.6927926477163413 0.06403477318275072 0.1372188044474946 0.012406537158793507 0.07160778912763814 0.00679014425929588 0.013866150727836537 0.0012831533798492117
0.6504391951663954 0.13176712856545736 0.08051876084315722 0.01595591833967946 0.08964012115823801 0.018629832212623286 0.010848710104892603 0.002200333609556649
0.6428464767559101 0.13853753097657517 0.07644254802566376 0.016002886592662694 0.09256926578495035 0.02057614900961851 0.010718480574899065 0.0023066622797204206
0.6904998021770091 0.06832876780527002 0.13080737616850477 0.012564106501463867 0.07496058505921915 0.007655757124863482 0.013818416300796083 0.0013651888628733106
0.7380751427383562 0.0685730955672388 0.09102393439951925 0.008267842030875874 0.07665289035732578 0.007310270863757777 0.009237668619758936 8.591554231675312E-4
0.692854082613768 0.06483489816904625 0.13528772681730739 0.012409627816907739 0.0725008187642693 0.006944768843322085 0.013869203041933087 0.001298873933446004
0.6927560521140164 0.06410611536450217 0.13708162442456484 0.012407716072338967 0.07168955873016057 0.006806353931681931 0.01386780071149638 0.0012847786512386603
0.7160572803531706 0.06619167822448598 0.08863488909218084 0.008014575947961145 0.09869336945922191 0.009359537842291434 0.01194334171654958 0.0011053273641384075
0.6923097591034008 0.06513382645163877 0.13435679330627953 0.01237699766999393 0.07348445186173545 0.007091309869000052 0.013933982989723854 0.0013128787482277532
0.6927249926372528 0.06414662674207153 0.13699400476203816 0.012407270182498606 0.07175327049401554 0.006817747528542796 0.0138702023669145 0.0012858852866661006
0.6927867026750069 0.06404462480891238 0.13720005322494758 0.012406660009308169 0.07161965190815406 0.0067924988658258625 0.013866423681101747 0.0012833848267431954
0.6927921458370749 0.06403561263009364 0.1372172284791248 0.012406549031603948 0.07160877656230953 0.006790342710409305 0.013866171886687387 0.0012831728626966005
0.6927926055517678 0.06403484398196714 0.13721867204404337 0.012406538196589281 0.0716078718119632 0.006790160937206807 0.01386615245954345 0.0012831550169192405
0.7160660333066906 0.06618593689878068 0.08864279048306059 0.008014573324009643 0.09868447814401818 0.009357667975599688 0.01194330383184532 0.0011052160359952357
0.692310112469363 0.06513333516102075 0.1343577104447922 0.01237699463280879 0.07348382769164866 0.007091184647825613 0.013933968057826615 0.0013128668947144937
0.6501798180720084 0.13195745224740332 0.08036268584807614 0.01595205444872723 0.08979512158374231 0.018699904590005638 0.0108486107733172 0.0022043524367197573
0.6428163959083065 0.13856050842162193 0.07642697450106557 0.016002619235167357 0.09258393519717928 0.020584266577235853 0.010718216410123651 0.002307083749299893
0.6904987735627302 0.06833029578055282 0.13080495354197827 0.012564136318487592 0.07496208798480908 0.007656112708353313 0.013818419330896323 0.0013652207721924726
0.6926164602795476 0.06434974552980809 0.13666810623835626 0.012413793051533652 0.07193191211061174 0.006860053243454231 0.013869943854228513 0.001289985692459728
0.6927779169009609 0.06406010859758379 0.13717242921715914 0.012406982253393631 0.07163618077958434 0.006795990346489889 0.013866664989828244 0.0012837269150000586
0.6927914075841953 0.06403687457199392 0.13721490471791548 0.01240657022086036 0.07161020686009315 0.006790635511923231 0.013866198936660848 0.0012832015963576441
0.6927925433919904 0.06403494909102428 0.13721847663105985 0.012406539824117881 0.07160799316802836 0.0067901855526420534 0.013866154908133848 0.001283157433003325
0.7160660203905383 0.06618594531518225 0.08864277893632061 0.00801457332579129 0.09868449121433266 0.009357670730554915 0.011943303887846077 0.0011052161994337076
0.6923101119500337 0.06513333588170254 0.13435770909940972 0.012376994637188872 0.07348382860810046 0.007091184831677599 0.013933968079776848 0.0013128669121103347
0.6927250186159117 0.06414658451057421 0.13699408430308635 0.012407269651957717 0.07175321996649592 0.006817737409761805 0.013870201244013045 0.00128588429819917
0.6927867048213552 0.06404462122442173 0.1372000599421798 0.012406659958294545 0.07161964769978316 0.006792498018664556 0.013866423591662666 0.001283384743638479
0.738418997581379 0.06825295716233877 0.09140891797814615 0.008264772800856749 0.07632488481648582 0.007237550300891682 0.009237118230802989 8.548011290989381E-4
0.6928691374961381 0.06481165069876693 0.13532881557450227 0.012409248129664626 0.07247476415132703 0.006939274757498036 0.01386876206962477 0.0012983471224783693
0.7159695097310722 0.06625215066936638 0.08854905794826255 0.008014645309252595 0.09878586039216057 0.00937860207536074 0.011943688423994918 0.0011064854505299687
0.7370754937227643 0.06935134525246428 0.08939684929193062 0.00823588679276322 0.07824343903595178 0.0075512796495124535 0.009272011692804833 8.736945618084886E-4
0.6694668120025608 0.13747942207138825 0.08161266155745071 0.01642664335218214 0.07016288550946075 0.014751383455976881 0.008378273980796389 0.0017219180701841593
0.6912639707394154 0.06769468286565453 0.13223305573504388 0.012592202171159101 0.07368141277696548 0.007429158747497161 0.013760559238268194 0.0013449577259965402
0.6926623178905615 0.0642837996458354 0.1368007173427314 0.012413749716513975 0.07184104418714889 0.006842860618720424 0.013867190177391419 0.0012883204210970608
0.6927815640299161 0.06405420621740446 0.13718372850753321 0.01240691788461386 0.07162894324650237 0.006794561825078796 0.013866491356076134 0.001283586932874969
0.6504356533437552 0.13176987209492946 0.08051670161768368 0.015955886619026333 0.08964203150862395 0.018630774515807944 0.01084869321258182 0.002200387087591538
0.642846070553579 0.13853784762175508 0.07644233903764767 0.016002883792773905 0.09256945660612863 0.02057625801827451 0.010718476436389608 0.0023066679334514196
0.6419954873852726 0.13923868715500978 0.07601172160973343 0.01600176323550195 0.09292664245350796 0.020800958823661914 0.010706448993492856 0.002318290343819415
0.6904710933888814 0.06837279666462806 0.13073975248634703 0.012565150984374808 0.07500114456576777 0.007665695634917521 0.013818284464156366 0.0013660818109273124
0.7156327721277272 0.06649168489246753 0.08825258032921326 0.008016509576415554 0.0991014795876998 0.00945173997646137 0.011942457446839059 0.0011107760631760663
0.6922926549949256 0.06515819511082405 0.13431230964022414 0.012377223088336494 0.07351415881859641 0.007097391364560432 0.013934613385821838 0.00131345359671093
0.6927237325376749 0.06414869139514905 0.13699014187566472 0.012407298057404427 0.07175570936038404 0.0068182389759197295 0.01387025450887016 0.0012859332889331222
0.6504164632121885 0.13178430464405674 0.08050545562855152 0.015955661271946347 0.08965287617138322 0.018635916770708805 0.01084864258372607 0.0022006797174389183
0.6428438655702078 0.13853954926888865 0.07644120196325564 0.016002866435072684 0.09257051117940508 0.02057685142518267 0.010718455448058998 0.0023066987099284583
0.6904997130943932 0.06832890078113214 0.1308071663863337 0.012564109184206885 0.07496071454282704 0.007655787924859874 0.013818416459104576 0.0013651916271426566
0.6926165248290868 0.06434963658140017 0.13666830259236015 0.012413791107324329 0.07193179168909454 0.006860028083032651 0.013869941870770133 0.001289983246931013
0.6503833503197494 0.13181072811721092 0.08048635791748987 0.015955459749272847 0.08966985634312324 0.01864466159968198 0.010848411414704528 0.002201174538767352
0.642840074932397 0.13854253487011067 0.07643925635916858 0.01600284415813694 0.09257225847933166 0.020577865692361277 0.010718414192483532 0.0023067513160102467
0.641994827788753 0.1392392092489907 0.07601138655636708 0.016001759635149205 0.0929269406361426 0.020801135452047963 0.010706441271188593 0.002318299411361009
0.7108836840430248 0.07039415784378075 0.08412799916346816 0.00808538702270419 0.10295794667859313 0.010523102619363943 0.011855665603431422 0.0011720570256333984
0.6921045374859957 0.06544143428538106 0.13382327361145582 0.012381831519440396 0.07382556224016089 0.007164660746839543 0.013938921255929047 0.001319778854797444
0.7158553110330502 0.06631594721111465 0.08845216241775669 0.008013898779177754 0.09890742969334813 0.009402193423008753 0.011945186057915651 0.001107871384628207
0.6477755498649722 0.13359734586392422 0.0785598102867125 0.01586403744344685 0.09169588494652221 0.019398092420670903 0.010865134374230968 0.0022441447995201766
0.7112577967817344 0.07009717651969082 0.08442425922488689 0.00808049060621727 0.10267066923239448 0.010438961340887946 0.01186317653973043 0.0011674697544578232
0.6921188328072698 0.06542008723266007 0.133859828877746 0.012381482553944166 0.07380225701013142 0.007159586907449279 0.013938620265698863 0.00131930434510015
0.6927109431296203 0.06417005085256104 0.13695083602167007 0.012407635177647206 0.0717801474198062 0.006823241618522964 0.013870724061634528 0.0012864217185374848
0.6927855399144055 0.06404658229188125 0.13719640918916842 0.012406689698995959 0.07162192061517574 0.006792958437690825 0.013866469944870459 0.0012834299078118496
0.7160645604849636 0.06618688916243357 0.08864147536230478 0.008014572938916274 0.09868597476745021 0.009357981600838632 0.011943311039576994 0.0011052346435159355
0.7370826828180921 0.06934568347683019 0.08940415156134335 0.00823589509808267 0.078236237798319 0.007549803472678756 0.009271937095505781 8.736086791481646E-4
0.6928001059479589 0.0649121019391607 0.13513219118155473 0.012409651080874978 0.07260774810882974 0.006964932475684554 0.013872441099359655 0.0013008281665766533
0.71595616079727 0.0662605662812719 0.08853724990354472 0.008014626088743135 0.09879954125712906 0.009381429782841363 0.011943773081135653 0.0011066528080641719
0.6923055559087967 0.06513973177906432 0.13434574356979834 0.012377036117452282 0.07349193964143413 0.007092809518866936 0.013934162365749693 0.0013130210988376513
0.6927246804407261 0.06414713509643291 0.13699304724891043 0.01240727660568104 0.07175387831357541 0.00681786925037684 0.013870215862808562 0.0012858971814887546
0.7384082455191116 0.06826215410306255 0.09139681293623085 0.008264792044116325 0.07633602185172256 0.007239811135941607 0.009237225106971047 8.549373028436262E-4
0.6928686639882008 0.06481235962073659 0.13532752655814906 0.012409256993118092 0.07247560294533267 0.006939446917905378 0.013868779335043682 0.0012983636415139562
0.6502890789615492 0.13188643001712064 0.08042582949031843 0.01595453186134262 0.08972369780384362 0.018669760071078123 0.010848019723158547 0.0022026520715888944
0.6907526589436472 0.06792819740947877 0.13141062690930733 0.012553201159176965 0.07460953717165135 0.007567713757271211 0.013820841933127026 0.0013572227163400298
0.6926340053802745 0.06431947472277709 0.13672169938725942 0.012413176712235503 0.0718996424832628 0.0068531890161489 0.013869494108426873 0.0012893181896148358
0.692779360754431 0.06405764624868558 0.13717695884736789 0.012406940982796478 0.07163339108790547 0.006795418735007933 0.013866612476270914 0.00128367086753487
0.6927915288604214 0.06403666954518063 0.13721528583320966 0.012406567045724461 0.07160997017109037 0.006790587495960134 0.013866194164532521 0.0012831968838808523
0.6927925535950074 0.06403493189870435 0.13721850868685367 0.012406539564929936 0.07160797320542017 0.006790181514657876 0.013866154497769298 0.0012831570366573773
0.7384199663619794 0.06825211776338064 0.09141000575584526 0.008264769978577183 0.07632389487221429 0.007237346510441932 0.009237109886820366 8.547888707408584E-4
0.6928691800834136 0.06481158663957323 0.13532893151706826 0.012409247289434856 0.0724746890015711 0.006939259267151788 0.01386876056537562 0.001298345636411557
0.6502892249174695 0.13188631866682443 0.08042591395559837 0.015954533345128814 0.08972361784467242 0.018669721098720775 0.010848020304618641 0.002202649866966936
0.6907526640948488 0.0679281897955095 0.13141063925330557 0.012553201022432707 0.07460952942177661 0.007567711966794367 0.013820841890994657 0.0013572225543376695
0.6498319587135576 0.13225969427613735 0.08017052448014628 0.015953206416365502 0.08994203707730622 0.01878955382252023 0.010843678432177001 0.0022093467817898707
0.6907368005810435 0.06795231630276474 0.13137272175250392 0.012553730212422386 0.07463262620521352 0.007573227373457708 0.01382085598392311 0.0013577215886713054
0.6926329060342905 0.0643213422323179 0.13671834697007026 0.012413211278723059 0.07190168866401085 0.00685361821349548 0.013869526672895599 0.0012893599341965705
0.6503884446870943 0.13180677157964907 0.08048931349020512 0.015955503974335178 0.08966712449053175 0.018643307007644917 0.010848437012358898 0.00220109775818057
0.6428406588001482 0.13854207925087156 0.07643955664887143 0.01600284812282104 0.09257198475088695 0.02057770904823017 0.01071842018557029 0.002306743192600187
0.7109433752461777 0.07035209834837884 0.08417483626098043 0.008085063176192423 0.1029070059252567 0.01050999110552363 0.011856284405915454 0.0011713455315747634
0.647116609021068 0.13409987657512343 0.07820596534400379 0.015858452710904563 0.09203063317764791 0.019574148391022596 0.010860634189431879 0.0022536805907977966
0.690631752026707 0.06810034011909952 0.13111209234365184 0.012554913657057423 0.07480596669888376 0.007610297345222586 0.013823547795509178 0.001361090013868602
0.7380923477673127 0.06855681427378693 0.09104296377365624 0.008267658611472897 0.07663695964767947 0.007306633326749708 0.009237683627683959 8.589389716580539E-4
0.7379237267545641 0.06905104632368891 0.09005631874172458 0.008260518226206996 0.07721549155492713 0.007396222064546536 0.009232091737292178 8.645845970495839E-4
0.6928320371840275 0.06487477501366073 0.1352116593013047 0.012410209737521133 0.07254734515585204 0.006954017583595139 0.013870164937936823 0.0012997910861020673
0.6706403471376396 0.13602560932712113 0.08293729129574771 0.016454019119713517 0.06940492686654458 0.014443199963975367 0.008390749767080208 0.0017038565221778323
0.6441791813737764 0.1380687856907041 0.07709493958561571 0.01607013619306822 0.09143930070332985 0.02017664203131599 0.01068515878269843 0.0022858556394911153
0.7342311756529587 0.07259268189258195 0.08699719842036725 0.008349766511693215 0.07961812472112946 0.008123282943331854 0.009181476385941073 9.062934719964574E-4
0.7149725258406011 0.06719230122982478 0.08699050057965135 0.008009418807694065 0.10014255976371692 0.009639134069823913 0.011931477238335018 0.0011220824703529828
0.6922530550050541 0.06521989628891556 0.1341943348551566 0.012377746142965057 0.07359104427601267 0.007112590022238373 0.01393641100370106 0.001314922405956481
0.7158810945604759 0.06629894370054719 0.08847497020157488 0.008013874439586573 0.09888177692473016 0.009396677884771889 0.011945115991424445 0.0011075462968889321
