Action: 0
[0.10245516336786668, 0.10218759851493107, 0.2835265772203157, 0.1021875985115089, 0.10308026271149569, 0.1021876026508641, 0.1021875985115089, 0.1021875985115089]
[0.2071655440469654, 0.1035827720234827, 0.17133782381213825, 0.1035827720234827, 0.1035827720234827, 0.1035827720234827, 0.1035827720234827, 0.1035827720234827]
[0.21764692450157685, 0.0998823122333493, 0.18006241798796366, 0.0998823122333493, 0.10287777389453896, 0.0998836346825235, 0.0998823122333493, 0.0998823122333493]
[0.125, 0.125, 0.125, 0.125, 0.125, 0.125, 0.125, 0.125]
[0.23920960256876359, 0.09746693107683545, 0.11720578693535703, 0.09703358008622676, 0.09712000040334128, 0.1578969387570223, 0.09703358008622676, 0.09703358008622676]
[0.20540197127687967, 0.09737512940437204, 0.14631780708146774, 0.09737511125512524, 0.15759415565557, 0.1011856028163348, 0.09737511125512524, 0.09737511125512524]
[0.125, 0.125, 0.125, 0.125, 0.125, 0.125, 0.125, 0.125]
[0.125, 0.125, 0.125, 0.125, 0.125, 0.125, 0.125, 0.125]

Action: 1
[0.09916730517068288, 0.09903112683187136, 0.09903112683187136, 0.09903112683187136, 0.24021974665671453, 0.16545731401324582, 0.09903112683187136, 0.09903112683187136]
[0.10123212015514392, 0.10123212015514392, 0.10123212015514392, 0.10123212015514392, 0.11003051853630624, 0.2825767605328302, 0.10123212015514392, 0.10123212015514392]
[0.10042793957250482, 0.10042793720739164, 0.10042793720739164, 0.10042793720739164, 0.21747317908051045, 0.17995919531002655, 0.10042793720739164, 0.10042793720739164]
[0.125, 0.125, 0.125, 0.125, 0.125, 0.125, 0.125, 0.125]
[0.10101668217450857, 0.09978928236975057, 0.09978928236975057, 0.09978928236975057, 0.12223690835458977, 0.27779999762214874, 0.09978928236975057, 0.09978928236975057]
[0.10005272037748399, 0.10005272037748399, 0.10005272037748399, 0.10005272037748399, 0.27837805180534486, 0.12130562592975123, 0.10005272037748399, 0.10005272037748399]
[0.125, 0.125, 0.125, 0.125, 0.125, 0.125, 0.125, 0.125]
[0.125, 0.125, 0.125, 0.125, 0.125, 0.125, 0.125, 0.125]

