Action: 0
[0.16343091789856956, 0.09257666381765688, 0.25962683218760446, 0.0925766638176563, 0.11405878801544705, 0.09257680662775308, 0.0925766638176563, 0.0925766638176563]
[0.1943345754802689, 0.09716728774013444, 0.2101596360051985, 0.09716728774013444, 0.09716728774013444, 0.10966934981386038, 0.09716728774013444, 0.09716728774013444]
[0.12108044773259807, 0.09264066988295457, 0.29043564883085393, 0.09264066894617407, 0.12528055748523098, 0.09264066922984028, 0.09264066894617407, 0.09264066894617407]
[0.125, 0.125, 0.125, 0.125, 0.125, 0.125, 0.125, 0.125]
[0.19630941930593696, 0.09737036867555088, 0.21139813060068596, 0.09737036867555088, 0.10074605444774123, 0.10206492094343231, 0.09737036867555088, 0.09737036867555088]
[0.10330379239180781, 0.08990910661054327, 0.23543315277441648, 0.08990910661054327, 0.16475190774116957, 0.13687472065043307, 0.08990910661054327, 0.08990910661054327]
[0.125, 0.125, 0.125, 0.125, 0.125, 0.125, 0.125, 0.125]
[0.125, 0.125, 0.125, 0.125, 0.125, 0.125, 0.125, 0.125]

Action: 1
[0.09842067490439095, 0.09842067490439095, 0.09842067490439095, 0.09842067490439095, 0.10041384514141745, 0.3090621054322369, 0.09842067490439095, 0.09842067490439095]
[0.10220158325236321, 0.10220158325236321, 0.10220158325236321, 0.10220158325236321, 0.10220158325236321, 0.2845889172334575, 0.10220158325236321, 0.10220158325236321]
[0.09855595298708573, 0.09602353585972906, 0.09602155659055439, 0.09602155659055439, 0.20887919449394562, 0.21245509029702203, 0.09602155659055439, 0.09602155659055439]
[0.125, 0.125, 0.125, 0.125, 0.125, 0.125, 0.125, 0.125]
[0.09458842382513392, 0.09458842382513392, 0.09458842382513392, 0.09458842382513392, 0.1480843830449551, 0.28438507400424134, 0.09458842382513392, 0.09458842382513392]
[0.09528336795851346, 0.09528336795851346, 0.09528336795851346, 0.09528336795851346, 0.16346073414564916, 0.26483905810327013, 0.09528336795851346, 0.09528336795851346]
[0.125, 0.125, 0.125, 0.125, 0.125, 0.125, 0.125, 0.125]
[0.125, 0.125, 0.125, 0.125, 0.125, 0.125, 0.125, 0.125]

