Action: 0
[0.09738945004757271, 0.09269125445217175, 0.2939582208419777, 0.09269125445217175, 0.13431315105376748, 0.10357416024799516, 0.09269125445217175, 0.09269125445217175]
[0.25033476980029706, 0.09146302677669955, 0.1559610411679274, 0.09146302677669955, 0.13638905514827782, 0.09146302677669955, 0.09146302677669955, 0.09146302677669955]
[0.1296384587148485, 0.09070768275071232, 0.21726942320373643, 0.09070467854357672, 0.19483824114998227, 0.09543215854999033, 0.09070467854357672, 0.09070467854357672]
[0.125, 0.125, 0.125, 0.125, 0.125, 0.125, 0.125, 0.125]
[0.11636607868843825, 0.09471750324502638, 0.30714273064847664, 0.09462324012418198, 0.10319802417039244, 0.09470594287512038, 0.09462324012418198, 0.09462324012418198]
[0.09737486332360662, 0.09337523076863527, 0.2783175462496529, 0.09336757703332373, 0.1574618202924032, 0.0933678082657308, 0.09336757703332373, 0.09336757703332373]
[0.125, 0.125, 0.125, 0.125, 0.125, 0.125, 0.125, 0.125]
[0.125, 0.125, 0.125, 0.125, 0.125, 0.125, 0.125, 0.125]

Action: 1
[0.09826701835319386, 0.09826701835319386, 0.09826701835319386, 0.09826701835319386, 0.09826701835319386, 0.312130871527643, 0.09826701835319386, 0.09826701835319386]
[0.10207621938911493, 0.10207621938911493, 0.10207621938911493, 0.10207621938911493, 0.10207621938911493, 0.28546646427619554, 0.10207621938911493, 0.10207621938911493]
[0.09270110861721313, 0.13458386966019062, 0.09270110861721313, 0.09270110861721313, 0.1099855646152871, 0.29192502263845654, 0.09270110861721313, 0.09270110861721313]
[0.125, 0.125, 0.125, 0.125, 0.125, 0.125, 0.125, 0.125]
[0.09553923351266817, 0.09553923351266817, 0.09553923351266817, 0.09553923351266817, 0.12264028655045636, 0.30412431237353454, 0.09553923351266817, 0.09553923351266817]
[0.09927366884934488, 0.09795421183450598, 0.09278662877894948, 0.09278662877894948, 0.2027209441278548, 0.22890466007249638, 0.09278662877894948, 0.09278662877894948]
[0.125, 0.125, 0.125, 0.125, 0.125, 0.125, 0.125, 0.125]
[0.125, 0.125, 0.125, 0.125, 0.125, 0.125, 0.125, 0.125]

