0.125 0.125 0.125 0.125 0.125 0.125 0.125 0.125
0.4344451977891636 0.19646642948999843 0.07918850966948379 0.035242828974197976 0.14796537284902964 0.0680794723506382 0.026576417071581315 0.012035771805906877
0.4821640073939435 0.09542767525190468 0.20347988370404985 0.03977803330627018 0.10533618206867894 0.02116917810541995 0.04392897304823714 0.008716067121495709
0.46313476310772844 0.09591323506741883 0.216992770868219 0.04454304808140823 0.10136463623335455 0.021238016401456897 0.04704755227558996 0.009765977964824224
0.3999385315253888 0.19150938724603112 0.11047995913770658 0.05242270978265556 0.13005853018102678 0.06293212906894743 0.035598170471648476 0.01706058258659534
0.4464361403123268 0.09801396620004336 0.21445132339137657 0.04657867173328912 0.10790970780339083 0.024010661083138134 0.05130885925955765 0.011290670216877505
0.46742647652081604 0.09705972340379249 0.21899204215018556 0.045048464958236036 0.09684792190322813 0.020371696823787238 0.04490175946361958 0.009351914776334874
0.494459399766981 0.09668326458296958 0.15386307178830172 0.029816065672471855 0.1437171892967546 0.028449303220645136 0.04432097245943327 0.008690733212442932
0.5260988845051935 0.11015603590916084 0.14322951165850614 0.02971361206441408 0.12406946845362751 0.026275331195600354 0.03344318800064032 0.007013968212857062
0.42103136278308445 0.1934985183987666 0.114623459965804 0.05220630181575981 0.1176288707606447 0.0547057021567154 0.03170206099166372 0.014603723127561342
0.42221637857643607 0.19162486742785417 0.1126625201153753 0.05051894354372408 0.12090171162806097 0.05568853412744048 0.031883718472937354 0.014503326108171465
0.41771003694963743 0.21070804038440596 0.11850685843768267 0.0591525331868189 0.10029856682240132 0.0512299074580291 0.028164497853123315 0.014229558907901261
0.4738180522509306 0.09304631328015402 0.21548887511749398 0.04180894875683631 0.10118000262008467 0.020175073822042415 0.04551888110056019 0.008963853051897848
0.45835880434424836 0.08448399440881932 0.22812378816184545 0.04165937316566555 0.10578915936819125 0.019738749714620137 0.0522007700301929 0.009645360806417022
0.47680386581855305 0.0981869716934659 0.21127905765617339 0.04310520186767428 0.09820507893586716 0.020475032708883196 0.043055944238409985 0.008888847080973131
0.46672769230393524 0.09134656775998483 0.20621000660129152 0.03996510225736725 0.1137054086038004 0.022503940967962013 0.04978846203132948 0.009752819474329197
0.46762563439298266 0.09687103980264294 0.21898594142374597 0.04495871047935908 0.096947789343069 0.020336037166579585 0.044937582665111615 0.00933726472650914
0.5054794355198661 0.09326056228320649 0.15729484474595648 0.02874875001081484 0.1386395218783139 0.025926455228258673 0.0427373273227861 0.007913103010797331
0.4013427995846049 0.17366574186408004 0.12338128589073366 0.05293440814710376 0.1326563984495208 0.0580445483030256 0.04043869269135986 0.01753612506957142
0.46785751783496254 0.09141475869958904 0.19987886453781567 0.038555427710724385 0.11876031465246206 0.023532493459473128 0.05018714387331212 0.009813479231661155
0.48049128576764044 0.08896312281986112 0.21148895112686775 0.038753693007489744 0.10580849423402895 0.019849802926428548 0.0460916657843211 0.008552984333362532
0.39643365762607713 0.179344621291368 0.12326308032357493 0.05530285211574983 0.12892829259583935 0.05894703026512541 0.03975989103739743 0.01802057474486791
0.464596999921968 0.1014453000444554 0.21105346915709605 0.04556612708064727 0.10025647086653379 0.022214990726294372 0.045009303287870214 0.009857338915134913
0.4721034633161302 0.09263650182330836 0.22130509960696437 0.04300994382741484 0.09744760947482613 0.01937338884600028 0.04522374750880769 0.008900245596548235
0.403477151089292 0.17250808586531177 0.12566441922118574 0.053256043538646984 0.130815652529099 0.0565564748497494 0.040411958996809126 0.01731021390990588
0.4279250052075761 0.19344148907926026 0.10724452082522684 0.047856602027623714 0.12292999257896585 0.05642167879149235 0.030409480242977953 0.013771231246876849
0.46455925792874203 0.09630354738402389 0.2106218973737143 0.043168368148636276 0.10579074990901702 0.022241100222793523 0.0474551238319163 0.009859955201156786
0.48525798591609404 0.09510266724706566 0.20111960860438705 0.03900372659777353 0.1062870192888639 0.02109265772472416 0.04358279257395856 0.008553542047133126
0.4666360314614727 0.10202405998352809 0.1932471332048565 0.04185941540453446 0.1140358499583187 0.025187649609708273 0.04677849716935791 0.010231363208223498
0.46266058338582644 0.09640345557637366 0.21592879225674785 0.04457934145008533 0.10196080756817072 0.021504771613522825 0.04712012879914753 0.009842119350125663
0.40468457949163783 0.16386928064557296 0.16794853599013834 0.06726187328532623 0.09874548932813192 0.040466698067269026 0.04058364739529198 0.016439895796632024
0.49946296026109593 0.10717540435370124 0.13540246600686023 0.028721041886747633 0.14854555790864016 0.03231157956398542 0.039822342284419734 0.008558647734549549
0.4203679969947305 0.0934652948858007 0.1936840405054005 0.04269686204910692 0.14009660727441495 0.03147982097485996 0.0639650202824893 0.014244357033197305
0.4480912659061671 0.09891492821759569 0.20838377139363984 0.04557144015541117 0.11147313187762924 0.024892476532374606 0.05132385307933352 0.01134913283784875
0.475399983686676 0.08825424839947321 0.20937727571328607 0.03845083836522908 0.11055863163942575 0.020792083706082737 0.048203998860580584 0.00896293962924647
0.46339605840168724 0.09052140837071257 0.23033021977105453 0.04460138020594299 0.09579203466773806 0.018953555241923364 0.04716008222383633 0.009245261117105193
0.5460694673894285 0.11249911683324824 0.14220956365758256 0.029010904113773002 0.1120308431734565 0.023364386461391443 0.02885935353028463 0.005956364840834959
0.45469429416309065 0.10040415712809914 0.22358257699392203 0.04899754305555856 0.09475112932438068 0.02115249339420088 0.04618902817916631 0.010228777761581714
0.46739969017417266 0.10217824351006481 0.206802870374186 0.044791108089898994 0.10189102931777802 0.02253189251049289 0.04463172737581151 0.009773438647595022
0.4720609865900635 0.10347432940970974 0.2081540438304649 0.04520813065151885 0.09754873327908106 0.021640334587147755 0.04256279458188048 0.009350647070133644
0.404963461006979 0.1944343899393371 0.11168903867954298 0.05313627182221747 0.12475702564416469 0.060551434866080445 0.03408421403595877 0.016384164005719525
0.4727006463978281 0.10369284909848182 0.18862820565568666 0.04086506778907 0.11396805473493499 0.025334475841444538 0.04494717837075082 0.009863522111803068
0.4352061392139069 0.20991148652543135 0.11210962844360563 0.05354906950353828 0.10142155488021508 0.04946293676493208 0.025857374938534575 0.012481809729836008
0.3997361596411999 0.19153587874363184 0.10677716378212385 0.05058414759484777 0.13397123386257018 0.06497159732226547 0.035438393886665226 0.016985425166695947
0.48358087745493356 0.10630116550392375 0.12834044005736645 0.02787844102754681 0.16455579357056876 0.036641828750044236 0.04319943059544172 0.009502023040174713
0.46165550079603573 0.09769167754035751 0.21194475713442626 0.04444176704346957 0.10439784260063001 0.022365782278531015 0.04743704948052057 0.010065623126029466
0.46642527901970326 0.1020853683947078 0.19333907350813564 0.04190736328799767 0.11399389528151664 0.025214148263594374 0.046790415161368545 0.010244457082975859
0.4852404621186717 0.09027973653264995 0.2131682081997098 0.039240892740785106 0.10096277029645756 0.019047611595716725 0.04387509904159819 0.008185219474410985
0.47250561933138036 0.09214416579054086 0.22198053057942427 0.04289927483619304 0.09720415273160313 0.019194455903078105 0.045226182392471274 0.00884561843530883
0.501739079907152 0.09784256955968319 0.13046993935807225 0.025184068768434893 0.16263125908682646 0.032068328378302494 0.04189251932893649 0.00817223561259225
0.47899692381625014 0.09541511227312029 0.14615939902477976 0.028863048111769686 0.16017166459109153 0.032271857344128525 0.04844880427657419 0.009673190562285803
0.4754320456100066 0.08929466354026831 0.21932845730494188 0.04078973837111071 0.10107821225940045 0.01925200173467112 0.046129344698082574 0.008695536481518242
0.4721351779792501 0.09734310216832026 0.209015143757915 0.04270007442226405 0.10291060559743774 0.021464374578947572 0.045113023962600154 0.009318497533265158
0.505758338053728 0.09350782481016588 0.13952162389064712 0.02552989488983137 0.15597511881849588 0.029196262041915087 0.042619626884402205 0.007891310610814604
0.47067732559540437 0.10412636397204843 0.19181786329442388 0.042050568494517944 0.11148069498943125 0.024929304673964498 0.04495993636419944 0.009957942616010096
0.42928474296531155 0.1854932326762666 0.1106687352987806 0.04731281654914816 0.1260370596719485 0.05515170945892702 0.032143374263880836 0.01390832911573684
0.4689774226623936 0.0917233201925568 0.21289174993248863 0.04114807078164103 0.10673776503602415 0.021184942571874688 0.047938061069299265 0.009398667753721645
0.476299906057201 0.10398129574071464 0.19761019515080477 0.042734328799641993 0.1042246084833303 0.02301241139201224 0.04278454134368897 0.00935271303260611
0.4806977479567829 0.09997173491280748 0.19870945785050276 0.04091226484404442 0.1054209850789961 0.02218620937430168 0.04312221050702443 0.00897938947554022
0.4673766145412283 0.10241615622611251 0.20587539146308106 0.04470880706836141 0.10243783050393525 0.022701145223288772 0.04467695267133199 0.009807102302660721
0.4765502307504994 0.09899053791434768 0.21008136905864755 0.04322054012558601 0.09851497270839994 0.020721770152306335 0.04297305488615616 0.008947524404056743
0.4053162208839164 0.19420890638917046 0.105088281808191 0.04987836445284523 0.1317090967819454 0.06375944071910422 0.033826924521048254 0.016212764443779094
0.46404579486527914 0.10741186235613133 0.19706682390368038 0.04510057355839196 0.1064016942741566 0.024959174153198507 0.044660032715622106 0.010354044173539896
0.4531077108638922 0.08436562447448055 0.22433168674370516 0.04136298843665657 0.11114453232071782 0.02094872239149468 0.054559912727154825 0.010178822041898404
0.4250942007571595 0.1816598140746992 0.11043398729121345 0.04670617481638353 0.13120078376186217 0.05674392700653697 0.03373108511318706 0.014430027178958036
0.42955105011160233 0.1841667743932628 0.10732265766253529 0.045410889996144274 0.13062346104687714 0.05683907189323535 0.03224551419627879 0.013840580700064066
0.5066048233948829 0.09916710319909702 0.13493534195770326 0.026086781143022795 0.15406844823335156 0.030606160990955922 0.04057442814209219 0.007956912938894311
0.5311456621315495 0.11164190626959321 0.14397283527313987 0.02998687789535304 0.11919160423691429 0.025349994886225493 0.03197557974693475 0.006735539560289864
0.4248222830460596 0.17432168127423078 0.11573911101545015 0.04702893341786547 0.13255751332913324 0.05503639451469648 0.03578804811912969 0.014706035283434544
0.3994615751560919 0.1904465302189225 0.1134614065318631 0.053510051646587974 0.12806924226109823 0.06185867533197837 0.035999081865389186 0.017193436988068866
0.507703428587628 0.10556340073082912 0.15256457934165024 0.03136736028472092 0.1291492026969151 0.027215923616355515 0.03843069800313576 0.008005406738765337
0.4807133253725832 0.09528462973930303 0.2095725475881587 0.0411419953449656 0.10087122531166158 0.020250899158796517 0.04351734496276272 0.008648032521768713
0.4178967739694713 0.18943134809211418 0.10837514230381994 0.04864912030769071 0.12865468765056765 0.05896828672177263 0.03303720222983082 0.014987438724732589
0.4727781547252107 0.09281677189817088 0.20130428534927683 0.03902356711797199 0.11395780435911426 0.022694171279190465 0.04799205339028965 0.009433191880775092
0.4363367279778219 0.17694400369428662 0.1352551315463293 0.05433847464134243 0.10697902929315321 0.043903235583318254 0.03288107418090064 0.013362323082847872
0.44347616686902586 0.1009160915320496 0.21546688060953773 0.04855501306378007 0.10518634241938808 0.024227937619963356 0.050627854006487165 0.011543713879768075
0.4574881682902194 0.10035554023959667 0.2017954300713173 0.04384637471684609 0.11200205710825734 0.02483794790693845 0.048931406972063614 0.010743074694761096
0.5001402846690933 0.09843742497748592 0.14610330564217866 0.028477516598723916 0.14675950942292912 0.02925712339758964 0.04244873235059033 0.008376102941409232
0.42378434554563205 0.17404092425870704 0.12242290141241231 0.04979714658310994 0.12635597951565783 0.05256865225849255 0.03614387583968108 0.014886174586307295
0.4467479441515135 0.102198881838038 0.20345509939447415 0.04605996410319928 0.11286213720487918 0.02613003797525779 0.05089037804497094 0.01165555728766695
0.4981006913604143 0.09269317323457231 0.14544245602806177 0.02678554209155304 0.1547201672895431 0.029171070146184058 0.04474272661951134 0.00834417323015997
0.5236309983066503 0.0980136767000092 0.13351097843310777 0.024729064369932545 0.14782052786174926 0.02804673562638716 0.037257091215462966 0.006990927486700761
0.41288153630280616 0.16955145882611283 0.12634336734742665 0.051430226398262585 0.13004832820540038 0.0540479412308178 0.039451747916793144 0.01624539377238055
0.4638354408526933 0.0954228889384996 0.1986085162472059 0.04036824774456353 0.11735192468153176 0.024463762508892557 0.04971432938828826 0.01023488963832503
0.48451614957133465 0.0898903647184007 0.2001195423610703 0.03671806442649696 0.11285702865410517 0.021205707846139506 0.046126502347332614 0.008566640075120298
0.4547105396862234 0.09932634136698935 0.2256677051913231 0.04890407194281488 0.09415403733691746 0.020807866044704932 0.04628599460768338 0.010143443823343513
0.382502315370178 0.15478982239533848 0.19056575356791702 0.07637841568733758 0.09304517629426168 0.03810822601191492 0.04597129829251297 0.018638992380539413
0.41312253811455474 0.1934592253600107 0.11255394175901759 0.05209258324521031 0.12230344508443952 0.05807112251178506 0.032944545708138526 0.015452598216843586
0.44676345191479266 0.09781436964882627 0.21505149244570346 0.04658745596982262 0.10747749352269184 0.023842596297957673 0.05122346220825148 0.011239677991953977
0.4166832823836053 0.18958953038199844 0.12203371563117196 0.05500718842857075 0.11507496951206111 0.05303865672470723 0.033351860602393646 0.015220796335491758
0.4065228854093402 0.18409819010387016 0.10870059418881757 0.04863288588251135 0.13673248886309122 0.0627344025542584 0.03618384513747671 0.016394707860634412
0.4192930482331172 0.09187707564879408 0.20140832434795455 0.04366626362585664 0.13527190096119784 0.030039429633131148 0.0643172798322026 0.014126677717745744
0.4615343751619162 0.10166684022746614 0.20241246599982282 0.04415245093335156 0.10855263907868672 0.024199858359320394 0.04709076472484412 0.01039060551459225
0.47513099364607303 0.09347979108772912 0.19641337257162048 0.03823118864865847 0.11649237423632049 0.023187743828420874 0.047680142915837276 0.009384393065340186
0.48488715637373186 0.10622269724735932 0.13334928655416511 0.028951009980281765 0.15872580580878864 0.03513660824555199 0.043244600767908224 0.009482835022213169
0.4135369645126065 0.19149428483949957 0.11884986020846307 0.05453538799785487 0.1175212524466514 0.05512287671033233 0.03341562549532228 0.015523747789269985
0.5141067206230157 0.1122923899431894 0.15499249845644913 0.03349781872503026 0.11677615081039053 0.025857859540945907 0.03484477611841966 0.007631785782559416
0.4762874166567602 0.08914403925532174 0.22095378679674582 0.04095908261857743 0.09949400627051137 0.018868808503685525 0.0457113259073214 0.00858153399107638
0.4668921384520948 0.09095371164307123 0.20679674349316648 0.03990139339329814 0.11353563226727778 0.022362764072034254 0.04983936854022052 0.009718248138836767
0.5504585152710639 0.10779639376131925 0.1424726519839086 0.02761247382813374 0.11409482627397095 0.02263701730833568 0.02919823296811392 0.005729888605153922
0.4855123484497913 0.09595144559460778 0.19896354244415454 0.03895085234285319 0.10712505473086814 0.02141077866771169 0.04348195579066012 0.008604021979353336
0.4903622452414787 0.09610147179891951 0.20295678977792062 0.03937230896964074 0.10140906517639822 0.02012852503677384 0.041517248180429185 0.008152345818439396
0.4265159617568349 0.17260650325438665 0.12496674294884828 0.05009175260791941 0.12422133443521166 0.05090514420500768 0.03606252193186311 0.014630038859928387
0.49601717838014403 0.10188947824986783 0.1413404880404589 0.028707598132079952 0.1498727388580584 0.031223451109643988 0.042249623919421254 0.008699443310325695
0.4955168334284001 0.10992970780979425 0.142892279110774 0.031431542071957426 0.13996940158068147 0.031427658866526015 0.03994408650514031 0.008888490626726423
0.4129950171515095 0.20110749956554524 0.10517153943596565 0.05072391331401288 0.12317302411746095 0.06067441166741949 0.03102548012162365 0.015129114626462596
0.4512172757768277 0.09914166985222136 0.21668755617249813 0.04710877821974937 0.10308926559953294 0.022963142523829635 0.04899705327928464 0.01079525857605599
0.4805313512773899 0.08897570945613369 0.21216037210513697 0.0388646705645155 0.10521565961095868 0.019743771912369614 0.045977667901539045 0.00853079717195658
0.4179326954508369 0.18904010557279302 0.11547120404817804 0.05175537802000504 0.12171673215910513 0.055693923136674886 0.03329944157802779 0.015090520034379306
0.4099164094434004 0.19619713990871288 0.10253476727070188 0.04847893456187583 0.13124016226680985 0.06364112595104547 0.032452730496543285 0.015538730100910225
0.5125103040384589 0.101113817708508 0.12743836439076242 0.024804713813572108 0.15667164580001022 0.03137842677236609 0.038482396816051846 0.007600330660270346
0.47505566497124596 0.10001314884773836 0.19298953017779405 0.04024330567028743 0.11278376234436753 0.024012337210777987 0.04534483845034095 0.00955741232744774
0.4846201224618703 0.0900096565228074 0.20004469827942495 0.03674842084520876 0.11274470551632469 0.021204040963624576 0.04606457807440372 0.00856377733633579
0.47549284639461586 0.09303145048676152 0.196848908372869 0.038127901124216074 0.11640039951907986 0.023028815720775173 0.04772691548005158 0.009342762901631045
0.4312056935027294 0.17500988471723364 0.1259937293000671 0.05063882136369303 0.11941729426423761 0.04913097280545537 0.034539167461311214 0.014064436585272523
0.46854421604689345 0.09096386398018312 0.20101186072697383 0.03854542898981932 0.11792608210210213 0.02320419862961971 0.050076296538526535 0.009728052985881783
0.4805267408826036 0.08892234186212675 0.21158327519915524 0.03875147807381093 0.10575393377167559 0.019828280242933115 0.046086532893069056 0.008547417074625741
0.5058243594052485 0.09313458241764658 0.14840846435747237 0.02706628174108362 0.14735388964056315 0.027476782869647314 0.042829282490580343 0.007906357077758082
0.47159500302132995 0.09331841269041975 0.2182426983872757 0.04280050543806808 0.09948557552736814 0.019938710455245794 0.0455716420254425 0.00904745245485023
0.504866414389244 0.1100890935891339 0.13960756443871172 0.030171494691584946 0.13851334474313665 0.030559608841255533 0.03790777896643499 0.008284700340498212
0.4056889845674816 0.17712725662890091 0.11702582450462407 0.05062150274919897 0.13470016073975805 0.059483394835971856 0.038511465919876156 0.016841410054188304
0.47766910990823674 0.10428075192986165 0.19097407116901283 0.04117880034208928 0.1091890944691878 0.024171565511685256 0.04311399612035398 0.009422610549572332
0.4667131796042068 0.08679611913572753 0.21788410425882707 0.040118068692212405 0.10850822785809008 0.02043333888200102 0.05019357363390069 0.009353387935034542
0.4834322281276329 0.09974998571168509 0.1503888321636091 0.030770389219964302 0.1490736930551586 0.031107798290871482 0.045969262634287675 0.009507810796790766
0.4659951101640585 0.0874615060626684 0.2153067476643194 0.0400130096097381 0.11029449664482048 0.020966264303858926 0.05046812948761552 0.009494736062920627
0.46655587224773465 0.10172721653032848 0.19365434295690226 0.041829123886421155 0.11402302927470415 0.025121113833709473 0.046865741838744736 0.010223559431454955
0.4181970726452064 0.1806117111467012 0.1148339103664319 0.04909464623268909 0.1298899340284269 0.05678208750745103 0.03531575781403762 0.015274880259055724
0.4192889104360905 0.20042297284636063 0.12628543355525312 0.059737043075510254 0.10089695646773984 0.04886648787834814 0.030087246210197278 0.014414949530500291
0.48305984171257466 0.09442481692417207 0.20707848102886708 0.03996909061783872 0.10289525245836366 0.02042310143443118 0.043606814444104074 0.008542601379648598
0.4723390972356494 0.10314230563454999 0.20856477025929268 0.04514244388436526 0.09740582106724681 0.021518467529190486 0.0425702592025207 0.009316835187184682
0.4807687740647123 0.08903133590358152 0.2121827738281654 0.038884099118399275 0.10502176115614532 0.01970140356005612 0.0458946990189268 0.008515153350013122
0.5050688635321068 0.11004913033572229 0.13107896440227873 0.028298970671863766 0.14708101472305962 0.03240332965727285 0.03777761308107871 0.008242113596617083
0.505113833527563 0.1008540732294423 0.13672651367351993 0.027034165978641833 0.15112862667827448 0.030552612131778116 0.040488675296356524 0.008101499484423685
0.48453257992379395 0.09637928077072459 0.19726085109571392 0.03884267419611898 0.10863999216756785 0.021878085336457378 0.04374961413497996 0.008716922374643629
0.4990575066403058 0.09237008863821049 0.13738717529007474 0.025171357415632475 0.1628568689995765 0.03049812795686975 0.044427471904908554 0.00823140315442176
0.4164954598052652 0.18130660731072695 0.10594288843811926 0.045658930681536786 0.13908213915819403 0.06123737625001509 0.03501909153156563 0.015257506824577074
0.4469690137965412 0.10300371721560152 0.21473285680749388 0.04898985640672608 0.10243521285910664 0.02392009061789283 0.048695883575602276 0.01125336872103577
0.46673164557363306 0.09702253399198592 0.20588869104999025 0.04237634599189427 0.10815737633505446 0.022749985539032166 0.047240149349699986 0.009833272168709953
0.4809803152872798 0.10533420524928595 0.19912307268536422 0.04318977230058027 0.09958736757014426 0.02207313962002845 0.040767726704438734 0.008944400582878403
0.513815158516995 0.11271353534415005 0.15928844816854013 0.03465518845350151 0.11243830016047945 0.0249439213670111 0.03454761908494657 0.0075978289043761
0.4624451691577591 0.1021342251039707 0.2021171744158604 0.044246327355920274 0.10790932899206 0.024084250254798906 0.04673042434649272 0.010333100373137937
0.49407228736218 0.09721133185573538 0.13593437204195405 0.026475163475294113 0.16148245330035696 0.03214388760625306 0.04401261728333189 0.008667887074894649
0.42871932159078546 0.1766815062278769 0.11610143768971312 0.04736397253435485 0.12867863870628835 0.053731254703352084 0.03447939378661464 0.014244474761014638
0.48600751819480625 0.1113395629311388 0.14659266555303935 0.0332527554789064 0.13932312672140054 0.03235360668071038 0.04157489657629129 0.009555867863707058
0.3968737836305581 0.1933930586078081 0.11449857457929048 0.055304010113308585 0.12509102970605895 0.061642896022923416 0.035744713957363915 0.017451933382688637
0.4507367943361414 0.10418150345370392 0.20418113648127995 0.04668234882825173 0.10874122336829195 0.025459897193304513 0.048734335201102215 0.011282761137924426
0.4582156571867215 0.10076562374640802 0.21418046107912783 0.04667474080701967 0.10080084267731983 0.02243161351299109 0.046648823823710495 0.010282237166701425
0.47086597038386685 0.09769340574743818 0.19524346928157763 0.040096235330855 0.114974450674 0.02411957625309459 0.04720916368917152 0.00979772863999608
0.41683034916470635 0.18995905356708112 0.1075678639823106 0.048530954811532384 0.1293648744486096 0.05963576990689884 0.033040271626794536 0.015070862492066609
0.4638640276247059 0.09112119879701289 0.21006790343834905 0.040771720920538976 0.11187650076109587 0.022293530124281192 0.05013772273524879 0.009867395598767332
0.47132986793305914 0.09226831282501387 0.20795278255257074 0.0403083123797977 0.10934140954571948 0.021662693848025005 0.047770454277564746 0.00936616663824926
0.4714263682003891 0.09227063284517988 0.20801061822788802 0.04031620702910997 0.1092436065418086 0.021636137703673695 0.047738659303799696 0.009357770148151175
0.4500493816084737 0.09834265787204438 0.22355328174369157 0.04845349329533714 0.09862545808775705 0.021796568431865896 0.04854283162959208 0.010636327331238277
0.41220596832115824 0.18711011339196412 0.10703027822730231 0.04808766761091475 0.1339805904979835 0.06149579322009041 0.03444799569270576 0.015641593037880933
0.4087457803993393 0.19629512009840488 0.11560640698454265 0.05490610346408609 0.1180395575898959 0.057510593130198545 0.033001339423945106 0.015895098909587572
0.46404000439481274 0.10163161986816886 0.1979100319753824 0.0428378019259937 0.11149389161151796 0.024742957029718647 0.047032426926854526 0.010311266267551127
0.5356373038500384 0.10546847702375792 0.15639503928794266 0.03049823244068626 0.11128390100645709 0.022205534076273282 0.03215952986052219 0.006351982454322244
0.4631837789092463 0.09657661453112533 0.2153934077859048 0.044538226794415825 0.10197977701914034 0.02149786231389751 0.04700773607842915 0.009822596567840554
0.5076143520260281 0.09938833892907589 0.14016689729819387 0.027171442750021764 0.14795035554430117 0.0293310205191204 0.04044362795380946 0.00793396497944937
0.4165564488860776 0.18130046960068613 0.12022095187746197 0.05185272876053457 0.12428542074836522 0.054760375624809454 0.035521437039380814 0.015502167462684025
0.48700122857546974 0.09511146089121528 0.19519973897606976 0.03761724043439876 0.11071042508994827 0.021946836849172528 0.04384146618384053 0.008571602999885073
0.4497347598243618 0.09325902308731354 0.2229668223113283 0.045849361381955646 0.10435521830105016 0.021881837894793397 0.05129223939067806 0.010660737808519127
0.5054616072539849 0.09330289517066713 0.14836810250186844 0.027112543946275512 0.1474060043672081 0.027573248419380886 0.0428456819255002 0.007929916415114851
0.4172804985746602 0.18099313600247918 0.1065696068142729 0.04576704295576571 0.13845275798492385 0.06072956412046608 0.035010357823685494 0.015197035723746541
0.45587760697721214 0.09970147730776682 0.21907653061825752 0.047413779075122627 0.09876904169055876 0.02191351858577489 0.04694488145862794 0.010303164286679253
0.4496602166829261 0.09318971678002161 0.22368652066474726 0.04595105599623992 0.1038753224591055 0.021777172770566414 0.05122080337898892 0.01063919126740456
0.5072684817602999 0.09920813833369262 0.14892385625048174 0.028846927170882882 0.13957596124479096 0.027661890570807146 0.04055793801929677 0.007956806649747919
0.4625130202765804 0.096855463950744 0.2140848078238 0.04444501044314028 0.1030839599752138 0.02184037098713283 0.047256260853049056 0.009921105690339707
0.4848061208638657 0.08962595130612981 0.20109496441361654 0.036767893106137414 0.11214565533284646 0.020993593811647258 0.046045748764713415 0.008520072401043289
0.4066921730573904 0.18437250809767902 0.11905108641540872 0.053504489418670996 0.12571699552002602 0.05762847931240472 0.03646920342027049 0.016565064758149728
0.4732565556418238 0.09797353684538168 0.2020173755125068 0.04131177739751293 0.10784821178433278 0.022651695802285945 0.045504026371992724 0.00943682064416354
0.5149088177816565 0.10686301451255394 0.15061559796441865 0.030977611543039543 0.12604669312233882 0.02644591928457926 0.03654681508702636 0.00759553070438693
0.4895198767277692 0.09159904282801494 0.20034318014091546 0.03709548700008891 0.1086197232278345 0.020582595540207048 0.04399542688257062 0.00824466765259918
0.48097858743430916 0.09949469285957491 0.19922342009258218 0.04081819869830769 0.10532513431036925 0.022039201871550798 0.043177024631721454 0.008943740101584592
0.4803867322678836 0.09428302060347063 0.19875782204049897 0.03860774013788249 0.1113091318230822 0.022103690029287526 0.045595625645118494 0.008956237452776019
0.4546151658295878 0.09949070122650537 0.22547032697495767 0.04894562802158834 0.09419085639047237 0.020857501849242358 0.04627090337363582 0.01015891633401006
0.524271143669392 0.10849671252487947 0.1632386605196673 0.03348628802295481 0.10777962745955066 0.02258627903331851 0.03323988955561739 0.006901399214619992
0.47183423298913374 0.08789376312022415 0.2195835929694114 0.040523462801488844 0.10378480752883228 0.01957069386872425 0.047871022657445285 0.008938424064740052
0.47119852903836423 0.09715171739218911 0.1959092425273534 0.04000279375951693 0.11479293589570493 0.0239216338187701 0.04727222110530663 0.009750926462794844
0.44904438521308304 0.09851659628317552 0.2098011339016981 0.045630871967937664 0.11027510016411894 0.024449746149098305 0.05106338515443256 0.011218781166455966
0.45308058857941264 0.08405699704722158 0.22477364535063848 0.04129434268452904 0.11111727217749343 0.020871599450961564 0.05464600489335102 0.010159549816392147
0.4902590931782567 0.09557157170574367 0.20380502085783678 0.03932057713047974 0.10128122754708635 0.020004782996206297 0.041625575805159416 0.008132150779230874
0.45842625643062185 0.08461638629083988 0.22781083188568924 0.04166820065785051 0.10587401612864952 0.01977776559331086 0.0521732673148244 0.009653275698213712
0.47997543125083875 0.08816191091718997 0.19978283901223387 0.0363036362327703 0.11696443051202061 0.021740609454460224 0.04821084894978289 0.008860293670703458
0.48760474215150323 0.09541929025172931 0.1511822803208219 0.029327998023295474 0.1510355578983084 0.029904210591998194 0.04641913671629745 0.00910678404604604
0.46249148784501415 0.10230873259984635 0.2138276531718286 0.04690056821474747 0.09785828901047522 0.02191044596225157 0.044768651874632304 0.009934171321204329
0.48106965741278923 0.10534695682279391 0.19952932048491936 0.043269859921714324 0.0991891302141205 0.021983317022867894 0.04068685110027827 0.008924907020516596
0.4811736156985344 0.09456515382559497 0.21200634778489966 0.04125428542390657 0.09935708957951041 0.019778882371545143 0.04332906917631029 0.008535556139698683
0.454599684587992 0.0939440405556121 0.22619472629257048 0.04635342646828744 0.0991496323152972 0.020727142321833123 0.04889906518893755 0.010132282269470268
0.4714416115888988 0.10284343626048564 0.19607552121029226 0.04236238006637753 0.10874763492147689 0.02398433906246408 0.044770859551417935 0.009774217338586704
0.467168294416394 0.09196106479569761 0.21827853895027594 0.042558235781839406 0.10267788182326845 0.020466927985048254 0.047513184534971185 0.00937587171250516
0.42515880315321736 0.18200136573853593 0.11039383396461526 0.046771654284267196 0.13090583112756388 0.0567017703991288 0.03364936376082047 0.014417377571851245
0.46019877724964015 0.10039975932169336 0.20878508261398504 0.04505683856193445 0.10494967059423625 0.02320944716708837 0.047101010069503756 0.010299414421918543
0.48317392193333947 0.10034395846992882 0.14142898249278868 0.029101475582911523 0.15761745764675184 0.033098482991126894 0.04572624906383237 0.009509471819320388
0.4481585084673143 0.08930327472413385 0.21907002876198917 0.04326198528612452 0.11229606294608475 0.022640968195776427 0.054403382251868936 0.010865789366708149
0.4809328720902575 0.09408561535125425 0.21243073596245637 0.04114185976149449 0.099607674322723 0.019748452352597718 0.04351639449605653 0.008536395663160367
0.43245116500001657 0.17471354610737397 0.11949324260033044 0.04779027868387829 0.12575737030572184 0.0514530009507131 0.03441155147663195 0.013929844875333844
0.473758057444006 0.10832012694112834 0.1901814618037777 0.04298853463309254 0.1074699209970763 0.024890805225049103 0.04263370831716801 0.009757384638702155
0.4447755292011857 0.09279769704082687 0.21999900990258234 0.045497821050230036 0.1091661386551622 0.023029023392390834 0.05354349485788802 0.011191285899734026
0.4760416484318938 0.09323837554152366 0.21026204766899623 0.040764666282374386 0.10439655490965721 0.020711387761944203 0.04562954662396707 0.008955772779643462
0.47716164555385426 0.09868051232932198 0.14826849160085886 0.03040514028833955 0.15526595970147059 0.032455787318776574 0.04784885853184652 0.009913604675531517
0.47481138091586544 0.09984713247922182 0.1934393559722599 0.040269890626122 0.11268543715311183 0.023976909306207154 0.04540953437184121 0.009560359175370792
0.46716461699206907 0.1025704071415913 0.20538305057402903 0.04468419668646859 0.1027942205146704 0.022829379194813 0.04473433437502084 0.009839794521337583
0.3993121978540773 0.19192487089900406 0.11684749794038209 0.05566996439460285 0.12333413989433278 0.059933256798744415 0.035760531211222496 0.01721754100763386
0.4730527279336191 0.10918703678631579 0.1890108263321204 0.04310356562807837 0.10794928306977739 0.02525220082968336 0.04260212598698589 0.00984223343341976
0.4627014005849802 0.09659503921451297 0.21581570651579499 0.0446387527575601 0.10184190103510364 0.021518884185905033 0.04704448056400671 0.009843835142136385
0.4832985557786529 0.10007155541629886 0.15022403953681374 0.030836705603385306 0.14895298776053603 0.031195906030596306 0.04589548072836371 0.009524769145353287
0.45692153096363936 0.10126988737598912 0.1986017590553986 0.043618256820067376 0.11405377820412989 0.025550647923376926 0.049091155852339745 0.010892983805058855
0.4669500231384023 0.0920097666426292 0.21806096095828117 0.04254983797684174 0.1029093954539908 0.02053997045025157 0.04758045892883462 0.009399586450768653
0.5127036725812418 0.09450010487658657 0.1331142649053798 0.024270826264541936 0.15788249930303527 0.029462060458393915 0.040579992408386854 0.0074865792024336715
0.5467634860718737 0.10252821372377556 0.148230243703417 0.027525550065345485 0.11596402013374947 0.02203664566741244 0.031102163342008396 0.0058496772924178
0.45361407800321657 0.08444602563096154 0.22341211411953418 0.04123924830364025 0.1115800171049701 0.020998317065320907 0.054538025616533654 0.010172174155822663
0.4946241657638606 0.09645774309742546 0.1367690384323124 0.02641051225326702 0.16117753788830494 0.03179485311577895 0.04414708016944052 0.00861906927961034
0.42330727114978334 0.17435892469300163 0.11467204595119006 0.046757358095284925 0.1341393232420481 0.05594948319572033 0.03597077872309703 0.014844814949874698
0.4465175682796158 0.09210432861519903 0.2152679068187413 0.0439264651619588 0.11325630585287422 0.02366931027905916 0.05408139593489876 0.011176719057652884
0.4759770287830886 0.09329848540523873 0.2099962851868855 0.040745416670803614 0.10458874367962706 0.02076631501711645 0.04565881846974929 0.00896890678749067
0.4854543633463965 0.09493453627293238 0.2013717327856236 0.0389783022151812 0.10614447293459459 0.02101260761009511 0.043571349579998774 0.00853263525517784
0.5156365163113528 0.11272345695599098 0.1509580884801541 0.032724709874676634 0.119365776345289 0.02637306179302268 0.03463379126395348 0.007584598975560439
0.46625996191547886 0.0925047253074128 0.203337265537758 0.03995505315093983 0.11517304148963392 0.023103445867298157 0.049781079085297796 0.009885427646180478
0.4752252765397419 0.09319146382852488 0.19659663826189047 0.03815214543216379 0.1165855709856787 0.0231268109379607 0.04775285924949304 0.009369234764546581
0.47123600486756806 0.10321939810762476 0.19472910310330716 0.04225180300603523 0.10962322645285207 0.02427474454290374 0.04483587602956679 0.009829843890142255
0.4671378636077628 0.09199834617506636 0.21818429138909318 0.042559212913949866 0.10273150170644144 0.020487730357663023 0.04751945625190797 0.009381597598115226
0.47272379662678454 0.1031046713369081 0.14706951892715564 0.03181640944264643 0.1536570612703291 0.03386218498311613 0.04740805378551646 0.010358303627543548
0.41415052786779616 0.19126956578559864 0.11228266208138142 0.05135430907453028 0.12416871353833278 0.0580621474272612 0.033299330728375175 0.015412743496724241
0.47327006270629424 0.09817145027655831 0.20171585246817958 0.041335928553833806 0.10789484781066183 0.02270327606001424 0.045462205902830094 0.009446376221627943
0.47974960371975545 0.0888780310104622 0.1984908408191411 0.03637163042648273 0.11744915502049533 0.022019712736385054 0.048122195951670534 0.008918830315607569
0.4260026449040996 0.17252117890808968 0.12457145904772392 0.04996626206453906 0.12486765167684774 0.051222431464330774 0.03616317250024091 0.014685199434128288
0.40888710882594703 0.20475140944631504 0.10951749444593427 0.054245247975951136 0.11684204859442793 0.059309521042353194 0.030926371922800493 0.015520797746271037
0.5126070969444847 0.10106126476555656 0.15401937182788356 0.03001386406391427 0.12998756607912493 0.02598202557238063 0.038687927003051716 0.007640883743603603
0.4036428086679897 0.19518267503770476 0.10333017610477087 0.04951077475318892 0.13317651675415743 0.06505396904059169 0.03376679192909344 0.016336287712503166
0.3912177840570673 0.1986708391162031 0.10374898202318307 0.052091338922646994 0.13314295084124594 0.06845008409515746 0.03492965350149745 0.017748367442998837
0.5116868859706362 0.1013523208054331 0.135519080731156 0.026492888732377682 0.1485028189371532 0.029890727544804874 0.03884213590502174 0.007713141373417411
0.4920964550177856 0.09783746439147412 0.15048935680009065 0.02966316481282548 0.1469389298725961 0.02957331049158758 0.044521752633144895 0.008879565980495567
0.5005364885562411 0.10495838078325616 0.14466374259218567 0.03006719517256659 0.14101505820729024 0.02994240429063784 0.040332406008296774 0.008484324389525634
0.46631366546381614 0.09798212520606986 0.2026875088647128 0.04219338491517431 0.11007993095816133 0.023394622150307427 0.0473781220471728 0.009970640394585483
0.4756220177277754 0.08817294900370608 0.20947478027420852 0.038427490868373555 0.11045166402152222 0.02073553121565066 0.048171502313738984 0.008944064575024625
0.49265483116736913 0.09080176089825877 0.14441343466699486 0.026362394097284393 0.16055792570734184 0.029941984271680183 0.046654624277099585 0.008613044913971479
0.46215793151856427 0.09688425300559604 0.21338584601816832 0.04434532909085744 0.10379247210159823 0.022019606596509426 0.04744157772852676 0.009972983940179559
0.4761929371582352 0.10416171610706916 0.19747711271027618 0.04278047365810474 0.10420944363730664 0.02305763645654101 0.042756353416544594 0.009364326855922459
0.4806932939922516 0.09997981314596968 0.1986977971701179 0.040913293406009604 0.10542498668281264 0.022189163298883763 0.04312159366221317 0.008980058641741628
0.48109979967784444 0.10542385909992337 0.19901716946168438 0.04319887388242668 0.09952923564617937 0.022068491139367367 0.04072328122569841 0.008939289866876046
0.42047207473618853 0.1709756153466537 0.1229790817892676 0.04951407888116572 0.12972975823052574 0.053403568726809666 0.03760562592337315 0.015320196366015783
0.48288702280563495 0.09395874447877688 0.20669767062952107 0.039718377757301894 0.103776777383334 0.020509496837950652 0.043889909198804186 0.008562000908676093
0.475594731308086 0.093014397367517 0.1972177826743074 0.03818078469305549 0.11604822539000897 0.02294936850388173 0.047668271675991 0.009326438387152382
0.43621316658398923 0.19834214528817443 0.12747002445812272 0.05744536868871321 0.09595358926405945 0.0441496316223495 0.02776874863676069 0.0126573254578308
0.47376644022782555 0.10289575963526584 0.19090390400506432 0.0409699503171118 0.11228252763344743 0.024693167372216454 0.044764696965463945 0.009723553843604568
0.4580191751929893 0.0954210803313437 0.21375426002810288 0.04412693599663825 0.10662039607791188 0.02246947718355797 0.04929875920045737 0.010289915988998775
0.4720290507469504 0.09249661098224389 0.22131404643721955 0.04295448811351229 0.097616304239244 0.01938276431458973 0.045301988390648806 0.008904746775591364
0.45383308889191687 0.09364029673315152 0.21341622394062307 0.043646956716845715 0.11036165041939555 0.023014760198814866 0.051455816256432245 0.010631206842820127
0.43175943568612807 0.17503277231305087 0.11182930706436288 0.04483257576184794 0.1335728020430939 0.05484370784342146 0.03423620601788665 0.013893193270208083
