Action: 0
[0.1976016107805471, 0.07568504587969278, 0.2896529035167037, 0.07566730846428116, 0.1323581623014384, 0.0777003521287746, 0.07566730846428116, 0.07566730846428116]
[0.133709616431542, 0.07480736939624019, 0.2860990653778979, 0.07480736939624019, 0.1907276502325077, 0.09023419037309148, 0.07480736939624019, 0.07480736939624019]
[0.09388490655472388, 0.08119840646626349, 0.27638098097255065, 0.08119834307315336, 0.22355053446694573, 0.08139014232005615, 0.08119834307315336, 0.08119834307315336]
[0.125, 0.125, 0.125, 0.125, 0.125, 0.125, 0.125, 0.125]
[0.2552136018634802, 0.07489853262693524, 0.1513275317837607, 0.07489777874901404, 0.14071810002483917, 0.15314889745394264, 0.07489777874901404, 0.07489777874901404]
[0.15185025406411667, 0.07580397268165447, 0.2781245341580458, 0.0754620788733131, 0.19191355666059298, 0.07592144581565083, 0.0754620788733131, 0.0754620788733131]
[0.125, 0.125, 0.125, 0.125, 0.125, 0.125, 0.125, 0.125]
[0.125, 0.125, 0.125, 0.125, 0.125, 0.125, 0.125, 0.125]

Action: 1
[0.15190329317992377, 0.08126239353903543, 0.08126239353903543, 0.08126239353903543, 0.17460433490786903, 0.2671804042170299, 0.08126239353903543, 0.08126239353903543]
[0.1111111111111111, 0.1111111111111111, 0.1111111111111111, 0.1111111111111111, 0.2222222222222222, 0.1111111111111111, 0.1111111111111111, 0.1111111111111111]
[0.0825187081590426, 0.15243758624823694, 0.0825187081590426, 0.0825187081590426, 0.12336648434853843, 0.31160238860801165, 0.0825187081590426, 0.0825187081590426]
[0.125, 0.125, 0.125, 0.125, 0.125, 0.125, 0.125, 0.125]
[0.08339909528534739, 0.08339909528534739, 0.08339909528534739, 0.08339909528534739, 0.3004925938059659, 0.19911283448194972, 0.08339909528534739, 0.08339909528534739]
[0.08798612954813192, 0.08798612954813192, 0.08798612954813192, 0.08798612954813192, 0.23157173420213187, 0.24051148850907658, 0.08798612954813192, 0.08798612954813192]
[0.125, 0.125, 0.125, 0.125, 0.125, 0.125, 0.125, 0.125]
[0.125, 0.125, 0.125, 0.125, 0.125, 0.125, 0.125, 0.125]

