0.125 0.125 0.125 0.125 0.125 0.125 0.125 0.125
0.09592326139088728 0.15987210231814547 0.08633093525179857 0.14388489208633093 0.11990407673860912 0.19984012789768185 0.10791366906474821 0.08633093525179857
0.07295173961840629 0.12906846240179573 0.09118967452300786 0.16133557800224466 0.08754208754208755 0.15488215488215487 0.10942760942760943 0.19360269360269358
0.13410207414198871 0.1056053833868161 0.16092248897038647 0.12672646006417934 0.11690950053404146 0.10496321425706895 0.14029140064084972 0.11047947800466916
0.07175927991282775 0.1065511262836443 0.057537608193167916 0.09589601365527986 0.12786135154037315 0.23352737671781146 0.11507521638633583 0.19179202731055972
0.07062076935185496 0.12494443808405108 0.08827596168981869 0.15618054760506384 0.08474492322222595 0.18188554889312644 0.10593115402778243 0.18741665712607658
0.13960045332398083 0.10316208815354905 0.1571993724244557 0.12379450578425888 0.11420467227417723 0.11706988601146805 0.13704560672901264 0.10792341529909748
0.08910344229765471 0.12041697784980034 0.08670022405185625 0.1445003734197604 0.09031273338735024 0.17996550215405718 0.10837528006482032 0.18062546677470048
0.08108406461419951 0.11739558187249143 0.08452481894819382 0.1408746982469897 0.08804668640436855 0.20632475341977757 0.10565602368524227 0.1760933728087371
0.06627325774246293 0.09690753832809533 0.05233007069717147 0.08721678449528579 0.11628904599371438 0.3018895923583555 0.10466014139434295 0.17443356899057158
0.08009792266479392 0.14171170933002 0.06982895822058957 0.12354354146719695 0.09611750719775272 0.2566533614943031 0.08379474986470749 0.14825224976063633
0.0783516304979378 0.1386221154963515 0.09793953812242225 0.17327764437043938 0.07051646744814402 0.19719713982112966 0.08814558431018003 0.15594987993339543
0.07794912549789015 0.11440715714073006 0.08237315314132564 0.13728858856887605 0.08580536785554753 0.22759943065787838 0.10296644142665706 0.17161073571109506
0.06380176640024723 0.09345384287907972 0.05046507515470305 0.08410845859117175 0.12168248691478632 0.3173413025682624 0.1009301503094061 0.1682169171823435
0.06523332393784449 0.11541280389003256 0.08555798819813777 0.14426600486254074 0.07827998872541339 0.24028069864421553 0.09784998590676676 0.17311920583504883
0.07410691580357925 0.11065382121341705 0.07967075127366027 0.13278458545610045 0.08947634016708886 0.2477384151739532 0.09958843909207533 0.16598073182012554
0.07751123034247495 0.1371352536828403 0.0728086950988402 0.11955381090298899 0.09301347641096995 0.27542428873540187 0.08108867174289687 0.14346457308358676
0.11863411174597896 0.09576488538530831 0.15898908537026277 0.11970610673163538 0.10677070057138106 0.15893623842273524 0.1334633757142263 0.10773549605847184
0.07420196106919205 0.11770769437303072 0.09601441567886833 0.14713461796628843 0.07983652313996867 0.20874759228814485 0.09979565392496084 0.1765615415595461
0.10515158778330652 0.07316508977569125 0.18581610101762855 0.1463301795513825 0.09248113921991215 0.10749247856627453 0.16199352396408642 0.12756990012171807
0.10122880203892164 0.14235993094085136 0.09097014680842647 0.1281239378467662 0.12415425273265765 0.24019561353924215 0.09609295338507466 0.07687436270805974
0.059147537890510644 0.09496098708638204 0.05108090450060603 0.08278650156248689 0.12077445830186505 0.3320918666364513 0.09358474089672432 0.16557300312497378
0.09302926466095204 0.07073434149566776 0.18458475198241614 0.14146868299133553 0.08879300721111048 0.13634111279537914 0.15772702417093679 0.12732181469220197
0.1056705904974575 0.07139817417502364 0.21470570680132786 0.1427963483500473 0.09152734950957622 0.09133127890509818 0.15808142755886387 0.12448912420260533
0.06949952746872606 0.09736371015369559 0.07284028929842662 0.08762733913832604 0.13603275153951522 0.2562288971586673 0.10515280696599123 0.1752546782766521
0.07879880155623772 0.13015855226026737 0.07266343266527309 0.11347155838074592 0.10056775814300606 0.2912107090793297 0.07696331785824505 0.1361658700568951
0.1047359168863233 0.07814035747400983 0.13731992884183944 0.09767544684251228 0.12831370613649815 0.19140299558520185 0.14520111202260033 0.11721053621101472
0.1027045820738784 0.0695462811414043 0.21570693079457062 0.1390925622828086 0.08776697428121778 0.10492153646822237 0.15507782690337021 0.12518330605452777
0.09990321962719528 0.06796369385170696 0.25614772006788855 0.13592738770341392 0.0825463755624703 0.0836280607998493 0.15154889345440326 0.12233464893307251
0.09660146260454314 0.06584223891003711 0.2839881664221991 0.13168447782007422 0.07967610132377743 0.07687315731175674 0.14681836556954542 0.11851603003806681
0.09369420859479627 0.06402514074963384 0.3052151023410376 0.12805028149926767 0.07736598352741259 0.07363752205798432 0.14276650788052678 0.1152452533493409
0.09135960977230573 0.06258290666520945 0.3216166166274754 0.1251658133304189 0.075536555157245 0.07153872531888954 0.13955054113107898 0.11264923199737702
0.10721382902634524 0.07359531574255204 0.24996459703488472 0.09199414467819006 0.11832618821255185 0.1117574769163087 0.13675547477533925 0.11039297361382808
0.078818986493034 0.10931855338408042 0.14912713876673345 0.13664819173010054 0.08365184427078014 0.18577433393177828 0.09268312134737253 0.16397783007612063
0.07411069592564401 0.10945829470240767 0.11927575714566938 0.13682286837800958 0.08081253476436501 0.2225308093478167 0.09280159768247608 0.1641874420536115
0.12897825820753106 0.08764095016657347 0.19518318554241687 0.10955118770821685 0.11277260518083607 0.14513634542413806 0.12214139883289252 0.09859606893739516
0.1261290484416512 0.07284142066863664 0.1962378135939137 0.0910517758357958 0.13230893207913946 0.13681429818021779 0.13535458019769045 0.10926213100295495
0.12416765721276811 0.07194049833138998 0.19516827055394345 0.08992562291423746 0.14437593811600183 0.13283078713191668 0.13368047824265747 0.10791074749708496
0.10703058655100442 0.06212256478136341 0.27010037373510537 0.12424512956272682 0.10073243754366236 0.08542424378183733 0.13852404743784616 0.11182061660645413
0.10036787481941413 0.06072165458474415 0.3107072442768185 0.1214433091694883 0.08899938160117274 0.07306133050536325 0.13540022679045935 0.10929897825253948
0.13059369114299418 0.08007616483990329 0.28018217873001383 0.1000952060498791 0.11433388534495188 0.09303450349324742 0.11159868495411895 0.09008568544489119
0.09687074305790014 0.12074812126445657 0.18517588193292292 0.15093515158057072 0.08397641970791221 0.1496719906644769 0.07678005536924684 0.13584163642251362
0.10414449040573322 0.06320662732310289 0.2728180511821664 0.12641325464620579 0.08869983646751271 0.09000446568814803 0.14094134510554585 0.11377192918158521
0.10147759051036406 0.06012530983307204 0.3166464379312445 0.12025061966614407 0.08574206944675665 0.07346194791197914 0.1340704670009099 0.10822555769952967
0.11723862090119887 0.06970170681126042 0.25155311522417606 0.08712713351407553 0.13193353965638824 0.1083729878849366 0.12952033579107347 0.10455256021689063
0.08536460966409803 0.10444359396764089 0.15275416957397922 0.1305544924595511 0.10099539845815063 0.18067234134385815 0.08855000358126076 0.15666539095146131
0.07854002017969158 0.10592907263961938 0.12152661569579944 0.13241134079952424 0.09432299712696753 0.2185669134479871 0.08980943115098165 0.15889360895942908
0.10401069139580528 0.06465481377358367 0.23958675497104878 0.12930962754716735 0.09311878394853143 0.10877007882852639 0.14417058474288658 0.11637866479245063
0.10558018811070184 0.06076612296125719 0.30085310133862103 0.12153224592251438 0.08761700126231325 0.078772934441317 0.13549938463301228 0.10937902133026295
0.10286482907773735 0.05867654401520489 0.33097000146719974 0.11735308803040978 0.08375851539020596 0.06991930733110321 0.1308399354607703 0.10561777922736881
0.12000531096501192 0.06879782118959106 0.257727412974504 0.08599727648698884 0.12992321316685154 0.10651150599827675 0.12784072743438937 0.1031967317843866
0.1007952215695185 0.11941725104260648 0.17841043636534004 0.1492715638032581 0.08644091228452468 0.15538641201190176 0.07593379549991824 0.13434440742293227
0.10902525399178689 0.062679338974587 0.27007366157906404 0.125358677949174 0.08872070296054635 0.09155398360247632 0.13976557078810892 0.1128228101542566
0.08651083486676972 0.10582611000243204 0.1602772718208842 0.13228263750304006 0.0920552946234007 0.174586549438633 0.08972213674119238 0.15873916500364804
0.10496116889778079 0.07022342526287657 0.25983968696939036 0.1254875900418329 0.0902416755214286 0.09639832411792294 0.1399092981511182 0.11293883103764964
0.1056028588192486 0.06431009430606272 0.31079255622280577 0.1190473338668929 0.08554313665050267 0.07483252652209113 0.13272889313219252 0.1071426004802036
0.08497086219918103 0.11212868894645621 0.17276747086754363 0.13042271648863388 0.09042496991460044 0.16431740670058545 0.08846062509663864 0.15650725978636065
0.10386623049642364 0.07023678013345636 0.2666291000653362 0.12469346732683492 0.0893515829122612 0.0939748078847516 0.13902391058678462 0.11222412059415143
0.10490582446581759 0.06405721906315939 0.3142621300432713 0.11855855085674424 0.08504422826180355 0.07428541498591335 0.1321839365522208 0.10670269577106982
0.10275533774936821 0.06195331276005998 0.3373531117127228 0.11531695630922045 0.08206382676013532 0.0682023934884221 0.12856980054177267 0.10378526067829842
0.10096305999216937 0.0610204664684534 0.3483980837646526 0.11378842670866934 0.08047499283304858 0.0660797820886728 0.12686560410653133 0.10240958403780241
0.11959032494363299 0.07253354819191785 0.26461537259374596 0.08460412115703744 0.12720897439961984 0.10415300485931858 0.12576970846628255 0.10152494538844492
0.10812201944557355 0.06275962236018483 0.31076706615197386 0.1155679927950948 0.0945205666124418 0.07540185162968928 0.12884968748945644 0.10401119351558534
0.0852059671335651 0.11117264922666494 0.17250870639599825 0.12944151918544716 0.09431284525158527 0.16423337242363853 0.08779511736056418 0.1553298230225366
0.11784631079507131 0.08639798892409754 0.18944146170025436 0.08795399024165 0.13966047090489173 0.14240547529228884 0.13074951385176628 0.10554478828998
0.14503370683973432 0.0921453046094905 0.22172512604419195 0.09736125240316038 0.13433029147831368 0.11322866079784567 0.1085505306644191 0.08762512716284435
0.11746792645813346 0.06941852871148281 0.28667635469493397 0.11584483370317278 0.09911547989647407 0.07805818176075333 0.1291583444421941 0.1042603503328555
0.1430841404278494 0.08797217782054448 0.26888143552313376 0.09592491023106194 0.11860819291484269 0.0922476075423682 0.10694911633224367 0.08633241920795573
0.1521322603129423 0.08930779993148057 0.2574869403543997 0.09376689253338819 0.12334959995977895 0.0950232159825266 0.1045430876454343 0.08439020328004937
0.11828211045931089 0.06773258891219563 0.30482472356837886 0.11344621043946981 0.09457773524227742 0.07255098347794327 0.1264840585049014 0.10210158939552283
0.08787221560128122 0.11709837588424121 0.17002800272352003 0.1279901026072345 0.09519216239926064 0.16142033936565678 0.08681067829012429 0.15358812312868142
0.11908584267577871 0.08682459810827044 0.18763870391230705 0.08741432906084433 0.14328526214269732 0.1409067979664906 0.12994727126059846 0.1048971948730132
0.08666311253436652 0.11904863466334442 0.13025574878559373 0.1255822109409105 0.10821195189023676 0.19436218846175107 0.08517749959470451 0.15069865312909259
0.10563956543464302 0.07746848935503167 0.24071878987627976 0.12430956930409454 0.09919493930582998 0.10219414140990078 0.13859589294053523 0.11187861237368509
0.12400954323867483 0.07983816185246966 0.21789426404537404 0.08594117721933323 0.142854308436057 0.11857580043973334 0.12775733210515805 0.10312941266319989
0.08821635480675592 0.11772943607824002 0.14031834797714415 0.12565965330681694 0.10840030211466192 0.18365429602705535 0.08523002572114541 0.15079158396818032
0.07844528801728227 0.1331598512994447 0.11432332632184655 0.12538807733220073 0.09775241831074513 0.21541951955539068 0.08504582636444918 0.15046569279864083
0.10344421901217965 0.08528962797307203 0.23119135606930818 0.1245536597247775 0.09671667984506732 0.1078381280794019 0.1388680355438937 0.11209829375229975
0.10625689198242347 0.07316107348320856 0.2945141358309731 0.11826265349404613 0.09162021065824101 0.07789461333176106 0.13185403307470517 0.10643638814464153
0.1039752894839757 0.06891874273022564 0.32618552650983196 0.11426887689095308 0.08753361092252145 0.06887469405534785 0.12740127020528647 0.10284198920185776
0.08400153557226622 0.12151392039782209 0.17631549948066333 0.12701952626239668 0.09375137407275237 0.15882233836472787 0.08615237433449516 0.15242343151487603
0.0778408719958145 0.1349145135907244 0.12609056412831168 0.12608870900813637 0.0942216285936014 0.20401622445943368 0.08552103741421423 0.15130645080976363
0.13334456446220616 0.11054936731190959 0.1930126811288217 0.10054972010805119 0.12364373902457876 0.1362997456571654 0.11210543421002124 0.09049474809724606
0.11590510373302156 0.07703591264166182 0.2711666069629493 0.1168745287665349 0.09874708353078217 0.0847773108802411 0.1303063775949277 0.10518707588988141
0.12620790741557825 0.08201414657346916 0.2297712958777085 0.08420203742521544 0.14058075011956964 0.11100943368489509 0.12517198399330534 0.10104244491025853
0.08830538988018662 0.1230273208245125 0.14353232835211888 0.12433440947322137 0.10823128028900261 0.17903681512690742 0.08433116468618493 0.14920129136786564
0.10499125851339709 0.08214972749446393 0.24689301920145512 0.12226743082738073 0.09939371126624884 0.0979451040150186 0.13631906093739313 0.11004068774464267
0.10575055334533663 0.07189814421294992 0.30216144667911693 0.11689115432639259 0.09265953370201893 0.07511221498697608 0.1303249138534556 0.10520203889375333
0.13808049992856333 0.09132423203933127 0.27549258416653394 0.09483475172907002 0.11823888563601016 0.09094409898669352 0.10573367095763478 0.08535127655616301
0.14942988209602345 0.0935733870791942 0.25922321293697587 0.09228335265081816 0.12550266458570436 0.09404343187724733 0.10288905138830026 0.08305501738573635
0.11711051541934583 0.07136416358946515 0.3046783722975436 0.11193343643146789 0.09728685686092463 0.0720891342333698 0.12479742837956194 0.10074009278832109
0.08718573949555307 0.1217815264451921 0.16921370833533558 0.1264409140402451 0.09750990646781887 0.1603791840620036 0.08575992430555755 0.1517290968482941
0.10374006304801854 0.08120097824210987 0.26147610755660833 0.12125164940689036 0.09542492266906412 0.09259325415297753 0.13518654045812997 0.10912648446620131
0.08394574207637265 0.125166484071272 0.15506710766105472 0.1274094428596542 0.09720048638656961 0.17190256600868273 0.08641683950480894 0.15289133143158504
0.13486163216691352 0.10740831684138256 0.20695767373180823 0.09959143811205928 0.12521607164074292 0.12529555190816818 0.11103702129807205 0.08963229430085334
0.11557681698393532 0.07583960840269581 0.27823845387859697 0.11570030352542367 0.09992840938066848 0.08158893057596059 0.12899720407983803 0.1041302731728813
0.08686187067030582 0.12329755657127031 0.16058484977669907 0.1268316031959084 0.09838449013235932 0.16581679234635954 0.08602491347200743 0.15219792383509004
0.10400270657466044 0.08174735283464322 0.25670895704771596 0.12168730777215808 0.09635289925706897 0.09430993249522593 0.1356722670235852 0.10951857699494227
0.10503607542284131 0.07148981822551377 0.3071580458273837 0.11629078402848042 0.09171809164273792 0.07398993345237327 0.1296555457750371 0.10466170562563236
0.08425304759725613 0.12215301954649485 0.17002104116356295 0.12692916334307472 0.09637321469364345 0.16186443294201885 0.08609108470225937 0.15231499601168963
0.13440465357599496 0.10626188753519114 0.21412859935769912 0.09909396140178976 0.12478638276691285 0.12165757820955225 0.11048237189124918 0.08918456526161078
0.15057399231983598 0.0986324920241657 0.23066356904521143 0.09424051392254774 0.13071557209840448 0.10528625791007433 0.1050711401494674 0.08481646253029296
0.1189651828099679 0.07312342710713639 0.289769796370009 0.11345934175287045 0.10039352746003322 0.07567661798300535 0.12649869893939436 0.10211340757758341
0.12643288015123516 0.08047180584247951 0.23694717507730523 0.08323461652113125 0.14243920103990862 0.10685893369922946 0.12373384784335331 0.0998815398253575
0.08837124294506976 0.12235059957939974 0.14578273585765875 0.12398024230466503 0.10992092357003654 0.1767270180231037 0.08409094695446846 0.14877629076559803
0.1049079033571745 0.08187742173779929 0.24797928282219114 0.12197458435028036 0.10008263248344451 0.09740849036421688 0.13599255896964094 0.10977712591525232
0.14009051366564548 0.09509811205228683 0.25064818814395934 0.09666269251486036 0.12334838438378834 0.09938399745578584 0.10777168852029953 0.08699642326337431
0.11490385741260174 0.07215234660311365 0.30078740555558264 0.11293883483231623 0.09773631386882677 0.07391791781169793 0.12591837256677646 0.1016449513490846
0.12473946693006083 0.08014438131697223 0.2417207382244681 0.08306943525311472 0.14105901724788625 0.10609534392957788 0.12348829479418248 0.09968332230373768
0.11065254346461015 0.07018024622788428 0.29658951587520166 0.11386018390856925 0.1033434860443653 0.07595425093225225 0.12694560802940483 0.10247416551771232
0.09777942675081529 0.13881892258757048 0.19029337053411416 0.14458994656682336 0.08542944181341781 0.1394056626705163 0.07355227716660145 0.130130951910141
0.13898467891281877 0.10894479550111674 0.2232289987361819 0.0980181488224966 0.119547746332917 0.11377637660436385 0.10928292114985814 0.08821633394024693
0.09123201616372469 0.13002716913912718 0.14087210620470553 0.12345740757098961 0.10266678092073131 0.1798593023021673 0.08373632861336687 0.1481488890851875
0.11967741074770581 0.09404456029800912 0.17289573288153237 0.08619702854350055 0.14766319685230395 0.14794796414217068 0.12813767228257691 0.10343643425220064
0.12724587734460582 0.08470078469071518 0.18388324129631678 0.08333344607610285 0.16365145610160758 0.1333042945847037 0.12388076461462454 0.10000013529132341
0.11402162473126265 0.07257544029956402 0.26529978505061436 0.11652148136020583 0.1126185860461283 0.08418099320434738 0.12991275608369215 0.10486933322418523
0.08645789971275239 0.12230037503443003 0.15639930784604822 0.12676383135403138 0.10276562596946834 0.16721741597482812 0.0859789464836039 0.15211659762483765
0.07821373567409755 0.1345959979585913 0.11949537447089635 0.12545446001288976 0.09822830027912755 0.20837592844975233 0.0850908511391774 0.15054535201546768
0.1029883504736602 0.0851609694174617 0.2337169158041093 0.12384662699195592 0.09826499168637731 0.10648043452324092 0.13807974681043442 0.11146196429276031
0.12271734119163563 0.0844450889322007 0.21405988634728024 0.08524954295043816 0.14445466960045691 0.12004484812606486 0.12672917131139763 0.10229945154052579
0.11140350764151173 0.07184228458006602 0.28216349831493676 0.11548702666027065 0.1061636410377905 0.08024230147980448 0.12875941629137638 0.10393832399424359
0.10571799666411862 0.06861885747934444 0.3191576998657811 0.1139490419348825 0.093333664197604 0.06962392401932695 0.1270446780975481 0.10255413774139426
0.13717224468934597 0.08983440567034738 0.2827929937782336 0.09390137527436872 0.1184261854850493 0.08866853149012102 0.10469302586560214 0.08451123774693184
0.11231896110573403 0.07016108697729558 0.3171399420847224 0.1109986765526525 0.09536349735857491 0.0703637861507507 0.12375524087288269 0.09989880889738724
0.10429757259117999 0.06715390325495256 0.33639913595703475 0.11181132277740014 0.08881816483753896 0.06622842931399776 0.12466128076823568 0.10063019049966013
0.08389095360526513 0.12043915766847602 0.17942323473585986 0.12625302532399602 0.09560015173381985 0.15725735980229483 0.08563248674149297 0.15150363038879522
0.13380441227508236 0.10550929023379718 0.21851282805801053 0.09868042400542826 0.12467936922107319 0.11997998604641731 0.11002130855530584 0.08881238160488543
0.13141192262917176 0.08604025595325289 0.20371189804118886 0.08230259903758505 0.15321048330972845 0.12221138092809802 0.1223483412558727 0.09876311884510205
0.14924938180876773 0.09411204121453717 0.2250799207918866 0.0940856404330449 0.14239895327340554 0.1054985183222228 0.10489846776639483 0.08467707638974041
0.09382135758709738 0.12546493192650843 0.14158098692351453 0.12285946357487236 0.11026391350955982 0.17524722358999167 0.0833307665986091 0.14743135628984683
0.10674302122060647 0.08241685300047699 0.24528547239955897 0.12190712564947302 0.1008337684175472 0.09717999867533927 0.13591734755247217 0.10971641308452573
0.12358795493275429 0.08351884779007014 0.21869491590374374 0.08477012583334831 0.14545728222999305 0.1162302367428861 0.12601648556718642 0.10172415100001796
0.11139284772586137 0.07147846393012341 0.28449294616560356 0.11511123631907849 0.10643111055225 0.07915284451491014 0.12834043810500245 0.10360011268717066
0.10557135005445865 0.06845445074277086 0.3202706904761409 0.11375280654325517 0.09345906367156642 0.06928822234256259 0.12682589028031582 0.10237752588892965
0.09616729452072839 0.13802725581791528 0.19878989706302874 0.1443160371266971 0.08323837939025563 0.1361637620420279 0.07341294062531983 0.1298844334140274
0.10505830955332196 0.08262517740147764 0.2769194342208181 0.11907950219397669 0.09064604016010547 0.08573522607945167 0.1327647584162695 0.107171551974579
0.08421042502555923 0.1253445253807689 0.1599874835957985 0.1270490088783686 0.0965114577640314 0.1682659174621896 0.08617237123924132 0.15245881065404232
0.10317723545951274 0.08211029717780675 0.25638924262718454 0.12169100685201488 0.09637427782627449 0.09505964266881832 0.1356763912215748 0.1095219061668134
0.10477136358512983 0.0715143987413469 0.30692875722380136 0.11620911681909694 0.0922135715577365 0.0742100940045591 0.1295644929311424 0.10458820513718724
0.08415336029261114 0.12205105053946655 0.16988632225066647 0.1267880158010658 0.09698751334640875 0.1619927689608228 0.08599534984767943 0.15214561896127896
0.10269102671047241 0.08118071963099521 0.26177816132461074 0.1211046943517433 0.09608060451625988 0.09314787201091326 0.13502269653843618 0.10899422491656899
0.10435238844846619 0.0711717073821242 0.3096503837619994 0.11587318867430892 0.0918954508678247 0.07358105293943021 0.1291899581189683 0.10428586980687803
0.10250564954845592 0.06785639456505911 0.33327439643264484 0.11286327896990207 0.08862654089252547 0.06746265509981866 0.12583413341868185 0.10157695107291187
0.09513607188514364 0.13760207074317976 0.2033585388120511 0.14403890651623516 0.08185185422497598 0.13510557646510923 0.07327196548869354 0.12963501586461165
0.10452536114397747 0.08239781762008196 0.27938853007130265 0.11883893899974393 0.09007048288431886 0.08532727577362852 0.13249654840717717 0.10695504509976954
0.10407364022144136 0.07075249302427519 0.3184611523627685 0.11479337580531986 0.08943767610847306 0.0711815768998388 0.1279860473530954 0.10331403822478787
0.10200522542449902 0.06749612308052014 0.337586075510146 0.11233943468944574 0.08757848978769339 0.0666390741483648 0.1252500861388298 0.10110549122050116
0.0833035496730778 0.12055172984049942 0.17977401960193512 0.12628026207973042 0.09538511908262078 0.1575180448593384 0.08565096036712151 0.15153631449567648
0.10196385884240114 0.0805721342221136 0.26716090439306056 0.12053953099436586 0.0951934236372975 0.09169198844450188 0.1343925815713303 0.10848557789492927
0.10386756600679438 0.07088947621686605 0.3123787268559418 0.11555199493663858 0.09141815746596384 0.07306543200367285 0.12883185107114778 0.1039967954429747
0.10222790815185227 0.06772133427420736 0.3346188858389737 0.11270253795610018 0.08838230879602238 0.06725982163846311 0.12565491918389077 0.10143228416049015
0.11954804062242878 0.07893054944831451 0.2563996918698102 0.08264552156900991 0.13714870007048968 0.10329475190618899 0.12285811863094609 0.0991746258828119
0.10829386011966949 0.06950152794482382 0.30424514261883945 0.11302321659357256 0.10234426452873864 0.07485864132670986 0.12601245193343089 0.10172089493421532
0.0969547423223961 0.13833631286441142 0.19295274873763377 0.14425452350375859 0.08555852419750412 0.13873242830813184 0.07338164891278155 0.1298290711533827
0.1055479269092717 0.08285993021568612 0.2737250303503687 0.11934277957765906 0.0915245510409024 0.08653298723470945 0.1330582930515094 0.10740850161989314
0.12258084227846236 0.08317482424455461 0.23103656001845382 0.08426841688634337 0.14066947585368528 0.11187711893429451 0.12527066152059405 0.10112210026361204
0.12697010997351593 0.08163102265252432 0.2090309506033599 0.08220898355094995 0.16021450780139102 0.11908446960973662 0.12220917554738231 0.09865078026113992
0.1470990101965167 0.09296058486036533 0.2275530638358693 0.09387284549769959 0.1449937878731833 0.10437392949473233 0.10466121729370388 0.08448556094792962
0.11781957803571545 0.07210808855217476 0.2877826135493359 0.11325600695307007 0.10533001004565827 0.07550130079442693 0.12627199581185572 0.10193040625776306
0.10728433393372327 0.06831911704619824 0.3216286970703703 0.11329776193375919 0.0929495637115503 0.06823399106473488 0.12631854949928076 0.10196798574038327
0.12158984779678575 0.07917363800386717 0.250724769458765 0.08279500280404291 0.1394776590123262 0.10380474703275454 0.12308033252660709 0.0993540033648515
0.12605367537531306 0.08046163406538923 0.21737673528598503 0.08173357476994375 0.15912550986868995 0.11566613244677029 0.12150244846397609 0.0980802897239325
0.1463781813224224 0.09247436103501812 0.231513082109242 0.09361617010122282 0.1443061533581877 0.10308245560129391 0.1043750433815126 0.08425455309110051
0.11738616355234349 0.0718963759136365 0.28987581282025443 0.11303564089358153 0.10498144510761201 0.07506618080759435 0.12602630410075433 0.10173207680422339
0.08723805254839416 0.12184279437085527 0.16435316626169177 0.12634056418312645 0.10081928825121844 0.16210559644075456 0.08569186092420751 0.15160867701975175
0.10385484257246283 0.08126049250357428 0.2585447842604213 0.12124695974971805 0.09746819724984172 0.09332114804887819 0.13518131184035728 0.10912226377474625
0.12226689233560192 0.08311160300873906 0.22445656676026932 0.08455547218787536 0.1438380730183561 0.11460743755755276 0.125697388506155 0.10146656662545041
0.11069050057565334 0.07122423266503876 0.2875559559774429 0.11479171662900536 0.10586543597390606 0.07857541571752487 0.12798419749532391 0.10331254496610484
0.08553222503754312 0.12172073241714694 0.16352539183938314 0.12647538697159544 0.1011234751352261 0.16406901828723916 0.08578330594595168 0.15177046436591451
0.10300585261793259 0.08469480586654843 0.25756033711696186 0.12066477028199889 0.09731231435883889 0.09363141247309474 0.13453221403082563 0.10859829325379901
0.08331993440716107 0.1296761134934438 0.15322995765009526 0.12639309189525832 0.09821849121890647 0.1717632126449107 0.08572748841591435 0.15167171027430998
0.0768070334486847 0.14202126308733487 0.11768178814950593 0.1241620653414776 0.09657314554198258 0.2095459556157174 0.08421427040552394 0.1489944784097731
0.10212103776299884 0.09053524386947008 0.2318159019611938 0.12304477274143855 0.09788951256327204 0.10666749647335494 0.137185739160977 0.11074029546729469
0.08299099726840939 0.13153078464045026 0.1447385113196449 0.12642172731258594 0.0982849943339437 0.17858000165089138 0.08574691069897135 0.15170607277510312
0.11598024165706473 0.10157319459146338 0.17402845070623177 0.08550715984114136 0.1460545870614241 0.14713563821125006 0.12711213612205494 0.10260859180936964
0.08436169776715573 0.13511281147210302 0.12375791561865611 0.12185962669035227 0.11030896733088158 0.1957148127285375 0.08265261636389111 0.14623155202842272
0.11614294436491955 0.1022086123312284 0.1637532251321231 0.08508499711864483 0.15108216565445734 0.15314149597540183 0.1264845628808511 0.10210199654237379
0.11119033583032827 0.08134861420092106 0.25404516946286276 0.11715853756592852 0.11049759691682479 0.08969403600223386 0.13062302621156507 0.10544268380933566
0.1065934531196167 0.07478950852425086 0.3043941256457791 0.11478491297770547 0.09571368249005034 0.07244128363080288 0.12797661193185966 0.10330642167993491
0.10298019799968736 0.07185335337386616 0.33006132212305017 0.11227201788022194 0.08959226071971378 0.06702111038361053 0.1251749214276504 0.10104481609219974
0.10071131942264389 0.07040827195861141 0.3427457874854905 0.11085939068893834 0.08687390599650023 0.06502792529846235 0.12359994752930885 0.0997734516200445
0.11827545250247364 0.08289294654758683 0.25938241034997467 0.08187961789889327 0.13578293910323738 0.10181154073513583 0.12171955138402642 0.09825554147867192
0.14145709354441413 0.09730174445610315 0.25138851468901385 0.09228192422215234 0.1339378088404091 0.0976917236510333 0.102887458796937 0.08305373179993711
0.11448743207587202 0.07662002142077776 0.29985242997064276 0.11121300264256014 0.10083089314663386 0.07291031989656388 0.12399419846864541 0.10009170237830413
0.1053268580704507 0.07209896317668874 0.32726269480833914 0.11190794725626678 0.09090897348149724 0.06700840082472725 0.12476900985138997 0.1007171525306401
0.12026869229899219 0.08353099259741675 0.25272460524954277 0.08213067109635219 0.13790975539449118 0.10278571922375129 0.12209275882383101 0.09855680531562264
0.10826814061444873 0.07417418105945875 0.30171280314498744 0.11236370010797106 0.10251931183752985 0.07455739286879673 0.12527714026963338 0.10112733009717394
0.08433279043027272 0.12802181449085873 0.16739374092348816 0.12513406452301262 0.09940990261274887 0.16067327017639493 0.08487353941560857 0.15016087742761514
0.10214051705926017 0.08829923546352723 0.2592079528174228 0.11988404327221493 0.09639314385026093 0.09251770691419409 0.1336617616781262 0.10789563894499345
0.10383428756201256 0.07639824574465562 0.3077139577834491 0.11511838438436185 0.0917848601939232 0.07319531072131617 0.12834840766435568 0.10360654594592568
0.10204894582120055 0.07215000515781186 0.33186785481632713 0.11222554161353822 0.08842852365398908 0.06715303762627277 0.1251231038586762 0.10100298745218439
0.100361395588796 0.07042753569149818 0.34366912971047714 0.11079120161495687 0.08649624484926476 0.06501848929098966 0.12352392180055638 0.09971208145346118
0.09930106441490821 0.06967397264390232 0.34939799779694697 0.11010660596548395 0.08548772993963796 0.06417603512956345 0.12276064874062166 0.09909594536893554
0.09331920611408522 0.14364251778375103 0.20807116768000972 0.14215735856403774 0.08033653687926785 0.13221676004516036 0.07231483022605399 0.12794162270763396
0.07912614747534591 0.1514613829532587 0.13482371475899954 0.12331513280695879 0.09103421969697303 0.18862141373191546 0.08363982920819814 0.14797815936835051
0.10183084314708003 0.09481225547266364 0.2410311059573446 0.12154706089103255 0.0952245249393019 0.10064595257333245 0.13551590221731538 0.1093923548019293
0.10463092280770052 0.07847318085166734 0.2984827743139971 0.11623530266846399 0.09224386351228407 0.07572849524525056 0.12959368819901879 0.10461177240161758
0.08358190832331013 0.1300066235477156 0.16642602645523355 0.12568757449689819 0.09647906147335865 0.16174475273539693 0.08524896357180921 0.1508250893962778
0.13293803503098164 0.11577051178939118 0.21081092317508357 0.0977849873614678 0.12463075211288556 0.12103533838394906 0.10902296352092007 0.08800648862532101
0.148930425901676 0.10752658069692199 0.22769198858708106 0.09304790272206245 0.13082593967169176 0.10449258230894837 0.10374146766176216 0.0837431124498562
0.15425984350886363 0.10405197891465869 0.23464960646041488 0.09181275379539942 0.1318890740542365 0.09834089606674153 0.1023643687838259 0.08263147841585947
0.11928990490728422 0.07852036479080311 0.2907112679557536 0.11183737068234494 0.10081527787799126 0.07348185793333696 0.1246903222383756 0.10065363361411042
0.10722561236406199 0.07277381138027704 0.3225941300521016 0.11236301896807051 0.09124536736963608 0.0673949619451137 0.1252763808494756 0.10112671707126346
0.0959002317704591 0.14544071441815493 0.1985998716208969 0.14274268829276854 0.0820935646648902 0.13414192485519136 0.07261258491414747 0.1284684194634917
0.07977434872442751 0.15211897465324534 0.13184145484119786 0.12335291076342092 0.09157218525810831 0.18965118032569653 0.08366545251779856 0.14802349291610511
0.10217174240326703 0.09507394235736667 0.23931666565889637 0.12169743248051618 0.09551216962284531 0.10101680292681461 0.13568355531782922 0.10952768923246456
0.10481773339630535 0.07858858077559314 0.2975885356777545 0.1163307410418789 0.09240565634217215 0.07587099096549525 0.12970009486310977 0.10469766693769102
0.10283947633350816 0.07296727434328376 0.3268718527936879 0.11283541638317326 0.08903605385080118 0.06809498283691318 0.12580306871377672 0.10155187474485593
0.08305460390198277 0.1277503531089506 0.17566194106813948 0.12533096327977472 0.09540768454427767 0.15739021002355877 0.08500708813758634 0.15039715593572964
0.10140973892540704 0.08797073572797726 0.26386327089900946 0.11952843671889325 0.09492437383805122 0.09146256393468277 0.133265286908975 0.10757559304700393
0.12068743642584488 0.08891221945456661 0.2262323177300997 0.08379726975239848 0.14192339557503134 0.11332036769740644 0.12457026966177447 0.10055672370287819
0.0861433111176148 0.13126132122528722 0.14130127012540308 0.12248956201354384 0.10985301883749463 0.178884165420435 0.08307987684396886 0.1469874744162526
0.10363307777972948 0.08980901814627842 0.24416472464466935 0.12079338684641962 0.10039708460545868 0.09781304791376319 0.13467561190190364 0.10871404816177765
0.13876232480043843 0.10207164623987432 0.24779358963136214 0.09576271178801396 0.12364191422144824 0.0990130955370437 0.10676827717260662 0.08618644060921257
0.14982316095154183 0.10246675079570565 0.24498518129465302 0.09189265279264493 0.12906454843833312 0.09661086801059815 0.10245345020314293 0.08270338751338042
0.11741776350207146 0.07788804037032582 0.2963208753805202 0.1114241848751033 0.09962896509870106 0.07280875348762224 0.12422965089806293 0.10028176638759298
0.1416216943429446 0.09646408664219377 0.2707579108740522 0.09324275828798059 0.12073773868579125 0.08929861163155417 0.10395871707630075 0.08391848245918254
0.14995390047255466 0.10009204185143665 0.25550475772627995 0.09105494725807331 0.12701944410677282 0.09290598500518234 0.10151947104743397 0.08194945253226599
0.11691581576286406 0.07699812016516284 0.3017818577336993 0.1108294328402594 0.09856900432581134 0.07159273285227732 0.12356654676369218 0.09974648955623346
0.105974799816982 0.07209402585268068 0.32816751545619705 0.11176026542639592 0.09017855613944421 0.06663624279242769 0.12460435563211604 0.10058423888375631
0.1361692477907574 0.0943824497230787 0.28606321971103593 0.09279590315347179 0.11661194252396619 0.08700041731084383 0.10346050694872154 0.0835163128381246
0.11138307408802019 0.07505157569990135 0.3181772088654067 0.10985675120342621 0.09463267020075786 0.06954556453259922 0.12248207932680504 0.0988710760830836
0.1035630793526691 0.07120631315212651 0.3364496931064972 0.11096988497261534 0.08848478422677096 0.06573020830420052 0.12372314040976663 0.09987289647535381
0.08317192449691056 0.1269365051690678 0.1787577233532089 0.12509355481577925 0.09514921085169616 0.1559327522680476 0.08484606326635462 0.15011226577893508
0.11544243730594514 0.09990343034282616 0.18912982824611954 0.08499958062696975 0.14391015768475335 0.1382574835119747 0.12635758552904758 0.10199949675236368
0.0843485069116955 0.134677189511141 0.12872742125858017 0.12198054830589361 0.1098432950501297 0.19131174823149025 0.08273463276399742 0.14637665796707233
0.11608370273059203 0.10205039793185829 0.16601755325160789 0.08504690059321784 0.15081877810904007 0.15149845683474028 0.12642792983708206 0.10205628071186143
0.09735998136319478 0.15607549279150754 0.13987978619343008 0.14054144786875078 0.09672118830564379 0.17144197691453722 0.07149282348106017 0.12648730308187567
0.07934487327752257 0.15449854045165012 0.11236726519226786 0.12205564016230848 0.09501776309835316 0.20746358499130113 0.08278556463182662 0.14646676819477017
0.13245816571687455 0.12414980601041564 0.183595825630844 0.09869784850254149 0.1253660941080484 0.13686346080973713 0.1100407355692515 0.08882806365228733
0.11533822830831067 0.08525670643069659 0.26446538731399993 0.11555921380301966 0.101690539983172 0.08484673216964222 0.1288398995684413 0.10400329242271769
0.1073786878080942 0.0752295788619545 0.30964345570191 0.11411826828515617 0.09272913557504112 0.07096107946193232 0.12723335284927115 0.10270644145664055
0.12152526276001277 0.08468919266827703 0.24535179646454136 0.08257807408689376 0.13932734727786994 0.10467678441940705 0.12275785341872565 0.09909368890427252
0.10901251401647938 0.07466518105294849 0.2978512336838958 0.11275564266300465 0.10327185445712422 0.07524936876079173 0.12571412696905146 0.10148007839670418
0.08453571009827401 0.12823441672681354 0.1661536440495967 0.1251793172653392 0.09967475076394373 0.16110274779765632 0.08490423257996921 0.15021518071840703
0.1022572615944972 0.0883891909940575 0.25851292232615053 0.1199426930998899 0.09653597380787432 0.09268638252849866 0.13372715185913098 0.10794842378990092
0.12110501807468932 0.08909631496026404 0.22390466848074628 0.08388748021426784 0.142772808427697 0.11386436001295937 0.12470437357225488 0.1006649762571214
0.10993113759225977 0.07637443549061511 0.28663700434529865 0.11397836407788829 0.1052677062154905 0.07815345450956837 0.12707737009877992 0.10258052767009945
0.12262478243452739 0.08507979434366064 0.23502927402981033 0.08267981185959082 0.14507428248073315 0.10738718716919501 0.12290909345097381 0.09921577423150897
0.08669759965206567 0.12987636004712017 0.14426797463284638 0.12245237318053435 0.11091539240247185 0.17579279915456664 0.08305465311375373 0.14694284781664121
0.07701495923975943 0.14551551603270835 0.11412743548576554 0.12273948593647682 0.09962791757596941 0.2104379121442859 0.08324939046126253 0.14728738312377218
0.10194257489109021 0.09424780212887508 0.22901616474142117 0.12248394645840302 0.09863706861799011 0.10687643164155756 0.13656045970810005 0.11023555181256271
0.08264385133574101 0.13560446994879002 0.14345856673816745 0.12577844633177265 0.09816803240013278 0.17810189926571884 0.08531059838155014 0.15093413559812716
0.1026890126233402 0.09094950659188496 0.24598268631599676 0.1212445928788299 0.09708319344556794 0.09775220159748418 0.13517867295594915 0.10912013359094691
0.10464872948916516 0.07744903285186945 0.30097519340635315 0.11591657505704138 0.09256873859169122 0.07487848235461737 0.12923833069792523 0.10432491755133724
0.13692120253694787 0.09687188943025546 0.27397164350218994 0.0939169244980802 0.11867251056994457 0.09041023532465917 0.10471036208965062 0.08452523204827218
0.09020845370778682 0.1339107850739347 0.15676436557231346 0.12172000595686608 0.10262373531108364 0.16615073014598866 0.08255791708378743 0.14606400714823928
0.07799273706073426 0.1471918140910652 0.11817707438978417 0.12287901036054395 0.0972944241902581 0.20566610305650543 0.08334402441845591 0.14745481243265274
0.07427704998412979 0.15062011239147566 0.10519429728349892 0.12186537500950183 0.09482510131906077 0.22432309877709478 0.08265651522383602 0.14623845001140218
0.10141054986532375 0.09578833191148585 0.22385342338897954 0.12293455084334792 0.09755894916398868 0.11075024909774046 0.13706284997012075 0.11064109575901314
0.12167352151559192 0.09162749470624991 0.20911211261414267 0.08465102708119984 0.1442850940964641 0.12123008021596396 0.12583943727294783 0.10158123249743982
0.11083852569340515 0.07744437033284159 0.2787786795160822 0.1148027711161037 0.1063987699353047 0.08041786697829276 0.1279965224234768 0.10332249400449332
0.09719213562948802 0.14787745089723264 0.18284008588958517 0.1433075977097921 0.08630463718654288 0.140601302870087 0.07289995187845946 0.12897683793881287
