Action: 0
[0.10909830518134828, 0.13781706048954945, 0.22690513669162052, 0.09177726529367125, 0.09202902494963097, 0.158818676806837, 0.09177726529367125, 0.09177726529367125]
[0.1753465548627885, 0.09229782010442449, 0.19173546655081483, 0.09229782010442449, 0.13446664369920067, 0.129260054469498, 0.09229782010442449, 0.09229782010442449]
[0.13185319061863468, 0.23034599759700533, 0.17158014730671792, 0.09309181723480067, 0.09385255229552263, 0.09309266047771746, 0.09309181723480067, 0.09309181723480067]
[0.125, 0.125, 0.125, 0.125, 0.125, 0.125, 0.125, 0.125]
[0.23744893351432578, 0.09379437429163308, 0.11643775794940962, 0.09379437426186708, 0.17714140447517085, 0.0937944069838594, 0.09379437426186708, 0.09379437426186708]
[0.1270483183030574, 0.09713171862390992, 0.28986293093240945, 0.09713171862383727, 0.09717139239378428, 0.09739048387532716, 0.09713171862383727, 0.09713171862383727]
[0.125, 0.125, 0.125, 0.125, 0.125, 0.125, 0.125, 0.125]
[0.125, 0.125, 0.125, 0.125, 0.125, 0.125, 0.125, 0.125]

Action: 1
[0.0977510583832489, 0.09763091488209187, 0.09758334898222012, 0.09758334898222012, 0.12111623327384824, 0.2931683975319305, 0.09758334898222012, 0.09758334898222012]
[0.09665657420968253, 0.09665657420968253, 0.09665657420968253, 0.09665657420968253, 0.23390236472708043, 0.18615819001482445, 0.09665657420968253, 0.09665657420968253]
[0.1204495805960263, 0.10425443009452069, 0.09171673001953083, 0.09171673001953083, 0.2318910333909203, 0.1765380358404094, 0.09171673001953083, 0.09171673001953083]
[0.125, 0.125, 0.125, 0.125, 0.125, 0.125, 0.125, 0.125]
[0.09683907220823505, 0.09683747671951141, 0.09683747671951141, 0.09683747671951141, 0.2592823004762172, 0.15969124371799062, 0.09683747671951141, 0.09683747671951141]
[0.11868024252599996, 0.09573711991756922, 0.09573711991756922, 0.09573711991756922, 0.11178543509119428, 0.2908487227949596, 0.09573711991756922, 0.09573711991756922]
[0.125, 0.125, 0.125, 0.125, 0.125, 0.125, 0.125, 0.125]
[0.125, 0.125, 0.125, 0.125, 0.125, 0.125, 0.125, 0.125]

