Action: 0
[0.11492826485356666, 0.09994180426790303, 0.2808292547344678, 0.09994180426768767, 0.10453345880516045, 0.09994180453583898, 0.09994180426768767, 0.09994180426768767]
[0.20470386217154288, 0.10235193108577144, 0.18118455131382846, 0.10235193108577144, 0.10235193108577144, 0.10235193108577144, 0.10235193108577144, 0.10235193108577144]
[0.11092509390034218, 0.10110599892798099, 0.2823858671235165, 0.10110599892798099, 0.10115904433623642, 0.10110599892798099, 0.10110599892798099, 0.10110599892798099]
[0.125, 0.125, 0.125, 0.125, 0.125, 0.125, 0.125, 0.125]
[0.1050499733344703, 0.09758585401384458, 0.2776464003932736, 0.09758583836257244, 0.11000281339078585, 0.11695744377990834, 0.09758583836257244, 0.09758583836257244]
[0.11738495510483898, 0.0968360986383106, 0.2312271289792965, 0.0968360986383106, 0.16720742272431155, 0.0968360986383106, 0.0968360986383106, 0.0968360986383106]
[0.125, 0.125, 0.125, 0.125, 0.125, 0.125, 0.125, 0.125]
[0.125, 0.125, 0.125, 0.125, 0.125, 0.125, 0.125, 0.125]

Action: 1
[0.10095943313384274, 0.11462171535189682, 0.10035025802234296, 0.10035025802234296, 0.10180923657920192, 0.28120858284568667, 0.10035025802234296, 0.10035025802234296]
[0.1111111111111111, 0.1111111111111111, 0.1111111111111111, 0.1111111111111111, 0.1111111111111111, 0.2222222222222222, 0.1111111111111111, 0.1111111111111111]
[0.10195970431257681, 0.10195798551903665, 0.10195798551903665, 0.10195798551903665, 0.18147787750628383, 0.2067724905859562, 0.10195798551903665, 0.10195798551903665]
[0.125, 0.125, 0.125, 0.125, 0.125, 0.125, 0.125, 0.125]
[0.09803137308133393, 0.1317718370833836, 0.09779429164758434, 0.09779429164758434, 0.1724747066864513, 0.20654491655849372, 0.09779429164758434, 0.09779429164758434]
[0.1019745867880667, 0.1019745867880667, 0.1019745867880667, 0.1019745867880667, 0.10470835980096313, 0.28344411947063664, 0.1019745867880667, 0.1019745867880667]
[0.125, 0.125, 0.125, 0.125, 0.125, 0.125, 0.125, 0.125]
[0.125, 0.125, 0.125, 0.125, 0.125, 0.125, 0.125, 0.125]

