0.125 0.125 0.125 0.125 0.125 0.125 0.125 0.125
0.07295173961840629 0.12906846240179573 0.09118967452300786 0.16133557800224466 0.08754208754208755 0.15488215488215487 0.10942760942760943 0.19360269360269358
0.13585418317672365 0.10698516925166988 0.16302501981206838 0.12838220310200385 0.11843698020534885 0.0932691219117122 0.14212437624641858 0.11192294629405465
0.0732649370550191 0.10877172100293205 0.0587367293415833 0.09789454890263884 0.13052606520351845 0.2175434420058641 0.1174734586831666 0.19578909780527767
0.11768905114480971 0.08689034650250951 0.13240433752763353 0.1042684158030114 0.15429397423059277 0.10861293312813688 0.16550542190954193 0.13033551975376426
0.11964608502938144 0.08493529791954095 0.12942521587739575 0.10192235750344915 0.1687174545447504 0.1061691223994262 0.1617815198467447 0.12740294687931145
0.08087734828055518 0.12115727794687317 0.08723324012174868 0.1453887335362478 0.12311933560848817 0.15144659743359146 0.10904155015218586 0.18173591692030974
0.07886142288518082 0.1222497346101561 0.0880198089193124 0.14669968153218735 0.11795782072609341 0.15281216826269514 0.11002476114914052 0.18337460191523416
0.05289663160912368 0.09358634823152653 0.0661207895114046 0.11698293528940816 0.11703314929385848 0.18717269646305307 0.1322415790228092 0.23396587057881632
0.09502805458167318 0.07670939345749524 0.19005610916334637 0.15341878691499047 0.09473364488037342 0.08092660453161818 0.17105049824701174 0.13807690822349142
0.07932792061968212 0.12145980746411264 0.0874510613741611 0.14575176895693517 0.11123405599785555 0.16327184767338312 0.10931382671770139 0.18218971119616895
0.0770928086599689 0.11952534256409479 0.08605824664614824 0.14343041107691373 0.11456710071795952 0.17246526818108743 0.1075728083076853 0.17928801384614215
0.11883734614140634 0.08289407248408878 0.12631477711861147 0.09947288698090655 0.16958769450867972 0.12065864264190956 0.15789347139826437 0.12434110872613317
0.0846758600797351 0.11730011846114681 0.0844560852920257 0.14076014215337615 0.1274246515414699 0.1638628581654939 0.10557010661503212 0.17595017769172017
0.07007623101276635 0.12398102409950972 0.09445775187631487 0.15497628012438713 0.09403118835429365 0.17139164186431424 0.10511434651914954 0.18597153614926454
0.1169954845423158 0.08239589547367869 0.12555565024560564 0.09887507456841443 0.16287311036684066 0.13276637878561967 0.15694456280700703 0.12359384321051803
0.08330951128138131 0.11548157533529878 0.0831467342414151 0.13857789040235852 0.1248296080266886 0.17749889990814066 0.10393341780176889 0.17322236300294813
0.11766468088156451 0.08109462693652916 0.12357276485566349 0.097313552323835 0.17207428156970722 0.13217219695832758 0.15446595606957933 0.12164194040479374
0.068902174016876 0.12190384633754983 0.09617722242762076 0.1523798079219373 0.09611672503011214 0.17831119373426518 0.10335326102531402 0.18285576950632473
0.10548058718073694 0.074398160850258 0.1889477100958933 0.148796321700516 0.10351826892965754 0.08441543634350444 0.1647236446989839 0.12971987020044984
0.05062797336181837 0.08957256825552481 0.07456385352568753 0.11196571031940603 0.11860015180826551 0.20416838868593976 0.12656993340454592 0.22393142063881205
0.09152791136409985 0.07388397664330952 0.19620851354110055 0.14776795328661904 0.10342497888410365 0.08944526786743034 0.16475024045537973 0.13299115795795713
0.1058623028529675 0.07207552623695454 0.21809062255633077 0.14415105247390908 0.10211464447278634 0.07245456238460743 0.159581140711857 0.1256701483105874
0.08161195367437353 0.14439037957773782 0.09750633855267687 0.1258787924523868 0.11958613457620433 0.19459319099518127 0.08537865922857539 0.15105455094286416
0.11847615692183888 0.09563737968389403 0.17284528950153205 0.11954672460486755 0.13783521759461825 0.11478150301179979 0.13328567653706874 0.10759205214438078
0.1288525709047275 0.09303463290388789 0.1875750219362772 0.11629329112985987 0.139397765207287 0.10052441489510863 0.1296583410059781 0.10466396201687386
0.10784644044700564 0.06908045082319748 0.23403637228303387 0.13816090164639497 0.10647494541251906 0.07100312634154354 0.15294979750842258 0.1204479655378828
0.06965366422007914 0.10364650872960376 0.07201683812758217 0.09035849478991097 0.14837915427945247 0.23308396485886762 0.10214438541468197 0.18071698957982194
0.07219998113003888 0.11360704184734874 0.09058871292582672 0.14200880230918594 0.106209379133109 0.2086565061433242 0.09631901374014351 0.17041056277102312
0.10170631543809307 0.07109994864392725 0.21709971024331096 0.1421998972878545 0.10185974092876997 0.08464411451805719 0.15742113171467814 0.12396914122530907
0.08123199659653468 0.11694681561839304 0.114301770439319 0.1461835195229913 0.09969271039741771 0.16707240292998657 0.09915056106776803 0.17542022342758956
0.10373460882470771 0.07083967686167982 0.21079137385521132 0.14167935372335963 0.09985118983747807 0.08763047223109272 0.1579619063154472 0.12751141835102367
0.1381567408041015 0.09017308681889973 0.2068169896373748 0.11271635852362465 0.12763321903451627 0.09738855442492603 0.12567032808529494 0.10144472267126217
0.12058389449415825 0.07588772921993718 0.17775870258169288 0.09106527506392462 0.16465987204870539 0.11166487710465263 0.14454805565702322 0.11383159382990576
0.08415835749156207 0.11303097382006028 0.11320263417528753 0.14128871727507533 0.11172913418532 0.1712131140838575 0.09583060823874676 0.1695464607300904
0.10549037660999139 0.06980271840221888 0.2280644612859919 0.13960543680443777 0.10146062506341995 0.07932012064420624 0.15454895730894208 0.1217073038807919
0.08279169663284762 0.11515979976851945 0.1240644813083892 0.1439497497106493 0.10024266593285762 0.1634164245815172 0.09763548241244041 0.17273969965277916
0.11822285803732584 0.0787543201259972 0.1564990588707943 0.0984429001574965 0.14959745040683828 0.13400994929185583 0.14634198292069628 0.1181314801889958
0.12238122379670677 0.07555020944492315 0.164800788743113 0.09066025133390777 0.17178889765395686 0.1175881540125352 0.14390516084747265 0.11332531416738471
0.08392677113139033 0.11211050149311552 0.11010143266294832 0.1401381268663944 0.11403378756051685 0.17647342025831994 0.09505020778764142 0.16816575223967328
0.08185974961531162 0.11241826980151802 0.1048858665407456 0.1349019237618216 0.11140215949214338 0.18472818326481652 0.10117644282136622 0.168627404702277
0.11756297281425321 0.07839224879269732 0.15062819743104286 0.09799031099087165 0.1533948838720171 0.13877383418334327 0.1456691787267286 0.117588373189046
0.11104640400634343 0.06669700879565775 0.24067195617367643 0.1333940175913155 0.10701649381028806 0.07720923825154419 0.14767266090695083 0.1162922204642238
0.08569112873762857 0.11047055696566058 0.13422695415116748 0.1325646683587927 0.1087331740705182 0.1631841809986472 0.09942350126909451 0.16570583544849085
0.09277864373934366 0.13445227396724257 0.08671123609647101 0.11721480294580124 0.11948245587645281 0.22920060966779268 0.07950221417193475 0.14065776353496148
0.10823550945349064 0.06853012823660322 0.21700379863406272 0.13706025647320644 0.10222830597194393 0.09572223445302527 0.1517313380574365 0.11948842872023126
0.10557346015864674 0.13692705180732895 0.12029622180482119 0.12323434662659605 0.13329805579968054 0.21430449585702185 0.09242575996994705 0.07394060797595764
0.08190554893089444 0.1063771648585409 0.1037113061127863 0.12765259783024907 0.1113673195286694 0.2136808670783618 0.09573944837268682 0.15956574728781134
0.07652824587890067 0.11157894682662713 0.09785296433227057 0.1394736835332839 0.09999301311304891 0.21260518420117883 0.0945995418747491 0.1673684202399407
0.07831630681053521 0.10884784207611606 0.10026607658159775 0.13061741049133926 0.10518529848981312 0.21553224456792014 0.09796305786850446 0.1632717631141741
0.07591846005299697 0.11158398405060273 0.09719224717060804 0.13947998006325343 0.0986062744292081 0.21523926559278522 0.09460381256464145 0.1673759760759041
0.10275644657049521 0.06930424896921661 0.2103397416719463 0.13860849793843322 0.09913911316397857 0.10056617225774375 0.15453813128359642 0.12474764814458988
0.10615803016104185 0.06582057160527365 0.2685598117464128 0.1316411432105473 0.09392927716768108 0.07339493562891258 0.1457321569119612 0.11476407356816945
0.08177115114124979 0.11303093636049412 0.1364130678431207 0.14128867045061766 0.09768337393348248 0.16443581925074455 0.09583057647954937 0.16954640454074119
0.10463650601202878 0.06796099644113605 0.24012337225200928 0.1359219928822721 0.09641822122070248 0.08597158136132332 0.15047123347162397 0.11849609635890389
0.08152777400012384 0.11315197476034544 0.13035123979879926 0.1414399684504318 0.09825454388619716 0.16961334097111763 0.09593319599246679 0.16972796214051813
0.10478057545210114 0.06809168708385249 0.23775871023623615 0.13618337416770498 0.09672485587663063 0.08697623666113762 0.15076059329920943 0.11872396722312745
0.07153631646785918 0.09925979565068445 0.07944007676131658 0.08653418082367363 0.143790307642871 0.2485497131186169 0.09782124788763107 0.17306836164734726
0.10063835668033712 0.06825099716571051 0.20483184603114227 0.13650199433142102 0.10835661363457376 0.10637886029499695 0.15218953696353954 0.1228517948982789
0.10356229264284932 0.06608645374995575 0.25695721743573086 0.1321729074999115 0.09698377757686409 0.07791880613218023 0.1473629282125879 0.11895561674992036
0.08101605213044004 0.11245738095437188 0.13809930404183493 0.14057172619296485 0.09801638476511172 0.16580877923979492 0.09534430124392398 0.1686860714315578
0.10434080293264127 0.0678650249796055 0.24099334060257058 0.135730049959211 0.09637891740750182 0.08610435784997829 0.1502587447655897 0.11832876150290192
0.09805640739670672 0.13429576487228073 0.11194936688569662 0.11707835911942424 0.11686866325067717 0.20184773786829585 0.07940966966360948 0.1404940309433091
0.13940558120325056 0.08828404422663402 0.18070538850617368 0.11035505528329255 0.13226490790957898 0.12662782192712266 0.12303765118898435 0.09931954975496328
0.08769658736328385 0.11017188640417921 0.11903632856537086 0.137714858005224 0.104342762344233 0.1823731483687665 0.09340659934267369 0.16525782960626884
0.1051019569455911 0.06792109330965512 0.2251853227273126 0.13584218661931025 0.09870747447509562 0.09353009736173844 0.15145390060391753 0.12225796795737923
0.1052088651537958 0.0652414552346857 0.26746072157543876 0.1304829104693714 0.09384382086763615 0.07484889963392079 0.14547870764271703 0.11743461942243426
0.09499141787792442 0.12885356444675913 0.16277853725983552 0.1610669555584489 0.0837616884743858 0.1416535163785704 0.08193406000147184 0.144960260002604
0.08246342126423752 0.11020425170834272 0.11661964461744218 0.13224510205001125 0.10263185741498902 0.19134551884495477 0.09918382653750846 0.16530637756251407
0.07778828221784759 0.11121667799820978 0.1051233674640409 0.13902084749776222 0.09797417959821142 0.2077592273150877 0.0942924009115257 0.16682501699731467
0.10345273294317475 0.0682466086094537 0.22050385822902444 0.1364932172189074 0.0977613721529395 0.09851856421138819 0.15217975113809526 0.12284389549701664
0.10520261396876296 0.06528139331933332 0.26639757261854613 0.13056278663866663 0.09370730083773879 0.07577406103157923 0.14556776361057308 0.11750650797479995
0.08274296383718412 0.11189000894021982 0.14142105272736932 0.1398625111752748 0.09696591543767524 0.16441926602263024 0.0948632684493168 0.16783501341032972
0.10456060097733005 0.0677451740224169 0.24233022060750828 0.1354903480448338 0.09600821293284553 0.0857522679189393 0.1499933848929377 0.11811979060318846
0.07274664978758766 0.0986196519551896 0.08331133372076126 0.0859761068327294 0.14306844864122725 0.24713521376004768 0.09719038163699845 0.1719522136654588
0.10177310842892738 0.06769015662943316 0.20917785924028137 0.13538031325886632 0.1075471167444737 0.10565021748985451 0.15093894627518378 0.1218422819329797
0.10505200426037992 0.06540911155288034 0.261904231295927 0.1308182231057607 0.09603458767667582 0.07719288510423156 0.14585255620896004 0.11773640079518463
0.1039295159322551 0.06414747854374732 0.28230503366821175 0.12829495708749464 0.09187675341175937 0.07094149707575895 0.1430393029020276 0.1154654613787452
0.10292041697000072 0.06363551952207364 0.2900440014549965 0.12727103904414727 0.09033326553091729 0.06935411164264253 0.14189771069548957 0.11454393513973254
0.0821993747839321 0.11161073151674475 0.1469772174984118 0.13951341439593096 0.09606406293582771 0.1615926118298388 0.09462648976419664 0.1674160972751171
0.14065653979505294 0.0912292655261271 0.1980837015007008 0.10947511863135254 0.12904202994376285 0.1148800410679465 0.12119345652310902 0.09543984701194835
0.08841663736668562 0.11005440846664821 0.12415556557012375 0.13756801058331028 0.10365688244835078 0.1777598843823159 0.09330699848259306 0.16508161269997232
0.1383168431909675 0.08887123313408862 0.18743236776600133 0.11108904141761079 0.1290272747222256 0.12142711153959172 0.12385599095366455 0.0999801372758497
0.11356478552997233 0.0648028165896568 0.2510088720344258 0.1296056331793136 0.10026832150171869 0.07960389237077353 0.14450060893275707 0.11664506986138223
0.14165969052031177 0.08556463755088516 0.2312902118934139 0.10695579693860643 0.12380894072656858 0.09521277331481322 0.11924773181065523 0.09626021724474579
0.11265890036852522 0.06369218146540376 0.26817588970661727 0.12738436293080752 0.09759566361695628 0.07382301690185397 0.14202405837210927 0.11464592663772676
0.1055022019714676 0.06378323019137883 0.2842952550519318 0.12756646038275765 0.09178874021405241 0.07002721440225816 0.1422270834416716 0.1148098143444819
0.1034018042796991 0.06353009377617062 0.2906963831149902 0.12706018755234125 0.09019465267185543 0.0691000827905245 0.1416626270173118 0.11435416879710714
0.0824681320764486 0.11156493406086913 0.1471213236248412 0.13945616757608642 0.09601052429397086 0.16144385579009107 0.09458766148638907 0.1673474010913037
0.1052071647279279 0.06751372408385857 0.24450354427709148 0.13502744816771714 0.09551776248901836 0.08503318368969771 0.14948093570052526 0.11771623686416366
0.08297758731809503 0.11202302941016308 0.13633509453160592 0.14002878676270383 0.0974269531109817 0.16819795807737195 0.09497604667383391 0.16803454411524457
0.08071589382587425 0.10951632683526259 0.10995597167434341 0.1314195922023151 0.10528722240545493 0.2002658086521193 0.09856469415173634 0.16427449025289387
0.07742885924438664 0.11089888971334459 0.10349676974495096 0.13862361214168076 0.09833040693138168 0.2108501559407507 0.09402297171348782 0.1663483345700169
0.11683953089323029 0.07698134605697157 0.15513378767450378 0.09622668257121446 0.14720451538586365 0.14909469170450573 0.14304742662825312 0.11547201908545734
0.10972945037902122 0.06561278534620407 0.2381543024597745 0.13122557069240814 0.10542860285259127 0.0854395562778352 0.1463067183689983 0.11810301362316732
0.10597691430667587 0.06455936718635201 0.27288587926486085 0.12911873437270402 0.09447472613506991 0.0728197646997844 0.14395775309911923 0.11620686093543361
0.13891965518232807 0.08528746704688708 0.2392062330045415 0.10660933380860886 0.12179336835893893 0.0933740908947822 0.11886145127616538 0.09594840042774797
0.11177608544267001 0.06353181503901983 0.2713373367129044 0.12706363007803967 0.0969351020667143 0.07333229841385537 0.14166646517656065 0.1143572670702357
0.10520958677643026 0.06370813037764453 0.28550975289715996 0.12741626075528906 0.09155217659480067 0.06986983585294368 0.14205962206597156 0.11467463467976016
0.09522635450028927 0.12827860980281358 0.16772860512817014 0.16034826225351698 0.0830533998930261 0.13948286855201208 0.08156846384200647 0.14431343602816527
0.10742164360703028 0.06700341633070855 0.25289425612669897 0.1340068326614171 0.09202857549597304 0.08146773389790764 0.14835107238056752 0.11682646949969694
0.07354762897677121 0.0987392081970199 0.08506597264432292 0.08608033535124812 0.14201388074877686 0.2450840981996929 0.09730820517967179 0.17216067070249624
0.08758618575235665 0.1271648561389657 0.11256161693179208 0.1589560701737071 0.0919921355263878 0.19781841053643812 0.08086026178401623 0.1430604631563364
0.13867433155080558 0.08919417974774717 0.1833906684237845 0.11149272468468398 0.12608271480686672 0.12651586089906236 0.12430606767083421 0.10034345221621556
0.08812940273911062 0.11006269886922043 0.12061081534124142 0.13757837358652555 0.1029299897513504 0.1822806441065557 0.09331402730216516 0.16509404830383065
0.11951454187505797 0.07675056996978658 0.16065219302675904 0.09593821246223322 0.14834192813275957 0.1410581031423292 0.14261859643639446 0.11512585495467986
0.1101629033188072 0.0654639890032505 0.24033770241199987 0.130927978006501 0.10545688603383743 0.08384043628713207 0.14597492473262125 0.11783518020585089
0.08381745584537978 0.11177402252744537 0.13526175416526537 0.13971752815930671 0.09952327157162251 0.1674800017969781 0.09476493214283412 0.16766103379116803
0.1033763246687311 0.07483820878883486 0.2319182289511007 0.13380178818825683 0.09649611530474815 0.08996871610706439 0.14917900862183262 0.12042160936943117
0.1045529831052929 0.06971419540668246 0.2702748187137879 0.12908853834398012 0.09262481740898937 0.07364087573115809 0.1439240867805271 0.11617968450958212
0.0944892849848395 0.13686934057288805 0.16275817499441833 0.1591350967899901 0.08272706883842981 0.1398481148631004 0.0809513318453428 0.1432215871109911
0.12160909932249725 0.07600698593604487 0.1703505471449034 0.09120838312325386 0.14951089791559838 0.13252839634688274 0.14477521130675214 0.1140104789040673
0.08415664392619639 0.11777669282260786 0.11656308130445599 0.13594113883313394 0.10723446299412313 0.18299505848507464 0.09220355503464739 0.16312936659976074
0.13489977536127082 0.10633218965545971 0.18169385775165026 0.10872353549763115 0.12811044630852847 0.12117038509441189 0.1212186283831798 0.09785118194786802
0.11205032948559542 0.0771300394802719 0.24687779768329088 0.12789905466169058 0.09935826763582258 0.0789774606155938 0.14259790124221325 0.11510914919552152
0.10543965840164916 0.0729488765354323 0.27499611471960966 0.1272158469561579 0.09217972337326691 0.07088934211714797 0.14183617563619394 0.11449426226054209
0.1203420980858729 0.0839188083410372 0.20887575908474248 0.09209053018287652 0.14002261303099742 0.10734279675331272 0.136898758301709 0.11050863621945183
0.10773401623431353 0.07383434729401032 0.25821258623717225 0.12703238575207051 0.10123654783781823 0.07598933938298048 0.14163163008477114 0.11432914717686345
0.10402097415440333 0.07226432635579241 0.2794103150784377 0.12669277188848063 0.09223238653285626 0.07010274531921042 0.14125298597118657 0.11402349469963256
0.10252314773434995 0.07163816504850193 0.28776930422418157 0.12591619919669136 0.08976901067804827 0.0686724284681772 0.14038716537302753 0.11332457927702225
0.10189387149805387 0.07136151105386132 0.29098834250725314 0.1255470661823742 0.08900303930545041 0.06823820027956626 0.13997560960930377 0.1129923595641368
0.10163589900244825 0.071247530946315 0.2922190189851901 0.12539790505720919 0.08874389735955814 0.06808832801161913 0.139809306086172 0.11285811455148827
0.11897785610987074 0.08343640404265995 0.21436074016305226 0.09179723655910314 0.1385112817701115 0.10629703985313409 0.13646275763114438 0.11015668387092377
0.10722149767482775 0.07364445517793164 0.26043143934152707 0.12679901760020817 0.10073735133583978 0.07567568101849978 0.14137144201097837 0.11411911584018739
0.10382364640946945 0.07218596975717759 0.2802735132984842 0.12659101601642733 0.09205814269437344 0.06999626164171424 0.141139535767569 0.1139319144147846
0.1024470329936799 0.07160685501966324 0.28810070747957567 0.1258757655812802 0.08970570006483014 0.06863366492854067 0.14034208490927805 0.11328818902315217
0.10186469709499096 0.07134930244983322 0.2911149567859136 0.1255314225545497 0.08897950589764411 0.06822366678625927 0.13995816813171436 0.11297828029909472
0.08116370755985865 0.12470700704973697 0.14588887997474873 0.13718265841329744 0.09449217213416108 0.15890075558756903 0.09304562918467131 0.16461919009595694
0.13357207742446678 0.10718140947837854 0.19294859415975377 0.10847788420786858 0.1240672494746003 0.11517794394056996 0.12094474552728032 0.0976300957870817
0.11136016121590815 0.07697985112145228 0.25152949254856194 0.12747239446232156 0.098148938221874 0.07766180045356261 0.14212220696023017 0.11472515501608942
0.10511675889331347 0.07281594755689083 0.27681471611074604 0.1270074602455165 0.09178119256648784 0.07055337040100468 0.14160384000507584 0.11430671422096485
0.08183214428453646 0.12513075187130723 0.1425740061248728 0.13734180466609822 0.09519496953198656 0.15996258606139693 0.09315357186048401 0.16481016559931785
0.07654539703671753 0.13449141241708062 0.10963060886676064 0.1360362115433711 0.09480042326957956 0.19298445388068036 0.09226803913376475 0.16324345385204528
0.1018516221956212 0.08387974462333367 0.22008792784838616 0.13383565080597953 0.09573457749725428 0.09494162839051104 0.1492167629135324 0.12045208572538157
0.1042593033758707 0.07471284796604345 0.2650913223498723 0.12898375950967964 0.09251630811054366 0.07454380892968052 0.14380726619959805 0.11608538355871169
0.10314096692136412 0.07235034778011927 0.2823826961970751 0.12669454381833667 0.09032649552052006 0.06982489878533929 0.14125496154074252 0.114025089436503
0.10223887338748075 0.07159464059724968 0.28895259607650264 0.12582174679886451 0.08929730279589815 0.06857341022688933 0.14028185799813697 0.11323957211897807
0.08124565168008696 0.12478152061198848 0.14538969698069923 0.13721404702524018 0.09457818176570976 0.15906712665408526 0.09306691885190202 0.16465685643028818
0.10184482519884336 0.08171585288607365 0.2350962258485408 0.1323129242418636 0.09459793617969323 0.08783156739645412 0.14751903643085393 0.11908163181767725
0.10370501770275459 0.07403956868221849 0.27092724839405347 0.12823944687025512 0.09178009248521979 0.07291571052990979 0.14297741315235907 0.11541550218322962
0.13699726133910622 0.09610361159971995 0.23706304698997385 0.10528679009844126 0.11991829362582417 0.09248597152171699 0.11738691373662033 0.09475811108859712
0.11048519514276225 0.07440650091507735 0.26896071581749204 0.12533745630668205 0.0957508732701088 0.07251363763142853 0.13974191024043506 0.11280371067601386
0.1042621774357445 0.07203221362196971 0.28349337294678517 0.12613610892628432 0.09069939878044365 0.06922188194476704 0.14063234831034982 0.11352249803365588
0.08164174695618469 0.12490413461461865 0.14412311806569622 0.13725493515265838 0.0949139093945591 0.1593615819643334 0.09309465166875959 0.16470592218319005
0.1019804292234643 0.0817621450133633 0.2345634608842776 0.1323646359510825 0.09470764559682365 0.08791681984746424 0.1475766911275502 0.11912817235597424
0.10375540955455059 0.07405856775673834 0.27071732439835083 0.12826372945211473 0.09181969617830299 0.0729434297340397 0.14300448641899957 0.11543735650690326
0.081602777643092 0.1254542877423374 0.14114076878639628 0.1374382218564197 0.095237472204961 0.1609816376712574 0.09321896786783251 0.16492586622770364
0.10207614255406486 0.08191530909449807 0.23333687273238313 0.13250829329466113 0.09487609569718916 0.08829296431706564 0.14773685834494307 0.11925746396519502
0.12038546646643987 0.08593299517313052 0.19584408387538263 0.09299726737822837 0.14207384178018548 0.11292294042990016 0.13824668404285892 0.11159672085387404
0.10822950122025822 0.07442996749346466 0.2530122107942924 0.12765751073476186 0.10213432653400704 0.07731612577257609 0.1423285977893539 0.11489175966128568
0.08237868710742001 0.12542612911461917 0.13690194650044799 0.1373113908415794 0.09748323356972478 0.16259200050289443 0.09313294335341907 0.16477366900989524
0.07610027188627748 0.1406463660197352 0.10763831989575029 0.13485020999634184 0.09464813639897372 0.19283282311414018 0.09146362069317099 0.16182025199561018
0.10132111807204364 0.08921457566818537 0.21831775548317167 0.13304572754207852 0.09533751687722611 0.09468609414564398 0.1483360574237801 0.1197411547878707
0.12009203903997409 0.09032568986627229 0.19064915444894157 0.09284090686639473 0.1421203218743777 0.114548556024173 0.13801424364019277 0.11140908823967367
0.10806691330873229 0.07792762840148205 0.2504238922104635 0.1273568435204237 0.10207769827521185 0.0775324888320866 0.14199337628321868 0.11462115916838134
0.08200531778528741 0.13003634830517347 0.1358523253688394 0.13657242484750604 0.09705958715419899 0.16195535508628775 0.09263173163569975 0.16388690981700724
0.10189328467933816 0.08673666693798018 0.23029418828531376 0.13191518570089417 0.09503883105312744 0.08832258857288787 0.14707558763965364 0.11872366713080475
0.13728440122522842 0.10260227795856491 0.22244911217195412 0.10595548722572867 0.12160172902550892 0.09661459275908411 0.11813246113077511 0.0953599385031558
0.12750453703856957 0.09065429096230891 0.18892899121515033 0.0902072020874531 0.14778189751766044 0.11257537407823745 0.13409906459567655 0.10824864250494372
0.09731356526017289 0.15132482666743374 0.1382114633046771 0.15436023628098858 0.09152051689714079 0.14982279787202044 0.07852238106467681 0.13892421265288973
0.13744395939184872 0.11728351559464689 0.1882551039218527 0.10708942551544183 0.12202186444445569 0.11212893046631166 0.11939671770154485 0.09638048296389763
0.1281400045774667 0.0937488072517194 0.17785562070095173 0.09069138190278288 0.14861624565637083 0.11729945121666499 0.1348188304107041 0.10882965828333944
0.12554370320829308 0.08951356995025204 0.17419530528905583 0.09075517248286362 0.1574791221954674 0.11869326050219557 0.13491365939243607 0.10890620697943634
0.08399080423965163 0.1308832526585605 0.11635951330936115 0.13383528749274737 0.10795441941878481 0.17559913941625604 0.0907752384733417 0.16060234499129683
0.10281950494312968 0.08725308633550873 0.2216786224551557 0.13240103135153253 0.09788112522505167 0.0911884321902652 0.1476172692829773 0.11916092821637929
0.08103782479502784 0.1326017724124094 0.12900777785626785 0.1368079224535139 0.09614010224055183 0.16744363285128142 0.09279146044673117 0.16416950694421667
0.11550338282616537 0.0990163066356023 0.16114287091704516 0.09368670173359132 0.1436706005166014 0.13528452077328645 0.13927157451739844 0.1124240420803096
0.08198759515681728 0.13324948737117423 0.11309688301238725 0.1338014394798695 0.10467273887184632 0.18187784804136764 0.0907522806906941 0.1605617273758434
0.07530666330094139 0.1455616563581265 0.1012511494896913 0.13335493310659158 0.09535074301935172 0.19869950210769952 0.0904494328896882 0.16002591972790986
0.11363780406768313 0.10438730440223923 0.1511528956740298 0.0933295095379048 0.14311875557816334 0.1436377349665043 0.1387405843279898 0.11199541144548575
0.09387161493842894 0.15864556574450972 0.127399339690799 0.15368792796114694 0.09017635404498492 0.15971968170964518 0.078180380745453 0.13831913516503222
0.07741704813798378 0.15290170471494374 0.10446424555592738 0.13310360279880232 0.09208648663475989 0.19002362342244122 0.09027896537657897 0.15972432335856276
0.07422344462552498 0.15079483420811501 0.09894734114578065 0.13291270302849806 0.09227963947991144 0.20119730834559957 0.09014948553237259 0.15949524363419765
0.10080002141148181 0.09379638441880096 0.21395113908094865 0.1328060271285685 0.09477909228517242 0.0962731019085091 0.148068809350807 0.11952542441571166
0.11979755923874824 0.09305379261379292 0.18900055394263632 0.09265220221726399 0.14175187476392495 0.1148276530578497 0.13773372150506707 0.11118264266071679
0.10788701796461984 0.08002472341025184 0.24945901110996668 0.1271077594570739 0.10190719097123545 0.07750164743453933 0.14171566614094655 0.11439698351136651
0.08176433379892023 0.13279738223282495 0.1353598909597004 0.13612384280006384 0.09677281015777801 0.16150565270450565 0.09232747598613025 0.16334861136007658
0.07561797013369516 0.1460853980991284 0.10681771658740549 0.13404588205041112 0.0940469051030901 0.19161299304462792 0.09091807652114842 0.16085505846049333
0.10093465041059257 0.09273480389237006 0.21740914887144164 0.13255166759395975 0.09497173863368501 0.09431627231161419 0.147785217451773 0.11929650083456378
0.1036628524169593 0.0803097072625288 0.26326551774070633 0.1282277446142213 0.09200783768388351 0.07415700411871767 0.14296436601018403 0.11540497015279916
0.10266396457878846 0.07687612662004238 0.2810767130374845 0.1260315663330689 0.08990835995506655 0.0694990686551867 0.14051579112060067 0.11342840969976199
0.10178832412339893 0.07579508899598034 0.28789491630787933 0.1251668383654525 0.08889674234652203 0.06825625136321326 0.1395516839686463 0.11265015452890725
0.08063775787219013 0.1315401221445668 0.14446935675492298 0.13607390538466307 0.09386114865676969 0.1578354173339549 0.0922936053913367 0.16328868646159567
0.10104582735182939 0.08908604504321385 0.23348823583261186 0.13111714223288842 0.09386810381121968 0.08720338899032733 0.14618582872830993 0.1180054280095996
0.10311750598241853 0.07922747589067418 0.2695788296122611 0.12746740017791078 0.09126093964618599 0.07251054982460961 0.14211663870581992 0.1147206601601197
0.11935513302664637 0.08926516164382971 0.2067115935690145 0.09167177407196161 0.13929321049867002 0.10742074908610033 0.13627624921742354 0.11000612888635393
0.10714961875484731 0.07888190609556567 0.25661975006460985 0.12631253363300243 0.10078127624314734 0.07574458624680772 0.14082904869231763 0.11368128026970219
0.1035471612661287 0.07665925902203861 0.27819290123982976 0.12602972554090772 0.09182928903525792 0.06980117213430671 0.14051373877471351 0.11342675298681695
0.10207168765429242 0.07581322304921498 0.28674241221980173 0.12525815261596335 0.08937062288452356 0.06835807167836744 0.13965349254346957 0.11273233735436701
0.11869924711169752 0.08829060299435021 0.21211655757279205 0.09133160513619791 0.1382304498670656 0.1059630459072158 0.13577056524724346 0.10959792616343748
0.10680262884399937 0.0785689067091456 0.25879969772758876 0.1260727279390821 0.10037442297300345 0.07535447742246307 0.14056168323954377 0.1134654551451739
0.10338898741927305 0.07654761223304224 0.2790413380553384 0.1259286996147299 0.09167482678305532 0.06968160383503058 0.1404011024062735 0.11333582965325692
0.11918089864831231 0.08853032229410826 0.20962897466776012 0.09143954175404016 0.13913396791112284 0.10642782434066778 0.1359310202791403 0.1097274501048482
0.10699984021525494 0.07867133308663783 0.2577854390593671 0.12617344070293277 0.10064651683447497 0.07549336301333348 0.14067397045535937 0.1135560966326395
0.10346995884888086 0.07659118036604588 0.2786444806254256 0.12597390727620802 0.09176339638086113 0.06972905437887579 0.14045150557511552 0.11337651654858724
0.1359026668155221 0.10094303092195082 0.23883723447703534 0.1042508113455975 0.11899436245916516 0.09101428903064455 0.11623187473904677 0.09382573021103775
0.1445696028498265 0.10519728665210644 0.22149718411011368 0.1024083374959359 0.12528901539520046 0.0946934158557522 0.11417765389472255 0.09216750374634229
0.11217760742269758 0.08083815112546358 0.2615427186922893 0.12469178891792844 0.09676565998069728 0.07273942454868014 0.13902203928610826 0.11222261002613558
0.10449272335546196 0.07680360760986507 0.27995883949380296 0.12567128149523205 0.09074798783519698 0.06910730645139124 0.1401141004133408 0.11310415334570884
0.11946222213365423 0.08856256902207718 0.20991751415147622 0.0914151827214408 0.13879835457582249 0.10625112918867309 0.13589480894112693 0.10969821926572897
0.08281883274506421 0.13338415835384224 0.12469388193405287 0.13369078874737017 0.10372704827365314 0.1705791128205222 0.09067723062865107 0.16042894649684417
0.0874112420641304 0.16866496342005155 0.12036371929803114 0.15447430967379192 0.08266040425305117 0.16881807288090658 0.07858040970362459 0.13902687870641273
0.10772193364561793 0.06848391712669873 0.23403167413463563 0.13696783425339745 0.09380563294053564 0.08795212953524868 0.15162902286090393 0.11940785550296187
0.12155519906595669 0.08784155200717399 0.1956402028783732 0.09257151933058604 0.14124453715774565 0.11244738538844085 0.13761378097502044 0.11108582319670324
0.12354831827734554 0.09022498936614079 0.18014942521651953 0.09060743219187645 0.1548185604837487 0.11722832230708889 0.13469403352702827 0.10872891863025172
0.14248596893567936 0.10412203902880762 0.20070757175798912 0.10395184851677691 0.1372271585849557 0.10205019601512154 0.11589855349557067 0.09355666366509921
0.14732925128286598 0.10641418754358516 0.2073398949392576 0.10287094382767474 0.13108896259277314 0.09767948493718533 0.11469342543175079 0.09258384944490725
0.11331024441643595 0.0813905892652042 0.2557380750484592 0.12522970023807978 0.09843326394392345 0.07356962660818456 0.13962177026544118 0.11270673021427179
0.13929247243038662 0.10225068670933288 0.23032895028513015 0.10445085937415212 0.12113564382530892 0.09208070057702446 0.1164549133619278 0.0940057734367369
0.11075379453235167 0.08022743383634648 0.2653864893013265 0.12461165406125665 0.09574026015624784 0.07219718455620747 0.1389326949011324 0.11215048865513097
0.10404378838937478 0.07661595827589436 0.28149220888956594 0.12553410456680422 0.09043227190008518 0.06893981549292372 0.13996115837522796 0.11298069411012379
0.10206636356029536 0.07571181184890431 0.2879928259889187 0.12509046903758977 0.0889650358679446 0.06812553369523353 0.1394665378672829 0.11258142213383081
0.13521173374304873 0.10054964022875203 0.24213011653358607 0.10403335572716797 0.11798105712702392 0.09047464853344106 0.11598942795252906 0.09363002015445117
0.1263435176253268 0.09199312631313328 0.1950154598911904 0.08962614955712839 0.14587459938253097 0.11036047677870355 0.13323529098343267 0.10755137946855407
0.10903753966911366 0.07948751079468287 0.2514709277153583 0.12643866284916302 0.10240795735345491 0.076392931698272 0.14096967335570862 0.11379479656424672
0.10414468652583217 0.07687453951914013 0.2761289922323778 0.12621497727360492 0.09230929573150122 0.07001374853938452 0.14072028063191477 0.11359347954624444
0.11943913383702338 0.0886347363580867 0.20869442010887362 0.09148495795424004 0.13940305470925538 0.10656321297635353 0.13599853451107924 0.10978194954508805
0.08281442849268533 0.13340654529838994 0.12440594364347209 0.13369435235124055 0.10386247554355234 0.17070338416746014 0.090679647681711 0.16043322282148867
0.10204948636869761 0.0898472155523239 0.22469226874224918 0.13165490905044533 0.09653424180869183 0.08994706173415751 0.1467853985980338 0.1184894181454008
0.08065194933546876 0.13572891731042078 0.12940788320173702 0.1362716606703359 0.0955479476877804 0.1664379139264961 0.09242773506335826 0.16352599280440305
0.0753424397032064 0.14680097427782077 0.10535003733330196 0.13392612368330487 0.09368768148766941 0.19334454598779358 0.09083684910693722 0.16071134841996584
0.11368256988209255 0.10466531080353182 0.1526323455521316 0.09336965659934034 0.14259862267230355 0.1422076409401336 0.13880026563125816 0.1120435879192084
0.10769011940620468 0.0830803793367944 0.23454858688757144 0.1286994527033138 0.10332481145393448 0.08333685745177283 0.14349028532742594 0.1158295074329824
0.09382999583649435 0.15352849019006215 0.15134585253612032 0.15635641312617643 0.08360317272875335 0.14107747622204042 0.0795378275467941 0.14072077181355877
0.10791907196075443 0.06759751811917272 0.2465706498038222 0.13519503623834545 0.09286492769256131 0.08232399431687192 0.1496664625837605 0.11786233928471142
0.08208583306991951 0.1296656594358719 0.1350334314969576 0.136882721690228 0.09512314718951255 0.1641077472471691 0.09284219384206768 0.1642592660282736
0.10172639053011834 0.08903024240174104 0.22956226316562878 0.131557868886655 0.09444677945340678 0.08859716750724984 0.14667720605721085 0.11840208199798949
0.0925716586056484 0.15562517523323935 0.1499522582678729 0.1565232604597933 0.08191073447783068 0.14292327648181957 0.07962270205998181 0.140870934413814
0.1077291179789899 0.06767642412134577 0.24610308681390486 0.13535284824269153 0.09259209423850441 0.08270534266399945 0.1498411669597562 0.11799991898080803
0.08205145293959656 0.12969313140523384 0.1349215823914877 0.13689072618348835 0.09506369833545555 0.164262914347925 0.09284762297662688 0.164268871420186
0.10172236139329806 0.08903900768833456 0.22951694021094482 0.13156387582054596 0.09443769413747702 0.08862872917068748 0.14668390334022063 0.11840748823849136
0.10341892391385069 0.07932801340071148 0.26801759850605744 0.12765500539905236 0.09150768985267037 0.07285745954150748 0.14232580452700314 0.11488950485914713
0.10243521081246064 0.0765757375862821 0.28290141155667303 0.1258008170433221 0.08965065818698459 0.06915690659265854 0.14025852288262924 0.1132207353389899
0.1188869159011589 0.08851242775697206 0.21091466001639786 0.0914129067779161 0.13842698291500333 0.10625919290083678 0.13589142559821557 0.10969548813349932
0.10689003166701183 0.0786395310663406 0.25831569540138694 0.1261265182196185 0.1004563012847613 0.07543640057508245 0.14062165538814184 0.11351386639765665
0.13734714877234072 0.10168594308016808 0.23144240552412967 0.1045369218122293 0.12178435331117786 0.0925691313111341 0.11655086655781387 0.09408322963100636
0.08599185223925529 0.13693615719586688 0.1295904552496763 0.13309990239765723 0.09968112093495735 0.1647041735661176 0.09027645553928057 0.1597198828771887
0.10263545316047319 0.09030922485706266 0.22682468690727803 0.13138396015092504 0.0954173029471118 0.08870049704618076 0.14648331079513585 0.11824556413583254
0.10370322296694608 0.07959910254091583 0.2669050579764738 0.1277311991625233 0.09177671533766979 0.07291586788202875 0.14241075488717148 0.11495807924627097
0.13639064597789236 0.10195497699211964 0.23482568249826216 0.10462207909535921 0.11936638328877898 0.09203455038828182 0.11664581057348258 0.0941598711858233
0.0858163547084877 0.1370246378232305 0.13038973612905108 0.13311085865533465 0.09914110056720347 0.16450039499015112 0.09028388674014003 0.15973303038640158
0.10257036681126402 0.09030592933137156 0.22717148442812332 0.13135657788950203 0.09527696819668027 0.0886449716254055 0.1464527816171015 0.11822092010055182
0.10367638919919465 0.07958979968602559 0.26704367861868966 0.12771640037962018 0.09173647474944163 0.07289824167674895 0.1423942553486213 0.11494476034165815
0.10252661678933152 0.0766439490492382 0.2825186912161839 0.12584052290013575 0.08972620565970822 0.06918475182542728 0.14030279194985282 0.11325647061012216
0.13553337547786273 0.10090037963331767 0.24024252367490767 0.10419154589639106 0.11835348059153959 0.09084050523325304 0.1161657981859763 0.09377239130675195
0.0856532523401537 0.13669984125899412 0.13166832888573693 0.1330860446915867 0.09890888816958555 0.1640133346245279 0.09026705639951098 0.15970325362990404
0.11613442163769191 0.10222245617657016 0.1612691879266282 0.09299038988510795 0.14381406135274558 0.13374455497171228 0.1382364601874142 0.11158846786212955
0.08183785252374955 0.13687854043613265 0.1127933540982815 0.1332060716156203 0.10438481693998068 0.1807036124821138 0.09034846596537724 0.15984728593874434
0.10216203733184116 0.0907898997496231 0.2197094463630266 0.13210250620876213 0.09698862194818991 0.09207079678388695 0.14728443602678407 0.11889225558788592
0.13733372331876328 0.10564250373431205 0.2183006795660326 0.10585784368597254 0.1221226211764722 0.0974469733302937 0.11802359587077835 0.09527205931737528
0.08596086246348168 0.13809219047551435 0.12643922281717626 0.13312392277635388 0.09972846031950883 0.1666138861941178 0.09029274762222264 0.15974870733162463
0.10273062757628797 0.09060732175438181 0.22549142987774695 0.13151750723847172 0.09552328498813728 0.08913186621879997 0.14663220583154982 0.11836575651462455
0.13733502337312944 0.10546000554401659 0.22033213223634035 0.105703031018035 0.12154444675706787 0.09664164185596728 0.11785099129921216 0.0951327279162315
