Action: 0
[0.09939040228031723, 0.10290004902049077, 0.24165422794419367, 0.0990977577177329, 0.10137601201534799, 0.1573860355864517, 0.0990977577177329, 0.0990977577177329]
[0.11416825757659553, 0.10470319132848074, 0.27703085573369735, 0.10058508008867782, 0.10175737500651505, 0.10058508008867782, 0.10058508008867782, 0.10058508008867782]
[0.10394064852631377, 0.1026964012229414, 0.17651719028977034, 0.10269497731710807, 0.10337000720604074, 0.20539082080360963, 0.10269497731710807, 0.10269497731710807]
[0.125, 0.125, 0.125, 0.125, 0.125, 0.125, 0.125, 0.125]
[0.09856073434657116, 0.10756337872708706, 0.25887348255200754, 0.0985607337831694, 0.14042064762694004, 0.09889955539788607, 0.0985607337831694, 0.0985607337831694]
[0.1075464003725655, 0.20442917969175645, 0.17667502130940152, 0.10221458984587746, 0.10249103922249529, 0.10221458986614888, 0.10221458984587746, 0.10221458984587746]
[0.125, 0.125, 0.125, 0.125, 0.125, 0.125, 0.125, 0.125]
[0.125, 0.125, 0.125, 0.125, 0.125, 0.125, 0.125, 0.125]

Action: 1
[0.10627951269661155, 0.0990239731456022, 0.0990239731456022, 0.0990239731456022, 0.15767281391762678, 0.24092780765775057, 0.0990239731456022, 0.0990239731456022]
[0.10201763417172258, 0.20403526834344515, 0.10201763417172258, 0.10201763417172258, 0.109324539393701, 0.17655202140424103, 0.10201763417172258, 0.10201763417172258]
[0.1029662228563422, 0.10296622285410922, 0.10296622285398442, 0.10296622285398442, 0.10296871568094748, 0.2792339471926635, 0.10296622285398442, 0.10296622285398442]
[0.125, 0.125, 0.125, 0.125, 0.125, 0.125, 0.125, 0.125]
[0.10168870786037654, 0.10139387247361532, 0.10139387247361532, 0.10139387247361532, 0.11398681743836965, 0.27735511233317717, 0.10139387247361532, 0.10139387247361532]
[0.10204983517770103, 0.10068291544600105, 0.10068291544600105, 0.10068291544600105, 0.22001360968858533, 0.17452197790370846, 0.10068291544600105, 0.10068291544600105]
[0.125, 0.125, 0.125, 0.125, 0.125, 0.125, 0.125, 0.125]
[0.125, 0.125, 0.125, 0.125, 0.125, 0.125, 0.125, 0.125]

