Action: 0
[0.11299554544127408, 0.08362831043274181, 0.3242063448732169, 0.08362831043274181, 0.1445110393313611, 0.0837738286231806, 0.08362831043274181, 0.08362831043274181]
[0.16219587678513187, 0.08381043131777252, 0.265443583551453, 0.08381043131777252, 0.15330838307455252, 0.08381043131777252, 0.08381043131777252, 0.08381043131777252]
[0.1535250981229235, 0.08691639013193964, 0.22129668127493055, 0.08272827830099047, 0.17197839027102804, 0.11809860529620693, 0.08272827830099047, 0.08272827830099047]
[0.125, 0.125, 0.125, 0.125, 0.125, 0.125, 0.125, 0.125]
[0.1124423854134978, 0.09783442839248728, 0.3547271743276127, 0.08421736931016587, 0.09562959527790542, 0.08671430865799919, 0.08421736931016587, 0.08421736931016587]
[0.09207324179202864, 0.09036120999380112, 0.363861162367675, 0.09026638573579888, 0.0926296288416493, 0.0902755997974493, 0.09026638573579888, 0.09026638573579888]
[0.125, 0.125, 0.125, 0.125, 0.125, 0.125, 0.125, 0.125]
[0.125, 0.125, 0.125, 0.125, 0.125, 0.125, 0.125, 0.125]

Action: 1
[0.08586037477079073, 0.08586037477079073, 0.08586037477079073, 0.08586037477079073, 0.1833603355400351, 0.3014774158352205, 0.08586037477079073, 0.08586037477079073]
[0.1111111111111111, 0.1111111111111111, 0.1111111111111111, 0.1111111111111111, 0.2222222222222222, 0.1111111111111111, 0.1111111111111111, 0.1111111111111111]
[0.08651716573204069, 0.08651716573204069, 0.08651716573204069, 0.08651716573204069, 0.25456656847469317, 0.22633043713306278, 0.08651716573204069, 0.08651716573204069]
[0.125, 0.125, 0.125, 0.125, 0.125, 0.125, 0.125, 0.125]
[0.09638072691200561, 0.08390984211057208, 0.08390984211057208, 0.08390984211057208, 0.1970903063036723, 0.2869797562314617, 0.08390984211057208, 0.08390984211057208]
[0.17028146126361904, 0.1123618867337061, 0.08043162866818664, 0.08043162866818664, 0.10855237799449301, 0.2870777593354352, 0.08043162866818664, 0.08043162866818664]
[0.125, 0.125, 0.125, 0.125, 0.125, 0.125, 0.125, 0.125]
[0.125, 0.125, 0.125, 0.125, 0.125, 0.125, 0.125, 0.125]

