Action: 0
[0.2077217085313579, 0.10351646096928378, 0.17114884041677428, 0.10351646096928378, 0.1035471210693034, 0.10351648610542934, 0.10351646096928378, 0.10351646096928378]
[0.15633345178859478, 0.09995430364226854, 0.1378297076226534, 0.09995430364226854, 0.20606532237740904, 0.09995430364226854, 0.09995430364226854, 0.09995430364226854]
[0.1083780827450202, 0.10105070099662541, 0.2721237008664932, 0.10105070099662541, 0.11424443362522699, 0.10105097877675785, 0.10105070099662541, 0.10105070099662541]
[0.125, 0.125, 0.125, 0.125, 0.125, 0.125, 0.125, 0.125]
[0.10918321437439009, 0.10252434405134397, 0.2741280944404428, 0.10252407179165238, 0.10406805808715192, 0.10252407367171418, 0.10252407179165238, 0.10252407179165238]
[0.11318115068224636, 0.10207225829685757, 0.27319713004791485, 0.1020722406476535, 0.10325871361600174, 0.10207402541401897, 0.1020722406476535, 0.1020722406476535]
[0.125, 0.125, 0.125, 0.125, 0.125, 0.125, 0.125, 0.125]
[0.125, 0.125, 0.125, 0.125, 0.125, 0.125, 0.125, 0.125]

Action: 1
[0.10189435917337718, 0.10189435917337718, 0.10189435917337718, 0.10189435917337718, 0.11655340313062057, 0.2720804418291165, 0.10189435917337718, 0.10189435917337718]
[0.1111111111111111, 0.1111111111111111, 0.1111111111111111, 0.1111111111111111, 0.1111111111111111, 0.2222222222222222, 0.1111111111111111, 0.1111111111111111]
[0.12924054006966176, 0.09879671962506541, 0.09879669937086712, 0.09879669937086712, 0.11645471170315047, 0.2603212311186539, 0.09879669937086712, 0.09879669937086712]
[0.125, 0.125, 0.125, 0.125, 0.125, 0.125, 0.125, 0.125]
[0.10070653147563179, 0.10070653147563179, 0.10070653147563179, 0.10070653147563179, 0.25978468965647517, 0.1359761214897341, 0.10070653147563179, 0.10070653147563179]
[0.10052908790284723, 0.10154531938374425, 0.10052908790284723, 0.10052908790284723, 0.15943627061739063, 0.23637297048462896, 0.10052908790284723, 0.10052908790284723]
[0.125, 0.125, 0.125, 0.125, 0.125, 0.125, 0.125, 0.125]
[0.125, 0.125, 0.125, 0.125, 0.125, 0.125, 0.125, 0.125]

