Action: 0
[0.12376714059148666, 0.10284938472006723, 0.1561792185161813, 0.10284938472006723, 0.20580664002585888, 0.10284946198620407, 0.10284938472006723, 0.10284938472006723]
[0.21477480010928338, 0.1254003607892996, 0.15415748516679365, 0.10087290438105065, 0.10087290438105065, 0.10217573641042066, 0.10087290438105065, 0.10087290438105065]
[0.20415907896567587, 0.10203037716038262, 0.1560245268899271, 0.10203037716038257, 0.10702429292326202, 0.12467059257960472, 0.10203037716038257, 0.10203037716038257]
[0.125, 0.125, 0.125, 0.125, 0.125, 0.125, 0.125, 0.125]
[0.12386777872920382, 0.20514414455200147, 0.15632409116945845, 0.10257207227600074, 0.10437569644533337, 0.10257207227600074, 0.10257207227600074, 0.10257207227600074]
[0.1052509193414315, 0.1035187923996884, 0.2632711091393864, 0.1035187923996884, 0.1135340879604383, 0.10386871395999003, 0.1035187923996884, 0.1035187923996884]
[0.125, 0.125, 0.125, 0.125, 0.125, 0.125, 0.125, 0.125]
[0.125, 0.125, 0.125, 0.125, 0.125, 0.125, 0.125, 0.125]

Action: 1
[0.10408197646095797, 0.10427171049325346, 0.1040814767454049, 0.1040814767454049, 0.11150520050069072, 0.2638152055634783, 0.1040814767454049, 0.1040814767454049]
[0.10377023981679592, 0.1117156160729482, 0.10377023981679592, 0.10377023981679592, 0.10571890716109283, 0.2637142776819792, 0.10377023981679592, 0.10377023981679592]
[0.1029374432106365, 0.10286680472285845, 0.10286680463688191, 0.10286680463688191, 0.12362830578185591, 0.2591002277371215, 0.10286680463688191, 0.10286680463688191]
[0.125, 0.125, 0.125, 0.125, 0.125, 0.125, 0.125, 0.125]
[0.10268273530647695, 0.10268273530649302, 0.10268273530647695, 0.10268273530647695, 0.25536352907406257, 0.12854005908705982, 0.10268273530647695, 0.10268273530647695]
[0.10284605391830458, 0.10284279922039993, 0.10284279922039993, 0.10284279922039993, 0.15601885157103343, 0.22692109840866234, 0.10284279922039993, 0.10284279922039993]
[0.125, 0.125, 0.125, 0.125, 0.125, 0.125, 0.125, 0.125]
[0.125, 0.125, 0.125, 0.125, 0.125, 0.125, 0.125, 0.125]

