Action: 0
[0.11026149564809164, 0.09235143749980716, 0.15913001972367402, 0.09235143749980716, 0.26069536691017214, 0.10050736771883359, 0.09235143749980716, 0.09235143749980716]
[0.2727512454628002, 0.09570338594053471, 0.15302843889399168, 0.09570338594053471, 0.09570338594053471, 0.09570338594053471, 0.09570338594053471, 0.09570338594053471]
[0.1538892544062118, 0.09580580636306642, 0.2721794923747579, 0.09552952825553408, 0.09553452909779699, 0.09600233299156465, 0.09552952825553408, 0.09552952825553408]
[0.125, 0.125, 0.125, 0.125, 0.125, 0.125, 0.125, 0.125]
[0.1898371812373635, 0.09286786267017234, 0.22900951972778846, 0.09286756865993308, 0.10481900820453331, 0.10486372218034322, 0.09286756865993308, 0.09286756865993308]
[0.2319149729278641, 0.09279375033633433, 0.1666227887413982, 0.09279375033633433, 0.1373946602159025, 0.0928925767694979, 0.09279375033633433, 0.09279375033633433]
[0.125, 0.125, 0.125, 0.125, 0.125, 0.125, 0.125, 0.125]
[0.125, 0.125, 0.125, 0.125, 0.125, 0.125, 0.125, 0.125]

Action: 1
[0.09565741544757898, 0.09614905263878028, 0.09565741544757898, 0.09565741544757898, 0.17145251185907218, 0.2541113582642525, 0.09565741544757898, 0.09565741544757898]
[0.1111111111111111, 0.1111111111111111, 0.1111111111111111, 0.1111111111111111, 0.2222222222222222, 0.1111111111111111, 0.1111111111111111, 0.1111111111111111]
[0.09946669889508018, 0.09946669889508018, 0.09946669889508018, 0.09946669889508018, 0.10082473952899076, 0.3023750671005282, 0.09946669889508018, 0.09946669889508018]
[0.125, 0.125, 0.125, 0.125, 0.125, 0.125, 0.125, 0.125]
[0.09565263533627295, 0.09565263533627295, 0.09565263533627295, 0.09565263533627295, 0.17851696461897573, 0.2475672233633866, 0.09565263533627295, 0.09565263533627295]
[0.09580527152796899, 0.09580527152796899, 0.09580527152796899, 0.09580527152796899, 0.14350668888387458, 0.28166168194831165, 0.09580527152796899, 0.09580527152796899]
[0.125, 0.125, 0.125, 0.125, 0.125, 0.125, 0.125, 0.125]
[0.125, 0.125, 0.125, 0.125, 0.125, 0.125, 0.125, 0.125]

