0.125 0.125 0.125 0.125 0.125 0.125 0.125 0.125
0.08447043534762833 0.14944769330734242 0.1055880441845354 0.18680961663417803 0.07602339181286549 0.13450292397660818 0.09502923976608188 0.1681286549707602
0.10367120714347663 0.07779019316241848 0.1927339114173353 0.15558038632483695 0.08673026013780089 0.07001117384617662 0.17346052027560177 0.14002234769235325
0.10187988441213362 0.07508545978109096 0.21898894204546157 0.15017091956218193 0.08371468426339543 0.06757691380298186 0.16742936852679086 0.13515382760596373
0.07686830267905954 0.12411615696612177 0.1193446720990344 0.15514519620765221 0.08418313255093476 0.14893938835934614 0.10522891568866848 0.18617423544918266
0.11301829483647666 0.08900190718372537 0.135621953803772 0.10680228862047045 0.14127286854559584 0.11125238397965673 0.169527442254715 0.13350286077558807
0.07485325150544486 0.12475541917574144 0.08982390180653384 0.14970650301088972 0.10550364450993392 0.15594427396967678 0.1122798772581673 0.18713312876361216
0.09618570110817384 0.1518613810939795 0.08565899200802958 0.13239197326141805 0.1030016323941774 0.1822336573127754 0.0897962949077444 0.15887036791370165
0.10654261437436889 0.07715626837992351 0.19595242763155174 0.15431253675984702 0.09341251402802767 0.06726443910044613 0.17083032152494254 0.13452887820089227
0.08065764173987618 0.12231281772222685 0.10411024034288326 0.14677538126667222 0.09970213424221341 0.15289102215278358 0.11008153595000418 0.18346922658334025
0.0959664379541879 0.14998988288229861 0.08649947990782032 0.13076041071790137 0.11119376633932299 0.17998785945875834 0.08868966987822874 0.15691249286148162
0.10578025798932612 0.07357631857761994 0.20867337127592933 0.14715263715523988 0.09073088234570924 0.07758495032845333 0.16406420888800627 0.1324373734397159
0.11961211911460455 0.08172235687415084 0.18429713652279467 0.10215294609268857 0.1322663511817309 0.10550833951725527 0.15185721538554897 0.12258353531122627
0.14546723861409708 0.09284748718368073 0.20241597997051164 0.1160593589796009 0.11706988669822371 0.09228910135618272 0.1293975241160625 0.10445342308164081
0.13085213691281303 0.0796011140669371 0.18608709009448096 0.09950139258367137 0.1322580496996683 0.10438304253704359 0.14791550300498013 0.11940167110040563
0.1424861574894698 0.0998407419493316 0.17893823863029115 0.11980889033919793 0.13480318197646812 0.08704064682762243 0.13263336659447225 0.10444877619314691
0.08773640614069447 0.11739686100026814 0.12054446417836495 0.14674607625033517 0.09867055586699655 0.1532782237801023 0.09953212128283605 0.17609529150040223
0.0803255193636355 0.11911487038233531 0.10916814970244752 0.14889358797791913 0.09833473183981095 0.16450214070575994 0.10098869445458863 0.17867230557350294
0.1013166518291232 0.07421283750085717 0.22222781306874992 0.14842567500171433 0.09540858556855365 0.06469837115459343 0.1643133235672214 0.12939674230918685
0.09791498309666725 0.14095224571508352 0.10854107742772179 0.12288144498238053 0.1187007488039585 0.18020609026815212 0.08334567572717982 0.14745773397885661
0.1055317545552834 0.06972211963712886 0.22033030429580627 0.13944423927425773 0.10115300176153932 0.08284884462486825 0.15546992050428435 0.12549981534683197
0.1371475967631651 0.08909842781411158 0.22059375593107433 0.11137303476763948 0.12521043716974325 0.09216839391797778 0.12417262234541297 0.10023573129087551
0.10015730791571716 0.06951543121225018 0.2620249538417262 0.13903086242450036 0.09354897543016083 0.06060319644144887 0.1539128798512987 0.12120639288289774
0.06781225516797584 0.10282314256784002 0.09160904256538724 0.09254082831105603 0.14343779565668152 0.20564628513568003 0.11104899397326722 0.18508165662211207
0.07612326108975111 0.11484450251091972 0.1011248935915136 0.14355562813864964 0.10635138458071867 0.1883654111497663 0.0973681651723015 0.17226675376637957
0.13402654531029468 0.09832763563770834 0.18643312291099387 0.11799316276525001 0.12843736464308028 0.10129305299614641 0.1306232815309239 0.10286583420560258
0.07863687439916346 0.11565059994030343 0.12407997712135387 0.1387807199283641 0.10616833640198504 0.15912205235210186 0.10408553994627309 0.17347589991045514
0.06811338818114036 0.10049998087484414 0.06594366811180645 0.08761536794217183 0.14584409989443814 0.25770929969836553 0.09904345941288989 0.17523073588434365
0.10921298274684535 0.080629959806291 0.1438329705005096 0.09675595176754921 0.1688330037624081 0.12620931588545353 0.15358087582150667 0.1209449397094365
0.07083901682406789 0.09735927084821348 0.06713588023290784 0.08487731304716047 0.16165830355991523 0.252427322470537 0.09594826692287704 0.16975462609432093
0.1313603457908052 0.08932190967937052 0.16421179729088636 0.11165238709921316 0.14448361894653686 0.1339987134559673 0.12448407934792871 0.10048714838929183
0.14511940085389602 0.09261068031494583 0.2033432329046162 0.11113281637793503 0.13615688579417762 0.0917233682763993 0.12302859607162525 0.09688501940640488
0.10446421348292242 0.13315642484213713 0.10426085690596475 0.11608508832391443 0.12502160778802243 0.19897372971820843 0.07873597295013325 0.1393021059886973
0.10592153088572225 0.07056959527097531 0.2295863683370531 0.14113919054195062 0.09981250418487297 0.07367950251122699 0.15624688574444676 0.12304442252375183
0.10220777290816281 0.14333012271044468 0.12693145288138877 0.1289971104394002 0.13183408656448947 0.1925533554029237 0.09674783282955016 0.07739826626364012
0.08073727566774233 0.11399259934760954 0.11088572073198676 0.1367911192171314 0.11390761052946466 0.17010343607180256 0.1025933394128486 0.1709888990214143
0.06632396461105257 0.09710189364240526 0.06268769493936475 0.08465293291901997 0.1447407674771039 0.2794922607515128 0.09569461982150085 0.16930586583803994
0.11089104778788628 0.07608820382573978 0.13911299754712694 0.0951102547821747 0.16030048051553086 0.1629769280670422 0.14138778173588956 0.11413230573860965
0.10790551655821594 0.06627430724260644 0.23064984450863266 0.13254861448521288 0.1083465552850398 0.08719959542023661 0.14778181346336422 0.1192937530366916
0.10498194102142908 0.06508404380385778 0.26945960358408066 0.13016808760771556 0.09515269095821272 0.07287465053154597 0.1451277036462142 0.117151278846944
0.1203765115718093 0.07503274412296147 0.20818781668155315 0.09379093015370182 0.1421556495125091 0.10848071470871398 0.139426517064309 0.11254911618444219
0.10753700093592622 0.06464732753454736 0.2594481718455384 0.1292946550690947 0.10239835086315989 0.07615541264236342 0.1441538915471847 0.11636518956218525
0.1384219741868892 0.08577053835351098 0.23454524911088148 0.10721317294188873 0.12427825537739963 0.09374426753457953 0.11953468684715056 0.09649185564769984
0.1474551045726388 0.08460148620410297 0.22330031657340357 0.10575185775512871 0.12922139882522327 0.09658773462260167 0.11790542946728529 0.09517667197961582
0.11397903834990682 0.06388830153471174 0.26474093338934324 0.12777660306942348 0.0987044643198437 0.0734503397192759 0.14246137685501392 0.11499894276248114
0.09993305813061482 0.06947414855502086 0.2906877785552789 0.1302866735157812 0.09067009403118835 0.06113229009623151 0.1442327032816137 0.11358325383427077
0.0820210546978205 0.11226294428146354 0.14753327457477464 0.1403286803518294 0.09635993687832728 0.15792024003321783 0.09517945276037128 0.1683944164221953
0.09113392645661954 0.13058259229009422 0.13162175309591892 0.16322824036261777 0.08485753815575235 0.16863703712817912 0.08303349618446208 0.14690541632635595
0.10622218486512736 0.06796074717886323 0.23229619058477977 0.13592149435772646 0.0942343577147105 0.08949335756307537 0.15154232281376367 0.12232934492195381
0.10563439314495982 0.06506276531725264 0.2712435722351884 0.13012553063450527 0.09252821149117202 0.07321229380888876 0.14508025579697825 0.11711297757105475
0.13545818163749113 0.0954916269867872 0.24254810937777638 0.10732977487470677 0.12287451286439091 0.08390977413641189 0.11881847279576817 0.09356954732666743
0.10490915258155237 0.13206728007611468 0.11256918185977527 0.11513557750225384 0.12251743375036313 0.1965467243126639 0.07809195691457216 0.1381626930027046
0.10892986986348462 0.06720839415825551 0.22190304347400583 0.13441678831651102 0.10191482115005035 0.09478728568352875 0.14986468786930407 0.12097510948485991
0.08359755025573272 0.11209970194997883 0.1310155602180401 0.14012462743747356 0.09875316438599034 0.1712187911745732 0.09504105165324293 0.16814955292496825
0.10119272225423996 0.0772773393555649 0.24078737883724574 0.13890414967413647 0.09600209608105756 0.07096778481295624 0.15377260362785966 0.1210959253569395
0.08205599997668403 0.12106600534796506 0.13534520062026104 0.13983036948392022 0.09730825160213497 0.16175626159054102 0.09484146799778938 0.16779644338070426
0.13660070476007355 0.10541044136367045 0.19731221358048476 0.11276146754903248 0.12952965882061038 0.09524906491375726 0.12483157986706077 0.09830486914531036
0.08745432126825542 0.12223779010443828 0.12372315824006005 0.13707235835018372 0.1034474177872558 0.1686073072616356 0.09297081696795069 0.16448683002022044
0.10531598864253691 0.0778031574826942 0.23694830450382537 0.13848739559634177 0.09674225881186858 0.070659053941401 0.1533112397322139 0.12073260128911845
0.08370071660425085 0.12116931552090249 0.13583793626214796 0.13454868904519302 0.10522253840311886 0.15042342607400094 0.10091151678389476 0.16818586130649124
0.09872273382813547 0.15518277440818784 0.10341772988167532 0.1242028868490473 0.13152914683696318 0.21927083094977706 0.09315216513678548 0.07452173210942838
0.09173860906865078 0.14621441784356481 0.08095734121367644 0.10897913000844364 0.11859211238830175 0.24882715398324234 0.07391627948398785 0.13077495601013234
0.10580606271866745 0.07759504862486281 0.2064611633575467 0.1339134092952895 0.10136293310300097 0.10503585670863129 0.14930345782624066 0.12052206836576054
0.1058351976979725 0.07048427722402721 0.26017536789437923 0.13017394873470395 0.09439320109986424 0.07664721512241052 0.14513423836540876 0.11715655386123357
0.10391568601468129 0.0686460576886085 0.28104535010207277 0.1276209421948358 0.0911910089028129 0.07043428052530464 0.14228782659633185 0.11485884797535222
0.1372104621701318 0.09081719913033776 0.24129889978755928 0.10569458446241538 0.12002287936411153 0.09198927504923397 0.11784157402003623 0.09512512601617383
0.08726268674053123 0.1197102754597242 0.13364597255621094 0.1360454279891861 0.1008831458664881 0.1669236875125187 0.09227429028831753 0.16325451358702328
0.10415566969710761 0.07536731229593358 0.23106917710424343 0.13372218892575768 0.09673616372202037 0.08950925683736578 0.14909026138438952 0.12034997003318192
0.10475039405543861 0.0697857167634001 0.26995860408963784 0.12915825863337357 0.09268863952661385 0.0734141344613057 0.1440018197001941 0.11624243277003621
0.10341109743954836 0.06834530374839191 0.2847806003886856 0.12713724579078822 0.09051420455418473 0.06963948566412646 0.14174854120256536 0.1144235212117094
0.12007720443226133 0.07945267872292425 0.2125185746657702 0.09249126903670031 0.13984023796524384 0.10713602880984549 0.13749448352321422 0.11098952284404039
0.08411239067735603 0.11850089629841166 0.12681383929757853 0.13628161154435603 0.10535523800810445 0.17296360596914198 0.0924344843518241 0.1635379338532272
0.10362772447327731 0.07544220258486296 0.22821407317607226 0.13400725553815426 0.09792913630422108 0.09076498855548945 0.14940808938358394 0.12060652998433885
0.1047509001660272 0.06986173462450758 0.2688465026248202 0.12929229715711804 0.09303385701504567 0.0737003783197807 0.14415126265129427 0.11636306744140623
0.1034739194372294 0.06837701097465768 0.2843529177485772 0.12718771078599914 0.09062072713108076 0.06971396830887565 0.1418048059061811 0.1144689397073992
0.08200398747547231 0.11888315111468237 0.14497806556294324 0.13838831720594366 0.0954882077451988 0.16032890988285683 0.0938633803657705 0.16606598064713238
0.13805926366313645 0.10260231377614044 0.19741020881020704 0.10958285309637657 0.12622501593845614 0.10927385234507582 0.1213127230045357 0.09553376936607187
0.12922534078442782 0.08171813399921317 0.18208504734954706 0.09183857869544665 0.15109787233312885 0.11730451691017095 0.13652421549352967 0.11020629443453597
0.12665949898479203 0.07995540542102478 0.17661930523835667 0.09173854239551985 0.15923460894979483 0.11933088332105557 0.1363755048148325 0.11008625087462381
0.11056316468266382 0.07005527133937997 0.2454234456892584 0.1288291769604875 0.10662818457372829 0.0789195792967832 0.14363491819325994 0.11594625926443876
0.08333013716780106 0.11912113778716632 0.13578076072774975 0.1384520943984567 0.09911100255806302 0.16415571614279212 0.09390663793982283 0.16614251327814805
0.09617877447951285 0.14800703008924193 0.13205801658014646 0.15800179390538557 0.08668420353408503 0.15867793555385953 0.08264709219666323 0.13774515366110537
0.10249083064832955 0.1558311138562319 0.10081397189719221 0.12146889685535395 0.12418209320232082 0.2312300827858438 0.09110167264151547 0.07288133811321237
0.09223439301079182 0.1455890951855706 0.08010208677798338 0.10839842038328026 0.11626238977472372 0.25381310353905423 0.07352240686865964 0.1300781044599363
0.10600382440640477 0.07750231650711943 0.20593530753100275 0.13379791157089907 0.1008304114797715 0.10633742160821488 0.14917468648277848 0.12041812041380914
0.10599849668393585 0.07045667931122303 0.259912006487631 0.13012736861371035 0.09428655991526372 0.07702195222926753 0.14508230500662928 0.11711463175233931
0.1040663261144378 0.06862379727986338 0.2809003184470826 0.12757797264078738 0.09117242556446509 0.0705990658264043 0.14223991875025102 0.11482017537670865
0.12033617025637264 0.07951144689703425 0.21126035808684962 0.0925354017329881 0.14015152809850903 0.10760252310827816 0.13756008974038234 0.11104248207958572
0.12403117493250572 0.0796731453705442 0.1864482510861801 0.09161976291671732 0.15541496421411605 0.11667005483800962 0.13619893114186635 0.10994371550006078
0.10961692525390163 0.06983089683547639 0.24949704635273792 0.1284490275987727 0.10550225477973736 0.07828864431617516 0.1432110800243033 0.11560412483889544
0.12214977577442451 0.07981000743742431 0.20087525636739453 0.09277861293706342 0.145221980419608 0.10990839200928798 0.13792163953032113 0.1113343355244761
0.1432883450064766 0.09170379781263358 0.21038560677801607 0.10542611496597282 0.13556115933484134 0.10120922206614433 0.11754225056653986 0.09488350346937553
0.11320722417455537 0.06994061999384532 0.25874029704245116 0.12705547103238365 0.10021271903261919 0.07483637634546182 0.1416573684495382 0.11434992392914531
0.10558867304564513 0.06842180007693249 0.280035719497355 0.12723593767260358 0.09226421512193644 0.07008273539446057 0.14185857528572368 0.11451234390534322
0.10320306052208715 0.06793145539829713 0.28849030540709986 0.1265155515789225 0.09006244641288917 0.06887778570824853 0.14105539855142551 0.11386399642103025
0.10236825251806876 0.06770631993231659 0.2917507815114301 0.12615040088330662 0.089355459470946 0.06848514211309026 0.14064828277586572 0.11353536079497596
0.1020614992783114 0.06761230563093427 0.2929957977392839 0.12599977339921456 0.0891083817005439 0.06834210182045884 0.14048034437196008 0.1133997960592931
0.101946515546713 0.06757520844864347 0.2934694698632118 0.12594091036046282 0.08901824357482752 0.06828811640520875 0.140414716476516 0.11334681932441652
0.1194932588655783 0.07922305876252926 0.2152114076063503 0.09228371230255607 0.1391265662494176 0.10673560495296978 0.1371859364975311 0.11074045476306728
0.1077038744524418 0.0692843325032997 0.2614291318123241 0.12750967116746134 0.10118102762935041 0.07596949067979011 0.1421637677046173 0.1147587040507152
0.10425171976786796 0.06835728742603167 0.28119089542624504 0.12720291852771368 0.0924387111228714 0.07025407965104122 0.14182176140328673 0.1144826266749423
0.08213251814236737 0.11884222554943631 0.1442042682772281 0.13834081938357148 0.0958968509081336 0.16074317002751157 0.09383116445146589 0.1660089832602858
0.1048218534287842 0.07560804697569753 0.2425297410792802 0.13444286722223384 0.09318268449302433 0.08337442404375535 0.14883378056348232 0.11720660219374233
0.09830862258677851 0.14328781791224648 0.11249174109262629 0.11555858377437517 0.11485361007674358 0.1984504585114471 0.07837886551653271 0.1386703005292502
0.10669874489494874 0.07678476575906727 0.22042020166573417 0.13297227224527705 0.0997144049500687 0.09548040521456976 0.148254160249585 0.11967504502074934
0.1056559929312581 0.07005072825097179 0.2656052982434592 0.1294578311385087 0.09358953882825728 0.07479274189562435 0.1443358206872627 0.11651204802465784
0.10378175343551244 0.06844624011741612 0.2830684664071167 0.12729143788653638 0.09084007693609217 0.07008927723699178 0.14192045388245172 0.11456229409788271
0.12021545268641802 0.07945811122221617 0.21193649220769858 0.09248716310197053 0.13998477648923294 0.10744502879463251 0.13748837977546663 0.11098459572236463
0.10798890464984862 0.06937553655693562 0.26011197402656233 0.12765020382465345 0.1014697850843245 0.07619796128561251 0.1423204511298748 0.11488518344218811
0.08280259567772044 0.11893242800232659 0.13918224777823862 0.13831109351092 0.09789469170650601 0.16309262855595175 0.0938110025552327 0.16597331221310396
0.11816808806608785 0.08511385723437498 0.16212159626158087 0.09080118290008007 0.1510216320916992 0.13514330307491823 0.14412886174615883 0.11350147862510009
0.09861045509865159 0.14038324748702857 0.09439908551074026 0.11199621265643482 0.1270055307627162 0.2172473647123422 0.07596264858436447 0.13439545518772175
0.10713226247629398 0.07679883965287586 0.2121654734167869 0.13327810284873623 0.10278871003341773 0.09929118045876408 0.14859513854926262 0.11995029256386262
0.1060227654413909 0.0702297033933703 0.2623029481252642 0.12978995732135987 0.09448505548272756 0.07565249205105751 0.1447061165956057 0.11681096158922387
0.1385983052238296 0.09135467736328426 0.23475387197004602 0.10616826674684314 0.12146890589671315 0.09373483830937603 0.118369694417749 0.09555144007215882
0.11137458508866328 0.06948598032769546 0.2687542059021601 0.12628152027849862 0.09654887155042509 0.07310699748543346 0.1407944711164753 0.11365336825064876
0.08342191206721872 0.1188895952167567 0.1412247717882776 0.13823106206862362 0.09676468737841612 0.16183397663877067 0.0937567203595882 0.16587727448234832
0.10568280827024956 0.07563167446258494 0.2411683066985522 0.13446713904254004 0.09338433519637145 0.08357732362118364 0.14886065046630395 0.11722776224221437
0.09848518308329834 0.14326734578158712 0.11220954789209735 0.11553907823805777 0.11488970484402214 0.1985966106007594 0.07836563567450874 0.13864689388566934
0.10674640387662647 0.07678516922415893 0.2202885425621999 0.13297368687957137 0.09972681650761692 0.09554732529695872 0.14825573746125342 0.11967631819161423
0.10567002048462694 0.07005188517409149 0.2655497476661341 0.12945956737037573 0.09359479192115042 0.07482262029405826 0.1443377564562249 0.11651361063333818
0.10378582667100836 0.06844629216991538 0.28304502142069243 0.12729114266105965 0.09084205450682901 0.07010750944746459 0.14192012472807697 0.11456202839495369
0.10270586566177536 0.06788374148552914 0.28969533236685313 0.126423586977635 0.0896965752525367 0.06886080509177923 0.14095286488401992 0.1137812282798715
0.10221341128915694 0.06767469491984039 0.2922152272291168 0.1260959700981281 0.0892435684042521 0.06848315845879975 0.14058759651239056 0.11348637308831527
0.1020083801128499 0.06759642569965513 0.293170012399914 0.12597303565118795 0.08906889203306398 0.06835698823899514 0.14045053377826475 0.11337573208606914
0.10192662750254386 0.06756700633350672 0.29353196923865627 0.12592678505709723 0.08900229533885647 0.06831224216056135 0.14039896781739047 0.11333410655138751
0.11948267652439234 0.07921665456051616 0.21522446618458904 0.09227649113696505 0.1391136456969495 0.10677907478235357 0.1371752017498764 0.11073178936435807
0.10769734325262989 0.06927925841304891 0.26142724705854914 0.12750001036385744 0.10117475240925536 0.07601838254563291 0.14215299662955447 0.1147500093274717
0.10424762028297137 0.06835372354301321 0.28118543375088123 0.12719619848643 0.09243485505839671 0.07029132118176949 0.14181426905875105 0.114476578637787
0.10285660044927036 0.06790373840710683 0.2889475529259008 0.12647147234364467 0.09007021625134731 0.06891984101986375 0.14100625349358592 0.11382432510928021
0.11982725954454697 0.07931157454227279 0.21377265379903487 0.09236012137903746 0.13957172579359095 0.10702499556499824 0.1372995237216736 0.11083214565484495
0.10782924445642623 0.06931924558621126 0.2608432651465892 0.12756283211074243 0.1013196506060724 0.0760961750051492 0.14222303818914117 0.1148065488996682
0.13891675377941481 0.0910634946209411 0.23388260246268464 0.10590617377536399 0.12317994277300653 0.0936579958770345 0.11807748031372672 0.09531555639782759
0.14731039781377817 0.09180915836383366 0.22168230868279315 0.10430852299583294 0.12809980050984512 0.09661592201544762 0.1162962189222197 0.09387767069624964
0.11373696885534755 0.0696567514451355 0.2631941300071525 0.1265106167053048 0.09821117301926978 0.07378090839739956 0.14104989653561592 0.11385955503477431
0.08387871631724793 0.11893489411165753 0.13993361840837748 0.13826281064586193 0.09715547684975834 0.16214085671486908 0.09377825417719331 0.16591537277503432
0.10583540442227903 0.07566487410054698 0.2406282044702755 0.13452144409461395 0.09349739062978377 0.08365680878310597 0.1489207683912698 0.11727510510812497
0.09851732188218114 0.1432705232363865 0.11210108875102477 0.11553833898733795 0.11491789733030165 0.1986436887582898 0.07836513426967269 0.13864600678480554
0.10675720955822621 0.07678729377164141 0.22024059462028364 0.1329767531693106 0.09973581702033509 0.09556409786233842 0.1482591561454851 0.11967907785237954
0.10567403033237625 0.070052895134275 0.2655302950153541 0.12946114206238532 0.09359799640557441 0.07482910107358709 0.14433951212030122 0.11651502785614676
0.10378731225288625 0.06844662456090682 0.28303721332401 0.12729160785216095 0.09084320427787398 0.07011094728377805 0.14192064338143914 0.11456244706694486
0.13722882897682182 0.09070137812351764 0.24191602338102872 0.10557375780783927 0.1198465788750844 0.09201018949155435 0.1177068613170984 0.09501638202705533
0.11078929924969703 0.06926712708470048 0.27157939466432235 0.12595616713664548 0.0959743152738608 0.07264141952439877 0.1404317266433943 0.11336055042298095
0.08329704725143564 0.11883269267497389 0.14187477042189606 0.13819111702944872 0.09661696379711296 0.16162844118721165 0.09372962720258261 0.16582934043533842
0.10562687921757574 0.07560888006950678 0.24145267089974054 0.13443254430450163 0.09333291934906467 0.08352615076340117 0.14882235266920812 0.11719760272700142
0.07274523917989419 0.1058330907196327 0.08293478543363277 0.08535147768839466 0.14143795452611263 0.2445102179495324 0.09648427912601135 0.1707029553767893
0.10132963946907099 0.0747910625007869 0.20775894548401602 0.13420321096726903 0.10666725240803918 0.10484043423676825 0.14962656506350738 0.12078288987054212
0.12086886383092683 0.08097162974743574 0.18783718147212075 0.09371600561876751 0.14681190586099452 0.11802007001634926 0.13931513671088425 0.11245920674252102
0.12451007875743077 0.08002508336038275 0.17879002172427527 0.09190347320826062 0.15802222290631768 0.1198442666480059 0.1366206855454143 0.11028416784991273
0.10999575076001408 0.07002492653822191 0.2463567520985062 0.12876395682135197 0.10632103450576742 0.07908781553162325 0.1435622026052984 0.11588756113921676
0.0832079647698725 0.11908012499715082 0.1359698335181028 0.13840601429900573 0.09902264649780439 0.16435081514775743 0.09387538361149955 0.1660872171588069
0.10262316835995541 0.08124137224540792 0.23114463290503987 0.1327112580900131 0.09585397060985129 0.08902231656358629 0.14796314894513402 0.11944013228101179
0.10402166312391528 0.07407821093175142 0.2693648810393361 0.12841288483911228 0.09216600983390608 0.07321397033227499 0.14317078354450277 0.11557159635520103
0.10292511424421147 0.07215576734418838 0.2840078927581353 0.12647601005913583 0.09011065364855939 0.0694848401848243 0.14101131270772307 0.11382840905322225
0.102129251608858 0.07152777924842779 0.2895695632317442 0.1257410784012452 0.08919955617452564 0.06847388201925722 0.14019191875482118 0.11316697056112068
0.11916931396472596 0.0835184923474717 0.21352566312418167 0.09184901690399128 0.13872756012855564 0.10645140065467928 0.13653973259160493 0.11021882028478952
0.10729643584401777 0.07367495108710939 0.26009517277785626 0.12683567829476652 0.1008110218023998 0.0757223137790222 0.14141231594953818 0.11415211046528988
0.10385323469858333 0.07219813923713368 0.2801429192982351 0.12660662592259836 0.09208434400055338 0.07001183386452635 0.1411569396480313 0.11394596333033853
0.13667373533676638 0.09552559527388614 0.24015125851420185 0.10494928394168615 0.11967487818026443 0.09156027364681267 0.11701061955886499 0.09445435554751752
0.09945579293975716 0.14675339998510623 0.15226878644169384 0.15463868560039923 0.08620439579912086 0.14284009517075166 0.07866402702281179 0.1391748170403593
0.1466366901382376 0.1038027350105231 0.19812578689761526 0.10786975422673528 0.12217328106059096 0.10793520197423973 0.11941625213541714 0.094040298556641
0.10442737772959612 0.1529439657412566 0.10098656344645841 0.11094869730764345 0.11880738711733076 0.20349541197553248 0.07525215991301033 0.1331384367691721
0.10766386258160221 0.08531185676138024 0.21360887210361434 0.13170843688954706 0.10013000566526986 0.0961942946539765 0.14684507814401737 0.11853759320059234
0.10570475606532428 0.0749088933001492 0.26221195287974647 0.1289813385852127 0.0935085638998379 0.07479672349355461 0.14380456704948344 0.11608320472669145
0.10355976403771729 0.07242784504014611 0.2812272460006483 0.12678924408711104 0.09060499174161557 0.06992004414112002 0.1413605452732417 0.11411031967839996
0.10237413632483776 0.0716304645801139 0.28850326697645867 0.12587016964680214 0.08938850718649595 0.06861445674322746 0.1403358458599421 0.11328315268212194
0.10183705711488662 0.0713446211697975 0.2912741346950107 0.12551815306590558 0.08890310883703187 0.06821321371591624 0.1399433736421365 0.11296633775931503
0.10161350307034218 0.0712385947568111 0.2923287740455378 0.12538519315454688 0.08871454897739064 0.06807757889292618 0.139795133263353 0.1128466738390922
0.08111008891780283 0.1246710290696104 0.1461682567321536 0.13716560915845546 0.0944244961394621 0.15882772365011227 0.09303406534225674 0.16459873099014652
0.10178578290674987 0.08168123910265346 0.2354191487926723 0.13227751102445207 0.09454014469026403 0.08776686022498392 0.14747955333621746 0.11904975992200686
0.10367968117910521 0.07402692738783394 0.27105364530562787 0.12822406625556435 0.09175759005551279 0.07289616527156192 0.14296026491478592 0.11540165963000792
0.08158701166656024 0.12544443657405058 0.14121822726239353 0.1374338551207521 0.0952214812968393 0.16095835585260035 0.09321600608190143 0.1649206261449025
0.07649231429654334 0.13454146414288437 0.10930602055947666 0.13602548888888633 0.0947958597756297 0.19334749929310624 0.09226076637680986 0.16323058666666357
0.10184913563356736 0.08389477958515788 0.21995008679080522 0.1338494709435865 0.095743584427125 0.09501624743491956 0.14923217133561062 0.12046452384922787
0.12058983548507686 0.08641809050174942 0.1915861677949902 0.09324270121456953 0.14268045131036503 0.11497997431082341 0.13861153792494216 0.11189124145748343
0.1084334687653542 0.0745999680179822 0.25129703244342827 0.12785390226285245 0.10241093267621083 0.07778862411051415 0.14254755968709068 0.1150685120365672
0.13876930392022852 0.09638587004976688 0.22982093899564526 0.1054926340582281 0.12318171699835043 0.09378975093508247 0.11761641439029312 0.09494337065240528
0.11113854411522374 0.07459716984067338 0.26602540689403276 0.12560600887891354 0.09665439290756066 0.07289174305533744 0.14004132631723643 0.11304540799102218
0.10451451422543326 0.07212565592315512 0.28235045212722076 0.1262647201192025 0.09097757019169167 0.0693530991134111 0.1407757401926034 0.11363824810728225
0.10253018555036335 0.07154058459158004 0.28887915530015423 0.12576619600466715 0.08940600541114753 0.06846837372969863 0.14021992300818859 0.11318957640420042
0.10185578313115554 0.07132015605378936 0.29140833926106685 0.12549208125214356 0.08889084989503804 0.06817561176442782 0.13991430551544962 0.11294287312692922
0.10161237829239077 0.07123151459919276 0.2923782514362416 0.1253773899643109 0.08870707644420686 0.06806730500720996 0.1397864332885675 0.1128396509678798
0.10152205040398418 0.07119651483065104 0.29274885882674495 0.12533231602915318 0.08863899316425108 0.06802600310438461 0.13973617921459314 0.11279908442623784
0.1014880837712453 0.0711829325392122 0.2928902708182842 0.12531493805814004 0.08861335471642874 0.06801017177058648 0.139716804073777 0.11278344425232602
0.13557638146898496 0.09509726416522059 0.24461828757858645 0.10463664374831215 0.11837923467244446 0.09085715991835974 0.1166620490746107 0.09417297937348092
0.08634416820684246 0.1276133605401359 0.13356823229235976 0.1345559812641034 0.09973130657761232 0.1654557167446302 0.09126405685739186 0.16146717751692405
0.10330392914288568 0.0822345498512312 0.22982265138299404 0.13251638046813893 0.09593494783505171 0.08917692395852292 0.14774587493985042 0.11926474242132504
0.10421612433628755 0.07422108592553897 0.2688206884533212 0.12844983541574498 0.09221171885078074 0.07326371446421362 0.14321198067994254 0.11560485187417048
0.10298883834797522 0.07218592346067493 0.2837960036036971 0.12649966647951372 0.09013609955926515 0.06950608086627164 0.14103768785103993 0.11384969983156236
0.10215146107822674 0.0715366890964108 0.2894881838844814 0.12575083863840808 0.08921135707278265 0.06848291476424125 0.14020280069088184 0.11317575477456726
0.08122657513685658 0.1247638852623074 0.14551351311912403 0.13720655023750958 0.09455549116072064 0.15902429072433336 0.09306183407413693 0.16464786028501147
0.10183612363562324 0.08171035305548564 0.23514760351574857 0.13230733820477852 0.09458916303948116 0.08782000574820958 0.1475128084163725 0.11907660438430068
0.13764243998583214 0.09826990919116829 0.22476742014850593 0.10638045809189425 0.12181493086552064 0.09677615750206799 0.11860627193230597 0.09574241228270482
0.11110235289004461 0.07499940950970738 0.2641166241374029 0.1259205300559736 0.09656583657783856 0.07357477582072804 0.14039199395792873 0.11332847705037623
0.10458345338944794 0.07223146144815015 0.2816330902351368 0.12637155042424902 0.09102712573033003 0.06952407538054257 0.14089484801031943 0.11373439538182413
0.08171143542441466 0.12496451329102577 0.1436934170622062 0.13728031105249075 0.09499925839299843 0.15950282836522933 0.0931118631486459 0.16473637326298887
0.10201196379690841 0.08178122958933477 0.23438515995086748 0.13238427195149036 0.09473975448941743 0.08795319166300836 0.14759858380263177 0.11914584475634132
0.1377195790681603 0.09829763895102268 0.2244971235984663 0.10639949282258676 0.12187699756866925 0.09682213021424085 0.11862749423652584 0.09575954354032808
0.09976452265516783 0.1475866916343955 0.14812930639010552 0.15486313976054555 0.08670907695765578 0.14479223093944832 0.07877820587819058 0.139376825784491
0.12343281085071271 0.08713991375535317 0.16479995730035252 0.0904856630481723 0.1471026236257311 0.13030391602506236 0.1436280365844005 0.11310707881021537
0.08399827584653458 0.12603197457244944 0.11463927508371163 0.13486738417484723 0.10609394954615077 0.18105301050007164 0.09147526926641812 0.16184086100981665
0.10333500278536366 0.0825219381430084 0.22182045788412438 0.13330338566709732 0.0979178269444849 0.092505014470576 0.14862332700495776 0.1199730471003876
0.10450778302495389 0.07446555111481587 0.2656837156799924 0.1288284374546238 0.09289109051399196 0.0740437348030518 0.1436340936994089 0.11594559370916141
0.10316959894789751 0.07229758547441038 0.2825923835057641 0.12665099875806382 0.0903794576409301 0.06971766474250689 0.14120641204816967 0.11398589888225744
0.1364290282981133 0.0955214415823157 0.24105843618794381 0.104928021873465 0.11916654201853397 0.09147439641398995 0.11698691393951993 0.09443521968611848
0.08651410729803546 0.12772365856163945 0.13273899579912263 0.13458678801091495 0.09992114882893309 0.1657262040199837 0.09128495186827275 0.16150414561309792
0.10337245121033772 0.08226969339454919 0.229473540915701 0.13255197368192764 0.09600168722878058 0.08924831853795415 0.14778555871701485 0.11929677631373488
0.10424462206290058 0.0742343428933433 0.26868331345059704 0.12846615426483274 0.09223686290710714 0.073284990604019 0.14323017497885082 0.11561953883834947
0.10300035923484106 0.07219103873457806 0.2837430626730901 0.12650614485848916 0.09014568411214843 0.06951326925407662 0.14104491076013642 0.11385553037264023
0.10215599617719685 0.07153864156997294 0.289467907501407 0.1257533077704186 0.08921500436863937 0.06848561203017844 0.14020555358880998 0.11317797699337673
0.1017523772279445 0.07130903217367916 0.2916424299359852 0.12547268469135295 0.08883696897095529 0.06816841098019256 0.13989267979767261 0.11292541622221765
0.11902233271720633 0.08345428296924974 0.21417897355778107 0.09180842953691011 0.1385564514926544 0.10633001753748468 0.1364793967444216 0.11017011544429213
0.14128960442049646 0.0970371233693098 0.21439284662406236 0.10441955500596227 0.13274480823734475 0.09971845150991536 0.11642001132754301 0.09397759950536604
0.14755577891794394 0.09859280112812983 0.21345635082430708 0.10362621502954694 0.13035862029159398 0.09761114382357006 0.11553549645831579 0.09326359352659225
0.11364488670374803 0.07510743906467628 0.2591047478103195 0.1259712384704017 0.09854435124696867 0.07380469202471812 0.14044853005580607 0.11337411462336153
0.10532163954298876 0.07233866876680468 0.27961719933276874 0.1265374363777318 0.09156731481422392 0.06965424995661965 0.14107979846890398 0.11388369273995863
0.10281090813674877 0.07163214469270332 0.2878231087488277 0.1258873592490573 0.08961074587374304 0.06858209899111767 0.14035501098365047 0.1132986233241516
0.10195764132194957 0.07135744348531863 0.2910035531456254 0.12554064918904326 0.08896578357239368 0.06821988987491064 0.13996845514061987 0.11298658427013895
0.08118212180101941 0.12471009925602777 0.1458638035111475 0.13718435703385667 0.09449019387796205 0.15890141478682968 0.09304678129252889 0.164621228440628
0.10181333644534857 0.08169408136076418 0.23529242061835062 0.13229103412223045 0.09456381255645953 0.08778875360578511 0.14749463058105394 0.1190619307100074
0.13763077456063147 0.09826389579145908 0.224818265143985 0.10637648282673692 0.12180375713695112 0.0967661501878561 0.11860183980831714 0.09573883454406322
0.11109771988168161 0.07499737564806053 0.2641369212975637 0.12591822723936832 0.09656183612036749 0.07357208880826106 0.1403894264892659 0.1133264045154315
0.10458162427780986 0.07223067919597208 0.2816409178252016 0.12637055662408808 0.09102564469874233 0.06952333641920258 0.14089373999730415 0.11373350096167928
0.11996821068338494 0.0837111745884693 0.21097342729240826 0.09196137718534533 0.1394774227255889 0.10684797120596512 0.13670676369642382 0.1103536526224144
0.08351688829833158 0.1255068598425644 0.12570496913369902 0.13500216335878046 0.10460561883829318 0.17209421978488287 0.09156668471291197 0.16200259603053654
0.13450073130956722 0.10744821519059015 0.18511401786349288 0.10856883014953882 0.12716483292818237 0.1184452819588116 0.12104614346523208 0.09771194713458492
0.11184015126694662 0.07718974541400069 0.24829067032152716 0.12776838077139577 0.0990509693727759 0.07841633055278045 0.14245220960631735 0.1149915426942562
0.10534183755172577 0.07292138941452925 0.2755485695074957 0.1271529918225263 0.09207181724726476 0.07075960496330826 0.1417660968528763 0.11443769264027365
0.10297132857583502 0.07181739876482689 0.2862894027470457 0.12610177816285567 0.08985531974157822 0.06887909959016417 0.14059407207112415 0.11349160034657012
0.1362377762650755 0.09534658265846371 0.2423203579033448 0.10481157800558562 0.11890376504335394 0.09119243220247426 0.1168570877166753 0.09433042020502705
0.11011160834860242 0.07417811120962174 0.27103413141136945 0.1250952275649166 0.09536429301898265 0.07215908036794408 0.1394718432701383 0.11258570480842492
0.12146775901587971 0.0839548901820094 0.20732509562026208 0.09191533558347291 0.1408794489617606 0.10752074817355387 0.13663831976289406 0.11029840270016748
0.10803585296226713 0.07385665427233287 0.2575419273933357 0.12705878597417167 0.10145151170758224 0.07604129595130792 0.1416610643622481 0.11435290737675449
0.10411238510612057 0.0722807751965141 0.27914258316410684 0.1267173806550034 0.09229567629379073 0.07012513408557672 0.14128042290938436 0.11404564258950305
0.08163118730466287 0.12499332636286203 0.14311075238422027 0.13730727259368528 0.0952954842159058 0.15976309991922014 0.09313015010702133 0.16476872711242233
0.10201149141993471 0.08180021945824714 0.23414300424825665 0.13240999645373358 0.09482282207606492 0.0880162048325088 0.14762726470289397 0.11916899680836021
0.1037778012502763 0.07407424081357207 0.2705529746010186 0.12828384088880268 0.09185769103230965 0.07297108544404517 0.14302690917005315 0.11545545679992242
0.10282734923545409 0.07212590773074447 0.2844674322577491 0.12642218177045922 0.09000973117336147 0.06941613605593334 0.1409512981828851 0.11377996359341327
0.10209041745074912 0.07151256767965189 0.28974558274417717 0.12571961370101914 0.08916429101916831 0.0684518878584049 0.14016798721591237 0.11314765233091721
0.10172737923425879 0.07129885280026405 0.2917484823979407 0.1254596359636275 0.08881779523150735 0.0681560505650926 0.1398781314400444 0.11291367236726477
0.10157129126606465 0.07122099306843056 0.2925096370883697 0.125362752816247 0.08868203742876667 0.0680566968366983 0.13977011396080075 0.1128264775346223
0.1356140055774814 0.09511206329250034 0.24448615129067613 0.10464697179137825 0.11840886885407195 0.09087610050977157 0.1166735640718799 0.09418227461224041
0.10988786097159564 0.07409704278944525 0.27189577370896334 0.1250023164366432 0.09519261889493946 0.07205404810965424 0.13936825429577981 0.11250208479297888
0.1385406500280551 0.09578943393527867 0.2369305428474844 0.10488471234380618 0.1205228261912094 0.09199696649873579 0.1169386270460048 0.09439624110942556
0.12794311821295817 0.08582526013999295 0.19397852521574915 0.09039701687434254 0.14754575731595623 0.11145266496664778 0.13438123702514207 0.10847642024921106
0.14429456208542332 0.09751398105970048 0.20664932071043984 0.10449475670067133 0.1354822278872619 0.10101601492082213 0.11650385560507684 0.0940452810306042
0.11312895367316769 0.07516461083133064 0.2564155173745612 0.12630748366568667 0.09989813550137323 0.07458514529913873 0.14082341835562381 0.11367673529911802
0.10529857398282537 0.0724174997783532 0.27858482227385123 0.12666945794139386 0.09194367987553109 0.06985646134075915 0.14122699266003166 0.11400251214725447
0.10284260223742155 0.07166887956487952 0.28742999379966266 0.1259377399683369 0.08972336794475694 0.06864226878754724 0.140411181725892 0.11334396597150319
0.081366624165267 0.12481068924187975 0.145040941522723 0.13723135714022025 0.0946833447378524 0.15911075499825256 0.0930786596255407 0.1646776285682643
0.11595539366105656 0.09301459155984797 0.16712232236675814 0.09412599426832911 0.14359922021241872 0.133306672434586 0.13992461237500864 0.11295119312199495
0.12307024542972267 0.08651140285132809 0.17159557681675106 0.09169703633407812 0.15689448084514698 0.12388101085530057 0.13631380326677883 0.11003644360089375
0.10954017424099531 0.07493599381768683 0.2427593403618787 0.12837001655888622 0.10601352841130735 0.07972494309507164 0.14312298861117614 0.11553301490299761
