Action: 0
[0.1458549323822017, 0.10607732643684452, 0.21630950183619893, 0.10607732643684452, 0.10744893356153283, 0.10607732647268842, 0.10607732643684452, 0.10607732643684452]
[0.11972287207221222, 0.10512407316332013, 0.249532688947867, 0.10512407316332013, 0.10512407316332013, 0.10512407316332013, 0.10512407316332013, 0.10512407316332013]
[0.2519866281779868, 0.10633799179136878, 0.10992982322793803, 0.10633799179136878, 0.1063935819204604, 0.10633799950813955, 0.10633799179136878, 0.10633799179136878]
[0.125, 0.125, 0.125, 0.125, 0.125, 0.125, 0.125, 0.125]
[0.14457084895728922, 0.10516997703730083, 0.22440918237965152, 0.10516997703730083, 0.10517008347632915, 0.10516997703752676, 0.10516997703730083, 0.10516997703730083]
[0.11920603670102037, 0.10434984927309517, 0.24913130156528202, 0.10434984927309517, 0.1099134153682219, 0.10434984927309517, 0.10434984927309517, 0.10434984927309517]
[0.125, 0.125, 0.125, 0.125, 0.125, 0.125, 0.125, 0.125]
[0.125, 0.125, 0.125, 0.125, 0.125, 0.125, 0.125, 0.125]

Action: 1
[0.10631155419080776, 0.10631155419080776, 0.10631155419080776, 0.10631155419080776, 0.2519576880790655, 0.11017298677608796, 0.10631155419080776, 0.10631155419080776]
[0.10683666386208061, 0.10496066571706637, 0.10496066571706637, 0.10496066571706637, 0.24989052049470484, 0.1184694870578828, 0.10496066571706637, 0.10496066571706637]
[0.10703107609802849, 0.10662352195444758, 0.10662352195444758, 0.10662352195444758, 0.1077122607506367, 0.252139053379097, 0.10662352195444758, 0.10662352195444758]
[0.125, 0.125, 0.125, 0.125, 0.125, 0.125, 0.125, 0.125]
[0.10631530191555352, 0.10631530191555702, 0.10631530191555352, 0.10631530191555352, 0.11014715861798355, 0.2519610298886919, 0.10631530191555352, 0.10631530191555352]
[0.10670088187792187, 0.10670088136947324, 0.10670088136947324, 0.10670088136947324, 0.145442218363825, 0.21435249291088684, 0.10670088136947324, 0.10670088136947324]
[0.125, 0.125, 0.125, 0.125, 0.125, 0.125, 0.125, 0.125]
[0.125, 0.125, 0.125, 0.125, 0.125, 0.125, 0.125, 0.125]

