Action: 0
[0.17784652128826806, 0.10180885255551593, 0.22233096495604185, 0.09951248925470059, 0.09996238545993363, 0.09951380797613885, 0.09951248925470059, 0.09951248925470059]
[0.1077705156023109, 0.10152762059164895, 0.2830637608477954, 0.10152762059164895, 0.10152762059164895, 0.10152762059164895, 0.10152762059164895, 0.10152762059164895]
[0.10018851247737229, 0.09916963285597084, 0.14554157732399484, 0.09916963285597084, 0.15924991917346662, 0.19834145960128277, 0.09916963285597084, 0.09916963285597084]
[0.125, 0.125, 0.125, 0.125, 0.125, 0.125, 0.125, 0.125]
[0.1100480396516644, 0.10365621790547669, 0.2695083935472415, 0.09660043275419246, 0.13038561787437855, 0.09660043275866155, 0.09660043275419246, 0.09660043275419246]
[0.11867285585998422, 0.1574163167059144, 0.20816874255913953, 0.09473947020623824, 0.13678420396754942, 0.09473947028869771, 0.09473947020623824, 0.09473947020623824]
[0.125, 0.125, 0.125, 0.125, 0.125, 0.125, 0.125, 0.125]
[0.125, 0.125, 0.125, 0.125, 0.125, 0.125, 0.125, 0.125]

Action: 1
[0.19809092060003103, 0.09926151738099617, 0.09904546030001551, 0.09904546030001551, 0.16321096943554378, 0.14325475138336685, 0.09904546030001551, 0.09904546030001551]
[0.1035827720234827, 0.1035827720234827, 0.1035827720234827, 0.1035827720234827, 0.17133782381213825, 0.2071655440469654, 0.1035827720234827, 0.1035827720234827]
[0.13345229679915016, 0.09669214994531061, 0.09669214994530097, 0.09669214994530097, 0.22246293255744296, 0.1606240209168924, 0.09669214994530097, 0.09669214994530097]
[0.125, 0.125, 0.125, 0.125, 0.125, 0.125, 0.125, 0.125]
[0.09915027125848848, 0.09913999342663116, 0.09913999342663116, 0.09913999342663116, 0.1701829261951633, 0.23496683541319252, 0.09913999342663116, 0.09913999342663116]
[0.10108149592786847, 0.10051452227201761, 0.10051452227201761, 0.10051452227201761, 0.11532821476089301, 0.28101767795115035, 0.10051452227201761, 0.10051452227201761]
[0.125, 0.125, 0.125, 0.125, 0.125, 0.125, 0.125, 0.125]
[0.125, 0.125, 0.125, 0.125, 0.125, 0.125, 0.125, 0.125]

