Action: 0
[0.1052813163341055, 0.10527206797906966, 0.2500449663579512, 0.10527206797906966, 0.11831236774191596, 0.10527307764974873, 0.10527206797906966, 0.10527206797906966]
[0.10764406942306148, 0.10670054456688792, 0.2521432977118646, 0.10670054456688792, 0.10670991003063425, 0.10670054456688792, 0.10670054456688792, 0.10670054456688792]
[0.1446891094297898, 0.10941942097212772, 0.22390572861176655, 0.10438262994321575, 0.10438263066939044, 0.10445522048727825, 0.10438262994321575, 0.10438262994321575]
[0.125, 0.125, 0.125, 0.125, 0.125, 0.125, 0.125, 0.125]
[0.14469839036055945, 0.10439162876613983, 0.2238692038422726, 0.10439123564358267, 0.10439123569839677, 0.10947583440188328, 0.10439123564358267, 0.10439123564358267]
[0.11015383926701092, 0.10606758885299596, 0.2519360649905002, 0.10606758885272215, 0.10757215119747413, 0.10606758913385243, 0.10606758885272215, 0.10606758885272215]
[0.125, 0.125, 0.125, 0.125, 0.125, 0.125, 0.125, 0.125]
[0.125, 0.125, 0.125, 0.125, 0.125, 0.125, 0.125, 0.125]

Action: 1
[0.2497059149165702, 0.1051522127716268, 0.1051522127716268, 0.1051522127716268, 0.11935442563339022, 0.10517859559190545, 0.1051522127716268, 0.1051522127716268]
[0.14455247246460087, 0.1051569486634041, 0.1051569486634041, 0.1051569486634041, 0.1051569486634041, 0.22450583555497453, 0.1051569486634041, 0.1051569486634041]
[0.10527377865764219, 0.10527377865597842, 0.10527377865597842, 0.10527377865597842, 0.11831180189251436, 0.2500455261699514, 0.10527377865597842, 0.10527377865597842]
[0.125, 0.125, 0.125, 0.125, 0.125, 0.125, 0.125, 0.125]
[0.10679949805362, 0.1067994981312002, 0.10679949805361977, 0.10679949805361977, 0.10704919572413586, 0.2521538158765648, 0.10679949805361977, 0.10679949805361977]
[0.10526055378991309, 0.10526055357637659, 0.10526055357637659, 0.10526055357637659, 0.14474856943862616, 0.22368810888957777, 0.10526055357637659, 0.10526055357637659]
[0.125, 0.125, 0.125, 0.125, 0.125, 0.125, 0.125, 0.125]
[0.125, 0.125, 0.125, 0.125, 0.125, 0.125, 0.125, 0.125]

