Action: 0
[0.10479305034791063, 0.10064958244539031, 0.207560955796337, 0.09972137024092266, 0.16112356462472857, 0.12670873606286556, 0.09972137024092266, 0.09972137024092266]
[0.10374887682156637, 0.1256134213794538, 0.2628476991117972, 0.10155800053743655, 0.10155800053743655, 0.10155800053743655, 0.10155800053743655, 0.10155800053743655]
[0.20567042687464474, 0.10280800776622967, 0.16506507599272766, 0.10280800776622967, 0.11522445742761389, 0.102808008640095, 0.10280800776622967, 0.10280800776622967]
[0.125, 0.125, 0.125, 0.125, 0.125, 0.125, 0.125, 0.125]
[0.10069401342988947, 0.11385080343478059, 0.2576317014681606, 0.0997626016174689, 0.1287730751972141, 0.09976260161754852, 0.0997626016174689, 0.0997626016174689]
[0.16548758393412044, 0.10198608036197343, 0.11509520412230942, 0.10198608036195325, 0.20923477790985348, 0.10223811258588335, 0.10198608036195325, 0.10198608036195325]
[0.125, 0.125, 0.125, 0.125, 0.125, 0.125, 0.125, 0.125]
[0.125, 0.125, 0.125, 0.125, 0.125, 0.125, 0.125, 0.125]

Action: 1
[0.10170450073003347, 0.10170450084970492, 0.10170450073003347, 0.10170450073003347, 0.1550752046862857, 0.23469779081384196, 0.10170450073003347, 0.10170450073003347]
[0.15469674849829596, 0.12931257717301384, 0.0986426011487909, 0.0986426011487909, 0.2146596839958229, 0.10676058573770368, 0.0986426011487909, 0.0986426011487909]
[0.10103673010023269, 0.10681133814274353, 0.10101156071430957, 0.10101156071430957, 0.12595861997255586, 0.26214706892722955, 0.10101156071430957, 0.10101156071430957]
[0.125, 0.125, 0.125, 0.125, 0.125, 0.125, 0.125, 0.125]
[0.10418760248691998, 0.10477204327422347, 0.10418260419405795, 0.10418260419405795, 0.20870921900891704, 0.16560071845370763, 0.10418260419405795, 0.10418260419405795]
[0.10851557247597772, 0.10349867232103849, 0.10349867232103849, 0.10349867232103849, 0.16598010772527197, 0.20801095819355803, 0.10349867232103849, 0.10349867232103849]
[0.125, 0.125, 0.125, 0.125, 0.125, 0.125, 0.125, 0.125]
[0.125, 0.125, 0.125, 0.125, 0.125, 0.125, 0.125, 0.125]

