0.125 0.125 0.125 0.125 0.125 0.125 0.125 0.125
0.099626400996264 0.07845579078455792 0.199252801992528 0.15691158156911583 0.08685378548392246 0.06839735606858895 0.17370757096784492 0.1367947121371779
0.09444644354078607 0.15741073923464347 0.10039762527401264 0.1416696653111791 0.1180580544259826 0.19676342404330432 0.10625224898338434 0.08500179918670747
0.06430745814307458 0.11377473363774733 0.056062912227295786 0.09918822932521562 0.12861491628614916 0.22754946727549466 0.11212582445459157 0.19837645865043124
0.10932790581880525 0.08825264686578256 0.13665988227350656 0.1103158085822282 0.1311934869825663 0.12787944045022928 0.1639918587282079 0.13237897029867382
0.07092065790868984 0.12547501014614357 0.0886508223858623 0.15684376268267947 0.09532356285345717 0.16819268194091755 0.10638098686303477 0.18821251521921534
0.1322081893289135 0.10411394909651937 0.17151880663858002 0.12493673891582326 0.11525842146623229 0.10473458050886332 0.13831010575947875 0.1089192082855895
0.08399145165311059 0.16286632856634475 0.07322331682578871 0.12954894515331852 0.11150159976761238 0.19554164365889637 0.08786798019094645 0.15545873418398218
0.12282798357129023 0.11445456071013739 0.1535349794641128 0.12393787498910308 0.12222693626621381 0.11329209599124838 0.1381814815177015 0.11154408749019278
0.08984996934241517 0.07201581147472866 0.16103090648959772 0.12998880403377164 0.10776515010807058 0.09012570592337313 0.19323708778751725 0.15598656484052598
0.10882404436607787 0.08569893493828634 0.15879736944488543 0.10283872192594361 0.1360300554575974 0.11602640491066307 0.16323606654911685 0.1285484024074295
0.07539336705090059 0.13070961517556587 0.09833145058534562 0.15097856858503128 0.09260947953351188 0.1684003815534121 0.10240285521419513 0.18117428230203753
0.12981412201664488 0.10222862108810785 0.17651497231746227 0.1226743453057294 0.12292540300599833 0.10309012809493151 0.1358055430327977 0.1069468651383282
0.09568941441170238 0.157290197624739 0.082579558175428 0.12477045604206703 0.10862973778733717 0.1966891706971049 0.08462691801114111 0.14972454725048046
0.10272467275564559 0.0842147434656395 0.19542703878899031 0.1459548652463353 0.09001716342414418 0.08757335500200228 0.162728782595541 0.13135937872170178
0.09253938261570858 0.07287476380987053 0.24412068217331803 0.14574952761974105 0.08752315261135829 0.06877808201771177 0.16135071840687654 0.12706369074541526
0.0715454571607503 0.1192424286012505 0.12418758430226853 0.1430909143215006 0.09690761437251048 0.15884417259871825 0.10731818574112546 0.17886364290187573
0.07168860572758123 0.1194810095459687 0.10536696316838233 0.14337721145516247 0.10155315842845651 0.17177862876412398 0.10753290859137184 0.17922151431895306
0.07091085792243815 0.1181847632040636 0.10144389892369313 0.1418217158448763 0.10110870295829384 0.1828866294568822 0.10636628688365724 0.17727714480609538
0.07026212334324487 0.11710353890540814 0.10002210914957162 0.14052424668648975 0.10021597785003336 0.19082351069227257 0.10539318501486733 0.1756553083581122
0.0869494511884833 0.14491575198080553 0.09270637818795188 0.13042417678272494 0.12396405693447303 0.24496754626888254 0.09781813258704372 0.07825450606963498
0.08697015497202425 0.15637495554535616 0.07638096133428554 0.11915720566836695 0.10413172022661045 0.2331766855197284 0.08081966993158801 0.14298864680204032
0.11383512788369236 0.09431175932466554 0.1403600333521524 0.10204243675220089 0.1339043743727533 0.1414024083832497 0.1516929358286449 0.12245092410264106
0.11723441323959173 0.08889069553994418 0.1513578651878247 0.10161353919754307 0.14417858144335716 0.12373330754759354 0.15105535080709387 0.12193624703705168
0.10240431816890984 0.07691707893481096 0.2207607992250852 0.14132179651038362 0.09523955159828137 0.07860358199683062 0.15756325670635307 0.12718961685934527
0.0991049038841665 0.07501733540253493 0.245122509019128 0.13939561093099356 0.08839075076970829 0.07209713662504902 0.15541570353052564 0.1254560498378942
0.07597957631993613 0.12631286473063977 0.12453289128114374 0.1468901760757475 0.08993530542936605 0.16045111631654557 0.0996298585557244 0.176268211290897
0.06997260132124193 0.11662100220206988 0.10326088640256513 0.13994520264248386 0.09849140417342621 0.1918184979732453 0.1049589019818629 0.1749315033031048
0.07351122239063781 0.12953724975190647 0.09921816102967636 0.14508697943960439 0.08994786774642573 0.19018732347692716 0.09840682083729689 0.17410437532752523
0.0694805765393381 0.11580096089889685 0.0987089955522256 0.1389611530786762 0.09993975390970468 0.19918625386380612 0.10422086480900718 0.17370144134834528
0.07320947639647661 0.1290068994761171 0.09815372522228014 0.14453737846667214 0.0919827615003993 0.19163085677456643 0.09803404800348196 0.17344485416000652
0.0925106749735318 0.0728521565416563 0.21877010223301177 0.1457043130833126 0.09311306768213791 0.08872474848550901 0.1613006640564144 0.12702427294442636
0.09167386154733256 0.14995060331195242 0.09973779532542044 0.12181996736268232 0.11173579030676994 0.1962723043168043 0.0826257169938193 0.14618396083521878
0.11455165859759757 0.09176218040971551 0.14882915627672513 0.09955386864858103 0.1458209626612221 0.1320240188278812 0.14799351219998017 0.11946464237829724
0.10476649776091389 0.07556745830855438 0.22433829480411796 0.13818610646772517 0.10046877978604025 0.07823817073618713 0.1540671963155085 0.12436749582095266
0.101681035977162 0.07343119688747803 0.25104093536776495 0.13641028861907625 0.0918700521228926 0.07070993933047233 0.152087291937985 0.12276925975716863
0.11666843261251636 0.08447117629562265 0.1901981922972436 0.09824273195790896 0.13916608029587493 0.10731768874346632 0.1460444194478766 0.11789127834949076
0.0796296770731666 0.1244991983445455 0.11580844391561038 0.1431732731568069 0.10144648763307158 0.16652616333879658 0.09710882874983423 0.17180792778816825
0.07512719076146619 0.12966309297244694 0.10232602907428334 0.14398507930954407 0.09573961762435086 0.18271744998954748 0.09765944509690815 0.17278209517145285
0.09993527834170249 0.0796618671093968 0.2141954237258594 0.14090565892307105 0.09561408615782654 0.08577329835983619 0.15709929435154335 0.12681509303076394
0.10072493824894989 0.07357645773167339 0.2513083828228101 0.1361260355135646 0.09249238879732266 0.07148799398521317 0.15177037093825785 0.12251343196220814
0.09953814057164424 0.07215350678929906 0.2641026389228893 0.1341975943560059 0.09075666650376718 0.06885331497489 0.1496203029610991 0.1207778349204053
0.13207477797017345 0.09576742642947261 0.22476909475287285 0.11145055428841812 0.12026303504273289 0.09111056183071149 0.12425905082604229 0.10030549885957629
0.10420257377805368 0.07321808392278553 0.25516247195611935 0.13315478176281342 0.09515694174018949 0.0708081985119817 0.14845764474152479 0.11983930358653208
0.09959642410323588 0.07172918636767038 0.26728582467998613 0.13341067371836274 0.09075702896235774 0.06840831064631292 0.1487429451755477 0.12006960634652648
0.089396714735084 0.14196704946969177 0.1541601883111741 0.16525506615347352 0.08139595048951623 0.13503093765094998 0.08406453365198435 0.14872955953812614
0.10351997472901134 0.08152198009909643 0.16213536232594714 0.09782637611891572 0.14706837716591678 0.13036499731895082 0.15527996209351702 0.12228297014864466
0.07847068897438987 0.12353321885137253 0.11237285847672016 0.1424208301348228 0.1037097655851014 0.1719891657243608 0.09659847609144503 0.17090499616178734
0.10044234550157052 0.07847202622197669 0.21938317761790313 0.1394262474355048 0.09617882532923591 0.08516389425510515 0.15544986094674937 0.12548362269195432
0.10108953906110942 0.07284481122140592 0.2561694945256073 0.1348441793141382 0.09185014972733635 0.0715008678308706 0.1503411969368078 0.12135976138272439
0.07868753986849152 0.12339524340949781 0.13206297270155923 0.1434674914864975 0.09444276529989637 0.15847461192028842 0.09730838552997223 0.172160989783797
0.11483699873432279 0.08910722260151184 0.16180323805657768 0.09895308031536501 0.1431489568854165 0.1263064070371689 0.1471003999911993 0.11874369637843801
0.08092022003402093 0.12386696678945744 0.11216291571385803 0.14170271734917156 0.10265329885674801 0.17253921214873488 0.09611140828900333 0.1700432608190059
0.10146796174661088 0.08205307489423842 0.21857127941954144 0.13848395300799543 0.09551564016448809 0.08487326007937387 0.15439927298055606 0.12463555770719587
0.0795219250968701 0.12841324094496628 0.12424685118281707 0.1429034326174926 0.09475472398014102 0.16174990056572683 0.09692580647099497 0.1714841191409911
0.13236074516412977 0.11125146682222894 0.1829647879728414 0.11314304407516453 0.12309907647506405 0.10920608918986664 0.12614605063305653 0.10182873966764805
0.10832651571093006 0.08004304086034425 0.2407494186490743 0.1330221792203018 0.09586076861620607 0.07396831284253552 0.14830980280233644 0.1197199612982716
0.10290263649358079 0.07579917411304743 0.26246819234609947 0.13246704525863623 0.09045275476524055 0.0689989864276361 0.14769086986298693 0.11922034073277259
0.10126690000540611 0.07484682829677403 0.26997854837128854 0.13166148508538456 0.088993435375568 0.0679647359024905 0.14679273038624216 0.1184953365768461
0.100719340651958 0.07455460959293093 0.27256900673715045 0.1313301703710493 0.08853420966692273 0.06767217044130716 0.14642333920473707 0.1181971533339444
0.07932642932953379 0.12876662901400782 0.1348841222193381 0.1418251366059534 0.09298548517965603 0.15582759324380724 0.09619444048055971 0.17019016392714406
0.08751364343695346 0.16041320865385592 0.12287729642369236 0.162987017645385 0.08066880363871377 0.1559409270835528 0.08291078723700021 0.1466883158808465
0.09195076705746905 0.07241122905775688 0.22860581500063235 0.14482245811551375 0.09215344652109181 0.08347639358509082 0.16032441435661268 0.1262554763058325
0.0940121751130706 0.15398911032377396 0.10521945195649358 0.11884128206947658 0.11229217860790733 0.19243087212921756 0.08060539131668845 0.14260953848337188
0.11738029248508441 0.0987218859103627 0.15105351522901306 0.0963625773154945 0.14508966840243692 0.1325075245861307 0.14324944329288433 0.11563509277859338
0.0812397676823161 0.13184838171417076 0.10907158284210709 0.13964206441531765 0.10186781245815289 0.174046165551339 0.09471374803821546 0.16757047729838118
0.10190396132269051 0.08512523700308972 0.21678361675193883 0.13767610326913207 0.0952896151437419 0.08581439275817081 0.15349858080901738 0.12390849294221887
0.10297055537148296 0.0769748072456442 0.2547671008139362 0.13349845313258366 0.09128532843792936 0.07151433450739683 0.14884081267170146 0.12014860781932529
0.08006136794134326 0.12918683972655973 0.13129095624162504 0.1417455425815114 0.09369676100318897 0.15778342643962856 0.09614045496832947 0.17009465109781366
0.07590684054002027 0.13856330642969225 0.1054194983118079 0.14062679424230617 0.09324760625550836 0.18210214938294209 0.0953816517469555 0.1687521530907674
0.10114022938562793 0.0861112574071312 0.215659910582014 0.13795405229434943 0.09409795638992137 0.08706947364637155 0.15380847322967017 0.12415864706491447
0.1192229362856599 0.0892347674156723 0.18402023181130897 0.09657336088514089 0.14086915811936224 0.11062872519441735 0.1435627872262691 0.11588803306216905
0.10666488382610585 0.07725695415407802 0.24139475970444949 0.13280740443759553 0.09958320577603713 0.07469578316031011 0.14807034494758786 0.11952666399383599
0.10324881257573397 0.07525606562351508 0.26272775820161837 0.1320355914368035 0.09136131607791322 0.06932859274160283 0.14720983104968988 0.11883203229312317
0.10198769773338603 0.0745897021157795 0.27005241065815844 0.13126466999903413 0.08939015650465837 0.0682268488118252 0.14635031117802758 0.11813820299913069
0.08005364420415657 0.12849439888781494 0.13431530593779026 0.14146543369721648 0.09341728618485876 0.15654494257860863 0.09595046807289466 0.16975852043665976
0.07595390126076787 0.13836430398754265 0.10599774921549845 0.14053665119326203 0.09351391205366917 0.1816689896132198 0.09532051124412556 0.16864398143191442
0.10119454446104269 0.08603741252990457 0.2158151460774427 0.13785516225171113 0.09436403731262981 0.08696583312874676 0.1536982182119824 0.12406964602654001
0.10310669951686267 0.07704897754930964 0.2544096547071734 0.1334178789430403 0.09155266577421617 0.07163705399730173 0.14875097846335983 0.12007609104873627
0.10221970947738476 0.07500073770093024 0.2673048409461341 0.13162905124562618 0.08991126111643298 0.06871168431708066 0.14675656907534737 0.11846614612106357
0.08008349057697337 0.12856756670677325 0.13376294079064244 0.14145234126070388 0.09377059348900442 0.156678669677537 0.0959415879855209 0.16974280951284465
0.10117678356549252 0.08410141259691722 0.22571138396334053 0.13662042815131556 0.0936053823436922 0.08350464220868091 0.15232158183437722 0.12295838533618401
0.10274234733529251 0.07653627288087655 0.25769837459071 0.13289306186976507 0.09109228664775712 0.07126805440069908 0.1481658465921112 0.11960375568278855
0.10200984433052795 0.0748321239952771 0.2683663523618831 0.1314211422934125 0.08970585576759858 0.06886088707800692 0.1465247661092226 0.11827902806407126
0.10151936965073266 0.07436748117454922 0.2719082475424581 0.13093511295472574 0.08915099948387756 0.06829430786697042 0.145982879667433 0.11784160165925316
0.11821470936189096 0.08661327145536375 0.19915982868529236 0.09537469569883565 0.1383935920158834 0.10601337702466809 0.14178089091946317 0.11444963483860278
0.10599862877474664 0.07649192814093059 0.2465260148900089 0.1319706549962966 0.09899624923104404 0.0741055027057786 0.14713743176452768 0.11877358949666693
0.10298130054306041 0.07497436709343037 0.26437741798670533 0.1316657857031348 0.091318425726932 0.06938597055982369 0.1467975252540921 0.11849920713282133
0.08023055298836539 0.12846588676098897 0.1331072567126144 0.14133440611579978 0.09397078273670342 0.15742823015498233 0.09586159719158595 0.16960128733895974
0.10128611471059186 0.08408540689973232 0.22543758906483113 0.1366052804885583 0.09372727611442226 0.0836088869613361 0.15230469332082544 0.12294475243970247
0.10285491982852078 0.07652291828622498 0.2575752006988695 0.13286757599430435 0.09118874604020201 0.0712723890141012 0.14813743174290347 0.11958081839487389
0.09216642959532483 0.14799421852904007 0.15134105764566275 0.1624402119813249 0.0810393157202912 0.13618994617205502 0.08263262957310877 0.1461961907831924
0.10304628667220239 0.08589252045064528 0.23159762920581856 0.13556424492135327 0.09066879210709547 0.0800786898610538 0.15114401635261326 0.12200782042921794
0.08029270782433094 0.1308356062095927 0.1264912121390038 0.1415632866102087 0.0940044520197534 0.16091995339010984 0.09601683787475025 0.16987594393225044
0.11545935902508746 0.096172631995132 0.15861117433675614 0.097304616562399 0.14245018596171463 0.12858664433933137 0.1446498479047006 0.1167655398748788
0.10667151119387641 0.07857801893262553 0.23228229876683212 0.13359510986824005 0.10113914145205855 0.0785497431861821 0.14894857771876913 0.12023559888141606
0.10353211939213049 0.07553307429247387 0.25952510708629817 0.13222498463264337 0.09223988815265219 0.0705213499451922 0.14742099032923076 0.11900248616937904
0.08028568965372858 0.12852812699180177 0.1320812196250444 0.14127509264813215 0.0942628674198026 0.15821552529630314 0.09582136718742877 0.16953011117775857
0.08772708008184657 0.15952212822628484 0.12172484985106603 0.1619222565670623 0.08122786211271421 0.15977664434481637 0.08236914790585342 0.14573003091035608
0.12465296433069224 0.09816420941042014 0.1873033292392665 0.11779705129250417 0.1250762513231937 0.11390515110552867 0.13040617806903188 0.1026948652293626
0.0722763097855584 0.11478656472985449 0.07080936929025691 0.0847669992082051 0.14456967937891213 0.24743351486848406 0.09582356432231881 0.1695339984164102
0.1003882619535776 0.08297699594076635 0.20043018093102397 0.13708945744485115 0.10419929905443359 0.09869077848049797 0.15284451449448327 0.12338051170036604
0.10342399550291352 0.07684268197104294 0.24876096393852137 0.13364391141041407 0.0937311519012176 0.07431478721013081 0.14900298779638704 0.12027952026937269
0.13646227210434358 0.09977518169317257 0.2205228152961122 0.10945454632668589 0.12038928205691306 0.09285315992422648 0.12203365090452889 0.0985090916940173
0.08453654852466576 0.13150808008859305 0.12286839095743307 0.13873781831279744 0.09829544646249228 0.16346790038824235 0.09410043329041914 0.16648538197535692
0.10234402997835704 0.08450239417930071 0.22126775385551392 0.1365682997251656 0.09471013812335645 0.08543245185625631 0.152263462529401 0.12291146975264902
0.08019334718355906 0.13038903777207245 0.12427505242369821 0.14138039476641373 0.094776175374195 0.16343672926662356 0.0958927894937415 0.16965647371969647
0.07577226432366624 0.1381208097679168 0.10357015295774401 0.13980133951671722 0.0937062483075437 0.18644579959936067 0.09482177810699081 0.16776160742006066
0.10116848623574155 0.08587632036027526 0.21447921305715814 0.13750949100710305 0.09452786312358194 0.08936726373914133 0.15331282057060594 0.12375854190639275
0.07999708057525447 0.13066290272545344 0.12288206584189577 0.14139069594625467 0.09480112619032066 0.16469751720437745 0.09589977638093795 0.1696688351355056
0.10156409422119612 0.0845071228693415 0.22153818783658633 0.13680048750093854 0.09424073765077423 0.08570659659837684 0.15252233457194192 0.12312043875084469
0.10313233243665028 0.07659370254202076 0.25610994152435723 0.13288013843798663 0.0914967378831785 0.07204358465150522 0.14815143793011343 0.11959212459418796
0.08033273827307821 0.12868723808529217 0.13133743002550555 0.14120922745377776 0.09419730407738072 0.1590082957370004 0.09577669340343187 0.1694510729445333
0.0758511697081739 0.13783271027744481 0.1050104229195927 0.13984360118994407 0.09368702860419822 0.1851123033264905 0.09485044254622295 0.16781232142793287
0.07483264485782613 0.13909313266538068 0.09938752041410215 0.13925630617524912 0.09321611170863771 0.19265461344964085 0.09445210331886462 0.16710756741029892
0.07459495648426089 0.13916563608007632 0.09815283454248631 0.13906601858003184 0.09300622685578072 0.19481206647226063 0.09432303868906508 0.16687922229603822
0.10110598096398474 0.08611457082657265 0.21243870002943974 0.1376660081144475 0.09456612227950485 0.09072188501813397 0.15348732546491387 0.12389940730300275
0.08003419050680537 0.13068642243514056 0.12245031228566985 0.14136306132556892 0.09484442630843733 0.16510488064861384 0.09588103289908154 0.1696356735906827
0.10160198053010214 0.08451191256725496 0.2213618222855211 0.13679929021175216 0.09431511198804884 0.08576952154289491 0.15252099968384902 0.12311936119057695
0.10317012185262758 0.07658980659090588 0.2560312661830261 0.1328696084684924 0.09156805546746886 0.07204879601589001 0.14813969779994604 0.11958264762164318
0.1023644327440049 0.0747848314748879 0.26763584234986215 0.1312970507398352 0.09005849677561457 0.06930558696239608 0.14638641328754756 0.11816734566585167
0.10182894382414144 0.07428800331526886 0.2714964759834287 0.13077479635523195 0.08945141641711864 0.06865890876217881 0.14580413862292277 0.11769731671970876
0.08008606044238496 0.1280828443903032 0.13438867414873382 0.1410241888315828 0.09378424236134084 0.1577537742811162 0.09565118894663877 0.16922902659789935
0.07584743056246394 0.1377080044873068 0.10561416368608383 0.13983081665416772 0.09364756777017838 0.1847132655589277 0.09484177129587028 0.16779697998500126
0.10119483734854658 0.08576490200235061 0.21519968362562628 0.13740550511220012 0.09452136055842603 0.08905187269393974 0.15319688405793058 0.1236649546009801
0.08007247136034311 0.13061747732292042 0.12301556935105708 0.14135872811127412 0.09485776459115194 0.16456942168033847 0.09587809384938592 0.1696304737335289
0.10161170097717494 0.08448703049131587 0.22155915977153404 0.1367708901452885 0.09431312570439353 0.0856749560503834 0.15248933572915002 0.12309380113075967
0.11942196073605342 0.08862595760884065 0.1852368402735807 0.09609642184509228 0.1413036872236761 0.11114564078862858 0.14285378531001777 0.1153157062141107
0.1068328338251516 0.07693761872978773 0.24141945783843316 0.13229086506155657 0.10033504752447779 0.07562795637417317 0.14749444209101903 0.1190617785554009
0.10345629172801568 0.07505293706018759 0.26247177797928894 0.1316862676617289 0.09196877681927206 0.0700259467465306 0.14682036110942012 0.11851764089555603
0.08959329265186873 0.06523214500401339 0.23642119349146143 0.11478852822934145 0.10510793019955224 0.08046981965836789 0.1706408568901852 0.13774623387520973
0.10044927581232753 0.07407718014859481 0.2614532523442637 0.1325403542336332 0.09332374011428753 0.07109727463733392 0.14777260389928953 0.11928631881026987
0.1354310158902784 0.09905246620561237 0.2243300185729177 0.10911870120000704 0.12021514991191416 0.09198660848791283 0.12165920865135113 0.09820683108000633
0.08447098577137355 0.13129231237075256 0.12360134902382586 0.13864327548760663 0.09847678570981812 0.16310705245990129 0.09403630859159406 0.16637193058512795
0.07642581196667621 0.13811531854987918 0.1033094950061855 0.13953863458734134 0.09438798840854945 0.18613279434340552 0.09464359563315325 0.16744636150480957
0.10135818365720958 0.0858294008677091 0.21425435249772218 0.13740261568916662 0.09468375664226619 0.08961567395879966 0.1531936625668768 0.12366235412024995
0.10338535162741176 0.07690069315284057 0.25358226193783595 0.13313917230819156 0.0918304351560024 0.07289658937583916 0.1484402413645061 0.1198252550773724
0.08042177412491858 0.12870172610413866 0.13078849950063134 0.14115164297376098 0.09430369665330836 0.1595130529707867 0.09573763610394224 0.16938197156851317
0.10145472941323323 0.0840375752033302 0.22429734420008418 0.13639759264359244 0.09397383429201576 0.08500795399572965 0.15207313687278143 0.1227578333792332
0.08011407705085082 0.1302052856499013 0.1248256478639813 0.1412658124000712 0.09472867130356787 0.163526458093233 0.09581507275830918 0.16951897488008544
0.07557655449879155 0.14039271959623603 0.10334117861754234 0.13920703197803047 0.09348514424990712 0.18653025012684407 0.09441868255901197 0.16704843837363653
0.11431159788384543 0.0993907647248371 0.1513124657164788 0.09696185562361373 0.14238166377157468 0.1351471147833746 0.14414031074793923 0.11635422674833647
0.08080568306752992 0.13310283890219549 0.10844439604649671 0.13835526103805526 0.1023759638428018 0.17704858419666059 0.09384095966059401 0.16602631324566633
0.1018664267405119 0.08661024053230112 0.21557512729956047 0.13670998277848967 0.09583562478118475 0.0879421848068161 0.15242142856049518 0.12303898450064071
0.09209367049690426 0.15228700689060953 0.14138035604309365 0.16218605920426793 0.08190635509867641 0.14167575582217495 0.08250334316043197 0.14596745328384114
0.09860311347410278 0.07121014145705779 0.23444827696744308 0.14242028291411557 0.0909744843048089 0.08051732093602104 0.15766510766235015 0.12416127228410075
0.07978840773895005 0.1293252956410025 0.12701902854543684 0.14150209259469063 0.09429487902193315 0.16229245297578532 0.0959753323685728 0.16980251111362876
0.10127987551921473 0.0857658102675981 0.22262832648508832 0.136247434623127 0.09393179622447505 0.08561834383389776 0.15190572188578486 0.1226226911608143
0.11918431021359026 0.08988561979066084 0.18529747006906563 0.09585596526495482 0.14094020517210712 0.11131294071810086 0.14249633045357463 0.11502715831794579
0.09300332686548278 0.06808949044266016 0.2101982532562423 0.11505093793363247 0.11638442838906857 0.08818149105240844 0.1710309465401462 0.13806112552035898
0.11736333194680261 0.0872938071125807 0.18172363316979306 0.09603327608700249 0.14755001408396548 0.11203609139596821 0.1427599148994843 0.11523993130440299
0.10642318550562102 0.07783959212054822 0.23987718026005236 0.13211751497849694 0.10148237336148573 0.07605322060816758 0.14730116968498091 0.11890576348064724
0.10335822715901391 0.07607207942233181 0.2617308817918016 0.13150509588803114 0.09211357533016382 0.07024718600740096 0.14661836810202872 0.11835458629922803
0.1360034381109095 0.10039795703660839 0.22405180401720362 0.1087974496718621 0.11965152710945327 0.09187908217782316 0.12130103717146416 0.09791770470467588
0.08439278639161692 0.13336616327378065 0.12326098170557274 0.1381523375408568 0.09811160958185561 0.1632299918643602 0.09370332459292896 0.16578280504902812
0.10219716900074506 0.08626570975775448 0.22091958022228586 0.1360863455645155 0.09460185103725337 0.08572551380237715 0.1517261196070046 0.12247771100806396
0.10323617203477328 0.0777686865037879 0.25559186889907215 0.13257834755532294 0.09150465375240031 0.07218479483720172 0.1478149636176511 0.11932051279979061
0.10235636495988903 0.0758055721994133 0.2672714939766142 0.13106749701256823 0.08995968535895132 0.06944816116873227 0.14613047801252013 0.11796074731131144
0.10180838146411308 0.07526579536517984 0.2711718719678823 0.13055333584387951 0.08934898849320208 0.06879639792658292 0.14555722667966867 0.11749800225949157
0.10157563823792566 0.07510257027576414 0.27247473604987527 0.13038429907297663 0.08912969173767224 0.06861843216531073 0.14536876329479634 0.11734586916567898
0.10148830553590926 0.07505073612729096 0.2729105915005702 0.13032862976704596 0.08905413570097849 0.06856513840475434 0.14530669617310943 0.11729576679034136
0.11831720994396014 0.08750280664221 0.19902031485543376 0.09497801801388896 0.13843083296839703 0.10658599306118455 0.14119120289825882 0.11397362161666676
0.13977872805166647 0.10206291805523299 0.20249867704104998 0.10820936089118875 0.1307830030707404 0.09863352601981588 0.12064536206823581 0.09738842480206987
0.08492199568207472 0.13360582847060404 0.11879997026348518 0.1379985632151793 0.10016700978060485 0.16530933124475866 0.09359902548507813 0.16559827585821515
0.10242254729955476 0.08638895985250962 0.21925566387163 0.13622574789099817 0.09509393353696141 0.08612843164857346 0.15188154279787408 0.12260317310189836
0.08012750884636809 0.13225454059588482 0.12358645139343415 0.14088844454015695 0.09474144342951725 0.1637763588409526 0.09555911890549777 0.16906613344818833
0.08735066072086593 0.16273760394565934 0.1191210253499424 0.1608042508414128 0.08101720762111415 0.1624450025096238 0.08180042325411 0.14472382575727152
0.09866304353360127 0.0715602229585928 0.2285327120623187 0.1431204459171856 0.09128681222978269 0.08362487561054327 0.158440216888378 0.12477167079959768
0.11881395779282547 0.08789089479304375 0.18730323443709818 0.09611075806162915 0.14045877451708064 0.11121437366558773 0.14287509705878007 0.11533290967395497
0.08176037107909699 0.13080961724730764 0.11595712926545675 0.13861835865784214 0.1022818949643305 0.17021118991558434 0.09401940848097119 0.16634203038941056
0.0756345029588611 0.14011718181321672 0.10129841143026751 0.13870935509482762 0.09464872148846656 0.18905947329711914 0.0940811278034483 0.1664512261137931
0.10103621669349375 0.08778303741726808 0.21304091791866583 0.13703749374153154 0.09458491964250561 0.09039709137598664 0.1527865788431702 0.12333374436737839
0.10326211689069613 0.07816738571283258 0.2529287436115119 0.13292956426315986 0.09173070331808776 0.07313833433018078 0.14820654403668718 0.11963660783684388
0.10245041948714567 0.0759172213765743 0.26637201736191873 0.13117295782395533 0.09007193025549479 0.06971173270634451 0.1462480589470069 0.11805566204155979
0.08010337798405547 0.12978043788504035 0.1331310953266927 0.14066680810611007 0.09372941605826422 0.15837990332749138 0.09540879158501378 0.16880016972733206
0.11511902341054472 0.0974744855385843 0.15987099181436906 0.09668744589025276 0.14207698934298138 0.12901374668617074 0.14373238224879364 0.1160249350683033
0.10666666526700182 0.07974028305356717 0.23221029529892043 0.13302411339204503 0.1011121454310273 0.07921283624510884 0.14831195925948898 0.11972170205284052
0.10366499881260945 0.07650640736470497 0.25914117747110854 0.13183417140776033 0.09226492766782214 0.07095230026035806 0.1469852627486522 0.1186507542669843
0.10231422834292357 0.07552909948384182 0.2684065603630618 0.13086037207816437 0.08997673765686354 0.06923911803705246 0.14589954916774445 0.11777433487034793
0.11858829221998828 0.08762400239542266 0.19776492996756626 0.09503459588338899 0.13877152555539166 0.10689982921689856 0.14127530970127677 0.1140415150600668
0.09422345162928338 0.15072624730247247 0.13612895303759215 0.159765620814431 0.08816544381886428 0.1459291479892017 0.08127207667516707 0.1437890587329879
0.10373351473174701 0.08817403187930449 0.22521650524156722 0.13526740978139737 0.09220387593399604 0.08285092630529167 0.15081306732343855 0.12174066880325765
0.11971651596855644 0.09018626034410106 0.18596692438310874 0.09576689227245466 0.14034801595964366 0.11073120287748128 0.1423639174677087 0.11492027072694558
0.10680439524414564 0.07813237012554916 0.24137191261589247 0.13194425316477001 0.10001179186072887 0.07587745344795943 0.14710799569266148 0.118749827848293
0.11991642836646885 0.08822123207171736 0.19007178520362214 0.09526400552923192 0.1419512412767626 0.10864215836918602 0.14161634254793284 0.11431680663507832
0.12209315930821002 0.08897364952543693 0.1736248467199384 0.09421657428533409 0.15284191463320076 0.11513070073145988 0.14005926565401902 0.1130598891424009
0.12258578205419783 0.08906013917708328 0.16867451042109993 0.09416871944329555 0.15594460316984002 0.1165756561853311 0.13998812621719756 0.11300246333195466
0.1077447223458836 0.07821362030188717 0.23489327278678945 0.13229937439569034 0.10328703317295848 0.0769886106771163 0.14750392936355328 0.11906943695612131
0.10376726830668505 0.07621027530215628 0.25997934191624905 0.13165835236834492 0.09256226719509154 0.07054074013943494 0.14678923764052781 0.1184925171315104
0.13615985312194573 0.1004396614759389 0.2234945247386009 0.10881600449716491 0.11979061172422659 0.09204321597768622 0.12132172441698832 0.09793440404744841
0.14358441857849896 0.10348771803872162 0.20943409273720626 0.10719013294035669 0.12518227016745886 0.09514124892659123 0.11950899896484544 0.09647111964632102
0.1106400539012899 0.07902627044257415 0.2487625902716838 0.1302568413055533 0.09611851554947949 0.07273791395852817 0.14522665739589297 0.11723115717499796
0.08137428123747423 0.13040069967743456 0.12952198184539748 0.14056123625538236 0.0948415685529359 0.15928956259517915 0.0953371863297376 0.16867348350645883
0.13313256282702055 0.11253801799689325 0.1831419520356084 0.11151801427280245 0.12318533069723932 0.11178364565061008 0.12433426367430364 0.1003662128455222
0.10948634147934373 0.08102823343027335 0.23996478265565033 0.13165512570043325 0.09665682926798165 0.07593343418932531 0.14678564014660245 0.11848961313038993
0.10398012863458324 0.07647301973404595 0.26171924550086106 0.13145964936755172 0.09120193942897065 0.07028463427996505 0.14656769862322558 0.11831368443079655
0.10229719707706803 0.0754613978333824 0.2692644810231168 0.13074426378185489 0.08970859243757036 0.06908413336118056 0.1457700970821576 0.1176698374036694
0.08006876141125732 0.12965404538730982 0.13370626802173302 0.14063366806072025 0.09364761813327921 0.15814292332382587 0.09538631398901026 0.1687604016728643
0.10111416476435796 0.08560524086808266 0.22493779875797523 0.1358815869352954 0.09358800882798014 0.08508194258862398 0.15149782901591888 0.12229342824176584
0.1191017162689215 0.08979994926671642 0.18589061211593594 0.09578076905492222 0.14075998744415746 0.11134549674657039 0.14238454623686947 0.11493692286590668
0.10667400760496348 0.07807681756368645 0.24133679889432286 0.1319345714206335 0.10008886637638113 0.07605062259097478 0.14709720127046752 0.11874111427857018
0.10336949216343791 0.07605842121623041 0.2622069397365895 0.1314186668370318 0.09181085827265327 0.07033681546063476 0.14652200616009367 0.11827680015332863
0.11891692840373831 0.0877638959799362 0.196023349937661 0.0951039202868105 0.13938910670292082 0.10729972926168116 0.14137836508307947 0.1141247043441726
0.10631667484453224 0.07756362056047428 0.2448721374744057 0.131510822512915 0.09953473600568881 0.07521751547894619 0.14662475286141416 0.11835974026162349
0.10318592518184967 0.07590679832979857 0.26340180896832927 0.13126624825048547 0.0916099329846807 0.07013759204880346 0.1463520708106159 0.11813962342543693
0.10207893086839971 0.07534376913906732 0.26982458028239187 0.13066403559372908 0.08973487832311541 0.06907552511936495 0.14568064863957553 0.11759763203435616
0.1354572644441503 0.10009948211172542 0.2264978387000923 0.10859591437229207 0.11888072817888284 0.09165610890540285 0.1210763403523913 0.09773632293506285
0.1251360590854574 0.09025616180771663 0.1836756546422029 0.0935332833076448 0.1453970187026779 0.11071837476212018 0.1390435077230063 0.11223993996917375
0.08265606203790465 0.13111429230682714 0.11508435218285729 0.13830764994903158 0.1030937423506706 0.16996605431191894 0.09380866692195185 0.16596917993883786
0.10203239797700674 0.08612283243160519 0.21786688494962592 0.13633061769558474 0.09574223525209175 0.087209010964176 0.1519984648038833 0.12269755592602628
0.13688753955066488 0.10311398261272789 0.21081696299463876 0.10989164223562731 0.12164508264279841 0.09622133172757716 0.12252098022390089 0.09890247801206456
0.1257194574984831 0.09090629749623239 0.1793001609760443 0.09374879838068312 0.1464772114765192 0.11198563076124748 0.13936388535397073 0.11249855805681974
0.10808802284189412 0.07822970109094061 0.23867445169755885 0.13189257101626412 0.10120015650028781 0.07616140898446268 0.14705037395395415 0.11870331391463769
0.13767525651680093 0.1010420253839216 0.216743666654733 0.10908731419146299 0.12221110382166538 0.09343783617996076 0.1216242144791386 0.0981785827723167
0.10931043642801454 0.07863841875456806 0.2515513881425595 0.13019265295054805 0.09548022605535485 0.07249839784322373 0.1451550921702379 0.11717338765549326
0.08114754712166633 0.13028930357962437 0.13006681989587793 0.1405321654115193 0.0947036970357496 0.15930439974783936 0.09531746871390005 0.16863859849382315
0.08753254901286923 0.16221988751885236 0.1205966490397933 0.16076856791265248 0.08100957923538396 0.1613987846556686 0.08178227150339279 0.14469171112138723
0.0748873134970332 0.11492699818518276 0.10481934688168411 0.1379123978222193 0.09933466950884158 0.19229447846060027 0.1034342983666645 0.17239049727777414
0.0745314491188806 0.13652892860205929 0.09905625658265167 0.13874947873587448 0.09405679223896041 0.19646937813940912 0.09410834209911487 0.16649937448304936
0.07418315414570949 0.14079791914702133 0.0975502149489995 0.13813688145538242 0.09270395433967739 0.19717077688179596 0.09369284133495503 0.1657642577464589
0.1008112768804571 0.08795328258153627 0.21162036850181767 0.1371346738168944 0.09429534201071463 0.0918689223984197 0.15289492737495539 0.12342120643520496
0.1367656877962824 0.1036030068317959 0.20897331082580173 0.11008283072273209 0.12147872021095875 0.09728775484274496 0.12273414111922516 0.09907454765045888
0.10939886857759834 0.07919038475345264 0.24892129475888075 0.13056321028692397 0.09558829772142323 0.07326281869672496 0.14556823594676446 0.11750688925823156
0.08116814345402756 0.13042874521995435 0.129538710257179 0.14055491976194998 0.09473290966404424 0.15957776582909536 0.09533290209940955 0.16866590371433995
0.10144889699366431 0.08579671014615362 0.223397269430465 0.1360172913599528 0.09389040510738401 0.08538473541620673 0.15164912932221603 0.12241556222395752
0.11920446556643717 0.08984671603786971 0.18546034361468558 0.09580116985464239 0.14087547824638555 0.11143554945855229 0.14241487339585646 0.11496140382557085
0.12202268757386762 0.08929958006925864 0.1723731150686697 0.09430450437160437 0.15265751185525173 0.11598721618241083 0.14018997963301189 0.11316540524592524
0.12257935754760586 0.0891156216596318 0.16831092346522522 0.09417330939942607 0.15590653221828996 0.11691133493524357 0.13999494949526622 0.11300797127931128
0.10774791687162451 0.07822191518783597 0.23474890161153536 0.13229695687588 0.10328644429583468 0.0771293699596209 0.14750123400937665 0.119067261188292
0.10376773643566095 0.07620934309359409 0.25992070039239995 0.1316525509865309 0.09256254164936144 0.07061706202183081 0.14678276953274413 0.1184872958878778
0.10230127467902789 0.07546157657561658 0.2686477563105169 0.1308058233697377 0.09000279878897513 0.06921679781471395 0.14583873142864784 0.11772524103276392
0.11857095536108878 0.08760033213818669 0.19781618613212307 0.09501798218141752 0.13876418487352632 0.10695816837850614 0.14125061231745054 0.11402157861770103
0.10619386890076189 0.07750361638688635 0.24550670984862422 0.13144401569593817 0.0993717373433115 0.07513016945206513 0.14655026824606837 0.11829961412634435
0.10314223765892204 0.07588452629667751 0.2636178885487278 0.1312402114273147 0.0915642871887885 0.07011161689915917 0.146323041695827 0.11811619028458324
0.11883830865497358 0.08771742572457528 0.19640969665958175 0.09508015044535593 0.13929054952599013 0.10722465883782072 0.1413430296172754 0.1140961805344271
0.10628922284164181 0.07754868609268141 0.24500783992624767 0.13149538447651204 0.09950743997242321 0.07519804005871568 0.14660754060291717 0.11834584602886085
0.08068255934503435 0.13008803654581866 0.1287576730116024 0.14060474578782262 0.09550909749981963 0.1602654957214705 0.0953666971430449 0.1687256949453871
0.1013690447079484 0.0857696178171524 0.2231164443104803 0.13604876402102883 0.09405995082037255 0.08550807171348182 0.15168421899060974 0.12244388761892595
0.07993392209542685 0.13206218410681808 0.12432557292245608 0.1408215247605227 0.09451366249672506 0.163843574067852 0.09551372983757192 0.16898582971262724
0.07546807576210061 0.14060950922353846 0.10310197982764366 0.13897135623995552 0.09332553424131922 0.18749908428952608 0.09425883292796984 0.16676562748794663
0.10094582601736408 0.08780271634241645 0.21369381451733865 0.13695454985398484 0.094282942987615 0.0903669528142968 0.15269410259839802 0.12325909486858637
0.10321474925987117 0.07814497990682173 0.25313521125411875 0.1328802884034862 0.09165092092284577 0.07322998555926478 0.148151605130454 0.11959225956313757
0.08024471249501766 0.13032746624911595 0.13045492937442224 0.14074127383380497 0.0940608728232395 0.15982191784960093 0.09545929877423294 0.16888952860056597
0.1012350822054237 0.08576757355509172 0.22374582055996414 0.1359922484677762 0.09374569819933723 0.08549934502509686 0.15162120836631165 0.12239302362099856
0.0799013580262472 0.1320422458076202 0.12443752392331436 0.14079754403377975 0.09443989885034561 0.16392691186915875 0.09549746464899844 0.1689570528405357
0.07543422629990162 0.14055372906677463 0.10308752718494259 0.13891001828257912 0.09327688839247861 0.1878283590425661 0.09421722979166236 0.16669202193909494
0.07438047987999782 0.14179648073120096 0.0984159957590681 0.13823887136647153 0.09262612571452139 0.19489338380823712 0.09376201710073721 0.16588664563976582
0.10081526847619937 0.08805880641495899 0.2119125892332985 0.1370769135745138 0.09424583879326494 0.09169083227553497 0.15283052901516686 0.12336922221706241
0.10323917886025728 0.07821833188443766 0.2525212149410985 0.13294802788623356 0.09168984152096962 0.073503050210861 0.14822712959853204 0.11965322509761021
0.10244798759405747 0.07592231745515375 0.26621629993231105 0.13116552601593295 0.09006811026912656 0.0698910122834041 0.14623977303567448 0.11804897341433965
0.10185232132675368 0.0752883586018077 0.2707894679174202 0.13056011926197064 0.0893848209951052 0.06905601487655395 0.14556478968461503 0.11750410733577359
0.07996832549983858 0.12956304288011006 0.1339762793080825 0.1405693352174581 0.09355180851788367 0.1583453267768796 0.09534267953879767 0.16868320226094974
0.1010638346922187 0.08556945426082231 0.2249958342864628 0.13583027514706844 0.09354539689996076 0.0853073368798216 0.15144062020128374 0.12224724763236158
