Action: 0
[0.09801022278682066, 0.09752641064271315, 0.26800398069252496, 0.09752641064271315, 0.14635374329615342, 0.09752641065364828, 0.09752641064271315, 0.09752641064271315]
[0.10839370117552159, 0.09962907448399665, 0.19094371667308693, 0.09962907448399665, 0.1028881352474115, 0.1992581489679933, 0.09962907448399665, 0.09962907448399665]
[0.09952823555454655, 0.09722120802125658, 0.16967576053044803, 0.09722087931129927, 0.24469127864850418, 0.09722087931134687, 0.09722087931129927, 0.09722087931129927]
[0.125, 0.125, 0.125, 0.125, 0.125, 0.125, 0.125, 0.125]
[0.19840172826972372, 0.09768957984544381, 0.18145044798053625, 0.09768957984544377, 0.1316999245225211, 0.09768957984544377, 0.09768957984544377, 0.09768957984544377]
[0.17551264689466078, 0.10932483086298338, 0.1397463217532373, 0.09586383933110772, 0.0960970038335799, 0.19172767866221543, 0.09586383933110772, 0.09586383933110772]
[0.125, 0.125, 0.125, 0.125, 0.125, 0.125, 0.125, 0.125]
[0.125, 0.125, 0.125, 0.125, 0.125, 0.125, 0.125, 0.125]

Action: 1
[0.15905648403047914, 0.09637361346279927, 0.09637361346279927, 0.09637361346279927, 0.2064849170385411, 0.1525905316169835, 0.09637361346279927, 0.09637361346279927]
[0.1111111111111111, 0.1111111111111111, 0.1111111111111111, 0.1111111111111111, 0.1111111111111111, 0.2222222222222222, 0.1111111111111111, 0.1111111111111111]
[0.10913870070390504, 0.09681842687481408, 0.09681842687481408, 0.09681842687481408, 0.2220811692368326, 0.18468799568519198, 0.09681842687481408, 0.09681842687481408]
[0.125, 0.125, 0.125, 0.125, 0.125, 0.125, 0.125, 0.125]
[0.11920973012416136, 0.09680568221681327, 0.09652734161897232, 0.09652734161897232, 0.18474194104362346, 0.21313328013951252, 0.09652734161897232, 0.09652734161897232]
[0.09810841702047148, 0.09810841702047148, 0.09810841702047148, 0.09810841702047148, 0.2584570606964017, 0.15289243718076953, 0.09810841702047148, 0.09810841702047148]
[0.125, 0.125, 0.125, 0.125, 0.125, 0.125, 0.125, 0.125]
[0.125, 0.125, 0.125, 0.125, 0.125, 0.125, 0.125, 0.125]

