0.125 0.125 0.125 0.125 0.125 0.125 0.125 0.125
0.08288008288008288 0.06526806526806526 0.16576016576016575 0.13053613053613053 0.10360010360010359 0.08158508158508157 0.20720020720020718 0.16317016317016314
0.0652098936881243 0.10868315614687384 0.06749852025982248 0.09781484053218645 0.1304197873762486 0.21736631229374767 0.11737780863862372 0.1956296810643729
0.07295173961840629 0.12906846240179573 0.09118967452300786 0.16133557800224466 0.08754208754208755 0.15488215488215487 0.10942760942760943 0.19360269360269358
0.0735570797657792 0.12259513294296534 0.09562443946294065 0.1471141595315584 0.09194634970722398 0.1749345195264155 0.11033561964866881 0.18389269941444797
0.09133496822197099 0.15222494703661835 0.08948179506450188 0.1370024523329565 0.1238913407724971 0.221111185921964 0.10275183924971737 0.08220147139977389
0.0633969826561644 0.1121638923916755 0.05526916436691256 0.09778390618761452 0.14095212850522784 0.224327784783351 0.11053832873382512 0.19556781237522905
0.10748273624753041 0.08676317263354863 0.134353420309413 0.1084539657919358 0.14582282154753087 0.12575502014842285 0.16122410437129558 0.13014475895032293
0.11798595068854309 0.08660372150499134 0.13410650904690818 0.10825465188123916 0.14616360571959672 0.11605216804494461 0.16092781085628985 0.129905582257487
0.10406894819262003 0.07565832955980528 0.18745198070041308 0.15131665911961056 0.10112874643992016 0.07548356014960964 0.16870678263037175 0.1361849932076495
0.09489202513897503 0.07472746979694284 0.22287123696723554 0.14945493959388567 0.09050726140837288 0.07180025541144926 0.16545276178077695 0.13029404990236187
0.07205140366704008 0.12008567277840011 0.11290432030874067 0.14410280733408015 0.09775356521632723 0.16489661602725142 0.10807710550056011 0.18012850916760018
0.1060860595952409 0.0835427719312522 0.14708981363447304 0.10025132631750264 0.1504527455780519 0.12813403565373976 0.15912908939286133 0.1253141578968783
0.07596988163262858 0.12207429925039656 0.09833051515209161 0.15259287406299574 0.10005724913441039 0.16436595644045912 0.10349777545142319 0.18311144887559486
0.09427658189716064 0.07424280824401401 0.21410408242304851 0.14848561648802802 0.095676685337987 0.07938554536361112 0.16437968125658775 0.12944899898956289
0.07114816068762757 0.11858026781271261 0.1157027158999489 0.14229632137525514 0.10305113578478614 0.16462875568915947 0.10672224103144136 0.17787040171906887
0.08785966255366481 0.14643277092277474 0.09427310396928328 0.13178949383049723 0.12862654997583162 0.23310260207677705 0.09884212037287293 0.07907369629829836
0.07670725319262955 0.12091954391593142 0.09314155244124693 0.15114942989491428 0.09670434518351957 0.17747981574304963 0.10251874375481143 0.18137931587389713
0.0934271170635256 0.07357385468752642 0.2157328102440134 0.14714770937505284 0.0959067054726893 0.08303062164253767 0.16289856308512154 0.12828261842953323
0.088514854728664 0.14752475788110667 0.11154020953464713 0.132772282092996 0.13032585457205678 0.21007946036498476 0.09957921156974699 0.07966336925579759
0.07590944864635062 0.11941695358504667 0.09348020490962569 0.14927119198130834 0.09586005882194042 0.18569190320387957 0.1012448084742787 0.17912543037756998
0.0928181680694525 0.07309430735469385 0.21773668798011184 0.1461886147093877 0.09526708928230376 0.08561184212092332 0.16183680586468643 0.12744648461844058
0.08794862648307643 0.14658104413846074 0.11346849391042818 0.13192293972461466 0.1294817000701318 0.2125012270450584 0.098942204793461 0.0791537638347688
0.0883050907451961 0.158781786109913 0.07600863271602869 0.1209468468561572 0.11157108040390418 0.21721683342158385 0.08203351351982835 0.14513621622738862
0.1327722736925871 0.11002662193738294 0.15833465377106534 0.11888577678115574 0.12304034453446916 0.11739436114220483 0.1325487690380945 0.10699719910304016
0.12438348177591058 0.09074101896004931 0.14654698803437508 0.10233275929198217 0.14316155405698885 0.11791036694701053 0.15212451978330482 0.1227993111503786
0.10698272757651377 0.07756848541851581 0.21359069897779556 0.1423311412749996 0.09572836983989917 0.07701194897011278 0.15868860079466374 0.12809802714749965
0.0701692233140553 0.11694870552342551 0.11994987151867109 0.1403384466281106 0.1033545628811068 0.16856229687840968 0.10525383497108295 0.17542305828513824
0.0916870083911917 0.1429560927236334 0.09578271383987737 0.12866048345127007 0.12806629285070292 0.23915575608410997 0.09649536258845254 0.07719629007076204
0.07511596246134779 0.13107567841982118 0.09447373406832454 0.14319850354019617 0.09230006339127442 0.19487191233918932 0.09712594153161132 0.1718382042482354
0.10991949023309745 0.0806100104663293 0.14613713961405198 0.09673201255959517 0.15018166625587753 0.14196178809283214 0.1535428770787225 0.12091501569949394
0.07837507754423531 0.12584678081825543 0.10314544709934255 0.1455334185112429 0.09957459127804905 0.17417495954514917 0.09870962299023431 0.17464010221349144
0.07639960497680867 0.11446375534382984 0.09953917975844573 0.1373565064125958 0.10198997061253384 0.19553797007059456 0.10301737980944686 0.17169563301574475
0.11366939860175965 0.0903198515206581 0.1470970548288316 0.1013429813121895 0.1417226048574915 0.13358338296572494 0.1506531483387175 0.12161157757462737
0.09095687011281997 0.14650495430232455 0.11923355622037991 0.1678401093710927 0.08700206299608164 0.152026814665849 0.08537953389746888 0.1510560984339834
0.1025727283895709 0.07146227626558758 0.22503844990093305 0.14292455253117517 0.0929624231591934 0.0822153229458176 0.158223354857467 0.12460089195025527
0.07909762131523378 0.11472198093513436 0.12225457448949642 0.13766637712216123 0.1023724341596994 0.16855425773395258 0.10324978284162092 0.1720829714027015
0.07610662672272696 0.11382186549297749 0.10321761279669403 0.13658623859157298 0.1039157973804899 0.1931793818323927 0.10243967894367975 0.17073279823946624
0.06451202097374578 0.11095430905180297 0.057859591546182615 0.08683661443070287 0.13502575361426045 0.27297535216545277 0.09816312935644672 0.17367322886140574
0.09908446222202312 0.07907447405003178 0.1939839725026483 0.14211372301551434 0.10144748124446777 0.0979473405907708 0.1584461956605809 0.12790235071396291
0.10083363487731241 0.06941330133301364 0.2491995593112839 0.13882660266602728 0.09346439569808405 0.07354742993917691 0.15368675590215475 0.12102832027294688
0.09426708718672135 0.14936066515384505 0.10189956475982527 0.12168885545474752 0.11291540708443708 0.1913050048975937 0.08253678891713309 0.14602662654569704
0.10289130589239495 0.08083009771714493 0.20837055994902517 0.14031206290384998 0.09659931396808447 0.08827832386771323 0.15643747908832228 0.126280856613465
0.10069231503263386 0.06896166563264405 0.25557367515219803 0.1379233312652881 0.09210361211453218 0.07181775057403839 0.15268679733072185 0.12024085289794348
0.09392574324031142 0.1487031815114217 0.10477529635947895 0.12115749302865099 0.11226535527942966 0.19160755237037153 0.08217638657595458 0.14538899163438118
0.10241312039148208 0.08044466568697069 0.2108776289289681 0.13964324733053604 0.09611371518935499 0.08913690023951851 0.15569179963568722 0.12567892259748245
0.08440391841852103 0.0578260362992501 0.2167879571748368 0.1156520725985002 0.11067858508319274 0.08651162126725624 0.18357471841031778 0.14456509074812524
0.09125748270171329 0.14688173295592663 0.10039067868216878 0.12097305719509253 0.11564945232799564 0.19762863653588592 0.08205129096710623 0.14516766863411104
0.0752736024453187 0.12994515534680084 0.09733076747291672 0.14114790424712176 0.0951649623266116 0.1960250227927236 0.09573510027196085 0.1693774850965461
0.1120341198137185 0.07955179832132414 0.1481020668759732 0.09546215798558898 0.1518185862261885 0.1421763383974601 0.15152723489776027 0.1193276974819862
0.07844919551552311 0.12296540926077826 0.10647936176540217 0.1420462299821568 0.10285117541071348 0.1804087526206796 0.09634439946615851 0.17045547597858812
0.10209788791331487 0.07079258569084934 0.2235651277093351 0.14158517138169868 0.0955683936493621 0.08621700245567628 0.15674060486700056 0.12343322633276295
0.10046631258361474 0.1420560650861075 0.11685938443902626 0.12785045857749675 0.1285195632011226 0.21165009703301152 0.09588784393312257 0.07671027514649806
0.11527324496330242 0.08898108219483951 0.15123817375124335 0.09686530449244297 0.14818115794134787 0.13922589025921592 0.14399678100667643 0.11623836539093156
0.10400481464634403 0.07463392193625472 0.22590533426149695 0.13667776620355676 0.1019241317129148 0.08145853217256473 0.152385509483667 0.12300998958320108
0.13419474601598766 0.09686255673757677 0.2102448742577644 0.11249056414494853 0.12336378203937774 0.09618338487049331 0.12541858420339783 0.10124150773045366
0.12274931411492199 0.08484940129194089 0.17690150184754916 0.09633881794405078 0.14699235099969452 0.11334790887752724 0.1432141233914546 0.11560658153286092
0.1402828409978346 0.09683016465445149 0.193628946931342 0.11121435009682416 0.13261338103190703 0.10134170042090561 0.12399570077959349 0.10009291508714174
0.1098330457000935 0.07379955481316497 0.24006257525322588 0.13402421554226038 0.09753017888409381 0.07470163729663691 0.14942699852249028 0.12062179398803434
0.12027960095331804 0.08363408673948909 0.18738734740042706 0.09715219879697608 0.14110985714062238 0.10943100175341061 0.14442326865938535 0.1165826385563713
0.12229635632476463 0.08369296596274159 0.1716578694250086 0.0962193272776674 0.15152202881581928 0.11611176697041423 0.14303649249038317 0.11546319273320088
0.10784254866059265 0.07325067322184818 0.23427832314023828 0.1347185277576081 0.10128089527588476 0.07718125213372216 0.15020110482825855 0.12124667498184728
0.08123908725241985 0.123213151985176 0.12572122333067962 0.14318597374215614 0.09558242981129662 0.16211752232778723 0.09711744305989721 0.17182316849058735
0.10194561025086978 0.07038290019561418 0.23078528032876827 0.14076580039122835 0.09381594472117567 0.0837520337085374 0.1558335274986329 0.12271890290517343
0.0708245320567716 0.10835916208928163 0.07718517071795479 0.08808155693084585 0.1385101697530209 0.24130583892947727 0.09957045566095618 0.1761631138616917
0.0734569121887246 0.12375585612348068 0.09318410537197748 0.13903033062673842 0.09935803961518398 0.2100795263749775 0.09429883294683128 0.16683639675208609
0.10141765951190898 0.07855253128577146 0.21093378923482334 0.13939192860306365 0.09515887499990415 0.09368088261208683 0.1554115980096844 0.12545273574275728
0.10367554981173199 0.07284703775509657 0.251698010671572 0.1347924621764927 0.09134938660942044 0.07404080082902188 0.15028353618782098 0.12131321595884345
0.0806667383464541 0.1229264463876012 0.130265186660247 0.14287879479502577 0.09367432231907145 0.16122486213746515 0.09690909560010444 0.1714545537540309
0.1016718336657249 0.07024828836130528 0.23274601027018152 0.14049657672261057 0.09333170448113497 0.08348590557705135 0.15553548583048463 0.12248419509150665
0.0803844150239907 0.12270944632331236 0.12651787045585836 0.14301386064187557 0.09406344706670057 0.16469362223917453 0.09700070547883735 0.17161663277025066
0.1017005667150528 0.0702968226096411 0.2317071761478962 0.1405936452192822 0.09346359389988287 0.08402643185262816 0.15564294464649878 0.1225688189091178
0.08036183009715608 0.12266616638764066 0.12628176634734717 0.14295195742821168 0.0944239229413225 0.16481328893315897 0.0969587189513088 0.171542348913854
0.07737636992252599 0.11319332795993592 0.1058571033857413 0.1358319935519231 0.10202846872297465 0.19404874935305289 0.10187399516394233 0.16978999193990385
0.08913511206317556 0.148665130767878 0.08241971648212891 0.1160867539874948 0.11200398654216083 0.2336480926676064 0.07873710270456169 0.13930410478499375
0.13544582466149166 0.1039082350033102 0.16748109696884886 0.1124075427707657 0.12712934099889642 0.1271351495361893 0.1253260215668089 0.10116678849368911
0.11059015259381329 0.07428882232957945 0.234713151950655 0.1339253614529506 0.09752043514761509 0.07911246762765024 0.14931678359008074 0.12053282530765552
0.10453982095571365 0.0716711376165022 0.2598243256942272 0.13307716748547585 0.09137055706421203 0.07137642983253753 0.14837111061440364 0.11976945073692825
0.1368510057140462 0.09466117224812602 0.22388402093024667 0.11011799885506415 0.11957163144906346 0.09303462087160784 0.12277335096228793 0.09910619896955772
0.1092143179909587 0.07235315532506187 0.2545245112226966 0.1315330000610208 0.09454570412894492 0.07280013204388688 0.14664947917251125 0.11837970005491874
0.08154881918844419 0.12240062353283787 0.13116129996178955 0.1422760082919981 0.09459651238258188 0.16078527758955194 0.09650024910239871 0.1707312099503977
0.10288871512872247 0.07004511874040995 0.23325172000405245 0.1400902374808199 0.09326020078882122 0.08324840564645114 0.15508565158641843 0.12212995062430453
0.08067974698838813 0.12241356533957945 0.12700282399763177 0.1426649228402697 0.09472675238258367 0.1645502464211277 0.09676403462209597 0.17119790740832364
0.10285860125011692 0.07012776974426177 0.23196445682250297 0.14025553948852354 0.093388763903705 0.08386216101994912 0.1552686477040228 0.12227406006691796
0.09593817284629505 0.15000598681631752 0.1051903487292049 0.11823013965823538 0.1126690137123505 0.19589929331430242 0.08019087733341182 0.14187616758988245
0.07715809380253012 0.13564835193542019 0.09847648424875789 0.13783426558159445 0.09536932387858256 0.19662477302594616 0.09348758882925537 0.16540111869791332
0.10134796932726155 0.08564180535560363 0.21210030724872678 0.1375711993312865 0.09436216207159957 0.09178085652039239 0.15338162074697165 0.12381407939815785
0.11924992130640132 0.08901998488357163 0.18235848792358067 0.09637764338691146 0.14072496814242988 0.11334398227286525 0.14327184001994597 0.11565317206429374
0.10673183060399533 0.07716338632288558 0.2401531093383576 0.13263104454765473 0.09950761880657054 0.07657135345615719 0.14787371683148967 0.11936794009288926
0.10334065638678501 0.07520910736289718 0.2617633838525991 0.13193888719238395 0.091318124607912 0.07058282909038041 0.1471020130338967 0.11874499847314555
0.10207394422230219 0.07454504465871023 0.26927201036086884 0.13116559850413834 0.08934621371378564 0.06930829603185634 0.14623985385461394 0.11804903865372451
0.10158844639472478 0.07429201540245255 0.2718754597099051 0.13084519248278706 0.08879273786452319 0.0689628498593944 0.14588262505170438 0.11776067323450835
0.10140422465151983 0.07419616693290453 0.27280865356066036 0.13072315031756537 0.08861809349647581 0.0688523186099589 0.14574655714510645 0.11765083528580884
0.07985374035035772 0.12808379087086988 0.1345418209872521 0.1410596663591959 0.09304766232127364 0.15846646751464805 0.09567525196536764 0.16927159963103502
0.10250175939318719 0.06998070913218206 0.234833519718161 0.13996141826436412 0.09291416446415683 0.08284773891751389 0.15494304341842505 0.12201764669200975
0.0802688712337461 0.1275809450425436 0.12705029359114234 0.14157035907836 0.09406990860553578 0.16355355670149166 0.09602163485314852 0.16988443089403196
0.10278952414160406 0.07013188177375558 0.23225475876617346 0.14026376354751116 0.09327953853559141 0.08372155140060678 0.15527775207538883 0.1222812297593687
0.09578359955207884 0.15219317397377705 0.10524357601692322 0.11775766990237317 0.11226966726061793 0.19557268982542456 0.07987041958595745 0.1413092038828478
0.13589739784155172 0.11309744071438965 0.17351051043947924 0.1104636293322116 0.12572554864730823 0.11872950347508103 0.12315870315098816 0.09941726639899044
0.11017679931910328 0.07999053910826767 0.23675258306441774 0.13232053457971243 0.09668917769721895 0.0774543637199191 0.1475275213896197 0.11908848112174118
0.10414108378279611 0.0755552996214292 0.2608635021501473 0.131940135781906 0.09082827660493081 0.07082217473703963 0.1471034051180355 0.1187461222037154
0.10228673123671665 0.07456166275675209 0.26920832466195593 0.13111343924688765 0.08923268429766193 0.06941336230256537 0.1461817001752613 0.11800209532219888
0.10166563489680164 0.07425794781318795 0.272038036967019 0.13077275258604903 0.08873252593786167 0.06903576449883263 0.14580185997280393 0.11769547732744415
0.0799332521576019 0.1280546943061918 0.13443147525370458 0.14100742377619568 0.09304064292366163 0.15868378518561585 0.09563981786559361 0.16920890853143483
0.07828446320448759 0.11309713454275877 0.10767893046553126 0.13571656145131053 0.10173298855273433 0.19205679888055643 0.1017874210884829 0.16964570181413818
0.08847935133488109 0.15783923405435205 0.08200116179818635 0.11426385421126391 0.11074304509143554 0.23205602733915923 0.07750070111720508 0.1371166250535167
0.07517534564882106 0.14025717854139366 0.09284956906921871 0.135798325936899 0.09380914048600363 0.2070457585579232 0.09210669063546192 0.16295799112427875
0.10111657829412342 0.0862234328728373 0.21007892013357884 0.13750330686896645 0.09423443250128558 0.09378442742905208 0.1533059257180865 0.1237529761820698
0.10334224177469521 0.07706165959850127 0.25217312916627244 0.13334291121401942 0.09141835836666518 0.07398568474712085 0.1486673950401082 0.12000862009261747
0.11914438390829919 0.08715252222291316 0.19359025110365294 0.09556566879126352 0.1391151484864711 0.10868843768997556 0.14206478524790817 0.1146788025495162
0.08185097886385449 0.12904191753755512 0.11742072738053841 0.13898446454989827 0.10149896927094824 0.1701538611556574 0.09426772378167012 0.16678135745987788
0.07576696205782288 0.13732816002241097 0.10183767187473021 0.1391751306826588 0.0942267643044061 0.19025810908010765 0.09439704515867292 0.16701015681919051
0.11441087114686223 0.0969828666145516 0.15103137808011882 0.09712197947791516 0.14204735123448903 0.13748083246061943 0.14437834561194554 0.1165463753734982
0.08080901683505681 0.13061459350306748 0.10847811135870691 0.13856562013688248 0.1018574983726886 0.179412777623453 0.09398363800588552 0.16627874416425897
0.10191149906046547 0.0846563001237855 0.21583851682525482 0.13694036650162883 0.09545767223743615 0.08927102618098304 0.15267828921898016 0.12324632985146591
0.1033347686923598 0.0767061463256964 0.25407998989551744 0.1330345856184852 0.09156334383456052 0.07322640356628375 0.1483236350104603 0.11973112705663665
0.11911691901278748 0.08703988381673033 0.19406366691133736 0.09548792769789197 0.13923207761745662 0.10852479381513123 0.14194921789119463 0.11458551323747038
0.07188819701816099 0.11331242532854358 0.1651673434854331 0.19528223072853498 0.06708142239856985 0.11217515166664728 0.09933922171842866 0.17575400765568147
0.13748521752528756 0.09526492693173692 0.2019631547079078 0.1143179123180843 0.12090650229028686 0.10384588830625467 0.12655462820724026 0.09966176971320172
0.07413664718866514 0.11425206146477987 0.07266684696576152 0.08468359640964607 0.1433344153168263 0.245829956937168 0.09572928289786077 0.16936719281929213
0.07305949557471568 0.13168633546628442 0.09113639207666213 0.13600431502430188 0.1003831591907425 0.21227871966512638 0.09224640497300476 0.16320517802916223
0.13140489707534225 0.11112509024487341 0.1707523343683524 0.11211659578068674 0.12496704412753126 0.12372746481526294 0.12500163738533282 0.10090493620261806
0.10950924356848435 0.07980589183654545 0.23586119821957394 0.13240864088386972 0.0971871290144695 0.07843436633791664 0.14762575334365774 0.11916777679548274
0.10411256543651885 0.07549324132433174 0.26052933112386806 0.13185060101966337 0.09130742868808923 0.07103771094999803 0.14700358053983362 0.11866554091769703
0.11915500310986331 0.08672319848590355 0.19574422896515256 0.09530685581953244 0.13916476779033649 0.10785767646330344 0.14168004238246912 0.11436822698343893
0.0818559978155179 0.12885416457566357 0.11780135836152159 0.13885087931363915 0.10185612212992456 0.1699833044842022 0.09417711814316396 0.166621055176367
0.10190054871647312 0.08420444823522363 0.2192138800564036 0.13655209680137306 0.09536363048172809 0.087623111109017 0.1522453974785458 0.12289688712123577
0.11941796426943982 0.0885257724902452 0.18445129047199244 0.0960162863631295 0.14121550708713726 0.11241897714845422 0.14273465853384626 0.1152195436357554
0.10683180450318301 0.07689897356919752 0.24105737466657579 0.1322223804973334 0.1000062823370206 0.07656495506639126 0.14741808691269856 0.11900014244760004
0.10345612190397241 0.07502738182644536 0.26230079417386964 0.13163620216086666 0.09168423608297756 0.07065814009489835 0.14676454181219012 0.11847258194478001
0.08033605705681479 0.12815963083155008 0.13245218500814077 0.14094392710675002 0.09397741520980527 0.15940132169947818 0.09559675055936089 0.1691327125281
0.10339481307496523 0.06988655800178958 0.23397619520120858 0.13977311600357917 0.09346712456474472 0.08291412233181536 0.15473458507518734 0.12185348574671005
0.11964725321783105 0.08642619750098107 0.18862444086143032 0.09589738988543624 0.1405783404320908 0.11119159930553617 0.1425579109341709 0.11507686786252348
0.08193598656894449 0.12877071473720192 0.11634382364096534 0.138833909664426 0.10223945667217763 0.17110980882484106 0.09416560829413241 0.16660069159731117
0.10195754148445559 0.08421371914254891 0.21864955468148614 0.13657709183230768 0.09558988878113442 0.08781955635625324 0.15227326507273706 0.1229193826490769
0.10329535467947423 0.0765500627048858 0.2549757372493827 0.13283801193398043 0.09174479073382837 0.07293736193595064 0.14810447002191546 0.1195542107405824
0.10241919161323391 0.07476038546846388 0.26720450444692145 0.13124599802583684 0.09001337586651041 0.06990565303443708 0.14632949332134343 0.11812139822325315
0.08014869922508684 0.12806486826135074 0.1334209166501215 0.14088992451522825 0.09374962491819801 0.15909793429706434 0.09556012271467655 0.16906790941827388
0.11632956656011642 0.0786537863460528 0.15833060582663833 0.09438454361526336 0.15076829910892503 0.13373578312668152 0.1498167358972434 0.11798067951907917
0.07035198120811564 0.10991469977840486 0.06644026601243398 0.08370500047089584 0.15010207131632997 0.2574529362614502 0.09462304401057792 0.16741000094179168
0.09991533927081027 0.08223682689987154 0.19820693459770033 0.13674145280863723 0.10536171096470619 0.10201391263490102 0.15245651529559998 0.12306730752777349
0.10342264615006623 0.07670733429428439 0.24780158933552107 0.13352515663225234 0.09403805677050114 0.07546199076731416 0.1488705850810336 0.12017264096902712
0.1365313466781537 0.09965014407370233 0.22005936127852105 0.10931938651591794 0.120507130793688 0.0936622249936152 0.12188295780207568 0.09838744786432614
0.10905996302898212 0.07721738166559439 0.252959392229293 0.13032293113398002 0.09508081558826051 0.07276853571079589 0.14530034262251207 0.11729063802058202
0.12032161288483474 0.08687760748640735 0.1933877830451454 0.09519459798335489 0.14029349598946697 0.10817822146147896 0.14151316356928578 0.11423351758002587
0.08206025737371775 0.12883676961520166 0.1172996807451191 0.138786393018866 0.10225602788305697 0.17008382012860349 0.09413337961279607 0.16654367162263917
0.10197051661444814 0.08419234545385436 0.21898173589924866 0.1365248893823431 0.0955845580821896 0.08765849088707543 0.1522150632367318 0.12287240044410883
0.1033080435620757 0.0765336737009431 0.25507793171984733 0.13281121994062717 0.09175070421503705 0.07291372996617619 0.1480745989487291 0.11953009794656445
0.08034362069618636 0.1284946613358048 0.13099264003816763 0.14098862998770592 0.09414463400287691 0.16022238717974108 0.0956270707742701 0.1691863559852471
0.10340256769725484 0.06988614240483788 0.2334503245007111 0.13977228480967577 0.09386482619524607 0.08303742836677824 0.15473366490936838 0.12185276111612761
0.11967103497563031 0.0864091555288529 0.18844384326235544 0.095876015566833 0.14080372019944493 0.11121887521270518 0.1425261365739786 0.11505121868019962
0.1067739255425381 0.07652412290903614 0.24240283828648432 0.1320049834621413 0.10002533084093664 0.07628860840081761 0.14717570544211872 0.11880448511592716
0.1034154278367227 0.07492988856910388 0.26271530669609106 0.13153407655863508 0.0917935499044104 0.07058040214524978 0.1466506793870155 0.11838066890277156
0.11899630473239362 0.08657269513602392 0.19628050434048333 0.09521834175212189 0.13942838349925948 0.10769330016088287 0.14154846027628867 0.11426201010254627
0.08185302939420451 0.12876846266776493 0.11787826590197813 0.138778045076632 0.10213255582964115 0.16992826950758355 0.09412771753023737 0.1665336540919584
0.07577010560955938 0.1371501193916416 0.10184900854949316 0.1390115702895719 0.09475480923372802 0.19036439403428826 0.09428610854423138 0.16681388434748626
0.13227168851849985 0.11199818809587775 0.17447454114753047 0.11215855532905125 0.12380654527102831 0.11929936269141649 0.1250484191504497 0.10094269979614613
0.08367876517472603 0.133461477138433 0.11308698536191791 0.1381954640782957 0.09877929840932897 0.17323087730762984 0.09373257563571362 0.16583455689395485
0.10242878545210186 0.08484863662722562 0.21740939962651196 0.13665422054364654 0.09506814538801872 0.08824275604320755 0.1523592578300059 0.12298879848928189
0.08019359927392757 0.1302059019717987 0.12330518017332402 0.1410746242027534 0.09481178394111647 0.16543396410842998 0.0956853972853458 0.16928954904330407
0.11640549494889849 0.0787024384676679 0.15553270938335081 0.0944429261612015 0.1517352012716238 0.13521816546067383 0.14990940660508173 0.11805365770150185
0.08129330117235475 0.1269582593436342 0.10947144913400769 0.13861342871589222 0.10433200373938308 0.17897937874140002 0.09401606469425734 0.16633611445907068
0.10201325455019422 0.0841193239345366 0.2160667880623929 0.13677189448410085 0.09622356691971481 0.08922001152139468 0.15249045549197512 0.12309470503569078
0.10341244759934849 0.07658432873357492 0.2540647083801542 0.1329160747923542 0.09199426501724836 0.07321220388078511 0.14819150428341582 0.11962446731311879
0.10250024095184045 0.07477322752973507 0.2668747016627322 0.13125892184666182 0.09014370912401024 0.06997226680592564 0.14634390241709908 0.11813302966199564
0.0801855315367983 0.1280488164735342 0.13334378678859418 0.14086578987351914 0.09383721373596311 0.15913616061176383 0.09554375313160428 0.16903894784822293
0.1162157073243521 0.0785597119329367 0.15819781950867517 0.09427165431952404 0.15165551121706353 0.13362248125911635 0.14963754653892705 0.11783956789940504
0.09606993583668692 0.1500445951770912 0.09069683380946768 0.11427607938232043 0.12331874602220676 0.21095352154108615 0.07750899297235644 0.13713129525878448
0.10460347416679062 0.08655209380715626 0.2069266850047672 0.1355076737540798 0.09941348170947259 0.09395874145622955 0.15108094372283223 0.1219569063786718
0.10413002398667603 0.07700237233543468 0.25074175764876194 0.1331145500996514 0.09274431658283838 0.0740510948174894 0.14841278943946207 0.11980309508968624
0.13666188693158748 0.0996141005055458 0.22091380961117038 0.10922074427739197 0.12019330730792605 0.09332450244924528 0.12177297906748029 0.09829866984965277
0.10907434445771033 0.0771808845312769 0.25322821757576613 0.1302616240150907 0.09508221351061938 0.07270526453584626 0.14523198976010862 0.11723546161358164
0.12032571369995337 0.08685196646361969 0.19343575623072626 0.09516906996545664 0.1403802790023857 0.10815911622319857 0.14147521445611166 0.11420288395854797
0.1067383070163453 0.07643701185417318 0.24408699756872887 0.1317445919626517 0.09983482591999587 0.0757027445593293 0.14688538835238926 0.11857013276638653
0.10335899161356898 0.07487215769912098 0.26326752392186 0.1314451329164967 0.09174590002449724 0.07045816033599267 0.14655151386361648 0.11830061962484702
0.1189758398712437 0.0865477027594897 0.19641738138545337 0.09519745288242709 0.13945006699088083 0.10765720508308921 0.14151740756850353 0.11423694345891248
0.10638382878727844 0.07634795016711035 0.24516670841300617 0.13165478098475658 0.0995971207470041 0.0755750522002153 0.14678525581434804 0.11848930288628096
0.10325553614877261 0.07483865863731204 0.2636381805862769 0.13140343438833996 0.09167821072193723 0.070417865451303 0.14650502311655214 0.11826309094950596
0.10215045777855795 0.07431935577072753 0.27003481493728176 0.13080143601659092 0.08980624874988477 0.06933255447472143 0.1458338398573036 0.11772129241493184
0.10174093203750285 0.07411992838786606 0.2721985041968058 0.1305494992459326 0.08929932482482189 0.06904431282646041 0.1455529491592711 0.11749454932133933
0.10159301218467977 0.07404775164869336 0.27292548966208646 0.1304601411251938 0.08914923765430416 0.06895691918920424 0.14545332152316381 0.11741412701267442
0.10154100647201596 0.07402270391587382 0.2731692827809858 0.13042971305078563 0.0891023521926641 0.0689288033510173 0.1454193964909505 0.11738674174570704
0.10152305885465973 0.07401418731259077 0.273250997165235 0.13041947098012618 0.08908724694451993 0.06891953751425589 0.1454079773464989 0.11737752388211359
0.1183892501195186 0.08631214281130738 0.19918611618664772 0.09505714698756772 0.13851726236003145 0.10716067171758108 0.14130883343226486 0.11406857638508125
0.10618691943926699 0.07626101626406342 0.24614504884212504 0.13155069377898396 0.09934828913136724 0.07544320179549428 0.14666920634761346 0.11839562440108557
0.08075190283958972 0.1283042326377313 0.1291074451345479 0.14081732637807462 0.0955824598195929 0.16094495929773206 0.09551088223904192 0.16898079165368954
0.10346445741219576 0.06986806179143644 0.2326914835339549 0.13973612358287288 0.09458800340673856 0.08313700138394188 0.15469363294481653 0.12182123594404302
0.07094877415479807 0.1122398537226919 0.07780325104091394 0.08685704586685877 0.13938228955139548 0.24086846816708818 0.09818622576253601 0.17371409173371755
0.09997664042587828 0.08244407946978123 0.2029273663596998 0.13669196247389842 0.10326484199904135 0.09927100577951742 0.1524013372656748 0.12302276622650857
0.10333730085413292 0.07662859246245138 0.24944187206233306 0.13333948528280756 0.093614846566092 0.07496879063518277 0.1486635753824735 0.1200055367545268
0.10263139766901723 0.07487862173320876 0.2653065759525874 0.13144054639852645 0.09056916445037545 0.07033080179925377 0.14654640023835708 0.11829649175867381
0.08021890084832535 0.12807603985798005 0.13302858510740864 0.14087434744753424 0.09393031631230918 0.1592730360902043 0.09554955739919714 0.16904921693704109
0.07884702969896604 0.11279045755330548 0.10728488293595662 0.13534854906396657 0.10312550092873007 0.19190648169114222 0.10151141179797493 0.1691856863299582
0.08853158262838282 0.15744970768533717 0.08178957711376868 0.11398722404478794 0.11164011642999644 0.23250404954403833 0.07731307369994313 0.13678466885374552
0.13422988721925905 0.1140156165346123 0.1654376370154428 0.11039105991743373 0.12663516782401377 0.12686088389440936 0.12307779366913879 0.09935195392569035
0.11026852165873335 0.08016476030961306 0.2337125291628054 0.13236625030400573 0.09779534976024065 0.07898447252041108 0.14757849101058548 0.11912962527360516
0.10439909553711041 0.07554455401742588 0.25972017652433216 0.131854825441339 0.091640685101032 0.07116303002680888 0.1470082904547466 0.11866934289720511
0.10251190730692271 0.07449212385035892 0.26871488151888895 0.13096472132192574 0.08990349307057019 0.06952873295431897 0.14601589078728136 0.11786824918973318
0.10186294423640764 0.07416960254349049 0.2717536556266344 0.13060308526790027 0.08935141492347323 0.06910382708617573 0.1456126935748082 0.11754277674111024
0.08007198734925128 0.1278808787302343 0.13430793515631728 0.14080519231534583 0.09366414922739288 0.15880097426393927 0.09550265217910413 0.16896623077841497
0.10317130954340852 0.06974884445602751 0.23458741740849112 0.13949768891205502 0.09424115053519518 0.0827105433611792 0.15442967596287732 0.12161336982076591
0.08044787790905028 0.12731137356494615 0.12694886016160273 0.14128365217602318 0.09481504090140046 0.1638256398954901 0.0958271727802592 0.1695403826112278
0.10346073993664774 0.06990144446179554 0.23195839534470097 0.13980288892359108 0.09465114348905429 0.08357840129699834 0.15476754492151718 0.12187944162569478
0.0804982804339352 0.1273523934475929 0.12642121537525178 0.1412991881140733 0.09490110352423631 0.16413108316891187 0.09583771019911058 0.16955902573688794
0.07883230591293604 0.11271337259603192 0.10594262141754605 0.1352560471152383 0.10341491084968024 0.19332864787809087 0.10144203533642875 0.16907005889404786
0.07514567477284992 0.1336296522808329 0.09927777327870685 0.1387250493162461 0.09482324934228786 0.19783676924986626 0.09409177257971474 0.1664700591794953
0.10108684906383779 0.08525656291075684 0.21249777444986173 0.13728807560033396 0.09476232999819774 0.09248318102111514 0.1530659589155962 0.12355926804030057
0.10336477301607196 0.07681994016608766 0.25288449930216417 0.1330964337030021 0.09185158217287123 0.07380339029793306 0.148392591009168 0.11978679033270188
0.0803705858842861 0.12854423310022992 0.13053850079092544 0.1409804912525767 0.09422439366538744 0.16054365521479821 0.09562155058870421 0.16917658950309203
0.10330944519679458 0.06980160760252896 0.23322846544967465 0.13960321520505792 0.09442090216266122 0.08338449937433229 0.1545464979071052 0.12170536710184536
0.09595112000066347 0.1518154376532297 0.10534169134743993 0.11749317041539373 0.11309957022185883 0.1956161859290227 0.07969101993391921 0.14099180449847246
0.10434348623820462 0.08656454077310705 0.21272315547920254 0.13527075408068676 0.09721703191755421 0.09132055687105509 0.15081679596757164 0.12174367867261807
0.10392539169530592 0.07688219424015978 0.2527614124833888 0.1328991481672071 0.09220588003770921 0.07354410766618491 0.14817263235955777 0.11960923335048639
0.11933378347729018 0.08699067559412721 0.1935720453737363 0.09539509034928188 0.13984722978172837 0.10857585806755629 0.14181120893714147 0.11447410841913827
0.10655695030196018 0.07646439327448158 0.24416743148995385 0.131766618830213 0.09976280709649835 0.07578189539377728 0.14690994666592402 0.1185899569471917
0.08082214030919431 0.12835577964461023 0.12871319080868632 0.14083132382708624 0.09567722122482523 0.16108237943211384 0.09552037616098025 0.1689975885925035
0.10342777264152173 0.06982424004062535 0.23254848044580323 0.1396484800812507 0.09471879337221302 0.08349079664404752 0.15459660798575572 0.12174482878878265
0.09597055710372841 0.15181644602201244 0.10522398069373894 0.11749019703267871 0.11316678782220523 0.1956547916816484 0.07968900320477337 0.14098823643921446
0.10435015541129898 0.08656676328508346 0.21267784265817952 0.13527373555490851 0.09723344700499503 0.0913315739972861 0.1508201200888308 0.12174636199941764
0.10392784758392996 0.07688325143986842 0.2527452918232805 0.13290049379436852 0.09221079981117761 0.0735477384990204 0.1481741326334228 0.11961044441493167
0.1026507217588594 0.07482897953816761 0.2664087387111891 0.13129321369803518 0.09022358072847299 0.0700487379647572 0.14638213527228697 0.11816389232823166
0.08022065097442803 0.12805655394004908 0.1332472549166457 0.1408612155797033 0.0938658561233551 0.1591743592030719 0.09554065056710309 0.16903345869564393
0.10318918217724025 0.06973582940629083 0.23421918519144064 0.13947165881258167 0.09427191247596717 0.08312069545020677 0.15440085957273997 0.12159067691353273
0.0709098071858153 0.112208284982034 0.07799230326010706 0.08684822435681608 0.13929986267267538 0.24086881520817144 0.09817625362074861 0.17369644871363216
0.07274310619152581 0.1314751178850251 0.09232351882889002 0.13624568570639764 0.10018453035567379 0.21112310092308004 0.09241011726173058 0.16349482284767713
0.07378528104097369 0.1366672576360851 0.09607914028311436 0.13791495328914893 0.09371535929377445 0.20279774836598022 0.0935423161439445 0.16549794394697873
0.07409977253826511 0.13797565124116656 0.09700597141931026 0.13823769765021598 0.09267782398697448 0.2003566249688793 0.0937612210149291 0.1658852371802592
0.10076114914462013 0.08754435737152247 0.21133379277949532 0.1370712509869915 0.09426417870724543 0.09283692946917207 0.15282421565266063 0.12336412588829233
0.07975562742324885 0.1323386387138752 0.12183210892380039 0.14070260849962618 0.09445911523748093 0.16663569741136605 0.09543307359105083 0.1688431301995514
0.07868139520463907 0.11264842931456723 0.10499603855586824 0.13517811517748068 0.10326375299544363 0.1948760383970398 0.10138358638311051 0.16897264397185083
0.07492781073336237 0.13567163913533004 0.09884417211390584 0.13829775488121393 0.09456107668963264 0.1979382851044491 0.09380195548464944 0.16595730585745666
0.08730078014704466 0.07653466771988286 0.18347923929491877 0.11850704891721629 0.10913210967383695 0.10666900790234023 0.17616868764410065 0.14220845870065957
0.07769460635111294 0.1311943444279427 0.11631165049986049 0.14101103794545827 0.09741604192662501 0.17151680409927023 0.09564226921518042 0.16921324553454994
0.07483175753687321 0.14186182959985338 0.10115854224994318 0.13838682739474814 0.09353319280745509 0.19030128765229562 0.09386236988513352 0.16606419287369775
0.10068520477897505 0.0891930428655373 0.2126380350903991 0.13671096228484478 0.09421771739600912 0.09109265089089053 0.15242252063698364 0.1230398660563603
0.10309142141564201 0.07906742253754041 0.2526073530941651 0.1327412229579466 0.09157660106694812 0.07345232072891027 0.1479965575366957 0.11946710066215192
0.10233196615338266 0.0766631056329661 0.2661176739833111 0.13101356065797112 0.08997033039811356 0.06992081557983612 0.1460703430022454 0.117912204592174
0.10175209671328442 0.07599867341161438 0.2706372709461767 0.1304227259142698 0.08929812843345657 0.06909904490319171 0.14541160635516345 0.11738045332284282
0.1014940158757663 0.07579826385180778 0.2721490355977948 0.13022806963032804 0.08905088075658395 0.06887989249526716 0.14519457912515676 0.11720526266729525
0.10139525474710398 0.07573483276211081 0.27265545678070235 0.13016388954936148 0.08896467036772861 0.06881537207413008 0.14512302312443734 0.11714750059442534
0.07977565148178395 0.13060801681841333 0.13420519350492113 0.14031105518031403 0.09332919505263577 0.15823012344934212 0.09516749829621299 0.16837326621637683
0.10079825623177262 0.08758214278281395 0.22467854392627298 0.13543384706497386 0.09330501215897104 0.08531310300278572 0.1509986324739335 0.12189046235847646
0.13611525515156175 0.10479809042152123 0.21260481644427606 0.10946234435295459 0.12065611696901454 0.09580492162113625 0.12204234512187626 0.09851610991765913
0.10897397048114633 0.08073048167521282 0.24987626787150471 0.13008137606189024 0.09517401105327333 0.07305962765764137 0.14503102674362983 0.11707323845570121
0.09289885761303085 0.15218855464605463 0.1486863540625629 0.1609004269929806 0.08131349058444655 0.13735258416298668 0.08184934764425535 0.1448103842936825
0.10579619922100428 0.06944086825986157 0.23976861227812402 0.13888173651972313 0.09158562202796211 0.0797027846648782 0.15374779134458563 0.12107638568386118
0.07120384807871107 0.11491379315566476 0.078646758110188 0.08667545024756429 0.13837569759542465 0.23885260855920262 0.09798094375811615 0.17335090049512858
0.12943751450725316 0.11149780631352509 0.1644111998787018 0.110433617742163 0.13346842590523172 0.12823593721742366 0.12312524246775487 0.09939025596794669
0.08267022369010445 0.1376653894478506 0.1103436938770594 0.13696984746573201 0.09997917614065045 0.17510656457340207 0.09290128784632258 0.1643638169588784
0.13312122644285201 0.11639593591076322 0.17605219213129397 0.11105855861565879 0.1241539175487048 0.1154434616923101 0.12382200490432405 0.0999527027540929
0.10948047506932888 0.0833344022692389 0.23704165690237572 0.13150457333891846 0.09683291854300752 0.07683407237333965 0.1466177854987643 0.11835411600502661
0.13784043806419033 0.10344544271840836 0.2159463391247902 0.10885080607653703 0.1209405548087188 0.09365016815761658 0.12136052558085549 0.09796572546888332
0.1092017873601853 0.08042611324658544 0.25098009620297934 0.1299006398404105 0.09510982409530815 0.07264144405370417 0.14482951934445765 0.11691057585636944
