Action: 0
[0.7371000000000001, 0.08189999999999999, 0.07289999999999998, 0.008099999999999996, 0.08189999999999999, 0.009099999999999997, 0.008099999999999994, 8.999999999999992E-4]
[0.69564, 0.12276000000000002, 0.05235999999999996, 0.009239999999999995, 0.09486, 0.016740000000000005, 0.007139999999999995, 0.0012599999999999994]
[0.7532960000000001, 0.06550399999999998, 0.093104, 0.008095999999999996, 0.06550399999999998, 0.0056959999999999945, 0.008095999999999996, 7.039999999999992E-4]
[0.71253, 0.10647000000000001, 0.07046999999999998, 0.010529999999999998, 0.07916999999999999, 0.011829999999999999, 0.007829999999999995, 0.0011699999999999994]
[0.69564, 0.09486, 0.05235999999999996, 0.0071399999999999944, 0.12276000000000004, 0.016740000000000005, 0.009239999999999995, 0.0012599999999999992]
[0.6544549999999999, 0.13404500000000003, 0.03444500000000003, 0.007055000000000008, 0.13404500000000003, 0.02745500000000001, 0.0070550000000000074, 0.0014450000000000018]
[0.7125300000000001, 0.07916999999999999, 0.07046999999999998, 0.007829999999999995, 0.10647000000000001, 0.011829999999999997, 0.010529999999999998, 0.0011699999999999994]
[0.671925, 0.11857500000000001, 0.05057499999999996, 0.008924999999999995, 0.11857500000000003, 0.02092500000000001, 0.008924999999999994, 0.0015749999999999994]

Action: 1
[0.48290012133999993, 0.16424557866, 0.08824135866000002, 0.03001294134000001, 0.14801197866000002, 0.05034232134000001, 0.027046541340000008, 0.009199158660000005]
[0.44048760209999993, 0.20491547789999998, 0.06974939790000001, 0.03244752210000001, 0.1487146479, 0.0691822721, 0.02354835210000001, 0.010954727900000004]
[0.49552584681600004, 0.15272879318400004, 0.10315223318399996, 0.031793126815999995, 0.137168033184, 0.042277326816000015, 0.02855388681599999, 0.008800753183999999]
[0.45345499198999994, 0.19369070801, 0.08286078801000002, 0.03539351199000001, 0.13898685801000002, 0.059367441990000006, 0.02539736199000001, 0.010848338010000003]
[0.40832501528, 0.15256099471999995, 0.06465658472000002, 0.024157405280000002, 0.22015738472000002, 0.08225660527999998, 0.03486101528000001, 0.013024994720000002]
[0.36986037788699994, 0.18690671211299997, 0.049910792113, 0.025222117887, 0.21545435211300001, 0.10887855788700002, 0.029074477887000006, 0.014692612113000002]
[0.4211338267499999, 0.14323742325, 0.07695467325000001, 0.026174076750000008, 0.20977827324999998, 0.07135047675, 0.03833322675000001, 0.013038023250000004]
[0.3828047018249999, 0.17808130817499998, 0.06061554817500001, 0.028198441825000007, 0.20639754817499997, 0.09601644182499999, 0.03268220182500001, 0.015203808175000005]

