0.125 0.125 0.125 0.125 0.125 0.125 0.125 0.125
0.06578947368421052 0.10964912280701754 0.05921052631578946 0.09868421052631579 0.13157894736842105 0.21929824561403508 0.11842105263157893 0.19736842105263158
0.07295173961840629 0.12906846240179573 0.09118967452300786 0.16133557800224466 0.08754208754208755 0.15488215488215487 0.10942760942760943 0.19360269360269358
0.11128397299245572 0.08763612873155889 0.13354076759094688 0.10516335447787067 0.13910496624056967 0.12489065738057618 0.16692595948868358 0.13145419309733836
0.07170154925164454 0.12685658713752498 0.08962693656455568 0.1585707339219062 0.08604185910197346 0.16936512943864082 0.10755232387746684 0.19028488070628743
0.09791922932318238 0.07711139309200614 0.19583845864636476 0.15422278618401228 0.09208506721952964 0.07764146747765305 0.17073096394811288 0.1344506341091389
0.06339654476601475 0.10566090794335792 0.0674097932328663 0.09509481714902214 0.137610937058616 0.2265235849732521 0.11411378057882654 0.19018963429804428
0.06902134358541354 0.12211468480496242 0.08627667948176693 0.15264335600620302 0.08282561230249624 0.20041428123359395 0.1035320153781203 0.18317202720744363
0.09528389881272915 0.07503607031502421 0.20607681820899848 0.15007214063004842 0.08955794296297862 0.08700497777054865 0.16613602869911748 0.13083212260055505
0.08975498614710203 0.1495916435785034 0.10846032794786435 0.13463247922065305 0.12176446988305782 0.2140422462749375 0.10097435941548981 0.08077948753239184
0.06827969182020081 0.12080253168189374 0.085349614775251 0.15100316460236718 0.08193563018424097 0.20900603168290446 0.10241953773030123 0.1812037975228406
0.09348253643985474 0.07361749744638561 0.2137858836319382 0.14723499489277123 0.0879267094125539 0.092598472938949 0.16299519174128518 0.1283587134962621
0.060821541203526445 0.10136923533921074 0.07974726166075002 0.09123231180528968 0.13202991604472314 0.24285633616957295 0.1094787741663476 0.18246462361057936
0.06689428231229905 0.11835142255252908 0.08361785289037381 0.14793927819066136 0.09044737609610781 0.21488123066078674 0.10034142346844857 0.17752713382879362
0.10334128723213877 0.08138126369530928 0.1462661462553497 0.09765751643437115 0.1405728517724237 0.1536971082192352 0.15501193084820816 0.12207189554296392
0.058598557613129425 0.10367437116169054 0.05108592202170258 0.09038278511531994 0.1327305373277332 0.2805904124863792 0.10217184404340517 0.18076557023063988
0.10222188607831963 0.08251646225599296 0.12777735759789952 0.10314557781999119 0.13864536933450192 0.16858582441182599 0.15333282911747942 0.12377469338398943
0.07398795303578029 0.11919842582520356 0.08421627911563294 0.14899803228150443 0.09161396474125605 0.20212817132405778 0.10105953493875953 0.1787976387378053
0.0985482374856586 0.07235592052319154 0.21716243178003214 0.14471184104638307 0.0872986371456419 0.09356193439291696 0.16020195671394458 0.1261590409122314
0.07566866606489842 0.11487361394977269 0.1261809460837273 0.13784833673972724 0.09362344977373963 0.17610831390868018 0.10338625255479542 0.172310420924659
0.09096349894416612 0.1410317633666309 0.0993661260671813 0.12692858702996784 0.11558614771018741 0.25477028439141 0.09519644027247587 0.0761571522179807
0.07076047313848619 0.11482131192526492 0.08112375299067631 0.14352663990658115 0.09348161336246996 0.22670573719981252 0.09734850358881159 0.17223196788789738
0.09743803913217391 0.07168974424110329 0.21785767048316118 0.14337948848220658 0.08673851628944024 0.09917205093622544 0.15872698765632962 0.1249975027793596
0.09404736985941112 0.14283152850300745 0.11998773851556553 0.12854837565270671 0.11641329870345088 0.22463138163470422 0.09641128173953004 0.07712902539162403
0.051480683607402836 0.08335563142282876 0.05889256567917249 0.10419453927853595 0.11309970801968484 0.2628026620769581 0.11778513135834498 0.2083890785570719
0.10621491231535903 0.08157190715232233 0.1263147069709469 0.10196488394040291 0.14502446090330565 0.16497361962404353 0.1515776483651363 0.1223578607284835
0.10732519687019765 0.07326486488462171 0.18152190404249557 0.14652972976924342 0.10203980100173704 0.09407203300113956 0.16336971363824598 0.13187675679231906
0.0977532804995142 0.06958657880803927 0.2577567556718449 0.13917315761607854 0.08481769580006787 0.07551168002554849 0.15407040647771003 0.12133044510119669
0.0750688148229143 0.11390689705922692 0.13741569120501682 0.1366882764710723 0.09272368215578777 0.17082008534383736 0.10251620735330423 0.17086034558884036
0.07241869706286927 0.1122269340490533 0.10987294160105517 0.13467232085886396 0.09786948848507875 0.2035949762253517 0.10100424064414797 0.16834040107357992
0.06256498992375241 0.09834776758922187 0.05374754885700752 0.08573907943675753 0.13003405202192145 0.30116596567366355 0.09692243762416068 0.17147815887351506
0.09818893913659155 0.07129061145404537 0.18634811522854255 0.14258122290809075 0.09795292212190156 0.11634766538079469 0.15896742315275192 0.12832310061728167
0.09575251375624735 0.06861572333215675 0.25946847882051793 0.1372314466643135 0.08904998867214628 0.0783233246675641 0.15192085263611424 0.11963767145093998
0.06803061897044738 0.10315666101744071 0.07380415407288633 0.08993144806648679 0.13469981336874642 0.2488527714262945 0.10166163694472419 0.17986289613297357
0.08361828503594106 0.13198487361555836 0.10547953108565097 0.16498109201944794 0.08321035830246314 0.198317712922238 0.08392516420119743 0.14848298281750313
0.09707871289341946 0.07053020779485113 0.22895283391204527 0.14106041558970225 0.08946358064491838 0.09377882360660508 0.1561596786341026 0.12297574692435581
0.07445048936926339 0.11297151792619874 0.13112568240936304 0.13556582151143845 0.09813703290255883 0.1766178128583004 0.10167436613357886 0.16945727688929807
0.07192082313645834 0.11146209157640988 0.10837668919471792 0.13375450989169185 0.10188330340170486 0.20509356301563342 0.1003158824187689 0.1671931373646148
0.06382159114192065 0.09737356861729855 0.05713619180410194 0.08488977776892694 0.12981877119521318 0.3012181864567674 0.09596235747791741 0.16977955553785387
0.12999733138509037 0.09163047633202376 0.15652554568770538 0.1145380954150297 0.12610276019366828 0.15042007634425864 0.12770142876869728 0.10308428587352671
0.12881334044827297 0.07845716841226495 0.1555761311679595 0.0980714605153312 0.14299328614336357 0.13261304774923152 0.1457898129451789 0.11768575261839744
0.11440474415260633 0.0690687696507405 0.21879796692705863 0.138137539301481 0.09672402297926667 0.08453012406795218 0.15401304754956163 0.1243237853713329
0.09563990349713014 0.06747185884050162 0.27188463814594505 0.13494371768100324 0.09085056710652441 0.07217783106384161 0.14938824260982042 0.11764324105523358
0.0815163654453724 0.11537777436938322 0.13148530382250956 0.14422221796172902 0.0909725978518817 0.16553879202970273 0.09782028696534663 0.17306666155407482
0.09577386916428421 0.06969296709710276 0.23903059106159139 0.13938593419420553 0.09272797122359731 0.08756676573206086 0.15430595889631216 0.12151594263084584
0.0716610997257927 0.10147257337307691 0.07685114776015509 0.08846326909447731 0.13366529431674165 0.25095812117313165 0.10000195636767001 0.17692653818895462
0.10288371855652531 0.0698663602714472 0.20331763011625106 0.1397327205428944 0.09665737633487481 0.10599119009904077 0.15579155559036137 0.12575944848860496
0.10620137494589724 0.06753163343479379 0.2524431376830308 0.13506326686958758 0.08833546041172549 0.07828272326101972 0.15058546321131633 0.12155694018262883
0.10483556267344543 0.06608137886048075 0.2729413670213412 0.1321627577209615 0.08544388893002684 0.07223695087837416 0.14735161196650484 0.11894648194886537
0.09471378168919611 0.13106327951170835 0.16113508379810668 0.16382909938963544 0.07702845596988421 0.14144495963172202 0.08333915055907543 0.1474461894506719
0.09609363414697031 0.06907804084214206 0.2508249235096163 0.13815608168428412 0.08953951344400739 0.08291958124111586 0.1529444616122315 0.12044376351963232
0.08129447490137598 0.11421794667904257 0.13530478144877517 0.1427724333488032 0.09001664535833555 0.16822984345200223 0.09683695479310132 0.17132692001856387
0.07261478919838059 0.11183851209607089 0.10965543894558696 0.13420621451528505 0.10066610643670701 0.20260650977739944 0.1006546608864638 0.16775776814410628
0.06488864663192812 0.09609141425287829 0.06127279219771825 0.08377200216917594 0.13340712492651557 0.2983252304226245 0.09469878506080759 0.16754400433835187
0.10070201001475754 0.06899934250544733 0.19970720077726628 0.13799868501089466 0.10073801638184599 0.1137976934221645 0.15385823537781837 0.12419881650980519
0.10517898413321382 0.06670777587055603 0.25549986177488404 0.13341555174111205 0.09152536917957547 0.07885007692677606 0.14874838380688166 0.12007399656700084
0.13920414018125324 0.08733213338745828 0.23066848203121734 0.10916516673432286 0.1178980077048651 0.09577240564545667 0.12171101425453608 0.09824865006089056
0.11149406453837864 0.06494296606132766 0.26534019543843274 0.1298859321226553 0.09240399436012954 0.07422238723193485 0.1448131213367515 0.1168973389103898
0.1050497439682726 0.06496717820773858 0.2797700265287609 0.12993435641547715 0.08792081977908059 0.07054984351724604 0.1448671108094947 0.11694092077392944
0.12100863854092682 0.07585767708800732 0.20894118597990044 0.09482209636000914 0.13571520442671872 0.10890926708501 0.1409594148874166 0.11378651563201098
0.1085556690324649 0.06552869306390847 0.2575751846752028 0.13105738612781695 0.09620272175077182 0.07700949270423373 0.14611920513056606 0.11795164751503526
0.10490225863868745 0.06516025700799637 0.2770315723213991 0.13032051401599273 0.08880051625439386 0.07119877143079896 0.14529764771633813 0.11728846261439344
0.08253149987463222 0.11320250379493062 0.14165780108406356 0.14150312974366328 0.09255901091044215 0.16276626307373543 0.09597603582613684 0.16980375569239592
0.1368757936758364 0.09026118308998844 0.19371139277091354 0.11282647886248556 0.12173061212153088 0.11725760445781919 0.12579310404518912 0.101543830976237
0.1127885422686349 0.06580868279106893 0.2516674926998263 0.13161736558213785 0.09420494231437852 0.07871380488740709 0.14674354043262233 0.11845562902392406
0.10616207113701481 0.0652686605113578 0.27481085155042073 0.1305373210227156 0.08860693844290539 0.0715911970659348 0.1455393713492068 0.11748358892044404
0.10397647334102823 0.06480854324514097 0.2834056528651217 0.12961708649028195 0.08707229327113439 0.06995119442627684 0.14451337851976212 0.11665537784125375
0.10320263719079661 0.06461172179137442 0.2865297803775694 0.12922344358274884 0.08656972695704884 0.06948709482178894 0.14407449605419906 0.11630109922447394
0.1029233441580598 0.06453729167463136 0.28765782417682484 0.12907458334926272 0.08639361684200446 0.06933768678204576 0.14390852800283468 0.11616712501433643
0.10282224994835022 0.06451009818377534 0.28806430547049144 0.1290201963675507 0.08633063292853013 0.06928644979355095 0.14384789057695577 0.11611817673079562
0.10278569350119399 0.06450026525555626 0.2882106975062398 0.12900053051111252 0.08630798700138961 0.06926838414987808 0.14382596461462843 0.11610047746000128
0.1027724925153966 0.06449672047785125 0.28826341611094874 0.1289934409557025 0.0862998345562617 0.06926193823428947 0.14381806028941757 0.11609409686013226
0.10276773022504528 0.06449544352579065 0.28828240278374984 0.1289908870515813 0.0862968988347087 0.069259626355789 0.14381521287691226 0.11609179834642314
0.1377457351114223 0.08644792806424485 0.24151110557926694 0.10805991008030608 0.11566941007557209 0.092833256449765 0.12047873556714721 0.09725391907227546
0.11117964108606203 0.06463370700650534 0.2693940849228429 0.12926741401301067 0.09163611189861913 0.07342484865868462 0.1441235198025656 0.1163406726117096
0.1051575213718028 0.06482530274910224 0.28122427742559186 0.12965060549820448 0.08762252188082846 0.07028347641390889 0.1445507497121772 0.11668554494838403
0.10352369922168339 0.06464900293125976 0.28571273595253505 0.12929800586251952 0.08671048970339114 0.06958023362054946 0.14415762743179414 0.11636820527626755
0.13804733292296542 0.0865033770558513 0.24066307482660168 0.10812922131981413 0.11582831940285744 0.09295636285735916 0.12055601242671812 0.09731629918783269
0.11129963112462232 0.06465011797061866 0.2690718849027219 0.12930023594123732 0.09168504130389331 0.07346276260665215 0.14416011380314073 0.11637021234711359
0.10521337829796586 0.06483078857717285 0.2811024417203438 0.1296615771543457 0.08763795783111299 0.07029545469015328 0.1445629822899944 0.11669541943891114
0.10355735646029285 0.06465000078608478 0.2856647239767413 0.12930000157216956 0.08671463491747987 0.06958342837315866 0.1441598524991204 0.11637000141495261
0.12088801847584271 0.07573111410699669 0.21068012027292687 0.09466389263374586 0.1352073193357788 0.10850862959151117 0.14072423442270282 0.11359667116049504
0.10863841446279865 0.0654674782732526 0.25821270738279073 0.1309349565465052 0.09604019390088687 0.07688208325797193 0.14598270528393936 0.11784146089185468
0.12261504206921964 0.07601644784083725 0.2022488826633093 0.09502055980104655 0.13809568413349482 0.1107242676086837 0.14125444412215277 0.11402467176125586
0.12532757641519948 0.07518242544851804 0.18281294115632343 0.09397803181064754 0.1518363543801042 0.11838437637254222 0.13970465624388798 0.11277363817277704
0.11019561610741792 0.06570677826632684 0.24682034576273618 0.13141355653265369 0.10217502621153342 0.07890016768786574 0.14651630855207803 0.11827220087938832
0.10558268720575718 0.06520324429261984 0.2726973321675111 0.13040648858523968 0.09176216189092312 0.07158874318619739 0.14539350294503586 0.11736583972671571
0.10377686184009978 0.06470226858555117 0.282351246014661 0.12940453717110234 0.08915494506204431 0.06986965598178291 0.14427640189076632 0.11646408345399209
0.10305425713807365 0.06448400350373443 0.28586883203164803 0.12896800700746885 0.08839379847390715 0.06937019220325295 0.1437897033351929 0.11607120630672198
0.10277345533012175 0.06440110657572556 0.28714142082577343 0.12880221315145113 0.0881485974644923 0.0692063592577209 0.14360485555840893 0.11592199183630601
0.10266727660602883 0.06437078776327604 0.287600891413962 0.12874157552655208 0.08806520774102741 0.06914959384341428 0.1435372491318424 0.11586741797389688
0.10262786100424519 0.06435981839444066 0.28776671089345135 0.12871963678888132 0.08803603755001699 0.06912947318241276 0.1435127890765587 0.11584767310999318
0.08206465813426789 0.1128049046986816 0.14386759457768866 0.141006130873352 0.09386425799689241 0.16154615573090836 0.09563894094018659 0.1692073570480224
0.10335809921476646 0.06814465979384647 0.23524775725501348 0.13628931958769294 0.09393011458191726 0.08841724144230732 0.1519524204955323 0.12266038762892364
0.13951106434570457 0.08754094490082431 0.2239442871294981 0.10942618112603039 0.1209987189504405 0.09809321471147076 0.12200202582260403 0.09848356301342735
0.11204143849179057 0.06484328787652666 0.2624717634042804 0.1296865757530533 0.09508994791206991 0.07455821452254498 0.14459085386198628 0.11671791817774799
0.0964047354781091 0.1298990291982749 0.15908075557527432 0.16237378649784362 0.08224465618376951 0.14126179000020103 0.08259883921846828 0.14613640784805926
0.09623161312564316 0.06906379940400038 0.2499120373737637 0.13812759880800077 0.09041932806691347 0.08291376103018515 0.15291292989733907 0.12041893229415451
0.07158138094406098 0.0999869296962056 0.0833816598893727 0.08716809255566642 0.13910048211860904 0.24590742592617285 0.09853784375857944 0.17433618511133284
0.07450084177980809 0.10985217911651961 0.09568362321991716 0.1373152238956495 0.102399932201302 0.22233438794801857 0.09313554316400577 0.16477826867477943
0.10275835606178536 0.06883513709584663 0.21546023947521892 0.13767027419169325 0.09802120851918836 0.0998594560610647 0.1534920818226789 0.12390324677252394
0.12160299139504556 0.07639605406818888 0.18896986243026292 0.09549506758523608 0.1439264101890351 0.1170557014166718 0.14195983181327632 0.1145940811022833
0.1091223856835067 0.06555695950790845 0.24916901087554855 0.1311139190158169 0.10233419858714349 0.07851876413402682 0.14618223508181374 0.11800252711423521
0.10514207582607642 0.0650384730394127 0.27335576537540635 0.1300769460788254 0.09291230658689129 0.07137909397933673 0.1450260876431083 0.11706925147094283
0.10353331572102502 0.06457446607890302 0.2823830489385844 0.12914893215780604 0.0904091241252379 0.069725652660476 0.14399142137594198 0.11623403894202547
0.08216809069475924 0.11268657953576793 0.14260545835993577 0.14085822441970994 0.09547400245260253 0.16163915345324778 0.095538621780325 0.1690298693036519
0.1032734879184125 0.06804134568796086 0.23447326927052572 0.13608269137592172 0.09556649203977136 0.08836624600965512 0.15172204545942317 0.12247442223832955
0.12139711256296305 0.07614374926697524 0.19473399194238228 0.09517968658371906 0.14303079682420894 0.11380804214707342 0.1414909967722152 0.11421562390046285
0.14363067361485812 0.08630445936346373 0.2072641700068216 0.10788057420432966 0.13486924804237505 0.10267956853554738 0.12027878944870782 0.09709251678389669
0.1131935538183338 0.06487000572671296 0.2554788776889327 0.12974001145342592 0.09986707837609468 0.07543403194825371 0.14465043068016292 0.11676601030808334
0.10576202895914844 0.06482493573191492 0.27552231416228445 0.12964987146382984 0.09233940757352092 0.07066662647322648 0.1445499313186282 0.11668488431744686
0.10356812704372662 0.06449755202279123 0.2831167010887262 0.12899510404558245 0.09037071905473283 0.06953628859289408 0.14381991451052253 0.1160955936410242
0.10284131156207925 0.06433823660762356 0.28591061179710703 0.1286764732152471 0.08976950627196946 0.06919036973913238 0.14346466491311877 0.11580882589372239
0.10258736983713439 0.0642751966691783 0.2869279580430684 0.1285503933383566 0.08956872418195336 0.069070908666456 0.1433240952593319 0.11569535400452093
0.12005287141937152 0.07525702604955159 0.2103167278429677 0.09407128256193947 0.1397713095712451 0.10780196373180352 0.13984327974879363 0.11288553907432738
0.10799066321524202 0.06504083396552547 0.25721037205447655 0.13008166793105094 0.10114945937827063 0.0764221501615258 0.14503135215596274 0.11707350113794585
0.1045785861829615 0.06482087420951374 0.27625145065563156 0.12964174841902748 0.09266875971384309 0.070820132512027 0.14454087472987096 0.11667757357712473
0.08235565009417514 0.112692855509425 0.1412335641505496 0.14086606938678126 0.09621104693298958 0.16205758794742936 0.09554394271451251 0.1690392832641375
0.10334722086751191 0.06805977119026571 0.23391067530086354 0.13611954238053142 0.09582831747848265 0.08846375306037839 0.151763131579488 0.12250758814247828
0.10460004022254521 0.06559631426118208 0.2681705013765019 0.13119262852236416 0.0925473499114222 0.07354980972808679 0.14626999030777016 0.11807336567012774
0.08240886638143337 0.11280911822987569 0.13946102156010834 0.14101139778734462 0.09624670647862334 0.16320669893595 0.09564251328185114 0.16921367734481355
0.10341780734160773 0.06809969506665957 0.23322011906087334 0.13619939013331914 0.09592605519737986 0.08870532621511437 0.1518521558650588 0.12257945111998722
0.08227232306271418 0.11306456173440005 0.13165538718357137 0.14133070216800006 0.09709985858900422 0.1691212397119795 0.09585908494873047 0.16959684260160005
0.10363999046208501 0.06827189890773132 0.23016633568374126 0.13654379781546264 0.0963382085207688 0.08991420584771177 0.15223614472858296 0.12288941803391638
0.10479399385831617 0.06568314527520863 0.2667844705608907 0.13136629055041726 0.0928001410578414 0.07387868669275367 0.14646361050919654 0.11822966149537552
0.10369391802397705 0.06473941358132725 0.280022946638479 0.1294788271626545 0.09087664968637921 0.07029807077347615 0.14435922968731776 0.11653094444638905
0.12046554641404783 0.07535042128674621 0.2082302067418591 0.09418802660843274 0.14049349630912625 0.10822984309474461 0.1400168276149239 0.11302563193011929
0.10814755170493072 0.06508009421828465 0.2564029287484322 0.1301601884365693 0.10140857326610023 0.07653759737289406 0.14511889665987648 0.11714416959291236
0.0829641052679045 0.11266961472977016 0.13674510574628823 0.14083701841221272 0.09808294205444003 0.16417255311948917 0.09552423857523994 0.16900442209465524
0.11802388486122262 0.07761814860141587 0.16525128179531412 0.09702268575176984 0.14636513219490008 0.13506090507420465 0.1442307388190489 0.1164272229021238
0.1091312082794466 0.06608693553683834 0.240080515540194 0.13217387107367667 0.10406478415379589 0.08214219892431199 0.14736400252542756 0.11895648396630902
0.12240935706590017 0.07573169830909436 0.1958977467410378 0.09466462288636794 0.1452497486268443 0.11172395891484155 0.14072531999227236 0.11359754746364153
0.08462978858309536 0.11118533513085262 0.12213617998313646 0.1389816689135658 0.10638772006041382 0.1756354770217168 0.09426582761094027 0.16677800269627893
0.10429189216879783 0.06830301586486398 0.22602539331489926 0.13660603172972796 0.09838278301341158 0.09113992445287748 0.15230553089866683 0.12294542855675517
0.10505723476595037 0.0657568183846228 0.2652018089001076 0.1315136367692456 0.0933184512101424 0.07416188633040657 0.14662789054720365 0.11836227309232104
0.09495897284226373 0.12987034518474072 0.15976865522668565 0.1623379314809259 0.08326994349527242 0.14110941351002465 0.08258059992725361 0.14610413833283328
0.09606854380903054 0.06903680855616963 0.25017045661722187 0.13807361711233926 0.090562084792457 0.08286344784286179 0.15285316994121398 0.12037187132870603
0.08103504737637178 0.11317258626691576 0.1355167854382758 0.14146573283364472 0.09603942208873392 0.16706087563025573 0.09595067096542859 0.16975887940037362
0.09058719758332563 0.13115519556096292 0.12706368424917472 0.1639439944512036 0.08424468958838456 0.17205804638351402 0.0833975971773514 0.14754959500608322
0.09670542307737057 0.0697805370404708 0.23733296481894472 0.1395610740809416 0.09169239116944233 0.0887591351764695 0.1544998459504115 0.12166862868594908
0.059925936927205506 0.08360689427216193 0.09793782745414971 0.10450861784020242 0.11850262620013291 0.20836068493681828 0.11814017668892447 0.20901723568040484
0.09943354892964704 0.06893048675708863 0.2166812501746343 0.13786097351417725 0.10180637962043872 0.0975077875052988 0.15370469733595582 0.12407487616275953
0.08153377808981245 0.11307122253518266 0.12789397329292815 0.14133902816897836 0.09831305797163527 0.17237737398929506 0.095864732149394 0.169606833802774
0.103582428754639 0.06834659675171542 0.2286741915127808 0.13669319350343084 0.09671374201365905 0.09056326353895167 0.15240270977173556 0.12302387415308774
0.13948377983918095 0.08743998046758981 0.22139679880593513 0.10929997558448726 0.12365817837681654 0.09848999283784443 0.12186131606210744 0.09836997802603853
0.08778063087817592 0.11123919789090445 0.1280088316382764 0.13904899736363055 0.10192812349319551 0.17082392803543284 0.09431149386402768 0.16685879683635665
0.10484194641200136 0.06818495770725638 0.2283579421521118 0.13636991541451277 0.09729886550786733 0.09017117010536646 0.15204227882782242 0.1227329238730615
0.08252067513552054 0.11306287393591506 0.13056497837187356 0.14132859241989384 0.09740380328607741 0.16966711195770168 0.09585765398914539 0.16959431090387259
0.07815545579374299 0.11277632675769886 0.10818304895031039 0.1409704084471236 0.09689217967028184 0.198243378427984 0.09561471181630991 0.16916449013654827
0.10340784836524487 0.06874593508226894 0.22083525910180765 0.13749187016453787 0.09699010039482805 0.09549312909709445 0.153293174646134 0.12374268314808408
0.10507072751342471 0.06590615607926434 0.2633449528469219 0.13181231215852868 0.09324201370333064 0.07503186543880778 0.14696089131704615 0.1186310809426758
0.10387637093104254 0.06482218830363003 0.2787753256709708 0.12964437660726005 0.09108763835824919 0.07057035621869676 0.1445438049636168 0.11667993894653407
0.10305536391564864 0.06443749803579103 0.28433581147747544 0.12887499607158207 0.09016368018391785 0.06945915076836753 0.14368600308279372 0.11598749646442387
0.10267723946844445 0.06430199314559736 0.286339951768611 0.1286039862911947 0.08980578674538654 0.0691436075164184 0.1433838474022723 0.11574358766207524
0.13723619290861572 0.08600899509838109 0.24016065328449393 0.10751124387297635 0.12003422316751444 0.09242155849112593 0.11986701369121394 0.09676011948567871
0.14685672688100965 0.08524316220047688 0.222248326738199 0.10655395275059609 0.1274951847625344 0.09690438366225165 0.11879970552939595 0.0958985574755365
0.13063160406599925 0.074332329357301 0.1880263341471604 0.09291541169662626 0.15063255999526656 0.11383826662730755 0.1381250000743877 0.11149849403595148
0.11092354464331647 0.06531052591078129 0.24822336333784925 0.13062105182156258 0.10394668198273606 0.07778316072299392 0.14563272494135407 0.11755894663940632
0.08347867279585823 0.11271046278444069 0.13494144277358391 0.14088807848055088 0.09866720578441392 0.16468957258290032 0.09555887062159103 0.16906569417666104
0.07836128487062156 0.11282012232432151 0.10919723670000266 0.1410251529054019 0.09720599663239768 0.1965081802405869 0.09565184284018564 0.16923018348648225
0.10342518860887304 0.06872636695844193 0.22124226289064108 0.13745273391688387 0.09702695581453842 0.0951694906348107 0.1532495406506153 0.12370746052519549
0.13967302162232617 0.08760641554834642 0.21894086784590228 0.10950801943543301 0.12395411351290514 0.09966707511294574 0.12209326943025144 0.09855721749188971
0.1120553199445824 0.06476962955422413 0.26022598076083653 0.12953925910844827 0.09761009740195599 0.07478777323531806 0.14442660679703112 0.11658533319760346
0.10535625300109001 0.06472540027103144 0.2772877342301999 0.12945080054206287 0.09188678714747137 0.07045932222339066 0.14432798209689696 0.11650572048785658
0.12091015699170854 0.07535548200455719 0.20735549686225838 0.0941943525056965 0.1408449371007495 0.10828012004211386 0.14002623148608015 0.11303322300683577
0.14306458748191891 0.08601064260082376 0.21146315532499746 0.1075133032510297 0.13415080171600438 0.1011662269552407 0.11986930974405847 0.09676197292592671
0.11289675339027393 0.06475852416214842 0.25703563493136206 0.12951704832429684 0.0997565403851733 0.07506831188465478 0.14440184343022347 0.11656534349186716
0.09649543790712131 0.12969631968154813 0.15762668277887898 0.16212039960193514 0.08440453550241885 0.14127832248015418 0.0824699424062018 0.14590835964174162
0.13086070575212655 0.09390746813656932 0.20335579902023987 0.11268896176388318 0.12344644532562687 0.11274764804551016 0.12475131298240222 0.09824165897364175
0.08620751225847625 0.11133064811954324 0.12388143830129422 0.13916331014942906 0.1018485795886263 0.17618351164979035 0.0943890277535258 0.16699597217931486
0.0786137836752566 0.11245197165291435 0.10649073404280308 0.14056496456614295 0.09759991484666442 0.20026095863981092 0.09533971509703609 0.1686779574793715
0.1027872689594341 0.07612676814152991 0.21866071644687954 0.1361562267809764 0.09650548315988215 0.09541890046007681 0.15180403194834233 0.12254060410287874
0.1387529093175891 0.09398057195213859 0.21712934149731541 0.10872313058286003 0.1231548968451417 0.0991901553469537 0.12121817693342751 0.09785081752457403
0.08688688556644097 0.12113388266009265 0.12608659983274528 0.1374101779529886 0.10090747875801716 0.16948281490062378 0.09319994678550532 0.1648922135435863
0.11801934353943651 0.08647856802519616 0.16049788038438523 0.09587274858178517 0.14605656964957447 0.1355063115401994 0.14252127998128064 0.1150472982981422
0.10880068488730109 0.07184129269244566 0.23731329045554525 0.13144525954119407 0.10375504288426757 0.0819920409114673 0.14655165504070441 0.11830073358707467
0.10504538655422911 0.06986951425441126 0.2682889645285867 0.12981800362654594 0.09349853588956307 0.07190600574989225 0.14473738613288034 0.11683620326389135
0.13771998963797422 0.0921384333383183 0.2333222582208175 0.107188961950596 0.1208157913259711 0.09283680637213683 0.11950769339864958 0.09647006575553639
0.08670083935410676 0.12086345994672244 0.12972668142388255 0.13732656761087472 0.10039959492593149 0.16704773844327375 0.09314323716215851 0.16479188113304966
0.10382831145500279 0.07609176692824539 0.2277116897536471 0.13500411776836843 0.09630480946366166 0.08903608226197406 0.15051951637756897 0.1215037059915316
0.10446933613465662 0.07058429347349 0.26513268813977403 0.13064331466535406 0.09247360424816475 0.07346023378896638 0.14565754635077535 0.11757898319881867
0.10326190836801714 0.06923211110418571 0.2787835872453733 0.128783528777185 0.09049542356081525 0.0699542411694986 0.1435840238754585 0.1159051758994665
0.1025082359288455 0.06879114155259612 0.28372790317293156 0.12811482785163272 0.08966898762105724 0.06904708655994557 0.14283847224652185 0.11530334506646944
0.1021685539366788 0.0686376221683253 0.2855191526945659 0.12787788541011763 0.08935141126632853 0.0687809785483736 0.1425742991065043 0.11509009686910587
0.10203153221072019 0.06858311262288695 0.2861689306428933 0.12779335240098927 0.08923356348405125 0.06869544036780911 0.14248005110975967 0.11501401716089034
0.1363081880202556 0.09164417368565016 0.23926100096285255 0.1067324523430867 0.11921471414147505 0.091781544483744 0.11899871925415788 0.09605920710877804
0.14564407959323394 0.09284951783349743 0.22080804281245206 0.10554252134228978 0.1264255141211701 0.0960700201002056 0.11767203498909025 0.09498826920806079
0.1014020654921484 0.13913786528649927 0.1460918020689171 0.15795562466796037 0.0876859985951697 0.1452152421831347 0.08035133950500593 0.1421600622011643
0.10312154282468507 0.06880928819387616 0.24354490729158365 0.13761857638775232 0.09113630330369271 0.08344479168613826 0.15234942115371847 0.1199751691585533
0.060516667115982276 0.08910462958994678 0.09875267747978204 0.10381324690857537 0.11786186192453468 0.20497031796303006 0.11735410520099823 0.20762649381715073
0.07307233667746661 0.12103562399836484 0.0996353009448327 0.13837507404973085 0.09961325315916082 0.2083639242596455 0.09385439805112179 0.16605008885967698
0.10108812135349476 0.08288772671453659 0.21472380824185616 0.13533920344948927 0.09660693050003509 0.09665581473042327 0.15089311190562457 0.12180528310454034
0.10393095021207843 0.07534731858430688 0.2597050944395589 0.13056378165168703 0.09260466169145672 0.07477191695855756 0.14556887297583612 0.11750740348651832
0.08124290024889659 0.126652459639729 0.13621975866240557 0.13875144191642896 0.09505856840470625 0.1614634671804538 0.09410967364766487 0.16650173029971474
0.076232459349342 0.13557760956393888 0.10729115198439809 0.1372154086084388 0.09436811988902348 0.1915889179142258 0.09306784236050633 0.16465849033012658
0.07493446838201784 0.13662644315192662 0.10041237824282012 0.13643327205971015 0.09369930680488193 0.20163685514214424 0.09253734974484688 0.16371992647165215
0.13242330981933698 0.1106679743450962 0.17534091737759372 0.11032492552731388 0.12438059507501585 0.12456578612150342 0.12300405875955743 0.09929243297458248
0.11102836595702685 0.07849645204378619 0.24196513496615085 0.12966427316978582 0.09824319167161737 0.07933874819281067 0.1445659881460149 0.11669784585280721
0.10501964759184845 0.07392931575385085 0.269409966068705 0.1289109813188141 0.09190627040165357 0.07107781173020401 0.14372612394799125 0.11601988318693268
0.10285362289575634 0.0727984282847446 0.27974625380268925 0.12787145693729268 0.08990803666965466 0.06917075832725798 0.14256713183904124 0.11508431124356341
0.102032666656019 0.07241672490711758 0.2835528169999205 0.1274191504924266 0.08920924891109673 0.06862931268300795 0.14206284390722787 0.11467723544318394
0.08082322652158029 0.12586679823534586 0.14150111509577568 0.13849473618463906 0.0942405502666995 0.158944330079594 0.09393556019479866 0.16619368342156687
0.10163496510397876 0.08245342172276666 0.23155919908912512 0.13366782046620726 0.09428522746623913 0.0870686831227579 0.14902964460933854 0.12030103841958653
0.10347581581002104 0.0748625244942845 0.2659805623178322 0.12978260281631762 0.0916244249181954 0.07277181023733613 0.14469791687132727 0.11680434253468587
0.1026612462755348 0.07302869476202495 0.2785640306151082 0.12809554769182288 0.08999034713862007 0.06955716428709663 0.1428169763071518 0.1152859929226406
0.09289648737730723 0.1446265587182937 0.16110858310603443 0.15899105105039305 0.08127258303708615 0.1371347343616362 0.0808780564038956 0.14309194594535374
0.07828000491920561 0.11200238832880706 0.11560248276898807 0.13440286599456847 0.09927341090886788 0.1916331150904259 0.10080214949592635 0.16800358249321057
0.06460377199071006 0.11313413351155428 0.06117097830733721 0.08164895749957937 0.1354639312359924 0.2883814909344044 0.09229882152126365 0.16329791499915874
0.09910753476369781 0.08194738232036171 0.19656177912853937 0.13488861450585996 0.10455236511811605 0.1111518322486327 0.15039073885951848 0.12139975305527394
0.13737248898936213 0.09986954580041948 0.20862293582525174 0.10831572095919915 0.12511819766049023 0.10245301629524914 0.1207639456067489 0.09748414886327923
0.11092065881333373 0.07626603245735859 0.2546051766453114 0.12808450465692156 0.09729128159871495 0.07475162748978657 0.14280466414734386 0.11527605419122938
0.10453795321112279 0.07332280685054139 0.2740400058226287 0.12828912566976475 0.09130995848828828 0.07000713554842668 0.1430328013064392 0.11546021310278826
0.10258337777070645 0.07260537661640397 0.28143144728764474 0.12764840300858266 0.08964565785152362 0.06888373140306905 0.14231844335434513 0.11488356270772439
0.10191440282029775 0.0723507461390902 0.28416610267838444 0.12733961285355838 0.08910668703732443 0.06854263152760769 0.1419741653755345 0.11460565156820256
0.10167571765671309 0.0722546960397087 0.2851694471359305 0.12721858191026195 0.0889196795564523 0.06842592907577884 0.1418392249059189 0.11449672371923575
0.1015892809795793 0.07221878382982189 0.28553656114478504 0.12717340050686782 0.08885287929038359 0.0683841827795003 0.14178885101288097 0.11445606045618105
0.1015578085509998 0.0722055078640924 0.28567075454978963 0.12715677317323335 0.08882872140481066 0.06836902582443989 0.14177031277672433 0.11444109585591
0.11878594405639764 0.08445820276828195 0.2088916975404281 0.09296073599490404 0.13853197942137968 0.10662617933677687 0.1381923776879469 0.11155288319388484
0.10688950734390576 0.07458303509715089 0.25518591720442746 0.12850479838518936 0.10028310026697636 0.07562606286652085 0.14327326028915888 0.11565431854667042
0.12051241154563469 0.08503737810075981 0.1993655989386765 0.09325133432049133 0.14253023266810458 0.10877707162501314 0.13862437161673039 0.1119016011845896
0.10757527402080842 0.07485909168807174 0.2514718048009414 0.12886624321748677 0.10138121078552345 0.07619051228775463 0.14367624430367557 0.1159796188957381
0.10391021911753562 0.07324951548098393 0.2729277690600179 0.12846805995436422 0.0922577960590351 0.07033308668867273 0.1432322996804628 0.1156212539589278
0.13660167168874796 0.09680594497422734 0.23412108998818137 0.10638751765257844 0.11979567518002043 0.091925191813288 0.11861414281563597 0.09574876588732059
0.09870312763239078 0.14820177308067556 0.14840342502267598 0.15626814622128674 0.08572747899021795 0.14256179089754895 0.07949292655604587 0.14064133159915806
0.10630642364750717 0.06850327321888126 0.24385743244556032 0.13700654643776253 0.09046339411033053 0.08274944671285142 0.15167187884033945 0.11944160458676732
0.08179308843001735 0.12548929210302834 0.13279914153359193 0.13910532938661602 0.09477263501159533 0.16476441660028976 0.09434970167092216 0.16692639526393918
0.07630641890701759 0.13530134619191442 0.1065117167532214 0.137181021277269 0.09428611327059692 0.19275163928789288 0.09304451877936507 0.1646172255327228
0.13200281866336422 0.11555003948231386 0.17663471383401166 0.10947648118689321 0.12378711539975437 0.12196189172872872 0.12205810663673018 0.09852883306820388
0.14477867843230674 0.10803733283268407 0.19795350111313603 0.10554762487712437 0.12804993118717678 0.10296234411859004 0.11767772504957 0.09499286238941193
0.14764013402786505 0.10572210269943767 0.2047083600479523 0.10466983193285753 0.12830964184491628 0.0980480292837508 0.1166990514236486 0.09420284873957176
0.14823627440662468 0.10504707469875904 0.20690667614242428 0.10444336942571775 0.12814159531745314 0.09677941489750029 0.11644656262837487 0.09399903248314598
0.10048457736725648 0.155670962275701 0.14065136134726486 0.15496957973701123 0.0867255679858122 0.143192978092208 0.07883235143143615 0.1394726217633101
0.13789470855367372 0.11845993067163037 0.1877397956422208 0.1080992403670753 0.12031384090646757 0.10968058162676558 0.12052258590179887 0.09728931633036776
0.11146169353818274 0.08260271089281114 0.2460188345137335 0.12837412378140045 0.09664952307121355 0.07622883494162787 0.14312756785777034 0.11553671140326038
0.08216696264665581 0.131893594060771 0.1326504262174959 0.13783403026115082 0.09543593561827556 0.16113078566166333 0.09348742922060663 0.16540083631338096
0.10179474310108579 0.08736697754594976 0.22724268371854145 0.13326663712222314 0.0944127920090639 0.08739383797328332 0.14858235511985177 0.11993997341000083
0.09250429653304983 0.1531429253507634 0.1475917929371689 0.1586916343462621 0.08189962524421616 0.14262151024858782 0.08072574442831594 0.14282247091163588
0.09749211748898359 0.13456551685360682 0.13547248135120712 0.16147862022432818 0.08331881289969405 0.16243047835645083 0.08446573980964861 0.140776233016081
0.07839221163897447 0.14313578481401287 0.10628549444448965 0.13569499079978714 0.09109881398502752 0.19052211290245605 0.0920366024555078 0.16283398895974455
0.07471277920796392 0.14465633121097898 0.0994460045436785 0.13512272546393503 0.09230322904366721 0.1999632027018636 0.09164845727119074 0.16214727055672204
0.10099937750925715 0.09023711986191808 0.21371662140377384 0.13448600252565454 0.09464955800607763 0.09493206187297001 0.1499418565472596 0.1210374022730891
0.1371637656377135 0.10437868090784513 0.214062980080506 0.10758416634560372 0.12171903649170604 0.09831730401936427 0.11994831680621788 0.09682574971104334
0.11040060282570405 0.07975975614231252 0.256182713088844 0.1272934114219144 0.09616263657915487 0.07371415543522775 0.14192265422711947 0.11456407027972294
0.1383358153069409 0.10096441559452836 0.22771618498936913 0.10608805391484431 0.12064883293938333 0.09248718563547165 0.11828026309610253 0.09547924852335987
0.11015805384258309 0.0788526945076645 0.26130407694559454 0.12663661471953275 0.09549221806208841 0.07239301375631407 0.14119037491864322 0.11397295324757949
0.12093458163039461 0.0881450980713833 0.20088941421904194 0.09277521815689875 0.14048982315735112 0.10751901001505315 0.13791659296159875 0.1113302617882785
0.08280280369472226 0.13149870423429988 0.12128015588972163 0.13555081031296845 0.10353707983945648 0.17073066318012536 0.09193881047314383 0.16266097237556212
0.10214779062099827 0.0874892816172735 0.22239411558576463 0.13347348564257652 0.09632163106556695 0.0892345826059121 0.14881297578358904 0.12012613707831886
0.10360929566142169 0.0782199557620553 0.26206857054432203 0.12966049965083867 0.09205234663461365 0.0731331011069992 0.14456178095399475 0.1166944496857548
0.10258218850172102 0.07577093399567293 0.276755478419591 0.12782810500863034 0.08997425168198707 0.06952495021082895 0.1425187976738013 0.11504529450776733
0.13571341591855704 0.09996215433054113 0.23496222491525873 0.10588439994722665 0.11873751526186949 0.0913911255537768 0.11805320412026613 0.09529595995250398
0.10934196845585858 0.07854219886423848 0.2641174407423701 0.12637805709793018 0.09491063465562047 0.07206734632994381 0.14090210246590124 0.11374025138813716
0.08175506981983424 0.1307499024936282 0.13668290912197306 0.1376971893721453 0.09501882900994356 0.15946485753566367 0.09339461540023769 0.16523662724657437
