Action: 0
[0.10708560646528581, 0.08416415236410509, 0.34620791246167565, 0.08416405927678461, 0.12588606687125053, 0.08416408400732914, 0.08416405927678461, 0.08416405927678461]
[0.19360530438697215, 0.08160024619197102, 0.272963422478633, 0.08160024619197102, 0.12543004217453968, 0.08160024619197102, 0.08160024619197102, 0.08160024619197102]
[0.1439253346812824, 0.08208113466191339, 0.3080710512191062, 0.08191255773972143, 0.13825983091792377, 0.08192497530061002, 0.08191255773972143, 0.08191255773972143]
[0.125, 0.125, 0.125, 0.125, 0.125, 0.125, 0.125, 0.125]
[0.24101722697919464, 0.09304261570935589, 0.24332646001605193, 0.08399262525138274, 0.08647768652865032, 0.08415813501259899, 0.08399262525138274, 0.08399262525138274]
[0.21872971485194095, 0.08504887512480055, 0.268198932547003, 0.08504887512480055, 0.08698421580536361, 0.08589163629649012, 0.08504887512480055, 0.08504887512480055]
[0.125, 0.125, 0.125, 0.125, 0.125, 0.125, 0.125, 0.125]
[0.125, 0.125, 0.125, 0.125, 0.125, 0.125, 0.125, 0.125]

Action: 1
[0.1111111111111111, 0.1111111111111111, 0.1111111111111111, 0.1111111111111111, 0.1111111111111111, 0.2222222222222222, 0.1111111111111111, 0.1111111111111111]
[0.1111111111111111, 0.1111111111111111, 0.1111111111111111, 0.1111111111111111, 0.2222222222222222, 0.1111111111111111, 0.1111111111111111, 0.1111111111111111]
[0.08826922891107782, 0.08826922891107782, 0.08826922891107782, 0.08826922891107782, 0.13432917366342598, 0.3360554528701072, 0.08826922891107782, 0.08826922891107782]
[0.125, 0.125, 0.125, 0.125, 0.125, 0.125, 0.125, 0.125]
[0.1529918405054243, 0.30895602037297876, 0.08967535652026618, 0.08967535652026618, 0.08967535652026618, 0.08967535652026618, 0.08967535652026618, 0.08967535652026618]
[0.08853794486777113, 0.08853794486777113, 0.08853794486777113, 0.08853794486777113, 0.15797131339587903, 0.3108010173974942, 0.08853794486777113, 0.08853794486777113]
[0.125, 0.125, 0.125, 0.125, 0.125, 0.125, 0.125, 0.125]
[0.125, 0.125, 0.125, 0.125, 0.125, 0.125, 0.125, 0.125]

