Action: 0
[0.1708527461912716, 0.09260095783953902, 0.26571311823321814, 0.09255750977102413, 0.10060310611302738, 0.09255754230987151, 0.09255750977102413, 0.09255750977102413]
[0.19654095492597304, 0.0929781227950826, 0.20371028459653126, 0.0929781227950826, 0.0929781227950826, 0.13485814650208275, 0.0929781227950826, 0.0929781227950826]
[0.0982647163606662, 0.09339064687476645, 0.20719584788156695, 0.093390646102074, 0.22758323982270806, 0.09339361075407038, 0.093390646102074, 0.093390646102074]
[0.125, 0.125, 0.125, 0.125, 0.125, 0.125, 0.125, 0.125]
[0.11358238959606498, 0.09274574793843587, 0.3096379807501393, 0.09274574758890602, 0.100200108134747, 0.10559653081389488, 0.09274574758890602, 0.09274574758890602]
[0.16436178330393061, 0.09425637371539228, 0.17571666610057346, 0.09425637371539228, 0.18863968201853462, 0.09425637371539228, 0.09425637371539228, 0.09425637371539228]
[0.125, 0.125, 0.125, 0.125, 0.125, 0.125, 0.125, 0.125]
[0.125, 0.125, 0.125, 0.125, 0.125, 0.125, 0.125, 0.125]

Action: 1
[0.2039235712240305, 0.10196178561201524, 0.10196178561201524, 0.10196178561201524, 0.184305715103878, 0.10196178561201524, 0.10196178561201524, 0.10196178561201524]
[0.1111111111111111, 0.1111111111111111, 0.1111111111111111, 0.1111111111111111, 0.1111111111111111, 0.2222222222222222, 0.1111111111111111, 0.1111111111111111]
[0.0940305585695883, 0.0940305585695883, 0.0940305585695883, 0.0940305585695883, 0.16714315879214725, 0.26867348979032313, 0.0940305585695883, 0.0940305585695883]
[0.125, 0.125, 0.125, 0.125, 0.125, 0.125, 0.125, 0.125]
[0.09498326093005355, 0.09498326093005355, 0.09498326093005355, 0.09498326093005355, 0.22760078042183077, 0.202499653997848, 0.09498326093005355, 0.09498326093005355]
[0.09441069628250227, 0.13711719568695382, 0.09441069628250227, 0.09441069628250227, 0.09441069628250227, 0.2964186266180326, 0.09441069628250227, 0.09441069628250227]
[0.125, 0.125, 0.125, 0.125, 0.125, 0.125, 0.125, 0.125]
[0.125, 0.125, 0.125, 0.125, 0.125, 0.125, 0.125, 0.125]

