0.125 0.125 0.125 0.125 0.125 0.125 0.125 0.125
0.07575757575757576 0.12626262626262627 0.09090909090909091 0.15151515151515152 0.0946969696969697 0.15782828282828282 0.11363636363636365 0.1893939393939394
0.06994484476470064 0.10916140319663138 0.05894715772618094 0.09824526287696825 0.13099368383595764 0.21832280639326276 0.11789431545236188 0.1964905257539365
0.07295173961840629 0.12906846240179573 0.09118967452300786 0.16133557800224466 0.08754208754208755 0.15488215488215487 0.10942760942760943 0.19360269360269358
0.1045515041676174 0.07719829214276655 0.19605915464829593 0.1543965842855331 0.08546168279541105 0.07680726596678161 0.1709233655908221 0.13460215040277243
0.06988054446591216 0.1061689229677231 0.06775993696219659 0.09555203067095079 0.12740270756126773 0.22746935922490713 0.11466243680514093 0.19110406134190158
0.07068087473011868 0.1250507783686715 0.08835109341264835 0.1563134729608394 0.08481704967614241 0.18118925120339432 0.10602131209517802 0.18757616755300727
0.0762494514689495 0.1191770675219485 0.09292230504947352 0.14301248102633818 0.08938280064146137 0.19323093223915247 0.10725936076975365 0.17876560128292274
0.07577613351307612 0.11774685007339726 0.09227692453610994 0.1412962200880767 0.09582424242051689 0.19448718919266958 0.10597216506605756 0.1766202751100959
0.09286347963747842 0.14424597948214576 0.084814928952327 0.1298213815339312 0.11816809576143138 0.254827269561879 0.09736603615044839 0.07789282892035872
0.068532269820266 0.12124940045123987 0.08566533727533251 0.15156175056404983 0.08223872378431922 0.2060800126975338 0.10279840473039903 0.18187410067685977
0.0998964497743157 0.0737712376639099 0.20290224337933851 0.1475424753278198 0.0881734966262654 0.0957517386431409 0.16333558522249486 0.1286267733627147
0.06633716444060439 0.10076844899655092 0.07318278384194456 0.09069160409689583 0.13129519704950948 0.24751166846442826 0.108829924916275 0.18138320819379167
0.06754488335755449 0.11950248594028871 0.08443110419694311 0.1493781074253609 0.0810538600290654 0.21751850510402257 0.10131732503633174 0.17925372891043304
0.07262890793234839 0.1135176959390022 0.09357436167365558 0.13622123512680265 0.09191570750767225 0.2196996215669138 0.10216592634510198 0.1702765439085033
0.0760744073091671 0.11259770877173486 0.09423632885180692 0.13511725052608184 0.09215854161372702 0.21958126187531857 0.10133793789456139 0.1688965631576023
0.07631413450260172 0.11232452627736998 0.09413225623652016 0.13478943153284398 0.09197372119208098 0.22088706719289516 0.10109207364963299 0.16848678941605497
0.07624663280529792 0.11216897662833328 0.09400224470338576 0.13460277195399992 0.09183959109590234 0.22193423890508082 0.10095207896549996 0.1682534649424999
0.07618488977496365 0.11208180522414223 0.09391893351031436 0.13449816626897065 0.09176164783202297 0.22255822485164473 0.100873624701728 0.1681227078362133
0.07614955162538514 0.11203636030426348 0.09387326120018322 0.13444363236511614 0.09172030933111619 0.22288962044370347 0.10083272427383712 0.16805454045639517
0.11370588471179652 0.08786523383613881 0.14021559128279637 0.09470132598594035 0.13689325518526474 0.15792248645858958 0.15031956505704816 0.11837665748242544
0.05944855706873827 0.1051782163523831 0.0518269471881308 0.09169382964053911 0.11889711413747654 0.2859137819553924 0.1036538943762616 0.18338765928107822
0.07710510542541689 0.13641672498342988 0.09638138178177111 0.17052090622928734 0.0693945948828752 0.20996922748726696 0.08674324360359399 0.1534688156063586
0.07776437756597973 0.12583034321353778 0.09317695108676703 0.13266148847233278 0.08874274017541929 0.21650112254129786 0.09949611635424958 0.16582686059041593
0.07884334844609535 0.12416480517444993 0.09238218646260453 0.13207312978269561 0.09000584338421655 0.2183844271845468 0.09905484733702172 0.1650914122283695
0.07896318889675877 0.12388210380169194 0.09220083238463309 0.1319587799582983 0.09004016263308338 0.21903737240893797 0.09896908496872375 0.16494847494787288
0.07896436695477271 0.1238199043671903 0.0921531321571219 0.13192304948538838 0.09002031328387194 0.21927313478087807 0.0989422871140413 0.16490381185673547
0.07953852126806844 0.1237237807687541 0.09208337391643603 0.1318096471706099 0.08995068519495993 0.21927469733995175 0.09885723537795742 0.16476205896326238
0.09717658239843467 0.15087878899936974 0.0842402056612064 0.12044610808148488 0.116615162088459 0.26804090686104065 0.09033458106111367 0.07226766484889094
0.051737286324525456 0.08362167881678681 0.059080533946642845 0.1045270985209835 0.09452885431462855 0.27928928314118 0.11816106789328569 0.209054197041967
0.10179058120421476 0.07657270838471232 0.1981031675978748 0.14094279349459485 0.09486287870751767 0.10882519988633174 0.1560294661397224 0.12287320458503141
0.08445992985945693 0.11957789161261476 0.11588026387240603 0.13295121270645713 0.10110624331062482 0.180122033225526 0.09971340952984287 0.16618901588307142
0.08017723868774856 0.12261999451511076 0.0993869787385331 0.13089150823770673 0.1007588204636297 0.20438244288185775 0.09816863117828004 0.16361438529713337
0.07883040935210889 0.12199172594526728 0.09569613186613582 0.12977173532143027 0.10200725962820438 0.21215926724399278 0.09732880149107272 0.16221466915178787
0.07834928304702025 0.12151474288762205 0.09473718822136848 0.1292944274135006 0.10297226853800488 0.21454323506548265 0.09697082056012546 0.16161803426687574
0.11680037227542635 0.08563950686501175 0.1411262850880531 0.0911483321665836 0.15471183597933907 0.151958360089446 0.14467989232791048 0.11393541520822949
0.07595640206272754 0.12105321991024039 0.08552673145832201 0.1513165248878005 0.08210566219998915 0.19982955186557336 0.10263207774998642 0.18157982986536056
0.09518994527753508 0.1485698633777572 0.11361629837936155 0.15846857934302772 0.08458400217391984 0.17852795974940616 0.08289125688712219 0.1381520948118703
0.08206811826033455 0.12532526042261513 0.09857486587857461 0.13016885994420066 0.10040240750515972 0.20312276810071409 0.0976266449581505 0.16271107493025083
0.07932244061222105 0.12204823306757673 0.09537838614097512 0.129456436262736 0.1034446243857096 0.21143700700530954 0.097092327197052 0.16182054532842
0.09630622396034368 0.14862748611583151 0.08686212366373766 0.11857221596640523 0.1273398483089528 0.26221961043008196 0.08892916197480392 0.07114332957984314
0.11282771634383783 0.0832636817005909 0.12893443248412398 0.10407960212573862 0.12377705518475904 0.16750067062911442 0.15472131898094876 0.12489552255088636
0.08502617173436361 0.1174357372596816 0.1011021346303142 0.12951131928992543 0.10918964060675004 0.19871235789911426 0.09713348946744407 0.16188914911240676
0.06737302378664056 0.10220685935073935 0.06064467993374794 0.0818844407143181 0.14254098590564546 0.2833198000230908 0.0982613288571817 0.1637688814286362
0.06871142128951885 0.1139289122262922 0.08049325320335862 0.14241114028286525 0.0882332258651221 0.23873677494937445 0.09659190384403037 0.1708933683394383
0.10458166061407059 0.07756257109061784 0.20869823530128873 0.13862286288016964 0.09557614912619625 0.10064661243113086 0.15346120758407056 0.12085070097245558
0.08479523267411905 0.11865878293063198 0.12141534905833887 0.1316608967561536 0.10430188135658092 0.17584606371186828 0.09874567256711521 0.164576120945192
0.11855617539505137 0.08512097462619975 0.1513564744305237 0.09082282632393171 0.1552063224900921 0.14124547744209354 0.14416321638719318 0.11352853290491463
0.07542775323942223 0.11983821854873247 0.08466830658334361 0.1497977731859156 0.09336717670713776 0.19554147601233743 0.10160196790001233 0.1797573278230987
0.10602223658481637 0.07788841839442819 0.21379536947242728 0.13853762430709265 0.09650661765743104 0.09310649818246758 0.1533668449797688 0.12077639042156797
0.08501757404535265 0.11858484987751615 0.12454022420014983 0.13150529555641413 0.10448397796990715 0.17285748723783181 0.0986289716673106 0.16438161944551766
0.0800435198455559 0.12154046074339471 0.10397623825311678 0.12966136455363636 0.10480651097278866 0.20064917652423506 0.09724602341522728 0.16207670569204546
0.09648556417450582 0.1485477127667184 0.0911114430711592 0.11850544953229601 0.12785472964531197 0.257512743941409 0.088879087149222 0.07110326971937761
0.11120884251477475 0.08195148362265481 0.12690248396791695 0.10243935452831851 0.13722985286389616 0.16505777630695612 0.15228298076150035 0.12292722543398221
0.1088664573758612 0.07391694788964663 0.18313751268181108 0.14783389577929326 0.09340686029832794 0.09496405836006591 0.16482376141362995 0.13305050620136394
0.12502472943317836 0.08171670856195061 0.17229640999275478 0.09103948076643874 0.1517128337596532 0.11990337420029552 0.14450711232768051 0.11379935095804841
0.0810919196609355 0.11810811160193477 0.09757936451598424 0.14763513950241844 0.09205526470618776 0.18623289451234462 0.10013513809729252 0.1771621674029021
0.07963919608251153 0.12203167071640106 0.09865257797930209 0.13038873924528893 0.10234771437215738 0.20616262311376118 0.09779155443396673 0.16298592405661116
0.07859953915693844 0.12118339370194382 0.0979368160507246 0.128852669765957 0.1037026754038482 0.21201956638867403 0.09663950232446776 0.16106583720744624
0.07825511830815927 0.12082691810454985 0.09759391738153317 0.12854889377178028 0.10380695529271687 0.21387040959769998 0.09641167032883521 0.16068611721472534
0.078151670831694 0.12071824028660777 0.09747089484698021 0.12847018312534353 0.1037785568635203 0.21447008779516713 0.09635263734400766 0.1605877289066794
0.07812073374153188 0.12068572481732723 0.09742988513600621 0.12844706366536127 0.10375602584861766 0.21466643946043323 0.09633529774902097 0.1605588295817016
0.11647435273978284 0.08502333874146444 0.14526099507593182 0.09049364303928871 0.1546989087064543 0.15129100466100068 0.1436407032369662 0.1131170537991109
0.12137620354713319 0.081569558400953 0.14444799630838448 0.10196194800119124 0.13980133509139664 0.1369153371552037 0.1515732838943082 0.12235433760142948
0.1073441614846313 0.07154355745449678 0.20275278212958078 0.14308711490899356 0.09916669830943611 0.08779582731414311 0.15953145498062415 0.1287784034180942
0.12398549613968372 0.08104382251766483 0.17757233348659887 0.09046458724723494 0.15287070101221523 0.11738774260543983 0.14359458293211896 0.11308073405904365
0.0945717850673358 0.13719586345519405 0.0888625679533689 0.11960665019170763 0.11824613185222786 0.21686451068530618 0.08112451056481039 0.14352798023004915
0.07499192314350335 0.11364800868658129 0.09292823391966318 0.14206001085822662 0.09322142100984722 0.21632464285716155 0.09635374649514501 0.17047201302987192
0.14039029612811169 0.10240888118484434 0.17432028729418014 0.10979604572780673 0.12773074189861705 0.12808538214633547 0.12154873601124716 0.09571962960885716
0.06993402392824506 0.09892612327464463 0.06392195693613183 0.08624328695738251 0.14404669271984105 0.26694893092586197 0.09749241134312804 0.17248657391476502
0.07047802480977591 0.11064753281216914 0.08724450418338882 0.1383094160152114 0.10254728156880093 0.2309920766168652 0.09380986477553471 0.16597129921825368
0.11054996070074424 0.07929682034746313 0.1418500426857758 0.09912102543432891 0.1480206344467877 0.15486622417327042 0.14735006169043524 0.11894523052119468
0.11588979604946757 0.07802454824782568 0.15166888982044943 0.09753068530978208 0.16138208472903964 0.1334812591902897 0.1449859142814074 0.1170368223717385
0.08102414696794369 0.11328694215746621 0.1020508040288543 0.14160867769683277 0.10986617651287599 0.18618521452719322 0.09604762487263441 0.1699304132361993
0.10613005543041258 0.0763259656457825 0.2219183524784567 0.13641585161385403 0.09876490334616352 0.0905002762282861 0.15101795538855634 0.11892663986848812
0.06427064978085349 0.0892216979281669 0.09642644124449302 0.0990552107555019 0.126714576912585 0.20733474896079354 0.11886625290660228 0.1981104215110038
0.07304007134076908 0.11282318236355163 0.093478425795789 0.14102897795443953 0.10258301204714107 0.21215711973171011 0.09565443722127204 0.16923477354532743
0.07756684158599153 0.12017987945502585 0.09748158942273272 0.12891850402496077 0.10376978768261937 0.21424638977874816 0.09668887801872059 0.16114813003120096
0.0883128163682293 0.13295096888476668 0.07693456980054642 0.11590597287389919 0.11528967270360371 0.25290434597102246 0.07861448594925334 0.13908716744867902
0.10388956748442554 0.06973276061597976 0.1969195642262119 0.13946552123195952 0.10218232767544119 0.10679764135830244 0.15549364829891607 0.1255189691087636
0.10812985908532036 0.07077720705590057 0.2595887117330741 0.13184487531536143 0.0939927083577872 0.07476725555337539 0.14595769672681444 0.11494168617236639
0.08074830217938234 0.11460834270528177 0.1288965310458057 0.1432604283816022 0.09752661834261242 0.1658793205590018 0.09716794272839106 0.17191251405792263
0.11783512271109653 0.0848429873043976 0.156902029561194 0.09088352147478115 0.15303813548713055 0.13863424372144573 0.144259557896478 0.11360440184347644
0.09554204601996633 0.13279745819086186 0.08921323253040246 0.1157721430381873 0.12799942749765528 0.22122540666859242 0.07852371440850964 0.13892657164582473
0.13607860719297193 0.09003862545425437 0.1680664595508654 0.11254828181781795 0.13553986062793552 0.13095177661876028 0.12548293510135822 0.10129345363603615
0.08563358058325031 0.11212843827344618 0.11018289343765815 0.14016054784180773 0.10453311195130714 0.18410335544443954 0.09506541505792176 0.16819265741016926
0.09692245453346203 0.14562669665339886 0.12270817212575466 0.1562961882071734 0.08814112952473106 0.1722922143793203 0.08175492921605994 0.13625821536009988
0.08229351333745875 0.12434237864487166 0.10438176834137804 0.12932008555927746 0.10090228137346431 0.20011980162499488 0.0969900641694581 0.16165010694909682
0.07928393068275498 0.12138769734525155 0.09994156072724675 0.12875727408740834 0.10335496335400172 0.20976002562852 0.09656795556555627 0.16094659260926045
0.07617631494471702 0.11227732506698897 0.0973797718321623 0.1403466563337362 0.09765485650812962 0.21255744254829184 0.09519164516549064 0.16841598760048343
0.1020091744226073 0.07699980247126158 0.20907098445011096 0.1378379126560546 0.0975828085528178 0.09876620985659008 0.1536789862001086 0.12405412139044912
0.10729150455654969 0.07098274128322787 0.2648287070450358 0.13128301315343996 0.09266294979371956 0.07316353433000294 0.14533569221707637 0.11445185762094766
0.081249278237368 0.12096621775514078 0.13394490556245667 0.1406658469783443 0.09609319395878273 0.1628734014442348 0.09540813968965961 0.16879901637401315
0.10523225322584612 0.07609739687069705 0.2358124661864784 0.1350331987226959 0.09487878268096814 0.08573735034353523 0.14948730180127504 0.11772125016850413
0.0816915811663265 0.12154272763845542 0.12784921325283863 0.14065618406353278 0.09650816087123709 0.1675631264187135 0.09540158571265701 0.1687874208762393
0.09620499024884836 0.14716865062209677 0.1276280009669714 0.15660612789270947 0.08673147298476547 0.16721528658298285 0.08191705151310959 0.13652841918851596
0.07016367968415814 0.10631687258309906 0.06754973217810668 0.0828185702472329 0.1374020930208822 0.27072962749537577 0.09938228429667947 0.1656371404944658
0.08509315669505685 0.14007865035675127 0.07295200211619748 0.10961886911951908 0.1185569988074489 0.26780749047184293 0.07435018948976076 0.13154264294342288
0.10412318517810548 0.07799349521823501 0.20021051647430602 0.13554300537783964 0.1010936680797774 0.1079270889850446 0.15112033584663614 0.1219887048400557
0.10544973833159045 0.07152197056332918 0.25252451444785595 0.13216421722084987 0.09448666344166896 0.07755186129597802 0.14735323919996246 0.11894779549876487
0.12077094371986277 0.08108726054348968 0.1987524550575986 0.09420366468629773 0.1417907555442018 0.11031044815700339 0.14004007466798887 0.11304439762355728
0.12387735072696106 0.0808441483702969 0.17987837785539623 0.09291902172722012 0.15529245492843305 0.11755545369169823 0.13813036662733022 0.11150282607266415
0.0841890434920392 0.11942090205474389 0.11717753867343937 0.137268365947866 0.10761322885811482 0.17650512058476145 0.09310376125159607 0.16472203913743916
0.10627034113909246 0.07619017890059665 0.22850635277898798 0.13533514854560985 0.09759668314358454 0.08829523434896407 0.1498215726675046 0.11798448847565987
0.08222505477079452 0.12098827398799357 0.12931998369741068 0.13993394548468813 0.09681399782970343 0.16788629010164766 0.0949117195461363 0.1679207345816257
0.10558883148122772 0.07617000478934148 0.23387405953780013 0.1351472588722703 0.09512607602873599 0.08665951099311595 0.14961357107552917 0.11782068722197923
0.0821098536002179 0.12099071977015523 0.13051504277627032 0.13993703638285862 0.09633273616775162 0.16727635166189886 0.09491381598141714 0.16792444365943032
0.11808739732438843 0.08520881798725227 0.15736557700643597 0.0907106023854727 0.15241702161637477 0.1388372475466911 0.14398508315154396 0.11338825298184085
0.0979553832373448 0.1413457870816001 0.09218582299517941 0.11284591386821653 0.12627192349240685 0.2174411050162546 0.07653896766713815 0.1354150966418598
0.10664786556021358 0.07747692135882094 0.20993648784352692 0.13451015773701588 0.10210701946787987 0.0982936182639287 0.14996878780529976 0.1210591419633143
0.10566879001413995 0.07097525410929585 0.2582115249473231 0.13117983770286087 0.09420805884632283 0.0754389509489199 0.14625572949856278 0.11806185393257478
0.10377210680398846 0.06934633621902281 0.2765609389125374 0.1289428925914803 0.09109957439786516 0.07046784510719786 0.1437617026355758 0.11604860333233229
0.10268344626110373 0.06876053326904626 0.2834686644225677 0.1280343423359818 0.08988229310306671 0.06919107560289733 0.1427487369029528 0.1152309081023836
0.10218857825383583 0.06854010410666427 0.2860795339139407 0.12768784990518237 0.08941421387909147 0.06880823132636579 0.14236242370025556 0.11491906491466414
0.1019825757617493 0.06845650467626148 0.28707362737281644 0.127556082209753 0.08923549660199555 0.06867972683538447 0.14221551255326192 0.11480047398877773
0.10189996388122383 0.06842449685018949 0.28745534749578233 0.12750550570110747 0.08916714642353263 0.06863346099667898 0.14215912352048846 0.11475495513099672
0.10186731481941025 0.06841210277870594 0.2876032726373558 0.1274858676951497 0.08914083240543891 0.06861610012893642 0.14213722860936837 0.1147372809256347
0.10185445057608838 0.06840724687946585 0.2876611627734614 0.1274781521386742 0.08913060830675491 0.06860941606106251 0.142128626339686 0.11473033692480678
0.10184936491008088 0.06840532180320023 0.2876840560707547 0.1274750848258876 0.08912659378547828 0.06860679574646664 0.1421252065148329 0.11472757634329885
0.08125057269379529 0.1196050452699818 0.1434453147408107 0.1393046571090441 0.09480145802118004 0.15994246576907062 0.0944848978652647 0.1671655885308529
0.07979396241888967 0.12192943382115581 0.10938318852590347 0.12995649876632784 0.10284699080894164 0.19617692812612594 0.09746737407474589 0.1624456234579098
0.07621487504405937 0.12430162134158224 0.10178397695372202 0.1376540021189907 0.09630154555790457 0.20519385326459344 0.09336532317635891 0.1651848025427888
0.07558334136286683 0.12458989266286138 0.10009902482732501 0.13771102747437583 0.09492892105716298 0.20843055840266728 0.09340400124348971 0.16525323296925098
0.10230548035622339 0.07707641594332906 0.21629827083960954 0.13627500524673786 0.0962239282717839 0.09723693354665049 0.15193646107360176 0.12264750472206405
0.0814818320330876 0.12100968685593302 0.12734300411306218 0.1398511119080657 0.09650367864488629 0.17113381538285938 0.09485553677242718 0.16782133428967883
0.10547920132421945 0.07622104173319193 0.23308179283722874 0.135233831952964 0.0951240505981445 0.08725450932986759 0.1497094110346203 0.1178961611897635
0.09784904683719829 0.14412598973579854 0.10909028510793907 0.11624057581414708 0.11480623029318698 0.1995577472042887 0.07884143403046497 0.1394886909769765
0.10626541858231478 0.07740655126287535 0.21794719365190457 0.13410133031019125 0.09929440285323185 0.09478093032641015 0.1495129757338998 0.12069119727917212
0.12174538830796026 0.08178343239107559 0.189243114556109 0.09447062915746791 0.14392792530182477 0.11502782001176805 0.14043693528483292 0.11336475498896151
0.08391177609106829 0.11960271830577518 0.1200314698969779 0.13735539304309471 0.10547967639021555 0.17562970629627322 0.09316278832488163 0.16482647165171363
0.10612320648096932 0.07614634236793637 0.22972891268936896 0.1352359847260679 0.0970737450345946 0.08808197649180674 0.14971179424294043 0.11789803796631561
0.08217945580325574 0.12084105027942596 0.13040709416233098 0.13975130409274955 0.09668652339157281 0.167645166322544 0.09478784103682143 0.16770156491129945
0.10553208007491838 0.07612524931744172 0.23430877648020898 0.13508299175310873 0.09505915103093368 0.08658466713353312 0.1495424247327862 0.11776465947706914
0.09788942034108843 0.14412057263294373 0.10933267662686366 0.11624524839956193 0.11480251142969505 0.19927066922806133 0.07884460326231157 0.13949429807947433
0.10628573351381046 0.07739855117639222 0.218041730760844 0.1340875544783354 0.09928721612193966 0.09472279820874896 0.14949761670942766 0.12067879903050185
0.08215608884988347 0.12092713652188665 0.1276948578419848 0.1396872763775528 0.09710180306301723 0.1700636921495761 0.09474441354303582 0.16762473165306335
0.10561307253336627 0.0761935887041939 0.23319572011345358 0.13519269523367006 0.09522450101698643 0.08705625299413619 0.14966387099535305 0.11786029840884055
0.08210357298538885 0.12085697604054295 0.13119646612873254 0.13976269059111263 0.09629890484425233 0.16727059664753305 0.0947955640531025 0.16771522870933517
0.10549051088404067 0.07610963846671794 0.23463733901404837 0.13505350361695154 0.09495679103795376 0.08650348495520918 0.14950978015389016 0.11773895187118852
0.08208104426663441 0.12084303661181289 0.13152191048237924 0.13975636765962257 0.09624040050971543 0.1670583238221964 0.09479127545609183 0.16770764119154707
0.10547427991899189 0.07610079237587986 0.2347701823624503 0.13503941801454467 0.09493480765093322 0.08645966074894783 0.14949418681300833 0.11772667211524408
0.08207791047174248 0.12084133495034259 0.1315516606088649 0.13975543866940962 0.09623537962962588 0.1670411039083409 0.09479064535838218 0.16770652640329153
0.10547252163958713 0.07609993893913464 0.23478233475348667 0.13503809753082163 0.09493285331356027 0.08645600791585771 0.14949272498324576 0.11772552092430605
0.09788744091171184 0.14411772310752896 0.10942387206125362 0.1162452471973811 0.11477180315367658 0.19921501448467133 0.07884460244691935 0.1394942966368573
0.10629104296860073 0.07739554722937157 0.21807754069132346 0.13408243672190273 0.09927723003828795 0.09471009850787371 0.14949191079292737 0.12067419304971247
0.1053227277450536 0.0707244508417777 0.2619138083464449 0.13071433485970957 0.09335018458746333 0.07459486367834499 0.14573672856746725 0.11764290137373863
0.12075609869999947 0.08066197212314084 0.20271400633334302 0.09375581551746341 0.14111879524836674 0.10911201665763556 0.13937431679909487 0.11250697862095609
0.10801165012512676 0.07028657668420152 0.25395567323003304 0.12928200868809908 0.10145345156505262 0.0765170401120634 0.14413979177613434 0.11635380781928915
0.10432512610324916 0.06922683148098857 0.27502699518228274 0.1287842313289321 0.09255328243515916 0.07059291810512223 0.14358480716822727 0.11590580819603889
0.08180683371534268 0.11979940562130151 0.14063821364488002 0.1394303729548743 0.09563042516647106 0.16080813534710567 0.09457016600417562 0.16731644754584912
0.10508661276632114 0.07579146582096685 0.23844009623606313 0.13461320891831238 0.09451879695059648 0.08517235827361923 0.14902235582328435 0.11735510521083643
0.07184841308178891 0.11162921531669286 0.08099441380255287 0.08523255042052656 0.14036401018782702 0.24311645674374607 0.09634983960581263 0.17046510084105312
0.0850663236798378 0.1509548236493037 0.10866642433088004 0.15573900660532394 0.08913256402614782 0.19105199622970245 0.0792237555340126 0.14016510594479153
0.10681569508651716 0.0786857601865447 0.22511280350420537 0.1357561581125594 0.09399468356608595 0.09099572952240902 0.15028764756457533 0.11835152245710306
0.08180891084446064 0.1272425800568282 0.12871299460128274 0.1386718875122267 0.09542000684041438 0.16768164012182235 0.09405571500829289 0.16640626501467204
0.10551615367076424 0.07663477711672172 0.23365048159614366 0.1351846646527915 0.09485846491206994 0.08664717984968864 0.1496549808122071 0.1178532973896131
0.07187735530997252 0.11172927034397871 0.08028059662574338 0.08519879014630315 0.14039519584556437 0.24380953561827143 0.09631167581756007 0.1703975802926063
0.07291919451001613 0.1294085012168259 0.0929856326510048 0.13348797853903374 0.10187176885444525 0.21860167758144558 0.09053967240038811 0.1601855742468405
0.13166115014180582 0.10924970892380602 0.17238327682215188 0.10995784864567881 0.1266043897693298 0.12858676648578532 0.12259479543033144 0.09896206378111091
0.11104306431590077 0.07827754068526782 0.24115119043764965 0.12952311180123 0.09887431696641914 0.08015137141791995 0.14440860375450568 0.116570800621107
0.13952025963766893 0.09798202381699798 0.22374749153730725 0.10678556384984969 0.12224616083704642 0.0945535582356117 0.11905793462065331 0.09610700746486472
0.11096583666501332 0.07552872535583126 0.2608275739568656 0.12714183893270578 0.09627997183139429 0.07307473600572277 0.14175366221303168 0.11442765503943521
0.1043826183954501 0.07296279449552696 0.2769652589966543 0.1277580788025819 0.09093715621644077 0.06957109849112875 0.14244072367989355 0.11498227092232371
0.08133312946003976 0.1258872893828134 0.1404609048695059 0.13835915755219405 0.09469856433843156 0.15938636282072033 0.09384360251366206 0.16603098906263283
0.10499250120632073 0.07623812391417986 0.23839338829896053 0.13464454227018632 0.09434076415119909 0.08495121556100718 0.14905704313183019 0.11738242146631628
0.08150173194549266 0.12674301881456082 0.13174519543723034 0.1386545362592483 0.09551268327839957 0.16541344442161063 0.09404394633235973 0.16638544351109796
0.10533801706760285 0.07652289613288328 0.23488088463962434 0.13504784818449486 0.0947844435237004 0.08618836959983668 0.14950351935768255 0.11773402149417501
0.081568306471837 0.12681563797271825 0.13095594361107193 0.1386773851539611 0.09561438372002755 0.16589603704207467 0.09405944384355622 0.16641286218475332
0.10538097068650054 0.07654783200519823 0.2345603506635069 0.13508337321136218 0.09482993072802051 0.08628970365223991 0.1495428470227534 0.11776499203041832
0.12086792921359218 0.08573404593490656 0.19392459612657575 0.09374986658369323 0.14168265975603905 0.11217558917527089 0.13936547330949026 0.11249983990043187
0.12349707304624966 0.08579424623687783 0.1786576804923067 0.09217855750986909 0.15483923559256388 0.1173893212747234 0.13702961683556658 0.11061426901184289
0.12407171616980872 0.08569427731067661 0.17343668288098274 0.09203484077144103 0.15889381732077282 0.11861088436931225 0.1368159722512765 0.11044180892572922
0.08364659714440065 0.1264438349949594 0.11561585636405872 0.13581783051130622 0.10786394862266771 0.1755106159239799 0.09211991982505988 0.16298139661356745
0.10294858011036306 0.08293990026880696 0.2210440205490726 0.13421467993109518 0.097817040369503 0.09060321473089274 0.14963935210228074 0.12079321193798566
0.1380357686068445 0.09948082097718161 0.2174559240710997 0.10767935772297284 0.12282711970214373 0.09755513888093174 0.12005444808815031 0.09691142195067555
0.11088095842207187 0.07589921905028331 0.25849165247276196 0.127480858164342 0.09662774470096866 0.07375515148530092 0.14213164335636339 0.1147327723479078
0.10445034808321421 0.07307151304184306 0.276110363261941 0.12787694971072286 0.09108493558146923 0.06974337970965164 0.1425732558715074 0.11508925473965056
0.11975370985705942 0.08457345054063606 0.20649185172717247 0.0929371572173906 0.13945893651166688 0.10710297923368176 0.13815732625152394 0.11152458866086873
0.08304305904165962 0.12648664613335078 0.12325734857432612 0.13613456798764714 0.1038943582539513 0.17148778796270173 0.09233475046118676 0.16336148158517658
0.07636460859079214 0.13503760401272522 0.1042989611611277 0.13657478938180934 0.09603936297122785 0.19516159121735427 0.09263333540679242 0.16388974725817118
0.11672955039328443 0.086463349198245 0.14913886221415856 0.09085205592795247 0.15256694482103644 0.1464745549513309 0.14420961258405154 0.11356506990994057
0.09671677555191364 0.14878352231100364 0.09024947616989355 0.11137433624467614 0.12508946220004205 0.21859636988029654 0.07554085414856294 0.13364920349361137
0.11825189205612671 0.09560917774916367 0.14564129299055073 0.09308124702025385 0.15105653943897993 0.14629082889946698 0.1383715254211535 0.11169749642430461
0.1088805581399538 0.0773019969062639 0.23067446115250237 0.13077807299996438 0.10495241857674831 0.08390443468732554 0.14580779183727371 0.11770026569996793
0.08212834683106968 0.1268233968809857 0.1299541792109022 0.13846096573349162 0.09770894271928862 0.16485835472483462 0.09391265501923779 0.16615315888018994
0.10552505902366603 0.07655406515614402 0.23410318960360624 0.1350899546990837 0.09527849735721595 0.0861283714224148 0.14955013300020661 0.11777072973766273
0.060535546835319115 0.09408215982474656 0.09701839805091644 0.1028775465093686 0.11834897317301818 0.20508592566425984 0.11629635692363408 0.2057550930187372
0.09854869401523605 0.07975639253129149 0.2144529657952447 0.1358562234452139 0.10107014290641572 0.09657542958862982 0.15146955061727577 0.1222706011006925
0.08031902525087266 0.12746729428103767 0.1262698803974051 0.13871059788817197 0.09692313466273199 0.16977537931243164 0.09408197074154273 0.16645271746580634
0.07952585454941435 0.12268303215120381 0.10548480395198083 0.12982289790615503 0.10320023168203234 0.19963738394690364 0.09736717342961627 0.16227862238269378
0.11532026343022964 0.09326406422956256 0.15285047353173062 0.09484717412341742 0.1460014068655301 0.14290331420437838 0.1409966946670504 0.1138166089481009
0.08189028995340861 0.12778250629088633 0.11072063797655 0.1356675650809378 0.10482757212180938 0.18429234981569007 0.09201800066359259 0.16280107809712532
0.10530609056344797 0.08328127677222488 0.22467272423278778 0.13449612729926466 0.09668406384967133 0.08941394156871474 0.14889274165811958 0.11725303405576919
0.0815001121516011 0.1281222108880157 0.12856726385106948 0.1385788250249736 0.09594924499705353 0.16699515869255355 0.0939925943647647 0.1662945900299683
0.104793306724512 0.08299178063522492 0.23237517198477947 0.13403806551566205 0.09441658007936263 0.08614574848449277 0.14838564843410695 0.11685369814185924
0.07173473066335403 0.112839092057028 0.08007792711260227 0.08515482210182346 0.1401966920917675 0.2434251189590209 0.09626197281075695 0.17030964420364691
0.13023128479746326 0.10566835258811615 0.16604478478602358 0.10881189355155614 0.13644309129546794 0.13355274776555098 0.12131714101942154 0.09793070419640051
0.11082044786776023 0.07789822193718823 0.23844382225280614 0.1295918648032201 0.10104990442186719 0.08107780217335661 0.14448525822090358 0.11663267832289807
0.13950319508410539 0.09795617681662529 0.22279863615529014 0.1068240704525422 0.12288391316867274 0.0947914783064479 0.11910086660902838 0.09614166340728797
0.08650383157432884 0.1290457338107558 0.1268706720100951 0.1357753029502307 0.10021494661348562 0.16656807445632296 0.0920910750445043 0.16293036354027682
0.09585990960309118 0.15905720512867488 0.12566330022070712 0.1538380397234682 0.08620172137405745 0.16479548136136848 0.08046912847073723 0.13411521411789534
0.0811944796854377 0.137852415994418 0.1039608362662289 0.12744731892091335 0.0992994063540657 0.19535090493710963 0.09558548919068502 0.1593091486511417
0.07828563176622695 0.13322653375276008 0.09890509099059218 0.12712060332936753 0.10196900854690562 0.20625192495541253 0.09534045249702565 0.1589007541617094
0.07495101733623717 0.1353762368207431 0.09819910138131446 0.135460203199682 0.09491453468456451 0.20666930752414306 0.09187735521369736 0.1625522438396184
0.10416362492236304 0.08466936094415058 0.21970577709050174 0.13521043337868768 0.09506919114957711 0.09362234223096748 0.14968350785105025 0.11787576243270209
0.08127085881878346 0.12838162976387504 0.1273990717455997 0.13856594049742915 0.09557472447530287 0.1685447908081865 0.09398385529390847 0.16627912859691496
0.10478799101260093 0.08305744916872876 0.23190323710107127 0.13409204418361917 0.09437554333400432 0.08643757369376623 0.14844540503843875 0.11690075646777054
0.08142282373840026 0.12809442837631174 0.1302187374931355 0.13859043567417623 0.09547093874896377 0.165893643746212 0.09400046941378909 0.16630852280901143
0.07895996844848745 0.13235265600350754 0.10542618981202438 0.12826105791895653 0.10190553179402452 0.19657248018508647 0.0961957934392174 0.16032632239869565
0.07523557779135995 0.13549687834472005 0.0998413060628726 0.1357885642341798 0.09510737725772055 0.20348394957364405 0.09210006965448718 0.16294627708101575
0.11550950163239068 0.09384523187318863 0.1466161570680651 0.08990837501569518 0.15112259242604037 0.14790096684088166 0.1427117063741193 0.11238546876961898
0.08179285146026012 0.1276770664128147 0.10916564235131253 0.13539528960326006 0.10576205664294226 0.18589941914415675 0.0918333268613416 0.16247434752391204
0.10532891236642787 0.08329557828511758 0.22399310666609515 0.13453258305287522 0.09691556291816586 0.08971634104054942 0.14893309967595464 0.11728481599481429
0.08150229880225629 0.1281226935371916 0.12841147640239156 0.13857689776369173 0.0959967631836012 0.1671063058155856 0.09399128717885177 0.16629227731643004
0.11713794586333606 0.09275745972803333 0.1557809098468718 0.08988583321524159 0.15132263165281984 0.13808200243616683 0.14267592573847868 0.11235729151905197
0.09692522280740193 0.15049623869245998 0.09158413470791525 0.11149969108298116 0.12493770026037766 0.2151315057190906 0.07562587743019591 0.13379962929957737
0.10570372224851485 0.08564061094797036 0.20884201268831232 0.1330735476827881 0.10118808133733272 0.09741875737603095 0.14836707480454134 0.11976619291450927
0.10509108847566975 0.07560311961628058 0.2577052677611029 0.1303489131203883 0.09364567633958286 0.0749626022802231 0.14532931059840307 0.11731402180834946
0.1033359524513893 0.07320422244653738 0.2761332135241253 0.12822057168223355 0.0906581716891577 0.07009298496623532 0.14295636872631112 0.11539851451401019
0.10230491437921949 0.07244796713859741 0.2829315591927779 0.12735811143838213 0.08948858603587982 0.06885177160347765 0.14199478991712156 0.11462230029454393
0.08094105284583664 0.1257442454370045 0.14178488486399518 0.1383115201855146 0.09436314551791328 0.15907003497520406 0.09381129195191425 0.1659738242226175
0.10422172592026609 0.08234140192534552 0.23775811825115734 0.13344967204745328 0.09368085700379246 0.08447321244062264 0.14773427267768538 0.11634073973367726
0.08131363900591655 0.12792416101735218 0.1315337884986332 0.13855255469796332 0.09531120527073571 0.1651268096419201 0.09397477622992297 0.166263065637556
0.07895018135968189 0.13233116764619207 0.10572412480490168 0.12827144188845968 0.10187881931212595 0.19630138121171944 0.09620358141634476 0.1603393023605746
0.07523740457665629 0.1354988782402272 0.09991122460778463 0.13579516783275336 0.095106204131731 0.2033923705945456 0.09210454861699793 0.16295420139930403
0.07723042977701024 0.13279030139027032 0.09804010802168883 0.12721935203389795 0.1010375809779184 0.20924352373141858 0.09541451402542346 0.15902419004237242
0.07473239069041013 0.135226199939036 0.09796516447724359 0.13539992342641477 0.09467568965282534 0.20768425390010864 0.09183646980226393 0.1624799081116977
0.10412195109932242 0.08465619398913508 0.2196066293194522 0.13521723025652482 0.09502483715146076 0.09380043799394461 0.14969103227421549 0.11788168791594472
0.0812612799617988 0.1283756029705953 0.12737347115447287 0.13856248358275394 0.09556271457331232 0.16860795685380728 0.09398151060395485 0.1662749802993047
0.10479125284642293 0.08305692713314326 0.23189169818403896 0.13409210317910072 0.09437330216338412 0.08644843824531898 0.148445470348862 0.11690080789972883
0.0814232822049166 0.12809412269694131 0.13021595518835444 0.1385902220260515 0.09547031028455227 0.16589751666329577 0.09400032450462624 0.1663082664312618
0.14017998909058368 0.11101736292437428 0.18715563575049834 0.10758521445057251 0.12617060440283748 0.11499770023555642 0.11910125490661669 0.09379223823896064
0.08633237582080905 0.1313393355453132 0.11844088861765967 0.13535778939946402 0.10058545028853336 0.173706921108358 0.09180789194050604 0.16242934727935682
0.10612081277729246 0.08350753903737292 0.22782836713280194 0.13414533357967703 0.0955322613329364 0.0874140736595001 0.14850439859044423 0.11694721388997485
0.08165730181409596 0.12818274951977887 0.12929823744458158 0.13858712300904805 0.09571479706737994 0.16625702097159945 0.09399822256265866 0.1663045476108576
0.10481946894571778 0.0829793879960065 0.2326727870482086 0.1340057661389454 0.0943445551226497 0.08600260334124674 0.1483498916963498 0.11682553971087549
0.08143003702382909 0.12807947836161307 0.13039567366581156 0.1385898855353335 0.09546595854887341 0.16573100794599988 0.09400009627613926 0.1663078626424002
0.10473075361808469 0.08293976406378827 0.23312830423270828 0.13396230257969946 0.09426173348365557 0.08588771786964272 0.14830177574960623 0.11678764840281493
0.0604124593811342 0.09503337333455383 0.0968351148144203 0.1028378558129766 0.11804362350168318 0.2049103723493921 0.11625148917988658 0.2056757116259532
0.11084538056189251 0.0898694069324526 0.15074033741453624 0.09553422725855729 0.15152133067549714 0.14483019914899983 0.1420180452977956 0.11464107271026873
0.10713537032187871 0.07660656532562579 0.23304377565190953 0.13086081648031989 0.10503507649136896 0.08364361625362567 0.14590004464298353 0.11777473483228791
0.1386140469432311 0.09792389464061518 0.22107141577872186 0.10703152462459474 0.12417849840185413 0.09552008491963544 0.11933216252921233 0.09632837216213526
0.11085254161127783 0.07558933912333307 0.25980844422713684 0.12726113213841836 0.09676550224542972 0.0733013564949046 0.14188666523492313 0.11453501892457651
0.10439240218047688 0.07299586063783536 0.276587737791629 0.1278053755020218 0.0910676491696925 0.06963268079636017 0.1424934559701646 0.11502483795181963
0.13668103102549978 0.09652735625223409 0.23589453796122375 0.10608538181126152 0.11938905879825727 0.09166850662136979 0.11827728390001843 0.09547684363013535
0.10991413966685637 0.07507094034966072 0.2655102491098154 0.12664995806314808 0.09533985562434992 0.07232464317833379 0.14120525175100238 0.11398496225683324
0.10398888641868437 0.07279437020838811 0.27871316818877406 0.1275500902094211 0.09060847733786605 0.06934109452833143 0.14220883192005607 0.11479508118847899
0.10234012340726799 0.07231302685962004 0.28383558761955746 0.1271951910276832 0.08937833408408609 0.06864891925943843 0.14181314581743185 0.11447567192491488
0.1018131149929401 0.07214314932268184 0.2857535014376252 0.12699083182603896 0.08899244072333012 0.06842991249566349 0.14158530055828522 0.11429174864343505
0.11890006169055109 0.08432353166836748 0.2094592356046957 0.09279312097133675 0.13860952953948052 0.10661956866227573 0.13794320669768867 0.11135174516560409
0.10697298357003066 0.07444566157614663 0.255891478464665 0.12824722297523683 0.10038377998496581 0.07565028982213477 0.1429860829291073 0.11542250067771312
0.10367800275027626 0.07298451624621592 0.27520422292298474 0.12804138404982002 0.09195926502875652 0.07013877546872702 0.14275658788838141 0.11523724564483802
0.10239331649311462 0.07242760427799612 0.282553774685845 0.12736518142870032 0.08976309831147715 0.06886568908832119 0.14200267242871512 0.1146286632858303
