Action: 0
[0.7371000000000001, 0.08189999999999999, 0.07289999999999998, 0.008099999999999996, 0.08189999999999999, 0.009099999999999997, 0.008099999999999994, 8.999999999999992E-4]
[0.69564, 0.12276000000000002, 0.05235999999999996, 0.009239999999999995, 0.09486, 0.016740000000000005, 0.007139999999999995, 0.0012599999999999994]
[0.7532960000000001, 0.06550399999999998, 0.093104, 0.008095999999999996, 0.06550399999999998, 0.0056959999999999945, 0.008095999999999996, 7.039999999999992E-4]
[0.71253, 0.10647000000000001, 0.07046999999999998, 0.010529999999999998, 0.07916999999999999, 0.011829999999999999, 0.007829999999999995, 0.0011699999999999994]
[0.69564, 0.09486, 0.05235999999999996, 0.0071399999999999944, 0.12276000000000004, 0.016740000000000005, 0.009239999999999995, 0.0012599999999999992]
[0.6544549999999999, 0.13404500000000003, 0.03444500000000003, 0.007055000000000008, 0.13404500000000003, 0.02745500000000001, 0.0070550000000000074, 0.0014450000000000018]
[0.7125300000000001, 0.07916999999999999, 0.07046999999999998, 0.007829999999999995, 0.10647000000000001, 0.011829999999999997, 0.010529999999999998, 0.0011699999999999994]
[0.671925, 0.11857500000000001, 0.05057499999999996, 0.008924999999999995, 0.11857500000000003, 0.02092500000000001, 0.008924999999999994, 0.0015749999999999994]

Action: 1
[0.5486808599999999, 0.19478914000000003, 0.028877940000000022, 0.01025206000000001, 0.15241913999999998, 0.05411086000000001, 0.008022060000000008, 0.0028479400000000032]
[0.5004909, 0.24097709999999997, 0.015479100000000013, 0.007452900000000006, 0.1542591, 0.0742729, 0.004770900000000005, 0.0022971000000000024]
[0.563026464, 0.18171753600000004, 0.04237833599999997, 0.013677663999999994, 0.140053536, 0.04520246400000001, 0.010541663999999992, 0.003402335999999998]
[0.51522471, 0.22824529, 0.027117090000000024, 0.01201291000000001, 0.14312529000000002, 0.06340471, 0.007532910000000007, 0.003337090000000003]
[0.46394712, 0.18042387999999998, 0.014348880000000012, 0.0055801200000000035, 0.23445288, 0.09117611999999999, 0.007251120000000006, 0.002819880000000002]
[0.420242823, 0.219396177, 0.004244877000000004, 0.002216123000000002, 0.23018717700000002, 0.12017382300000003, 0.0023251230000000023, 0.0012138770000000012]
[0.4785007499999999, 0.16987425000000003, 0.025184250000000023, 0.00894075000000001, 0.22259924999999997, 0.07902575000000002, 0.011715750000000011, 0.004159250000000005]
[0.43495042500000003, 0.20942057500000003, 0.013452075000000011, 0.006476925000000006, 0.21979957500000002, 0.105829425, 0.006797925000000007, 0.003273075000000003]

