Action: 0
[0.10985736395578159, 0.1197061590142787, 0.20986914061368062, 0.10394610834276405, 0.14478290254169965, 0.1039461088462674, 0.10394610834276405, 0.10394610834276405]
[0.14564571520292416, 0.10631538351839596, 0.11014660016830413, 0.10631538351839596, 0.21263076703679193, 0.10631538351839596, 0.10631538351839596, 0.10631538351839596]
[0.24941120911233505, 0.10478866922976826, 0.11974231053842875, 0.10478697138114056, 0.10633413807850398, 0.10536275889754236, 0.10478697138114056, 0.10478697138114056]
[0.125, 0.125, 0.125, 0.125, 0.125, 0.125, 0.125, 0.125]
[0.10677856955188998, 0.10677856952886797, 0.2521535341513585, 0.10677856952614177, 0.10706728960142181, 0.10688632858803654, 0.10677856952614177, 0.10677856952614177]
[0.11019727562519861, 0.10628966777797055, 0.25195528839117454, 0.10628966765014652, 0.10639909760507026, 0.10628966765014652, 0.10628966765014652, 0.10628966765014652]
[0.125, 0.125, 0.125, 0.125, 0.125, 0.125, 0.125, 0.125]
[0.125, 0.125, 0.125, 0.125, 0.125, 0.125, 0.125, 0.125]

Action: 1
[0.10635261989199166, 0.10635261989199166, 0.10635261989199166, 0.10635261989199166, 0.2162463635842632, 0.14563791706378695, 0.10635261989199166, 0.10635261989199166]
[0.10684033153906668, 0.10684033153906668, 0.10684033153906668, 0.10684033153906668, 0.21368066307813335, 0.14527734768746645, 0.10684033153906668, 0.10684033153906668]
[0.10525909762486864, 0.10525909762486864, 0.10525909762486864, 0.10525909762486864, 0.14474597534082106, 0.22369943890996707, 0.10525909762486864, 0.10525909762486864]
[0.125, 0.125, 0.125, 0.125, 0.125, 0.125, 0.125, 0.125]
[0.10515868740078174, 0.10515868740078174, 0.10515868740078174, 0.10515868740078174, 0.11933588109787824, 0.24971199449743134, 0.10515868740078174, 0.10515868740078174]
[0.10525897477028497, 0.10525897477028497, 0.10525897477028497, 0.10525897477028497, 0.1184414065745606, 0.25000474480372964, 0.10525897477028497, 0.10525897477028497]
[0.125, 0.125, 0.125, 0.125, 0.125, 0.125, 0.125, 0.125]
[0.125, 0.125, 0.125, 0.125, 0.125, 0.125, 0.125, 0.125]

