0.125 0.125 0.125 0.125 0.125 0.125 0.125 0.125
0.125 0.125 0.125 0.125 0.125 0.125 0.125 0.125
0.1371527777777778 0.1232638888888889 0.1232638888888889 0.1232638888888889 0.1232638888888889 0.1232638888888889 0.1232638888888889 0.1232638888888889
0.13662229938271606 0.12138310185185186 0.12138310185185186 0.12138310185185186 0.12138310185185186 0.13507908950617284 0.12138310185185186 0.12138310185185186
0.13472074867112482 0.11954049318415638 0.11954049318415638 0.11954049318415638 0.1330275045010288 0.13454928090706447 0.11954049318415638 0.11954049318415638
0.13291613855548134 0.11794716648091193 0.11794716648091193 0.11794716648091193 0.13272800031435955 0.14462002872559948 0.11794716648091193 0.11794716648091193
0.13104976643524824 0.1162813065957503 0.1162813065957503 0.1162813065957503 0.1425931207097407 0.1449505798762598 0.1162813065957503 0.1162813065957503
0.140606450052143 0.11462732668737205 0.11462732668737205 0.11462732668737205 0.14289478854291376 0.143362127968083 0.11462732668737205 0.11462732668737205
0.14112772606874519 0.11325409904025291 0.11325409904025291 0.11325409904025291 0.15092777090524398 0.1416740078247463 0.11325409904025291 0.11325409904025291
0.1401068167684437 0.11212985270768669 0.11212985270768669 0.11212985270768669 0.15902880878942718 0.14021511090369565 0.11212985270768669 0.11212985270768669
0.13899581323613436 0.1112212328146483 0.1112212328146483 0.1112212328146483 0.16588074137579023 0.13901728131483387 0.1112212328146483 0.1112212328146483
0.125 0.125 0.125 0.125 0.125 0.125 0.125 0.125
0.13719243461141056 0.11241260852754713 0.11241260852754713 0.11241260852754713 0.1553761358415805 0.14536838690927326 0.11241260852754713 0.11241260852754713
0.14518274909605197 0.10901248133042718 0.10901248133042718 0.10901248133042718 0.16241653617985685 0.14733830807195542 0.10901248133042718 0.10901248133042718
0.14579133943075934 0.10751445539828544 0.10751445539828544 0.10751445539828544 0.1633383537055972 0.15329802987221616 0.10751445539828544 0.10751445539828544
0.12287086069621923 0.12287086069621923 0.12287086069621923 0.12287086069621923 0.12287086069621923 0.13990397512646546 0.12287086069621923 0.12287086069621923
0.14205540014642726 0.10966096130901491 0.10966096130901491 0.10966096130901491 0.15189268594598138 0.15774710736251688 0.10966096130901491 0.10966096130901491
0.136620009634201 0.12083607628459798 0.12083607628459798 0.12083607628459798 0.12083607628459798 0.13836353265821097 0.12083607628459798 0.12083607628459798
0.14370252300421085 0.10768317292409876 0.12110940362238742 0.10768317292409876 0.1492155254358903 0.1552398562411163 0.10768317292409876 0.10768317292409876
0.13512426198647057 0.1191573149860027 0.1191573149860027 0.1191573149860027 0.1191573149860027 0.14993184809751328 0.1191573149860027 0.1191573149860027
0.14253044035873288 0.10690543850256946 0.12014514016768088 0.10690543850256946 0.14786078695911353 0.1618418785041949 0.10690543850256946 0.10690543850256946
0.1335235010651214 0.11768678546970665 0.11768678546970665 0.11768678546970665 0.11768678546970665 0.16035578611663856 0.11768678546970665 0.11768678546970665
0.14726918163164301 0.10577838921634351 0.11885469871297757 0.10577838921634351 0.14622830459257172 0.16453425819743356 0.10577838921634351 0.10577838921634351
0.15382131853116593 0.10320369047079442 0.11640976810556969 0.10320369047079442 0.1534635605383764 0.16349059094171026 0.10320369047079442 0.10320369047079442
0.1336045130971242 0.1165132554825502 0.1165132554825502 0.1165132554825502 0.1165132554825502 0.16731595400757474 0.1165132554825502 0.1165132554825502
0.1505628967258483 0.10464192754403691 0.11758784481987582 0.10464192754403691 0.14733348074258198 0.1659480675355461 0.10464192754403691 0.10464192754403691
0.1539780315804369 0.10222832657274912 0.11529364266384644 0.10222832657274912 0.1562127003248908 0.1656023191398294 0.10222832657274912 0.10222832657274912
0.13285522664202226 0.11574655646641817 0.11574655646641817 0.11574655646641817 0.11574655646641817 0.1726654345594688 0.11574655646641817 0.11574655646641817
0.149577558551526 0.10391412528235305 0.11677485377862172 0.10391412528235305 0.14632475274674958 0.1716663337936906 0.10391412528235305 0.10391412528235305
0.15179766475054568 0.11193264249164783 0.11336161232456657 0.10038662857138636 0.15400139489372455 0.16774679982535648 0.10038662857138636 0.10038662857138636
0.1520931940555289 0.11235604940664623 0.11251482383252609 0.09991908912979647 0.15634664937198922 0.1669320159439201 0.09991908912979647 0.09991908912979647
0.1321411556269381 0.11524191184299043 0.11524191184299043 0.11524191184299043 0.11524191184299043 0.1764073733151194 0.11524191184299043 0.11524191184299043
0.14734665668383265 0.11473331236258891 0.11473331236258891 0.10192865549114552 0.14415437641681222 0.1732463757007409 0.10192865549114552 0.10192865549114552
0.14951972043065945 0.11162360937618612 0.12162003576908494 0.09887546355812069 0.1516949835699285 0.16891526017977881 0.09887546355812069 0.09887546355812069
0.12969324711170005 0.11307994484162678 0.11307994484162678 0.11307994484162678 0.12993494301606326 0.17497208566410272 0.11307994484162678 0.11307994484162678
0.144587101126911 0.11257490452481365 0.12242727714306441 0.10001046620907733 0.14963138819504845 0.17074793038293068 0.10001046620907733 0.10001046620907733
0.12752878344627494 0.11146354998772925 0.11146354998772925 0.11146354998772925 0.14112626819701213 0.17402719841806674 0.11146354998772925 0.11146354998772925
0.1433269500860886 0.1118790980062582 0.12159063818582032 0.09949425911873272 0.15487081073548223 0.16984972563015255 0.09949425911873272 0.09949425911873272
0.12698889298913502 0.11106367631290295 0.11106367631290295 0.11106367631290295 0.1417650503568404 0.17592767508950968 0.11106367631290295 0.11106367631290295
0.14214462045546192 0.11083790275453284 0.12777901349794377 0.0984974942753214 0.15412469769274212 0.16962128277335523 0.0984974942753214 0.0984974942753214
0.12668071849065088 0.11088687177337732 0.11088687177337732 0.11088687177337732 0.14144033740581072 0.17744458523665185 0.11088687177337732 0.11088687177337732
0.14134676197594626 0.11012632143404587 0.1322622950445524 0.09780555790367061 0.15330534717117403 0.1695426006632694 0.09780555790367061 0.09780555790367061
0.12537389433440996 0.10966869855930483 0.10966869855930483 0.10966869855930483 0.15008707492815918 0.17619553794090662 0.10966869855930483 0.10966869855930483
0.14020500723530735 0.10929838031671597 0.1348070023740596 0.0971129693656821 0.1560056529032612 0.16834504907360967 0.0971129693656821 0.0971129693656821
0.12508326457892807 0.10950493044167171 0.10950493044167171 0.10950493044167171 0.1506352322286826 0.17675685098403057 0.10950493044167171 0.10950493044167171
0.13976092365114623 0.10893599211054339 0.13689241457225262 0.0967687776170243 0.1558765526569463 0.1682277841580384 0.0967687776170243 0.0967687776170243
0.12413264208424257 0.10860365056744853 0.10860365056744853 0.10860365056744853 0.15704037996048323 0.17580872511803156 0.10860365056744853 0.10860365056744853
0.1391232323623408 0.108524895377617 0.13625122262061423 0.09645782309234494 0.1591936576961075 0.16753352266628566 0.09645782309234494 0.09645782309234494
0.12246917907663993 0.11906936385611507 0.10701104214749095 0.10701104214749095 0.15647852129994408 0.1739387671773372 0.10701104214749095 0.10701104214749095
0.13860289881368365 0.10973916476793803 0.13571908826734344 0.09650923545059191 0.15902061394945238 0.16739052784980682 0.09650923545059191 0.09650923545059191
0.1223153629169094 0.11910828135627101 0.10691504082650014 0.10691504082650014 0.15632874875430772 0.17458744366651133 0.10691504082650014 0.10691504082650014
0.13832803704728136 0.10952149504645911 0.1371170813024812 0.096287241562429 0.1587387876433241 0.16743287427316722 0.096287241562429 0.096287241562429
0.12164625871909468 0.11844553183011441 0.10627647682495231 0.10627647682495231 0.1608363027346363 0.17396599941634544 0.10627647682495231 0.10627647682495231
0.13783357840046334 0.10918337417523148 0.13772459774460044 0.09602275952744099 0.16027502183844575 0.16691514925893633 0.09602275952744099 0.09602275952744099
0.12149568102877614 0.11831232500375037 0.10618083898428021 0.10618083898428021 0.1612686812123871 0.17419995681796555 0.10618083898428021 0.10618083898428021
0.11931936393918312 0.11896565771418026 0.10581984382487465 0.10581984382487465 0.16124921494620692 0.17718638810093112 0.10581984382487465 0.10581984382487465
0.11747688397470943 0.11743758328304245 0.11597693729534181 0.10421917687035574 0.15964185727601818 0.17680920755982094 0.10421917687035574 0.10421917687035574
0.12622231330160247 0.11598247963624495 0.11582018563761155 0.10293385927146245 0.15780407763579224 0.1753693659743612 0.10293385927146245 0.10293385927146245
0.1266529734368672 0.11451777984653916 0.1245908701215405 0.10163083766473416 0.15586939606290376 0.17347646753794688 0.10163083766473416 0.10163083766473416
0.12667899192398865 0.11429568044655726 0.12627020343182263 0.10157148268583069 0.15514507512719433 0.17289560101294518 0.10157148268583069 0.10157148268583069
0.1256735690109023 0.11326042195367512 0.1338515646281746 0.10056090190405766 0.15388553928697746 0.17164619940809758 0.10056090190405766 0.10056090190405766
0.12459411411631353 0.11226525197707111 0.1412734947979249 0.09968076064888498 0.1525724852120115 0.17025237195002396 0.09968076064888498 0.09968076064888498
0.12367822582586845 0.1114527788812074 0.14753572321486297 0.09897886199486618 0.15141927908107586 0.16897740701238673 0.09897886199486618 0.09897886199486618
0.12295800965747136 0.11082385234477683 0.152498687543952 0.0984402102468649 0.15048426090823327 0.1679145588049719 0.0984402102468649 0.0984402102468649
0.12974639394952855 0.10964273998893229 0.15320593274605027 0.09732897861729042 0.14905165584819446 0.1663663416154232 0.09732897861729042 0.09732897861729042
0.13114106408730436 0.10911644351411093 0.15544180903007024 0.09693391684867401 0.14816419594656047 0.16533473687593217 0.09693391684867401 0.09693391684867401
0.13125051473452348 0.1087997172554296 0.15766949620612034 0.09667566797608396 0.14760091981217868 0.16465234806349593 0.09667566797608396 0.09667566797608396
0.13109026703001397 0.10857542149421202 0.15947372336559332 0.0964865640213865 0.14721821322080245 0.1641826828252189 0.0964865640213865 0.0964865640213865
0.13091141352970725 0.10841389494534684 0.16082176768640766 0.09634995922376774 0.1469500690224488 0.16385297714478628 0.09634995922376774 0.09634995922376774
0.13076783562123193 0.10829952369310442 0.16178955660208072 0.09625353536584366 0.14676148179980422 0.16362099618624767 0.09625353536584366 0.09625353536584366
0.13609532863655915 0.10749410591391352 0.16139122764882174 0.09546082550356859 0.14590395295919978 0.16273290833079995 0.09546082550356859 0.09546082550356859
0.13648709938455889 0.11550662505066647 0.15996522330017007 0.0941971430539691 0.14434553079947324 0.16110409230322412 0.0941971430539691 0.0941971430539691
0.13657489251324328 0.11706107086386196 0.15969803186797674 0.09416319822154566 0.1437759434628402 0.16040046662744076 0.09416319822154566 0.09416319822154566
0.13660533488081095 0.11737238376733863 0.15982553253504067 0.09416635994976014 0.14358333334229337 0.1601143356252358 0.09416635994976014 0.09416635994976014
0.13660263988293678 0.11742194341348047 0.1600232840770504 0.09415420535905544 0.1435049770701881 0.15998453947917804 0.09415420535905544 0.09415420535905544
0.13658726558655163 0.11741723118997086 0.1601963517239622 0.09413966850024844 0.14346350851668654 0.1599166374820833 0.09413966850024844 0.09413966850024844
0.1405199710873026 0.11685043390617716 0.1597019299053203 0.09357380536108707 0.14288339229487684 0.15932285672306162 0.09357380536108707 0.09357380536108707
0.1445889329052893 0.1162653606461205 0.15902512329206492 0.09310109320596809 0.1422112894266296 0.15860601411199157 0.09310109320596809 0.09310109320596809
0.14599974491450052 0.11606928264724635 0.15873659282802519 0.09302099931613816 0.14190018825729742 0.1582311934045159 0.09302099931613816 0.09302099931613816
0.14610179202204054 0.11561552472918254 0.15820247271713556 0.09260611162776212 0.14459967588601305 0.15766219976234186 0.09260611162776212 0.09260611162776212
0.1460730105123007 0.11545939986062637 0.15796306341447147 0.09253993909755631 0.14552262102514732 0.15736208789478517 0.09253993909755631 0.09253993909755631
0.14803187894088463 0.11513649287363052 0.15757210096956764 0.092247982087282 0.1455688397987656 0.15694674115530563 0.092247982087282 0.092247982087282
0.1500938740972914 0.11483212728959699 0.15717006922564522 0.09200762913508062 0.1453454218401366 0.15653562014208788 0.09200762913508062 0.09200762913508062
0.15058026467893115 0.11444907435925226 0.15668109691040927 0.09168491321464202 0.1471909508573096 0.15604387355017169 0.09168491321464202 0.09168491321464202
0.15071525002057595 0.11431726896808779 0.1564546540319488 0.09162904370343637 0.14783987136838972 0.1557858245006888 0.09162904370343637 0.09162904370343637
0.15075620177897103 0.11427912489633925 0.15637020130954082 0.09161702854904764 0.1480756728005786 0.1556677135674274 0.09161702854904764 0.09161702854904764
0.15075121688649012 0.11425050931124722 0.15631419421025564 0.09159597459166807 0.14814466917299662 0.15575148664400623 0.09159597459166807 0.09159597459166807
0.150743717289832 0.11423929302331301 0.15629975341217434 0.09159043101750881 0.14816547465886384 0.15578046856329034 0.09159043101750881 0.09159043101750881
0.15073848046946345 0.11423477546917239 0.15630108828175582 0.09158813696468274 0.14817112602369936 0.1557901188618607 0.09158813696468274 0.09158813696468274
0.15167221648065754 0.11409966155464556 0.15616742259833336 0.09145391860380331 0.14803906586543356 0.15565987768951994 0.09145391860380331 0.09145391860380331
0.15182759187523936 0.11385523530412334 0.15589443939872857 0.09123627714770895 0.1493253421880196 0.15538855979076235 0.09123627714770895 0.09123627714770895
0.1518521698648306 0.11376928788188914 0.15575036879286508 0.09119878444530095 0.1497925715907242 0.15523924853378798 0.09119878444530095 0.09119878444530095
0.15172221098939334 0.11361247228348126 0.15555093563061703 0.09105900694429561 0.1508994250491973 0.1550379352144242 0.09105900694429561 0.09105900694429561
0.15155573964706506 0.11346683111857772 0.15535380160403867 0.09094445268543834 0.15194985610598286 0.15484041346802077 0.09094445268543834 0.09094445268543834
0.15146791377793625 0.11341663694369375 0.1552551721121881 0.09092313021245005 0.15235320039606393 0.154737686132768 0.09092313021245005 0.09092313021245005
0.15206331380878801 0.11331163888710581 0.1551192819856852 0.09082808257925452 0.15242121621473873 0.15460030136591849 0.09082808257925452 0.09082808257925452
0.15228684634264447 0.11327364928065001 0.15504873694995824 0.09081090764144983 0.15243153861468653 0.15452650588771122 0.09081090764144983 0.09081090764144983
0.15280400539106861 0.11320123631415226 0.15495464095628106 0.09074602568167985 0.15237082977998231 0.1544312105134763 0.09074602568167985 0.09074602568167985
0.15300280683089412 0.11317493669502247 0.15490567947442846 0.09073408110827834 0.1523343419258419 0.15437999174897787 0.09073408110827834 0.09073408110827834
0.15308119807703163 0.11316710133182464 0.15488409251309876 0.09073145934498535 0.15231696890513985 0.15435626113794912 0.09073145934498535 0.09073145934498535
0.15218731324426096 0.11964170881116666 0.15394932266305023 0.089805629518415 0.15138411553864398 0.1534206511876332 0.089805629518415 0.089805629518415
0.15178622175364345 0.12131188762047859 0.15352537008282657 0.08976880249414408 0.15097015589152354 0.15309995716909552 0.08976880249414408 0.08976880249414408
0.15164746765891568 0.12177691752012676 0.15337536213098601 0.08979349605221192 0.1508274944363819 0.15299227009695404 0.08979349605221192 0.08979349605221192
0.151603125016475 0.12191172154277616 0.15332602509741075 0.08980569669635187 0.15078202011177602 0.15296001814250645 0.08980569669635187 0.08980569669635187
0.151589338191909 0.12195154523430138 0.1533102703471313 0.08980997981591389 0.15076791893652078 0.15295098784239594 0.08980997981591389 0.08980997981591389
0.15158507077293035 0.12196339541101528 0.1533053619943436 0.0898113306266098 0.1507635689442821 0.1529486109975994 0.0898113306266098 0.0898113306266098
0.15158373284406756 0.12196692074030624 0.15330390897573684 0.08981173170152021 0.15076221141056084 0.15294803092476802 0.08981173170152021 0.08981173170152021
0.151522469709326 0.12190713226091768 0.1532425892817072 0.089751013782365 0.15118769384604047 0.15288707355491354 0.089751013782365 0.089751013782365
0.15148722698996095 0.12188109170037087 0.1532070360405205 0.08974073622883023 0.1513508034298839 0.15285163315277306 0.08974073622883023 0.08974073622883023
0.15147086935351706 0.12187223022874051 0.1531903962987422 0.0897387402527384 0.1514152757764848 0.15283500758430024 0.0897387402527384 0.0897387402527384
0.15146375715490126 0.12186944759047585 0.15318311285471423 0.08973829390803525 0.15144110237441105 0.1528276983013918 0.08973829390803525 0.08973829390803525
0.15174895297296478 0.12182743495936435 0.15313881736901738 0.0896970149090035 0.15141034789885963 0.1527834020727834 0.0896970149090035 0.0896970149090035
0.15181756039252706 0.1217681263835799 0.1530722399956407 0.08964878280490021 0.15167884007103766 0.152716884742514 0.08964878280490021 0.08964878280490021
0.1518372335787485 0.12174405587941473 0.15303626904654866 0.08964034878297251 0.15178040239379073 0.15268099275257974 0.08964034878297251 0.08964034878297251
0.1518435892209026 0.12173600567847698 0.15301969189642042 0.0896386446796412 0.15182030652123013 0.1526644726440462 0.0896386446796412 0.0896386446796412
0.15112920820573383 0.12674963248376195 0.15229584154728873 0.08892165987383163 0.15111966970843801 0.15194066843328247 0.08892165987383163 0.08892165987383163
0.15078908150133907 0.1282600977658112 0.15194861244521612 0.08887420203847848 0.15078517375301342 0.15159442841918475 0.08887420203847848 0.08887420203847848
0.15085462171824784 0.12871358083187415 0.15178892951431866 0.08885832651996194 0.15063226134396585 0.15143562703170765 0.08885832651996194 0.08885832651996194
0.15088487575512147 0.12885780259288124 0.1517261141672475 0.0888616339729425 0.1505729233726306 0.1513733821932916 0.0888616339729425 0.0888616339729425
0.1510297509314046 0.12888637903848643 0.15168386003805218 0.0888453952728993 0.15053237498826888 0.15133144918509023 0.0888453952728993 0.0888453952728993
0.15117493674957097 0.12888059537458738 0.15165169674128062 0.08883073182856376 0.15050109961060837 0.1512994760382614 0.08883073182856376 0.08883073182856376
0.15120497604474667 0.12884890560366938 0.15160848351168418 0.0888008392603578 0.1506787319182758 0.15125638514055031 0.0888008392603578 0.0888008392603578
0.15121238755678576 0.12883406986080362 0.15158560531421758 0.08879585072563408 0.15074677615802928 0.15123360893326174 0.08879585072563408 0.08879585072563408
0.15127353075763503 0.12882008380401255 0.15156675411115114 0.08878647469421432 0.15076537622893926 0.15121483101561906 0.08878647469421432 0.08878647469421432
0.1512971707956969 0.12881411101009882 0.1515573249321246 0.08878484789613199 0.15077139677160184 0.15120545280208197 0.08878484789613199 0.08878484789613199
0.15128804291652068 0.12879335814138138 0.15153452287266608 0.08876595099996201 0.15090353843577017 0.15118268463377554 0.08876595099996201 0.08876595099996201
0.15126858906068136 0.12877122759354218 0.15150939738529015 0.08875026915187308 0.15104237428695802 0.151157604217909 0.08875026915187308 0.08875026915187308
0.15124941605195508 0.12875321690584865 0.15148785759034808 0.08873913526084162 0.1510885510297815 0.15120355263954185 0.08873913526084162 0.08873913526084162
0.15127926365818056 0.12873999468032113 0.1514713111021787 0.08873150963590043 0.1510999868963638 0.15121491475525464 0.08873150963590043 0.08873150963590043
0.15129025672714502 0.12873453591167047 0.15146311147824915 0.08873015951187231 0.1511033574317108 0.15121825991560772 0.08873015951187231 0.08873015951187231
0.15129452407547841 0.1287325609356464 0.15145943906600925 0.08872988078134149 0.15110447003861563 0.1512193635402259 0.08872988078134149 0.08872988078134149
0.15129622043167454 0.12873187887101556 0.15145785125968889 0.08872981241631848 0.15110486095126766 0.15121975123739795 0.08872981241631848 0.08872981241631848
0.15129690262300494 0.12873164760718447 0.1514571753566182 0.08872979309571678 0.15110500299714066 0.1512198921289013 0.08872979309571678 0.08872979309571678
0.15129717875367404 0.12873156976173006 0.15145689012889924 0.08872978711266509 0.1511050556498012 0.15121994436790012 0.08872978711266509 0.08872978711266509
0.15132402174514156 0.1287277250015283 0.1514529514290615 0.08872596654198477 0.15110125681383368 0.15121614538448064 0.08872596654198477 0.08872596654198477
0.15135247029486734 0.12872331820860503 0.1514481081067725 0.08872275446119941 0.15109647659560152 0.15121136341055522 0.08872275446119941 0.08872275446119941
0.1513757891620344 0.1287196639571271 0.15144381731467166 0.08872046956664319 0.15109221845469353 0.1512071024115436 0.08872046956664319 0.08872046956664319
0.15138503963466002 0.12871812561406046 0.1514416378834929 0.08872006673746206 0.15109005788965102 0.15120493876574928 0.08872006673746206 0.08872006673746206
0.1513887861613199 0.12871756470512474 0.15144065267852788 0.088719983849791 0.15108908313326586 0.15120396177238868 0.088719983849791 0.088719983849791
0.15138189119571802 0.12870894449584824 0.15143179873494586 0.0887115379360957 0.15114763963956054 0.15119511212564019 0.0887115379360957 0.0887115379360957
0.15137761923578416 0.1287048482175329 0.15142671436380134 0.0887101202822233 0.1511704198953359 0.15119003744087603 0.0887101202822233 0.0887101202822233
0.15137557955720798 0.1287033041321347 0.15142433755730647 0.08870984906513599 0.15117956239853148 0.15118766915941131 0.08870984906513599 0.08870984906513599
0.1513690016175812 0.12869709075178157 0.15141761961067027 0.0887041154904067 0.15117760687478712 0.15122633467395963 0.0887041154904067 0.0887041154904067
0.15136149347136033 0.12869037494067376 0.15141005224434492 0.08869933041113537 0.1511720136942496 0.15126807441596507 0.08869933041113537 0.08869933041113537
0.15136569720347304 0.12868629651775376 0.15140492659699284 0.08869733884425458 0.15116771079962998 0.1512833523493866 0.08869733884425458 0.08869733884425458
0.15136707600104368 0.1286846675197304 0.15140244218872947 0.08869697716619666 0.15116557099200428 0.1512893117999022 0.08869697716619666 0.08869697716619666
0.15137304584663072 0.12868330187984978 0.15140055380405795 0.08869611771749812 0.15116382728850866 0.15129091802845837 0.08869611771749812 0.08869611771749812
0.15137536659944426 0.1286827263285207 0.15139962058366216 0.08869596652203406 0.1511629555244467 0.15129143139782397 0.08869596652203406 0.08869596652203406
0.15137629658270657 0.12868251650657495 0.15139920314984612 0.08869593554561384 0.15116256429996286 0.1512916128240682 0.08869593554561384 0.08869593554561384
0.15138035796640034 0.12868191749343258 0.15139849645301479 0.08869540173207101 0.15116186881668742 0.15129115407425187 0.08869540173207101 0.08869540173207101
0.15137627781010593 0.12867596938130024 0.15139244179318304 0.0886896397559353 0.15120118945373082 0.15128520229387415 0.0886896397559353 0.0886896397559353
0.15137609713563285 0.12867279799097528 0.15138861112389515 0.08868831666859654 0.15121612704096518 0.15128141670274184 0.08868831666859654 0.08868831666859654
0.15137577678057657 0.1286715669859395 0.1513867791183877 0.08868807113425764 0.15122205880341463 0.15127960490890865 0.08868807113425764 0.08868807113425764
0.15137559042750764 0.12867113077822392 0.15138596671115792 0.08868801744627822 0.1512244581392438 0.1512788016050321 0.08868801744627822 0.08868801744627822
0.15137549941872366 0.12867098139556682 0.15138561642326476 0.08868800360982557 0.15122543652524845 0.15127845540771973 0.08868800360982557 0.08868800360982557
0.1513771245656962 0.12867069283108806 0.15138522920330666 0.08868776146417771 0.15122559898180504 0.15127807002557103 0.08868776146417771 0.08868776146417771
0.15137393938551288 0.12866674495846922 0.15138121062856805 0.088683903259436 0.15125234287724088 0.1512740523719009 0.088683903259436 0.088683903259436
0.1513719712196409 0.12866486912299563 0.15137889723257625 0.08868325417702083 0.1512627588778407 0.15127174101588423 0.08868325417702083 0.08868325417702083
0.15136846321784536 0.12866159330779475 0.1513752462002872 0.08868056125471617 0.1512849217222898 0.1512680917876344 0.08868056125471617 0.08868056125471617
0.15136482251412217 0.12865838745868 0.151371546168714 0.0886783733250493 0.15130572986575885 0.15126439401757716 0.0886783733250493 0.0886783733250493
0.15136177131823444 0.12865584781455366 0.1513684703076107 0.08867682985926667 0.15132210035420018 0.15126132062760111 0.08867682985926667 0.08867682985926667
0.15136135639845555 0.12865462603335673 0.15136676379919312 0.08867639724137368 0.15132844562685668 0.15125961641801708 0.08867639724137368 0.08867639724137368
0.15083087619314245 0.1323657411882116 0.15083574866571728 0.08814608887092464 0.15080076439632017 0.15072860294383444 0.08814608887092464 0.08814608887092464
0.1505614650494698 0.13359156387845536 0.1505661067556683 0.08809637078259934 0.15053256989304759 0.15045918207556092 0.08809637078259934 0.08809637078259934
0.15045369559009125 0.1340158363533979 0.1504573797150086 0.08809931792446628 0.15042447618261054 0.150350658385493 0.08809931792446628 0.08809931792446628
0.15041375400395307 0.13416577668375615 0.15041646400435124 0.08810343231829823 0.1503838364238064 0.15030987192923853 0.08810343231829823 0.08810343231829823
0.15039916881761978 0.13421926900888542 0.1504014750667327 0.08810538891959695 0.15036896690301846 0.15029495344495278 0.08810538891959695 0.08810538891959695
0.15039390228566948 0.13423842867622857 0.15039604120606023 0.08810616283516584 0.1503635843752542 0.15028955495128993 0.08810616283516584 0.08810616283516584
0.15039234875047922 0.1342452541246058 0.1503940308458983 0.08810640294841325 0.15036159595486956 0.1502875614789074 0.08810640294841325 0.08810640294841325
0.15039203067416912 0.1342476647688607 0.15039326292198674 0.08810646762996589 0.15036083736863873 0.15028680137644707 0.08810646762996589 0.08810646762996589
0.15039193016399263 0.13424852454943978 0.15039297610475882 0.08810649885230258 0.15036055451272032 0.15028651811218088 0.08810649885230258 0.08810649885230258
0.15039190093842805 0.13424883246419805 0.150392869719595 0.08810651125340978 0.15036044980269403 0.15028641331485568 0.08810651125340978 0.08810651125340978
0.1503893417640538 0.13424639122653548 0.1503902785889005 0.08810396418291418 0.15035785937899612 0.15030423649277155 0.08810396418291418 0.08810396418291418
0.15038786537114457 0.13424513565197568 0.15038878895273627 0.08810354768180234 0.15035637036203578 0.15031119661670078 0.08810354768180234 0.08810354768180234
0.1503871783928922 0.13424462857616493 0.1503880964849755 0.08810347215728676 0.15035567833826177 0.15031400173584525 0.08810347215728676 0.08810347215728676
0.15038687776982035 0.1342444381816247 0.15038779358630078 0.0881034560488701 0.15035537571051405 0.1503151466051298 0.0881034560488701 0.0881034560488701
0.15038674912221442 0.13424436859803876 0.15038766399541134 0.08810345190545238 0.1503552462698116 0.15031561629816664 0.08810345190545238 0.08810345190545238
0.15038591752606903 0.13424356636533813 0.15038683200814 0.0881026735892021 0.150360630955215 0.15031503237763152 0.0881026735892021 0.0881026735892021
0.15038544520968344 0.13424316272368564 0.1503863595269698 0.08810254568152197 0.15036273269713207 0.1503146627979633 0.08810254568152197 0.08810254568152197
0.15038522618751687 0.13424300057819266 0.15038614043498516 0.08810252227098231 0.15036357955990778 0.15031448642645062 0.08810252227098231 0.08810252227098231
0.15038513041764284 0.13424293978644314 0.15038604463548996 0.0881025172099713 0.15036392516139707 0.150314408369113 0.0881025172099713 0.0881025172099713
0.15038508943372186 0.1342429175713557 0.1503860036390102 0.08810251588950778 0.15036406694497095 0.150314374742418 0.08810251588950778 0.08810251588950778
0.15038522546036937 0.13424288762106848 0.15038596434523713 0.08810249357472871 0.15036410333885628 0.15031433851028242 0.08810249357472871 0.08810249357472871
0.15038475532052947 0.13424235085095687 0.15038542159547993 0.08810196709877692 0.15036777389806397 0.15031379703863915 0.08810196709877692 0.08810196709877692
0.15038447412362926 0.13424207987250814 0.1503851103255553 0.08810188061262705 0.15036920739125353 0.15031348644917264 0.08810188061262705 0.08810188061262705
0.15038434184549912 0.1342419709159513 0.1503849655918097 0.08810186479359006 0.15036978518204766 0.15031334208392205 0.08810186479359006 0.08810186479359006
0.15038428364457723 0.1342419300494101 0.15038490223200132 0.0881018613763129 0.15037002102805982 0.15031327891701282 0.0881018613763129 0.0881018613763129
0.1503842586492278 0.13424191511209554 0.15038487509993193 0.08810186048516443 0.15037011780079454 0.15031325188245678 0.08810186048516443 0.08810186048516443
0.15038424802707587 0.13424190970781394 0.1503848635927887 0.08810186021496061 0.15037015760420053 0.1503132404232392 0.08810186021496061 0.08810186021496061
0.15038424353818364 0.1342419077606427 0.15038485873734997 0.08810186012528537 0.15037017399712407 0.15031323559084347 0.08810186012528537 0.08810186012528537
0.15038388999997657 0.1342415554122739 0.15038450504732423 0.08810150844617531 0.1503726422901894 0.1503128819117101 0.08810150844617531 0.08810150844617531
0.15038368585802092 0.13424137658489294 0.15038430084164797 0.0881014507238245 0.15037360673469358 0.1503126778092713 0.0881014507238245 0.0881014507238245
0.1503836939550809 0.13424128983752417 0.15038419098543526 0.08810142544089629 0.15037398084648046 0.15031256805279025 0.08810142544089629 0.08810142544089629
0.15038369261591797 0.13424125532913372 0.15038414079507104 0.08810142074828937 0.15037413108064218 0.150312517934367 0.08810142074828937 0.08810142074828937
0.15038369102757868 0.13424124243459906 0.1503841189746463 0.08810141971457212 0.1503741922617335 0.15031249615772627 0.08810141971457212 0.08810141971457212
0.1503837595040435 0.1342412278125289 0.1503840997474441 0.08810140952445952 0.1503742074078683 0.15031247695473648 0.08810140952445952 0.08810140952445952
0.1503835496044898 0.13424098452729163 0.15038385352484515 0.08810117126494794 0.1503758678010037 0.15031223074752575 0.08810117126494794 0.08810117126494794
0.15038342352376544 0.13424086175865002 0.15038371240043757 0.08810113211544182 0.15037651627260243 0.15031208969821905 0.08810113211544182 0.08810113211544182
0.15038320502314 0.1342406532785572 0.1503834876692233 0.08810096583194009 0.15037789149577682 0.1503118650374822 0.08810096583194009 0.08810096583194009
0.15038308686362356 0.13424055395612555 0.15038336692902637 0.08810093816582973 0.15037843336454812 0.15031174438918737 0.08810093816582973 0.08810093816582973
0.15038303275262632 0.134240514643698 0.15038331174909367 0.08810093299133824 0.1503786525995723 0.1503116892809951 0.08810093299133824 0.08810093299133824
0.15038300919092737 0.13424049998040394 0.1503832877446289 0.08810093184004862 0.15037874224226863 0.15031166532162527 0.08810093184004862 0.08810093184004862
0.15038299912412478 0.13424049463193227 0.15038327749442623 0.0881009315314716 0.150378779058315 0.15031165509678704 0.0881009315314716 0.0881009315314716
0.15038299485959297 0.13424049269831625 0.15038327315392713 0.08810093143616927 0.15037879421000896 0.15031165076964695 0.08810093143616927 0.08810093143616927
0.15038288602632963 0.1342403849666358 0.15038316428919674 0.08810082436908853 0.15037954969891504 0.15031154191165721 0.08810082436908853 0.08810082436908853
0.15038282337245895 0.13424033035848057 0.15038310162217586 0.08810080678919728 0.1503798450014772 0.15031147927781563 0.08810080678919728 0.08810080678919728
0.15038279421100006 0.13424030837624396 0.15038307245520288 0.08810080357623243 0.1503799640867875 0.15031145014206826 0.08810080357623243 0.08810080357623243
0.1503827814401712 0.134240300127341 0.15038305968205876 0.08810080288280485 0.15038001271202467 0.15031143738998962 0.08810080288280485 0.08810080288280485
0.15038277597034014 0.1342402971114132 0.15038305421125497 0.08810080270209275 0.1503800326692436 0.15031143193146995 0.08810080270209275 0.08810080270209275
0.15038105684968894 0.13423857921952773 0.15038133509019502 0.08809908584680648 0.15037832407915297 0.15032344722101598 0.08809908584680648 0.08809908584680648
0.15038011006101787 0.13423770060448273 0.1503803349420639 0.08809879768532103 0.1503773283124928 0.15032813302397968 0.08809879768532103 0.08809879768532103
0.15037966555936594 0.1342373462344284 0.15037986834050837 0.08809874530247858 0.1503768635372073 0.15033002042105414 0.08809874530247858 0.08809874530247858
0.1503794702534778 0.1342372132219483 0.15037966388145835 0.08809873408989852 0.15037665983995882 0.1503307905334612 0.08809873408989852 0.08809873408989852
0.1503793864712672 0.1342371646094844 0.15037957630825594 0.08809873119491726 0.15037657258464562 0.1503311064415949 0.08809873119491726 0.08809873119491726
0.15037938230652156 0.13423714254417898 0.15037953468236728 0.08809872583811518 0.1503765310914341 0.15033123186115244 0.08809872583811518 0.08809872583811518
0.15037940068292258 0.13423713091895867 0.15037951340150546 0.08809872179692164 0.15037650986600698 0.1503312797398413 0.08809872179692164 0.08809872179692164
0.15037942177443234 0.1342371241644031 0.150379501829008 0.08809871903804983 0.1503764983167166 0.15033129680129054 0.08809871903804983 0.08809871903804983
0.15037935802474667 0.13423704935792177 0.1503794245512879 0.08809864655316477 0.1503769970272228 0.15033123137932655 0.08809864655316477 0.08809864655316477
0.1503793292633 0.13423701036348878 0.15037937926332057 0.08809863327033422 0.15037719028509536 0.15033119101379264 0.08809863327033422 0.08809863327033422
0.1503793149444477 0.13423699455369 0.15037935809988373 0.08809863086324253 0.15037726791565353 0.15033117189659756 0.08809863086324253 0.08809863086324253
0.1503793149302374 0.1342369876877954 0.15037934790295368 0.08809862943130572 0.15037729863437296 0.15033116255072337 0.08809862943130572 0.08809862943130572
0.15037931464130824 0.13423698504488712 0.15037934339677614 0.08809862914826184 0.15037731107347116 0.1503311583987718 0.08809862914826184 0.08809862914826184
0.1503793144543278 0.13423698406917947 0.1503793414631912 0.0880986290809435 0.15037731615779906 0.15033115661267182 0.0880986290809435 0.0880986290809435
0.15037931435780424 0.1342369837147365 0.15037934064329853 0.08809862906185922 0.15037731824438663 0.1503311558541965 0.08809862906185922 0.08809862906185922
0.15037931431172732 0.13423698358681055 0.15037934029763295 0.08809862905575824 0.1503773191024448 0.15033115553410978 0.08809862905575824 0.08809862905575824
0.15037931429056345 0.1342369835407606 0.1503793401523922 0.08809862905367752 0.15037731945572838 0.15033115539952283 0.08809862905367752 0.08809862905367752
0.1499983968475543 0.13690340555878863 0.14999842265799573 0.08771771161943352 0.14999640216779667 0.149950237909564 0.08771771161943352 0.08771771161943352
0.14979738241563476 0.1378371529709561 0.14979740816654585 0.08767445691316422 0.14979539076001486 0.14974929494735573 0.08767445691316422 0.08767445691316422
0.14971298544029052 0.13817813649738636 0.14971300622279565 0.08767330660121309 0.14971099167552782 0.14966496036036056 0.08767330660121309 0.08767330660121309
0.14967988915459027 0.1383049300974977 0.14967990456367222 0.08767516062858541 0.14967789186488548 0.14963190243359806 0.08767516062858541 0.08767516062858541
0.1496672259909987 0.13835243237103742 0.1496672391731342 0.08767620453391654 0.14966522750043457 0.14961926136264553 0.08767620453391654 0.08767620453391654
0.14966242678483177 0.13837028298676288 0.14966243904408572 0.08767664986962068 0.14966042789602746 0.14961447367943018 0.08767664986962068 0.08767664986962068
0.1496606147472947 0.13837699920915672 0.1496606266241124 0.08767682545843843 0.1496586157311154 0.14961266731300532 0.08767682545843843 0.08767682545843843
0.14965993353827825 0.13837952713009163 0.14965994303088487 0.08767689249228858 0.14965793225778676 0.14961198656609287 0.08767689249228858 0.08767689249228858
0.1496596286943947 0.13838043066793576 0.14965963719954192 0.08767686977611441 0.14965801206838397 0.14961168204140063 0.08767686977611441 0.08767686977611441
0.14965950560871444 0.1383807634031972 0.1496595122077323 0.08767687144660748 0.14965804679260097 0.14961155764793263 0.08767687144660748 0.08767687144660748
0.149658307388941 0.1383797380775929 0.14965831319851886 0.08767572420367233 0.14965691393077216 0.14961955479315817 0.08767572420367233 0.08767572420367233
0.14965759454519828 0.13837914579641805 0.1496576000277991 0.08767550761144718 0.14965648752886007 0.14962264926738297 0.08767550761144718 0.08767550761144718
0.14965726219064363 0.13837889165393794 0.14965726753780983 0.08767547048636291 0.1496562738078027 0.1496238933507171 0.08767547048636291 0.08767547048636291
0.14965709547222325 0.1383787694624006 0.1496571007632914 0.08767544141502182 0.14965633068851183 0.14962437936850745 0.08767544141502182 0.08767544141502182
0.14965700651841196 0.13837870478411823 0.14965701178624322 0.08767542150886852 0.14965645169580988 0.14962456068881114 0.08767542150886852 0.08767542150886852
0.1496569670839651 0.13837867748475455 0.14965697133511116 0.08767541790823614 0.149656498211046 0.1496246321604148 0.08767541790823614 0.08767541790823614
0.1496569506236226 0.13837866667632573 0.14965695377629187 0.08767541710255107 0.14965651666991356 0.14962466094619298 0.08767541710255107 0.08767541710255107
0.14965694361726872 0.1383786625268337 0.1496569463149956 0.08767541691336905 0.14965652412557773 0.14962467267521698 0.08767541691336905 0.08767541691336905
0.14965694106028196 0.13837866089550138 0.1496569431139254 0.08767541680244964 0.14965652710246452 0.14962467742047775 0.08767541680244964 0.08767541680244964
0.1496569399743992 0.138378660270878 0.14965694176129074 0.08767541677556179 0.14965652830847145 0.14962467935827517 0.08767541677556179 0.08767541677556179
0.1496569395167998 0.138378660034137 0.14965694119321402 0.08767541676768864 0.14965652880007305 0.14962468015271038 0.08767541676768864 0.08767541676768864
0.14965693932465843 0.13837865994476975 0.1496569409553177 0.08767541676506552 0.1496565290010495 0.1496246804790081 0.08767541676506552 0.08767541676506552
0.14965693951234063 0.13837865987277562 0.14965694081754208 0.08767541672581641 0.14965652904503596 0.14962468057485634 0.08767541672581641 0.08767541672581641
0.1496569395835467 0.1383786598398724 0.1496569407539574 0.08767541671929252 0.1496565290567293 0.14962468060801662 0.08767541671929252 0.08767541671929252
0.14965693961182813 0.13837865982660724 0.14965694072641425 0.08767541671808343 0.14965652906036306 0.14962468062053685 0.08767541671808343 0.08767541671808343
0.14965693962327437 0.13837865982148007 0.14965694071474028 0.08767541671781667 0.14965652906160126 0.14962468062545392 0.08767541671781667 0.08767541671781667
0.14965693962794296 0.13837865981952946 0.14965694070983349 0.08767541671774472 0.14965652906204216 0.1496246806274178 0.08767541671774472 0.08767541671774472
0.14965693962985369 0.13837865981879194 0.14965694070777852 0.08767541671772194 0.14965652906220195 0.1496246806282081 0.08767541671772194 0.08767541671772194
0.14965693963063706 0.13837865981851374 0.1496569407069195 0.087675416717714 0.1496565290622602 0.14962468062852738 0.087675416717714 0.087675416717714
