0.125 0.125 0.125 0.125 0.125 0.125 0.125 0.125
0.099626400996264 0.07845579078455792 0.199252801992528 0.15691158156911583 0.08685378548392246 0.06839735606858895 0.17370757096784492 0.1367947121371779
0.0745303753200788 0.12421729220013136 0.1056354961590544 0.1490607506401576 0.0931629691500985 0.15527161525016417 0.11179556298011822 0.186325938300197
0.07346369166295703 0.1224394861049284 0.09668129484448348 0.14692738332591407 0.09182961457869628 0.17480376283119256 0.11019553749443556 0.18365922915739255
0.07227486049339163 0.13416825527020013 0.09452446796035449 0.14454972098678326 0.09034357561673954 0.17503967769896445 0.10841229074008746 0.1806871512334791
0.07083142662745197 0.1330181435812313 0.09258918251752705 0.14166285325490394 0.08853928328431496 0.19003340422476284 0.10624713994117796 0.1770785665686299
0.07000723962911114 0.13153934176071158 0.09145632406871672 0.14001447925822227 0.09492766724504653 0.19202598952174724 0.1050108594436667 0.17501809907277782
0.06907631398706103 0.12978735727688148 0.09023045194721274 0.13815262797412206 0.09428021714028864 0.20216777572618982 0.10361447098059154 0.17269078496765256
0.06841877188469718 0.12846775930004703 0.08932879880721187 0.13683754376939436 0.09338867889495493 0.20988335980490588 0.10262815782704579 0.17104692971174293
0.06803526130192462 0.12766482926776385 0.08878788232990574 0.13607052260384925 0.09282566596446465 0.21447479332439334 0.10205289195288694 0.17008815325481155
0.050305202963923885 0.09435367328833 0.06562988836782974 0.10061040592784777 0.109782102976499 0.2573654275064567 0.1207324871134173 0.20122081185569554
0.07295173961840629 0.12906846240179573 0.09118967452300787 0.16133557800224468 0.08754208754208756 0.1548821548821549 0.10942760942760946 0.1936026936026936
0.10489558468253138 0.09288661104599423 0.1369436370567611 0.09912632752499217 0.14218841629088763 0.1427081369687961 0.15734337702379708 0.12390790940624022
0.0715238648347253 0.1265422223998986 0.08940483104340662 0.15817777799987323 0.08582863780167035 0.17142353506849015 0.10728579725208794 0.18981333359984787
0.0931945786256223 0.08245546534505398 0.2026543816550946 0.14678146133535513 0.09309008201848795 0.0913675943038632 0.162493111449803 0.12796332526671986
0.10256720267358871 0.08729379538058529 0.1655838462479524 0.09692600652654135 0.14854651624148812 0.12407432076128437 0.1538508040103831 0.12115750815817668
0.0846853759912524 0.14982797290760042 0.07382827650519441 0.13061925843226704 0.11545997176853276 0.2002421024701992 0.08859393180623329 0.15674311011872044
0.09100593426401234 0.08246156805782093 0.2055175572367557 0.14333434646581947 0.09939286418731565 0.09465256799877077 0.15867701358853434 0.12495814820097083
0.0682711910426377 0.12315489928816148 0.11854035534821282 0.1365423820852754 0.10378460658957558 0.17662180147558626 0.10240678656395653 0.17067797760659423
0.0667316441850507 0.1250580791422976 0.10096370062095791 0.1334632883701014 0.1043695140658423 0.20248719687554734 0.10009746627757606 0.16682911046262675
0.06624904323402345 0.12442407617288585 0.09723263637118938 0.1324980864680469 0.10381909133273044 0.21078089348503026 0.09937356485103517 0.1656226080850586
0.048945561656704696 0.09190169488606036 0.07138699695087393 0.09789112331340939 0.12369094079486971 0.2529320877951718 0.11746934797609125 0.19578224662681878
0.08230962678031803 0.1456247243036396 0.0717571105264311 0.12695488785445505 0.11870500790149353 0.21619424457659933 0.08610853263171732 0.15234586542534603
0.08988545655308844 0.08129470335664286 0.20841376550191787 0.14156959407111427 0.10202834874815679 0.09666512551195405 0.1567233601438465 0.12341964611327913
0.09913700568454208 0.08448413994138151 0.17899278369253352 0.09368447037189226 0.15580509269003345 0.12208541112793882 0.1487055085268131 0.11710558796486532
0.06926663510776299 0.12254866211373452 0.08658329388470373 0.15318582764216815 0.10428814921250833 0.17640448620687585 0.10389995266164449 0.18382299317060177
0.06693868066201303 0.12531925821488285 0.0970898080471497 0.13387736132402606 0.1059647565869754 0.20305541251690087 0.10040802099301953 0.16734670165503254
0.09898963151583036 0.08791120150699983 0.1469492716063199 0.09354520178245969 0.15792308725035392 0.14926565683621626 0.14848444727374555 0.1169315022280746
0.06836993627556223 0.12096219494907165 0.0854624203444528 0.15120274368633957 0.10892827782068076 0.1810762300869421 0.10255490441334338 0.18144329242360746
0.08996912108805814 0.07949721283192399 0.21710859567267865 0.1417013657136916 0.10055529637777307 0.09076464759142687 0.1568692367689219 0.123534523955526
0.06750454558112398 0.12157925866337137 0.12551837388296333 0.13500909116224796 0.10646601837907278 0.17390453000672448 0.10125681837168599 0.16876136395280997
0.06627715106695017 0.12415763103533321 0.10493678323445775 0.13255430213390035 0.10596114174475905 0.20100438651679886 0.09941572660042527 0.16569287766737542
0.06587107786384315 0.12372062993093129 0.10020696646386722 0.1317421557276863 0.10527389236678418 0.20970096619151524 0.09880661679576472 0.16467769465960785
0.09857552736252129 0.08745810202796137 0.1485649983820947 0.09315387335758263 0.1573566591144648 0.15058520701461495 0.14786329104378193 0.11644234169697829
0.058278868293897716 0.10310876698151135 0.05080721851262878 0.08988969429157401 0.1586022220446389 0.2579194042673439 0.10161443702525756 0.17977938858314801
0.07758629330491529 0.13726805738561937 0.09698286663114412 0.17158507173202422 0.0969371116390515 0.1779294547803941 0.08728457996802971 0.15442656455882178
0.08949922018344646 0.08026061935543811 0.2227893227278802 0.14096127178892817 0.09768899174852468 0.08986133795737425 0.1560499223711374 0.12288931386727074
0.08412722350269701 0.15164891296997512 0.11924451295214324 0.12619083525404554 0.1320101118045621 0.21642077592361555 0.09464312644053414 0.07571450115242732
0.06157131476635867 0.10068041763193594 0.049610640572258294 0.08777267178168774 0.1503462176785435 0.27525211286132395 0.09922128114451659 0.17554534356337548
0.10572857276877355 0.08037583490347516 0.12446258016769472 0.10046979362934393 0.1645150667939395 0.1545293031803267 0.14935509620123366 0.12056375235521272
0.10021976432451024 0.07328522247146328 0.18157234224272994 0.14657044494292656 0.11525263093751774 0.08777108661376143 0.16341510801845693 0.13191340044863392
0.08740797455059528 0.07391414907820426 0.255987494755412 0.1376675599171876 0.09894984062512058 0.07365146039079175 0.15240364793437128 0.12001787274831739
0.06730596026722614 0.12065095028165154 0.13482430634939976 0.13461192053445228 0.10601536941341856 0.16736765208494725 0.1009589404008392 0.16826490066806535
0.06625809556429785 0.12404064970162976 0.10752318047088925 0.1325161911285957 0.10589376433516857 0.19873573654222731 0.09938714334644679 0.16564523891074462
0.08111582120417621 0.15235419164625774 0.09355375049554186 0.12167373180626431 0.12965852873063877 0.2573844381786644 0.09125529885469824 0.0730042390837586
0.0821672755779388 0.13438373918033192 0.072463310877917 0.11715505467003297 0.12139905414782971 0.2523838106874528 0.07946168925445714 0.14058606560403955
0.1255797346908582 0.09361408006133595 0.1555559828451399 0.11701760007666993 0.13682016201252079 0.1356307088157075 0.13046589142876483 0.10531584006900294
0.11098286043894719 0.07951652496443135 0.15674930104522683 0.09939565620553918 0.15962843332222224 0.12669411779979656 0.14775831877718962 0.11927478744664702
0.10274214701652239 0.06926205671847384 0.21945543906493067 0.13852411343694768 0.10922114454916258 0.08167934825891889 0.15444404886179092 0.12467170209325293
0.09970048171895246 0.06810479444592148 0.2507091839508443 0.13620958889184295 0.09733728070219763 0.07348651356787116 0.15186352671971143 0.12258863000265864
0.1303997347926088 0.08936652525128627 0.22360760504127686 0.11170815656410783 0.12488597204550599 0.09494840725813142 0.1245462581393859 0.10053734090769706
0.08311352521812829 0.11332874826109943 0.12501017303567497 0.14166093532637428 0.10240443343099036 0.16840599315819504 0.09608306917788864 0.16999312239164913
0.08838592505863074 0.07762199078050783 0.2342334779314221 0.13920783196734343 0.09768616945926664 0.08739513837009667 0.15410879240992026 0.12136067402281221
0.07782194581213024 0.11495341988050072 0.12804042749065206 0.1436917748506259 0.09798503635625816 0.16761675762952682 0.09746050815955497 0.17243012982075107
0.08832971125526476 0.07768441996480344 0.23564118013715715 0.13911929522704203 0.09672674875949082 0.0872043779106667 0.15401077859892318 0.12128348814665202
0.07780857242412474 0.11494299331259573 0.12831699755969467 0.14367874164074468 0.09784546426025878 0.1675410725904 0.0974516682432877 0.1724144899688936
0.11935340669119242 0.10496904231054896 0.19121464299471597 0.11278896932317682 0.13066374740890196 0.11781932075893406 0.12486202546155513 0.09832884505097467
0.08125372125598923 0.11304106747174203 0.11811420608586734 0.14130133433967754 0.10354757626236236 0.17734132747679313 0.09583916589995521 0.16956160120761304
0.09506855598949353 0.07712497077234128 0.23024440598021848 0.1381868628837201 0.09743956968896993 0.08848649860847704 0.15297853766533115 0.12047059841144829
0.09395918240598726 0.13701585259015645 0.10587680296169523 0.1194497176427005 0.11686915076364177 0.20247156310692044 0.08101806935765772 0.14333966117124058
0.08939202444870556 0.05954098955715333 0.1862769828207921 0.11908197911430667 0.11600696560793723 0.10977932351714693 0.1770233599967902 0.142898374937168
0.07751134044380069 0.11421826092310325 0.11935927544606444 0.14277282615387907 0.10124020880810025 0.1767334756229839 0.09683722121741362 0.17132739138465486
0.09475433284416868 0.07722562445846455 0.230877966333724 0.13822979152132073 0.09698526058034111 0.08839293945259508 0.1530260614318243 0.12050802337756165
0.11622242231875284 0.0773289515173899 0.19103425795335113 0.09666118939673736 0.14452003650849415 0.11454636482150257 0.14369335020768717 0.11599342727608483
0.10424697067848461 0.06645674740855222 0.24722425136700973 0.13291349481710443 0.10304127975804137 0.07830648283186603 0.14818862780354777 0.119622145335394
0.1009720796971217 0.06591802003810592 0.27012204074016877 0.13183604007621183 0.09376631083301898 0.07174572637225962 0.14698734617452272 0.11865243606859063
0.09964329115668173 0.06541917624055944 0.2789941144383481 0.13083835248111889 0.09128266610435251 0.07019288338564011 0.14587499896029224 0.117754517233007
0.07882524794165113 0.11367258269260143 0.14042605875043196 0.14209072836575182 0.09600692103299553 0.16209500619915598 0.09637458097850993 0.17050887403890214
0.09426002552252803 0.07668946790002586 0.23913206127351022 0.1373317859284629 0.0953135312015907 0.08551604914083931 0.1520319323261779 0.11972514670686511
0.06878888278593989 0.10034778897324802 0.08090581105741286 0.08748268782283161 0.14225829724960487 0.2463576832742725 0.09889347319102704 0.17496537564566322
0.09871448959706487 0.06888488421075847 0.2077572511336357 0.13776976842151695 0.10620342026640352 0.10307438432726543 0.15360301046398978 0.12399279157936526
0.10118773319391858 0.06678962955504371 0.25711039940335917 0.13357925911008742 0.09555619351360808 0.07662454671858306 0.14893090530632133 0.12022133319907866
0.10006687241857995 0.06569015944962432 0.2748930587111264 0.13138031889924864 0.09199413963474389 0.0712539128061011 0.14647925107125184 0.1182422870093238
0.078893759609326 0.11369063036643709 0.13966983312643416 0.1421132879580464 0.09617282012712643 0.1625338409957777 0.09638988226719668 0.17053594554965565
0.0942881653173218 0.07670856180863947 0.23884436393540118 0.1373641860099056 0.09536871365551929 0.0856048157932938 0.15206780054820643 0.11975339293171258
0.06878036364477712 0.10032677776051864 0.08092564552583462 0.08746437035532395 0.14225064270550278 0.24645069280876783 0.09887276648862707 0.1749287407106479
0.09869959501692241 0.0688741448293168 0.20782100355985506 0.1377482896586336 0.10619001056305916 0.1031144324331753 0.15357906324626758 0.12397346069277022
0.11682637274655495 0.07711246559860598 0.18562035137220087 0.09639058199825747 0.14709991829049163 0.1179905374612572 0.14329107413472303 0.11566869839790896
0.11928840598583916 0.0759234829378579 0.17676071528665666 0.09490435367232239 0.15789306156621705 0.12026306023740495 0.14108169590691508 0.11388522440678685
0.10480987266650547 0.0663816818985358 0.24349031074433314 0.1327633637970716 0.10577492022664904 0.07927158032952178 0.14802124292001864 0.11948702741736444
0.10102016946010801 0.06586488183153436 0.26980019061666105 0.1317297636630687 0.09427464957716572 0.07188470164975667 0.14686885590494375 0.11855678729676183
0.09958588186854805 0.06536706544127352 0.27936223078705547 0.13073413088254704 0.09133953589574739 0.07019163767492044 0.14575879965561583 0.11766071779429232
0.09902113777779849 0.0651542080684433 0.28275274784723875 0.1303084161368866 0.09049155953635654 0.06971019662611665 0.14528415948396162 0.11727757452319794
0.09880668304652478 0.06507495368249322 0.2839453075193093 0.13014990736498644 0.09022538967799869 0.06955540804789412 0.14510743403230575 0.11713491662848778
0.07865282719266257 0.11357611297589458 0.14158871837310277 0.14197014121986823 0.09574573942213703 0.16180949991640844 0.09629279143608455 0.17036416946384186
0.09420360990112836 0.0766497316399632 0.23958211907962373 0.13727028965826396 0.09522176330977579 0.08543709841023596 0.15196385342713795 0.11967153457387114
0.07820215879930843 0.11408484695917573 0.13212086066550902 0.14260605869896967 0.09703519676320908 0.1680994982966328 0.09672410937843161 0.1711272704387636
0.09446011948577712 0.07692596945210707 0.2359335488819656 0.13770940888771896 0.09577426609263633 0.08669235426854148 0.15244997646503686 0.12005435646621654
0.07825062957216561 0.1141118994556022 0.1313400171597986 0.14263987431950276 0.09716197358700934 0.168580711531899 0.09674704519061926 0.17116784918340328
0.10595362464058908 0.08628403903885197 0.1585333396905586 0.09267523447038507 0.1540653553893943 0.13954081690385076 0.147103546778389 0.11584404308798132
0.07871031638836472 0.11206117940800442 0.11313224230097049 0.14007647426000552 0.10768801261328476 0.18523161468014235 0.09500839123722114 0.1680917691120066
0.13362948098400187 0.10285174061658404 0.18280711659225699 0.11056077077724336 0.13132556656816502 0.12004369339990212 0.12239531807655755 0.09638631298528909
0.07198353710256161 0.0974676921535798 0.07182532431516545 0.08497183418517214 0.14940085260668 0.2583519743615195 0.0960551169049772 0.16994366837034428
0.0993381048308082 0.06884301247733794 0.20369661605310224 0.13768602495467588 0.10776564606611169 0.10524353041078123 0.1535096427479744 0.12391742245920828
0.10139629216656461 0.0668480458171367 0.25565025950447545 0.1336960916342734 0.09596341845372944 0.07705824510103074 0.14906116485194362 0.12032648247084606
0.10014346479121577 0.06571604497389133 0.27440430353099976 0.13143208994778266 0.09211705940760886 0.07136118446864101 0.14653697192685616 0.1182888809530044
0.0992919682897149 0.06527512578057003 0.28101980996709924 0.13055025156114006 0.09079781142464884 0.07001601863721656 0.1455537879345845 0.11749522640502603
0.078742509704232 0.11361340239459336 0.14097305492508594 0.1420167529932417 0.0958880664779259 0.16202170353500625 0.09632440637802481 0.17042010359189003
0.09893303389286877 0.0762558201938887 0.2383593307534829 0.1364534555993964 0.09482676739100644 0.08515258479277359 0.15105958454634033 0.11895942283024301
0.09593432494385656 0.1361457486181386 0.10989542150391453 0.11869116546196701 0.11578466538574521 0.2006157024360747 0.08050357309594283 0.1424293985543604
0.07830577706130949 0.11176132340276328 0.1022328917759655 0.1397016542534541 0.09934075368244522 0.2062614492262705 0.09475416549364712 0.1676419851041449
0.11628569049621643 0.07812251284647384 0.1537894897570485 0.0976531410580923 0.14674665092761177 0.1450507926689361 0.14516795297591034 0.11718376926971076
0.10849404975439597 0.06672640528768617 0.234543372932448 0.13345281057537234 0.10411798169180887 0.0837679256138817 0.14878992462657184 0.1201075295178351
0.08258908224411429 0.1133982898763262 0.1307476524739397 0.14174786234540776 0.09848983519861801 0.16678781467369774 0.09614202837340702 0.1700974348144893
0.11183352894153027 0.08566226168934814 0.15750388605125537 0.09199073375241924 0.15360880712500583 0.1383953275476643 0.14601703770225277 0.11498841719052405
0.08207307752518418 0.1116538559403971 0.11270810997974305 0.13956731992549637 0.1073967817280152 0.1844570192150144 0.09466305177555406 0.16748078391059565
0.10361354887789404 0.06883395341092831 0.2215775166344279 0.13766790682185662 0.09862763326702575 0.092288882466216 0.15348944238198042 0.12390111613967096
0.1046040364597495 0.06626825589958885 0.2617217399873245 0.1325365117991777 0.09342054381688113 0.07439773154639782 0.1477683198716205 0.11928286061925993
0.09438493020982261 0.13061203536637733 0.15742425342746358 0.16326504420797167 0.08318384232417202 0.14113913653644145 0.08305221814057688 0.14693853978717447
0.11387682848510726 0.0870087267924442 0.16577130851705185 0.09196789604270228 0.148613885821557 0.13182069691839093 0.1459807873693687 0.11495987005337785
0.12282796922824543 0.07578964623463344 0.17031245280219454 0.09473705779329179 0.15823860229262954 0.12357680295060947 0.14083299934644572 0.11368446935195016
0.10933532827547474 0.06615379573997644 0.24026538534502948 0.13230759147995289 0.1056833428459237 0.07966463318239432 0.14751309079929076 0.11907683233195761
0.10512015730846727 0.06560537443299985 0.26793885285438246 0.1312107488659997 0.0940065386492303 0.07173846077086127 0.14629019313865935 0.11808967397939972
0.12069435720458693 0.0759679333803987 0.2028096727772629 0.09495991672549838 0.14161902883409563 0.10883289689025126 0.14116429411730805 0.11395190007059804
0.10803301254157072 0.06560325528676264 0.25269650727393045 0.13120651057352528 0.10147264292173204 0.07661674412746534 0.14628546775884085 0.11808585951617274
0.08266109245618578 0.11325770195016248 0.13466571660882865 0.14157212743770312 0.09788438981998229 0.16404958453979968 0.09602283426209429 0.1698865529252437
0.10263533106001636 0.07609574540616686 0.2352094083971547 0.13614353463827672 0.09510641183671698 0.08540384403354408 0.15071648930244713 0.11868923532567714
0.0819051549295822 0.11367018637546923 0.13101045934127006 0.14208773296933652 0.09677845319109914 0.16767018431170644 0.0963725493183326 0.1705052795632038
0.1026355189551614 0.07623721495599652 0.2338424588448685 0.1363520979131304 0.09501804348981566 0.08609622870075896 0.1509473774211293 0.11887105971913933
0.08124615221643067 0.12155620661749442 0.12987924375459892 0.14064785361390578 0.09597001294331406 0.16652717102292025 0.09539593549464913 0.1687774243366869
0.13782039832201248 0.10325423849344377 0.18821519922822036 0.10999908646482519 0.12753170611442533 0.11550922144138719 0.12177351045353052 0.0958966394821553
0.08608071372491742 0.12256742229968608 0.11854397019317106 0.13788727181554924 0.10123336136499025 0.17469899353943694 0.09352354088358993 0.1654647261786591
0.13905778196083 0.10331160412252374 0.18396172106891356 0.10993011185962008 0.12894033594202248 0.11726478454081014 0.12169715273022652 0.0958365077750534
0.1281655418841846 0.08306129369351144 0.1747019046435963 0.093437488245569 0.15078735155109854 0.1188203321581234 0.1389011019292339 0.11212498589468278
0.10997911525820232 0.07145004050381183 0.24099934529789882 0.1311910345724701 0.10361542936266477 0.07842489071713928 0.14626821317258978 0.1180719311152231
0.12170512817524352 0.08136661765045945 0.19400156814046904 0.09455715747740678 0.14417736735860243 0.11015800678090495 0.1405655654440256 0.11346858897288811
0.08352921705773159 0.12030201378724154 0.12004298803334501 0.13829813886429482 0.10491708260234749 0.17315057709253806 0.09380221592534778 0.16595776663715373
0.10462843078435757 0.07671111158910913 0.22891063194612718 0.13628877647904683 0.09671412156082744 0.08705379323225922 0.15087727799064196 0.11881585641763057
0.08161798360308464 0.12160326261274279 0.12880831914619043 0.14063694864923668 0.09631402922689503 0.1668665792989363 0.09538853908383009 0.16876433837908397
0.1040997432474988 0.07673011789987484 0.2326815820028834 0.13619613337223332 0.0948566306335683 0.08592598394862239 0.15077471826311545 0.11873509063220342
0.06034831875130815 0.09001437437068188 0.09595006774718051 0.10410105152645095 0.11834942541881296 0.20535520958102346 0.11767944955164021 0.2082021030529019
0.09896546920424444 0.07521776361097744 0.214205911246648 0.13753197797505734 0.10099712205354863 0.09596508387022966 0.15333789186174301 0.12377878017755162
0.11979625342051325 0.08233070004569067 0.18656550702768634 0.09537449574117744 0.14439154903313253 0.11531150617341267 0.14178059366897425 0.11444939488941293
0.10796390942257787 0.0712984079426453 0.2458417022886753 0.13103069099237927 0.10213272596694328 0.07771549944691042 0.1460894420467273 0.11792762189314132
0.09451348469604053 0.13898865457275156 0.15243954041154703 0.161541499107458 0.084026460536488 0.14092755323738268 0.08217545824161994 0.1453873491967122
0.10600558419683392 0.07731605108761784 0.24167028964485748 0.13503986570822302 0.09161217658103953 0.08113428794081762 0.1494946824283136 0.11772706241229698
0.09774078289894543 0.14526388621913897 0.10958064657342931 0.11709084827058963 0.11374242969683206 0.196654247850218 0.07941814056613904 0.14050901792470755
0.10592629277514495 0.07789740641319068 0.21728621409663462 0.13494891338467496 0.09863521936323305 0.0933939643114333 0.15045796760948085 0.12145402204620745
0.10499728823767389 0.07126859315446851 0.2592423315406584 0.13173109979000305 0.09305628166112656 0.0742760702183023 0.1468703455867646 0.11855798981100275
0.10339997963472468 0.06981869243788778 0.2743441260694148 0.1298466906325804 0.090716568458872 0.07024255119341075 0.1447693700037874 0.11686202156932236
0.10254178438618004 0.06935151743635702 0.2796984481357857 0.12914219995923057 0.08980576759600238 0.0692483870462036 0.14398391547693318 0.11622797996330751
0.10217610768336245 0.06919010030209366 0.281592646605391 0.1288938110407172 0.08946900365478963 0.06896692040772325 0.14370698036927723 0.11600442993664548
0.10203392018175887 0.06913370207191868 0.2822630455790927 0.12880675034695596 0.08934763467370094 0.0688789576415123 0.14360991419280014 0.11592607531226036
0.13625287919082135 0.09234043985450721 0.23589881233241822 0.10753305346444893 0.11931618108819314 0.09198755619348263 0.11989132975812439 0.09677974811800404
0.09903752339055066 0.139797707956932 0.14867599662620293 0.15889949794633484 0.0861015064302773 0.14364673576008283 0.08083148373791815 0.14300954815170133
0.12046290069626182 0.08711651486517559 0.1621391698385188 0.09120539502503994 0.14858619677532228 0.13171261072466758 0.14477046829371418 0.11400674378129992
0.07183705809894807 0.10433085816422855 0.06803595296742013 0.08318865767744812 0.15205235852074142 0.26013844705920214 0.09403935215711527 0.16637731535489625
0.10097908570905291 0.07565889011119051 0.2002081423112305 0.13612013380328677 0.10764352736728267 0.10511830930327452 0.15176379097172416 0.12250812042295807
0.10443478839823495 0.07148377498700334 0.2529525763661265 0.13242446521362958 0.0953317641511351 0.076547215901184 0.1476433962904198 0.11918201869226662
0.12040230695039378 0.08142255519605637 0.19786328445409312 0.09462699553072729 0.14171070413434755 0.10975237469660716 0.14066938440090207 0.11355239463687275
0.12342935339418658 0.08131570928161311 0.17906039217558103 0.09347515671176719 0.1546624627600039 0.11692963898851842 0.13895709863420913 0.11217018805412063
0.1088425946478787 0.07123103383068048 0.24265605343038074 0.13101007004993429 0.10426795920376816 0.07801677455763929 0.14606645123477746 0.11790906304494084
0.10463223127612815 0.0700638413936639 0.2680975750032088 0.13030048222238427 0.09326567650254931 0.07109444584054511 0.1452753137613747 0.11727043400014585
0.08157847676667458 0.12063860118404726 0.137333614977315 0.14037461782567645 0.09553556512345707 0.16087897238068943 0.09521061035132838 0.16844954139081172
0.07932454581073628 0.12276736379599214 0.10745844244441916 0.13084208295420727 0.10275655781818645 0.1951668412680443 0.09813156221565547 0.1635526036927591
0.11596141945540987 0.0870372185191688 0.15401396500779868 0.09638982985028889 0.1463997892086729 0.14124002612206385 0.14328995601625033 0.11566779582034667
0.08228840249436811 0.12064767714782307 0.11102764979336907 0.13796438024078894 0.10501807308605704 0.18392072043750324 0.09357584051114382 0.1655572562889467
0.10531354852534383 0.07688433938312872 0.22518768261833963 0.1365320530401457 0.09693619897147515 0.08897163864138453 0.151146595144158 0.11902794367602446
0.1211675299964892 0.08225961311423703 0.1897367630755061 0.09512097206974722 0.1428357655267565 0.11333047602988339 0.14140371370368393 0.11414516648369667
0.10816505988699264 0.07121329350310837 0.24700632184760507 0.1308797023771636 0.10171209818650087 0.07731069105061308 0.14592110100856895 0.11779173213944723
0.10436474939112778 0.06998160096791853 0.2697102069360447 0.13014855450475482 0.0926546422220845 0.07090062122968302 0.14510592569410724 0.11713369905427934
0.09370302811553134 0.13863218910572334 0.15824072574536172 0.16132304756976173 0.08223792835267033 0.13860800540398274 0.08206433289418316 0.14519074281278557
0.10640107042969357 0.07709012292413715 0.24376896439040258 0.13466368441909998 0.09102356051711395 0.08057525354842388 0.1490782342775547 0.11739910949357434
0.08194210496747559 0.12163660260777708 0.13206413570138636 0.14060687793954244 0.09514642866154752 0.16450745329669586 0.09536814329812444 0.1687282535274509
0.10473151177891254 0.07660002806828974 0.23382478716146235 0.1359445142941826 0.09446659284739982 0.08542066983904228 0.1504961656003975 0.11851573041031305
0.08164517676022957 0.12158658093269616 0.1298789571244103 0.14062884274409798 0.0958511740094858 0.1662716159706005 0.09538304116556211 0.16875461129291755
0.10473385693627486 0.07664707606222454 0.23296571350665998 0.1360344367125346 0.09467136731614183 0.08575771173871471 0.1505957134139577 0.11859412431349171
0.08164591488157355 0.12159444672766939 0.12969217913177125 0.1406325441324343 0.09589409597300495 0.16639621452219175 0.09538555167243372 0.16875905295892116
0.10474000971490488 0.07665204067583033 0.23289231773332714 0.13604233676725802 0.09468544032579586 0.08578238414291287 0.1506044590992844 0.11860101154068646
0.09739682312443099 0.14505112627828795 0.10788700995627445 0.11700264631901248 0.1143957289432123 0.19850517316220173 0.07935831663376498 0.14040317558281498
0.10590187425056923 0.07791461847591857 0.21660496411874666 0.13500257870550095 0.09881234276256713 0.09374350041441949 0.15051780043732715 0.12150232083495083
0.10502241877601556 0.07128463702306319 0.25899178233760467 0.1317589875306903 0.09311035863895403 0.07434728857959508 0.14690143833645616 0.11858308877762126
0.08168196430479845 0.12086809168324834 0.13537694412513462 0.14048971788916542 0.09554779321971504 0.16215914909046236 0.09528867822047742 0.16858766146699847
0.10455608932796617 0.07645866569216998 0.23510279193152947 0.1357861056523076 0.09444276703608634 0.08495514906913072 0.15032080072213128 0.1183776305686784
0.08161202784579774 0.12156212533002418 0.13015390420006046 0.14061795965861068 0.09584252484035066 0.16609424694028746 0.09537565959453595 0.1687415515903328
0.10471722241827651 0.07663854624567047 0.23307308309616973 0.13602213527907162 0.09466136568400353 0.08572215206848664 0.15058209522143864 0.11858339998688296
0.12091854433161173 0.08216656999625663 0.19211708588925092 0.09503211666516331 0.14202215521256564 0.11243336373008615 0.14127162417686964 0.11403853999819596
0.12366842699864655 0.08145203268498945 0.17735863026899312 0.09356819839485578 0.15488305253292697 0.11769240970057254 0.1390954113451886 0.11228183807382694
0.12424641812624561 0.08128394663532203 0.17248980097566202 0.0934257925188311 0.15868588057590866 0.11887349469952899 0.13888371544590414 0.11211095102259731
0.10920716926569977 0.0713451257589754 0.2401029549956781 0.13122326812244478 0.10525383126191153 0.0784625581097672 0.14630415117532275 0.11810094131020031
0.08235428128562734 0.12078941337774138 0.1312246133660048 0.1403846135660644 0.09800546966021648 0.16356268239417238 0.09521739007089589 0.1684615362792773
0.10481846484018935 0.076533880326646 0.23343062459075747 0.1359279080502065 0.09504008718550695 0.08527000002903638 0.1504777818056824 0.1185012531719749
0.08166203178833946 0.12158020930516496 0.1297968580242048 0.14063021570010706 0.09597138298379523 0.16621907097036132 0.0953839723878987 0.16875625884012846
0.10473961557794205 0.07664806473046099 0.23293201761079915 0.13603699690889226 0.09469744264394604 0.08575095859184467 0.1505985476565677 0.11859635627954708
0.08164761445218313 0.12159490770259891 0.1296852109514961 0.14063296072240317 0.09589973908659541 0.16639417998873104 0.09538583422910824 0.1687595528668838
0.10474059912369359 0.07665222745707154 0.23288953715299218 0.13604261806538273 0.09468676680259762 0.0857822241154414 0.15060477050787177 0.11860125677494904
0.12092847943054894 0.08217013159853023 0.19206291394033875 0.09503512807744086 0.14203378524204005 0.11245130717469284 0.14127610084347925 0.11404215369292904
0.14231437710025416 0.09373067010221238 0.20407404500800289 0.10767296152114653 0.13367590932255338 0.10157905477635633 0.12004731680044248 0.09690566536903188
0.11206038214648716 0.07139497844598262 0.25167210117347083 0.12966846453059466 0.099120278373987 0.07481151605141381 0.14457066120052867 0.1167016180775352
0.10501904308467401 0.06984533009760611 0.2712920242065266 0.12986084604139717 0.09196236995265812 0.07036047295163628 0.14478515222824428 0.11687476143725745
0.10297717732175733 0.06940221901787551 0.2785622868912247 0.1292332586719488 0.09011380891293964 0.06931587723331238 0.14408543914618768 0.11630993280475392
0.10231256249260905 0.06921612247362749 0.28117991758288036 0.12893661449634844 0.089557580766978 0.06899954611282477 0.14375470302801832 0.11604295304671358
0.08112566286834642 0.12043077806360585 0.1401201218684504 0.1402349190710457 0.09470066354811114 0.15999009354265023 0.09511585815253536 0.16828190288525485
0.14021287637269542 0.10261222499960586 0.19116975062019043 0.10938013932851401 0.1265737983039295 0.11360585530170904 0.12108831053054869 0.09535704454280709
0.10255896803821482 0.1451251665846415 0.09850215699684618 0.11392733778531183 0.11972123875283418 0.2061798713062615 0.07727245519351583 0.13671280534237418
0.07911861506574083 0.1261480086910678 0.09803916247111018 0.13654584013691462 0.09843168242804001 0.20524798277605213 0.0926137002667769 0.16385500816429754
0.07593195818786068 0.12536618388178145 0.09890374290727652 0.13841671289426138 0.0950270326420101 0.20637167396367542 0.09388264005002077 0.16610005547311366
0.07794988192268053 0.12229331432896792 0.0985540048347405 0.12974683040694113 0.10181494503897434 0.21014736265381342 0.09731012280520585 0.16218353800867638
0.11559091023701593 0.08697909766391175 0.15112960533669295 0.09635465997041033 0.1460934113819737 0.14498904981784802 0.14323767362765474 0.11562559196449239
0.10823640925672037 0.07245440486671138 0.2325343660791915 0.13257305749204715 0.10361623050725809 0.08346071446334963 0.14780906559187942 0.11931575174284242
0.08218825529635351 0.1209540343341483 0.1295582651856489 0.14043876545604797 0.09766879902414279 0.16541124297751628 0.09525411917888471 0.16852651854725756
0.10525982155022075 0.07655281733185341 0.2327003091086164 0.13593182574497592 0.09498641774756802 0.08558202106374428 0.15048211885483695 0.1185046685981841
0.08173619960899244 0.12157956775990389 0.12963606723983515 0.140626956722182 0.09595790388251767 0.16632919476925315 0.09538176195069738 0.1687523480666184
0.07962684546380332 0.12275732130846218 0.10573825721243427 0.1307139405982955 0.10275350521201744 0.1969822490083965 0.09803545544872164 0.16339242574786939
0.07607890282509842 0.12506569991091349 0.10061227172190972 0.13850385245823912 0.0959827365807314 0.203610170146763 0.09394174340645785 0.16620462294988694
0.10477783220686333 0.07752630565071872 0.2212425059073223 0.1371210768957589 0.09549391270470584 0.09249824621656821 0.15179866876534967 0.11954145165271289
0.08162619718152717 0.1216797466349591 0.1270974287040218 0.14062419748967422 0.09603335074011267 0.16881015179083872 0.0953798904712573 0.16874903698760904
0.07957724807986413 0.12272199013087075 0.10516314682709577 0.13066445275541314 0.10273080997920489 0.19781344671672513 0.09799833956655986 0.1633305659442664
0.07605853995790982 0.1250414424925294 0.10047525566674316 0.13848062859343999 0.0959632366118615 0.20387815079766383 0.0939259915677245 0.16617675431212797
0.10477618975406239 0.07752671626091255 0.22118521505231747 0.13712432828185295 0.09549287650926615 0.09254811976374203 0.15180226818341064 0.1195442861944359
0.08162544392549323 0.12167915348187949 0.12708430086275874 0.14062349147547584 0.09603258816744784 0.1688274207069206 0.0953794116094532 0.168748189770571
0.10523474379767807 0.07668222697255515 0.23177792900042674 0.1360750294006387 0.09474915121931159 0.08621075561024243 0.15064065118833425 0.11862951281081324
0.09748827267490713 0.14503981824568732 0.10767437219552844 0.11699041414870366 0.11439860072121971 0.1986700050042147 0.07935002003129465 0.14038849697844438
0.10592879229755646 0.07791757565419634 0.21651846204379183 0.13500882926304417 0.0988178746601917 0.09377575040195121 0.15052476934252834 0.12150794633673977
0.10503174356840307 0.07128666055154985 0.25895970189966305 0.13176240638573086 0.09311376146486479 0.07435431027794268 0.14690525010468797 0.11858616574715776
0.1034257439580659 0.06982575031913142 0.27424132315882876 0.12985769430762928 0.09073520637983236 0.0702607187193488 0.1447816382802971 0.11687192487686635
0.10255946571681684 0.06935353984124648 0.2796600426128188 0.1291450440397539 0.08981144971375966 0.06925283202535375 0.1439870864144719 0.11623053963577853
0.1364929683015675 0.09241608652825463 0.23506075096838353 0.10760054633371051 0.11950371747888124 0.09211885941829334 0.11996657927056979 0.09684049170033945
0.10988067843974803 0.07073099651470242 0.263394096842768 0.12862416846874689 0.0955083493374082 0.07269360975064393 0.1434063490241103 0.11576175162187219
0.12137772484935666 0.08102535356492044 0.200643155995789 0.09420834194639434 0.1412563651371066 0.10839202044149304 0.1400470277292668 0.1130500103356732
0.09642331110208431 0.13887119571728768 0.1402959599865361 0.15969176911941638 0.09035019122815821 0.14941047200003515 0.08123450863900747 0.14372259220747474
0.10796841730718958 0.07739565125129026 0.23646991193792782 0.1351328840801099 0.09300962917032492 0.0826176933115644 0.14959765758970245 0.1178081553518907
0.0822177461813531 0.12168940869007269 0.1304851029040668 0.1406316824420935 0.09556429188953593 0.16526878174077184 0.09538496722159386 0.16875801893051218
0.1052604206637956 0.07660222067114761 0.23311029526002927 0.1359319331277963 0.09455465654158132 0.0855534737896404 0.1504822377320333 0.11850476221397625
0.0817366777440977 0.12158615628477079 0.12972478709808258 0.14062790959061194 0.09586902094524115 0.1663195485843943 0.09538240824406723 0.16875349150873434
0.14119965835698606 0.1028550075989556 0.187535164333473 0.1095209276142361 0.12705517289747237 0.11511011720033558 0.12124416895023286 0.09547978304830838
0.08671092853288975 0.12249151520473762 0.11838950257080214 0.13784568700241265 0.10112234956506383 0.1745298571891275 0.09349533553207119 0.16541482440289518
0.09684913582944189 0.14770487601206075 0.1243125522327839 0.15709945639478384 0.08712812385699387 0.1677722549591604 0.0821751002680408 0.13695850044673463
0.08210627616935738 0.12532915399172218 0.10433715752595464 0.13022242894157426 0.10051986867485124 0.1970402568133917 0.09766682170618071 0.16277803617696782
0.09010112262459168 0.14765803122061363 0.08240570997853203 0.1137758989675795 0.11251764709327254 0.2398407711850005 0.07716974016931478 0.13653107876109538
0.07659174828570667 0.12576272259760146 0.09411923270550708 0.1358180820379275 0.09644161954292918 0.21616480595909038 0.09212009042572473 0.16298169844551297
0.10242873794082243 0.0775640480686373 0.2128828792308504 0.13705778643493 0.09627580929618995 0.09762952755520368 0.1528092036819294 0.12335200779143701
0.10694258557459001 0.07134695831478556 0.2639564033435647 0.13193967136849025 0.09203773484356513 0.07268967781524051 0.14606263985441328 0.11502432888535048
0.07253219538397207 0.10687649334017099 0.08418532129419487 0.08662621014183593 0.14050156934875682 0.23810050917749617 0.09792528102990147 0.17325242028367185
0.10095559810185543 0.07572631928526698 0.20728596873584032 0.13598349681522207 0.10496732191683052 0.10108469708446258 0.1516114509268222 0.12238514713369986
0.08086841169398883 0.12131942252398588 0.12393843017469004 0.14045527774044902 0.09786982025740878 0.17173698550567745 0.09526531881526108 0.16854633328853882
0.105224326251948 0.07671282442905013 0.230498030858622 0.13616915175831537 0.09519383937057223 0.08674541062456136 0.15074484850737394 0.11871156819955699
0.07191565707395342 0.10700086332729322 0.0792609702926428 0.08630593224201925 0.1407884945837941 0.2445529902444109 0.09756322775184785 0.1726118644840385
0.10094241966046018 0.07583021792293707 0.2052782642513038 0.1361479443429989 0.10516637541862016 0.10230683084689114 0.1517947976480898 0.12253314990869901
0.08085952910255263 0.12132501238847734 0.12349348862203151 0.1404494896631497 0.09790274944107832 0.17216895019801198 0.09526139298891892 0.16853938759577963
0.11761927599403167 0.08575134742699646 0.15445421880392204 0.0913272739716541 0.15258290714396366 0.13914195725573095 0.14496392693913351 0.11415909246456764
0.09751036068799927 0.14224594877461447 0.09152822664722667 0.11357100626662515 0.1255300357312597 0.2162984449045265 0.07703076946779791 0.13628520751995019
0.10621576634515413 0.07789936513168302 0.2096784109344697 0.13525516981162725 0.10139708887252102 0.0970251254035049 0.15079942067057542 0.12172965283046451
0.1052963874720031 0.0714244795109831 0.256416593852222 0.1320219616240042 0.0938063580883706 0.07501981916524436 0.14719463482556885 0.11881976546160376
0.08173589274626941 0.1208990073105259 0.13482269488461684 0.1405092590613003 0.09569970617598919 0.16242039671485586 0.09530193223288196 0.16861111087356037
0.10508860222974645 0.07642953870166933 0.23477857370420874 0.1357184453735392 0.09444166504972883 0.0849786322442628 0.15024589801222082 0.11831864468462391
0.0974755221655471 0.14502101153959876 0.10823894692850515 0.11700047614443967 0.11434217357330852 0.19816445358600096 0.07935684468927211 0.1404005713733276
0.07846210260972648 0.1264951114457088 0.10035768311056839 0.13698984411814052 0.09758452924812422 0.20280806573278934 0.09291485079317359 0.16438781294176863
0.11697949868711045 0.0861291693602187 0.1472203387008235 0.09126754063955672 0.15245282163046567 0.14699709305609854 0.1448691121262805 0.1140844257994459
0.08231936534748334 0.12029043405785146 0.10938634850245103 0.1376554300625664 0.10608844738302335 0.18570716687693448 0.09336629169461025 0.16518651607507967
0.103237797947415 0.076800821230135 0.21880229584784308 0.1364105110747845 0.09778517258535609 0.09210640138766171 0.1520875399594985 0.12276945996730604
0.12081360504436699 0.08238969840169472 0.18792497577325698 0.09529000773879913 0.14330457167009833 0.11427413550635313 0.14165499657887154 0.11434800928655894
0.10815403349549055 0.07126878326378183 0.24634081630487775 0.13096743473500455 0.10186781062968374 0.07751151426928672 0.14601891604037076 0.1178706912615041
