Action: 0
[0.10885311638024368, 0.0983030120603601, 0.3011190390538212, 0.09829990777352547, 0.09852520127840343, 0.09829990790659512, 0.09829990777352547, 0.09829990777352547]
[0.10412437572496443, 0.0977052868032387, 0.30116265425481314, 0.0977052868032387, 0.1061865360040288, 0.0977052868032387, 0.0977052868032387, 0.0977052868032387]
[0.13433884320532313, 0.09534208273581375, 0.28647119599734416, 0.09515743526334944, 0.10321043301940855, 0.09516513925206209, 0.09515743526334944, 0.09515743526334944]
[0.125, 0.125, 0.125, 0.125, 0.125, 0.125, 0.125, 0.125]
[0.1095744588153285, 0.09846782757538762, 0.3008381197004735, 0.09769849273171848, 0.09769850968255274, 0.10032560603110215, 0.09769849273171848, 0.09769849273171848]
[0.13462266837125786, 0.09248359651641581, 0.1442177769025659, 0.09248359651641581, 0.25874118100685195, 0.092483987653661, 0.09248359651641581, 0.09248359651641581]
[0.125, 0.125, 0.125, 0.125, 0.125, 0.125, 0.125, 0.125]
[0.125, 0.125, 0.125, 0.125, 0.125, 0.125, 0.125, 0.125]

Action: 1
[0.11929142251060118, 0.09330209561482175, 0.09330209561482175, 0.09330209561482175, 0.25755758313448046, 0.1566405162808096, 0.09330209561482175, 0.09330209561482175]
[0.1111111111111111, 0.1111111111111111, 0.1111111111111111, 0.1111111111111111, 0.1111111111111111, 0.2222222222222222, 0.1111111111111111, 0.1111111111111111]
[0.14332171666930366, 0.0927017964182286, 0.0927017964182286, 0.0927017964182286, 0.12270410256788356, 0.27046519867166974, 0.0927017964182286, 0.0927017964182286]
[0.125, 0.125, 0.125, 0.125, 0.125, 0.125, 0.125, 0.125]
[0.09972903309104106, 0.09972903309104106, 0.09972903309104106, 0.09972903309104106, 0.19945806618208212, 0.20216773527167153, 0.09972903309104106, 0.09972903309104106]
[0.09737878412502486, 0.09737878412502486, 0.09737878412502486, 0.09737878412502486, 0.11804131117178424, 0.2976859840780666, 0.09737878412502486, 0.09737878412502486]
[0.125, 0.125, 0.125, 0.125, 0.125, 0.125, 0.125, 0.125]
[0.125, 0.125, 0.125, 0.125, 0.125, 0.125, 0.125, 0.125]

