Action: 0
[0.1106580026863603, 0.10517246988753508, 0.25830717809220005, 0.10517246984977947, 0.10517246993475009, 0.10517246984981617, 0.10517246984977947, 0.10517246984977947]
[0.10590165226926498, 0.10590165226926498, 0.2586884341151452, 0.10590165226926498, 0.10590165226926498, 0.10590165226926498, 0.10590165226926498, 0.10590165226926498]
[0.2580770796676879, 0.10460743992211691, 0.10753310024446779, 0.10460743992211691, 0.1113526204772598, 0.10460743992211691, 0.10460743992211691, 0.10460743992211691]
[0.125, 0.125, 0.125, 0.125, 0.125, 0.125, 0.125, 0.125]
[0.14942124097414264, 0.10381165525227111, 0.22770751997720623, 0.10381165525227111, 0.10381296278729574, 0.10381165525227111, 0.10381165525227111, 0.10381165525227111]
[0.12133548443488294, 0.10397453730844584, 0.2548172917125433, 0.10397453730844584, 0.10397453730844584, 0.10397453731034448, 0.10397453730844584, 0.10397453730844584]
[0.125, 0.125, 0.125, 0.125, 0.125, 0.125, 0.125, 0.125]
[0.125, 0.125, 0.125, 0.125, 0.125, 0.125, 0.125, 0.125]

Action: 1
[0.1059008911200598, 0.1059008911200598, 0.1059008911200598, 0.1059008911200598, 0.21180714003273549, 0.15278751324690568, 0.1059008911200598, 0.1059008911200598]
[0.1111111111111111, 0.1111111111111111, 0.1111111111111111, 0.1111111111111111, 0.1111111111111111, 0.2222222222222222, 0.1111111111111111, 0.1111111111111111]
[0.21034797730705776, 0.10517398865352888, 0.10517398865352888, 0.10517398865352888, 0.11064717663963085, 0.1531349027856671, 0.10517398865352888, 0.10517398865352888]
[0.125, 0.125, 0.125, 0.125, 0.125, 0.125, 0.125, 0.125]
[0.10398478638026555, 0.10398478638026555, 0.10398478638026555, 0.10398478638026555, 0.12121523941567361, 0.25487604230273303, 0.10398478638026555, 0.10398478638026555]
[0.10381660202135315, 0.10381660202135315, 0.10381660202135315, 0.10381660202135315, 0.1493217522828731, 0.22777863558900804, 0.10381660202135315, 0.10381660202135315]
[0.125, 0.125, 0.125, 0.125, 0.125, 0.125, 0.125, 0.125]
[0.125, 0.125, 0.125, 0.125, 0.125, 0.125, 0.125, 0.125]

