Action: 0
[0.21414382219971498, 0.09285437626584443, 0.11803143476105442, 0.09285436733213058, 0.15892131754698202, 0.1374859472300123, 0.09285436733213058, 0.09285436733213058]
[0.10866846595842845, 0.09630084778391433, 0.2768529492475432, 0.09630084778391433, 0.09738277077621309, 0.13189242288215788, 0.09630084778391433, 0.09630084778391433]
[0.2021954441055999, 0.10108974339006918, 0.19043029279695012, 0.10108952564203755, 0.1010896328571949, 0.10192630992407327, 0.10108952564203755, 0.10108952564203755]
[0.125, 0.125, 0.125, 0.125, 0.125, 0.125, 0.125, 0.125]
[0.16346404420972335, 0.09774771047411723, 0.2496358925365206, 0.09774757306040123, 0.09815367209054218, 0.09775596150789283, 0.09774757306040123, 0.09774757306040123]
[0.1062149137972282, 0.1004354596466314, 0.291130269854139, 0.10043542770207851, 0.10047764589358615, 0.10043542770217978, 0.10043542770207851, 0.10043542770207851]
[0.125, 0.125, 0.125, 0.125, 0.125, 0.125, 0.125, 0.125]
[0.125, 0.125, 0.125, 0.125, 0.125, 0.125, 0.125, 0.125]

Action: 1
[0.09813970067667842, 0.19596652803199327, 0.09798326401599664, 0.09798326401599664, 0.13358449571186345, 0.18037621951547825, 0.09798326401599664, 0.09798326401599664]
[0.10306435603828244, 0.10306435603828244, 0.10306435603828244, 0.10306435603828244, 0.10306435603828244, 0.27854950773202286, 0.10306435603828244, 0.10306435603828244]
[0.13404950089452483, 0.11985923632189313, 0.09518797879080157, 0.09518797879080157, 0.09599517570400089, 0.26934417191637494, 0.09518797879080157, 0.09518797879080157]
[0.125, 0.125, 0.125, 0.125, 0.125, 0.125, 0.125, 0.125]
[0.10085017635103075, 0.10150079400000815, 0.10081137456065895, 0.10081137456065895, 0.10293041565570137, 0.29147311575062407, 0.10081137456065895, 0.10081137456065895]
[0.10076968942228905, 0.09759604662239287, 0.09759604662239287, 0.09759604662239287, 0.1811481348718348, 0.23010194259391176, 0.09759604662239287, 0.09759604662239287]
[0.125, 0.125, 0.125, 0.125, 0.125, 0.125, 0.125, 0.125]
[0.125, 0.125, 0.125, 0.125, 0.125, 0.125, 0.125, 0.125]

