Action: 0
[0.12514831183394318, 0.09292352949548845, 0.273523950284321, 0.09292352949005477, 0.13671009042570106, 0.09292352949038196, 0.09292352949005477, 0.09292352949005477]
[0.20576708524227452, 0.09839343512819522, 0.20309930181297983, 0.09839343512819522, 0.09916643730376956, 0.09839343512819522, 0.09839343512819522, 0.09839343512819522]
[0.15925610398371248, 0.09376938170578497, 0.15836694291893583, 0.09376047595285154, 0.21314864640436765, 0.09417749712864452, 0.09376047595285154, 0.09376047595285154]
[0.125, 0.125, 0.125, 0.125, 0.125, 0.125, 0.125, 0.125]
[0.286111596085134, 0.095963193718737, 0.1358847355272526, 0.0959631937187314, 0.09818769978995719, 0.09596319372272502, 0.0959631937187314, 0.0959631937187314]
[0.1118795364938098, 0.09091314589826245, 0.22765873640748005, 0.09091246676957775, 0.15859138782486407, 0.13821979306685037, 0.09091246676957775, 0.09091246676957775]
[0.125, 0.125, 0.125, 0.125, 0.125, 0.125, 0.125, 0.125]
[0.125, 0.125, 0.125, 0.125, 0.125, 0.125, 0.125, 0.125]

Action: 1
[0.09504637867052343, 0.11099089951357238, 0.09504637867052343, 0.09504637867052343, 0.12036852665492404, 0.2934086804788864, 0.09504637867052343, 0.09504637867052343]
[0.1111111111111111, 0.1111111111111111, 0.1111111111111111, 0.1111111111111111, 0.1111111111111111, 0.2222222222222222, 0.1111111111111111, 0.1111111111111111]
[0.0960223249449614, 0.0960223249449614, 0.0960223249449614, 0.0960223249449614, 0.13894450919529028, 0.2849215411349412, 0.0960223249449614, 0.0960223249449614]
[0.125, 0.125, 0.125, 0.125, 0.125, 0.125, 0.125, 0.125]
[0.09589281924720931, 0.09828466231986571, 0.09589281924720931, 0.09589281924720931, 0.19106088608063976, 0.23119035536344792, 0.09589281924720931, 0.09589281924720931]
[0.09566705325008365, 0.09566705325008365, 0.09566705325008365, 0.09566705325008365, 0.24408205325596946, 0.18191562724352858, 0.09566705325008365, 0.09566705325008365]
[0.125, 0.125, 0.125, 0.125, 0.125, 0.125, 0.125, 0.125]
[0.125, 0.125, 0.125, 0.125, 0.125, 0.125, 0.125, 0.125]

