0.125 0.125 0.125 0.125 0.125 0.125 0.125 0.125
0.099626400996264 0.07845579078455792 0.199252801992528 0.15691158156911583 0.08685378548392246 0.06839735606858895 0.17370757096784492 0.1367947121371779
0.0745303753200788 0.12421729220013136 0.1056354961590544 0.1490607506401576 0.0931629691500985 0.15527161525016417 0.11179556298011822 0.186325938300197
0.09252272085186682 0.15420453475311138 0.09132283157848368 0.13878408127780023 0.11565340106483352 0.22015392074887402 0.10408806095835017 0.08327044876668013
0.08769198837691987 0.1551473640514736 0.07644942576449425 0.13525667635256675 0.10523038605230385 0.18617683686176836 0.0917393109173931 0.1623080116230801
0.09626765225470063 0.07581077615057676 0.20623074028890062 0.1516215523011535 0.08392564555538004 0.08610945058880481 0.16785129111076008 0.13218289174972359
0.07192489845663014 0.11987483076105022 0.11563998154464625 0.14384979691326027 0.08990612307078767 0.17110477542710503 0.1078873476849452 0.17981224614157534
0.07052336224338741 0.11753893707231236 0.10088695159583953 0.14104672448677483 0.08815420280423426 0.19975637282390185 0.10578504336508113 0.17630840560846853
0.0864133562666218 0.1440222604443697 0.09100513651082481 0.12962003439993272 0.11720169207889616 0.25675047385944566 0.09721502579994955 0.07777202063995962
0.07039053647999627 0.12453710300307032 0.08798817059999534 0.1556713787538379 0.08446864377599551 0.18455270816250471 0.10558580471999442 0.18680565450460546
0.09341733800229844 0.07356615367681003 0.21451277241680605 0.14713230735362007 0.08806495153954834 0.09215577357042036 0.16288151241426393 0.12826919102623285
0.0876563654511767 0.14609394241862783 0.11535904886163353 0.13148454817676503 0.11897191019297744 0.22293004486018675 0.09861341113257378 0.07889072890605903
0.05941137533763319 0.10511243328965872 0.05179453234562894 0.09163648030380504 0.11882275067526638 0.28636040274913965 0.10358906469125788 0.18327296060761009
0.0930996306429795 0.07515271389252562 0.186199261285959 0.15030542778505124 0.08378966757868155 0.108599078650894 0.1675793351573631 0.13527488500654614
0.1234611105302693 0.09722562454258706 0.20750370635642773 0.11667074945110448 0.1164054135333958 0.1078611188946121 0.12915931563166633 0.10171296105993723
0.08301218060452627 0.14686770414646957 0.08641408808143601 0.12803851130717858 0.09961461672543152 0.21556317354930085 0.08684351201704286 0.1536462135686143
0.12387435754862426 0.0975510565695416 0.17971828855395808 0.11706126788344993 0.11857634878714224 0.1315736320413565 0.12959163558932998 0.10205341302659737
0.05961071740666786 0.10546511541179698 0.0607618914206625 0.0919439467692589 0.11922143481333572 0.2751723651614674 0.10393663547829268 0.1838878935385178
0.0915689999259262 0.07391714451851875 0.1939557156698615 0.1478342890370375 0.08241209993333358 0.11243669091532153 0.16482419986666716 0.13305086013333373
0.09616424601071981 0.06941930038693589 0.25975631742096433 0.13883860077387178 0.08313694878498666 0.07794576815993914 0.15370003830074533 0.12103878016183696
0.07495607500718013 0.11390369722969922 0.13731884713738202 0.13668443667563906 0.09257512609668835 0.1711929445021331 0.10251332750672931 0.17085554584454882
0.06220447082551755 0.09646736067652159 0.07048559906795472 0.08682062460886943 0.12644175181953787 0.2797541942532166 0.1041847495306433 0.17364124921773885
0.06509574945387993 0.1151694028799414 0.09120722548123442 0.14396175359992677 0.07811489934465592 0.23605324073962958 0.0976436241808199 0.1727541043199121
0.12975589543809377 0.09593221783561197 0.18061158607877287 0.11511866140273438 0.11450444734696921 0.13627624287865034 0.12744109036037343 0.10035985865879407
0.06687920500581353 0.11832474731797778 0.10929838729772594 0.14790593414747222 0.08920069823124353 0.19058509951408012 0.10031880750872028 0.17748712097696664
0.10022068603221088 0.07066478551821984 0.23004533410497316 0.14132957103643967 0.0852032726199389 0.09286831064785547 0.15645764477782495 0.12321039526253717
0.11638512059936289 0.07781875808986434 0.19157049409473373 0.09338250970783722 0.134199199908341 0.1216895745796082 0.1482262058854559 0.11672813713479652
0.06642365082519687 0.11751876684457908 0.11044174456252123 0.14689845855572387 0.09814308341301926 0.18466066929429598 0.09963547623779531 0.1762781502668686
0.0994449455054317 0.07009876376294427 0.23034781350544564 0.14019752752588854 0.09103797556856472 0.09144506251964948 0.1552044260766857 0.12222348553538999
0.07930121397507431 0.1121866206524814 0.13155132635853167 0.13462394478297765 0.09785957030216243 0.17522943436281713 0.10096795858723324 0.16827993097872207
0.0645148073145434 0.0941786535117123 0.06907249124101177 0.08476078816054107 0.13801416687375664 0.2782245707847034 0.10171294579264928 0.16952157632108214
0.06357144346697388 0.11247255382618455 0.08917770464638118 0.1405906922827307 0.0949178005058768 0.2352038093321153 0.09535716520046082 0.1687088307392768
0.1173668453771421 0.09474191132853639 0.16943770586486703 0.1184273891606705 0.12304851236446965 0.13835528461042612 0.13203770104928486 0.10658465024460344
0.09739511814786582 0.07036442575330408 0.22596691835042645 0.14072885150660816 0.09532402680233365 0.08666252580674408 0.15690216727677056 0.12665596635594734
0.09955679409245567 0.0667243878298142 0.27429113184570053 0.1334487756596284 0.08987048937630834 0.07203518258920905 0.14773328033951535 0.11633995826736836
0.07251986008397536 0.11661389783999355 0.13272137132597475 0.14576737229999193 0.09160972209184973 0.16697862490779497 0.09886830469042932 0.1749208467599903
0.09919948149421597 0.06919858744580228 0.23921396820731206 0.13839717489160455 0.09238694081649536 0.08773853809980764 0.15321136170336358 0.12065394734139884
0.0985110239268737 0.13924132988084711 0.1250162596652042 0.1253171968927624 0.12647056500165474 0.21626540882742853 0.09398789766957182 0.07519031813565744
0.06984281999301752 0.1121878729181579 0.10183127335054935 0.14023484114769738 0.09801005423368875 0.2144955236794748 0.09511580530017735 0.16828180937723683
0.12305876920001088 0.0927858086661825 0.1763913195402103 0.11598226083272811 0.12611794245683833 0.13196829911868213 0.1293115654358924 0.1043840347494553
0.1030985801795738 0.06811900314254757 0.23663069665892053 0.13623800628509514 0.0977806736332137 0.08362362445157713 0.15189520999248665 0.12261420565658561
0.0983649482762401 0.06701032413689229 0.265117216623542 0.13402064827378457 0.091287973822857 0.07415728413592429 0.1494230212843538 0.12061858344640611
0.09630381379359385 0.06601037609560124 0.2791136574184036 0.1320207521912025 0.08894825204882145 0.07159118508204401 0.14719328639825113 0.11881867697208223
0.1279150647370784 0.08789433709424388 0.24010175064394212 0.10986792136780486 0.11800707053063361 0.09483819316877981 0.12249453322649285 0.09888112923102436
0.10023270493337905 0.0655279155502052 0.2713549528585499 0.1310558311004104 0.09307337306740504 0.0746875031086264 0.1461174713910546 0.11795024799036938
0.09582439181763697 0.06542772779198165 0.28453888154184265 0.1308554555839633 0.08856344608087129 0.07112611951452436 0.14589406764361282 0.11776991002556697
0.09477128116959103 0.06513820686647234 0.28963509702706214 0.13027641373294468 0.08743685192690766 0.0702448977255666 0.14524847919180547 0.1172487723596502
0.09443143771202953 0.06500111741461255 0.29157597135639396 0.1300022348292251 0.08707950665242084 0.06996493051374514 0.14494279017527037 0.1170020113463026
0.09430715650133352 0.06494561212943001 0.2923182627660934 0.12989122425886002 0.08695199007766424 0.06986463075996063 0.1448190216736842 0.11690210183297399
0.09425969259393749 0.06492375420551637 0.2926051226328076 0.12984750841103274 0.08690406210718407 0.06982682071385876 0.14477028176573348 0.11686275756992945
0.09424119952053507 0.06491512264024936 0.292717427758031 0.12983024528049872 0.08688555524481328 0.06981219413994243 0.14475103466348138 0.11684722075244884
0.09423388387820551 0.0649116744550003 0.29276202873788904 0.1298233489100006 0.08687827244326145 0.06980643183161206 0.14474334572503053 0.11684101401900054
0.09423094669781565 0.0649102771746637 0.29278000957081984 0.1298205543493274 0.08687535866500543 0.06980412462954406 0.1447402299984292 0.11683849891439466
0.07531454325123155 0.11370726182731929 0.14625919040379604 0.1421340772841491 0.09258065224970682 0.16303939938922157 0.09640398285359679 0.1705608927409789
0.13402102040541644 0.0930310757695738 0.1985517180205623 0.11163729092348856 0.12452490596420612 0.11732210105757439 0.12358707013100889 0.09732481772816952
0.07917095325094463 0.11239218616913778 0.12393069724519001 0.14049023271142222 0.10075895841327369 0.17937966555205606 0.09528902740426899 0.16858827925370665
0.07300743076051164 0.11308745333322025 0.1072271169713404 0.14135931666652532 0.09718281677589395 0.20262619244929572 0.09587849304338239 0.16963117999983035
0.1310280993569459 0.0906706873975018 0.18212196051421353 0.11333835924687724 0.1272294261988077 0.12724313148970712 0.12636381247375716 0.1020045233221895
0.1094962738799938 0.06582831112038783 0.2480067421027542 0.13165662224077565 0.09902290341538812 0.08071087854660025 0.14678730867740214 0.11849096001669811
0.10354671479571756 0.06511662684174196 0.2746080765207537 0.13023325368348393 0.09214155239028432 0.07194348849532689 0.14520035895755598 0.11720992831513556
0.11872762891154014 0.07553768199685654 0.20809387886021707 0.09442210249607066 0.1404744006855384 0.10907298691107986 0.1403647971434125 0.11330652299528479
0.12167868498681475 0.07486953874549203 0.18520662424720216 0.09358692343186503 0.1553605059948306 0.11787016710520301 0.13912324737035459 0.11230430811823802
0.10825732429240284 0.065386270757743 0.24841953271423106 0.130772541515486 0.10491959361847172 0.07874782509285011 0.1458016246448777 0.11769528736393739
0.1041809633798409 0.06492426960741902 0.27439172425469543 0.12984853921483805 0.09356525317429329 0.07145413404050834 0.14477143103505077 0.11686368529335425
0.10252579594102493 0.06442755197251579 0.2842331378055311 0.12885510394503158 0.09059922779734389 0.0697257641418473 0.14366382484617699 0.11596959355052842
0.09363876724283753 0.12938702339757271 0.165429061327836 0.16173377924696591 0.08249119243792963 0.139486504712002 0.08227327031258701 0.1455604013222693
0.10464320845301607 0.06795751461753198 0.25120773707880173 0.13591502923506396 0.08932315090436689 0.08199980979633094 0.1504635244279096 0.11849002548697884
0.08233867959499663 0.11286279247316659 0.1364413331763182 0.14107849059145824 0.09554807508266744 0.16674842066613219 0.0956880197055108 0.16929418870974988
0.0787840015903291 0.11062519997472403 0.10960193583667312 0.13275023996966884 0.1009684106175632 0.20176973207170415 0.09956267997725163 0.16593779996208602
0.07680409389587148 0.11173305537991365 0.10312638942325139 0.1396663192248921 0.09677749042795293 0.20956286945179947 0.09473019912644855 0.16759958306987047
0.1030086021394526 0.06869848491799156 0.21919431947845497 0.13739696983598312 0.09689830591422537 0.09795867699959805 0.15318736786190953 0.1236572728523848
0.10478529695348705 0.06581585816279317 0.26388588897789367 0.13163171632558635 0.09306541315421132 0.07558774129238435 0.1467595404406164 0.11846854469302771
0.1035228303494029 0.06467003559189173 0.28035070965507447 0.12934007118378346 0.09081413048311951 0.0706916315455225 0.14420452712580037 0.11640606406540512
0.08198987106227958 0.11249114753399717 0.1429630920110763 0.14061393441749645 0.09567608742640361 0.16215621681675352 0.0953729294309976 0.1687367213009957
0.10470630169470166 0.0682813924416127 0.24195998836796845 0.1365627848832254 0.09206377186554368 0.08619040864998345 0.1511806165577424 0.11905473553922216
0.09839522685746534 0.13486565603909403 0.11195263494012131 0.11757518731613327 0.11509971660221187 0.20127470467728018 0.07974664878833386 0.14109022477935992
0.07971699530660897 0.1107539435030912 0.1030523600714943 0.138442429378864 0.09939121690549343 0.20861205704458183 0.0939000825352295 0.1661309152546368
0.1035592534259823 0.0685878859365425 0.21890781655757202 0.137175771873085 0.09764237763349307 0.09772795124695982 0.15294074864058876 0.12345819468577648
0.10487207722905514 0.06578084630794491 0.26369258632495546 0.13156169261588982 0.09347671443986161 0.07552909049803744 0.14668146922995476 0.11840552335430084
0.1207945985860343 0.0754355744326664 0.2043742837427647 0.094294468040833 0.14182169441856002 0.10995095917690378 0.1401750599532383 0.1131533616489996
0.10830401262597829 0.06498271823288772 0.2558904442361102 0.12996543646577544 0.10196564668758885 0.07702108618629122 0.1449017627461705 0.1169688928191979
0.12179210557107355 0.07528058933813297 0.20156801715645256 0.09410073667266622 0.14429612621813392 0.11015447577369121 0.13988706526265007 0.11292088400719945
0.10871135920283723 0.06500269738209158 0.25471344011228403 0.13000539476418316 0.10252739893281171 0.07708854105109485 0.14494631326693255 0.11700485528776483
0.09575492682143942 0.12946261155822386 0.15786107977462052 0.16182826444777984 0.08502341228401286 0.1421029325874858 0.08232133452343583 0.14564543800300184
0.10718228556642259 0.06794101441420623 0.2478628901177391 0.13588202882841247 0.08977359160390029 0.08246994194642898 0.15042699162119733 0.11846125590169292
0.08306496476249708 0.11276785808623285 0.135640401684785 0.14095982260779108 0.09586990902639156 0.166937724847234 0.09560753185571917 0.16915178712934928
0.1182430533430794 0.07694166234242476 0.16122386327295124 0.09232999481090973 0.1487872603424755 0.140506125055618 0.1465555473189043 0.11541249351363715
0.07210143704342521 0.09523249122491852 0.06868781219123132 0.0830231974781341 0.1536440434672251 0.26741231344612415 0.09385231019267333 0.1660463949562682
0.10176980319637764 0.06809012774344818 0.20194994545049325 0.13618025548689636 0.10932308002852831 0.10829373599379344 0.1518308221622561 0.12256222993820672
0.1395096351345129 0.08748125470949121 0.2128398375463334 0.10935156838686401 0.12763856182504277 0.10284389266302976 0.12191883818654839 0.09841641154817761
0.11239909352166005 0.06466908064585611 0.2588210972827272 0.12933816129171222 0.09866072561575139 0.07550509874108201 0.1442023977386702 0.11640434516254101
0.10556614050810416 0.06453936547978814 0.27796529953144683 0.12907873095957628 0.09217210670593962 0.07059434667271519 0.14391315227881116 0.11617085786361865
0.10348993802827605 0.06421235550641644 0.28528716888828176 0.12842471101283287 0.09038854177582288 0.06943107603116958 0.14318396884565096 0.11558223991154958
0.10278671674801623 0.06405554424705419 0.2880126937829789 0.12811108849410838 0.08982009813988273 0.06907957580132335 0.14283430314193873 0.11529997964469756
0.10253669639853479 0.06399315948924728 0.2890177701774558 0.12798631897849455 0.08962420283915264 0.06895897059328275 0.1426951944431872 0.1151876870806451
0.10244607229616143 0.0639696299938037 0.2893871548850541 0.1279392599876074 0.08955426246429224 0.06891555920402148 0.142642727180213 0.11514533398884666
0.12001863395523954 0.07495633171865532 0.21205883609029264 0.09369541464831915 0.13989291023233877 0.1076588489268346 0.13928452685033713 0.11243449757798299
0.10803860285235845 0.06477767656186084 0.25878414939330685 0.12955535312372168 0.10137663845624606 0.07642321137814154 0.14444455042301507 0.11659981781134952
0.1046004342299769 0.06456025471221372 0.27801036033951293 0.12912050942442743 0.09277391046691398 0.07076634019564623 0.1439597321493243 0.11620845848198467
0.13810244844421996 0.08587050403729594 0.23845965186171642 0.10733813004661993 0.12106389261182807 0.0928870512625929 0.11967400469376879 0.09660431704195793
0.11117162898022541 0.06408836454570664 0.26857097437044414 0.12817672909141328 0.09651461924371324 0.07321114007684358 0.14290748750938168 0.11535905618227198
0.08360311584882058 0.11226851043589518 0.1401826782029206 0.14033563804486898 0.09712691673680855 0.1628962031855409 0.09518417189130245 0.16840276565384277
0.07845059398053472 0.1125417852934122 0.11062901163954317 0.14067723161676526 0.09702137294361406 0.19645146514159734 0.0954158614444147 0.1688126779401183
0.10347236509650014 0.06853001073103371 0.22220417848223767 0.13706002146206742 0.09708714586814902 0.09548056347375675 0.1528116955703946 0.1233540193158607
0.10512999977234175 0.06567126694933194 0.26486345170616177 0.13134253389866388 0.09330063072129298 0.07504671282803417 0.146437123615376 0.1182082805087975
0.1039099978123171 0.06456915020628051 0.28055736982060686 0.12913830041256102 0.09110041881601419 0.07052072478750769 0.1439795677734076 0.11622447037130493
0.10306182839821448 0.06417318058372014 0.286288645952521 0.12834636116744028 0.09014510744628251 0.06937653678608369 0.1430966146150416 0.11551172505069626
0.12025104258463307 0.0749993937916702 0.21111023702406015 0.09374924223958775 0.1401951108796802 0.10783133761281943 0.13936454518004388 0.11249909068750528
0.14292248028811955 0.0856414611348225 0.2134680648570189 0.10705182641852813 0.13413923872056194 0.10107548728988475 0.11935479751438884 0.09634664377667532
0.10216960754275914 0.12779945557691716 0.14620291100852686 0.15974931947114646 0.09030452332932966 0.14873601129457523 0.08126378425271363 0.1437743875240318
0.12387262846141155 0.0766740088869258 0.16423817985932843 0.09200881066431095 0.14681353795370367 0.1353360896307391 0.14604573121319198 0.11501101333038868
0.0726558804308676 0.10235344688413296 0.06881443598435001 0.08239348133684989 0.15245072294195477 0.26340461258474945 0.09314045716339553 0.16478696267369977
0.11245628863937666 0.08325789185707298 0.13928437226806473 0.09370424212949431 0.16078382606109343 0.15877063899551005 0.13929764949399456 0.11244509055539319
0.10818512476658054 0.07172587901647602 0.2291136847845461 0.1315793414254132 0.10769209881844982 0.08658131757016432 0.14670114633549802 0.11842140728287189
0.13971201320283005 0.09267688305755845 0.22085187227152758 0.10761295429492841 0.12560926896062785 0.09670493612573175 0.11998041322136047 0.09685165886543555
0.1116365755613115 0.07041405276742384 0.2609250154936964 0.12791005027506647 0.0975298036161733 0.07385529650820954 0.1426101605305592 0.11511904524755982
0.13976213960300962 0.09182592824348104 0.23152163572663875 0.10673170988125391 0.12192192566926716 0.09318023051859907 0.1189978914646219 0.09605853889312851
0.11126922239963163 0.07009867406282447 0.2650049547390358 0.12743090879927266 0.09642722140424423 0.07300524713377018 0.14207595354187563 0.11468781791934538
0.12206265923549743 0.08022704180089067 0.20374167401627657 0.09327545574856709 0.14173363985921159 0.10836875270161515 0.1386602297396609 0.11193054689828051
0.10832496625546746 0.0701054494876538 0.2547038335003145 0.1289821418647261 0.10161578979979555 0.0763784287675947 0.1438054626461946 0.11608392767825348
0.10441228901281852 0.06908932695365907 0.27584137575565226 0.1285362618720725 0.09258843460534315 0.07054133638657702 0.14330833972901216 0.11568263568486525
0.1373876721976447 0.09159227830354683 0.23687412479824266 0.10660356703290409 0.12041365893715715 0.09233046664927998 0.11885502175161096 0.09594321032961366
0.11056198724089539 0.0699792442994432 0.26710490336424964 0.12724100608379685 0.0959748360423791 0.07275689130785415 0.14186422618596456 0.11451690547541718
0.10447476795487971 0.06876185204253582 0.28041588197441053 0.12792598230499272 0.09103000653673911 0.06963020155697897 0.14262792355496948 0.11513338407449346
0.12017858374210648 0.08007250476048719 0.20872772919242766 0.09322151855398746 0.13992164665103085 0.1074321463579045 0.1385800484772709 0.11186582226478493
0.14212091668576832 0.09233521296418018 0.2116191639837254 0.10619117149471508 0.13336046892495643 0.10040578009909434 0.11839523150231664 0.09557205434524356
0.08760398735730807 0.12041874992390278 0.1252591519813673 0.13674161287129408 0.1032174234917524 0.16992265367698828 0.09274648525183425 0.1640899354455529
0.11824100825509198 0.08616447436086631 0.1604517919736775 0.09555185647400828 0.14692365019120443 0.1359607386657262 0.14204425231061532 0.11466222776880994
0.10901453612001272 0.07161148628733723 0.2379181821481934 0.13102599058556771 0.10419362897379958 0.08222858291416943 0.14608420144390905 0.11792339152701092
0.13974129375480415 0.0925043824531945 0.22387117329697628 0.10742002029324295 0.12444145335577193 0.09557835237455038 0.11976530620754101 0.09667801826391864
0.14729819554453705 0.09287900553050989 0.21631542000710932 0.10546463364658543 0.1283518774599804 0.09718750150845662 0.11758519602089447 0.09491817028192687
0.13042505854779926 0.0809628384555279 0.18608759626101803 0.09188213035180202 0.15043244592077462 0.11336241608510268 0.13658895795581316 0.11025855642216244
0.08548674186696642 0.11916318969893863 0.11943856800007457 0.13690559905421312 0.10692384198779226 0.17493762986410158 0.09285771066285761 0.16428671886505575
0.07759267146868189 0.12437933244210653 0.10451283076583595 0.13809085332378765 0.0976702173094019 0.19838344844724579 0.0936616222543951 0.16570902398854515
0.07597800103271057 0.12465351078132643 0.10090821815851174 0.13775910408106964 0.09542332988250621 0.20653030144204035 0.09343660972455159 0.16531092489728355
0.13394196417502194 0.10066540572139328 0.17715672538607627 0.11121699557281563 0.12601145206210568 0.12691351077915278 0.12399865028790043 0.10009529601553407
0.11200819046037369 0.07214576896143812 0.24429266161845786 0.1301019594520394 0.09913272624618855 0.08017295406709465 0.14505397568757225 0.11709176350683544
0.12269860813534979 0.08072539934115498 0.1974422613999694 0.09368623192449367 0.14312035105881363 0.11063279371620571 0.13927087611462047 0.11242347830939242
0.10869295172139656 0.07029070377947397 0.252261145558737 0.12926558276604525 0.10211136065496784 0.07691775293107932 0.1441214780988594 0.11633902448944071
0.10458145521427416 0.06916199165036303 0.2749278383952307 0.12865085135651858 0.09276646132500603 0.0706895373850252 0.1434360984527155 0.11578576622086671
0.13746708514657976 0.09161928211015188 0.2365673348950364 0.10662829375716666 0.12048750668556986 0.09238244282015953 0.11888259020388582 0.09596546438145
0.1277499544471346 0.08084729259708731 0.19275757759517928 0.09187407259114572 0.14786014411217477 0.1120850919944988 0.13657697955340467 0.11024888710937485
0.12564205625354585 0.08035286996100557 0.1787695480618278 0.09232711204684146 0.15721954965820578 0.11764587643004405 0.13725045313231957 0.11079253445620973
0.14420560746320502 0.09260322086262804 0.20071181823715054 0.10645985606456101 0.13853848398593277 0.10297234818181006 0.11869479474660756 0.0958138704581049
0.11321356880368137 0.07072249938461875 0.252792254484216 0.1284644600317883 0.10070221401702885 0.07525870321461564 0.14322828603544158 0.11561801402860947
0.10554388913840522 0.06913456783347004 0.2750182195157455 0.12853764635957898 0.09241069943435676 0.07036121266556045 0.14330988332926195 0.1156838817236211
0.10319129374292718 0.0686256969970654 0.28357664904685703 0.1277910194716415 0.09018017408673937 0.06914579906265594 0.14247745006763612 0.11501191752447737
0.10238619183791667 0.06840077948072609 0.28677923353297247 0.12742877225493784 0.08948570372112521 0.06875985268849179 0.1420735714543859 0.11468589502944404
0.10209761121683598 0.06830994285095063 0.28796618116740497 0.12728426667231565 0.08925043642775936 0.06862326314588854 0.14191245851376086 0.11455584000508408
0.13635278924080524 0.09127663578284417 0.24097877861887548 0.10630766928264632 0.11920702882653647 0.0916750780519154 0.11852511784199522 0.09567690235438168
0.08664231892776078 0.12040670448622567 0.13204488414573742 0.13687015194669463 0.10023556337257053 0.16672252650808891 0.09283366827688855 0.16424418233603358
0.13627283641864663 0.09952206936306979 0.18795715869220597 0.11036755227008742 0.1264428984412891 0.1170551033749728 0.1230515843966497 0.09933079704307868
0.08652862848613484 0.12139795358557869 0.11982247314777374 0.13696170904848073 0.10170506995615393 0.17633434704134038 0.09289576787636084 0.16435405085817684
0.1041973194395484 0.07618925404871117 0.2241985148730974 0.13506663174237496 0.09701934082191911 0.09117975571284734 0.1505892147933643 0.12155996856813746
0.1047772509347342 0.07047380201810542 0.2648504863540966 0.13040046050542234 0.09281110049954044 0.07393970314732456 0.14538678208589623 0.11736041445488009
0.10342252145747716 0.0690138585225074 0.27991382964313477 0.12836333727090843 0.09062226496530526 0.07002164289331408 0.14311554170353524 0.11552700354381759
0.10257416287293641 0.0685255354168812 0.28544706754864885 0.12761796210930829 0.08969603706041905 0.06899856507006567 0.14228450402336315 0.11485616589837748
0.10218752758677249 0.06835258763269683 0.28747883061714463 0.12734989200746666 0.08933524152464639 0.06869539195951187 0.14198562586504115 0.11461490280671997
0.08143060896312776 0.11945606589174247 0.14377194452734815 0.1391224030992534 0.09492110289410427 0.15998970880321778 0.0943612821021023 0.16694688371910404
0.10239019209368318 0.07561993950705677 0.2341586054494625 0.13432804469638793 0.09501198093522807 0.08783025173590742 0.149765745355525 0.12089524022674912
0.10403778388642562 0.07020649917902488 0.26864905068156686 0.12996962829940834 0.0921077166743293 0.07315021948192976 0.14490643632784778 0.11697266546946751
0.10312523578191848 0.06890384319977319 0.2813276459043109 0.1281880470103589 0.09036418515983315 0.06980169449009718 0.1429201061443852 0.115369242309323
0.102458406778022 0.06848348884260903 0.28596943115820533 0.12755176727259615 0.08960068464598082 0.06892892903690788 0.14221070172034228 0.11479659054533656
0.10214345870198054 0.06833694361029743 0.2876714128868375 0.12732538284549527 0.08930005146202233 0.06867160595393612 0.14195829997848503 0.11459284456094575
0.1020130542567433 0.06828451588249547 0.2882966212103077 0.12724390070891867 0.08918656286671825 0.06858838095983122 0.14186745347695856 0.11451951063802682
0.08139406956355799 0.11943825331870371 0.14395280915249145 0.13910988051176817 0.09488276126700763 0.1599375810513238 0.09435278852102537 0.1669318566141218
0.10237544966305899 0.07561402300968069 0.2342303339594086 0.13431944346781655 0.09499821046600672 0.08781888468544312 0.14975615562755068 0.12088749912103487
0.12069388596370127 0.08144833700505603 0.19481750507906376 0.09423861358939868 0.14247201580063654 0.11315127769510237 0.14009202855976283 0.11308633630727843
0.10836303341212038 0.07044230138272456 0.25133291561898324 0.12946053493553095 0.10210222515759808 0.07744567283189831 0.14433883521916657 0.11651448144197785
0.1045465385653897 0.06920213573498643 0.27459729261716825 0.12870829977577783 0.09280105573290971 0.07080705862257397 0.1435001491529941 0.11583746979820006
0.10298990439549519 0.06864968851778007 0.28344401862283714 0.12782882828921033 0.09028319133474533 0.06923881930197094 0.1425196040776718 0.1150459454602893
0.08159743548961451 0.1195340484322364 0.14287673511177335 0.1391774905114349 0.09515349299751148 0.16024916310551668 0.09439864573819065 0.16701298861372188
0.10245795288759617 0.07564685732359139 0.23380006780005672 0.13436707608330314 0.09508751225338184 0.08790090273795242 0.14980926243914544 0.12093036847497284
0.08162245564497106 0.12070718353887112 0.13162820235334782 0.13965858962028901 0.09635233409238407 0.167715970767681 0.09472495643810908 0.1675903075443468
0.10283862775671844 0.0760111851281741 0.22931938750557024 0.13487754945976313 0.09568861490292185 0.08949643857419522 0.15037840215887022 0.1213897945137868
0.10431151317858822 0.07035584446343426 0.26683065420738505 0.1302025761714411 0.09239963421498014 0.07355130338887943 0.14516615582099476 0.11718231855429699
0.10325119186247207 0.06895964273726539 0.280654836884525 0.12827534995616174 0.09048031159362617 0.06991340959159396 0.14301744241381018 0.11544781496054557
0.10251018981959882 0.06850391591846085 0.2857213796789844 0.127583631852962 0.0896449038218065 0.06896448189102526 0.14224622834949643 0.11482526866766579
0.10216360857709861 0.06834434928049006 0.2875799360446297 0.1273369043538178 0.08931650362297222 0.06868433860210495 0.1419711456004506 0.11460321391843604
0.09349056110005868 0.13715339898165219 0.16510048348258294 0.1597344054107881 0.08173507717819095 0.1377689114419648 0.08125619753505307 0.14376096486970927
0.10725970416213268 0.06761997410230038 0.25041445654377203 0.13523994820460075 0.09039644606149211 0.08145179564252392 0.14971618197660316 0.11790149330657503
0.09850670154808595 0.1429471738183824 0.11280163404697652 0.11624667689465792 0.113842457850217 0.19731377141345322 0.07884557215463754 0.1394960122735895
0.11994648852050845 0.08697155660882094 0.1547469255979492 0.09425285832569982 0.14889352319632793 0.1419720134428435 0.1401132043170105 0.11310342999083979
0.1095178391922208 0.07171573937831517 0.2354673583156522 0.13109453388089964 0.10471660172488488 0.08334222491218479 0.14616062210303288 0.11798508049280967
0.10536564438669009 0.06968042763625144 0.2686520835958836 0.12945286452336188 0.09383549642880591 0.07217562207596454 0.1443302832820169 0.1165075780710257
0.10338369902190978 0.06883062231479109 0.2812473712721066 0.12811278505640897 0.09067866274167508 0.06960915836004561 0.14283619468229478 0.11530150655076807
0.13694273989941746 0.09147225714965719 0.23872403057349242 0.10648751930026665 0.11977455661906025 0.09203449189786729 0.1187256371899988 0.09583876737023997
0.1103988491975397 0.06993032301476891 0.2678184211402615 0.127165320096509 0.09578986672473097 0.0726685897809852 0.14177984195834661 0.1144487880868581
0.10441376835395963 0.06874156520458827 0.28068258996487205 0.12789360231671967 0.0909716314321869 0.06960077835816382 0.14259182228446207 0.1151042420850477
0.10274474938214573 0.06846394089442764 0.28567959993406006 0.12753286004143308 0.08971841467136842 0.06889123947069258 0.14218962156858284 0.11477957403728975
0.1366114512608894 0.09133666158611786 0.2402042241608946 0.10636340403032393 0.11939016148347334 0.09177977592466315 0.11858725792634624 0.09572706362729154
0.11027172380083047 0.06988654339342007 0.2683848360390776 0.12710087087819041 0.09566562539761689 0.07259163081092862 0.14170798588956454 0.11439078379037139
0.10436558331803344 0.06872499791090492 0.2808939094625725 0.12786765048352494 0.09092922647700186 0.06957485898563602 0.14256288792715394 0.11508088543517245
0.10272663397027229 0.06845768568710514 0.28575780274462004 0.12752303764167414 0.08970341818237451 0.0688820175705806 0.14217867032586654 0.11477073387750672
0.13660363282546095 0.0913343650553551 0.24023048133494287 0.10636130636209332 0.11938400450750769 0.0917761150059445 0.1185849191828115 0.09572517572588399
0.11026903722391926 0.06988578670548348 0.2683949145775038 0.127099751633786 0.09566357408487115 0.07259042128844963 0.14170673801557931 0.11438977647040739
0.12174015794819108 0.08016659016603392 0.2047899672084587 0.09322226800830453 0.141422761482036 0.10821037098556045 0.13858116259144973 0.11186672160996544
0.10821642395402335 0.07007807839228083 0.25511497510779896 0.1289386011039003 0.10152018610966135 0.0763300763916406 0.14375691794718437 0.11604474099351027
0.10437394576113666 0.06907755241451749 0.2759958490917836 0.12851732759649415 0.09255710283395978 0.07052539804051561 0.14328722942474795 0.11566559483684474
0.10290097024214069 0.06860545067805505 0.28395838338810764 0.12776024165693808 0.09018925155859223 0.06915834988382835 0.14244313510109366 0.11498421749124428
0.10230894422243508 0.06839141910057754 0.286923851120727 0.12741354731816634 0.08947769866544204 0.0687557502002273 0.142056596786075 0.11467219258634971
0.0814554314879637 0.11946624539044125 0.14364875201712052 0.139129568628646 0.09495554380860625 0.160022834112548 0.09436614220029904 0.1669554823543752
0.1023995405205623 0.07562324837878219 0.2341085363812718 0.13433265234793326 0.09502253591477793 0.08784321680038898 0.1497708825431435 0.12089938711313994
0.10404138301323398 0.07020771457860121 0.26862974287593905 0.1299714627529287 0.09211119038277828 0.07315570831225951 0.1449084816066235 0.11697431647763584
0.10312651670076807 0.06890421322336128 0.28132020325611895 0.12818856373435084 0.09036530285718498 0.06980481061422544 0.14292068225307472 0.11536970736091576
0.10245876479323571 0.06848352241049761 0.28596643881041467 0.12755175370525798 0.08960097004667925 0.06893128530541 0.14221068659377267 0.11479657833473217
0.1021434578791815 0.06833684826480416 0.28767007362818836 0.12732516685264106 0.0893000349563049 0.06867370908893165 0.14195805916257145 0.11459265016737695
0.10201291643903801 0.06828437215667212 0.28829589392110705 0.12724360896573592 0.08918643564554386 0.06859039659765909 0.14186712820508166 0.11451924806916232
0.1363171806397576 0.09126689608163926 0.24108935192997244 0.10629865062852802 0.11918082826039639 0.09166324417834373 0.1185150627156872 0.09566878556567521
0.08663494775278449 0.12040386561102984 0.13206889282095355 0.13686802952561727 0.10022884939079342 0.16672155074635772 0.09283222872172303 0.16424163543074072
0.10382993655298078 0.07582952960968758 0.22915079939540456 0.13454912935427765 0.09634049357317291 0.08919365684540966 0.150012238250217 0.12109421641884988
0.10451871534405142 0.07032492958211202 0.2667173575526529 0.1301647537848469 0.09251565822978863 0.07348632041767743 0.14512398668250842 0.11714827840636222
0.1377769085986379 0.09197308616683567 0.23391577823474258 0.1069303072222183 0.12071202743461829 0.09323530316385066 0.11921931267910009 0.09623727649999646
0.11076171830949938 0.0700810548164731 0.2659867151851954 0.1273831251177867 0.0961339920535416 0.07298590360853073 0.14202267830296517 0.11464481260600803
0.10455969072654271 0.06879661166033316 0.28000099880737356 0.1279791882560538 0.09109791181182407 0.06969708508761505 0.14268724421980924 0.1151812694304484
0.08189046303600032 0.11956782558387827 0.14210562006668753 0.13919826158499274 0.09534105044229531 0.16044613143955086 0.09441273394460378 0.1670379139019913
0.1348453288980415 0.09949540651970723 0.19188698897994474 0.1104517186336958 0.1251130181746664 0.11565556841261705 0.12314542361100111 0.0994065467703262
0.08628652901500078 0.12141847249665559 0.1207302342251599 0.13698948891233528 0.10143547885294563 0.1758377999321251 0.09291460987097525 0.16438738669480232
0.10411506142204159 0.07617271486860167 0.224575627543119 0.13503505980310287 0.09693862330011221 0.09107734480303925 0.15055401443719083 0.12153155382279258
0.10474575286688291 0.070463747953762 0.264994367089049 0.1303835536062168 0.0927832146044005 0.07391623347910253 0.14536793215499097 0.11734519824559511
0.0942473015353067 0.1378484793423349 0.159474938345198 0.16024713087842693 0.08258312066801123 0.13985959268893824 0.0815170187511998 0.14422241779058423
0.1076430892131111 0.06776181877486152 0.24820699891752662 0.13552363754972305 0.09073660642543856 0.08194879915322065 0.1500302377432831 0.11814881222283548
0.07285311659999748 0.10565228571677804 0.08304355785312677 0.08590775382554623 0.1403172052052379 0.24329746012803827 0.0971131130201827 0.17181550765109246
0.13152275841299552 0.09767593731759798 0.1684001103305523 0.10964643734593688 0.1374211234431378 0.1344042444676679 0.12224759507076843 0.09868179361134319
0.11160337260906736 0.07200854558081891 0.24056509561027384 0.1302046823630242 0.10169240959296225 0.0815731760497003 0.14516850406743148 0.1171842141267218
0.10564835062617399 0.06956035447862835 0.2705326841262483 0.12918401476899408 0.09303493386612698 0.07174351297242239 0.14403053586931128 0.11626561329209467
0.1379248065884213 0.09175434569141017 0.23509260663786893 0.1067479996370439 0.12067961150896178 0.09271137693628 0.11901605332667432 0.0960731996733395
0.11074682115323362 0.0700313359032125 0.2664209356534479 0.12731744287502822 0.09608400539181584 0.07286431293178738 0.14194944750394933 0.11458569858752539
0.08297440876754007 0.11965231886248609 0.13897860414718674 0.13912092615794963 0.09638097043843591 0.1615873798862529 0.09436028035060932 0.16694511138953955
0.07739484975392595 0.12485861655691542 0.10916729607841959 0.13859600114705378 0.09572891214657474 0.19393487868438353 0.09400424425626257 0.16631520137646452
0.1342568940727138 0.10059482633420948 0.18019988545973398 0.11112922020867722 0.12597422154771232 0.12392786688185725 0.1239007873072864 0.1000162981878095
0.09947270434741134 0.14032235995356748 0.13629894482356575 0.15816291466533888 0.08797324473282518 0.15496642125307483 0.08045678702541152 0.14234662319880498
0.10105415140618372 0.13313379418480545 0.132115427398197 0.15976055302176653 0.08519665914510417 0.1658939255007612 0.08356705850369327 0.13927843083948876
0.07178028784510647 0.09375430807375863 0.0692408493869501 0.08437887726638277 0.136912213951642 0.2739210562237353 0.10125465271965932 0.16875775453276554
0.06127728280826653 0.09882613703976666 0.053095993716730634 0.07825003813665972 0.1416909003577435 0.32190300681737644 0.08845656485013707 0.15650007627331944
0.0988054486722964 0.07491169374949928 0.19360040371347353 0.13526943259919957 0.10666345723677766 0.11819175207514251 0.15081532261433145 0.12174248933927961
0.10446583571407714 0.07101742753410023 0.25300799737362667 0.1315707307486476 0.09566341613095362 0.0791693887513197 0.1466915460734922 0.11841365767378285
0.10375727916833404 0.06933762883224563 0.27551360416420484 0.128908483880804 0.09156825947623684 0.07117376949446519 0.14372333949098595 0.11601763549272362
0.10280325139137983 0.0686570720041082 0.2838276266160503 0.12782748236433153 0.09002492514028737 0.06929680488407018 0.1425181034718741 0.11504473412789838
0.10229542789394372 0.06840167357145505 0.28688347679589504 0.12742681538735431 0.08945185644539119 0.0687852263642766 0.14207138969306518 0.11468413384861889
0.10207435569063454 0.06830816953717997 0.2880065050289295 0.12728079372440773 0.08924126190460044 0.06862761332626205 0.14190858643601875 0.11455271435196696
0.10198563956041413 0.06827406314275528 0.28841954486065335 0.12722756629329812 0.08916418517507892 0.06857494948130397 0.14184924182252792 0.11450480966396832
0.11939115565323018 0.07993838315154903 0.21120902875174835 0.09310515076748126 0.13917804524944813 0.10704499555868295 0.1384070599468826 0.11172618092097751
0.08358755000306059 0.11920762741575737 0.12523817584356547 0.1371123180418882 0.10459862322753183 0.17272300375473687 0.09299792006319373 0.1645347816502658
0.11716123078207127 0.08606710282834322 0.16044318532498042 0.09555335683635592 0.1473693735314827 0.13669523979312365 0.14204648270001569 0.11466402820362709
0.1426170403413768 0.09389450661857124 0.19498564685990394 0.10738302377099831 0.13675455816811039 0.10799644500096812 0.11972405784617274 0.09664472139389847
0.1131053184732141 0.07099640069364842 0.2506793956088098 0.12881283760453405 0.10056215024026204 0.0762956425047241 0.14361670103072677 0.11593155384408065
0.10560347617910419 0.06921396851344569 0.2742489452698182 0.12865415227163116 0.0924566249345269 0.0705943170602767 0.14343977872672906 0.11578873704446803
0.10323320545351052 0.0686515500289219 0.28329579219864354 0.12783027488549953 0.09021471018274121 0.06920600292915435 0.14252121692457934 0.11504724739694958
0.1024054964475097 0.0684095603682455 0.28667614388362983 0.1274422259592509 0.08950147017513732 0.0687785284722138 0.14208857133068717 0.11469800336332578
0.10210536878587088 0.06831293120630881 0.2879280684315458 0.1272888244598803 0.08925669719464209 0.06863062780109765 0.14191754010676205 0.11455994201389227
0.10199515292812128 0.06827614817212077 0.2883902661324489 0.1272309314187993 0.08916951971083291 0.06857714967442463 0.14185299368633292 0.11450783827691938
0.13630882803100075 0.09126393187173704 0.24112080605601 0.10629595556384921 0.1191735768990746 0.09165848365116955 0.11851205791969456 0.09566636000746429
