Action: 0
[0.139035692772711, 0.08126431644935103, 0.30543526189242687, 0.08126431263695513, 0.14909632966192624, 0.08137546131271947, 0.08126431263695513, 0.08126431263695513]
[0.16852082018870976, 0.14122487386691696, 0.2219101761292864, 0.08426041009435488, 0.13130248943766734, 0.08426041009435488, 0.08426041009435488, 0.08426041009435488]
[0.25472566265584257, 0.08394014991329296, 0.22170146681282243, 0.08380576273313502, 0.1031466547512451, 0.08506877766739189, 0.08380576273313502, 0.08380576273313502]
[0.125, 0.125, 0.125, 0.125, 0.125, 0.125, 0.125, 0.125]
[0.13481043111197, 0.08320269716114258, 0.3131581206724715, 0.08319511630356155, 0.08325329366807857, 0.1359901084756528, 0.08319511630356155, 0.08319511630356155]
[0.21360526532804394, 0.08484056699252747, 0.19080259171492986, 0.08484056699252747, 0.17138930799438873, 0.08484056699252747, 0.08484056699252747, 0.08484056699252747]
[0.125, 0.125, 0.125, 0.125, 0.125, 0.125, 0.125, 0.125]
[0.125, 0.125, 0.125, 0.125, 0.125, 0.125, 0.125, 0.125]

Action: 1
[0.0897923450812006, 0.14718873735884339, 0.0897923450812006, 0.0897923450812006, 0.0897923450812006, 0.314057192153953, 0.0897923450812006, 0.0897923450812006]
[0.1111111111111111, 0.1111111111111111, 0.1111111111111111, 0.1111111111111111, 0.1111111111111111, 0.2222222222222222, 0.1111111111111111, 0.1111111111111111]
[0.1687407899840363, 0.09360296836787194, 0.09360296836787194, 0.09360296836787194, 0.18720593673574387, 0.1760384314408601, 0.09360296836787194, 0.09360296836787194]
[0.125, 0.125, 0.125, 0.125, 0.125, 0.125, 0.125, 0.125]
[0.10089316186663021, 0.10089316186663021, 0.10089316186663021, 0.10089316186663021, 0.10089316186663021, 0.2937478669335886, 0.10089316186663021, 0.10089316186663021]
[0.09257493936641742, 0.09257493936641742, 0.09257493936641742, 0.09257493936641742, 0.18514987873283484, 0.25940048506866054, 0.09257493936641742, 0.09257493936641742]
[0.125, 0.125, 0.125, 0.125, 0.125, 0.125, 0.125, 0.125]
[0.125, 0.125, 0.125, 0.125, 0.125, 0.125, 0.125, 0.125]

