0.125 0.125 0.125 0.125 0.125 0.125 0.125 0.125
0.07575757575757576 0.12626262626262627 0.09090909090909091 0.15151515151515152 0.0946969696969697 0.15782828282828282 0.11363636363636365 0.1893939393939394
0.07408784041121591 0.12347973401869318 0.08890540849345908 0.14817568082243182 0.09260980051401987 0.1763901740953166 0.11113176061682387 0.18521960102803975
0.07244326334325585 0.12073877223875977 0.08693191601190703 0.1448865266865117 0.09055407917906981 0.19467238916747234 0.10866489501488379 0.18110815835813962
0.07152130353394744 0.11920217255657906 0.08582556424073691 0.14304260706789487 0.09696581272835536 0.1973573257366966 0.10728195530092115 0.17880325883486856
0.07022331355974751 0.11703885593291251 0.084267976271697 0.14044662711949502 0.09585201605566786 0.21127795682149006 0.10533497033962126 0.17555828389936876
0.10500735571869954 0.0826932926284759 0.12600882686243947 0.09923195115417108 0.14336653034528385 0.16214107077016685 0.15751103357804933 0.12403993894271384
0.08769198837691988 0.15514736405147364 0.07644942576449426 0.13525667635256677 0.10523038605230386 0.1861768368617684 0.09173931091739311 0.16230801162308012
0.08425280325141313 0.14042133875235518 0.10110336390169575 0.16850560650282626 0.08675641274152465 0.18391675706162733 0.08814139417070911 0.1469023236178485
0.06272636278006204 0.09664484077717918 0.05218821401967675 0.08698035669946126 0.13338813534071078 0.28973494894463403 0.1043764280393535 0.17396071339892252
0.07219115007560407 0.1277228039799149 0.09023893759450508 0.1596535049748936 0.09705530751590603 0.15326736477589786 0.1082867251134061 0.19158420596987233
0.135567059487624 0.09979856824510265 0.15207400875444213 0.11975828189412317 0.12896400028206761 0.126856084360968 0.13257734096541107 0.10440465601026123
0.07094370909101888 0.12551579300718727 0.08867963636377361 0.1568947412589841 0.09517709457332493 0.16809977255840203 0.10641556363652833 0.18827368951078088
0.07701951528089225 0.11423153148393306 0.08224670266843179 0.13707783778071966 0.09989546149533553 0.21537327572924853 0.10280837833553974 0.17134729722589956
0.09680260276805991 0.13633667619865542 0.07362180514727393 0.12270300857878985 0.1205389913384485 0.2843478543874061 0.0920272564340924 0.07362180514727393
0.06887665522395181 0.12185869770391473 0.08609581902993976 0.15232337212989344 0.09938030797800053 0.18536211854249995 0.10331498283592773 0.1827880465558721
0.07828706199858702 0.11224366490255169 0.08081543872983722 0.13469239788306203 0.09902010631180085 0.22555653440803708 0.10101929841229652 0.16836549735382753
0.0679312194946957 0.1201860037213847 0.08491402436836962 0.15023250465173088 0.09519903194581836 0.1993613809938802 0.10189682924204356 0.18027900558207705
0.11734551522114131 0.07955944767644951 0.12123344407839928 0.09547133721173942 0.14777785046976605 0.16773142872983107 0.15154180509799908 0.11933917151467428
0.07988630515204616 0.1413373091151586 0.06964447115819408 0.12321714127988186 0.12011311792854201 0.23436772044048623 0.0835733653898329 0.14786056953585822
0.06523161063335706 0.11540977265901634 0.08153951329169631 0.14426221582377044 0.09478409757343735 0.22781071508016248 0.0978474159500356 0.1731146589885245
0.10580763570627569 0.07195496154654421 0.1827427594832869 0.14390992309308842 0.09794426015649776 0.11286632648618487 0.15931420057517318 0.12545993295294888
0.10483868752694078 0.13947556748329326 0.08917417290583741 0.12552801073496392 0.12908327542895984 0.24243747142780334 0.09414600805122296 0.07531680644097836
0.0642192422990175 0.11361865945210789 0.08027405287377187 0.14202332431513487 0.09476729819207717 0.23834057024120262 0.09632886344852626 0.1704279891781618
0.10372950900522868 0.07052308773734717 0.1940424964245088 0.14104617547469434 0.0963097815544422 0.11524170309724101 0.15614391424141985 0.12296333246511815
0.10302196618322662 0.13699589362041756 0.100339690791367 0.1232963042583758 0.12691550450471464 0.24298062989309102 0.09247222819378186 0.07397778255502549
0.09957700004069324 0.08038143376778852 0.12447125005086654 0.10047679220973564 0.15571616838448016 0.16943970483371337 0.14936550006103985 0.12057215065168275
0.09033383462180954 0.07292008336941251 0.18066766924361907 0.14584016673882502 0.11652753831049815 0.09985365533163611 0.16260090231925714 0.13125615006494254
0.14323519775463564 0.0924366170037957 0.18751406633611123 0.11092394040455486 0.1366012523375192 0.10978864197659219 0.12279736178282015 0.09670292240397088
0.07854590366420569 0.13896582955974854 0.08117194355228449 0.12114969756490901 0.12985853971423744 0.22275734964878602 0.08217109921793826 0.14537963707789078
0.0881197208486381 0.0711327867091416 0.19085936714959903 0.1422655734182832 0.11186552007456356 0.10910251819577096 0.15861549752754858 0.12803901607645488
0.12158839933958726 0.07626231294234763 0.15724333146625882 0.09151477553081716 0.16032140292067631 0.13341475992517693 0.14526154846161454 0.11439346941352145
0.07598203161925042 0.13442974824944304 0.08527437524956585 0.1171951651405401 0.1374921399091883 0.2295034470463023 0.07948889461706196 0.1406341981686481
0.07332389787741866 0.12972689624466383 0.10617192776459579 0.16215862030582975 0.09714083981240805 0.20304567460774123 0.08248938511209601 0.14594275827524675
0.07936881149102112 0.10677216881131847 0.09221476704317222 0.1281266025735822 0.1029940408034786 0.23427040413026312 0.09609495193018663 0.1601582532169777
0.0792530723431469 0.1295248001011754 0.0747451863537462 0.11291905649846062 0.11888534446131774 0.27258109499287064 0.0765885774511298 0.13550286779815274
0.0656968261242163 0.10716887194749508 0.08649275277650367 0.13396108993436884 0.103099877081223 0.2519667088681612 0.0908605653467893 0.1607533079212426
0.0915235035862155 0.06908637016521797 0.1990690599527994 0.13817274033043594 0.10468735229166148 0.11905321330637338 0.15405229406990395 0.12435546629739234
0.06952582562916818 0.11230298389343407 0.11837614062486945 0.1403787298667926 0.10355640103696279 0.1921920437207105 0.0952133993879115 0.1684544758401511
0.09090906623226884 0.06840025470805121 0.21935870378965228 0.13680050941610242 0.1047091320234985 0.10417951635022032 0.15252235900571418 0.12312045847449218
0.07750277022915833 0.0570838156281587 0.23303080187487693 0.1141676312563174 0.11710061226744292 0.09439535939871539 0.16971785183774943 0.13700115750758088
0.08617319363207883 0.06423339205020372 0.28192730881393113 0.12846678410040743 0.1024644758923646 0.07788386262213351 0.14323087719851393 0.11562010569036667
0.084316439158591 0.062236558094112694 0.30993296707118767 0.12447311618822539 0.09593559923246628 0.07230128017466435 0.1387782355113498 0.11202580456940285
0.08239291031317342 0.06086447249029524 0.3275121810945299 0.12172894498059048 0.09247404762215239 0.06975270361299415 0.13571868940373294 0.10955605048253142
0.0810150476901716 0.05991519515189711 0.33912856843432415 0.11983039030379422 0.09038051315731677 0.06828099136679151 0.13360194262228997 0.10784735127341477
0.07074328882913829 0.05236246303636163 0.3066158900789178 0.10472492607272325 0.10487865092158469 0.07932423340321189 0.15568063637079457 0.1256699112872679
0.08022114378211337 0.06002578387588013 0.3335720325667582 0.12005156775176026 0.09380158701951838 0.07043293505639299 0.1338485389709924 0.10804641097658424
0.07980237058435227 0.05910057722532774 0.3473731069531892 0.11820115445065547 0.08972215433527045 0.0676341312148095 0.13178546623080545 0.10638103900558994
0.06575704504439402 0.10673959811286766 0.184270947376746 0.13342449764108458 0.09755805182442094 0.16164384703984097 0.09049661579134433 0.16010939716930148
0.05744668896325743 0.09484680432902534 0.18652235020125704 0.18969360865805068 0.06586010221238965 0.13840988387424413 0.09649631396953014 0.1707242477922456
0.10344757545334336 0.0689019930435203 0.23473893247256183 0.1378039860870406 0.09222193609836661 0.09019409114911889 0.1525546773124747 0.12013680838357385
0.06890222072715765 0.10963082881797422 0.15026521203509022 0.13703853602246777 0.09986453522121977 0.17690454734258587 0.09294787660654336 0.1644462432269613
0.11447941096767572 0.08600130411950176 0.21327143728218462 0.10750163014937719 0.131484939389929 0.13065351585004925 0.11985629510684294 0.09675146713443947
0.09352244527514027 0.061345892574458064 0.2874307787032982 0.12269178514891613 0.1032975910375057 0.08449671628898497 0.13679218433767215 0.11042260663402452
0.08800542055656634 0.05980885899593383 0.32598729036396384 0.11961771799186766 0.0933273554062013 0.07223258162722619 0.1333648288655599 0.10765594619268087
0.11592253298622106 0.07942713196195757 0.29198787023961126 0.09928391495244696 0.12078220701822547 0.09254666345974155 0.11069415592459386 0.08935552345720225
0.09523373650741603 0.05827116969515572 0.32615689063104203 0.11654233939031144 0.09627277560110138 0.07269897149300274 0.1299360112306905 0.1048881054512803
0.0905689372398523 0.058050751051548104 0.344112762897849 0.11610150210309621 0.08930753737236395 0.06792264688875328 0.12944451055375053 0.10449135189278658
0.08897824635084024 0.057587011767158795 0.3529227875060859 0.11517402353431759 0.08688012093572531 0.06639074756060535 0.12841044116438094 0.10365662118088582
0.07382649080163585 0.10504178918813056 0.18668354801576678 0.1313022364851632 0.0957789561796196 0.1607471264532037 0.08905716909428461 0.15756268378219582
0.10691769452909156 0.07227065234298272 0.19816408257653853 0.09033831542872839 0.14664686547441866 0.14296243775016385 0.1342939733836022 0.10840597851447406
0.07870200036524727 0.10354601809800444 0.1353955973517456 0.12943252262250557 0.11104286223999017 0.19877295683153995 0.0877890153439603 0.15531902714700668
0.07522060009967442 0.10458416469729928 0.11558804392604338 0.1307302058716241 0.10123736854322485 0.22709418670325754 0.08866918311292767 0.1568762470459489
0.11269483554654094 0.07218539076320546 0.16558725494075943 0.09023173845400682 0.1502157269807993 0.16667142761735637 0.13413553955252358 0.10827808614480819
0.0964807402151065 0.11916382447372167 0.14460006687865545 0.14895478059215206 0.09803823937021015 0.1829303966794702 0.07577264925774693 0.13405930253293688
0.1218383390263569 0.07164876550716201 0.17808951050397226 0.0895609568839525 0.14795580269248526 0.15029509942918368 0.13313837769614434 0.107473148260743
0.11151823871748535 0.06045032652233994 0.26583145809180225 0.12090065304467988 0.10853440348096788 0.08915912669448907 0.13479520570802367 0.10881058774021189
0.08534263620751693 0.10462228556970718 0.15857024939213027 0.130777856962134 0.10241121437386114 0.17264082615707715 0.08870150298301263 0.15693342835456076
0.11781566401619915 0.07152846525842348 0.18429225940153904 0.08941058157302934 0.15032621770053234 0.14641927946601854 0.1329148346966227 0.1072926978876352
0.1108381731628912 0.06013843411536906 0.26893563286680106 0.12027686823073812 0.10953386266606883 0.08792811535888319 0.13409973219158414 0.1082491814076643
0.12364271413924775 0.06862917765140954 0.22988077157418713 0.08578647206426193 0.14865443775657114 0.11293530783570845 0.12752735250149982 0.1029437664771143
0.11011722827363557 0.058590920208986 0.29243376791313236 0.117181840417972 0.1071695970497936 0.07839398260773091 0.13064900715257474 0.10546365637617479
0.08551204266794475 0.10402105258693825 0.16708473555271566 0.13002631573367282 0.10270160667603824 0.16643090592640053 0.08819176197588245 0.15603157888040736
0.10372212857533118 0.062455399843601836 0.2634106801360164 0.12491079968720367 0.09921482459231082 0.09460022749728982 0.1392662199497629 0.1124197197184833
0.10417140514189215 0.05913494171303292 0.3122217137274099 0.11826988342606584 0.09357051569154892 0.07432655130723106 0.13186209390935996 0.10644289508345925
0.08415156986917764 0.10416237693520206 0.17353780267740523 0.13020297116900256 0.0989447796462486 0.16444535385509823 0.08831158044506261 0.15624356540280304
0.10349321990152441 0.06227936492788811 0.2669246551266623 0.12455872985577622 0.09787092180779414 0.09389656314856704 0.1388736883615893 0.1121028568701986
0.09721471917511455 0.12032681322781875 0.18261619251706523 0.15040851653477344 0.08656429460658531 0.15098964064617915 0.07651215841116735 0.1353676648812961
0.1075388427382654 0.06206713269151641 0.2717345708522409 0.12413426538303282 0.09395905255464526 0.09044485478463604 0.13840044215093358 0.11172083884472953
0.12404091169056336 0.06894998752411391 0.23174577765909524 0.08618748440514237 0.1433194832351007 0.11420788991993024 0.12812348427988332 0.10342498128617086
0.1467300647403083 0.07713139330605157 0.24187678555153383 0.09641424163256444 0.13992724544203922 0.10365276753054434 0.10749468432765022 0.08677281746930801
0.09425418289641113 0.10166956500069783 0.14948736806035884 0.1270869562508723 0.11162092592362148 0.1771785449098781 0.0861981094571134 0.15250434750104677
0.1078567695665678 0.06251212347698168 0.2529334095652561 0.12502424695396336 0.10228800471235625 0.0974709182803219 0.139392705185986 0.11252182225856701
0.10691951122207811 0.05925106940988679 0.30657322657450303 0.11850213881977358 0.09482267248656347 0.0751584152085468 0.132121041340852 0.10665192493779621
0.08576518387601341 0.10403744250542452 0.1717144413450794 0.13004680313178063 0.09941085112718145 0.1647634564800458 0.08820565777633817 0.15605616375813675
0.08014166056613149 0.1045877524894781 0.12737513390389868 0.13073469061184764 0.10034063421506112 0.2112662745426344 0.08867222493673145 0.15688162873421715
0.10485842272429782 0.06346809696453368 0.24154981507171303 0.12693619392906735 0.10032336331644559 0.10709715007716507 0.14152438338061687 0.11424257453616062
0.10679687751119157 0.05965985919731432 0.30099706165141366 0.11931971839462864 0.09483696989858972 0.0779691852382821 0.1330325815534143 0.10738774655516577
0.1043392312342276 0.05768986714428833 0.3302534927336888 0.11537973428857666 0.09059211398027373 0.06926400645539502 0.128639793303831 0.10384176085971901
0.12136041362459644 0.06742980672050188 0.25571588647387267 0.08428725840062734 0.13965171058320705 0.10511154341938976 0.125298670697052 0.10114471008075282
0.12692139180406956 0.0667663138298298 0.2211045272078221 0.08345789228728724 0.1605199278799823 0.11701471398038649 0.12406576226587775 0.10014947074474467
0.12902576006931377 0.06675758143793634 0.20535469356216673 0.08344697679742041 0.1699673448988482 0.12126173542034921 0.1240495356570608 0.1001363721569045
0.11411794693875006 0.05861452565872462 0.27831120046035257 0.11722905131744923 0.1146774277550403 0.0808420579016886 0.1307016437822904 0.1055061461857043
0.12568336406382652 0.06784293822924416 0.23292179501991597 0.08480367278655519 0.15118534573384074 0.10973212145646924 0.12606635536628202 0.10176440734386623
0.11202903217097254 0.05815301830888556 0.29338353320464405 0.11630603661777111 0.10830228010102277 0.07747811536686659 0.1296725512738433 0.104675432955994
0.10602495885608555 0.057544387050119036 0.3258533022331303 0.11508877410023807 0.09450359131481074 0.06908969534812173 0.12831539440728038 0.10357989669021427
0.10286895434124986 0.056785090151496555 0.34206705115057007 0.11357018030299311 0.08950589228424595 0.06636739384550311 0.12662227565124753 0.10221316227269381
0.10119474975579752 0.05633952741448264 0.3499506464266018 0.11267905482896529 0.087502665259823 0.06529346971865334 0.12562873724960757 0.10141114934606875
0.08418319195248201 0.10318923403298755 0.18550513425118084 0.12898654254123446 0.0969288334930303 0.1589366881733749 0.08748652450622858 0.15478385104948134
0.10353538055102841 0.061758743249838544 0.27300511073249106 0.12351748649967709 0.09697709912974499 0.09232766226324352 0.13771277972426685 0.11116573784970939
0.10490779544411756 0.058639161384720875 0.3166873265569938 0.11727832276944175 0.09268665531813168 0.07349367025980862 0.13075657777428804 0.10555049049249758
0.10307858439228221 0.05716705203016781 0.3378304078494671 0.11433410406033562 0.08949131242358443 0.06772385195841199 0.12747399363144882 0.10290069365430206
0.10148206266058499 0.05648992295108623 0.3479623585046926 0.11297984590217246 0.08769535934577369 0.06574449247459607 0.12596409684913853 0.10168186131195521
0.13570965845186567 0.07584588686472472 0.2977051661180094 0.0948073585809059 0.1171640199951885 0.0877381576247939 0.10570312964169659 0.08532662272281531
0.11208096610896574 0.056286667923811755 0.32618763850051535 0.11257333584762351 0.09571681025807074 0.070327710623264 0.1255108684748877 0.10131600226286117
0.12395659166983625 0.06704916627638582 0.25333021988672155 0.08381145784548229 0.14165026626532295 0.10503718742659711 0.12459136121507518 0.10057374941457874
0.08911669279939465 0.10164198273754303 0.152976448641686 0.12705247842192877 0.11236422123243979 0.1782104775658198 0.08617472449487343 0.15246297410631454
0.08077319648377676 0.10378748569239644 0.12092843677027638 0.12973435711549558 0.10388551270820937 0.21721604482161036 0.08799373786964047 0.15568122853859467
0.07825251042036299 0.10330875095509434 0.11023988784260531 0.12913593869386797 0.10072247241005207 0.2357894591747524 0.08758785407062349 0.15496312643264154
0.07003308238309537 0.09317138034175149 0.15437630440862327 0.18634276068350297 0.06753361443980566 0.1660426209542866 0.09479175217378197 0.1677084846151527
0.10537726873708961 0.06761065961804491 0.23772932652245313 0.13522131923608982 0.09125993667350707 0.09522067760277526 0.14969555894267977 0.11788525266736034
0.08646894448853475 0.10581264396544908 0.1501114819295397 0.13226580495681134 0.09949661914551139 0.1774148196822299 0.08971071988375032 0.1587189659481736
0.10614562511154119 0.06288062586657837 0.2540919437026781 0.12576125173315675 0.09938274619816238 0.09833827031361207 0.14021441051442998 0.11318512655984107
0.10679199163392197 0.0592066100042462 0.30717510716251495 0.1184132200084924 0.09421537783597554 0.07560389184520012 0.13202190350200568 0.10657189800764315
0.0860125116700019 0.10385163229869708 0.1717975623036944 0.12981454037337137 0.09937601185809149 0.16532217001224628 0.08804812303585188 0.1557774484480456
0.08037555183348787 0.10436278705471363 0.12725210037793777 0.13045348381839206 0.10045976457586266 0.21207063838506088 0.08848149337247461 0.15654418058207045
0.10436108076014645 0.07022672377733441 0.24002723558802835 0.12541690794505286 0.0999463101998457 0.10731603169105289 0.13983049288799176 0.11287521715054757
0.1413426842333192 0.08502864841460978 0.2483971188347971 0.09825954716850183 0.12556215123909678 0.10342419536717168 0.10955206229085204 0.08843359245165164
0.10693330201413674 0.12750621159344816 0.17317529668774626 0.14451737246797616 0.092061270844564 0.15222555213289263 0.07351535903805745 0.13006563522117853
0.09809777481089223 0.13637777095764447 0.1466227585383648 0.14857979969195745 0.08440682301923227 0.17661135515497728 0.07558189810416965 0.1337218197227617
0.10871208222849696 0.07901771903173863 0.24959384067885484 0.12317236760269398 0.09375657075551462 0.0975642909510041 0.13732799790927225 0.11085513084242458
0.10712657669010545 0.06831887663293143 0.30386114644967194 0.11723334591745319 0.09212782782721671 0.07511578321611107 0.13070643194080228 0.10551001132570788
0.09734505638303904 0.13373916765354535 0.19370237931557038 0.1460054641946959 0.08365147332923444 0.13987919651921282 0.07427234482947574 0.1314049177752263
0.10621199612251767 0.07701361955354913 0.27507632879095006 0.12045076348701833 0.09156961797150817 0.08697837451106155 0.13429361242507865 0.10840568713831651
0.10510129678033653 0.06721567399488793 0.31668941988612365 0.1156744515713824 0.09041943958341107 0.07182433068928175 0.12896838108033232 0.10410700641424417
0.10264874846311098 0.06456218080427964 0.3370080963925385 0.11296314002032178 0.08825471145266554 0.0669508258112114 0.12594547103758263 0.1016668260182896
0.10090563428838584 0.06355934547341409 0.3468182031966765 0.11168833107946685 0.08679116152329525 0.06519367226371624 0.12452415420352497 0.10051949797152017
0.08332091730552768 0.11537390682763601 0.1832292837221413 0.1269135487146935 0.09561015655688053 0.1571754345046532 0.08608049391083561 0.1522962584576322
0.07814414110018017 0.12588606552322712 0.12883460253125215 0.12690747782193404 0.09743790993656887 0.20442445343868332 0.08607637626183352 0.15228897338632083
0.10307167983562794 0.07839523408272311 0.23998506842730338 0.12434008568714446 0.09853815300728345 0.10513378541119382 0.13862991643029388 0.11190607711843001
0.10585516917015943 0.06858713022911915 0.2990671159505759 0.1178540567527761 0.09395350519754386 0.07721589342184382 0.1313984782004832 0.10606865107749848
0.09703592569553351 0.13389606033474905 0.1919873539160693 0.1461238815159323 0.08418565745779558 0.14092704450965046 0.0743325832059308 0.13151149336433907
0.08173879638877819 0.13004376729604475 0.13187933500166554 0.12709132911751736 0.09421188196365887 0.19632421988986778 0.08620107540144656 0.15250959494102082
0.11733474453796759 0.08882343844087147 0.17018136575922557 0.08747820402935214 0.14639671846105884 0.15476945824490676 0.13004222569139512 0.10497384483522255
0.11221907614467791 0.07068133977517385 0.2592993105216679 0.11873323173618038 0.10959815294163275 0.09023028762119911 0.13237869269690558 0.10685990856256233
0.10736089240677099 0.06659923376558734 0.3080451603802838 0.11587269973623247 0.09586205686622902 0.07278511409278624 0.12918941298950098 0.10428542976260922
0.08518895085953015 0.11648674015269363 0.1708141260248224 0.1275318893552609 0.09867558932948967 0.16176454688049585 0.08649989017139435 0.15303826722631306
0.10344326042599658 0.07572028587688416 0.26302482553738904 0.12193763538496655 0.09706908181484597 0.09310967548274635 0.1359513636307015 0.1097438718464699
0.10482313790300882 0.0674544333608615 0.3106667946140295 0.11639057448301654 0.09251879302049168 0.07362794489908114 0.12976680468479604 0.10475151703471489
0.08454438680064502 0.11670551859451535 0.17161681014469682 0.1275857476050751 0.0976636711646014 0.16224454844962954 0.08653642011474659 0.1531028971260901
0.09074593759671735 0.14593839570099762 0.14479766331907984 0.14682871313302387 0.08506627959996903 0.17978604084543093 0.07469112798505997 0.13214584181972147
0.10644493171759002 0.08034471623395445 0.248707273408934 0.12333654415883556 0.09410144122079447 0.09855116099955112 0.13751104251738827 0.111002889742952
0.12402624257815897 0.07980705040400406 0.22087454660488348 0.08539328496184881 0.14333878815857234 0.11714529187263997 0.12694285346567377 0.10247194195421858
0.11174717602997028 0.06779936523591427 0.2861610549672578 0.11564937329692437 0.10618090021300276 0.07943727361387405 0.12894042067582462 0.10408443596723192
0.1058616921502328 0.06532804675082769 0.3214376524670398 0.1141786866694514 0.09369075237648647 0.06944163674452992 0.12730071483892566 0.10276081800250625
0.10256421286005328 0.06408235520711711 0.33913912643854005 0.11247449318137887 0.0888955505961819 0.06621655157514457 0.1254006662783433 0.10122704386324098
0.10076577438781269 0.06340575703290349 0.34779917615405964 0.11150375657343559 0.0868792215374194 0.06497456599476006 0.124318367403517 0.10035338091609203
0.0998262914673549 0.06306031413490422 0.351994217875041 0.11101333209056553 0.08598317836969203 0.06443908647697445 0.12377158070395887 0.09991199888150896
0.08300696180941379 0.11516351615534262 0.18486284738066117 0.12677954545456968 0.0953265715808441 0.15673549833058567 0.08598960474309943 0.15213545454548358
0.1167122756435957 0.08582410852883614 0.19337066759203608 0.08653992431584816 0.1455529952109767 0.1395047096512047 0.12864740987848472 0.10384790917901777
0.12604083816811357 0.07905266036087531 0.1931803229922301 0.08340645444016098 0.16410208645215962 0.13014059580692336 0.12398929645134378 0.10008774532819317
0.08819233988135783 0.11632084799040895 0.13160739661301527 0.12410122186663253 0.11745120633102635 0.18923251842023173 0.08417300265736816 0.14892146623995903
0.0786718598387522 0.12492976419002055 0.11179728364473084 0.1256336888587764 0.10310651381389531 0.2198880479712533 0.08521241505203965 0.15076042663053169
0.07591121260831883 0.12610219004726925 0.10506626595397374 0.12513049356355344 0.09829669017720956 0.23446543799987055 0.0848711173735406 0.1501565922762641
0.10325768867793447 0.0791186833268274 0.2261947654812388 0.12535712578302663 0.09972779192789193 0.11375869135966879 0.13976384023868788 0.11282141320472397
0.12328482666605302 0.0799511625735568 0.21108913537455695 0.08577031989214048 0.14636934426797585 0.12310748614235428 0.1275033412127939 0.10292438387056857
0.12796873027637462 0.07783711002204219 0.20069103295056473 0.08296770910546475 0.16383598002421493 0.12380111465143336 0.12333707204334762 0.09956125092655771
0.08877301785638603 0.11613771662904776 0.13414959814747773 0.12416077237498001 0.1175010490930083 0.18607152561218146 0.08421339343694297 0.14899292684997598
0.1058647020051094 0.07653771915160694 0.24195717167561284 0.12318625072236558 0.10388841759808023 0.1003546366454435 0.13734347655165235 0.11086762565012902
0.10651088163206636 0.06816549678970611 0.29979379471391043 0.11747629232351743 0.0952928243369408 0.07605474805945818 0.1309772990532351 0.10572866309116567
0.12238637157796682 0.07681421137091204 0.24203330220005825 0.08388355906095352 0.1419024207818902 0.10762131962058274 0.1246985445144921 0.10066027087314422
0.14504947239580535 0.08785337928624622 0.2445806422580404 0.09412283681066354 0.1379731939888042 0.10076998317925263 0.10493993895159054 0.08471055312959716
0.1166933198071495 0.0674779671603404 0.29736592835134057 0.11313665242503136 0.10297586034347181 0.07438836030999114 0.12613892442014688 0.10182298718252822
0.0874253557852451 0.1163472228322105 0.167257750208625 0.127097473264584 0.10068381357903715 0.1624661736768186 0.08620524273597872 0.15251696791750077
0.10425536243309597 0.07574909323382144 0.26092388624127405 0.12198420861283037 0.09774549680997678 0.09355287561329835 0.13600328930415564 0.10978578775154733
0.10515578707963454 0.06750017029378914 0.3095556213758056 0.11646014866835523 0.09278335903999764 0.07388640503155267 0.12984437470934532 0.10481413380151972
0.13793026589103743 0.08678467863208277 0.27911421866899716 0.09486609710059934 0.11948560138515034 0.09067103222391039 0.10576861870768314 0.08537948739053941
0.09162215161725419 0.11823339872192677 0.15992519806628755 0.12416022847820647 0.10425127172769341 0.16860245268173946 0.0842130245330444 0.14899227417384775
0.07989051350217921 0.12591424314941094 0.12112159147115652 0.12623018026490077 0.09964028914591362 0.21010997431671227 0.08561699183184573 0.1514762163178809
0.10390358378741632 0.07857178477533544 0.23541389031724427 0.12456910005765391 0.09946211467566435 0.10708208597200979 0.13888525036278726 0.11211219005188852
0.14076867707462085 0.09099739865825134 0.24549303052176882 0.0976954815185625 0.12499902409192286 0.10319728358254635 0.10892317118562116 0.08792593336670623
0.1156362231607712 0.0681636432020857 0.29848457859247857 0.11376186194253007 0.09951631258509344 0.07521571839403261 0.12683598637473129 0.10238567574827707
0.10644643904877855 0.06493491636888339 0.3274581908034752 0.11336800371480092 0.09125531324909095 0.06810906962843205 0.12639686384321833 0.10203120334332082
0.10245295071311945 0.06382892555503722 0.34204185586084984 0.11208987998118759 0.08796465250693107 0.0657689921371984 0.12497185126260765 0.10088089198306883
0.11970081541790886 0.07529429220911424 0.2596981583869759 0.08278744015161131 0.13724899082047515 0.10285628469615278 0.12306909013582815 0.09934492818193358
0.08696239839101476 0.11595367454104114 0.15351599504721603 0.12453174579491796 0.1097458490433735 0.17538723203719936 0.08446501019133566 0.14943809495390153
0.10448725001536473 0.07595263656755005 0.25296354741983124 0.12229296724034196 0.1008142428087959 0.09707815329966588 0.13634753213214243 0.11006367051630776
0.10556852844059678 0.067748959501352 0.3054595224462072 0.11685483287688385 0.09396111728227752 0.07495327171567774 0.1302844181478093 0.10516934958919547
0.10331696945462358 0.06496374355680398 0.33147612596752496 0.11357859371689155 0.0897225555104035 0.06808962146867242 0.12663165597987758 0.10222073434520239
0.10137003194871151 0.06376638046373821 0.3441196676702901 0.1119789156739181 0.08744186305227503 0.06569398274362011 0.12484813434092062 0.1007810241065263
0.08345296651794054 0.11541769984594621 0.1823391462627103 0.12691566057521986 0.09584545244436916 0.1576483553603576 0.0860819263031926 0.1522987926902638
0.11691274328540771 0.08588327351262803 0.1922418448892074 0.08656369496676965 0.14584066430711315 0.1399985985311347 0.1286827465476158 0.10387643396012357
0.11094673805164543 0.0695470245764511 0.2711669269656266 0.11738841150061 0.1083663380796906 0.0860556719814636 0.13087931849396367 0.10564957035054902
0.10636419183043722 0.06604834772220114 0.31400290431783806 0.11511118944010604 0.09499348550868647 0.07153942484618885 0.12834038583844656 0.10360007049609542
0.12182258749628783 0.07612280587572444 0.24783972327961373 0.08340847575661642 0.14116292302311698 0.1055610123866861 0.12399230127401485 0.1000901709079397
0.10965984832014423 0.0664234518611324 0.3001215592337455 0.11398773658835049 0.10427403664839444 0.07585658467021325 0.1270878197485042 0.10258896292951543
0.1045290369057513 0.06469435796565164 0.32835395702000203 0.1133135068426838 0.09255799695957433 0.06823288425018297 0.12633610389773853 0.10198215615841544
0.101824858725266 0.06377697724029752 0.3425031933787984 0.11204678458626298 0.08830041256993999 0.06578186425845729 0.12492380311334095 0.10084210612763668
0.08357490086738786 0.11542909971648388 0.18182517753802332 0.12692717123908484 0.09611679464607001 0.15772451696997322 0.08608973353607494 0.1523126054869018
0.10240526006151349 0.07519842272220503 0.26897747264590544 0.1212688654630876 0.09585047933689136 0.0919517857776086 0.1352057350760096 0.10914197891677883
0.10420590701017154 0.06718138491077588 0.31366312160069426 0.11600365675434134 0.09192135874962129 0.07328585960370801 0.12933542029178055 0.1044032910789072
0.10251989652204806 0.06464090607393448 0.3355274989544596 0.11311063857411732 0.08882389245764215 0.06746767178338285 0.1261099209177099 0.10179957471670557
0.08380275465938199 0.11573064323396343 0.17958325378839 0.12708333032239652 0.09634064903712111 0.15876372244015863 0.08619565013171243 0.15249999638687584
0.1025848985276077 0.07531554059131232 0.26777284588532546 0.12140408913102704 0.09601398829089612 0.09228845798146351 0.13535649937444358 0.10926368021792433
0.1043203562630163 0.06723587923867216 0.3130565766374859 0.11607714222844441 0.0920191886544423 0.07340407786092419 0.1294173511114149 0.10446942800559998
0.10258386121653011 0.0646670334661559 0.33522983809147366 0.11314684221147955 0.08887628424240318 0.06751369751002124 0.1261502852716048 0.1018321579903316
0.10097305658021033 0.06361356129082647 0.3459458717964518 0.11176149270708803 0.08705768229004161 0.06545726794050298 0.12460572395849963 0.10058534343637923
0.09997613850285646 0.06314068481158361 0.35110489194325734 0.11111554568831103 0.08611477233759425 0.06465843435935273 0.12388554123756469 0.10000399111947993
0.08304184455732817 0.11517181887229479 0.1845596197072318 0.12676981832952997 0.09537097216704485 0.1569791371563228 0.08598300721481161 0.1521237819954359
0.07803811762703432 0.12575415732711578 0.1291868159285349 0.1267954334752004 0.09733451465306246 0.2047360598530237 0.0860003809657881 0.15215452017024048
0.10299298908605006 0.07833289595061244 0.24011677837442952 0.12424303294832251 0.09848795616696658 0.10548590795087956 0.1385217098692491 0.11181872965349025
0.10581561205736591 0.06855337854286549 0.2991058411844592 0.11779903211993246 0.09394087570233084 0.07742900164392846 0.13133712984117843 0.10601912890793923
0.08481878391231114 0.11701796186996108 0.167842778624719 0.12770514190031268 0.09813668907221267 0.1646150737468526 0.08661740059325557 0.1532461702803752
0.09080000435227414 0.14596526747581412 0.1433941252832365 0.14677538480062677 0.08517264584925012 0.1811307258240023 0.07466400009423188 0.1320978463205641
0.12051688626515879 0.09094737466419543 0.17530293545434367 0.087243930864376 0.14208763666051424 0.14951455615726753 0.12969396289689328 0.1046927170372512
0.11300612291769457 0.0707761664977992 0.26206242536747215 0.11842937114150873 0.10809275382596252 0.08900681541219463 0.13203991081001046 0.10658643402735786
0.1074665597884138 0.06650567237716622 0.309417257024055 0.11567674263174833 0.09531842891451456 0.07253533545386294 0.12897093544166566 0.1041090683685735
0.08519142442271224 0.11640964393633545 0.1712226444902444 0.12745911461034687 0.0984915605019713 0.16182414459634678 0.08645052990962657 0.15295093753241623
0.1034025368641017 0.07567175575472308 0.26320338599470516 0.12185744251208008 0.09698585956601817 0.0933453664855239 0.13586195456197583 0.10967169826087207
0.10478995085997157 0.06742506955042372 0.31073620382678546 0.11634185558980123 0.09248319308699551 0.07380357030060204 0.12971248675459926 0.1047076700308211
0.10283624494887975 0.0647626038478996 0.3340860621758662 0.11328105212027909 0.08909956385406342 0.06768160684050946 0.12629991930425144 0.10195294690825117
0.1200898128056024 0.07561579955662648 0.25640904561479977 0.0830175253834253 0.13804623061619214 0.10378942827683825 0.12341112728640537 0.09962103046011034
0.1087244342200056 0.06611557577613483 0.30460717347171457 0.11355089854358306 0.10301834979513988 0.07518698157575479 0.1266007779284426 0.10219580868922476
0.12253990632266794 0.07599776306669238 0.24337279901810127 0.08323406960215057 0.14452556123962715 0.10671598241662485 0.12373303481155519 0.09988088352258068
0.08767415026092522 0.11611318184716382 0.14823700005671228 0.12455853750183767 0.11195909585196379 0.1775046075214239 0.08448318195776816 0.14947024500220518
0.10493582656377337 0.07612769958250448 0.24998196802770173 0.12254217686294534 0.10167989338087123 0.09781909414194102 0.13662538226361218 0.1102879591766508
0.10584531917041881 0.06786142487497775 0.3039241143929011 0.11701843543976288 0.09432910231178898 0.07523818911809084 0.13046682279627292 0.1053165918957866
0.10347233503268033 0.06502389358490528 0.3307140102448159 0.11366388977325886 0.08988695673167121 0.06821465911938551 0.1267267547173498 0.10229750079593297
0.1014514199303662 0.06379594233635687 0.34374698126741715 0.11201993499718695 0.08751719647926699 0.06575671566671587 0.12489386782522184 0.10081794149746823
0.11930635571647827 0.07527048265211525 0.2604357499750515 0.08276480489527735 0.1370227445230417 0.10284665505669385 0.12303544130700932 0.09931776587433282
0.10828769096020892 0.0659506238372071 0.30669096420149294 0.11333063441055144 0.10254950163754516 0.07483781412576389 0.12635519985773422 0.1019975709694963
0.12232809195912153 0.0759361904584634 0.24425631613505858 0.0831880274920084 0.1442574639600942 0.10654368688239553 0.12366459012244833 0.0998256329904101
0.10994029094663231 0.06646402978979354 0.29817115069749545 0.11408839256308168 0.10528263086590121 0.07617390818163275 0.1272000436486896 0.10267955330677352
0.10469643662526817 0.06475051657048218 0.32736715050198495 0.11340560509270857 0.09291312466894341 0.06836333538366263 0.1264387865735124 0.10206504458343774
0.09631730251843824 0.1321718802430185 0.20201184167403788 0.1451165916071855 0.08357592818603943 0.13638134411594074 0.07382017920887264 0.13060493244646695
0.12134664806014724 0.0880064046102567 0.20094427673426093 0.0862062606288774 0.1399151103654621 0.13198239044878773 0.12815139639755505 0.10344751275465287
0.11197610173322704 0.06955176814181231 0.2758270561022508 0.1169424913464649 0.10622405085309751 0.08384813881161356 0.13038215079971532 0.1052482422118184
0.1064647727297837 0.06589941748645797 0.3163326608877409 0.11483936682615063 0.09418477457844819 0.07088625343872708 0.128037323909156 0.10335543014353556
0.13801756662276143 0.08618327138461844 0.2819538027979356 0.09445212611341959 0.11960549778012586 0.08947374984872657 0.10530707195033498 0.08500691350207763
0.11289435404350237 0.06636465261962174 0.31706448950864674 0.11161251982032284 0.09635076777214945 0.07082231809033021 0.12443963030713605 0.10045126783829056
0.1047010784310906 0.06411701713929957 0.33660521092267504 0.11225827071236881 0.08959277203044311 0.06653361276158874 0.12515959436140225 0.10103244364113195
0.10148905782191224 0.06343958063434811 0.34648476999032146 0.11154866001344466 0.08713294636269284 0.06514275977705633 0.12436843138812412 0.10039379401210019
0.11922582806335764 0.07514731095515817 0.26155596419057536 0.08267603504777031 0.1367411141467679 0.10253902657251009 0.12290347896653617 0.09921124205732437
0.08683062085021645 0.11589987980388194 0.15410192350722218 0.12450244426043097 0.10957952588314923 0.1752375364755072 0.08444513610707494 0.14940293311251715
0.10441478969436994 0.07592371275078119 0.25328466204675804 0.12225408451796743 0.10073823898852739 0.0970516551370349 0.13630418079839052 0.11002867606617067
0.10552870708575068 0.06773303247601235 0.3056216959231567 0.1168315865943248 0.09392489183079097 0.07495315787751924 0.13025850027755317 0.10514842793489233
0.10329570655098781 0.06495510183596982 0.33155494367325544 0.11356571104155815 0.08970501783289876 0.06809708636965321 0.12661729275827452 0.10220913993740234
0.10135867043082936 0.06376146954493024 0.34415691286974165 0.11197132909519163 0.08743316311690322 0.06570458288492832 0.12483967587180318 0.10077419618567246
0.10017481036190737 0.06321317379184149 0.3502394954950266 0.11121720973712701 0.08628874863904731 0.06477218414651081 0.12399888906512518 0.10009548876341431
0.08309860970196023 0.11519921734445987 0.1842835341530727 0.12678532846460575 0.09543175256406516 0.15706563648179428 0.08599352713251521 0.15214239415752687
0.07805039451907463 0.12575676406840872 0.12909739270686976 0.12679231644773958 0.09735034704394512 0.20480373866864268 0.08599826680803206 0.15215077973728747
0.10299822083465925 0.07833374948707066 0.2400610779034559 0.12424217257154264 0.09849402985738762 0.10553204341814872 0.1385207506133468 0.11181795531438837
0.10581849324929665 0.06855376271276446 0.29907521925518465 0.11779895962426186 0.09394358953455821 0.07745386294818266 0.13133704901391582 0.10601906366183568
0.0848174668128828 0.11701446061810161 0.16782962976219484 0.12770084065839934 0.09813499901285569 0.16464711111631136 0.08661448322917523 0.1532410087900792
0.10345278002093622 0.0758779830301724 0.2613944117416418 0.1220786274105461 0.09704119860613356 0.09417567530364887 0.13610855921742976 0.1098707646694915
0.07323081173999059 0.10330249410270127 0.21629993053607424 0.1781917879820105 0.06463194674396457 0.11332503191190496 0.09064538779954448 0.16037260918380944
0.077595959829815 0.12676692503189108 0.1416962353360687 0.13112534678274257 0.0905359365693194 0.18599198857996854 0.08893719173090366 0.15735041613929107
0.11537519193495407 0.09407412028548738 0.1742960889122015 0.08702691821518123 0.1442790348142618 0.15114498496130793 0.1293713590183888 0.10443230185821746
0.11106078334223668 0.07487135526334497 0.26100579775653865 0.11784003389369349 0.10853833922730104 0.08924481625347279 0.1313828437590881 0.10605603050432415
0.1414175398580188 0.09259691734162537 0.2557308273864191 0.09548623180829968 0.12631940473282915 0.09605144761727874 0.10646002262805948 0.08593760862746971
0.09201053014348574 0.12533199431744588 0.15169380360326093 0.12320103177676686 0.10576174316463174 0.1705972199180467 0.08356243894424188 0.14784123813212022
0.11953654440849654 0.09279345884407157 0.17738907807566526 0.08581109284720473 0.1496300754673476 0.1443024859915897 0.127563952948979 0.10297331141664569
0.08599185954533838 0.12509258893184189 0.1257731854716171 0.12333702498237568 0.1123203685025364 0.19582586477330674 0.08365467781413308 0.1480044299788508
