0.125 0.125 0.125 0.125 0.125 0.125 0.125 0.125
0.06578947368421052 0.10964912280701754 0.05921052631578946 0.09868421052631579 0.13157894736842105 0.21929824561403508 0.11842105263157893 0.19736842105263158
0.07295173961840629 0.12906846240179573 0.09118967452300786 0.16133557800224466 0.08754208754208755 0.15488215488215487 0.10942760942760943 0.19360269360269358
0.0986809039440685 0.07771121185595395 0.197361807888137 0.1554224237119079 0.08602950600252127 0.07723866263839801 0.17205901200504253 0.135496471953971
0.06410701814929262 0.10684503024882104 0.06813668575173763 0.09616052722393895 0.12821403629858524 0.22882301521101994 0.11539263266872672 0.1923210544478779
0.08441207742686412 0.14934444467829805 0.0735900162182918 0.1301977210015932 0.10129449291223694 0.21661596309885414 0.08830801946195015 0.1562372652019118
0.09638357486871856 0.07590206520911587 0.20594587278213394 0.15180413041823174 0.08402670629580593 0.08554217541848759 0.16805341259161186 0.13234206241589436
0.07258368753465673 0.1209728125577612 0.11144238770946059 0.14516737506931346 0.0907296094183209 0.1687693775718601 0.10887553130198509 0.1814592188366418
0.07167470110357102 0.11945783517261836 0.09906276460781084 0.14334940220714204 0.08959337637946377 0.19016311611510983 0.10751205165535652 0.17918675275892754
0.08846056967401217 0.1474342827900203 0.09049316423609687 0.13269085451101825 0.11996932201307273 0.24181915318590505 0.0995181408832637 0.07961451270661096
0.06945138877147997 0.12287553398031069 0.08681423596434994 0.15359441747538838 0.08334166652577595 0.19543237315500897 0.10417708315721994 0.18431330097046603
0.09442080119595714 0.07435638094181626 0.21151111324272576 0.14871276188363253 0.08883669023892848 0.08788408876954021 0.16463114054679706 0.12964702318060273
0.061651661350251775 0.1027527689170863 0.07488962463188441 0.09247749202537767 0.1337645745814457 0.23853590401274571 0.1109729904304532 0.18495498405075533
0.06872742400143894 0.12159467323331503 0.08590928000179868 0.15199334154164382 0.09283248009360363 0.19345965527606884 0.10309113600215841 0.18239200984997256
0.09381740822185225 0.07388120897470865 0.21432830356384222 0.1477624179494173 0.0890525131217952 0.0887605592102783 0.16357907074579364 0.12881851821231252
0.07070155852902099 0.11783593088170166 0.1183278083486111 0.14140311705804198 0.09594518641115146 0.17298016465538885 0.10605233779353149 0.17675389632255248
0.08694220282308798 0.14490367137181334 0.09537808013458711 0.130413304234632 0.1233324262040967 0.24297235451502966 0.097809978175974 0.07824798254077919
0.10558244195328781 0.08522920013096728 0.13197805244160976 0.1065365001637091 0.14148228101541216 0.14297406116863143 0.1583736629299317 0.12784380019645092
0.09395930172605237 0.07584666524874106 0.18791860345210473 0.15169333049748213 0.10085455521142633 0.08407680330956538 0.16912674310689424 0.1365239974477339
0.09114374955732558 0.0717757027763939 0.2454082688498628 0.1435514055527878 0.090676119262226 0.07338006788107258 0.1589173069204651 0.1251473791998663
0.0701021553602107 0.11683692560035115 0.12521963266292874 0.1402043107204214 0.09889064522234906 0.1683377089928963 0.10515323304031604 0.1752553884005267
0.06933009537283213 0.11555015895472023 0.10388546065772744 0.13866019074566427 0.0987816365204129 0.1964720762573145 0.1039951430592482 0.17332523843208034
0.06885970656219766 0.11476617760366277 0.09973759336020012 0.1377194131243953 0.09813905142923607 0.20533923167151738 0.1032895598432965 0.17214926640549416
0.06863343770941054 0.11438906284901755 0.0987653253516172 0.13726687541882107 0.0977647798877334 0.2086467679457582 0.1029501565641158 0.17158359427352632
0.05068093132063978 0.08446821886773295 0.07286028729740371 0.10136186264127955 0.11819774375011916 0.24807299567073035 0.12163423516953548 0.2027237252825591
0.05746497186615291 0.10166879637857824 0.05360498680079855 0.08863433530440155 0.13391818625688018 0.28724471722288786 0.1001953355614974 0.1772686706088031
0.077344317252954 0.13683994590907247 0.10173560912515826 0.1710499323863406 0.08283750796031124 0.18923539130888362 0.08701235690957326 0.15394493914770652
0.09210292278797572 0.07253105169553088 0.22150998491604854 0.14506210339106176 0.0915141035696965 0.09022572428382915 0.16058971152775253 0.12646439782810512
0.060202661931320095 0.1003377698855335 0.07930069393800179 0.09030399289698014 0.139106870441032 0.24177523363679593 0.10836479147637616 0.18060798579396029
0.06586928298895896 0.12800886089200667 0.08874184535197391 0.14567245276404386 0.0947342561659676 0.20336243403675794 0.09880392448343844 0.1748069433168526
0.0920158005400534 0.07246244292529207 0.21816180852847994 0.14492488585058413 0.09309863837506492 0.09255384543069228 0.1604378060698367 0.1263447722799964
0.06006180704993915 0.10010301174989858 0.07956409471376576 0.09009271057490872 0.13914524478891624 0.24273645728286355 0.10811125268989046 0.18018542114981745
0.07738379501672694 0.150408995595125 0.0727497794794081 0.11935725385222976 0.11137461406974593 0.24454150257735885 0.08095535478672972 0.14322870462267567
0.09021933580841335 0.08365596977739191 0.193415004044165 0.1456553132328601 0.09420192784082043 0.09936786293163108 0.162394804455144 0.1310897819095741
0.08942457325879077 0.07042185144129774 0.25349602755248846 0.14084370288259548 0.0917448342769893 0.07536242393127375 0.15591976875891725 0.12278681789764735
0.08684817280363759 0.14474695467272933 0.12233415125929603 0.13027225920545638 0.12744967975712232 0.21248123237439234 0.0977041944040923 0.07816335552327383
0.06508822711478789 0.1317451377955615 0.0957701738561509 0.14394511765770399 0.09251782871257606 0.20056703300179315 0.09763234067218184 0.17273414118924477
0.09147645676564316 0.072037709702944 0.2217347459014788 0.144075419405888 0.09364228810428318 0.09193175653350835 0.15949741179650603 0.12560421178974854
0.059817828823638265 0.09969638137273044 0.08081713851305629 0.0897267432354574 0.14083147994440404 0.24198484975724982 0.10767209188254888 0.1794534864709148
0.06494190864827933 0.12628779719344108 0.09066748447831931 0.14362152874138695 0.0938061859890156 0.21091639748747446 0.09741286297241898 0.17234583448966434
0.1234861946647833 0.09724537829851684 0.17848624920920683 0.11669445395822022 0.1267206908473549 0.1264478489987732 0.1291855574954656 0.10173362652767917
0.07915232594763734 0.15341382629911388 0.08660156725000952 0.12208504712239132 0.11544756787845299 0.2139920987333817 0.08280551022214368 0.1465020565468696
0.10055107875237418 0.09357591426074065 0.14146706832367337 0.10145967283748598 0.14724257278655364 0.14312546750562788 0.15082661812856127 0.12175160740498318
0.08867104046989117 0.07820559917608022 0.21345541478666544 0.14315565569837854 0.10355860927475612 0.08450571761988378 0.1596078728458041 0.1288400901285407
0.08834944968958076 0.06957519163054486 0.26286500558426207 0.13915038326108972 0.09209415545982809 0.07261002950883431 0.15404519433055108 0.12131059053530899
0.06691170956912922 0.1264896480372043 0.12110413212433774 0.14797781923942036 0.09516443083584757 0.16441131275306248 0.10036756435369382 0.17757338308730442
0.09081666038983043 0.07151812005699147 0.23209649905650043 0.14303624011398294 0.09334287520267852 0.08614434696504462 0.15834699760278126 0.12469826061219025
0.08655179217803836 0.14425298696339725 0.12003781447848832 0.12982768826705754 0.1273565857060013 0.2167057532464896 0.09737076620029317 0.07789661296023452
0.06412690813051715 0.1300287921013056 0.09702679208695608 0.14181912375018216 0.09722789502024187 0.20339717821480266 0.09619036219577573 0.1701829485002186
0.09102365765449642 0.07168113040291593 0.2231138242725455 0.14336226080583186 0.09493649882913693 0.09219222834522618 0.158707915910404 0.12498248377944317
0.06887399780616944 0.11478999634361574 0.1259073317221171 0.13774799561233889 0.10266466431498525 0.17452002297609573 0.10331099670925419 0.1721849945154236
0.05726227108437735 0.10644001013434283 0.06694034481277929 0.08589340662656603 0.13864977162172096 0.2699552945152022 0.10307208795187921 0.17178681325313205
0.06360125107964829 0.12468975440295332 0.08885855744346895 0.14065661296460677 0.09827837039014817 0.2197256415421741 0.09540187661947243 0.1687879355575281
0.0647710469243893 0.12886238955984725 0.093399658800519 0.14324366146739942 0.09330775270744365 0.207366526392938 0.09715657038658396 0.1718923937608793
0.06688915032359598 0.1259059635906532 0.09805932299941797 0.13377830064719196 0.09961461986684855 0.20819604127790853 0.10033372548539396 0.16722287580898992
0.07087883538512653 0.1247608653053975 0.09839112591429797 0.13274112532217275 0.10010885579460549 0.2076369416340542 0.09955584399162958 0.16592640665271594
0.09011848832535 0.15319933023409849 0.09079839629056088 0.12231282077268578 0.12319269414196211 0.2552559621922169 0.09173461557951434 0.07338769246361149
0.06878895532380681 0.12894804481601807 0.09142805036030031 0.13919236750133637 0.09513166092444297 0.21507134385419419 0.09440873621829772 0.16703084100160365
0.13179405747315312 0.10656023540454855 0.17512755886913858 0.11301795665745205 0.1249173176202209 0.12493887508719541 0.12511552385358954 0.09852847503470177
0.07382345668230299 0.12766993405715063 0.10639048366354628 0.1440640052176117 0.09834325904884327 0.1791190776174658 0.09771297745194533 0.17287680626113403
0.10037986604138364 0.0790399258497998 0.22310762698070613 0.139912680676036 0.09326953427292972 0.08742611976201531 0.15488908890468775 0.12197515751244163
0.0688788513418208 0.10535109436475674 0.08114056769995322 0.08772212569979751 0.13976525774926463 0.23643130090505515 0.105266550839757 0.17544425139959502
0.057774204429349246 0.10576863481984661 0.05380337542323596 0.08326204319646888 0.1394059199913308 0.29933942604647457 0.09412230970035612 0.16652408639293775
0.06629389397656968 0.12277233251739388 0.08572211932495016 0.13836096108459808 0.09714485453053046 0.22982785948532125 0.0938448257791187 0.1660331533015177
0.10861436497436344 0.08980904183708166 0.1422831358212899 0.09983456658535585 0.1426186941236902 0.1486279282199495 0.14841078853584241 0.11980147990242701
0.1027713314416075 0.07597883018985843 0.21580694364237704 0.13919082531033825 0.10068358144324348 0.08510936234726713 0.15518738284600397 0.12527174277930442
0.13810504213694805 0.09916838359308658 0.21362624981075137 0.1104248859588491 0.12329270044518939 0.09687000076094508 0.1222448879967723 0.09626784929745819
0.08053745449684276 0.12602087856154828 0.11480998818993605 0.14293524348014192 0.09766725604945954 0.16955950451154397 0.09694738253435713 0.17152229217617027
0.0770580101485912 0.12523738137738596 0.10210157096611032 0.13316790183068014 0.10016861425284916 0.1959307177630229 0.09987592637301011 0.16645987728835018
0.0767424173612225 0.12426938073580814 0.09898733184253833 0.13215499471931297 0.09992619047536 0.20360969542713206 0.09911624603948474 0.16519374339914122
0.07655384586871183 0.12392163319597436 0.09820750707530491 0.13188277177536392 0.09969981831943389 0.20596888021448326 0.09891207883152295 0.1648534647192049
0.07647995723879358 0.12380370217722829 0.09799816250866052 0.1317928457847579 0.099599846743472 0.20673979397757192 0.09884463433856842 0.16474105723094737
0.0764509924241728 0.12375950072337823 0.0979347362065415 0.13175736208996547 0.09955875242157894 0.20702393195443186 0.09881802156747413 0.16469670261245684
0.07643791546127941 0.12373954113871848 0.09791138068402835 0.13174006435689176 0.0995401500586868 0.20715081958661172 0.09880504826766882 0.1646750804461147
0.09398096968404344 0.15213486553197766 0.09029091577116456 0.12146434385439535 0.12333923219279502 0.25481280876219015 0.09109825789079652 0.07287860631263722
0.07293356999941397 0.12781927536350302 0.09199827531097331 0.13785782018078188 0.09449950241978416 0.2159586075164231 0.0935035649921825 0.16542938421693823
0.10214806080617127 0.07892310665923315 0.21691009088477067 0.13952120466728704 0.09323599151839898 0.09317196585797304 0.15445570887058233 0.1216338707355836
0.08140472891827481 0.12075968573019748 0.12313145523856485 0.13402610856787467 0.1009231884520649 0.17170261595727387 0.10051958142590602 0.16753263570984334
0.0775548528720484 0.12409527661110036 0.10340565998740306 0.13248928793513437 0.10111989020034487 0.19635645652370012 0.09936696595135078 0.16561160991891793
0.09443232270651682 0.15260944359477513 0.09157079437396853 0.12181342206329707 0.12402987859554462 0.2510960188804467 0.0913600665474728 0.07308805323797825
0.0730257176856575 0.127946518159803 0.09224973754018248 0.13794092046382966 0.094661720971151 0.21508635196035697 0.0935599286624236 0.16552910455659559
0.10214690644771748 0.07891804140423453 0.2170959368316533 0.13949545153184736 0.09324692615117156 0.09305811925818584 0.15442719909101538 0.12161141928417464
0.08139535766278808 0.12074299525393065 0.12325250966037284 0.13400622355995398 0.10091364747119994 0.17167681927184653 0.1005046676699655 0.1675077794499425
0.07754542551620067 0.12407974119896853 0.10347236347972316 0.13247259299954295 0.10110808420649652 0.19637660659998224 0.09935444474965721 0.16559074124942866
0.06509914655900716 0.1052048643373741 0.06316436142184752 0.08397491939170859 0.1368048058489163 0.27703216038767897 0.1007699032700503 0.16794983878341718
0.08189318588571914 0.1438795790325859 0.07194201941986346 0.11308832371629252 0.11464415908013227 0.26214335962437046 0.07670338478148536 0.13570598845955104
0.09927800777071279 0.08029310363035944 0.1978369234285617 0.13971844330045224 0.09767455559273366 0.10367672977626895 0.15577563753050422 0.12574659897040702
0.10378860999888792 0.07321949221812388 0.2550466620492441 0.13528068513015304 0.09091917266725338 0.07404709095920946 0.14976127942776402 0.1179370075493642
0.0681460271024547 0.10951679350051005 0.07686933014140873 0.08885079250725716 0.1379826020389825 0.24049284338232088 0.10044002631255158 0.17770158501451433
0.09718287874795813 0.07783827949970518 0.20135693229657928 0.139858310345757 0.10168212004435359 0.10027742090628564 0.1559315788481798 0.12587247931118128
0.0806733064296525 0.12060357021738491 0.12014774759616006 0.13400518717273976 0.10243506572425455 0.17412474851432885 0.10050389037955483 0.16750648396592469
0.09608001476606458 0.15291679242328232 0.09514148199377406 0.12244673043381145 0.12497202402240588 0.2431398702750161 0.09183504782535859 0.07346803826028687
0.08587357188040032 0.15011091922219896 0.07732151587974342 0.11278326820081869 0.11228921173009945 0.24978511368346232 0.07649647756229441 0.13533992184098242
0.12977615112319876 0.10489586231027595 0.16461405783994124 0.11342746054594824 0.126369166757417 0.13236943315899471 0.12646315377287065 0.10208471449135341
0.13948543824514198 0.0992552733757237 0.18915519718202606 0.11188906221926206 0.12773644470246917 0.10703047383358025 0.12474795444446084 0.10070015599733584
0.09588576323324681 0.14434659290443866 0.13129216804934532 0.163532727252186 0.08544535940764554 0.14912954728484074 0.08318838734132941 0.1471794545269674
0.10592650676723837 0.07914916018307329 0.2314267605703947 0.13787760716481853 0.09060098580098441 0.08218180977993439 0.15263617887191958 0.12020099086163667
0.07186796822925029 0.105047728222051 0.08240551029770025 0.08740238428638666 0.13980070479006906 0.23378807445810557 0.10488286114366398 0.17480476857277333
0.0729443489200835 0.12346683373757102 0.09301676771809327 0.13916117851886645 0.09889802718815864 0.21113184774266053 0.0943875819519268 0.16699341422263972
0.10264390612361773 0.07852191137242902 0.21743839955972566 0.13935242134773174 0.09387857490410405 0.0924092015915893 0.15426885879765173 0.12148672630315076
0.08205612256278515 0.12059014624993486 0.1234347437957306 0.1338705500293927 0.10095608713170766 0.17135125017166372 0.10040291252204454 0.16733818753674085
0.07810143408512153 0.12398058649968237 0.10354989218310909 0.1323668326660876 0.1010581348726921 0.19620945436113219 0.09927512449956569 0.16545854083260947
0.11497577055335698 0.0871419439990072 0.14781894793386735 0.09272983848406598 0.15076387596546564 0.14346710514317665 0.1471902198159777 0.11591229810508245
0.07998967171142235 0.12294894956857645 0.10579848120270045 0.14090659413697748 0.10206678480657537 0.18363017654255545 0.09557142906681951 0.16908791296437295
0.10404214448099854 0.07814262685793301 0.22206892420905724 0.13874834872977707 0.0945407249808544 0.08789700627081562 0.15360012557793798 0.12096009889262617
0.08269811102195435 0.12044982822453243 0.1243663320193389 0.13374004473995846 0.10156580714543834 0.16969978736886077 0.10030503355496884 0.16717505592494805
0.0785136174162153 0.12386422032074916 0.10368810749716657 0.13223452612198042 0.10167732995510967 0.19555314644481814 0.0991758945914853 0.1652931576524755
0.09539953634464719 0.15218140542058362 0.09154080640034219 0.12144771686600424 0.12509668592365975 0.2503794312756573 0.09108578764950317 0.07286863011960254
0.0751985416564971 0.12709160421301216 0.09332512062635265 0.13686446417046833 0.09586704255391967 0.21458605929434882 0.09282981048083938 0.164237357004562
0.10329078118050826 0.07858323996022337 0.2171564400958489 0.13893704423104947 0.0943168662471858 0.09278200636765775 0.15380901925456025 0.1211246026629662
0.0824788758518971 0.12033549325337037 0.12327487587914669 0.13354815818632104 0.10209467666950532 0.17117160378711752 0.10016111863974078 0.16693519773290127
0.0967005522819374 0.152594358386078 0.09564489435877975 0.12217423996720778 0.12633325033216475 0.24161748071810182 0.09163067997540585 0.07330454398032467
0.08861265669352897 0.14946265857612742 0.07710119165509939 0.11222623836491966 0.11294281337017059 0.24886428928082666 0.07611866602142375 0.13467148603790358
0.10275624779991775 0.08007362437618451 0.20110424728446413 0.13850336558450543 0.09728290883592244 0.10120566053828572 0.15442091655466503 0.1246530290260549
0.08235635290375211 0.12046632222554789 0.1200006916948105 0.1335177188635505 0.1026294190589523 0.17399405752628574 0.10013828914766289 0.1668971485794381
0.07834571314653067 0.12367404462755212 0.10270368581707155 0.1320097977197511 0.10248187793934474 0.19676528531024767 0.09900734828981334 0.1650122471496889
0.06570378664764275 0.10482346623516899 0.06295408176567027 0.08366144565571498 0.13854235220311947 0.27659824139439565 0.10039373478685797 0.16732289131142997
0.06000630274850146 0.10273371769545878 0.05223394483907103 0.08071295557184785 0.13804806061008817 0.31359837500576987 0.09124073238556712 0.1614259111436957
0.09759058108035518 0.07692446812353072 0.19280915764967183 0.13883184017877517 0.10215881291484162 0.11194934267768147 0.15478714121424636 0.12494865616089768
0.10463511567293522 0.07279145382999071 0.2530415607717518 0.1348647388765463 0.09267492821647924 0.0751170050670676 0.14930080982670163 0.11757438773852755
0.07029531798102312 0.10866041475743966 0.07908067516030269 0.08810918108360351 0.13831042567747057 0.23972394020887997 0.09960168296407353 0.17621836216720702
0.09933454043938911 0.07719663122782545 0.203668573811414 0.13870136998145288 0.10183393627567174 0.09979203860012528 0.15464167668081388 0.12483123298330759
0.10464312089532349 0.07257995414069203 0.25687313307396836 0.13443733080165862 0.09232504854936893 0.07311198544999224 0.14882765151831964 0.11720177557067675
0.07958001795062733 0.12296257538645601 0.12991000538034583 0.14297440880972795 0.09388205091177597 0.16214770414453436 0.09697394684485897 0.17156929057167353
0.07822767463334535 0.1244493846238375 0.1050294587241893 0.13258773182134043 0.10115432190304874 0.1933759646515577 0.09944079886600535 0.16573466477667553
0.07771968593373675 0.12369175348352135 0.09944617033082238 0.13153604285642428 0.10184380503559677 0.20269045664704996 0.09865203214231823 0.16442005357053036
0.08770073567586985 0.1494011814351184 0.0805997510121338 0.11552917944218495 0.1111040773460879 0.23867113804937073 0.07835892170861239 0.13863501533062192
0.10238071924693848 0.07991372628216993 0.20425607466342482 0.13824575588096805 0.09720566995860647 0.09944317271519544 0.15413370095982556 0.12442118029287125
0.10559603619186993 0.07270261428447033 0.25697982607671055 0.13430564802895134 0.09164369282643947 0.07300333411098814 0.14868187327584353 0.1170869752047268
0.07964774310947506 0.12284851810529546 0.13045090799742282 0.1428090445681049 0.09404214222782131 0.16196900375961393 0.09686178675054072 0.17137085348172584
0.10357353312392537 0.07756713354726799 0.2312123307589633 0.13773140655360208 0.09331023894570917 0.08405749436657871 0.1524743287854284 0.12007353391852489
0.07202784708370107 0.1044536262994289 0.08224483998376418 0.0870110182724993 0.14199965710007095 0.23382775278853787 0.10441322192699913 0.1740220365449986
0.07274144666550099 0.12299342181194498 0.09392333677450342 0.13863840450275444 0.10030372372681086 0.21100057632200736 0.09403300479317259 0.16636608540330533
0.11286827667781636 0.08849891958843167 0.1488742455639856 0.09818715032163719 0.1443628813677671 0.1434221524819338 0.14596179361246364 0.11782458038596463
0.13870438118814665 0.09708801089615496 0.18723471198800518 0.11107220462570408 0.1333129767218549 0.10878551122983483 0.12383721918716559 0.09996498416313367
0.14449438602987752 0.09674322671766131 0.1979897606368174 0.10970434116263056 0.12929932517355688 0.10072289972788734 0.12231215350520153 0.09873390704636749
0.0856024177685316 0.12373432039878367 0.11770993090975161 0.14033318980129317 0.09992806959093198 0.16910973242567034 0.0951825113434858 0.1683998277615518
0.10500784709433199 0.07779171325201067 0.22624000641208886 0.13798934759634676 0.09458962204062803 0.08532317788483858 0.1527598801229398 0.12029840559681512
0.10342744026542615 0.14962350340680716 0.11685605398341002 0.12461405806867881 0.12741584008409357 0.20983412579886807 0.09346054355150914 0.0747684348412073
0.06654562919849276 0.10879053825365131 0.0595393368373999 0.08185705257547313 0.13894607469792608 0.2880732038529671 0.09253405943314352 0.16371410515094625
0.12924721805137876 0.10004816901158449 0.15918258964178075 0.11219489736530143 0.1335992884646079 0.1396634920277989 0.12508893780877633 0.10097540762877126
0.10959823614287155 0.07418795949634245 0.23087444295597426 0.134219427464672 0.0989305092814808 0.08174729469252887 0.1496446452479253 0.12079748471820478
0.10453655929200696 0.07180228802370792 0.25764377532379923 0.13333762380039957 0.09179107294247466 0.07222331922874682 0.1486614999685052 0.1200038614203596
0.11960082258236743 0.08274415428296863 0.19433984783050576 0.09624536018070524 0.13944930189361784 0.10905088886376126 0.1430751921492275 0.1154944322168463
0.1066559000587137 0.07231859600907889 0.24414794044034988 0.13304336764255076 0.09938562231137724 0.07637611634771517 0.14833342631191854 0.11973903087829568
0.10341906609819881 0.07128364414609538 0.2628891333288158 0.13258943571614037 0.0916119492940539 0.07104895318268153 0.14782732608948784 0.11933049214452633
0.10225732323440562 0.07084615341725002 0.2695578931885231 0.1318991575146778 0.08977331439356909 0.06989919908020864 0.14705771740815568 0.11870924176321003
0.11873213639587446 0.08240097245841112 0.1982869983915621 0.09591646144163216 0.1387882456449642 0.10818916985421577 0.14258626208338154 0.11509975372995859
0.10624262805303905 0.07211724762969966 0.2462086540318709 0.13270069937539364 0.09927422376098245 0.07607454094486298 0.14795137676629705 0.11943062943785426
0.10316567541608324 0.07113934738724387 0.26423523116630765 0.13233479626437794 0.09159783033798907 0.07088238068634109 0.14754342210371688 0.11910131663794013
0.10207597740673864 0.07073552597692326 0.27053615828817507 0.13170192370371298 0.08979966226882782 0.06978120459440955 0.14683781642787103 0.11853173133334169
0.10166205462265822 0.070563469696945 0.2727516568942305 0.13142592984765053 0.08930329595042132 0.06948015225029133 0.1465301038749178 0.11828333686288545
0.13552653131764605 0.09412442387879102 0.22829701513888867 0.10958340236753362 0.11902806170371266 0.09263818768869615 0.12217731577395166 0.09862506213078025
0.08468126382899903 0.12314013201125755 0.12497607766508151 0.13994907612123517 0.09834059702197818 0.16605197994112872 0.09492198206483776 0.16793889134548218
0.09524447025046302 0.14951251479106645 0.12506834384789836 0.15920363475728047 0.08568635268555327 0.16321602390373685 0.08327574741150055 0.13879291235250094
0.06913135684741774 0.10857404215736066 0.06653985529789558 0.08464010498912156 0.13598851111362786 0.2642777936293876 0.10156812598694587 0.1692802099782431
0.08522571763850964 0.143478605861161 0.07408146335160416 0.11228073709504972 0.11649993918227328 0.25754102197983053 0.07615563037751198 0.13473688451405966
0.1031738393048214 0.07915639650686372 0.2022056560581447 0.13751199066482855 0.09865267411066868 0.10222304425389887 0.15331560750242826 0.1237607915983457
0.08290834443117999 0.12014223387852763 0.1201372167033704 0.1332484028502963 0.10297819294028933 0.1740888034957436 0.09993630213772221 0.16656050356287036
0.06729892465979363 0.10521982603315434 0.06560585766176455 0.08424095924573555 0.13999039930714452 0.26807296350605364 0.10108915109488263 0.1684819184914711
0.07233164868303589 0.12185128597004871 0.0903266020109151 0.13714178799674928 0.10000173893847066 0.22075888242427755 0.09301790838040387 0.16457014559609912
0.13214264626499903 0.1021383760991642 0.17191233612957682 0.11337203207905762 0.12557591771225746 0.12642250767505278 0.12640135516874035 0.10203482887115185
0.12558918250042259 0.08445826024022758 0.16939665378421587 0.09529566098738784 0.14843436428912896 0.12080768450115721 0.14166340051259446 0.11435479318486541
0.10857075949902957 0.07267241586314829 0.23617852255944852 0.13344022487263088 0.10181774634638267 0.07844823596674572 0.14877589250724665 0.12009620238536778
0.10408376510410981 0.07131110903411558 0.2611558867394419 0.13258137734794317 0.09235249581054515 0.0713737847403768 0.14781834161031873 0.11932323961314888
0.10251276443362184 0.07074807681447544 0.26976612160525404 0.13169766621756537 0.09005317962221156 0.06986122206252365 0.14683306964853932 0.11852789959580885
0.10193998474143294 0.07052251442460544 0.27268505245092584 0.13134070053887772 0.08941195062803776 0.0694580871750982 0.14643507955603233 0.11820663048498994
0.10173371678813517 0.07044007507689741 0.27368041385524416 0.13121229103037257 0.08921586291908433 0.06933466586608288 0.1462919125368482 0.1180910619273353
0.09232916729748297 0.14015694168021814 0.15554843798759832 0.16318474651033155 0.08096920076471636 0.13793386284944648 0.08301137105090779 0.1468662718592984
0.10571457789794357 0.07807006042497668 0.23996153356640543 0.13641395453208086 0.09011241897337187 0.07978661336184481 0.15101585524105002 0.1189249860023269
0.09685804655723483 0.14694274528005088 0.10708761648637014 0.11848307102307505 0.11249913773016121 0.19558726691454945 0.08036243078086829 0.14217968522769003
0.1050393147024622 0.07885377279702799 0.2149096721884648 0.13665503768569956 0.0974181571738278 0.09177434265297381 0.15236016888241427 0.12298953391712959
0.10625161380710946 0.07228697168498449 0.260501259384395 0.13364744956603858 0.09127623815668472 0.07157008571984366 0.14795322052080784 0.11651316116013619
0.09701539640720874 0.14613282834788482 0.11066922577654537 0.11845787316501613 0.11292004885161294 0.1923098395939625 0.08034534005975005 0.14214944779801933
0.13727654484977123 0.10294507858894447 0.17673870403105932 0.11158305451593128 0.12738062054709193 0.11924446971122078 0.12440677869164277 0.10042474906433814
0.11085197254278055 0.073738117902504 0.2387245939218611 0.1329865577683264 0.09775976684508256 0.07798100148625048 0.14827008754170123 0.11968790199149375
0.1045797806916786 0.07129759956935819 0.2620826793474676 0.13241255857038967 0.09160353666973085 0.07122242116626161 0.1476301212717628 0.1191713027133507
0.10268895337110719 0.07069612225775429 0.27012382880791347 0.13159705836583138 0.08994334073873614 0.0697924445275047 0.14672089940190453 0.11843735252924825
0.10206933462313003 0.07048278260913704 0.27283365141723304 0.13126853896599877 0.08943363139533177 0.0694157511323061 0.1463546247874643 0.1181416850693989
0.10186162683753278 0.07040779144284924 0.27374338710280977 0.13115287631045003 0.08926857405538298 0.06930248601350136 0.1462256695580689 0.11803758867940502
0.10179149689487513 0.0703819788314748 0.27405005918431913 0.13111321693583608 0.08921383346468915 0.06926606713152408 0.14618145231502916 0.11800189524225246
0.10176762377169755 0.07037307393903337 0.27415478801593685 0.13109951691305416 0.0891953545314878 0.06925389979502444 0.14616617781201707 0.11798956522174874
0.1017593421674877 0.07036991519868818 0.27419161273044335 0.13109461941261863 0.08918895388042254 0.06924968167446628 0.14616071746451656 0.11798515747135677
0.1017563466644761 0.07036872089174656 0.2742053550327713 0.13109273721390952 0.08918662595061035 0.06924813180054887 0.14615861895341853 0.11798346349251856
0.1017551711232817 0.07036821506143881 0.2742110587456961 0.13109191911065513 0.08918569958711098 0.06924750234288518 0.14615770682934234 0.11798272719958962
0.10175464444325572 0.07036796411764365 0.27421381868586225 0.13109150061962 0.0891852754993797 0.06924720583351181 0.14615724024306884 0.11798235055765799
0.13586127142239274 0.09395430919765917 0.22883079687483898 0.1093947154854225 0.11907885842532881 0.09245786067596935 0.12196694398150836 0.09845524393688024
0.0849827798469574 0.12301276865431715 0.12516902623972448 0.13980851347305154 0.09854978058480658 0.16588027111262868 0.09482664392085235 0.16777021616766183
0.14114320312421666 0.10411966779158509 0.1844489189043865 0.11087077252824083 0.1263630640440874 0.11365929992726086 0.12273850275816647 0.09665657092205611
0.10160888473836269 0.1470428314961431 0.09590426106628773 0.11544470665773096 0.11826475343181993 0.20489928749600436 0.07830162712437404 0.13853364798927714
0.13871289732493333 0.10299758738960109 0.1715905043520864 0.11150657379049664 0.12869127637362196 0.12182373596751347 0.12432150839029996 0.10035591641144695
0.14647220919716702 0.09704162956533872 0.1946121797380292 0.1093752373854744 0.12897401150907886 0.10314179160432928 0.12194522735365576 0.09843771364692694
0.11217382830970467 0.07279574935208846 0.2446745285908019 0.1319884495371933 0.09740131557311012 0.0750192527039509 0.1471572713496767 0.11878960458347397
0.10473500829379095 0.07106138103897118 0.26403374532694684 0.13208209761416378 0.09133321353022321 0.07061898437632026 0.1472616819668363 0.1188738878527474
0.10274900447371828 0.070618945401123 0.27076508251167375 0.13147860554185975 0.08982253173476146 0.06964625200625074 0.14658883334293912 0.11833074498767375
0.11916372902025243 0.08218133820065003 0.19906643642089475 0.09566524934257332 0.13901815446207183 0.1078939749167935 0.14221281842567618 0.114798299211088
0.10673034094436447 0.07194089952382432 0.2468891792936744 0.13237967009860777 0.09943488115220805 0.0758898728184844 0.14759345308008956 0.119141703088747
0.09358858721415847 0.1405243639549095 0.14951986263288608 0.16338341861016228 0.08280625808766551 0.1400199980667723 0.08311243468429996 0.14704507674914605
0.10630586087958285 0.07821126034475369 0.23773871407171207 0.13661522734088416 0.09057739279763222 0.08021241744643672 0.1512386725141249 0.11910045460487338
0.08389799636656889 0.12018379175630835 0.12749493282326754 0.13338240133048146 0.10152711907999167 0.16674895598241923 0.1000368009978611 0.1667280016631018
0.0677116319563349 0.10550137992359329 0.06670890678470412 0.08446214385149736 0.13997000001034526 0.2653670771487335 0.10135457262179683 0.16892428770299472
0.0725936462205457 0.12188600197073855 0.09057729049254047 0.13713585121377683 0.10031229764066937 0.21991800931237418 0.09301388169282256 0.16456302145653218
0.10127476104310495 0.07801593516921504 0.21030444378666996 0.13853505859867118 0.0962752463851386 0.0964567503780868 0.1544562519003095 0.12468155273880406
0.12073917825756798 0.08253940136466395 0.17723923672251685 0.09164210000454678 0.14945759659111243 0.11836621125304064 0.1454636508008679 0.11455262500568347
0.08255622246429406 0.12160332120475913 0.11459440724260074 0.1397994165920185 0.10430924643001352 0.17455761229347933 0.09482047386241253 0.16775929991042218
0.10510617648956148 0.07760500520189421 0.22486340484643597 0.13789233207691046 0.09553448809643504 0.08613228536937396 0.1526524799549029 0.12021382796448603
0.08377181913648916 0.12005722613810563 0.12484483824240376 0.13332600795236632 0.10263729335316836 0.16871079927273416 0.09999450596427475 0.1666575099404579
0.11748131194269963 0.08640030837207072 0.15342572514972447 0.09223037409284629 0.15244873153470875 0.1363281620968981 0.14639741919499413 0.11528796761605786
0.07075165303569346 0.1052944842678924 0.06604993532214945 0.08411899994361015 0.15074658267913754 0.2597093014497808 0.09509104341451582 0.1682379998872203
0.11212431068646966 0.08530863477623624 0.13879016756614287 0.09597719592041173 0.15720090868311723 0.1527495992978593 0.1426765479652688 0.11517263510449408
0.12123303335676584 0.08308770339150034 0.15958794300958454 0.09527337311085111 0.15795146112412514 0.126908170186976 0.1416302680871757 0.11432804773302134
0.10822768592596785 0.0726870776099959 0.2326564544304193 0.13363003909172547 0.10402470204375326 0.07951948451928835 0.1489875211962969 0.12026703518255293
0.0939835146983416 0.140774683586284 0.1463279996369299 0.16356929941087744 0.08370004175417728 0.14122510000415367 0.08320699143944636 0.1472123694697897
0.09767784673730198 0.15181490018960594 0.13005645086193812 0.15906285707560835 0.0834954477656113 0.15602020442344464 0.0832021098549336 0.138670183091556
0.08176623993248137 0.12727906631111618 0.10479197374911417 0.13200271657009768 0.09934655951240814 0.19080801078458712 0.09900203742757326 0.16500339571262207
0.07882296823633878 0.123898551401089 0.09934704105324944 0.13138245382961705 0.10205798180870426 0.20172609601176728 0.0985368403722128 0.1642280672870213
0.0891899136251005 0.1488826356692896 0.08108929074352635 0.11502956322769477 0.1119462194168537 0.23780684986377798 0.0780200515805234 0.13803547587323373
0.10425951459966905 0.07945686952958991 0.20507652787178085 0.13739699932821325 0.09799360866520135 0.09897177986660853 0.1531874007435452 0.12365729939539193
0.10678539489154261 0.07249299177684668 0.2569790530055227 0.13394602589622212 0.0919558959889373 0.07278342317538843 0.1482837567919105 0.11677345847362954
0.08137881818766551 0.12218758887554491 0.13197675156175115 0.1419861722927867 0.09459647941471255 0.16118711823065285 0.09630366468554227 0.17038340675134403
0.14055836551133244 0.10400606722481044 0.1867527631023352 0.11084102609453088 0.12583252341672055 0.11267304428331519 0.1227055722332617 0.09663063813369357
0.0631826580157686 0.09141461186162021 0.08584694215515917 0.10291324091971016 0.12254831786343544 0.21193104021825723 0.11633670712662889 0.20582648183942032
0.099598388014881 0.07608091336887671 0.20890282306170507 0.13904300367455066 0.10077380169492416 0.09543979412440065 0.15502257275356618 0.1251387033070956
0.10583694086623371 0.07222739462126677 0.2584365797285097 0.13389630277034387 0.09241227717756247 0.07223168348101144 0.1482287112475927 0.11673011010747929
0.12012272798902882 0.08242336826450629 0.19561317308934564 0.09580285089032052 0.1400240171575327 0.10863306917258399 0.14241737236829738 0.11496342106838461
0.08259923700381527 0.12176547724879726 0.11844653478956854 0.1400043835118484 0.1027345578712109 0.1714850544568532 0.09495949490368848 0.16800526021421805
0.10513380374294905 0.07751298282582934 0.22625024846325148 0.13770225227722238 0.09534426970544417 0.08556627181238725 0.15244205380303005 0.12004811736988617
0.06343277675959548 0.0907203793054059 0.09458100014134492 0.10074952065745038 0.12434341243533828 0.20377444459702374 0.12089942478894046 0.20149904131490076
0.0626214866258502 0.10471230543794448 0.0582469627624327 0.0834653091196102 0.14138280984271498 0.28828841940223293 0.09435208856999414 0.1669306182392204
0.09906237579223409 0.07664764645408044 0.1962564265787932 0.13803189009554956 0.10434662115966052 0.10753108226447043 0.1538952565692172 0.12422870108599463
0.1194394087084895 0.08348884348908533 0.17834829827901644 0.09667003348605778 0.14466179075758984 0.11768108755602379 0.143706497540468 0.11600404018326935
0.10744483655840056 0.0724471117909599 0.23958139483899457 0.13315207313950223 0.10127669637873189 0.07780639663919003 0.1484546248286689 0.119836865825552
0.12065967056655348 0.08255058609237355 0.19021147489683707 0.09593508513752673 0.14284911456134067 0.1100580191221625 0.14261394745817407 0.11512210216503209
0.14145093740897616 0.0950476246964608 0.20075876544858062 0.10927103898881478 0.13263293759433165 0.10066570685552252 0.12182905391738005 0.09834393508993329
0.11101864020391455 0.07250224545184945 0.2467812450609963 0.13169629132757765 0.09814672593863731 0.07449665307339812 0.14683153674880672 0.11852666219481987
0.10448501451097206 0.07096978149267956 0.2646975652125618 0.13194222771747383 0.09157557989863463 0.07047608875187279 0.14710573747007902 0.11874800494572645
0.08100065463964494 0.12196872932608553 0.1335268705834717 0.14193322961042137 0.09462266648490111 0.16036021808720555 0.09626775573576407 0.17031987553250563
0.09536799192235478 0.1493384002422879 0.1270983705994225 0.15918107478547203 0.08539318423735026 0.1615837867174797 0.0832639468108623 0.13877324468477048
0.06963594465478515 0.108510358829054 0.06678557471866442 0.08458401508076557 0.13634202354754335 0.2634732349107377 0.10150081809691867 0.16916803016153115
0.07294012979067761 0.12227599373607535 0.09062326641217747 0.13718651862411557 0.09994154744037416 0.21936047423302357 0.09304824741461752 0.1646238223489387
0.10136376916721174 0.07803206427642331 0.21029509535590227 0.1385111413046317 0.0963450668888322 0.09636324993050215 0.1544295859023282 0.12466002717416853
0.10621692749406093 0.07232602907978998 0.25891647676455 0.1338257517274582 0.09156429985798932 0.07233130266308611 0.14815060834297367 0.11666860407009177
0.08128398367762232 0.12214075434917124 0.13235442516904308 0.1419508253630362 0.09464634669674064 0.16100298406251004 0.09627969024623323 0.1703409904356434
0.140655653156418 0.10397655430452235 0.1868478574949764 0.11081172231644973 0.12581663734540607 0.11261335238565501 0.12267313174633424 0.09660509125023822
0.0857027478885893 0.12394339970509241 0.11642791699986829 0.13953179810338587 0.09991643061062107 0.17240059025477916 0.09463895871360087 0.16743815772406304
0.14205804627871255 0.10419246140305528 0.18141048085636396 0.11083547828300208 0.12720353671705156 0.11497476430391623 0.12269943057784519 0.09662580158005309
0.10183126789421823 0.14691400083299724 0.09532546745041683 0.11532684859058462 0.11872474669173412 0.20526376162208151 0.07822168860926608 0.13839221830870152
0.13884222170389943 0.10292694006782549 0.17129988555721123 0.11143167584817872 0.12912041228045795 0.12185235350505227 0.12423800277401416 0.10028850826336083
0.11151464999524495 0.07377938626917832 0.23667075731004356 0.13304922642244135 0.09846442759264588 0.07843729021597443 0.14833995841427416 0.11974430378019722
0.10492348585712652 0.07129943478288504 0.2613223108584903 0.13240446602065192 0.09196961574012999 0.07129556863940263 0.14762109868272685 0.11916401941858673
0.10292153781101936 0.07067274942237245 0.26981342471175657 0.13154707265096915 0.09020207571972108 0.06978560523817867 0.1466651690601104 0.11839236538587224
0.13645900991207394 0.09400650867958289 0.22740606476174466 0.10942186727481751 0.11963820289875715 0.09259144972525726 0.12199721620043087 0.09847968054733575
0.12607109109046316 0.08301892431191667 0.1847500812626098 0.0943429265213696 0.14637226706416 0.11198610118460722 0.14024709673923003 0.11321151182564351
