Action: 0
[0.7371000000000001, 0.08189999999999999, 0.07289999999999998, 0.008099999999999996, 0.08189999999999999, 0.009099999999999997, 0.008099999999999994, 8.999999999999992E-4]
[0.69564, 0.12276000000000002, 0.05235999999999996, 0.009239999999999995, 0.09486, 0.016740000000000005, 0.007139999999999995, 0.0012599999999999994]
[0.7532960000000001, 0.06550399999999998, 0.093104, 0.008095999999999996, 0.06550399999999998, 0.0056959999999999945, 0.008095999999999996, 7.039999999999992E-4]
[0.71253, 0.10647000000000001, 0.07046999999999998, 0.010529999999999998, 0.07916999999999999, 0.011829999999999999, 0.007829999999999995, 0.0011699999999999994]
[0.69564, 0.09486, 0.05235999999999996, 0.0071399999999999944, 0.12276000000000004, 0.016740000000000005, 0.009239999999999995, 0.0012599999999999992]
[0.6544549999999999, 0.13404500000000003, 0.03444500000000003, 0.007055000000000008, 0.13404500000000003, 0.02745500000000001, 0.0070550000000000074, 0.0014450000000000018]
[0.7125300000000001, 0.07916999999999999, 0.07046999999999998, 0.007829999999999995, 0.10647000000000001, 0.011829999999999997, 0.010529999999999998, 0.0011699999999999994]
[0.671925, 0.11857500000000001, 0.05057499999999996, 0.008924999999999995, 0.11857500000000003, 0.02092500000000001, 0.008924999999999994, 0.0015749999999999994]

Action: 1
[0.53662194, 0.19050806000000003, 0.028243260000000023, 0.010026740000000011, 0.16447806, 0.05839194000000002, 0.008656740000000008, 0.003073260000000004]
[0.48949109999999996, 0.23568089999999997, 0.015138900000000012, 0.007289100000000006, 0.16525890000000001, 0.0795691, 0.005111100000000006, 0.0024609000000000024]
[0.550652256, 0.17772374400000004, 0.04144694399999997, 0.013377055999999993, 0.152427744, 0.04919625600000001, 0.011473055999999992, 0.003702943999999998]
[0.50390109, 0.22322890999999997, 0.026521110000000025, 0.01174889000000001, 0.15444891000000002, 0.06842109, 0.008128890000000008, 0.0036011100000000033]
[0.4537504799999999, 0.17645851999999995, 0.014033520000000011, 0.005457480000000004, 0.24464952, 0.09514147999999999, 0.0075664800000000065, 0.0029425200000000023]
[0.41100671699999997, 0.214574283, 0.004151583000000003, 0.0021674170000000018, 0.23942328300000004, 0.12499571700000002, 0.0024184170000000026, 0.0012625830000000014]
[0.46798424999999994, 0.16614075000000003, 0.02463075000000002, 0.00874425000000001, 0.23311575, 0.08275925000000002, 0.012269250000000011, 0.004355750000000005]
[0.42539107499999995, 0.20481792499999998, 0.013156425000000012, 0.0063345750000000055, 0.22935892500000002, 0.110432075, 0.007093575000000007, 0.003415425000000003]

