Action: 0
[0.13725467056474397, 0.09463987613311309, 0.229064012829286, 0.09463987613311309, 0.16048193594040466, 0.09463987613311309, 0.09463987613311309, 0.09463987613311309]
[0.09862223180088978, 0.09862223180088978, 0.1930177970571894, 0.09862223180088978, 0.21524881213747185, 0.09862223180088978, 0.09862223180088978, 0.09862223180088978]
[0.22398524410128423, 0.09916680432540297, 0.18849669153771828, 0.09588987506282826, 0.10479175978091135, 0.09588987506619834, 0.09588987506282826, 0.09588987506282826]
[0.125, 0.125, 0.125, 0.125, 0.125, 0.125, 0.125, 0.125]
[0.13450593839919603, 0.09424425225940107, 0.26816552511797187, 0.09424425225940107, 0.12610727518578824, 0.09424425225943962, 0.09424425225940107, 0.09424425225940107]
[0.11190881950989855, 0.10555293598712362, 0.19092211816159232, 0.09438009338558287, 0.2134920641395216, 0.09498378204511528, 0.09438009338558287, 0.09438009338558287]
[0.125, 0.125, 0.125, 0.125, 0.125, 0.125, 0.125, 0.125]
[0.125, 0.125, 0.125, 0.125, 0.125, 0.125, 0.125, 0.125]

Action: 1
[0.09765457275171513, 0.09685132271535615, 0.09685132271535615, 0.09685132271535615, 0.1425202431987253, 0.2755685704727788, 0.09685132271535615, 0.09685132271535615]
[0.10285105474385359, 0.10285105474385359, 0.10285105474385359, 0.10285105474385359, 0.17719156204917136, 0.20570210948770717, 0.10285105474385359, 0.10285105474385359]
[0.10898716902722591, 0.09600191329367508, 0.09600191323283642, 0.09600191323283642, 0.18687081716611006, 0.22413244758164327, 0.09600191323283642, 0.09600191323283642]
[0.125, 0.125, 0.125, 0.125, 0.125, 0.125, 0.125, 0.125]
[0.09877993843548269, 0.0979666714821504, 0.0979666714821504, 0.0979666714821504, 0.22015192523372237, 0.19123477892004295, 0.0979666714821504, 0.0979666714821504]
[0.09767429904310049, 0.09767429904310049, 0.09767429904310049, 0.09767429904310049, 0.18615469713119218, 0.2277995086102049, 0.09767429904310049, 0.09767429904310049]
[0.125, 0.125, 0.125, 0.125, 0.125, 0.125, 0.125, 0.125]
[0.125, 0.125, 0.125, 0.125, 0.125, 0.125, 0.125, 0.125]

