0.125 0.125 0.125 0.125 0.125 0.125 0.125 0.125
0.125 0.125 0.125 0.125 0.125 0.125 0.125 0.125
0.1232638888888889 0.1232638888888889 0.1371527777777778 0.1232638888888889 0.1232638888888889 0.1232638888888889 0.1232638888888889 0.1232638888888889
0.13507908950617284 0.12138310185185186 0.13662229938271606 0.12138310185185186 0.12138310185185186 0.12138310185185186 0.12138310185185186 0.12138310185185186
0.13454928090706447 0.11954049318415638 0.13472074867112482 0.11954049318415638 0.1330275045010288 0.11954049318415638 0.11954049318415638 0.11954049318415638
0.13270216972212695 0.11775224962134202 0.13272122169591144 0.11775224962134202 0.13253308345478965 0.13103452664180384 0.11775224962134202 0.11775224962134202
0.13097049948139286 0.11622581395671208 0.13097261636736893 0.11622581395671208 0.13095171211835538 0.14220191620603426 0.11622581395671208 0.11622581395671208
0.12940903027355755 0.11485675255340276 0.12940926548311044 0.11485675255340276 0.12940694278877557 0.15234775124094557 0.11485675255340276 0.11485675255340276
0.12499999999999999 0.12499999999999999 0.12499999999999999 0.12499999999999999 0.12499999999999999 0.12499999999999999 0.12499999999999999 0.12499999999999999
0.12819971610846798 0.1143108272195791 0.12819971610846798 0.1143108272195791 0.13909065330344253 0.1472666056013052 0.1143108272195791 0.1143108272195791
0.1262461833132422 0.11200177041230132 0.12624618331324222 0.11200177041230132 0.14867249637420338 0.1508280553501068 0.11200177041230132 0.11200177041230132
0.1229051658979152 0.1229051658979152 0.1229051658979152 0.1229051658979152 0.1229051658979152 0.13966383871459373 0.1229051658979152 0.1229051658979152
0.12586545728816803 0.11220932774395524 0.12586545728816803 0.11220932774395524 0.1504006025709333 0.14903117187690954 0.11220932774395524 0.11220932774395524
0.1343310062450004 0.10937961311246645 0.12336466392226289 0.10937961311246645 0.15611475809164957 0.1486711192912214 0.10937961311246645 0.10937961311246645
0.12131595552027022 0.12131595552027022 0.12131595552027022 0.12131595552027022 0.12131595552027022 0.15078831135810847 0.12131595552027022 0.12131595552027022
0.1341768665859639 0.11012736035404384 0.1236069109674072 0.11012736035404384 0.15182465130302936 0.14988212972742418 0.11012736035404384 0.11012736035404384
0.13374879336893017 0.10714975802110671 0.13165342007339426 0.10714975802110671 0.15933313844671707 0.14666561602653164 0.10714975802110671 0.10714975802110671
0.1201665204620103 0.1201665204620103 0.1201665204620103 0.1201665204620103 0.1201665204620103 0.15883435676592803 0.1201665204620103 0.1201665204620103
0.13153397643611944 0.10771233261090639 0.13153397643611944 0.10771233261090639 0.14901455328372187 0.15706816340041385 0.10771233261090639 0.10771233261090639
0.11832769179655529 0.13029572875332265 0.11832769179655529 0.11832769179655529 0.11832769179655529 0.15973812046734556 0.11832769179655529 0.11832769179655529
0.1303370381234086 0.10687992113441952 0.13807657063256726 0.10687992113441952 0.14755012128248213 0.15651658542386418 0.10687992113441952 0.10687992113441952
0.11630812350858301 0.12818367030129624 0.11630812350858301 0.11630812350858301 0.13270258142885877 0.15757313072692997 0.11630812350858301 0.11630812350858301
0.1288351389070486 0.10577837832558301 0.14191970303780774 0.10577837832558301 0.15138934618047512 0.15474229857233648 0.10577837832558301 0.10577837832558301
0.11541769181979987 0.1271708449670869 0.11541769181979987 0.11541769181979987 0.13223873028429708 0.16350196564961653 0.11541769181979987 0.11541769181979987
0.13511045842905267 0.10468101944550318 0.14054565341741176 0.10468101944550318 0.15013255784984308 0.15548725252167975 0.10468101944550318 0.10468101944550318
0.11378636838602973 0.1254175927688634 0.11378636838602973 0.11378636838602973 0.14354843777038714 0.16210212753060074 0.11378636838602973 0.11378636838602973
0.13369788694024592 0.10369854022511436 0.13905626042219799 0.10369854022511436 0.15303731804139314 0.1594143736957055 0.10369854022511436 0.10369854022511436
0.11291850057294184 0.12444056059795454 0.11291850057294184 0.11291850057294184 0.14325640557619476 0.16771053096114155 0.11291850057294184 0.11291850057294184
0.13283760600524236 0.10306706936461288 0.1418780860336151 0.10306706936461288 0.1523054733156776 0.16071055718701324 0.10306706936461288 0.10306706936461288
0.11243367723014962 0.12388557382621772 0.11243367723014962 0.11243367723014962 0.14262650235321359 0.17131953766982083 0.11243367723014962 0.11243367723014962
0.13229955151315884 0.10265683671764415 0.14385359405567816 0.10265683671764415 0.15167873775410284 0.1615407698064835 0.10265683671764415 0.10265683671764415
0.11117676246503144 0.1225830776558808 0.11117676246503144 0.11117676246503144 0.15116628939818477 0.1703668206207773 0.11117676246503144 0.11117676246503144
0.1363222419348838 0.10177542481246618 0.1425116367529929 0.10177542481246618 0.15373252084062605 0.1603319012216325 0.10177542481246618 0.10177542481246618
0.1108664235544075 0.12217480408912594 0.1108664235544075 0.1108664235544075 0.15139742264950962 0.17209565548932673 0.1108664235544075 0.1108664235544075
0.13936627201218113 0.10126057107946927 0.14188307192285426 0.10126057107946927 0.15329710950568098 0.16041126224140664 0.10126057107946927 0.10126057107946927
0.11067360354799365 0.12192477811237912 0.11067360354799365 0.11067360354799365 0.151089808087421 0.1736173960602317 0.11067360354799365 0.11067360354799365
0.1390507819903513 0.10101135487853749 0.14327655406273515 0.10101135487853749 0.1529421636516253 0.1606850807811384 0.10101135487853749 0.10101135487853749
0.12419415796706464 0.11996755495464087 0.10874407107924781 0.10874407107924781 0.149066695483445 0.17179530727785836 0.10874407107924781 0.10874407107924781
0.14323160804262688 0.100545055258136 0.14321515305119123 0.100545055258136 0.1517805036022615 0.1595925142713762 0.100545055258136 0.100545055258136
0.1245573686044251 0.1198144182950372 0.10864274548857764 0.10864274548857764 0.14865910260364093 0.17239812854258627 0.10864274548857764 0.10864274548857764
0.14324102455005422 0.10042963328445148 0.14383116678548583 0.10042963328445148 0.1515249886059812 0.15968428692067263 0.10042963328445148 0.10042963328445148
0.1236717822843022 0.11891496103256854 0.10775611288985174 0.10775611288985174 0.15484064705672607 0.1715481580669962 0.10775611288985174 0.10775611288985174
0.12015310770865775 0.11962457201402067 0.1064117985659575 0.1064117985659575 0.1596318015191115 0.17494332449438005 0.1064117985659575 0.1064117985659575
0.11794783083007422 0.11788910464178122 0.11642101870310753 0.10459748552911226 0.1594642476471499 0.17448534159055024 0.10459748552911226 0.10459748552911226
0.1171960806972783 0.11718955556524574 0.1170264349053931 0.10409076616060338 0.1625199670570958 0.17379566329317706 0.10409076616060338 0.10409076616060338
0.11574425800725045 0.11574353299258017 0.12592162889647007 0.10272247126310842 0.16227131650572477 0.1721518498086493 0.10272247126310842 0.10272247126310842
0.11518222757654861 0.11518214701936302 0.12728428297864247 0.10232175446463189 0.16429163069643163 0.17109444833511842 0.10232175446463189 0.10232175446463189
0.11401730632018586 0.11401729736938745 0.1347773020044711 0.10121928103390268 0.16396069608749436 0.16956955511675303 0.10121928103390268 0.10121928103390268
0.12245752230791307 0.11252347873519336 0.13538841730456533 0.09985489013859476 0.16246992440476038 0.16759598683178367 0.09985489013859476 0.09985489013859476
0.12329491992630426 0.11152171983105177 0.14108940337588652 0.09901911108269694 0.16106483378685496 0.16597178983181166 0.09901911108269694 0.09901911108269694
0.12279935517810944 0.11074884399917814 0.14685112928101254 0.09835754179572795 0.15986667372364127 0.16466137243087473 0.09835754179572795 0.09835754179572795
0.12962722996892662 0.10955707040259723 0.14772558332326885 0.09725164329157746 0.15830320925883853 0.16303197717163637 0.09725164329157746 0.09725164329157746
0.13091814453010642 0.10891542224787329 0.15087045825275316 0.0967424144253625 0.15719690814681347 0.16187182354636614 0.0967424144253625 0.0967424144253625
0.13089960811838963 0.10848524684323885 0.15399952989025598 0.09638353326014182 0.1564155410828919 0.16104947428479838 0.09638353326014182 0.09638353326014182
0.13062818413551908 0.10817091264819895 0.15654488849490975 0.09611699633228352 0.15585060748650645 0.16045441823801518 0.09611699633228352 0.09611699633228352
0.13036286766663435 0.10794223006665885 0.15846113120614896 0.09592323977241453 0.15544110814595963 0.16002294359735478 0.09592323977241453 0.09592323977241453
0.13015536350998871 0.10777926642028324 0.1598481244565553 0.0957856853017656 0.15514716976226225 0.1597130199456137 0.0957856853017656 0.0957856853017656
0.13543223672101418 0.10696352584106773 0.1596112225937963 0.0949880517943696 0.15423728397485928 0.15879157548615358 0.0949880517943696 0.0949880517943696
0.13581481135995527 0.1149352032611199 0.15825829917352496 0.09373090271985197 0.15263265815063246 0.15716631989521135 0.09373090271985197 0.09373090271985197
0.13588355358602267 0.11646535934484997 0.15817215403510287 0.09368076456305761 0.15196972861538047 0.15646691072947114 0.09368076456305761 0.09368076456305761
0.1357358343571557 0.11659961532434988 0.15796796924111914 0.09351168452946955 0.15314310275066786 0.1560184247382989 0.09351168452946955 0.09351168452946955
0.1356246475981842 0.11656094522490527 0.15816299480696142 0.09344639971144313 0.15353823833628868 0.15577397489933095 0.09344639971144313 0.09344639971144313
0.13949087034662028 0.11598244394104543 0.1576720578461722 0.09287556433429436 0.15312245025424878 0.15510548460903018 0.09287556433429436 0.09287556433429436
0.14351765097155825 0.11539908178458542 0.15700224906295526 0.09240688346746107 0.15249061825700674 0.15436974952151117 0.09240688346746107 0.09240688346746107
0.14489642499813615 0.11518676059593234 0.15686102003029617 0.09231020718105587 0.15214601734497796 0.15397915548748975 0.09231020718105587 0.09231020718105587
0.14536807732081627 0.11511112688398073 0.15692397452983994 0.0922766637261342 0.15197725590097508 0.15378957418598524 0.0922766637261342 0.0922766637261342
0.1475048192735207 0.114809599353745 0.15666338603101382 0.09199012971772437 0.15162450157132998 0.15342730461721737 0.09199012971772437 0.09199012971772437
0.14733643162157503 0.1212748582854573 0.15557160026481748 0.09100574058628298 0.15050169513038847 0.15229819293891309 0.09100574058628298 0.09100574058628298
0.14722190291999088 0.12292917635485288 0.15517457150577188 0.09095551753140672 0.1500108939349096 0.15179690269025453 0.09095551753140672 0.09095551753140672
0.1470655998221324 0.12325276539888665 0.15489811466426015 0.09084295185809739 0.15077058724099193 0.15148407729943666 0.09084295185809739 0.09084295185809739
0.14698601848938192 0.12331818776686523 0.15483320832388264 0.09082306119550052 0.1510541853601463 0.15133921647322232 0.09082306119550052 0.09082306119550052
0.14830407676509177 0.1231405920302261 0.15461154230961807 0.0906282170983789 0.15097263546609327 0.15108650213383415 0.0906282170983789 0.0906282170983789
0.14878481480443617 0.12305731459453398 0.1545298913907938 0.09059176210859256 0.1509036022269003 0.15094909065755788 0.09059176210859256 0.09059176210859256
0.1489632460409079 0.12302515319811798 0.15451712192547384 0.09058155649389545 0.15086581862317094 0.15088399073064315 0.09058155649389545 0.09058155649389545
0.14902874323934923 0.12301215651359115 0.1545283094731636 0.09057703904019054 0.15084620705217658 0.15085346660114776 0.09057703904019054 0.09057703904019054
0.1490518192818337 0.12300610557646709 0.15454443505781135 0.09057441462990615 0.1508357480437173 0.15083864815045206 0.09057441462990615 0.09057441462990615
0.1499861514744145 0.12287175107946728 0.15441835136916865 0.09044165543964924 0.15069881059927517 0.15069996915872652 0.09044165543964924 0.09044165543964924
0.15096609593095528 0.12272458302670769 0.15425441056013592 0.09032990944311135 0.15053235966081252 0.15053282249205463 0.09032990944311135 0.09032990944311135
0.15134155190205872 0.12266506815467547 0.15417531073747798 0.09030919487293207 0.15044514984560348 0.150445334741388 0.09030919487293207 0.09030919487293207
0.1514883490782365 0.12264438565716895 0.15414394386732075 0.09030420324689042 0.15040531889642625 0.1504053927601762 0.09030420324689042 0.09030420324689042
0.1515460304487154 0.12263726721309162 0.1541335772218967 0.09030253766524672 0.15038774130641677 0.1503877708141396 0.09030253766524672 0.09030253766524672
0.15199708362694123 0.12257384449282084 0.1540677384225002 0.09024099169589944 0.1503191732910209 0.15031918507901848 0.09024099169589944 0.09024099169589944
0.15208025832049177 0.12245649062742092 0.15393984185733975 0.09014035899140842 0.15091117906227156 0.15019115315825063 0.09014035899140842 0.09014035899140842
0.15238625457634558 0.12236693896420482 0.15382826810344963 0.09008174723203519 0.15109190254814972 0.1500813941117446 0.09008174723203519 0.09008174723203519
0.15178071451170017 0.1273748734839511 0.1530511642403118 0.08935084608383619 0.15043406403196513 0.14930664548056313 0.08935084608383619 0.08935084608383619
0.15148092494006063 0.1288793169389698 0.15268051785373407 0.08929913522945832 0.15011640316450853 0.148945431414352 0.08929913522945832 0.08929913522945832
0.15136805981999488 0.12935675751275896 0.15253890077519294 0.08930908842765584 0.14999793288220709 0.1488110837268787 0.08930908842765584 0.08930908842765584
0.15132892130997289 0.129512216593458 0.1524886442111879 0.08931618869826001 0.14995713815677142 0.14876451363382964 0.08931618869826001 0.08931618869826001
0.15131573309366217 0.1295633697157722 0.1524715453714789 0.08931903481547843 0.1499434918408224 0.14874875553182917 0.08931903481547843 0.08931903481547843
0.1513113072804397 0.12958024208035207 0.1524660251226004 0.0893200119738781 0.14993895208615624 0.14874343750881736 0.0893200119738781 0.0893200119738781
0.1513097970424556 0.12958578789792463 0.15246443467310697 0.0893203149108285 0.14993741969759267 0.1487416159564347 0.0893203149108285 0.0893203149108285
0.15130925796027592 0.12958759082757437 0.15246411985296984 0.08932039454559876 0.14993687982050932 0.14874096790187416 0.08932039454559876 0.08932039454559876
0.15124856006173498 0.12952767401947213 0.15240351242260633 0.0892599174991921 0.1503602690335231 0.14868023196508695 0.0892599174991921 0.0892599174991921
0.1512137104329168 0.12949907279814696 0.15236860648585032 0.08924993469205861 0.15052282036063303 0.14864598584627695 0.08924993469205861 0.08924993469205861
0.15119755090377338 0.12948830304696007 0.1523523872296438 0.08924805242005975 0.1505871789177129 0.14863042264173051 0.08924805242005975 0.08924805242005975
0.15119050495417544 0.12948453079338265 0.15234532460892128 0.08924762673474405 0.15061297980498245 0.14862377963430584 0.08924762673474405 0.08924762673474405
0.15114656842942753 0.1294423086840491 0.15230134965245798 0.08920657680700304 0.15090996691193412 0.14858007590112207 0.08920657680700304 0.08920657680700304
0.15112170186219276 0.1294223221061505 0.15227632461226648 0.08919971023239766 0.15102477053693636 0.14855575018526096 0.08919971023239766 0.08919971023239766
0.15108255731419643 0.12938715435283016 0.1522370031567905 0.08917075306334199 0.15126395081505153 0.1485170751711054 0.08917075306334199 0.08917075306334199
0.1512551062501674 0.1293436230495078 0.1521881145603818 0.08913814970859116 0.15132968542336808 0.14846902159080136 0.08913814970859116 0.08913814970859116
0.15132041971952556 0.12932446693194377 0.1521622740482631 0.08913252041031591 0.15135108263219377 0.14844419543712606 0.08913252041031591 0.08913252041031591
0.15081315225744107 0.1330482817298649 0.15161745120288864 0.08859839959063794 0.15082575918472313 0.14790015685316849 0.08859839959063794 0.08859839959063794
0.1506830725848641 0.13425806430261986 0.15132168589938744 0.0885282764131298 0.15053965148632192 0.1476126964874173 0.0885282764131298 0.0885282764131298
0.15061001584078748 0.1346544296549937 0.15117974580564508 0.08850882955263484 0.1505509075401308 0.14747841250053845 0.08850882955263484 0.08850882955263484
0.15058011214042835 0.13479086894290543 0.15112118986997697 0.08850903481140217 0.15055575176917171 0.147424972843311 0.08850903481140217 0.08850903481140217
0.15056891490037283 0.1348388912535137 0.15109808184316045 0.08851016181742719 0.15055887523282752 0.147404751317844 0.08851016181742719 0.08851016181742719
0.1505648575988524 0.13485595434611575 0.15108907989458165 0.08851071924720126 0.15056071993923473 0.14739723047961173 0.08851071924720126 0.08851071924720126
0.15056340701884038 0.13486204063155996 0.15108558061558328 0.0885109408074849 0.1505617017604706 0.14739444755109105 0.0885109408074849 0.0885109408074849
0.15055041305676412 0.13485173640500317 0.15107173523088646 0.08849854467460071 0.15064954161343316 0.14738093967011107 0.08849854467460071 0.08849854467460071
0.15063037465590343 0.13483368771151424 0.15105149401811843 0.08848403762846481 0.15067129434895984 0.14736103638010958 0.08848403762846481 0.08848403762846481
0.1507197512953893 0.1348166530306063 0.1510322797762149 0.08847320643184237 0.15066944255535505 0.1473422540469074 0.08847320643184237 0.08847320643184237
0.15075482800422668 0.1348089407481351 0.15102246969988883 0.08847134910919895 0.15066682082305555 0.14733289339709715 0.08847134910919895 0.08847134910919895
0.15076895273331048 0.13480591959181673 0.1510180397427277 0.08847097872774945 0.15066536820572388 0.14732878354317291 0.08847097872774945 0.08847097872774945
0.15081429492214654 0.13479913439244817 0.15101045824043835 0.08846523192463693 0.15065902177060486 0.14732139490045143 0.08846523192463693 0.08846523192463693
0.15083208205674564 0.13479583856835162 0.15100635685628877 0.08846426822932758 0.1506554383036999 0.14731747952693136 0.08846426822932758 0.08846426822932758
0.1507510460862824 0.13470631409612566 0.15091626656757093 0.08837587655893037 0.15056556739895535 0.1479331761742748 0.08837587655893037 0.08837587655893037
0.15069536036993142 0.13465336973591463 0.15085678095052513 0.08835370249558142 0.15057346638725383 0.14815991506963072 0.08835370249558142 0.08835370249558142
0.15066304942862285 0.13462588967997652 0.15082286190181302 0.08834441985137169 0.15061264133420288 0.14824229810126974 0.08834441985137169 0.08834441985137169
0.15064430474114637 0.13461106175316012 0.15080343127331813 0.08833903704562641 0.15065387010594045 0.14827022098955547 0.08833903704562641 0.08833903704562641
0.15063562146438111 0.13460503368288182 0.1507944538546746 0.08833810545565836 0.15066999660621871 0.14828057802486871 0.08833810545565836 0.08833810545565836
0.15063184563914817 0.13460277684667382 0.15079055186662504 0.08833792051674681 0.15067648388395366 0.14828458021335886 0.08833792051674681 0.08833792051674681
0.15065685372401943 0.13459815566559757 0.1507850903416723 0.0883340750288231 0.1506753224577759 0.1482823527244654 0.0883340750288231 0.0883340750288231
0.15068446711560607 0.1345933698897226 0.15077963097301306 0.08833087759086322 0.15067164448858217 0.14827825476048626 0.08833087759086322 0.08833087759086322
0.15069535258869712 0.13459118187112504 0.15077682750975127 0.08833033448276587 0.15066957964874786 0.14827605493338106 0.08833033448276587 0.08833033448276587
0.15069975173015326 0.13459032371244697 0.15077556077519583 0.08833022836406206 0.15066861921829153 0.14827505947172606 0.08833022836406206 0.08833022836406206
0.15069898908475693 0.1345874454020518 0.15077245279355533 0.08832764500985733 0.15068610401635468 0.1482720736737093 0.08832764500985733 0.08832764500985733
0.15069824373532698 0.1345860263959981 0.15077073620177003 0.08832721530274186 0.1506929108862312 0.14827043687244823 0.08832721530274186 0.08832721530274186
0.15069785418241957 0.1345854576029387 0.15076994440134278 0.08832713423372524 0.15069564703236105 0.1482696940797622 0.08832713423372524 0.08832713423372524
0.1506959533311207 0.13458352248025218 0.15076787684753032 0.08832539460988786 0.15070880935067152 0.14826765416076168 0.08832539460988786 0.08832539460988786
0.15070692546008474 0.13458084667372322 0.1507650098659426 0.08832338392093013 0.1507122474611866 0.14826481877627223 0.08832338392093013 0.08832338392093013
0.15071112856562957 0.13457958795487893 0.15076348360197905 0.08832304489878093 0.15071333171222687 0.14826333346894288 0.08832304489878093 0.08832304489878093
0.1507128030640689 0.13457908986344083 0.15076278612307473 0.08832297943935445 0.15071371509975554 0.1482626675315967 0.08832297943935445 0.08832297943935445
0.15072158655372767 0.13457774539216355 0.15076132398389513 0.088321806166198 0.15071270053737598 0.14826122503424385 0.088321806166198 0.088321806166198
0.15072502745738897 0.13457708755253456 0.1507605227576025 0.08832161043239659 0.15071208480560538 0.1482604461296787 0.08832161043239659 0.08832161043239659
0.15034453245484447 0.13725000203853754 0.15037827128032738 0.08793969078888969 0.15032991026787185 0.14787821159174988 0.08793969078888969 0.08793969078888969
0.15014858557308253 0.1381847567715689 0.15017533272987868 0.08789506450212416 0.15012707534561945 0.14767905607347792 0.08789506450212416 0.08789506450212416
0.15006584481714183 0.13852565514105333 0.15008967971666864 0.08789345994138374 0.15004150329591726 0.14759693720506772 0.08789345994138374 0.08789345994138374
0.15003211252061116 0.13865109187817526 0.15005473425728277 0.08789398830807299 0.15001582974645403 0.14756426667325767 0.08789398830807299 0.08789398830807299
0.15001893452587398 0.13869784269719176 0.15004105098462242 0.08789477792624827 0.15000598971793908 0.14755184829562792 0.08789477792624827 0.08789477792624827
0.1500138639162582 0.13871535867146978 0.15003577000991222 0.0878951639605134 0.1500023016748474 0.1475472138459722 0.0878951639605134 0.0878951639605134
0.15001557367687773 0.1387214138248663 0.15003321999094682 0.08789480109610917 0.15000041184608248 0.1475449773728992 0.08789480109610917 0.08789480109610917
0.1499567134374552 0.13866406423839533 0.14997259563016152 0.08783523284445474 0.14994006114663658 0.14796086701398692 0.08783523284445474 0.08783523284445474
0.1499230899670324 0.1386338013773473 0.14993823818472105 0.08782598341154924 0.1499058246501566 0.14812109558609507 0.08782598341154924 0.08782598341154924
0.14990768174916816 0.1386212280485913 0.1499225240726713 0.08782449867985481 0.14989016494581112 0.14818490514419355 0.08782449867985481 0.08782449867985481
0.14990104825215045 0.1386163681118588 0.14991576301251927 0.0878242457290935 0.1498834283911872 0.14821065504500378 0.0878242457290935 0.0878242457290935
0.14990070813548748 0.1386141897938795 0.14991256527824448 0.08782384813766503 0.1498802416569616 0.14822075072243188 0.08782384813766503 0.08782384813766503
0.14990050087578688 0.138613325226718 0.1499111745060093 0.08782378172670909 0.14987885583908211 0.14822479837227656 0.08782378172670909 0.08782378172670909
0.14989962830091869 0.1386122216964693 0.14990981176274212 0.08782299498200397 0.14988369222000836 0.14822566107384974 0.08782299498200397 0.08782299498200397
0.14990078954753247 0.13861145354095908 0.14990888356094068 0.08782263117036107 0.14988533102021298 0.14822564881927178 0.08782263117036107 0.08782263117036107
0.1499012093790225 0.1386111110042362 0.14990843806464893 0.08782257009304549 0.14988594852482787 0.14822558274812797 0.08782257009304549 0.08782257009304549
0.14990137166695314 0.13861097391804234 0.14990824198333616 0.08782255851553014 0.14988619263892916 0.1482255442461487 0.08782255851553014 0.08782255851553014
0.1498611448214335 0.13857062963430666 0.14986786672075236 0.08778226446146585 0.14984599966577616 0.1485075657733338 0.08778226446146585 0.08778226446146585
0.1498381440132447 0.13854950550491596 0.1498448034054536 0.08777592285727566 0.1498230152608121 0.14861676324374673 0.08777592285727566 0.08777592285727566
0.14982867828579638 0.13854055666017145 0.14983404279863918 0.08777471409231795 0.14981228928817567 0.1486602906902635 0.08777471409231795 0.08777471409231795
0.14982454122338243 0.13853706079289868 0.14982936928854343 0.08777449716596819 0.14980763103261607 0.14867790616465487 0.08777449716596819 0.08777449716596819
0.14982226233024068 0.13853521430398855 0.1498268681496788 0.08777393159572293 0.14980930309602494 0.14868455733289831 0.08777393159572293 0.08777393159572293
0.1498212234185183 0.13853444260208725 0.14982573715415087 0.08777383646473376 0.14980990036684483 0.14868718706419728 0.08777383646473376 0.08777383646473376
0.14982077525622067 0.13853414193581892 0.14982525083695758 0.08777381855730375 0.1498101297893869 0.14868824650970475 0.08777381855730375 0.08777381855730375
0.1498213321376262 0.13853392114857918 0.1498249388048212 0.087773707937014 0.14981011417302004 0.1486885699249113 0.087773707937014 0.087773707937014
0.14982204657173873 0.13853375020209233 0.14982471952644968 0.08777361788904937 0.14981001765831464 0.14868861237425657 0.08777361788904937 0.08777361788904937
0.1498226652309918 0.13853362433268207 0.14982456547768863 0.08777355465604053 0.149809914458546 0.14868856653197005 0.08777355465604053 0.08777355465604053
0.14982291085208968 0.1385335676150339 0.14982449107959203 0.08777354405812875 0.14980986112558828 0.1486885371533098 0.08777354405812875 0.08777354405812875
0.14982301057543054 0.1385335448320089 0.1498244582660915 0.08777354205698372 0.14980983703925427 0.14868852311626363 0.08777354205698372 0.08777354205698372
0.14982327861966 0.13853350357245353 0.14982441176449804 0.08777350914534313 0.1498097941534577 0.1486884844539013 0.08777350914534313 0.08777350914534313
0.14982338425163447 0.1385334830750019 0.1498243871260688 0.0877735037657808 0.14980977101487802 0.14868846323507448 0.0877735037657808 0.0877735037657808
0.14982307669224262 0.13853312425726708 0.1498240256146062 0.08777315245850513 0.1498122128255364 0.14868810323483256 0.08777315245850513 0.08777315245850513
0.14982289242274963 0.13853293589047105 0.14982381899944472 0.08777309556590367 0.14981316713292414 0.14868789885669964 0.08777309556590367 0.08777309556590367
0.1497955956304521 0.13850564639471807 0.14979651295186783 0.08774587508951726 0.14978634185328116 0.14887827790112912 0.08774587508951726 0.08774587508951726
0.1497799716242877 0.13849132833083122 0.1497808850153976 0.08774155615366845 0.1497709140616357 0.14895223250684247 0.08774155615366845 0.08774155615366845
0.14977277241471088 0.13848535358947056 0.14977368412244663 0.08774082768564889 0.1497637966532237 0.14898191016320164 0.08774082768564889 0.08774082768564889
0.14976965317150023 0.13848302672482152 0.14977056415643777 0.08774069002245674 0.1497607115365568 0.14899397434331346 0.08774069002245674 0.08774069002245674
0.14976833058216504 0.13848214339681852 0.14976924125665686 0.08774065927955697 0.1497594031884792 0.14899890373720936 0.08774065927955697 0.08774065927955697
0.1497675390483373 0.13848157595870017 0.14976844958954552 0.08774041550113103 0.14976050224172036 0.14900068665830354 0.08774041550113103 0.08774041550113103
0.1497673234289873 0.13848130564627933 0.14976805931702725 0.08774035310337634 0.14976089499653641 0.14900135730104072 0.08774035310337634 0.08774035310337634
0.14976722307853607 0.13848119555063845 0.14976788663217402 0.0877403420527501 0.14976104659805245 0.1490016219823487 0.0877403420527501 0.0877403420527501
0.14976717924462887 0.13848115293729038 0.14976781284020807 0.08774033977948081 0.14976110710774687 0.14900172853168345 0.08774033977948081 0.08774033977948081
0.14976716052349381 0.138481136756254 0.14976778171162203 0.08774033921237619 0.14976113159961296 0.1490017717718886 0.08774033921237619 0.08774033921237619
0.14976715260174073 0.138481130659068 0.14976776865119 0.08774033904407416 0.14976114157416426 0.14900178938161465 0.08774033904407416 0.08774033904407416
0.149767252027597 0.13848111368876503 0.14976774850587923 0.08774032430783753 0.14976113096870353 0.14900178188554264 0.08774032430783753 0.08774032430783753
0.1497672908125934 0.13848110507789246 0.14976773776975869 0.08774032191504363 0.14976112418385426 0.1490017764107704 0.08774032191504363 0.08774032191504363
0.1497671479824319 0.13848094302959685 0.14976757443012442 0.08774016302185281 0.1497622302256384 0.14900161526664998 0.08774016302185281 0.08774016302185281
0.14976706312548405 0.13848085795056156 0.14976748107879867 0.0877401373188379 0.1497626625787328 0.1490015233099093 0.0877401373188379 0.0877401373188379
0.14976702344809345 0.1384808222434049 0.14976743788326313 0.08774013278544035 0.14976283710003202 0.14900148096888544 0.08774013278544035 0.08774013278544035
0.14976700608271074 0.13848080822720354 0.14976741906075144 0.08774013185267716 0.14976290844351411 0.14900146262778882 0.08774013185267716 0.08774013185267716
0.14976706777968232 0.13848079298137195 0.14976740115510612 0.08774012174251365 0.14976292787953802 0.14900144497676077 0.08774012174251365 0.08774012174251365
0.14976698506730446 0.1384806791305897 0.14976728547478518 0.0877400134779476 0.14976368043842897 0.1490013294550489 0.0877400134779476 0.0877400134779476
0.14976697977217743 0.13848061323576982 0.14976721338610655 0.08773998929912563 0.14976396792860738 0.14900125777996212 0.08773998929912563 0.08773998929912563
0.14976697340412168 0.13848058491624396 0.14976717935500614 0.08773998512408189 0.14976408281637396 0.1490012241360086 0.08773998512408189 0.08773998512408189
0.1497668982327071 0.1384805020056612 0.14976709272673328 0.08773991259003985 0.14976463149538194 0.14900113776939689 0.08773991259003985 0.08773991259003985
0.14976685530794584 0.13848045983442228 0.14976704505697527 0.08773990079801865 0.14976484693849343 0.14900109046810736 0.08773990079801865 0.08773990079801865
0.14976686670638617 0.1384804378136764 0.14976701874538687 0.08773989422921152 0.14976492959534166 0.14900106445157446 0.08773989422921152 0.08773989422921152
0.14949889153349988 0.14035627970976905 0.14949902795462006 0.08747191433558281 0.14949698393400468 0.14873307386135792 0.08747191433558281 0.08747191433558281
0.14935375285596825 0.14103849101504154 0.1493538826774002 0.08743775941770222 0.14935185945644197 0.14858873574204123 0.08743775941770222 0.08743775941770222
0.14929105620309366 0.141296410590249 0.14929115924223868 0.08743514896787484 0.1492891457778708 0.14852678128292332 0.08743514896787484 0.08743514896787484
0.14926570141162238 0.14139551909731846 0.14926579333800222 0.08743576043617281 0.1492637844080106 0.14850192043652793 0.08743576043617281 0.08743576043617281
0.14925568586806645 0.1414338530175474 0.14925577318364813 0.08743624575783938 0.1492537663312184 0.14849218432600153 0.08743624575783938 0.08743624575783938
0.1492517641740444 0.14144871869177814 0.149251849576726 0.08743647207162603 0.14924984366358496 0.14848840767898844 0.08743647207162603 0.08743647207162603
0.14925023365828397 0.14145448943313177 0.14925031826743013 0.08743656575302833 0.14924831277417727 0.14848694860789202 0.08743656575302833 0.08743656575302833
0.1492496370586063 0.14145673049869462 0.14924972133859904 0.08743660302721787 0.1492477160312954 0.14848638599115105 0.08743660302721787 0.08743660302721787
0.14924940458827987 0.14145760095599735 0.14924948873175445 0.08743661764284415 0.14924748350615996 0.14848616928927602 0.08743661764284415 0.08743661764284415
0.1492493140080468 0.14145793907437057 0.14924939809490473 0.0874366233418319 0.14924739290498085 0.14848608589220136 0.0874366233418319 0.0874366233418319
0.14924927871097474 0.14145807041593794 0.14924936277435458 0.08743662555920043 0.14924735759991703 0.14848605382121424 0.08743662555920043 0.08743662555920043
0.149249216888325 0.14145807336991734 0.14924930094196956 0.0874365783550813 0.14924768030330027 0.148485993431244 0.0874365783550813 0.0874365783550813
0.14924919804512032 0.14145806514147877 0.14924926597709673 0.0874365689985461 0.14924780459503884 0.14848595924562702 0.0874365689985461 0.0874365689985461
0.14924919822840838 0.14145805914477697 0.149249248641798 0.08743656614420689 0.14924785321638034 0.14848594233601553 0.08743656614420689 0.08743656614420689
0.14924920421166007 0.14145805546927342 0.14924924007683635 0.08743656475878686 0.1492478719675895 0.14848593399828003 0.08743656475878686 0.08743656475878686
0.14924920645654816 0.14145805383251442 0.14924923629647535 0.08743656452566778 0.1492478795003225 0.14848593033713617 0.08743656452566778 0.08743656452566778
0.1492492073421045 0.14145805316327134 0.14924923468663068 0.08743656448148746 0.14924788257583915 0.14848592878769196 0.08743656448148746 0.08743656448148746
0.149249207698722 0.14145805289755162 0.1492492340097595 0.0874365644713453 0.14924788383942858 0.14848592814050238 0.0874365644713453 0.0874365644713453
0.14924921213588396 0.14145805217999236 0.1492492331133449 0.0874365638552619 0.14924788374666334 0.14848592725832968 0.0874365638552619 0.0874365638552619
0.14924921387465742 0.14145805180705373 0.14924923264317863 0.08743656375635231 0.14924788360933486 0.14848592679671851 0.08743656375635231 0.08743656375635231
0.14924921457774348 0.14145805164759237 0.1492492324314162 0.0874365637393127 0.14924788353542034 0.1484859265898894 0.0874365637393127 0.0874365637393127
0.14923092596033924 0.14143976267810315 0.14923094343512072 0.08741827483072025 0.14922959459621601 0.14861394883806014 0.08741827483072025 0.08741827483072025
0.1492204726976817 0.14142989609648088 0.14922048671494434 0.08741539263303018 0.14921913799651398 0.14866382859528837 0.08741539263303018 0.08741539263303018
0.14921567054400656 0.14142565306492574 0.14921568090964318 0.08741491755538784 0.14921433229647 0.14868391051879093 0.08741491755538784 0.08741491755538784
0.14921359588246352 0.14142394687704574 0.14921360473560558 0.08741483174100315 0.14921225619146888 0.14869210109040673 0.08741483174100315 0.08741483174100315
0.14921271850987164 0.14142327716378122 0.14921272673653954 0.08741481360470264 0.14921137823198666 0.14869545854371294 0.08741481360470264 0.08741481360470264
0.14921235047144088 0.14142301673850124 0.14921235843862307 0.08741480893656446 0.1492110099551124 0.14869683758662902 0.08741480893656446 0.08741480893656446
0.14921219792536705 0.14142291567161663 0.14921220429238807 0.08741480732362356 0.14921085581954202 0.14869740432021541 0.08741480732362356 0.08741480732362356
0.14921213423258625 0.14142287656042807 0.14921213993688562 0.08741480680891933 0.14921079146927246 0.14869763737406952 0.08741480680891933 0.08741480680891933
0.14921210767505053 0.14142286144553337 0.14921211310487753 0.08741480663021647 0.14921076463977231 0.14869773324411692 0.08741480663021647 0.08741480663021647
0.14921209661159812 0.14142285560884452 0.14921210192774984 0.08741480656576252 0.14921075346382534 0.14869777269069476 0.08741480656576252 0.08741480656576252
0.1492120920060199 0.14142285335630025 0.1492120972750919 0.08741480654219431 0.1492107488117156 0.14869778892428961 0.08741480654219431 0.08741480654219431
0.1492120577656807 0.14142282016316982 0.14921206301525422 0.08741477420928923 0.14921097314627313 0.1486977632817544 0.08741477420928923 0.08741477420928923
0.149212039301484 0.14142280219965386 0.14921204353891582 0.08741476892191485 0.14921106076790874 0.14869774742629283 0.08741476892191485 0.08741476892191485
0.14921203075679423 0.14142279444195055 0.1492120345750399 0.08741476802430784 0.14921109615913528 0.14869773999415642 0.08741476802430784 0.08741476802430784
0.14921202704538547 0.14142279130679458 0.14921203069002195 0.08741476785174515 0.14921111064398362 0.14869773675857886 0.08741476785174515 0.08741476785174515
0.14921202546801945 0.14142279006924943 0.14921202904075434 0.08741476781148634 0.1492111166026798 0.1486977353848378 0.08741476781148634 0.08741476781148634
0.14921202480315243 0.14142278958505342 0.14921202834610872 0.08741476779989706 0.1492111190589072 0.14869773480708703 0.08741476779989706 0.08741476779989706
0.1492120251148651 0.14142278931182112 0.14921202797009372 0.08741476771157464 0.1492111199878407 0.14869773448065554 0.08741476771157464 0.08741476771157464
0.14921202522906157 0.14142278919257473 0.14921202779946277 0.08741476769667306 0.14921112035766046 0.14869773433122135 0.08741476769667306 0.08741476769667306
0.14921202527352387 0.14142278914420262 0.14921202772596168 0.08741476769384006 0.1492111205079897 0.14869773426680186 0.08741476769384006 0.08741476769384006
0.14921202568880906 0.14142278906828962 0.14921202763808047 0.08741476763639983 0.14921112051280896 0.1486977341828124 0.08741476763639983 0.08741476763639983
0.149212025851554 0.14142278903005068 0.14921202759243538 0.0874147676271514 0.14921112050555638 0.14869773413894927 0.0874147676271514 0.0874147676271514
0.149212004174043 0.1414227672705346 0.14921200582861813 0.08741474588223837 0.14921127270413023 0.1486977123759589 0.08741474588223837 0.08741474588223837
0.14921199199312815 0.14142275545217087 0.14921199330636198 0.08741474237362745 0.14921133222931468 0.14869769989814194 0.08741474237362745 0.08741474237362745
0.1490263761378843 0.14272202184601526 0.14902637730974902 0.0872291315631991 0.1490257460715372 0.14851208394521667 0.0872291315631991 0.0872291315631991
0.14892416304880132 0.14320650220995434 0.14892416416133583 0.0872037926465618 0.1489235457256847 0.14841024691453827 0.0872037926465618 0.0872037926465618
0.14887918778589015 0.14339396455242082 0.14887918887342244 0.08720114968670764 0.14887857598487556 0.14836563374326817 0.08720114968670764 0.08720114968670764
0.14886064922884784 0.14346761120030085 0.14886065030583598 0.08720123796578493 0.14886003982239196 0.14834733554526858 0.08720123796578493 0.08720123796578493
0.1488531662136873 0.14349670428108363 0.1488531672862305 0.08720143283045363 0.14885267457487808 0.14833998915275945 0.08720143283045363 0.08720143283045363
0.14885017480896048 0.14350822765419652 0.14885017567456285 0.08720154036645665 0.14884973175125787 0.1483370690116523 0.08720154036645665 0.08720154036645665
0.14884898321180873 0.14351279662695107 0.14884898399169658 0.0872015876815912 0.14884856027906276 0.14833591284570716 0.0872015876815912 0.0872015876815912
0.14884850919022596 0.14351460893381215 0.14884850993461113 0.08720160716873973 0.14884809459426337 0.1483354558408682 0.08720160716873973 0.08720160716873973
0.14884832071250315 0.14351532790690186 0.14884832144218327 0.0872016150105445 0.14884790957002983 0.14833527533674834 0.0872016150105445 0.0872016150105445
0.14884824590216839 0.14351561313599479 0.148848246487821 0.08720161812170914 0.1488478360523439 0.14833520405654452 0.08720161812170914 0.08720161812170914
0.14884821616012273 0.14351572629827458 0.1488482166861251 0.08720161936291432 0.14884780684577656 0.14833517592095813 0.08720161936291432 0.08720161936291432
0.14884819452149678 0.143515761381295 0.14884819502279453 0.08720161004217558 0.14884786394321894 0.14833515500466812 0.08720161004217558 0.08720161004217558
0.14884818420227353 0.14351577379009817 0.14884818469333966 0.08720160868474858 0.14884788623305623 0.1483351450269867 0.08720160868474858 0.08720160868474858
0.1488481731472303 0.1435157718779288 0.1488481736340589 0.08720160190348755 0.148847941496707 0.1483351341336125 0.08720160190348755 0.08720160190348755
0.14884816758874134 0.14351577005486654 0.14884816798103043 0.0872016008307417 0.14884796331176872 0.14833512857136785 0.0872016008307417 0.0872016008307417
0.1488358707391114 0.14350347479197414 0.14883587109224627 0.08718930628320089 0.14883567779908047 0.14842118672798515 0.08718930628320089 0.08718930628320089
0.14882884971743868 0.14349672199916616 0.1488288499919345 0.0871873780299269 0.14882866141922022 0.14845478278245974 0.0871873780299269 0.0871873780299269
0.14882562982150147 0.1434937601399718 0.1488256300214454 0.08718706589983165 0.14882544340885662 0.1484683389087297 0.08718706589983165 0.08718706589983165
