0.125 0.125 0.125 0.125 0.125 0.125 0.125 0.125
0.125 0.125 0.125 0.125 0.125 0.125 0.125 0.125
0.1232638888888889 0.1232638888888889 0.1232638888888889 0.1232638888888889 0.1232638888888889 0.1371527777777778 0.1232638888888889 0.1232638888888889
0.12160137801974788 0.12160137801974788 0.12160137801974788 0.12160137801974788 0.12160137801974788 0.1487903538617647 0.12160137801974788 0.12160137801974788
0.11962409288029693 0.11962409288029693 0.11962409288029693 0.11962409288029693 0.13313535710471336 0.14912008561350512 0.11962409288029693 0.11962409288029693
0.125 0.125 0.125 0.125 0.125 0.125 0.125 0.125
0.11914441659117313 0.11914441659117313 0.11914441659117313 0.11914441659117313 0.133033305480062 0.15210019497289926 0.11914441659117313 0.11914441659117313
0.12315231520166578 0.12315231520166578 0.12315231520166578 0.12315231520166578 0.13793379358833935 0.12315231520166578 0.12315231520166578 0.12315231520166578
0.1183007436861079 0.1183007436861079 0.1183007436861079 0.1183007436861079 0.13362672075147894 0.15656881713187368 0.1183007436861079 0.1183007436861079
0.12096950641828677 0.12096950641828677 0.12096950641828677 0.12096950641828677 0.13581691983511776 0.13836604165516161 0.12096950641828677 0.12096950641828677
0.1160590777842211 0.1160590777842211 0.12950013405291963 0.1160590777842211 0.13114984665478974 0.1590546303711853 0.1160590777842211 0.1160590777842211
0.11954103752048026 0.11954103752048026 0.11954103752048026 0.11954103752048026 0.14554000064872866 0.13721377422838973 0.11954103752048026 0.11954103752048026
0.11468671753266936 0.11468671753266936 0.13838436648980612 0.11468671753266936 0.1308578287158614 0.1573242171309856 0.11468671753266936 0.11468671753266936
0.11785889902342318 0.11785889902342318 0.11785889902342318 0.11785889902342318 0.14379997292175148 0.14904663293770953 0.11785889902342318 0.11785889902342318
0.11272683672233023 0.11272683672233023 0.13609102088421862 0.11272683672233023 0.14123354328125243 0.15904125222287793 0.11272683672233023 0.11272683672233023
0.11625892909847341 0.11625892909847341 0.11625892909847341 0.11625892909847341 0.14425687021621128 0.1581895551929484 0.11625892909847341 0.11625892909847341
0.11503264263187046 0.11503264263187046 0.11503264263187046 0.11503264263187046 0.15306542219096556 0.1567387220178116 0.11503264263187046 0.11503264263187046
0.11319248768960591 0.11319248768960591 0.12597389242648038 0.11319248768960591 0.15354760874265233 0.1545160603828377 0.11319248768960591 0.11319248768960591
0.11219403573790612 0.11219403573790612 0.12619113489640396 0.11219403573790612 0.1599070743370055 0.15293161207705983 0.11219403573790612 0.11219403573790612
0.11133719307750425 0.11133719307750425 0.1253584302882158 0.11133719307750425 0.16629856872538507 0.1516570355988778 0.11133719307750425 0.11133719307750425
0.10975089114436799 0.10975089114436799 0.13460177194987286 0.10975089114436799 0.1669090759421099 0.1497346963861773 0.10975089114436799 0.10975089114436799
0.10845846772047554 0.10845846772047554 0.14394571704981676 0.10845846772047554 0.16582648886606685 0.1479354554817388 0.10845846772047554 0.10845846772047554
0.10738552462649362 0.10738552462649362 0.14533626982723297 0.10738552462649362 0.16438145169679377 0.1533546553435053 0.10738552462649362 0.10738552462649362
0.10633577472181231 0.10633577472181231 0.15149724033433173 0.10633577472181231 0.1628350306409776 0.15398885541562926 0.10633577472181231 0.10633577472181231
0.10550363935125001 0.10550363935125001 0.15257955108260024 0.10550363935125001 0.16147137764425085 0.15843087451689902 0.10550363935125001 0.10550363935125001
0.10470051514095338 0.10470051514095338 0.15714336082495536 0.10470051514095338 0.16019955469178038 0.1591545087784973 0.10470051514095338 0.10470051514095338
0.10408207220558528 0.10408207220558528 0.16166087833088055 0.10408207220558528 0.15914397575515563 0.1587847848860376 0.10408207220558528 0.10408207220558528
0.10362356454773392 0.10362356454773392 0.16536032023206507 0.10362356454773392 0.15832265694149789 0.15819920008776744 0.10362356454773392 0.10362356454773392
0.1032903853110851 0.1032903853110851 0.16817613922268076 0.1032903853110851 0.15770718367857617 0.15766475054331733 0.1032903853110851 0.1032903853110851
0.11324379840543919 0.10176708892642973 0.1677577423558074 0.10176708892642973 0.15597234407518 0.1559577594578543 0.10176708892642973 0.10176708892642973
0.11423103393192502 0.10164838966465398 0.168665687894465 0.10164838966465398 0.15525736618391645 0.15525235333107776 0.10164838966465398 0.10164838966465398
0.11424171181039715 0.10154937470684994 0.16973729742326074 0.10154937470684994 0.1549126074488306 0.15491088449011173 0.10154937470684994 0.10154937470684994
0.1141495776083479 0.10145605407385933 0.17062521748091267 0.10145605407385933 0.15470079040518703 0.1547001982101152 0.10145605407385933 0.10145605407385933
0.11406716292723187 0.10138387652630432 0.17128591531204237 0.10138387652630432 0.15455580959891077 0.15455560605659763 0.10138387652630432 0.10138387652630432
0.114006411061044 0.10133228184690715 0.1717557638607536 0.10133228184690715 0.1544543838248699 0.15445431386570405 0.10133228184690715 0.10133228184690715
0.11396391204275218 0.10129653303596951 0.1720824315752592 0.10129653303596951 0.15438377414182547 0.1543837500962852 0.10129653303596951 0.10129653303596951
0.11393475415255747 0.10127209725891834 0.1723067266036082 0.10127209725891834 0.15433506923640533 0.1543350609717555 0.10127209725891834 0.10127209725891834
0.11348658156639888 0.10082716443833695 0.1719543814693861 0.10082716443833695 0.1538733961395492 0.157376983071318 0.10082716443833695 0.10082716443833695
0.12199352810569439 0.09949610607315401 0.17047787707707682 0.09949610607315401 0.15238365693671083 0.1571605135879019 0.09949610607315401 0.09949610607315401
0.13060113112473115 0.09843799771468201 0.16881027627202916 0.09843799771468201 0.15081351297078338 0.1560230887737284 0.09843799771468201 0.09843799771468201
0.13278301040164342 0.0983505149316483 0.1681097282337364 0.0983505149316483 0.15018635880241296 0.15551884283561396 0.0983505149316483 0.0983505149316483
0.1329463995993688 0.09793865989012883 0.16740837849372553 0.09793865989012883 0.15296835500897527 0.15492222733741506 0.09793865989012883 0.09793865989012883
0.13839829464934186 0.09708682944556019 0.16626672205518753 0.09708682944556019 0.15313587415307542 0.15385179136015445 0.09708682944556019 0.09708682944556019
0.13997472956542056 0.09696915475558451 0.16572717250308022 0.09696915475558451 0.1530795800538532 0.15334189885530788 0.09696915475558451 0.09696915475558451
0.14045299500698855 0.09695756235686602 0.16552591755337018 0.09695756235686602 0.1530473609674522 0.1531434770447251 0.09695756235686602 0.09695756235686602
0.14060119487959977 0.09695714710182396 0.165464718205997 0.09695714710182396 0.15303514033597118 0.15307035817113626 0.09695714710182396 0.09695714710182396
0.14035242045952412 0.0966623213866471 0.1651445634142401 0.0966623213866471 0.15510498956701937 0.1527487410126279 0.0966623213866471 0.0966623213866471
0.14021538019514893 0.09660258472605147 0.1649674114117475 0.09660258472605147 0.1558357086901606 0.15257116079873734 0.09660258472605147 0.09660258472605147
0.13995601156037868 0.09638579967481799 0.16467729081923402 0.09638579967481799 0.1575341902350108 0.15228930868610452 0.09638579967481799 0.09638579967481799
0.14386771701499146 0.0957636856114914 0.16393507565409046 0.0957636856114914 0.15757854352847137 0.15156392135648092 0.0957636856114914 0.0957636856114914
0.14482029951979905 0.09537178280314937 0.1632359183404865 0.09537178280314937 0.1572040445137396 0.15325260641337746 0.09537178280314937 0.09537178280314937
0.14795736367932097 0.09489384317624237 0.1624685488493297 0.09489384317624237 0.1565791551780033 0.15341955958837655 0.09489384317624237 0.09489384317624237
0.14888658743090585 0.0946736171000046 0.16193065514188307 0.0946736171000046 0.15722519768148255 0.15326309134571028 0.0946736171000046 0.0946736171000046
0.14918630243030348 0.09463285577282596 0.16167717525620018 0.09463285577282596 0.15744252294104977 0.15316257628114271 0.09463285577282596 0.09463285577282596
0.15131033033479058 0.09433749683491818 0.16127686777458744 0.09433749683491818 0.1572339829572407 0.15282883159370872 0.09433749683491818 0.09433749683491818
0.1520663125310681 0.09428233292609021 0.16106263229799422 0.09428233292609021 0.1570955097114396 0.15264621375513726 0.09428233292609021 0.09428233292609021
0.1523450881532735 0.09427240611988395 0.16096847600999023 0.09427240611988395 0.15703026442824156 0.152566546928959 0.09427240611988395 0.09427240611988395
0.15384979362697324 0.0940710880361695 0.1607281677876215 0.0940710880361695 0.1568028816005649 0.1523348048401624 0.0940710880361695 0.0940710880361695
0.15535686020589284 0.09389562832888425 0.1604531963949404 0.09389562832888425 0.1565365850558214 0.15207084502780832 0.09389562832888425 0.09389562832888425
0.1559234153332863 0.09386012760506443 0.16030683178059002 0.09386012760506443 0.15639470190990876 0.15193454055595723 0.09386012760506443 0.09386012760506443
0.154839011507525 0.10297829455686915 0.1589354833093506 0.09254939148963975 0.15502728510142105 0.15057175105591505 0.09254939148963975 0.09254939148963975
0.15453738986796609 0.10412300949695566 0.158501167361707 0.09268097676841464 0.15461260301410018 0.15018289995402725 0.09268097676841464 0.09268097676841464
0.15438523683264882 0.10421854140374354 0.15828964480339355 0.09264931812630402 0.15515587981598922 0.1500027427653128 0.09264931812630402 0.09264931812630402
0.15432265244994697 0.1042273550737017 0.15820158560171843 0.09264751713995241 0.15537371399695155 0.14993214145782427 0.09264751713995241 0.09264751713995241
0.15429746154734628 0.10422814521242864 0.1581658284341022 0.09264732798201736 0.15546159052968467 0.14990499033038604 0.09264732798201736 0.09264732798201736
0.15428727565825273 0.10422811059382793 0.1581515031599482 0.09264720557022475 0.15549699471667694 0.14989449916061992 0.09264720557022475 0.09264720557022475
0.15428311796858402 0.10422801820377231 0.1581458892815873 0.09264711702668033 0.15551121932713913 0.14989040413887628 0.09264711702668033 0.09264711702668033
0.15408470961364987 0.10403126053271791 0.15794681687675613 0.09245036962118765 0.15532022262678974 0.15126588148652345 0.09245036962118765 0.09245036962118765
0.15461638965679192 0.10388227290300102 0.15773724496214084 0.09232324395492125 0.15511588108807706 0.1516784795252254 0.09232324395492125 0.09232324395492125
0.1552442693309052 0.10377945881687034 0.15756419041504 0.09223698404987021 0.15494701027844057 0.1517541190091333 0.09223698404987021 0.09223698404987021
0.15548332814370946 0.10375122838177088 0.15747598593987538 0.09222017740211863 0.15486193278164853 0.15176699254663994 0.09222017740211863 0.09222017740211863
0.15544253159929536 0.10360987694532879 0.15730124099969126 0.09208196268068757 0.15468932305167374 0.15271113936194838 0.09208196268068757 0.09208196268068757
0.1554005473491429 0.10356881186382105 0.157203693729711 0.09205660331434008 0.15459418127092678 0.15306295584337812 0.09205660331434008 0.09205660331434008
0.1542504756014381 0.11145497761461107 0.15603033117793266 0.09092364044902822 0.15342275462276936 0.1520705396361641 0.09092364044902822 0.09092364044902822
0.15381446227411735 0.11305096928103207 0.15557714874253697 0.09095628958926442 0.15298182107556244 0.15170672985895792 0.09095628958926442 0.09095628958926442
0.1536833456301611 0.11341391835564406 0.1554361046012379 0.09100285149647476 0.152850122999872 0.1516079539236606 0.09100285149647476 0.09100285149647476
0.15364648243218829 0.11350243664797538 0.15539431320822153 0.0910194192692366 0.15281344806322927 0.15158506184067574 0.0910194192692366 0.0910194192692366
0.15363630008828755 0.11352482406416979 0.1553818817865518 0.09102425894231733 0.15280346084545485 0.151580756388584 0.09102425894231733 0.09102425894231733
0.15363347477751157 0.11353058618164036 0.1553780822406303 0.09102558300954978 0.15280074729459048 0.15158036047697798 0.09102558300954978 0.09102558300954978
0.15392500811313253 0.11349032176886341 0.15533510194503522 0.09098417632262247 0.15275824357720644 0.1515387956278949 0.09098417632262247 0.09098417632262247
0.153975311645128 0.11341320745070123 0.15524816899631533 0.09091504396562815 0.15316512142160554 0.15145305858936542 0.09091504396562815 0.09091504396562815
0.1539833089663254 0.11338530929741591 0.15519957075146026 0.09090243284748391 0.15331831593683232 0.15140619650551443 0.09090243284748391 0.09090243284748391
0.15398391821988008 0.11337711170328413 0.15517678761216483 0.09089976574444389 0.15337807669506762 0.15138480853627168 0.09089976574444389 0.09089976574444389
0.15418080031924625 0.11334668235135523 0.1551385475383897 0.09087096147217014 0.1533736253594463 0.15134746001505212 0.09087096147217014 0.09087096147217014
0.15425645370280952 0.11333535621734404 0.15511742385487493 0.09086566761054808 0.15336651754670305 0.1513272458466242 0.09086566761054808 0.09086566761054808
0.15428641526620912 0.1133319679339652 0.1551075374200211 0.09086452460421723 0.15336247805581307 0.15131802751134 0.09086452460421723 0.09086452460421723
0.15420785399437456 0.11324041640306101 0.15501256303857416 0.09077364476189585 0.15326995209204577 0.15194828018625695 0.09077364476189585 0.09077364476189585
0.15415963978780986 0.11320635328412289 0.15495731806193114 0.09075773069106587 0.15321633302882834 0.1521871637641102 0.09075773069106587 0.09075773069106587
0.15426957215265807 0.11317745423211843 0.1549122915238702 0.09073558426436668 0.15317233645014885 0.1522615928481045 0.09073558426436668 0.09073558426436668
0.15431074207345816 0.11316758869435167 0.1548895091275631 0.0907314476344612 0.1531502708995746 0.15228754630166894 0.0907314476344612 0.0907314476344612
0.1543268246942846 0.11316474817835767 0.1548791903950327 0.0907305628489479 0.1531403942442925 0.15229715394118865 0.0907305628489479 0.0907305628489479
0.15433324635970871 0.11316397859500864 0.15487471137497547 0.09073035636553738 0.15313616295317328 0.15230083162052185 0.09073035636553738 0.09073035636553738
0.1542942165009669 0.11312214960685084 0.1548311799288741 0.09068867993851197 0.15342577214734268 0.15226064200042955 0.09068867993851197 0.09068867993851197
0.15420918353272192 0.11304490993831813 0.15474420351241233 0.09061973239039378 0.15347547220256488 0.15266703364280138 0.09061973239039378 0.09061973239039378
0.15416168994014906 0.1130171491953515 0.1546957334321818 0.09060728353185127 0.1534833845499396 0.1528201922868243 0.09060728353185127 0.09060728353185127
0.15413955332935503 0.11300908292188441 0.15467309664059858 0.09060472050944557 0.15348406307190365 0.15288004250792164 0.09060472050944557 0.09060472050944557
0.15412985886011146 0.1130069125924252 0.15466315048097215 0.09060414922681562 0.15348376976734374 0.15290386061870065 0.09060414922681562 0.09060414922681562
0.15412573331856383 0.11300635220043373 0.1546589012699399 0.0906040190779165 0.15348351945691735 0.1529134365203958 0.0906040190779165 0.0906040190779165
0.15412400447359234 0.11300621252826934 0.1546571129903997 0.09060399049708082 0.1534833883284665 0.1529173101880298 0.09060399049708082 0.09060399049708082
0.15412328645095114 0.11300617932805938 0.15465636694587465 0.09060398498528638 0.15348332909573803 0.1529188832235177 0.09060398498528638 0.09060398498528638
0.15412298986388576 0.11300617207891928 0.1546560573633132 0.09060398431770972 0.15348330416159311 0.15291952357915964 0.09060398431770972 0.09060398431770972
0.1541228677695781 0.11300617078031716 0.15465592932949382 0.09060398445616706 0.15348329408498615 0.1529197846671237 0.09060398445616706 0.09060398445616706
0.15421223615246302 0.1129933966134106 0.15464310239387133 0.09059121054669354 0.15347051604731063 0.152907117152864 0.09059121054669354 0.09059121054669354
0.1542467957718158 0.11298853314974275 0.15463545892278582 0.09058887941610021 0.15346294998779889 0.15289962391955608 0.09058887941610021 0.09058887941610021
0.1542605638970169 0.11298707113831653 0.15463179545753525 0.09058838153094483 0.15345935242609365 0.15289607248820322 0.09058838153094483 0.09058838153094483
0.15423804429578788 0.11295857830777521 0.15460207520299646 0.0905601785275145 0.15365434435981584 0.1528664222510811 0.0905601785275145 0.0905601785275145
0.1542236440551905 0.1129478256488245 0.15458466207414726 0.09055507424764737 0.1537294101914977 0.15284923528739797 0.09055507424764737 0.09055507424764737
0.15421662828254235 0.11294462261979589 0.1545763788706639 0.09055400281076868 0.15375920175487018 0.15284116003982165 0.09055400281076868 0.09055400281076868
0.1542134826652304 0.1129437381087099 0.1545726987798854 0.09055375326370088 0.1537712008834948 0.1528376197715769 0.09055375326370088 0.09055375326370088
0.15419318269235688 0.11292456128416509 0.15455217316289369 0.09053475178340308 0.1539086519037413 0.15281717560663377 0.09053475178340308 0.09053475178340308
0.15424153957235615 0.11290870667435761 0.1545316193046873 0.09052269876061209 0.1539532467264408 0.15279679144032196 0.09052269876061209 0.09052269876061209
0.15425922262128808 0.11290326371473006 0.1545208068131642 0.09052039879677377 0.15396932567766206 0.15278618478283446 0.09052039879677377 0.09052039879677377
0.1542660231424736 0.1129016778822977 0.15451582191520996 0.09051989196908507 0.15397544548644937 0.15278135566631415 0.09051989196908507 0.09051989196908507
0.1542687101907757 0.11290124030780513 0.15451363418356528 0.09051976876780746 0.15397784444893595 0.15277926456549545 0.09051976876780746 0.09051976876780746
0.15426978882033673 0.11290112179649595 0.15451269635247353 0.09051973700065687 0.15397880136892667 0.15277838065979651 0.09051973700065687 0.09051973700065687
0.15334715186629697 0.11936260910517625 0.15358922525555188 0.08959665431338756 0.15305611305818279 0.1518549377746293 0.08959665431338756 0.08959665431338756
0.1529429766430354 0.12104325142604971 0.15318385847242624 0.08957374988417136 0.15265294004478877 0.1514557237611858 0.08957374988417136 0.08957374988417136
0.15280353699915997 0.12151392828941081 0.15304355469127828 0.0896013317406072 0.15251436174811894 0.15132062305021043 0.0896013317406072 0.0896013317406072
0.15275889050125488 0.1216509960543397 0.1529984224333062 0.08961430732634945 0.1524702249026547 0.1512785441293962 0.08961430732634945 0.08961430732634945
0.152744983495567 0.12169167618099666 0.15298427330416883 0.08961885005393218 0.15245657746185734 0.15126593939561375 0.08961885005393218 0.08961885005393218
0.1527406919092797 0.12170385669215819 0.1529798686875698 0.08962030540318455 0.15245240827579343 0.15126225822564532 0.08962030540318455 0.08962030540318455
0.15277948243665276 0.12170178813592938 0.15297276458113193 0.08961502550114443 0.15244541012235333 0.1512554782204992 0.08961502550114443 0.08961502550114443
0.15279466053814011 0.1217003794175986 0.15296895901196694 0.08961416214985883 0.15244166261412165 0.1512518519685962 0.08961416214985883 0.08961416214985883
0.15280077391442484 0.12169984463144584 0.15296721952467088 0.08961399876697893 0.15243995476640687 0.15125021086211488 0.08961399876697893 0.08961399876697893
0.15283026163124186 0.12169581025407519 0.1529626057201794 0.08961010538395973 0.15243535752616424 0.15124564871646012 0.08961010538395973 0.08961010538395973
0.15284177794246143 0.12169406259871207 0.15296001087213576 0.08960942137696892 0.15243277885331735 0.1512431056024665 0.08960942137696892 0.08960942137696892
0.15284640144608053 0.1216934605535469 0.1529587949143232 0.0896092800945464 0.1524315748195181 0.15124192798289207 0.0896092800945464 0.0896092800945464
0.15284828007218554 0.1216932675133127 0.15295825700316665 0.08960924578124851 0.1524310442863995 0.1512414137811901 0.08960924578124851 0.08960924578124851
0.15284904791405496 0.12169320719361221 0.1529580247979447 0.08960923635587746 0.15243081621181015 0.15124119481494563 0.08960923635587746 0.08960923635587746
0.152849362804127 0.1216931884918984 0.15295792582980028 0.0896092335572251 0.15243071941651756 0.15124110278598163 0.0896092335572251 0.0896092335572251
0.1528083811032125 0.12165207157697892 0.15291677285713134 0.08956812157294192 0.15238956753988026 0.15152884220397142 0.08956812157294192 0.08956812157294192
0.15275668472424528 0.12160649074510038 0.1528649885380797 0.08953338106055 0.15233786705770982 0.15183382575321477 0.08953338106055 0.08953338106055
0.1527291417077931 0.12158831949729798 0.15283738764758734 0.08952722702709834 0.15231040564566967 0.15195306442035694 0.08952722702709834 0.08952722702709834
0.15270386099362618 0.12156964371545531 0.15281207153463275 0.08951334202617964 0.15238619378297127 0.15198820389477552 0.08951334202617964 0.08951334202617964
0.15269091829156364 0.12156223691688345 0.15279910368089095 0.08951085902702782 0.15241499568718037 0.15200016834239818 0.08951085902702782 0.08951085902702782
0.15270319479250313 0.12155717537303107 0.15279062417942105 0.08950775025767353 0.15242377617677708 0.1520019787052471 0.08950775025767353 0.08950775025767353
0.1527199091557766 0.12155352135658039 0.15278479277193774 0.08950543069816257 0.15242508115242787 0.15200040346878974 0.08950543069816257 0.08950543069816257
0.15273461299175706 0.12155095564856819 0.15278077531122775 0.08950382835780121 0.1524240174984438 0.15199815347659948 0.08950382835780121 0.08950382835780121
0.15274040291149613 0.12154998128439223 0.15277881352535652 0.08950353043286235 0.15242328050331155 0.15199693047685656 0.08950353043286235 0.08950353043286235
0.15274826083103082 0.12154886989902078 0.15277714653935975 0.08950267593492968 0.1524221217780643 0.15199557314773524 0.08950267593492968 0.08950267593492968
0.15275136033295342 0.12154842264079882 0.15277630189917454 0.0895025216892677 0.1524214892173431 0.15199486084192695 0.0895025216892677 0.0895025216892677
0.15275632835313394 0.12154774096437615 0.1527753883267424 0.08950195793078777 0.15242066434146753 0.1519940042219167 0.08950195793078777 0.08950195793078777
0.1527497849461668 0.12153896057779105 0.15276640929882437 0.08949335726561956 0.1524797220193167 0.15198505136104243 0.08949335726561956 0.08949335726561956
0.15274557771866465 0.12153514806069417 0.15276119296699509 0.08949185966431797 0.15250262943195844 0.15197987282873368 0.08949185966431797 0.08949185966431797
0.15274603225284297 0.12153348202907574 0.1527583717088874 0.08949119878844768 0.1525114348227158 0.15197708282113512 0.08949119878844768 0.08949119878844768
0.15274608646078253 0.12153290876286257 0.15275706924080598 0.08949106476518487 0.1525149395419846 0.1519758016980096 0.08949106476518487 0.08949106476518487
0.152727358478015 0.12151400719208753 0.1527377793827585 0.08947231433388401 0.15249763740201083 0.15210627454347603 0.08947231433388401 0.08947231433388401
0.15271804785988252 0.12150554686459074 0.15272631334633122 0.08946883733420745 0.1524870104604014 0.15215656946617176 0.08946883733420745 0.08946883733420745
0.15270089324403108 0.1214900175355968 0.1527082658073452 0.08945553853863766 0.15246932018403522 0.15226488761307874 0.08945553853863766 0.08945553853863766
0.15269144776092905 0.12148358207034388 0.15269845006992724 0.08945319732238267 0.15245966863223875 0.15230725949941307 0.08945319732238267 0.08945319732238267
0.15268705748378109 0.12148140677917688 0.15269390620496434 0.08945271871734896 0.1524552016168112 0.15232427176321958 0.08945271871734896 0.08945271871734896
0.15268512644690993 0.12148072038707093 0.15269191144503463 0.08945260583255195 0.15245324278111053 0.15233118144221802 0.08945260583255195 0.08945260583255195
0.1526842972445709 0.12148050992324483 0.15269105580138445 0.08945257633341484 0.1524524038120733 0.15233400421848198 0.08945257633341484 0.08945257633341484
0.15268507661533304 0.12148028471504009 0.15269053171005517 0.08945240661320379 0.15245188739602533 0.1523349997239352 0.08945240661320379 0.08945240661320379
0.1526796492494751 0.12147447520530602 0.15268456451933143 0.08944665647876321 0.15249168106122796 0.15232966052836985 0.08944665647876321 0.08944665647876321
0.152676401360166 0.12147194334979822 0.15268109296316867 0.08944565627857781 0.15250713715190112 0.15232645633923267 0.08944565627857781 0.08944565627857781
0.15267561463755164 0.12147096482979715 0.15267934418677215 0.08944534527272884 0.15251321786499428 0.1523248226626983 0.08944534527272884 0.08944534527272884
0.15267137293375072 0.12146679096064802 0.15267470403210776 0.0894414293866861 0.15254261150897439 0.1523202324044607 0.0894414293866861 0.0894414293866861
0.15266634027902232 0.12146241456429632 0.15266950630638748 0.08943815341518775 0.1525722170037363 0.1523150616009942 0.08943815341518775 0.08943815341518775
0.1526636650465553 0.1214606697635689 0.152666762649666 0.08943756243484655 0.15258387909268753 0.15231233614298265 0.08943756243484655 0.08943756243484655
0.15266243243818256 0.1214600850809894 0.15266550167158124 0.08943743776239582 0.15258858110478177 0.1523110864172776 0.08943743776239582 0.08943743776239582
0.1526618915451815 0.12145990051804317 0.1526649490146322 0.08943740734880569 0.15259049675155875 0.1523105401241673 0.08943740734880569 0.08943740734880569
0.15265316559909406 0.12145134992112143 0.15265621819008998 0.08942890541120838 0.1525827876584279 0.1523697623976414 0.08942890541120838 0.08942890541120838
0.15264858860705852 0.12144754771052244 0.15265105437683507 0.08942735753322685 0.15257804915475087 0.15239268755115268 0.08942735753322685 0.08942735753322685
0.15264638357241184 0.12144623579632588 0.15264860626983434 0.0894270480575092 0.15257577851559506 0.15240185167330536 0.0894270480575092 0.0894270480575092
0.15264539858093393 0.12144581813759993 0.1526475205907956 0.0894269762800114 0.1525747669700191 0.15240556688061727 0.0894269762800114 0.0894269762800114
0.1526392541187368 0.12143997149497625 0.15264133442035094 0.08942123975153499 0.15256861178486653 0.15244710892646457 0.08942123975153499 0.08942123975153499
0.152635711442741 0.12143743209961291 0.15263777442221493 0.08942024180144033 0.15256506633773492 0.15246329029337533 0.08942024180144033 0.08942024180144033
0.1526340425993031 0.12143656095163455 0.15263609837680112 0.08942004015546848 0.1525633973084369 0.152469780297419 0.08942004015546848 0.08942004015546848
0.15263330418209728 0.12143628401021397 0.15263535696370864 0.08941999288892563 0.15256265926702936 0.15247241691017388 0.08941999288892563 0.08941999288892563
0.15263298599255554 0.12143619862122272 0.15263503752758636 0.08941998051449504 0.15256234143333922 0.15247349488181103 0.08941998051449504 0.08941998051449504
0.1519180238022537 0.12643996134148106 0.1519200748184996 0.08870515010223044 0.15184737947663465 0.15175911025443978 0.08870515010223044 0.08870515010223044
0.15157550813074347 0.12794840487210574 0.15157755330473985 0.08865873565904872 0.1515050578558357 0.15141726885942924 0.08865873565904872 0.08865873565904872
0.1514459085466076 0.12842938832961598 0.15144794860508912 0.08867098876647005 0.15137563150227584 0.15128815671700122 0.08867098876647005 0.08867098876647005
0.1514006826725125 0.12858690558179983 0.15140232939875758 0.08867904630083975 0.15133012228860807 0.15124282115580287 0.08867904630083975 0.08867904630083975
0.15138350643809223 0.128637406293384 0.1513849900234497 0.08868060045574998 0.1513266686562233 0.151225627221601 0.08868060045574998 0.08868060045574998
0.15137728566654185 0.12865399157239435 0.15137870159496095 0.08868149325722303 0.15132613175892487 0.15121940963550884 0.08868149325722303 0.08868149325722303
0.151375061890468 0.12865949781402705 0.15137644976533238 0.08868184582655773 0.15132626206910682 0.15121719098139258 0.08868184582655773 0.08868184582655773
0.150844021202908 0.13237305290880197 0.1508453974474125 0.08815172612045981 0.15079619630746108 0.15068615377203715 0.08815172612045981 0.08815172612045981
0.1505744055910173 0.133599748302379 0.1505757742071605 0.08810204210806462 0.1505270811907186 0.15041686438453072 0.08810204210806462 0.08810204210806462
0.15046464602775736 0.13402327589101162 0.15046601005709534 0.08810394440831368 0.1504268301732591 0.15030740462593536 0.08810394440831368 0.08810394440831368
0.15042343204163403 0.13417282820084112 0.15042453282295007 0.08810792680516341 0.15038930553589597 0.15026612098318856 0.08810792680516341 0.08810792680516341
0.15040829479944964 0.13422616224569592 0.1504092864078812 0.08810985849203239 0.15037570085768526 0.15025098021319075 0.08810985849203239 0.08810985849203239
0.1504029473639355 0.1342452399640036 0.1504037183615784 0.08811060486079693 0.1503708144672195 0.15024546526087224 0.08811060486079693 0.08811060486079693
0.1504011193106528 0.13425206580477977 0.1504016809864053 0.0881108735330003 0.15036906002203831 0.15024345327712288 0.0881108735330003 0.0881108735330003
0.15040046386519831 0.1342545135556804 0.1504009388458028 0.08811097518632789 0.15036843528058205 0.15024272289375284 0.08811097518632789 0.08811097518632789
0.1504002991018872 0.1342553822277313 0.150400658842757 0.0881110025462774 0.15036820397816922 0.15024244821062296 0.0881110025462774 0.0881110025462774
0.15040024273816868 0.13425569267149573 0.15040055475147518 0.08811101442031875 0.1503681200858293 0.15024234649207477 0.08811101442031875 0.08811101442031875
0.15040022396356262 0.13425580394235087 0.15040051621008624 0.08811101898910065 0.15036808992057746 0.15024230899612084 0.08811101898910065 0.08811101898910065
0.15040026456771105 0.13425583720259962 0.15040049526342752 0.088111014004642 0.15036807244676784 0.1502422885055679 0.088111014004642 0.088111014004642
0.1504002809010994 0.13425584815133135 0.15040048610512546 0.08811101352155287 0.15036806472897896 0.15024227954880598 0.08811101352155287 0.08811101352155287
0.15040028768625754 0.13425585193507744 0.15040048233272424 0.08811101354212987 0.15036806155415172 0.1502422758653995 0.08811101354212987 0.08811101354212987
0.15040029053255827 0.1342558532717645 0.15040048080653898 0.08811101357831233 0.15036806027585709 0.1502422743783443 0.08811101357831233 0.08811101357831233
0.1504002917286285 0.13425585374845075 0.150400480191714 0.08811101359556824 0.15036805976385934 0.15024227378064273 0.08811101359556824 0.08811101359556824
0.15040032363981634 0.13425584943211485 0.15040047545690288 0.08811100911539141 0.15036805507169954 0.15024226905329208 0.08811100911539141 0.08811100911539141
0.15040033612179535 0.134255847214296 0.15040047276168722 0.08811100838113263 0.15036805239474094 0.15024226636408256 0.08811100838113263 0.08811100838113263
0.15040036228506595 0.13425584329997006 0.15040046849340047 0.08811100522908925 0.1503680481343536 0.1502422620999422 0.08811100522908925 0.08811100522908925
0.15040038680805093 0.13425583939993702 0.15040046417101097 0.0881110026744422 0.15036804381577384 0.15024225778190056 0.0881110026744422 0.0881110026744422
0.15040039653291584 0.13425583762795912 0.1504004619493571 0.08811100224293776 0.15036804159624328 0.15024225556471119 0.08811100224293776 0.08811100224293776
0.15040040047771155 0.13425583693608925 0.15040046094641624 0.08811100216011122 0.15036804059446215 0.15024225456498708 0.08811100216011122 0.08811100216011122
0.15040040209242767 0.13425583667923865 0.1504004605119917 0.088111002141062 0.15036804016064448 0.15024225413251152 0.088111002141062 0.088111002141062
0.15040040275591335 0.13425583658569648 0.15040046032681106 0.08811100213580147 0.15036803997576995 0.15024225394840485 0.08811100213580147 0.08811100213580147
0.15040041258868045 0.13425583518622486 0.1504004588827967 0.0881110007684811 0.15036803853190575 0.15024225250494885 0.0881110007684811 0.0881110007684811
0.15040041643617688 0.13425583448039993 0.15040045805993252 0.08811100054366605 0.1503680377092861 0.15024225168320637 0.08811100054366605 0.08811100054366605
0.1504004179884376 0.13425583419659443 0.1504004576779296 0.08811100050245836 0.15036803732748835 0.15024225130217495 0.08811100050245836 0.08811100050245836
0.15040042505277 0.13425583317148687 0.150400456592159 0.08811099957489711 0.15036803624185097 0.15024225021704174 0.08811099957489711 0.08811099957489711
0.150400427825328 0.1342558326659624 0.15040045598929253 0.08811099942171052 0.15036803563917683 0.1502422496151087 0.08811099942171052 0.08811099942171052
0.15040042894530412 0.13425583246391057 0.15040045571131203 0.08811099939341163 0.1503680353613521 0.15024224933788613 0.08811099939341163 0.08811099939341163
0.15039965226258753 0.13425505524790085 0.15039967844962152 0.08811022224684874 0.15037347522266337 0.1502414720766805 0.08811022224684874 0.08811022224684874
0.150398680271225 0.1342541377897964 0.15039870621839468 0.08810957192427439 0.15037925962261595 0.15024050032514485 0.08810957192427439 0.08810957192427439
0.15039817292551214 0.13425371272014458 0.1503981938299119 0.08810946219251324 0.15038154521209102 0.1502399887348006 0.08810946219251324 0.08810946219251324
0.15039794199590256 0.13425354581153082 0.1503979608117678 0.08810944138383224 0.15038247086649206 0.15023975636281015 0.08810944138383224 0.08810944138383224
0.15039784164181544 0.13425348373076404 0.1503978595926831 0.08810943667092777 0.15038284946726965 0.1502396555546844 0.08810943667092777 0.08810943667092777
0.15039744711809486 0.134253109431751 0.15039746471071064 0.08810908370958451 0.15038546670558792 0.15023926090510187 0.08810908370958451 0.08810908370958451
0.15039722559115148 0.134252922650038 0.15039724303536797 0.08810902557751843 0.15038649242142393 0.1502390395694635 0.08810902557751843 0.08810902557751843
0.15039712315875106 0.1342528477662276 0.15039714054149192 0.08810901489211785 0.15038690650435613 0.15023893735281982 0.08810901489211785 0.08810901489211785
0.15039708132025872 0.13425281928753355 0.15039709535238546 0.0881090121516049 0.1503870752434192 0.15023889234158833 0.0881090121516049 0.0881090121516049
0.1503970633134669 0.13425280882009832 0.1503970759579102 0.08810901147253082 0.15038714444238346 0.1502388730485486 0.08810901147253082 0.08810901147253082
0.150396819089129 0.13425256845566147 0.15039683115885216 0.08810877470583749 0.15038882887544228 0.15023862830340268 0.08810877470583749 0.08810877470583749
0.1503966790397183 0.13425244693831517 0.15039669087140578 0.0881087358037236 0.15038948755012282 0.15023848818926702 0.0881087358037236 0.0881087358037236
0.1503966158737067 0.13425239777159467 0.15039662537011697 0.08810872840351369 0.1503897529278484 0.15023842284619218 0.08810872840351369 0.08810872840351369
0.15039658812657014 0.13425237928611916 0.15039659665580624 0.0881087268170441 0.15038986124265513 0.1502383942377169 0.0881087268170441 0.0881087268170441
0.15039657754031804 0.1342523723334084 0.15039658416446217 0.08810872621794319 0.150389905500128 0.15023838180785384 0.08810872621794319 0.08810872621794319
0.15039657388638794 0.1342523696621122 0.15039657870948767 0.08810872593635084 0.15038992354694938 0.1502383763860101 0.08810872593635084 0.08810872593635084
0.15039657290113043 0.13425236859125386 0.15039657629755793 0.08810872578363892 0.15038993086799474 0.1502383739911464 0.08810872578363892 0.08810872578363892
0.15039657245977003 0.13425236818988234 0.15039657526533073 0.08810872575033024 0.15038993386656155 0.15023837296746462 0.08810872575033024 0.08810872575033024
0.15039657266887838 0.13425236798591106 0.15039657477180965 0.08810872568431363 0.1503899350423459 0.1502383724781142 0.08810872568431363 0.08810872568431363
0.15039657274339902 0.1342523679037213 0.15039657455533112 0.0881087256722305 0.15038993551719215 0.15023837226366488 0.0881087256722305 0.0881087256722305
0.15039657277164692 0.13425236787285663 0.15039657446305957 0.0881087256696151 0.15038993571122555 0.15023837217236602 0.0881087256696151 0.0881087256696151
0.15039657278266158 0.13425236786156378 0.1503965744241602 0.08810872566893072 0.1503899357908965 0.15023837213392582 0.08810872566893072 0.08810872566893072
0.15039657278701493 0.13425236785747388 0.15039657440784132 0.08810872566872226 0.15038993582368232 0.15023837211782085 0.08810872566872226 0.08810872566872226
0.15039657278874838 0.13425236785599862 0.1503965744010132 0.08810872566865273 0.15038993583719037 0.15023837211109123 0.08810872566865273 0.08810872566865273
0.15039657278944207 0.13425236785546732 0.15039657439816106 0.08810872566862847 0.1503899358427603 0.15023837210828403 0.08810872566862847 0.08810872566862847
0.15039657278972068 0.13425236785527606 0.15039657439697116 0.08810872566861985 0.1503899358450583 0.15023837210711444 0.08810872566861985 0.08810872566861985
0.15039657278983298 0.13425236785520717 0.15039657439647522 0.0881087256686167 0.15038993584600685 0.1502383721066277 0.0881087256686167 0.0881087256686167
0.15039657305939838 0.13425236781667957 0.15039657435776585 0.08810872563011275 0.1503899358078957 0.1502383720679224 0.08810872563011275 0.08810872563011275
0.15039657316471847 0.13425236779711489 0.15039657433541168 0.08810872562379034 0.1503899357857903 0.15023837204559382 0.08810872562379034 0.08810872562379034
0.15039657320718156 0.13425236778923436 0.15039657432499753 0.08810872562263435 0.15038993577547974 0.15023837203520404 0.08810872562263435 0.08810872562263435
0.15039657322451813 0.13425236778627597 0.15039657432043463 0.08810872562238457 0.15038993577096 0.15023837203065762 0.08810872562238457 0.08810872562238457
0.15039657323163302 0.13425236778519392 0.15039657431847966 0.08810872562231935 0.15038993576902304 0.1502383720287123 0.08810872562231935 0.08810872562231935
0.1503965732345599 0.13425236778480218 0.15039657431765022 0.08810872562229952 0.1503899357682011 0.15023837202788803 0.08810872562229952 0.08810872562229952
0.15039657323576547 0.13425236778466096 0.15039657431730008 0.08810872562229294 0.15038993576785406 0.15023837202754053 0.08810872562229294 0.08810872562229294
0.1503965732362625 0.13425236778461014 0.15039657431715278 0.08810872562229062 0.15038993576770804 0.15023837202739454 0.08810872562229062 0.08810872562229062
0.15039657323646755 0.13425236778459188 0.150396574317091 0.08810872562228986 0.15038993576764678 0.1502383720273334 0.08810872562228986 0.08810872562228986
0.1503964141030827 0.13425220865111578 0.15039641518359562 0.08810856648882007 0.1503910497019074 0.15023821289383832 0.08810856648882007 0.08810856648882007
0.150396215026901 0.13425202078571297 0.15039621610736748 0.0881084333189008 0.1503922342075369 0.15023801391577934 0.0881084333189008 0.0881084333189008
0.1500151501236313 0.13691865459190297 0.1500151512040777 0.08772745086449683 0.15001174231100137 0.1498569491758961 0.08772745086449683 0.08772745086449683
0.14981026280754664 0.13784866782947766 0.14981026388638097 0.08768038438245927 0.1498070967604585 0.14968255556875845 0.08768038438245927 0.08768038438245927
0.14972109735380823 0.13818512356718793 0.1497210984311126 0.08767607451849758 0.14971803382942253 0.14962642326297595 0.08767607451849758 0.08767607451849758
0.14968550568985628 0.1383097407741755 0.14968550655988763 0.08767741117713956 0.1496824854615008 0.14960452798316098 0.08767741117713956 0.08767741117713956
0.14967164403141558 0.13835628058262617 0.14967164481550255 0.08767829006830212 0.14966921547052747 0.14959634489502183 0.08767829006830212 0.08767829006830212
0.14966626889523943 0.13837369897807994 0.14966626964369267 0.08767865583999991 0.14966447109817146 0.14959332386481675 0.08767865583999991 0.08767865583999991
0.14966417098114362 0.13838020948019727 0.14966417171482366 0.08767878407811588 0.14966289382514045 0.14959220176434743 0.08767878407811588 0.08767878407811588
0.1496633608491507 0.13838265372400874 0.14966336157670637 0.0876788428126878 0.14966229932608954 0.14959179608598128 0.0876788428126878 0.0876788428126878
0.14966304902306543 0.13838357301398432 0.14966304974808237 0.0876788665087305 0.14966207680808996 0.1495916518805864 0.0876788665087305 0.0876788665087305
