0.125 0.125 0.125 0.125 0.125 0.125 0.125 0.125
0.07575757575757576 0.12626262626262627 0.09090909090909091 0.15151515151515152 0.0946969696969697 0.15782828282828282 0.11363636363636365 0.1893939393939394
0.07468417562612287 0.13864250777871606 0.08962101075134746 0.14936835125224573 0.09335521953265358 0.15559203255442264 0.11202626343918431 0.18671043906530715
0.07397925113107653 0.13889587208258655 0.08877510135729184 0.14795850226215307 0.10035082878617636 0.15412343985640944 0.11096887669661482 0.18494812782769132
0.07344340043574049 0.13806624844177723 0.0881320805228886 0.14688680087148098 0.10669078374402471 0.15300708424112602 0.11016510065361075 0.18360850108935123
0.06155276251277367 0.11588465122530256 0.05539748626149629 0.0923291437691605 0.14473558660334782 0.23464710956660553 0.11079497252299259 0.184658287538321
0.053497942386831275 0.09465020576131689 0.0668724279835391 0.11831275720164611 0.10699588477366255 0.18930041152263377 0.1337448559670782 0.23662551440329221
0.10576491405035272 0.09081079245818421 0.1269178968604233 0.09994784377758334 0.15587999274923212 0.13709638430671592 0.15864737107552912 0.12493480472197917
0.10970944238939659 0.08856063421794666 0.13713680298674572 0.11070079277243332 0.15021445166092695 0.10627276106153598 0.1645641635840949 0.13284095132691998
0.09519012098619353 0.08129298160728038 0.19038024197238707 0.14992444055325482 0.10956631254129327 0.07697002526595445 0.16597251864259382 0.13070335843104267
0.07086277477756428 0.1273051177912653 0.10054892386464757 0.14172554955512856 0.10937359285122293 0.1667329420499143 0.10629416216634642 0.1771569369439107
0.07379388195666373 0.12935033309997745 0.09096131347163462 0.138005069020697 0.10692253442488417 0.18495672998474905 0.10350380176552276 0.17250633627587122
0.07277319854740104 0.12752528532762908 0.08871540116697245 0.1356057085779611 0.10488202695219015 0.1992869622719241 0.10170428143347084 0.16950713572245135
0.09344742725364309 0.15572667244409463 0.08119018128509148 0.12426000140997148 0.12790690005686958 0.24971781564686818 0.09319500105747862 0.07455600084598289
0.08584420449860054 0.15187820795906254 0.07483853725519023 0.1324066428361058 0.12408434179061084 0.182253849550875 0.08980624470622826 0.15888797140332694
0.077074405713629 0.12860237459987828 0.08633593198650401 0.13376157985065512 0.10989969909309744 0.19680284905492584 0.10032118488799134 0.1672019748133189
0.07844152133969931 0.1258048925757023 0.0871483051435324 0.13356582933998198 0.10675745644537717 0.20115033647574287 0.10017437200498648 0.16695728667497747
0.07801633967438741 0.12444689934715224 0.0864696180565757 0.13234737968683408 0.10528697735753637 0.20873802650384604 0.09926053476512556 0.16543422460854257
0.07748113888334382 0.12351786669972027 0.08586057060095807 0.1314422246173453 0.10437554526567658 0.2144382046982652 0.098581668463009 0.16430278077168167
0.05717266657412061 0.09114958446279586 0.0633713978517244 0.09704485188484176 0.12460536353527245 0.2561126096597513 0.1164538222618101 0.1940897037696835
0.06913678334874823 0.12231892438624686 0.0864209791859353 0.1528986554828086 0.09998182160642294 0.18205927438734545 0.10370517502312236 0.1834783865793703
0.07696621600271727 0.12464630560150573 0.08683719947638922 0.13306020059736665 0.10605922999340398 0.20631044713388405 0.09979515044802499 0.1663252507467083
0.07722347370743282 0.1233701544768792 0.08576524228045264 0.1312239047885925 0.10659551756775691 0.21337389760170083 0.09841792859144438 0.16402988098574062
0.05693659250317515 0.0907940564905546 0.0631198068421176 0.09663980632132299 0.1258749103724984 0.25738744724209756 0.11596776758558758 0.19327961264264598
0.1039446214310419 0.08390710404674466 0.12993077678880235 0.10488388005843083 0.15119308370106818 0.14436294575723235 0.15591693214656285 0.12586065607011698
0.06846882957851992 0.12113716002353525 0.08558603697314991 0.15142145002941906 0.10858869002792097 0.180388848964372 0.1027032443677799 0.18170574003530288
0.10436320929846728 0.07986967868824238 0.19629917515820636 0.14217840780520538 0.1026427819372055 0.09329899833411855 0.15739734197401653 0.12395040680453803
0.07143374850503714 0.10394014809026247 0.07019403182546946 0.0864666066461489 0.14862371187451573 0.2426486117908899 0.10375992797537867 0.1729332132922978
0.07861174635560969 0.13908232047530944 0.06853331733565972 0.12125125374770569 0.12858778200312407 0.2361920947825528 0.08223998080279167 0.14550150449724683
0.09122098178425364 0.07363621421138548 0.18244196356850728 0.14727242842277097 0.10805642865649488 0.10062903056443746 0.16419776721165655 0.13254518558049386
0.10582345400719527 0.07414984796663396 0.23242628385209696 0.1379194735549703 0.09965064599554446 0.0771102781708665 0.152682526686821 0.12023748976587156
0.07175010679690343 0.10335099715977579 0.07984797414901428 0.08634826999292942 0.14816122036671012 0.2342269675572929 0.10361792399151529 0.17269653998585885
0.07677375799057404 0.13583049490640023 0.07225841882228724 0.11841632889275917 0.12621168104134542 0.24809256146979924 0.08031716220552361 0.142099594671311
0.09981269076707494 0.08057169013727736 0.13379234686617303 0.1007146126715967 0.15768786034608104 0.15684422785526833 0.1497190361506124 0.12085753520591605
0.09724710308031771 0.0713589813038884 0.20051796579094186 0.1427179626077768 0.11106950612685267 0.08952243702977684 0.15911987771344668 0.12844616634699912
0.14157893336223998 0.09770298929160054 0.20311121581182282 0.10915988963822022 0.13288740590596942 0.09955004892827202 0.12084448506958036 0.09516503199229455
0.1122122338867335 0.07924766980286976 0.16688255589928863 0.0990595872535872 0.1574173391189502 0.11905037962594828 0.1472587297083177 0.11887150470430465
0.09058267842265819 0.1333919303104891 0.1224774651700539 0.16673991288811132 0.09523529400744794 0.15668692887190017 0.08481986873003924 0.15006592159930018
0.10750241261965345 0.0779825421583857 0.22351920185073 0.13691852090372114 0.0966568833657044 0.08648114376851583 0.15157443095568637 0.11936486437760303
0.10478880350552083 0.1472110646729944 0.11681746964641654 0.12242364493923728 0.13084816017395606 0.21263893639390458 0.09181773370442797 0.07345418696354238
0.06678464370050581 0.09502611066798185 0.05679344908706666 0.08284327596695854 0.1439985564294317 0.2952184915558376 0.09364892065830095 0.16568655193391707
0.07145010196378475 0.10925945978830721 0.08527948356569402 0.136574324735384 0.10220713743014208 0.23870728257892318 0.09263302025530394 0.1638891896824608
0.08637774314147474 0.1312810840039493 0.1070044963802093 0.16410135500493664 0.08531871925129536 0.1947477369068326 0.08347764580685908 0.14769121950444294
0.10634205954014997 0.07764158984697878 0.2220960593667051 0.13645024518116275 0.09431212905425956 0.0931452625252684 0.15105603048138488 0.1189566240040906
0.07267730237195116 0.10223708435775274 0.08275488878310508 0.08501869351921294 0.144768888610944 0.24048332309555273 0.10202243222305551 0.17003738703842589
0.07306808023544688 0.1104625435182381 0.09317804587948102 0.13807817939779765 0.10497825492012035 0.2208880547452265 0.09365302602633233 0.16569381527735716
0.10001904250475699 0.07692508429469651 0.20806625633462716 0.13792984488776472 0.09919272568836825 0.099948702112947 0.15378148377785109 0.12413686039898822
0.143044127595475 0.09630674584620925 0.21462770851040444 0.10687960981855588 0.1272573966784079 0.10038719423803792 0.11832012157365566 0.09317709573925385
0.08400200330101776 0.12204977610217987 0.12329006349456934 0.13825356449917103 0.10214468800219692 0.1705836443241612 0.09377198287769863 0.16590427739900526
0.07220313273532288 0.11003596259496337 0.1572410756518062 0.194940153161561 0.06623661003192477 0.12742654449137245 0.10196869549989344 0.16994782583315574
0.11668912931295236 0.08547340742921086 0.1685442093676195 0.09208839215677417 0.1449459831175883 0.13097633737738856 0.14617205104249867 0.1151104901959677
0.094476150956172 0.14266190229975148 0.09345565276642284 0.11397091681955947 0.1249547050571983 0.21641355877024518 0.07730201314717945 0.13676510018347135
0.10272413328959186 0.0779634358115647 0.20954088380792077 0.13529852268206002 0.10275769891050215 0.09909889919868721 0.15084775588581917 0.12176867041385403
0.10141107888182632 0.07132274973763521 0.2586480923230388 0.13181436516244474 0.09507835078086396 0.0761292542047875 0.1469631802632033 0.11863292864620027
0.0992638830896454 0.06947189674209929 0.2792457999713626 0.12916349421231893 0.09172791865101818 0.07087220556246512 0.14400765698000334 0.11624714479108704
0.07801410212813319 0.1198732831815745 0.14339002388373065 0.13950384626611 0.09579530094271523 0.16139882800226016 0.09462000007614418 0.167404615519332
0.13933005123387657 0.10149716085788263 0.19371771137769633 0.1081039392067541 0.12775809444885305 0.11567307851871494 0.11967550453494957 0.0942444598212728
0.08287348000281702 0.12169362843940841 0.1223762225252537 0.13705925111558542 0.10227941228748877 0.1762849774471297 0.09296192684361446 0.1644711013387025
0.1126886545954046 0.0932467796971456 0.16004286507275567 0.09495571295208458 0.14632954102655604 0.13763154618776666 0.14115804492578543 0.1139468555425015
0.10300201499838986 0.07688210172493873 0.23967752016083466 0.13057874041559112 0.10416984672576275 0.08258335871918751 0.14558555088126354 0.11752086637403202
0.09944200893059321 0.07368585366909507 0.2732944450285802 0.1287556331442713 0.093528668883964 0.07186039818712864 0.14355292232652336 0.11588006982984415
0.0976930941437243 0.07249058706037509 0.28643273110192313 0.12728933007408438 0.09032470729906093 0.06929104942528902 0.14191810382886721 0.11456039706667594
0.11357372753183868 0.08438197512728482 0.21349226229762813 0.09276719826317198 0.13946020615438343 0.1070993218589623 0.1379046708509243 0.11132063791580638
0.10370015924845717 0.07417169333362131 0.26089292161417654 0.1276499464697317 0.10065395301406423 0.07572621029884784 0.14232016419834265 0.11488495182275853
0.10092194454667813 0.07255869184366576 0.2810941967149084 0.12723484038411964 0.09185632239538917 0.0699652958785801 0.14185735189095128 0.11451135634570767
0.09107607950235701 0.14396248406008724 0.16494810834589285 0.15818389740171715 0.08172370600671192 0.13727275616951068 0.08046746085217786 0.14236550766154543
0.10583079846715475 0.07653029690144963 0.2496045655538598 0.13281279124201786 0.09117980344321146 0.08122701463296945 0.1470292194457829 0.11578551031355404
0.07095044079899518 0.11178339965908626 0.0840523790910213 0.08515711291540183 0.13980508979683814 0.24167278948174725 0.09626456242610643 0.17031422583080366
0.09885671934835336 0.081137533086098 0.20780434788174615 0.13372839176024556 0.10533787707754146 0.10368240117984909 0.1490971770819454 0.12035555258422101
0.10183807111705757 0.07487365848272359 0.2606403380424427 0.12992044642244116 0.09462388027088867 0.07632360167893054 0.1448516022053187 0.11692840178019705
0.11737212340497505 0.08483476523496236 0.2049529263150175 0.09289275632161184 0.14104885214395468 0.1093359476557453 0.1380913213377991 0.1114713075859342
0.10604549376781555 0.07428122020671464 0.25714720671597907 0.12770054931104272 0.10110045511376085 0.07641799791467563 0.142376582590073 0.11493049437993844
0.1026500609478213 0.07253350271751216 0.27938274041488925 0.1271330725084742 0.09192174955108993 0.07021522029836215 0.1417438883042242 0.11441976525762679
0.1012205091538091 0.07184297594553692 0.28810285631100446 0.12627389150536278 0.08942252141251578 0.06870477771320409 0.14078596560374027 0.11364650235482648
0.08026182967368993 0.12509411545729512 0.1453162360425001 0.13755886531371853 0.09429199640106745 0.15910552313117907 0.09330079560408736 0.16507063837646224
0.1039675304311447 0.07570839279221073 0.24199496315390645 0.13371198004178145 0.09452257653754342 0.0855004801353378 0.14802465841011211 0.1165694184979633
0.08130006319503011 0.12608277867028359 0.1344421130588438 0.13786429085922386 0.09549300963216108 0.16587264175321964 0.09350795380016924 0.16543714903106863
0.07925430404796606 0.12196955576251318 0.10804067452403968 0.12913652899543376 0.10335218275523336 0.19997369592394643 0.09685239674657534 0.16142066124429222
0.05486732236497172 0.09697853834054063 0.0736945504083343 0.09854296293821672 0.11600356290779165 0.2514307442770318 0.11139639288667977 0.19708592587643345
0.07046772584340387 0.12711974156713118 0.09264300761359306 0.13439441432535434 0.09752863988012474 0.22541870125494473 0.09115447232502295 0.16127329719042519
0.10045487595115103 0.08338871612561134 0.21280219143618653 0.13450435002091937 0.09660298221193235 0.10123065660010813 0.14996231263526386 0.12105391501882744
0.10369860310711361 0.0749184326747297 0.2623956119999065 0.12947939940322137 0.09277388689589032 0.07584273876339398 0.1443598676928453 0.11653145946289922
0.11964468085384439 0.08456365098260875 0.20514942336078662 0.09254243816338163 0.14042013159108765 0.10905819938547467 0.13757054986675837 0.11105092579605796
0.10711625177872976 0.07410019220714334 0.25691953000970547 0.12739307531161728 0.10137087462495423 0.07641253626085999 0.1420337720265345 0.11465376778045555
0.10340287070516953 0.0724052539839739 0.2790676488629952 0.12691022925412723 0.0922610577845084 0.07023829837479034 0.14149543470572093 0.11421920632871449
0.10188984837442942 0.07173361407068242 0.28778092800041855 0.12607660746282665 0.08975083802492519 0.06873320873117153 0.14056600861900226 0.11346894671654398
0.11857632777249921 0.08366365266497679 0.2130888644902113 0.09199446703231569 0.13891585969279255 0.10661151393202788 0.13675595397639767 0.11039336043877883
0.10689980740045021 0.07375740804282652 0.2600351622337353 0.126967460944367 0.10075227132306548 0.07575793143630846 0.14155924376931664 0.1142707148499303
0.0819073646247161 0.12529965580514837 0.13856875017450723 0.1373250223329344 0.09705725766681945 0.16190973353575416 0.09314218906059897 0.16479002679952123
0.07856870134096551 0.13131583079425888 0.10803475028398832 0.1275234022466905 0.10273237918102585 0.19677813165968988 0.09564255168501788 0.15940425280836312
0.11497634269069898 0.09398544174914361 0.1543328202896228 0.09411584740210616 0.1461875714546905 0.14355343115434824 0.1399095283768623 0.11293901688252739
0.14159527682765194 0.10006625593727665 0.19301686081077576 0.10590857739726721 0.13638615391404085 0.10962899528267288 0.11808016017277403 0.09531771965754048
0.11297304365489194 0.07590192722076496 0.25108970538471015 0.1270672223061477 0.10045471308166605 0.07648241803346197 0.1416704702428244 0.11436050007553293
0.1054157961881932 0.0726755014692439 0.2765882541510574 0.12698596368701676 0.09214316621320837 0.07032407802639602 0.14157987294656943 0.11428736731831507
0.08185227663139134 0.12513268727680601 0.1425426366928553 0.13738114815365146 0.09518120367747132 0.1598724127748793 0.09318025700856361 0.16485737778438175
0.11573729360882865 0.09620184608881913 0.16063679003232587 0.08863552917520066 0.15073503706866995 0.13656777640604292 0.14069131615111216 0.11079441146900083
0.060451569706257896 0.09371554506893578 0.08329198072887074 0.09878976048462297 0.13044740939243454 0.22404883223223226 0.11167538141739988 0.19757952096924594
0.09869176505258519 0.07943412999045184 0.20886918215961678 0.13503632501106475 0.10450596906576551 0.10137451116090794 0.15055542504964978 0.12153269250995825
0.08056976775619605 0.12663401939996838 0.12641883176850313 0.13765293489589983 0.09797933313400733 0.1721969918496482 0.0933645993206973 0.1651835218750798
0.10358043541328679 0.08659262779045229 0.2321759635578873 0.13261167723719772 0.09499560852923711 0.08762692934118774 0.14680657797524532 0.1156101801555057
0.09696562512744743 0.1524247699520044 0.10949942830079479 0.11415736740828919 0.11407590406830155 0.19845958896759353 0.07742847528562222 0.136988840889947
0.11882871316621098 0.09580324853182545 0.15301356840523128 0.09259000757559382 0.1483260391639294 0.14268914907352415 0.13764126499297233 0.11110800909071258
0.10923112561094633 0.07667887157781726 0.23539156797680422 0.1294184937825209 0.10484831297237675 0.08366302120430598 0.14429196247095985 0.11647664440426879
0.13943694779555982 0.0971008789008852 0.2242821799921908 0.10593814127524928 0.12429120522550019 0.09549319797242602 0.11811312169046448 0.09534432714772434
0.09766171409667143 0.06556668101190459 0.23116715980698394 0.11028451945097231 0.11336828457060377 0.08566487238860993 0.1639453453330872 0.1323414233411668
0.1189991971307981 0.08354409593150869 0.19486303407655098 0.09290593620878002 0.14799538285543326 0.11209431622110207 0.1381109141252909 0.11148712345053603
0.10788122587760328 0.07413581578325255 0.25256005656413894 0.1276521300205712 0.10338991061927713 0.07717134542206583 0.1423225986945771 0.11488691701851407
0.12118172020167013 0.08422151113273232 0.2014210191831258 0.09224792745477223 0.14390804482267996 0.1091895243414524 0.1371327399178405 0.11069751294572668
0.10815691367856324 0.0740379208318572 0.2551662844964077 0.1273244071200616 0.10228524665534144 0.07648004869227158 0.1419572121174418 0.11459196640805544
0.10421165647973975 0.07236636961550275 0.27822750674058094 0.12683500767053799 0.0925372587776114 0.07025912555897319 0.14141156825356993 0.11415150690348416
0.13682760699612218 0.09559959706848532 0.23948933202043446 0.10500520277171652 0.1198415994188773 0.09165901434851749 0.11707296488130184 0.09450468249454487
0.12744061473662568 0.08579785234918491 0.19485313853433558 0.09039891366723418 0.14729003779549688 0.1113566897812696 0.134384056735172 0.108478696400681
0.10974234820856799 0.0742495890793958 0.2521890707948546 0.12731069214386279 0.1030870886198451 0.07689966728151151 0.1419419209424858 0.11457962292947652
0.10467568194744738 0.07244697449468132 0.27702481789107053 0.12693142114090336 0.0927788546321647 0.0703849087889275 0.14151906207799225 0.11423827902681304
0.10275160434659218 0.07171964543206406 0.2868503318499354 0.1260259301863638 0.08994438784647578 0.06877525593320899 0.14050950723763247 0.11342333716772741
0.10197406832452449 0.07139613011168205 0.2906397103006256 0.12559338492020466 0.08905780603673512 0.0682776023326813 0.14002725154536252 0.11303404642818421
0.10166197180335768 0.07126238026383014 0.2920894444200381 0.1254181397989035 0.08875623453769883 0.06810363704405284 0.13983186631310582 0.11287632581901313
0.10153869602704817 0.07120956790596768 0.29264261818907333 0.1253500918425647 0.08864842116308054 0.06803952429396354 0.1397559979199938 0.11281508265830827
0.11893826714401994 0.08342755050639594 0.21449942248835027 0.0917930850056316 0.13845579407318917 0.10627759270758193 0.13645658606807323 0.11015170200675793
0.10720089781225961 0.07364191574887764 0.2604913506369656 0.12679699370037287 0.10071391431695996 0.0756684479405294 0.14136918551369929 0.11411729433033557
0.10381088599935966 0.07218567731868025 0.2802998263507851 0.12659141608455937 0.09204649566921956 0.06999344228761231 0.14113998181368037 0.11393227447610343
0.10243742875440336 0.07160753911128652 0.2881135231566822 0.1258774192590508 0.08969806968527215 0.06863241406357581 0.1403439286365835 0.11328967733314571
0.08128123876757293 0.12479188008017181 0.14519707180672273 0.13722396308843338 0.09466738127693979 0.15909606474449314 0.09307364452954613 0.16466875570612002
0.10308814775580594 0.08574811941937209 0.2402253061439755 0.13174734631424395 0.09366496990442692 0.08481972145938625 0.14584972811344873 0.11485666088934088
0.08141952047358467 0.12786652187008724 0.1338138764548723 0.13747413852672186 0.09559107727135088 0.16562257043145343 0.09324332873986352 0.1649689662320662
0.1035154225357274 0.08656554260011338 0.23543954640580625 0.1322626226426101 0.09422465957173141 0.08626616990360858 0.14642016019043524 0.11530587614996779
0.06051872151595867 0.09508234475604241 0.09852375506215605 0.10210033796053226 0.118465404761076 0.2056909866764815 0.11541777334668865 0.20420067592106453
0.09855021158722928 0.07945137547456696 0.21596627955011388 0.1348738860510103 0.10163332876905871 0.09776410339061213 0.15037431773149953 0.12138649744590929
0.10362000451970867 0.07429043560456446 0.2634951015838068 0.12919728796658284 0.09392582152213474 0.07514845513919234 0.1440453344940856 0.11627755916992455
0.10303942653058618 0.07234122171875704 0.28177205685427337 0.1267709091497842 0.09067432376164915 0.06996814056374324 0.14134010318640117 0.11409381823480579
0.08142393554804049 0.1250074204537836 0.1437251802272195 0.13731028714958562 0.09492752347927186 0.1597011138002685 0.09313219476232765 0.16477234457950274
0.10316717082948265 0.08581958040915721 0.2396616020510113 0.13180613290742124 0.09376258843709609 0.08496020733738938 0.14591480728863887 0.11490791073980314
0.09696664257855923 0.15227388781581155 0.11101651368860266 0.11416879515413297 0.11385379172928306 0.1972815885701956 0.07743622627845541 0.13700255418495957
0.11886162125785547 0.09575524341139227 0.15350279710795942 0.0925597732687724 0.14830993174693385 0.14234258561933988 0.13759631966521987 0.1110717279225269
0.08287147893730186 0.1273987831436568 0.11165190305266293 0.1343952187169563 0.10602440729341589 0.18522892848328826 0.09115501791237036 0.16127426246034754
0.10441982427588208 0.08696654560962758 0.225535578029995 0.13288533953943804 0.09705119485691777 0.09018322674766446 0.14710953339327287 0.11584875754720239
0.09712405494290913 0.1523829484798883 0.10811325517419688 0.11405912018040738 0.11458834976860068 0.1994994892021021 0.07736183803540675 0.13687094421648885
0.10581286149812802 0.085222280029501 0.21710718297436968 0.13178047203778795 0.09914790059542025 0.09540148607223536 0.14692539195854865 0.11860242483400917
0.10516540617550749 0.07483322033162267 0.26365622389361226 0.12887122944710605 0.09321387177596724 0.07459413829619436 0.14368180357759436 0.11598410650239545
0.10338305285231504 0.07238590743257028 0.2817948852717531 0.126729772946179 0.09050088878981781 0.06985445766655617 0.14129423938924732 0.1140567956515611
0.10231042485740427 0.07161196528227255 0.2887230535030219 0.12584549660008953 0.0893488375526391 0.06859093801036216 0.14030833725412967 0.1132609469400806
0.10181152896600267 0.0713373300356273 0.29135921436172707 0.12550887257383544 0.088887257417778 0.06820478474252534 0.1399330265860523 0.11295798531645189
0.10160154158460384 0.07123599848030515 0.29236216262326453 0.12538209541915787 0.0887077710022983 0.06807486549355964 0.13979167951956856 0.11284388587724209
0.10151719633592378 0.07119802875959978 0.292743949621381 0.12533423537087549 0.08863891992430262 0.06802853901675023 0.13973831913737905 0.11280081183378793
0.10148411526741376 0.07118369340120478 0.29288935368154956 0.1253161037670915 0.08861265477361664 0.06801148196647673 0.1397181037522647 0.11278449339038235
0.11891968959498392 0.08341763701406965 0.21457358643711244 0.09178539029930505 0.13845096677912466 0.10626511414592814 0.1364451473703102 0.11014246835916605
0.10719676690478808 0.07363743512793174 0.2605182420507244 0.12679067125351945 0.1007172241464863 0.07566591993110047 0.1413621364572821 0.11411160412816748
0.10381167969025742 0.07218331382303551 0.28030805335426145 0.1265877716410086 0.09205102026100627 0.06999324822242849 0.14113591853109467 0.11392899447690774
0.10243999997063442 0.07160600478353715 0.2881147069816141 0.12587485521907088 0.08970299122425368 0.06863300220037383 0.14034106992335213 0.11328736969716377
0.1018595807278385 0.07134918089417247 0.2911210253264699 0.12553145417625988 0.08897836695818345 0.06822387977088058 0.1399582033875614 0.1129783087586339
0.10162047528512205 0.07124298655528057 0.29227031024741956 0.12539229027125084 0.08873447222085983 0.06808335815709894 0.13980304601884236 0.11285306124412577
0.10152466363244605 0.07120107449451639 0.2927086742303314 0.12533829450581427 0.08864792260790307 0.06803206070384066 0.1397428447699153 0.11280446505523284
0.10148700037795659 0.07118488193787487 0.29287576542652716 0.12531761135038333 0.0886162487711164 0.06801285732566784 0.13971978459512888 0.112785850215345
0.10147237369101526 0.07117868073009712 0.2929394457726468 0.12530971947148659 0.08860445205122686 0.06800559502008416 0.13971098573910518 0.11277874752433792
0.13556603919987242 0.09509610120560998 0.24463639654681868 0.10463610615168065 0.11837527816956266 0.09085613349545721 0.11666144969448575 0.09417249553651258
0.12702982604325833 0.08566421079895944 0.19652078559536373 0.0903248698350188 0.1467288143402816 0.11106766397960512 0.13427398560549064 0.10838984380202255
0.10959165548430749 0.07419174898844351 0.25286720911176164 0.12723659462556283 0.10293023003226592 0.07681031885540512 0.14185930773924693 0.11451293516300656
0.08262461360915128 0.12535616473112596 0.1368675450734546 0.13728071333065453 0.0976518844986716 0.16237008676197365 0.09311213599818308 0.16473685599678542
0.07816361079282616 0.13731597164436601 0.10708756965086494 0.1264564766938933 0.10222040337481793 0.19584301445544525 0.09484235752041996 0.15807059586736658
0.07660553809810937 0.1390471719568654 0.09935294707704434 0.12510839386051215 0.10232915126720335 0.20734001001924093 0.09383129539538412 0.1563854923256402
0.07469464472793624 0.13574501416879461 0.09855514959071722 0.13429566735267684 0.09526409151220606 0.20920313570698887 0.09108749611746776 0.16115480082321218
0.1368283321965849 0.11795276974516451 0.17540711792896865 0.106498569319596 0.12644207964171297 0.1261279305037987 0.11789829407785961 0.09284490658631445
0.08613254328600975 0.1317887045845054 0.11666703527135716 0.13402055342504607 0.1010353011875973 0.17863030102974556 0.09090089710568343 0.16082466411005528
0.10550783602192579 0.08747045992763451 0.22756624824523256 0.13254551232277212 0.09572223111244188 0.08890188375244393 0.14673333069513234 0.11555249792241673
0.08187194215449088 0.1282331947182911 0.130826245772848 0.13750376145371726 0.09605568105395497 0.16724124029015053 0.09326342081208651 0.16500451374446073
0.10417997063501402 0.08665961673504724 0.2340774648003088 0.132289792923756 0.09436439439297718 0.08664895864260692 0.14645023880855365 0.115329563061736
0.08163471911293001 0.12807597265857568 0.13237224971586817 0.13750867185115398 0.09576334464589076 0.16636788445167486 0.09326675134252183 0.16501040622138474
0.11627384330169736 0.09674589936576965 0.15736268725258207 0.08863770014083162 0.15099045195478575 0.13849753067998985 0.14069476212830415 0.11079712517603951
0.08242165214842641 0.12764119385784184 0.11258728436679799 0.13442762943185174 0.10666071640307706 0.18377136764174437 0.09117700083203857 0.16131315531822207
0.13938323812887693 0.11568150062727002 0.18030982244319763 0.10598706650482466 0.1292366137137454 0.11967073809105686 0.1173320394355405 0.09239898105548816
0.08668771411452113 0.1314204946385814 0.11792343236985123 0.1341052624066727 0.10175179018978119 0.1762266394993635 0.09095835189322149 0.16092631488800724
0.0718536479667087 0.1255041221260238 0.15481957552780665 0.1902914395653086 0.06505137617048415 0.1270476767884684 0.09953706069569991 0.16589510115949985
0.07815922665412949 0.1397512972272176 0.11292257929383885 0.12929500819161807 0.09627490247422818 0.18500696977573178 0.09697125614371356 0.1616187602395226
0.09445057685236825 0.17094546947283823 0.09242031872390608 0.11491119108789707 0.12354684301096429 0.248595492883365 0.08618339331592283 0.06894671465273826
0.07585015473111675 0.13852799939031715 0.0943512094132603 0.12963774047089843 0.09739202106100935 0.2207473797880582 0.08792820658026156 0.15556528856507812
0.10187368453056068 0.08456249170776806 0.21297591349315856 0.13393469297153363 0.09652161128765338 0.10026319479802666 0.14932718753691882 0.12054122367438026
0.10642190951824924 0.07748197202999474 0.2680328086653926 0.12863984486453167 0.09187833867554643 0.07298797291647134 0.14240959626842742 0.11214755706138659
0.08205805261112584 0.12609088807732577 0.14046019841180354 0.13733605550049238 0.09519738392963399 0.1609044824426067 0.09314967242642092 0.16480326660059083
0.10411281738771613 0.08601549796163775 0.23812363839206532 0.1318044182351303 0.09385273295669531 0.08527157009353423 0.14591290907592772 0.1149064158972931
0.0719533291353299 0.11277787306480921 0.08197428525831252 0.08452937646771347 0.1405275824255237 0.24362385340155582 0.09555494731132827 0.16905875293542694
0.10059675744868082 0.0810442877090962 0.2062296023398672 0.13322765008815957 0.106041851502119 0.10441607834638253 0.14853888748635102 0.11990488507934363
0.10432060971663808 0.07461853794316721 0.25940318607795687 0.12940090819064506 0.09506674867759374 0.07645683617404239 0.14427235584837592 0.11646081737158058
0.08172241177477896 0.12561320671879805 0.1384748849503939 0.13750729281482008 0.09598709847906801 0.1624205378882181 0.09326581599613884 0.1650087513777841
0.10410409599624929 0.08600063972062877 0.23729082361913964 0.1319030696916065 0.0940933167035131 0.08559351424420235 0.14602212029351633 0.11499241973114413
0.08161533665261209 0.1279226794376513 0.13312524713085339 0.13748145994321634 0.09569475120064311 0.16593447913298262 0.09324829457018152 0.1649777519318596
0.1042656632257026 0.08652496144685053 0.2350158117901344 0.13214529247611886 0.09419879483871058 0.08635561703693566 0.14629027087303348 0.11520358831251389
0.08164867443385966 0.1280407232797034 0.13259050531584665 0.13749743138337567 0.09572227583319175 0.16624434472089997 0.0932591273730722 0.16499691766005078
0.10429296507757989 0.08655949708318104 0.2347880491245701 0.13217002486225507 0.0942219317084672 0.08642473162287069 0.14631765064116148 0.11522514987991467
0.08129133296470993 0.13236513637661118 0.13207892283390174 0.13670344322240294 0.09529292887397753 0.16550350758892668 0.09272059627258633 0.16404413186688352
0.10419325618923579 0.08724444606994787 0.23451744772831964 0.13214269341400037 0.09411937660435254 0.08629406392622774 0.14628739360442855 0.1152013224634875
0.07165427922105189 0.11686066428910526 0.0811756760960171 0.08405880284266698 0.13999167229571874 0.24311830505230853 0.09502299451779746 0.16811760568533396
0.10014803535929345 0.08538335037224723 0.20509372049765848 0.13254375851668054 0.10562680698791672 0.10413854618035474 0.14777639942083637 0.11928938266501248
0.10397453419095183 0.07781322018630579 0.2584866532002143 0.1289333582480775 0.09476468193359255 0.07623645726338858 0.14375107255419986 0.11604002242326977
0.08131234562825548 0.13014332113778657 0.13781741822309757 0.13675594750925135 0.09550511540696989 0.16160250720769742 0.09275620787584005 0.16410713701110163
0.07841751290310012 0.13839387841055384 0.10720564812874377 0.12628016386888138 0.10161155969548488 0.19553090925547328 0.09471012290166105 0.15785020483610174
0.07466389607456231 0.14272414914398182 0.09990252671390233 0.13344844349553908 0.09468037454912719 0.20392962050083124 0.09051285732740912 0.1601381321946469
0.13754363368444117 0.11927581815916606 0.17568956745679526 0.10629807467525373 0.1260876537139634 0.12475879766199462 0.11767633826483115 0.09267011638355455
0.07458203831965247 0.12000725393417543 0.07041612375665128 0.08061619510563912 0.14544744901177067 0.2565671986718493 0.09113135098898337 0.16123239021127825
0.10095014160558978 0.08597197140298721 0.19979175544613711 0.13249919921526487 0.10700070253373554 0.10681023137746828 0.14772671912507884 0.11924927929373837
0.08049269500390324 0.1319403885942534 0.12360360428092135 0.13647588536578473 0.09794248754769072 0.17320762408562493 0.09256625268288007 0.16377106243894163
0.07808898247496351 0.1385433419640111 0.10373294522159238 0.12599418544498442 0.10196696455391209 0.19968520945056772 0.09449563908373833 0.15749273180623052
0.08684576692499145 0.1713063342807387 0.08048590288511011 0.10823204246526855 0.11033394784000405 0.23950799540825232 0.07340955923731257 0.12987845095832226
0.10319386678942334 0.09709675491405081 0.20316776114493348 0.1311010590959877 0.0982274187986912 0.10305428883962482 0.1461678972308997 0.11799095318638894
0.1379280313914493 0.10730349219132931 0.21217692704901722 0.10604060122421265 0.12271337399090261 0.10017367616400373 0.11822735688729377 0.09543654110179137
0.1275858603580063 0.09373223837515772 0.18528866031884283 0.09004190073114603 0.148026917160543 0.11342080915173264 0.13385333302719618 0.10805028087737523
0.09700052652947869 0.15516119909760448 0.13680277307199734 0.15368332007265265 0.09126729414735908 0.1495918622829102 0.07817803673261026 0.1383149880653874
0.08112564152042573 0.14439166818458873 0.10670963095721812 0.12571231030328106 0.1003080067903414 0.19032812163758295 0.0942842327274608 0.1571403878791013
0.07768989677048316 0.1408166362028462 0.09925018523037255 0.1250382656550111 0.10187081324526988 0.20525767158599478 0.09377869924125835 0.15629783206876388
0.08655592309284595 0.17168894245095795 0.07946658452395115 0.10795573346850254 0.110053907512013 0.2415098791326289 0.07322214965689736 0.12954688016220303
0.10314437421865577 0.09719270782573214 0.20269713880834175 0.13112284066242766 0.0981873293479568 0.1034528704887107 0.14619218205199025 0.1180105565961849
0.08061814401406667 0.13750559372649981 0.1239200604975846 0.13585992404364966 0.09563538940658951 0.17128050923831992 0.0921484702209102 0.16303190885237956
0.13907132194000843 0.11774007150036407 0.18481799772989663 0.10598562972117313 0.1259387550567452 0.11671804671996737 0.11733044885697634 0.09239772847486888
0.08589866052563228 0.14106602148507252 0.11806009054497936 0.13249015457439675 0.1001333980721205 0.17350060185806218 0.08986288745046041 0.1589881854892761
0.14071804359527376 0.11827922256172917 0.18210483232323144 0.1056903945325705 0.12701390040573213 0.11704965126304309 0.11700361136694819 0.09214034395147169
0.08619209542248288 0.1412005726201924 0.11740888352123324 0.1324550571202253 0.10035709950792422 0.17360114104299723 0.08983908222067456 0.15894606854427035
0.11768044593548 0.09887010789586356 0.1519643907936624 0.08832491674899803 0.15227297415344784 0.1402827379823354 0.14019828055396513 0.11040614593624754
0.08200635578153403 0.13567614988461657 0.11047864834470707 0.13295512020237824 0.1061283748708423 0.18303095123145482 0.09017825544161306 0.15954614424285385
0.10225801019772222 0.09062262767968807 0.21867839212420187 0.1321640610245252 0.09743154248034795 0.09254464651872511 0.14735306505271686 0.11894765492207267
0.10390235313093411 0.07987908154481078 0.26369877943303155 0.12811549540900571 0.09246941481484477 0.07379171327609295 0.14283921652317502 0.11530394586810515
0.08109521655873532 0.1328900448309836 0.13879455172128555 0.13629159524972226 0.09474373363441636 0.16019368779668275 0.09244125590850728 0.16354991429966673
0.10400735648989651 0.08711360080247663 0.23733190753254169 0.1317981907931473 0.0937720898059519 0.08516985268901728 0.1459060150416608 0.1149009868453079
0.081029800064329 0.1349262442501484 0.132416635475505 0.136236243213281 0.09494160983714865 0.16456226251551231 0.09240371278813844 0.16348349185593722
0.07837320579791227 0.13946707762046007 0.10586492698565558 0.12613585305919525 0.10137750403603608 0.1965097263823503 0.09460188979439643 0.15766981632399404
0.07431616495485603 0.1467549154597111 0.09916936290406161 0.13270825598954664 0.09421943934875443 0.20357113704966104 0.09001081710595338 0.15924990718745596
0.13758857091307147 0.12009540158405946 0.17531747055658822 0.10623481790979206 0.1259013498904518 0.1246411092610518 0.1176063104251666 0.0926149694598187
0.08550307875072527 0.14157397814668857 0.11567801409881155 0.13232184448762702 0.09998709519997492 0.17640104662636896 0.08974872930465137 0.15878621338515242
0.0948047340013077 0.1688179366171121 0.12204608511052285 0.15070049308728595 0.08554909236243159 0.1678737915406127 0.07882795023027266 0.1313799170504544
0.06876472078049986 0.12570653924173836 0.06587662937246577 0.08007899223596003 0.1345438174557174 0.2687765257585465 0.09609479068315205 0.16015798447192006
0.11023818507063111 0.09908724615371974 0.1367825579404006 0.09172192708586148 0.1544835641287688 0.161269402076513 0.1363508050410717 0.11006631250303378
0.10725066913972528 0.08238770979348072 0.22763968694716893 0.12910706390717502 0.10638039245151955 0.08709337884348815 0.1439447414009847 0.11619635751645754
0.0816033915040294 0.1334545094561033 0.1301330467121046 0.13613396960802582 0.09772890955735697 0.16525106502904446 0.09233434460370447 0.16336076352963097
0.10450118440846895 0.08742565904727526 0.23356087320798327 0.13212448514715364 0.09466793654682487 0.08626717674792643 0.14626723630454125 0.11518544858982624
0.12038503398687213 0.09142166806893953 0.19518662637495343 0.0922525170009261 0.1411921926627586 0.11171937891798758 0.13713956258645132 0.11070302040111132
0.1077990476148544 0.07956195522090664 0.25194719155079315 0.12681430171626892 0.101569125263633 0.07678702442912146 0.14138848265978043 0.11413287154464202
0.10386467512550844 0.07690077186541203 0.27637319478447075 0.12624668966411084 0.0921432098027899 0.07009380047927562 0.14075563758073256 0.11362202069769978
0.10220976785963269 0.07590285270984751 0.2860421351150876 0.12534321258890846 0.08949310157707925 0.0684517107538828 0.1397483280655442 0.11280889133001759
0.10150079512046473 0.07548974628696575 0.28978202342517534 0.12492046939376791 0.08864935710991079 0.06795218525836229 0.13927700095096213 0.11242842245439114
0.1012073516539895 0.07532253610618381 0.29121868251006655 0.12475021171586746 0.08835898116415007 0.06777986995956191 0.13908717634589998 0.11227519054428071
0.10108940565692752 0.0752565892901969 0.29176944714448666 0.12468413873746473 0.08825437403477741 0.06771681036662824 0.13901350990580022 0.11221572486371827
0.10104289417369523 0.07523097504811557 0.2919804741336191 0.12465875282719628 0.08821568456046737 0.06769313520210785 0.13898520651032184 0.11219287754447665
0.10102476458895204 0.07522110235348199 0.2920613207201945 0.12464902447280801 0.08820115761432373 0.0676841481035371 0.13897436012117548 0.11218412202552722
0.10101774689583527 0.07521731053180972 0.2920922941491653 0.12464529836357868 0.08819565580289 0.06768071994204751 0.13897020578745264 0.11218076852722081
0.1010150416725464 0.07521585644121506 0.292104160873288 0.12464387121126769 0.08819356176467037 0.06767940932774184 0.13896861461912977 0.1121794840901409
0.08047391578364108 0.1313310812848104 0.14544476010519278 0.13602238147413084 0.0936796462880648 0.15756269855622748 0.09225865873897571 0.16322685776895698
0.07842755824223453 0.13870292140329538 0.10895786933234607 0.1262536590321211 0.10118678131941404 0.19396389260634658 0.09469024427409084 0.15781707379015136
0.05451197315557607 0.10746840071947256 0.07324968360552188 0.09733237476527817 0.11511852085043806 0.24762639546458165 0.11002790190857532 0.19466474953055635
0.09704815791006914 0.08693332857922738 0.20352477351728473 0.13453844652937633 0.10106654225035674 0.10580382163956915 0.15000032769767777 0.12108460187643869
0.1032658053653517 0.07971620497303117 0.2578554701727405 0.12895686810269724 0.09381086703240908 0.07655631877370866 0.14377728428763406 0.11606118129242751
0.10276799829586436 0.07692583894763606 0.2790019882563206 0.12629970768530244 0.0904692386626577 0.07005074251765407 0.14081474871779243 0.11366973691677221
0.1018864183419893 0.07585988734437443 0.28710195522124976 0.12526649374734783 0.08908093509565847 0.0684016735942764 0.1396627922824908 0.11273984437261304
0.10139229046075666 0.07545798091533 0.2901962018645694 0.12487816977040811 0.08853351247489946 0.06792165169306483 0.13922984002760427 0.11239035279336732
0.08055354829222953 0.13142026219169353 0.1450033253910875 0.13604619424633138 0.09376710125750388 0.15767932551500136 0.09227481001055521 0.16325543309559765
0.10374513893819176 0.08669083923155975 0.2399491256857961 0.13149598345995572 0.09335402349021436 0.08455590605130114 0.1455714591009685 0.1146375240420127
