Action: 0
[0.1258690149697163, 0.08875968817894518, 0.1586079731509542, 0.08814564073388204, 0.22712422979811558, 0.1352021717006226, 0.08814564073388204, 0.08814564073388204]
[0.12511089674258705, 0.15619104791940955, 0.25016919451591657, 0.0891517316386572, 0.11192193426745808, 0.0891517316386572, 0.0891517316386572, 0.0891517316386572]
[0.1081029578270723, 0.09622396802941617, 0.31075548868640235, 0.09622396616482604, 0.10002172074519831, 0.0962239662174327, 0.09622396616482604, 0.09622396616482604]
[0.125, 0.125, 0.125, 0.125, 0.125, 0.125, 0.125, 0.125]
[0.11132446966526602, 0.09278990257562189, 0.2990439978939785, 0.09278990257562186, 0.12568200150999465, 0.09278992062827345, 0.09278990257562186, 0.09278990257562186]
[0.0988257348574293, 0.09813904089332771, 0.31233889704587975, 0.09813904089167483, 0.09814012458154378, 0.09813907994679487, 0.09813904089167483, 0.09813904089167483]
[0.125, 0.125, 0.125, 0.125, 0.125, 0.125, 0.125, 0.125]
[0.125, 0.125, 0.125, 0.125, 0.125, 0.125, 0.125, 0.125]

Action: 1
[0.09462631864553575, 0.09462631864553575, 0.09462631864553575, 0.09462631864553575, 0.2979521543173087, 0.13428993380947676, 0.09462631864553575, 0.09462631864553575]
[0.09149274026974658, 0.13969904611899908, 0.09149274026974658, 0.09149274026974658, 0.12783211989955232, 0.2750051326327157, 0.09149274026974658, 0.09149274026974658]
[0.09562894454325699, 0.09602981942924596, 0.09544036169535124, 0.09544036169535124, 0.12073589685970323, 0.3058438923863889, 0.09544036169535124, 0.09544036169535124]
[0.125, 0.125, 0.125, 0.125, 0.125, 0.125, 0.125, 0.125]
[0.09650807939356419, 0.09647902920280796, 0.09647902920280796, 0.09647902920280796, 0.11101831965974666, 0.31007845493264946, 0.09647902920280796, 0.09647902920280796]
[0.09123567071752946, 0.13729492667254187, 0.09123567071752946, 0.09123567071752946, 0.12646830360729094, 0.28005841613251986, 0.09123567071752946, 0.09123567071752946]
[0.125, 0.125, 0.125, 0.125, 0.125, 0.125, 0.125, 0.125]
[0.125, 0.125, 0.125, 0.125, 0.125, 0.125, 0.125, 0.125]

