Action: 0
[0.15311190151133053, 0.1050641385358009, 0.21650325822969113, 0.1050641385358009, 0.10506414757997376, 0.1050641385358009, 0.1050641385358009, 0.1050641385358009]
[0.22777863558900804, 0.10381660202135315, 0.1493217522828731, 0.10381660202135315, 0.10381660202135315, 0.10381660202135315, 0.10381660202135315, 0.10381660202135315]
[0.14941980583748618, 0.1038247044745636, 0.12390047980147456, 0.10380916831441055, 0.20761833662883336, 0.10380916831441064, 0.10380916831441055, 0.10380916831441055]
[0.125, 0.125, 0.125, 0.125, 0.125, 0.125, 0.125, 0.125]
[0.21176347488702713, 0.10587736466653568, 0.15281071181543338, 0.10587736466653568, 0.10603898996486119, 0.10587736466653568, 0.10587736466653568, 0.10587736466653568]
[0.12359636629090123, 0.10381658585473048, 0.2534985594694582, 0.10381658585473048, 0.1038221449659865, 0.10381658585473205, 0.10381658585473048, 0.10381658585473048]
[0.125, 0.125, 0.125, 0.125, 0.125, 0.125, 0.125, 0.125]
[0.125, 0.125, 0.125, 0.125, 0.125, 0.125, 0.125, 0.125]

Action: 1
[0.14928806304377315, 0.10342321147021985, 0.10342321145917786, 0.10342321145917786, 0.20925420460442704, 0.12434167504486839, 0.10342321145917786, 0.10342321145917786]
[0.10589369613864927, 0.10589369613864927, 0.10589369613864927, 0.10589369613864927, 0.10589369613864927, 0.25874412702945515, 0.10589369613864927, 0.10589369613864927]
[0.10505160992243673, 0.10505152067617989, 0.10505152067617989, 0.10505152067617989, 0.15310942682367656, 0.21658135987298724, 0.10505152067617989, 0.10505152067617989]
[0.125, 0.125, 0.125, 0.125, 0.125, 0.125, 0.125, 0.125]
[0.10507175081011848, 0.1054727196020333, 0.10506762530510264, 0.10506762530510264, 0.11092380421494089, 0.2582612241524967, 0.10506762530510264, 0.10506762530510264]
[0.10556385610175008, 0.10757733723672565, 0.10545163762501938, 0.10545163762501938, 0.10642383113679527, 0.25862842502465133, 0.10545163762501938, 0.10545163762501938]
[0.125, 0.125, 0.125, 0.125, 0.125, 0.125, 0.125, 0.125]
[0.125, 0.125, 0.125, 0.125, 0.125, 0.125, 0.125, 0.125]

