0.125 0.125 0.125 0.125 0.125 0.125 0.125 0.125
0.37185341352403317 0.2469281030914426 0.019449658489758357 0.01212600389077191 0.19915569389464738 0.13498018394167555 0.009492726233210834 0.006014216934460197
0.5502323645768199 0.14017891597673648 0.13084672922710275 0.03261758843357556 0.09376567140567753 0.024872176890952034 0.0218231610175556 0.005663392471580098
0.5632115725700226 0.17395957518441224 0.03391521386715855 0.010138708225737285 0.15765393777113806 0.049355971365857315 0.009038386549201973 0.0027266344664719495
0.39927772342681767 0.2579445811640796 0.016180545207624072 0.010074642233177273 0.1856237482050238 0.12166815846591326 0.007091606070818542 0.00213899522654572
0.5301111327684647 0.13403365279549848 0.15344800004495385 0.03810501392880531 0.08902462108150014 0.023418240357892094 0.025319796925702732 0.006539542097182812
0.5101432529017502 0.16338620964905862 0.031206853953769362 0.009680940839747028 0.20383898345640325 0.06615336440635967 0.011873682709946994 0.0037167120829648013
0.5392122298527724 0.12588247756291096 0.1596207171679109 0.03667963660207651 0.08645499827595839 0.020967267969358074 0.025178029238198566 0.0060046433308142315
0.533414907242794 0.170065021999212 0.054873739008691025 0.016967707504992463 0.15476549510069162 0.0499583737940246 0.015211297167535297 0.004743458182059003
0.3861345205595867 0.2694933708294809 0.021137613510777444 0.014225876381906186 0.17219301676434354 0.12194863664435272 0.00885245151364412 0.006014513795908319
0.5739060760399574 0.14583530003678022 0.10897710986207435 0.027163574321495108 0.09613141893910494 0.02542404969566004 0.017915637971101475 0.004646833133826364
0.5482167208545907 0.16308568678743962 0.054264143138802165 0.015617876136640821 0.15374269437844887 0.046360795784400256 0.014500675479018123 0.004211407440659347
0.39925300022308413 0.2669777584829565 0.016498721488944615 0.010642712664271874 0.17727901656238404 0.12030304771401808 0.006891491114955545 0.002154251749385092
0.5445774587231806 0.1379473711198406 0.13904470830572513 0.034524078411476485 0.09116132822167765 0.02402246735582709 0.02282827706221377 0.005894310800058777
0.5478359877412576 0.1557680563083342 0.05533157902641228 0.015196818700075181 0.16003587288073534 0.04613575114882576 0.015420844132860689 0.00427509006149898
0.404644757537375 0.2595531267264158 0.02232508426364818 0.013805619428310904 0.17265422065575262 0.11250086684977034 0.008934405695351338 0.005581918843375821
0.5306648016905988 0.1333710089011396 0.09486085082945153 0.023366243866655513 0.14694059941731946 0.03843538603086286 0.025759790011299275 0.006601319252673066
0.5437128661383932 0.16941454270662074 0.05209910843456461 0.01568212090436267 0.15281177458791992 0.048377481902156176 0.013726222686892697 0.004175882639089833
0.41598816951490697 0.25758433139892456 0.022799680807418402 0.013578674370440528 0.16943323660829077 0.10668759487236526 0.008693870122127908 0.005234442305525717
0.3898419617721731 0.275486466117888 0.018927333893409254 0.012725284365605211 0.16886132454986172 0.12151437382336179 0.007524993124703846 0.0051182623529971456
0.39936603641093876 0.2644289324115319 0.01888198982761592 0.011832829298655409 0.17498999579648672 0.11813619151843531 0.00756432013776126 0.004799704598574865
0.3312393053647306 0.23562953164834718 0.01182130020156593 0.00798839475709461 0.23226304092738503 0.1682926193576866 0.007581755879446325 0.005184051863743788
0.5624098338457216 0.14641936068952346 0.11194178885414323 0.028607896966869963 0.09920973366114488 0.026872415383001978 0.019383870166743335 0.005155100432851488
0.5563835613648229 0.16571517437186006 0.03300276250736286 0.009503164377417859 0.17122057565760643 0.051665490294708995 0.009693670481255988 0.0028156009449649922
0.40185324180487175 0.2698965692108008 0.02161175768046888 0.01400427652007071 0.16575326381348662 0.11309877690699663 0.008329608903178314 0.005452505160126336
0.3854792357105895 0.2539106941383772 0.018493902743410725 0.011542457356809983 0.18969412248942838 0.12716660840990845 0.00840696660845665 0.005306012543019012
0.5792258277727775 0.14700852142776713 0.10296895381091098 0.025608740271902526 0.09786628698858972 0.02585346644214841 0.01705444181341112 0.00441376147249268
0.537158082695393 0.15992563262908221 0.05294018047499255 0.015250964838503817 0.16494035812217453 0.04973333500117288 0.015537648244536899 0.00451379799414423
0.39824960301920803 0.2563281217425709 0.021788888785043547 0.013506126888733613 0.17852463229997634 0.1167020653491832 0.009163041276005528 0.005737520639278785
0.5306454957432727 0.13368034795522088 0.15397304303197445 0.03808884857292109 0.08861363289391823 0.023236010622334997 0.02526018326728004 0.006502437913077726
0.5423495918795734 0.15385000206336347 0.05533270685614547 0.015159591481045079 0.16523801290192947 0.04750878876686117 0.016107667701365277 0.004453638349716772
0.39780954245122585 0.26559191219116557 0.021891310409658783 0.014101577051858367 0.17049599003437577 0.11560231668412028 0.00878857441605723 0.00571877676153828
0.49094104712119485 0.12395382941575661 0.13397181463867508 0.03318387032529612 0.13624588382000674 0.03580090262548337 0.03649700542837518 0.00940564662521191
0.5484657864244805 0.15676455281070564 0.05409001247695234 0.01488957950593286 0.1602420159258333 0.046575337698416215 0.014840457693237327 0.004132257464441847
0.40985804340317855 0.2630285287554465 0.022578953034054453 0.013968453608939295 0.16737074730229404 0.10917283662269496 0.008627838143821762 0.005394599129570345
0.3802700182920019 0.259370723736942 0.018379321769308506 0.011904012801049177 0.1867202223006956 0.1295491966101648 0.00834358162567027 0.005462922864167689
0.5362042497656047 0.13658755157237965 0.14560964098021806 0.03638264454250469 0.09070972688661262 0.024049902167868682 0.02417119669649352 0.006285087388318213
0.5325803078926662 0.17080602864914826 0.053989390056412234 0.016770819551249296 0.15556738443663232 0.05053388747374457 0.015039792514339349 0.004712389425807772
0.3869518839020708 0.259922178937985 0.021147878378911845 0.013682486359029664 0.18017424094950907 0.12280723659957984 0.009263685832181711 0.006050409040731913
0.6034532552338147 0.06978863734414756 0.1642982175382237 0.018637904160744786 0.10134671143890758 0.01220026343171183 0.027078216012711622 0.0031967948397382076
0.5515468902455029 0.16483858163800208 0.058196270880562714 0.017000412847656955 0.14544801767414905 0.04399490760235268 0.01465709902776778 0.004317820084005807
0.40127324724877317 0.24745841246339703 0.02225917591748701 0.013216135864216563 0.1847067220059583 0.11561310244736221 0.009673803756651746 0.005799400296153701
0.5249604684158226 0.13174850264313787 0.09996367535386007 0.02461229808763842 0.14619744097598592 0.038194149908653136 0.027322819864458316 0.007000644750443776
0.5140885311671985 0.16006904442394962 0.02966353885637314 0.008921244232453064 0.20712233874304203 0.06552970273129816 0.011200661470061818 0.0034049383756236977
0.5393273040211254 0.12572351843877222 0.15965110163558047 0.03663850295337663 0.08651582984307242 0.020946836353089346 0.02519697963328278 0.005999927121700708
0.5334179216360211 0.1700552022617315 0.054877901960031894 0.016968252710066287 0.15476839385144722 0.049956007122223735 0.01521265327728139 0.0047436671811969195
0.39322233110244237 0.25377667492291783 0.021525769523651872 0.013367882892603876 0.18293190051313155 0.11984313624695091 0.009423217053722625 0.005909087744578938
0.5188883311888715 0.13094355452090478 0.10490659620998681 0.025994226376468827 0.14497019754928947 0.03808221266250807 0.02879049698436234 0.007424384507608226
0.5538088790957528 0.15899339339601434 0.053433267769291276 0.014782119361140256 0.1555573384475609 0.04542620900877369 0.014063246152727873 0.003935546768738712
0.3409238583636457 0.2101065497509985 0.0141098443502468 0.008375231040335444 0.25265172849363826 0.15806701672446485 0.009857391646583889 0.0059083796300865915
0.5476623166479255 0.14056559753543826 0.12904789051605758 0.032410548183188954 0.09648560933376667 0.025769897389249688 0.022244073047310835 0.005814067347062547
0.3959872122700521 0.2590707001634286 0.023779764208119423 0.015053858494731053 0.17426676505886957 0.11547757790515689 0.009987256508616357 0.006376865391025957
0.5808291517738902 0.1463311757387211 0.10374903000268274 0.025612772602830604 0.09678857399850967 0.02538340217142436 0.016951016611743263 0.0043548771001983705
0.43402447849804326 0.29597697740542006 0.02570266306696054 0.016993954522136357 0.12736847224739103 0.08793211179403071 0.007201166212287297 0.004800176253730918
0.3776949181041197 0.27747559055756005 0.014041858384966516 0.009842283591619684 0.17906539853044562 0.1335483116202792 0.00621915327808832 0.002112485932920935
0.5499825578092932 0.141234827882455 0.13060842365353617 0.032831728446442034 0.0931380468536727 0.024878997707463737 0.021662517549813402 0.005662900097323777
0.39638001780519566 0.25920162812037856 0.023861571694309962 0.015100870052785358 0.17390756670790397 0.11516480186591342 0.010000724365548233 0.006382819387964862
0.6123105344100537 0.0703694111969465 0.1568387654847475 0.017662478761614427 0.10199827606720739 0.012202252172969648 0.025616234033187395 0.0030020478732733598
0.5205999691290387 0.16211684096608558 0.03283452278968728 0.010003052806627168 0.196906552683537 0.06203032863271862 0.011864841450475005 0.0036438915418307355
0.585836327316549 0.13608608143127945 0.11409261851928774 0.026071590726526223 0.09330360001062664 0.02250821453468649 0.017866287831492963 0.004235279629551445
0.40359024789672543 0.25275480254819793 0.02420610010703252 0.014689493787293414 0.17651130095143194 0.11190695184645684 0.010138171265596678 0.006202931597265202
0.5530689067107192 0.13863768379586636 0.13270085227329506 0.03256094548497828 0.09192626011647513 0.02398688872536939 0.021602884711605645 0.0055155781816907746
0.5590010325919812 0.15899064745693164 0.05626548432217472 0.01546291509520323 0.1490376775345798 0.0430148897398002 0.014267290353788225 0.003960062905540994
0.3889746919769973 0.26958978459671523 0.016199436192850827 0.010852151498612862 0.179172017553404 0.12588048771797603 0.007045819482142024 0.0022856109813018184
0.5293888625060225 0.13480459040043247 0.15300110726970162 0.038260475762005336 0.08907515560500275 0.02359746327993369 0.025293545346101808 0.006578799830799813
0.5245857311747278 0.14891639796252018 0.03206862411647292 0.00879043205957118 0.20967033885540626 0.06038618233887832 0.012203903139745061 0.003378390352678206
0.5920590413783028 0.1367846833744746 0.10832729055551076 0.024607520505099848 0.09454757345501567 0.022677707162133083 0.016993253966044914 0.004002929603418262
0.5430324835086897 0.15430647046794746 0.05408836248658496 0.014881796546646415 0.165783820190525 0.04770469561324019 0.015814580050674897 0.004387791135691237
0.39151054901500554 0.271848572780394 0.02151783718473175 0.014430292281001155 0.16787064414267272 0.11832714661221241 0.008642206245002382 0.005852751738979981
0.5743850483779145 0.14565247426667266 0.10919323928934457 0.027162505717341474 0.09581439512799535 0.025285155517030533 0.01787962819704601 0.004627553506654887
0.512305358681224 0.1523776741487307 0.03043825228575412 0.00875950327203182 0.21543239697777866 0.06492181983666291 0.012218085713592636 0.0035469090842253827
0.5540998493438967 0.12882030786534626 0.14500940353307765 0.033137588576581924 0.08909462263133955 0.02151207871391104 0.022897711012984427 0.005428438322862492
0.5591470303615398 0.1785611726830857 0.034197352406303 0.010594378063790594 0.15535643375312183 0.050246838635810365 0.009064329233653913 0.002832464862694876
0.41541165253855383 0.25826412043095587 0.02240606375980566 0.013403528893955479 0.16958399535068586 0.10718040296438625 0.008569665272864369 0.005180570788792612
0.39586194655723767 0.26940730169677646 0.019197715409398877 0.012412318012096836 0.1715456323967583 0.11894431001559234 0.00763507162810641 0.004995704284033078
0.5446025385733417 0.13802026814419108 0.1391591974511726 0.03456437279582066 0.0909749000708453 0.02399115613487846 0.02279734125885793 0.005890225570892231
0.5537800497849799 0.16405211052231675 0.055938586490957794 0.0160235804488779 0.1475809807720348 0.044351062680763755 0.014173821595532796 0.004099807704536429
0.3940038887663557 0.26318902872129313 0.02181345205953258 0.0140610427072779 0.17401268126556016 0.11793716559605956 0.009076684056496467 0.0059060568274245055
0.5520878631953039 0.13954727293859975 0.1320755830129399 0.0326758708877299 0.09219615134420918 0.024254948503091248 0.021601691852598484 0.005560618265527461
0.4008869788924332 0.272448181657052 0.024186772209107803 0.01592717126217383 0.16060760433776614 0.11058051654857795 0.009230735729974059 0.006132039362915102
0.3732412548575287 0.2753819041723546 0.013497390514929595 0.009476697217444041 0.18298857056013718 0.1372126468385054 0.006118290117470749 0.002083245721629732
0.5210735972895131 0.13408485891694946 0.09833742855076295 0.024824535868481278 0.14763626443851446 0.03951889192011094 0.027344736990349606 0.007179686025318368
0.5709775498547526 0.0577984816793397 0.24514567769004958 0.02437512553831604 0.06475906379550776 0.00682000523232246 0.027302901529613822 0.0028211946800981154
0.5861453201954789 0.05290301195156702 0.2473749017357844 0.022011040542053082 0.0591799359161274 0.0055126021001761115 0.02461521658357758 0.002257970975235328
0.5864880069575173 0.05259170047254377 0.24797547996252228 0.021938425844882047 0.058812713462703455 0.0054336866231872805 0.024526612694620257 0.002233373982023861
0.5543194358707781 0.049683057249593654 0.2802014354658553 0.024823664130933717 0.055558723991703154 0.0051301461982477545 0.02775270069756756 0.0025308363953206276
0.6325202778572699 0.056204356121427976 0.17866097637138184 0.0156669955059768 0.08380328107624904 0.007680025535407192 0.02335402855107662 0.002110058981210626
0.5753043006642623 0.15658758902807193 0.037188968463592875 0.00991389720555551 0.1632169287299123 0.04488404337055077 0.01017256127041935 0.002731711267635032
0.3872817494668187 0.26874394586584366 0.021159046513345714 0.014206748740130013 0.17241282719957296 0.12131774530645462 0.008869512652322588 0.006008424255511858
0.5442628946986813 0.13820406318862757 0.13900890566280144 0.034588588643082924 0.09112532367417728 0.02408256334471707 0.022819575228248273 0.005908085559664234
0.5372896925184663 0.15918781902576462 0.05425802260497498 0.015543577991884472 0.16406935842897538 0.04924500860340013 0.01583133985630943 0.004575180970224585
0.4150281130573327 0.2669852189223224 0.017060938266222268 0.010570584628713126 0.17039983102365971 0.11144443015399427 0.006543642115021595 0.001967241832734024
0.3831591403883233 0.2820838787857767 0.018378972908781373 0.012885736394010645 0.16634890226576454 0.12463555034034174 0.0073193085046979285 0.005188510412303873
0.34059747429172466 0.22623917685153067 0.012006613068125182 0.007544402322396221 0.23908607788302405 0.16192548401432258 0.007701117295273087 0.00489965427360377
0.5399460607549297 0.13955405135658625 0.1359426202035401 0.034422481633283764 0.09498790922809787 0.025544598204274925 0.02342882202869505 0.00617345659059239
0.5681891646538214 0.1686185905232904 0.034268842564287534 0.009828526138510311 0.15934649550894822 0.047961088196140624 0.009140562778393388 0.0026467296366079317
0.3927866573754375 0.2633922404312152 0.021289962972445814 0.013782815990138577 0.1749598485409743 0.11903122365046849 0.008925640592025337 0.005831610447294903
0.5859501983779551 0.14824658784364192 0.09771454054381333 0.024197783763488454 0.09796964595041836 0.02579761132052139 0.016000904637355935 0.004122727562805378
0.5629533437638239 0.17454717784119417 0.03319029553576761 0.009969242412139607 0.15809993095891628 0.049663623623712926 0.008884616441266167 0.002691769423179656
0.5047503615108476 0.16032757194583971 0.027242720227158235 0.008348316153969514 0.21553314019646572 0.06949649855090104 0.01092228359873959 0.003379107816078496
0.5532461499268424 0.12957634935528395 0.144426123612226 0.03324070574532667 0.08938087283016485 0.021746028500836005 0.02291176714492757 0.005472002884392449
0.5329437519158223 0.1636361207433 0.054277813157729296 0.016151107768678927 0.16207889664076497 0.05037895495027518 0.015794356966729328 0.004738997856699935
0.41582382764988435 0.25743434066175486 0.017056583072118384 0.010152766773508808 0.1784092854866395 0.11229396165807148 0.006850639735301395 0.001978594962721088
0.5530883195568165 0.13876546413717505 0.13250729928875304 0.03255639611145908 0.09197229866608778 0.024003318290413106 0.021591611102425582 0.0055152928468696905
0.553857355282559 0.1641354066086714 0.055738049431744235 0.015976836417208585 0.1476764954527998 0.04439072974151628 0.014134429161577044 0.004090697903923732
0.3602077587551948 0.22214361118546527 0.014953587137442808 0.008880037057607268 0.23313215282726382 0.14615251670739784 0.009080232746811887 0.005450103582816442
0.5768774285918189 0.14720534015566375 0.10186502708832379 0.02546883917901092 0.10014976886078256 0.026598336646843336 0.017326616159455938 0.004508643318100922
0.5529747717339188 0.15814393864369866 0.0543848742394275 0.015031077219548198 0.1556710481725697 0.045151586439823664 0.014576197246648286 0.004066506304365036
0.410068124378923 0.27366283100793654 0.016988545238866143 0.010943618560530433 0.16678341728735685 0.11305751913454416 0.006473753763226691 0.0020221906286163175
0.5381261317272447 0.1358350544278987 0.14682424289607382 0.03637126899933549 0.08930537880614013 0.02344505304112022 0.023930111911441523 0.006162758190745555
0.5198587929961156 0.15380968256273514 0.031679069081535664 0.00906280469569946 0.20772946348612628 0.06231916883394803 0.012058579662960471 0.003482438680879197
0.5309033274781388 0.12309062594578607 0.10977725830951178 0.02506156293950838 0.1414957458759553 0.034065922956568497 0.028787867524781182 0.006817688969750047
0.5340726043030458 0.17204631521791977 0.05207061953851653 0.016239069992879746 0.1558282461883509 0.05094229934682874 0.014297524054691086 0.004503321357767186
0.40980389553377444 0.2543578301788217 0.022352894290740295 0.013332854669855718 0.1752310687876391 0.1105679078305346 0.008954842552129699 0.005398706156504567
0.33258700567426774 0.23526090081508716 0.012045274436104333 0.008102637611957638 0.23195685351043635 0.16711045297464205 0.007697700489007652 0.005239174488497005
0.5682645926077852 0.14780424037836665 0.10631126671407834 0.027116785178562895 0.10014974555946352 0.027102352975391954 0.01837384249155018 0.004877174094801294
0.5428337471654012 0.17518563601936954 0.05346350103658293 0.01671500347861795 0.14605299197963814 0.04777779984982989 0.013661468000332615 0.004309852470227807
0.3990275124645322 0.26788351491487095 0.016426455661517847 0.010626839332752158 0.17667544156123127 0.12036864661776157 0.006845563725809873 0.002146025721524121
0.568538948294542 0.14406772288055017 0.11480068183487141 0.028571001926186345 0.09516538676372231 0.025086014845063585 0.018882950666857745 0.004887292788206249
0.5537195828101615 0.1645719315693257 0.05503355743137039 0.01582355923102772 0.14813213135657222 0.04465171073618064 0.014003049073342249 0.00406447779201965
0.40640375438781 0.25071038588520217 0.022473359401270557 0.013349062888061617 0.1795895543541704 0.11250578017713393 0.009355389998524814 0.005612712907826367
0.587220306219615 0.1471512093799797 0.09821889724870676 0.024094607589437884 0.09772758866939499 0.025490233066788104 0.016010758609107317 0.004086399216970251
0.5377800942433527 0.16665017787284503 0.052898557633253004 0.015882712260170934 0.15791181424812906 0.04955370957767143 0.014832388667028266 0.004490545497549502
0.42161141288671866 0.2610895455931798 0.017302417200563337 0.010303431712478871 0.1725085533910185 0.10865232670331824 0.006619275180127176 0.001913037332595375
0.40198773424410744 0.26334138488246905 0.019379546440370862 0.01204674494787561 0.17430557899053856 0.11637402643319042 0.007712840840378035 0.004852143221070042
0.535163621535064 0.13507195251442103 0.08930116848674582 0.022065469996593562 0.1487605179818385 0.039070004842363934 0.024317369057557863 0.006249895585415273
0.5224819548697811 0.16949300245830332 0.04983144379571388 0.015632138190831018 0.16758308517315168 0.05513089266063877 0.015074523289561883 0.004772959562018407
0.5026934176335338 0.1599398145441197 0.027177977607873233 0.008322662934256708 0.21726316402273896 0.07023633981519822 0.010971760891474627 0.003394862550804784
0.5457700243444917 0.12790883028827607 0.15169000355842868 0.034965126276533046 0.08828588204928994 0.02149512039911735 0.024115879478211123 0.005769133605651939
0.5206504025997762 0.15339030649834212 0.031960956475660295 0.00911557518603792 0.20733294740818406 0.06191751004521888 0.012138188484360254 0.0034941133024201675
0.5799730942178436 0.13438851122772874 0.11994874061453228 0.027368080825273974 0.09269185852590836 0.02230245123523143 0.01886275307574487 0.004464510277736605
0.54354571343354 0.16070484884631223 0.05454070663257325 0.01562390311074952 0.15851648725425624 0.04746777471383522 0.015206953729853584 0.00439361227887981
0.4032334833445052 0.26966899270176875 0.022177111029628774 0.014304838061567508 0.16470600914083872 0.1119110783282228 0.008475011274453619 0.005523476119014751
0.3838832567836998 0.2727659958621076 0.018457134741938868 0.012464171748492561 0.1738036121528035 0.1256953423333728 0.007683224175053269 0.005247262202531632
0.5364432870420053 0.13683592856638835 0.14580085016733596 0.036483265869758 0.0901800985051838 0.023936934065960314 0.024056788142854026 0.00626284764051412
0.4204199211923287 0.25285419434417017 0.02557865529395851 0.014856174236415155 0.16820298178383586 0.1026281886738209 0.009744564127442245 0.005715320348028309
0.3220891328723878 0.2184712882231885 0.011828891944671804 0.007626955979425972 0.251984817121601 0.17384563271884768 0.008568514082854695 0.005584767057022831
0.5675074999706889 0.14765551350485845 0.10594833469286125 0.02703230682888928 0.10108008988734689 0.027358759767089732 0.01850451380199423 0.004912981546271301
0.5530593262021088 0.1648661553531911 0.054433538866801044 0.015689086675680905 0.14894111349306188 0.04504248293338773 0.013918096302439231 0.004050200173329162
0.392739645158932 0.27294103393837255 0.021693626489149315 0.01456127193534066 0.1663025771017513 0.11727717054797697 0.008634147113888777 0.005850527714588431
0.32437466089430744 0.21428201390365453 0.011598723173650577 0.007254843268449662 0.25633029715153277 0.17235355859907697 0.008456495866569593 0.00534940714275829
0.5388072292390537 0.13988031060065073 0.13519024375803487 0.03438176719281406 0.09598480862993614 0.02592193112397072 0.023590874389292388 0.006242835066247332
0.5737053404198212 0.17032591451857673 0.03456119656742895 0.0099152523998169 0.15381073264575074 0.0463403533145557 0.008793281955107791 0.0025479281789418775
0.3429005441529447 0.2389129965601248 0.013984279725023223 0.00941819405335408 0.222860432111681 0.1575931568336837 0.008530726942069848 0.0057996696211186725
0.5331058062304745 0.13787422568977795 0.1434491520015232 0.0363828025954732 0.0930859044864118 0.025052981980728094 0.024564726507365922 0.006484400508245317
0.5142563829206153 0.15871876892524864 0.031178637592654147 0.009308369215041508 0.2064451411970178 0.06459940529237648 0.011905586209310516 0.0035877086477355286
0.561587533107122 0.13071521296619584 0.1377128608919281 0.03147257456975162 0.08997834567897266 0.02175270451257931 0.021648292549707834 0.005132475723742793
0.5435393346459325 0.16036408745934752 0.05515028999622341 0.015758194638571723 0.15816028651858882 0.04727030208654449 0.015336786768650364 0.00442071788614133
0.40536717960902174 0.2502294524169269 0.022312010295561433 0.013255471783078562 0.18062138856824342 0.11326483602711138 0.009342271361376494 0.00560738993868
0.5756021563818708 0.1443052332593935 0.10968693881968081 0.026979244170745948 0.09588140798946308 0.02502050153251172 0.017934473044489706 0.004590044801844592
0.5578982291682044 0.17958929457097145 0.033179588988200066 0.010354880452948979 0.15635005466385002 0.050976160976618154 0.008862363263959262 0.002789427915247727
0.38085521046115367 0.2666720646926495 0.020499584079293445 0.013853156590506045 0.1772041412139341 0.12579984873917602 0.008988587434060382 0.006127406789226995
0.5437343114004384 0.1384620029618923 0.13865830821584102 0.03459675944236326 0.09148942987059083 0.024249037705494154 0.022871554839938177 0.005938595563441977
0.5079469681101259 0.1567130366842655 0.03076038398495058 0.009184661411326843 0.21286031244767872 0.06653476224692798 0.012295956850965968 0.0037039182637584726
0.5459058395727516 0.1272768696936911 0.09325837813711904 0.02134677443161566 0.14639642682326842 0.03545627457392391 0.024532779985377545 0.005826656782252794
0.5444252830994714 0.16903054664573203 0.05240902674929586 0.015742027408574454 0.15238618686636016 0.04805130001543858 0.013774911122498542 0.0041807180926291135
0.32571537729938604 0.21835496497053555 0.01786612923344859 0.011546318750560938 0.24158803974267523 0.16429930484342908 0.012485736668022048 0.008144128491942406
0.5687484120675576 0.14697950686782651 0.10661644057210089 0.027011082389810044 0.10034406850125677 0.02699588844513923 0.01843975452617509 0.004864846630133879
0.5583043614175709 0.15968752963415223 0.055014776841311695 0.015200663757913407 0.15021020834262358 0.04360241074978656 0.014057477955077226 0.003922571301564365
0.39825367566869463 0.27617494338509535 0.02207167783005981 0.014792664352420784 0.16118551333318118 0.11346753660569966 0.008381555620814067 0.005672433204034324
0.39054380292644203 0.25774515502142004 0.018713573591637417 0.011699183581450246 0.1842209624562568 0.12379529885055977 0.008136407556371404 0.005145616015862208
0.5029955879048094 0.1274762964349028 0.12002859419324437 0.029775243330305488 0.1410508374045756 0.0372046182442265 0.032961444790551214 0.008507377697384836
0.5819559196139074 0.05840934952232338 0.2355153565822022 0.023183303603963624 0.06545956191513909 0.006843035199028241 0.025973515527535927 0.002659958035900095
0.5645482960274117 0.05106379950477741 0.26864428082593383 0.023992181684353027 0.057121259053403005 0.0053297423834923405 0.026830952434394886 0.0024694880862337447
0.586492445236222 0.052299307845983446 0.24878483923484557 0.021880526928679134 0.058486823597355374 0.005377658228448385 0.02446233567045763 0.002216063258008572
0.6426666389912047 0.05757362185243918 0.19176305118566558 0.016971479122647272 0.06438165832214639 0.005941654799472726 0.01897356945782966 0.0017283262685945536
0.466198956629619 0.26776567889266156 0.03052907675553399 0.017185709779123686 0.13002199964812944 0.07536939051371017 0.008252730091039696 0.004676457690182414
0.31842534062028066 0.23091221312876897 0.012171927842349894 0.008442830252689434 0.23933338429227485 0.17613412242430113 0.008575860157030012 0.006004321282305134
0.5986880130190906 0.07143277361486008 0.1601736358705034 0.01873980198601093 0.10643362942947099 0.013211047934625733 0.027921592152678202 0.0033995059927600167
0.5349959573311466 0.16678144116782911 0.05616623289944075 0.017117069494572104 0.15550242692444494 0.04902187013848188 0.015618096610095085 0.004796905433989445
0.38125607150468904 0.2657359213047648 0.020925416955601996 0.014069101431287711 0.1773012108344037 0.1253395020591944 0.009158462411936902 0.006214313498121602
0.5293810053057796 0.13471529344003122 0.15314289254626515 0.038261500887411634 0.08903713039899785 0.023584169777618114 0.02529958452419628 0.006578423119699971
0.5422436355248076 0.15392108966791052 0.0552537890000294 0.015145110943071909 0.16532464930100832 0.04756757789440548 0.016092465023750203 0.004451682645016525
0.6014642907193657 0.13660352023037542 0.10425882704230713 0.023254858878120867 0.0929977942321972 0.02193156796318217 0.01582806742276633 0.003661073511685171
0.5753717442813814 0.17026023994008746 0.03436390353651013 0.009860690211184926 0.15301517159502886 0.04588377506505848 0.008720031942796786 0.0025244434279519294
0.4113311087578801 0.2544734966441859 0.022381486657976728 0.01334513621348089 0.17450542271828995 0.10964910263295045 0.00893423291848117 0.00538001345675475
0.5702841700228471 0.14274842475826469 0.11567827019256233 0.02843768718641461 0.0945532229318467 0.02463126796207366 0.018846818501108274 0.004820138444882531
0.5428917836521324 0.1612284352468169 0.05404154118075536 0.015529688899257092 0.1589828354792909 0.04783719215022586 0.01510864368545009 0.004379879706071541
0.3347844123795728 0.215284287172438 0.013795523885008425 0.008546486382255258 0.24921680429218987 0.162658590488973 0.009667053823188351 0.006046841576374097
0.527333806093148 0.13599616145497867 0.08652990376953623 0.02183413151409274 0.1551993608834527 0.04164872515530983 0.024914985266337238 0.006542925863144493
0.5425521677475411 0.16294436150578512 0.05140419883725585 0.014889081237048164 0.16070643776136154 0.049047618512713886 0.014276400860712581 0.0041797335375817314
0.33690575249326254 0.22565223233489706 0.018439369454318184 0.01190829112205627 0.2306552713889764 0.1568930974614738 0.01182946669528081 0.00771651904973509
0.5232339808362833 0.13474163614355414 0.09215330841084121 0.02324056352032632 0.15252079667841958 0.040894287951628826 0.026306530438720888 0.00690889602022583
0.49789411493566943 0.14938193483397996 0.028445519555103327 0.008230370403407081 0.22999988873671995 0.0700580914375883 0.012373650791871903 0.003616429305660184
0.5340751881938758 0.1247969132865049 0.10351868754157913 0.02379317678118751 0.14460245076108874 0.03510282100972821 0.02754074473595673 0.0065700176900790885
0.4370570942762176 0.28683926732155773 0.02541959486790041 0.01613413440818978 0.1335739552387134 0.08896013012146246 0.007322285134446051 0.004693538631512406
0.3774011349220933 0.27670797585660306 0.018720020432823302 0.013096863576169928 0.17222707277488836 0.12827105057840635 0.007954912291158975 0.005620969567856754
0.5020875310890011 0.12851212868971998 0.11955014660268101 0.02994793878215779 0.14093678329379325 0.03753772537023046 0.03286296593837779 0.0085647802340387
0.6265578780680487 0.06294367348612036 0.19053745323080654 0.018823842480375448 0.07051009011866904 0.007378169763057746 0.02108151518257924 0.0021673776703429195
0.5331883241496751 0.16448254751098385 0.05787055812946086 0.0175041601968038 0.1567119474890686 0.04876983774867092 0.016462250775183516 0.005010374000153365
0.33978908124387247 0.21019983751589225 0.014008757631401154 0.008332930280244144 0.2530095009018359 0.15894759732209832 0.009815008950706722 0.005897286153949102
0.5918631551363732 0.06935660774472396 0.16939438250222458 0.01948711367049618 0.10434876836605737 0.012724297675926968 0.029315741691516475 0.003509933212681256
0.550787809860486 0.15798270764729133 0.058172166164919485 0.016289985953434213 0.15267795926296984 0.0443328736595479 0.015405316160908164 0.004351181290442997
0.33673918125268354 0.2245960551621854 0.014005298947483162 0.009016229879912295 0.23868511394000946 0.16154074117078898 0.009344313723345238 0.006073065923591951
0.5275761632034878 0.1362908263817412 0.08661266389730846 0.021891557259020526 0.15467053574858633 0.041580379213503264 0.024842698660392817 0.0065351756359598116
0.5564014015676351 0.17390875807238934 0.03163583397329666 0.009546310034197696 0.16474301708977432 0.05230289856908202 0.008783557800827688 0.002678222892797321
0.40191498344940785 0.2705602352178099 0.021568343695623188 0.014001049776460174 0.16523023011775248 0.11299661497852843 0.008291684417642955 0.0054368583467749206
0.32595719682985125 0.22315266080088658 0.011728600353598812 0.007619541679416018 0.24635381324660166 0.17165218074945954 0.008169085713092767 0.0053669206270933354
0.5388430509177333 0.1401469644636956 0.1352454760801636 0.03445792105419306 0.09566547816021322 0.025885117996906907 0.02352022792423431 0.006235763402859939
0.41400618699666086 0.24970667139903982 0.024942283041251564 0.014521698038560928 0.1743109425746898 0.10663048274130536 0.010002398615230428 0.00587933659326122
0.5266045060949676 0.13127668923268718 0.10061830692265501 0.024610433290018774 0.145096927589824 0.03764983833524514 0.02721686327718362 0.0069264352574186895
0.5226545469386253 0.16917679756520837 0.05033482593726679 0.015755077014849926 0.16720160150529073 0.05488716559732299 0.015190503188523463 0.004799482252912367
0.40737886351768954 0.263660921329319 0.022042129439586514 0.013715920762190631 0.16846719989494466 0.11089497478336924 0.008495113387841782 0.005344876885058634
0.612757029697585 0.07026687091043204 0.15711547701322778 0.017659008241063125 0.10155612198421501 0.012118969742064199 0.025540436238089305 0.0029860861733233524
0.407222006854503 0.2577072986962613 0.025693526182605352 0.01589755193723501 0.16885335722465478 0.10804704562473319 0.010211877202611842 0.006367336277395541
0.38443585000847813 0.27196092082257267 0.018666217949243488 0.012557270734888867 0.1740196089718446 0.1253011433998859 0.007771398238318464 0.005287589874768039
0.5334648799027603 0.1359985272119497 0.0886968932036474 0.022131990201031786 0.14942095007696446 0.03963979044803252 0.02433087720340392 0.006316091752209874
0.41213506185217896 0.2615764018014214 0.023550052550853372 0.01442219618583005 0.16647736936349114 0.10740605609905655 0.008913897157831079 0.0055189649893373684
0.32626511979506423 0.21386151032261008 0.011868409700915671 0.007378054092784453 0.2559008482255465 0.17070306936441104 0.008610328526500637 0.0054126599721673226
0.5209286536800792 0.13506507625360686 0.09120888416704676 0.023166708820616017 0.154470465106876 0.041664922385565906 0.026493189214329627 0.007002100371879716
0.5127331813601254 0.16020293965143437 0.029232651451920968 0.008815780300116401 0.20835249121788157 0.06616698155951288 0.0111090649687542 0.0033869094902543736
0.5407142031274698 0.1261446407890814 0.0986396228672064 0.022616046306455095 0.14472150570501224 0.03506756286942068 0.025928600941328584 0.00616781739402582
0.5339797999428274 0.17232670572209774 0.0516116482851181 0.016126989805134027 0.15613979116954751 0.05113225932722956 0.014201586833001514 0.00448121891504402
0.40342079773744943 0.26070056686434395 0.021990150262185836 0.013671760317745323 0.1725589104358832 0.11331040768164398 0.008811792512877108 0.005535614187871206
0.5868935711773232 0.14765492616474882 0.0980980871315109 0.024160171818887254 0.09757479416341198 0.02554865319220279 0.015976411546177554 0.0040933848057375976
0.5537868766037245 0.1648906889639366 0.054459124637555756 0.01569533186766362 0.14842588256584158 0.04481095241279586 0.013890769485672042 0.004040373462809961
0.39905519790137084 0.2667078046681497 0.02205164215472338 0.014221349259396613 0.16889206793390946 0.11458464621773515 0.008773761468780892 0.005713530395934147
0.38235827801935773 0.28215079241591196 0.013741104974883362 0.009647005871788506 0.17386789222923948 0.13054137155353132 0.005738343556995175 0.001955211378292388
0.5430168742357611 0.1393375545959767 0.13803691766772336 0.034715932976223045 0.09162491129512552 0.024452887692262802 0.022841596333819245 0.005973325203108459
0.532556692725353 0.1710134708910581 0.05370497810392973 0.016703894412831877 0.15570671165096717 0.05063983042651028 0.014976236092497312 0.004698185696852619
0.33663432799954907 0.22615045928904337 0.018390695746845907 0.011899851066661214 0.23029554383144313 0.15713747614389403 0.011787218822302652 0.007704427100260691
0.5476909136542072 0.14108413793701616 0.12925301971408087 0.032567009573307354 0.09579688408054128 0.025693318631637922 0.022112679668679667 0.005802036740529542
0.5373040748945667 0.1661106785616816 0.05378807660854046 0.016089970552236977 0.1577153054138174 0.04940527412309481 0.015045835039421035 0.00454078480664085
0.409849543837783 0.2641458307836778 0.016835117509796434 0.010445582066513262 0.17521322270402168 0.11473676699193244 0.006744385035634206 0.002029551070641291
0.5453519227218442 0.13740151232354778 0.13952831397810514 0.03446286163981092 0.09081098784948151 0.023799662989217752 0.022791638924455557 0.005853099573537221
0.5148654056147267 0.15873909325581592 0.031224485799503356 0.009318771329758165 0.20599740434597016 0.06436974806471689 0.011900906053844064 0.0035841855356650246
0.5411837469558323 0.12593595557972923 0.09883814089368434 0.022605287173558173 0.14446091722187288 0.034914983394445494 0.025912521496914812 0.006148447283962765
0.4030677965399272 0.25420816130426876 0.023384801039788693 0.014253076571996478 0.17649430555015744 0.11299111050106193 0.009656067079596594 0.005944681413202959
0.5755637661597927 0.14445982512782524 0.10969966332166144 0.027011296354779706 0.0957479834016457 0.025015256218521603 0.017912549613248733 0.004589659802524786
0.5373434799727296 0.15973202327302882 0.05326178979890896 0.015321251025622287 0.16464533110087284 0.04956545999667244 0.015604106306478011 0.004526558525686995
0.3930634468216777 0.25294943395455954 0.02151642569552865 0.013335508627925662 0.18373271181308048 0.12003002900022566 0.009454892159409518 0.0059175519275929305
0.534606195846646 0.13489406623922545 0.089152139999127 0.022017640539451072 0.1494146376936425 0.0392455770340465 0.024399131251024848 0.006270611396836505
0.5486877294203837 0.1644491053626617 0.05230923377728988 0.01513000227827259 0.15451006149707205 0.047072126044639104 0.01380493258961094 0.004036809030070023
0.4109459889783476 0.253908859349981 0.0225860631608403 0.01343107078456995 0.17487832227213848 0.10980800321118861 0.009020876405774708 0.005420815837159379
0.32756627461952437 0.2404432424797781 0.011878893863726297 0.008303818129243369 0.22827912299841835 0.1705767128346834 0.007587309794521603 0.005364625280104484
0.48967874947603635 0.12787027226143527 0.12295446552285398 0.03145096645066645 0.14404897594805416 0.03913474967885208 0.035430650881826814 0.00943116978027479
0.5601577721973068 0.05636395292753038 0.2568304081218617 0.025384573771212397 0.06323247117447832 0.006631979560537329 0.028468664944264054 0.002930177302808981
0.5645583614490177 0.050778375578492706 0.2694571671649743 0.0239222814281357 0.056804975320060486 0.0052749024558189795 0.026754120996146855 0.002449815607353199
0.5608959559672442 0.10957026106980124 0.1777047177971239 0.034302890484623816 0.0745419424259827 0.015013772749471008 0.023331015530411923 0.004639443975341042
0.5409323667365088 0.17066142752034372 0.05696448088698384 0.017483567913744974 0.14741123974912185 0.047050919796318966 0.014889289662118005 0.004606707734859746
0.3819708769529736 0.2661661274275709 0.021045831261742875 0.014149295467337814 0.17653692866018264 0.1247388679551466 0.009170795691019437 0.006221276584025859
0.5294450082432764 0.13468863658167438 0.15318984661063575 0.03826130214340613 0.08898739751156236 0.02356325067716182 0.025290614279094487 0.006573943953188887
0.5746353372650835 0.1699517600092677 0.03513504220913232 0.010044796196643346 0.15289965690702254 0.045882415339995666 0.008885417513562166 0.002565574559292593
0.40064423146258904 0.24782994673515518 0.02181298095929948 0.013003927034457031 0.1852051724667422 0.11624956235860058 0.009523727174349567 0.005730451808806957
0.5195657974944202 0.13048085252244926 0.10517742995601674 0.02593783281943162 0.14479991869954492 0.0378528423639985 0.02879542427345198 0.007389901870686805
0.5577793647379841 0.18051590999418712 0.03230894237784845 0.010108262366571027 0.1566151414948185 0.051483174022266966 0.008501357563507147 0.002687847442816883
0.39290875002694436 0.2545731977730897 0.021118671234221495 0.01317741814246628 0.18288704675699605 0.12023949855743257 0.009262386902477616 0.005833030606372082
0.5293081523579737 0.13365287638882767 0.0943579085785376 0.02334787014443956 0.14793748364155926 0.03888323180935011 0.025855069466775193 0.00665740761253684
