Action: 0
[0.10350759978319703, 0.09843772349052783, 0.28412762379509243, 0.09490237271739772, 0.09702085043606544, 0.1321990843429241, 0.09490237271739772, 0.09490237271739772]
[0.133356779011308, 0.09695261972850167, 0.28492750261768207, 0.09695261972850167, 0.09695261972850167, 0.09695261972850167, 0.09695261972850167, 0.09695261972850167]
[0.2043459342565651, 0.09872748464015275, 0.19958519368618283, 0.09872748463302884, 0.10174136666020221, 0.09941756685781061, 0.09872748463302884, 0.09872748463302884]
[0.125, 0.125, 0.125, 0.125, 0.125, 0.125, 0.125, 0.125]
[0.11070419642356939, 0.09501508858153773, 0.25438265878860217, 0.09501508858153773, 0.15983770187591773, 0.0950150885857598, 0.09501508858153773, 0.09501508858153773]
[0.09532967815013814, 0.15904985148128975, 0.25507328879619345, 0.09501121853680965, 0.10949014439013467, 0.09602338157181499, 0.09501121853680965, 0.09501121853680965]
[0.125, 0.125, 0.125, 0.125, 0.125, 0.125, 0.125, 0.125]
[0.125, 0.125, 0.125, 0.125, 0.125, 0.125, 0.125, 0.125]

Action: 1
[0.1007272419123654, 0.09546641896415241, 0.09546641896415241, 0.09546641896415241, 0.2722762860407844, 0.1496643772260881, 0.09546641896415241, 0.09546641896415241]
[0.1005326457685132, 0.1005326457685132, 0.1005326457685132, 0.1005326457685132, 0.1005326457685132, 0.2962714796204077, 0.1005326457685132, 0.1005326457685132]
[0.09713780798163983, 0.09713780799399453, 0.09713780798163983, 0.09713780798163983, 0.12769727817811768, 0.28947587391968865, 0.09713780798163983, 0.09713780798163983]
[0.125, 0.125, 0.125, 0.125, 0.125, 0.125, 0.125, 0.125]
[0.1359787548507357, 0.10978215441231802, 0.09111186863063515, 0.09111186863063515, 0.25587236137354563, 0.13391925484085992, 0.09111186863063515, 0.09111186863063515]
[0.09656204877214145, 0.09656204877214145, 0.09656204877214145, 0.09656204877214145, 0.2623033270032205, 0.15832438036393084, 0.09656204877214145, 0.09656204877214145]
[0.125, 0.125, 0.125, 0.125, 0.125, 0.125, 0.125, 0.125]
[0.125, 0.125, 0.125, 0.125, 0.125, 0.125, 0.125, 0.125]

