0.125 0.125 0.125 0.125 0.125 0.125 0.125 0.125
0.6197319164548326 0.13302456461837367 0.05402475676288196 0.010653435718901894 0.1388762437648289 0.031010903617071407 0.010531169280696086 0.002147009782413387
0.6375983978085644 0.12087247408201723 0.03629893377659925 0.0065894277009589785 0.15798294797161155 0.030841996802868397 0.00828231853033857 0.001533503327041812
0.6361695979692734 0.12029634590954073 0.035807306835437994 0.006503115502453878 0.16021380907403407 0.03118406957635476 0.008290619176769175 0.0015351359561360325
0.48760838789825856 0.19518648955925916 0.02055914605750407 0.007903743864319085 0.19695916939537333 0.0811621863964059 0.007629979972457577 0.00299089685642254
0.5211410259275109 0.2232211715137557 0.026407134153806223 0.01063573016403735 0.14502039975949862 0.06431931905101412 0.006553145882921272 0.0027020735474559375
0.5277450509698048 0.22536978153384546 0.027541071644506206 0.011081693402230329 0.13809995936529165 0.06095653474042147 0.006523226424938131 0.0026826819189620316
0.5289262091959566 0.22549425456190875 0.02776152716025991 0.011159013675879287 0.13707261433782822 0.060373376968601566 0.006530793134469044 0.0026822109650965656
0.5361492730490091 0.22848659501630952 0.02112749372318588 0.008490275195368815 0.13872852329777347 0.061074581039622995 0.004964806943350435 9.78451735379848E-4
0.5359831432969625 0.22868534295230566 0.020998997400643257 0.00845287629165031 0.13880694113739542 0.061155738594467976 0.0049419202682165694 9.750400583582458E-4
0.5359456986494834 0.2287019585719014 0.020991720680536504 0.00845098814306015 0.1388225130849001 0.06117121929366747 0.004940936700040723 9.749648764102108E-4
0.6283651357399217 0.12669825376476368 0.03281434493495426 0.006242099328439582 0.16276666766507808 0.033889318768552716 0.007723868902254653 0.001500310896035258
0.5385231447183968 0.21663982569042559 0.03004460753026663 0.01159086468303459 0.1367782110840207 0.0566712863785421 0.006998410215726537 0.002753649699586947
0.5375150311902775 0.2277015882593743 0.02136949738675672 0.008548538254405881 0.13835312155581578 0.06052642833474264 0.005004230260161808 9.815647584653564E-4
0.5291915584266744 0.22563235929088016 0.02767628731273757 0.01113505247479707 0.13690782799049603 0.06027412300422409 0.00650884654426557 0.002673944955925045
0.5361777514969696 0.22849609345813368 0.021129660223441295 0.008491306668316122 0.13870170454317735 0.06106046323917668 0.004964607210568809 9.784131602164525E-4
0.5359880355831105 0.22868594886917054 0.020999636697324388 0.008453104773704062 0.13880288058984128 0.06115341124168416 0.004941942572122122 9.750396730427793E-4
0.47629738062276256 0.20324817422323377 0.01865551191209917 0.007510454521321313 0.1973943092243867 0.08698033659067861 0.007025651118944436 0.0028881817865735225
0.5195635443340546 0.22404839212682578 0.02604488038450657 0.010542015947228534 0.14558922344960473 0.06502672194570668 0.006493847049551082 0.002691374762521777
0.5344450119965982 0.228417019032567 0.020886858210474396 0.008409341175578233 0.1400432240816678 0.06186862091605462 0.004951804021215032 9.781205658447472E-4
0.5287272010358804 0.22571393711489898 0.02758082044036887 0.011106348446408737 0.13720770670782745 0.06049102510869261 0.006500021493799624 0.002672939652123219
0.5290814792681056 0.2255145349665785 0.027788371932109895 0.011168706285847282 0.13693684243367898 0.06029652186198551 0.006531462875153091 0.00268208037654129
0.529155867392836 0.22549534988243755 0.027806283005436666 0.011173859341442962 0.13689092937033545 0.06026201115405308 0.006533351253350341 0.002682348600107943
0.5361900383369054 0.22848543983932978 0.021133424019936908 0.008492192578368555 0.13869934192035896 0.06105587630986951 0.004965217379444005 9.78469615786871E-4
0.5359899328588515 0.2286850337218362 0.020999972492033756 0.008453189040523577 0.13880219929267734 0.06115263851932622 0.004941990876680214 9.75043198071265E-4
0.5289673297190371 0.22572357358376113 0.027624680961609013 0.01112131216767415 0.13701389856531984 0.06037409759818275 0.006502138750941567 0.0026729686534742963
0.5361408106522269 0.22850483611555697 0.021123801854872625 0.008489620367388968 0.13872199028848178 0.06107660266084309 0.004963967372344601 9.783706882852878E-4
0.6283997042098833 0.12668601283877112 0.032825995170838305 0.00624350947694074 0.16274039490468142 0.03387870056619214 0.007725289641515702 0.0015003931911771054
0.5385287815753217 0.21663873546330567 0.030045860238418924 0.011591219600927466 0.13677449224249877 0.056668744433643115 0.006998511455870704 0.0027536549900136834
0.6294871803692135 0.1259978528384533 0.03336810391044261 0.0063071068200421364 0.16202517361340713 0.0334918579745085 0.00781398567695782 0.0015087387969752255
0.538723389691066 0.21657532075258878 0.03009284827432561 0.011603757124124002 0.13666461105600888 0.05658240760898796 0.0070034870683839245 0.002754178424514805
0.537548978244806 0.22769529958994236 0.02137480766683878 0.008550103248497866 0.13833300200642543 0.06051146092851163 0.005004752184677516 9.81596130300476E-4
0.5291967578363312 0.2256315916589796 0.02767734567794075 0.01113537541371566 0.13690435445306748 0.06027168151996956 0.0065089386406162126 0.002673954799379735
0.628490537567119 0.12655218494923126 0.033023510291411866 0.006270561496803625 0.16258077539922178 0.03381802708551977 0.007759144663052232 0.0015052585476401131
0.538565593903797 0.21662582102161945 0.03005627751026296 0.011593968479479147 0.13675265918743504 0.0566522538147892 0.006999633446063928 0.0027537926365532946
0.537522451465225 0.22770023918336468 0.021370670487685445 0.008548883886253347 0.13834868207366344 0.060523157308386796 0.0050043440779496415 9.815715174716479E-4
0.6285692320342176 0.126631617791689 0.03287386330522627 0.006249368286403078 0.16261669660700936 0.033827362200190274 0.00773115972676081 0.001500700048503765
0.5461595979349138 0.21969272711126708 0.022856968502502687 0.008817418797829235 0.13868787557827889 0.05745674608501145 0.005323344955692913 0.0010053210345040589
0.5302501873694924 0.2249171215055556 0.027932802516621877 0.01119442153842451 0.13664185076854543 0.059830113285835644 0.006552545388433882 0.0026809576270906037
0.5363415029212624 0.22843117688154588 0.021157157605038956 0.008498580262980294 0.13863290539162065 0.060991634352758034 0.004968351240567615 9.78691344226233E-4
0.529029914508498 0.2257004822937858 0.02763987648175209 0.011125441639662394 0.13698118982847585 0.060345878854828866 0.006503981277913556 0.002673235115083415
0.5361513547104256 0.22850260403108988 0.02112546762324878 0.008490105802184986 0.13871597313513967 0.061071971747138784 0.004964141090960245 9.783818598118937E-4
0.5359838407151537 0.22868662130626008 0.020999006028183977 0.008452915306118991 0.13880542236346624 0.06115527563202256 0.004941882512420179 9.75036136374255E-4
0.5359458587069456 0.22870205906342608 0.02099173719958786 0.008450996337092582 0.13882231476151088 0.06117113463145054 0.004940934701518238 9.749645984681051E-4
0.5359399064066391 0.22870350543879625 0.020990803958338945 0.008450729330289515 0.1388255411041596 0.06117372298655114 0.004940832711583755 9.749580636418755E-4
0.5289598760963446 0.2257254380741879 0.027623091105561413 0.011120853952673327 0.13701829787713357 0.060377522909256985 0.006501972144987157 0.002672947839854841
0.47650868746637404 0.2030900945212503 0.01877418506644121 0.0075453306115581716 0.19726984092274044 0.0868543993536539 0.007058952944382668 0.002898509113599323
0.4643356097551808 0.20020249448776262 0.0174630096046785 0.00706748433421403 0.208132196301156 0.09294763829180923 0.006965200010813711 0.002886367214385045
0.5240899610579299 0.22671579416541018 0.019505893198526057 0.007910923066232053 0.149062312033347 0.0668150008441752 0.0049191725402052576 9.809430941742096E-4
0.626353951047819 0.12671861364319575 0.03239611040002673 0.0061756596016769106 0.16471294112901608 0.034436067630094415 0.007705884480006991 0.00150077206816399
0.545797496159844 0.21969228759787476 0.022803705260112574 0.00880081060856199 0.13896207798056734 0.05761719338228237 0.005320987926083701 0.0010054410846734622
0.5372477353908565 0.22791244210697434 0.021219830840869394 0.0085047853553216 0.13850389584263348 0.06065408633661583 0.004979252514741622 9.779716119871185E-4
0.529139780660577 0.22565128078270552 0.027663391993204618 0.011131543575857907 0.1369354710806569 0.060297501893322086 0.006507307362496402 0.002673722651179665
0.5291486146928753 0.225506071641668 0.027802169767455642 0.011172967100786644 0.1368905846390137 0.060264773909094356 0.006532614877226688 0.0026822033718795183
0.5291669267031378 0.22549411654349555 0.027808549134625257 0.011174564274677112 0.1368831753956205 0.06025676667644408 0.006533533919060831 0.002682367352938952
0.5291699221705913 0.22549300494271204 0.027809254397502786 0.01117475508411165 0.13688164312523113 0.060255420625762626 0.006533620079298627 0.0026823795747898753
0.5361924626599837 0.22848517033102161 0.0211337895956788 0.008492305331937315 0.13869776677825468 0.06105478514987328 0.004965248789109357 9.784713641411826E-4
0.5290082208781499 0.22570602062400694 0.027635296492579127 0.011124121335000747 0.13699382424317275 0.060355853085782986 0.006503491181186146 0.0026731721601215334
0.47651794912121426 0.20308931087206938 0.018775418801419412 0.007545695961834557 0.19726419842555382 0.08684969860181124 0.007059180046897277 0.002898548169200037
0.6181760491938544 0.125936013284165 0.030998566602116893 0.005927725985341622 0.17317902161438678 0.0365421857222936 0.007727393299109732 0.0015130442987320255
0.5369610014931853 0.21655110859022508 0.02974220889933801 0.011493188219020909 0.1381027994310669 0.05740194090580425 0.006990975863475117 0.0027567765978842285
0.530150351100401 0.22469764714186746 0.028064194142339995 0.01123048691249051 0.13673153077668504 0.05985427544642012 0.006581107147849491 0.0026904073319464943
0.5293105369565482 0.22541990674552262 0.02784294541788668 0.011183250903580117 0.13682756898822881 0.06019404483605342 0.006538589451915958 0.0026831567002643833
0.5291918567319296 0.2254857800921982 0.027814160619510468 0.0111761156568438 0.1368699610887577 0.06024546153696062 0.0065342027537981405 0.0026824615200013576
0.5291738743853397 0.22549212302598567 0.02781010272997655 0.011175003632591987 0.13687921267351041 0.06025358747435771 0.006533705688693342 0.0026823903895445123
0.5361931366005533 0.2284850760309757 0.02113389237859899 0.008492336535746025 0.13869734452630428 0.06105448381207014 0.004965258198077213 9.784719176743032E-4
0.6284070363441251 0.12668449502279858 0.03282789162125415 0.006243761656270278 0.1627343729809593 0.03387656629467295 0.007725475223079001 0.0015004008568407598
0.486210638639601 0.19559171883202311 0.020345296492810763 0.007848880072234521 0.19757732212945442 0.08186045866366985 0.007582327048895291 0.002983358121311199
0.5275829743424464 0.22612285848490107 0.020024706205862334 0.008068735681883238 0.14700035485412707 0.06524155963034803 0.004973905528975734 9.849052714559915E-4
0.5275540969834178 0.2255789618136367 0.027366591338423566 0.011030566652618218 0.13823245131927292 0.06107054355108693 0.006493235353743779 0.0026735529877999404
0.5358867230986774 0.22850057122935935 0.021087614983364974 0.008477608359928265 0.13891297647009496 0.06119439402050284 0.004961812934595177 9.782989034770773E-4
0.5359394426792317 0.22868784869033262 0.02099267699967718 0.008450864127367508 0.13883706938153845 0.0611756319563156 0.004941447930283491 9.750182352532992E-4
0.5359384846235241 0.22870239459761738 0.02099067953921376 0.008450656992478855 0.13882746301768237 0.06117450196266745 0.00494085807951234 9.749611873037101E-4
0.535938686487077 0.22870357198961883 0.02099062835701854 0.008450673281492262 0.13882638386751917 0.061174278896073755 0.004940819658725886 9.749574624746001E-4
0.6283641179945347 0.12669840577738234 0.03281409907836518 0.006242064977517687 0.16276754433994045 0.033889609561239015 0.007723848072335493 0.0015003101986849649
0.5385229861365622 0.21663983835199652 0.03004457458577794 0.011590854779074587 0.1367783289323456 0.05667135913540402 0.006998408320805597 0.0027536497580334077
0.5375150035175141 0.2277015900352371 0.021369493288726216 0.008548536962749896 0.1383531406160579 0.06052644088032546 0.0050042299545316506 9.815647448574926E-4
0.4765589976246109 0.2031913213959025 0.018692735022785373 0.007520683117911908 0.19726591103324823 0.08684696921376951 0.007033784262993253 0.0028895983287782613
0.5261786001409607 0.2268755475827692 0.019787079864197046 0.008008450758815278 0.1474061074007524 0.06583034801556166 0.0049326656426884755 9.812005942553862E-4
0.5273566141131254 0.22565181294025852 0.02732309002490651 0.011018715003545516 0.1383298042928456 0.06115951995205002 0.00648769780389044 0.0026727458693780837
0.5358541489309483 0.2285076842348518 0.02108250007952959 0.008476119896868617 0.13893131664025005 0.061208698106146764 0.004961268910514703 9.782632008904213E-4
0.5289548548959294 0.22571043105362998 0.027624699705656564 0.011120769553886918 0.13703219687067192 0.06038124554444656 0.006502700526119169 0.002673101849659335
0.5291196334499931 0.22551241245649792 0.02779599670022559 0.01117115245715217 0.13690845409101504 0.0602782317310866 0.006531994108037812 0.002682125005991874
0.5361838486390338 0.22848702744467522 0.021132416733422837 0.008491906427565418 0.13870267016726395 0.061058563412798396 0.004965105088352778 9.784620868875868E-4
0.47634409204839834 0.20323710449336116 0.018662963370039046 0.0075124785484976305 0.1973709059791065 0.08695673662969641 0.007027253485233499 0.00288846544566725
0.6181432506823061 0.12594625269998178 0.03098787248861446 0.005926366177835265 0.1732049192403136 0.03655235068448505 0.007726039861623942 0.0015129481648399133
0.48420293577791657 0.19527707064003316 0.02011436325286944 0.00777280937624415 0.19926124889732175 0.08282356292999185 0.007564886078398472 0.0029831230472245687
0.520605525203416 0.22326282274542356 0.026302091804777845 0.01060213534103036 0.14540511415287047 0.06457614076634415 0.006544966257737191 0.0027012037284004625
0.4746441605574203 0.2027344889432286 0.01856846588209431 0.007472440796569182 0.198852252773069 0.08779260063098084 0.007039943444597082 0.0028956469720407794
0.525863028604681 0.2268524630983565 0.019745418817439558 0.007993954592928855 0.14765412833349703 0.06597918437917387 0.004930658460020051 9.811637139030712E-4
0.534204828731918 0.22860476299569357 0.020753022766970188 0.008369716945801488 0.1401793775804831 0.06198454297146837 0.0049289840551917374 9.747639524735165E-4
0.5356457870659534 0.22870475394949136 0.02094933510758442 0.008437100841583996 0.13904065284301406 0.06130931691502366 0.004938191035852385 9.748622414968204E-4
0.628317365974082 0.1267014490333768 0.03280374306559678 0.00624050494703821 0.16281083895050272 0.03390257999445636 0.007723214499348963 0.0015003035355981985
0.5461178389353348 0.21969831693145336 0.022850409541251757 0.008815514440666073 0.13871497187990856 0.057474786575312756 0.005322851045724931 0.0010053106503477057
0.5373013460612006 0.227911548847053 0.0212274560127706 0.008507259912394005 0.13846511783179816 0.06062954150923281 0.0049797422711255765 9.779875544252943E-4
0.5361380803470938 0.22863154396576416 0.021022873896433373 0.008459345509806931 0.13873797077509803 0.061089890177663884 0.004945037144848603 9.752581832912496E-4
0.5289888501642854 0.2257180817179741 0.027629219743143345 0.01112262087680491 0.13700136931505263 0.060364202393353425 0.006502624676444527 0.002673031112941605
0.628460514961197 0.12655879063884326 0.03301554237014584 0.006269509432664224 0.162605249738349 0.033826837619168604 0.007758333925456596 0.0015052213141751748
0.5461659967663904 0.21968541594313848 0.02285976920121718 0.008818042673492094 0.1386871723847418 0.05745443191330349 0.005323806721384297 0.0010053643963323844
0.5302511713423503 0.2249164906258158 0.02793306196698638 0.011194482800568496 0.13664154465823566 0.05982969956031875 0.006552585340742721 0.0026809637049817607
0.5293117269641135 0.2254370294474725 0.027839830132858415 0.0111829262653765 0.13681574793856208 0.06019213993113998 0.006537644622845437 0.0026829546976317427
0.5362155749429702 0.22847975367846474 0.021137431819239334 0.008493356249473148 0.13868506442936782 0.061044674071123343 0.0049656469161041454 9.784978932571961E-4
0.5290117175500058 0.22570540365092498 0.02763601567960386 0.011124337499048778 0.13699156815653837 0.06035421990564301 0.006503557789478041 0.002673179768757372
0.5291290346374621 0.2255115433703371 0.027797905148112756 0.011171752419998578 0.13690172702314754 0.060273757254235165 0.006532140921589474 0.002682139225117353
0.529163796331885 0.225494722131366 0.02780788588779572 0.011174366814069229 0.13688517133285114 0.06025822749067834 0.006533470378649462 0.002682359632705253
0.5291694127542029 0.22549307967612672 0.02780914844962467 0.011174722749670627 0.13688198645528923 0.060255660532600494 0.006533610838825264 0.002682378543659906
0.5291703129629937 0.22549290058739685 0.02780934005642189 0.011174779584964475 0.13688141562234543 0.0602552410656371 0.006533629326555331 0.002682380793685219
0.5291704593572046 0.22549287870591828 0.02780937054426808 0.011174788874821272 0.13688131726053246 0.06025517216379461 0.006533632000104628 0.002682381093356055
0.5291704833818974 0.22549287573821036 0.027809375493339856 0.01117479040419254 0.13688130063724258 0.060255160798193506 0.006533632410180444 0.0026823811367431925
0.6284996731613647 0.12654473436939243 0.03302940042287034 0.006271199980956884 0.16257492248940753 0.03381469622741639 0.007760043263043518 0.0015053300855480932
0.5461728427127557 0.21968425377414735 0.022860881394783164 0.008818358793825688 0.13868290062399719 0.0574514970390173 0.005323898481796955 0.0010053671796767148
0.5373102918717237 0.22791015999199776 0.02122881710913337 0.008507667294325819 0.13845962344283202 0.06062557842620488 0.0049798674570430326 9.77994406739153E-4
0.5361395274397925 0.2286313839674373 0.0210230871511562 0.008459411373626392 0.1387370358660367 0.06108923970054509 0.004945055349294912 9.752591521109111E-4
0.5289890746643097 0.22571805761298128 0.02762926462261468 0.011122634888712152 0.13700121242060306 0.06036409608280089 0.006502628248152685 0.0026730314598258096
0.5291254200064756 0.2255127468888908 0.027797078449630384 0.011171524383931833 0.1369036662797513 0.060275394045881066 0.00653204407548574 0.002682125869953227
0.5291632214039387 0.2254948492660264 0.027807762396683422 0.011174330615953 0.1368855260749029 0.06025849417349597 0.006533457989184499 0.0026823580798151243
0.5361913273137732 0.2284853585669392 0.02113361435208616 0.00849225291100005 0.13869845503707434 0.06105528956469151 0.004965231919489958 9.78470334945712E-4
0.5359901459890358 0.22868502027900772 0.021000003320871218 0.00845319882898122 0.13880205345116994 0.06115254160123311 0.0049419932206885096 9.750433090124643E-4
0.5289673631451239 0.2257235708510761 0.02762468757584985 0.011121314262400504 0.1370138745358778 0.060374081687958825 0.006502139244270848 0.0026729686974423287
0.5291219489451243 0.2255133731633003 0.02779634831848474 0.01117130544901695 0.13690591260396942 0.06027701798237485 0.00653197579270792 0.0026821177450212326
0.5361842863643818 0.2284870938370318 0.021132475266531153 0.008491927502518249 0.1387022940956127 0.0610583541664044 0.0049651067549421725 9.784620125776887E-4
0.6284057440736592 0.1266846860224741 0.032827579258099635 0.006243717969697177 0.1627354884905165 0.03387693529342055 0.007725448907845144 0.0015003999842878686
0.5385297272404732 0.21663862068287612 0.030046060815250644 0.011591278624788036 0.13677381946857778 0.056668313290747334 0.006998524785259099 0.002753655092027819
0.47795365160143566 0.20246971260769883 0.01900168227811389 0.007601315983972319 0.19683435136195082 0.08611040684027182 0.007119553958104207 0.0029093253684521606
0.6183691866654601 0.1258845815963451 0.031050064068235652 0.005934462097388259 0.1730312298048834 0.036483285268186456 0.007733739164627469 0.0015134513348735261
0.5445181340655538 0.21958182082031766 0.02262425245656328 0.008742146680332784 0.14001757468322332 0.0581926237393363 0.005317090687415769 0.0010063568672570326
0.6291254864271143 0.1261539396372552 0.03309759480654198 0.0062694336353702595 0.16244603117217365 0.033629052725249034 0.00777481461608899 0.001503646980206616
0.5386427077521695 0.21658990815962864 0.03007335520177203 0.011598230321665933 0.13672064029508127 0.05661915354019157 0.007001926963648891 0.0027540777658421477
0.629503637304619 0.12599419283709715 0.033372496339990274 0.006307683740286349 0.16201176480808663 0.03348703712110825 0.007814429489866666 0.0015087583589457844
0.5463408116511557 0.21963626853529417 0.022889073776725905 0.00882595419854736 0.13859448617490963 0.05738099814402281 0.005326888361415295 0.0010055191579291163
0.5302773808735665 0.2249112723586372 0.027938520161639144 0.011196096670303477 0.13662505109569983 0.05981755204429629 0.006553104551512141 0.002681022244345293
0.5363461261591759 0.2284305475408017 0.021157860587246006 0.008498794087049589 0.13862999567803033 0.060989565917375775 0.004968414983402399 9.786950469184682E-4
0.4763725030113839 0.2032348532868323 0.018666611625958486 0.007513566464927241 0.1973536770343399 0.08694228204498583 0.007027926099439911 0.0028885804321324825
0.5261486664650382 0.22688097700725005 0.01978259848618114 0.008007095521353348 0.14742351020105657 0.06584380637514466 0.004932181131264914 9.811648127110886E-4
0.5342533145117888 0.22860553096995276 0.02075978804986696 0.008371969180966483 0.14014316044588435 0.06196207220737721 0.004929387643616313 9.747769905471245E-4
0.5286883502899347 0.22573052048173287 0.027570737207001112 0.011103675202401957 0.13722685362585435 0.060508380158249525 0.006498737383527402 0.002672745651297861
0.4764522046456842 0.2030858206033437 0.01876743174844199 0.007543116163803738 0.19731207032426218 0.08688296536429069 0.007058034813533408 0.002898356336640189
0.5195970691190979 0.22403312182726712 0.02605380438441439 0.01054440940079299 0.14557340519446826 0.0650114757412532 0.006495112583304827 0.0026916017494011866
0.5275110988143462 0.2254497125483452 0.02748874234456654 0.011067210481111436 0.1382218283168004 0.06106285353777991 0.006516811967467973 0.002681741989582272
0.5288892205853095 0.22550269259698383 0.027753578253091972 0.01115668938440887 0.13709520590896476 0.06039052405619383 0.006529982030131481 0.002682107184915924
0.6284525494194315 0.1265482432809512 0.03301861243195693 0.006269591914321462 0.16261850166514605 0.033827835242297266 0.007759347993108095 0.0015053180527873646
0.5385599900172677 0.2166253941201262 0.030055222495223948 0.011593622025386541 0.13675746926486487 0.05665488429562388 0.006999612895899236 0.002753804885607543
0.530421104536113 0.22469244013797846 0.028117647114087436 0.011247882275532363 0.13652191204417669 0.059724135225891234 0.006584308396427286 0.0026905702697937917
0.4767837121712769 0.2030302896856965 0.018814474718625903 0.007556422388390699 0.19713317129266453 0.0867141069352002 0.00706774700643634 0.002900075801709011
0.4643861285078913 0.20020063958283157 0.01746931458860868 0.007069442852987438 0.20809998112540573 0.09292154625661156 0.006966360229581969 0.0028865868560817294
0.5176161429331892 0.223911106259711 0.025687765328245904 0.010417944516339431 0.1472131497158126 0.06598482292052947 0.006477909931194392 0.00269115839497782
0.52717496099081 0.22545594624399093 0.027422674436868393 0.011045558639805645 0.13848149409341706 0.06122521646456573 0.006512691674160465 0.0026814574563818845
0.5288327291823346 0.2255059138340544 0.027742266234857416 0.011153063813756022 0.13713719732451626 0.06041759872068315 0.00652919073195036 0.00268204015784794
0.5291139057049237 0.22549666100948848 0.027797996215770074 0.011171163501301191 0.1369229269001776 0.060282223300395024 0.00653281441056998 0.0026823089573737606
0.5361826391865381 0.2284857763022711 0.02113233986213686 0.008491845435753709 0.1387045366417771 0.06105925819236037 0.004965138448691583 9.784659304713657E-4
0.5290066750449527 0.225706145297976 0.027634990321254542 0.011124024339940024 0.13699493741696428 0.06035658900820995 0.006503468427036805 0.002673170143665865
0.5291282105994591 0.22551164466538895 0.027797735759791928 0.011171700041811661 0.13690229715720947 0.06027414713824286 0.006532126895440117 0.0026821377426558316
0.6284933527184428 0.1265461391556983 0.0330276911532592 0.006270975101844778 0.16258009889177807 0.033816550649102314 0.0077598701617377554 0.0015053221681368247
0.5385663599123957 0.21662526053512682 0.030056511157988176 0.011594021220695966 0.13675244297469913 0.05665193626940545 0.006999669751725468 0.002753798177963325
0.5375225755599237 0.2277001891879075 0.021370691821449166 0.008548889485793899 0.13834862982832452 0.060523105447669145 0.005004346943088527 9.815717258433686E-4
0.47656041541473343 0.20319132614670246 0.018692909402707205 0.007520737745297974 0.19726494536875266 0.08684625104465107 0.0070338119358041 0.002889602941351012
0.5261788358000966 0.22687553592037543 0.019787113371977434 0.008008461613767072 0.14740594483495376 0.06583023941864366 0.004932668292235686 9.812007479501964E-4
0.5273566511617717 0.22565181011643412 0.02732309733301877 0.011018717328311086 0.13832977751753153 0.06115950227976687 0.006487698345012772 0.0026727459181529597
0.5288491440836701 0.22552049243033978 0.027742530349009944 0.011153753602596362 0.13711511764587211 0.060408537894167384 0.006528549679796461 0.0026818743145479024
0.47650118561459137 0.20307409033754514 0.01877562451197391 0.007545353348533581 0.19728709813980744 0.08685815362276536 0.007059808455156439 0.002898685969626705
0.5261801337269596 0.22686663940579774 0.0197888360752535 0.00800874720086388 0.14741076454650023 0.06583052620299838 0.004933105420779769 9.812474208468734E-4
0.5273566971030389 0.2256510921950529 0.02732317832557065 0.011018716855856698 0.13833028153393978 0.061159550043158525 0.00648773164952345 0.0026727522938589676
0.5288491308991792 0.22552043368104008 0.02774253296588043 0.011153752308150898 0.1371151732588433 0.06040854981479632 0.006528552225622688 0.0026818748464871086
0.47650117953584104 0.20307408506703836 0.01877562415801024 0.00754535310910009 0.19728710691477178 0.08685815661339119 0.007059808602725903 0.0028986859991216437
0.6181727024231868 0.12593540037437004 0.030998049105436912 0.005927622105961113 0.17318272919067873 0.03654302713680423 0.0077274198786527505 0.001513049784909377
0.5369604883713641 0.21655104570813608 0.029742112754370137 0.011493156010339853 0.13810326072194035 0.05740218329821698 0.006990975130840671 0.0027567780047918094
0.5372368480210212 0.22770120708064093 0.021329485834743162 0.008535450368475077 0.13855930970945865 0.06065439812182823 0.005001807548210172 9.814933156224244E-4
0.5291472029220665 0.22563444349367276 0.027667620866174972 0.011132256116675277 0.13694094067075957 0.06029537158671631 0.006508262828007992 0.0026739015159265352
0.5361699795655271 0.22849650699356158 0.021128519187354016 0.0084909428547573 0.13870711078460868 0.061064009183541594 0.0049645223337049385 9.784090969447996E-4
0.5290048307032704 0.22570709382843396 0.02763454130800072 0.011123911729837238 0.13699566893313833 0.060357387841328373 0.006503404863634913 0.002673160792356136
0.5361471322163965 0.22850328708035444 0.021124819218356693 0.008489911259896973 0.1387185428774289 0.06107385026190063 0.004964079005846903 9.78378079819065E-4
0.5359831572041792 0.22868669951098572 0.020998905109060925 0.008452884189941634 0.13880586178676893 0.0611555827380591 0.004941873796927604 9.750356640768532E-4
0.5359457472848522 0.22870206908746468 0.0209917209299418 0.008450991248889666 0.13882238855659657 0.06117118498685927 0.004940933374870366 9.749645305253612E-4
0.5289607555058828 0.22572527711642473 0.027623272343543417 0.011120908216300688 0.13701773505563758 0.060377112846041275 0.006501989124561331 0.002672949791608127
0.5291208909815946 0.22551356557681881 0.02779612537486099 0.01117123868486916 0.13690659652552958 0.06027751265725902 0.006531954929130407 0.0026821152699373794
0.5361841046827704 0.2284871154746348 0.021132447800450437 0.008491919066601026 0.13870241094945082 0.061058435799061644 0.0049651043506862445 9.7846187634478E-4
0.47634414814041653 0.20323711620837506 0.018662969413927467 0.007512480724426547 0.19737085759396183 0.08695670839084378 0.007027254004570848 0.0028884655234781547
0.6181432602319573 0.1259462526543488 0.030987874447985984 0.005926366493115146 0.1732049099826471 0.03655234807727132 0.007726039948899778 0.001512948163774814
0.5369556520908609 0.2165520255493216 0.029741031610383183 0.011492850458564555 0.13810641766704382 0.05740436537536 0.0069908847997824704 0.0027567724486834717
0.5372360172479598 0.2277013108067118 0.021329359383383963 0.008535411841607004 0.13855984183056455 0.060654769592597836 0.005001796570505608 9.814927266696121E-4
0.529147074007633 0.22563445821765163 0.027667594976465548 0.01113224807004825 0.13694103015002335 0.06029543252793305 0.006508260739355295 0.002673901310889972
0.5361699572517066 0.22849650891160944 0.021128515865854347 0.008490941815182146 0.13870712572073088 0.06106401928756902 0.004964522064570781 9.78409082776924E-4
0.47634166601954586 0.20323764119362359 0.01866261294521714 0.007512383067219015 0.19737210097487234 0.08695796481794871 0.007027178254862033 0.0028884527267114355
0.5195704042771605 0.22404701509902533 0.026046301991237336 0.010542443989537433 0.1455849556986397 0.06502348703918641 0.0064939957052805915 0.002691396199932713
0.5275068471156594 0.2254510645428524 0.027487779977528003 0.011066941956652799 0.13822414971197672 0.061064790657069545 0.006516699832152899 0.0026817262061083007
0.47621584403843703 0.20304471603664867 0.01874207446174528 0.007534156269494302 0.19750735353209234 0.087002298840713 0.007055567594034418 0.0028979892268349967
0.6181257415274929 0.1259372805023961 0.030988016340066777 0.00592605905416084 0.17322697206404608 0.03655604896031218 0.007726840494028332 0.0015130410574969299
0.4841996650558377 0.19527585710455408 0.02011405860641214 0.007772690436674676 0.19926459353308637 0.0828251051185921 0.0075648990055656035 0.002983131139277342
0.5206049850702181 0.223262747726901 0.026301995432914844 0.010602100781182655 0.1454055948369359 0.06457640805318005 0.006544963896000628 0.002701204202666657
0.626909422388595 0.1265220376011061 0.032700260238460836 0.006217839799374173 0.16415249887264785 0.03424339355268017 0.007748624068218945 0.0015059234789170635
0.538319504592556 0.2166204794010586 0.030007541965574727 0.011578529304574797 0.1369549413891471 0.0567668429975905 0.006997984496410861 0.0027541758530876303
0.5374788265118905 0.2277009017923844 0.021364346886905288 0.008546834994910948 0.13838044180229822 0.0605431520423474 0.00500393825712766 9.81557712135687E-4
0.6285622811994653 0.1266320924784762 0.03287231593171739 0.006249136087677595 0.16262311964237836 0.033829291721922415 0.007731063942165811 0.00150069899619677
0.5461584603954674 0.21969274471357642 0.022856799817815965 0.00881736667096925 0.13868872169361027 0.057457248570900614 0.00532333680726273 0.0010053213303970736
0.5302500073317572 0.22491713064338154 0.027932767208874217 0.01119441022085409 0.13664198490658788 0.05983019916497251 0.00655254304783774 0.0026809574757348242
0.476731291427665 0.20304283107595827 0.01880570009622274 0.007554027904009939 0.1971599303272152 0.08674064270501287 0.007065851782979883 0.0028997246809359216
0.5196403056862648 0.2240263231031298 0.02606253804944928 0.010547105188895563 0.14554513777627628 0.06499091262483439 0.006495958761200993 0.002691718809948664
0.5275181493304297 0.22544879338317897 0.02749019479732225 0.011067658648263218 0.13821699508086915 0.0610595176270735 0.006516935426552017 0.002681755706311373
0.5288903812889385 0.22550256041149902 0.027753816336928812 0.011156763361708736 0.13709439425096553 0.060389973819077805 0.006530001344233423 0.0026821091866482123
0.5361431737689992 0.22848747598626717 0.021126561849583145 0.008489992975975724 0.13873232252846335 0.061077305456174465 0.004964720808905582 9.784466256310906E-4
0.5359821520280065 0.22868544722242182 0.020998851558856484 0.008452831089604129 0.13880758581956862 0.06115618493673114 0.0049419079408361075 9.750394039756939E-4
0.5289661066989743 0.22572366709297909 0.027624439469721655 0.011121235461153844 0.13701478283536767 0.06037468034589547 0.006502120992601507 0.0026729671033064104
0.4765098901844991 0.20309005086260187 0.01877433932548255 0.007545377731070793 0.1972690600277183 0.08685378885061232 0.007058979374431244 0.0028985136435838994
0.5196063216966057 0.22403286271983372 0.026055578983837827 0.01054499452957193 0.14556640632026524 0.06500698801011254 0.006495234394540968 0.0026916133452318663
0.5275126439484452 0.22544961476069536 0.02748905188268964 0.01106730948601822 0.13822068849458735 0.061062113289881 0.0065168341587097285 0.0026817439789736004
0.5288894781426359 0.2255026721224624 0.027753630323585236 0.011156705869031128 0.13709501894390624 0.06039040114717852 0.006529985905885807 0.0026821075453148054
0.4765089869513437 0.2030733199771742 0.018776679184817176 0.007545662893901758 0.19728242991836598 0.08685419468723136 0.007060006288677233 0.002898720098488408
0.5196059286830171 0.22403144216147153 0.02605563608454306 0.010544963975404312 0.14556781073701835 0.06500728972480871 0.006495300155904068 0.002691628477832679
0.47447972372396674 0.20278421735031438 0.018544098436347422 0.007465998316753798 0.19891999858663342 0.08787738535367683 0.0070340112831794145 0.002894566949128205
0.5192771028101639 0.224028262757887 0.025993541489460297 0.010524083929390766 0.14582639253838772 0.06516767294339043 0.006491586808542813 0.002691356722777171
0.527457249637992 0.22545195111888405 0.027478053831802247 0.01106375123787562 0.1382624612426808 0.06108875531770404 0.006516093484448727 0.0026816841286124043
0.5358874585578578 0.22849105316237045 0.021089590490179576 0.008477941190553923 0.13891831643807992 0.0611950181258905 0.0049622748103058225 9.78347224762106E-4
0.5289597795578095 0.22570884440679656 0.027625789124703426 0.011121071535644437 0.13702955287513421 0.06037901666061383 0.00650282705403439 0.0026731187852639675
0.5361392291589255 0.22850367769885363 0.021123661003661635 0.00848954112659894 0.13872406381046512 0.06107745945731564 0.004963993704223868 9.783740399555672E-4
0.5290001755852426 0.22570791126241668 0.027633583954300146 0.011123623878456472 0.13699867589900278 0.060359562323825264 0.0065033163841779745 0.0026731507125784247
0.5291271716854179 0.22551184099887606 0.027797516103536434 0.011171634518434384 0.13690296318396686 0.060274632196582495 0.006532106067768045 0.0026821352454180288
0.6284931884136519 0.12654616023395743 0.033027651329218755 0.0062709694394747035 0.1625802441714885 0.03381659735403951 0.00775986699215241 0.0015053220660170728
0.6348938233145166 0.12066263752251234 0.03543238537809681 0.006457995577634212 0.1612118845352763 0.031555753964648985 0.00825162403188703 0.0015338956754278397
0.5395327234048443 0.2160842592315367 0.03029879121553763 0.011652270529603086 0.1363977009839383 0.05624064202276341 0.007034839396413485 0.002758773215363221
0.530569169275068 0.22464063257584835 0.02815112116759524 0.011257043470154831 0.1364452132269697 0.0596573263157453 0.006588356934515028 0.002691137034103339
0.5364136410198415 0.2284071009150213 0.021170438325236275 0.008502222450913326 0.13859698098567633 0.060960823677745246 0.004969977995016565 9.788146305495361E-4
0.628437383327421 0.12667834105815187 0.03283561525857908 0.0062447945928626675 0.1627094696361823 0.03386773265329454 0.007726231061749461 0.0015004324117590243
0.5385346639090692 0.21663807500465812 0.030047101271448447 0.011591586606337237 0.1367702679591621 0.05666605858354248 0.006998591621661758 0.0027536550441205673
0.5375170217563904 0.22770139002578652 0.021369796890727197 0.008548630791486383 0.13835180661963883 0.06052553318080134 0.005004254748701896 9.815659864672738E-4
0.5291918690007922 0.22563232808765835 0.027676349337279173 0.011135071899520838 0.13690760909466845 0.06027397578619857 0.006508851382827077 0.002673945411055391
0.5361778053895209 0.22849608918999118 0.021129668222854427 0.008491309181577138 0.13870166817736512 0.06106043879760713 0.004964607847896676 9.784131931875502E-4
0.5359880444619464 0.22868594823559 0.020999637985814664 0.008453105180881706 0.13880287457369805 0.06115340721187563 0.004941942672283453 9.750396779100198E-4
0.5289670598839042 0.22572366168696492 0.027624622097400298 0.011121295864906703 0.13701404128497158 0.06037421965940548 0.0065021318078943785 0.002672967714552543
0.5291219008542515 0.2255133830261868 0.027796338095990487 0.011171302424641257 0.13690594281718782 0.060277040367082625 0.006531974792800111 0.002682117621859438
0.5361842781412021 0.22848709491306798 0.02113247401736617 0.008491927121346951 0.13870229930705089 0.06105835785114478 0.004965106642743368 9.784620060776703E-4
0.6284057428240936 0.12668468616016276 0.03282757896753485 0.006243717927697107 0.16273548960485837 0.033876935645653375 0.007725448886256204 0.0015003999837435518
0.5461326057862687 0.21969709097114354 0.022852684783284224 0.008816191857920326 0.1387047710817756 0.05746834779517971 0.005322996648846682 0.0010053110755814613
0.5373037719569155 0.22791138316905682 0.021227808695968593 0.00850737101639305 0.13846346382104943 0.060628443860891335 0.0049797687762002125 9.779887035254392E-4
0.5291486526022218 0.22565076776405088 0.027665131006866815 0.011132101465409645 0.13692892593058129 0.06029326059797092 0.006507428401568666 0.002673732231330179
0.5361705200343986 0.22849782944404454 0.021128499582480736 0.008490973902652032 0.13870567569872908 0.061063615678642914 0.004964480826089039 9.784048329629829E-4
0.5359868828401092 0.2286861286643153 0.020999463516482558 0.008453052641765782 0.13880358341486226 0.06115392395049985 0.0049419262496552515 9.750387223096304E-4
0.5359463494772336 0.22870200259595694 0.020991809576070962 0.008451018650797249 0.13882199965880115 0.06117091413746671 0.004940940965072638 9.749649386007671E-4
0.5359399863833169 0.22870349821282193 0.020990815637045707 0.008450732982045251 0.13882548816245693 0.06117368684485833 0.004940833664920352 9.749581125345173E-4
0.5289598885602143 0.22572543687169394 0.02762309358620161 0.011120854731916353 0.1370182890609398 0.06037751699388579 0.006501972337226443 0.0026729478579218804
0.5291207503600065 0.2255135856236684 0.02779609623595724 0.011171229769826554 0.1369066916770017 0.060277578933282464 0.0065319524089319176 0.002682114991325158
0.5291624597552519 0.2254949554732813 0.027807604487318033 0.011174282233147396 0.13688604365022364 0.0602588533818648 0.006533444429116087 0.0026823565897966532
0.5361911954863491 0.22848537147518122 0.02113359459669264 0.008492246770922985 0.13869854206271756 0.06105534909038061 0.004965230272120528 9.784702456355574E-4
0.5290080256975226 0.22570604665016128 0.027635257004288746 0.011124109185505082 0.13699395677465864 0.060355945030756045 0.006503487844376022 0.002673171812731558
0.4765179098018947 0.2030893097230917 0.01877541395962888 0.007545694420924661 0.1972642262148268 0.08684971851994433 0.007059179314288689 0.0028985480454003887
0.5196075771287034 0.22403271126507096 0.026055829163132063 0.010545073150978936 0.1455655486612542 0.06500638775765047 0.006495256662977848 0.0026916162102321385
0.4744801351903923 0.2027843545780224 0.018544139315218585 0.007466014427770863 0.19891959766191444 0.08787717932192873 0.0070340124806647164 0.002894567024087849
0.5192771713303019 0.22402827026611064 0.02599355388374196 0.010524088326413888 0.14582633322543664 0.06516763902269043 0.006491587242883883 0.0026913567024206414
