0.125 0.125 0.125 0.125 0.125 0.125 0.125 0.125
0.06578947368421052 0.10964912280701754 0.05921052631578946 0.09868421052631579 0.13157894736842105 0.21929824561403508 0.11842105263157893 0.19736842105263158
0.08769198837691987 0.1551473640514736 0.07644942576449425 0.13525667635256675 0.10523038605230385 0.18617683686176836 0.0917393109173931 0.1623080116230801
0.0750846246031579 0.1251410410052632 0.0901015495237895 0.1501692492063158 0.1027387359922629 0.15642630125657897 0.11262693690473687 0.18771156150789475
0.07980005179231814 0.12452175316237227 0.08965566227690804 0.14942610379484672 0.10209202993089603 0.15565219145296533 0.11206957784613504 0.18678262974355841
0.07842342101796625 0.1217342077982973 0.08764862961477406 0.14608104935795677 0.09990890236316574 0.17404169113192636 0.10956078701846757 0.18260131169744592
0.07677460789140508 0.119179895835977 0.08580952500190343 0.1430158750031724 0.0977718815843839 0.1914164646768135 0.1072619062523793 0.17876984375396548
0.07546027995841323 0.11720384516229186 0.08438676851685013 0.14064461419475022 0.0960818457698987 0.20493341800829545 0.10548346064606268 0.17580576774343776
0.09247657193817539 0.14368740274567376 0.07759119748266383 0.12931866247110635 0.12514288023780473 0.2572030907885823 0.09698899685332979 0.07759119748266383
0.0840108933374522 0.14863465744318463 0.07324026598649679 0.12957893212995586 0.10081307200494263 0.2203391413582246 0.08788831918379614 0.15549471855594701
0.1017778102454385 0.07408722129135621 0.18815802232725384 0.14817444258271242 0.09965082880462421 0.09493875662197762 0.1640351989519649 0.12917771917467238
0.06635263551622217 0.10069100108529802 0.0642530938354012 0.09062190097676821 0.14628659066907176 0.2418046947915804 0.10874628117212186 0.18124380195353643
0.06876569620020964 0.12166238558498628 0.08595712025026205 0.15207798198123285 0.08251883544025157 0.2033758578652637 0.10314854430031446 0.18249357837747943
0.09935491538677725 0.07332320125694362 0.20183287497047098 0.14664640251388725 0.09696460262321627 0.09168882578736158 0.1623435957825695 0.1278455816787735
0.06562044215307192 0.09960947830526648 0.07244617274681696 0.08964853047473983 0.14715102468438535 0.23864905411655213 0.10757823656968778 0.17929706094947967
0.08031908096392464 0.14210298939771282 0.0700217628916266 0.12388465742364708 0.09638289715670956 0.2546009077880511 0.08402611546995192 0.1486615889083765
0.0932162405509384 0.0752468447820828 0.1864324811018768 0.1504936895641656 0.08389461649584457 0.10748257390565369 0.16778923299168913 0.13544432060774905
0.11111965412093361 0.08014562756213009 0.16122810437393023 0.09617475307455611 0.152630875863979 0.12582420544769465 0.15265833821358113 0.12021844134319515
0.08236900835983499 0.14572978402124653 0.08266118861274574 0.127046478377497 0.09884281003180201 0.2247243016443577 0.0861706548995197 0.15245577405299637
0.08840097571968913 0.13609800830125568 0.11214224869883054 0.16331760996150682 0.08898863772351362 0.18324539185402544 0.08542767290294204 0.1423794548382367
0.0965092501304755 0.13933442590415296 0.08997842440203252 0.12540098331373767 0.12801746121494578 0.25146812756110964 0.09405073748530327 0.07524058998824261
0.05561001769913935 0.09838695439078501 0.0527497487712597 0.08577324228940232 0.12515465444163465 0.31381784132791074 0.0969610565010635 0.17154648457880464
0.09015760178344674 0.07277782312639677 0.18979103088445792 0.14555564625279355 0.09125894670032178 0.11717518641486485 0.16228368321020412 0.1310000816275142
0.07894778608774217 0.11368400303683725 0.10897644096714557 0.1364208036442047 0.10493237180118549 0.1841969871744753 0.10231560273315353 0.17052600455525588
0.0765022444139554 0.11197488095918469 0.09605542501597313 0.13436985715102162 0.1068199121853189 0.2055379659725029 0.10077739286326622 0.167962321438777
0.06366433176144079 0.09347853352068858 0.05904088965792871 0.08413068016861973 0.1433932733301622 0.2870741150215768 0.10095681620234365 0.16826136033723946
0.06435131469339382 0.11385232599600445 0.0886866586824651 0.14231540749500557 0.0882542562421876 0.23523457585684623 0.09652697204009074 0.17077848899400666
0.08998858225062423 0.134682524287604 0.11215172911364221 0.16161902914512477 0.08677522339296422 0.1893450865409433 0.08453918447591144 0.1408986407931857
0.08024187965941262 0.11148230984778502 0.09616510456585435 0.13377877181734205 0.1026726054899729 0.2081017849849491 0.10033407886300653 0.16722346477167754
0.09637096701852041 0.13624031937741604 0.08612959448276408 0.12261628743967443 0.1299864977016385 0.263124345936426 0.09196221557975583 0.07356977246380467
0.05458396365990837 0.09657162801368403 0.054691262054344957 0.08419065006321173 0.12328196086297237 0.32312719601756357 0.09517203920189152 0.16838130012642347
0.08914282119039856 0.07195866288863498 0.19540145420986577 0.14391732577726996 0.09018952491133399 0.11940753968023646 0.1604570781427174 0.12952559319954296
0.08111878280368945 0.11293448204671018 0.10928608907787837 0.13552137845605222 0.10478044385493843 0.1853160668486269 0.10164103384203918 0.16940172307006526
0.07881762711355261 0.11129233206605588 0.09562961600676642 0.13355079847926707 0.10661613378964627 0.20699189558617767 0.10016309885945031 0.16693849809908382
0.09597790668245465 0.13602485629194028 0.0859396854496255 0.12242237066274625 0.13093019514019913 0.26343478537832665 0.0918167779970597 0.07345342239764775
0.09999984377770946 0.08072276545911486 0.14852492165071401 0.10090345682389357 0.13571558618759885 0.16304951224573258 0.14999976566656417 0.12108414818867229
0.11559884136507399 0.09331472736698744 0.1913944057144964 0.1166434092087343 0.12860149915431543 0.1194193523668235 0.13004869653570822 0.10497906828786087
0.10985249881486502 0.07941647947342076 0.1749522144713306 0.09927059934177594 0.1447486446070718 0.12506243073154072 0.14757241334986396 0.11912471921013114
0.10172641894590201 0.06870787125152268 0.2366900759856231 0.13741574250304536 0.09630273047442257 0.08227469460200486 0.15320829798473862 0.12367416825274083
0.09871867723304177 0.06751855874924619 0.26456777206890864 0.13503711749849237 0.08812337739093147 0.0739447826967458 0.15055630861399072 0.12153340574864313
0.11358144026205409 0.07795539726626317 0.2032149793223221 0.09744424658282896 0.13410696676087971 0.11190645659805189 0.14485741730820542 0.11693309589939474
0.10430616943762784 0.06693788243959826 0.254039120789475 0.13387576487919653 0.09272053419771896 0.07837085275352469 0.1492614871115818 0.12048818839127687
0.13568616667802044 0.088643588971874 0.22978650517172375 0.11080448621484248 0.11531061055039785 0.0965058716817425 0.12353873313804078 0.09972403759335823
0.09683493355158232 0.1307398914508851 0.1498782134083871 0.1634248643136064 0.0804742501336097 0.14843195132624043 0.08313351793344324 0.14708237788224574
0.08198168980272075 0.11256341805713525 0.10240266296616275 0.13507610166856232 0.10229685567607173 0.19552706849222243 0.10130707625142175 0.16884512708570287
0.0799145293375829 0.11080922402495418 0.09429883782955523 0.132971068829945 0.10571033031034441 0.21035387200772815 0.09972830162245877 0.16621383603743126
0.07662217544110143 0.11322621298585583 0.09997391625644181 0.1415327662323198 0.09124895916528626 0.2115605133435074 0.09599613709670386 0.16983931947878375
0.10633829608628331 0.07044805794774267 0.210682966229634 0.14089611589548534 0.09690129847867336 0.09592296194995124 0.15597779211873017 0.12283251129350002
0.063820458502789 0.08413089260843529 0.08930831174425467 0.10095707113012237 0.12719704438180762 0.21152359401619966 0.12114848535614682 0.20191414226024473
0.08747690592019043 0.13372481887372034 0.08145909770296783 0.11658061132580746 0.11121358117922743 0.25057618459483055 0.0790720668122868 0.13989673359096896
0.10480906378592618 0.06941692499053183 0.20958053977923688 0.13883384998106366 0.092920133301054 0.10469964118541739 0.15478938199381276 0.12495046498295732
0.10818718074195181 0.06757793810017815 0.2526819249775899 0.1351558762003563 0.09347288378203665 0.0754728856215209 0.14962311081195323 0.11782819976441318
0.12140626520560933 0.07711209572311853 0.20075719877130807 0.09639011965389817 0.1339821767254462 0.11139361350716208 0.14329038682877995 0.11566814358467781
0.12337738414816687 0.07609272129585884 0.18262181559816298 0.09511590161982354 0.14804189513575855 0.1192150241191213 0.14139617613931976 0.11413908194378826
0.08324213766620048 0.11194274331873193 0.11887290331706034 0.1399284291484149 0.10468127180610684 0.1785104217342889 0.09490797803109881 0.16791411497809788
0.0798774903288814 0.11029168034124062 0.10289120163264083 0.13235001640948874 0.10596271858053968 0.20392685988823114 0.09926251230711657 0.16543752051186092
0.06495955156650955 0.09583355842269445 0.06027167924014959 0.08354720477875925 0.13696818657990875 0.296880743582819 0.0944446662716409 0.1670944095575185
0.0995786510652207 0.06895747489338674 0.19912853700318955 0.1379149497867735 0.1037414348246815 0.11279062076683148 0.15376487685182058 0.12412345480809614
0.10343048084562088 0.0667830780426838 0.2547366645382227 0.1335661560853676 0.09386621096670271 0.07849157263297495 0.1489162964115964 0.12020954047683083
0.08097607139995863 0.1135872699380983 0.13598063992842804 0.1419840874226229 0.0953099018073787 0.16547887399667388 0.09630225059969205 0.17038090490714744
0.08035103778730127 0.11068235591844769 0.106598741711496 0.13281882710213722 0.10421183434927281 0.1996995489270706 0.09961412032660293 0.1660235338776715
0.06515640572822057 0.09603684435473708 0.06089524804891166 0.08372442841182207 0.1367714528431422 0.29532175775876696 0.09464500603075539 0.16744885682364413
0.12948429030915842 0.08963156479890362 0.1620527374480498 0.11203945599862954 0.13478502756578178 0.146255781195671 0.12491563228503917 0.10083551039876656
0.08474941461046843 0.11135322049783737 0.1139389840325007 0.13919152562229675 0.10161999119658603 0.18770886808886664 0.09440816520468823 0.16702983074675606
0.10438444745751939 0.0687865033222898 0.22270883338466146 0.1375730066445796 0.09613651571092154 0.09321135173348721 0.15338363576641934 0.12381570598012165
0.12166695558920948 0.07674122970092047 0.1908050117285786 0.09592653712615058 0.1417103625724431 0.11543681846617387 0.14260124026514326 0.1151118445513807
0.10893853938490973 0.06589241921430021 0.2494475405300132 0.13178483842860042 0.1001511126044664 0.07824893509351533 0.14693026015845448 0.11860635458574037
0.12221024796233539 0.07608901671150818 0.19833352132902027 0.09511127088938522 0.14185420775834143 0.11087891803464334 0.141389292247504 0.11413352506726225
0.0845515486694351 0.11182179186857383 0.12242856171689809 0.1397772398357173 0.10346178267600832 0.1754209551941072 0.09480543223639956 0.16773268780286074
0.07829714053946948 0.1128645327149582 0.10606447977893907 0.14108066589369775 0.09720473546908781 0.19950215140351116 0.09568949512789934 0.16929679907243728
0.10339805514546523 0.06896029581888483 0.21967363148131916 0.13792059163776965 0.0967269075127345 0.09542081883518638 0.15377116709464766 0.12412853247399269
0.08211133603244222 0.11340595357213924 0.12809118994187765 0.14175744196517406 0.09690056103304713 0.17147606124247092 0.09614852585463979 0.17010893035820884
0.1427399820705385 0.0926707628412088 0.18614760119399795 0.11120491540945056 0.12924051518267074 0.11793993566650102 0.12310841266329081 0.0969478749723415
0.08793645834712578 0.11143053632503323 0.1195189516840517 0.13928817040629154 0.10259402032789282 0.17761234284213562 0.09447371557991949 0.16714580448754984
0.07879516622062337 0.11271314052526209 0.10533842700697503 0.1408914256565776 0.09749590749551491 0.20013508142704037 0.09556114088011351 0.16906971078789312
0.10349656325223433 0.06894227384715251 0.21931514200829205 0.13788454769430503 0.09701103429396693 0.09552336519164364 0.1537309807875311 0.12409609292487453
0.1049884052464611 0.06613848512622551 0.2618511163079606 0.13227697025245103 0.09318927703882031 0.07502752238508333 0.1474789504157924 0.11904927322720592
0.10377664361829918 0.0650710653082911 0.2771026548516358 0.1301421306165822 0.09105579599491068 0.07062502851716769 0.1450987635381894 0.11712791755492398
0.10297085063787169 0.06469559453269372 0.2825301034084553 0.12939118906538744 0.090155622414706 0.06954305003301565 0.1442615197490215 0.1164520701588487
0.1200697731071827 0.07555359166776718 0.20804790693414382 0.09444198958470895 0.14013001429103647 0.1080319762771368 0.14039436063637334 0.11333038750165075
0.1239455211987702 0.07500674987877066 0.18343208326901397 0.09375843734846334 0.15488641656605154 0.11708245259380487 0.1393782143269694 0.11251012481815602
0.12499362910736536 0.07500059377965815 0.1755210181789336 0.09375074222457268 0.15949376179814007 0.11937258923337392 0.13936677500846922 0.11250089066948721
0.1253097363730994 0.07502115851751003 0.17300857730761884 0.09377644814688753 0.16096674633692654 0.1199806069531854 0.13940498858850742 0.11253173777626503
0.12541032860883353 0.07503048172222294 0.17221438074687617 0.09378810215277866 0.16144163947951246 0.12014703165544528 0.13942231305099637 0.1125457225833344
0.08484117801418511 0.11122539346455458 0.11630448939165157 0.13903174183069322 0.10929183294911196 0.17816748404171898 0.0942997901112528 0.16683809019683185
0.07826983765686309 0.11265189722812803 0.10460437555243284 0.14081487153516006 0.09890902948833087 0.2002629254817409 0.09550921721515203 0.16897784584219205
0.10343691757102992 0.06894726233072447 0.21900325050437683 0.13789452466144894 0.09731353061886194 0.09555733775690707 0.15374210436134678 0.12410507219530403
0.12158770394577756 0.07655643521340695 0.1893424943932863 0.09569554401675867 0.14392050443797252 0.1158048116791181 0.14225785349356962 0.11483465282011042
0.084329277554729 0.11151626847403666 0.1202473603669434 0.13939533559254583 0.1058047353507004 0.1768862184176543 0.09454640153233543 0.16727440271105498
0.07726245483837672 0.12403818222493916 0.10430006026888948 0.13879330478378213 0.09708599502613031 0.19782996952486523 0.09413806759247831 0.16655196574053852
0.07583954788809506 0.12517105342741872 0.10058657256627772 0.13846391674072492 0.09502479499527522 0.2048427577213683 0.09391465657196996 0.1661567000888699
0.10227779398819754 0.07734851112754361 0.2160231616417868 0.13675449118543084 0.09602629848574468 0.09601964939169723 0.1524710521127117 0.12307904206688776
0.0813355867505711 0.12146640484525374 0.126490992759052 0.14038931850354405 0.0962683725672662 0.1703615611241781 0.09522058124588206 0.16846718220425286
0.1063899175491159 0.06896741125998697 0.23014917677403937 0.13793482251997394 0.09603757368799787 0.08757070867200646 0.15269951862203054 0.12025087091484907
0.0820968482926587 0.12049430678969356 0.1296899899124657 0.1403906800638875 0.09633168143795585 0.16730617268768921 0.09522150473898457 0.168468816076665
0.09753124850918031 0.13353986989281638 0.12853044248753956 0.16024784387137966 0.08791206791550567 0.16871332971837208 0.08382194910195244 0.13970324850325405
0.08348071151939623 0.11034293338141099 0.10603475081623216 0.1324115200576932 0.10233603444833615 0.20057100966154498 0.09930864004326989 0.16551440007211646
0.0767655375393356 0.12332017337222337 0.10079038170308684 0.13811790175029065 0.0959864918119738 0.20559806357906563 0.0936799681436754 0.16574148210034875
0.10244223203718511 0.07717461882949904 0.21601899163065655 0.13666950075800335 0.09620195607727745 0.09611385585647612 0.15237629412869927 0.12300255068220302
0.12081383972266023 0.08227496518400762 0.1878234590332964 0.09510733767378439 0.14302824885787305 0.11543989906149486 0.14138344525834218 0.11412880520854127
0.10831697213623917 0.07107346080792057 0.24706091718776604 0.13059058047750813 0.10202137958367653 0.07780641571041799 0.14559875166671427 0.11753152242975731
0.08232032517519335 0.12047134393507232 0.13333342341950621 0.1400195965555649 0.09745653272805459 0.16340544900398252 0.09496981331594836 0.16802351586667785
0.10625464065076926 0.06859919048117116 0.23457749580934226 0.13719838096234233 0.09581765719935663 0.08605954241069018 0.15188424754479896 0.1196088449415292
0.08205497386855787 0.12040760995398707 0.13064807219192986 0.14033247187636716 0.09627265117287624 0.16670323028154002 0.0951820244031012 0.16839896625164055
0.10618153193929786 0.06858495277016961 0.23447316104856022 0.13716990554033923 0.09556732613730089 0.08658637826757613 0.1518527240821012 0.11958402021465472
0.09785898782308601 0.14361809167965248 0.10866690426056916 0.11674084454017587 0.11477015156305334 0.19907525995365455 0.07918074673159753 0.14008901344821104
0.10610235720392983 0.0776239403362536 0.2172228879160006 0.13462075231462667 0.0990243962706255 0.0941548963693907 0.15009209250600913 0.12115867708316401
0.12156470363919496 0.08215196522677172 0.18796422978260166 0.09490894399959957 0.1436744582430413 0.1147564465725531 0.14108851973671815 0.11389073279951947
0.08365833393662066 0.12010210938539402 0.11910705477776015 0.13793603169390758 0.10503466806300149 0.1750819513095418 0.09355661280108514 0.1655232380326891
0.10336111393742595 0.07643730109626379 0.22305558457390262 0.13575644679444965 0.0974562371147005 0.09039420727056045 0.15135830709769235 0.12218080211500469
0.10442587169502784 0.07091212690051388 0.26243584681683196 0.13123905218543688 0.09279285673397551 0.07375734947367689 0.1463217492276438 0.11811514696689321
0.0816963871735204 0.1205508843860028 0.13678717826339448 0.14014065257031308 0.09558465598035651 0.16201953766825952 0.09505192087377758 0.1681687830843757
0.10584887851116273 0.06841791058480706 0.2372806943981829 0.13683582116961412 0.09520396371108485 0.0856370855011501 0.15148287895048856 0.11929276717350976
0.08196966830887781 0.12035724046809809 0.13122587757774884 0.14029493553925362 0.09612677468490308 0.16651501579956393 0.0951565649744503 0.16835392264710433
0.10606842356696948 0.06851769079562589 0.23526646106217802 0.13703538159125178 0.095455030008841 0.08648646950884717 0.1517038005405799 0.11946674292570666
0.08200813099071551 0.12037344768406227 0.13078015499501094 0.1403021656788457 0.09617994099989323 0.1668320919416403 0.0951614688952171 0.16836259881461485
0.08074703235461096 0.11038251134840336 0.10740172122228897 0.13245901361808401 0.10419534587233216 0.19989634834811254 0.09934426021356303 0.16557376702260504
0.07629848057172343 0.123327726219376 0.10108528099302455 0.13812175563509255 0.09638203527101843 0.20535603246472167 0.09368258208293233 0.16574610676211102
0.08788731073526915 0.1452684792211025 0.11602534553181706 0.16078492789277682 0.0826957669861087 0.18084114077527497 0.0817905937541517 0.14470643510349912
0.08176541715325103 0.11041104117813873 0.10420867765130223 0.13249324941376647 0.10117416425969017 0.20496095151631838 0.09936993706032485 0.16561656176720807
0.06521386787735343 0.10517322540485974 0.059713569034205397 0.08214876421855659 0.13610257585357263 0.2944866487533621 0.092863820420977 0.16429752843711318
0.09978960761091482 0.07579630006771011 0.19697698508359546 0.13620048113695857 0.10490267423603475 0.111900146588825 0.15185337225269857 0.12258043302326271
0.10440965412669258 0.07140662609043054 0.2526452793916521 0.13224016705206035 0.0950061799844106 0.07783802541403523 0.14743791759386426 0.11901615034685431
0.10358845241553814 0.06979026924257883 0.2730999107774676 0.12975729277754386 0.09134769109832636 0.07096512212185234 0.14466969806690338 0.11678156349978946
0.08150440583082286 0.12031775120986443 0.13910174481383986 0.14000740572123077 0.09522491431681487 0.1608733464918982 0.09496154475005217 0.16800888686547688
0.10575054236134432 0.06833214230083924 0.23842843272618594 0.13666428460167848 0.09502804136283813 0.08536035325543259 0.15129298091842305 0.11914322247325818
0.08194707784625781 0.12033542956653365 0.13147280673204575 0.14027953263517592 0.09608348011248262 0.16640011615795644 0.09514611778733673 0.1683354391622111
0.10610188784822996 0.06849532242152633 0.23545866265750723 0.13699064484305265 0.09542550464396246 0.08644596080634764 0.1516542751213281 0.1194277416580459
0.08201240666969291 0.12036747366556595 0.13082079271284486 0.14029781076592965 0.09617210227770348 0.166813525860952 0.09515851512819576 0.16835737291911557
0.09759451419305237 0.13332149732369308 0.12977068050152268 0.1599857967884317 0.08777815690603258 0.16838967876699343 0.08368487832010274 0.13947479720017122
0.10313907288567542 0.13610836045000077 0.09922258777731743 0.1224975244050007 0.12624795720133175 0.2474128393339231 0.09187314330375053 0.0734985146430004
0.06611712570403767 0.10389054949101571 0.05714521343228504 0.0788996917959645 0.1389394241127781 0.30801765592872565 0.0891909559432642 0.157799383591929
0.09983210932831531 0.07555170396952993 0.19540891664089932 0.13586098399518012 0.1053913537041561 0.1142051884910338 0.1514748582752232 0.12227488559566212
0.12015479685629761 0.08214297686587832 0.18119997276123812 0.09509685203182562 0.14591699405648353 0.12000432734277522 0.1413678576473109 0.11411622243819072
0.08335141561310688 0.12001946518863929 0.11753935542073149 0.13784501317296488 0.10543027463429708 0.17690558166277837 0.09349487849992402 0.16541401580755785
0.10333344171910128 0.07646263172911195 0.22242726003591576 0.13581024474360928 0.09758026520989782 0.0907386484968825 0.15141828779623304 0.12222922026924835
0.10444061001479263 0.07092870846911341 0.26220460552328456 0.13126707792568768 0.09283736357615006 0.07382826852130255 0.1463529958365503 0.1181403701331189
0.08169951878482784 0.12055422808961892 0.13673649848861089 0.14014255294702646 0.09559558270011556 0.16204734562842887 0.09505320982493967 0.16817106353643171
0.0808154555631604 0.11044195165070228 0.10876980654432153 0.13253034198084274 0.10413684679657811 0.19824491350270942 0.09939775648563207 0.1656629274760534
0.07633295353284221 0.12337219764266937 0.10140824766973121 0.13816505322523093 0.09639854420662149 0.20481299070855807 0.09371194914406968 0.1657980638702771
0.10170697035000006 0.08324046382156805 0.21507864866720872 0.13553764302249333 0.09573667504360907 0.095601363154276 0.15111435722060074 0.12198387872024401
0.10395911492643856 0.07554983242131295 0.2589011591384523 0.1309171116050122 0.09235502102830632 0.07452955093007999 0.14596280950588672 0.117825400444511
0.10293356344551505 0.07348063704874216 0.27482819635411 0.12883161525068362 0.0903160772882245 0.07002382018224275 0.14363763670486668 0.11594845372561528
0.08090367820766169 0.12640302871302245 0.13886712817249688 0.13894069714306095 0.09442517739041006 0.15949341573942466 0.09423803806225005 0.16672883657167314
0.13339981996799835 0.10854213753107608 0.1886048704214966 0.10998097290855732 0.12373058029976984 0.11413816599565053 0.12262057725774973 0.09898287561770158
0.11058164333767893 0.07806627601416735 0.2463131455628695 0.12947155257228776 0.09754120066877443 0.0771506654672243 0.14435111906193873 0.116524397315059
0.10466245587856449 0.07395297890595587 0.26994032822561786 0.12910901103372976 0.0915755599342359 0.07061464378975395 0.14394691230178527 0.11619810993035677
0.10267981669892386 0.07298138440244976 0.27874663488433515 0.12825835610785336 0.0897969338723755 0.06910585799585044 0.14299849554114394 0.11543252049706802
0.13600757783183925 0.09692103394495961 0.23505930927426794 0.1066133742843584 0.1189798056411655 0.09160090606238866 0.11886595610509808 0.09595203685592255
0.1446434657614875 0.09964869875646244 0.21762987713224988 0.10513294150795083 0.12562106595007203 0.0954889194951601 0.11721538403946158 0.09461964735715574
0.14735646071477518 0.10016745474139556 0.2113815877226104 0.10519704025344133 0.12751925320988602 0.09641401777259932 0.11728684935719504 0.09467733622809721
0.11267099990885421 0.07623640115919414 0.25435554711918196 0.1279991686992105 0.09735865011565678 0.07347046024576169 0.1427095209228511 0.11519925182928945
0.1048044007153397 0.07349013554328729 0.2727720123830019 0.12865604882009102 0.09125212498199699 0.06979294038147296 0.14344189323672837 0.11579044393808194
0.13676448190652657 0.09709856753571548 0.23304868827313502 0.1067255511764055 0.11948088167614539 0.09183780840498637 0.11899102496832076 0.09605299605876495
0.10974733759136432 0.0755132427145855 0.2628794780736569 0.12743708836265427 0.09526806101177235 0.07237856942569316 0.14208284329388468 0.11469337952638885
0.10390037125190331 0.07321987070691184 0.2759371789957472 0.12832393647541512 0.09061115920824689 0.06944432777698392 0.14307161275691804 0.11549154282787362
0.08106078975665724 0.12632164281288122 0.13910535994302642 0.138901268145368 0.09447134929034028 0.1592467733612967 0.09421129491598873 0.1666815217744416
0.1334363720698193 0.10852011623012255 0.18868023454780763 0.10997105786785477 0.12373321657015783 0.11407552790587398 0.12260952272729478 0.09897395208106928
0.1452705982798281 0.10254389050729372 0.2022509350159 0.1062954722343523 0.12813047515327664 0.10133118475505734 0.11851151904337488 0.09566592501091707
0.11256097638303882 0.07678859375065136 0.2509997480366821 0.12846795103969952 0.0978019627754269 0.07452743383003224 0.1432321782487396 0.11562115593572958
0.1049015510770324 0.07364659902686094 0.2715647841280829 0.12882265983859403 0.09144839277286418 0.0700479672131299 0.14362765208870112 0.11594039385473465
0.09326901968367751 0.14514227790125878 0.15858782384170242 0.15949538282919432 0.0815010311779634 0.13732401223290375 0.08113460778702494 0.14354584454627486
0.08332942505140187 0.11108669275427252 0.114044738470326 0.133304031305127 0.10155203707059694 0.19007501273802166 0.09997802347884525 0.16663003913140872
0.06499331887155416 0.11755771885850994 0.06060129079199996 0.08133253192254253 0.13534974245083956 0.28555921021659453 0.09194112304287416 0.16266506384508506
0.07056030713441258 0.13494395581358723 0.08726797917945218 0.13163543837393463 0.09901121195005033 0.229335414602738 0.0892831668971035 0.15796252604872155
0.10014333713528151 0.08891858986133878 0.20812815388019104 0.1349447157381789 0.09613784090366571 0.09982383077008797 0.15045328754689494 0.121450244164361
0.11944473567752226 0.09105242673129865 0.18443951387593935 0.09422266856434236 0.14208259198951487 0.11562253567508975 0.14006832520908208 0.11306720227721082
0.12269004134892458 0.08998209886466048 0.1745342046018972 0.0923907052014615 0.154307221482482 0.1178818936309763 0.13734498862784428 0.11086884624175382
0.10833637570330343 0.07872945083250879 0.2404122562495755 0.12955445618035868 0.10401762892293895 0.07790727115089051 0.1444435503981014 0.1165990105623228
0.1206852156037034 0.08855898628153688 0.1937182351535736 0.09339544033704529 0.14347678118148058 0.10925221814910571 0.13883859488910016 0.11207452840445434
0.14109390757779217 0.10269276987686021 0.203679089017421 0.10593707773893898 0.13312123301175136 0.10002061688534421 0.11811193592684689 0.09534336996504508
0.1112733582912517 0.07973581200676186 0.25101824708798665 0.1278324849427714 0.09851388667868682 0.07405329357053943 0.1425236809735078 0.11504923644849425
0.10437377124720873 0.07625007696644566 0.2711911608488169 0.12837050288419483 0.09137074339125548 0.06978676123870088 0.1431235308276023 0.11553345259577534
0.10233777225853322 0.07536060886783044 0.27883642992373564 0.12776399417599715 0.08950269302533208 0.06876358811036826 0.14244731887980577 0.11498759475839743
0.10165668596395856 0.07505421382190551 0.28164432383276333 0.12745771408830975 0.08892769487717905 0.06844158529764767 0.1421058394387573 0.11471194267947878
0.10141728443403193 0.07494110174932245 0.2826657061967737 0.12733720497632953 0.08873495584630513 0.06832878154642398 0.1419714807721166 0.11460348447869655
0.09205866696095669 0.14913697412925878 0.16070951787174192 0.15841280933079918 0.08055365309577277 0.13597294285851888 0.08058390735523262 0.14257152839771925
0.1076284661231286 0.06796740728947079 0.2470783423694355 0.13593481457894158 0.0915140915593735 0.0808841762144431 0.1504854276168991 0.11850727424830806
0.06063936835177849 0.09562740968866226 0.09849554500346322 0.10311432232191484 0.11708239178435825 0.2022483016681766 0.11656401653781678 0.20622864464382967
0.09820480990562086 0.08295448038376421 0.21403251148377045 0.13576028051159406 0.10020829431417703 0.09529278953442846 0.1513625814062101 0.12218425246043466
0.10297481135588742 0.07792236595367852 0.25813115033762707 0.1305348750098469 0.09308349430039123 0.07433527130631014 0.14553664422739648 0.11748138750886221
0.13631754095048915 0.10104195996765405 0.2278902850117272 0.10674754181990773 0.12004681338084323 0.09286752833672879 0.11901554289473293 0.09607278763791693
0.12621838614298675 0.09105163389625213 0.1875810739771961 0.09153967160498797 0.146377585751396 0.11130417267348207 0.13607987002771343 0.10984760592598555
0.10869567682631266 0.07856394078869257 0.24539571014327244 0.1289859140058595 0.101966172032086 0.07649559529644795 0.14380966830205527 0.11608732260527355
0.1380328655291326 0.10117243499021285 0.2232647580988874 0.10672264797728477 0.12243171066288269 0.09333741144408575 0.1189877881179578 0.09605038317955629
0.11005321862248502 0.07913026357656776 0.258675754670854 0.12725440058453488 0.09587095558683963 0.07260728637793942 0.14187916005469783 0.11452896052608139
0.10386677230790568 0.07598309098478788 0.27402725204761585 0.12806189775116925 0.09063336842627209 0.06939245137168429 0.14277945913451257 0.11525570797605231
0.1360460524320827 0.10023750195549454 0.23299596982677237 0.1062633415687977 0.11891724213898097 0.09142718891686129 0.11847569574909238 0.09563700741191793
0.10930516009929689 0.07876811815453372 0.26238015282703353 0.12688816359214947 0.09489474030812571 0.07209348464661909 0.14147083313930692 0.1141993472329345
0.137721148499799 0.10083526300576197 0.2288444831995524 0.10628705519670292 0.12010634886380468 0.09204521688281352 0.11850213467453297 0.09565834967703263
0.10979925330850071 0.07894329748979433 0.26077953965115974 0.12702448891190884 0.09523706114236663 0.07227149377824439 0.14162282569730733 0.11432204002071797
0.1379053205210442 0.10089928408812456 0.22830762353425327 0.10632005310656518 0.12023102624725816 0.09210971982534726 0.1185389248814988 0.09568804779590866
0.10985751792588039 0.07896533595002414 0.26057525445622615 0.1270451625316739 0.09527695675883405 0.07229325085831709 0.1416458752405379 0.11434064627850649
0.12075620843927046 0.08834500340590547 0.19982445706111432 0.09308755739289669 0.14036797916119864 0.1075328194542202 0.13838090621391805 0.11170506887147602
0.1072123487235899 0.07798532421102962 0.2503795446729619 0.12876351337556421 0.10050425665021899 0.07570614213228953 0.143561708196338 0.11588716203800778
0.10354346522479518 0.07604689923222625 0.27106377976841184 0.12849240183625077 0.09184018397919197 0.07011066924429026 0.14325943906220795 0.1156431616526257
0.10216555019602883 0.07533977165242814 0.2788066945441267 0.12778281138204128 0.0896076432760919 0.06882470004517015 0.14246829866027588 0.11500453024383717
0.1016208118244495 0.07505291397727032 0.2816364767179553 0.12746118526198041 0.08895074243233583 0.06845309351186897 0.14210970953835725 0.11471506673578237
0.10140984093496724 0.074941304458554 0.28266342975511777 0.1273379501455451 0.08874001214721994 0.06833099584742289 0.1419723115801824 0.1146041551309906
0.11841794343392528 0.08753014767707623 0.20672827386311374 0.09297421183716512 0.13816207170783154 0.10640588684372818 0.13821241043256186 0.11156905420459812
0.10648578242342534 0.07771638147241347 0.2530615699354718 0.12852189192490107 0.09987063900738191 0.07538171419369526 0.14329231831030015 0.11566970273241096
0.10329827800602169 0.07594374150852072 0.2720577544397615 0.12838142634188232 0.09163899542499959 0.0700008109033797 0.14313570966774045 0.11554328370769411
0.10207951074288174 0.07530029924230545 0.27916951420011266 0.12773980342114605 0.089539507665516 0.06878519365557967 0.142420347993427 0.11496582307903143
0.10159010813464678 0.0750381466989017 0.28176821339687647 0.12744526090369843 0.08892687797012534 0.06843870301516494 0.14209195506725777 0.11470073481332858
0.10139880266853767 0.07493586583381481 0.2827111694831237 0.12733213832851406 0.08873151335916736 0.06832575399326928 0.14196583183791042 0.11459892449566264
0.10132608505019039 0.07489743813124054 0.28305263491651816 0.1272905324607813 0.08866576581990117 0.06828662000636139 0.1419194444003039 0.11456147921470318
0.10129896773728704 0.07488329239991923 0.28317622026458206 0.12727541253052724 0.08864293429486264 0.06827271468892364 0.14190258680642362 0.1145478712774745
0.11837984279602724 0.08751260351840716 0.20688117083907823 0.09296541776602957 0.13812073885238355 0.10638238745366653 0.13819933745517232 0.11155850131923549
0.10647236028917957 0.07771012286010849 0.2531200083331159 0.12851572222658897 0.09985775585567501 0.07537444087429454 0.14328543955710737 0.11566415000393006
0.10329341672506932 0.07594138511045322 0.2720792901314734 0.12837890614372582 0.09163474553816188 0.06999834098689288 0.14313289983487043 0.11554101552935324
0.10207773864023371 0.07529941889648584 0.2791773574601506 0.12773885733805665 0.08953804580156294 0.06878431707787364 0.14241929318138555 0.114964971604251
0.10158946259035281 0.07503782232553194 0.2817710583902965 0.12744491445211042 0.08892636310743472 0.0684383873277824 0.14209156879959176 0.1147004230068994
0.10139856794995139 0.07493574737774114 0.28271219998725605 0.12733201244473388 0.08873132971906891 0.06832563983409828 0.14196569148688984 0.11459881120026047
0.1351119839905197 0.09987106626396221 0.23589610233416505 0.10608376827385521 0.11823025325134175 0.09105594951346273 0.11827548492622367 0.09547539144646969
0.08499671779482845 0.1344068212392238 0.12840576013853797 0.13541375661326652 0.09843267259475548 0.1640019113718611 0.09184585231160687 0.16249650793591983
0.10235228550811758 0.08780592625448765 0.22478456432125637 0.13350525385921008 0.09491387601080474 0.0876349705984615 0.14884839497437305 0.12015472847328908
0.13709754760378726 0.10377597812160586 0.21693000808243612 0.10759214709026242 0.12139490864783875 0.09641926333189915 0.11995721474093438 0.09683293238123616
0.11009250238074038 0.07971804797125044 0.256365154896487 0.12758435481337801 0.0958808486687132 0.07328613754098272 0.142247034396408 0.11482591933204021
0.10395874388069506 0.07613508588624938 0.2731961986187189 0.12817607890485172 0.09070879307624904 0.06955986601898266 0.14290676259988688 0.11535847101436653
0.10218379155456227 0.07529663055293262 0.2795712764896115 0.12768073256892817 0.08931587838541982 0.06868454273503369 0.14235448840147663 0.11491265931203534
0.08043918814329148 0.1301913289066884 0.139498647852879 0.13819831500986487 0.0938145859327842 0.15828544683161536 0.09373450931103879 0.16583797801183783
0.1011381020354537 0.08699668969843553 0.2294955472657125 0.13335693287905487 0.09379829771005226 0.0865101626699118 0.14868302815022982 0.12002123959114938
0.13664352579189737 0.10354161827081017 0.2185424496901946 0.10751453130052258 0.1210137297813916 0.0961103880671158 0.11987067892759755 0.0967630781704703
0.126468334673572 0.09161936896311003 0.18476073301424162 0.091684437527375 0.14687484882854035 0.11227587766588498 0.1362950742944261 0.11002132503284999
0.10884624195184561 0.07872081915135813 0.24431415375696222 0.12910448906399344 0.10215538864682887 0.07672299662842805 0.14394187064298966 0.11619404015759409
0.10408701694764255 0.07629139356987005 0.2687956219287835 0.12872523019553686 0.0923309513459137 0.07039805352870904 0.14351902530756125 0.11585270717598319
0.13626254167595642 0.10041612552285462 0.2312838386894688 0.1063987959239014 0.11950377895609986 0.09174928565370878 0.11862671724649902 0.09575891633151125
0.1261422556001836 0.09089347366837272 0.18860250082044716 0.09148420151791503 0.1461347328476417 0.11096438370626492 0.13599741001767668 0.10978104182149803
0.1086445228077415 0.07851453094215469 0.24578715847594984 0.128943015407556 0.10188486614687775 0.07641535278658507 0.14376183956633484 0.11604871386680042
0.08155567224985817 0.1310162476940706 0.1320157426243986 0.1382161922870273 0.0964439097258135 0.16114616990580655 0.09374663476859244 0.16585943074443274
0.10160224918847686 0.08730290448773599 0.22650677865961968 0.13363059606917418 0.0945359249521508 0.08716586799599899 0.14898814218458675 0.12026753646225678
0.10327856327044664 0.07822812016858567 0.2626646245237605 0.12989692353407842 0.09152231038432322 0.07267685099790128 0.14482537594023367 0.11690723118067056
0.1024185593030002 0.07590772043690613 0.27582427517154445 0.1282194712583252 0.08982051027890924 0.0694567975830476 0.1429551418357745 0.11539752413249268
0.1356142107399794 0.10022111718108304 0.2336468412027138 0.10626460566308502 0.11869829288682276 0.09143968210965203 0.11847710511988731 0.0956381450967765
0.10919113979973526 0.07875368755619395 0.26263420698010076 0.12686896208081452 0.09483589555876647 0.07208461726453878 0.1414494248871171 0.11418206587273308
0.08160606582244911 0.13098313131474937 0.13569038429081826 0.13806841469529557 0.09490215789703056 0.15942134533458022 0.09364640301072222 0.16568209763435468
0.10150344090995726 0.08720348638874063 0.227958732910169 0.13348163533257243 0.0941134708619196 0.08678369971757728 0.14882206207974866 0.12013347179931518
0.1032089814922999 0.07817645235943815 0.26320317939910387 0.12983265453347778 0.09139476131711258 0.07258086101767962 0.14475372080075805 0.11684938908013001
0.10238540522737193 0.0758864680865438 0.2760204439572446 0.1281953222780327 0.0897793320557651 0.06942902081990136 0.14292821752491108 0.11537579005022944
0.1017669245676455 0.07520951986100824 0.280640320368429 0.1275965357067982 0.08907112984443193 0.06861807233201919 0.14226061518354963 0.11483688213611838
0.11854923974595268 0.08760768534909454 0.2061274034471012 0.09301061337485751 0.1383111502334352 0.10651464803650885 0.13826652376322102 0.111612736049829
0.12213658107310253 0.08912788062924493 0.1811622771787505 0.09210760006891962 0.15273581907442402 0.11527658805905777 0.13692413383379695 0.11052912008270355
0.14159311783789758 0.10284115889220696 0.19910221130135655 0.105940296834176 0.1356867086775179 0.10137471432828139 0.11811552497780517 0.09534626715075839
0.14638336171108537 0.10481801813409053 0.20446787893174628 0.10499783021299398 0.1301560062047369 0.09761411258513523 0.11706474502851716 0.09449804719169456
0.11238824792135617 0.07999362255150298 0.25119645567944454 0.12769834845056247 0.09782794012093673 0.07359274287581005 0.14237412879488084 0.11492851360550622
0.10460742723708309 0.07627704206068198 0.27123678514341665 0.1283476403532914 0.09121907462526688 0.06970111345049375 0.143098040811804 0.11551287631796227
0.10238652048563826 0.07536219298797805 0.27884932545262836 0.1277593566022739 0.08946951844837137 0.06874751674987167 0.14244214833119193 0.11498342094204649
0.10166675239542448 0.07505387124639118 0.28164826004787075 0.12745663524655135 0.08892040414560476 0.06843846858555407 0.14210463661070724 0.11471097172189622
0.0803397677718648 0.13011175868833377 0.1399474428463594 0.13817581217194558 0.09372066915504364 0.15817432824349403 0.09371924651662394 0.16581097460633468
0.10090175017246286 0.08893096505711807 0.22930701336309336 0.1329780601499237 0.09358990541588591 0.08635143837525201 0.1482606133313328 0.11968025413493132
0.10288711453706108 0.07969166956935991 0.263471912710831 0.12950776091443683 0.09111992452392872 0.07237314426006956 0.14439148866131984 0.11655698482299315
0.10217816884098314 0.07725049552987383 0.27592383034018464 0.1279480849952392 0.08960043536603224 0.06929314202683191 0.1426525664051398 0.11515327649571526
0.1016016953920938 0.07652125642360244 0.28042155791028833 0.12737436361754964 0.0889260484357622 0.0685052410808647 0.14201290988404416 0.11463692725579469
